includes/overflow_coast_h/floodfiles/results/res-0009.wd
ncols         906
nrows         631
xllcorner     362177.146670
yllcorner     6534722.565530
cellsize      20.000000
NODATA_value  -9999.000000
[rows 544 to 577 of 631, columns 539 to 615 of 906]
0.037 0.040 0.045 0.052 0.065 0.082 0.102 0.124 0.131 0.117 0.103 0.089 0.075 0.062 0.048 0.035 0.024 0.016 0.010 0.009 0.006 0.004 0.005 0.006 0.008 0.009 0.011 0.013 0.015 0.017 0.019 0.021 0.023 0.024 0.023 0.020 0.021 0.023 0.024 0.026 0.028 0.030 0.035 0.044 0.058 0.072 0.090 0.110 0.131 0.131 0.126 0.121 0.117 0.112 0.108 0.109 0.111 0.113 0.114 0.115 0.114 0.113 0.113 0.112 0.108 0.100 0.084 0.098 0.132 0.190 0.261 0.337 0.415 0.493 0.572 0.639 0.705
0.037 0.040 0.045 0.054 0.067 0.085 0.105 0.127 0.133 0.119 0.105 0.091 0.077 0.064 0.050 0.037 0.024 0.018 0.015 0.012 0.009 0.005 0.006 0.008 0.009 0.010 0.012 0.013 0.015 0.017 0.020 0.021 0.023 0.024 0.023 0.020 0.021 0.022 0.024 0.026 0.028 0.033 0.043 0.051 0.063 0.078 0.096 0.116 0.136 0.137 0.133 0.128 0.123 0.118 0.114 0.109 0.105 0.105 0.106 0.107 0.106 0.103 0.102 0.097 0.087 0.079 0.098 0.141 0.206 0.280 0.357 0.435 0.514 0.592 0.671 0.740 0.806
0.037 0.040 0.046 0.055 0.069 0.087 0.107 0.129 0.134 0.120 0.106 0.092 0.078 0.064 0.049 0.038 0.031 0.025 0.020 0.016 0.012 0.007 0.008 0.010 0.011 0.012 0.013 0.015 0.016 0.018 0.020 0.022 0.023 0.024 0.023 0.020 0.021 0.023 0.024 0.027 0.032 0.040 0.046 0.055 0.067 0.083 0.101 0.121 0.141 0.144 0.139 0.134 0.129 0.124 0.119 0.114 0.109 0.104 0.099 0.096 0.095 0.091 0.086 0.073 0.077 0.102 0.153 0.223 0.299 0.377 0.455 0.534 0.613 0.692 0.771 0.841 0.907
0.037 0.040 0.046 0.056 0.070 0.088 0.109 0.130 0.134 0.120 0.106 0.091 0.076 0.061 0.053 0.045 0.038 0.031 0.026 0.021 0.016 0.010 0.011 0.012 0.013 0.014 0.015 0.016 0.017 0.019 0.020 0.022 0.024 0.024 0.024 0.020 0.022 0.023 0.027 0.033 0.037 0.042 0.050 0.059 0.072 0.088 0.106 0.125 0.146 0.149 0.144 0.139 0.133 0.128 0.123 0.117 0.112 0.106 0.099 0.092 0.083 0.073 0.060 0.075 0.108 0.169 0.242 0.319 0.397 0.476 0.555 0.634 0.713 0.792 0.871 0.942 1.009
0.037 0.041 0.047 0.057 0.071 0.089 0.109 0.130 0.133 0.118 0.103 0.087 0.078 0.068 0.060 0.052 0.044 0.037 0.031 0.026 0.020 0.013 0.013 0.014 0.015 0.016 0.017 0.018 0.019 0.020 0.022 0.023 0.024 0.025 0.024 0.021 0.023 0.027 0.032 0.036 0.040 0.046 0.054 0.064 0.077 0.093 0.111 0.130 0.150 0.155 0.149 0.144 0.138 0.132 0.126 0.120 0.113 0.106 0.097 0.086 0.070 0.061 0.076 0.118 0.186 0.262 0.340 0.418 0.497 0.576 0.655 0.734 0.813 0.892 0.971 1.044 1.110
0.037 0.041 0.048 0.058 0.072 0.089 0.109 0.129 0.130 0.114 0.103 0.094 0.085 0.076 0.067 0.059 0.051 0.044 0.037 0.031 0.025 0.017 0.016 0.017 0.018 0.018 0.019 0.020 0.021 0.022 0.023 0.025 0.026 0.027 0.026 0.024 0.030 0.032 0.035 0.039 0.044 0.050 0.058 0.069 0.082 0.098 0.115 0.134 0.153 0.160 0.154 0.148 0.142 0.135 0.128 0.121 0.112 0.103 0.090 0.071 0.073 0.093 0.138 0.209 0.284 0.360 0.439 0.518 0.597 0.676 0.755 0.834 0.913 0.992 1.071 1.145 1.211
0.038 0.042 0.049 0.059 0.073 0.090 0.108 0.127 0.129 0.120 0.111 0.102 0.093 0.084 0.075 0.067 0.059 0.051 0.044 0.037 0.030 0.021 0.020 0.020 0.021 0.021 0.022 0.023 0.024 0.025 0.026 0.028 0.030 0.032 0.034 0.030 0.033 0.035 0.039 0.043 0.048 0.055 0.063 0.074 0.087 0.102 0.119 0.137 0.157 0.164 0.158 0.151 0.144 0.137 0.129 0.120 0.109 0.094 0.075 0.092 0.125 0.175 0.236 0.312 0.388 0.465 0.542 0.618 0.697 0.776 0.855 0.934 1.013 1.092 1.171 1.246 1.312
0.039 0.043 0.050 0.060 0.074 0.091 0.109 0.124 0.132 0.132 0.123 0.113 0.104 0.094 0.085 0.076 0.067 0.059 0.051 0.043 0.035 0.026 0.024 0.024 0.024 0.025 0.025 0.026 0.027 0.029 0.031 0.035 0.039 0.044 0.039 0.031 0.035 0.039 0.043 0.047 0.053 0.060 0.068 0.079 0.092 0.107 0.123 0.141 0.159 0.168 0.161 0.154 0.146 0.137 0.127 0.115 0.097 0.094 0.120 0.165 0.220 0.278 0.339 0.416 0.493 0.570 0.647 0.723 0.800 0.877 0.955 1.034 1.113 1.192 1.271 1.347 1.414
0.040 0.045 0.052 0.063 0.077 0.091 0.106 0.121 0.128 0.131 0.132 0.128 0.117 0.107 0.097 0.087 0.077 0.068 0.059 0.051 0.042 0.031 0.029 0.029 0.029 0.029 0.030 0.031 0.033 0.037 0.042 0.050 0.050 0.046 0.041 0.032 0.037 0.041 0.046 0.052 0.058 0.065 0.074 0.084 0.097 0.111 0.127 0.144 0.162 0.171 0.164 0.155 0.146 0.135 0.122 0.103 0.119 0.157 0.208 0.265 0.324 0.383 0.444 0.521 0.598 0.674 0.751 0.828 0.905 0.982 1.059 1.136 1.213 1.292 1.371 1.449 1.515
0.042 0.047 0.055 0.065 0.077 0.090 0.104 0.118 0.125 0.128 0.130 0.131 0.131 0.122 0.111 0.100 0.089 0.079 0.069 0.060 0.050 0.038 0.035 0.035 0.034 0.035 0.037 0.040 0.046 0.053 0.058 0.056 0.053 0.049 0.044 0.035 0.039 0.044 0.049 0.055 0.062 0.070 0.079 0.090 0.102 0.115 0.130 0.147 0.164 0.174 0.165 0.156 0.144 0.130 0.118 0.151 0.198 0.253 0.311 0.370 0.430 0.490 0.549 0.626 0.703 0.779 0.856 0.933 1.010 1.087 1.164 1.241 1.318 1.395 1.472 1.550 1.623
0.045 0.050 0.057 0.066 0.076 0.089 0.102 0.117 0.123 0.126 0.128 0.130 0.130 0.129 0.127 0.115 0.104 0.092 0.081 0.070 0.059 0.046 0.043 0.042 0.043 0.045 0.050 0.057 0.067 0.064 0.061 0.059 0.056 0.052 0.047 0.038 0.042 0.047 0.052 0.058 0.065 0.074 0.083 0.094 0.107 0.120 0.134 0.149 0.165 0.175 0.166 0.154 0.138 0.147 0.190 0.242 0.299 0.358 0.417 0.476 0.536 0.596 0.656 0.731 0.808 0.884 0.961 1.038 1.115 1.192 1.269 1.346 1.423 1.500 1.577 1.677 1.747
0.047 0.051 0.058 0.066 0.076 0.088 0.101 0.115 0.121 0.124 0.127 0.128 0.129 0.129 0.128 0.126 0.120 0.107 0.095 0.082 0.070 0.056 0.053 0.053 0.056 0.062 0.070 0.073 0.070 0.067 0.065 0.062 0.059 0.055 0.050 0.040 0.044 0.050 0.055 0.062 0.069 0.077 0.087 0.098 0.110 0.123 0.137 0.152 0.166 0.176 0.165 0.150 0.182 0.232 0.287 0.345 0.404 0.463 0.523 0.583 0.643 0.703 0.763 0.836 0.913 0.990 1.066 1.143 1.220 1.297 1.374 1.451 1.528 1.612 1.711 1.811 1.886
0.048 0.052 0.058 0.066 0.076 0.087 0.100 0.114 0.119 0.123 0.125 0.127 0.128 0.128 0.127 0.126 0.124 0.121 0.110 0.096 0.082 0.067 0.065 0.068 0.074 0.081 0.078 0.075 0.073 0.070 0.068 0.065 0.062 0.058 0.052 0.043 0.047 0.052 0.058 0.065 0.072 0.081 0.090 0.101 0.113 0.126 0.139 0.153 0.167 0.176 0.175 0.222 0.276 0.333 0.391 0.451 0.510 0.570 0.630 0.690 0.749 0.810 0.869 0.941 1.018 1.095 1.172 1.249 1.325 1.402 1.479 1.556 1.646 1.746 1.845 1.945 2.024
0.048 0.052 0.058 0.066 0.076 0.087 0.099 0.113 0.118 0.121 0.123 0.125 0.126 0.126 0.126 0.125 0.122 0.119 0.115 0.109 0.094 0.078 0.079 0.086 0.085 0.082 0.080 0.077 0.075 0.072 0.070 0.067 0.064 0.060 0.054 0.045 0.049 0.055 0.061 0.068 0.075 0.084 0.093 0.104 0.115 0.127 0.140 0.153 0.165 0.206 0.264 0.321 0.379 0.438 0.497 0.557 0.616 0.676 0.736 0.796 0.856 0.916 0.976 1.046 1.123 1.200 1.277 1.354 1.431 1.507 1.584 1.680 1.780 1.880 1.980 2.079 2.162
0.047 0.052 0.058 0.066 0.075 0.086 0.098 0.111 0.116 0.119 0.122 0.123 0.124 0.124 0.124 0.122 0.119 0.115 0.110 0.103 0.094 0.085 0.085 0.083 0.082 0.080 0.079 0.077 0.075 0.073 0.070 0.068 0.065 0.061 0.056 0.047 0.051 0.057 0.063 0.070 0.078 0.087 0.096 0.106 0.117 0.128 0.140 0.152 0.213 0.281 0.348 0.415 0.484 0.544 0.603 0.663 0.723 0.783 0.843 0.903 0.963 1.023 1.083 1.151 1.228 1.305 1.382 1.459 1.536 1.615 1.715 1.815 1.914 2.014 2.114 2.213 2.301
0.045 0.050 0.057 0.064 0.074 0.084 0.097 0.110 0.114 0.117 0.119 0.121 0.121 0.121 0.120 0.117 0.113 0.107 0.099 0.085 0.080 0.124 0.076 0.065 0.071 0.074 0.075 0.075 0.074 0.072 0.070 0.067 0.065 0.061 0.056 0.048 0.052 0.059 0.065 0.073 0.080 0.089 0.098 0.107 0.118 0.128 0.157 0.221 0.291 0.363 0.432 0.500 0.569 0.637 0.706 0.770 0.830 0.890 0.950 1.010 1.070 1.130 1.190 1.256 1.333 1.410 1.487 1.564 1.650 1.749 1.849 1.949 2.048 2.148 2.248 2.347 2.439
0.041 0.047 0.054 0.062 0.072 0.083 0.095 0.108 0.111 0.114 0.116 0.117 0.117 0.116 0.113 0.108 0.101 0.089 0.074 0.086 0.118 0.183 0.122 0.075 0.054 0.059 0.067 0.070 0.071 0.071 0.069 0.066 0.064 0.061 0.056 0.048 0.053 0.060 0.067 0.074 0.082 0.090 0.099 0.107 0.116 0.164 0.231 0.302 0.374 0.447 0.516 0.585 0.654 0.723 0.791 0.860 0.929 0.997 1.057 1.117 1.177 1.237 1.297 1.361 1.438 1.515 1.592 1.684 1.784 1.883 1.983 2.083 2.182 2.282 2.382 2.481 2.577
0.032 0.041 0.050 0.059 0.069 0.080 0.092 0.105 0.108 0.110 0.111 0.112 0.110 0.107 0.101 0.091 0.076 0.082 0.098 0.140 0.204 0.276 0.211 0.145 0.090 0.062 0.048 0.058 0.064 0.066 0.066 0.064 0.062 0.059 0.055 0.048 0.053 0.060 0.068 0.075 0.083 0.090 0.097 0.113 0.172 0.241 0.313 0.386 0.458 0.532 0.602 0.670 0.739 0.808 0.877 0.946 1.015 1.084 1.153 1.221 1.283 1.343 1.403 1.466 1.543 1.620 1.718 1.818 1.918 2.017 2.117 2.217 2.316 2.416 2.516 2.615 2.715
0.015 0.030 0.042 0.053 0.064 0.075 0.088 0.100 0.103 0.104 0.105 0.103 0.099 0.091 0.077 0.079 0.093 0.126 0.182 0.250 0.322 0.392 0.326 0.260 0.194 0.131 0.081 0.056 0.047 0.056 0.060 0.061 0.059 0.056 0.053 0.047 0.052 0.060 0.068 0.075 0.082 0.087 0.119 0.182 0.252 0.324 0.397 0.470 0.543 0.616 0.687 0.756 0.825 0.894 0.963 1.031 1.100 1.169 1.238 1.307 1.376 1.445 1.510 1.571 1.653 1.753 1.852 1.952 2.052 2.151 2.251 2.351 2.450 2.550 2.650 2.749 2.849
0.020 0.022 0.024 0.042 0.055 0.068 0.081 0.093 0.096 0.096 0.094 0.088 0.077 0.074 0.087 0.116 0.168 0.234 0.305 0.377 0.450 0.517 0.450 0.384 0.318 0.252 0.186 0.124 0.075 0.051 0.045 0.052 0.054 0.052 0.050 0.045 0.050 0.059 0.066 0.072 0.077 0.125 0.192 0.263 0.335 0.408 0.482 0.555 0.628 0.701 0.773 0.842 0.910 0.979 1.048 1.117 1.186 1.255 1.324 1.393 1.462 1.530 1.599 1.691 1.787 1.887 1.986 2.086 2.186 2.285 2.385 2.485 2.584 2.684 2.784 2.883 2.983
0.040 0.029 0.025 0.025 0.038 0.056 0.071 0.083 0.084 0.083 0.074 0.067 0.080 0.106 0.155 0.220 0.290 0.362 0.435 0.507 0.580 0.643 0.577 0.511 0.445 0.378 0.312 0.246 0.181 0.119 0.070 0.045 0.042 0.046 0.044 0.041 0.047 0.055 0.060 0.079 0.133 0.202 0.274 0.347 0.420 0.493 0.567 0.640 0.713 0.787 0.858 0.927 0.996 1.065 1.134 1.203 1.272 1.341 1.409 1.478 1.547 1.616 1.718 1.833 1.933 2.028 2.124 2.220 2.320 2.420 2.519 2.619 2.719 2.818 2.918 3.018 3.117
0.161 0.100 0.054 0.037 0.034 0.033 0.053 0.066 0.065 0.056 0.071 0.095 0.142 0.206 0.276 0.348 0.420 0.493 0.566 0.639 0.711 0.771 0.705 0.638 0.572 0.506 0.440 0.374 0.308 0.242 0.177 0.114 0.063 0.036 0.036 0.034 0.042 0.048 0.081 0.142 0.213 0.285 0.358 0.432 0.505 0.578 0.652 0.725 0.798 0.872 0.944 1.013 1.082 1.151 1.219 1.288 1.357 1.426 1.495 1.564 1.633 1.745 1.860 1.975 2.078 2.174 2.269 2.364 2.460 2.555 2.653 2.753 2.853 2.952 3.052 3.152 3.251
0.310 0.246 0.183 0.121 0.070 0.045 0.037 0.036 0.054 0.079 0.127 0.192 0.263 0.334 0.407 0.479 0.552 0.625 0.697 0.770 0.843 0.899 0.833 0.766 0.700 0.634 0.568 0.502 0.435 0.369 0.304 0.238 0.172 0.108 0.054 0.023 0.037 0.084 0.152 0.224 0.297 0.370 0.443 0.517 0.590 0.663 0.737 0.810 0.883 0.957 1.029 1.098 1.167 1.236 1.305 1.374 1.443 1.512 1.581 1.658 1.773 1.887 2.002 2.117 2.223 2.319 2.414 2.510 2.605 2.701 2.796 2.892 2.987 3.086 3.186 3.286 3.385
0.460 0.396 0.331 0.268 0.204 0.141 0.095 0.076 0.109 0.177 0.248 0.321 0.393 0.466 0.538 0.611 0.684 0.756 0.829 0.902 0.975 1.027 0.961 0.895 0.828 0.762 0.696 0.630 0.564 0.497 0.431 0.365 0.299 0.233 0.167 0.137 0.141 0.164 0.235 0.308 0.382 0.455 0.528 0.602 0.675 0.749 0.822 0.895 0.969 1.042 1.115 1.184 1.253 1.322 1.391 1.460 1.529 1.597 1.685 1.800 1.915 2.030 2.145 2.260 2.369 2.464 2.560 2.655 2.751 2.846 2.941 3.037 3.132 3.228 3.323 3.420 3.519
0.610 0.545 0.481 0.417 0.365 0.322 0.279 0.265 0.296 0.328 0.379 0.452 0.525 0.597 0.670 0.743 0.816 0.888 0.961 1.034 1.107 1.155 1.089 1.023 0.957 0.890 0.824 0.758 0.692 0.626 0.559 0.493 0.427 0.382 0.361 0.339 0.341 0.364 0.388 0.412 0.467 0.540 0.613 0.687 0.760 0.834 0.907 0.980 1.054 1.127 1.201 1.270 1.338 1.407 1.476 1.545 1.614 1.712 1.827 1.942 2.057 2.172 2.287 2.402 2.514 2.610 2.705 2.800 2.896 2.991 3.087 3.182 3.278 3.373 3.469 3.564 3.659
0.759 0.695 0.642 0.599 0.557 0.514 0.471 0.462 0.493 0.525 0.556 0.588 0.656 0.729 0.802 0.875 0.948 1.020 1.093 1.166 1.239 1.284 1.218 1.151 1.085 1.019 0.953 0.886 0.820 0.754 0.688 0.629 0.608 0.586 0.564 0.543 0.542 0.566 0.589 0.613 0.637 0.660 0.699 0.772 0.845 0.919 0.992 1.066 1.139 1.212 1.286 1.355 1.424 1.493 1.562 1.631 1.740 1.855 1.970 2.085 2.199 2.314 2.429 2.544 2.659 2.755 2.850 2.946 3.041 3.137 3.232 3.328 3.423 3.518 3.614 3.709 3.767
0.919 0.876 0.834 0.791 0.748 0.705 0.663 0.659 0.690 0.722 0.754 0.785 0.817 0.861 0.934 1.007 1.080 1.152 1.225 1.298 1.371 1.412 1.346 1.280 1.213 1.147 1.081 1.015 0.948 0.882 0.855 0.833 0.811 0.790 0.768 0.746 0.743 0.767 0.790 0.814 0.838 0.861 0.885 0.909 0.932 1.004 1.077 1.151 1.224 1.298 1.371 1.441 1.510 1.579 1.652 1.767 1.882 1.997 2.112 2.227 2.342 2.457 2.572 2.686 2.801 2.900 2.996 3.091 3.187 3.282 3.377 3.473 3.568 3.664 3.759 3.804 3.827
1.111 1.068 1.025 0.983 0.940 0.897 0.854 0.856 0.888 0.919 0.951 0.982 1.014 1.046 1.077 1.139 1.212 1.284 1.357 1.430 1.503 1.541 1.474 1.408 1.342 1.276 1.209 1.143 1.102 1.080 1.058 1.037 1.015 0.993 0.972 0.950 0.945 0.968 0.992 1.016 1.039 1.063 1.086 1.110 1.133 1.157 1.181 1.236 1.309 1.383 1.456 1.526 1.595 1.679 1.794 1.909 2.024 2.139 2.254 2.369 2.484 2.599 2.714 2.829 2.944 3.046 3.141 3.236 3.332 3.427 3.523 3.618 3.714 3.809 3.841 3.863 3.886
1.303 1.260 1.217 1.174 1.132 1.089 1.046 1.054 1.085 1.117 1.148 1.180 1.211 1.243 1.275 1.306 1.344 1.416 1.489 1.562 1.635 1.669 1.603 1.537 1.470 1.404 1.349 1.327 1.305 1.284 1.262 1.240 1.219 1.197 1.175 1.154 1.146 1.170 1.193 1.217 1.240 1.264 1.288 1.311 1.335 1.358 1.382 1.405 1.429 1.468 1.541 1.612 1.707 1.822 1.937 2.052 2.167 2.281 2.396 2.511 2.626 2.741 2.856 2.971 3.086 3.191 3.286 3.382 3.477 3.573 3.668 3.764 3.854 3.877 3.900 3.923 3.946
1.494 1.452 1.409 1.366 1.323 1.281 1.238 1.251 1.283 1.314 1.346 1.377 1.409 1.440 1.472 1.504 1.535 1.567 1.621 1.694 1.767 1.797 1.731 1.665 1.599 1.574 1.553 1.531 1.509 1.488 1.466 1.444 1.423 1.401 1.379 1.358 1.347 1.371 1.395 1.418 1.442 1.465 1.489 1.512 1.536 1.560 1.583 1.607 1.630 1.654 1.677 1.735 1.849 1.964 2.079 2.194 2.309 2.424 2.539 2.654 2.769 2.883 2.998 3.113 3.228 3.336 3.432 3.527 3.623 3.718 3.813 3.891 3.914 3.937 3.959 3.982 4.005
1.686 1.643 1.601 1.558 1.515 1.473 1.430 1.448 1.480 1.512 1.543 1.575 1.606 1.638 1.669 1.701 1.732 1.764 1.796 1.827 1.899 1.926 1.860 1.822 1.800 1.778 1.756 1.735 1.713 1.691 1.670 1.648 1.626 1.605 1.583 1.561 1.549 1.572 1.596 1.619 1.643 1.667 1.690 1.714 1.737 1.761 1.784 1.808 1.832 1.855 1.863 1.893 2.003 2.113 2.223 2.336 2.451 2.566 2.681 2.796 2.911 3.026 3.141 3.256 3.371 3.481 3.577 3.672 3.768 3.863 3.928 3.950 3.973 3.996 4.019 4.042 4.065
1.878 1.835 1.792 1.750 1.707 1.664 1.622 1.646 1.677 1.709 1.741 1.772 1.804 1.835 1.867 1.898 1.930 1.962 1.993 2.025 2.056 2.069 2.047 2.025 2.004 1.982 1.960 1.938 1.917 1.895 1.873 1.852 1.830 1.808 1.787 1.765 1.750 1.774 1.797 1.821 1.844 1.868 1.892 1.915 1.939 1.962 1.986 2.009 2.032 2.038 2.045 2.051 2.161 2.271 2.381 2.491 2.601 2.710 2.823 2.938 3.053 3.168 3.283 3.398 3.513 3.627 3.722 3.818 3.913 3.964 3.987 4.010 4.033 4.056 4.078 4.101 4.124
2.070 2.027 1.984 1.942 1.899 1.856 1.813 1.843 1.875 1.906 1.938 1.969 2.001 2.033 2.064 2.096 2.127 2.159 2.190 2.209 2.207 2.218 2.243 2.229 2.207 2.186 2.164 2.142 2.121 2.099 2.077 2.056 2.034 2.012 1.990 1.969 1.951 1.975 1.999 2.022 2.046 2.069 2.093 2.116 2.140 2.163 2.187 2.207 2.214 2.220 2.226 2.232 2.319 2.429 2.539 2.649 2.759 2.868 2.978 3.088 3.198 3.310 3.425 3.540 3.655 3.770 3.868 3.963 4.001 4.024 4.047 4.069 4.092 4.115 4.138 4.161 4.184
2.261 2.219 2.176 2.133 2.091 2.048 2.009 2.041 2.072 2.104 2.135 2.167 2.198 2.230 2.262 2.293 2.325 2.341 2.340 2.338 2.336 2.350 2.375 2.399 2.411 2.389 2.368 2.346 2.324 2.303 2.281 2.259 2.238 2.216 2.194 2.173 2.153 2.176 2.200 2.224 2.247 2.271 2.294 2.318 2.341 2.365 2.383 2.389 2.395 2.401 2.408 2.414 2.477 2.587 2.697 2.807 2.917 3.027 3.136 3.246 3.356 3.466 3.576 3.686 3.797 3.912 4.013 4.037 4.060 4.083 4.106 4.129 4.152 4.175 4.198 4.220 4.243
