includes/overflow_coast_h/floodfiles/results/res-0001.wdfp
ncols         906
nrows         631
xllcorner     362177.146670
yllcorner     6534722.565530
cellsize      20.000000
NODATA_value  -9999.000000
[rows 408 to 441 of 631, columns 0 to 76 of 906]
4.226 4.026 3.865 4.095 4.228 4.105 3.982 3.860 3.737 3.615 3.492 3.725 3.971 4.260 4.548 4.837 5.126 5.419 5.791 6.162 6.533 6.904 7.276 7.512 7.702 7.892 8.086 8.283 8.480 8.677 8.874 9.025 9.174 9.323 9.321 9.224 8.878 8.055 7.231 6.407 5.584 4.760 4.057 3.617 3.177 2.737 2.297 0.679 0.529 0.219 0.072 0.000 0.000 0.000 0.000 0.000 0.000 0.000 0.000 0.000 0.000 0.000 0.000 0.000 0.000 0.000 0.000 0.000 0.000 0.000 0.000 0.000 0.000 0.000 0.000 0.000 0.000
4.416 4.217 4.017 3.992 3.902 3.779 3.656 3.534 3.411 3.289 3.187 3.265 3.554 3.843 4.132 4.420 4.709 5.009 5.381 5.752 6.123 6.494 6.866 7.237 7.519 7.710 7.905 8.102 8.282 8.431 8.580 8.729 8.878 9.027 8.989 8.892 8.794 8.697 7.893 7.069 6.245 5.422 4.762 4.322 3.882 3.442 3.002 2.562 2.123 0.399 0.300 0.057 0.000 0.000 0.000 0.000 0.000 0.000 0.000 0.000 0.000 0.000 0.000 0.000 0.000 0.000 0.000 0.000 0.000 0.000 0.000 0.000 0.000 0.000 0.000 0.000 0.000
4.576 4.370 4.165 4.006 3.914 3.820 3.726 3.633 3.539 3.446 3.352 3.239 3.137 3.426 3.714 4.003 4.292 4.599 4.971 5.342 5.713 6.084 6.456 6.827 7.198 7.528 7.689 7.838 7.987 8.135 8.284 8.433 8.582 8.731 8.656 8.559 8.462 8.364 8.267 7.731 6.907 6.084 5.468 5.028 4.588 4.148 3.708 3.299 2.897 2.496 0.329 0.330 0.071 0.000 0.000 0.000 0.000 0.000 0.000 0.000 0.000 0.000 0.000 0.000 0.000 0.000 0.000 0.000 0.000 0.000 0.000 0.000 0.000 0.000 0.000 0.000 0.000
4.690 4.484 4.279 4.169 4.078 3.985 3.891 3.797 3.704 3.610 3.512 3.397 3.281 3.166 3.297 3.586 3.875 4.189 4.561 4.932 5.303 5.675 6.046 6.389 6.700 7.020 7.376 7.542 7.691 7.839 7.988 8.137 8.286 8.421 8.324 8.227 8.129 8.032 7.935 7.837 7.569 6.745 6.173 5.733 5.302 4.900 4.498 4.096 3.694 3.292 2.888 0.419 0.390 0.140 0.000 0.000 0.000 0.000 0.000 0.000 0.000 0.000 0.000 0.000 0.000 0.000 0.000 0.000 0.000 0.000 0.000 0.000 0.000 0.000 0.000 0.000 0.000
4.804 4.598 4.422 4.331 4.240 4.149 4.056 3.962 3.869 3.775 3.670 3.554 3.439 3.324 3.208 3.169 3.458 3.779 4.151 4.522 4.880 5.191 5.501 5.812 6.122 6.450 6.806 7.161 7.395 7.544 7.692 7.841 7.990 8.089 7.991 7.894 7.797 7.700 7.602 7.505 7.408 7.310 6.902 6.500 6.098 5.697 5.295 4.893 4.491 4.089 3.610 2.682 0.629 0.379 0.179 0.000 0.000 0.000 0.000 0.000 0.000 0.000 0.000 0.000 0.000 0.000 0.000 0.000 0.000 0.000 0.000 0.000 0.000 0.000 0.000 0.000 0.000
4.918 4.712 4.584 4.493 4.402 4.311 4.220 4.127 4.033 3.939 3.827 3.712 3.597 3.481 3.366 3.251 3.136 3.369 3.682 3.992 4.303 4.613 4.923 5.234 5.544 5.880 6.236 6.591 6.947 7.248 7.397 7.545 7.694 7.756 7.659 7.562 7.464 7.367 7.270 7.181 7.161 7.140 7.401 7.297 6.895 6.493 6.091 5.690 5.288 4.886 4.333 3.404 2.476 1.548 0.329 0.110 0.000 0.000 0.000 0.000 0.000 0.000 0.000 0.000 0.000 0.000 0.000 0.000 0.000 0.000 0.000 0.000 0.000 0.000 0.000 0.000 0.000
5.032 4.837 4.746 4.655 4.564 4.473 4.382 4.291 4.198 4.100 3.985 3.870 3.755 3.639 3.521 3.392 3.263 3.063 3.104 3.414 3.725 4.035 4.345 4.656 4.966 5.310 5.666 6.022 6.377 6.733 7.089 7.250 7.398 7.424 7.327 7.229 7.132 7.082 7.061 7.041 7.020 7.023 7.308 7.593 7.692 7.290 6.888 6.486 6.084 5.683 5.055 4.127 3.199 2.270 0.539 0.419 0.087 0.000 0.000 0.000 0.000 0.000 0.000 0.000 0.000 0.000 0.000 0.000 0.000 0.000 0.000 0.000 0.000 0.000 0.000 0.000 0.000
5.146 4.999 4.908 4.818 4.727 4.636 4.545 4.454 4.362 4.258 4.143 4.020 3.891 3.762 3.632 3.503 3.374 3.152 2.918 2.836 3.147 3.457 3.767 4.078 4.388 4.740 5.096 5.452 5.807 6.163 6.519 6.874 7.102 7.091 7.002 6.982 6.962 6.941 6.921 6.901 6.880 6.930 7.215 7.500 7.785 8.070 7.685 7.283 6.881 6.479 5.777 4.849 3.921 2.993 2.065 1.136 0.479 0.000 0.000 0.000 0.000 0.000 0.000 0.000 0.000 0.000 0.000 0.000 0.000 0.000 0.000 0.000 0.000 0.000 0.000 0.000 0.000
5.260 5.162 5.071 4.980 4.889 4.798 4.707 4.614 4.520 4.390 4.261 4.132 4.002 3.873 3.744 3.614 3.473 3.240 3.006 2.773 2.569 2.879 3.190 3.500 3.814 4.170 4.526 4.882 5.237 5.593 5.949 6.304 6.712 6.883 6.862 6.842 6.821 6.801 6.781 6.760 6.740 6.837 7.122 7.407 7.692 7.977 8.262 8.080 7.678 7.276 6.500 5.572 4.643 3.715 2.787 1.998 1.217 0.349 0.279 0.000 0.000 0.000 0.000 0.000 0.000 0.000 0.000 0.000 0.000 0.000 0.000 0.000 0.000 0.000 0.000 0.000 0.000
5.415 5.322 5.229 5.135 5.041 4.947 4.853 4.759 4.660 4.514 4.372 4.243 4.113 3.984 3.855 3.726 3.561 3.328 3.094 2.861 2.628 2.394 2.612 2.922 3.244 3.600 3.956 4.311 4.667 5.059 5.488 5.918 6.347 6.541 6.722 6.701 6.681 6.661 6.640 6.620 6.600 6.744 7.029 7.313 7.599 7.884 8.168 8.454 8.475 8.073 7.222 6.294 5.424 4.643 3.863 3.083 2.303 0.609 0.349 0.000 0.000 0.000 0.000 0.000 0.000 0.000 0.000 0.000 0.000 0.000 0.000 0.000 0.000 0.000 0.000 0.000 0.000
5.564 5.467 5.374 5.280 5.186 5.092 4.998 4.904 4.789 4.643 4.497 4.354 4.225 4.095 3.966 3.837 3.650 3.416 3.183 2.949 2.716 2.482 2.249 2.344 2.674 3.030 3.406 3.835 4.265 4.694 5.123 5.553 5.943 6.134 6.325 6.516 6.541 6.521 6.500 6.480 6.459 6.650 6.935 7.220 7.505 7.790 8.075 8.360 8.645 8.870 8.069 7.289 6.509 5.728 4.948 4.168 3.388 2.607 1.805 0.097 0.096 0.000 0.000 0.000 0.000 0.000 0.000 0.000 0.000 0.000 0.000 0.000 0.000 0.000 0.000 0.000 0.000
5.715 5.614 5.519 5.425 5.331 5.237 5.143 5.049 4.918 4.772 4.626 4.480 4.336 4.207 4.077 3.948 3.738 3.504 3.271 3.037 2.804 2.571 2.337 2.109 2.182 2.611 3.041 3.470 3.900 4.329 4.759 5.188 5.535 5.727 5.918 6.109 6.300 6.380 6.360 6.340 6.319 6.557 6.842 7.127 7.412 7.697 7.982 8.222 8.405 8.616 8.975 8.374 7.594 6.814 6.033 5.253 4.473 3.692 2.873 0.549 0.228 0.188 0.000 0.000 0.000 0.000 0.000 0.000 0.000 0.000 0.000 0.000 0.000 0.000 0.000 0.000 0.000
5.865 5.765 5.665 5.570 5.476 5.382 5.288 5.193 5.047 4.901 4.755 4.609 4.463 4.318 4.188 4.059 3.826 3.593 3.359 3.126 2.906 2.711 2.516 2.320 2.228 2.247 2.676 3.106 3.535 3.964 4.394 4.823 5.128 5.319 5.510 5.701 5.893 6.084 6.220 6.199 6.179 6.464 6.749 7.034 7.312 7.496 7.680 7.863 8.047 8.285 8.644 9.004 8.679 7.899 7.118 6.338 5.558 4.778 3.941 3.049 0.620 0.129 0.000 0.000 0.000 0.000 0.000 0.000 0.000 0.000 0.000 0.000 0.000 0.000 0.000 0.000 0.000
6.016 5.916 5.816 5.716 5.621 5.527 5.433 5.322 5.176 5.030 4.884 4.738 4.592 4.447 4.301 4.148 3.914 3.703 3.508 3.313 3.118 2.923 2.727 2.538 2.467 2.396 2.325 2.741 3.170 3.600 4.029 4.459 4.720 4.912 5.103 5.294 5.485 5.676 5.868 6.059 6.086 6.371 6.586 6.770 6.954 7.137 7.321 7.505 7.689 7.955 8.314 8.673 9.032 8.984 8.203 7.423 6.643 5.863 5.009 4.117 3.226 2.335 0.341 0.211 0.000 0.000 0.000 0.000 0.000 0.000 0.000 0.000 0.000 0.000 0.000 0.000 0.000
6.167 6.067 5.967 5.867 5.767 5.672 5.578 5.451 5.305 5.159 5.013 4.867 4.721 4.577 4.440 4.297 4.110 3.915 3.720 3.525 3.330 3.134 2.939 2.776 2.705 2.634 2.563 2.492 2.806 3.235 3.665 4.094 4.313 4.504 4.696 4.887 5.078 5.269 5.460 5.695 5.903 6.044 6.228 6.412 6.595 6.779 6.963 7.146 7.330 7.625 7.984 8.343 8.702 9.061 9.288 8.508 7.728 6.948 6.077 5.186 4.294 3.403 2.512 0.621 0.191 0.079 0.000 0.000 0.000 0.000 0.000 0.000 0.000 0.000 0.000 0.000 0.000
6.318 6.218 6.118 6.018 5.918 5.818 5.723 5.580 5.434 5.290 5.152 5.015 4.877 4.740 4.603 4.457 4.308 4.127 3.932 3.736 3.541 3.346 3.151 3.014 2.943 2.872 2.801 2.730 2.659 2.870 3.300 3.715 3.906 4.097 4.288 4.479 4.697 4.998 5.299 5.600 5.756 5.767 5.870 6.053 6.237 6.421 6.604 6.788 6.972 7.294 7.653 8.012 8.371 8.730 9.089 9.448 8.813 8.033 7.145 6.253 5.362 4.182 2.962 1.742 0.522 0.490 0.011 0.000 0.000 0.000 0.000 0.000 0.000 0.000 0.000 0.000 0.000
6.469 6.369 6.269 6.169 6.069 5.957 5.857 5.727 5.590 5.453 5.315 5.178 5.040 4.903 4.766 4.617 4.468 4.319 4.143 3.948 3.753 3.558 3.363 3.252 3.181 3.110 3.039 2.968 2.897 2.826 2.935 3.307 3.498 3.699 4.000 4.301 4.602 4.903 5.204 5.505 5.609 5.619 5.630 5.695 5.878 6.062 6.246 6.430 6.613 6.964 7.323 7.682 8.041 8.400 8.759 9.118 9.477 9.104 8.116 6.895 5.675 4.455 3.235 2.015 0.795 0.000 0.002 0.000 0.000 0.000 0.000 0.000 0.000 0.000 0.000 0.000 0.000
6.608 6.482 6.357 6.231 6.105 5.980 5.909 5.879 5.753 5.615 5.478 5.340 5.203 5.066 4.926 4.777 4.628 4.479 4.330 4.160 3.965 3.770 3.574 3.490 3.419 3.348 3.277 3.207 3.136 3.065 2.994 3.002 3.303 3.604 3.905 4.206 4.507 4.808 5.110 5.411 5.461 5.472 5.482 5.493 5.520 5.704 5.887 6.071 6.274 6.633 6.992 7.351 7.710 8.070 8.429 8.788 9.140 9.237 8.389 7.169 5.948 4.728 3.508 2.288 1.068 0.000 0.000 0.000 0.000 0.000 0.000 0.000 0.000 0.000 0.000 0.000 0.000
6.631 6.505 6.379 6.254 6.128 6.003 5.960 5.931 5.901 5.778 5.641 5.503 5.366 5.229 5.086 4.937 4.788 4.639 4.490 4.341 4.176 3.981 3.799 3.729 3.658 3.587 3.516 3.439 3.332 3.225 3.119 3.131 3.213 3.509 3.810 4.112 4.413 4.714 5.015 5.303 5.314 5.325 5.335 5.346 5.356 5.367 5.529 5.713 5.944 6.303 6.662 7.021 7.380 7.735 8.087 8.438 8.789 8.744 8.167 7.442 6.222 5.001 3.781 2.561 1.341 0.121 0.000 0.000 0.000 0.000 0.000 0.000 0.000 0.000 0.000 0.000 0.000
6.653 6.528 6.402 6.277 6.151 6.041 6.012 5.982 5.952 5.923 5.804 5.666 5.529 5.392 5.246 5.097 4.948 4.799 4.650 4.501 4.352 4.193 4.038 3.967 3.883 3.777 3.670 3.564 3.457 3.350 3.244 3.295 3.377 3.459 3.716 4.017 4.318 4.619 4.920 5.156 5.167 5.177 5.188 5.198 5.209 5.220 5.230 5.354 5.614 5.973 6.330 6.681 7.033 7.384 7.736 8.087 8.439 8.252 7.674 7.097 6.495 5.275 4.054 2.834 1.614 0.394 0.000 0.000 0.000 0.000 0.000 0.000 0.000 0.000 0.000 0.000 0.000
6.676 6.551 6.425 6.299 6.174 6.093 6.063 6.033 6.004 5.974 5.944 5.829 5.692 5.554 5.405 5.257 5.107 4.959 4.810 4.661 4.512 4.361 4.222 4.115 4.008 3.902 3.795 3.688 3.582 3.475 3.378 3.459 3.541 3.623 3.705 3.922 4.223 4.524 4.825 5.009 5.019 5.030 5.040 5.051 5.062 5.072 5.083 5.094 5.276 5.628 5.979 6.331 6.682 7.034 7.385 7.736 8.088 7.759 7.182 6.605 6.027 5.450 4.327 3.107 1.887 0.666 0.414 0.294 0.175 0.054 0.000 0.000 0.000 0.073 0.000 0.000 0.000
6.699 6.573 6.448 6.322 6.197 6.144 6.114 6.085 6.055 6.025 5.996 5.966 5.855 5.714 5.565 5.416 5.267 5.118 4.966 4.815 4.663 4.512 4.374 4.241 4.133 4.027 3.920 3.813 3.707 3.600 3.542 3.623 3.705 3.787 3.869 3.950 4.128 4.429 4.730 4.861 4.872 4.883 4.893 4.904 4.914 4.921 4.926 4.932 5.063 5.277 5.629 5.980 6.331 6.683 7.034 7.386 7.737 7.267 6.690 6.112 5.535 4.957 4.380 3.380 2.160 0.959 0.839 0.720 0.601 0.481 0.282 0.041 0.000 0.048 0.049 0.043 0.000
6.598 6.596 6.471 6.345 6.225 6.195 6.166 6.136 6.106 6.077 6.047 6.018 5.988 5.874 5.723 5.571 5.420 5.268 5.117 4.965 4.814 4.662 4.529 4.396 4.263 4.151 4.045 3.938 3.832 3.725 3.706 3.787 3.869 3.951 4.033 4.115 4.196 4.334 4.636 4.714 4.725 4.735 4.742 4.747 4.753 4.758 4.764 4.769 4.929 5.097 5.278 5.629 5.981 6.332 6.684 7.035 7.352 6.775 6.197 5.620 5.042 4.465 3.887 3.310 2.433 1.384 1.265 1.144 0.911 0.679 0.446 0.212 0.665 0.000 0.606 0.000 0.312
6.491 6.499 6.493 6.368 6.276 6.247 6.217 6.187 6.158 6.128 6.075 6.021 5.967 5.967 5.873 5.722 5.570 5.419 5.267 5.116 4.964 4.817 4.684 4.551 4.418 4.284 4.170 4.063 3.956 3.850 3.870 3.951 4.033 4.115 4.197 4.279 4.360 4.442 4.541 4.563 4.569 4.574 4.580 4.585 4.591 4.596 4.602 4.627 4.796 4.964 5.132 5.300 5.630 5.981 6.333 6.684 6.859 6.282 5.705 5.127 4.550 3.972 3.395 2.817 2.240 1.773 1.540 1.308 1.075 0.843 0.618 0.377 0.142 0.619 0.457 0.305 0.363
6.384 6.392 6.401 6.391 6.328 6.294 6.240 6.187 6.133 6.080 6.026 5.972 5.921 5.937 5.954 5.872 5.721 5.569 5.418 5.266 5.115 4.972 4.839 4.706 4.572 4.439 4.306 4.188 4.081 3.975 4.034 4.115 4.197 4.279 4.361 4.443 4.482 4.514 4.525 4.411 4.406 4.412 4.417 4.423 4.428 4.434 4.439 4.494 4.662 4.830 4.999 5.167 5.335 5.631 5.982 6.334 6.367 5.790 5.212 4.635 4.057 3.480 2.905 2.586 2.267 1.970 1.704 1.472 1.240 1.007 0.648 0.541 0.415 0.380 0.528 0.426 0.229
6.277 6.279 6.278 6.277 6.299 6.245 6.192 6.138 6.084 6.031 5.977 5.924 5.891 5.907 5.923 5.940 5.871 5.720 5.568 5.417 5.265 5.127 4.994 4.861 4.727 4.594 4.461 4.328 4.206 4.116 4.198 4.279 4.358 4.390 4.423 4.455 4.487 4.520 4.501 4.387 4.273 4.249 4.255 4.260 4.266 4.271 4.277 4.361 4.529 4.697 4.865 5.033 5.201 5.370 5.631 5.983 5.875 5.297 4.720 4.142 3.743 3.425 3.106 2.787 2.468 2.177 1.908 1.640 1.404 1.172 0.939 0.628 0.365 0.292 0.360 0.177 0.208
6.129 6.128 6.127 6.134 6.170 6.197 6.143 6.089 6.036 5.982 5.929 5.875 5.861 5.877 5.893 5.909 5.926 5.870 5.719 5.567 5.416 5.282 5.149 5.015 4.882 4.749 4.616 4.483 4.349 4.266 4.298 4.331 4.363 4.396 4.428 4.461 4.493 4.526 4.477 4.363 4.249 4.135 4.093 4.098 4.104 4.109 4.115 4.227 4.395 4.563 4.732 4.900 5.068 5.236 5.404 5.632 5.382 4.900 4.581 4.263 3.944 3.625 3.307 2.988 2.669 2.384 2.115 1.847 0.670 1.336 1.103 0.648 0.476 0.484 0.392 0.430 0.048
5.977 5.976 5.975 5.993 6.029 6.065 6.094 6.041 5.987 5.934 5.880 5.826 5.830 5.847 5.863 5.879 5.895 5.912 5.869 5.718 5.570 5.437 5.303 5.170 5.037 4.904 4.772 4.640 4.508 4.388 4.304 4.337 4.369 4.402 4.434 4.467 4.499 4.532 4.453 4.339 4.225 4.111 3.997 3.936 3.941 3.947 3.952 4.094 4.262 4.430 4.598 4.766 4.935 5.103 5.267 5.414 5.420 5.101 4.782 4.463 4.145 3.826 3.507 3.189 2.870 2.590 2.322 2.054 1.785 1.517 1.268 0.679 0.538 0.386 0.273 0.028 0.033
5.826 5.825 5.824 5.853 5.888 5.924 5.960 5.992 5.939 5.885 5.831 5.784 5.800 5.816 5.833 5.849 5.865 5.881 5.898 5.868 5.725 5.591 5.459 5.327 5.195 5.063 4.932 4.800 4.668 4.553 4.444 4.343 4.375 4.408 4.440 4.472 4.505 4.537 4.429 4.315 4.201 4.087 3.973 3.860 3.779 3.785 3.792 3.960 4.128 4.297 4.465 4.629 4.776 4.924 5.072 5.220 5.257 5.292 4.983 4.664 4.346 4.027 3.708 3.389 3.071 2.797 2.529 2.261 1.993 1.724 0.600 1.200 0.539 0.298 0.214 0.273 0.176
5.675 5.674 5.676 5.712 5.748 5.784 5.819 5.855 5.890 5.836 5.783 5.754 5.770 5.786 5.802 5.819 5.835 5.851 5.867 5.879 5.882 5.750 5.618 5.487 5.355 5.223 5.091 4.959 4.828 4.718 4.609 4.500 4.390 4.413 4.446 4.478 4.511 4.518 4.404 4.291 4.177 4.063 3.949 3.835 3.722 3.622 3.659 3.827 3.991 4.138 4.286 4.434 4.581 4.729 4.877 5.009 5.044 5.078 5.113 4.865 4.546 4.228 3.909 3.590 3.273 3.004 2.736 2.468 2.200 1.931 0.671 0.450 0.680 0.400 0.238 0.081 0.000
5.524 5.523 5.535 5.571 5.607 5.643 5.679 5.714 5.750 5.786 5.734 5.723 5.740 5.756 5.772 5.784 5.795 5.806 5.817 5.828 5.877 5.910 5.778 5.647 5.515 5.383 5.251 5.119 4.992 4.883 4.774 4.665 4.555 4.446 4.452 4.484 4.517 4.494 4.380 4.267 4.153 4.039 3.925 3.811 3.698 3.597 3.508 3.648 3.796 3.943 4.091 4.239 4.386 4.534 4.682 4.795 4.830 4.865 4.899 4.934 4.747 4.428 4.110 3.791 3.480 3.211 2.943 2.675 2.407 2.139 1.870 1.602 1.334 0.431 0.159 0.176 0.123
5.372 5.371 5.394 5.430 5.466 5.502 5.538 5.574 5.610 5.645 5.681 5.690 5.701 5.712 5.723 5.734 5.745 5.756 5.767 5.785 5.837 5.889 5.938 5.806 5.674 5.543 5.411 5.279 5.157 5.048 4.939 4.829 4.720 4.611 4.502 4.490 4.522 4.470 4.356 4.243 4.129 4.015 3.927 3.855 3.782 3.710 3.613 3.498 3.601 3.748 3.896 4.044 4.191 4.339 4.487 4.581 4.616 4.651 4.686 4.720 4.755 4.629 4.311 3.992 3.687 3.418 3.150 2.882 2.614 2.346 2.077 1.784 1.488 0.551 0.301 0.059 0.000
5.221 5.220 5.254 5.290 5.325 5.361 5.397 5.464 5.541 5.618 5.679 5.644 5.650 5.661 5.672 5.683 5.695 5.706 5.717 5.745 5.797 5.849 5.901 5.953 5.834 5.702 5.570 5.439 5.322 5.213 5.103 4.994 4.885 4.776 4.667 4.558 4.528 4.446 4.332 4.258 4.185 4.113 4.040 3.968 3.895 3.823 3.717 3.602 3.487 3.553 3.701 3.849 3.996 4.144 4.292 4.368 4.403 4.437 4.472 4.507 4.542 4.576 4.511 4.193 3.894 3.625 3.357 3.089 2.804 2.508 2.211 1.915 1.619 0.562 0.442 0.212 0.241
5.102 5.077 5.113 5.185 5.261 5.338 5.415 5.492 5.569 5.646 5.678 5.642 5.607 5.611 5.622 5.633 5.644 5.655 5.666 5.705 5.757 5.809 5.861 5.913 5.965 5.862 5.730 5.598 5.487 5.378 5.268 5.159 5.050 4.941 4.832 4.715 4.588 4.516 4.443 4.371 4.298 4.226 4.153 4.081 4.008 3.936 3.821 3.706 3.591 3.476 3.506 3.654 3.801 3.949 4.097 4.154 4.189 4.224 4.258 4.293 4.328 4.363 4.398 4.394 4.101 3.824 3.527 3.231 2.935 2.639 2.343 2.046 1.750 1.488 0.532 0.241 0.401
