includes/overflow_coast_h/floodfiles/results/res-0007.wdfp
ncols         906
nrows         631
xllcorner     362177.146670
yllcorner     6534722.565530
cellsize      20.000000
NODATA_value  -9999.000000
[rows 510 to 543 of 631, columns 231 to 307 of 906]
2.708 2.754 2.800 2.845 2.891 2.937 2.992 3.046 3.100 3.138 3.149 3.160 3.170 3.196 3.229 3.261 3.293 3.326 3.358 3.391 3.423 3.453 3.483 3.513 3.544 3.574 3.604 3.631 3.652 3.673 3.695 3.716 3.667 3.611 3.555 3.498 3.442 3.414 3.399 3.384 3.368 3.353 3.338 3.311 3.267 3.223 3.179 3.135 3.091 3.085 3.085 3.085 3.085 3.085 3.074 3.036 2.999 2.962 2.925 2.897 2.916 2.934 2.953 2.971 2.989 3.008 2.975 2.900 2.824 2.749 2.673 2.597 2.522 2.446 2.371 2.322 2.320
2.769 2.815 2.861 2.906 2.952 2.998 3.043 3.092 3.146 3.185 3.196 3.215 3.247 3.280 3.312 3.345 3.377 3.410 3.442 3.474 3.506 3.536 3.567 3.597 3.627 3.658 3.688 3.718 3.749 3.771 3.792 3.814 3.762 3.706 3.650 3.616 3.601 3.586 3.571 3.555 3.540 3.525 3.510 3.482 3.438 3.394 3.350 3.306 3.262 3.218 3.185 3.185 3.185 3.185 3.176 3.139 3.102 3.065 3.057 3.075 3.094 3.112 3.131 3.149 3.167 3.186 3.160 3.085 3.010 2.934 2.858 2.783 2.707 2.632 2.556 2.480 2.405
2.830 2.876 2.922 2.967 3.013 3.059 3.104 3.150 3.195 3.233 3.266 3.298 3.331 3.363 3.396 3.428 3.461 3.493 3.525 3.558 3.590 3.620 3.650 3.680 3.711 3.741 3.772 3.802 3.832 3.862 3.890 3.911 3.858 3.819 3.803 3.788 3.773 3.758 3.742 3.727 3.712 3.696 3.681 3.653 3.609 3.565 3.521 3.477 3.433 3.389 3.345 3.301 3.285 3.285 3.279 3.242 3.205 3.217 3.235 3.253 3.272 3.290 3.308 3.327 3.345 3.364 3.346 3.270 3.195 3.119 3.044 2.968 2.892 2.817 2.741 2.666 2.590
2.891 2.937 2.983 3.028 3.074 3.120 3.165 3.211 3.288 3.345 3.350 3.382 3.414 3.447 3.479 3.512 3.544 3.577 3.609 3.642 3.673 3.703 3.734 3.764 3.794 3.825 3.855 3.885 3.915 3.946 3.976 4.009 4.006 3.991 3.975 3.960 3.945 3.929 3.914 3.899 3.883 3.868 3.853 3.824 3.780 3.736 3.692 3.648 3.604 3.560 3.516 3.472 3.428 3.385 3.382 3.358 3.376 3.395 3.413 3.431 3.450 3.468 3.487 3.505 3.523 3.542 3.531 3.456 3.380 3.304 3.229 3.153 3.078 3.002 2.927 2.851 2.775
2.952 2.998 3.044 3.089 3.135 3.181 3.249 3.334 3.419 3.472 3.476 3.481 3.498 3.531 3.563 3.595 3.628 3.660 3.693 3.725 3.756 3.787 3.817 3.847 3.878 3.908 3.938 3.969 3.999 4.031 4.069 4.108 4.140 4.162 4.147 4.132 4.116 4.101 4.086 4.070 4.055 4.040 4.025 3.995 3.951 3.907 3.863 3.819 3.775 3.731 3.687 3.643 3.599 3.555 3.500 3.536 3.554 3.573 3.591 3.609 3.628 3.646 3.665 3.683 3.701 3.720 3.717 3.641 3.565 3.490 3.414 3.339 3.263 3.187 3.112 3.036 2.961
3.013 3.059 3.105 3.150 3.209 3.294 3.379 3.464 3.549 3.598 3.603 3.608 3.613 3.617 3.647 3.679 3.711 3.744 3.776 3.809 3.840 3.870 3.901 3.931 3.961 3.992 4.022 4.052 4.091 4.130 4.169 4.207 4.239 4.271 4.303 4.303 4.288 4.273 4.258 4.242 4.227 4.212 4.196 4.166 4.123 4.078 4.034 3.990 3.946 3.902 3.858 3.814 3.760 3.694 3.630 3.675 3.719 3.751 3.769 3.787 3.806 3.824 3.843 3.861 3.879 3.898 3.902 3.826 3.751 3.675 3.600 3.524 3.448 3.373 3.297 3.221 3.146
3.074 3.120 3.169 3.254 3.339 3.424 3.509 3.594 3.679 3.725 3.730 3.735 3.739 3.744 3.749 3.763 3.795 3.827 3.860 3.892 3.924 3.954 3.984 4.014 4.045 4.075 4.113 4.152 4.190 4.229 4.268 4.306 4.338 4.370 4.403 4.435 4.460 4.445 4.429 4.414 4.399 4.383 4.368 4.338 4.294 4.250 4.206 4.162 4.118 4.074 4.025 3.959 3.893 3.827 3.761 3.805 3.849 3.893 3.938 3.965 3.984 4.002 4.021 4.039 4.057 4.076 4.087 4.012 3.936 3.860 3.785 3.709 3.634 3.558 3.482 3.407 3.321
3.136 3.214 3.299 3.384 3.469 3.554 3.639 3.725 3.810 3.852 3.856 3.861 3.866 3.871 3.875 3.880 3.885 3.911 3.943 3.976 4.007 4.037 4.068 4.098 4.134 4.173 4.212 4.251 4.290 4.328 4.367 4.405 4.437 4.469 4.502 4.534 4.566 4.598 4.601 4.586 4.570 4.555 4.540 4.509 4.465 4.421 4.377 4.333 4.289 4.224 4.158 4.092 4.026 3.960 3.894 3.936 3.980 4.024 4.068 4.112 4.157 4.180 4.199 4.217 4.235 4.254 4.272 4.197 4.121 4.046 3.970 3.895 3.819 3.743 3.657 3.570 3.482
3.259 3.344 3.429 3.514 3.599 3.685 3.770 3.855 3.940 3.978 3.983 3.988 3.993 3.997 4.002 4.007 4.011 4.016 4.027 4.059 4.091 4.121 4.156 4.195 4.234 4.273 4.311 4.350 4.389 4.428 4.467 4.504 4.536 4.569 4.601 4.633 4.665 4.697 4.729 4.757 4.742 4.727 4.711 4.680 4.636 4.592 4.548 4.489 4.423 4.357 4.291 4.225 4.159 4.093 4.027 4.067 4.111 4.155 4.199 4.243 4.287 4.331 4.376 4.395 4.413 4.432 4.450 4.382 4.307 4.231 4.156 4.080 3.993 3.906 3.818 3.731 3.644
3.389 3.474 3.560 3.645 3.730 3.815 3.900 3.985 4.070 4.105 4.110 4.115 4.119 4.124 4.129 4.133 4.138 4.143 4.148 4.152 4.178 4.217 4.256 4.294 4.333 4.372 4.411 4.450 4.488 4.527 4.566 4.603 4.635 4.668 4.700 4.732 4.764 4.796 4.828 4.860 4.892 4.899 4.883 4.851 4.807 4.754 4.688 4.622 4.556 4.490 4.424 4.358 4.292 4.226 4.160 4.197 4.242 4.286 4.330 4.374 4.418 4.462 4.506 4.550 4.591 4.610 4.628 4.568 4.492 4.416 4.329 4.241 4.154 4.067 3.980 3.892 3.805
3.579 3.609 3.690 3.775 3.860 3.945 4.030 4.115 4.200 4.232 4.237 4.241 4.246 4.251 4.255 4.260 4.265 4.270 4.273 4.275 4.290 4.316 4.355 4.394 4.433 4.471 4.510 4.549 4.588 4.627 4.665 4.702 4.735 4.767 4.799 4.831 4.863 4.895 4.927 4.959 4.992 5.024 5.055 5.020 4.954 4.888 4.822 4.756 4.690 4.624 4.558 4.492 4.426 4.360 4.294 4.328 4.372 4.416 4.461 4.505 4.549 4.593 4.637 4.681 4.725 4.769 4.806 4.752 4.664 4.577 4.490 4.403 4.316 4.228 4.141 4.054 3.967
3.790 3.820 3.850 3.905 3.990 4.075 4.160 4.246 4.331 4.359 4.363 4.368 4.373 4.377 4.382 4.387 4.391 4.392 4.394 4.396 4.412 4.436 4.459 4.493 4.532 4.571 4.609 4.648 4.687 4.726 4.765 4.801 4.834 4.866 4.898 4.930 4.962 4.994 5.026 5.058 5.091 5.123 5.128 5.122 5.087 5.021 4.955 4.889 4.823 4.757 4.691 4.625 4.559 4.493 4.427 4.459 4.503 4.547 4.591 4.635 4.680 4.724 4.768 4.812 4.856 4.900 4.875 4.881 4.826 4.739 4.652 4.564 4.477 4.390 4.303 4.215 4.128
4.001 4.031 4.060 4.090 4.121 4.206 4.291 4.376 4.461 4.485 4.490 4.495 4.499 4.504 4.508 4.510 4.512 4.513 4.515 4.517 4.535 4.558 4.581 4.604 4.631 4.670 4.709 4.748 4.786 4.825 4.864 4.901 4.933 4.965 4.997 5.029 5.061 5.093 5.125 5.158 5.166 5.171 5.176 5.169 5.157 5.144 5.088 5.022 4.956 4.890 4.824 4.758 4.692 4.626 4.560 4.590 4.634 4.678 4.722 4.766 4.810 4.854 4.899 4.943 4.945 4.912 4.878 4.883 4.905 4.900 4.813 4.726 4.639 4.551 4.464 4.377 4.290
4.212 4.241 4.271 4.301 4.330 4.360 4.421 4.506 4.591 4.612 4.617 4.622 4.625 4.627 4.629 4.631 4.632 4.634 4.636 4.638 4.657 4.680 4.703 4.727 4.750 4.773 4.808 4.847 4.886 4.924 4.963 5.000 5.032 5.064 5.096 5.128 5.160 5.192 5.204 5.209 5.214 5.219 5.223 5.216 5.204 5.191 5.178 5.155 5.089 5.023 4.957 4.891 4.825 4.759 4.693 4.721 4.765 4.809 4.853 4.897 4.941 4.985 5.016 4.982 4.948 4.915 4.881 4.885 4.907 4.929 4.951 4.887 4.800 4.713 4.625 4.538 4.451
4.422 4.452 4.482 4.511 4.541 4.571 4.600 4.637 4.722 4.739 4.743 4.745 4.746 4.748 4.750 4.752 4.753 4.755 4.757 4.759 4.779 4.802 4.826 4.849 4.872 4.895 4.918 4.946 4.985 5.024 5.063 5.099 5.131 5.163 5.195 5.227 5.242 5.247 5.252 5.257 5.261 5.266 5.271 5.264 5.251 5.238 5.225 5.213 5.200 5.157 5.090 5.025 4.959 4.892 4.826 4.851 4.895 4.940 4.984 5.028 5.072 5.052 5.019 4.985 4.952 4.918 4.884 4.887 4.909 4.931 4.953 4.975 4.962 4.874 4.787 4.700 4.612
4.633 4.663 4.692 4.722 4.752 4.781 4.811 4.841 4.869 4.862 4.864 4.866 4.867 4.869 4.871 4.873 4.874 4.876 4.878 4.880 4.902 4.925 4.948 4.971 4.994 5.018 5.041 5.064 5.087 5.123 5.162 5.198 5.230 5.262 5.280 5.285 5.290 5.294 5.299 5.304 5.309 5.314 5.318 5.311 5.298 5.285 5.273 5.260 5.247 5.234 5.222 5.158 5.092 5.026 4.960 4.982 5.026 5.070 5.114 5.123 5.089 5.056 5.022 4.988 4.955 4.921 4.887 4.889 4.911 4.933 4.955 4.977 4.999 5.020 4.949 4.861 4.774
4.844 4.873 4.903 4.933 4.962 4.992 5.020 5.043 5.066 5.020 4.985 4.987 4.988 4.990 4.992 4.994 4.995 4.997 4.999 5.001 5.024 5.047 5.070 5.093 5.117 5.140 5.163 5.186 5.209 5.233 5.261 5.297 5.318 5.323 5.328 5.332 5.337 5.342 5.347 5.352 5.356 5.361 5.366 5.358 5.345 5.332 5.320 5.307 5.294 5.281 5.269 5.256 5.225 5.159 5.093 5.113 5.157 5.193 5.159 5.126 5.092 5.059 5.025 4.992 4.958 4.924 4.891 4.891 4.913 4.935 4.957 4.979 5.001 5.023 5.044 5.023 4.936
5.054 5.084 5.114 5.143 5.170 5.193 5.217 5.240 5.258 5.210 5.162 5.115 5.109 5.111 5.113 5.115 5.116 5.118 5.120 5.123 5.146 5.169 5.192 5.216 5.239 5.262 5.285 5.309 5.332 5.355 5.399 5.377 5.366 5.370 5.375 5.380 5.385 5.389 5.394 5.399 5.404 5.409 5.413 5.405 5.392 5.379 5.367 5.354 5.341 5.328 5.316 5.303 5.290 5.278 5.226 5.244 5.230 5.196 5.163 5.129 5.095 5.062 5.028 4.995 4.961 4.927 4.894 4.893 4.915 4.937 4.959 4.981 5.003 5.024 5.046 5.068 5.090
5.265 5.295 5.321 5.344 5.367 5.390 5.413 5.437 5.449 5.401 5.353 5.305 5.257 5.232 5.234 5.236 5.237 5.239 5.241 5.245 5.268 5.292 5.315 5.338 5.361 5.384 5.408 5.431 5.479 5.560 5.641 5.605 5.487 5.418 5.423 5.427 5.432 5.437 5.442 5.446 5.451 5.456 5.461 5.452 5.439 5.426 5.414 5.401 5.388 5.376 5.363 5.350 5.337 5.325 5.347 5.267 5.233 5.199 5.166 5.132 5.099 5.065 5.031 4.998 4.964 4.931 4.897 4.895 4.917 4.939 4.961 4.983 5.005 5.026 5.048 5.070 5.099
5.471 5.494 5.518 5.541 5.564 5.587 5.611 5.634 5.640 5.592 5.544 5.496 5.448 5.400 5.355 5.356 5.358 5.360 5.362 5.368 5.391 5.414 5.437 5.460 5.483 5.507 5.560 5.640 5.721 5.802 5.883 5.833 5.716 5.598 5.481 5.475 5.480 5.484 5.489 5.494 5.499 5.504 5.508 5.499 5.486 5.474 5.461 5.448 5.435 5.423 5.410 5.397 5.404 5.470 5.536 5.450 5.310 5.203 5.169 5.135 5.102 5.068 5.035 5.001 4.967 4.934 4.900 4.897 4.919 4.941 4.963 4.985 5.007 5.028 5.050 5.101 5.177
5.668 5.691 5.714 5.738 5.761 5.784 5.807 5.831 5.831 5.783 5.735 5.687 5.639 5.591 5.543 5.495 5.479 5.481 5.483 5.490 5.513 5.536 5.559 5.583 5.640 5.721 5.801 5.882 5.963 6.043 6.124 6.061 5.944 5.826 5.709 5.591 5.527 5.532 5.537 5.542 5.546 5.551 5.556 5.546 5.533 5.521 5.508 5.495 5.483 5.470 5.460 5.526 5.592 5.659 5.725 5.640 5.500 5.359 5.219 5.139 5.105 5.071 5.038 5.004 4.971 4.937 4.903 4.899 4.921 4.943 4.965 4.987 5.009 5.030 5.102 5.179 5.255
5.865 5.888 5.912 5.935 5.958 5.981 6.004 6.028 6.022 5.974 5.926 5.878 5.830 5.782 5.734 5.686 5.638 5.602 5.604 5.612 5.635 5.659 5.721 5.801 5.882 5.962 6.043 6.124 6.204 6.285 6.366 6.290 6.172 6.055 5.937 5.819 5.702 5.584 5.584 5.589 5.594 5.599 5.603 5.593 5.580 5.568 5.555 5.542 5.530 5.583 5.649 5.715 5.781 5.847 5.913 5.830 5.690 5.549 5.409 5.269 5.128 5.075 5.041 5.007 4.974 4.940 4.907 4.901 4.923 4.945 4.967 4.989 5.028 5.104 5.180 5.256 5.333
6.062 6.085 6.108 6.132 6.155 6.178 6.201 6.225 6.213 6.165 6.117 6.069 6.021 5.973 5.925 5.877 5.829 5.781 5.733 5.734 5.801 5.882 5.962 6.043 6.124 6.204 6.285 6.366 6.446 6.527 6.608 6.518 6.400 6.283 6.165 6.048 5.930 5.813 5.695 5.637 5.641 5.646 5.651 5.640 5.628 5.615 5.602 5.639 5.706 5.772 5.838 5.904 5.970 6.036 6.102 6.020 5.880 5.739 5.599 5.459 5.318 5.178 5.044 5.011 4.977 4.943 4.910 4.903 4.925 4.947 4.969 5.030 5.106 5.182 5.258 5.334 5.410
6.269 6.282 6.305 6.329 6.352 6.375 6.398 6.422 6.404 6.356 6.308 6.260 6.212 6.164 6.116 6.068 6.020 5.972 5.959 5.977 6.043 6.123 6.204 6.285 6.365 6.446 6.527 6.607 6.688 6.769 6.849 6.746 6.629 6.511 6.393 6.276 6.158 6.041 5.923 5.806 5.689 5.694 5.699 5.687 5.675 5.696 5.762 5.828 5.894 5.960 6.027 6.093 6.159 6.225 6.291 6.210 6.070 5.930 5.789 5.649 5.508 5.368 5.228 5.087 4.980 4.947 4.913 4.905 4.927 4.955 5.031 5.108 5.184 5.260 5.336 5.412 5.488
6.484 6.495 6.506 6.526 6.549 6.572 6.595 6.619 6.595 6.547 6.499 6.451 6.403 6.355 6.307 6.271 6.258 6.244 6.231 6.257 6.309 6.365 6.446 6.526 6.607 6.688 6.768 6.849 6.930 7.010 7.091 6.974 6.857 6.739 6.622 6.504 6.387 6.269 6.151 6.034 5.916 5.799 5.746 5.752 5.819 5.885 5.951 6.017 6.083 6.149 6.215 6.281 6.347 6.413 6.480 6.400 6.260 6.120 5.979 5.839 5.699 5.558 5.418 5.277 5.137 4.997 4.916 4.907 4.957 5.033 5.109 5.185 5.262 5.338 5.414 5.490 5.566
6.699 6.710 6.721 6.732 6.746 6.769 6.792 6.816 6.786 6.738 6.690 6.642 6.594 6.569 6.556 6.543 6.530 6.516 6.503 6.537 6.589 6.640 6.692 6.768 6.849 6.929 7.010 7.091 7.171 7.252 7.320 7.203 7.085 6.968 6.850 6.733 6.615 6.497 6.380 6.262 6.145 6.021 5.861 5.941 6.007 6.073 6.139 6.206 6.272 6.338 6.404 6.470 6.536 6.602 6.668 6.590 6.450 6.310 6.169 6.029 5.889 5.748 5.608 5.468 5.327 5.187 5.046 4.980 5.035 5.111 5.187 5.263 5.339 5.416 5.492 5.568 5.644
6.914 6.924 6.936 6.947 6.958 6.969 6.989 7.012 6.977 6.929 6.881 6.868 6.854 6.841 6.828 6.815 6.802 6.788 6.775 6.817 6.868 6.920 6.972 7.024 7.090 7.171 7.252 7.332 7.413 7.494 7.549 7.431 7.313 7.196 7.078 6.961 6.843 6.726 6.608 6.483 6.324 6.164 6.010 6.098 6.185 6.262 6.328 6.394 6.460 6.527 6.593 6.659 6.725 6.791 6.857 6.780 6.640 6.500 6.359 6.219 6.079 5.938 5.798 5.658 5.517 5.386 5.262 5.182 5.206 5.229 5.265 5.341 5.417 5.493 5.570 5.646 5.722
7.128 7.139 7.150 7.162 7.173 7.184 7.195 7.209 7.179 7.166 7.153 7.140 7.126 7.113 7.100 7.087 7.074 7.060 7.047 7.097 7.148 7.200 7.252 7.304 7.355 7.413 7.493 7.574 7.655 7.735 7.777 7.659 7.542 7.424 7.307 7.189 7.071 6.946 6.786 6.627 6.467 6.308 6.166 6.254 6.341 6.429 6.516 6.583 6.649 6.715 6.781 6.848 6.914 6.980 7.046 6.971 6.830 6.690 6.549 6.409 6.269 6.128 5.988 5.850 5.726 5.603 5.479 5.385 5.408 5.432 5.455 5.479 5.502 5.571 5.647 5.723 5.800
7.343 7.354 7.365 7.376 7.387 7.398 7.360 7.309 7.451 7.438 7.425 7.412 7.398 7.385 7.372 7.359 7.346 7.332 7.325 7.377 7.428 7.480 7.532 7.584 7.635 7.687 7.739 7.816 7.896 7.977 8.005 7.888 7.770 7.652 7.535 7.408 7.249 7.089 6.930 6.770 6.611 6.451 6.323 6.410 6.497 6.585 6.672 6.760 6.838 6.904 6.970 7.036 7.102 7.168 7.234 7.161 7.020 6.880 6.740 6.599 6.459 6.318 6.190 6.066 5.943 5.819 5.696 5.588 5.611 5.634 5.658 5.681 5.705 5.728 5.751 5.801 5.878
7.558 7.569 7.580 7.588 7.526 7.465 7.403 7.385 7.534 7.682 7.697 7.684 7.670 7.657 7.644 7.631 7.618 7.604 7.605 7.657 7.708 7.760 7.812 7.864 7.915 7.967 8.019 8.071 8.138 8.219 8.233 8.116 7.998 7.871 7.711 7.552 7.392 7.233 7.073 6.914 6.754 6.595 6.479 6.566 6.654 6.741 6.828 6.916 7.003 7.090 7.159 7.225 7.291 7.357 7.423 7.351 7.210 7.070 6.930 6.789 6.653 6.530 6.406 6.283 6.159 6.036 5.912 5.790 5.814 5.837 5.861 5.884 5.907 5.931 5.954 5.977 6.001
7.773 7.755 7.693 7.632 7.570 7.508 7.447 7.462 7.611 7.759 7.908 7.956 7.943 7.929 7.916 7.903 7.890 7.877 7.885 7.937 7.988 8.040 8.092 8.144 8.195 8.247 8.299 8.351 8.402 8.461 8.462 8.334 8.174 8.015 7.855 7.696 7.536 7.377 7.217 7.058 6.898 6.739 6.635 6.722 6.810 6.897 6.985 7.072 7.159 7.247 7.334 7.414 7.480 7.546 7.612 7.541 7.401 7.260 7.120 6.993 6.870 6.746 6.623 6.499 6.376 6.252 6.129 6.005 6.016 6.040 6.063 6.087 6.110 6.133 6.157 6.180 6.203
7.860 7.798 7.737 7.675 7.614 7.552 7.491 7.538 7.687 7.836 7.984 8.133 8.215 8.201 8.188 8.175 8.162 8.149 8.165 8.216 8.268 8.320 8.372 8.424 8.475 8.527 8.579 8.631 8.682 8.633 8.601 8.477 8.318 8.158 7.999 7.839 7.680 7.520 7.361 7.201 7.042 6.882 6.791 6.878 6.966 7.053 7.141 7.228 7.315 7.403 7.490 7.578 7.665 7.735 7.801 7.731 7.591 7.457 7.334 7.210 7.087 6.963 6.840 6.716 6.593 6.469 6.346 6.222 6.219 6.242 6.266 6.289 6.313 6.336 6.359 6.383 6.406
7.904 7.842 7.781 7.719 7.657 7.596 7.534 7.615 7.764 7.912 8.061 8.209 8.358 8.473 8.460 8.447 8.434 8.421 8.445 8.496 8.548 8.600 8.652 8.703 8.755 8.807 8.847 8.692 8.537 8.382 8.379 8.478 8.461 8.302 8.142 7.983 7.823 7.664 7.504 7.345 7.185 7.026 6.947 7.035 7.122 7.209 7.297 7.384 7.472 7.559 7.646 7.734 7.821 7.908 7.989 7.921 7.797 7.674 7.550 7.427 7.303 7.180 7.056 6.933 6.809 6.686 6.562 6.439 6.422 6.445 6.469 6.492 6.515 6.539 6.562 6.585 6.609
7.947 7.886 7.824 7.763 7.701 7.639 7.578 7.692 7.840 7.989 8.137 8.286 8.434 8.583 8.731 8.719 8.706 8.693 8.725 8.776 8.828 8.880 8.932 8.983 8.906 8.751 8.596 8.441 8.286 8.131 8.156 8.255 8.355 8.446 8.286 8.127 7.967 7.807 7.648 7.488 7.329 7.169 7.103 7.191 7.278 7.366 7.453 7.540 7.628 7.715 7.803 7.890 7.977 8.065 8.030 8.057 8.014 7.890 7.767 7.643 7.520 7.396 7.273 7.149 7.026 6.902 6.779 6.655 6.625 6.648 6.671 6.695 6.718 6.741 6.765 6.788 6.811
