includes/overflow_coast_h/floodfiles/results/res-0003.wd
ncols         906
nrows         631
xllcorner     362177.146670
yllcorner     6534722.565530
cellsize      20.000000
NODATA_value  -9999.000000
[rows 476 to 509 of 631, columns 462 to 538 of 906]
0.000 0.000 0.000 0.000 0.000 0.000 0.000 0.000 0.000 0.000 0.000 0.000 0.000 0.000 2.252 2.722 2.672 2.661 2.661 2.671 2.771 2.681 2.700 2.860 2.910 2.800 2.851 2.841 2.800 2.951 2.791 2.771 2.831 2.802 2.812 2.993 2.913 2.844 3.394 2.995 2.855 2.666 2.816 2.786 2.757 2.917 2.537 2.717 2.337 2.076 2.286 2.456 2.636 2.616 2.656 2.696 2.706 2.826 2.786 2.825 2.955 2.885 2.935 2.785 2.945 2.955 2.825 2.935 2.975 3.005 3.015 3.075 2.985 2.965 3.135 3.325 3.115
0.000 0.000 0.000 0.000 0.000 0.000 0.000 0.000 0.000 0.000 0.000 0.000 1.754 2.534 2.563 2.593 2.632 2.672 2.752 2.801 2.861 2.811 2.811 2.881 2.901 2.791 2.841 2.761 2.951 2.921 2.951 2.891 2.902 2.952 2.942 2.963 2.883 2.994 3.574 2.925 2.865 2.816 2.936 2.886 2.826 2.776 2.806 2.566 2.556 1.867 2.096 2.336 2.566 2.726 2.476 2.546 2.726 2.736 2.876 2.886 2.796 2.825 2.845 2.865 2.865 2.825 2.775 2.885 2.935 2.985 3.035 2.955 3.075 3.155 3.115 3.185 3.115
0.000 0.000 0.000 0.000 0.000 0.000 0.000 0.000 0.000 0.000 0.000 2.154 2.714 2.724 2.683 2.753 2.692 2.772 2.822 2.852 2.882 2.931 2.921 2.841 2.821 2.801 2.931 2.901 2.951 2.831 3.041 2.951 2.952 2.992 2.962 2.963 3.193 3.024 3.524 2.964 2.865 2.945 2.936 2.896 2.776 2.806 2.656 2.676 2.536 2.036 1.916 2.246 2.446 2.646 2.696 2.606 2.705 2.735 2.795 2.865 2.825 2.735 2.845 2.905 2.965 2.905 3.045 2.985 2.975 3.065 2.945 3.045 3.065 3.175 3.165 3.136 3.236
0.000 0.000 0.000 0.000 0.000 0.000 0.000 0.000 0.000 1.755 2.575 2.794 2.664 2.764 2.634 2.783 2.883 2.843 2.912 2.952 2.972 2.912 2.892 2.881 2.881 2.971 2.931 2.961 3.011 3.011 2.902 3.042 2.952 3.112 3.073 3.093 3.093 3.074 2.994 3.044 3.014 2.895 2.785 2.866 2.916 2.726 2.736 2.776 2.526 2.126 2.076 2.026 1.936 2.436 2.566 2.615 2.725 2.716 2.795 2.815 2.775 2.845 2.915 2.945 2.935 3.005 3.125 2.935 2.975 3.095 3.035 3.035 3.205 3.065 3.106 3.176 3.226
0.000 0.000 0.000 0.000 0.000 0.000 0.000 0.000 2.205 2.765 2.805 2.755 2.724 2.854 2.884 2.913 2.853 2.993 2.993 2.913 2.942 2.902 2.982 2.972 2.982 3.032 3.022 3.082 2.992 3.002 3.052 3.092 3.012 3.122 3.113 3.033 3.523 3.154 3.064 2.974 3.054 3.005 2.995 2.935 2.916 2.876 2.836 2.666 2.676 2.196 2.026 1.956 2.126 2.126 2.176 2.586 2.646 2.795 2.725 2.795 3.115 3.025 2.945 2.875 2.945 3.005 3.025 2.925 3.095 3.095 3.135 3.045 3.065 3.135 3.176 3.326 3.256
0.000 0.000 0.000 0.000 0.000 0.000 1.635 2.615 2.645 2.795 2.785 2.785 2.785 2.865 2.964 2.974 3.063 3.073 2.883 2.923 2.923 2.982 3.022 2.952 3.062 3.022 3.202 3.062 3.002 3.122 3.142 3.222 3.072 3.032 2.993 3.563 3.213 3.134 3.144 2.974 3.135 2.985 2.995 3.045 2.855 3.016 2.846 2.886 2.716 2.306 2.076 1.916 2.046 2.536 2.416 2.356 2.636 2.665 2.845 2.915 2.795 2.915 2.865 2.895 2.825 2.905 3.105 3.055 3.035 3.155 3.315 3.145 3.265 3.356 3.346 3.166 3.276
0.000 0.000 0.000 0.000 0.966 1.996 2.605 2.746 2.805 2.885 2.865 2.905 2.945 2.975 3.014 3.064 2.924 2.994 2.933 3.033 2.903 3.073 2.993 2.972 3.112 3.102 3.132 3.042 3.202 3.122 3.082 3.062 3.032 3.172 2.983 3.223 3.143 3.214 3.164 3.084 3.125 3.235 3.075 3.095 3.116 3.106 2.986 2.676 2.576 2.416 2.406 2.496 2.266 2.316 2.466 2.636 2.325 2.676 2.776 2.685 2.785 2.905 2.835 2.945 2.955 3.155 3.055 3.105 3.145 3.155 3.125 3.285 3.216 3.206 3.406 3.276 3.236
0.000 0.000 0.000 1.506 2.536 2.766 2.716 2.856 2.915 2.955 2.905 2.935 3.065 3.125 3.185 3.054 3.094 2.964 3.034 3.023 3.033 3.053 3.213 3.093 3.132 3.112 3.312 3.122 3.152 3.242 3.172 3.222 3.062 3.083 3.513 3.293 3.243 3.073 3.234 3.054 3.144 3.125 3.195 3.045 3.115 3.026 3.036 2.956 2.696 2.626 2.366 2.346 2.246 2.386 2.466 2.676 2.696 2.396 2.675 2.815 2.835 2.905 2.855 2.965 3.015 3.145 3.095 3.285 3.115 3.125 3.255 3.156 3.286 3.316 3.326 3.326 3.286
0.000 0.575 1.855 2.775 2.776 2.686 2.826 2.965 2.895 2.965 3.115 3.035 2.915 3.045 2.995 3.125 3.004 3.044 3.084 3.084 3.073 3.093 3.143 3.193 3.253 3.103 3.322 3.212 3.292 3.172 3.252 3.283 3.243 3.202 3.553 3.283 3.173 3.173 3.154 3.094 3.184 3.115 3.155 2.995 3.156 3.116 3.156 3.086 2.916 2.936 2.816 2.746 2.566 2.536 2.416 2.616 2.596 2.696 2.376 2.745 2.765 2.745 2.875 3.025 3.115 2.985 3.045 3.115 3.225 3.065 3.256 3.266 3.296 3.276 3.296 3.346 3.366
1.035 2.295 2.775 2.645 2.776 2.716 2.926 3.036 2.906 3.005 3.085 3.095 3.055 3.045 3.125 3.045 3.145 3.124 3.064 3.194 3.184 3.253 3.043 3.213 3.243 3.253 3.213 3.203 3.263 3.293 3.343 3.303 3.213 3.213 3.333 3.243 3.113 3.203 3.204 3.254 3.234 3.165 3.225 3.135 3.196 3.256 3.186 3.186 3.116 3.046 2.896 2.986 2.806 2.906 2.696 2.506 2.736 2.856 2.706 2.375 2.695 2.745 2.875 2.945 3.005 3.025 3.105 3.075 3.355 3.106 3.176 3.276 3.286 3.336 3.306 3.446 3.327
2.685 2.705 2.715 2.806 2.906 2.966 2.976 2.876 3.026 3.175 2.995 3.185 3.045 3.125 3.075 3.145 3.235 3.304 3.154 3.274 3.264 3.314 3.193 3.233 3.273 3.203 3.373 3.273 3.223 3.323 3.353 3.253 3.283 3.263 3.433 3.203 3.293 3.274 3.374 3.254 3.194 3.265 3.245 3.165 3.315 3.196 3.166 3.316 3.376 3.126 3.056 3.046 3.146 2.996 2.965 2.816 3.016 3.056 3.036 2.796 2.286 2.705 2.795 2.845 2.985 3.065 3.035 3.095 3.175 3.056 3.226 3.216 3.296 3.296 3.346 3.437 3.407
2.815 2.755 2.975 3.015 2.976 3.066 3.086 2.986 3.056 3.035 3.035 3.115 3.175 3.055 3.205 3.145 3.275 3.184 3.174 3.114 3.224 3.294 3.284 3.304 3.273 3.233 3.273 3.403 3.313 3.353 3.333 3.403 3.253 3.273 3.453 3.343 3.363 3.264 3.234 3.324 3.424 3.355 3.285 3.235 3.185 3.236 3.316 3.096 3.056 3.106 3.136 3.136 3.126 3.176 3.145 3.156 3.126 3.096 3.066 3.016 2.896 2.265 2.755 2.905 2.895 2.895 2.935 3.085 3.116 3.136 3.136 3.326 3.436 3.286 3.376 3.437 3.517
2.775 2.915 2.955 3.025 3.065 3.076 3.206 3.116 3.046 3.166 3.096 3.285 3.115 3.065 3.235 3.325 3.305 3.215 3.234 3.324 3.304 3.274 3.314 3.354 3.324 3.334 3.353 3.333 3.393 3.303 3.343 3.413 3.413 3.413 3.343 3.364 3.434 3.414 3.274 3.214 3.304 3.355 3.285 3.285 3.275 3.336 3.236 3.116 3.156 3.166 3.146 3.186 3.086 3.086 3.076 3.166 3.086 3.076 3.026 3.136 3.095 2.885 2.406 2.795 2.866 3.015 2.916 3.006 3.086 3.286 3.356 3.316 3.267 3.347 3.417 3.477 3.497
2.925 2.955 3.015 3.085 3.005 3.146 3.146 3.096 3.186 3.146 3.096 3.255 3.295 3.165 3.225 3.245 3.305 3.255 3.355 3.194 3.324 3.374 3.364 3.354 3.394 3.384 3.404 3.364 3.343 3.323 3.384 3.384 3.373 3.383 3.313 3.364 3.464 3.364 3.454 3.364 3.454 3.405 3.415 3.185 3.165 3.385 3.225 3.236 3.246 3.176 3.136 3.226 3.196 3.186 3.176 3.156 3.276 3.166 3.116 3.116 3.206 2.946 2.735 2.435 2.816 2.846 2.936 2.976 3.056 3.176 3.306 3.446 3.597 3.457 3.547 3.597 3.375
3.065 3.075 3.135 3.145 3.055 3.116 3.146 3.166 3.236 3.126 3.246 3.265 3.265 3.225 3.315 3.315 3.335 3.345 3.415 3.324 3.444 3.514 3.384 3.374 3.434 3.324 3.424 3.434 3.314 3.424 3.404 3.404 3.424 3.344 3.524 3.534 3.454 3.454 3.434 3.344 3.485 3.515 3.265 3.305 3.155 3.265 3.205 3.266 3.296 3.246 3.176 3.316 3.396 3.156 3.156 3.076 3.226 3.216 3.106 2.936 3.036 2.906 2.966 3.016 2.476 2.716 2.846 2.926 2.926 3.206 3.187 3.367 3.437 3.417 3.537 3.567 3.417
3.065 3.085 3.105 2.985 3.195 3.236 3.126 3.146 3.266 3.206 3.286 3.265 3.305 3.315 3.495 3.325 3.495 3.325 3.355 3.395 3.424 3.444 3.404 3.354 3.444 3.374 3.434 3.434 3.374 3.404 3.394 3.394 3.524 3.524 3.424 3.554 3.484 3.494 3.779 3.414 3.425 3.365 3.295 3.275 3.345 3.405 3.285 3.355 3.275 3.246 3.286 3.256 3.296 3.206 3.266 3.226 3.206 3.166 3.096 3.106 3.026 2.976 3.196 2.956 3.086 2.556 2.726 2.806 2.946 2.947 3.177 3.287 3.327 3.497 3.457 3.587 3.598
3.205 3.155 3.075 3.255 3.225 3.216 3.236 3.286 3.276 3.365 3.355 3.335 3.285 3.275 3.435 3.375 3.535 3.525 3.375 3.395 3.365 3.364 3.364 3.454 3.535 3.535 3.404 3.424 3.464 3.525 3.584 3.494 3.544 3.434 3.819 3.514 3.534 3.515 3.811 3.475 3.455 3.285 3.315 3.375 3.445 3.335 3.375 3.385 3.316 3.456 3.346 3.336 3.386 3.216 3.276 3.326 3.146 3.236 3.176 3.146 3.076 3.126 3.066 3.016 3.146 2.966 2.556 2.186 2.756 2.997 2.657 2.797 3.047 3.447 3.116 3.458 3.488
3.275 3.285 3.305 3.155 3.226 3.186 3.246 3.376 3.346 3.315 3.355 3.445 3.405 3.455 3.325 3.365 3.425 3.455 3.375 3.455 3.495 3.535 3.455 3.465 3.405 3.425 3.375 3.555 3.445 3.465 3.832 3.837 3.595 3.495 3.605 3.574 3.857 3.465 3.385 3.355 3.405 3.335 3.445 3.445 3.405 3.315 3.605 3.486 3.316 3.406 3.336 3.386 3.286 3.316 3.306 3.246 3.276 3.206 3.246 3.196 3.116 3.136 3.206 2.976 2.956 2.996 2.907 2.747 2.227 2.307 2.187 2.347 2.677 3.268 3.518 3.548 3.294
3.335 3.295 3.246 3.326 3.306 3.306 3.356 3.446 3.316 3.396 3.325 3.375 3.495 3.515 3.305 3.395 3.585 3.455 3.495 3.435 3.465 3.535 3.425 3.525 3.445 3.555 3.465 3.851 3.525 3.861 3.505 3.585 3.876 3.565 3.886 3.515 3.345 3.505 3.315 3.375 3.465 3.395 3.405 3.396 3.356 3.546 3.546 3.476 3.496 3.406 3.426 3.406 3.406 3.366 3.336 3.246 3.196 3.316 3.166 3.216 3.266 3.326 3.306 3.097 3.047 2.907 3.007 2.877 2.577 2.327 2.177 2.398 2.647 3.007 3.438 3.508 3.578
3.306 3.246 3.276 3.416 3.336 3.356 3.366 3.466 3.296 3.456 3.395 3.375 3.425 3.435 3.455 3.475 3.445 3.565 3.455 3.455 3.485 3.515 3.575 3.605 3.575 3.525 3.545 3.888 3.435 3.555 3.515 3.575 3.909 3.914 3.605 3.535 3.555 3.465 3.455 3.515 3.495 3.425 3.575 3.496 3.406 3.536 3.556 3.476 3.456 3.456 3.476 3.456 3.436 3.446 3.306 3.386 3.346 3.426 3.276 3.316 3.266 3.277 3.187 3.157 3.197 3.027 3.037 2.947 2.857 2.368 2.338 2.308 2.698 3.158 3.288 3.378 3.598
3.386 3.406 3.336 3.366 3.436 3.436 3.376 3.496 3.385 3.435 3.545 3.495 3.445 3.535 3.886 3.575 3.475 3.495 3.505 3.565 3.906 3.505 3.912 3.545 3.525 3.595 3.575 3.925 3.575 3.930 3.932 3.595 3.605 3.947 3.485 3.505 3.435 3.565 3.555 3.525 3.425 3.595 3.516 3.536 3.446 3.883 3.506 3.506 3.416 3.486 3.516 3.316 3.376 3.346 3.426 3.356 3.426 3.446 3.297 3.357 3.267 3.187 3.167 3.257 3.187 3.337 3.197 2.838 2.707 2.168 2.308 2.388 2.598 3.448 3.358 3.388 3.528
3.386 3.356 3.476 3.466 3.366 3.426 3.456 3.566 3.556 3.455 3.535 3.515 3.485 3.505 3.565 3.485 3.505 3.555 3.936 3.940 3.943 3.556 3.596 3.951 3.476 3.465 3.959 3.961 3.964 3.966 3.565 3.455 3.975 3.565 3.535 3.485 3.425 3.974 3.535 3.545 3.585 3.943 3.516 3.596 3.516 3.596 3.466 3.586 3.476 3.576 3.546 3.556 3.446 3.566 3.417 3.387 3.417 3.527 3.437 3.397 3.387 3.297 3.327 3.227 3.327 3.327 3.107 2.948 2.798 2.138 2.318 2.468 2.808 3.348 3.398 3.518 3.322
3.416 3.346 3.366 3.436 3.561 3.486 3.436 3.476 3.456 3.356 3.546 3.950 3.505 3.585 3.960 3.565 3.966 3.555 3.973 3.596 3.566 3.983 3.985 3.988 3.991 3.993 3.566 3.998 4.000 4.003 4.005 3.565 4.011 3.555 4.018 3.535 4.012 3.606 3.997 3.576 3.586 3.977 3.506 3.556 3.506 3.586 3.943 3.566 3.596 3.576 3.915 3.457 3.487 3.557 3.497 3.557 3.457 3.427 3.387 3.347 3.217 3.367 3.467 3.457 3.357 3.317 3.387 3.108 2.818 2.338 2.288 2.538 3.118 3.398 3.568 3.253 3.329
3.416 3.436 3.446 3.582 3.526 3.426 3.526 3.586 3.586 3.980 3.606 3.496 3.990 3.993 3.566 3.446 3.596 4.006 4.010 4.013 3.506 3.556 4.022 4.024 4.027 4.030 4.032 4.034 4.037 3.585 3.595 4.045 3.536 4.050 4.052 4.051 4.044 4.038 4.031 3.596 4.017 4.010 3.556 3.566 3.576 3.586 3.586 3.969 3.606 3.955 3.949 3.557 3.487 3.587 3.597 3.527 3.992 3.957 3.557 3.497 3.607 3.567 3.427 3.457 3.357 3.247 3.368 3.188 2.828 2.498 2.478 2.718 3.448 3.528 3.254 3.327 3.401
3.506 3.486 3.566 3.596 3.576 3.476 3.955 3.586 3.985 3.576 3.576 3.536 4.026 4.030 4.033 4.037 4.040 4.043 4.046 3.456 3.586 3.596 4.059 4.061 4.064 4.066 4.069 3.586 3.606 3.606 3.586 3.586 4.083 4.082 3.606 4.081 4.078 4.071 3.606 4.057 4.050 3.596 4.037 4.030 4.023 4.016 4.009 4.002 3.996 3.536 3.983 3.577 3.999 3.567 4.015 3.567 4.031 3.567 3.967 3.597 3.822 3.527 3.677 3.397 3.337 3.218 3.498 3.268 2.978 2.648 2.558 2.898 3.188 3.518 3.408 3.549 3.475
3.577 3.556 3.526 3.596 3.889 3.977 3.990 3.526 3.566 3.566 4.023 4.034 3.536 4.057 4.068 4.073 4.077 4.080 4.083 3.576 4.089 4.093 4.095 4.098 3.586 4.103 4.105 4.108 4.110 4.112 4.110 4.109 4.108 4.107 4.106 4.106 4.106 4.104 4.098 4.091 4.084 4.077 4.070 3.586 4.056 4.049 4.043 4.036 4.029 4.022 4.021 4.029 4.037 4.045 4.053 4.061 3.587 4.077 4.049 3.976 3.567 3.832 3.567 3.557 3.507 3.518 3.288 3.458 3.098 2.818 2.958 2.928 3.088 3.608 3.478 3.509 3.599
3.587 3.507 3.527 3.606 3.995 3.556 3.556 3.586 4.019 3.576 4.038 4.050 3.576 4.072 4.084 4.095 4.107 4.116 4.120 4.123 4.126 4.129 4.132 4.134 3.606 4.139 4.140 4.139 4.138 4.137 4.136 4.135 4.133 4.132 4.132 4.132 4.132 4.132 4.131 4.124 4.117 4.110 4.103 4.097 4.090 4.083 4.076 4.069 4.062 4.055 4.060 4.068 3.607 4.084 4.092 4.100 4.108 4.116 4.124 4.059 3.986 3.914 3.841 3.437 3.527 3.458 3.568 3.408 3.188 2.938 2.858 2.999 2.949 3.489 3.569 3.519 3.489
3.587 3.845 3.933 4.006 3.567 4.018 4.024 4.030 4.036 4.043 4.054 4.066 4.077 4.088 4.100 4.111 4.122 4.134 4.145 4.156 4.163 4.166 4.168 3.606 4.168 4.167 4.165 4.164 4.163 4.162 4.161 4.160 4.159 4.158 4.157 4.157 3.566 4.157 4.157 4.157 4.150 4.143 4.137 4.130 4.123 4.116 4.109 4.102 4.096 4.090 4.098 4.106 4.114 4.122 4.130 4.138 4.146 4.154 4.162 4.141 4.068 3.996 3.923 3.854 3.787 3.538 3.655 3.588 3.268 2.988 2.828 2.969 2.939 3.549 3.479 3.519 3.319
3.567 3.954 4.017 4.023 3.607 4.035 4.041 4.047 4.053 4.059 4.070 4.081 4.093 4.104 4.116 4.127 4.138 4.149 4.161 4.172 4.183 4.195 4.195 4.194 4.193 4.192 4.191 4.190 4.188 4.187 4.186 4.185 4.184 4.183 4.183 4.183 4.183 4.183 4.183 4.183 4.183 4.177 4.170 4.163 4.156 4.149 4.143 4.136 4.129 4.129 4.137 4.145 4.153 4.161 4.169 4.177 4.185 4.193 4.201 4.209 4.150 4.078 4.008 3.942 3.876 3.810 3.743 3.548 3.388 3.118 2.929 2.959 3.559 3.551 3.409 3.529 3.509
3.976 4.028 4.033 3.607 4.046 4.052 4.058 4.064 4.070 4.076 4.086 3.586 4.109 4.120 4.131 4.143 4.154 4.165 4.177 4.188 4.200 4.212 4.220 4.219 4.218 4.217 4.216 4.215 4.214 4.212 4.211 4.210 4.209 4.208 4.208 4.208 4.208 4.208 4.209 4.209 4.209 4.209 4.203 4.197 4.190 4.183 4.176 4.169 4.162 4.168 4.175 4.183 4.191 4.199 4.207 4.215 4.223 4.231 4.239 4.247 4.232 4.163 4.097 4.031 3.964 3.898 3.598 3.765 3.448 3.318 3.129 3.079 3.209 3.579 3.569 3.569 3.846
4.038 4.045 3.577 4.057 4.063 4.069 4.075 4.081 4.087 4.093 4.102 4.113 4.124 4.136 4.147 4.158 4.170 4.181 4.192 4.204 4.217 4.229 4.241 4.244 4.243 4.242 4.241 4.240 4.239 4.238 4.236 4.235 4.234 4.234 4.234 4.234 4.234 4.234 4.234 4.234 4.234 4.234 4.234 4.230 4.223 4.216 4.209 4.202 4.198 4.206 4.214 4.222 4.230 4.238 4.246 4.254 4.262 4.270 4.278 4.285 4.288 4.250 4.185 4.119 4.053 3.986 3.920 3.854 3.548 3.518 3.179 3.349 3.626 3.699 3.773 3.846 3.549
4.056 4.062 4.068 4.074 4.080 4.086 4.092 4.098 4.104 4.110 4.118 4.129 4.140 4.152 4.163 4.174 4.186 4.197 4.209 4.221 4.234 4.246 4.258 4.270 4.269 4.267 4.266 4.265 4.264 4.263 4.262 4.261 4.259 4.260 4.260 4.260 4.260 4.260 4.260 4.260 4.260 4.260 4.260 4.260 4.256 4.249 4.242 4.236 4.237 4.245 4.253 4.261 4.269 4.277 4.284 4.292 4.299 4.306 4.313 4.320 4.319 4.280 4.241 4.202 4.141 4.075 4.008 3.942 3.598 3.810 3.509 3.339 3.700 3.773 3.847 3.921 3.994
4.072 4.078 4.085 4.091 4.097 4.103 4.109 4.115 4.121 4.127 4.134 4.145 4.156 4.167 4.179 4.190 4.201 4.213 4.226 4.238 4.250 4.263 4.275 4.287 4.294 4.293 4.292 4.290 4.289 4.288 4.287 4.286 4.285 4.285 4.285 4.285 4.285 4.285 4.285 4.285 4.285 4.286 4.286 4.285 4.286 4.283 4.276 4.269 4.275 4.283 4.291 4.299 4.307 4.314 4.321 4.328 4.335 4.341 4.348 4.355 4.349 4.310 4.271 4.233 4.194 4.155 4.097 4.031 3.588 3.898 3.832 3.529 3.774 3.848 3.921 3.995 4.068
4.089 4.095 4.102 4.108 4.114 4.120 4.126 4.132 4.138 4.144 4.150 4.161 4.172 4.183 4.195 4.206 4.218 4.230 4.243 4.255 4.267 4.279 4.292 4.304 4.316 4.318 4.317 4.316 4.314 4.313 4.312 4.311 4.311 4.311 4.311 4.311 4.311 4.311 4.311 4.311 4.311 4.311 4.311 4.311 4.311 4.311 4.309 4.306 4.314 4.321 4.328 4.335 4.342 4.349 4.356 4.363 4.369 4.376 4.383 4.390 4.380 4.341 4.302 4.263 4.224 4.185 4.147 4.108 4.053 3.986 3.920 3.579 3.848 3.922 3.995 4.060 4.101
