includes/overflow_coast_h/floodfiles/results/res-0001.wdfp
ncols         906
nrows         631
xllcorner     362177.146670
yllcorner     6534722.565530
cellsize      20.000000
NODATA_value  -9999.000000
[rows 544 to 577 of 631, columns 462 to 538 of 906]
1.870 1.899 1.928 1.957 1.986 2.016 2.047 2.078 2.108 2.139 2.170 2.200 2.231 2.261 2.292 2.323 2.353 2.373 2.333 2.295 2.257 2.219 2.181 2.143 2.105 2.067 2.030 1.992 1.954 1.916 1.878 1.910 1.946 1.981 2.017 2.052 2.087 2.123 2.158 2.194 2.229 2.262 2.290 2.318 2.340 2.345 2.349 2.353 2.342 2.331 2.320 2.309 2.298 2.287 2.276 2.265 2.254 2.243 2.254 2.278 2.302 2.325 2.349 2.373 2.397 2.421 2.445 2.469 2.492 2.513 2.534 2.555 2.577 2.599 2.621 2.643 2.666
1.865 1.894 1.923 1.952 1.981 2.011 2.042 2.072 2.103 2.134 2.164 2.195 2.225 2.256 2.287 2.317 2.371 2.406 2.358 2.311 2.271 2.232 2.195 2.157 2.119 2.081 2.043 2.005 1.967 1.929 1.891 1.921 1.957 1.992 2.028 2.063 2.098 2.134 2.169 2.205 2.233 2.261 2.289 2.316 2.338 2.343 2.348 2.352 2.357 2.357 2.345 2.334 2.323 2.312 2.301 2.290 2.279 2.268 2.281 2.305 2.328 2.352 2.376 2.400 2.424 2.448 2.472 2.493 2.514 2.535 2.556 2.577 2.599 2.621 2.643 2.665 2.687
1.860 1.889 1.918 1.947 1.976 2.006 2.036 2.067 2.098 2.128 2.159 2.190 2.220 2.251 2.291 2.346 2.400 2.439 2.391 2.344 2.296 2.249 2.208 2.170 2.132 2.094 2.056 2.018 1.980 1.942 1.904 1.932 1.968 2.003 2.039 2.074 2.109 2.145 2.176 2.204 2.231 2.259 2.287 2.315 2.336 2.341 2.346 2.351 2.356 2.360 2.365 2.360 2.349 2.338 2.327 2.316 2.305 2.294 2.307 2.331 2.355 2.379 2.403 2.427 2.451 2.472 2.493 2.514 2.535 2.556 2.577 2.599 2.621 2.643 2.665 2.687 2.709
1.855 1.884 1.913 1.942 1.971 2.001 2.031 2.062 2.093 2.123 2.154 2.184 2.215 2.266 2.320 2.375 2.429 2.472 2.424 2.377 2.329 2.281 2.234 2.186 2.145 2.107 2.069 2.031 1.993 1.955 1.917 1.943 1.979 2.014 2.050 2.085 2.118 2.146 2.174 2.202 2.230 2.258 2.286 2.313 2.334 2.339 2.344 2.348 2.353 2.358 2.363 2.368 2.374 2.363 2.353 2.341 2.330 2.319 2.334 2.358 2.382 2.406 2.430 2.452 2.473 2.494 2.515 2.536 2.557 2.578 2.599 2.620 2.642 2.664 2.686 2.708 2.730
1.850 1.879 1.908 1.937 1.966 1.995 2.026 2.057 2.087 2.118 2.149 2.186 2.241 2.295 2.349 2.403 2.458 2.504 2.457 2.409 2.362 2.314 2.267 2.219 2.172 2.124 2.082 2.044 2.006 1.968 1.930 1.954 1.990 2.025 2.061 2.089 2.117 2.145 2.173 2.201 2.228 2.256 2.284 2.312 2.332 2.337 2.341 2.346 2.351 2.356 2.361 2.366 2.371 2.376 2.378 2.367 2.356 2.345 2.361 2.385 2.409 2.432 2.453 2.474 2.495 2.516 2.537 2.558 2.579 2.600 2.621 2.642 2.664 2.686 2.708 2.730 2.752
1.845 1.874 1.903 1.932 1.961 1.990 2.021 2.052 2.082 2.113 2.161 2.215 2.270 2.324 2.378 2.432 2.486 2.537 2.490 2.442 2.395 2.347 2.300 2.252 2.205 2.157 2.110 2.062 2.019 1.981 1.943 1.965 2.001 2.032 2.060 2.088 2.115 2.143 2.171 2.199 2.227 2.255 2.282 2.310 2.329 2.334 2.339 2.344 2.349 2.354 2.359 2.364 2.369 2.374 2.380 2.385 2.381 2.370 2.388 2.411 2.432 2.453 2.474 2.495 2.516 2.537 2.558 2.579 2.600 2.621 2.642 2.664 2.686 2.708 2.730 2.752 2.774
1.849 1.869 1.898 1.927 1.956 1.985 2.016 2.046 2.081 2.136 2.190 2.244 2.298 2.353 2.407 2.461 2.515 2.570 2.523 2.475 2.428 2.380 2.332 2.285 2.237 2.190 2.142 2.095 2.047 2.000 1.956 1.974 2.002 2.030 2.058 2.086 2.114 2.142 2.170 2.197 2.225 2.253 2.281 2.309 2.328 2.332 2.337 2.342 2.347 2.352 2.357 2.362 2.367 2.372 2.378 2.383 2.388 2.393 2.412 2.433 2.454 2.475 2.496 2.517 2.538 2.559 2.580 2.601 2.622 2.643 2.664 2.685 2.707 2.729 2.751 2.773 2.795
1.864 1.883 1.903 1.923 1.951 1.980 2.010 2.056 2.110 2.165 2.219 2.273 2.327 2.382 2.436 2.490 2.544 2.598 2.556 2.508 2.460 2.413 2.365 2.318 2.270 2.223 2.175 2.128 2.080 2.032 2.004 1.991 2.001 2.029 2.057 2.084 2.112 2.140 2.168 2.196 2.224 2.252 2.279 2.307 2.326 2.330 2.335 2.340 2.345 2.350 2.355 2.360 2.365 2.370 2.375 2.380 2.409 2.446 2.451 2.455 2.476 2.497 2.518 2.539 2.560 2.581 2.602 2.623 2.644 2.665 2.686 2.707 2.729 2.751 2.773 2.795 2.817
1.878 1.898 1.917 1.937 1.956 1.977 2.031 2.085 2.139 2.194 2.248 2.302 2.356 2.410 2.465 2.519 2.573 2.627 2.588 2.541 2.493 2.446 2.398 2.351 2.303 2.255 2.208 2.160 2.124 2.097 2.071 2.058 2.047 2.037 2.055 2.083 2.111 2.139 2.167 2.194 2.222 2.250 2.278 2.306 2.324 2.328 2.333 2.338 2.343 2.348 2.353 2.358 2.363 2.368 2.389 2.427 2.465 2.503 2.506 2.507 2.508 2.518 2.539 2.560 2.581 2.602 2.623 2.644 2.665 2.686 2.707 2.729 2.751 2.773 2.795 2.817 2.839
1.892 1.912 1.931 1.951 1.977 2.003 2.058 2.114 2.168 2.222 2.277 2.331 2.385 2.439 2.493 2.548 2.602 2.656 2.621 2.574 2.526 2.479 2.431 2.383 2.336 2.288 2.243 2.217 2.191 2.165 2.138 2.125 2.115 2.104 2.094 2.084 2.109 2.137 2.165 2.193 2.221 2.248 2.276 2.304 2.321 2.326 2.331 2.336 2.341 2.346 2.351 2.356 2.370 2.408 2.446 2.484 2.522 2.559 2.561 2.562 2.563 2.564 2.565 2.582 2.603 2.624 2.645 2.666 2.687 2.708 2.729 2.750 2.773 2.794 2.816 2.838 2.860
1.907 1.926 1.952 1.977 2.003 2.030 2.085 2.141 2.196 2.251 2.306 2.360 2.414 2.468 2.522 2.577 2.631 2.685 2.654 2.607 2.559 2.512 2.464 2.416 2.369 2.337 2.310 2.284 2.258 2.232 2.206 2.192 2.182 2.171 2.161 2.151 2.141 2.136 2.163 2.191 2.219 2.247 2.275 2.302 2.319 2.324 2.329 2.334 2.339 2.344 2.350 2.388 2.426 2.464 2.502 2.540 2.578 2.615 2.616 2.617 2.618 2.619 2.620 2.620 2.625 2.646 2.667 2.688 2.709 2.730 2.751 2.772 2.794 2.816 2.838 2.860 2.882
1.926 1.952 1.978 2.003 2.029 2.056 2.112 2.167 2.223 2.278 2.333 2.389 2.443 2.497 2.551 2.605 2.660 2.714 2.687 2.640 2.592 2.544 2.497 2.456 2.430 2.404 2.378 2.351 2.325 2.299 2.273 2.259 2.249 2.239 2.228 2.218 2.208 2.197 2.187 2.190 2.218 2.245 2.273 2.301 2.317 2.322 2.327 2.332 2.337 2.369 2.407 2.445 2.483 2.521 2.559 2.597 2.635 2.670 2.671 2.672 2.673 2.674 2.675 2.675 2.676 2.677 2.688 2.709 2.730 2.751 2.772 2.794 2.816 2.838 2.860 2.882 2.903
1.952 1.978 2.004 2.029 2.055 2.083 2.139 2.194 2.249 2.305 2.360 2.415 2.471 2.526 2.580 2.634 2.688 2.743 2.720 2.673 2.625 2.577 2.550 2.524 2.497 2.471 2.445 2.419 2.392 2.366 2.340 2.326 2.316 2.306 2.296 2.285 2.275 2.265 2.254 2.244 2.234 2.244 2.271 2.299 2.315 2.320 2.325 2.350 2.388 2.425 2.463 2.501 2.539 2.577 2.615 2.653 2.691 2.725 2.726 2.727 2.728 2.729 2.730 2.730 2.731 2.732 2.733 2.734 2.752 2.773 2.794 2.816 2.838 2.859 2.881 2.900 2.919
1.978 2.004 2.029 2.055 2.081 2.110 2.165 2.221 2.276 2.331 2.387 2.442 2.497 2.553 2.608 2.663 2.717 2.771 2.753 2.705 2.670 2.643 2.617 2.591 2.564 2.538 2.512 2.486 2.459 2.433 2.407 2.394 2.383 2.373 2.363 2.352 2.342 2.332 2.322 2.311 2.301 2.290 2.280 2.298 2.313 2.330 2.368 2.406 2.444 2.482 2.520 2.558 2.596 2.634 2.672 2.710 2.748 2.780 2.781 2.782 2.783 2.784 2.784 2.785 2.786 2.787 2.788 2.789 2.790 2.795 2.816 2.837 2.859 2.878 2.897 2.916 2.935
2.004 2.030 2.055 2.081 2.107 2.136 2.192 2.247 2.303 2.358 2.413 2.469 2.524 2.579 2.634 2.690 2.745 2.800 2.789 2.763 2.737 2.711 2.684 2.658 2.632 2.605 2.579 2.553 2.527 2.500 2.474 2.461 2.451 2.440 2.430 2.420 2.409 2.399 2.389 2.378 2.368 2.358 2.347 2.341 2.350 2.387 2.425 2.463 2.501 2.539 2.577 2.614 2.652 2.690 2.728 2.766 2.804 2.835 2.836 2.837 2.838 2.839 2.839 2.840 2.841 2.842 2.843 2.844 2.845 2.846 2.847 2.857 2.876 2.895 2.914 2.932 2.951
2.030 2.056 2.081 2.107 2.132 2.163 2.218 2.274 2.329 2.385 2.440 2.495 2.550 2.606 2.661 2.716 2.772 2.832 2.846 2.830 2.804 2.778 2.751 2.725 2.699 2.673 2.646 2.620 2.594 2.568 2.541 2.528 2.518 2.507 2.497 2.487 2.477 2.466 2.456 2.445 2.435 2.425 2.446 2.472 2.479 2.474 2.481 2.519 2.557 2.595 2.633 2.671 2.709 2.747 2.785 2.823 2.861 2.890 2.891 2.892 2.893 2.893 2.894 2.895 2.896 2.897 2.898 2.899 2.900 2.931 2.987 2.962 2.898 2.911 2.930 2.949 2.968
2.056 2.082 2.107 2.133 2.158 2.190 2.245 2.300 2.356 2.411 2.466 2.522 2.577 2.632 2.688 2.746 2.807 2.868 2.882 2.873 2.863 2.845 2.819 2.792 2.766 2.740 2.713 2.687 2.661 2.635 2.608 2.595 2.585 2.575 2.564 2.554 2.544 2.533 2.523 2.513 2.524 2.550 2.576 2.602 2.609 2.603 2.597 2.592 2.614 2.652 2.689 2.727 2.765 2.803 2.841 2.879 2.917 2.945 2.946 2.947 2.947 2.948 2.949 2.950 2.951 2.952 2.953 2.976 3.032 3.088 3.144 3.112 3.048 2.983 2.946 2.965 2.984
2.082 2.107 2.133 2.159 2.184 2.216 2.272 2.327 2.382 2.438 2.493 2.548 2.603 2.660 2.722 2.783 2.844 2.905 2.918 2.908 2.899 2.890 2.881 2.859 2.833 2.807 2.781 2.754 2.728 2.702 2.676 2.662 2.652 2.642 2.631 2.621 2.611 2.600 2.603 2.629 2.655 2.681 2.707 2.733 2.738 2.732 2.727 2.721 2.715 2.710 2.746 2.784 2.822 2.860 2.898 2.936 2.974 3.000 3.001 3.002 3.002 3.003 3.004 3.005 3.006 3.021 3.077 3.133 3.189 3.245 3.301 3.262 3.198 3.133 3.069 3.005 3.000
2.108 2.133 2.159 2.184 2.210 2.243 2.298 2.353 2.409 2.464 2.519 2.575 2.636 2.697 2.758 2.819 2.880 2.941 2.953 2.944 2.935 2.926 2.916 2.907 2.898 2.874 2.848 2.821 2.795 2.769 2.743 2.729 2.719 2.709 2.699 2.688 2.682 2.707 2.733 2.759 2.785 2.811 2.837 2.863 2.867 2.862 2.856 2.850 2.845 2.839 2.834 2.840 2.878 2.916 2.954 2.992 3.030 3.055 3.056 3.057 3.057 3.058 3.059 3.066 3.122 3.178 3.234 3.290 3.346 3.402 3.458 3.412 3.347 3.283 3.219 3.155 3.091
2.143 2.159 2.185 2.210 2.236 2.269 2.325 2.380 2.435 2.490 2.550 2.611 2.672 2.733 2.794 2.855 2.916 2.977 2.989 2.980 2.970 2.961 2.952 2.943 2.934 2.924 2.915 2.888 2.862 2.836 2.810 2.797 2.786 2.776 2.766 2.786 2.812 2.838 2.864 2.890 2.916 2.941 2.967 2.993 2.996 2.991 2.985 2.980 2.974 2.968 2.963 2.957 2.952 2.973 3.011 3.049 3.087 3.110 3.111 3.111 3.112 3.113 3.167 3.223 3.279 3.335 3.391 3.447 3.503 3.559 3.615 3.562 3.498 3.433 3.369 3.305 3.241
2.190 2.201 2.213 2.236 2.261 2.296 2.351 2.406 2.464 2.525 2.587 2.648 2.709 2.770 2.831 2.892 2.953 3.014 3.024 3.015 3.006 2.997 2.988 2.978 2.969 2.960 2.951 2.942 2.929 2.903 2.877 2.864 2.853 2.864 2.890 2.916 2.942 2.968 2.994 3.020 3.046 3.072 3.098 3.124 3.126 3.120 3.114 3.109 3.103 3.098 3.092 3.086 3.081 3.075 3.070 3.105 3.143 3.165 3.166 3.166 3.212 3.268 3.324 3.380 3.436 3.492 3.548 3.604 3.660 3.716 3.772 3.712 3.647 3.583 3.519 3.455 3.391
2.236 2.248 2.259 2.271 2.287 2.322 2.379 2.440 2.501 2.562 2.623 2.684 2.745 2.806 2.867 2.928 2.989 3.050 3.060 3.051 3.042 3.032 3.023 3.014 3.005 2.996 2.986 2.977 2.968 2.959 2.944 2.943 2.969 2.995 3.021 3.047 3.073 3.099 3.124 3.150 3.176 3.202 3.228 3.254 3.255 3.249 3.244 3.238 3.232 3.227 3.221 3.216 3.210 3.205 3.199 3.193 3.199 3.219 3.257 3.313 3.369 3.425 3.481 3.537 3.593 3.649 3.705 3.761 3.817 3.873 3.926 3.862 3.797 3.733 3.669 3.605 3.541
2.283 2.295 2.306 2.318 2.333 2.366 2.415 2.476 2.537 2.598 2.659 2.720 2.781 2.842 2.903 2.964 3.025 3.086 3.096 3.087 3.077 3.068 3.059 3.050 3.041 3.031 3.022 3.013 3.004 2.997 3.023 3.065 3.099 3.125 3.151 3.177 3.203 3.229 3.255 3.281 3.306 3.332 3.358 3.384 3.384 3.379 3.373 3.367 3.362 3.356 3.351 3.345 3.339 3.334 3.328 3.323 3.326 3.360 3.414 3.470 3.526 3.582 3.638 3.694 3.750 3.806 3.862 3.918 3.974 4.030 4.076 4.012 3.947 3.883 3.819 3.755 3.691
2.330 2.341 2.365 2.405 2.446 2.476 2.495 2.513 2.573 2.634 2.696 2.757 2.818 2.879 2.940 3.001 3.062 3.123 3.131 3.122 3.113 3.104 3.095 3.085 3.076 3.067 3.058 3.049 3.067 3.094 3.120 3.163 3.208 3.253 3.281 3.307 3.333 3.359 3.385 3.411 3.437 3.463 3.489 3.515 3.513 3.508 3.502 3.497 3.491 3.485 3.480 3.474 3.469 3.463 3.464 3.476 3.489 3.524 3.575 3.627 3.683 3.739 3.795 3.851 3.907 3.963 4.019 4.075 4.131 4.187 4.226 4.162 4.097 4.033 3.969 3.905 3.841
2.397 2.437 2.477 2.518 2.558 2.587 2.606 2.624 2.643 2.671 2.732 2.793 2.854 2.915 2.976 3.037 3.098 3.159 3.167 3.158 3.149 3.139 3.130 3.121 3.112 3.103 3.111 3.137 3.164 3.190 3.217 3.260 3.305 3.351 3.396 3.438 3.464 3.490 3.515 3.541 3.567 3.593 3.619 3.645 3.643 3.637 3.631 3.626 3.620 3.615 3.609 3.603 3.602 3.614 3.627 3.639 3.651 3.689 3.740 3.791 3.842 3.896 3.952 4.008 4.064 4.120 4.176 4.232 4.288 4.344 4.376 4.312 4.247 4.183 4.119 4.055 3.991
2.509 2.549 2.590 2.630 2.670 2.698 2.716 2.735 2.753 2.772 2.790 2.829 2.890 2.951 3.012 3.073 3.134 3.195 3.203 3.193 3.184 3.175 3.166 3.157 3.155 3.181 3.208 3.234 3.261 3.287 3.314 3.357 3.403 3.448 3.493 3.538 3.583 3.620 3.646 3.672 3.697 3.723 3.749 3.775 3.772 3.766 3.761 3.755 3.749 3.744 3.740 3.752 3.764 3.777 3.789 3.801 3.813 3.854 3.905 3.956 4.007 4.058 4.109 4.165 4.221 4.277 4.333 4.389 4.445 4.501 4.526 4.462 4.397 4.333 4.269 4.205 4.140
2.621 2.661 2.702 2.742 2.782 2.808 2.827 2.845 2.864 2.882 2.901 2.919 2.938 2.988 3.049 3.110 3.171 3.232 3.238 3.229 3.220 3.211 3.201 3.225 3.252 3.278 3.305 3.331 3.358 3.384 3.411 3.454 3.500 3.545 3.590 3.636 3.681 3.726 3.771 3.802 3.828 3.854 3.880 3.906 3.901 3.895 3.890 3.884 3.879 3.890 3.902 3.914 3.927 3.939 3.951 3.963 3.975 4.018 4.069 4.120 4.172 4.223 4.274 4.325 4.378 4.434 4.490 4.546 4.601 4.658 4.676 4.611 4.547 4.483 4.419 4.355 4.290
2.733 2.774 2.814 2.854 2.894 2.919 2.937 2.956 2.974 2.993 3.011 3.030 3.048 3.066 3.085 3.146 3.207 3.268 3.274 3.265 3.255 3.269 3.296 3.322 3.349 3.375 3.402 3.428 3.454 3.481 3.507 3.552 3.597 3.642 3.687 3.733 3.778 3.823 3.868 3.913 3.958 3.984 4.010 4.036 4.030 4.025 4.019 4.028 4.040 4.052 4.065 4.077 4.089 4.101 4.113 4.125 4.137 4.183 4.234 4.285 4.336 4.387 4.438 4.490 4.541 4.592 4.646 4.702 4.758 4.814 4.826 4.761 4.697 4.633 4.569 4.513 4.470
2.846 2.886 2.926 2.966 3.006 3.030 3.048 3.067 3.085 3.103 3.122 3.140 3.159 3.177 3.195 3.214 3.243 3.304 3.310 3.313 3.340 3.366 3.393 3.419 3.445 3.472 3.498 3.525 3.551 3.578 3.604 3.649 3.694 3.739 3.785 3.830 3.875 3.920 3.966 4.011 4.056 4.101 4.140 4.165 4.160 4.166 4.178 4.190 4.202 4.215 4.227 4.239 4.251 4.263 4.275 4.287 4.300 4.347 4.398 4.450 4.501 4.552 4.603 4.654 4.705 4.756 4.808 4.859 4.915 4.971 4.976 4.911 4.847 4.790 4.747 4.705 4.662
2.958 2.998 3.038 3.078 3.118 3.140 3.159 3.177 3.196 3.214 3.232 3.251 3.269 3.288 3.306 3.324 3.343 3.364 3.384 3.410 3.437 3.463 3.489 3.516 3.542 3.569 3.595 3.622 3.648 3.675 3.701 3.746 3.791 3.837 3.882 3.927 3.972 4.017 4.063 4.108 4.153 4.198 4.244 4.290 4.316 4.328 4.340 4.353 4.365 4.377 4.389 4.401 4.413 4.425 4.438 4.450 4.462 4.512 4.563 4.614 4.665 4.716 4.768 4.819 4.870 4.921 4.972 5.023 5.074 5.128 5.126 5.067 5.024 4.982 4.939 4.896 4.854
3.070 3.110 3.150 3.190 3.230 3.251 3.269 3.288 3.306 3.325 3.343 3.361 3.380 3.398 3.416 3.435 3.486 3.552 3.548 3.523 3.533 3.560 3.586 3.613 3.639 3.666 3.692 3.718 3.745 3.771 3.798 3.843 3.889 3.934 3.979 4.024 4.069 4.115 4.160 4.205 4.250 4.296 4.343 4.390 4.441 4.491 4.503 4.515 4.527 4.539 4.551 4.563 4.575 4.587 4.600 4.612 4.625 4.677 4.728 4.779 4.830 4.881 4.932 4.983 5.034 5.086 5.137 5.188 5.239 5.285 5.301 5.258 5.216 5.173 5.131 5.088 5.046
3.182 3.222 3.262 3.302 3.343 3.361 3.380 3.398 3.417 3.435 3.454 3.472 3.490 3.509 3.541 3.607 3.673 3.739 3.737 3.713 3.688 3.664 3.683 3.709 3.736 3.762 3.789 3.815 3.842 3.868 3.895 3.940 3.986 4.031 4.076 4.121 4.166 4.212 4.257 4.303 4.349 4.396 4.443 4.491 4.542 4.593 4.644 4.677 4.689 4.701 4.713 4.725 4.738 4.750 4.762 4.774 4.790 4.841 4.892 4.943 4.994 5.046 5.097 5.148 5.199 5.250 5.301 5.347 5.372 5.396 5.412 5.424 5.408 5.365 5.323 5.280 5.238
3.294 3.334 3.374 3.414 3.454 3.472 3.490 3.509 3.527 3.546 3.564 3.582 3.601 3.663 3.729 3.794 3.860 3.926 3.927 3.902 3.878 3.853 3.829 3.806 3.833 3.859 3.885 3.912 3.938 3.965 3.992 4.038 4.083 4.128 4.173 4.218 4.264 4.309 4.356 4.403 4.449 4.496 4.543 4.591 4.642 4.693 4.744 4.795 4.846 4.863 4.875 4.888 4.900 4.912 4.924 4.936 4.955 5.006 5.057 5.108 5.159 5.210 5.261 5.312 5.363 5.410 5.434 5.459 5.483 5.508 5.523 5.534 5.546 5.557 5.514 5.472 5.429
3.406 3.446 3.486 3.526 3.564 3.582 3.601 3.619 3.638 3.656 3.674 3.719 3.784 3.850 3.916 3.982 4.048 4.113 4.116 4.092 4.067 4.043 4.018 3.994 3.969 3.956 3.982 4.009 4.035 4.062 4.089 4.135 4.180 4.225 4.270 4.315 4.362 4.409 4.456 4.503 4.550 4.596 4.643 4.692 4.743 4.794 4.844 4.895 4.946 4.997 5.038 5.050 5.062 5.074 5.086 5.098 5.119 5.170 5.221 5.272 5.324 5.375 5.426 5.473 5.497 5.521 5.546 5.570 5.595 5.619 5.633 5.645 5.656 5.668 5.679 5.664 5.621
