includes/overflow_coast_h/floodfiles/results/res-0011.wdfp
ncols         906
nrows         631
xllcorner     362177.146670
yllcorner     6534722.565530
cellsize      20.000000
NODATA_value  -9999.000000
[rows 510 to 543 of 631, columns 385 to 461 of 906]
0.061 0.000 0.000 0.000 0.001 0.000 0.000 0.000 0.000 0.000 0.000 0.000 0.000 0.000 0.000 0.000 0.000 0.000 0.000 0.000 0.000 0.000 0.000 0.000 0.000 0.000 0.000 0.000 0.000 0.000 0.000 0.000 0.000 0.000 0.000 0.000 0.000 0.000 0.000 0.000 0.000 0.000 0.000 0.000 0.000 0.000 0.000 0.000 0.000 0.000 0.000 0.000 0.000 0.000 0.041 0.000 0.000 0.000 0.042 0.000 0.003 0.000 0.000 0.000 0.000 0.000 0.000 0.000 0.000 0.001 0.000 0.000 0.001 0.001 0.002 0.002 0.002
0.000 0.004 0.006 0.396 0.001 0.000 0.001 0.001 0.000 0.000 0.011 0.000 0.000 0.000 0.000 0.000 0.000 0.000 0.000 0.000 0.000 0.000 0.000 0.000 1.255 0.000 0.000 0.000 0.000 0.000 0.000 0.000 0.000 0.000 0.000 0.000 0.000 0.000 0.000 0.000 0.000 0.000 0.000 0.000 0.000 0.000 0.000 0.000 0.000 0.000 0.000 0.000 0.000 0.000 0.000 0.004 0.001 0.000 0.000 0.000 0.000 0.000 0.009 0.032 0.054 0.000 0.000 0.001 0.000 0.000 0.000 0.000 0.001 0.001 0.001 0.002 0.002
0.000 0.002 0.000 0.000 0.000 0.023 0.000 0.001 0.000 0.001 0.000 0.000 0.000 0.000 0.000 0.000 0.000 0.000 0.000 0.000 0.000 0.000 1.159 0.906 0.934 0.000 0.000 0.000 0.000 0.000 0.000 0.000 0.000 0.000 0.000 0.000 0.000 0.000 0.000 0.000 0.000 0.000 0.000 0.000 0.000 0.000 0.000 0.000 0.000 0.000 0.000 0.000 0.000 0.067 0.000 0.004 0.000 0.000 0.000 0.000 0.004 0.029 0.052 0.000 0.000 0.000 0.000 0.000 0.001 0.000 0.000 0.000 0.001 0.001 0.001 0.002 0.002
0.002 0.006 0.000 0.000 0.343 0.319 0.000 0.002 0.000 0.052 0.000 0.000 0.000 0.000 0.000 0.000 0.000 0.000 0.000 0.000 0.000 1.489 1.235 0.981 0.728 0.000 0.000 0.000 0.000 0.000 0.000 0.000 0.000 0.000 0.000 0.000 0.000 0.000 0.000 0.000 0.000 0.000 0.000 0.000 0.000 0.000 0.000 0.000 0.000 0.121 0.006 0.010 0.037 0.027 0.066 0.013 0.010 0.000 0.000 0.004 0.030 0.000 0.000 0.401 0.000 0.000 0.000 0.001 0.000 0.000 0.000 0.000 0.000 0.000 0.001 0.002 0.002
0.004 0.000 0.000 0.000 0.002 0.000 0.000 0.000 0.083 0.000 0.000 0.000 0.000 0.000 0.000 0.000 0.000 0.000 0.000 0.000 1.818 1.564 1.311 0.000 0.000 0.000 0.000 0.000 0.000 0.000 0.000 0.000 0.000 0.000 0.000 0.000 0.000 0.000 0.000 0.000 0.000 0.000 0.000 0.000 0.000 0.000 0.000 0.000 0.036 0.014 0.000 0.050 0.000 0.000 0.000 0.010 0.044 0.003 0.005 0.006 0.000 0.000 0.000 0.000 0.000 0.000 0.001 0.000 0.000 0.000 0.000 0.000 0.000 0.001 0.001 0.002 0.002
0.004 0.000 0.002 0.003 0.000 0.343 0.000 0.000 0.001 0.000 0.000 0.000 0.000 0.000 0.000 0.000 0.000 0.000 0.000 2.147 1.893 0.000 0.000 0.000 0.000 0.000 0.000 0.000 0.000 0.000 0.000 0.000 0.000 0.000 0.000 0.000 0.000 0.000 0.000 0.000 0.000 0.000 0.000 0.000 0.000 0.000 0.000 0.000 0.146 0.000 0.000 0.000 0.000 0.000 0.010 0.050 0.000 0.003 0.005 0.005 0.003 0.002 0.001 0.001 0.000 0.000 0.000 0.000 0.000 0.000 0.000 0.000 0.001 0.001 0.001 0.002 0.002
0.003 0.001 0.001 0.000 0.000 0.000 0.000 0.001 0.000 0.032 0.000 0.011 0.000 0.000 0.000 0.000 0.000 0.000 0.000 0.000 0.004 0.000 0.000 0.000 0.000 0.000 0.000 0.000 0.000 0.000 0.000 0.000 0.000 0.000 0.000 0.000 0.000 0.000 0.000 0.000 0.000 0.000 0.000 0.000 0.000 0.006 0.066 0.066 0.076 0.066 0.096 0.000 0.000 0.000 0.000 0.000 0.000 0.002 0.004 0.005 0.004 0.003 0.002 0.002 0.001 0.001 0.000 0.000 0.000 0.000 0.000 0.000 0.001 0.000 0.001 0.002 0.002
0.002 0.001 0.001 0.000 0.000 0.001 0.001 0.001 0.000 0.000 0.000 0.000 0.000 0.000 0.000 0.000 0.000 0.000 0.000 0.005 0.006 0.000 0.000 0.000 0.000 0.000 0.000 0.000 0.000 0.000 0.000 0.000 0.000 0.000 0.000 0.000 0.000 0.000 0.000 0.000 0.000 0.000 0.000 0.000 0.126 0.146 0.076 0.016 0.076 0.000 0.000 0.000 0.000 0.000 0.000 0.000 0.000 0.001 0.003 0.004 0.004 0.004 0.003 0.002 0.002 0.002 0.001 0.000 0.000 0.000 0.000 0.000 0.000 0.001 0.001 0.002 0.002
0.002 0.001 0.001 0.001 0.000 0.001 0.000 0.001 0.000 0.000 0.000 0.000 0.000 0.000 0.000 0.000 0.000 0.000 0.000 0.004 0.003 0.001 0.000 0.000 0.000 0.000 0.000 0.000 0.000 0.000 0.000 0.000 0.000 0.000 0.000 0.000 0.000 0.000 0.000 0.000 0.000 0.000 0.000 0.000 0.000 0.016 0.000 0.000 0.000 0.000 0.000 0.000 0.000 0.000 0.000 0.000 0.000 0.001 0.002 0.004 0.004 0.004 0.004 0.004 0.003 0.002 0.002 0.001 0.000 0.000 0.000 0.000 0.001 0.001 0.001 0.002 0.002
0.002 0.001 0.001 0.000 0.001 0.001 0.000 0.001 0.000 0.000 0.000 0.000 0.000 0.000 0.000 0.001 0.001 0.000 0.001 0.002 0.001 0.000 0.000 0.000 0.000 0.000 0.000 0.000 0.000 0.000 0.000 0.000 0.000 0.000 0.000 0.000 0.000 0.000 0.000 0.000 0.000 0.000 0.000 0.089 0.000 0.002 0.000 0.000 0.000 0.000 0.000 0.000 0.000 0.000 0.000 0.000 0.000 0.000 0.001 0.003 0.004 0.004 0.005 0.005 0.004 0.003 0.002 0.001 0.001 0.000 0.001 0.001 0.001 0.002 0.002 0.002 0.002
0.002 0.001 0.000 0.000 0.000 0.000 0.000 0.001 0.000 0.000 0.000 0.000 0.000 0.000 0.001 0.000 0.001 0.000 0.002 0.001 0.001 0.000 0.000 0.000 0.000 0.000 0.000 0.000 0.000 0.000 0.000 0.000 0.000 0.000 0.000 0.000 0.000 0.000 0.000 0.000 0.000 0.521 0.000 0.059 0.000 0.092 0.000 0.000 0.000 0.000 0.000 0.000 0.000 0.000 0.000 0.000 0.000 0.000 0.000 0.003 0.004 0.006 0.005 0.005 0.004 0.003 0.003 0.002 0.001 0.001 0.001 0.002 0.002 0.002 0.002 0.002 0.002
0.001 0.000 0.001 0.000 0.001 0.001 0.001 0.001 0.000 0.000 0.000 0.000 0.000 0.000 0.000 0.001 0.001 0.001 0.000 0.003 0.000 0.020 0.000 0.000 0.000 0.000 0.000 0.000 0.037 0.177 0.127 0.027 0.027 0.000 0.000 0.000 0.000 0.000 0.000 0.000 0.000 0.000 0.019 0.069 0.139 0.000 0.000 0.000 0.000 0.000 0.000 0.000 0.000 0.000 0.000 0.000 0.000 0.000 0.001 0.002 0.005 0.005 0.005 0.005 0.004 0.004 0.003 0.002 0.002 0.002 0.002 0.002 0.002 0.002 0.002 0.002 0.002
0.001 0.000 0.000 0.000 0.000 0.001 0.001 0.001 0.000 0.000 0.000 0.000 0.000 0.001 0.001 0.001 0.002 0.002 0.001 0.001 0.000 0.000 0.000 0.000 0.070 0.000 0.000 0.000 0.000 0.117 0.037 0.037 0.047 0.087 0.037 0.047 0.147 0.047 0.000 0.057 0.207 0.000 0.000 0.000 0.000 0.000 0.000 0.000 0.000 0.000 0.000 0.000 0.000 0.000 0.000 0.000 0.000 0.000 0.000 0.003 0.005 0.006 0.006 0.006 0.005 0.005 0.004 0.003 0.002 0.002 0.002 0.002 0.002 0.002 0.002 0.002 0.002
0.001 0.001 0.000 0.000 0.001 0.001 0.001 0.001 0.000 0.000 0.000 0.000 0.001 0.000 0.001 0.001 0.002 0.002 0.002 0.001 0.000 0.000 0.000 0.000 0.000 0.000 0.000 0.000 0.000 0.217 0.177 0.000 0.157 0.197 0.000 0.157 0.000 0.000 0.038 0.000 0.000 0.000 0.000 0.000 0.000 0.001 0.000 0.000 0.000 0.000 0.000 0.000 0.000 0.000 0.000 0.000 0.000 0.000 0.002 0.002 0.006 0.008 0.010 0.011 0.011 0.010 0.008 0.006 0.005 0.004 0.003 0.003 0.003 0.002 0.002 0.002 0.002
0.001 0.001 0.001 0.001 0.001 0.001 0.001 0.001 0.000 0.000 0.000 0.000 0.000 0.001 0.001 0.001 0.001 0.002 0.002 0.002 0.002 0.000 0.000 0.000 0.000 0.000 0.000 0.000 0.000 0.000 0.000 0.000 0.000 0.000 0.000 0.002 0.001 0.000 0.000 0.000 0.000 0.000 0.000 0.000 0.001 0.000 0.000 0.000 0.000 0.000 0.000 0.000 0.000 0.000 0.000 0.000 0.000 0.002 0.003 0.002 0.003 0.006 0.008 0.009 0.010 0.011 0.012 0.012 0.012 0.012 0.013 0.011 0.009 0.007 0.005 0.004 0.003
0.001 0.001 0.001 0.001 0.001 0.001 0.001 0.000 0.000 0.000 0.000 0.000 0.001 0.001 0.001 0.001 0.001 0.002 0.002 0.002 0.002 0.001 0.001 0.000 0.000 0.000 0.000 0.000 0.000 0.000 0.000 0.000 0.000 0.000 0.000 0.002 0.001 0.000 0.000 0.000 0.000 0.000 0.000 0.000 0.000 0.000 0.000 0.000 0.000 0.000 0.000 0.000 0.000 0.000 0.000 0.000 0.000 0.003 0.002 0.002 0.001 0.004 0.006 0.007 0.009 0.010 0.011 0.011 0.011 0.012 0.012 0.013 0.013 0.012 0.011 0.010 0.006
0.002 0.001 0.001 0.001 0.001 0.001 0.001 0.000 0.000 0.000 0.000 0.000 0.000 0.001 0.000 0.001 0.001 0.002 0.002 0.002 0.002 0.001 0.001 0.000 0.000 0.000 0.000 0.000 0.000 0.000 0.000 0.000 0.000 0.000 0.000 0.002 0.001 0.001 0.000 0.000 0.000 0.000 0.000 0.000 0.000 0.000 0.000 0.000 0.000 0.000 0.000 0.000 0.000 0.000 0.000 0.000 0.003 0.003 0.002 0.001 0.001 0.002 0.004 0.006 0.007 0.008 0.009 0.010 0.010 0.011 0.011 0.012 0.012 0.011 0.010 0.006 0.006
0.002 0.001 0.001 0.001 0.001 0.001 0.001 0.001 0.000 0.000 0.000 0.000 0.001 0.000 0.001 0.001 0.001 0.002 0.002 0.002 0.002 0.001 0.001 0.001 0.000 0.000 0.000 0.000 0.000 0.000 0.000 0.000 0.000 0.000 0.000 0.002 0.002 0.002 0.002 0.000 0.000 0.000 0.000 0.000 0.000 0.000 0.000 0.000 0.000 0.000 0.000 0.000 0.000 0.000 0.000 0.001 0.004 0.003 0.002 0.001 0.000 0.000 0.002 0.004 0.006 0.007 0.008 0.009 0.009 0.010 0.010 0.011 0.011 0.010 0.007 0.006 0.006
0.002 0.002 0.002 0.002 0.001 0.001 0.001 0.000 0.000 0.000 0.000 0.000 0.000 0.001 0.000 0.001 0.001 0.001 0.002 0.002 0.002 0.002 0.001 0.001 0.001 0.000 0.000 0.000 0.000 0.000 0.000 0.001 0.000 0.001 0.002 0.003 0.003 0.002 0.002 0.000 0.000 0.000 0.000 0.000 0.000 0.000 0.000 0.000 0.000 0.000 0.000 0.000 0.000 0.000 0.001 0.003 0.004 0.002 0.002 0.001 0.001 0.000 0.001 0.003 0.004 0.005 0.007 0.008 0.008 0.009 0.009 0.010 0.009 0.007 0.006 0.006 0.006
0.002 0.002 0.002 0.002 0.002 0.001 0.001 0.001 0.000 0.000 0.000 0.000 0.001 0.000 0.001 0.001 0.001 0.001 0.002 0.002 0.002 0.002 0.002 0.001 0.001 0.000 0.000 0.000 0.000 0.000 0.001 0.000 0.001 0.002 0.002 0.003 0.003 0.002 0.001 0.000 0.000 0.000 0.000 0.000 0.000 0.000 0.000 0.000 0.000 0.000 0.000 0.000 0.000 0.000 0.002 0.005 0.003 0.002 0.001 0.001 0.000 0.001 0.000 0.002 0.003 0.004 0.005 0.006 0.007 0.008 0.008 0.008 0.007 0.005 0.005 0.006 0.006
0.002 0.002 0.002 0.002 0.002 0.002 0.001 0.001 0.000 0.000 0.000 0.000 0.000 0.000 0.001 0.001 0.001 0.001 0.002 0.002 0.002 0.002 0.002 0.001 0.001 0.001 0.000 0.000 0.000 0.000 0.001 0.001 0.002 0.002 0.003 0.003 0.002 0.002 0.001 0.000 0.000 0.000 0.000 0.000 0.000 0.000 0.000 0.000 0.000 0.000 0.000 0.000 0.000 0.001 0.004 0.005 0.003 0.002 0.001 0.000 0.001 0.000 0.000 0.000 0.002 0.003 0.004 0.005 0.006 0.007 0.007 0.007 0.004 0.005 0.005 0.005 0.006
0.003 0.002 0.002 0.002 0.002 0.002 0.001 0.001 0.000 0.000 0.000 0.000 0.000 0.001 0.001 0.001 0.001 0.001 0.002 0.002 0.002 0.002 0.002 0.002 0.001 0.001 0.001 0.000 0.001 0.001 0.001 0.002 0.002 0.002 0.003 0.003 0.002 0.002 0.000 0.000 0.000 0.000 0.000 0.000 0.000 0.000 0.000 0.000 0.000 0.000 0.000 0.000 0.000 0.003 0.006 0.004 0.002 0.002 0.001 0.000 0.000 0.000 0.000 0.000 0.001 0.002 0.003 0.004 0.005 0.006 0.006 0.003 0.004 0.004 0.005 0.005 0.005
0.003 0.003 0.002 0.003 0.002 0.002 0.002 0.001 0.001 0.001 0.001 0.001 0.001 0.001 0.001 0.001 0.001 0.001 0.002 0.002 0.002 0.002 0.002 0.002 0.001 0.002 0.001 0.001 0.001 0.001 0.002 0.002 0.002 0.003 0.003 0.002 0.002 0.001 0.000 0.000 0.000 0.000 0.000 0.000 0.000 0.000 0.000 0.000 0.000 0.000 0.000 0.000 0.002 0.005 0.006 0.003 0.002 0.001 0.000 0.000 0.000 0.000 0.000 0.000 0.000 0.001 0.002 0.003 0.004 0.004 0.003 0.003 0.003 0.004 0.004 0.005 0.005
0.003 0.003 0.003 0.003 0.002 0.002 0.002 0.001 0.001 0.002 0.002 0.002 0.001 0.001 0.001 0.001 0.001 0.002 0.002 0.002 0.002 0.002 0.002 0.002 0.002 0.002 0.001 0.001 0.001 0.002 0.002 0.002 0.002 0.003 0.003 0.002 0.002 0.001 0.001 0.000 0.000 0.000 0.000 0.000 0.000 0.000 0.000 0.000 0.000 0.000 0.000 0.001 0.003 0.007 0.005 0.003 0.002 0.001 0.000 0.000 0.000 0.000 0.000 0.000 0.000 0.000 0.001 0.002 0.003 0.002 0.002 0.003 0.003 0.004 0.004 0.004 0.005
0.003 0.003 0.003 0.003 0.003 0.002 0.002 0.000 0.001 0.001 0.002 0.002 0.002 0.002 0.002 0.002 0.002 0.002 0.002 0.002 0.002 0.002 0.002 0.004 0.004 0.002 0.001 0.001 0.002 0.002 0.002 0.002 0.003 0.003 0.002 0.002 0.001 0.001 0.000 0.000 0.000 0.000 0.000 0.000 0.000 0.000 0.000 0.000 0.000 0.000 0.001 0.003 0.006 0.006 0.004 0.002 0.002 0.001 0.001 0.000 0.000 0.000 0.000 0.000 0.000 0.000 0.001 0.002 0.001 0.001 0.002 0.002 0.003 0.003 0.004 0.004 0.005
0.003 0.003 0.003 0.003 0.003 0.003 0.002 0.001 0.001 0.001 0.002 0.002 0.002 0.002 0.002 0.002 0.003 0.003 0.003 0.006 0.010 0.018 0.028 0.029 0.018 0.007 0.003 0.002 0.002 0.002 0.002 0.003 0.003 0.002 0.002 0.002 0.001 0.001 0.000 0.000 0.000 0.000 0.000 0.000 0.000 0.000 0.000 0.000 0.000 0.000 0.002 0.004 0.008 0.005 0.003 0.002 0.001 0.001 0.000 0.000 0.000 0.000 0.000 0.000 0.000 0.000 0.000 0.000 0.000 0.001 0.002 0.002 0.003 0.003 0.003 0.004 0.004
0.004 0.003 0.003 0.003 0.003 0.002 0.002 0.001 0.000 0.001 0.001 0.002 0.002 0.002 0.002 0.003 0.004 0.015 0.033 0.050 0.059 0.066 0.068 0.057 0.045 0.034 0.023 0.013 0.005 0.003 0.003 0.003 0.003 0.002 0.002 0.002 0.001 0.001 0.000 0.000 0.000 0.000 0.000 0.000 0.000 0.000 0.000 0.000 0.001 0.002 0.003 0.007 0.007 0.004 0.003 0.002 0.001 0.000 0.000 0.000 0.000 0.000 0.000 0.000 0.000 0.000 0.000 0.000 0.001 0.001 0.001 0.002 0.002 0.003 0.003 0.003 0.004
0.004 0.004 0.004 0.003 0.003 0.002 0.002 0.001 0.000 0.000 0.001 0.001 0.002 0.002 0.002 0.003 0.012 0.029 0.047 0.064 0.082 0.093 0.087 0.081 0.073 0.061 0.051 0.040 0.031 0.022 0.014 0.008 0.004 0.003 0.002 0.002 0.001 0.001 0.001 0.000 0.000 0.000 0.000 0.001 0.001 0.001 0.002 0.002 0.003 0.003 0.005 0.008 0.006 0.004 0.002 0.002 0.001 0.000 0.000 0.000 0.000 0.000 0.000 0.000 0.000 0.000 0.000 0.000 0.000 0.001 0.001 0.002 0.002 0.003 0.003 0.003 0.004
0.004 0.004 0.004 0.003 0.003 0.002 0.002 0.000 0.000 0.001 0.001 0.001 0.002 0.002 0.003 0.008 0.025 0.043 0.060 0.078 0.090 0.087 0.082 0.076 0.069 0.063 0.057 0.052 0.048 0.044 0.041 0.035 0.028 0.022 0.016 0.011 0.007 0.007 0.007 0.007 0.008 0.009 0.010 0.010 0.011 0.012 0.013 0.013 0.013 0.012 0.011 0.010 0.005 0.003 0.002 0.002 0.001 0.000 0.000 0.000 0.000 0.000 0.000 0.000 0.000 0.000 0.000 0.000 0.000 0.001 0.000 0.001 0.002 0.003 0.003 0.004 0.004
0.005 0.004 0.004 0.003 0.003 0.002 0.002 0.000 0.001 0.000 0.000 0.001 0.001 0.002 0.005 0.021 0.038 0.056 0.074 0.087 0.084 0.080 0.077 0.071 0.064 0.058 0.052 0.047 0.043 0.039 0.036 0.034 0.033 0.032 0.031 0.031 0.028 0.025 0.023 0.022 0.020 0.019 0.018 0.017 0.016 0.015 0.013 0.012 0.011 0.009 0.008 0.008 0.007 0.003 0.002 0.002 0.001 0.000 0.000 0.000 0.000 0.000 0.000 0.000 0.000 0.000 0.000 0.000 0.000 0.000 0.000 0.001 0.001 0.002 0.002 0.003 0.004
0.005 0.005 0.004 0.004 0.003 0.002 0.002 0.001 0.000 0.000 0.000 0.001 0.001 0.003 0.016 0.034 0.052 0.070 0.084 0.081 0.077 0.074 0.071 0.066 0.059 0.053 0.047 0.042 0.038 0.034 0.032 0.030 0.028 0.027 0.027 0.026 0.025 0.023 0.020 0.019 0.017 0.016 0.015 0.014 0.013 0.012 0.011 0.009 0.008 0.007 0.006 0.008 0.008 0.004 0.002 0.002 0.001 0.000 0.000 0.000 0.000 0.000 0.000 0.000 0.000 0.000 0.000 0.000 0.000 0.000 0.000 0.000 0.001 0.001 0.002 0.002 0.003
0.005 0.005 0.004 0.004 0.003 0.002 0.002 0.001 0.000 0.000 0.000 0.000 0.001 0.011 0.029 0.047 0.065 0.080 0.077 0.074 0.071 0.068 0.064 0.061 0.054 0.048 0.042 0.037 0.033 0.029 0.027 0.025 0.024 0.023 0.022 0.022 0.021 0.020 0.017 0.016 0.015 0.014 0.012 0.011 0.010 0.009 0.008 0.007 0.006 0.005 0.006 0.007 0.008 0.007 0.003 0.002 0.001 0.000 0.000 0.000 0.000 0.000 0.000 0.000 0.000 0.000 0.000 0.000 0.000 0.000 0.000 0.000 0.000 0.001 0.001 0.002 0.002
0.005 0.005 0.004 0.004 0.003 0.002 0.002 0.000 0.000 0.000 0.000 0.000 0.006 0.023 0.042 0.060 0.076 0.073 0.070 0.067 0.064 0.061 0.058 0.055 0.049 0.043 0.037 0.032 0.028 0.025 0.022 0.020 0.019 0.018 0.018 0.017 0.017 0.016 0.015 0.013 0.012 0.011 0.010 0.009 0.008 0.007 0.006 0.005 0.005 0.004 0.007 0.007 0.008 0.007 0.007 0.002 0.001 0.000 0.000 0.000 0.000 0.000 0.000 0.000 0.000 0.000 0.000 0.000 0.000 0.000 0.000 0.000 0.000 0.001 0.001 0.001 0.002
0.005 0.005 0.004 0.004 0.003 0.003 0.002 0.001 0.000 0.000 0.000 0.001 0.017 0.035 0.054 0.072 0.069 0.066 0.063 0.061 0.058 0.055 0.052 0.049 0.044 0.038 0.032 0.027 0.023 0.020 0.018 0.016 0.015 0.014 0.014 0.014 0.013 0.013 0.012 0.010 0.009 0.008 0.007 0.007 0.006 0.006 0.005 0.005 0.004 0.005 0.007 0.008 0.008 0.007 0.007 0.006 0.001 0.000 0.000 0.000 0.000 0.000 0.000 0.000 0.000 0.000 0.000 0.000 0.000 0.000 0.000 0.000 0.000 0.000 0.000 0.001 0.002
