includes/overflow_coast_h/floodfiles/results/res-0005.wdfp
ncols         906
nrows         631
xllcorner     362177.146670
yllcorner     6534722.565530
cellsize      20.000000
NODATA_value  -9999.000000
[rows 476 to 509 of 631, columns 308 to 384 of 906]
0.703 0.273 0.000 0.000 0.650 1.280 0.100 0.101 0.790 0.820 0.840 0.881 0.340 0.341 0.452 0.333 0.513 0.573 0.513 0.323 0.822 0.000 0.000 0.000 0.007 0.237 0.000 0.188 0.018 0.000 0.000 0.156 0.261 0.441 0.411 0.481 0.491 0.601 0.511 0.201 0.000 0.121 0.000 0.634 0.000 0.673 0.253 0.000 0.320 0.260 0.000 0.000 0.000 0.000 0.000 0.000 0.000 0.000 0.000 0.000 0.000 0.000 0.000 0.000 0.000 0.000 0.000 0.000 0.000 0.000 0.000 0.000 0.000 0.000 0.000 0.000 0.000
0.673 0.712 0.000 1.929 1.989 0.100 0.100 1.170 0.660 0.750 0.850 0.901 0.861 0.341 0.341 0.252 0.242 0.513 0.683 0.462 0.341 0.340 1.430 0.000 0.000 0.000 0.000 0.088 0.318 0.000 0.662 0.532 0.162 0.286 0.491 0.551 0.511 0.451 0.391 0.401 0.090 0.042 1.642 0.000 0.293 0.069 0.585 0.655 0.000 0.000 0.000 0.000 0.000 0.000 0.000 0.000 0.000 0.000 0.000 0.000 0.000 0.000 0.000 0.000 0.000 0.000 0.000 0.000 0.000 0.000 0.000 0.000 0.000 0.000 0.000 0.000 0.000
0.823 0.000 0.000 2.159 1.989 2.110 1.830 0.800 0.720 0.810 0.910 0.810 0.881 0.911 0.341 0.341 0.062 0.242 0.462 0.341 0.340 1.340 1.750 1.729 0.000 0.000 0.000 0.228 0.358 0.098 0.000 0.000 0.085 0.003 0.341 0.396 0.479 0.671 0.371 1.001 0.000 0.121 0.000 0.000 0.603 0.096 0.126 0.635 0.585 0.000 0.000 0.000 0.000 0.000 0.000 0.000 0.000 0.000 0.000 0.000 0.000 0.000 0.000 0.000 0.000 0.000 0.000 0.000 0.000 0.000 0.000 0.000 0.000 0.000 0.000 0.000 0.000
0.000 0.000 2.119 2.119 2.229 2.209 0.339 0.860 0.780 0.870 0.800 0.840 0.990 0.691 0.811 0.341 0.341 0.341 0.341 0.340 1.730 1.910 2.020 1.779 1.870 1.640 0.000 0.000 0.000 0.000 0.959 0.119 0.439 0.035 0.271 0.211 0.151 0.167 0.000 0.000 0.060 0.951 0.000 0.000 0.903 0.403 0.000 0.000 0.000 0.000 0.104 0.000 0.000 0.000 0.000 0.000 0.000 0.000 0.000 0.000 0.000 0.000 0.000 0.000 0.000 0.000 0.000 0.000 0.000 0.000 0.000 0.000 0.000 0.000 0.000 0.000 0.000
0.000 2.208 2.238 2.359 2.029 2.189 0.338 0.339 0.339 0.820 0.800 0.890 0.970 0.630 0.981 1.021 1.031 0.340 0.340 1.809 1.839 1.819 1.979 1.899 2.019 1.759 1.959 1.619 0.000 0.000 0.000 0.000 0.162 0.402 0.007 0.005 0.000 0.011 0.049 0.109 0.829 0.000 0.299 0.000 0.613 0.060 1.016 0.000 0.736 0.786 0.000 0.101 0.000 0.000 0.000 0.000 0.000 0.000 0.000 0.000 0.000 0.000 0.000 0.000 0.000 0.000 0.000 0.000 0.000 0.000 0.000 0.000 0.000 0.000 0.000 0.000 0.000
2.168 2.138 2.318 2.218 2.168 2.228 2.298 2.218 0.338 0.338 0.339 0.850 0.790 0.950 0.920 1.010 1.061 0.340 0.339 1.929 1.899 1.939 2.099 2.079 2.129 1.759 1.879 1.839 1.929 1.199 0.000 0.000 0.205 0.000 0.000 0.000 0.129 0.052 0.000 0.000 0.969 0.939 0.369 0.779 0.000 0.716 0.976 0.856 0.826 0.000 0.051 0.000 0.000 0.000 0.000 0.000 0.000 0.000 0.000 0.000 0.000 0.000 0.000 0.000 0.000 0.000 0.000 0.000 0.000 0.000 0.000 0.000 0.000 0.000 0.000 0.000 0.000
2.328 2.318 2.448 2.358 2.358 2.218 2.298 2.138 2.298 2.328 0.338 0.338 0.879 0.810 0.910 1.000 0.339 0.339 2.019 1.989 2.009 2.019 2.029 2.129 2.009 2.039 1.969 1.939 1.949 1.679 0.769 0.000 0.247 0.208 0.000 0.089 0.149 0.058 0.000 0.000 0.000 0.279 0.010 0.208 0.258 0.786 0.696 0.506 0.000 0.000 0.061 0.000 0.000 0.000 0.000 0.000 0.000 0.000 0.000 0.000 0.000 0.000 0.000 0.000 0.000 0.000 0.000 0.000 0.000 0.000 0.000 0.000 0.000 0.000 0.000 0.000 0.000
2.318 2.408 2.328 2.478 2.378 2.338 2.368 2.398 2.338 2.318 2.248 0.338 0.338 0.338 1.069 0.339 0.338 1.948 2.078 2.048 2.048 2.109 2.108 2.119 2.089 2.259 2.059 2.009 2.069 1.999 1.259 0.000 0.000 0.269 0.008 0.179 0.029 0.208 0.268 0.108 0.000 0.000 0.049 0.179 0.248 0.000 0.000 0.000 0.000 0.000 0.000 0.000 0.000 0.000 0.000 0.000 0.000 0.000 0.000 0.000 0.000 0.000 0.000 0.000 0.000 0.000 0.000 0.000 0.000 0.000 0.000 0.000 0.000 0.000 0.000 0.000 0.000
2.468 2.508 2.538 2.428 2.378 2.358 2.348 2.368 2.328 2.418 2.277 2.197 2.317 0.337 0.338 0.338 2.298 2.168 2.238 2.218 2.138 2.018 2.198 2.458 2.159 2.158 2.098 2.049 2.069 1.939 1.449 0.909 0.000 0.240 0.231 0.000 0.148 0.148 0.068 0.000 0.000 0.429 0.267 0.219 0.209 0.309 0.000 0.000 0.000 0.000 0.000 0.000 0.000 0.000 0.000 0.000 0.000 0.000 0.000 0.000 0.000 0.000 0.000 0.000 0.000 0.000 0.000 0.000 0.000 0.000 0.000 0.000 0.000 0.000 0.000 0.000 0.000
2.527 2.487 2.507 2.397 2.437 2.367 2.397 2.407 2.357 2.367 2.387 2.347 2.247 2.327 2.207 2.387 2.308 2.298 2.248 2.168 2.208 2.218 2.208 2.258 2.298 2.168 2.058 2.128 2.028 1.939 1.638 1.408 0.000 0.121 0.221 0.221 0.000 0.066 0.002 0.000 0.000 0.459 0.388 0.233 0.119 0.369 0.024 0.215 0.000 0.000 0.000 0.000 0.000 0.000 0.000 0.000 0.000 0.000 0.000 0.000 0.000 0.000 0.000 0.000 0.000 0.000 0.000 0.000 0.000 0.000 0.000 0.000 0.000 0.000 0.000 0.000 0.000
2.597 2.627 2.437 2.467 2.397 2.517 2.517 2.417 2.377 2.487 2.387 2.477 2.427 2.387 2.297 2.307 2.397 2.307 2.257 2.268 2.258 2.198 2.258 2.278 2.248 2.288 2.128 2.068 1.948 1.978 1.858 1.498 0.000 0.000 0.252 0.142 0.113 0.494 0.404 0.000 0.000 0.379 0.379 0.459 0.011 0.000 0.385 0.000 0.000 0.000 0.000 0.000 0.000 0.000 0.000 0.000 0.000 0.000 0.000 0.000 0.000 0.000 0.000 0.000 0.000 0.000 0.000 0.000 0.000 0.000 0.000 0.000 0.000 0.000 0.000 0.000 0.000
2.717 2.577 2.597 2.547 2.547 2.487 2.457 2.407 2.437 2.427 2.437 2.577 2.497 2.447 2.417 2.367 2.367 2.377 2.457 2.387 2.247 2.377 2.327 2.347 2.227 2.187 2.217 2.207 2.068 2.128 1.948 1.538 0.908 0.000 0.222 0.272 0.063 0.114 0.214 0.000 0.000 0.359 0.409 0.439 0.579 0.439 0.000 0.000 0.000 0.000 0.000 0.000 0.000 0.000 0.000 0.000 0.000 0.000 0.000 0.000 0.000 0.000 0.000 0.000 0.000 0.000 0.000 0.000 0.000 0.000 0.000 0.000 0.000 0.000 0.000 0.000 0.000
2.667 2.607 2.657 2.567 2.687 2.547 2.427 2.427 2.587 2.597 2.587 2.617 2.577 2.477 2.357 2.557 2.427 2.327 2.327 2.337 2.287 2.337 2.327 2.397 2.297 2.297 2.207 2.127 2.077 2.007 2.148 1.878 1.118 0.000 0.242 0.242 0.000 0.194 0.324 0.000 0.000 0.750 0.000 0.499 0.369 0.449 0.004 0.000 0.000 0.000 0.000 0.000 0.000 0.000 0.000 0.000 0.000 0.000 0.000 0.000 0.000 0.000 0.000 0.000 0.000 0.000 0.000 0.000 0.000 0.000 0.000 0.000 0.000 0.000 0.000 0.000 0.000
2.627 2.647 2.657 2.607 2.616 2.516 2.697 2.666 2.607 2.616 2.746 2.597 2.427 2.527 2.447 2.407 2.357 2.407 2.347 2.337 2.457 2.426 2.377 2.357 2.237 2.256 2.257 2.197 2.087 2.047 1.947 1.977 1.258 0.000 0.000 0.222 0.172 0.000 0.124 0.000 0.000 0.490 0.300 0.000 0.409 0.559 0.339 0.000 0.000 0.000 0.000 0.000 0.000 0.000 0.000 0.000 0.000 0.000 0.000 0.000 0.000 0.000 0.000 0.000 0.000 0.000 0.000 0.000 0.000 0.000 0.000 0.000 0.000 0.000 0.000 0.000 0.000
2.757 2.707 2.686 2.676 2.636 2.786 2.626 2.746 2.696 2.696 2.666 2.556 2.586 2.476 2.446 2.596 2.476 2.376 2.436 2.466 2.556 2.566 2.466 2.396 2.356 2.246 2.246 2.166 2.136 2.117 2.057 1.867 1.168 0.000 0.742 0.532 0.552 0.632 0.000 0.002 0.000 0.920 0.970 0.800 0.093 0.000 0.000 0.000 0.000 0.000 0.000 0.000 0.000 0.000 0.000 0.000 0.000 0.000 0.000 0.000 0.000 0.000 0.000 0.000 0.000 0.000 0.000 0.000 0.000 0.000 0.000 0.000 0.000 0.000 0.000 0.000 0.000
2.757 2.727 2.727 2.806 2.776 2.736 2.786 2.616 2.716 2.686 2.706 2.656 2.646 2.686 2.526 2.606 2.476 2.546 2.586 2.606 2.506 2.496 2.546 2.336 2.466 2.265 2.395 2.246 2.136 1.986 2.036 1.876 0.000 0.000 0.522 0.482 0.442 0.000 0.000 0.000 0.620 0.500 0.930 0.817 0.207 0.350 0.490 0.050 0.190 0.000 0.000 0.000 0.000 0.000 0.000 0.000 0.000 0.000 0.000 0.000 0.000 0.000 0.000 0.000 0.000 0.000 0.000 0.000 0.000 0.000 0.000 0.000 0.000 0.000 0.000 0.000 0.000
2.797 2.777 2.826 2.736 2.896 2.786 2.846 2.706 2.676 2.796 2.696 2.576 2.576 2.566 2.586 2.616 2.526 2.556 2.576 2.616 2.616 2.525 2.495 2.505 2.495 2.295 2.335 2.335 2.105 2.165 1.826 1.516 0.000 0.000 0.472 0.000 0.000 0.000 0.000 0.000 0.539 0.570 0.570 0.367 0.057 0.400 0.320 0.000 0.000 0.032 0.000 0.000 0.000 0.000 0.000 0.000 0.000 0.000 0.000 0.000 0.000 0.000 0.000 0.000 0.000 0.000 0.000 0.000 0.000 0.000 0.000 0.000 0.000 0.000 0.000 0.000 0.000
2.687 2.866 2.936 2.996 2.816 2.856 2.926 2.766 2.775 2.895 2.715 2.746 2.855 2.715 2.615 2.755 2.626 2.645 2.595 2.645 2.745 2.555 2.645 2.555 2.535 2.494 2.344 2.394 2.204 1.674 0.000 0.000 0.000 0.000 0.000 0.000 0.955 1.014 2.114 0.000 0.000 0.490 0.660 0.000 0.000 0.170 0.000 0.311 0.111 0.001 0.000 0.000 0.000 0.000 0.000 0.000 0.000 0.000 0.000 0.000 0.000 0.000 0.000 0.000 0.000 0.000 0.000 0.000 0.000 0.000 0.000 0.000 0.000 0.000 0.000 0.000 0.000
2.996 2.806 2.926 2.976 2.796 2.776 2.826 2.686 2.785 2.835 2.855 2.755 2.805 2.765 2.625 2.645 2.715 2.715 2.645 2.515 2.575 2.654 2.614 2.634 2.524 2.504 2.444 2.374 2.323 2.093 0.000 0.000 0.000 0.000 0.000 0.775 1.174 1.204 1.454 2.144 0.000 0.000 0.000 0.000 0.000 0.000 0.304 0.000 0.171 0.018 0.164 0.000 0.000 0.000 0.000 0.000 0.000 0.000 0.000 0.000 0.000 0.000 0.000 0.000 0.000 0.000 0.000 0.000 0.000 0.000 0.000 0.000 0.000 0.000 0.000 0.000 0.000
2.986 2.896 3.046 2.906 2.846 2.806 2.805 2.885 3.055 2.785 2.855 2.835 2.735 2.835 2.655 2.685 2.645 2.765 2.735 2.675 2.624 2.764 2.714 2.514 2.604 2.613 2.523 2.423 2.382 2.401 1.580 1.028 1.237 1.427 1.366 1.435 1.655 1.874 1.844 2.554 2.304 2.144 2.074 1.784 0.000 0.000 0.174 0.000 0.000 0.000 0.274 0.000 0.000 0.000 0.000 0.000 0.000 0.000 0.000 0.000 0.000 0.000 0.000 0.000 0.000 0.000 0.000 0.000 0.000 0.000 0.000 0.000 0.000 0.000 0.000 0.000 0.000
3.016 3.006 2.996 2.956 2.926 2.865 2.955 2.885 2.935 2.945 2.925 2.955 2.925 2.814 2.804 2.764 2.764 2.664 2.734 2.694 2.774 2.604 2.704 2.833 2.743 2.673 2.593 2.522 2.511 2.390 2.269 1.818 2.077 1.687 1.546 1.675 2.355 2.324 2.424 2.554 2.634 2.414 2.174 2.234 1.844 0.000 0.104 0.000 0.214 0.274 0.364 0.000 0.000 0.000 0.000 0.000 0.000 0.000 0.000 0.000 0.000 0.000 0.000 0.000 0.000 0.000 0.000 0.000 0.000 0.000 0.000 0.000 0.000 0.000 0.000 0.000 0.000
3.086 3.046 2.946 2.966 3.025 2.965 3.005 2.965 2.915 2.905 2.985 2.974 2.954 3.024 2.844 2.734 2.874 2.854 2.754 2.704 2.823 2.803 2.843 2.723 2.743 2.722 2.652 2.661 2.521 2.510 2.499 2.268 2.517 2.357 2.336 2.535 2.455 2.365 2.464 2.534 2.584 2.434 2.404 2.264 2.103 0.000 0.304 0.114 0.214 0.334 0.034 0.000 0.000 0.000 0.000 0.000 0.000 0.000 0.000 0.000 0.000 0.000 0.000 0.000 2.177 2.257 2.187 0.000 0.000 0.000 0.000 0.000 0.000 0.000 0.000 0.000 0.000
2.956 2.986 3.056 3.126 2.925 3.005 3.045 2.975 2.995 2.944 2.954 2.934 2.904 2.914 2.894 2.874 2.834 2.863 2.794 2.853 2.703 2.643 2.693 2.762 2.912 2.762 2.841 2.731 2.660 2.570 2.619 2.638 2.487 2.787 2.716 2.605 2.605 2.455 2.524 2.774 2.694 2.444 2.394 2.443 2.453 0.000 0.000 0.000 0.000 0.000 0.174 0.000 0.000 0.000 0.000 0.000 0.000 0.000 0.000 0.000 2.147 2.447 2.407 2.477 2.387 2.307 2.237 2.407 2.467 2.477 2.477 2.597 2.447 2.487 2.527 2.537 2.497
3.056 3.106 3.562 3.145 3.055 3.045 3.490 2.975 2.994 2.954 2.994 3.104 3.014 2.964 2.943 2.963 2.933 2.963 2.893 2.853 2.913 2.882 2.782 2.732 2.822 2.891 2.761 2.770 2.730 2.659 2.729 2.678 2.697 2.717 2.506 2.676 2.635 2.584 2.544 2.744 2.494 2.524 2.613 2.583 2.562 2.702 2.491 1.981 0.000 0.000 0.000 0.000 0.000 0.000 0.000 0.000 1.758 2.358 2.337 2.537 2.637 2.487 2.437 2.617 2.617 2.637 2.437 2.657 2.557 2.527 2.507 2.547 2.577 2.437 2.537 2.588 2.628
3.106 3.085 3.598 3.105 3.065 3.544 3.065 3.054 3.074 3.004 2.944 3.034 2.944 2.924 3.143 2.933 2.983 2.963 2.883 2.843 2.982 2.912 2.772 2.812 2.901 2.851 2.811 2.820 2.780 2.809 2.768 2.698 2.737 2.567 2.546 2.645 2.635 2.664 2.654 2.684 2.734 2.653 2.693 2.682 2.692 2.631 2.721 2.631 2.690 2.549 2.189 1.998 2.238 2.318 2.568 2.668 2.698 2.608 2.617 2.617 2.507 2.707 2.627 2.677 2.517 2.737 2.527 2.537 2.607 2.647 2.527 2.577 2.387 2.477 2.547 2.537 2.517
3.145 3.165 3.105 3.616 3.015 3.145 3.563 3.124 3.114 3.074 3.064 3.094 2.944 2.973 2.993 3.043 2.963 3.073 2.902 2.892 2.902 2.872 2.802 2.871 2.741 3.001 2.790 2.850 2.879 2.709 2.808 2.828 2.657 2.666 2.616 2.795 2.625 2.764 2.614 2.794 2.663 2.633 2.683 2.542 2.732 2.661 2.661 2.710 2.780 2.749 2.959 2.759 2.658 2.718 2.758 2.628 2.728 2.648 2.577 2.647 2.607 2.787 2.817 2.727 2.647 2.587 2.787 2.567 2.777 2.527 2.547 2.597 2.527 2.467 2.657 2.707 2.587
3.684 3.095 3.045 3.105 3.635 3.617 3.599 3.581 3.164 3.546 3.054 3.073 3.023 3.123 3.093 3.093 2.943 3.062 3.022 3.082 2.922 3.041 2.861 2.971 2.851 2.940 3.090 2.919 2.839 2.779 2.848 2.668 2.727 2.676 2.726 2.815 2.805 2.794 2.874 2.734 2.703 2.643 2.613 2.582 2.632 2.721 2.781 2.750 2.810 2.729 2.759 2.679 2.848 2.728 2.788 2.658 2.778 2.577 2.737 2.717 2.777 2.657 2.797 2.657 2.737 2.627 2.676 2.636 2.627 2.567 2.677 2.577 2.627 2.667 2.657 2.637 2.517
3.717 3.715 3.707 3.689 3.671 3.653 3.094 3.164 3.114 3.582 3.024 2.993 3.093 2.993 3.480 3.103 3.072 3.002 3.032 3.042 2.931 3.001 3.051 2.941 2.840 3.000 2.950 2.919 2.929 2.758 2.718 2.787 2.737 2.676 2.746 2.775 2.785 2.814 2.704 2.714 2.843 2.793 2.752 2.712 2.771 2.851 2.670 2.700 2.780 2.699 2.779 2.779 2.738 2.728 2.718 2.788 2.748 2.808 2.777 2.737 2.727 2.587 2.717 2.757 2.767 2.636 2.706 2.656 2.656 2.597 2.747 2.717 2.647 2.657 2.567 2.667 2.617
3.749 3.747 3.743 3.725 3.707 3.690 3.672 3.654 3.636 3.143 3.600 3.053 3.123 3.083 3.501 3.466 3.432 3.102 2.982 3.091 3.111 3.091 2.941 2.891 2.970 2.910 2.979 2.829 2.779 2.828 2.778 2.867 2.877 2.706 2.835 2.905 2.945 2.844 2.874 2.723 2.813 2.733 2.912 2.712 2.831 2.851 2.820 2.800 2.769 2.889 2.829 2.889 2.768 2.688 2.748 2.868 2.638 2.728 2.777 2.587 2.807 2.827 2.777 2.677 2.636 2.696 2.706 2.736 2.776 2.706 2.577 2.757 2.837 2.677 2.697 2.687 2.637
3.781 3.779 3.778 3.762 3.744 3.726 3.708 3.690 3.672 3.655 3.637 3.113 3.143 3.063 3.103 3.488 3.152 3.142 3.041 3.051 2.961 3.111 3.121 3.050 2.890 3.010 2.949 2.959 2.879 2.888 2.878 2.877 2.897 2.756 2.796 2.875 2.865 2.934 2.824 2.873 2.763 2.803 2.812 2.802 2.861 2.761 2.870 2.860 2.809 2.709 2.769 2.729 2.778 2.728 2.768 2.858 2.808 2.797 2.717 2.737 2.927 2.837 2.797 2.666 2.716 2.756 2.856 2.786 2.646 2.706 2.677 2.807 2.727 2.707 2.837 2.687 2.737
3.814 3.812 3.810 3.798 3.780 3.762 3.744 3.726 3.709 3.691 3.673 3.647 3.612 3.112 3.543 3.509 3.474 3.440 3.051 3.370 3.131 3.121 2.940 3.020 3.000 2.889 2.929 2.899 2.898 2.858 3.117 2.937 2.887 2.786 2.855 2.865 2.954 2.834 2.914 2.773 2.793 2.803 2.852 2.852 2.831 2.861 2.710 2.750 2.759 2.889 2.939 2.879 2.849 2.858 2.898 2.738 2.798 2.738 2.777 2.747 2.777 2.857 2.887 2.916 2.916 2.766 2.826 2.806 2.866 2.786 2.957 2.747 2.937 2.847 2.827 2.757 2.707
3.846 3.844 3.842 3.834 3.816 3.799 3.781 3.763 3.745 3.153 3.703 3.668 3.634 3.599 3.565 3.530 3.495 3.461 3.031 3.111 3.131 3.060 3.030 3.140 2.969 3.049 2.999 2.919 2.928 3.048 3.067 2.887 2.806 3.056 2.825 2.915 2.845 2.914 2.894 2.853 2.863 2.862 2.912 2.932 2.841 2.771 2.750 2.820 2.869 2.799 2.759 2.949 2.788 2.788 2.818 2.768 2.788 2.808 2.917 2.847 2.817 2.827 3.007 2.876 2.806 2.866 2.916 2.806 2.776 2.816 2.837 2.867 2.837 2.917 2.967 2.777 2.727
3.879 3.877 3.875 3.870 3.852 3.835 3.817 3.799 3.781 3.758 3.724 3.162 3.655 3.620 3.586 3.551 3.517 3.482 3.447 3.413 3.150 3.140 3.010 3.120 3.019 2.899 2.949 2.898 2.838 3.253 2.997 2.897 3.126 2.716 2.825 2.965 3.035 2.894 2.814 2.933 2.863 2.882 2.912 2.902 2.931 2.871 2.920 2.840 2.730 2.959 2.999 2.889 2.888 2.808 2.978 2.838 2.858 2.868 2.867 2.877 2.877 2.777 3.087 2.906 2.916 2.966 3.046 2.846 2.906 2.876 2.886 2.956 2.927 2.817 2.827 2.787 2.897
3.911 3.909 3.907 3.905 3.889 3.871 3.853 3.835 3.814 3.779 3.745 3.710 3.676 3.641 3.607 3.572 3.538 3.503 3.141 3.061 3.010 3.050 3.050 3.354 3.049 3.039 3.118 2.908 3.058 2.997 2.847 3.036 2.876 2.766 2.945 3.115 3.045 2.914 3.054 2.893 3.013 2.972 2.882 2.862 2.871 3.031 2.990 3.333 3.130 2.999 2.919 2.969 2.819 2.958 2.948 2.958 2.968 2.957 2.937 2.977 2.897 2.887 2.926 3.116 2.926 2.906 2.906 3.016 2.906 2.976 2.936 2.887 2.997 2.897 2.877 2.947 2.967
