includes/overflow_coast_h/floodfiles/results/res-0010.wd
ncols         906
nrows         631
xllcorner     362177.146670
yllcorner     6534722.565530
cellsize      20.000000
NODATA_value  -9999.000000
[rows 340 to 373 of 631, columns 770 to 846 of 906]
0.976 0.956 0.896 1.016 0.996 1.016 0.996 1.086 0.906 1.026 0.886 0.036 0.816 1.146 0.856 1.036 1.006 1.016 0.039 0.364 0.474 0.204 0.000 0.591 0.241 0.003 0.207 0.427 0.000 0.168 0.002 0.000 0.000 0.000 0.000 0.000 0.000 0.000 0.000 0.021 0.000 0.000 0.000 0.000 0.000 0.061 0.000 0.000 0.003 0.001 0.000 0.000 0.000 0.000 0.082 0.000 0.078 0.103 0.037 0.005 0.002 0.012 0.000 0.000 0.000 0.000 0.485 0.200 0.167 0.000 0.000 0.000 0.000 0.000 0.000 0.211 0.000
0.686 0.886 1.016 0.886 0.916 0.996 0.946 0.966 0.896 0.976 0.946 0.616 0.726 0.756 0.836 0.926 0.746 0.236 0.000 0.894 0.554 0.000 0.000 0.251 0.000 0.137 0.194 0.317 0.000 0.000 0.000 0.000 0.000 0.000 0.000 0.000 0.000 0.211 0.000 0.000 0.000 0.082 0.000 0.000 0.082 0.000 0.000 0.000 0.015 0.002 0.002 0.000 0.000 0.005 0.003 0.000 0.090 0.048 0.027 0.008 0.016 0.058 0.004 0.000 0.001 0.000 0.000 0.000 0.284 0.208 0.092 0.213 0.047 0.043 0.000 0.000 0.001
0.316 0.196 0.000 0.096 0.000 0.000 0.806 1.076 1.036 1.026 0.546 0.566 0.000 0.000 0.726 1.186 0.000 0.000 0.000 0.384 0.444 0.294 0.024 0.000 0.054 0.000 0.000 0.000 0.000 0.000 0.000 0.001 0.000 0.071 0.000 0.000 0.000 0.000 0.062 0.002 0.000 0.000 0.002 0.000 0.001 0.046 0.026 0.020 0.000 0.001 0.003 0.000 0.006 0.009 0.014 0.011 0.025 0.077 0.010 0.011 0.000 0.000 0.000 0.000 0.000 0.000 0.000 0.000 0.000 0.000 0.141 0.194 0.127 0.091 0.064 0.015 0.003
1.086 0.196 0.000 0.000 0.000 0.000 0.000 1.056 0.166 1.046 0.336 0.376 0.000 1.036 0.316 0.000 0.000 0.052 0.000 0.000 0.000 0.000 0.000 0.000 0.000 0.002 0.000 0.000 0.000 0.001 0.000 0.001 0.001 0.000 0.000 0.000 0.001 0.000 0.000 0.000 0.062 0.001 0.000 0.000 0.000 0.000 0.002 0.000 0.000 0.000 0.002 0.002 0.011 0.012 0.016 0.019 0.008 0.064 0.039 0.025 0.000 0.000 0.062 0.000 0.000 0.000 0.000 0.000 0.000 0.000 0.000 0.000 0.041 0.332 0.130 0.092 0.148
0.876 0.896 0.786 0.756 0.776 0.726 0.706 0.646 0.646 0.656 0.526 0.406 0.616 0.000 0.000 0.357 0.257 0.000 0.000 0.000 0.342 0.000 0.000 0.001 0.000 0.000 0.000 0.000 0.000 0.000 0.021 0.000 0.062 0.000 0.000 0.000 0.001 0.000 0.000 0.000 0.000 0.002 0.000 0.045 0.000 0.033 0.002 0.003 0.000 0.000 0.001 0.002 0.016 0.015 0.020 0.025 0.033 0.049 0.039 0.028 0.020 0.002 0.000 0.012 0.000 0.000 0.000 0.000 0.000 0.000 0.000 0.000 0.000 0.000 0.038 0.439 0.270
0.666 0.586 0.656 0.646 0.536 0.496 0.486 0.306 0.326 0.256 0.106 0.246 0.446 0.127 0.387 0.317 0.018 0.000 0.000 0.292 0.000 0.002 0.000 0.000 0.000 0.000 0.000 0.002 0.032 0.000 0.000 0.000 0.000 0.000 0.001 0.000 0.000 0.053 0.013 0.000 0.033 0.011 0.055 0.025 0.074 0.004 0.003 0.003 0.002 0.001 0.001 0.002 0.021 0.020 0.024 0.029 0.036 0.042 0.036 0.028 0.000 0.000 0.230 0.002 0.043 0.043 0.000 0.000 0.000 0.000 0.000 0.000 0.051 0.000 0.000 0.000 0.260
0.736 0.726 0.746 0.796 0.636 0.646 0.556 0.496 0.376 0.246 0.000 0.216 0.186 0.057 0.000 0.177 0.011 0.000 0.000 0.000 0.002 0.000 0.000 0.000 0.000 0.000 0.000 0.000 0.000 0.014 0.014 0.002 0.000 0.000 0.000 0.000 0.033 0.073 0.053 0.033 0.073 0.000 0.075 0.075 0.000 0.002 0.003 0.003 0.003 0.002 0.002 0.003 0.027 0.024 0.027 0.032 0.036 0.039 0.036 0.023 0.001 0.001 0.000 0.000 0.000 0.013 0.000 0.000 0.031 0.000 0.000 0.000 0.000 0.011 0.000 0.000 0.000
1.106 0.836 1.106 0.856 0.726 0.656 0.796 0.086 0.316 0.536 0.236 0.000 0.000 0.000 0.000 0.000 0.212 0.000 0.002 0.000 0.000 0.000 0.000 0.000 0.001 0.000 0.000 0.000 0.000 0.074 0.000 0.001 0.001 0.063 0.000 0.000 0.023 0.053 0.000 0.000 0.000 0.013 0.000 0.000 0.000 0.001 0.002 0.003 0.003 0.002 0.002 0.003 0.032 0.028 0.030 0.034 0.037 0.039 0.031 0.017 0.001 0.001 0.001 0.000 0.000 0.000 0.000 0.000 0.000 0.000 0.000 0.000 0.000 0.000 0.000 0.000 0.000
0.566 0.346 0.000 0.366 0.656 0.686 0.596 0.616 0.176 0.806 0.216 0.000 0.000 0.000 0.328 0.000 0.000 0.002 0.000 0.000 0.001 0.000 0.000 0.000 0.000 0.000 0.091 0.000 0.000 0.000 0.086 0.002 0.000 0.000 0.001 0.000 0.000 0.053 0.083 0.000 0.000 0.000 0.000 0.000 0.001 0.001 0.002 0.002 0.002 0.002 0.002 0.003 0.038 0.033 0.033 0.036 0.040 0.035 0.024 0.012 0.001 0.001 0.001 0.000 0.002 0.000 0.000 0.000 0.023 0.000 0.000 0.000 0.000 0.000 0.000 0.000 0.000
0.796 0.336 0.396 0.546 0.766 0.676 0.506 0.626 0.286 0.186 0.000 0.000 0.000 0.000 0.000 0.002 0.000 0.000 0.001 0.001 0.001 0.001 0.000 0.000 0.000 0.000 0.000 0.000 0.026 0.016 0.026 0.106 0.000 0.064 0.002 0.006 0.000 0.000 0.000 0.000 0.000 0.000 0.000 0.000 0.000 0.001 0.001 0.002 0.002 0.002 0.002 0.004 0.044 0.038 0.038 0.041 0.037 0.029 0.019 0.009 0.001 0.000 0.000 0.000 0.000 0.000 0.023 0.001 0.003 0.055 0.000 0.000 0.000 0.000 0.000 0.000 0.000
0.626 0.576 0.000 0.236 0.676 0.506 0.426 0.366 0.186 0.226 0.000 0.000 0.000 0.000 0.002 0.000 0.000 0.000 0.001 0.001 0.000 0.052 0.000 0.000 0.000 0.023 0.000 0.028 0.000 0.000 0.000 0.002 0.000 0.000 0.000 0.004 0.000 0.000 0.000 0.000 0.000 0.000 0.000 0.000 0.000 0.000 0.001 0.001 0.002 0.002 0.002 0.003 0.049 0.046 0.044 0.039 0.031 0.023 0.014 0.006 0.001 0.001 0.000 0.000 0.000 0.000 0.000 0.040 0.000 0.002 0.002 0.002 0.000 0.102 0.000 0.000 0.000
0.496 0.406 0.556 0.606 0.446 0.356 0.296 0.000 0.000 0.000 0.000 0.000 0.001 0.000 0.000 0.000 0.000 0.041 0.000 0.013 0.003 0.000 0.062 0.000 0.000 0.113 0.001 0.068 0.138 0.068 0.000 0.046 0.015 0.045 0.000 0.002 0.001 0.000 0.000 0.000 0.000 0.000 0.000 0.000 0.000 0.001 0.001 0.001 0.002 0.002 0.002 0.003 0.053 0.056 0.043 0.033 0.026 0.018 0.011 0.005 0.001 0.001 0.002 0.002 0.003 0.005 0.003 0.050 0.004 0.000 0.000 0.001 0.002 0.000 0.000 0.000 0.000
0.376 0.336 0.336 0.546 0.296 0.216 0.000 0.469 0.000 0.000 0.000 0.001 0.000 0.000 0.000 0.000 0.000 0.000 0.000 0.000 0.001 0.121 0.000 0.052 0.000 0.000 0.000 0.048 0.000 0.028 0.178 0.000 0.000 0.002 0.002 0.002 0.001 0.001 0.000 0.000 0.000 0.000 0.000 0.000 0.001 0.000 0.000 0.001 0.001 0.002 0.002 0.015 0.059 0.053 0.036 0.026 0.019 0.013 0.007 0.003 0.001 0.002 0.002 0.003 0.004 0.005 0.000 0.001 0.003 0.005 0.004 0.038 0.002 0.003 0.003 0.001 0.003
0.546 0.436 0.396 0.236 0.166 0.000 0.129 0.116 0.214 0.003 0.000 0.000 0.000 0.000 0.000 0.092 0.032 0.000 0.000 0.000 0.001 0.000 0.021 0.000 0.028 0.008 0.108 0.118 0.068 0.188 0.000 0.041 0.000 0.002 0.002 0.002 0.001 0.001 0.001 0.000 0.000 0.000 0.000 0.001 0.000 0.000 0.000 0.000 0.001 0.002 0.013 0.035 0.055 0.064 0.037 0.023 0.016 0.010 0.006 0.003 0.002 0.002 0.003 0.003 0.003 0.000 0.033 0.001 0.003 0.000 0.064 0.000 0.000 0.001 0.002 0.127 0.002
0.356 0.000 0.716 0.000 0.000 0.000 0.000 0.129 0.003 0.000 0.000 0.000 0.000 0.000 0.000 0.000 0.000 0.001 0.000 0.000 0.045 0.055 0.000 0.091 0.000 0.000 0.005 0.068 0.008 0.000 0.000 0.000 0.000 0.001 0.002 0.002 0.002 0.001 0.001 0.001 0.000 0.000 0.000 0.000 0.000 0.000 0.000 0.001 0.002 0.006 0.020 0.036 0.049 0.057 0.055 0.026 0.014 0.008 0.005 0.003 0.002 0.002 0.003 0.003 0.002 0.000 0.000 0.000 0.000 0.000 0.000 0.000 0.000 0.000 0.000 0.000 0.038
0.376 0.000 0.246 0.000 0.000 0.000 0.001 0.000 0.000 0.000 0.000 0.000 0.091 0.000 0.000 0.000 0.001 0.001 0.000 0.000 0.115 0.000 0.023 0.000 0.000 0.000 0.060 0.000 0.000 0.007 0.000 0.000 0.000 0.001 0.001 0.002 0.002 0.002 0.001 0.001 0.001 0.000 0.000 0.000 0.000 0.000 0.001 0.001 0.002 0.008 0.021 0.034 0.044 0.052 0.057 0.043 0.015 0.007 0.004 0.003 0.002 0.003 0.003 0.002 0.002 0.000 0.000 0.000 0.000 0.000 0.011 0.000 0.000 0.000 0.000 0.000 0.398
0.000 0.000 0.000 0.244 0.000 0.001 0.000 0.000 0.000 0.001 0.000 0.000 0.000 0.000 0.000 0.000 0.000 0.000 0.055 0.115 0.025 0.000 0.083 0.000 0.000 0.021 0.004 0.000 0.077 0.047 0.000 0.000 0.000 0.000 0.001 0.001 0.002 0.002 0.002 0.001 0.001 0.001 0.000 0.000 0.000 0.000 0.001 0.001 0.002 0.009 0.020 0.032 0.041 0.048 0.052 0.054 0.029 0.007 0.004 0.003 0.002 0.002 0.002 0.002 0.001 0.000 0.000 0.000 0.000 0.000 0.000 0.000 0.000 0.000 0.000 0.000 0.318
0.362 0.000 0.000 0.000 0.001 0.000 0.000 0.000 0.000 0.082 0.000 0.001 0.000 0.000 0.000 0.000 0.000 0.007 0.004 0.075 0.000 0.000 0.033 0.000 0.000 0.009 0.004 0.000 0.027 0.000 0.000 0.000 0.001 0.000 0.001 0.001 0.002 0.002 0.002 0.002 0.002 0.002 0.001 0.001 0.000 0.001 0.001 0.001 0.002 0.009 0.019 0.030 0.038 0.044 0.048 0.050 0.049 0.016 0.004 0.003 0.002 0.002 0.002 0.002 0.000 0.000 0.000 0.000 0.000 0.000 0.000 0.000 0.000 0.000 0.000 0.000 0.000
0.000 0.000 0.001 0.000 0.000 0.000 0.000 0.000 0.011 0.000 0.000 0.001 0.001 0.073 0.053 0.163 0.000 0.003 0.000 0.000 0.011 0.000 0.000 0.001 0.000 0.008 0.000 0.000 0.000 0.000 0.000 0.000 0.000 0.001 0.001 0.001 0.002 0.002 0.002 0.002 0.002 0.002 0.002 0.002 0.001 0.001 0.001 0.002 0.003 0.008 0.018 0.027 0.035 0.041 0.045 0.047 0.048 0.041 0.007 0.003 0.002 0.002 0.002 0.001 0.001 0.000 0.000 0.000 0.000 0.000 0.000 0.000 0.000 0.000 0.000 0.000 0.000
0.000 0.001 0.000 0.000 0.000 0.061 0.000 0.000 0.000 0.000 0.001 0.001 0.007 0.000 0.000 0.000 0.013 0.043 0.000 0.072 0.000 0.032 0.002 0.004 0.019 0.005 0.000 0.000 0.000 0.000 0.000 0.000 0.000 0.000 0.000 0.001 0.002 0.002 0.002 0.003 0.002 0.002 0.002 0.002 0.002 0.002 0.002 0.002 0.003 0.008 0.016 0.025 0.032 0.038 0.042 0.045 0.046 0.045 0.031 0.003 0.002 0.002 0.002 0.001 0.000 0.000 0.000 0.000 0.000 0.000 0.000 0.000 0.000 0.000 0.000 0.000 0.000
0.001 0.000 0.000 0.000 0.000 0.000 0.000 0.000 0.022 0.000 0.000 0.046 0.046 0.000 0.023 0.083 0.103 0.023 0.000 0.072 0.001 0.000 0.000 0.000 0.004 0.004 0.002 0.002 0.000 0.000 0.000 0.000 0.000 0.000 0.000 0.001 0.002 0.002 0.003 0.003 0.003 0.003 0.002 0.002 0.002 0.002 0.002 0.002 0.003 0.007 0.015 0.023 0.030 0.035 0.040 0.043 0.044 0.044 0.043 0.021 0.002 0.002 0.001 0.001 0.000 0.000 0.000 0.000 0.000 0.000 0.000 0.000 0.000 0.000 0.000 0.000 0.000
0.000 0.000 0.000 0.000 0.000 0.002 0.000 0.001 0.000 0.000 0.036 0.000 0.066 0.006 0.000 0.032 0.003 0.000 0.000 0.000 0.000 0.000 0.000 0.000 0.002 0.003 0.002 0.002 0.001 0.000 0.000 0.000 0.000 0.000 0.000 0.001 0.002 0.002 0.003 0.003 0.003 0.003 0.003 0.003 0.002 0.002 0.002 0.002 0.003 0.007 0.014 0.021 0.028 0.033 0.037 0.040 0.042 0.043 0.042 0.040 0.011 0.002 0.001 0.000 0.000 0.000 0.000 0.000 0.000 0.000 0.000 0.000 0.000 0.000 0.000 0.000 0.000
0.000 0.000 0.000 0.000 0.000 0.000 0.000 0.001 0.014 0.004 0.016 0.036 0.106 0.036 0.000 0.132 0.062 0.052 0.004 0.007 0.011 0.005 0.000 0.000 0.001 0.004 0.005 0.003 0.002 0.002 0.001 0.002 0.001 0.001 0.000 0.001 0.002 0.002 0.003 0.003 0.003 0.003 0.003 0.003 0.003 0.003 0.003 0.003 0.003 0.006 0.013 0.020 0.026 0.031 0.035 0.038 0.040 0.042 0.041 0.040 0.036 0.003 0.001 0.001 0.000 0.000 0.000 0.000 0.000 0.000 0.000 0.066 0.000 0.000 0.000 0.000 0.000
0.000 0.001 0.000 0.000 0.000 0.000 0.000 0.000 0.000 0.047 0.003 0.066 0.056 0.116 0.046 0.000 0.072 0.000 0.006 0.000 0.000 0.003 0.002 0.001 0.002 0.000 0.000 0.003 0.003 0.004 0.003 0.003 0.002 0.001 0.001 0.002 0.002 0.002 0.003 0.003 0.003 0.003 0.003 0.003 0.003 0.003 0.003 0.003 0.003 0.006 0.012 0.018 0.024 0.029 0.033 0.036 0.039 0.040 0.040 0.040 0.038 0.028 0.001 0.000 0.001 0.000 0.000 0.000 0.000 0.000 0.000 0.000 0.000 0.000 0.000 0.856 0.156
0.000 0.000 0.001 0.000 0.012 0.000 0.021 0.001 0.027 0.107 0.067 0.000 0.000 0.000 0.066 0.000 0.000 0.000 0.003 0.001 0.000 0.004 0.003 0.002 0.002 0.001 0.000 0.003 0.004 0.004 0.004 0.003 0.003 0.002 0.002 0.002 0.002 0.003 0.003 0.003 0.003 0.003 0.003 0.003 0.003 0.003 0.003 0.003 0.004 0.006 0.011 0.017 0.022 0.027 0.031 0.034 0.037 0.039 0.040 0.039 0.038 0.037 0.019 0.000 0.000 0.001 0.000 0.000 0.000 0.000 0.000 0.000 0.000 0.000 0.000 0.000 0.000
0.000 0.000 0.000 0.000 0.001 0.014 0.000 0.000 0.012 0.000 0.009 0.050 0.020 0.040 0.000 0.000 0.000 0.000 0.002 0.002 0.002 0.000 0.002 0.002 0.002 0.003 0.003 0.003 0.004 0.004 0.004 0.004 0.003 0.003 0.002 0.002 0.002 0.003 0.003 0.003 0.003 0.003 0.003 0.004 0.004 0.004 0.003 0.004 0.004 0.006 0.010 0.015 0.020 0.025 0.029 0.033 0.035 0.037 0.038 0.039 0.038 0.037 0.035 0.010 0.000 0.000 0.000 0.000 0.000 0.000 0.000 0.000 0.000 0.000 0.000 0.000 0.000
0.000 0.063 0.001 0.000 0.014 0.014 0.124 0.054 0.074 0.044 0.000 0.014 0.000 0.000 0.000 0.000 0.000 0.000 0.001 0.002 0.002 0.001 0.002 0.004 0.004 0.004 0.003 0.003 0.004 0.004 0.004 0.004 0.004 0.003 0.003 0.003 0.003 0.003 0.003 0.003 0.004 0.004 0.004 0.004 0.004 0.004 0.004 0.004 0.004 0.006 0.009 0.014 0.019 0.023 0.027 0.031 0.034 0.036 0.037 0.038 0.038 0.037 0.035 0.031 0.002 0.000 0.000 0.000 0.000 0.000 0.000 0.000 0.000 0.000 0.000 0.000 0.000
0.000 0.000 0.001 0.004 0.000 0.000 0.124 0.000 0.000 0.114 0.000 0.013 0.000 0.000 0.000 0.000 0.000 0.000 0.001 0.001 0.002 0.002 0.003 0.003 0.004 0.004 0.004 0.004 0.004 0.004 0.004 0.004 0.004 0.004 0.003 0.003 0.003 0.003 0.003 0.003 0.004 0.005 0.004 0.004 0.004 0.004 0.004 0.004 0.004 0.006 0.009 0.013 0.017 0.022 0.026 0.029 0.032 0.034 0.036 0.036 0.036 0.035 0.033 0.032 0.012 0.000 0.000 0.000 0.000 0.000 0.000 0.000 0.000 0.000 0.000 0.000 0.000
0.000 0.073 0.000 0.081 0.000 0.000 0.000 0.000 0.087 0.000 0.000 0.006 0.004 0.002 0.001 0.000 0.001 0.000 0.000 0.002 0.003 0.003 0.003 0.003 0.004 0.004 0.004 0.004 0.004 0.004 0.004 0.004 0.004 0.004 0.004 0.004 0.004 0.003 0.003 0.004 0.004 0.004 0.005 0.005 0.005 0.004 0.004 0.004 0.005 0.006 0.008 0.012 0.016 0.020 0.024 0.027 0.030 0.032 0.033 0.033 0.032 0.029 0.030 0.032 0.027 0.000 0.000 0.000 0.000 0.000 0.000 0.000 0.000 0.000 0.000 0.000 0.000
0.003 0.023 0.001 0.051 0.000 0.043 0.043 0.043 0.000 0.000 0.000 0.004 0.004 0.003 0.002 0.002 0.001 0.001 0.002 0.002 0.002 0.003 0.003 0.003 0.004 0.004 0.004 0.004 0.004 0.004 0.004 0.005 0.004 0.004 0.004 0.004 0.004 0.004 0.004 0.004 0.004 0.004 0.005 0.005 0.005 0.005 0.005 0.005 0.005 0.006 0.008 0.011 0.015 0.019 0.022 0.025 0.027 0.027 0.026 0.028 0.029 0.029 0.031 0.036 0.032 0.006 0.000 0.000 0.000 0.000 0.000 0.000 0.000 0.000 0.000 0.000 0.000
0.003 0.103 0.000 0.010 0.000 0.023 0.023 0.001 0.000 0.000 0.001 0.003 0.004 0.003 0.003 0.003 0.003 0.003 0.002 0.002 0.002 0.003 0.003 0.003 0.004 0.004 0.004 0.004 0.004 0.004 0.005 0.005 0.004 0.004 0.004 0.004 0.004 0.004 0.004 0.004 0.004 0.004 0.005 0.005 0.006 0.006 0.005 0.005 0.005 0.006 0.008 0.010 0.014 0.016 0.018 0.019 0.022 0.025 0.026 0.028 0.029 0.030 0.032 0.042 0.033 0.009 0.000 0.000 0.000 0.000 0.000 0.000 0.000 0.000 0.000 0.000 0.000
0.086 0.000 0.059 0.079 0.005 0.000 0.000 0.001 0.000 0.001 0.000 0.002 0.003 0.004 0.005 0.004 0.004 0.004 0.003 0.002 0.002 0.002 0.003 0.003 0.003 0.004 0.004 0.004 0.004 0.005 0.005 0.005 0.005 0.005 0.005 0.005 0.005 0.004 0.004 0.004 0.004 0.005 0.005 0.005 0.006 0.006 0.006 0.006 0.006 0.006 0.007 0.009 0.010 0.013 0.016 0.018 0.021 0.023 0.025 0.027 0.028 0.030 0.035 0.049 0.032 0.010 0.000 0.000 0.000 0.000 0.000 0.000 0.000 0.000 0.000 0.000 0.000
0.005 0.000 0.000 0.000 0.002 0.002 0.000 0.001 0.000 0.000 0.000 0.002 0.003 0.005 0.005 0.005 0.004 0.005 0.004 0.003 0.002 0.002 0.002 0.003 0.003 0.004 0.004 0.004 0.005 0.005 0.005 0.005 0.005 0.005 0.005 0.005 0.005 0.005 0.005 0.005 0.005 0.005 0.005 0.005 0.006 0.006 0.006 0.007 0.006 0.005 0.006 0.007 0.009 0.012 0.015 0.017 0.020 0.022 0.024 0.026 0.028 0.031 0.039 0.052 0.032 0.011 0.000 0.000 0.000 0.000 0.000 0.000 0.000 0.000 0.000 0.000 0.000
0.110 0.000 0.000 0.000 0.002 0.002 0.001 0.001 0.001 0.000 0.000 0.002 0.003 0.004 0.005 0.005 0.005 0.005 0.004 0.004 0.003 0.003 0.002 0.003 0.003 0.004 0.004 0.004 0.005 0.005 0.005 0.005 0.005 0.005 0.005 0.005 0.005 0.005 0.005 0.005 0.005 0.005 0.005 0.005 0.006 0.005 0.005 0.006 0.006 0.006 0.006 0.007 0.009 0.011 0.014 0.016 0.019 0.021 0.023 0.025 0.027 0.032 0.045 0.052 0.031 0.011 0.000 0.000 0.000 0.000 0.000 0.000 0.000 0.000 0.000 0.000 0.000
