includes/overflow_coast_h/floodfiles/results/res-0007.wdfp
ncols         906
nrows         631
xllcorner     362177.146670
yllcorner     6534722.565530
cellsize      20.000000
NODATA_value  -9999.000000
[rows 476 to 509 of 631, columns 616 to 692 of 906]
2.904 2.951 2.997 3.043 3.090 3.113 3.112 3.112 3.112 3.112 3.112 3.112 3.111 3.111 3.103 3.081 3.059 3.036 3.015 2.993 2.971 2.962 2.959 2.956 2.953 2.950 2.947 2.944 2.953 2.962 2.971 2.980 2.989 2.998 3.007 3.016 3.025 3.062 3.108 3.153 3.199 3.244 3.290 3.335 3.380 3.426 3.471 3.517 3.562 3.608 3.653 3.699 3.743 3.731 3.702 3.672 3.643 3.615 3.586 3.558 3.529 3.501 3.472 3.444 3.415 3.387 3.358 3.330 3.301 3.273 3.243 3.222 3.201 3.180 3.159 3.138 3.116
2.952 2.999 3.045 3.092 3.138 3.167 3.167 3.166 3.166 3.166 3.166 3.166 3.166 3.150 3.128 3.106 3.084 3.062 3.040 3.018 2.996 2.988 2.985 2.982 2.979 2.976 2.973 2.969 2.966 2.972 2.981 2.990 2.999 3.008 3.017 3.026 3.035 3.078 3.124 3.169 3.215 3.260 3.305 3.351 3.396 3.442 3.487 3.533 3.578 3.624 3.657 3.687 3.717 3.755 3.725 3.695 3.666 3.636 3.607 3.577 3.548 3.518 3.489 3.459 3.430 3.400 3.371 3.341 3.312 3.283 3.251 3.230 3.209 3.188 3.167 3.146 3.125
3.001 3.047 3.094 3.140 3.186 3.221 3.221 3.221 3.220 3.220 3.220 3.220 3.198 3.176 3.154 3.132 3.110 3.088 3.066 3.044 3.022 3.014 3.011 3.008 3.005 3.002 2.998 2.995 2.992 2.989 2.991 3.000 3.009 3.018 3.027 3.036 3.049 3.094 3.140 3.185 3.230 3.276 3.321 3.367 3.412 3.458 3.503 3.543 3.572 3.601 3.630 3.659 3.692 3.732 3.749 3.719 3.689 3.660 3.630 3.601 3.571 3.542 3.512 3.483 3.454 3.424 3.395 3.365 3.336 3.301 3.260 3.236 3.215 3.194 3.173 3.152 3.131
3.049 3.095 3.142 3.188 3.235 3.275 3.275 3.275 3.275 3.274 3.267 3.245 3.223 3.201 3.179 3.157 3.135 3.113 3.091 3.069 3.047 3.040 3.037 3.034 3.031 3.027 3.024 3.021 3.018 3.015 3.012 3.010 3.019 3.028 3.037 3.046 3.065 3.110 3.155 3.201 3.246 3.292 3.337 3.383 3.428 3.457 3.486 3.515 3.544 3.573 3.603 3.632 3.668 3.707 3.747 3.743 3.713 3.684 3.654 3.625 3.595 3.566 3.536 3.507 3.477 3.448 3.418 3.389 3.359 3.318 3.277 3.242 3.221 3.200 3.179 3.158 3.137
3.097 3.144 3.190 3.236 3.283 3.329 3.329 3.329 3.329 3.315 3.293 3.271 3.249 3.227 3.205 3.183 3.161 3.139 3.117 3.095 3.073 3.066 3.063 3.060 3.056 3.053 3.050 3.047 3.044 3.041 3.037 3.034 3.031 3.038 3.047 3.056 3.081 3.126 3.171 3.217 3.262 3.308 3.342 3.371 3.400 3.430 3.459 3.488 3.517 3.546 3.575 3.605 3.644 3.683 3.722 3.762 3.737 3.707 3.678 3.648 3.619 3.589 3.560 3.530 3.501 3.471 3.442 3.412 3.377 3.336 3.295 3.254 3.227 3.206 3.185 3.164 3.143
3.113 3.175 3.237 3.285 3.331 3.378 3.383 3.383 3.362 3.340 3.318 3.296 3.274 3.252 3.230 3.209 3.187 3.164 3.143 3.121 3.099 3.092 3.088 3.085 3.082 3.079 3.076 3.073 3.070 3.066 3.063 3.060 3.057 3.054 3.057 3.066 3.097 3.142 3.187 3.228 3.257 3.286 3.315 3.344 3.373 3.402 3.431 3.461 3.490 3.519 3.548 3.580 3.619 3.659 3.698 3.737 3.760 3.731 3.701 3.672 3.642 3.613 3.583 3.554 3.524 3.495 3.465 3.435 3.394 3.353 3.312 3.271 3.233 3.212 3.191 3.170 3.149
3.125 3.187 3.249 3.310 3.372 3.426 3.432 3.410 3.388 3.366 3.344 3.322 3.300 3.278 3.256 3.234 3.212 3.190 3.168 3.146 3.124 3.117 3.114 3.111 3.108 3.105 3.102 3.099 3.095 3.092 3.089 3.086 3.083 3.080 3.076 3.076 3.112 3.142 3.171 3.200 3.229 3.259 3.288 3.317 3.346 3.375 3.404 3.433 3.462 3.491 3.521 3.556 3.595 3.634 3.674 3.713 3.752 3.754 3.725 3.695 3.666 3.636 3.607 3.577 3.548 3.518 3.489 3.452 3.411 3.370 3.329 3.289 3.248 3.219 3.198 3.177 3.156
3.136 3.198 3.260 3.322 3.384 3.439 3.450 3.435 3.413 3.391 3.369 3.348 3.326 3.304 3.282 3.260 3.238 3.216 3.194 3.172 3.150 3.143 3.140 3.137 3.134 3.131 3.128 3.124 3.121 3.118 3.115 3.112 3.109 3.105 3.104 3.110 3.086 3.115 3.144 3.173 3.202 3.231 3.260 3.289 3.319 3.348 3.377 3.406 3.435 3.464 3.493 3.531 3.571 3.610 3.649 3.689 3.728 3.767 3.748 3.719 3.689 3.660 3.630 3.601 3.571 3.542 3.510 3.469 3.429 3.388 3.347 3.306 3.265 3.225 3.204 3.183 3.162
3.147 3.209 3.271 3.333 3.384 3.433 3.448 3.440 3.432 3.417 3.395 3.373 3.351 3.329 3.307 3.285 3.263 3.241 3.219 3.197 3.175 3.169 3.166 3.163 3.160 3.157 3.153 3.150 3.147 3.144 3.141 3.138 3.136 3.142 3.149 3.156 3.126 3.096 3.117 3.146 3.175 3.204 3.233 3.262 3.291 3.320 3.349 3.379 3.408 3.437 3.467 3.507 3.546 3.585 3.625 3.664 3.704 3.743 3.772 3.743 3.713 3.684 3.654 3.624 3.595 3.566 3.528 3.487 3.446 3.405 3.364 3.323 3.282 3.242 3.210 3.189 3.168
3.159 3.220 3.281 3.330 3.379 3.427 3.446 3.438 3.430 3.422 3.414 3.399 3.377 3.355 3.333 3.311 3.289 3.267 3.245 3.223 3.201 3.195 3.192 3.189 3.185 3.182 3.179 3.176 3.173 3.170 3.168 3.175 3.181 3.188 3.195 3.197 3.167 3.137 3.107 3.119 3.148 3.177 3.206 3.235 3.264 3.293 3.322 3.351 3.381 3.410 3.443 3.482 3.522 3.561 3.600 3.640 3.679 3.719 3.758 3.766 3.737 3.707 3.678 3.648 3.619 3.586 3.545 3.504 3.463 3.422 3.382 3.341 3.300 3.259 3.218 3.196 3.175
3.170 3.226 3.275 3.324 3.373 3.422 3.445 3.437 3.429 3.420 3.412 3.404 3.396 3.380 3.358 3.337 3.315 3.293 3.271 3.249 3.227 3.221 3.218 3.214 3.211 3.208 3.205 3.202 3.200 3.207 3.213 3.220 3.227 3.233 3.240 3.238 3.208 3.178 3.148 3.118 3.120 3.149 3.178 3.207 3.237 3.266 3.295 3.324 3.353 3.382 3.419 3.458 3.497 3.537 3.576 3.615 3.655 3.694 3.734 3.773 3.760 3.731 3.701 3.672 3.642 3.603 3.562 3.521 3.481 3.440 3.399 3.358 3.317 3.276 3.236 3.202 3.181
3.172 3.221 3.270 3.319 3.368 3.416 3.443 3.435 3.427 3.419 3.411 3.403 3.395 3.387 3.378 3.362 3.340 3.318 3.296 3.274 3.252 3.247 3.243 3.240 3.237 3.234 3.232 3.239 3.245 3.252 3.259 3.266 3.272 3.279 3.286 3.280 3.250 3.219 3.190 3.159 3.129 3.122 3.151 3.180 3.209 3.239 3.268 3.297 3.326 3.355 3.394 3.434 3.473 3.512 3.552 3.591 3.631 3.670 3.709 3.749 3.784 3.754 3.725 3.696 3.662 3.621 3.580 3.539 3.498 3.457 3.416 3.376 3.335 3.294 3.253 3.212 3.187
3.166 3.215 3.264 3.313 3.362 3.411 3.441 3.433 3.425 3.417 3.409 3.401 3.393 3.385 3.377 3.369 3.361 3.344 3.322 3.300 3.278 3.272 3.269 3.266 3.264 3.271 3.277 3.284 3.291 3.298 3.304 3.311 3.318 3.324 3.331 3.321 3.291 3.261 3.231 3.201 3.171 3.141 3.124 3.153 3.182 3.211 3.240 3.269 3.299 3.331 3.370 3.409 3.449 3.488 3.527 3.567 3.606 3.646 3.685 3.724 3.764 3.778 3.749 3.719 3.679 3.638 3.597 3.556 3.516 3.475 3.434 3.393 3.352 3.311 3.270 3.230 3.194
3.161 3.210 3.259 3.308 3.357 3.406 3.440 3.432 3.424 3.416 3.408 3.399 3.391 3.383 3.375 3.367 3.359 3.351 3.343 3.325 3.303 3.298 3.296 3.303 3.309 3.316 3.323 3.330 3.336 3.343 3.350 3.356 3.363 3.370 3.377 3.362 3.332 3.302 3.272 3.242 3.212 3.182 3.152 3.126 3.155 3.184 3.213 3.242 3.271 3.306 3.346 3.385 3.424 3.464 3.503 3.542 3.582 3.621 3.661 3.700 3.740 3.779 3.772 3.737 3.696 3.655 3.615 3.574 3.533 3.492 3.451 3.410 3.370 3.329 3.288 3.247 3.206
3.155 3.204 3.253 3.302 3.351 3.400 3.438 3.430 3.422 3.414 3.406 3.398 3.390 3.382 3.374 3.366 3.357 3.349 3.341 3.333 3.326 3.335 3.341 3.348 3.355 3.361 3.368 3.375 3.382 3.388 3.395 3.402 3.409 3.415 3.422 3.403 3.373 3.343 3.313 3.283 3.253 3.223 3.193 3.163 3.133 3.157 3.186 3.215 3.244 3.282 3.321 3.361 3.400 3.439 3.479 3.518 3.558 3.597 3.637 3.676 3.715 3.755 3.793 3.749 3.706 3.663 3.620 3.577 3.534 3.492 3.449 3.406 3.363 3.320 3.277 3.234 3.191
3.150 3.199 3.248 3.297 3.346 3.394 3.436 3.428 3.420 3.412 3.404 3.396 3.388 3.380 3.372 3.364 3.356 3.348 3.340 3.341 3.352 3.371 3.387 3.393 3.400 3.407 3.414 3.420 3.427 3.434 3.441 3.447 3.454 3.461 3.468 3.444 3.414 3.384 3.354 3.324 3.294 3.264 3.234 3.204 3.174 3.144 3.159 3.188 3.218 3.258 3.297 3.336 3.376 3.415 3.455 3.494 3.533 3.576 3.623 3.669 3.716 3.763 3.764 3.710 3.666 3.624 3.581 3.538 3.495 3.452 3.409 3.366 3.323 3.280 3.237 3.194 3.160
3.144 3.193 3.242 3.291 3.340 3.389 3.435 3.427 3.419 3.411 3.403 3.394 3.386 3.378 3.370 3.362 3.354 3.346 3.357 3.368 3.379 3.397 3.416 3.435 3.446 3.452 3.459 3.466 3.473 3.479 3.486 3.493 3.500 3.506 3.513 3.486 3.456 3.426 3.396 3.366 3.335 3.305 3.275 3.246 3.216 3.186 3.156 3.160 3.194 3.233 3.273 3.312 3.356 3.403 3.449 3.496 3.543 3.589 3.636 3.683 3.729 3.776 3.734 3.675 3.627 3.584 3.541 3.498 3.455 3.412 3.369 3.326 3.283 3.240 3.197 3.154 3.135
3.139 3.188 3.237 3.286 3.335 3.383 3.432 3.425 3.417 3.409 3.401 3.393 3.385 3.377 3.369 3.361 3.362 3.373 3.384 3.394 3.405 3.424 3.443 3.462 3.481 3.498 3.505 3.511 3.518 3.525 3.532 3.538 3.545 3.552 3.557 3.527 3.497 3.467 3.437 3.407 3.377 3.347 3.317 3.287 3.257 3.227 3.197 3.161 3.183 3.229 3.276 3.323 3.369 3.416 3.463 3.509 3.556 3.603 3.649 3.696 3.743 3.764 3.705 3.646 3.587 3.544 3.501 3.458 3.415 3.372 3.329 3.286 3.243 3.200 3.157 3.125 3.110
3.133 3.182 3.231 3.280 3.329 3.378 3.427 3.424 3.415 3.407 3.399 3.391 3.383 3.375 3.367 3.378 3.388 3.399 3.410 3.421 3.432 3.450 3.469 3.488 3.508 3.527 3.546 3.557 3.563 3.570 3.577 3.584 3.590 3.597 3.598 3.568 3.538 3.508 3.478 3.448 3.418 3.388 3.358 3.328 3.298 3.249 3.189 3.128 3.186 3.242 3.289 3.336 3.382 3.429 3.476 3.522 3.569 3.616 3.662 3.709 3.756 3.735 3.676 3.617 3.558 3.504 3.461 3.418 3.375 3.332 3.289 3.246 3.203 3.160 3.117 3.100 3.085
3.128 3.177 3.226 3.275 3.323 3.372 3.421 3.422 3.414 3.406 3.398 3.390 3.382 3.382 3.393 3.404 3.415 3.426 3.437 3.448 3.458 3.477 3.496 3.515 3.534 3.553 3.572 3.592 3.609 3.616 3.622 3.629 3.636 3.643 3.639 3.609 3.579 3.549 3.519 3.489 3.459 3.429 3.399 3.338 3.277 3.216 3.155 3.110 3.179 3.248 3.302 3.349 3.396 3.442 3.489 3.536 3.582 3.629 3.676 3.722 3.765 3.706 3.647 3.587 3.528 3.469 3.421 3.378 3.335 3.292 3.249 3.206 3.163 3.120 3.091 3.076 3.060
3.122 3.171 3.220 3.269 3.318 3.367 3.416 3.420 3.412 3.404 3.396 3.388 3.398 3.409 3.420 3.431 3.442 3.452 3.463 3.474 3.485 3.503 3.522 3.541 3.561 3.580 3.599 3.618 3.637 3.657 3.668 3.675 3.681 3.688 3.680 3.650 3.620 3.590 3.560 3.530 3.487 3.426 3.365 3.305 3.244 3.183 3.122 3.102 3.171 3.241 3.310 3.362 3.409 3.456 3.502 3.549 3.596 3.642 3.689 3.736 3.736 3.677 3.618 3.558 3.499 3.440 3.381 3.338 3.295 3.252 3.209 3.166 3.123 3.081 3.066 3.051 3.035
3.136 3.173 3.215 3.264 3.313 3.361 3.410 3.418 3.410 3.402 3.403 3.414 3.425 3.436 3.446 3.457 3.468 3.479 3.490 3.501 3.511 3.530 3.549 3.568 3.587 3.606 3.626 3.645 3.664 3.683 3.702 3.720 3.727 3.733 3.722 3.691 3.662 3.631 3.575 3.515 3.454 3.393 3.332 3.271 3.211 3.150 3.089 3.095 3.164 3.233 3.303 3.372 3.422 3.469 3.516 3.562 3.609 3.656 3.702 3.749 3.707 3.647 3.588 3.529 3.470 3.411 3.352 3.298 3.255 3.212 3.170 3.127 3.084 3.056 3.041 3.026 3.010
3.158 3.195 3.232 3.269 3.307 3.356 3.405 3.417 3.409 3.419 3.429 3.440 3.451 3.462 3.473 3.484 3.495 3.506 3.516 3.527 3.538 3.556 3.575 3.595 3.614 3.633 3.652 3.671 3.690 3.710 3.729 3.748 3.767 3.779 3.763 3.725 3.664 3.603 3.542 3.481 3.421 3.360 3.299 3.238 3.177 3.117 3.056 3.087 3.157 3.226 3.295 3.364 3.434 3.482 3.529 3.576 3.622 3.669 3.716 3.737 3.677 3.618 3.559 3.500 3.441 3.381 3.322 3.263 3.216 3.173 3.130 3.087 3.047 3.032 3.016 3.001 2.986
3.180 3.217 3.254 3.291 3.328 3.365 3.402 3.423 3.434 3.445 3.456 3.467 3.478 3.489 3.500 3.510 3.521 3.532 3.543 3.554 3.564 3.583 3.602 3.621 3.640 3.660 3.679 3.698 3.717 3.736 3.755 3.775 3.794 3.802 3.752 3.691 3.631 3.570 3.509 3.448 3.387 3.327 3.266 3.205 3.144 3.084 3.023 3.080 3.149 3.219 3.288 3.357 3.426 3.495 3.542 3.589 3.636 3.682 3.729 3.707 3.648 3.589 3.530 3.471 3.411 3.352 3.293 3.234 3.176 3.133 3.090 3.047 3.022 3.007 2.991 2.976 2.961
3.202 3.239 3.276 3.313 3.350 3.387 3.416 3.440 3.459 3.472 3.483 3.493 3.504 3.515 3.526 3.537 3.548 3.559 3.569 3.580 3.591 3.609 3.629 3.648 3.667 3.686 3.705 3.725 3.744 3.763 3.782 3.797 3.791 3.784 3.730 3.660 3.598 3.537 3.476 3.415 3.354 3.294 3.233 3.172 3.111 3.050 3.004 3.073 3.142 3.211 3.281 3.350 3.419 3.488 3.555 3.602 3.649 3.696 3.737 3.678 3.619 3.560 3.501 3.441 3.382 3.323 3.264 3.205 3.146 3.093 3.050 3.013 2.997 2.982 2.967 2.951 2.936
3.224 3.261 3.298 3.335 3.371 3.398 3.425 3.449 3.469 3.488 3.508 3.520 3.531 3.542 3.553 3.563 3.574 3.585 3.596 3.607 3.618 3.636 3.655 3.674 3.693 3.713 3.732 3.751 3.770 3.789 3.786 3.779 3.772 3.766 3.708 3.639 3.570 3.504 3.443 3.382 3.321 3.260 3.200 3.139 3.078 3.017 2.996 3.065 3.135 3.204 3.273 3.343 3.412 3.481 3.550 3.615 3.662 3.709 3.708 3.649 3.590 3.531 3.471 3.412 3.353 3.294 3.235 3.176 3.116 3.057 3.010 2.988 2.972 2.957 2.942 2.927 2.911
3.246 3.282 3.319 3.352 3.379 3.407 3.434 3.458 3.478 3.498 3.518 3.537 3.557 3.568 3.579 3.590 3.601 3.612 3.622 3.633 3.644 3.662 3.682 3.701 3.720 3.739 3.758 3.778 3.780 3.774 3.767 3.760 3.754 3.747 3.687 3.618 3.548 3.479 3.410 3.349 3.288 3.227 3.167 3.106 3.045 2.984 2.989 3.058 3.127 3.197 3.266 3.335 3.405 3.474 3.543 3.612 3.675 3.722 3.679 3.620 3.560 3.501 3.442 3.383 3.324 3.265 3.205 3.146 3.088 3.037 3.002 2.990 2.979 2.967 2.955 2.943 2.932
3.267 3.304 3.334 3.361 3.388 3.416 3.443 3.468 3.487 3.507 3.527 3.547 3.566 3.586 3.606 3.616 3.627 3.638 3.649 3.660 3.671 3.689 3.708 3.727 3.747 3.766 3.775 3.768 3.762 3.755 3.749 3.742 3.735 3.729 3.666 3.596 3.527 3.457 3.388 3.319 3.255 3.194 3.134 3.073 3.012 2.951 2.982 3.051 3.120 3.189 3.259 3.328 3.397 3.467 3.536 3.605 3.674 3.709 3.653 3.602 3.551 3.500 3.450 3.399 3.348 3.298 3.247 3.196 3.145 3.095 3.095 3.095 3.083 3.071 3.060 3.048 3.036
3.288 3.316 3.343 3.370 3.397 3.424 3.452 3.477 3.497 3.517 3.536 3.556 3.576 3.596 3.615 3.635 3.654 3.665 3.675 3.686 3.697 3.716 3.735 3.754 3.770 3.763 3.756 3.750 3.743 3.737 3.730 3.723 3.717 3.710 3.645 3.575 3.506 3.436 3.367 3.297 3.228 3.161 3.101 3.040 2.979 2.918 2.974 3.044 3.113 3.182 3.251 3.321 3.390 3.459 3.529 3.601 3.673 3.731 3.711 3.660 3.609 3.558 3.508 3.457 3.406 3.355 3.305 3.254 3.203 3.174 3.186 3.198 3.188 3.176 3.164 3.152 3.141
3.297 3.325 3.352 3.379 3.406 3.433 3.460 3.486 3.506 3.526 3.546 3.565 3.585 3.605 3.625 3.644 3.664 3.684 3.702 3.713 3.724 3.742 3.761 3.758 3.751 3.745 3.738 3.731 3.725 3.718 3.712 3.705 3.698 3.692 3.623 3.554 3.484 3.415 3.346 3.276 3.207 3.137 3.068 3.007 2.946 2.898 2.967 3.036 3.105 3.175 3.244 3.315 3.387 3.459 3.531 3.603 3.675 3.724 3.768 3.718 3.667 3.616 3.565 3.515 3.464 3.413 3.363 3.312 3.261 3.265 3.277 3.288 3.292 3.280 3.268 3.257 3.245
3.306 3.333 3.361 3.388 3.415 3.442 3.469 3.496 3.515 3.535 3.555 3.575 3.595 3.614 3.634 3.654 3.674 3.693 3.713 3.733 3.750 3.753 3.746 3.739 3.733 3.726 3.720 3.713 3.706 3.700 3.693 3.687 3.680 3.672 3.602 3.533 3.463 3.394 3.324 3.255 3.185 3.116 3.047 2.977 2.913 2.891 2.960 3.029 3.100 3.172 3.244 3.316 3.388 3.461 3.533 3.605 3.669 3.717 3.765 3.775 3.725 3.674 3.623 3.573 3.522 3.471 3.420 3.370 3.344 3.356 3.368 3.379 3.391 3.385 3.373 3.361 3.349
3.315 3.342 3.370 3.397 3.424 3.451 3.478 3.505 3.525 3.545 3.564 3.584 3.604 3.624 3.643 3.663 3.683 3.703 3.722 3.741 3.754 3.740 3.727 3.721 3.714 3.708 3.701 3.694 3.688 3.681 3.675 3.668 3.662 3.650 3.581 3.512 3.442 3.373 3.303 3.234 3.164 3.095 3.025 2.956 2.887 2.886 2.958 3.030 3.102 3.174 3.246 3.318 3.390 3.463 3.535 3.607 3.663 3.710 3.758 3.805 3.783 3.732 3.681 3.630 3.580 3.529 3.478 3.428 3.435 3.447 3.458 3.470 3.482 3.489 3.477 3.465 3.454
3.324 3.351 3.378 3.406 3.433 3.460 3.487 3.514 3.534 3.554 3.574 3.593 3.613 3.633 3.653 3.672 3.692 3.712 3.728 3.741 3.754 3.740 3.723 3.705 3.696 3.689 3.683 3.676 3.669 3.663 3.656 3.650 3.643 3.629 3.560 3.490 3.421 3.351 3.282 3.212 3.143 3.074 3.004 2.956 2.922 2.924 2.960 3.032 3.104 3.176 3.248 3.320 3.392 3.464 3.537 3.608 3.656 3.703 3.751 3.798 3.840 3.790 3.739 3.688 3.638 3.587 3.536 3.514 3.526 3.538 3.549 3.561 3.572 3.584 3.582 3.570 3.558
3.333 3.360 3.387 3.415 3.442 3.469 3.496 3.523 3.543 3.563 3.583 3.603 3.622 3.642 3.662 3.682 3.701 3.714 3.727 3.740 3.753 3.741 3.723 3.706 3.688 3.671 3.664 3.657 3.651 3.644 3.638 3.631 3.625 3.608 3.538 3.469 3.400 3.330 3.261 3.191 3.122 3.067 3.034 3.001 2.968 2.971 3.008 3.044 3.106 3.178 3.250 3.322 3.394 3.466 3.538 3.601 3.649 3.696 3.744 3.792 3.839 3.848 3.797 3.746 3.695 3.645 3.594 3.605 3.617 3.628 3.640 3.651 3.663 3.675 3.686 3.674 3.662
