includes/overflow_coast_h/floodfiles/results/res-0012.wd
ncols         906
nrows         631
xllcorner     362177.146670
yllcorner     6534722.565530
cellsize      20.000000
NODATA_value  -9999.000000
[rows 544 to 577 of 631, columns 539 to 615 of 906]
0.100 0.124 0.147 0.170 0.193 0.215 0.237 0.259 0.267 0.253 0.240 0.226 0.213 0.200 0.186 0.173 0.160 0.147 0.134 0.131 0.129 0.126 0.134 0.147 0.158 0.171 0.183 0.196 0.208 0.220 0.233 0.245 0.257 0.269 0.281 0.295 0.330 0.364 0.398 0.432 0.466 0.499 0.533 0.567 0.596 0.618 0.639 0.661 0.683 0.683 0.679 0.674 0.670 0.665 0.661 0.662 0.664 0.667 0.669 0.672 0.674 0.677 0.684 0.692 0.700 0.708 0.716 0.786 0.865 0.945 1.025 1.104 1.183 1.263 1.342 1.410 1.477
0.126 0.150 0.173 0.195 0.218 0.240 0.262 0.284 0.291 0.277 0.264 0.250 0.237 0.224 0.211 0.198 0.185 0.179 0.176 0.173 0.170 0.167 0.174 0.186 0.198 0.210 0.221 0.233 0.245 0.257 0.269 0.281 0.293 0.305 0.318 0.331 0.366 0.400 0.433 0.467 0.501 0.535 0.569 0.592 0.613 0.635 0.657 0.679 0.700 0.702 0.698 0.693 0.689 0.684 0.680 0.675 0.671 0.671 0.674 0.676 0.679 0.681 0.688 0.696 0.704 0.727 0.807 0.887 0.966 1.046 1.125 1.204 1.284 1.363 1.442 1.512 1.578
0.152 0.175 0.197 0.220 0.242 0.265 0.287 0.309 0.315 0.301 0.287 0.274 0.261 0.248 0.235 0.226 0.222 0.219 0.216 0.213 0.209 0.206 0.214 0.225 0.237 0.248 0.260 0.271 0.282 0.294 0.306 0.318 0.330 0.342 0.354 0.367 0.401 0.435 0.469 0.503 0.537 0.565 0.587 0.609 0.631 0.652 0.674 0.696 0.718 0.721 0.717 0.712 0.708 0.703 0.699 0.694 0.690 0.685 0.681 0.680 0.683 0.686 0.692 0.700 0.749 0.828 0.908 0.987 1.067 1.146 1.225 1.305 1.384 1.463 1.543 1.613 1.680
0.177 0.199 0.222 0.244 0.267 0.289 0.311 0.333 0.338 0.324 0.311 0.297 0.284 0.273 0.269 0.266 0.262 0.259 0.255 0.252 0.248 0.245 0.252 0.264 0.275 0.286 0.298 0.309 0.320 0.331 0.342 0.354 0.366 0.378 0.390 0.403 0.437 0.471 0.505 0.539 0.561 0.583 0.605 0.626 0.648 0.670 0.692 0.713 0.735 0.740 0.735 0.731 0.726 0.722 0.717 0.713 0.709 0.704 0.700 0.695 0.691 0.690 0.696 0.770 0.849 0.929 1.008 1.088 1.167 1.246 1.326 1.405 1.484 1.564 1.643 1.715 1.781
0.202 0.224 0.246 0.268 0.290 0.313 0.335 0.357 0.361 0.347 0.334 0.320 0.316 0.312 0.308 0.305 0.301 0.297 0.294 0.290 0.287 0.283 0.291 0.302 0.313 0.324 0.335 0.346 0.357 0.369 0.379 0.390 0.402 0.413 0.425 0.439 0.473 0.507 0.535 0.557 0.578 0.600 0.622 0.644 0.665 0.687 0.709 0.731 0.752 0.759 0.754 0.750 0.745 0.741 0.736 0.732 0.728 0.723 0.719 0.714 0.710 0.724 0.793 0.871 0.950 1.029 1.109 1.188 1.267 1.347 1.426 1.505 1.585 1.664 1.743 1.816 1.883
0.226 0.248 0.270 0.292 0.315 0.337 0.359 0.381 0.383 0.370 0.362 0.358 0.354 0.351 0.347 0.343 0.339 0.336 0.332 0.328 0.324 0.321 0.329 0.340 0.351 0.362 0.373 0.384 0.395 0.406 0.417 0.428 0.439 0.450 0.461 0.474 0.508 0.530 0.552 0.574 0.596 0.618 0.639 0.661 0.683 0.705 0.726 0.748 0.770 0.778 0.773 0.769 0.764 0.760 0.755 0.751 0.746 0.742 0.738 0.733 0.771 0.832 0.898 0.976 1.053 1.130 1.209 1.289 1.368 1.447 1.526 1.606 1.685 1.764 1.844 1.918 1.984
0.250 0.272 0.294 0.316 0.338 0.360 0.382 0.404 0.408 0.404 0.401 0.397 0.393 0.389 0.385 0.382 0.378 0.374 0.370 0.366 0.362 0.359 0.367 0.378 0.389 0.400 0.411 0.422 0.433 0.444 0.454 0.465 0.476 0.487 0.498 0.504 0.526 0.548 0.570 0.591 0.613 0.635 0.657 0.679 0.700 0.722 0.744 0.765 0.787 0.796 0.792 0.787 0.783 0.779 0.774 0.770 0.765 0.761 0.758 0.818 0.878 0.939 1.004 1.081 1.158 1.235 1.313 1.390 1.468 1.547 1.627 1.706 1.785 1.865 1.944 2.019 2.086
0.274 0.296 0.318 0.340 0.362 0.384 0.406 0.425 0.437 0.443 0.439 0.435 0.431 0.427 0.423 0.419 0.416 0.412 0.408 0.404 0.400 0.396 0.404 0.415 0.426 0.437 0.448 0.459 0.470 0.481 0.492 0.503 0.513 0.522 0.520 0.519 0.542 0.565 0.587 0.609 0.631 0.652 0.674 0.696 0.718 0.739 0.761 0.783 0.805 0.815 0.811 0.806 0.802 0.797 0.793 0.789 0.784 0.805 0.865 0.925 0.986 1.046 1.109 1.186 1.264 1.341 1.418 1.495 1.572 1.649 1.727 1.806 1.885 1.965 2.044 2.121 2.187
0.297 0.319 0.342 0.364 0.386 0.405 0.424 0.442 0.454 0.462 0.471 0.473 0.469 0.465 0.461 0.457 0.453 0.449 0.445 0.441 0.438 0.434 0.442 0.453 0.464 0.475 0.486 0.497 0.507 0.518 0.529 0.540 0.541 0.538 0.536 0.533 0.557 0.579 0.602 0.626 0.648 0.670 0.692 0.713 0.735 0.757 0.779 0.800 0.822 0.834 0.830 0.825 0.821 0.816 0.812 0.807 0.851 0.912 0.972 1.032 1.093 1.153 1.214 1.292 1.369 1.446 1.523 1.600 1.678 1.755 1.832 1.909 1.986 2.065 2.144 2.222 2.289
0.321 0.343 0.365 0.385 0.404 0.422 0.441 0.460 0.471 0.480 0.488 0.496 0.504 0.503 0.499 0.495 0.491 0.487 0.483 0.479 0.475 0.471 0.480 0.490 0.501 0.512 0.523 0.534 0.545 0.555 0.561 0.559 0.556 0.554 0.551 0.549 0.571 0.594 0.617 0.640 0.663 0.687 0.709 0.731 0.752 0.774 0.796 0.818 0.839 0.853 0.848 0.844 0.839 0.835 0.838 0.898 0.959 1.019 1.079 1.140 1.200 1.260 1.320 1.397 1.474 1.551 1.628 1.705 1.783 1.860 1.937 2.014 2.091 2.168 2.246 2.324 2.397
0.344 0.365 0.384 0.402 0.421 0.440 0.459 0.478 0.489 0.497 0.505 0.513 0.521 0.530 0.536 0.532 0.528 0.524 0.520 0.516 0.512 0.508 0.517 0.528 0.539 0.549 0.560 0.571 0.582 0.579 0.577 0.574 0.572 0.569 0.567 0.565 0.586 0.609 0.632 0.655 0.678 0.701 0.724 0.747 0.770 0.791 0.813 0.835 0.857 0.872 0.867 0.863 0.858 0.885 0.945 1.005 1.066 1.126 1.186 1.247 1.307 1.367 1.427 1.502 1.579 1.656 1.734 1.811 1.888 1.965 2.042 2.119 2.196 2.273 2.351 2.451 2.521
0.364 0.382 0.401 0.420 0.439 0.458 0.476 0.495 0.506 0.514 0.522 0.530 0.538 0.547 0.555 0.563 0.566 0.562 0.558 0.554 0.550 0.546 0.554 0.565 0.576 0.587 0.597 0.600 0.597 0.595 0.592 0.590 0.587 0.585 0.582 0.580 0.601 0.624 0.647 0.670 0.693 0.716 0.739 0.762 0.785 0.808 0.831 0.852 0.874 0.890 0.886 0.881 0.932 0.992 1.052 1.113 1.173 1.233 1.293 1.354 1.414 1.474 1.534 1.607 1.684 1.762 1.839 1.916 1.993 2.070 2.147 2.224 2.302 2.385 2.485 2.585 2.659
0.381 0.400 0.419 0.438 0.456 0.475 0.494 0.513 0.523 0.531 0.539 0.547 0.555 0.563 0.571 0.580 0.588 0.596 0.595 0.591 0.587 0.583 0.592 0.602 0.613 0.621 0.618 0.616 0.613 0.611 0.608 0.606 0.603 0.601 0.598 0.596 0.616 0.639 0.662 0.685 0.708 0.731 0.754 0.777 0.800 0.823 0.846 0.869 0.891 0.909 0.918 0.978 1.039 1.099 1.159 1.220 1.280 1.340 1.400 1.461 1.521 1.581 1.641 1.712 1.790 1.867 1.944 2.021 2.098 2.175 2.252 2.330 2.419 2.519 2.619 2.719 2.798
0.399 0.417 0.436 0.455 0.474 0.493 0.511 0.530 0.540 0.548 0.556 0.564 0.572 0.580 0.588 0.596 0.604 0.613 0.621 0.628 0.624 0.620 0.629 0.640 0.639 0.636 0.634 0.631 0.629 0.626 0.624 0.621 0.619 0.616 0.614 0.611 0.631 0.654 0.677 0.700 0.723 0.746 0.769 0.792 0.815 0.838 0.861 0.884 0.907 0.959 1.025 1.086 1.146 1.206 1.266 1.327 1.387 1.447 1.507 1.567 1.628 1.688 1.748 1.818 1.895 1.972 2.049 2.126 2.203 2.280 2.358 2.454 2.554 2.653 2.753 2.853 2.936
0.416 0.435 0.454 0.472 0.491 0.510 0.529 0.547 0.556 0.564 0.572 0.580 0.589 0.597 0.605 0.613 0.621 0.629 0.637 0.645 0.654 0.657 0.660 0.657 0.655 0.652 0.650 0.647 0.644 0.642 0.639 0.637 0.634 0.632 0.629 0.627 0.646 0.669 0.692 0.715 0.737 0.760 0.783 0.806 0.829 0.852 0.875 0.898 0.971 1.045 1.114 1.183 1.252 1.313 1.373 1.434 1.494 1.554 1.614 1.674 1.735 1.795 1.855 1.923 2.000 2.077 2.154 2.231 2.308 2.388 2.488 2.588 2.688 2.787 2.887 2.987 3.075
0.434 0.452 0.471 0.490 0.508 0.527 0.546 0.565 0.573 0.581 0.589 0.597 0.605 0.613 0.621 0.629 0.638 0.646 0.654 0.662 0.685 0.758 0.700 0.673 0.671 0.668 0.665 0.663 0.660 0.658 0.655 0.652 0.650 0.647 0.645 0.642 0.660 0.683 0.706 0.729 0.752 0.775 0.798 0.821 0.844 0.867 0.910 0.983 1.057 1.130 1.200 1.269 1.338 1.407 1.476 1.541 1.601 1.661 1.721 1.781 1.842 1.902 1.962 2.028 2.105 2.182 2.259 2.336 2.422 2.522 2.622 2.722 2.822 2.922 3.021 3.121 3.213
0.451 0.469 0.488 0.507 0.526 0.544 0.563 0.582 0.590 0.598 0.606 0.614 0.622 0.630 0.638 0.646 0.654 0.662 0.672 0.745 0.818 0.891 0.829 0.763 0.697 0.684 0.681 0.678 0.676 0.673 0.671 0.668 0.666 0.663 0.660 0.658 0.675 0.698 0.721 0.744 0.767 0.790 0.813 0.836 0.859 0.922 0.995 1.069 1.142 1.216 1.286 1.355 1.424 1.493 1.562 1.631 1.700 1.768 1.828 1.888 1.948 2.008 2.069 2.133 2.210 2.287 2.364 2.457 2.557 2.656 2.756 2.856 2.956 3.056 3.155 3.255 3.352
0.468 0.487 0.505 0.524 0.543 0.561 0.580 0.598 0.606 0.614 0.622 0.630 0.638 0.646 0.655 0.663 0.671 0.732 0.805 0.878 0.951 1.023 0.958 0.892 0.826 0.760 0.697 0.694 0.691 0.689 0.686 0.684 0.681 0.678 0.676 0.673 0.690 0.713 0.736 0.759 0.782 0.805 0.828 0.860 0.934 1.007 1.081 1.154 1.228 1.301 1.372 1.441 1.510 1.579 1.648 1.717 1.786 1.855 1.924 1.993 2.055 2.115 2.176 2.238 2.315 2.392 2.491 2.591 2.691 2.791 2.890 2.990 3.090 3.190 3.290 3.389 3.489
0.485 0.504 0.522 0.541 0.559 0.578 0.597 0.615 0.623 0.631 0.639 0.647 0.655 0.663 0.671 0.719 0.792 0.864 0.937 1.010 1.083 1.153 1.087 1.021 0.955 0.889 0.822 0.756 0.707 0.704 0.702 0.699 0.697 0.694 0.691 0.689 0.705 0.728 0.750 0.773 0.796 0.819 0.872 0.946 1.019 1.093 1.166 1.240 1.313 1.387 1.458 1.527 1.596 1.665 1.734 1.803 1.872 1.941 2.010 2.079 2.148 2.217 2.282 2.343 2.426 2.525 2.625 2.725 2.825 2.925 3.024 3.124 3.224 3.324 3.424 3.524 3.623
0.627 0.563 0.539 0.558 0.576 0.595 0.614 0.631 0.639 0.647 0.655 0.663 0.671 0.705 0.778 0.851 0.924 0.997 1.070 1.143 1.216 1.282 1.216 1.150 1.084 1.017 0.951 0.885 0.819 0.753 0.717 0.715 0.712 0.709 0.707 0.704 0.719 0.742 0.765 0.788 0.811 0.884 0.957 1.031 1.104 1.178 1.252 1.325 1.398 1.472 1.543 1.612 1.681 1.750 1.819 1.889 1.958 2.027 2.096 2.165 2.234 2.303 2.372 2.463 2.560 2.660 2.759 2.859 2.959 3.059 3.159 3.258 3.358 3.458 3.558 3.658 3.757
0.777 0.713 0.649 0.584 0.593 0.612 0.630 0.648 0.655 0.663 0.671 0.692 0.765 0.838 0.911 0.984 1.057 1.129 1.202 1.275 1.348 1.411 1.345 1.279 1.212 1.146 1.080 1.014 0.948 0.882 0.815 0.749 0.727 0.725 0.722 0.720 0.734 0.757 0.780 0.822 0.896 0.969 1.043 1.116 1.190 1.263 1.337 1.410 1.484 1.557 1.629 1.698 1.767 1.836 1.905 1.974 2.043 2.112 2.181 2.250 2.319 2.388 2.490 2.605 2.705 2.801 2.897 2.993 3.093 3.193 3.293 3.392 3.492 3.592 3.692 3.792 3.891
0.928 0.863 0.799 0.735 0.670 0.628 0.647 0.664 0.672 0.680 0.752 0.825 0.897 0.970 1.043 1.116 1.189 1.262 1.335 1.407 1.480 1.540 1.474 1.407 1.341 1.275 1.209 1.143 1.076 1.010 0.944 0.878 0.812 0.746 0.738 0.735 0.749 0.771 0.834 0.908 0.981 1.055 1.128 1.202 1.275 1.349 1.422 1.496 1.569 1.643 1.715 1.784 1.853 1.922 1.991 2.060 2.129 2.198 2.267 2.336 2.405 2.518 2.633 2.748 2.851 2.946 3.042 3.138 3.233 3.329 3.427 3.527 3.626 3.726 3.826 3.926 4.026
1.078 1.013 0.949 0.885 0.820 0.756 0.692 0.680 0.738 0.811 0.884 0.957 1.030 1.103 1.175 1.248 1.321 1.394 1.467 1.540 1.613 1.668 1.602 1.536 1.470 1.404 1.337 1.271 1.205 1.139 1.073 1.007 0.940 0.874 0.808 0.750 0.773 0.846 0.920 0.993 1.067 1.140 1.214 1.287 1.361 1.434 1.508 1.581 1.654 1.728 1.801 1.870 1.939 2.008 2.077 2.146 2.215 2.284 2.353 2.430 2.545 2.660 2.775 2.890 2.996 3.092 3.187 3.283 3.378 3.474 3.570 3.665 3.761 3.860 3.960 4.060 4.160
1.228 1.164 1.099 1.035 0.970 0.906 0.856 0.836 0.871 0.944 1.016 1.089 1.162 1.235 1.308 1.381 1.453 1.526 1.599 1.672 1.745 1.797 1.731 1.665 1.598 1.532 1.466 1.400 1.334 1.267 1.201 1.135 1.069 1.003 0.937 0.906 0.910 0.934 1.005 1.079 1.152 1.226 1.299 1.373 1.446 1.519 1.593 1.666 1.740 1.813 1.886 1.955 2.024 2.093 2.162 2.231 2.300 2.369 2.457 2.572 2.687 2.802 2.917 3.032 3.142 3.237 3.333 3.428 3.524 3.619 3.715 3.811 3.906 4.002 4.097 4.194 4.294
1.378 1.314 1.249 1.185 1.134 1.091 1.048 1.034 1.065 1.097 1.149 1.221 1.294 1.367 1.440 1.513 1.586 1.658 1.731 1.804 1.877 1.926 1.859 1.793 1.727 1.661 1.594 1.528 1.462 1.396 1.330 1.264 1.198 1.153 1.132 1.110 1.112 1.135 1.159 1.183 1.238 1.311 1.384 1.458 1.531 1.605 1.678 1.752 1.825 1.899 1.972 2.041 2.110 2.179 2.248 2.317 2.386 2.484 2.599 2.715 2.830 2.945 3.060 3.175 3.287 3.383 3.478 3.574 3.669 3.765 3.860 3.956 4.052 4.147 4.243 4.338 4.434
1.528 1.464 1.411 1.368 1.326 1.283 1.240 1.231 1.263 1.294 1.326 1.358 1.426 1.499 1.572 1.645 1.718 1.791 1.863 1.936 2.009 2.054 1.988 1.922 1.855 1.789 1.723 1.657 1.591 1.525 1.458 1.400 1.379 1.357 1.335 1.314 1.313 1.337 1.360 1.384 1.408 1.431 1.470 1.543 1.617 1.690 1.764 1.837 1.910 1.984 2.057 2.127 2.196 2.265 2.334 2.403 2.512 2.627 2.742 2.857 2.972 3.087 3.202 3.317 3.432 3.528 3.624 3.719 3.815 3.910 4.006 4.101 4.197 4.292 4.388 4.484 4.542
1.688 1.645 1.603 1.560 1.517 1.475 1.432 1.429 1.460 1.492 1.524 1.555 1.587 1.631 1.704 1.777 1.850 1.923 1.996 2.068 2.141 2.183 2.116 2.050 1.984 1.918 1.852 1.785 1.719 1.653 1.626 1.604 1.582 1.561 1.539 1.518 1.515 1.538 1.562 1.585 1.609 1.633 1.656 1.680 1.704 1.775 1.849 1.922 1.996 2.069 2.143 2.212 2.282 2.350 2.424 2.539 2.654 2.769 2.884 2.999 3.114 3.229 3.344 3.459 3.574 3.673 3.769 3.864 3.960 4.056 4.151 4.247 4.342 4.438 4.533 4.578 4.601
1.880 1.837 1.795 1.752 1.709 1.667 1.624 1.626 1.658 1.689 1.721 1.753 1.784 1.816 1.848 1.909 1.982 2.055 2.128 2.200 2.273 2.311 2.245 2.179 2.112 2.046 1.980 1.914 1.873 1.851 1.829 1.808 1.786 1.765 1.743 1.721 1.716 1.740 1.763 1.787 1.811 1.834 1.858 1.881 1.905 1.928 1.952 2.007 2.081 2.154 2.228 2.298 2.367 2.451 2.566 2.681 2.796 2.912 3.027 3.142 3.257 3.372 3.487 3.602 3.717 3.819 3.914 4.010 4.105 4.201 4.296 4.392 4.488 4.583 4.615 4.638 4.661
2.072 2.029 1.986 1.944 1.901 1.859 1.816 1.824 1.855 1.887 1.919 1.950 1.982 2.013 2.045 2.077 2.114 2.187 2.260 2.333 2.405 2.440 2.373 2.307 2.241 2.175 2.120 2.098 2.077 2.055 2.033 2.012 1.990 1.968 1.947 1.925 1.917 1.941 1.965 1.988 2.012 2.035 2.059 2.083 2.106 2.130 2.154 2.177 2.201 2.240 2.313 2.384 2.479 2.594 2.709 2.824 2.939 3.054 3.169 3.284 3.399 3.514 3.629 3.744 3.859 3.964 4.059 4.155 4.251 4.346 4.442 4.537 4.628 4.651 4.674 4.697 4.720
2.264 2.221 2.178 2.136 2.093 2.050 2.008 2.021 2.053 2.084 2.116 2.148 2.179 2.211 2.242 2.274 2.306 2.337 2.392 2.465 2.537 2.568 2.502 2.436 2.370 2.345 2.324 2.302 2.280 2.259 2.237 2.216 2.194 2.172 2.151 2.129 2.119 2.142 2.166 2.190 2.213 2.237 2.260 2.284 2.308 2.331 2.355 2.378 2.402 2.426 2.449 2.507 2.621 2.736 2.851 2.966 3.081 3.196 3.311 3.426 3.541 3.656 3.771 3.886 4.001 4.109 4.205 4.300 4.396 4.492 4.587 4.665 4.688 4.711 4.734 4.757 4.780
2.455 2.413 2.370 2.328 2.285 2.242 2.200 2.218 2.250 2.282 2.313 2.345 2.377 2.408 2.440 2.471 2.503 2.535 2.566 2.598 2.670 2.697 2.630 2.592 2.571 2.549 2.527 2.506 2.484 2.463 2.441 2.419 2.398 2.376 2.354 2.333 2.320 2.344 2.367 2.391 2.415 2.438 2.462 2.485 2.509 2.533 2.556 2.580 2.603 2.627 2.635 2.665 2.775 2.885 2.995 3.108 3.223 3.339 3.453 3.569 3.684 3.799 3.914 4.029 4.144 4.255 4.350 4.446 4.541 4.637 4.701 4.724 4.747 4.770 4.793 4.816 4.839
2.647 2.605 2.562 2.519 2.477 2.434 2.392 2.416 2.448 2.479 2.511 2.542 2.574 2.606 2.637 2.669 2.700 2.732 2.764 2.795 2.827 2.840 2.818 2.796 2.775 2.753 2.731 2.710 2.688 2.666 2.645 2.623 2.601 2.580 2.558 2.537 2.522 2.545 2.569 2.592 2.616 2.640 2.663 2.687 2.710 2.734 2.758 2.781 2.804 2.810 2.816 2.823 2.933 3.043 3.153 3.263 3.373 3.483 3.596 3.711 3.826 3.941 4.056 4.171 4.286 4.400 4.496 4.591 4.687 4.738 4.761 4.784 4.807 4.830 4.853 4.876 4.899
2.839 2.796 2.754 2.711 2.669 2.626 2.583 2.613 2.645 2.677 2.708 2.740 2.771 2.803 2.835 2.866 2.898 2.930 2.961 2.980 2.978 2.989 3.014 3.000 2.978 2.957 2.935 2.913 2.892 2.870 2.848 2.827 2.805 2.784 2.762 2.740 2.723 2.747 2.770 2.794 2.817 2.841 2.864 2.888 2.912 2.935 2.959 2.979 2.986 2.992 2.998 3.004 3.091 3.201 3.311 3.421 3.531 3.641 3.751 3.861 3.971 4.083 4.198 4.313 4.428 4.543 4.641 4.736 4.774 4.797 4.820 4.843 4.866 4.889 4.912 4.935 4.958
3.031 2.988 2.946 2.903 2.860 2.818 2.779 2.811 2.842 2.874 2.906 2.937 2.969 3.000 3.032 3.064 3.095 3.112 3.110 3.109 3.107 3.121 3.146 3.170 3.182 3.160 3.139 3.117 3.096 3.074 3.052 3.031 3.009 2.987 2.966 2.944 2.924 2.948 2.972 2.995 3.019 3.042 3.066 3.090 3.113 3.137 3.155 3.161 3.167 3.173 3.180 3.186 3.250 3.360 3.470 3.579 3.689 3.799 3.909 4.019 4.129 4.239 4.349 4.459 4.571 4.686 4.786 4.811 4.834 4.857 4.880 4.903 4.926 4.949 4.972 4.995 5.018
