includes/overflow_coast_h/floodfiles/results/res-0010.wd
ncols         906
nrows         631
xllcorner     362177.146670
yllcorner     6534722.565530
cellsize      20.000000
NODATA_value  -9999.000000
[rows 476 to 509 of 631, columns 77 to 153 of 906]
2.464 2.132 1.800 1.469 1.010 0.477 0.000 0.000 0.000 0.000 0.000 0.000 0.000 0.001 0.000 0.001 0.001 0.000 0.000 0.000 0.000 0.001 0.000 0.000 0.000 0.000 0.000 0.000 0.000 0.000 0.000 0.000 0.000 0.000 0.000 0.000 0.000 0.000 0.000 0.000 0.000 0.000 0.000 0.000 0.000 0.000 0.000 0.000 0.000 0.000 0.000 0.003 0.003 0.004 0.004 0.003 0.003 0.002 0.001 0.000 0.001 0.001 0.002 0.003 0.004 0.004 0.003 0.003 0.002 0.002 0.002 0.001 0.001 0.001 0.000 0.000 0.000
1.949 1.617 1.285 0.954 0.597 0.064 0.000 0.000 0.000 0.000 0.000 0.000 0.000 0.000 0.000 0.001 0.001 0.002 0.000 0.000 0.000 0.000 0.000 0.000 0.000 0.000 0.000 0.000 0.000 0.000 0.000 0.000 0.000 0.000 0.000 0.000 0.000 0.000 0.000 0.000 0.000 0.000 0.000 0.000 0.000 0.000 0.000 0.000 0.000 0.000 0.000 0.002 0.003 0.004 0.004 0.003 0.004 0.002 0.001 0.001 0.002 0.002 0.002 0.003 0.004 0.005 0.003 0.002 0.002 0.002 0.001 0.000 0.001 0.000 0.000 0.000 0.000
1.434 1.102 0.770 0.439 0.107 0.000 0.000 0.000 0.000 0.000 0.000 0.000 0.000 0.000 0.000 0.000 0.000 0.003 0.126 0.050 0.000 0.000 0.000 0.000 0.000 0.000 0.000 0.000 0.000 0.000 0.000 0.000 0.000 0.000 0.000 0.000 0.000 0.000 0.000 0.000 0.000 0.000 0.000 0.001 0.000 0.000 0.000 0.000 0.000 0.000 0.001 0.002 0.003 0.004 0.004 0.003 0.005 0.002 0.001 0.002 0.002 0.002 0.002 0.003 0.003 0.004 0.002 0.002 0.001 0.001 0.001 0.000 0.000 0.000 0.000 0.000 0.000
1.130 0.835 0.539 0.244 0.000 0.000 0.000 0.000 0.000 0.000 0.000 0.000 0.000 0.000 0.000 0.000 0.000 0.043 0.224 0.404 0.343 0.266 0.198 0.151 0.104 0.057 0.010 0.000 0.000 0.000 0.000 0.000 0.000 0.000 0.000 0.000 0.000 0.000 0.000 0.000 0.000 0.000 0.000 0.000 0.001 0.000 0.000 0.000 0.001 0.001 0.002 0.002 0.002 0.003 0.004 0.005 0.005 0.002 0.002 0.002 0.002 0.002 0.002 0.002 0.002 0.002 0.002 0.002 0.001 0.001 0.001 0.000 0.000 0.000 0.000 0.000 0.000
1.511 1.215 0.920 0.625 0.329 0.000 0.000 0.000 0.000 0.000 0.000 0.000 0.000 0.000 0.000 0.000 0.000 0.107 0.288 0.469 0.649 0.636 0.578 0.531 0.483 0.409 0.285 0.161 0.037 0.000 0.000 0.000 0.000 0.000 0.000 0.000 0.001 0.004 0.013 0.012 0.004 0.002 0.000 0.000 0.001 0.001 0.000 0.000 0.001 0.001 0.002 0.002 0.002 0.002 0.003 0.006 0.004 0.002 0.002 0.002 0.002 0.002 0.002 0.002 0.002 0.002 0.002 0.002 0.001 0.001 0.001 0.000 0.000 0.000 0.000 0.000 0.000
1.891 1.596 1.301 1.006 0.696 0.248 0.000 0.000 0.000 0.000 0.000 0.000 0.000 0.000 0.000 0.000 0.002 0.171 0.352 0.533 0.713 0.856 0.796 0.672 0.547 0.423 0.299 0.175 0.051 0.000 0.000 0.000 0.044 0.088 0.103 0.118 0.133 0.147 0.161 0.148 0.135 0.122 0.110 0.097 0.081 0.065 0.049 0.022 0.003 0.002 0.002 0.002 0.003 0.003 0.003 0.006 0.003 0.002 0.002 0.002 0.002 0.002 0.002 0.002 0.002 0.002 0.001 0.002 0.002 0.001 0.001 0.001 0.000 0.000 0.000 0.000 0.000
2.272 1.977 1.682 1.387 1.029 0.581 0.133 0.000 0.000 0.000 0.000 0.000 0.000 0.000 0.000 0.000 0.055 0.235 0.367 0.493 0.618 0.743 0.721 0.686 0.561 0.437 0.313 0.189 0.065 0.000 0.000 0.058 0.138 0.219 0.256 0.271 0.285 0.300 0.299 0.286 0.274 0.261 0.248 0.236 0.222 0.206 0.189 0.154 0.118 0.083 0.047 0.013 0.004 0.004 0.004 0.005 0.003 0.002 0.002 0.002 0.002 0.002 0.002 0.002 0.002 0.002 0.001 0.001 0.002 0.002 0.001 0.001 0.000 0.000 0.000 0.000 0.000
2.653 2.358 2.063 1.768 1.362 0.914 0.466 0.018 0.000 0.000 0.000 0.000 0.000 0.000 0.000 0.000 0.007 0.130 0.255 0.380 0.505 0.627 0.599 0.570 0.542 0.451 0.327 0.203 0.078 0.002 0.071 0.151 0.232 0.312 0.393 0.423 0.438 0.450 0.437 0.425 0.412 0.399 0.386 0.374 0.361 0.348 0.322 0.286 0.250 0.207 0.163 0.119 0.074 0.031 0.006 0.008 0.008 0.003 0.002 0.002 0.002 0.002 0.002 0.002 0.002 0.002 0.001 0.001 0.001 0.002 0.001 0.001 0.000 0.000 0.000 0.000 0.000
2.764 2.739 2.444 2.143 1.695 1.247 0.799 0.351 0.000 0.000 0.000 0.000 0.000 0.000 0.000 0.000 0.000 0.018 0.143 0.268 0.393 0.504 0.476 0.447 0.419 0.391 0.341 0.217 0.091 0.085 0.165 0.245 0.326 0.406 0.487 0.567 0.591 0.589 0.576 0.563 0.550 0.537 0.525 0.502 0.473 0.444 0.431 0.386 0.342 0.297 0.253 0.209 0.165 0.121 0.095 0.102 0.108 0.104 0.070 0.035 0.007 0.003 0.003 0.002 0.002 0.002 0.001 0.001 0.001 0.001 0.002 0.001 0.000 0.000 0.001 0.023 0.052
2.738 2.905 2.825 2.475 2.028 1.580 1.132 0.666 0.188 0.000 0.000 0.000 0.000 0.000 0.000 0.000 0.000 0.000 0.030 0.155 0.280 0.381 0.353 0.325 0.296 0.268 0.239 0.211 0.104 0.178 0.259 0.339 0.420 0.500 0.581 0.658 0.723 0.694 0.664 0.634 0.605 0.575 0.546 0.516 0.487 0.482 0.500 0.476 0.432 0.387 0.343 0.299 0.255 0.211 0.207 0.214 0.221 0.227 0.217 0.183 0.148 0.113 0.077 0.024 0.003 0.002 0.001 0.001 0.001 0.001 0.001 0.001 0.011 0.040 0.073 0.109 0.145
2.713 2.879 3.046 2.787 2.309 1.831 1.353 0.875 0.398 0.000 0.000 0.000 0.000 0.000 0.000 0.000 0.000 0.000 0.000 0.043 0.168 0.259 0.230 0.202 0.173 0.145 0.116 0.086 0.160 0.238 0.314 0.391 0.468 0.544 0.621 0.698 0.714 0.707 0.678 0.648 0.618 0.589 0.559 0.530 0.502 0.520 0.539 0.557 0.522 0.477 0.433 0.389 0.345 0.313 0.319 0.326 0.333 0.339 0.346 0.330 0.295 0.260 0.218 0.164 0.109 0.054 0.007 0.005 0.007 0.011 0.018 0.037 0.083 0.118 0.137 0.155 0.171
2.646 2.803 2.958 2.857 2.519 2.041 1.563 1.085 0.608 0.129 0.000 0.000 0.000 0.000 0.000 0.000 0.000 0.000 0.000 0.000 0.055 0.136 0.107 0.079 0.051 0.022 0.028 0.111 0.196 0.277 0.354 0.431 0.507 0.584 0.661 0.704 0.705 0.706 0.691 0.661 0.632 0.602 0.573 0.543 0.540 0.559 0.577 0.595 0.612 0.567 0.523 0.479 0.435 0.425 0.432 0.438 0.445 0.452 0.458 0.465 0.442 0.407 0.358 0.304 0.249 0.194 0.139 0.084 0.039 0.032 0.041 0.052 0.089 0.116 0.137 0.156 0.173
2.559 2.716 2.783 2.682 2.581 2.251 1.773 1.295 0.817 0.339 0.000 0.000 0.000 0.000 0.000 0.000 0.000 0.000 0.000 0.000 0.000 0.015 0.001 0.000 0.000 0.000 0.062 0.146 0.231 0.316 0.394 0.470 0.547 0.624 0.695 0.695 0.696 0.697 0.697 0.675 0.646 0.616 0.586 0.560 0.579 0.597 0.615 0.634 0.652 0.658 0.613 0.569 0.531 0.537 0.544 0.550 0.557 0.564 0.571 0.577 0.584 0.553 0.498 0.443 0.383 0.319 0.255 0.191 0.127 0.076 0.064 0.064 0.072 0.108 0.134 0.154 0.173
2.472 2.629 2.608 2.507 2.406 2.305 1.983 1.505 1.027 0.549 0.071 0.000 0.000 0.000 0.000 0.000 0.000 0.000 0.000 0.000 0.000 0.000 0.000 0.000 0.000 0.013 0.097 0.182 0.266 0.351 0.433 0.510 0.587 0.663 0.685 0.686 0.687 0.687 0.688 0.689 0.659 0.630 0.600 0.598 0.617 0.635 0.654 0.672 0.691 0.709 0.703 0.659 0.643 0.649 0.656 0.662 0.669 0.676 0.683 0.674 0.648 0.673 0.609 0.544 0.480 0.416 0.351 0.287 0.223 0.161 0.104 0.079 0.079 0.090 0.125 0.150 0.171
2.384 2.534 2.433 2.332 2.231 2.130 2.029 1.715 1.237 0.759 0.281 0.075 0.000 0.000 0.000 0.000 0.000 0.000 0.000 0.000 0.000 0.000 0.000 0.000 0.000 0.048 0.132 0.217 0.302 0.386 0.471 0.549 0.626 0.676 0.676 0.677 0.678 0.678 0.679 0.680 0.673 0.643 0.618 0.637 0.655 0.674 0.692 0.711 0.729 0.747 0.766 0.749 0.755 0.762 0.741 0.714 0.687 0.660 0.633 0.607 0.580 0.654 0.706 0.641 0.577 0.512 0.448 0.384 0.320 0.256 0.174 0.110 0.091 0.091 0.108 0.142 0.167
2.297 2.359 2.258 2.157 2.056 1.955 1.854 1.753 1.447 0.969 0.555 0.361 0.166 0.000 0.000 0.000 0.000 0.000 0.000 0.000 0.000 0.000 0.000 0.000 0.004 0.083 0.167 0.252 0.337 0.422 0.506 0.589 0.666 0.666 0.667 0.668 0.668 0.669 0.670 0.671 0.672 0.657 0.657 0.675 0.694 0.712 0.730 0.744 0.753 0.762 0.772 0.758 0.727 0.700 0.673 0.646 0.619 0.592 0.565 0.539 0.552 0.633 0.714 0.738 0.674 0.609 0.545 0.480 0.416 0.347 0.255 0.171 0.119 0.103 0.103 0.127 0.160
2.210 2.183 2.082 1.981 1.880 1.779 1.678 1.577 1.476 1.179 0.840 0.646 0.452 0.257 0.042 0.000 0.000 0.000 0.000 0.000 0.000 0.000 0.000 0.000 0.012 0.100 0.188 0.276 0.364 0.452 0.540 0.626 0.656 0.657 0.658 0.658 0.658 0.658 0.658 0.659 0.659 0.658 0.665 0.673 0.682 0.691 0.700 0.709 0.718 0.727 0.737 0.699 0.660 0.632 0.605 0.577 0.551 0.524 0.497 0.471 0.531 0.612 0.693 0.773 0.770 0.706 0.642 0.577 0.513 0.432 0.339 0.249 0.173 0.130 0.117 0.116 0.148
2.109 2.008 1.907 1.806 1.705 1.604 1.503 1.402 1.301 1.224 1.029 0.781 0.532 0.284 0.037 0.002 0.000 0.000 0.000 0.000 0.000 0.000 0.000 0.000 0.020 0.108 0.196 0.285 0.373 0.461 0.549 0.617 0.634 0.634 0.634 0.634 0.634 0.634 0.634 0.634 0.635 0.632 0.630 0.639 0.648 0.656 0.665 0.675 0.684 0.693 0.680 0.640 0.601 0.564 0.536 0.509 0.483 0.456 0.430 0.429 0.510 0.591 0.671 0.752 0.832 0.803 0.738 0.674 0.609 0.516 0.423 0.332 0.249 0.185 0.151 0.138 0.133
1.934 1.833 1.732 1.648 1.575 1.502 1.429 1.357 1.284 1.193 1.003 0.775 0.526 0.278 0.036 0.004 0.002 0.000 0.000 0.000 0.000 0.000 0.000 0.000 0.028 0.116 0.205 0.293 0.381 0.470 0.558 0.580 0.599 0.609 0.609 0.610 0.610 0.610 0.610 0.610 0.610 0.606 0.603 0.604 0.613 0.622 0.631 0.640 0.649 0.658 0.621 0.581 0.542 0.503 0.468 0.441 0.415 0.388 0.362 0.408 0.489 0.570 0.650 0.730 0.810 0.890 0.835 0.770 0.696 0.601 0.508 0.416 0.331 0.259 0.214 0.191 0.178
1.853 1.780 1.707 1.634 1.562 1.489 1.416 1.343 1.271 1.135 0.946 0.756 0.521 0.272 0.042 0.010 0.005 0.001 0.000 0.000 0.000 0.000 0.000 0.000 0.033 0.123 0.212 0.301 0.389 0.478 0.524 0.543 0.563 0.582 0.585 0.585 0.586 0.586 0.586 0.586 0.584 0.580 0.577 0.574 0.578 0.587 0.596 0.605 0.614 0.602 0.562 0.523 0.483 0.444 0.405 0.373 0.347 0.320 0.305 0.387 0.468 0.549 0.629 0.709 0.789 0.869 0.931 0.867 0.780 0.686 0.592 0.501 0.414 0.334 0.259 0.211 0.176
1.780 1.767 1.694 1.621 1.549 1.476 1.403 1.330 1.258 1.078 0.889 0.699 0.510 0.267 0.054 0.020 0.012 0.004 0.001 0.003 0.004 0.006 0.009 0.014 0.030 0.128 0.218 0.308 0.397 0.467 0.486 0.506 0.526 0.545 0.561 0.561 0.561 0.562 0.562 0.561 0.557 0.554 0.551 0.548 0.545 0.552 0.561 0.570 0.579 0.543 0.503 0.464 0.424 0.385 0.346 0.307 0.278 0.253 0.284 0.366 0.447 0.527 0.608 0.688 0.767 0.847 0.927 0.960 0.855 0.735 0.616 0.499 0.387 0.286 0.211 0.164 0.132
1.699 1.699 1.681 1.608 1.535 1.462 1.390 1.317 1.210 1.021 0.831 0.642 0.453 0.262 0.070 0.036 0.025 0.010 0.007 0.011 0.015 0.020 0.027 0.036 0.047 0.125 0.222 0.314 0.404 0.428 0.449 0.469 0.488 0.508 0.528 0.537 0.537 0.537 0.538 0.534 0.531 0.528 0.525 0.522 0.519 0.517 0.526 0.535 0.524 0.484 0.445 0.405 0.365 0.326 0.287 0.248 0.210 0.185 0.263 0.345 0.426 0.506 0.585 0.652 0.720 0.787 0.854 0.877 0.810 0.690 0.571 0.453 0.340 0.238 0.165 0.121 0.103
1.618 1.618 1.618 1.595 1.522 1.449 1.377 1.304 1.153 0.964 0.774 0.585 0.395 0.210 0.088 0.060 0.049 0.027 0.048 0.059 0.068 0.074 0.079 0.085 0.094 0.113 0.224 0.319 0.369 0.390 0.410 0.431 0.451 0.471 0.490 0.510 0.512 0.513 0.511 0.508 0.505 0.502 0.499 0.496 0.493 0.489 0.491 0.500 0.465 0.426 0.386 0.346 0.306 0.267 0.228 0.189 0.151 0.146 0.217 0.287 0.355 0.423 0.491 0.558 0.626 0.693 0.761 0.748 0.731 0.644 0.525 0.407 0.293 0.192 0.121 0.093 0.101
1.537 1.537 1.537 1.537 1.509 1.436 1.363 1.285 1.096 0.906 0.717 0.527 0.338 0.159 0.088 0.084 0.083 0.097 0.129 0.146 0.157 0.163 0.166 0.167 0.167 0.167 0.219 0.304 0.328 0.350 0.372 0.393 0.413 0.433 0.453 0.473 0.488 0.488 0.485 0.482 0.479 0.476 0.473 0.469 0.466 0.463 0.460 0.447 0.407 0.365 0.323 0.281 0.240 0.198 0.157 0.117 0.077 0.083 0.124 0.193 0.262 0.329 0.397 0.465 0.532 0.599 0.635 0.618 0.601 0.585 0.479 0.361 0.247 0.146 0.087 0.074 0.098
1.456 1.456 1.456 1.456 1.456 1.423 1.350 1.228 1.039 0.849 0.660 0.470 0.281 0.109 0.071 0.080 0.106 0.183 0.218 0.237 0.248 0.254 0.257 0.258 0.255 0.248 0.229 0.260 0.288 0.311 0.333 0.355 0.376 0.396 0.417 0.437 0.457 0.461 0.458 0.455 0.452 0.448 0.445 0.442 0.439 0.435 0.432 0.377 0.333 0.291 0.249 0.207 0.165 0.124 0.083 0.042 0.021 0.035 0.049 0.100 0.168 0.236 0.303 0.371 0.438 0.505 0.506 0.489 0.472 0.456 0.434 0.316 0.201 0.104 0.068 0.069 0.093
1.375 1.375 1.375 1.375 1.375 1.375 1.337 1.171 0.981 0.792 0.602 0.423 0.251 0.096 0.074 0.093 0.120 0.169 0.202 0.218 0.224 0.226 0.225 0.221 0.214 0.202 0.213 0.245 0.274 0.298 0.321 0.343 0.364 0.385 0.406 0.426 0.440 0.432 0.429 0.426 0.423 0.419 0.416 0.413 0.410 0.406 0.379 0.317 0.258 0.216 0.174 0.133 0.091 0.049 0.009 0.000 0.001 0.003 0.007 0.014 0.075 0.142 0.210 0.277 0.344 0.394 0.377 0.360 0.343 0.326 0.310 0.270 0.156 0.075 0.057 0.070 0.087
1.294 1.294 1.294 1.294 1.303 1.319 1.321 1.185 1.012 0.838 0.665 0.491 0.319 0.158 0.100 0.103 0.104 0.106 0.153 0.171 0.179 0.181 0.179 0.175 0.169 0.163 0.203 0.233 0.260 0.285 0.309 0.331 0.353 0.374 0.395 0.416 0.413 0.406 0.399 0.397 0.394 0.390 0.387 0.384 0.381 0.377 0.320 0.258 0.195 0.142 0.100 0.058 0.017 0.000 0.000 0.000 0.001 0.002 0.002 0.002 0.003 0.049 0.116 0.183 0.250 0.264 0.247 0.230 0.213 0.197 0.182 0.167 0.115 0.059 0.048 0.070 0.081
1.250 1.266 1.282 1.298 1.315 1.331 1.302 1.231 1.080 0.906 0.733 0.560 0.387 0.219 0.118 0.099 0.093 0.091 0.095 0.125 0.133 0.135 0.135 0.133 0.130 0.157 0.194 0.222 0.246 0.272 0.296 0.319 0.341 0.363 0.384 0.393 0.386 0.379 0.372 0.367 0.364 0.361 0.358 0.355 0.352 0.323 0.260 0.198 0.136 0.074 0.026 0.001 0.000 0.000 0.000 0.000 0.001 0.002 0.002 0.002 0.002 0.002 0.023 0.090 0.152 0.135 0.118 0.101 0.085 0.072 0.065 0.064 0.069 0.058 0.055 0.067 0.073
1.262 1.278 1.294 1.310 1.326 1.342 1.283 1.212 1.140 0.974 0.801 0.628 0.455 0.284 0.143 0.091 0.079 0.074 0.070 0.077 0.089 0.092 0.094 0.097 0.108 0.150 0.183 0.211 0.234 0.257 0.282 0.305 0.328 0.351 0.372 0.366 0.360 0.353 0.346 0.339 0.335 0.332 0.329 0.326 0.323 0.263 0.201 0.139 0.076 0.015 0.000 0.000 0.000 0.000 0.000 0.000 0.001 0.001 0.002 0.002 0.002 0.002 0.002 0.010 0.031 0.019 0.017 0.017 0.020 0.024 0.029 0.036 0.043 0.053 0.062 0.067 0.070
1.273 1.289 1.305 1.321 1.338 1.335 1.264 1.193 1.121 1.043 0.869 0.696 0.523 0.351 0.178 0.084 0.065 0.055 0.048 0.032 0.049 0.057 0.063 0.069 0.104 0.142 0.172 0.198 0.221 0.242 0.267 0.291 0.315 0.338 0.344 0.339 0.333 0.326 0.320 0.312 0.306 0.303 0.300 0.297 0.266 0.204 0.141 0.079 0.017 0.000 0.000 0.000 0.000 0.000 0.000 0.000 0.000 0.001 0.002 0.002 0.002 0.002 0.002 0.007 0.007 0.008 0.010 0.011 0.014 0.020 0.028 0.037 0.048 0.061 0.074 0.072 0.071
1.285 1.301 1.317 1.333 1.349 1.316 1.245 1.174 1.102 1.031 0.937 0.764 0.591 0.418 0.226 0.085 0.053 0.042 0.033 0.024 0.019 0.033 0.042 0.060 0.097 0.130 0.157 0.182 0.204 0.226 0.249 0.275 0.300 0.320 0.316 0.311 0.306 0.300 0.293 0.286 0.279 0.274 0.271 0.268 0.206 0.144 0.082 0.020 0.000 0.000 0.000 0.000 0.000 0.000 0.000 0.000 0.001 0.001 0.002 0.002 0.002 0.002 0.003 0.005 0.006 0.009 0.013 0.019 0.024 0.030 0.036 0.044 0.053 0.061 0.070 0.077 0.073
1.308 1.312 1.329 1.345 1.361 1.297 1.226 1.155 1.083 1.012 0.941 0.832 0.659 0.477 0.280 0.108 0.048 0.033 0.024 0.018 0.013 0.013 0.020 0.054 0.086 0.113 0.137 0.160 0.182 0.204 0.228 0.254 0.284 0.290 0.288 0.284 0.279 0.274 0.268 0.261 0.253 0.246 0.242 0.209 0.147 0.085 0.023 0.000 0.000 0.000 0.000 0.000 0.000 0.000 0.000 0.001 0.001 0.001 0.002 0.002 0.003 0.004 0.005 0.007 0.010 0.012 0.016 0.020 0.025 0.030 0.036 0.043 0.051 0.057 0.064 0.072 0.075
1.420 1.332 1.340 1.356 1.349 1.278 1.207 1.136 1.064 0.993 0.922 0.851 0.728 0.532 0.336 0.160 0.074 0.045 0.029 0.018 0.011 0.004 0.009 0.035 0.058 0.081 0.102 0.124 0.146 0.169 0.195 0.224 0.254 0.259 0.259 0.257 0.253 0.248 0.242 0.235 0.228 0.220 0.212 0.150 0.088 0.027 0.000 0.000 0.000 0.000 0.000 0.000 0.000 0.000 0.000 0.001 0.002 0.002 0.002 0.003 0.003 0.004 0.005 0.006 0.008 0.011 0.014 0.018 0.023 0.028 0.033 0.040 0.045 0.051 0.056 0.063 0.070
1.532 1.444 1.357 1.368 1.330 1.259 1.188 1.117 1.045 0.974 0.901 0.829 0.726 0.533 0.334 0.157 0.071 0.041 0.022 0.009 0.002 0.002 0.019 0.041 0.063 0.084 0.105 0.127 0.150 0.174 0.203 0.235 0.185 0.202 0.205 0.204 0.199 0.193 0.186 0.178 0.170 0.161 0.145 0.102 0.041 0.001 0.000 0.000 0.000 0.000 0.000 0.000 0.000 0.000 0.000 0.000 0.002 0.002 0.002 0.003 0.003 0.004 0.005 0.005 0.005 0.008 0.012 0.015 0.019 0.023 0.029 0.034 0.038 0.043 0.048 0.053 0.059
