includes/overflow_coast_h/floodfiles/results/res-0003.wdfp
ncols         906
nrows         631
xllcorner     362177.146667
yllcorner     6534725.688020
cellsize      20.000000
NODATA_value  -9999.000000
[rows 442 to 475 of 631, columns 0 to 76 of 906]
8.016 8.000 8.067 8.143 8.220 8.297 8.374 8.451 8.528 8.605 8.607 8.572 8.537 8.502 8.503 8.514 8.525 8.536 8.547 8.596 8.648 8.700 8.752 8.804 8.856 8.908 8.821 8.692 8.583 8.474 8.365 8.255 8.129 8.001 7.874 7.746 7.631 7.560 7.488 7.416 7.343 7.271 7.198 7.126 7.054 6.973 6.858 6.743 6.628 6.513 6.398 6.391 6.539 6.687 6.835 6.873 6.908 6.943 6.978 7.013 7.048 7.082 7.126 7.201 7.168 6.888 6.592 6.296 6.000 5.703 5.407 5.111 4.814 4.561 4.381 3.506 3.396
8.041 8.057 8.106 8.171 8.248 8.325 8.402 8.479 8.555 8.632 8.606 8.571 8.535 8.500 8.465 8.463 8.474 8.485 8.504 8.556 8.608 8.660 8.712 8.764 8.816 8.868 8.920 8.857 8.738 8.610 8.482 8.355 8.227 8.100 7.972 7.844 7.742 7.671 7.600 7.529 7.456 7.384 7.311 7.239 7.167 7.077 6.962 6.847 6.732 6.617 6.502 6.387 6.344 6.492 6.625 6.660 6.694 6.729 6.764 6.812 6.886 6.961 7.036 7.110 7.055 6.961 6.723 6.427 6.131 5.834 5.538 5.242 4.946 4.701 4.521 4.341 3.486
8.066 8.115 8.163 8.212 8.276 8.353 8.430 8.506 8.583 8.639 8.604 8.569 8.534 8.499 8.463 8.428 8.424 8.435 8.463 8.515 8.567 8.620 8.672 8.724 8.766 8.784 8.803 8.870 8.836 8.709 8.581 8.453 8.326 8.198 8.070 7.942 7.854 7.783 7.712 7.641 7.569 7.497 7.424 7.352 7.280 7.182 7.067 6.952 6.836 6.721 6.606 6.491 6.376 6.297 6.411 6.446 6.497 6.572 6.647 6.721 6.796 6.871 6.946 7.020 6.941 6.847 6.754 6.558 6.262 5.965 5.669 5.373 5.077 4.840 4.660 4.480 4.301
8.124 8.172 8.221 8.269 8.318 8.381 8.458 8.534 8.611 8.638 8.603 8.567 8.532 8.497 8.462 8.427 8.392 8.385 8.423 8.475 8.523 8.542 8.560 8.579 8.597 8.615 8.634 8.722 8.823 8.807 8.680 8.552 8.424 8.296 8.169 8.041 7.965 7.894 7.823 7.752 7.681 7.610 7.537 7.465 7.392 7.286 7.171 7.056 6.941 6.825 6.710 6.595 6.480 6.377 6.258 6.332 6.407 6.482 6.557 6.631 6.706 6.781 6.855 6.922 6.828 6.734 6.640 6.546 6.393 6.096 5.800 5.504 5.207 4.980 4.800 4.620 4.440
8.181 8.230 8.278 8.327 8.375 8.424 8.486 8.562 8.639 8.636 8.601 8.566 8.531 8.496 8.461 8.425 8.390 8.363 8.318 8.336 8.355 8.373 8.392 8.410 8.428 8.447 8.473 8.574 8.675 8.776 8.778 8.650 8.522 8.395 8.267 8.148 8.077 8.005 7.934 7.863 7.792 7.721 7.650 7.578 7.505 7.390 7.275 7.160 7.045 6.933 6.836 6.738 6.641 6.544 6.415 6.272 6.317 6.392 6.466 6.541 6.616 6.690 6.765 6.809 6.715 6.621 6.527 6.433 6.339 6.227 5.931 5.635 5.339 5.120 4.940 4.760 4.580
8.239 8.287 8.336 8.384 8.433 8.481 8.530 8.590 8.667 8.635 8.600 8.564 8.529 8.501 8.474 8.446 8.418 8.370 8.230 8.168 8.186 8.205 8.223 8.241 8.260 8.278 8.325 8.426 8.527 8.628 8.729 8.748 8.621 8.493 8.365 8.259 8.188 8.117 8.046 7.975 7.904 7.833 7.762 7.691 7.610 7.495 7.392 7.294 7.197 7.100 7.002 6.905 6.808 6.710 6.572 6.429 6.286 6.302 6.376 6.451 6.526 6.600 6.675 6.696 6.602 6.508 6.414 6.320 6.226 6.132 6.038 5.766 5.470 5.260 5.080 4.900 4.719
8.296 8.344 8.393 8.442 8.490 8.539 8.587 8.636 8.669 8.640 8.612 8.584 8.557 8.529 8.502 8.474 8.447 8.369 8.229 8.089 8.017 8.036 8.054 8.072 8.091 8.109 8.177 8.278 8.379 8.480 8.581 8.682 8.719 8.591 8.464 8.371 8.300 8.228 8.157 8.086 8.015 7.944 7.880 7.827 7.754 7.656 7.558 7.461 7.363 7.266 7.169 7.072 6.974 6.872 6.729 6.586 6.443 6.300 6.286 6.361 6.436 6.510 6.585 6.583 6.489 6.395 6.301 6.206 6.112 6.019 5.925 5.830 5.601 5.399 5.219 5.021 4.810
8.353 8.402 8.451 8.499 8.548 8.579 8.604 8.628 8.656 8.668 8.640 8.613 8.585 8.558 8.530 8.502 8.475 8.368 8.228 8.088 7.948 7.867 7.885 7.904 7.922 7.941 8.028 8.129 8.231 8.332 8.433 8.534 8.635 8.690 8.562 8.482 8.411 8.340 8.271 8.218 8.166 8.113 8.060 8.007 7.923 7.823 7.725 7.627 7.530 7.433 7.336 7.238 7.141 7.030 6.887 6.743 6.600 6.457 6.314 6.271 6.345 6.420 6.495 6.470 6.375 6.281 6.187 6.093 5.999 5.905 5.811 5.717 5.672 5.477 5.266 5.055 4.844
8.411 8.447 8.471 8.496 8.520 8.544 8.569 8.593 8.622 8.653 8.669 8.641 8.614 8.586 8.558 8.531 8.503 8.367 8.227 8.087 7.947 7.807 7.717 7.735 7.753 7.779 7.880 7.981 8.082 8.183 8.285 8.386 8.487 8.588 8.664 8.610 8.557 8.504 8.452 8.399 8.346 8.293 8.240 8.187 8.092 7.992 7.893 7.794 7.697 7.600 7.503 7.405 7.308 7.187 7.044 6.900 6.757 6.614 6.471 6.328 6.255 6.330 6.405 6.356 6.262 6.168 6.074 5.980 5.886 5.841 5.803 5.765 5.728 5.522 5.300 5.089 4.878
8.387 8.412 8.436 8.461 8.485 8.509 8.534 8.558 8.589 8.620 8.650 8.669 8.642 8.614 8.586 8.559 8.507 8.366 8.226 8.086 7.946 7.806 7.666 7.566 7.585 7.631 7.732 7.833 7.934 8.035 8.137 8.263 8.392 8.522 8.657 8.790 8.737 8.685 8.632 8.579 8.526 8.473 8.420 8.360 8.261 8.161 8.062 7.962 7.864 7.767 7.669 7.572 7.474 7.344 7.201 7.058 6.914 6.771 6.628 6.485 6.342 6.240 6.315 6.243 6.149 6.055 6.010 5.972 5.935 5.897 5.859 5.821 5.783 5.571 5.349 5.126 4.912
8.352 8.377 8.401 8.425 8.450 8.474 8.499 8.525 8.555 8.586 8.617 8.648 8.670 8.642 8.615 8.587 8.505 8.365 8.225 8.085 7.945 7.805 7.665 7.525 7.416 7.483 7.584 7.709 7.839 7.968 8.098 8.227 8.357 8.486 8.626 8.773 8.918 8.865 8.812 8.759 8.707 8.654 8.601 8.530 8.430 8.330 8.231 8.131 8.032 7.933 7.836 7.739 7.641 7.501 7.358 7.215 7.072 6.929 6.785 6.642 6.499 6.356 6.224 6.180 6.142 6.104 6.066 6.028 5.990 5.953 5.915 5.877 5.839 5.621 5.398 5.176 4.953
8.347 8.341 8.366 8.390 8.415 8.439 8.463 8.491 8.522 8.553 8.583 8.614 8.645 8.670 8.643 8.615 8.505 8.364 8.224 8.084 7.944 7.804 7.664 7.531 7.399 7.415 7.544 7.674 7.803 7.933 8.062 8.191 8.321 8.450 8.595 8.742 8.889 9.037 8.993 8.940 8.887 8.834 8.781 8.699 8.599 8.499 8.400 8.300 8.201 8.102 8.003 7.905 7.802 7.659 7.515 7.372 7.229 7.086 6.943 6.780 6.613 6.446 6.303 6.239 6.198 6.160 6.122 6.084 6.046 6.009 5.971 5.933 5.893 5.671 5.448 5.225 5.002
8.347 8.339 8.331 8.355 8.379 8.404 8.428 8.457 8.488 8.519 8.550 8.581 8.611 8.642 8.671 8.643 8.504 8.364 8.224 8.091 7.959 7.827 7.695 7.563 7.449 7.473 7.509 7.638 7.768 7.897 8.026 8.156 8.285 8.417 8.564 8.711 8.858 9.006 9.153 9.120 9.067 9.014 8.961 8.868 8.768 8.668 8.569 8.470 8.370 8.271 8.171 8.072 7.959 7.816 7.673 7.511 7.344 7.177 7.009 6.842 6.675 6.508 6.389 6.325 6.261 6.215 6.177 6.140 6.102 6.064 6.026 5.988 5.943 5.720 5.498 5.275 5.052
8.347 8.339 8.331 8.324 8.344 8.369 8.393 8.424 8.455 8.486 8.516 8.547 8.578 8.609 8.640 8.651 8.519 8.387 8.255 8.123 7.991 7.858 7.726 7.594 7.522 7.547 7.571 7.603 7.732 7.861 7.991 8.120 8.250 8.386 8.533 8.680 8.827 8.975 9.122 9.269 9.247 9.195 9.136 9.037 8.937 8.838 8.738 8.639 8.539 8.440 8.340 8.216 8.075 7.908 7.740 7.573 7.406 7.239 7.071 6.904 6.737 6.569 6.475 6.411 6.347 6.283 6.233 6.196 6.158 6.120 6.082 6.044 5.993 5.770 5.547 5.324 5.101
8.347 8.339 8.332 8.324 8.316 8.334 8.360 8.391 8.421 8.452 8.483 8.531 8.579 8.627 8.675 8.647 8.549 8.419 8.287 8.154 8.022 7.890 7.758 7.626 7.596 7.620 7.645 7.669 7.696 7.826 7.955 8.085 8.214 8.355 8.502 8.649 8.796 8.944 9.091 9.238 9.385 9.375 9.305 9.206 9.106 9.007 8.908 8.777 8.646 8.515 8.384 8.253 8.114 7.970 7.802 7.635 7.468 7.301 7.133 6.966 6.799 6.631 6.561 6.497 6.433 6.370 6.306 6.251 6.213 6.176 6.138 6.100 6.042 5.820 5.597 5.374 5.151
8.347 8.340 8.332 8.324 8.316 8.308 8.326 8.374 8.422 8.470 8.518 8.566 8.614 8.662 8.710 8.643 8.545 8.447 8.318 8.186 8.054 7.922 7.790 7.658 7.669 7.694 7.718 7.743 7.767 7.792 7.920 8.049 8.179 8.324 8.471 8.618 8.765 8.913 9.060 9.207 9.354 9.502 9.469 9.338 9.207 9.076 8.945 8.814 8.683 8.552 8.421 8.289 8.148 8.007 7.864 7.697 7.530 7.363 7.195 7.028 6.861 6.711 6.647 6.584 6.520 6.456 6.392 6.328 6.269 6.232 6.194 6.156 6.092 5.869 5.646 5.424 5.201
8.347 8.340 8.332 8.329 8.335 8.340 8.366 8.409 8.457 8.505 8.553 8.601 8.649 8.697 8.736 8.639 8.541 8.443 8.346 8.218 8.086 7.954 7.821 7.718 7.743 7.767 7.792 7.816 7.841 7.865 7.890 8.014 8.145 8.293 8.440 8.587 8.734 8.882 9.034 9.193 9.352 9.510 9.484 9.375 9.244 9.113 8.982 8.851 8.719 8.588 8.457 8.323 8.182 8.041 7.901 7.759 7.592 7.425 7.257 7.090 6.923 6.797 6.734 6.670 6.606 6.542 6.478 6.414 6.351 6.287 6.250 6.212 6.141 5.919 5.696 5.473 5.278
8.358 8.363 8.368 8.374 8.379 8.384 8.417 8.450 8.492 8.540 8.588 8.636 8.685 8.733 8.732 8.635 8.537 8.439 8.342 8.244 8.117 7.985 7.853 7.792 7.816 7.841 7.865 7.890 7.914 7.939 7.963 7.988 8.114 8.262 8.418 8.576 8.735 8.894 9.052 9.211 9.370 9.498 9.443 9.388 9.281 9.150 9.018 8.887 8.756 8.625 8.494 8.357 8.216 8.075 7.935 7.794 7.654 7.486 7.319 7.152 6.985 6.884 6.820 6.756 6.692 6.628 6.565 6.501 6.437 6.373 6.309 6.267 6.191 5.968 5.755 5.565 5.374
8.402 8.407 8.412 8.418 8.423 8.435 8.468 8.501 8.534 8.576 8.624 8.672 8.720 8.768 8.729 8.631 8.533 8.436 8.338 8.240 8.142 8.017 7.885 7.866 7.890 7.915 7.939 7.963 7.988 8.007 7.987 7.966 8.110 8.277 8.436 8.595 8.753 8.912 9.071 9.230 9.388 9.458 9.403 9.347 9.292 9.186 9.055 8.924 8.793 8.662 8.531 8.391 8.250 8.110 7.969 7.829 7.688 7.547 7.381 7.214 7.047 6.970 6.906 6.842 6.779 6.715 6.651 6.587 6.523 6.459 6.395 6.332 6.241 6.042 5.851 5.660 5.469
8.446 8.451 8.457 8.462 8.467 8.486 8.519 8.552 8.585 8.618 8.659 8.707 8.755 8.803 8.725 8.627 8.529 8.431 8.334 8.236 8.138 8.041 7.916 7.939 7.964 7.966 7.945 7.924 7.904 7.883 7.862 7.842 8.057 8.287 8.454 8.613 8.772 8.931 9.089 9.248 9.407 9.417 9.362 9.306 9.251 9.196 9.092 8.960 8.829 8.698 8.566 8.425 8.284 8.144 8.003 7.863 7.722 7.582 7.441 7.276 7.120 7.056 6.992 6.929 6.865 6.801 6.737 6.673 6.609 6.542 6.474 6.407 6.597 6.350 6.020 5.756 5.565
8.490 8.495 8.501 8.506 8.511 8.536 8.570 8.603 8.636 8.669 8.702 8.742 8.790 8.818 8.721 8.623 8.525 8.427 8.330 8.232 8.134 8.051 7.942 7.883 7.862 7.842 7.821 7.800 7.779 7.759 7.738 7.774 8.004 8.233 8.463 8.632 8.790 8.949 9.108 9.266 9.425 9.376 9.321 9.266 9.210 9.155 9.100 8.997 8.866 8.735 8.600 8.459 8.319 8.178 8.038 7.897 7.756 7.616 7.475 7.335 7.206 7.142 7.079 7.011 6.944 6.876 6.809 6.741 6.673 6.606 6.538 6.475 6.878 7.053 6.723 6.392 6.062
8.534 8.539 8.545 8.550 8.555 8.587 8.620 8.654 8.687 8.720 8.753 8.786 8.825 8.814 8.716 8.619 8.526 8.444 8.362 8.280 8.198 8.116 7.978 7.798 7.738 7.717 7.696 7.676 7.655 7.634 7.614 7.721 7.950 8.180 8.410 8.639 8.809 8.967 9.126 9.285 9.391 9.336 9.280 9.225 9.170 9.114 9.059 9.004 8.903 8.772 8.634 8.493 8.353 8.213 8.072 7.931 7.791 7.657 7.531 7.406 7.282 7.210 7.143 7.076 7.008 6.940 6.873 6.805 6.738 6.670 6.603 6.757 7.159 7.562 7.425 7.095 6.765
8.389 8.553 8.589 8.594 8.605 8.638 8.671 8.704 8.737 8.771 8.804 8.837 8.863 8.838 8.756 8.674 8.591 8.509 8.427 8.345 8.263 8.181 8.015 7.834 7.653 7.593 7.572 7.552 7.531 7.510 7.490 7.668 7.897 8.127 8.356 8.586 8.815 8.985 9.144 9.303 9.350 9.295 9.239 9.184 9.129 9.074 9.018 8.963 8.908 8.808 8.668 8.528 8.396 8.271 8.145 8.020 7.895 7.769 7.644 7.519 7.395 7.275 7.207 7.140 7.072 7.004 6.937 6.869 6.802 6.734 6.667 7.038 7.440 7.843 8.128 7.798 7.467
8.244 8.408 8.572 8.638 8.656 8.689 8.722 8.754 8.778 8.801 8.825 8.848 8.871 8.858 8.820 8.738 8.656 8.574 8.492 8.409 8.327 8.231 8.051 7.870 7.689 7.509 7.448 7.427 7.407 7.386 7.385 7.614 7.844 8.073 8.303 8.532 8.762 8.991 9.162 9.321 9.309 9.254 9.199 9.143 9.088 9.033 8.978 8.941 8.917 8.875 8.759 8.634 8.509 8.384 8.258 8.133 8.008 7.882 7.757 7.632 7.509 7.385 7.271 7.204 7.136 7.069 7.001 6.934 6.866 6.798 6.916 7.319 7.722 8.125 8.528 8.501 8.170
8.099 8.263 8.427 8.591 8.693 8.716 8.740 8.763 8.786 8.810 8.833 8.857 8.870 8.855 8.841 8.803 8.721 8.638 8.556 8.474 8.392 8.267 8.087 7.906 7.725 7.545 7.364 7.303 7.283 7.262 7.331 7.561 7.790 8.020 8.249 8.479 8.709 8.938 9.168 9.324 9.268 9.213 9.172 9.148 9.125 9.101 9.078 9.054 9.030 8.964 8.863 8.747 8.622 8.496 8.371 8.246 8.120 7.995 7.870 7.746 7.622 7.499 7.376 7.268 7.200 7.133 7.065 6.998 6.930 6.863 7.198 7.600 8.003 8.406 8.809 9.204 8.873
7.954 8.119 8.283 8.447 8.624 8.725 8.748 8.771 8.795 8.818 8.842 8.865 8.867 8.853 8.838 8.824 8.785 8.703 8.621 8.539 8.457 8.303 8.123 7.942 7.761 7.581 7.400 7.219 7.158 7.137 7.278 7.507 7.737 7.967 8.196 8.426 8.655 8.881 9.096 9.312 9.332 9.309 9.285 9.262 9.238 9.214 9.191 9.167 9.144 9.053 8.953 8.852 8.734 8.609 8.484 8.359 8.233 8.108 7.982 7.859 7.736 7.613 7.489 7.366 7.265 7.197 7.130 7.062 6.994 7.076 7.479 7.882 8.284 8.687 9.090 9.493 9.576
7.810 7.975 8.139 8.308 8.484 8.660 8.756 8.780 8.803 8.827 8.850 8.874 8.864 8.850 8.836 8.822 8.807 8.768 8.686 8.604 8.520 8.340 8.159 7.978 7.798 7.617 7.436 7.255 7.075 7.013 7.224 7.454 7.683 7.898 8.113 8.327 8.542 8.757 8.972 9.189 9.406 9.422 9.398 9.375 9.351 9.327 9.304 9.280 9.243 9.143 9.042 8.941 8.840 8.722 8.597 8.471 8.346 8.220 8.096 7.973 7.849 7.726 7.603 7.479 7.356 7.261 7.194 7.126 7.059 7.357 7.760 8.163 8.566 8.968 9.371 9.774 10.177
7.667 7.831 7.995 8.168 8.344 8.521 8.697 8.788 8.812 8.835 8.859 8.876 8.861 8.847 8.833 8.819 8.805 8.791 8.750 8.668 8.556 8.376 8.195 8.014 7.834 7.653 7.472 7.291 7.133 6.991 7.129 7.344 7.559 7.774 7.989 8.204 8.419 8.634 8.849 9.066 9.283 9.501 9.511 9.488 9.464 9.440 9.417 9.393 9.333 9.232 9.131 9.031 8.930 8.829 8.709 8.584 8.459 8.333 8.209 8.086 7.963 7.840 7.716 7.593 7.470 7.346 7.258 7.190 7.236 7.638 8.041 8.444 8.847 9.250 9.652 10.055 10.458
7.523 7.687 7.851 8.028 8.204 8.381 8.557 8.734 8.820 8.844 8.867 8.873 8.859 8.844 8.830 8.816 8.802 8.788 8.774 8.733 8.592 8.412 8.231 8.069 7.913 7.758 7.602 7.446 7.290 7.168 7.076 7.221 7.436 7.651 7.866 8.081 8.295 8.510 8.726 8.943 9.161 9.378 9.596 9.601 9.577 9.554 9.530 9.506 9.422 9.321 9.221 9.120 9.019 8.918 8.817 8.697 8.571 8.446 8.323 8.200 8.076 7.953 7.830 7.706 7.583 7.460 7.336 7.255 7.517 7.920 8.323 8.725 9.128 9.531 9.934 10.337 10.739
7.379 7.543 7.711 7.888 8.064 8.241 8.417 8.594 8.770 8.852 8.876 8.870 8.856 8.842 8.827 8.813 8.799 8.785 8.774 8.765 8.694 8.538 8.382 8.226 8.070 7.915 7.759 7.603 7.447 7.344 7.252 7.160 7.312 7.527 7.742 7.957 8.172 8.387 8.603 8.821 9.038 9.255 9.473 9.690 9.690 9.667 9.643 9.612 9.511 9.411 9.310 9.209 9.108 9.007 8.907 8.806 8.684 8.560 8.436 8.313 8.190 8.066 7.943 7.820 7.696 7.573 7.447 7.350 7.719 8.125 8.531 8.936 9.342 9.748 10.153 10.559 10.965
7.235 7.399 7.571 7.748 7.924 8.101 8.277 8.454 8.630 8.807 8.881 8.867 8.853 8.843 8.834 8.825 8.816 8.807 8.797 8.787 8.773 8.695 8.539 8.383 8.227 8.072 7.916 7.760 7.613 7.521 7.429 7.337 7.245 7.404 7.619 7.834 8.049 8.264 8.481 8.698 8.915 9.133 9.350 9.568 9.785 9.780 9.756 9.701 9.601 9.500 9.399 9.298 9.197 9.097 8.996 8.895 8.794 8.673 8.548 8.421 8.293 8.166 8.039 7.912 7.784 7.657 7.529 7.514 7.631 8.037 8.443 8.849 9.254 9.660 10.066 10.471 10.877
7.091 7.255 7.432 7.608 7.784 7.961 8.137 8.315 8.493 8.671 8.842 8.884 8.875 8.866 8.857 8.848 8.839 8.830 8.820 8.808 8.794 8.779 8.696 8.540 8.384 8.229 8.073 7.917 7.789 7.698 7.606 7.514 7.422 7.330 7.495 7.710 7.925 8.141 8.358 8.575 8.793 9.010 9.228 9.445 9.662 9.880 9.869 9.791 9.690 9.589 9.488 9.388 9.286 9.182 9.079 8.976 8.873 8.758 8.631 8.504 8.376 8.249 8.122 7.994 7.867 7.739 7.612 7.679 7.752 7.949 8.355 8.761 9.167 9.572 9.978 10.383 10.789
7.026 7.116 7.294 7.472 7.650 7.828 8.006 8.185 8.363 8.541 8.707 8.868 8.898 8.889 8.880 8.871 8.862 8.853 8.843 8.830 8.815 8.800 8.786 8.697 8.542 8.386 8.230 8.074 7.966 7.874 7.783 7.691 7.599 7.507 7.415 7.587 7.802 8.018 8.235 8.453 8.670 8.887 9.105 9.322 9.540 9.757 9.976 9.877 9.774 9.671 9.568 9.465 9.361 9.258 9.155 9.052 8.945 8.830 8.714 8.586 8.459 8.331 8.204 8.077 7.949 7.822 7.771 7.844 7.917 7.989 8.267 8.673 9.079 9.484 9.890 10.296 10.677
6.949 7.032 7.164 7.342 7.520 7.698 7.876 8.055 8.233 8.409 8.571 8.733 8.895 8.912 8.903 8.894 8.885 8.875 8.865 8.851 8.836 8.822 8.807 8.793 8.699 8.543 8.387 8.235 8.143 8.051 7.959 7.867 7.775 7.683 7.592 7.500 7.678 7.895 8.113 8.330 8.547 8.777 9.019 9.261 9.504 9.746 9.918 9.953 9.850 9.747 9.644 9.540 9.437 9.334 9.231 9.128 9.017 8.901 8.786 8.669 8.541 8.414 8.287 8.159 8.032 7.905 7.936 8.009 8.081 8.154 8.227 8.586 8.991 9.397 9.802 10.208 10.162
