includes/overflow_coast_h/floodfiles/results/res-0011.wdfp
ncols         906
nrows         631
xllcorner     362177.146670
yllcorner     6534722.565530
cellsize      20.000000
NODATA_value  -9999.000000
[rows 578 to 611 of 631, columns 308 to 384 of 906]
1.132 1.092 1.052 1.013 0.973 0.934 0.894 0.925 0.981 1.036 1.091 1.173 1.388 1.602 1.816 2.029 2.243 2.457 2.671 2.716 2.729 2.742 2.755 2.768 2.781 2.794 2.807 2.820 2.727 2.609 2.490 2.372 2.254 2.099 1.939 1.780 1.620 1.460 1.300 1.141 0.981 0.821 0.661 0.501 0.342 0.182 0.005 0.000 0.000 0.000 0.000 0.000 0.007 0.237 0.385 0.478 0.572 0.665 0.758 0.851 0.944 1.038 1.131 1.224 1.317 1.411 1.481 1.434 1.388 1.342 1.296 1.249 1.203 1.157 1.110 1.064 1.012
1.092 1.053 1.013 0.973 0.934 0.894 0.855 0.850 0.905 0.960 1.015 1.215 1.429 1.643 1.857 2.071 2.285 2.498 2.712 2.832 2.845 2.858 2.871 2.884 2.897 2.910 2.923 2.836 2.718 2.599 2.481 2.363 2.244 2.101 1.942 1.782 1.622 1.463 1.303 1.143 0.983 0.824 0.664 0.504 0.344 0.184 0.007 0.000 0.000 0.000 0.000 0.000 0.000 0.213 0.422 0.632 0.821 0.914 1.007 1.101 1.194 1.287 1.380 1.473 1.567 1.660 1.742 1.695 1.649 1.603 1.557 1.510 1.464 1.418 1.371 1.148 0.879
1.053 1.013 0.974 0.934 0.894 0.855 0.815 0.776 0.829 0.885 1.042 1.256 1.471 1.684 1.898 2.112 2.326 2.540 2.753 2.948 2.961 2.974 2.987 3.000 3.013 3.026 2.945 2.827 2.708 2.590 2.472 2.353 2.235 2.104 1.944 1.784 1.625 1.465 1.305 1.146 0.986 0.826 0.666 0.507 0.347 0.187 0.016 0.000 0.000 0.000 0.000 0.000 0.000 0.189 0.398 0.608 0.818 1.027 1.237 1.350 1.443 1.536 1.630 1.723 1.816 1.909 2.002 1.956 1.910 1.864 1.817 1.771 1.725 1.552 1.283 1.014 0.746
1.012 0.973 0.934 0.894 0.855 0.815 0.776 0.737 0.754 0.869 1.084 1.298 1.512 1.726 1.940 2.153 2.367 2.581 2.795 3.008 3.078 3.091 3.104 3.117 3.130 3.054 2.935 2.817 2.699 2.580 2.462 2.344 2.225 2.106 1.947 1.787 1.627 1.468 1.308 1.148 0.989 0.829 0.669 0.510 0.350 0.190 0.080 0.000 0.000 0.000 0.000 0.000 0.000 0.164 0.374 0.584 0.794 1.003 1.213 1.423 1.632 1.786 1.879 1.972 2.065 2.159 2.252 2.217 2.171 2.125 2.078 1.955 1.687 1.418 1.150 0.881 0.612
0.970 0.931 0.892 0.853 0.814 0.775 0.736 0.697 0.696 0.911 1.125 1.339 1.553 1.767 1.981 2.195 2.408 2.622 2.836 3.050 3.194 3.207 3.220 3.233 3.163 3.044 2.926 2.808 2.689 2.571 2.453 2.334 2.216 2.098 1.949 1.789 1.630 1.470 1.311 1.151 0.991 0.832 0.672 0.513 0.353 0.236 0.141 0.047 0.000 0.000 0.000 0.000 0.000 0.140 0.350 0.560 0.769 0.979 1.189 1.399 1.608 1.818 2.028 2.221 2.315 2.408 2.501 2.478 2.432 2.359 2.091 1.822 1.553 1.285 1.016 0.747 0.479
0.928 0.889 0.850 0.811 0.772 0.733 0.694 0.655 0.656 0.851 1.097 1.343 1.589 1.808 2.022 2.236 2.450 2.663 2.877 3.091 3.305 3.323 3.336 3.272 3.153 3.035 2.917 2.798 2.680 2.562 2.443 2.325 2.207 2.089 1.952 1.792 1.632 1.473 1.313 1.154 0.994 0.835 0.675 0.516 0.391 0.296 0.201 0.107 0.002 0.000 0.000 0.000 0.000 0.116 0.326 0.535 0.745 0.955 1.165 1.374 1.584 1.794 2.004 2.213 2.423 2.633 2.750 2.739 2.495 2.226 1.957 1.689 1.420 1.152 0.883 0.614 0.346
0.886 0.847 0.808 0.769 0.730 0.691 0.652 0.637 0.647 0.742 0.988 1.234 1.479 1.725 1.970 2.216 2.461 2.705 2.918 3.132 3.346 3.439 3.380 3.262 3.144 3.025 2.907 2.789 2.671 2.552 2.434 2.316 2.198 2.079 1.954 1.795 1.635 1.476 1.316 1.157 0.997 0.838 0.678 0.546 0.451 0.356 0.262 0.167 0.072 0.000 0.000 0.000 0.000 0.091 0.301 0.511 0.721 0.931 1.140 1.350 1.560 1.770 1.980 2.189 2.399 2.609 2.831 2.689 2.361 2.093 1.824 1.555 1.287 1.018 0.749 0.481 0.212
0.844 0.805 0.766 0.727 0.688 0.649 0.618 0.628 0.638 0.649 0.878 1.124 1.370 1.615 1.861 2.106 2.352 2.597 2.843 3.088 3.333 3.473 3.371 3.252 3.134 3.016 2.898 2.779 2.661 2.543 2.425 2.307 2.188 2.070 1.952 1.797 1.638 1.479 1.319 1.160 1.000 0.841 0.700 0.606 0.511 0.417 0.322 0.227 0.132 0.035 0.000 0.000 0.000 0.066 0.277 0.487 0.697 0.906 1.116 1.326 1.536 1.746 1.955 2.165 2.375 2.601 2.850 2.854 2.443 2.032 1.691 1.422 1.153 0.885 0.616 0.347 0.079
0.802 0.763 0.724 0.685 0.646 0.607 0.610 0.620 0.630 0.640 0.768 1.014 1.260 1.505 1.751 1.997 2.242 2.487 2.733 2.978 3.146 3.246 3.224 3.201 3.125 3.006 2.888 2.770 2.652 2.534 2.415 2.297 2.179 2.061 1.943 1.800 1.641 1.482 1.322 1.163 1.004 0.855 0.761 0.666 0.572 0.477 0.383 0.288 0.193 0.098 0.001 0.000 0.000 0.038 0.253 0.463 0.672 0.882 1.092 1.302 1.512 1.721 1.931 2.141 2.371 2.620 2.869 3.018 2.607 2.196 1.786 1.375 1.020 0.751 0.483 0.214 0.000
0.760 0.721 0.682 0.643 0.604 0.591 0.601 0.611 0.621 0.631 0.658 0.904 1.150 1.396 1.641 1.887 2.132 2.378 2.623 2.772 2.908 3.019 2.997 2.975 2.952 2.930 2.879 2.761 2.642 2.524 2.406 2.288 2.170 2.052 1.934 1.803 1.644 1.485 1.326 1.167 1.010 0.916 0.821 0.727 0.632 0.538 0.443 0.349 0.254 0.159 0.063 0.000 0.000 0.003 0.228 0.438 0.648 0.858 1.068 1.278 1.487 1.697 1.907 2.141 2.390 2.639 2.888 3.138 2.772 2.361 1.950 1.539 1.128 0.717 0.349 0.079 0.000
0.718 0.679 0.640 0.601 0.573 0.583 0.592 0.603 0.613 0.623 0.633 0.795 1.040 1.286 1.532 1.777 2.023 2.263 2.399 2.535 2.671 2.793 2.770 2.748 2.726 2.703 2.681 2.658 2.633 2.515 2.397 2.279 2.161 2.043 1.925 1.806 1.647 1.488 1.329 1.170 1.071 0.977 0.882 0.788 0.693 0.599 0.504 0.409 0.315 0.220 0.125 0.024 0.000 0.000 0.204 0.414 0.624 0.834 1.044 1.253 1.463 1.673 1.912 2.161 2.410 2.659 2.908 3.157 2.936 2.525 2.114 1.704 1.293 0.882 0.471 0.059 0.000
0.676 0.637 0.598 0.559 0.564 0.574 0.584 0.594 0.604 0.614 0.624 0.685 0.931 1.176 1.422 1.668 1.890 2.026 2.162 2.298 2.434 2.566 2.544 2.521 2.499 2.477 2.454 2.432 2.410 2.388 2.365 2.270 2.152 2.034 1.917 1.799 1.651 1.492 1.333 1.226 1.132 1.037 0.943 0.848 0.754 0.660 0.565 0.470 0.376 0.281 0.186 0.091 0.000 0.000 0.180 0.390 0.600 0.810 1.019 1.229 1.439 1.682 1.931 2.180 2.429 2.678 2.927 3.176 3.101 2.690 2.279 1.868 1.457 1.046 0.635 0.224 0.000
0.634 0.595 0.556 0.546 0.556 0.565 0.575 0.585 0.595 0.605 0.615 0.625 0.821 1.067 1.312 1.517 1.653 1.788 1.924 2.060 2.196 2.332 2.317 2.295 2.272 2.250 2.228 2.206 2.183 2.161 2.139 2.117 2.095 2.026 1.908 1.791 1.654 1.496 1.381 1.287 1.192 1.098 1.004 0.909 0.815 0.721 0.626 0.531 0.437 0.342 0.248 0.153 0.058 0.000 0.155 0.365 0.575 0.785 0.995 1.205 1.452 1.701 1.950 2.199 2.448 2.697 2.946 3.195 3.265 2.854 2.443 2.033 1.622 1.211 0.800 0.389 0.000
0.593 0.554 0.527 0.537 0.547 0.557 0.567 0.577 0.587 0.597 0.607 0.617 0.711 0.957 1.143 1.279 1.415 1.551 1.687 1.823 1.959 2.095 2.090 2.068 2.046 2.024 2.001 1.979 1.957 1.935 1.913 1.891 1.870 1.848 1.827 1.783 1.659 1.536 1.442 1.348 1.254 1.159 1.065 0.970 0.876 0.782 0.687 0.593 0.498 0.404 0.309 0.215 0.120 0.031 0.130 0.341 0.551 0.761 0.973 1.222 1.471 1.720 1.970 2.219 2.468 2.717 2.966 3.215 3.430 3.019 2.608 2.197 1.786 1.375 0.964 0.553 0.143
0.551 0.512 0.519 0.529 0.538 0.548 0.558 0.568 0.578 0.588 0.598 0.608 0.618 0.770 0.906 1.042 1.178 1.314 1.450 1.586 1.722 1.858 1.864 1.842 1.819 1.797 1.775 1.753 1.731 1.709 1.687 1.666 1.644 1.623 1.602 1.592 1.678 1.637 1.524 1.410 1.315 1.220 1.126 1.032 0.937 0.843 0.748 0.653 0.559 0.464 0.370 0.276 0.182 0.091 0.102 0.316 0.527 0.743 0.992 1.242 1.491 1.740 1.989 2.238 2.487 2.736 2.985 3.234 3.483 3.183 2.772 2.362 1.951 1.540 1.129 0.718 0.356
0.509 0.500 0.510 0.520 0.530 0.540 0.550 0.561 0.572 0.583 0.594 0.605 0.616 0.617 0.669 0.805 0.941 1.077 1.213 1.349 1.485 1.621 1.638 1.615 1.593 1.571 1.549 1.527 1.505 1.483 1.462 1.441 1.420 1.441 1.502 1.563 1.698 1.827 1.713 1.600 1.486 1.372 1.259 1.145 1.031 0.917 0.809 0.714 0.620 0.525 0.431 0.336 0.242 0.149 0.076 0.292 0.513 0.762 1.012 1.261 1.510 1.759 2.008 2.257 2.506 2.755 3.004 3.253 3.502 3.348 2.937 2.526 2.115 1.704 1.293 0.929 0.625
0.481 0.494 0.505 0.516 0.527 0.538 0.549 0.560 0.571 0.582 0.593 0.604 0.613 0.614 0.615 0.616 0.704 0.840 0.976 1.111 1.247 1.384 1.411 1.389 1.367 1.345 1.323 1.301 1.280 1.258 1.237 1.291 1.351 1.412 1.473 1.534 1.718 1.908 1.902 1.789 1.675 1.561 1.448 1.334 1.220 1.106 0.992 0.878 0.765 0.651 0.537 0.423 0.309 0.208 0.117 0.282 0.532 0.782 1.031 1.280 1.529 1.778 2.027 2.276 2.526 2.775 3.024 3.273 3.522 3.512 3.101 2.690 2.280 1.869 1.502 1.198 0.893
0.417 0.478 0.504 0.515 0.526 0.537 0.548 0.559 0.570 0.581 0.592 0.603 0.611 0.612 0.613 0.614 0.614 0.615 0.739 0.875 1.011 1.147 1.185 1.163 1.141 1.119 1.097 1.076 1.079 1.140 1.201 1.261 1.322 1.383 1.444 1.547 1.737 1.927 2.091 1.978 1.864 1.750 1.636 1.522 1.409 1.295 1.181 1.067 0.953 0.839 0.725 0.611 0.497 0.384 0.233 0.208 0.504 0.797 1.050 1.299 1.549 1.798 2.047 2.296 2.545 2.794 3.043 3.292 3.541 3.677 3.266 2.855 2.444 2.075 1.771 1.467 1.162
0.353 0.414 0.474 0.514 0.525 0.536 0.547 0.558 0.569 0.580 0.591 0.602 0.609 0.610 0.611 0.612 0.612 0.613 0.614 0.638 0.774 0.910 0.959 0.937 0.916 0.894 0.929 0.989 1.050 1.111 1.171 1.232 1.293 1.354 1.415 1.566 1.756 1.946 2.136 2.166 2.052 1.938 1.825 1.711 1.597 1.483 1.369 1.255 1.141 1.027 0.913 0.799 0.685 0.571 0.294 0.052 0.350 0.644 0.937 1.229 1.522 1.815 2.066 2.315 2.564 2.813 3.062 3.311 3.560 3.809 3.430 3.019 2.648 2.344 2.040 1.735 1.431
0.289 0.349 0.410 0.471 0.524 0.535 0.546 0.557 0.568 0.579 0.590 0.601 0.607 0.608 0.609 0.610 0.611 0.611 0.612 0.613 0.614 0.674 0.734 0.718 0.779 0.839 0.899 0.960 1.020 1.081 1.142 1.203 1.264 1.324 1.394 1.585 1.775 1.965 2.154 2.344 2.241 2.127 2.013 1.899 1.785 1.671 1.557 1.443 1.328 1.214 1.100 0.986 0.872 0.635 0.357 0.082 0.197 0.490 0.783 1.076 1.369 1.662 1.955 2.248 2.540 2.833 3.082 3.331 3.580 3.829 3.595 3.222 2.917 2.613 2.309 2.004 1.700
0.224 0.285 0.346 0.407 0.467 0.528 0.545 0.556 0.567 0.578 0.589 0.600 0.605 0.606 0.607 0.608 0.609 0.610 0.611 0.612 0.613 0.621 0.629 0.689 0.749 0.809 0.870 0.930 0.991 1.052 1.112 1.173 1.234 1.295 1.413 1.603 1.793 1.983 2.173 2.362 2.429 2.315 2.201 2.087 1.973 1.858 1.744 1.630 1.516 1.402 1.288 1.173 0.976 0.698 0.421 0.144 0.041 0.337 0.630 0.923 1.216 1.509 1.802 2.094 2.387 2.680 2.973 3.265 3.558 3.848 3.795 3.490 3.186 2.882 2.577 2.273 1.968
0.160 0.221 0.282 0.342 0.403 0.464 0.525 0.555 0.566 0.577 0.588 0.599 0.603 0.604 0.605 0.606 0.607 0.608 0.610 0.622 0.642 0.662 0.661 0.659 0.719 0.780 0.840 0.901 0.961 1.022 1.083 1.143 1.204 1.265 1.432 1.622 1.812 2.001 2.191 2.380 2.570 2.502 2.388 2.274 2.160 2.046 1.932 1.818 1.703 1.589 1.475 1.318 1.040 0.762 0.484 0.206 0.000 0.184 0.477 0.770 1.063 1.355 1.648 1.941 2.234 2.527 2.819 3.112 3.405 3.671 3.772 3.538 3.305 3.072 2.838 2.542 2.237
0.095 0.156 0.217 0.278 0.339 0.400 0.461 0.521 0.565 0.577 0.588 0.599 0.601 0.602 0.603 0.605 0.606 0.622 0.642 0.662 0.682 0.702 0.696 0.688 0.689 0.750 0.810 0.871 0.931 0.992 1.053 1.113 1.174 1.260 1.450 1.640 1.830 2.020 2.209 2.398 2.588 2.690 2.576 2.462 2.348 2.234 2.119 2.005 1.891 1.777 1.659 1.381 1.103 0.825 0.547 0.269 0.000 0.018 0.324 0.616 0.909 1.202 1.495 1.788 2.080 2.373 2.666 2.959 3.244 3.407 3.571 3.424 3.191 2.958 2.724 2.491 2.258
0.020 0.091 0.153 0.214 0.275 0.336 0.397 0.457 0.518 0.576 0.587 0.598 0.599 0.600 0.602 0.622 0.642 0.662 0.682 0.702 0.722 0.739 0.730 0.722 0.714 0.719 0.780 0.840 0.901 0.962 1.023 1.083 1.144 1.278 1.468 1.658 1.848 2.038 2.227 2.416 2.606 2.795 2.764 2.650 2.535 2.421 2.307 2.193 2.078 1.964 1.723 1.445 1.166 0.888 0.610 0.332 0.054 0.000 0.170 0.463 0.756 1.049 1.342 1.634 1.927 2.220 2.513 2.805 2.980 3.144 3.308 3.310 3.077 2.844 2.610 2.377 2.144
0.003 0.016 0.088 0.150 0.211 0.272 0.333 0.394 0.454 0.515 0.576 0.596 0.602 0.622 0.642 0.662 0.682 0.702 0.722 0.742 0.762 0.773 0.765 0.756 0.748 0.740 0.749 0.810 0.871 0.931 0.992 1.053 1.114 1.297 1.487 1.676 1.866 2.055 2.245 2.434 2.624 2.813 2.951 2.837 2.723 2.609 2.494 2.380 2.266 2.064 1.786 1.508 1.230 0.952 0.673 0.395 0.117 0.000 0.004 0.310 0.603 0.896 1.188 1.481 1.774 2.067 2.359 2.553 2.717 2.881 3.044 3.196 2.963 2.729 2.496 2.263 2.030
0.003 0.003 0.013 0.085 0.146 0.207 0.269 0.330 0.391 0.452 0.513 0.580 0.642 0.662 0.682 0.702 0.722 0.742 0.762 0.782 0.802 0.807 0.799 0.791 0.783 0.775 0.767 0.780 0.840 0.901 0.962 1.023 1.124 1.315 1.505 1.694 1.884 2.073 2.263 2.452 2.641 2.831 3.020 3.025 2.910 2.796 2.682 2.567 2.406 2.128 1.850 1.571 1.293 1.015 0.737 0.459 0.181 0.000 0.000 0.157 0.450 0.742 1.035 1.328 1.621 1.913 2.126 2.290 2.453 2.617 2.781 2.945 2.849 2.615 2.382 2.149 1.916
0.003 0.003 0.003 0.011 0.081 0.143 0.204 0.266 0.327 0.390 0.454 0.520 0.601 0.682 0.722 0.742 0.762 0.782 0.802 0.822 0.842 0.841 0.833 0.825 0.817 0.809 0.801 0.793 0.810 0.870 0.931 0.992 1.142 1.332 1.522 1.712 1.902 2.091 2.280 2.470 2.659 2.848 3.038 3.212 3.098 2.984 2.869 2.748 2.470 2.191 1.913 1.635 1.357 1.078 0.800 0.522 0.244 0.000 0.000 0.001 0.296 0.589 0.882 1.175 1.467 1.699 1.862 2.026 2.190 2.354 2.518 2.681 2.735 2.501 2.268 2.035 1.802
0.003 0.003 0.003 0.003 0.008 0.078 0.140 0.203 0.267 0.331 0.394 0.459 0.540 0.621 0.702 0.781 0.801 0.821 0.841 0.861 0.881 0.875 0.867 0.859 0.851 0.843 0.835 0.827 0.820 0.840 0.901 0.969 1.160 1.350 1.540 1.730 1.919 2.109 2.298 2.487 2.677 2.866 3.055 3.244 3.285 3.171 3.057 2.811 2.533 2.255 1.977 1.698 1.420 1.142 0.864 0.585 0.307 0.018 0.000 0.000 0.143 0.436 0.729 1.021 1.271 1.435 1.599 1.763 1.927 2.090 2.254 2.418 2.582 2.387 2.154 1.921 1.688
0.003 0.003 0.003 0.003 0.003 0.007 0.079 0.143 0.207 0.271 0.335 0.399 0.480 0.561 0.642 0.722 0.803 0.861 0.881 0.901 0.917 0.909 0.901 0.893 0.885 0.877 0.869 0.861 0.853 0.846 0.870 0.987 1.178 1.368 1.558 1.747 1.937 2.126 2.316 2.505 2.694 2.884 3.073 3.262 3.451 3.358 3.153 2.875 2.597 2.318 2.040 1.762 1.484 1.206 0.927 0.649 0.371 0.092 0.000 0.000 0.000 0.283 0.575 0.844 1.008 1.172 1.336 1.499 1.663 1.827 1.991 2.155 2.318 2.273 2.040 1.807 1.574
0.003 0.003 0.003 0.003 0.003 0.003 0.009 0.083 0.148 0.212 0.276 0.339 0.419 0.500 0.581 0.662 0.743 0.823 0.904 0.940 0.951 0.943 0.935 0.926 0.918 0.910 0.903 0.895 0.886 0.873 0.861 0.981 1.174 1.366 1.558 1.750 1.941 2.133 2.324 2.516 2.707 2.898 3.090 3.280 3.469 3.495 3.217 2.938 2.660 2.382 2.104 1.825 1.547 1.269 0.991 0.713 0.434 0.156 0.000 0.000 0.000 0.130 0.417 0.581 0.745 0.908 1.072 1.236 1.400 1.564 1.727 1.891 2.055 2.159 1.926 1.693 1.460
0.003 0.003 0.003 0.003 0.003 0.003 0.003 0.012 0.087 0.152 0.216 0.280 0.359 0.440 0.521 0.601 0.682 0.763 0.844 0.924 0.969 0.955 0.941 0.927 0.914 0.901 0.887 0.874 0.861 0.848 0.852 0.891 1.083 1.275 1.467 1.659 1.851 2.042 2.234 2.425 2.616 2.808 2.999 3.190 3.381 3.635 3.381 3.083 2.785 2.487 2.189 1.892 1.611 1.333 1.054 0.776 0.498 0.220 0.000 0.000 0.000 0.000 0.154 0.318 0.481 0.645 0.809 0.973 1.136 1.300 1.464 1.628 1.792 1.956 1.812 1.579 1.346
0.003 0.003 0.003 0.003 0.003 0.003 0.003 0.003 0.017 0.092 0.156 0.220 0.298 0.379 0.460 0.541 0.622 0.702 0.783 0.862 0.941 0.930 0.916 0.902 0.889 0.875 0.862 0.849 0.836 0.827 0.848 0.868 0.992 1.185 1.377 1.568 1.760 1.952 2.143 2.335 2.526 2.717 2.908 3.100 3.333 3.587 3.577 3.279 2.982 2.684 2.386 2.088 1.790 1.493 1.195 0.897 0.599 0.301 0.001 0.000 0.000 0.000 0.000 0.055 0.218 0.382 0.546 0.709 0.873 1.037 1.201 1.365 1.529 1.692 1.698 1.465 1.232
0.004 0.003 0.003 0.003 0.003 0.003 0.003 0.003 0.003 0.022 0.096 0.161 0.237 0.319 0.400 0.480 0.561 0.642 0.721 0.800 0.878 0.904 0.891 0.877 0.863 0.850 0.837 0.823 0.810 0.823 0.843 0.863 0.902 1.094 1.286 1.478 1.669 1.861 2.052 2.244 2.435 2.627 2.818 3.030 3.285 3.539 3.774 3.476 3.178 2.880 2.583 2.285 1.987 1.689 1.391 1.094 0.796 0.498 0.201 0.000 0.000 0.000 0.000 0.000 0.000 0.119 0.283 0.446 0.610 0.774 0.938 1.102 1.265 1.429 1.585 1.351 1.118
0.003 0.003 0.003 0.003 0.003 0.002 0.003 0.003 0.003 0.003 0.029 0.101 0.177 0.258 0.339 0.420 0.500 0.579 0.658 0.737 0.816 0.879 0.865 0.852 0.838 0.825 0.811 0.798 0.798 0.819 0.839 0.859 0.879 1.003 1.195 1.387 1.579 1.770 1.962 2.153 2.345 2.536 2.727 2.982 3.237 3.491 3.746 3.673 3.375 3.077 2.779 2.481 2.184 1.886 1.588 1.290 0.993 0.695 0.398 0.135 0.000 0.000 0.000 0.025 0.123 0.212 0.301 0.390 0.479 0.567 0.675 0.839 1.003 1.166 1.330 1.238 1.159
