includes/overflow_coast_h/floodfiles/results/res-0009.wd
ncols         906
nrows         631
xllcorner     362177.146670
yllcorner     6534722.565530
cellsize      20.000000
NODATA_value  -9999.000000
[rows 510 to 543 of 631, columns 539 to 615 of 906]
0.002 0.003 0.003 0.003 0.003 0.003 0.003 0.003 0.014 0.022 0.025 0.027 0.029 0.030 0.031 0.032 0.032 0.032 0.031 0.031 0.030 0.030 0.027 0.024 0.024 0.024 0.024 0.024 0.023 0.023 0.022 0.022 0.021 0.021 0.021 0.021 0.020 0.020 0.020 0.020 0.020 0.019 0.019 0.018 0.016 0.013 0.012 0.013 0.014 0.015 0.016 0.016 0.018 0.020 0.023 0.028 0.039 0.061 0.085 0.086 0.086 0.086 0.086 0.085 0.083 0.081 0.078 0.074 0.067 0.058 0.055 0.052 0.046 0.041 0.037 0.041 0.049
0.002 0.003 0.003 0.003 0.003 0.003 0.003 0.003 0.013 0.021 0.024 0.026 0.028 0.030 0.031 0.032 0.032 0.033 0.033 0.033 0.034 0.031 0.027 0.025 0.025 0.024 0.024 0.024 0.024 0.024 0.023 0.023 0.023 0.022 0.022 0.022 0.022 0.021 0.021 0.021 0.021 0.020 0.020 0.019 0.018 0.015 0.012 0.012 0.013 0.014 0.014 0.015 0.017 0.019 0.021 0.025 0.035 0.055 0.084 0.085 0.085 0.086 0.085 0.084 0.082 0.079 0.075 0.069 0.062 0.060 0.058 0.056 0.051 0.046 0.042 0.041 0.042
0.002 0.002 0.003 0.003 0.003 0.003 0.003 0.004 0.012 0.020 0.023 0.026 0.028 0.030 0.031 0.032 0.033 0.034 0.036 0.035 0.034 0.031 0.027 0.026 0.025 0.025 0.024 0.024 0.024 0.024 0.024 0.024 0.024 0.023 0.023 0.023 0.023 0.022 0.022 0.022 0.022 0.022 0.021 0.021 0.019 0.018 0.015 0.012 0.012 0.012 0.013 0.014 0.016 0.018 0.020 0.023 0.031 0.049 0.079 0.084 0.084 0.084 0.084 0.082 0.080 0.076 0.070 0.065 0.063 0.062 0.060 0.060 0.056 0.051 0.048 0.048 0.051
0.002 0.002 0.003 0.003 0.003 0.003 0.003 0.004 0.011 0.019 0.023 0.025 0.028 0.030 0.031 0.033 0.035 0.037 0.036 0.035 0.034 0.031 0.028 0.026 0.026 0.026 0.025 0.025 0.024 0.025 0.025 0.025 0.025 0.024 0.024 0.024 0.024 0.023 0.023 0.023 0.023 0.023 0.022 0.022 0.021 0.019 0.017 0.013 0.010 0.011 0.012 0.013 0.015 0.016 0.018 0.021 0.028 0.043 0.071 0.082 0.083 0.082 0.081 0.079 0.076 0.069 0.067 0.066 0.065 0.064 0.063 0.063 0.060 0.057 0.055 0.057 0.063
0.001 0.002 0.002 0.003 0.003 0.003 0.003 0.004 0.011 0.019 0.022 0.025 0.028 0.030 0.033 0.037 0.037 0.037 0.036 0.035 0.033 0.031 0.028 0.026 0.026 0.026 0.026 0.026 0.025 0.025 0.025 0.025 0.025 0.025 0.025 0.025 0.025 0.024 0.024 0.024 0.024 0.024 0.023 0.022 0.021 0.019 0.016 0.014 0.011 0.011 0.011 0.012 0.013 0.015 0.017 0.019 0.025 0.038 0.064 0.080 0.080 0.080 0.078 0.074 0.068 0.067 0.067 0.067 0.066 0.065 0.065 0.066 0.064 0.062 0.063 0.068 0.077
0.001 0.002 0.002 0.002 0.002 0.003 0.003 0.004 0.010 0.019 0.022 0.026 0.029 0.033 0.036 0.036 0.036 0.036 0.036 0.035 0.033 0.031 0.028 0.027 0.027 0.027 0.027 0.027 0.026 0.026 0.025 0.025 0.025 0.026 0.026 0.026 0.025 0.025 0.025 0.025 0.025 0.024 0.023 0.021 0.020 0.019 0.018 0.015 0.013 0.012 0.012 0.012 0.011 0.013 0.015 0.017 0.021 0.032 0.055 0.076 0.076 0.075 0.071 0.066 0.067 0.067 0.067 0.067 0.067 0.067 0.067 0.069 0.069 0.070 0.073 0.081 0.092
0.001 0.002 0.002 0.002 0.002 0.002 0.003 0.004 0.010 0.020 0.024 0.029 0.033 0.034 0.035 0.035 0.035 0.035 0.035 0.034 0.033 0.031 0.027 0.027 0.027 0.027 0.027 0.027 0.027 0.027 0.026 0.026 0.026 0.026 0.026 0.026 0.026 0.026 0.025 0.025 0.024 0.022 0.022 0.022 0.021 0.020 0.019 0.017 0.015 0.014 0.013 0.013 0.013 0.013 0.013 0.014 0.018 0.027 0.046 0.071 0.070 0.067 0.065 0.066 0.067 0.067 0.068 0.068 0.068 0.068 0.069 0.072 0.076 0.079 0.086 0.096 0.108
0.001 0.002 0.002 0.002 0.002 0.002 0.002 0.003 0.010 0.023 0.029 0.031 0.032 0.033 0.034 0.034 0.034 0.035 0.034 0.034 0.032 0.030 0.027 0.027 0.027 0.028 0.028 0.028 0.028 0.028 0.027 0.027 0.027 0.026 0.026 0.026 0.026 0.025 0.024 0.023 0.023 0.023 0.023 0.022 0.022 0.021 0.020 0.018 0.016 0.015 0.015 0.014 0.014 0.014 0.014 0.014 0.016 0.021 0.036 0.062 0.061 0.061 0.063 0.065 0.066 0.067 0.068 0.068 0.069 0.070 0.072 0.078 0.085 0.091 0.101 0.112 0.125
0.002 0.002 0.002 0.002 0.002 0.002 0.002 0.003 0.011 0.025 0.028 0.030 0.031 0.032 0.033 0.033 0.034 0.034 0.034 0.033 0.032 0.030 0.027 0.027 0.027 0.028 0.028 0.028 0.028 0.028 0.028 0.028 0.027 0.027 0.026 0.024 0.023 0.023 0.023 0.023 0.024 0.023 0.023 0.023 0.023 0.022 0.022 0.019 0.017 0.017 0.016 0.016 0.015 0.015 0.015 0.015 0.016 0.020 0.030 0.047 0.055 0.059 0.062 0.064 0.065 0.067 0.068 0.069 0.070 0.072 0.076 0.085 0.096 0.106 0.117 0.129 0.142
0.002 0.002 0.002 0.002 0.002 0.002 0.003 0.013 0.017 0.022 0.022 0.027 0.030 0.031 0.032 0.032 0.033 0.033 0.033 0.032 0.031 0.030 0.026 0.027 0.028 0.028 0.028 0.029 0.029 0.029 0.029 0.028 0.027 0.026 0.024 0.023 0.023 0.023 0.024 0.024 0.024 0.024 0.024 0.024 0.024 0.023 0.023 0.020 0.018 0.018 0.017 0.017 0.016 0.016 0.016 0.016 0.016 0.019 0.026 0.042 0.051 0.056 0.059 0.062 0.064 0.066 0.067 0.069 0.072 0.076 0.083 0.095 0.111 0.123 0.135 0.147 0.161
0.002 0.002 0.002 0.002 0.003 0.007 0.010 0.016 0.020 0.022 0.022 0.023 0.024 0.028 0.030 0.031 0.031 0.032 0.032 0.032 0.031 0.029 0.026 0.027 0.027 0.028 0.029 0.029 0.029 0.029 0.028 0.027 0.025 0.024 0.024 0.024 0.024 0.024 0.024 0.024 0.024 0.025 0.025 0.025 0.025 0.024 0.023 0.021 0.019 0.019 0.018 0.018 0.018 0.017 0.017 0.017 0.016 0.018 0.024 0.037 0.048 0.053 0.057 0.060 0.062 0.065 0.067 0.070 0.074 0.081 0.093 0.109 0.128 0.140 0.153 0.167 0.181
0.002 0.002 0.002 0.003 0.007 0.010 0.013 0.018 0.022 0.023 0.023 0.023 0.023 0.022 0.025 0.028 0.029 0.030 0.030 0.030 0.030 0.028 0.025 0.026 0.027 0.028 0.029 0.029 0.029 0.028 0.027 0.025 0.025 0.025 0.025 0.025 0.025 0.025 0.025 0.024 0.024 0.025 0.025 0.025 0.025 0.025 0.024 0.022 0.020 0.020 0.019 0.019 0.019 0.018 0.018 0.017 0.017 0.018 0.023 0.034 0.045 0.050 0.055 0.058 0.061 0.064 0.067 0.072 0.079 0.090 0.106 0.126 0.146 0.159 0.173 0.187 0.202
0.002 0.003 0.006 0.006 0.009 0.012 0.016 0.020 0.024 0.024 0.023 0.023 0.023 0.023 0.023 0.022 0.026 0.027 0.028 0.028 0.028 0.027 0.024 0.026 0.027 0.028 0.028 0.028 0.027 0.025 0.026 0.026 0.026 0.026 0.026 0.026 0.026 0.026 0.025 0.025 0.025 0.025 0.025 0.026 0.026 0.026 0.025 0.023 0.021 0.021 0.020 0.020 0.020 0.019 0.018 0.018 0.018 0.019 0.022 0.031 0.042 0.048 0.052 0.057 0.060 0.064 0.069 0.076 0.088 0.103 0.123 0.143 0.164 0.179 0.194 0.202 0.202
0.004 0.005 0.007 0.009 0.012 0.015 0.018 0.022 0.025 0.024 0.024 0.023 0.023 0.023 0.022 0.022 0.021 0.021 0.024 0.025 0.026 0.025 0.023 0.025 0.026 0.027 0.026 0.025 0.025 0.026 0.026 0.026 0.026 0.026 0.026 0.027 0.027 0.027 0.026 0.026 0.026 0.026 0.026 0.026 0.026 0.026 0.026 0.023 0.021 0.021 0.021 0.021 0.020 0.019 0.019 0.019 0.019 0.019 0.022 0.029 0.040 0.045 0.051 0.055 0.060 0.066 0.074 0.086 0.103 0.121 0.141 0.161 0.184 0.200 0.203 0.202 0.201
0.005 0.007 0.009 0.011 0.014 0.017 0.020 0.024 0.027 0.025 0.024 0.024 0.023 0.023 0.022 0.022 0.021 0.020 0.019 0.020 0.022 0.022 0.021 0.023 0.024 0.023 0.024 0.025 0.025 0.026 0.026 0.026 0.027 0.027 0.027 0.027 0.027 0.027 0.027 0.027 0.027 0.027 0.026 0.026 0.026 0.026 0.026 0.024 0.022 0.022 0.021 0.021 0.020 0.020 0.020 0.020 0.020 0.020 0.022 0.028 0.038 0.044 0.049 0.055 0.062 0.072 0.085 0.102 0.121 0.140 0.161 0.183 0.203 0.203 0.202 0.200 0.199
0.007 0.008 0.010 0.013 0.016 0.019 0.022 0.025 0.027 0.025 0.024 0.024 0.023 0.023 0.022 0.022 0.021 0.020 0.019 0.018 0.015 0.017 0.017 0.019 0.021 0.022 0.023 0.024 0.025 0.026 0.026 0.027 0.027 0.027 0.027 0.028 0.028 0.028 0.028 0.028 0.028 0.027 0.027 0.027 0.027 0.027 0.026 0.024 0.022 0.021 0.021 0.021 0.021 0.021 0.021 0.021 0.021 0.021 0.022 0.027 0.037 0.043 0.049 0.058 0.069 0.083 0.101 0.120 0.140 0.162 0.184 0.198 0.202 0.203 0.201 0.199 0.197
0.008 0.010 0.012 0.015 0.018 0.021 0.024 0.026 0.028 0.026 0.024 0.024 0.023 0.023 0.022 0.022 0.021 0.020 0.018 0.017 0.015 0.013 0.011 0.016 0.019 0.021 0.023 0.024 0.025 0.026 0.026 0.027 0.027 0.028 0.028 0.029 0.029 0.029 0.029 0.028 0.028 0.028 0.028 0.028 0.028 0.027 0.026 0.023 0.020 0.021 0.021 0.022 0.022 0.022 0.022 0.022 0.021 0.022 0.023 0.027 0.037 0.044 0.053 0.065 0.082 0.101 0.120 0.141 0.162 0.185 0.192 0.197 0.201 0.202 0.199 0.197 0.194
0.010 0.012 0.014 0.017 0.019 0.022 0.025 0.027 0.029 0.026 0.025 0.024 0.023 0.023 0.022 0.021 0.020 0.019 0.018 0.017 0.015 0.011 0.007 0.013 0.017 0.020 0.022 0.023 0.025 0.026 0.026 0.027 0.027 0.028 0.028 0.029 0.029 0.029 0.029 0.029 0.029 0.029 0.029 0.029 0.028 0.027 0.025 0.023 0.021 0.021 0.021 0.021 0.022 0.022 0.022 0.022 0.022 0.022 0.023 0.027 0.039 0.049 0.063 0.081 0.100 0.120 0.141 0.163 0.183 0.187 0.192 0.196 0.200 0.200 0.197 0.194 0.191
0.013 0.014 0.016 0.018 0.021 0.024 0.026 0.028 0.030 0.026 0.025 0.024 0.023 0.023 0.022 0.021 0.020 0.019 0.018 0.016 0.013 0.009 0.005 0.011 0.015 0.018 0.020 0.022 0.024 0.025 0.026 0.027 0.028 0.028 0.029 0.030 0.030 0.030 0.030 0.030 0.030 0.030 0.029 0.029 0.027 0.026 0.025 0.024 0.022 0.021 0.021 0.021 0.021 0.022 0.022 0.022 0.023 0.023 0.024 0.029 0.046 0.062 0.081 0.100 0.121 0.142 0.165 0.178 0.183 0.187 0.191 0.195 0.198 0.199 0.195 0.191 0.187
0.028 0.022 0.020 0.021 0.023 0.025 0.027 0.029 0.031 0.027 0.025 0.024 0.023 0.023 0.022 0.022 0.021 0.020 0.017 0.014 0.011 0.007 0.004 0.010 0.014 0.017 0.019 0.021 0.023 0.025 0.026 0.027 0.028 0.028 0.029 0.030 0.030 0.030 0.030 0.030 0.030 0.030 0.029 0.027 0.027 0.026 0.026 0.024 0.023 0.022 0.022 0.022 0.022 0.021 0.021 0.022 0.023 0.023 0.025 0.034 0.061 0.082 0.102 0.123 0.145 0.168 0.174 0.179 0.183 0.187 0.190 0.193 0.195 0.196 0.192 0.188 0.183
0.042 0.042 0.034 0.028 0.027 0.027 0.029 0.030 0.031 0.027 0.025 0.024 0.024 0.023 0.023 0.023 0.021 0.018 0.015 0.012 0.009 0.006 0.003 0.008 0.012 0.015 0.018 0.020 0.022 0.023 0.025 0.026 0.027 0.028 0.029 0.030 0.031 0.031 0.031 0.031 0.030 0.028 0.027 0.027 0.027 0.027 0.027 0.025 0.024 0.023 0.023 0.023 0.022 0.022 0.022 0.022 0.022 0.023 0.028 0.046 0.084 0.107 0.127 0.149 0.167 0.171 0.176 0.179 0.183 0.186 0.189 0.191 0.193 0.194 0.189 0.184 0.179
0.042 0.046 0.050 0.047 0.040 0.034 0.033 0.032 0.033 0.028 0.026 0.025 0.025 0.025 0.024 0.022 0.019 0.017 0.014 0.011 0.008 0.004 0.002 0.007 0.011 0.014 0.017 0.019 0.021 0.023 0.024 0.025 0.027 0.028 0.029 0.030 0.031 0.031 0.031 0.029 0.028 0.028 0.028 0.028 0.028 0.028 0.027 0.026 0.024 0.024 0.024 0.023 0.023 0.023 0.023 0.023 0.023 0.025 0.036 0.069 0.109 0.135 0.156 0.166 0.170 0.174 0.177 0.180 0.183 0.185 0.187 0.189 0.190 0.191 0.186 0.181 0.176
0.043 0.046 0.049 0.054 0.060 0.053 0.046 0.040 0.037 0.030 0.027 0.027 0.026 0.024 0.022 0.020 0.018 0.015 0.012 0.009 0.006 0.004 0.002 0.006 0.010 0.013 0.016 0.018 0.020 0.022 0.024 0.025 0.026 0.027 0.029 0.030 0.030 0.030 0.028 0.028 0.028 0.029 0.029 0.029 0.028 0.028 0.028 0.027 0.025 0.025 0.025 0.024 0.024 0.024 0.024 0.024 0.026 0.036 0.063 0.098 0.137 0.165 0.168 0.171 0.174 0.177 0.179 0.181 0.183 0.184 0.186 0.187 0.188 0.189 0.184 0.178 0.172
0.044 0.046 0.049 0.053 0.058 0.064 0.069 0.060 0.053 0.039 0.032 0.027 0.025 0.023 0.021 0.019 0.016 0.014 0.011 0.008 0.005 0.003 0.001 0.005 0.008 0.012 0.015 0.018 0.020 0.022 0.023 0.025 0.026 0.027 0.028 0.029 0.028 0.028 0.028 0.029 0.029 0.029 0.029 0.029 0.029 0.029 0.029 0.028 0.026 0.026 0.025 0.025 0.025 0.025 0.025 0.028 0.039 0.066 0.101 0.138 0.162 0.169 0.175 0.176 0.178 0.180 0.181 0.183 0.184 0.185 0.186 0.187 0.187 0.187 0.181 0.175 0.167
0.044 0.046 0.049 0.052 0.057 0.062 0.069 0.078 0.082 0.058 0.038 0.029 0.025 0.022 0.020 0.018 0.015 0.012 0.010 0.007 0.004 0.002 0.001 0.004 0.008 0.011 0.014 0.017 0.019 0.021 0.023 0.024 0.025 0.027 0.027 0.028 0.029 0.029 0.029 0.029 0.029 0.030 0.030 0.030 0.030 0.030 0.029 0.028 0.026 0.026 0.026 0.026 0.026 0.027 0.030 0.043 0.073 0.108 0.144 0.154 0.158 0.163 0.171 0.178 0.184 0.185 0.186 0.186 0.187 0.187 0.187 0.186 0.186 0.185 0.178 0.170 0.160
0.044 0.046 0.048 0.051 0.055 0.060 0.067 0.079 0.093 0.078 0.056 0.036 0.026 0.021 0.019 0.016 0.014 0.011 0.008 0.006 0.004 0.002 0.001 0.004 0.007 0.010 0.013 0.016 0.018 0.020 0.022 0.024 0.026 0.027 0.027 0.026 0.028 0.031 0.031 0.030 0.030 0.030 0.030 0.030 0.030 0.030 0.030 0.029 0.027 0.027 0.027 0.027 0.028 0.033 0.050 0.081 0.116 0.144 0.147 0.150 0.153 0.158 0.165 0.173 0.180 0.186 0.192 0.191 0.190 0.189 0.188 0.186 0.184 0.181 0.173 0.162 0.149
0.044 0.046 0.047 0.050 0.052 0.057 0.068 0.084 0.098 0.083 0.068 0.054 0.033 0.022 0.018 0.015 0.012 0.010 0.008 0.005 0.003 0.002 0.001 0.003 0.006 0.009 0.012 0.015 0.017 0.020 0.022 0.024 0.026 0.027 0.026 0.024 0.027 0.030 0.032 0.033 0.033 0.032 0.032 0.031 0.031 0.031 0.031 0.030 0.028 0.028 0.028 0.030 0.037 0.057 0.090 0.125 0.138 0.141 0.144 0.147 0.149 0.153 0.160 0.167 0.174 0.180 0.185 0.190 0.194 0.192 0.189 0.185 0.181 0.176 0.165 0.150 0.131
0.044 0.045 0.045 0.046 0.051 0.059 0.072 0.090 0.103 0.089 0.074 0.060 0.046 0.031 0.019 0.014 0.011 0.009 0.007 0.005 0.003 0.002 0.001 0.003 0.006 0.008 0.011 0.014 0.017 0.019 0.022 0.024 0.025 0.026 0.026 0.023 0.025 0.028 0.030 0.033 0.035 0.035 0.034 0.033 0.033 0.032 0.032 0.031 0.029 0.029 0.032 0.042 0.066 0.099 0.131 0.134 0.136 0.139 0.141 0.143 0.146 0.149 0.156 0.162 0.168 0.173 0.178 0.182 0.185 0.187 0.188 0.184 0.176 0.167 0.152 0.128 0.117
0.042 0.041 0.043 0.046 0.052 0.061 0.076 0.095 0.108 0.094 0.080 0.066 0.052 0.038 0.026 0.016 0.011 0.008 0.006 0.004 0.003 0.002 0.001 0.003 0.005 0.008 0.011 0.013 0.017 0.019 0.022 0.023 0.025 0.026 0.025 0.022 0.024 0.027 0.029 0.031 0.033 0.035 0.037 0.037 0.035 0.034 0.033 0.032 0.031 0.035 0.048 0.075 0.110 0.126 0.129 0.132 0.134 0.136 0.138 0.140 0.142 0.145 0.151 0.157 0.162 0.167 0.171 0.174 0.175 0.176 0.175 0.172 0.166 0.154 0.128 0.130 0.147
0.039 0.041 0.043 0.047 0.053 0.064 0.081 0.100 0.113 0.099 0.084 0.070 0.057 0.043 0.030 0.020 0.014 0.009 0.006 0.004 0.003 0.002 0.001 0.003 0.005 0.007 0.010 0.013 0.016 0.019 0.021 0.023 0.025 0.026 0.025 0.022 0.024 0.026 0.028 0.030 0.032 0.034 0.036 0.037 0.039 0.038 0.037 0.037 0.039 0.055 0.085 0.120 0.122 0.125 0.127 0.129 0.131 0.134 0.136 0.137 0.139 0.141 0.146 0.152 0.156 0.160 0.163 0.164 0.165 0.163 0.160 0.153 0.140 0.126 0.145 0.174 0.215
0.039 0.041 0.044 0.048 0.055 0.068 0.085 0.106 0.117 0.103 0.089 0.075 0.061 0.047 0.034 0.023 0.015 0.011 0.007 0.005 0.003 0.002 0.001 0.003 0.005 0.008 0.010 0.013 0.016 0.018 0.020 0.022 0.024 0.025 0.024 0.021 0.023 0.025 0.027 0.029 0.031 0.033 0.035 0.037 0.038 0.041 0.045 0.051 0.064 0.095 0.116 0.118 0.120 0.123 0.125 0.127 0.129 0.131 0.133 0.134 0.135 0.136 0.141 0.146 0.149 0.152 0.153 0.154 0.152 0.148 0.139 0.124 0.124 0.152 0.196 0.248 0.308
0.039 0.041 0.044 0.049 0.057 0.071 0.090 0.111 0.121 0.107 0.093 0.079 0.065 0.051 0.038 0.026 0.017 0.012 0.009 0.006 0.004 0.002 0.002 0.004 0.005 0.008 0.010 0.013 0.015 0.018 0.020 0.022 0.024 0.025 0.024 0.021 0.022 0.024 0.026 0.028 0.030 0.032 0.034 0.036 0.039 0.043 0.054 0.075 0.105 0.111 0.113 0.116 0.118 0.120 0.122 0.124 0.126 0.128 0.129 0.131 0.131 0.131 0.136 0.139 0.142 0.143 0.143 0.141 0.136 0.126 0.109 0.123 0.157 0.212 0.279 0.341 0.404
0.038 0.041 0.044 0.050 0.060 0.075 0.094 0.115 0.125 0.111 0.097 0.083 0.069 0.055 0.042 0.030 0.020 0.014 0.010 0.007 0.004 0.002 0.003 0.004 0.006 0.008 0.010 0.012 0.015 0.017 0.020 0.022 0.023 0.024 0.024 0.021 0.022 0.023 0.025 0.027 0.029 0.031 0.033 0.036 0.040 0.050 0.071 0.096 0.117 0.114 0.110 0.112 0.114 0.116 0.118 0.120 0.122 0.124 0.125 0.126 0.127 0.126 0.129 0.132 0.133 0.133 0.130 0.124 0.112 0.101 0.122 0.165 0.227 0.299 0.374 0.439 0.504
0.038 0.041 0.044 0.051 0.062 0.079 0.098 0.120 0.128 0.114 0.100 0.086 0.073 0.059 0.045 0.033 0.023 0.015 0.011 0.007 0.005 0.003 0.004 0.005 0.007 0.008 0.010 0.013 0.015 0.017 0.019 0.021 0.023 0.024 0.023 0.020 0.022 0.023 0.024 0.026 0.028 0.030 0.033 0.038 0.047 0.066 0.084 0.103 0.125 0.123 0.118 0.114 0.109 0.111 0.113 0.115 0.117 0.119 0.120 0.121 0.121 0.120 0.122 0.123 0.122 0.119 0.112 0.097 0.100 0.126 0.176 0.243 0.318 0.395 0.473 0.538 0.604
