includes/overflow_coast_h/floodfiles/results/res-0003.wdfp
ncols         906
nrows         631
xllcorner     362177.146667
yllcorner     6534725.688020
cellsize      20.000000
NODATA_value  -9999.000000
[rows 408 to 441 of 631, columns 693 to 769 of 906]
4.115 4.122 4.128 4.135 4.141 4.148 4.154 4.161 4.167 4.174 4.175 3.534 4.170 4.168 4.166 4.163 4.161 4.159 4.157 4.143 4.124 4.106 4.087 4.069 4.050 3.584 4.033 3.564 3.534 3.454 4.031 3.524 4.005 3.415 3.355 3.485 3.525 3.565 3.445 3.525 3.934 3.575 4.002 4.036 4.070 4.104 4.138 4.172 4.206 4.240 4.280 4.317 4.349 4.381 4.413 4.445 4.477 4.509 4.541 4.573 4.605 4.637 4.669 4.701 4.727 4.752 4.776 4.801 4.825 4.850 4.874 4.899 4.923 4.947 4.971 4.994 5.018
4.143 4.149 4.156 4.162 4.169 4.175 4.182 4.188 4.195 4.201 4.204 4.202 4.199 4.197 4.195 4.192 4.190 4.185 4.167 4.148 4.130 4.111 4.093 4.074 4.056 4.041 4.041 3.545 4.040 4.039 4.038 4.038 4.030 3.425 3.475 3.978 3.575 3.415 3.926 3.940 3.974 4.008 4.042 4.076 4.110 4.144 4.178 4.212 4.246 4.280 4.313 4.347 4.379 4.411 4.443 4.475 4.507 4.539 4.571 4.603 4.635 4.667 4.699 4.731 4.756 4.781 4.805 4.830 4.854 4.879 4.903 4.928 4.952 4.977 5.000 5.024 5.048
4.170 4.177 4.183 4.190 4.196 4.203 4.209 4.216 4.222 4.229 4.233 4.231 4.229 4.226 4.224 4.222 4.210 4.191 4.173 4.154 4.136 4.117 4.099 4.080 4.062 4.048 4.048 3.535 4.047 4.046 4.046 4.045 4.045 4.039 3.375 3.545 3.987 3.485 3.445 3.979 4.013 4.047 4.081 4.115 4.149 4.183 4.217 4.251 4.284 4.314 4.344 4.376 4.409 4.441 4.473 4.505 4.537 4.569 4.601 4.633 4.665 4.697 4.729 4.761 4.785 4.810 4.834 4.859 4.883 4.908 4.932 4.957 4.981 5.006 5.030 5.054 5.078
4.204 4.208 4.212 4.217 4.224 4.230 4.237 4.243 4.250 4.256 4.262 4.260 4.258 4.255 4.253 4.234 4.216 4.197 4.178 4.160 4.141 4.123 4.104 4.086 4.067 4.055 3.495 4.054 4.054 4.053 4.053 4.052 4.052 4.051 3.365 3.515 3.585 3.475 3.575 4.018 4.052 4.086 4.120 4.154 4.188 4.222 4.253 4.283 4.313 4.343 4.373 4.405 4.438 4.470 4.503 4.535 4.567 4.599 4.631 4.663 4.695 4.727 4.759 4.789 4.814 4.838 4.863 4.887 4.912 4.937 4.961 4.985 5.010 5.034 5.059 5.083 5.108
4.240 4.244 4.248 4.252 4.256 4.259 4.264 4.271 4.277 4.283 4.290 4.289 4.287 4.277 4.258 4.240 4.221 4.203 4.184 4.166 4.147 4.129 4.110 4.092 4.073 4.062 4.062 4.061 4.061 4.060 4.060 4.059 4.059 4.058 4.058 4.055 4.038 4.020 4.024 4.058 4.092 4.126 4.160 4.192 4.222 4.252 4.281 4.311 4.341 4.371 4.402 4.434 4.467 4.500 4.532 4.565 4.597 4.629 4.661 4.693 4.725 4.757 4.789 4.818 4.843 4.867 4.892 4.916 4.941 4.965 4.990 5.014 5.039 5.063 5.088 5.116 5.148
4.276 4.280 4.284 4.288 4.292 4.295 4.299 4.303 4.307 4.311 4.317 4.318 4.301 4.283 4.264 4.246 4.227 4.209 4.190 4.172 4.153 4.135 4.116 4.097 4.079 4.070 4.069 4.069 4.068 4.068 4.067 4.067 4.066 4.066 4.065 4.065 3.576 4.046 4.063 4.097 4.130 4.160 4.190 4.220 4.250 4.280 4.310 4.340 4.370 4.400 4.431 4.463 4.496 4.529 4.561 4.594 4.627 4.659 4.691 4.723 4.755 4.787 4.819 4.847 4.872 4.896 4.921 4.945 4.970 4.994 5.019 5.043 5.068 5.097 5.129 5.161 5.193
4.312 4.316 4.320 4.324 4.328 4.331 4.335 4.339 4.343 4.347 4.347 4.326 4.307 4.288 4.270 4.252 4.233 4.214 4.196 4.177 4.159 4.140 4.122 4.103 4.085 4.077 3.585 4.076 4.075 4.075 4.074 4.074 4.073 4.073 4.072 4.072 3.496 4.071 3.556 3.566 3.486 3.586 4.219 4.249 4.279 4.309 4.339 4.369 4.399 4.429 4.460 4.493 4.525 4.558 4.591 4.623 4.656 4.689 4.721 4.753 4.785 4.817 4.849 4.876 4.900 4.925 4.949 4.974 4.999 5.023 5.048 5.078 5.110 5.143 5.175 5.207 5.238
4.348 4.352 4.356 4.360 4.364 4.367 4.371 4.375 4.379 4.377 4.356 4.335 4.315 4.295 4.276 4.257 4.239 4.220 4.202 4.183 4.165 4.146 4.128 4.109 4.091 4.084 4.083 4.083 4.083 4.082 4.082 4.081 4.081 4.080 4.080 4.084 4.103 4.121 4.132 4.158 4.188 3.557 4.248 4.278 4.308 4.337 4.367 4.397 4.427 4.457 4.489 4.522 4.554 4.587 4.620 4.652 4.685 4.718 4.750 4.783 4.815 4.847 4.879 4.905 4.929 4.954 4.978 5.003 5.028 5.060 5.092 5.124 5.156 5.188 5.220 5.252 5.284
4.384 4.388 4.392 4.396 4.400 4.403 4.407 4.411 4.407 4.386 4.365 4.344 4.324 4.304 4.284 4.265 4.245 4.226 4.207 4.189 4.170 4.152 4.133 4.115 4.096 4.091 4.091 4.090 4.090 4.089 4.089 4.088 4.088 4.100 4.119 4.138 4.157 3.516 4.184 3.437 4.216 4.246 4.276 4.306 4.336 4.366 4.396 4.426 4.456 4.486 4.518 4.551 4.584 4.616 4.649 4.682 4.714 4.747 4.780 4.812 4.845 4.877 4.909 4.934 4.958 4.983 5.009 5.041 5.073 5.105 5.138 5.170 5.202 5.234 5.266 5.298 5.329
4.420 4.424 4.428 4.432 4.436 4.439 4.443 4.437 4.416 4.395 4.374 4.353 4.333 4.313 4.293 4.273 4.254 4.234 4.214 4.195 4.176 4.158 4.139 4.121 4.102 4.098 4.098 4.097 4.097 4.096 4.096 4.116 4.135 4.154 3.546 4.192 4.211 4.226 3.517 4.246 4.256 4.275 4.305 4.335 4.365 4.395 4.425 4.454 4.484 4.515 4.547 4.580 4.613 4.645 4.678 4.711 4.744 4.776 4.809 4.841 4.874 4.906 4.938 4.962 4.990 5.023 5.055 5.087 5.119 5.151 5.183 5.215 5.247 5.279 5.312 5.344 5.375
4.456 4.460 4.464 4.468 4.471 4.475 4.467 4.446 4.425 4.404 4.383 4.362 4.342 4.322 4.302 4.282 4.262 4.242 4.223 4.203 4.183 4.164 4.145 4.126 4.108 4.105 4.105 4.104 4.112 4.131 4.150 4.169 4.189 4.208 3.447 3.397 4.265 4.278 3.557 3.567 3.557 3.577 4.334 4.363 4.393 4.423 4.453 4.483 4.513 4.544 4.577 4.609 4.642 4.675 4.707 4.740 4.773 4.805 4.838 4.870 4.903 4.936 4.971 5.004 5.036 5.068 5.100 5.132 5.164 5.197 5.229 5.261 5.293 5.325 5.357 5.389 5.420
4.492 4.496 4.500 4.504 4.507 4.497 4.476 4.455 4.434 4.413 4.392 4.371 4.351 4.331 4.311 4.291 4.271 4.251 4.231 4.212 4.192 4.172 4.152 4.132 4.114 4.112 4.127 4.147 4.166 4.185 4.204 4.223 4.242 4.262 4.281 3.377 3.567 4.330 4.340 4.350 4.360 4.370 4.380 4.392 4.422 4.452 4.482 4.512 4.542 4.573 4.606 4.638 4.671 4.704 4.736 4.769 4.802 4.834 4.867 4.899 4.929 4.959 4.997 5.045 5.082 5.114 5.146 5.178 5.210 5.242 5.274 5.306 5.339 5.371 5.403 5.435 5.465
4.528 4.532 4.536 4.539 4.527 4.506 4.485 4.464 4.443 4.422 4.401 4.380 4.359 4.339 4.320 4.300 4.280 4.260 4.240 4.220 4.201 4.181 4.161 4.141 3.587 4.162 4.181 4.200 4.220 4.239 4.258 4.277 4.296 4.315 4.335 3.257 3.517 4.382 4.392 3.568 3.538 4.422 4.432 4.442 4.452 4.481 4.510 4.540 4.570 4.602 4.635 4.667 4.700 4.733 4.766 4.798 4.831 4.861 4.891 4.922 4.952 4.982 5.024 5.072 5.119 5.159 5.191 5.224 5.256 5.288 5.320 5.352 5.384 5.416 5.448 5.480 5.511
4.564 4.568 4.572 4.557 4.536 4.515 4.494 4.473 4.452 4.431 4.410 4.389 4.368 4.348 4.328 4.309 4.289 4.269 4.249 4.229 4.209 4.189 4.170 4.173 4.178 4.207 4.235 4.254 4.273 4.293 4.312 4.331 4.350 4.369 4.388 3.248 3.398 4.434 3.408 3.468 4.465 4.474 4.484 4.494 4.504 4.514 4.539 4.569 4.599 4.631 4.664 4.697 4.729 4.762 4.793 4.823 4.854 4.884 4.914 4.945 4.975 5.005 5.051 5.098 5.146 5.193 5.237 5.269 5.301 5.333 5.366 5.398 5.430 5.462 5.494 5.526 5.556
4.600 4.604 4.587 4.566 4.545 4.524 4.503 4.482 4.461 4.440 4.419 4.398 4.377 4.357 4.337 4.317 4.298 4.278 4.258 4.238 4.218 4.205 4.210 4.214 4.219 4.248 4.277 4.305 4.327 4.346 4.366 4.385 4.404 4.423 4.442 4.462 3.338 3.528 3.388 3.538 4.517 4.527 4.537 4.547 4.556 4.566 4.576 4.598 4.628 4.660 4.693 4.725 4.756 4.786 4.816 4.846 4.877 4.907 4.937 4.968 4.998 5.029 5.077 5.125 5.172 5.220 5.268 5.315 5.347 5.379 5.411 5.443 5.476 5.508 5.540 5.571 5.602
4.636 4.617 4.596 4.575 4.554 4.533 4.512 4.491 4.470 4.449 4.428 4.407 4.386 4.366 4.346 4.326 4.306 4.286 4.267 4.247 4.241 4.246 4.251 4.255 4.261 3.557 3.477 4.347 4.375 4.400 4.419 4.439 4.458 4.477 4.496 4.515 4.529 3.538 3.488 4.559 4.569 4.579 4.589 4.599 4.609 4.619 4.628 4.638 4.657 4.687 4.718 4.748 4.779 4.809 4.839 4.870 4.900 4.930 4.961 4.991 5.021 5.056 5.104 5.151 5.199 5.247 5.294 5.342 5.389 5.425 5.457 5.489 5.521 5.553 5.585 5.617 5.647
4.648 4.627 4.606 4.584 4.563 4.542 4.521 4.500 4.479 4.458 4.437 4.416 4.395 4.375 4.355 4.335 4.315 4.295 4.275 4.278 4.282 4.287 4.292 4.297 4.302 4.331 4.360 4.388 4.417 4.445 4.473 4.493 4.512 4.531 4.550 4.569 4.581 4.591 4.601 4.611 4.621 4.631 4.641 4.651 4.661 4.671 4.664 4.655 4.672 4.711 4.741 4.771 4.802 4.832 4.862 4.893 4.923 4.953 4.984 5.014 5.044 5.083 5.130 5.178 5.226 5.273 5.321 5.368 5.416 5.464 5.503 5.535 5.567 5.599 5.631 5.662 5.693
4.668 4.639 4.615 4.594 4.572 4.551 4.530 4.509 4.488 4.467 4.446 4.425 4.404 4.383 4.364 4.344 4.324 4.310 4.314 4.319 4.324 4.328 4.333 4.338 4.344 4.372 4.401 4.430 4.458 4.487 4.515 4.544 4.566 4.585 4.604 4.623 4.633 4.643 4.653 4.663 4.673 4.683 4.693 4.685 4.677 4.669 4.660 4.652 4.682 4.724 4.764 4.794 4.825 4.855 4.885 4.916 4.946 4.976 5.007 5.037 5.067 5.109 5.157 5.204 5.252 5.300 5.347 5.395 5.443 5.490 5.538 5.580 5.613 5.645 5.677 5.708 5.738
4.712 4.682 4.653 4.623 4.594 4.564 4.539 4.518 4.497 4.476 4.455 4.434 4.413 4.392 4.372 4.353 4.346 4.351 4.355 4.360 4.365 4.369 4.374 4.379 4.385 4.414 4.443 4.471 4.500 4.528 4.557 4.585 4.614 4.638 4.658 4.675 4.685 4.695 4.705 4.715 4.706 4.698 4.690 4.682 4.673 4.665 4.657 4.650 4.692 4.735 4.777 4.817 4.848 4.878 4.908 4.939 4.969 4.999 5.030 5.060 5.090 5.136 5.184 5.231 5.279 5.326 5.374 5.422 5.469 5.517 5.565 5.612 5.658 5.690 5.722 5.753 5.784
4.755 4.725 4.696 4.666 4.637 4.607 4.578 4.548 4.519 4.489 4.464 4.443 4.422 4.401 4.381 4.382 4.387 4.392 4.396 4.401 4.406 4.411 4.415 4.420 4.427 4.455 4.484 4.513 4.541 4.570 4.598 4.627 4.655 4.684 4.712 4.727 4.736 4.728 4.720 4.711 4.703 4.695 4.686 4.678 4.670 4.662 4.653 4.660 4.702 4.745 4.787 4.829 4.871 4.901 4.932 4.962 4.992 5.023 5.053 5.083 5.115 5.162 5.210 5.258 5.305 5.353 5.401 5.448 5.496 5.544 5.591 5.639 5.686 5.734 5.768 5.798 5.828
4.798 4.768 4.739 4.709 4.680 4.650 4.621 4.591 4.562 4.532 4.503 4.473 4.444 4.414 4.419 4.423 4.428 4.433 4.438 4.442 4.447 4.452 4.457 4.461 4.468 4.497 4.525 4.554 4.583 4.611 4.640 4.668 4.697 4.725 4.743 4.741 4.733 4.724 4.716 4.708 4.700 4.691 4.683 4.675 4.667 4.658 4.650 4.670 4.712 4.755 4.797 4.839 4.882 4.924 4.955 4.985 5.015 5.046 5.076 5.106 5.142 5.189 5.237 5.284 5.332 5.380 5.427 5.475 5.523 5.570 5.618 5.665 5.713 5.759 5.804 5.842 5.871
4.825 4.812 4.782 4.753 4.723 4.694 4.664 4.635 4.605 4.576 4.546 4.517 4.487 4.451 4.443 4.454 4.464 4.474 4.479 4.483 4.488 4.493 4.498 4.502 4.510 4.538 4.567 4.595 4.624 4.653 4.681 4.699 4.717 4.735 4.753 4.741 4.729 4.721 4.713 4.705 4.696 4.688 4.680 4.671 4.663 4.655 4.647 4.680 4.722 4.765 4.807 4.849 4.892 4.934 4.976 5.008 5.038 5.069 5.099 5.130 5.168 5.216 5.263 5.311 5.359 5.406 5.454 5.501 5.549 5.597 5.644 5.688 5.732 5.776 5.822 5.871 5.914
4.849 4.855 4.825 4.796 4.766 4.737 4.707 4.678 4.648 4.619 4.589 4.560 4.525 4.489 4.465 4.475 4.485 4.496 4.506 4.517 4.527 4.534 4.539 4.544 4.551 4.580 4.608 4.636 4.655 4.673 4.691 4.709 4.727 4.746 4.754 4.742 4.730 4.718 4.709 4.701 4.693 4.685 4.676 4.668 4.660 4.651 4.648 4.690 4.733 4.775 4.817 4.860 4.902 4.944 4.987 5.029 5.062 5.092 5.122 5.153 5.195 5.242 5.290 5.338 5.385 5.433 5.480 5.528 5.573 5.617 5.661 5.705 5.749 5.794 5.840 5.889 5.937
4.874 4.898 4.869 4.839 4.810 4.780 4.751 4.721 4.692 4.662 4.632 4.598 4.563 4.527 4.491 4.496 4.507 4.517 4.528 4.538 4.549 4.559 4.570 4.580 4.592 4.610 4.628 4.647 4.665 4.683 4.701 4.720 4.738 4.756 4.754 4.742 4.730 4.718 4.706 4.698 4.689 4.681 4.673 4.665 4.656 4.648 4.658 4.700 4.743 4.785 4.827 4.870 4.912 4.954 4.997 5.039 5.081 5.115 5.145 5.176 5.221 5.269 5.317 5.364 5.412 5.458 5.502 5.546 5.590 5.634 5.678 5.723 5.767 5.811 5.858 5.907 5.955
4.898 4.923 4.912 4.882 4.853 4.823 4.794 4.764 4.735 4.705 4.672 4.636 4.600 4.564 4.528 4.518 4.528 4.539 4.549 4.559 4.570 4.580 4.591 4.601 4.609 4.621 4.639 4.657 4.675 4.694 4.712 4.730 4.748 4.766 4.755 4.743 4.731 4.718 4.706 4.694 4.686 4.678 4.669 4.661 4.653 4.644 4.668 4.710 4.753 4.795 4.837 4.880 4.922 4.964 5.007 5.049 5.092 5.134 5.168 5.200 5.248 5.296 5.343 5.387 5.431 5.475 5.519 5.563 5.607 5.652 5.696 5.740 5.784 5.828 5.876 5.924 5.973
4.922 4.947 4.955 4.926 4.896 4.867 4.837 4.807 4.778 4.745 4.710 4.674 4.638 4.602 4.566 4.539 4.549 4.560 4.570 4.581 4.591 4.602 4.612 4.621 4.628 4.635 4.649 4.668 4.686 4.704 4.722 4.740 4.759 4.768 4.755 4.743 4.731 4.719 4.707 4.694 4.683 4.674 4.666 4.658 4.649 4.641 4.678 4.721 4.763 4.805 4.847 4.890 4.932 4.975 5.017 5.059 5.102 5.144 5.186 5.227 5.272 5.316 5.360 5.404 5.448 5.492 5.536 5.580 5.625 5.669 5.713 5.757 5.801 5.846 5.894 5.942 5.991
4.946 4.971 4.996 4.969 4.939 4.910 4.880 4.851 4.819 4.783 4.747 4.711 4.675 4.640 4.604 4.568 4.571 4.581 4.592 4.602 4.613 4.623 4.633 4.639 4.646 4.653 4.660 4.678 4.696 4.714 4.733 4.751 4.769 4.768 4.756 4.743 4.731 4.719 4.707 4.695 4.683 4.671 4.663 4.654 4.646 4.646 4.688 4.731 4.773 4.815 4.858 4.900 4.942 4.985 5.027 5.069 5.112 5.156 5.200 5.244 5.289 5.333 5.377 5.421 5.465 5.509 5.554 5.598 5.642 5.686 5.730 5.774 5.818 5.864 5.912 5.960 6.008
4.970 4.995 5.020 5.012 4.982 4.953 4.923 4.893 4.857 4.821 4.785 4.749 4.713 4.677 4.642 4.606 4.592 4.602 4.613 4.623 4.634 4.644 4.651 4.658 4.665 4.672 4.679 4.688 4.707 4.725 4.743 4.761 4.779 4.768 4.756 4.744 4.732 4.720 4.707 4.695 4.683 4.671 4.659 4.651 4.643 4.656 4.698 4.741 4.783 4.825 4.868 4.910 4.952 4.996 5.040 5.084 5.128 5.172 5.215 5.260 5.306 5.350 5.394 5.439 5.483 5.527 5.571 5.615 5.659 5.703 5.747 5.792 5.836 5.882 5.930 5.978 6.026
4.995 5.019 5.044 5.055 5.026 4.996 4.966 4.930 4.894 4.858 4.823 4.787 4.751 4.715 4.679 4.643 4.613 4.624 4.634 4.645 4.655 4.663 4.670 4.677 4.684 4.691 4.698 4.705 4.717 4.735 4.753 4.772 4.781 4.769 4.756 4.744 4.732 4.720 4.708 4.696 4.683 4.671 4.659 4.648 4.639 4.666 4.709 4.751 4.793 4.836 4.880 4.924 4.968 5.012 5.056 5.099 5.143 5.187 5.231 5.276 5.322 5.367 5.412 5.456 5.500 5.544 5.588 5.632 5.676 5.720 5.765 5.809 5.853 5.900 5.948 5.996 6.044
5.019 5.044 5.069 5.094 5.069 5.039 5.004 4.968 4.932 4.896 4.860 4.824 4.788 4.753 4.717 4.681 4.645 4.645 4.655 4.666 4.675 4.682 4.689 4.696 4.703 4.710 4.717 4.723 4.730 4.746 4.764 4.782 4.781 4.769 4.757 4.745 4.733 4.720 4.708 4.696 4.684 4.672 4.659 4.647 4.636 4.677 4.721 4.764 4.808 4.852 4.896 4.940 4.984 5.027 5.071 5.115 5.159 5.203 5.247 5.292 5.338 5.383 5.428 5.473 5.517 5.561 5.605 5.649 5.694 5.738 5.782 5.826 5.870 5.918 5.966 6.014 6.062
5.043 5.068 5.093 5.118 5.112 5.077 5.041 5.005 4.970 4.934 4.898 4.862 4.826 4.790 4.754 4.719 4.683 4.666 4.677 4.687 4.694 4.701 4.708 4.714 4.721 4.728 4.735 4.742 4.749 4.756 4.774 4.792 4.782 4.770 4.757 4.745 4.733 4.721 4.709 4.696 4.684 4.678 4.672 4.666 4.667 4.693 4.736 4.780 4.824 4.868 4.911 4.955 4.999 5.043 5.087 5.131 5.174 5.218 5.263 5.309 5.354 5.399 5.444 5.490 5.534 5.578 5.622 5.667 5.711 5.755 5.799 5.843 5.887 5.936 5.984 6.032 6.080
5.058 5.085 5.111 5.137 5.135 5.104 5.074 5.043 5.007 4.972 4.936 4.900 4.864 4.828 4.792 4.756 4.720 4.688 4.698 4.706 4.713 4.720 4.726 4.733 4.740 4.747 4.754 4.761 4.768 4.774 4.785 4.794 4.782 4.770 4.758 4.745 4.739 4.733 4.727 4.721 4.714 4.708 4.702 4.696 4.706 4.724 4.752 4.796 4.839 4.883 4.927 4.971 5.015 5.059 5.102 5.146 5.190 5.234 5.279 5.325 5.370 5.415 5.461 5.506 5.551 5.596 5.640 5.684 5.728 5.772 5.816 5.861 5.905 5.954 6.002 6.050 6.098
5.072 5.099 5.125 5.136 5.124 5.098 5.068 5.037 5.007 4.977 4.946 4.916 4.885 4.855 4.824 4.794 4.758 4.722 4.718 4.725 4.731 4.738 4.745 4.752 4.759 4.766 4.773 4.780 4.786 4.794 4.801 4.800 4.794 4.788 4.781 4.775 4.769 4.763 4.757 4.751 4.745 4.739 4.732 4.728 4.745 4.763 4.780 4.811 4.855 4.899 4.943 4.987 5.030 5.074 5.118 5.162 5.206 5.250 5.295 5.341 5.386 5.431 5.477 5.522 5.567 5.612 5.657 5.701 5.745 5.789 5.834 5.878 5.923 5.971 6.020 6.068 6.116
5.087 5.113 5.134 5.122 5.110 5.092 5.061 5.031 5.001 4.970 4.940 4.910 4.879 4.849 4.818 4.788 4.757 4.732 4.749 4.756 4.764 4.771 4.778 4.786 4.793 4.800 4.808 4.815 4.822 4.829 4.835 4.830 4.824 4.818 4.812 4.806 4.799 4.793 4.787 4.781 4.775 4.769 4.763 4.767 4.785 4.802 4.819 4.837 4.871 4.915 4.958 5.002 5.046 5.090 5.134 5.178 5.221 5.266 5.312 5.357 5.402 5.447 5.493 5.538 5.583 5.628 5.674 5.718 5.763 5.807 5.851 5.895 5.941 5.989 6.038 6.086 6.134
