includes/overflow_coast_h/floodfiles/results/res.totaltm
ncols         906
nrows         631
xllcorner     362177.146670
yllcorner     6534722.565530
cellsize      20.000000
NODATA_value  -9999.000000
[rows 306 to 339 of 631, columns 684 to 759 of 906]
3.755 3.685 7.953 0.000 7.353 8.050 7.632 8.061 8.051 8.007 7.945 7.567 6.786 6.888 0.000 8.977 9.059 0.000 2.185 3.962 4.069 4.206 4.327 7.008 0.000 0.000 5.522 5.488 4.994 4.962 4.615 0.371 0.000 0.000 0.000 1.814 1.734 0.000 0.000 0.000 0.000 0.000 0.000 0.000 0.000 0.000 0.000 0.000 0.000 0.000 0.000 9.008 9.036 0.000 9.656 9.718 9.632 9.751 9.796 9.731 9.654 9.632 9.522 9.421 9.406 0.000 9.477 9.493 9.628 9.724 9.781 0.000 9.842 9.861 9.780 9.814
0.000 8.080 8.065 0.000 7.418 8.103 8.231 8.259 7.786 6.879 5.686 6.880 7.420 7.473 0.000 9.067 9.130 0.000 0.405 0.000 0.000 0.000 7.336 7.260 7.008 6.175 6.085 0.000 0.000 4.824 3.593 0.000 3.895 3.876 3.713 1.899 0.000 3.642 0.000 0.000 0.000 0.000 0.000 0.000 0.000 0.000 0.000 0.000 0.000 0.000 0.000 0.000 0.000 9.846 9.727 9.751 7.026 9.912 9.927 9.729 9.614 9.585 9.549 9.458 0.000 9.791 0.000 9.537 9.555 9.711 9.466 9.425 9.815 9.891 0.000 9.828
0.000 8.424 3.822 0.000 4.666 6.870 6.619 8.286 8.306 8.864 8.947 8.973 8.949 7.500 0.000 9.200 9.227 0.000 7.255 8.312 8.265 7.915 7.867 0.000 0.000 0.000 5.495 3.535 3.827 3.970 6.371 6.323 6.285 0.000 0.000 2.960 0.000 3.688 0.000 0.000 0.000 0.000 0.000 0.000 0.000 0.000 0.000 0.000 0.000 0.000 0.000 0.000 9.635 9.895 9.785 9.759 9.700 9.988 9.934 9.662 9.630 9.603 9.511 1.795 9.220 9.810 9.412 6.923 6.908 9.649 8.676 9.915 9.900 9.905 9.916 9.848
6.653 8.572 5.239 0.000 5.257 8.485 8.471 8.454 8.428 7.332 8.968 8.996 6.979 7.478 2.379 9.215 9.253 8.659 8.529 8.483 0.000 0.000 0.000 6.157 0.000 0.000 0.000 3.954 0.000 6.809 6.758 0.000 3.593 3.684 2.411 4.384 4.121 4.056 0.000 0.000 0.000 0.000 0.000 0.000 0.000 0.000 0.000 0.000 0.000 0.000 0.000 0.000 9.618 9.908 9.907 9.937 9.807 10.001 9.770 9.749 9.698 9.678 9.566 0.000 9.827 9.823 9.887 9.905 10.028 10.024 10.013 9.990 3.962 9.899 9.962 0.000
8.568 8.595 8.923 5.543 8.643 8.601 6.030 0.000 6.672 8.621 8.552 9.023 0.000 6.815 6.781 5.919 9.307 9.096 0.000 0.000 0.000 0.000 0.000 6.253 0.000 0.000 6.265 6.958 6.988 6.864 6.676 5.550 4.375 4.775 4.566 4.429 3.203 2.615 0.000 0.000 0.000 0.000 0.000 0.000 0.000 0.000 0.000 0.000 0.000 0.000 9.681 9.861 9.170 9.930 9.816 9.946 10.005 10.011 9.416 9.731 9.540 0.000 0.000 9.830 9.848 9.837 3.977 10.067 10.060 10.044 9.967 9.923 9.715 9.926 9.986 0.000
6.186 9.173 9.425 9.470 8.833 8.321 0.000 0.000 0.000 8.711 8.496 9.042 0.000 6.775 6.296 0.000 9.326 9.360 0.000 0.000 0.000 0.000 0.000 7.990 8.908 8.767 8.737 4.299 7.212 7.191 0.000 5.467 4.853 4.813 0.000 4.380 4.320 2.384 0.000 0.000 0.000 0.000 6.691 0.000 0.000 0.000 0.000 0.000 0.000 6.984 9.724 9.928 9.935 9.946 9.954 9.962 10.012 10.018 9.612 9.661 9.484 9.472 9.460 1.514 9.997 10.117 10.109 10.098 10.059 10.055 10.067 10.050 9.855 0.000 10.005 10.046
0.000 0.000 9.204 9.483 9.498 5.069 9.024 9.177 0.000 8.785 8.725 9.119 0.000 0.000 5.627 5.518 9.418 9.388 0.000 0.000 9.231 9.228 9.160 9.132 8.938 6.095 5.434 7.502 7.471 0.000 0.000 4.292 1.809 4.519 4.452 4.198 2.849 2.775 0.000 0.000 0.000 0.000 6.716 7.049 0.000 0.000 7.104 0.000 0.000 0.000 9.612 8.410 0.000 9.645 9.362 9.881 9.985 10.034 9.896 9.870 0.000 9.701 0.000 10.180 10.037 10.128 10.119 0.000 9.287 9.322 10.100 9.919 10.083 9.173 10.076 10.064
9.343 9.417 9.440 9.495 9.507 9.564 9.579 9.595 9.080 8.847 8.993 9.313 8.924 8.849 0.000 8.045 9.437 9.503 9.251 9.199 9.358 9.250 9.228 8.353 4.924 7.534 7.861 7.544 7.205 0.000 0.000 4.203 3.985 4.456 4.353 3.379 3.291 2.483 0.000 0.000 0.000 0.000 0.000 7.115 0.000 7.348 7.209 0.000 0.000 0.000 9.595 0.000 0.000 0.000 0.000 9.656 9.988 10.083 7.510 0.000 0.000 10.089 10.107 10.190 10.180 10.152 9.731 10.024 10.034 10.101 10.112 10.123 10.180 10.101 10.088 10.075
0.000 0.000 0.000 0.000 0.000 4.270 0.000 9.608 0.000 8.407 9.389 9.342 9.178 8.871 0.000 0.000 0.000 9.546 9.527 9.429 9.415 7.915 8.966 8.331 8.301 8.151 7.882 7.578 7.161 8.317 7.587 0.000 1.359 3.719 3.573 3.499 3.404 0.000 0.000 0.000 0.000 0.000 0.000 7.200 7.360 7.433 0.000 8.511 0.000 9.437 9.496 0.000 0.000 0.000 9.609 9.720 10.031 10.131 10.140 10.159 10.153 0.000 10.263 10.218 10.172 0.000 10.034 9.444 10.021 9.922 10.122 10.180 10.196 10.170 9.494 9.428
9.927 9.859 9.846 9.826 9.651 9.471 9.496 9.639 9.624 8.490 9.420 0.000 9.080 8.951 0.000 0.000 0.000 9.577 9.267 0.000 9.396 3.437 8.936 8.907 6.322 7.886 6.476 0.000 8.421 8.388 0.000 8.411 0.000 3.658 3.569 0.000 0.000 0.000 8.182 0.000 0.000 0.000 0.000 0.000 7.536 7.599 8.521 2.393 9.259 9.276 0.000 0.000 0.000 9.868 3.647 6.769 10.126 10.139 10.147 10.165 10.155 10.265 10.273 0.000 7.206 10.129 10.180 10.163 10.137 10.117 10.184 10.197 10.209 10.181 0.000 1.385
9.945 9.927 9.767 9.808 9.762 9.741 9.730 9.661 9.629 9.479 9.452 0.000 9.053 8.954 0.000 0.000 0.000 9.808 9.601 0.000 3.828 6.105 4.315 8.878 8.224 8.163 0.000 8.438 8.475 8.512 7.146 8.770 8.753 0.000 0.000 0.000 0.000 8.145 8.921 8.821 7.768 0.000 0.000 0.000 0.000 8.215 7.667 0.000 9.242 3.634 0.000 0.000 9.896 10.047 9.795 10.066 10.096 8.172 10.168 10.243 0.000 10.224 10.330 10.343 10.352 0.000 10.011 0.000 10.087 10.101 10.196 10.208 10.219 10.236 10.207 0.000
9.854 0.000 0.000 0.000 0.000 0.000 0.000 0.000 0.000 0.000 8.469 0.000 8.831 8.883 0.000 3.293 5.040 9.835 9.812 0.000 0.000 6.142 7.162 5.692 8.158 0.000 7.990 8.307 0.000 8.707 0.090 8.788 0.000 8.815 8.091 0.000 0.000 8.052 8.977 8.894 8.780 8.049 0.000 0.000 0.000 8.259 8.206 0.000 9.051 9.038 0.000 0.000 10.099 10.066 10.112 10.085 10.070 10.066 0.000 10.249 10.274 10.220 4.664 10.352 10.400 10.451 10.462 0.000 0.000 2.693 10.190 10.234 10.277 10.283 10.231 5.649
10.080 10.010 9.991 9.969 9.955 9.929 9.878 0.000 7.474 8.383 8.417 0.000 8.743 8.852 0.000 6.061 0.000 9.860 9.849 0.000 0.000 0.000 7.200 7.240 7.281 7.654 7.957 0.000 8.714 8.779 8.795 8.811 0.000 8.944 7.468 7.062 0.000 0.000 9.027 8.982 8.064 8.872 9.080 0.000 8.280 8.311 0.000 9.084 5.092 0.000 10.078 10.099 10.112 10.126 10.123 10.127 3.866 10.017 10.177 10.190 10.284 10.323 10.330 10.368 2.173 10.461 10.469 10.493 10.514 0.000 0.000 10.297 10.326 10.319 10.354 0.000
10.094 0.000 9.869 0.000 0.000 0.000 9.865 9.842 0.000 8.339 7.049 0.000 8.705 7.134 0.000 6.088 5.214 9.946 0.000 9.930 0.000 0.000 0.000 7.168 0.000 7.622 0.000 8.348 8.399 8.747 8.773 8.870 8.884 9.064 0.000 0.000 9.077 9.102 9.124 0.000 9.359 9.332 9.127 8.160 2.834 8.706 9.372 9.112 8.609 0.000 0.000 10.017 10.127 10.134 10.186 10.134 3.275 10.116 0.000 10.283 10.298 10.334 10.343 10.378 10.387 10.407 5.868 10.485 10.542 10.585 10.597 2.352 9.025 10.373 10.398 10.476
10.107 9.713 9.854 9.758 9.205 9.159 0.000 9.088 0.000 8.394 7.063 0.000 8.535 0.000 6.645 6.628 0.000 9.982 0.000 9.944 0.000 0.000 0.000 0.000 0.000 0.000 8.127 8.151 8.569 8.651 8.731 8.654 0.000 9.077 9.091 0.000 0.000 0.000 9.347 9.368 5.843 0.000 0.000 8.097 8.042 0.000 4.082 9.371 0.000 10.106 10.118 10.135 0.000 10.185 10.195 0.000 10.369 1.222 10.277 10.287 10.309 10.334 10.363 10.376 10.387 10.448 10.454 10.515 7.969 10.592 10.611 10.621 10.645 2.935 10.428 10.490
9.980 9.890 0.000 9.744 9.482 9.464 9.274 9.112 8.378 8.469 7.393 5.245 8.116 0.000 6.664 0.000 0.000 10.018 9.987 9.962 0.000 0.000 0.000 0.000 0.000 0.000 7.781 8.430 8.480 8.033 8.678 8.584 8.123 0.000 9.167 9.183 9.198 0.000 0.000 6.386 6.145 9.525 9.539 0.000 0.000 9.596 9.587 0.000 0.000 9.877 2.007 10.151 10.164 10.173 10.216 10.368 10.375 10.381 0.000 0.000 0.000 0.000 0.000 10.393 10.369 10.451 10.457 10.552 10.505 10.575 10.469 10.623 10.683 10.712 10.693 8.110
9.537 0.000 9.674 9.725 8.723 9.379 9.358 9.335 0.000 8.364 7.439 3.824 8.090 5.472 6.679 0.000 0.000 10.057 10.053 10.014 0.000 0.000 0.000 0.000 0.000 0.000 0.000 8.075 7.260 8.242 8.622 8.154 8.049 0.000 9.098 9.145 9.208 9.250 9.317 0.000 0.000 4.979 9.635 9.650 9.682 9.665 2.090 9.330 0.000 9.818 0.000 0.000 0.000 10.206 10.274 10.215 10.256 10.397 10.416 10.410 10.413 10.405 10.419 10.406 10.389 0.000 6.009 10.568 10.578 10.649 10.652 10.639 0.000 10.721 10.710 10.694
9.622 9.460 9.659 9.497 9.291 0.000 9.125 0.000 0.000 8.369 7.527 7.060 7.447 7.417 7.383 0.000 8.983 10.084 10.064 10.030 0.000 0.000 0.000 0.000 0.000 0.000 0.000 0.000 7.938 7.971 8.216 8.117 0.000 9.029 9.065 9.108 0.000 1.253 9.329 9.503 9.537 9.552 4.844 9.665 9.697 0.000 9.338 0.000 10.152 10.170 10.061 9.988 0.000 10.281 10.282 10.245 10.249 10.382 10.423 10.429 10.433 10.456 10.473 10.398 10.448 10.456 10.562 10.619 10.462 10.658 10.661 10.594 4.073 10.808 0.000 10.678
9.603 9.458 0.000 0.000 9.240 9.203 9.105 8.690 0.000 8.412 7.480 5.244 0.000 7.376 0.000 0.000 6.096 8.297 10.109 10.041 0.000 0.000 0.000 0.000 0.000 0.000 0.000 0.000 0.000 0.000 7.121 0.000 0.000 0.000 0.000 5.930 8.741 9.062 0.000 5.344 9.526 9.639 9.652 9.693 9.712 10.102 0.000 10.152 10.170 10.180 0.000 0.000 10.281 10.287 10.333 10.338 10.347 10.421 10.447 10.476 10.481 10.499 10.522 10.476 10.494 10.442 10.605 10.641 10.649 10.670 10.674 10.717 10.684 10.815 10.705 10.830
0.000 9.444 9.477 0.000 9.193 9.141 8.973 8.770 0.000 8.452 7.404 0.000 0.000 6.753 0.000 10.177 10.187 10.161 10.120 10.109 0.000 0.000 0.000 0.000 0.000 0.000 0.000 0.000 0.000 0.000 0.000 0.000 0.000 0.000 0.000 8.256 0.000 9.085 9.150 9.247 0.000 9.344 0.000 0.000 10.098 10.126 10.149 10.165 10.179 10.191 10.268 10.274 10.278 10.369 10.374 10.410 10.420 10.428 10.420 10.464 10.476 10.470 10.527 10.558 10.565 10.596 10.634 10.640 10.672 10.678 10.718 10.725 10.792 10.827 10.842 10.839
0.000 9.282 9.595 9.585 0.000 9.080 8.978 8.922 8.533 8.497 7.241 7.223 5.866 0.000 0.000 0.000 10.194 0.000 0.000 0.000 0.000 0.000 0.000 0.000 0.000 0.000 0.000 0.000 0.000 0.000 7.983 8.464 8.480 8.464 0.000 8.130 8.092 5.523 9.022 9.166 9.058 0.000 9.801 9.808 9.896 9.907 2.889 10.093 10.166 7.819 4.691 10.291 10.317 0.000 10.374 10.426 10.433 10.443 10.428 1.858 2.967 10.494 10.505 10.577 10.562 10.568 10.579 10.610 10.681 10.711 10.722 10.779 10.813 10.823 10.863 10.879
0.000 0.000 9.609 9.689 0.000 0.000 0.000 8.710 0.000 0.000 0.000 0.000 5.937 0.000 0.000 10.339 10.330 0.000 0.000 0.000 0.000 0.000 0.000 0.000 0.000 0.000 0.000 0.000 0.000 0.000 7.972 0.000 8.566 7.897 7.919 0.000 8.040 8.092 0.000 3.405 0.000 0.000 0.000 9.800 9.753 0.000 0.000 10.147 10.156 10.230 10.249 10.262 10.340 10.345 10.368 10.298 3.497 10.449 10.483 10.493 10.500 10.466 0.000 10.585 10.671 10.604 10.681 10.706 10.629 10.691 10.712 10.694 10.800 10.742 10.799 10.800
0.000 0.000 0.000 9.708 9.724 9.707 1.693 0.000 0.000 0.000 0.000 10.461 0.000 0.000 0.000 10.448 0.000 10.491 10.485 10.351 0.000 0.000 0.000 0.000 0.000 0.000 0.000 0.000 7.755 7.835 0.000 8.531 8.589 8.045 8.005 0.000 0.000 8.039 7.551 0.000 9.148 0.000 9.631 9.647 9.733 9.780 3.551 10.143 10.150 10.156 10.264 10.273 10.280 0.000 10.285 10.415 10.426 10.435 0.000 4.417 10.535 10.542 10.574 10.458 10.683 10.595 10.695 10.715 10.702 10.734 10.653 10.683 10.503 10.746 10.755 0.000
0.000 9.770 0.000 0.000 7.111 0.000 9.272 0.000 0.000 0.000 0.000 10.481 10.493 10.472 0.000 10.462 10.431 10.543 10.486 0.000 0.000 0.000 0.000 0.000 0.000 9.874 9.811 0.000 0.000 5.800 0.000 8.571 8.824 8.598 0.000 8.652 0.000 0.000 0.000 9.281 9.093 9.445 9.618 9.627 4.778 0.000 10.044 10.062 10.139 10.149 7.136 5.772 10.381 10.360 10.344 0.000 0.000 10.427 10.429 10.440 0.000 0.000 10.587 10.595 10.695 10.695 10.710 10.740 10.656 10.742 10.750 10.608 10.678 10.714 0.000 11.038
10.050 10.033 0.000 9.992 9.972 9.950 0.000 0.000 0.000 0.000 0.000 0.000 10.524 0.713 0.000 10.471 0.000 10.554 0.000 0.000 0.000 0.000 9.847 9.843 0.000 9.880 0.000 8.496 8.571 8.594 8.724 8.703 8.877 8.496 8.557 8.694 0.000 9.105 9.280 9.296 9.309 9.436 9.414 9.451 0.000 5.086 10.059 10.097 10.111 10.237 10.248 10.343 10.398 0.000 10.439 10.427 10.271 2.753 0.000 10.448 10.555 10.570 10.584 10.600 10.731 10.665 10.826 10.819 10.812 10.873 10.757 10.516 10.671 0.000 11.065 11.047
9.948 9.879 1.152 10.632 0.000 0.000 0.000 0.000 10.561 4.274 10.595 0.000 7.590 10.525 10.528 10.534 10.590 10.570 0.000 0.000 0.000 0.000 1.091 9.873 0.000 9.923 8.930 0.000 8.496 0.000 8.857 0.000 8.924 8.621 8.794 8.720 9.153 9.172 0.000 3.195 9.372 9.302 5.364 0.000 0.000 9.998 10.051 10.037 9.352 10.219 10.233 8.661 10.409 10.441 10.447 10.427 1.924 10.446 10.454 10.463 0.000 0.000 10.571 10.502 10.774 10.735 10.868 10.825 10.786 10.905 10.615 10.591 0.000 11.122 11.099 11.063
9.885 0.000 2.215 10.641 10.650 10.643 0.000 1.650 10.617 10.609 10.602 0.403 5.775 1.255 10.537 0.000 10.603 10.599 0.000 0.000 10.254 10.194 10.168 1.635 0.000 9.933 9.046 9.155 10.008 9.192 8.887 8.843 8.969 8.902 8.843 0.000 8.423 9.264 9.388 9.464 9.394 9.360 9.297 0.000 9.805 9.993 3.045 5.554 10.072 3.148 10.218 10.220 10.443 10.450 10.456 10.490 10.500 10.459 2.972 10.507 10.520 10.521 2.441 10.571 10.788 10.606 10.899 10.944 10.951 10.921 10.904 0.000 11.084 11.133 11.122 0.000
0.000 10.631 10.641 10.647 10.695 0.000 0.000 10.641 10.622 0.000 0.000 0.000 10.621 0.000 5.762 0.000 10.621 10.610 5.100 10.422 10.356 1.679 10.138 0.000 0.000 10.200 10.070 10.213 10.115 10.118 9.080 8.745 9.153 9.226 9.296 0.000 0.000 0.000 8.814 9.477 9.518 8.678 0.000 0.000 9.968 9.974 3.949 10.069 10.078 10.117 10.188 8.971 6.424 10.431 10.490 10.499 10.506 10.537 10.497 10.518 10.531 10.530 10.719 10.527 10.800 10.843 10.936 10.944 10.987 11.014 7.416 11.129 11.144 11.163 0.000 11.174
10.611 10.619 0.000 10.755 10.740 0.000 10.742 10.742 0.000 10.724 0.000 0.000 10.630 10.635 4.934 0.923 10.633 0.000 10.537 10.509 2.889 10.132 2.549 0.000 0.000 10.217 10.230 10.249 10.039 10.200 9.081 8.686 8.267 8.823 9.442 9.224 9.529 9.501 9.690 9.711 9.684 0.000 9.781 9.913 9.959 9.900 9.921 10.059 10.065 0.000 10.229 1.486 10.227 4.047 3.652 10.563 10.614 10.619 5.045 5.026 10.554 10.716 10.733 10.746 10.604 10.860 10.785 10.812 10.651 11.026 11.127 11.144 11.159 11.172 11.188 11.203
10.623 0.000 10.776 10.775 0.857 2.058 10.775 10.757 10.664 10.759 10.799 10.779 0.000 10.672 1.561 3.400 10.668 0.000 10.569 10.521 10.473 10.440 0.000 0.000 0.000 10.075 9.049 10.268 9.408 10.224 8.522 9.563 8.648 8.999 9.495 9.228 9.585 9.754 9.711 9.731 0.000 0.000 9.899 9.938 9.948 6.005 10.023 10.050 10.055 10.223 10.235 10.263 10.270 10.298 10.385 1.443 10.565 10.659 10.620 10.486 10.544 10.504 0.000 10.843 10.860 10.912 10.626 10.832 11.114 11.085 11.078 0.000 11.162 11.193 11.231 11.195
10.633 10.777 10.789 1.445 0.964 1.699 1.034 1.034 10.757 10.799 2.174 10.829 0.000 10.685 0.000 10.690 10.681 10.659 10.587 10.565 6.545 2.638 10.446 0.000 0.000 10.006 0.000 10.323 10.143 10.308 8.594 9.677 9.701 10.217 9.899 9.756 9.553 9.769 0.000 9.821 0.000 1.390 9.898 9.906 9.286 10.004 10.019 10.039 2.201 10.212 10.070 10.271 6.425 10.423 10.390 10.450 2.998 10.665 10.700 10.638 10.541 10.532 10.515 2.119 10.801 10.936 10.910 11.119 11.131 11.120 0.000 11.107 11.197 11.210 11.243 11.258
10.246 0.000 10.803 1.722 2.364 10.833 0.000 1.462 0.000 0.000 3.272 10.843 10.738 10.696 0.000 10.715 0.000 3.098 10.694 10.668 10.605 1.381 10.411 0.000 0.000 8.857 0.000 10.360 10.335 10.422 10.454 9.666 10.258 10.238 9.979 0.000 0.000 10.383 10.334 10.244 10.077 0.000 9.879 9.893 4.842 10.024 10.041 10.037 10.174 10.078 10.325 10.280 10.352 10.456 10.395 10.454 10.512 1.762 10.707 10.565 10.779 9.123 5.077 7.035 11.019 11.045 11.072 11.007 11.143 0.000 11.078 11.209 11.240 11.257 11.264 11.270
10.733 10.750 0.386 4.656 10.892 3.346 10.933 10.945 0.285 0.500 10.981 0.000 10.779 10.765 10.783 10.789 0.816 10.693 2.167 2.787 10.670 10.658 10.607 0.000 0.000 0.000 10.360 10.400 10.426 10.453 10.486 10.459 10.428 9.816 9.800 9.999 10.412 10.483 10.375 10.357 10.328 0.000 9.873 9.884 10.026 10.040 10.055 10.072 10.273 10.292 10.377 4.248 10.459 10.468 10.476 10.456 10.520 10.767 10.776 10.782 10.828 10.789 10.935 10.943 10.998 11.084 11.098 10.888 11.151 2.986 11.174 11.259 11.251 11.257 11.280 11.314
10.724 0.247 10.902 10.937 10.918 10.914 10.947 10.974 10.925 10.971 10.987 7.951 1.027 0.000 1.082 1.142 10.787 1.496 4.241 10.733 10.715 0.000 10.595 0.000 0.000 0.000 10.179 10.307 5.597 10.499 10.513 10.488 9.714 0.000 1.310 10.522 10.500 10.508 10.455 10.386 10.432 0.000 0.000 6.259 9.878 9.919 4.997 10.203 10.104 10.492 10.417 10.251 10.367 10.380 10.540 10.556 5.678 6.246 10.573 10.561 10.834 10.903 10.918 11.011 11.074 11.092 11.126 11.072 11.166 11.056 11.155 11.270 11.278 11.270 11.331 11.327
