includes/overflow_coast_h/floodfiles/results/res.totaltm
ncols         906
nrows         631
xllcorner     362177.146670
yllcorner     6534722.565530
cellsize      20.000000
NODATA_value  -9999.000000
[rows 442 to 475 of 631, columns 152 to 227 of 906]
0.000 0.000 0.000 0.000 0.000 0.000 0.000 0.000 0.000 0.000 0.000 0.000 0.000 0.000 0.000 1.366 1.699 0.858 3.166 11.454 11.468 11.489 11.531 1.517 1.963 2.198 2.329 11.720 11.827 11.863 11.854 11.874 11.883 11.866 11.874 11.861 11.893 11.885 11.875 11.854 11.817 11.820 11.883 11.871 11.830 11.877 11.877 11.881 11.886 11.887 11.930 11.984 1.700 6.836 13.544 13.553 13.580 6.910 7.042 13.162 13.154 5.998 5.841 5.796 13.556 13.537 13.534 13.525 13.515 13.503 13.503 13.490 11.617 13.465 13.455 8.886
0.000 0.000 0.000 0.000 0.000 0.000 0.000 0.000 0.000 0.000 0.000 0.000 0.000 0.000 0.000 1.711 4.252 1.683 11.452 11.467 11.490 11.541 11.598 11.620 2.854 1.531 1.752 2.111 11.826 11.884 11.898 11.891 11.892 11.892 11.911 11.896 11.921 11.887 11.869 11.861 11.843 11.824 11.893 11.747 11.841 11.885 11.882 11.886 11.898 11.910 11.933 11.983 11.998 12.011 5.698 13.595 13.588 13.134 13.119 13.200 13.192 11.427 10.105 13.575 13.568 13.560 13.542 13.538 10.441 11.178 13.512 11.458 12.424 11.230 13.461 13.449
0.000 0.000 0.000 0.000 0.000 0.000 0.000 0.000 0.000 0.000 0.000 0.000 0.659 1.214 1.633 3.439 10.543 11.422 11.450 11.497 11.523 11.560 2.193 11.642 11.621 11.578 2.410 2.825 11.778 11.899 11.951 11.951 11.921 11.924 11.923 11.891 11.938 11.910 11.883 11.867 11.784 11.901 11.915 11.684 11.870 11.892 11.896 11.904 11.918 11.932 11.948 11.945 11.984 0.463 4.113 13.601 13.593 13.228 13.218 13.209 13.199 13.189 13.183 13.583 13.567 13.577 13.556 12.826 13.546 13.414 13.520 11.736 11.817 13.485 13.466 13.455
0.000 0.000 0.000 0.000 0.000 0.000 0.000 0.000 0.000 0.000 0.000 0.000 1.867 1.007 1.437 1.520 11.361 0.753 3.769 1.755 11.488 1.322 11.794 11.715 2.245 3.185 1.570 1.864 11.743 11.967 11.981 11.973 11.947 11.940 11.963 11.893 11.952 11.939 11.912 11.816 11.752 11.906 11.930 5.334 11.921 11.916 11.920 11.915 11.932 11.959 11.971 11.983 11.991 1.288 4.038 13.622 13.611 13.383 13.365 13.349 13.331 13.313 13.595 13.591 13.601 13.587 13.565 13.575 13.553 13.479 13.395 11.894 11.468 8.373 7.412 13.464
0.000 0.000 0.000 0.000 0.000 0.000 0.000 0.000 0.000 0.000 10.892 2.678 10.997 1.130 0.556 1.472 11.347 0.525 0.000 1.994 1.091 11.841 11.831 3.709 2.074 2.032 2.377 2.577 4.026 11.985 12.001 11.998 11.956 11.950 11.972 11.890 11.963 11.988 11.927 11.785 11.739 11.740 11.941 3.428 11.930 11.970 11.954 11.947 11.979 11.970 11.984 11.993 12.004 12.019 5.099 13.627 13.622 13.502 13.488 13.479 13.467 13.452 13.610 13.608 13.615 13.604 13.596 13.584 13.557 13.555 13.524 12.485 12.162 13.512 11.069 13.479
0.000 0.000 0.000 0.000 0.000 0.000 0.000 10.777 0.599 1.877 0.955 11.033 11.076 11.117 1.995 1.733 0.472 0.000 1.404 3.455 11.863 11.863 11.852 3.807 2.381 3.108 2.697 1.609 2.003 12.001 12.019 12.019 12.005 12.005 12.006 12.002 12.005 12.003 12.001 11.974 11.854 11.830 11.949 11.832 12.005 12.005 12.003 11.977 11.999 11.839 11.998 12.007 12.015 8.911 13.658 13.670 13.665 13.596 13.588 13.579 13.570 13.558 13.638 13.608 13.632 13.611 13.598 13.590 12.725 13.562 13.555 12.409 9.209 13.511 11.392 11.093
0.000 0.000 0.000 0.000 0.000 10.742 3.484 3.319 10.875 10.892 10.916 10.952 0.798 0.553 0.000 0.000 0.000 0.475 6.816 11.900 11.871 11.888 11.892 11.881 11.857 11.873 1.738 1.307 0.918 12.015 11.587 11.642 12.015 12.021 12.022 12.022 12.021 12.022 12.021 12.022 12.021 12.022 12.022 12.021 12.021 12.021 12.022 12.022 12.016 12.021 12.020 12.021 12.021 5.401 13.665 13.678 13.673 13.668 13.662 13.655 13.649 13.682 13.648 13.656 13.640 13.631 13.226 13.595 13.601 13.593 12.300 12.377 9.721 12.250 7.349 10.995
0.000 0.000 0.000 10.639 10.676 10.688 1.163 0.784 10.862 10.877 0.005 0.430 0.540 0.492 0.000 0.000 0.475 2.545 3.333 11.905 11.899 11.892 11.970 11.990 11.903 11.918 3.225 7.120 4.306 5.835 10.519 13.040 6.342 8.353 8.424 8.410 8.309 8.298 8.276 8.226 8.287 8.217 8.193 8.210 8.194 8.243 8.253 8.242 8.248 8.274 8.231 8.210 5.368 14.038 14.144 14.028 14.118 14.090 14.041 13.968 13.895 13.910 13.676 13.666 13.645 13.630 13.625 13.614 13.607 13.600 13.565 13.556 9.682 13.526 10.726 10.883
0.000 0.000 0.000 10.675 10.714 10.743 10.864 10.894 10.932 0.000 0.000 0.000 0.000 0.323 1.142 1.526 3.755 4.216 11.901 11.926 11.891 12.004 12.007 12.006 12.007 12.009 12.018 4.589 7.205 8.575 13.144 13.532 10.070 13.501 11.720 11.720 13.432 13.173 13.010 13.524 10.930 13.416 13.508 12.479 13.555 13.206 13.569 13.584 13.597 11.279 13.195 12.855 11.822 14.106 14.162 14.500 14.500 14.500 14.500 14.500 14.500 14.089 13.684 13.667 13.656 13.651 13.637 9.571 13.598 9.627 13.571 11.518 13.545 12.482 13.523 11.112
0.000 0.000 0.000 10.814 10.891 10.877 10.918 10.931 0.654 0.000 0.000 0.000 0.000 1.161 2.664 6.720 11.912 12.001 12.002 12.020 12.019 12.021 12.023 12.022 12.021 12.019 5.068 8.067 9.668 7.185 13.560 13.550 7.662 13.538 10.360 12.989 13.575 12.524 13.547 13.545 13.540 13.535 13.522 13.525 13.549 13.556 6.678 13.633 13.643 13.808 13.719 10.396 13.956 14.500 14.500 14.500 14.500 14.500 14.500 14.500 14.500 14.130 14.080 13.690 13.677 13.658 11.746 11.205 13.604 13.588 13.481 13.570 13.563 13.540 9.530 7.178
0.000 10.054 10.164 10.898 10.935 0.000 0.720 0.000 0.473 4.172 4.158 3.981 5.290 12.017 12.019 12.022 12.022 12.021 12.016 8.416 6.854 5.931 5.931 5.909 5.895 4.609 13.583 7.607 13.593 13.595 13.584 7.110 7.172 13.547 7.211 13.576 13.597 13.587 13.577 13.569 5.044 13.525 13.520 13.518 6.205 13.548 7.091 7.589 14.058 13.932 7.961 8.846 13.262 14.500 14.500 14.500 14.500 14.500 14.500 14.500 14.164 14.115 14.094 13.684 13.665 13.658 13.008 13.631 13.607 13.419 13.588 10.372 10.141 8.051 13.528 13.519
10.921 10.938 10.941 10.946 0.653 0.989 0.719 0.780 0.487 6.990 7.381 6.738 6.355 4.778 5.998 5.935 5.907 5.924 4.739 10.836 11.443 13.632 10.396 13.172 12.204 13.634 8.322 13.641 9.074 13.631 13.600 13.614 7.431 12.716 12.807 7.778 13.605 5.262 5.369 5.484 5.635 13.516 13.508 13.500 6.507 6.980 7.486 7.923 14.085 8.051 9.880 11.991 14.212 14.500 14.500 14.500 14.500 14.500 14.500 14.500 14.154 14.114 14.073 14.008 14.500 13.663 10.697 13.626 13.340 8.614 9.696 9.226 9.768 9.573 9.578 13.530
0.517 10.971 10.972 0.306 0.464 0.500 7.694 8.763 7.972 7.806 10.015 9.043 8.794 4.285 9.860 11.640 13.652 10.556 10.812 13.651 13.671 10.943 13.683 9.475 13.644 13.657 13.678 12.106 13.649 13.644 13.417 11.711 7.684 13.659 13.624 13.655 13.652 13.623 13.617 13.608 6.424 6.531 6.642 6.836 6.974 7.374 7.819 8.610 14.500 14.500 14.500 14.500 14.500 14.500 14.500 14.500 14.500 14.500 14.500 8.603 14.500 14.131 12.928 13.942 10.541 10.554 14.500 13.624 11.653 13.605 9.567 9.011 13.576 9.218 13.549 13.537
0.353 0.346 0.350 0.385 8.252 13.874 8.088 13.942 12.464 7.805 8.740 13.673 13.658 13.648 13.641 13.668 12.390 8.884 13.572 7.754 13.641 13.739 13.713 8.776 13.687 12.927 13.688 13.679 13.674 13.684 13.695 13.555 13.166 13.673 13.661 13.668 13.661 13.648 6.801 6.950 13.662 7.227 14.031 11.096 7.646 7.793 8.442 9.322 14.500 14.500 14.500 14.500 14.500 14.500 14.500 14.500 14.500 14.500 14.500 14.500 14.500 13.304 12.844 9.665 10.712 8.914 13.659 13.644 11.483 8.170 9.633 11.784 10.564 13.575 13.565 13.550
0.265 7.605 13.713 8.959 13.878 12.786 14.000 13.977 13.760 13.747 13.709 13.699 13.677 6.711 13.634 6.512 11.891 8.790 12.624 7.958 11.288 13.755 7.882 8.774 8.019 13.734 13.706 13.697 8.021 13.702 12.423 13.829 13.899 6.902 7.020 13.677 13.702 7.364 7.552 7.689 8.075 8.029 8.062 9.090 9.243 9.178 9.237 14.500 14.500 14.500 14.500 14.500 14.500 14.500 14.500 14.500 14.500 14.500 14.500 14.500 12.080 13.266 14.500 12.317 13.910 13.840 13.666 10.397 13.650 7.814 13.620 13.611 13.596 13.584 7.837 8.876
5.219 5.486 6.250 13.732 13.833 8.124 14.040 13.337 14.064 7.716 13.733 13.715 7.270 13.595 6.961 9.919 14.031 14.060 12.482 14.012 14.037 14.055 13.765 13.974 13.817 13.759 13.735 13.721 13.699 7.160 9.081 7.371 14.031 7.598 7.756 8.055 13.711 14.185 12.263 10.089 9.547 9.335 9.343 10.501 14.500 14.500 14.500 14.500 14.500 14.500 14.500 14.500 14.500 14.500 14.500 14.500 14.500 14.500 14.500 14.500 14.500 12.528 7.946 14.164 14.119 13.678 13.853 13.741 13.657 13.649 13.635 10.215 8.189 13.585 13.576 13.567
5.300 5.884 13.531 7.416 7.984 8.727 13.542 14.171 14.143 8.234 8.114 7.849 7.772 7.771 13.668 7.400 7.494 14.094 8.031 8.610 8.888 14.114 14.148 7.556 7.437 13.890 7.528 7.655 7.764 7.900 8.042 8.132 13.831 12.277 11.014 9.963 14.500 14.500 14.500 14.500 14.500 14.500 14.500 14.500 14.500 14.500 14.500 14.500 14.500 14.500 14.500 14.500 14.500 14.500 14.500 14.500 14.500 14.500 14.500 14.500 14.500 14.500 8.533 14.500 11.308 11.132 13.878 13.679 13.659 13.652 12.960 13.620 13.608 8.573 13.582 9.888
5.496 6.296 6.920 8.546 8.723 9.292 13.626 14.438 14.500 9.188 8.772 8.453 8.149 8.109 8.137 8.003 7.980 14.199 8.099 8.580 8.977 14.175 14.180 8.441 8.076 13.933 13.918 11.105 9.721 9.280 9.218 9.255 14.171 13.771 12.938 12.396 14.500 14.500 14.500 14.500 14.500 14.500 14.500 14.500 14.500 14.500 14.500 14.500 14.500 14.500 14.500 14.500 14.500 14.500 14.500 14.500 14.500 14.500 14.500 14.500 14.500 8.511 14.500 14.500 9.976 13.908 14.500 13.885 8.783 9.098 13.636 13.627 13.612 13.603 13.590 13.579
5.895 6.588 7.304 7.949 9.241 9.383 13.057 14.129 14.500 13.847 9.246 9.124 9.070 8.630 8.613 8.704 9.036 12.682 10.499 9.681 9.529 14.500 14.500 9.267 9.167 14.500 14.500 13.824 11.746 10.654 10.291 14.500 14.500 14.500 14.500 14.500 14.500 14.500 14.500 14.500 14.500 14.500 14.500 14.500 14.500 14.500 14.500 14.500 14.500 14.500 14.500 14.500 14.500 14.500 14.500 14.500 14.500 14.500 14.500 14.500 14.500 14.500 14.500 14.500 9.522 8.544 13.995 14.500 13.808 13.769 13.646 11.979 13.616 7.926 13.584 13.574
6.306 6.957 7.651 8.686 9.325 9.475 12.554 13.772 14.500 14.341 12.932 9.378 9.261 9.150 9.253 9.266 9.292 12.064 11.143 10.277 9.841 14.090 14.500 14.500 11.922 14.500 14.500 14.500 14.500 14.500 14.500 14.500 14.500 14.500 14.500 14.500 14.500 14.500 14.500 14.500 14.500 14.500 14.500 14.500 14.500 14.500 14.500 14.500 14.500 14.500 14.500 14.500 14.500 14.500 14.500 14.500 14.500 14.500 14.500 14.500 14.500 14.500 14.500 12.469 14.500 14.048 14.500 13.973 7.988 7.983 7.708 13.625 13.616 13.609 13.588 13.583
6.601 7.318 7.995 9.160 9.435 9.566 12.158 13.406 14.392 14.389 13.797 12.330 9.513 9.361 9.503 9.553 9.594 12.463 12.433 11.879 12.427 14.500 14.500 14.500 14.500 14.500 14.500 14.500 14.500 14.500 14.500 14.500 14.500 14.500 14.500 14.500 14.500 14.500 14.500 14.500 14.500 14.500 14.500 14.500 14.500 14.500 14.500 14.500 14.500 14.500 14.500 14.500 14.500 14.500 14.500 14.500 14.500 14.500 14.500 14.500 14.500 14.500 14.500 12.003 14.142 14.118 14.063 9.121 8.348 8.441 7.867 11.996 7.971 13.614 13.605 10.289
6.974 7.668 8.722 9.416 9.562 9.668 11.826 13.079 14.055 14.192 14.050 13.301 12.383 9.689 9.912 10.290 10.278 14.499 14.392 13.557 12.855 14.500 14.500 14.500 14.500 14.500 14.500 14.500 14.500 14.500 14.500 14.500 14.500 14.500 14.500 14.500 14.500 14.500 14.500 14.500 14.500 14.500 14.500 14.500 14.500 14.500 14.500 8.598 14.500 14.500 14.500 14.500 14.500 8.521 14.500 14.500 14.500 14.500 14.500 14.500 14.500 14.500 14.500 14.500 14.500 11.480 8.452 13.919 13.891 7.727 8.106 13.658 8.613 7.752 7.736 13.609
7.630 8.015 9.168 9.617 9.694 9.771 11.529 12.991 14.352 14.500 14.500 14.500 14.238 13.403 11.842 10.931 10.596 14.377 14.386 13.953 13.260 14.500 14.500 14.500 14.500 14.500 14.500 14.500 14.500 14.500 14.500 14.500 14.500 14.500 14.500 14.500 14.500 14.500 14.500 14.500 14.500 14.500 14.500 14.500 14.500 14.500 14.500 14.500 14.500 14.500 14.500 14.500 14.500 14.500 14.500 14.500 8.594 14.500 14.500 14.500 14.500 14.500 14.500 14.500 13.265 14.111 14.500 10.384 8.044 13.684 8.319 13.667 8.267 8.532 7.808 13.618
8.971 9.099 9.402 9.761 9.849 9.953 13.066 14.500 14.500 14.500 14.500 14.500 14.435 14.121 13.407 12.057 11.184 14.069 14.326 14.120 13.583 14.500 14.500 14.500 14.500 14.500 14.500 14.500 14.500 14.500 14.500 14.500 14.500 14.500 14.500 14.500 14.500 14.500 14.500 14.500 14.500 14.500 14.500 14.500 14.500 14.500 14.500 14.500 14.500 14.500 14.500 14.500 14.500 14.500 14.500 14.500 14.500 14.500 14.500 14.500 14.500 14.392 13.623 13.065 9.997 8.850 14.031 14.500 13.688 13.857 13.803 13.681 7.882 7.750 13.652 8.856
9.456 9.621 9.858 10.206 10.300 10.384 13.015 14.500 14.500 14.500 14.500 14.500 14.500 14.408 14.099 13.364 12.138 13.731 14.225 14.159 13.805 14.500 14.500 14.500 14.500 14.500 14.500 14.500 14.500 14.500 14.500 14.500 14.500 14.500 14.500 14.500 14.500 14.500 14.500 14.500 14.500 14.500 14.500 14.500 14.500 14.500 14.500 14.500 14.500 14.500 14.500 14.500 14.500 14.500 8.447 14.500 14.500 8.477 14.500 14.500 14.500 14.370 14.051 13.556 12.436 8.858 8.323 14.048 13.993 8.438 10.185 8.263 8.139 8.007 13.661 8.730
11.199 10.494 10.100 10.418 10.526 10.604 12.711 14.387 14.500 14.500 14.500 14.500 14.500 14.500 14.393 14.081 13.310 13.718 14.106 14.152 13.933 14.464 14.500 14.500 14.500 14.500 14.500 14.500 14.500 14.500 14.500 14.500 14.500 14.500 14.500 14.500 14.500 14.500 14.500 14.500 14.500 14.500 14.500 14.500 14.500 14.500 14.500 14.500 14.500 14.500 14.500 14.500 14.500 14.500 14.500 14.500 14.500 14.500 14.500 14.500 14.500 14.411 8.565 8.467 13.061 9.872 12.852 14.500 7.837 8.673 10.701 8.674 8.112 13.690 13.668 13.658
11.191 10.584 10.385 10.525 10.771 10.830 12.476 14.164 14.500 14.500 14.500 14.500 14.500 14.500 14.498 14.379 14.069 14.048 14.117 14.156 14.028 14.411 14.500 14.500 14.500 14.500 14.500 14.500 14.500 14.500 14.500 14.500 14.500 14.500 14.500 14.500 14.500 14.500 14.500 14.500 14.500 14.500 14.500 14.500 14.500 14.500 14.500 14.500 14.500 14.500 14.500 8.600 14.500 14.500 14.500 14.500 14.500 14.500 14.500 14.500 14.500 14.500 13.333 8.563 14.500 14.483 14.431 8.219 12.867 11.641 12.277 14.108 10.820 13.755 13.676 13.633
11.181 10.566 10.549 10.651 10.846 11.076 12.318 13.915 14.487 14.500 14.500 14.500 14.500 14.500 14.500 14.496 14.368 14.357 14.303 14.244 14.164 14.495 14.500 14.500 14.500 14.500 14.500 14.500 14.500 14.500 14.500 14.500 14.500 14.500 14.500 14.500 14.500 14.500 14.500 14.500 14.500 14.500 14.500 14.500 14.500 14.500 14.500 14.500 14.500 14.500 14.500 14.500 8.493 14.500 14.500 14.500 14.500 14.500 14.500 14.500 14.500 8.406 13.551 12.182 8.544 14.500 14.191 12.962 13.177 10.085 9.623 8.885 8.475 13.844 13.755 10.286
11.175 10.476 10.610 10.748 10.924 11.154 12.452 13.717 14.419 14.500 14.500 14.500 14.500 14.500 14.500 14.500 14.493 14.456 14.482 14.415 14.399 14.500 14.500 14.500 14.500 14.500 14.500 14.500 14.500 14.500 14.500 14.500 14.500 14.500 14.500 14.500 14.500 14.500 14.500 14.500 14.500 14.500 14.500 14.500 14.500 14.500 14.500 14.500 14.500 14.500 14.500 14.500 14.500 14.500 14.500 14.500 14.500 14.500 14.500 14.500 8.560 8.408 13.930 13.810 14.268 14.500 13.881 12.843 8.543 11.305 10.633 8.810 14.081 13.901 13.855 8.380
11.170 10.489 10.675 10.834 11.004 11.213 12.178 13.800 14.346 14.500 14.500 14.500 14.500 14.500 14.500 14.500 14.500 14.500 14.500 14.500 14.500 14.500 14.500 14.500 14.500 14.500 14.500 14.500 14.500 14.500 14.500 14.500 14.500 14.500 14.500 14.500 14.500 14.500 14.500 14.500 14.500 14.500 14.500 14.500 14.500 14.500 14.500 14.500 14.500 14.500 14.500 14.500 14.500 14.500 14.500 14.500 14.500 14.500 14.500 14.500 13.899 13.925 14.081 14.191 14.373 14.424 13.606 12.698 11.785 11.577 8.314 9.773 14.500 14.000 8.749 7.897
11.078 10.848 10.869 10.962 11.100 11.281 11.873 13.515 14.393 14.500 14.500 14.500 14.500 14.500 14.500 14.500 14.500 14.499 14.464 14.500 14.500 14.500 14.500 14.500 14.500 14.500 14.500 14.500 14.500 14.500 14.500 14.500 14.500 14.500 14.500 14.500 14.500 14.500 14.500 14.500 14.500 14.500 14.500 14.500 14.500 14.500 14.500 14.500 14.500 14.500 14.500 14.500 14.500 14.500 14.500 14.500 14.500 14.500 8.568 14.500 14.126 14.124 14.220 14.294 14.337 14.261 13.381 12.536 8.505 8.322 14.500 8.527 14.500 14.500 9.030 14.500
10.835 10.887 10.969 11.073 11.200 11.359 11.727 12.875 14.336 14.500 14.500 14.500 14.500 14.500 14.500 14.500 14.500 14.500 14.500 14.500 14.500 14.500 14.500 14.500 14.500 14.500 14.500 14.500 14.500 14.500 14.500 14.500 14.500 14.500 14.500 14.500 14.500 14.500 14.500 14.500 14.500 14.500 14.500 14.500 14.500 14.500 14.500 14.500 14.500 14.500 14.500 14.500 14.500 14.500 14.500 14.500 14.500 14.500 14.500 14.500 14.374 14.433 14.500 14.500 14.405 14.155 13.776 12.397 8.914 14.500 9.416 10.059 14.176 14.144 14.500 14.061
10.657 10.889 11.030 11.158 11.288 11.435 11.621 12.030 12.832 13.522 14.019 14.356 14.491 14.500 14.500 14.500 14.500 14.500 14.500 14.500 14.500 14.500 14.500 14.500 14.500 14.500 14.500 14.500 14.500 14.500 14.500 14.500 14.500 14.500 14.500 14.500 14.500 14.500 14.500 14.500 14.500 14.500 14.500 14.500 14.500 14.500 14.500 14.500 14.500 14.500 14.500 14.500 14.500 14.500 14.500 14.500 14.500 14.500 14.500 14.500 14.472 14.464 14.446 8.498 14.500 14.500 8.498 12.652 10.902 8.862 14.500 14.500 14.500 9.141 14.500 7.974
10.984 11.016 11.055 11.133 11.229 11.303 11.496 11.804 12.464 13.963 13.394 14.154 14.428 14.500 14.500 14.500 14.500 14.500 14.500 14.500 14.500 14.500 14.500 14.500 14.500 14.500 14.500 14.500 14.500 14.500 14.500 14.500 14.500 14.500 14.500 14.500 14.500 14.500 14.500 14.500 14.500 14.500 14.500 14.500 14.500 14.500 14.500 14.500 14.500 14.500 14.500 14.500 14.500 14.500 14.500 14.500 14.500 14.500 14.500 14.500 14.500 14.461 14.341 11.058 8.601 14.500 14.500 14.500 14.500 14.500 14.500 8.409 14.500 13.346 8.549 8.541
