includes/overflow_coast_h/floodfiles/results/res.max
ncols         906
nrows         631
xllcorner     362177.146670
yllcorner     6534722.565530
cellsize      20.000000
NODATA_value  -9999.000000
[rows 476 to 509 of 631, columns 231 to 307 of 906]
3.940 3.920 3.900 4.342 3.950 3.910 3.970 3.960 3.790 3.880 3.960 3.880 4.380 4.393 4.406 4.419 4.431 4.444 4.009 4.445 4.437 4.433 4.428 3.929 3.968 3.988 3.878 4.028 3.988 4.395 3.957 4.385 3.987 3.996 3.976 3.936 3.906 3.925 3.915 3.785 3.845 4.257 4.244 4.014 3.824 3.863 3.653 3.743 3.733 3.513 3.533 3.692 3.682 3.583 3.553 3.383 1.173 1.174 1.175 1.176 1.176 1.176 1.176 1.177 1.546 0.000 0.000 0.000 0.000 0.000 0.000 0.000 0.000 0.000 0.000 0.157 0.785
4.406 3.870 3.940 3.910 3.990 3.910 4.000 3.980 4.339 4.352 3.970 4.379 4.391 4.405 3.989 4.430 4.443 4.456 4.469 3.989 4.480 4.028 3.988 4.465 4.028 4.018 4.451 3.847 3.957 4.437 3.887 4.428 3.896 3.856 4.392 3.906 4.015 3.885 3.935 3.764 4.312 4.299 4.286 3.854 3.783 3.723 3.593 3.663 3.592 3.672 3.582 3.622 3.712 3.592 3.632 3.542 1.172 0.323 0.384 0.165 0.000 0.000 0.000 0.000 0.000 0.000 0.000 0.000 0.000 0.000 0.000 0.000 0.000 0.000 0.089 0.887 0.856
4.422 3.909 3.919 3.859 3.939 3.969 3.979 3.949 4.351 3.879 3.929 3.839 4.403 4.416 4.429 4.442 4.455 4.019 3.969 3.998 4.487 4.517 4.512 4.508 4.503 4.498 3.957 3.987 4.484 4.479 4.016 4.470 3.986 3.946 3.955 4.015 3.855 3.795 3.934 3.934 4.355 4.341 4.328 3.783 3.753 3.782 3.792 3.712 3.722 3.782 3.651 3.641 3.591 3.631 3.421 3.461 1.171 1.171 0.082 0.000 0.000 0.000 0.000 0.000 0.000 0.000 0.000 0.000 0.000 0.000 0.000 0.000 0.000 0.000 0.348 0.757 0.637
4.029 3.919 3.969 4.390 3.899 3.879 3.979 3.949 3.939 3.919 3.879 3.899 3.919 3.929 4.441 4.009 4.453 4.441 4.429 4.432 4.463 4.495 4.527 4.550 4.545 4.540 4.536 4.531 4.526 4.521 4.517 4.512 4.504 3.965 4.477 3.965 3.854 4.437 4.424 4.410 4.397 4.003 3.963 3.943 3.742 3.832 3.792 3.751 3.671 3.671 3.661 3.591 3.570 3.580 3.500 3.450 2.050 1.170 0.271 0.000 0.000 0.000 0.000 0.000 0.000 0.000 0.000 0.000 0.000 0.000 0.000 0.000 0.000 0.000 0.000 0.000 0.400
3.819 3.939 3.859 3.899 3.899 3.919 3.919 3.929 3.929 3.978 3.898 3.878 3.808 3.948 3.958 3.938 3.988 4.018 4.409 4.408 4.440 4.471 4.503 4.535 4.566 4.582 3.996 4.573 4.568 4.563 4.015 4.554 4.546 4.533 4.014 3.914 4.493 4.479 4.466 4.450 4.417 3.803 3.752 3.882 3.872 3.752 3.741 3.931 3.621 3.580 3.670 3.650 3.630 3.500 3.479 3.499 3.349 1.169 0.014 0.000 0.000 0.000 0.000 0.000 0.000 0.000 0.000 0.000 0.000 0.000 0.000 0.000 0.000 0.000 0.000 0.000 0.000
3.948 3.968 4.438 3.908 3.918 3.888 4.008 3.968 3.888 3.928 3.868 3.868 3.778 3.848 3.798 3.988 3.768 3.778 3.888 4.385 4.416 4.448 4.479 4.511 4.542 4.574 4.605 4.615 4.610 4.605 4.601 4.596 4.589 4.575 3.974 4.548 4.535 3.983 4.490 4.456 4.423 3.962 3.832 3.772 3.831 3.791 3.731 3.771 3.800 3.640 3.620 3.649 3.519 3.589 3.489 3.589 3.518 1.169 0.208 0.189 0.000 0.000 0.000 0.000 0.000 0.000 0.000 0.000 0.000 0.000 0.000 0.000 0.000 0.000 2.113 2.293 2.833
3.918 4.470 3.888 3.988 3.898 3.938 3.968 3.888 3.968 3.808 3.978 3.828 3.938 3.817 3.837 3.797 3.897 3.737 3.897 4.017 4.393 4.424 4.456 4.487 4.519 4.026 4.581 4.613 4.644 4.647 4.643 4.638 3.904 4.004 4.604 4.023 4.562 4.529 4.496 4.463 4.430 3.952 3.891 3.891 3.931 3.720 3.780 3.770 3.720 3.749 3.729 3.549 3.588 3.508 3.498 3.588 3.418 1.167 0.268 0.337 0.000 0.000 0.000 0.000 0.000 0.000 0.000 0.000 0.000 0.000 0.000 0.000 0.000 2.223 2.273 2.633 2.903
4.499 3.998 3.848 4.008 3.998 3.988 3.958 3.987 3.828 3.937 3.777 3.927 4.415 3.717 3.927 3.767 3.897 3.687 3.857 3.887 4.369 3.986 4.432 3.966 4.025 4.005 4.558 4.589 4.621 4.652 4.683 4.680 4.673 4.660 4.635 4.602 4.569 4.536 4.502 4.469 4.436 4.021 4.369 3.761 3.900 3.780 3.769 3.699 3.689 3.619 3.648 3.718 3.588 3.577 3.517 3.447 3.557 1.167 0.586 0.357 0.000 0.000 0.000 0.000 0.000 2.645 2.485 2.325 2.425 2.504 3.074 3.133 3.063 2.283 2.513 3.073 3.142
4.017 4.496 3.887 3.897 3.967 4.437 3.947 4.007 3.947 3.957 3.807 3.717 3.807 3.727 3.687 3.727 3.746 3.936 3.746 3.816 4.345 4.377 4.005 4.440 4.471 4.015 3.975 4.566 4.597 4.628 4.660 4.023 4.708 4.675 4.642 4.608 4.575 4.542 4.509 4.475 4.442 3.931 3.810 4.010 3.869 3.819 3.739 3.689 3.758 3.738 3.738 3.637 3.547 3.517 3.576 3.516 3.525 1.165 1.165 0.356 0.000 0.000 0.000 0.000 2.916 3.305 3.125 2.845 3.004 3.224 3.433 3.453 3.083 2.833 3.112 3.132 3.382
4.522 3.977 3.867 3.967 4.465 3.977 4.437 4.421 3.897 4.027 3.866 3.796 3.846 3.806 3.776 3.836 3.766 3.806 3.866 3.796 4.322 4.353 4.385 4.416 4.448 4.014 4.510 3.964 4.573 4.605 4.636 4.698 3.962 4.685 4.648 4.615 4.582 4.548 4.515 4.482 4.448 3.870 3.900 3.849 4.315 3.829 3.788 3.848 3.788 3.817 3.677 3.777 3.736 3.596 3.535 3.595 3.524 3.524 1.163 1.163 0.000 0.000 0.000 3.046 3.246 3.385 3.195 3.144 3.344 3.584 3.603 3.443 3.073 3.372 3.252 3.462 3.002
4.533 4.519 3.997 3.897 3.987 3.957 4.448 4.457 4.417 3.906 3.856 3.846 3.876 3.796 3.786 3.896 3.726 3.766 3.765 3.785 4.298 4.330 4.361 4.392 4.424 4.455 4.487 4.518 3.813 3.873 4.663 4.726 4.758 4.002 4.663 4.621 4.588 4.555 4.521 3.940 4.455 3.829 4.388 4.355 4.322 3.918 3.938 3.887 3.807 3.767 3.786 3.666 3.645 3.625 3.605 3.624 3.594 3.633 3.392 1.162 0.000 0.000 3.436 3.446 3.345 3.605 3.335 3.584 3.644 3.543 3.553 3.613 3.602 3.392 3.452 3.341 3.211
4.544 3.966 4.516 3.976 3.976 4.473 3.986 3.986 3.956 3.906 4.372 3.876 3.866 3.756 3.805 3.775 3.685 3.725 3.655 3.845 4.274 4.306 4.337 4.369 4.400 4.023 4.463 4.500 4.563 4.627 4.691 4.755 3.971 3.951 4.689 4.642 4.595 4.561 3.990 4.494 3.949 4.428 4.008 4.361 3.818 3.997 3.937 3.897 3.936 3.746 3.896 3.755 3.675 3.634 3.814 3.703 3.733 3.642 3.561 3.070 0.749 3.547 3.776 3.556 3.715 3.405 3.644 3.754 3.583 3.763 3.643 3.573 3.582 3.662 3.501 3.421 3.521
4.555 4.541 4.527 4.513 3.886 4.520 3.896 4.553 3.966 3.945 4.015 3.915 3.835 3.845 3.775 3.875 3.765 3.685 3.664 3.764 4.251 4.282 3.983 3.903 4.376 3.933 4.464 4.528 4.592 4.655 4.719 4.783 4.810 4.010 4.010 4.668 4.621 4.574 4.534 3.879 4.467 3.898 3.988 4.017 4.334 3.847 3.846 3.956 3.906 3.875 3.865 3.745 3.804 3.754 3.673 3.842 3.771 3.591 3.290 3.399 3.388 3.707 3.826 3.755 3.825 3.745 3.834 3.744 3.663 3.693 3.642 3.612 3.572 3.541 3.371 3.541 3.651
4.567 4.006 4.006 4.535 3.935 4.569 4.025 4.602 3.875 3.955 3.875 3.865 3.805 3.695 3.844 3.734 3.834 3.664 3.704 3.684 3.993 4.259 3.903 3.962 4.365 4.429 4.492 4.556 4.620 4.684 4.748 4.811 4.836 4.010 4.741 4.694 4.647 4.600 4.552 3.948 4.474 3.937 4.407 3.947 3.757 3.856 3.976 3.856 3.845 3.895 3.944 3.884 3.953 3.863 3.942 3.823 3.771 3.421 3.230 3.489 4.008 3.767 4.006 3.895 3.895 3.904 3.894 3.733 3.623 3.683 3.662 3.592 3.632 3.341 3.771 3.661 3.590
4.578 4.564 3.965 3.995 4.600 4.617 4.633 3.935 3.985 3.995 4.534 3.785 3.785 3.924 3.764 3.644 3.754 3.814 3.683 3.713 3.953 4.235 4.266 3.892 4.393 3.931 3.951 4.584 4.648 4.712 4.776 4.840 4.862 4.019 4.767 4.720 4.673 4.625 4.578 4.018 4.484 3.917 4.016 4.006 3.766 3.966 3.845 3.875 3.954 3.964 3.964 3.903 3.971 3.962 3.876 3.811 3.611 3.260 3.499 3.958 3.977 3.697 3.936 3.895 3.915 3.894 3.794 3.713 3.813 3.782 3.682 3.652 3.711 3.591 3.621 3.601 3.590
4.589 4.599 4.615 4.632 4.648 4.665 4.681 4.698 4.688 4.638 3.854 3.834 3.864 4.014 3.874 3.873 3.763 3.813 3.843 3.752 3.932 3.972 4.294 4.358 4.422 4.485 3.941 4.613 4.677 4.740 4.804 4.868 4.887 4.840 4.793 4.746 4.699 4.651 4.604 4.557 4.510 3.846 4.420 3.946 3.955 3.885 3.965 4.213 3.964 4.119 3.973 4.028 3.997 3.965 3.933 3.831 3.710 3.889 3.979 3.777 3.749 3.754 3.916 3.915 3.694 3.784 3.714 3.793 3.723 3.662 3.742 3.751 3.631 3.721 3.691 3.801 3.640
4.630 3.974 4.004 4.680 4.696 4.004 3.984 4.746 4.742 3.914 3.934 3.854 3.904 3.853 3.793 3.863 4.344 3.762 3.922 4.199 4.002 3.981 4.322 4.386 3.960 3.980 3.940 4.000 4.705 3.999 4.019 4.896 4.913 4.866 4.819 4.772 4.725 4.677 4.630 4.583 4.016 4.489 4.441 3.935 4.015 3.904 4.004 4.224 4.193 4.161 4.130 4.098 4.067 4.011 3.901 3.800 4.009 3.909 3.877 3.849 3.821 4.006 3.830 3.855 3.774 3.804 3.753 3.803 3.793 3.712 3.732 3.621 3.701 3.711 3.721 3.670 3.790
4.678 4.695 4.711 4.024 4.744 4.761 4.777 4.794 4.796 3.903 3.963 3.893 3.713 4.547 4.498 3.752 4.002 4.348 4.012 3.811 4.299 3.961 4.351 4.414 3.980 4.000 3.889 4.669 4.733 4.797 3.978 4.924 4.939 4.892 4.845 4.798 4.751 4.703 4.656 4.609 4.015 4.515 3.965 3.954 4.384 4.004 4.326 4.294 4.263 4.232 4.200 4.169 4.137 4.105 3.970 3.939 4.011 3.979 3.949 3.922 3.894 3.996 3.935 3.765 3.834 3.784 3.743 3.713 3.782 3.882 3.652 3.692 3.981 3.711 3.761 3.641 3.790
4.726 4.743 4.759 4.776 4.792 4.809 4.825 4.842 4.850 3.973 4.751 4.701 4.022 4.601 4.002 3.972 4.022 3.911 3.671 3.961 4.397 4.419 4.440 4.461 4.506 3.919 3.899 3.978 3.908 4.825 4.889 4.953 4.965 4.918 4.871 4.824 4.777 4.729 4.682 4.005 4.588 4.541 4.505 4.474 4.443 4.423 4.396 4.365 4.333 4.302 4.270 4.239 4.207 4.176 3.980 4.112 4.081 4.050 4.022 3.917 3.966 3.916 3.855 3.985 3.854 3.804 3.753 3.803 3.802 3.772 3.762 3.722 3.781 3.681 3.821 3.691 3.710
4.774 4.791 4.808 4.824 4.840 4.857 4.873 4.890 4.904 4.854 4.805 4.755 4.002 4.655 4.606 4.574 3.941 3.941 4.001 3.950 3.970 4.516 3.999 3.979 4.580 4.601 4.662 4.008 4.789 4.853 4.917 4.981 4.991 4.944 4.897 4.850 4.803 4.755 4.708 4.661 3.994 4.594 4.563 4.532 4.503 4.482 4.461 4.435 4.403 4.372 4.341 4.309 3.730 4.246 4.214 4.183 4.151 4.122 4.007 4.007 3.956 3.895 3.875 3.845 3.804 3.844 3.863 3.833 3.882 3.822 3.842 3.972 3.871 3.861 3.801 3.811 3.870
4.796 4.828 4.856 4.872 4.889 4.905 4.922 4.938 4.954 4.908 4.859 4.809 4.759 4.712 4.692 3.891 4.000 4.633 4.614 4.594 4.593 4.614 4.636 3.988 4.678 4.699 4.721 4.754 4.818 4.882 4.945 5.009 5.017 4.970 4.923 4.876 4.829 4.781 4.746 4.715 4.684 4.653 4.621 4.590 4.562 4.541 4.521 4.500 4.474 4.442 4.411 4.379 4.010 4.316 4.285 4.253 4.222 4.195 4.167 3.976 3.986 3.815 3.985 3.864 3.854 3.864 3.863 4.155 3.642 3.852 3.892 4.234 3.981 3.871 4.294 3.960 3.860
4.810 4.842 4.875 4.907 4.937 4.953 4.970 4.986 5.002 4.962 4.913 4.863 4.830 4.810 4.791 4.771 4.752 4.732 4.712 4.693 4.691 4.712 4.733 4.755 3.997 4.797 4.819 4.840 4.861 4.910 4.973 5.037 5.043 4.996 4.949 4.902 4.867 4.836 4.804 4.773 4.742 4.711 4.679 4.648 4.621 4.601 4.580 4.559 4.538 4.513 4.481 4.450 4.418 4.387 4.355 4.324 4.295 4.007 3.917 3.966 3.996 4.156 3.905 3.994 3.864 3.873 3.923 3.643 3.862 3.882 3.922 4.291 4.311 4.331 4.350 3.990 3.890
4.825 4.857 4.889 4.921 4.954 4.986 5.018 5.034 5.050 5.017 4.968 4.948 4.929 4.909 4.889 4.870 4.850 4.831 4.811 4.791 4.789 4.810 4.831 4.853 4.874 4.895 4.916 4.938 4.959 4.981 5.002 5.066 5.069 5.022 4.987 4.956 4.925 4.894 4.863 4.831 4.800 4.769 4.737 4.706 4.680 4.660 4.639 4.619 4.598 4.577 4.551 4.520 4.489 4.457 4.426 4.395 4.367 3.927 3.977 3.946 3.965 4.229 3.985 3.844 3.994 3.903 3.903 3.853 3.962 3.952 3.922 3.981 3.961 3.991 4.394 3.860 3.900
4.839 4.871 4.904 4.936 4.968 5.000 5.032 5.064 5.096 5.086 5.066 5.047 5.027 5.008 4.988 4.969 4.949 4.929 4.910 4.890 4.887 4.908 4.929 4.951 4.972 4.993 5.015 5.036 5.057 5.079 5.100 5.121 5.108 5.077 5.045 5.014 4.983 4.952 4.921 4.889 4.858 4.827 4.796 4.764 4.740 4.719 4.698 4.678 4.657 4.636 4.616 4.590 4.559 4.527 4.496 4.467 4.440 4.412 4.384 4.356 4.329 3.935 3.964 3.984 4.004 3.923 4.306 4.326 3.902 4.365 3.961 4.405 4.424 3.981 3.840 3.950 3.890
4.853 4.886 4.918 4.950 4.982 5.014 5.046 5.079 5.131 5.157 5.165 5.146 5.126 5.107 5.087 5.067 5.048 5.028 5.009 4.989 4.985 5.006 5.027 5.049 5.070 5.091 5.112 5.134 5.155 5.176 5.198 5.219 5.193 5.136 5.103 5.072 5.041 5.010 4.979 4.948 4.916 4.885 4.854 4.823 4.799 4.778 4.758 4.737 3.950 4.696 4.675 4.654 4.629 4.598 4.567 4.540 4.512 4.484 4.457 4.006 3.995 3.985 3.904 3.894 4.324 3.823 4.363 4.382 4.002 4.422 4.442 4.461 4.463 4.461 4.459 4.457 3.959
4.868 4.900 4.932 4.964 4.997 5.029 5.069 5.123 5.177 5.204 5.214 5.225 5.225 5.205 5.186 5.166 5.147 5.127 5.107 5.088 5.083 5.104 5.126 5.147 5.168 5.189 5.211 5.232 5.253 5.274 5.295 5.316 5.288 5.231 5.175 5.130 5.099 5.068 5.037 5.006 4.974 4.943 4.912 4.881 4.858 4.837 4.817 4.796 4.775 4.755 4.734 4.714 4.693 4.668 4.640 4.612 4.584 4.557 4.529 4.502 4.474 4.446 4.418 4.003 3.893 3.982 4.419 4.439 3.991 4.479 4.498 4.497 4.495 4.493 4.491 4.489 4.487
4.882 4.914 4.946 4.979 5.011 5.060 5.114 5.168 5.222 5.251 5.261 5.271 5.282 5.292 5.285 5.265 5.245 5.226 5.206 5.186 5.181 5.202 5.224 5.245 5.266 5.287 5.309 5.329 5.350 5.371 5.392 5.413 5.383 5.326 5.270 5.213 5.157 5.126 5.095 5.064 5.033 5.001 4.970 4.939 4.917 4.897 4.876 4.855 4.835 4.814 4.793 4.773 4.755 4.754 4.720 4.684 4.657 4.629 4.602 4.574 4.546 4.519 3.934 4.463 3.973 4.457 4.476 4.496 4.516 3.991 4.531 4.529 4.527 4.525 4.523 4.522 4.520
4.896 4.929 4.961 4.998 5.052 5.106 5.160 5.214 5.267 5.297 5.307 5.318 5.328 5.338 5.349 5.359 5.344 5.324 5.305 5.285 5.279 5.300 5.321 5.343 5.364 5.385 5.406 5.427 5.448 5.468 5.489 5.510 5.478 5.421 5.365 5.308 5.251 5.195 5.153 5.122 5.091 5.059 5.028 4.997 4.977 4.956 4.935 4.915 4.894 4.873 4.855 4.855 4.854 4.854 4.823 4.785 4.748 4.710 4.674 3.985 4.619 4.591 3.953 3.983 4.508 4.513 4.533 4.553 4.567 4.566 4.564 4.562 4.560 4.558 4.556 4.554 4.552
4.911 4.943 4.989 5.043 5.097 5.151 5.205 5.259 5.313 5.344 5.354 5.364 5.375 5.385 5.395 5.405 5.416 5.423 5.404 5.384 5.377 5.398 5.420 5.441 5.461 5.482 5.503 5.524 5.545 5.566 5.587 5.608 5.573 5.516 5.460 5.403 5.346 5.290 5.233 5.180 5.149 5.118 5.086 5.056 5.036 5.015 4.994 4.974 4.956 4.956 4.955 4.955 4.954 4.954 4.925 4.888 4.850 4.813 4.775 4.738 3.994 3.984 3.703 4.608 4.580 4.570 4.590 4.602 4.600 4.598 4.596 4.594 4.592 4.590 4.588 4.586 4.585
4.927 4.981 5.035 5.089 5.143 5.196 5.250 5.304 5.358 5.390 5.401 5.411 5.421 5.431 5.442 5.452 5.462 5.472 5.483 5.483 5.475 5.496 5.517 5.538 5.559 5.580 5.600 5.621 5.642 5.663 5.684 5.705 5.668 5.611 5.555 5.498 5.441 5.385 5.328 5.272 5.215 5.176 5.145 5.115 5.095 5.074 5.056 5.056 5.056 5.055 5.055 5.054 5.054 5.054 5.028 4.990 4.953 4.915 4.878 4.840 4.802 3.953 4.727 4.690 4.653 4.627 4.636 4.634 4.632 4.630 4.628 4.626 4.624 4.622 4.621 4.619 4.617
4.972 5.026 5.080 5.134 5.188 5.242 5.296 5.350 5.404 5.437 5.447 5.457 5.468 5.478 5.488 5.498 5.509 5.519 5.529 5.539 5.570 5.593 5.614 5.635 5.656 5.677 5.698 5.719 5.740 5.760 5.781 5.802 5.763 5.706 5.650 5.593 5.536 5.480 5.423 5.366 5.310 5.253 5.203 5.175 5.157 5.156 5.156 5.156 5.155 5.155 5.154 5.154 5.154 5.153 5.130 5.093 5.055 5.018 4.980 4.943 4.905 4.867 4.830 4.792 4.755 4.758 4.696 4.666 4.664 4.662 4.660 4.659 4.657 4.655 4.653 4.651 4.649
5.018 5.072 5.126 5.180 5.234 5.287 5.341 5.395 5.449 5.483 5.493 5.504 5.514 5.524 5.535 5.545 5.555 5.565 5.589 5.621 5.653 5.682 5.711 5.732 5.753 5.774 5.795 5.816 5.837 5.858 5.879 5.900 5.858 5.801 5.745 5.688 5.631 5.575 5.518 5.462 5.405 5.348 5.295 5.269 5.256 5.256 5.256 5.255 5.255 5.255 5.254 5.254 5.253 5.253 5.233 5.195 5.158 5.120 5.082 5.045 5.007 4.970 4.932 4.900 4.918 4.936 4.881 4.805 4.729 4.695 4.693 4.691 4.689 4.687 4.685 4.683 4.682
5.075 5.121 5.171 5.225 5.279 5.333 5.387 5.441 5.495 5.530 5.540 5.550 5.561 5.571 5.581 5.591 5.608 5.640 5.672 5.704 5.736 5.766 5.796 5.825 5.850 5.871 5.892 5.913 5.934 5.955 5.976 5.997 5.953 5.896 5.839 5.783 5.726 5.670 5.613 5.556 5.500 5.482 5.467 5.440 5.396 5.356 5.355 5.355 5.355 5.354 5.354 5.354 5.353 5.353 5.335 5.298 5.260 5.223 5.185 5.147 5.110 5.073 5.060 5.078 5.096 5.114 5.066 4.990 4.914 4.838 4.762 4.723 4.721 4.720 4.718 4.716 4.714
5.136 5.181 5.227 5.272 5.324 5.378 5.432 5.486 5.540 5.576 5.587 5.597 5.607 5.617 5.628 5.660 5.692 5.724 5.756 5.788 5.819 5.849 5.879 5.909 5.939 5.968 5.990 6.011 6.031 6.052 6.073 6.094 6.048 5.991 5.934 5.878 5.821 5.765 5.708 5.685 5.669 5.654 5.638 5.611 5.566 5.522 5.478 5.455 5.454 5.454 5.453 5.453 5.453 5.452 5.438 5.400 5.363 5.325 5.288 5.250 5.212 5.220 5.238 5.256 5.274 5.292 5.251 5.176 5.100 5.024 4.948 4.872 4.796 4.752 4.750 4.748 4.746
