includes/overflow_coast_h/floodfiles/results/res.max
ncols         906
nrows         631
xllcorner     362177.146670
yllcorner     6534722.565530
cellsize      20.000000
NODATA_value  -9999.000000
[rows 476 to 509 of 631, columns 0 to 76 of 906]
7.188 7.285 7.383 7.526 7.705 7.883 8.062 8.241 8.419 8.591 8.753 8.915 9.078 9.240 9.245 9.237 9.228 9.219 9.208 9.194 9.180 9.166 9.152 9.138 9.124 9.025 8.870 8.738 8.646 8.555 8.464 8.372 8.281 8.189 8.098 8.007 7.912 8.147 8.390 8.632 8.875 9.118 9.360 9.603 9.846 10.089 10.196 10.235 10.262 10.159 10.056 9.954 9.851 9.748 9.646 9.543 9.428 9.313 9.199 9.084 8.965 8.838 8.711 8.584 8.457 8.371 8.444 8.517 8.590 8.663 8.736 8.842 9.249 9.655 10.060 10.325 9.994
7.129 7.226 7.323 7.420 7.575 7.753 7.932 8.111 8.290 8.455 8.618 8.780 8.942 9.104 9.267 9.260 9.251 9.242 9.229 9.215 9.201 9.187 9.173 9.159 9.145 9.131 9.027 8.914 8.823 8.732 8.640 8.517 8.392 8.266 8.140 8.015 8.001 8.159 8.398 8.640 8.883 9.126 9.369 9.611 9.854 10.097 10.139 10.177 10.216 10.235 10.133 10.030 9.927 9.825 9.722 9.614 9.500 9.385 9.271 9.156 9.041 8.921 8.794 8.667 8.540 8.536 8.609 8.682 8.755 8.828 8.901 8.974 9.161 9.567 9.973 9.810 9.479
7.070 7.167 7.264 7.361 7.458 7.623 7.802 7.981 8.157 8.320 8.482 8.644 8.806 8.969 9.131 9.283 9.274 9.265 9.251 9.237 9.222 9.208 9.195 9.181 9.167 9.158 9.175 9.019 8.893 8.768 8.642 8.516 8.391 8.265 8.139 8.014 8.090 8.248 8.407 8.648 8.891 9.134 9.377 9.619 9.862 10.043 10.082 10.120 10.159 10.197 10.208 10.106 10.003 9.900 9.798 9.686 9.572 9.457 9.342 9.228 9.113 8.998 8.877 8.750 8.628 8.701 8.774 8.847 8.920 8.993 9.066 9.139 9.212 9.479 9.627 9.296 8.965
7.010 7.107 7.205 7.302 7.399 7.496 7.672 7.851 8.022 8.184 8.346 8.509 8.671 8.833 8.995 9.158 9.297 9.286 9.272 9.258 9.264 9.281 9.298 9.315 9.332 9.349 9.288 9.049 8.892 8.766 8.641 8.515 8.390 8.264 8.138 8.020 8.178 8.337 8.496 8.656 8.899 9.142 9.385 9.627 9.870 9.986 10.024 10.063 10.101 10.140 10.179 10.182 10.079 9.976 9.873 9.758 9.643 9.529 9.414 9.300 9.185 9.070 8.956 8.833 8.793 8.866 8.939 9.012 9.085 9.158 9.231 9.304 9.377 9.434 9.214 8.920 8.625
6.951 7.048 7.145 7.242 7.339 7.436 7.542 7.721 7.886 8.048 8.211 8.373 8.535 8.698 8.858 9.017 9.177 9.404 9.421 9.438 9.455 9.472 9.489 9.506 9.523 9.540 9.396 9.156 8.917 8.765 8.640 8.514 8.389 8.263 8.137 8.108 8.267 8.426 8.584 8.743 8.907 9.150 9.393 9.635 9.878 9.928 9.967 10.005 10.044 10.083 10.121 10.160 10.155 10.052 9.945 9.830 9.715 9.601 9.486 9.371 9.257 9.142 9.028 8.915 8.922 8.971 9.020 9.069 9.118 9.167 9.216 9.265 9.314 9.399 9.566 9.301 9.006
6.891 6.989 7.086 7.183 7.280 7.377 7.474 7.588 7.748 7.907 8.066 8.225 8.385 8.544 8.703 8.862 9.046 9.374 9.612 9.629 9.646 9.663 9.680 9.697 9.714 9.731 9.503 9.264 9.024 8.785 8.639 8.513 8.388 8.262 8.136 8.197 8.356 8.514 8.673 8.832 8.991 9.158 9.401 9.644 9.832 9.871 9.910 9.948 9.987 10.025 10.064 10.103 10.141 10.129 10.017 9.902 9.787 9.679 9.572 9.465 9.358 9.251 9.144 9.028 8.876 8.900 8.949 8.998 9.047 9.096 9.144 9.194 9.242 9.374 9.541 9.682 9.388
6.834 6.937 7.040 7.143 7.246 7.349 7.452 7.513 7.592 7.752 7.911 8.070 8.229 8.389 8.548 8.707 8.950 9.278 9.606 9.820 9.837 9.854 9.871 9.888 9.905 9.851 9.611 9.371 9.132 8.893 8.653 8.512 8.386 8.261 8.135 8.286 8.444 8.603 8.762 8.920 9.079 9.238 9.409 9.652 9.775 9.814 9.852 9.891 9.929 9.968 10.007 10.051 10.095 10.140 10.123 10.016 9.909 9.802 9.695 9.588 9.481 9.373 9.266 9.134 8.983 8.831 8.877 8.926 8.975 9.024 9.073 9.122 9.182 9.349 9.516 9.683 9.769
6.819 6.922 7.024 7.127 7.230 7.333 7.436 7.469 7.499 7.596 7.756 7.915 8.074 8.233 8.393 8.552 8.855 9.183 9.511 9.839 10.028 10.045 10.062 10.079 10.096 9.958 9.719 9.479 9.240 9.000 8.761 8.521 8.385 8.260 8.216 8.374 8.533 8.692 8.851 9.009 9.168 9.327 9.486 9.660 9.718 9.760 9.804 9.849 9.893 9.937 9.981 10.026 10.070 10.117 10.167 10.138 10.031 9.924 9.817 9.710 9.603 9.496 9.389 9.241 9.089 8.937 8.806 8.855 8.904 8.953 9.002 9.051 9.157 9.324 9.491 9.658 9.825
6.803 6.906 7.009 7.111 7.214 7.317 7.394 7.425 7.455 7.485 7.600 7.760 7.919 8.078 8.237 8.431 8.759 9.087 9.415 9.743 10.071 10.235 10.252 10.269 10.286 10.066 9.826 9.587 9.347 9.108 8.868 8.629 8.389 8.259 8.304 8.463 8.622 8.780 8.939 9.094 9.231 9.368 9.505 9.626 9.691 9.735 9.779 9.823 9.868 9.912 9.956 10.000 10.045 10.094 10.144 10.194 10.153 10.046 9.939 9.832 9.725 9.618 9.499 9.347 9.195 9.043 8.892 8.784 8.832 8.881 8.930 8.979 9.132 9.299 9.466 9.633 9.800
6.787 6.890 6.993 7.096 7.199 7.302 7.350 7.380 7.410 7.440 7.470 7.604 7.764 7.923 8.082 8.336 8.664 8.991 9.319 9.647 9.975 10.303 10.443 10.460 10.413 10.173 9.934 9.694 9.455 9.215 8.976 8.736 8.497 8.258 8.380 8.517 8.654 8.791 8.928 9.065 9.202 9.339 9.476 9.576 9.646 9.709 9.754 9.798 9.842 9.886 9.931 9.975 10.020 10.070 10.120 10.170 10.221 10.169 10.061 9.954 9.847 9.740 9.605 9.453 9.301 9.150 8.998 8.846 8.761 8.810 8.859 8.939 9.107 9.274 9.441 9.608 9.775
6.793 6.874 6.977 7.080 7.183 7.276 7.306 7.336 7.366 7.396 7.426 7.456 7.609 7.768 7.927 8.240 8.568 8.896 9.224 9.552 9.880 10.207 10.535 10.651 10.520 10.281 10.041 9.802 9.562 9.327 9.092 8.857 8.621 8.422 8.351 8.488 8.625 8.762 8.899 9.036 9.173 9.310 9.447 9.526 9.596 9.666 9.728 9.772 9.817 9.861 9.905 9.950 9.996 10.047 10.097 10.147 10.197 10.247 10.184 10.077 9.970 9.863 9.711 9.559 9.408 9.256 9.104 8.953 8.801 8.739 8.788 8.914 9.081 9.248 9.415 9.582 9.750
6.814 6.872 6.961 7.064 7.167 7.232 7.262 7.292 7.322 7.352 7.382 7.412 7.453 7.612 7.816 8.144 8.472 8.800 9.128 9.456 9.784 10.112 10.440 10.757 10.634 10.399 10.163 9.928 9.693 9.458 9.222 8.987 8.752 8.602 8.521 8.459 8.596 8.733 8.870 9.007 9.144 9.281 9.406 9.476 9.546 9.616 9.686 9.747 9.791 9.836 9.880 9.924 9.973 10.023 10.073 10.124 10.174 10.224 10.274 10.199 10.092 9.969 9.817 9.666 9.514 9.362 9.210 9.059 8.907 8.755 8.722 8.889 9.056 9.219 9.377 9.534 9.692
6.835 6.894 6.952 7.048 7.151 7.188 7.218 7.248 7.278 7.308 7.338 7.368 7.398 7.457 7.720 8.048 8.376 8.691 8.999 9.307 9.615 9.924 10.232 10.509 10.688 10.529 10.294 10.059 9.823 9.588 9.353 9.117 8.882 8.782 8.701 8.620 8.567 8.704 8.841 8.978 9.115 9.252 9.355 9.425 9.496 9.566 9.636 9.707 9.766 9.810 9.854 9.899 9.950 10.000 10.050 10.100 10.150 10.201 10.251 10.301 10.214 10.075 9.923 9.772 9.620 9.468 9.315 9.156 8.998 8.839 8.728 8.816 8.974 9.132 9.290 9.448 9.605
6.857 6.915 6.973 7.033 7.113 7.143 7.173 7.203 7.234 7.265 7.299 7.334 7.369 7.403 7.549 7.857 8.166 8.474 8.782 9.090 9.399 9.707 10.015 10.249 10.428 10.607 10.424 10.189 9.954 9.718 9.483 9.248 9.042 8.961 8.881 8.800 8.719 8.675 8.812 8.949 9.086 9.223 9.305 9.375 9.446 9.516 9.586 9.656 9.727 9.785 9.829 9.876 9.926 9.976 10.027 10.077 10.127 10.177 10.227 10.278 10.322 10.169 10.010 9.851 9.692 9.533 9.374 9.215 9.056 8.897 8.828 8.786 8.887 9.045 9.203 9.361 9.519
6.856 6.910 6.965 7.019 7.089 7.124 7.158 7.193 7.227 7.262 7.297 7.331 7.366 7.409 7.466 7.641 7.949 8.257 8.565 8.874 9.182 9.490 9.798 9.989 10.168 10.347 10.526 10.319 10.084 9.849 9.613 9.378 9.222 9.141 9.060 8.979 8.899 8.818 8.783 8.920 9.057 9.185 9.255 9.325 9.395 9.466 9.536 9.606 9.676 9.747 9.804 9.853 9.903 9.953 10.006 10.060 10.115 10.169 10.224 10.278 10.286 10.227 10.068 9.909 9.750 9.591 9.432 9.273 9.114 8.968 8.927 8.885 8.844 8.958 9.116 9.274 9.432
6.791 6.846 6.900 6.966 7.057 7.121 7.155 7.190 7.224 7.259 7.294 7.328 7.363 7.415 7.472 7.529 7.732 8.040 8.349 8.657 8.965 9.274 9.549 9.728 9.908 10.087 10.266 10.445 10.215 9.979 9.744 9.509 9.402 9.321 9.240 9.159 9.078 8.997 8.917 8.891 9.028 9.134 9.205 9.275 9.345 9.415 9.486 9.556 9.627 9.698 9.772 9.844 9.899 9.953 10.008 10.062 10.117 10.171 10.226 10.281 10.251 10.192 10.126 9.967 9.808 9.649 9.490 9.331 9.172 9.068 9.026 8.984 8.943 8.901 9.029 9.187 9.345
6.727 6.781 6.836 6.921 7.013 7.104 7.152 7.187 7.222 7.256 7.291 7.326 7.364 7.421 7.478 7.535 7.591 7.824 8.132 8.440 8.748 9.057 9.289 9.468 9.647 9.826 10.006 10.185 10.345 10.110 9.874 9.662 9.581 9.501 9.420 9.339 9.258 9.177 9.096 9.015 8.999 9.084 9.154 9.226 9.297 9.369 9.441 9.512 9.584 9.656 9.737 9.831 9.901 9.955 10.010 10.065 10.119 10.174 10.228 10.273 10.215 10.156 10.098 10.025 9.866 9.707 9.548 9.389 9.230 9.167 9.125 9.084 9.042 9.000 8.959 9.100 9.258
6.662 6.716 6.785 6.877 6.968 7.059 7.150 7.184 7.219 7.254 7.288 7.323 7.370 7.427 7.484 7.540 7.597 7.654 7.915 8.223 8.532 8.840 9.029 9.208 9.387 9.566 9.745 9.924 10.104 10.240 10.005 9.842 9.761 9.680 9.599 9.519 9.438 9.354 9.226 9.099 8.988 9.039 9.111 9.183 9.255 9.326 9.398 9.470 9.541 9.613 9.702 9.796 9.890 9.958 10.012 10.067 10.121 10.176 10.230 10.238 10.179 10.121 10.062 10.004 9.925 9.766 9.606 9.448 9.308 9.266 9.224 9.183 9.141 9.099 9.058 9.016 9.171
6.597 6.652 6.741 6.832 6.923 7.015 7.106 7.181 7.216 7.251 7.285 7.320 7.376 7.433 7.490 7.546 7.603 7.660 7.717 8.007 8.315 8.589 8.768 8.947 9.127 9.306 9.485 9.664 9.843 10.022 10.135 10.021 9.925 9.798 9.670 9.543 9.415 9.287 9.160 9.032 8.974 9.016 9.068 9.140 9.212 9.284 9.355 9.427 9.498 9.572 9.666 9.760 9.854 9.948 10.014 10.069 10.123 10.178 10.232 10.202 10.144 10.085 10.027 9.968 9.909 9.824 9.665 9.506 9.407 9.365 9.324 9.282 9.240 9.199 9.157 9.115 9.084
6.533 6.605 6.696 6.788 6.879 6.970 7.062 7.153 7.213 7.248 7.282 7.325 7.382 7.439 7.496 7.552 7.609 7.666 7.723 7.790 8.098 8.329 8.508 8.687 8.866 9.046 9.225 9.416 9.613 9.811 9.991 9.987 9.859 9.731 9.604 9.476 9.348 9.221 9.093 8.966 8.960 9.002 9.043 9.097 9.169 9.241 9.312 9.384 9.456 9.536 9.630 9.725 9.819 9.913 10.007 10.071 10.126 10.180 10.225 10.166 10.108 10.049 9.991 9.932 9.874 9.815 9.723 9.564 9.506 9.464 9.423 9.381 9.339 9.298 9.241 9.165 9.089
6.469 6.560 6.652 6.743 6.834 6.926 7.017 7.109 7.200 7.245 7.280 7.331 7.388 7.445 7.501 7.558 7.615 7.672 7.729 7.785 7.881 8.069 8.267 8.464 8.661 8.859 9.056 9.253 9.451 9.648 9.775 9.801 9.792 9.665 9.537 9.409 9.282 9.154 9.027 8.903 8.946 8.988 9.029 9.071 9.126 9.198 9.270 9.341 9.413 9.501 9.595 9.689 9.783 9.877 9.972 10.066 10.128 10.182 10.189 10.131 10.072 10.014 9.955 9.897 9.838 9.780 9.721 9.647 9.592 9.516 9.440 9.363 9.287 9.211 9.134 9.058 8.988
6.424 6.516 6.607 6.698 6.790 6.881 6.973 7.064 7.155 7.242 7.280 7.337 7.394 7.451 7.507 7.564 7.620 7.675 7.731 7.786 7.837 7.906 8.104 8.301 8.498 8.696 8.893 9.090 9.288 9.485 9.560 9.585 9.611 9.598 9.470 9.343 9.215 9.088 8.960 8.890 8.932 8.973 9.016 9.058 9.099 9.155 9.227 9.299 9.371 9.465 9.559 9.654 9.748 9.842 9.936 10.030 10.124 10.185 10.154 10.095 10.037 9.978 9.924 9.893 9.863 9.833 9.803 9.655 9.485 9.409 9.333 9.256 9.180 9.104 9.028 8.951 8.907
6.380 6.472 6.563 6.655 6.746 6.837 6.929 7.020 7.112 7.203 7.284 7.340 7.396 7.451 7.507 7.563 7.618 7.674 7.730 7.785 7.830 7.866 7.941 8.138 8.336 8.533 8.730 8.928 9.125 9.318 9.344 9.370 9.395 9.421 9.404 9.276 9.149 9.021 8.893 8.876 8.918 8.959 9.002 9.044 9.085 9.127 9.184 9.256 9.335 9.430 9.524 9.618 9.712 9.807 9.901 9.995 10.089 10.188 10.171 10.141 10.111 10.080 10.050 10.020 9.990 9.960 9.929 9.711 9.464 9.302 9.226 9.150 9.073 8.997 8.921 8.845 8.826
6.340 6.432 6.523 6.615 6.706 6.798 6.889 6.981 7.072 7.164 7.260 7.339 7.394 7.450 7.506 7.561 7.617 7.673 7.728 7.784 7.822 7.859 7.896 7.975 8.173 8.370 8.568 8.765 8.962 9.103 9.128 9.154 9.180 9.205 9.231 9.210 9.082 8.954 8.827 8.862 8.904 8.946 8.988 9.030 9.072 9.113 9.155 9.213 9.300 9.394 9.488 9.584 9.682 9.781 9.880 9.978 10.077 10.180 10.289 10.267 10.237 10.207 10.177 10.147 10.116 10.086 10.014 9.766 9.519 9.272 9.119 9.043 8.967 8.890 8.814 8.745 8.746
6.306 6.392 6.484 6.575 6.667 6.758 6.850 6.941 7.033 7.126 7.222 7.318 7.393 7.449 7.504 7.560 7.616 7.671 7.727 7.778 7.815 7.852 7.888 7.925 8.010 8.207 8.405 8.602 8.799 8.887 8.913 8.938 8.964 8.990 9.015 9.041 9.016 8.888 8.806 8.848 8.890 8.932 8.974 9.016 9.058 9.100 9.127 9.144 9.277 9.375 9.474 9.572 9.671 9.770 9.868 9.967 10.066 10.172 10.281 10.391 10.364 10.334 10.304 10.273 10.243 10.213 10.069 9.822 9.575 9.327 9.080 8.936 8.860 8.783 8.707 8.665 8.665
6.348 6.352 6.444 6.536 6.627 6.719 6.810 6.901 6.993 7.088 7.184 7.280 7.376 7.447 7.503 7.559 7.614 7.670 7.726 7.771 7.808 7.844 7.881 7.918 7.954 8.044 8.242 8.439 8.636 8.671 8.697 8.723 8.748 8.774 8.800 8.825 8.851 8.821 8.792 8.834 8.876 8.901 8.917 8.934 8.951 8.967 8.984 9.048 9.231 9.364 9.463 9.561 9.660 9.759 9.857 9.956 10.055 10.164 10.274 10.383 10.490 10.460 10.430 10.400 10.370 10.339 10.125 9.878 9.630 9.383 9.136 8.889 8.753 8.677 8.600 8.584 8.585
6.391 6.328 6.405 6.496 6.588 6.679 6.770 6.862 6.955 7.051 7.146 7.242 7.338 7.434 7.502 7.557 7.613 7.669 7.724 7.764 7.800 7.837 7.874 7.910 7.947 7.984 8.079 8.276 8.430 8.456 8.481 8.507 8.533 8.558 8.584 8.610 8.644 8.682 8.708 8.724 8.740 8.757 8.774 8.790 8.807 8.823 8.840 8.955 9.138 9.321 9.452 9.550 9.649 9.748 9.846 9.945 10.047 10.157 10.266 10.376 10.485 10.587 10.557 10.526 10.496 10.428 10.180 9.933 9.686 9.439 9.192 8.944 8.697 8.570 8.503 8.504 8.504
6.434 6.371 6.365 6.456 6.548 6.639 6.731 6.822 6.917 7.013 7.109 7.205 7.301 7.396 7.492 7.556 7.612 7.667 7.720 7.756 7.793 7.830 7.866 7.903 7.940 7.976 8.013 8.114 8.214 8.240 8.266 8.298 8.337 8.375 8.413 8.451 8.490 8.526 8.556 8.580 8.597 8.613 8.630 8.646 8.663 8.679 8.696 8.862 9.044 9.227 9.410 9.539 9.638 9.736 9.835 9.934 10.040 10.149 10.258 10.368 10.477 10.587 10.683 10.653 10.623 10.483 10.236 9.989 9.742 9.494 9.247 9.000 8.753 8.506 8.422 8.427 8.444
6.476 6.414 6.351 6.417 6.508 6.600 6.691 6.783 6.879 6.975 7.071 7.167 7.263 7.359 7.455 7.551 7.610 7.666 7.712 7.749 7.785 7.822 7.859 7.896 7.932 7.969 8.003 8.029 8.030 8.068 8.106 8.144 8.183 8.221 8.259 8.297 8.336 8.370 8.399 8.429 8.453 8.469 8.486 8.502 8.519 8.535 8.585 8.768 8.951 9.134 9.317 9.500 9.627 9.725 9.824 9.923 10.032 10.141 10.251 10.360 10.469 10.579 10.688 10.780 10.749 10.539 10.291 10.044 9.797 9.550 9.304 9.058 8.813 8.567 8.445 8.440 8.456
6.519 6.456 6.393 6.377 6.469 6.560 6.651 6.745 6.841 6.937 7.033 7.129 7.225 7.321 7.417 7.513 7.609 7.665 7.705 7.741 7.778 7.815 7.843 7.870 7.897 7.924 7.951 7.969 7.925 7.914 7.952 7.990 8.029 8.067 8.105 8.143 8.182 8.213 8.243 8.272 8.302 8.326 8.342 8.359 8.375 8.392 8.492 8.675 8.858 9.041 9.224 9.407 9.590 9.714 9.813 9.915 10.024 10.134 10.243 10.352 10.462 10.571 10.680 10.790 10.842 10.596 10.350 10.105 9.859 9.614 9.368 9.122 8.877 8.645 8.558 8.470 8.468
6.561 6.499 6.436 6.373 6.429 6.520 6.612 6.708 6.804 6.899 6.995 7.091 7.187 7.283 7.379 7.475 7.571 7.657 7.684 7.711 7.738 7.765 7.791 7.818 7.845 7.872 7.899 7.899 7.855 7.811 7.798 7.836 7.875 7.913 7.951 7.989 8.027 8.057 8.086 8.116 8.145 8.174 8.198 8.215 8.231 8.248 8.399 8.582 8.764 8.947 9.130 9.313 9.496 9.679 9.802 9.907 10.017 10.126 10.235 10.346 10.458 10.570 10.682 10.795 10.799 10.660 10.414 10.169 9.923 9.677 9.432 9.186 8.941 8.757 8.670 8.583 8.496
6.604 6.541 6.479 6.416 6.389 6.481 6.574 6.670 6.766 6.862 6.958 7.054 7.150 7.255 7.369 7.483 7.598 7.664 7.633 7.659 7.686 7.713 7.739 7.766 7.793 7.820 7.847 7.828 7.784 7.740 7.696 7.682 7.720 7.759 7.797 7.835 7.871 7.900 7.930 7.959 7.988 8.018 8.047 8.071 8.087 8.122 8.305 8.488 8.671 8.854 9.037 9.220 9.403 9.586 9.776 9.904 10.016 10.129 10.241 10.353 10.465 10.577 10.689 10.802 10.735 10.621 10.478 10.233 9.987 9.742 9.496 9.250 9.005 8.870 8.783 8.696 8.608
6.694 6.586 6.521 6.458 6.396 6.441 6.536 6.632 6.728 6.837 6.951 7.065 7.180 7.294 7.408 7.522 7.637 7.676 7.645 7.614 7.634 7.661 7.687 7.714 7.741 7.768 7.795 7.758 7.714 7.669 7.625 7.581 7.566 7.605 7.643 7.681 7.714 7.743 7.773 7.802 7.832 7.861 7.891 7.920 7.943 8.029 8.212 8.395 8.578 8.767 8.960 9.153 9.346 9.539 9.727 9.897 10.023 10.136 10.248 10.360 10.472 10.584 10.697 10.785 10.671 10.557 10.443 10.297 10.051 9.806 9.560 9.314 9.070 8.983 8.895 8.808 8.721
6.934 6.826 6.718 6.611 6.502 6.419 6.533 6.648 6.762 6.876 6.990 7.105 7.219 7.333 7.447 7.562 7.676 7.688 7.657 7.626 7.595 7.609 7.636 7.662 7.689 7.716 7.731 7.687 7.643 7.599 7.555 7.511 7.467 7.451 7.489 7.527 7.557 7.587 7.616 7.646 7.675 7.705 7.734 7.763 7.813 7.952 8.145 8.338 8.531 8.724 8.917 9.110 9.303 9.496 9.677 9.847 10.017 10.143 10.255 10.367 10.479 10.592 10.704 10.721 10.607 10.492 10.378 10.264 10.115 9.870 9.624 9.378 9.182 9.095 9.008 8.921 8.833
