includes/mahajanga_coast/floodfiles/results_R2_t1.688026134693E12/res-0009.wd
ncols         269
nrows         308
xllcorner     384108.384600
yllcorner     1149646.260900
cellsize      30.000000
NODATA_value  -9999.000000
[rows 66 to 98 of 308, columns 76 to 151 of 269]
12.976 12.976 12.976 11.976 11.976 11.977 11.977 11.977 11.977 11.977 11.977 11.977 11.978 11.978 11.978 11.978 11.978 11.979 10.979 10.979 10.979 10.979 10.980 9.980 9.980 9.980 9.981 8.981 8.981 8.981 8.982 7.982 7.982 7.982 7.983 6.983 6.983 6.984 6.984 6.984 6.984 6.985 6.985 6.985 6.985 6.985 5.985 1.985 0.000 0.000 0.000 0.000 0.000 0.000 0.000 0.000 0.000 0.000 0.000 0.000 0.000 0.000 0.000 0.000 0.000 0.000 0.000 0.000 0.000 0.000 0.000 0.000 0.000 0.000 0.000 0.000
12.976 12.976 12.976 12.976 11.976 11.977 11.977 11.977 11.977 11.977 11.977 11.977 11.978 11.978 11.978 11.978 11.978 11.979 11.979 10.979 10.979 10.980 10.980 9.980 9.980 9.980 9.981 8.981 8.981 8.981 8.982 7.982 7.982 7.983 7.983 6.983 6.983 6.984 6.984 6.984 6.984 6.985 6.985 6.985 6.985 6.985 5.985 0.985 0.000 0.000 0.000 0.000 0.000 0.000 0.000 0.000 0.000 0.000 0.000 0.000 0.000 0.000 0.000 0.000 0.000 0.000 0.000 0.000 0.000 0.000 0.000 0.000 0.000 0.000 0.000 0.000
12.976 12.976 12.976 12.976 12.976 11.977 11.977 11.977 11.977 11.977 11.977 11.977 11.978 11.978 11.978 11.978 11.978 11.979 11.979 10.979 10.979 10.980 10.980 9.980 9.980 9.980 9.981 8.981 8.981 8.981 8.982 7.982 7.982 7.983 7.983 6.983 6.984 6.984 6.984 6.984 6.984 6.985 6.985 6.985 6.985 6.985 2.985 0.000 0.000 0.000 0.000 0.000 0.000 0.000 0.000 0.000 0.000 0.000 0.000 0.000 0.000 0.000 0.000 0.000 0.000 0.000 0.000 0.000 0.000 0.000 0.000 0.000 0.000 0.000 0.000 0.000
12.976 12.976 12.976 12.976 12.976 12.976 11.977 11.977 11.977 11.977 11.977 11.977 11.978 11.978 11.978 11.978 11.978 11.979 11.979 10.979 10.979 10.979 10.980 9.980 9.980 9.980 9.981 8.981 8.981 8.982 8.982 7.982 7.983 7.983 7.983 6.983 6.984 6.984 6.984 6.984 6.984 6.984 6.985 6.985 6.985 5.985 0.985 0.000 0.000 0.000 0.000 0.000 0.000 0.000 0.000 0.000 0.000 0.000 0.000 0.000 0.000 0.000 0.000 0.000 0.000 0.000 0.000 0.000 0.000 0.000 0.000 0.000 0.000 0.000 0.000 0.000
12.976 12.976 12.976 12.976 12.976 12.976 12.977 11.977 11.977 11.977 11.977 11.977 11.978 11.978 11.978 11.978 11.978 11.979 11.979 10.979 10.979 10.980 10.980 9.980 9.980 9.980 9.981 8.981 8.981 8.982 8.982 7.982 7.983 7.983 7.983 6.983 6.984 6.984 6.984 6.984 6.984 6.984 6.985 6.985 6.985 3.985 0.000 0.000 0.000 0.000 0.000 0.000 0.000 0.000 0.000 0.000 0.000 0.000 0.000 0.000 0.000 0.000 0.000 0.000 0.000 0.000 0.000 0.000 0.000 0.000 0.000 0.000 0.000 0.000 0.000 0.000
12.976 12.976 12.976 12.976 12.976 12.976 12.976 12.977 11.977 11.977 11.977 11.977 11.978 11.978 11.978 11.978 11.978 11.979 11.979 11.979 10.979 10.979 10.980 10.980 9.980 9.980 9.981 9.981 8.981 8.982 8.982 8.982 7.983 7.983 7.983 6.983 6.984 6.984 6.984 6.984 6.984 6.984 6.985 6.985 6.985 4.985 0.000 0.000 0.000 0.000 0.000 0.000 0.000 0.000 0.000 0.000 0.000 0.000 0.000 0.000 0.000 0.000 0.000 0.000 0.000 0.000 0.000 0.000 0.000 0.000 0.000 0.000 0.000 0.000 0.000 0.000
12.976 12.976 12.976 12.976 12.976 12.976 12.976 12.977 12.977 11.977 11.977 11.977 11.978 11.978 11.978 11.978 11.978 11.979 11.979 11.979 10.979 10.979 10.980 10.980 9.980 9.980 9.981 9.981 8.981 8.982 8.982 8.982 7.983 7.983 7.983 6.983 6.984 6.984 6.984 6.984 6.984 6.984 6.985 6.985 6.985 3.985 0.000 0.000 0.000 0.000 0.000 0.000 0.000 0.000 0.000 0.000 0.000 0.000 0.000 0.000 0.000 0.000 0.000 0.000 0.000 0.000 0.000 0.000 0.000 0.000 0.000 0.000 0.000 0.000 0.000 0.000
12.976 12.976 12.976 12.976 12.976 12.976 12.976 12.977 12.977 12.977 11.977 11.977 11.978 11.978 11.978 11.978 11.978 11.978 11.979 11.979 10.979 10.979 10.980 10.980 9.980 9.980 9.981 9.981 8.981 8.982 8.982 8.982 7.983 7.983 7.983 6.983 6.984 6.984 6.984 6.984 6.984 6.984 6.985 6.985 2.985 0.000 0.000 0.000 0.000 0.000 0.000 0.000 0.000 0.000 0.000 0.000 0.000 0.000 0.000 0.000 0.000 0.000 0.000 0.000 0.000 0.000 0.000 0.000 0.000 0.000 0.000 0.000 0.000 0.000 0.000 0.000
12.975 12.976 12.976 12.976 12.976 12.976 12.976 12.977 12.977 12.977 12.977 11.977 11.977 11.978 11.978 11.978 11.978 11.978 11.979 11.979 10.979 10.979 10.980 10.980 9.980 9.980 9.981 9.981 8.981 8.982 8.982 8.982 7.983 7.983 7.983 6.983 6.984 6.984 6.984 6.984 6.984 6.984 6.985 6.985 3.985 0.985 0.000 0.000 0.000 0.000 0.000 0.000 0.000 0.000 0.000 0.000 0.000 0.000 0.000 0.000 0.000 0.000 0.000 0.000 0.000 0.000 0.000 0.000 0.000 0.000 0.000 0.000 0.000 0.000 0.000 0.000
12.975 12.976 12.976 12.976 12.976 12.976 12.976 12.976 12.977 12.977 11.977 11.977 11.977 11.978 11.978 11.978 11.978 11.978 11.979 11.979 10.979 10.979 10.980 10.980 9.980 9.980 9.981 8.981 8.981 8.982 8.982 7.982 7.983 7.983 7.983 6.983 6.984 6.984 6.984 6.984 6.984 6.984 6.985 6.985 3.985 0.985 0.000 0.000 0.000 0.000 0.000 0.000 0.000 0.000 0.000 0.000 0.000 0.000 0.000 0.000 0.000 0.000 0.000 0.000 0.000 0.000 0.000 0.000 0.000 0.000 0.000 0.000 0.000 0.000 0.000 0.000
12.975 12.976 12.976 12.976 12.976 12.976 12.976 12.976 11.977 11.977 11.977 11.977 11.977 11.978 11.978 11.978 11.978 11.978 11.979 10.979 10.979 10.979 10.980 9.980 9.980 9.980 9.981 8.981 8.981 8.982 8.982 7.982 7.983 7.983 6.983 6.983 6.983 6.984 6.984 6.984 6.984 6.984 6.985 6.985 1.985 0.000 0.000 0.000 0.000 0.000 0.000 0.000 0.000 0.000 0.000 0.000 0.000 0.000 0.000 0.000 0.000 0.000 0.000 0.000 0.000 0.000 0.000 0.000 0.000 0.000 0.000 0.000 0.000 0.000 0.000 0.000
12.975 12.976 12.976 12.976 12.976 12.976 12.976 11.976 11.977 11.977 11.977 11.977 11.977 11.978 11.978 11.978 11.978 11.978 11.979 10.979 10.979 10.979 10.980 9.980 9.980 9.980 8.981 8.981 8.981 8.982 7.982 7.982 7.982 7.983 6.983 6.983 6.983 6.984 6.984 6.984 6.984 6.984 6.984 6.985 0.000 0.000 0.000 0.000 0.000 0.000 0.000 0.000 0.000 0.000 0.000 0.000 0.000 0.000 0.000 0.000 0.000 0.000 0.000 0.000 0.000 0.000 0.000 0.000 0.000 0.000 0.000 0.000 0.000 0.000 0.000 0.000
12.975 12.976 12.976 12.976 12.976 12.976 11.976 11.976 11.977 11.977 11.977 11.977 11.977 11.977 11.978 11.978 11.978 11.978 10.979 10.979 10.979 10.979 9.980 9.980 9.980 9.980 8.981 8.981 8.981 8.982 7.982 7.982 7.982 6.983 6.983 6.983 6.983 6.983 6.984 6.984 6.984 6.984 6.984 1.985 0.000 0.000 0.000 0.000 0.000 0.000 0.000 0.000 0.000 0.000 0.000 0.000 0.000 0.000 0.000 0.000 0.000 0.000 0.000 0.000 0.000 0.000 0.000 0.000 0.000 0.000 0.000 0.000 0.000 0.000 0.000 0.000
12.975 12.975 12.976 12.976 12.976 11.976 11.976 11.976 11.977 11.977 11.977 11.977 11.977 11.977 11.978 11.978 11.978 10.978 10.979 10.979 10.979 10.979 9.980 9.980 9.980 8.980 8.981 8.981 8.981 7.981 7.982 7.982 7.982 6.982 6.983 6.983 6.983 6.983 6.983 6.984 6.984 6.984 6.984 1.984 0.000 0.000 0.000 0.000 0.000 0.000 0.000 0.000 0.000 0.000 0.000 0.000 0.000 0.000 0.000 0.000 0.000 0.000 0.000 0.000 0.000 0.000 0.000 0.000 0.000 0.000 0.000 0.000 0.000 0.000 0.000 0.000
12.975 12.975 12.976 12.976 12.976 11.976 11.976 11.976 11.977 11.977 11.977 11.977 11.977 11.977 11.978 10.978 10.978 10.978 10.979 10.979 10.979 9.979 9.980 9.980 9.980 8.980 8.981 8.981 8.981 7.981 7.982 7.982 6.982 6.982 6.983 6.983 6.983 6.983 6.983 6.984 6.984 6.984 1.984 0.000 0.000 0.000 0.000 0.000 0.000 0.000 0.000 0.000 0.000 0.000 0.000 0.000 0.000 0.000 0.000 0.000 0.000 0.000 0.000 0.000 0.000 0.000 0.000 0.000 0.000 0.000 0.000 0.000 0.000 0.000 0.000 0.000
12.975 12.975 12.976 12.976 11.976 11.976 11.976 11.976 11.976 11.977 11.977 11.977 11.977 11.977 10.978 10.978 10.978 10.978 10.979 10.979 10.979 9.979 9.980 9.980 8.980 8.980 8.981 8.981 7.981 7.981 7.982 7.982 6.982 6.982 6.982 6.983 6.983 6.983 6.983 6.983 6.984 6.984 0.000 0.000 0.000 0.000 0.000 0.000 0.000 0.000 0.000 0.000 0.000 0.000 0.000 0.000 0.000 0.000 0.000 0.000 0.000 0.000 0.000 0.000 0.000 0.000 0.000 0.000 0.000 0.000 0.000 0.000 0.000 0.000 0.000 0.000
11.975 11.975 11.976 11.976 11.976 11.976 11.976 11.976 11.976 11.977 11.977 11.977 11.977 10.977 10.978 10.978 10.978 10.978 10.979 10.979 9.979 9.979 9.980 9.980 8.980 8.980 8.980 8.981 7.981 7.981 7.981 6.982 6.982 6.982 6.982 6.983 6.983 6.983 6.983 6.983 6.983 6.984 0.000 0.000 0.000 0.000 0.000 0.000 0.000 0.000 0.000 0.000 0.000 0.000 0.000 0.000 0.000 0.000 0.000 0.000 0.000 0.000 0.000 0.000 0.000 0.000 0.000 0.000 0.000 0.000 0.000 0.000 0.000 0.000 0.000 0.000
11.975 11.975 11.976 11.976 11.976 11.976 11.976 11.976 11.976 11.977 11.977 11.977 10.977 10.977 10.978 10.978 10.978 10.978 10.979 10.979 9.979 9.979 9.980 8.980 8.980 8.980 8.980 7.981 7.981 7.981 7.981 6.982 6.982 6.982 6.982 6.982 6.983 6.983 6.983 6.983 6.983 0.000 0.000 0.000 0.000 0.000 0.000 0.000 0.000 0.000 0.000 0.000 0.000 0.000 0.000 0.000 0.000 0.000 0.000 0.000 0.000 0.000 0.000 0.000 0.000 0.000 0.000 0.000 0.000 0.000 0.000 0.000 0.000 0.000 0.000 0.000
11.975 11.975 11.975 11.976 11.976 11.976 11.976 11.976 11.976 11.977 11.977 10.977 10.977 10.977 10.978 10.978 10.978 10.978 10.978 9.979 9.979 9.979 9.979 8.980 8.980 8.980 8.980 7.981 7.981 7.981 6.981 6.982 6.982 6.982 6.982 6.982 6.983 6.983 6.983 6.983 6.983 0.000 0.000 0.000 0.000 0.000 0.000 0.000 0.000 0.000 0.000 0.000 0.000 0.000 0.000 0.000 0.000 0.000 0.000 0.000 0.000 0.000 0.000 0.000 0.000 0.000 0.000 0.000 0.000 0.000 0.000 0.000 0.000 0.000 0.000 0.000
11.975 11.975 11.975 11.976 11.976 11.976 11.976 11.976 11.976 11.977 10.977 10.977 10.977 10.977 10.978 10.978 10.978 10.978 10.978 9.979 9.979 9.979 8.979 8.980 8.980 8.980 7.980 7.981 7.981 7.981 6.981 6.982 6.982 6.982 6.982 6.982 6.983 6.983 6.983 6.983 1.983 0.000 0.000 0.000 0.000 0.000 0.000 0.000 0.000 0.000 0.000 0.000 0.000 0.000 0.000 0.000 0.000 0.000 0.000 0.000 0.000 0.000 0.000 0.000 0.000 0.000 0.000 0.000 0.000 0.000 0.000 0.000 0.000 0.000 0.000 0.000
11.975 11.975 11.975 11.976 11.976 11.976 11.976 11.976 11.976 10.977 10.977 10.977 10.977 10.977 10.978 10.978 10.978 10.978 9.978 9.979 9.979 9.979 8.979 8.980 8.980 8.980 7.980 7.980 7.981 6.981 6.981 6.982 6.982 6.982 6.982 6.982 6.983 6.983 5.983 1.983 0.000 0.000 0.000 0.000 0.000 0.000 0.000 0.000 0.000 0.000 0.000 0.000 0.000 0.000 0.000 0.000 0.000 0.000 0.000 0.000 0.000 0.000 0.000 0.000 0.000 0.000 0.000 0.000 0.000 0.000 0.000 0.000 0.000 0.000 0.000 0.000
11.975 11.975 11.975 11.976 11.976 11.976 11.976 11.976 11.976 10.977 10.977 10.977 10.977 10.977 10.978 10.978 10.978 9.978 9.978 9.979 9.979 8.979 8.979 8.979 8.980 7.980 7.980 7.980 7.981 6.981 6.981 6.981 6.982 6.982 6.982 6.982 6.982 6.982 0.000 0.000 0.000 0.000 0.000 0.000 0.000 0.000 0.000 0.000 0.000 0.000 0.000 0.000 0.000 0.000 0.000 0.000 0.000 0.000 0.000 0.000 0.000 0.000 0.000 0.000 0.000 0.000 0.000 0.000 0.000 0.000 0.000 0.000 0.000 0.000 0.000 0.000
11.975 11.975 11.975 11.976 11.976 11.976 11.976 11.976 10.976 10.977 10.977 10.977 10.977 10.977 10.978 10.978 9.978 9.978 9.978 9.979 9.979 8.979 8.979 8.979 8.980 7.980 7.980 7.980 6.981 6.981 6.981 6.981 6.982 6.982 6.982 6.982 6.982 6.982 0.000 0.000 0.000 0.000 0.000 0.000 0.000 0.000 0.000 0.000 0.000 0.000 0.000 0.000 0.000 0.000 0.000 0.000 0.000 0.000 0.000 0.000 0.000 0.000 0.000 0.000 0.000 0.000 0.000 0.000 0.000 0.000 0.000 0.000 0.000 0.000 0.000 0.000
11.975 11.975 11.975 11.976 11.976 11.976 11.976 10.976 10.977 10.977 10.977 10.977 10.977 10.977 10.978 9.978 9.978 9.978 9.978 9.979 8.979 8.979 8.979 8.979 7.980 7.980 7.980 7.980 6.980 6.981 6.981 6.981 6.981 6.982 6.982 6.982 6.982 0.000 0.000 0.000 0.000 0.000 0.000 0.000 0.000 0.000 0.000 0.000 0.000 0.000 0.000 0.000 0.000 0.000 0.000 0.000 0.000 0.000 0.000 0.000 0.000 0.000 0.000 0.000 0.000 0.000 0.000 0.000 0.000 0.000 0.000 0.000 0.000 0.000 0.000 0.000
11.975 11.975 11.976 11.976 11.976 11.976 10.976 10.976 10.977 10.977 10.977 10.977 10.977 10.978 9.978 9.978 9.978 9.978 9.978 9.979 8.979 8.979 8.979 8.979 7.980 7.980 7.980 7.980 6.980 6.981 6.981 6.981 6.981 6.981 6.982 6.982 0.000 0.000 0.000 0.000 0.000 0.000 0.000 0.000 0.000 0.000 0.000 0.000 0.000 0.000 0.000 0.000 0.000 0.000 0.000 0.000 0.000 0.000 0.000 0.000 0.000 0.000 0.000 0.000 0.000 0.000 0.000 0.000 0.000 0.000 0.000 0.000 0.000 0.000 0.000 0.000
11.975 11.975 11.976 11.976 11.976 10.976 10.976 10.976 10.977 10.977 10.977 10.977 10.977 9.978 9.978 9.978 9.978 9.978 9.978 8.979 8.979 8.979 8.979 7.979 7.979 7.980 7.980 6.980 6.980 6.981 6.981 6.981 6.981 6.981 6.981 0.982 0.000 0.000 0.000 0.000 0.000 0.000 0.000 0.000 0.000 0.000 0.000 0.000 0.000 0.000 0.000 0.000 0.000 0.000 0.000 0.000 0.000 0.000 0.000 0.000 0.000 0.000 0.000 0.000 0.000 0.000 0.000 0.000 0.000 0.000 0.000 0.000 0.000 0.000 0.000 0.000
11.975 11.975 11.976 11.976 10.976 10.976 10.976 10.977 10.977 10.977 10.977 10.977 9.977 9.978 9.978 9.978 9.978 9.978 9.979 8.979 8.979 8.979 8.979 7.979 7.979 7.980 7.980 6.980 6.980 6.980 6.981 6.981 6.981 6.981 6.981 0.982 0.000 0.000 0.000 0.000 0.000 0.000 0.000 0.000 0.000 0.000 0.000 0.000 0.000 0.000 0.000 0.000 0.000 0.000 0.000 0.000 0.000 0.000 0.000 0.000 0.000 0.000 0.000 0.000 0.000 0.000 0.000 0.000 0.000 0.000 0.000 0.000 0.000 0.000 0.000 0.000
11.975 11.975 10.976 10.976 10.976 10.976 10.976 10.977 10.977 10.977 10.977 9.977 9.977 9.978 9.978 9.978 9.978 9.978 8.979 8.979 8.979 8.979 7.979 7.979 7.979 7.980 6.980 6.980 6.980 6.980 6.980 6.981 6.981 6.981 3.981 0.000 0.000 0.000 0.000 0.000 0.000 0.000 0.000 0.000 0.000 0.000 0.000 0.000 0.000 0.000 0.000 0.000 0.000 0.000 0.000 0.000 0.000 0.000 0.000 0.000 0.000 0.000 0.000 0.000 0.000 0.000 0.000 0.000 0.000 0.000 0.000 0.000 0.000 0.000 0.000 0.000
10.975 10.976 10.976 10.976 10.976 10.976 10.976 10.977 10.977 10.977 9.977 9.977 9.977 9.978 9.978 9.978 9.978 8.978 8.979 8.979 8.979 8.979 7.979 7.979 7.979 7.980 6.980 6.980 6.980 6.980 6.980 6.980 6.981 6.981 3.981 0.000 0.000 0.000 0.000 0.000 0.000 0.000 0.000 0.000 0.000 0.000 0.000 0.000 0.000 0.000 0.000 0.000 0.000 0.000 0.000 0.000 0.000 0.000 0.000 0.000 0.000 0.000 0.000 0.000 0.000 0.000 0.000 0.000 0.000 0.000 0.000 0.000 0.000 0.000 0.000 0.000
10.975 10.976 10.976 10.976 10.976 10.976 10.977 10.977 10.977 9.977 9.977 9.977 9.977 9.978 9.978 9.978 8.978 8.978 8.979 8.979 8.979 7.979 7.979 7.979 7.979 7.980 6.980 6.980 6.980 6.980 6.980 6.980 6.981 6.981 2.981 0.000 0.000 0.000 0.000 0.000 0.000 0.000 0.000 0.000 0.000 0.000 0.000 0.000 0.000 0.000 0.000 0.000 0.000 0.000 0.000 0.000 0.000 0.000 0.000 0.000 0.000 0.000 0.000 0.000 0.000 0.000 0.000 0.000 0.000 0.000 0.000 0.000 0.000 0.000 0.000 0.000
10.975 10.976 10.976 10.976 10.976 10.976 10.977 10.977 9.977 9.977 9.977 9.977 9.977 9.978 9.978 8.978 8.978 8.978 8.979 8.979 8.979 7.979 7.979 7.979 7.979 6.979 6.980 6.980 6.980 6.980 6.980 6.980 6.980 1.981 0.000 0.000 0.000 0.000 0.000 0.000 0.000 0.000 0.000 0.000 0.000 0.000 0.000 0.000 0.000 0.000 0.000 0.000 0.000 0.000 0.000 0.000 0.000 0.000 0.000 0.000 0.000 0.000 0.000 0.000 0.000 0.000 0.000 0.000 0.000 0.000 0.000 0.000 0.000 0.000 0.000 0.000
10.975 10.976 10.976 10.976 10.976 10.976 10.976 9.977 9.977 9.977 9.977 9.977 9.977 9.978 8.978 8.978 8.978 8.978 8.978 8.979 7.979 7.979 7.979 7.979 7.979 6.979 6.980 6.980 6.980 6.980 6.980 6.980 6.980 0.000 0.000 0.000 0.000 0.000 0.000 0.000 0.000 0.000 0.000 0.000 0.000 0.000 0.000 0.000 0.000 0.000 0.000 0.000 0.000 0.000 0.000 0.000 0.000 0.000 0.000 0.000 0.000 0.000 0.000 0.000 0.000 0.000 0.000 0.000 0.000 0.000 0.000 0.000 0.000 0.000 0.000 0.000
10.976 10.976 10.976 10.976 10.976 10.976 9.976 9.977 9.977 9.977 9.977 9.977 9.978 8.978 8.978 8.978 8.978 8.978 8.978 8.979 7.979 7.979 7.979 7.979 6.979 6.979 6.980 6.980 6.980 6.980 6.980 6.980 0.000 0.000 0.000 0.000 0.000 0.000 0.000 0.000 0.000 0.000 0.000 0.000 0.000 0.000 0.000 0.000 0.000 0.000 0.000 0.000 0.000 0.000 0.000 0.000 0.000 0.000 0.000 0.000 0.000 0.000 0.000 0.000 0.000 0.000 0.000 0.000 0.000 0.000 0.000 0.000 0.000 0.000 0.000 0.000
