includes/mahajanga_coast/floodfiles/results_R2_t1.688026134693E12/res-0001.wd
ncols         269
nrows         308
xllcorner     384108.384600
yllcorner     1149646.260900
cellsize      30.000000
NODATA_value  -9999.000000
[rows 170 to 203 of 308, columns 0 to 76 of 269]
10.298 10.298 9.298 9.298 9.298 9.298 9.298 9.298 9.298 9.298 9.299 9.299 9.299 9.299 9.299 9.299 8.299 8.299 8.299 8.299 8.299 8.299 8.299 8.299 8.299 8.300 8.300 8.300 8.300 8.300 7.300 7.300 7.300 7.300 7.300 7.300 7.300 7.300 6.300 6.300 6.300 6.300 6.300 5.300 5.300 5.300 5.301 5.301 4.301 4.301 4.301 4.302 3.302 3.302 3.302 2.303 2.303 2.303 2.303 1.304 1.304 1.304 1.304 1.304 1.304 1.305 1.305 1.305 1.305 1.304 1.304 1.304 0.000 0.000 0.000 0.000 0.000
10.298 10.298 9.298 9.298 9.298 9.298 9.298 9.298 9.299 9.299 9.299 9.299 9.299 9.299 9.299 9.299 9.299 8.299 8.299 8.299 8.299 8.299 8.299 8.299 8.299 8.300 8.300 8.300 8.300 8.300 7.300 7.300 7.300 7.300 7.300 7.300 7.300 7.300 6.300 6.300 6.300 6.300 6.300 5.300 5.300 5.301 5.301 5.301 4.301 4.301 4.301 4.302 3.302 3.302 3.302 2.303 2.303 2.303 2.303 1.304 1.304 1.304 1.304 1.304 1.305 1.305 1.305 1.305 1.305 1.304 1.304 0.000 0.000 0.000 0.000 0.000 0.000
10.298 10.298 9.298 9.298 9.298 9.298 9.298 9.299 9.299 9.299 9.299 9.299 9.299 9.299 9.299 9.299 9.299 9.299 8.299 8.299 8.299 8.299 8.299 8.299 8.299 8.300 8.300 8.300 8.300 8.300 7.300 7.300 7.300 7.300 7.300 7.300 7.300 7.300 6.300 6.300 6.300 6.300 6.300 5.300 5.300 5.301 5.301 5.301 4.301 4.301 4.301 4.302 3.302 3.302 3.302 2.303 2.303 2.304 1.304 1.304 1.304 1.304 1.304 1.304 1.305 1.305 1.305 1.305 1.305 1.304 0.000 0.000 0.000 0.000 0.000 0.000 0.000
10.298 10.298 9.298 9.298 9.298 9.298 9.299 9.299 9.299 9.299 9.299 9.299 9.299 9.299 9.299 9.299 9.299 9.299 9.299 9.299 8.299 8.299 8.299 8.299 8.299 8.300 8.300 8.300 8.300 8.300 7.300 7.300 7.300 7.300 7.300 7.300 7.300 7.300 6.300 6.300 6.300 6.300 6.300 5.300 5.300 5.301 5.301 5.301 4.301 4.301 4.301 4.302 3.302 3.302 3.302 2.303 2.303 2.304 1.304 1.304 1.304 1.304 1.304 1.305 1.305 1.305 1.305 1.305 1.305 0.000 0.000 0.000 0.000 0.000 0.000 0.000 0.000
10.298 10.298 9.298 9.298 9.298 9.298 9.299 9.299 9.299 9.299 9.299 9.299 9.299 9.299 9.299 9.299 9.299 9.299 9.299 9.299 9.299 8.299 8.299 8.299 8.299 8.300 8.300 8.300 8.300 8.300 8.300 7.300 7.300 7.300 7.300 7.300 7.300 7.300 6.300 6.300 6.300 6.300 6.300 5.300 5.301 5.301 5.301 5.301 4.301 4.301 4.301 4.302 3.302 3.302 3.303 2.303 2.303 2.304 1.304 1.304 1.304 1.304 1.304 1.305 1.305 1.305 1.305 1.305 1.305 0.000 0.000 0.000 0.000 0.000 0.000 0.000 0.000
10.298 10.298 9.298 9.298 9.298 9.298 9.298 9.299 9.299 9.299 9.299 9.299 9.299 9.299 9.299 9.299 9.299 9.299 9.299 9.299 9.299 8.299 8.299 8.299 8.299 8.299 8.300 8.300 8.300 8.300 8.300 7.300 7.300 7.300 7.300 7.300 7.300 7.300 6.300 6.300 6.300 6.300 6.300 5.300 5.301 5.301 5.301 5.301 4.301 4.301 4.301 4.302 3.302 3.302 3.303 2.303 2.303 2.304 1.304 1.304 1.304 1.304 1.304 1.304 1.305 1.305 1.305 1.305 0.000 0.000 0.000 0.000 0.000 0.000 0.000 0.000 0.000
10.298 10.298 9.298 9.298 9.298 9.298 9.299 9.299 9.299 9.299 9.299 9.299 9.299 9.299 9.299 9.299 9.299 9.299 9.299 9.299 9.299 9.299 8.299 8.299 8.299 8.299 8.300 8.300 8.300 8.300 8.300 7.300 7.300 7.300 7.300 7.300 7.300 7.300 6.300 6.300 6.300 6.300 6.300 5.300 5.301 5.301 5.301 5.301 4.301 4.301 4.301 4.302 3.302 3.302 3.302 2.303 2.303 2.304 1.304 1.304 1.305 1.305 1.304 1.304 1.304 1.305 1.305 0.000 0.000 0.000 0.000 0.000 0.000 0.000 0.000 0.000 0.000
10.298 10.298 9.298 9.298 9.298 9.298 9.299 9.299 9.299 9.299 9.299 9.299 9.299 9.299 9.299 9.299 9.299 9.299 9.299 9.299 9.299 9.299 9.299 8.299 8.299 8.299 8.300 8.300 8.300 8.300 8.300 7.300 7.300 7.300 7.300 7.300 7.300 7.300 6.300 6.300 6.300 6.300 6.300 5.300 5.301 5.301 5.301 5.301 4.301 4.301 4.301 4.302 3.302 3.302 3.302 2.303 2.303 1.304 1.304 1.304 1.305 1.305 1.304 1.304 1.304 1.304 0.000 0.000 0.000 0.000 0.000 0.000 0.000 0.000 0.000 0.000 0.000
10.298 10.298 9.298 9.298 9.298 9.298 9.299 9.299 9.299 9.299 9.299 9.299 9.299 9.299 9.299 9.299 9.299 9.299 9.299 9.299 9.299 9.299 9.299 8.299 8.299 8.299 8.300 8.300 8.300 8.300 8.300 7.300 7.300 7.300 7.300 7.300 7.300 7.300 6.300 6.300 6.300 6.300 6.300 5.300 5.301 5.301 5.301 5.301 4.301 4.301 4.301 4.301 3.302 3.302 3.302 2.303 2.303 1.303 1.304 1.304 1.304 1.305 1.304 1.304 1.304 0.000 0.000 0.000 0.000 0.000 0.000 0.000 0.000 0.000 0.000 0.000 0.000
10.298 10.298 9.298 9.298 9.298 9.298 9.299 9.299 9.299 9.299 9.299 9.299 9.299 9.299 9.299 9.299 9.299 9.299 9.299 9.299 9.299 9.299 9.299 8.299 8.299 8.299 8.300 8.300 8.300 8.300 8.300 7.300 7.300 7.300 7.300 7.300 7.300 7.300 6.300 6.300 6.300 6.300 6.300 5.300 5.301 5.301 5.301 5.301 4.301 4.301 4.301 4.301 3.302 3.302 2.302 2.302 2.303 1.303 1.304 1.304 1.304 1.304 1.304 1.304 0.000 0.000 0.000 0.000 0.000 0.000 0.000 0.000 0.000 0.000 0.000 0.000 0.000
10.298 10.298 9.298 9.298 9.298 9.299 9.299 9.299 9.299 9.299 9.299 9.299 9.299 9.299 9.299 9.299 9.299 9.299 9.299 9.299 9.299 9.299 9.299 9.299 8.299 8.299 8.300 8.300 8.300 8.300 8.300 8.300 7.300 7.300 7.300 7.300 7.300 7.300 6.300 6.300 6.300 6.300 6.300 5.300 5.301 5.301 5.301 5.301 4.301 4.301 4.301 4.301 3.302 3.302 2.302 2.302 2.303 1.303 1.303 1.304 1.304 1.304 0.000 0.000 0.000 0.000 0.000 0.000 0.000 0.000 0.000 0.000 0.000 0.000 0.000 0.000 0.000
10.298 10.298 9.298 9.298 9.298 9.299 9.299 9.299 9.299 9.299 9.299 9.299 9.299 9.299 9.299 9.299 9.299 9.299 9.299 9.299 9.299 9.299 9.299 9.299 8.299 8.299 8.300 8.300 8.300 8.300 8.300 8.300 7.300 7.300 7.300 7.300 7.300 7.300 6.300 6.300 6.300 6.300 6.300 5.300 5.301 5.301 5.301 5.301 4.301 4.301 4.301 4.301 3.302 3.302 2.302 2.302 2.302 1.303 1.303 1.303 1.304 0.000 0.000 0.000 0.000 0.000 0.000 0.000 0.000 0.000 0.000 0.000 0.000 0.000 0.000 0.000 0.000
10.298 10.298 9.298 9.298 9.299 9.299 9.299 9.299 9.299 9.299 9.299 9.299 9.299 9.299 9.299 9.299 9.299 9.299 9.299 9.299 9.299 9.299 9.299 9.299 9.299 8.300 8.300 8.300 8.300 8.300 8.300 8.300 7.300 7.300 7.300 7.300 7.300 7.300 6.300 6.300 6.300 6.300 6.300 5.300 5.301 5.301 5.301 5.301 4.301 4.301 4.301 4.302 3.302 3.302 2.302 2.302 2.302 1.302 1.303 1.303 0.000 0.000 0.000 0.000 0.000 0.000 0.000 0.000 0.000 0.000 0.000 0.000 0.000 0.000 0.000 0.000 0.000
10.298 10.298 10.298 9.298 9.299 9.299 9.299 9.299 9.299 9.299 9.299 9.299 9.299 9.299 9.299 9.299 9.299 9.299 9.299 9.299 9.299 9.299 9.299 9.299 9.299 8.300 8.300 8.300 8.300 8.300 8.300 8.300 7.300 7.300 7.300 7.300 7.300 7.300 6.300 6.300 6.300 6.300 6.300 5.300 5.301 5.301 5.301 4.301 4.301 4.301 4.301 3.301 3.302 3.302 2.302 2.302 1.302 1.302 0.000 0.000 0.000 0.000 0.000 0.000 0.000 0.000 0.000 0.000 0.000 0.000 0.000 0.000 0.000 0.000 0.000 0.000 0.000
10.298 10.298 10.298 9.298 9.299 9.299 9.299 9.299 9.299 9.299 9.299 9.299 9.299 9.299 9.299 9.299 9.299 9.299 9.299 9.299 9.299 9.299 9.299 9.299 9.300 8.300 8.300 8.300 8.300 8.300 8.300 8.300 7.300 7.300 7.300 7.300 7.300 7.300 6.300 6.300 6.300 6.300 6.300 5.300 5.300 5.301 5.301 4.301 4.301 4.301 4.301 3.301 3.302 3.302 2.302 2.302 1.302 0.000 0.000 0.000 0.000 0.000 0.000 0.000 0.000 0.000 0.000 0.000 0.000 0.000 0.000 0.000 0.000 0.000 0.000 0.000 0.000
10.298 10.298 10.298 9.298 9.299 9.299 9.299 9.299 9.299 9.299 9.299 9.299 9.299 9.299 9.299 9.299 9.299 9.299 9.299 9.299 9.299 9.299 9.299 9.299 9.300 9.300 8.300 8.300 8.300 8.300 8.300 8.300 7.300 7.300 7.300 7.300 7.300 7.300 6.300 6.300 6.300 6.300 5.300 5.300 5.300 5.300 5.301 4.301 4.301 4.301 4.301 3.302 3.302 3.302 2.302 2.302 1.302 0.000 0.000 0.000 0.000 0.000 0.000 0.000 0.000 0.000 0.000 0.000 0.000 0.000 0.000 0.000 0.000 0.000 0.000 0.000 0.000
10.298 10.298 10.298 10.299 9.299 9.299 9.299 9.299 9.299 9.299 9.299 9.299 9.299 9.299 9.299 9.299 9.299 9.299 9.299 9.299 9.299 9.299 9.299 9.299 9.300 9.300 8.300 8.300 8.300 8.300 8.300 8.300 7.300 7.300 7.300 7.300 7.300 7.300 6.300 6.300 6.300 6.300 5.300 5.300 5.300 5.300 5.301 4.301 4.301 4.301 4.301 3.302 3.302 2.302 2.302 2.302 1.302 0.000 0.000 0.000 0.000 0.000 0.000 0.000 0.000 0.000 0.000 0.000 0.000 0.000 0.000 0.000 0.000 0.000 0.000 0.000 0.000
10.298 10.298 10.298 10.298 10.299 9.299 9.299 9.299 9.299 9.299 9.299 9.299 9.299 9.299 9.299 9.299 9.299 9.299 9.299 9.299 9.299 9.299 9.299 9.300 9.300 9.300 8.300 8.300 8.300 8.300 8.300 8.300 7.300 7.300 7.300 7.300 7.300 7.300 6.300 6.300 6.300 6.300 5.300 5.300 5.300 5.300 5.301 4.301 4.301 4.301 4.301 3.302 3.302 2.302 2.302 2.302 0.000 0.000 0.000 0.000 0.000 0.000 0.000 0.000 0.000 0.000 0.000 0.000 0.000 0.000 0.000 0.000 0.000 0.000 0.000 0.000 0.000
10.298 10.298 10.298 10.298 10.299 9.299 9.299 9.299 9.299 9.299 9.299 9.299 9.299 9.299 9.299 9.299 9.299 9.299 9.299 9.299 9.299 9.299 9.299 9.300 9.300 9.300 8.300 8.300 8.300 8.300 8.300 8.300 7.300 7.300 7.300 7.300 7.300 7.300 6.300 6.300 6.300 6.300 5.300 5.300 5.300 5.300 4.301 4.301 4.301 4.301 4.301 3.301 3.302 2.302 2.302 2.302 0.000 0.000 0.000 0.000 0.000 0.000 0.000 0.000 0.000 0.000 0.000 0.000 0.000 0.000 0.000 0.000 0.000 0.000 0.000 0.000 0.000
10.298 10.298 10.298 10.298 10.298 9.299 9.299 9.299 9.299 9.299 9.299 9.299 9.299 9.299 9.299 9.299 9.299 9.299 9.299 9.299 9.299 9.299 9.299 9.300 9.300 9.300 8.300 8.300 8.300 8.300 8.300 8.300 7.300 7.300 7.300 7.300 7.300 7.300 6.300 6.300 6.300 6.300 5.300 5.300 5.300 5.301 4.301 4.301 4.301 4.301 4.301 3.301 3.301 2.302 2.302 2.302 0.000 0.000 0.000 0.000 0.000 0.000 0.000 0.000 0.000 0.000 0.000 0.000 0.000 0.000 0.000 0.000 0.000 0.000 0.000 0.000 0.000
10.298 10.298 10.298 10.298 10.298 10.299 10.299 10.299 10.299 10.299 10.299 10.299 10.299 10.299 10.299 10.299 10.299 10.299 10.299 10.299 10.299 9.299 9.300 9.300 9.300 9.300 9.300 8.300 8.300 8.300 8.300 8.300 8.300 7.300 7.300 7.300 7.300 7.300 6.300 6.300 6.300 6.300 5.300 5.300 5.301 5.301 4.301 4.301 4.301 4.301 3.301 3.301 3.301 2.301 2.302 1.302 0.000 0.000 0.000 0.000 0.000 0.000 0.000 0.000 0.000 0.000 0.000 0.000 0.000 0.000 0.000 0.000 0.000 0.000 0.000 0.000 0.000
10.298 10.298 10.298 10.298 10.298 10.299 10.299 10.299 10.299 10.299 10.299 10.299 10.299 10.299 10.299 10.299 10.299 10.299 10.299 10.299 10.299 9.299 9.300 9.300 9.300 9.300 9.300 8.300 8.300 8.300 8.300 8.300 8.300 7.300 7.300 7.300 7.300 7.300 6.300 6.300 6.300 6.300 5.300 5.301 5.301 5.301 4.301 4.301 4.301 4.301 3.301 3.301 3.301 2.301 0.000 0.000 0.000 0.000 0.000 0.000 0.000 0.000 0.000 0.000 0.000 0.000 0.000 0.000 0.000 0.000 0.000 0.000 0.000 0.000 0.000 0.000 0.000
10.298 10.298 10.298 10.298 10.299 10.299 10.299 10.299 10.299 10.299 10.299 10.299 10.299 10.299 10.299 10.299 10.299 10.299 10.299 10.299 10.299 9.299 9.300 9.300 9.300 9.300 9.300 8.300 8.300 8.300 8.300 8.300 8.300 7.300 7.300 7.300 7.300 7.300 6.300 6.301 6.300 6.301 5.301 5.301 5.301 5.301 4.301 4.301 4.301 4.301 3.301 0.300 0.000 0.000 0.000 0.000 0.000 0.000 0.000 0.000 0.000 0.000 0.000 0.000 0.000 0.000 0.000 0.000 0.000 0.000 0.000 0.000 0.000 0.000 0.000 0.000 0.000
10.298 10.298 10.298 10.298 10.299 10.299 10.299 10.299 10.299 10.299 10.299 10.299 10.299 10.299 10.299 10.299 10.299 10.299 10.299 10.299 10.299 10.299 9.300 9.300 9.300 9.300 9.300 8.300 8.300 8.300 8.300 8.300 8.300 7.300 7.300 7.300 7.300 7.300 6.301 6.301 6.301 6.301 5.301 5.301 5.301 5.301 4.301 4.301 4.301 0.000 0.000 0.000 0.000 0.000 0.000 0.000 0.000 0.000 0.000 0.000 0.000 0.000 0.000 0.000 0.000 0.000 0.000 0.000 0.000 0.000 0.000 0.000 0.000 0.000 0.000 0.000 0.000
10.298 10.298 10.298 10.298 10.299 10.299 10.299 10.299 10.299 10.299 10.299 10.299 10.299 10.299 10.299 10.299 10.299 10.299 10.299 10.299 10.299 10.299 9.300 9.300 9.300 9.300 9.300 8.300 8.300 8.300 8.300 8.300 8.300 0.000 0.000 0.000 0.000 0.000 6.301 6.301 6.301 5.301 5.301 5.301 5.301 0.000 0.301 0.000 0.000 0.000 0.000 0.000 0.000 0.000 0.000 0.000 0.000 0.000 0.000 0.000 0.000 0.000 0.000 0.000 0.000 0.000 0.000 0.000 0.000 0.000 0.000 0.000 0.000 0.000 0.000 0.000 0.000
10.298 10.298 10.298 10.298 10.299 10.299 10.299 10.299 10.299 10.299 10.299 10.299 10.299 10.299 10.299 10.299 10.299 10.299 10.299 10.299 10.299 10.299 9.299 9.300 9.300 9.300 9.300 9.300 8.300 8.300 0.000 0.000 0.000 0.000 0.000 0.000 0.000 0.000 0.000 0.000 0.000 0.000 0.000 0.000 0.000 0.000 0.000 0.000 0.000 0.000 0.000 0.000 0.000 0.000 0.000 0.000 0.000 0.000 0.000 0.000 0.000 0.000 0.000 0.000 0.000 0.000 0.000 0.000 0.000 0.000 0.000 0.000 0.000 0.000 0.000 0.000 0.000
10.298 10.298 10.298 10.298 10.299 10.299 10.299 10.299 10.299 10.299 10.299 10.299 10.299 10.299 10.299 10.299 10.299 10.299 10.299 10.299 10.299 10.299 10.299 9.300 9.300 9.300 9.300 0.000 0.000 0.000 0.000 0.000 0.000 0.000 0.000 0.000 0.000 0.000 0.000 0.000 0.000 0.000 0.000 0.000 0.000 0.000 0.000 0.000 0.000 0.000 0.000 0.000 0.000 0.000 0.000 0.000 0.000 0.000 0.000 0.000 0.000 0.000 0.000 0.000 0.000 0.000 0.000 0.000 0.000 0.000 0.000 0.000 0.000 0.000 0.000 0.000 0.000
10.298 10.298 10.298 10.298 10.299 10.299 10.299 10.299 10.299 10.299 10.299 10.299 10.299 10.299 10.299 10.299 10.299 10.299 10.299 10.299 10.299 10.299 10.299 9.299 9.300 9.300 9.300 0.000 0.000 0.000 0.000 0.000 0.000 7.298 7.298 7.299 7.299 6.299 0.000 0.000 0.298 0.297 0.298 0.000 0.000 0.000 0.000 0.000 0.000 0.000 0.000 0.000 0.000 0.000 0.000 0.000 0.000 0.000 0.000 0.000 0.000 0.000 0.000 0.000 0.000 0.000 0.000 0.000 0.000 0.000 0.000 0.000 0.000 0.000 0.000 0.000 0.000
10.298 10.298 10.298 10.298 10.299 10.299 10.299 10.299 10.299 10.299 10.299 10.299 10.299 10.299 10.299 10.299 10.299 10.299 10.299 10.299 10.299 10.299 10.299 9.299 9.300 0.000 0.000 0.000 0.000 0.000 8.298 8.298 8.298 7.298 7.298 7.299 7.299 6.299 6.299 6.299 6.299 5.299 0.298 0.000 0.000 0.000 0.000 0.000 0.000 0.000 0.000 0.000 0.000 0.000 0.000 0.000 0.000 0.000 0.000 0.000 0.000 0.000 0.000 0.000 0.000 0.000 0.000 0.000 0.000 0.000 0.000 0.000 0.000 0.000 0.000 0.000 0.000
10.298 10.298 10.298 10.298 10.299 10.299 10.299 10.299 10.299 10.299 10.299 10.299 10.299 10.299 10.299 10.299 10.299 10.299 10.299 10.299 10.299 10.299 10.299 9.299 0.299 0.000 0.000 0.000 8.299 8.298 8.299 8.299 8.298 7.298 7.298 7.298 7.299 6.299 6.299 6.299 6.299 5.299 5.299 0.000 0.000 0.000 0.000 0.000 0.000 0.000 0.000 0.000 0.000 0.000 0.000 0.000 0.000 0.000 0.000 0.000 0.000 0.000 0.000 0.000 0.000 0.000 0.000 0.000 0.000 0.000 0.000 0.000 0.000 0.000 0.000 0.000 0.000
10.298 10.298 10.298 10.298 10.298 10.299 10.299 10.299 10.299 10.299 10.299 10.299 10.299 10.299 10.299 10.299 10.299 10.299 10.299 10.299 10.299 10.299 10.299 0.000 0.000 0.000 0.000 9.298 8.299 8.299 8.299 8.299 8.299 7.298 7.299 7.299 7.299 6.299 6.299 6.299 6.299 5.299 5.299 0.000 0.000 0.000 0.000 0.000 0.000 0.000 0.000 0.000 0.000 0.000 0.000 0.000 0.000 0.000 0.000 0.000 0.000 0.000 0.000 0.000 0.000 0.000 0.000 0.000 0.000 0.000 0.000 0.000 0.000 0.000 0.000 0.000 0.000
11.298 10.298 10.298 10.298 10.298 10.298 10.299 10.299 10.299 10.299 10.299 10.299 10.299 10.299 10.299 10.299 10.299 10.299 10.299 10.299 10.299 10.299 10.299 9.299 0.000 9.299 9.299 9.299 8.299 8.299 8.299 8.299 8.299 7.299 7.299 7.299 7.299 6.299 6.299 6.299 6.299 5.299 5.299 5.299 5.299 0.000 0.000 0.000 0.000 0.000 0.000 0.000 0.000 0.000 0.000 0.000 0.000 0.000 0.000 0.000 0.000 0.000 0.000 0.000 0.000 0.000 0.000 0.000 0.000 0.000 0.000 0.000 0.000 0.000 0.000 0.000 0.000
11.298 11.298 10.298 10.298 10.298 10.299 10.299 10.299 10.299 10.299 10.299 10.299 10.299 10.299 10.299 10.299 10.299 10.299 10.299 10.299 10.299 10.299 10.299 9.299 9.299 9.299 9.299 9.299 8.299 8.299 8.299 8.299 8.299 7.299 7.299 7.299 7.299 6.299 6.299 6.299 6.299 5.299 5.299 5.299 5.299 4.300 0.000 0.000 0.000 0.000 0.000 0.000 0.000 0.000 0.000 0.000 0.000 0.000 0.000 0.000 0.000 0.000 0.000 0.000 0.000 0.000 0.000 0.000 0.000 0.000 0.000 0.000 0.000 0.000 0.000 0.000 0.000
11.298 11.298 11.298 10.298 10.298 10.299 10.299 10.299 10.299 10.299 10.299 10.299 10.299 10.299 10.299 10.299 10.299 10.299 10.299 10.299 10.299 10.299 10.299 9.299 9.299 9.299 9.299 9.299 8.299 8.299 8.299 8.299 8.299 7.299 7.299 7.299 7.299 6.299 6.299 6.299 6.299 5.299 5.299 5.299 5.299 4.300 0.000 0.000 0.000 0.000 0.000 0.000 0.000 0.000 0.000 0.000 0.000 0.000 0.000 0.000 0.000 0.000 0.000 0.000 0.000 0.000 0.000 0.000 0.000 0.000 0.000 0.000 0.000 0.000 0.000 0.000 0.000
