includes/mahajanga_coast/floodfiles/results_R2_t1.688026134693E12/res-0004.wd
ncols         269
nrows         308
xllcorner     384108.384600
yllcorner     1149646.260900
cellsize      30.000000
NODATA_value  -9999.000000
[rows 34 to 67 of 308, columns 0 to 75 of 269]
12.838 12.837 12.837 12.836 12.836 12.836 12.835 12.835 12.834 12.834 12.833 12.833 12.832 12.832 12.832 12.831 12.831 12.831 12.830 12.830 12.830 12.830 12.829 12.829 12.829 12.828 12.828 12.828 12.827 12.827 12.827 12.826 12.826 13.826 13.826 13.826 13.826 13.826 13.826 13.825 13.825 13.825 13.825 13.825 13.825 13.825 13.825 13.824 13.824 13.824 13.824 13.824 13.824 13.824 12.824 12.824 12.824 12.823 12.823 12.823 12.823 12.823 12.823 12.823 12.823 12.823 12.823 12.823 12.823 12.823 12.823 12.823 12.823 12.823 12.823 12.823
12.838 12.837 12.837 12.836 12.836 12.835 12.835 12.835 12.834 12.834 12.833 12.833 12.832 12.832 12.832 12.831 12.831 12.831 12.830 12.830 12.830 12.829 12.829 12.829 12.829 12.828 12.828 12.828 12.827 12.827 12.827 12.826 12.826 12.826 12.826 13.826 13.826 13.825 13.825 13.825 13.825 13.825 13.825 13.825 13.825 13.824 13.824 13.824 13.824 13.824 13.824 13.824 12.824 12.823 12.823 12.823 12.823 12.823 12.823 12.823 12.823 12.823 12.823 12.823 12.823 12.823 12.823 12.823 12.823 12.823 12.823 12.822 12.822 12.823 12.823 12.823
12.838 12.837 12.837 12.836 12.836 12.835 12.835 12.834 12.834 12.834 12.833 12.833 12.832 12.832 12.831 12.831 12.831 12.830 12.830 12.830 12.829 12.829 12.829 12.829 12.828 12.828 12.828 12.827 12.827 12.827 12.826 12.826 12.826 12.826 12.826 12.825 12.825 12.825 12.825 12.825 12.825 12.825 12.824 12.824 12.824 12.824 12.824 12.824 12.824 12.824 12.824 12.823 12.823 12.823 12.823 12.823 12.823 12.823 12.823 12.823 12.823 12.822 12.822 12.822 12.822 12.822 12.822 12.822 12.822 12.822 12.822 12.822 12.822 12.822 12.822 12.822
12.838 12.837 12.837 12.836 12.836 12.835 12.835 12.834 12.834 12.833 12.833 12.833 12.832 12.832 12.831 12.831 12.831 12.830 12.830 12.830 12.829 12.829 12.829 12.828 12.828 12.828 12.827 12.827 12.827 12.827 12.826 12.826 12.826 12.826 12.825 12.825 12.825 12.825 12.825 12.825 12.824 12.824 12.824 12.824 12.824 12.824 12.824 12.824 12.824 12.823 12.823 12.823 12.823 12.823 12.823 12.823 12.823 12.822 12.822 12.822 12.822 12.822 12.822 12.822 12.822 12.822 12.822 12.822 12.822 12.822 12.822 12.822 12.822 12.822 12.822 12.822
12.838 12.837 12.837 12.836 12.836 12.835 12.835 12.834 12.834 12.833 12.833 12.832 12.832 12.832 12.831 12.831 12.830 12.830 12.830 12.829 12.829 12.829 12.829 12.828 12.828 12.828 12.827 12.827 12.827 12.826 12.826 12.826 12.826 12.825 12.825 12.825 12.825 12.825 12.824 12.824 12.824 12.824 12.824 12.824 12.824 12.824 12.824 12.823 12.823 12.823 12.823 12.823 12.823 12.823 12.822 12.822 12.822 12.822 12.822 12.822 12.822 12.822 12.822 12.822 12.822 12.822 12.822 12.822 12.822 12.822 12.822 12.822 12.822 12.822 12.822 12.822
12.838 12.837 12.837 12.836 12.836 12.835 12.835 12.834 12.834 12.833 12.833 12.832 12.832 12.831 12.831 12.830 12.830 12.830 12.829 12.829 12.829 12.829 12.828 12.828 12.828 12.827 12.827 12.827 12.826 12.826 12.826 12.826 12.825 12.825 12.825 12.825 12.825 12.824 12.824 12.824 12.824 12.824 12.824 12.824 12.823 12.823 12.823 12.823 12.823 12.823 12.823 12.823 12.822 12.822 12.822 12.822 12.822 12.822 12.822 12.822 12.822 12.821 12.821 12.821 12.821 12.821 12.821 12.821 12.821 12.821 12.821 12.821 12.821 12.821 12.821 12.821
12.838 12.837 12.837 12.836 12.836 12.835 12.835 12.834 12.834 12.833 12.833 12.832 12.832 12.831 12.831 12.830 12.830 12.830 12.829 12.829 12.829 12.828 12.828 12.828 12.827 12.827 12.827 12.827 12.826 12.826 12.826 12.826 12.825 12.825 12.825 12.825 12.824 12.824 12.824 12.824 12.824 12.823 12.823 12.823 12.823 12.823 12.823 12.823 12.823 12.823 12.823 12.822 12.822 12.822 12.822 12.822 12.822 12.822 12.821 12.821 12.821 12.821 12.821 12.821 11.821 11.821 11.821 11.821 11.821 11.821 11.821 11.821 11.821 11.821 11.821 11.821
12.838 12.837 12.837 12.836 12.836 12.835 12.835 12.834 12.834 12.833 12.833 12.832 12.832 12.831 12.831 12.830 12.830 12.829 12.829 12.829 12.828 12.828 12.828 12.828 12.827 12.827 12.827 12.826 12.826 12.826 12.826 12.825 12.825 12.825 12.825 12.824 12.824 12.824 12.824 12.824 12.823 12.823 12.823 12.823 12.823 12.823 12.823 12.823 12.823 12.822 12.822 12.822 12.822 12.822 12.822 12.822 12.821 12.821 12.821 12.821 12.821 11.821 11.821 11.821 11.821 11.821 11.821 11.821 11.821 11.821 11.821 11.821 11.821 11.821 11.821 11.821
12.838 12.837 12.837 12.836 12.836 12.835 12.834 12.834 12.833 12.833 12.832 12.832 12.831 12.831 12.830 12.830 12.830 12.829 12.829 12.828 12.828 12.828 12.828 12.827 12.827 12.827 12.827 12.826 12.826 12.826 12.825 12.825 12.825 12.825 12.824 12.824 12.824 12.824 12.823 12.823 12.823 12.823 12.823 12.823 12.823 12.823 12.822 12.822 12.822 12.822 12.822 12.822 12.822 12.822 12.821 12.821 12.821 12.821 12.821 12.821 11.821 11.821 11.820 11.820 11.820 11.820 11.820 11.820 11.820 11.820 11.820 11.820 11.820 11.820 11.820 11.820
12.838 12.837 12.837 12.836 12.835 12.835 12.834 12.834 12.833 12.833 12.832 12.832 12.831 12.831 12.830 12.830 12.829 12.829 12.829 12.828 12.828 12.828 12.827 12.827 12.827 12.827 12.826 12.826 12.826 12.826 12.825 12.825 12.825 12.824 12.824 12.824 12.824 12.823 12.823 12.823 12.823 12.823 12.823 12.823 12.822 12.822 12.822 12.822 12.822 12.822 12.822 12.822 12.821 12.821 12.821 12.821 12.821 12.821 11.821 11.820 11.820 11.820 11.820 11.820 11.820 11.820 11.820 11.820 11.820 11.820 11.820 11.820 11.820 11.820 11.820 11.820
12.838 12.837 12.836 12.836 12.835 12.835 12.834 12.834 12.833 12.833 12.832 12.832 12.831 12.831 12.830 12.830 12.829 12.829 12.828 12.828 12.828 12.828 12.827 12.827 12.827 12.827 12.826 12.826 12.826 12.825 12.825 12.825 12.825 12.824 12.824 12.824 12.823 12.823 12.823 12.823 12.823 12.823 12.822 12.822 12.822 12.822 12.822 12.822 12.822 12.822 12.821 12.821 12.821 12.821 12.821 12.821 12.821 11.820 11.820 11.820 11.820 11.820 11.820 11.820 11.820 11.820 11.820 11.820 11.820 11.820 11.820 11.820 11.820 11.820 11.820 11.820
12.838 12.837 12.836 12.836 12.835 12.835 12.834 12.834 12.833 12.833 12.832 12.832 12.831 12.831 12.830 12.830 12.829 12.829 12.828 12.828 12.828 12.827 12.827 12.827 12.827 12.826 12.826 12.826 12.825 12.825 12.825 12.825 12.824 12.824 12.824 12.823 12.823 12.823 12.823 12.823 12.823 12.822 12.822 12.822 12.822 12.822 12.822 12.822 12.821 12.821 12.821 12.821 12.821 12.821 12.821 12.820 11.820 11.820 11.820 11.820 11.820 11.820 11.820 11.819 11.819 11.819 11.819 11.819 11.819 11.819 11.819 11.819 11.819 11.819 11.819 11.820
12.838 12.837 12.836 12.836 12.835 12.835 12.834 12.834 12.833 12.833 12.832 12.831 12.831 12.830 12.830 12.829 12.829 12.829 12.828 12.828 12.828 12.827 12.827 12.827 12.827 12.826 12.826 12.826 12.825 12.825 12.825 12.824 12.824 12.824 12.824 12.823 12.823 12.823 12.823 12.823 12.822 12.822 12.822 12.822 12.822 12.822 12.822 12.821 12.821 12.821 12.821 12.821 12.821 12.820 12.820 11.820 11.820 11.820 11.820 11.820 11.819 11.819 11.819 11.819 11.819 11.819 11.819 11.819 11.819 11.819 11.819 11.819 11.819 11.819 11.819 11.819
12.838 12.837 12.836 12.836 12.835 12.835 12.834 12.834 12.833 12.832 12.832 12.831 12.831 12.830 12.830 12.829 12.829 12.828 12.828 12.828 12.827 12.827 12.827 12.827 12.826 12.826 12.826 12.825 12.825 12.825 12.825 12.824 12.824 12.824 12.823 12.823 12.823 12.823 12.822 12.822 12.822 12.822 12.822 12.822 12.822 12.821 12.821 12.821 12.821 12.821 12.821 12.821 12.820 12.820 11.820 11.820 11.820 11.820 11.819 11.819 11.819 11.819 11.819 11.819 11.819 11.819 11.819 11.819 11.819 11.819 11.819 11.819 11.819 11.819 11.819 11.819
12.838 12.837 12.836 12.836 12.835 12.835 12.834 12.833 12.833 12.832 12.832 12.831 12.831 12.830 12.830 12.829 12.829 12.828 12.828 12.828 12.827 12.827 12.827 12.826 12.826 12.826 12.826 12.825 12.825 12.825 12.824 12.824 12.824 12.823 12.823 12.823 12.823 12.822 12.822 12.822 12.822 12.822 12.822 12.822 12.821 12.821 12.821 12.821 12.821 12.821 12.820 12.820 12.820 11.820 11.820 11.820 11.820 11.819 11.819 11.819 11.819 11.819 11.819 11.819 11.819 11.819 11.819 11.818 11.818 11.818 11.818 11.818 10.819 10.819 10.819 10.819
12.838 12.837 12.836 12.836 12.835 12.835 12.834 12.833 12.833 12.832 12.832 12.831 12.831 12.830 12.830 12.829 12.829 12.828 12.828 12.828 12.827 12.827 12.827 12.826 12.826 12.826 12.825 12.825 12.825 12.825 12.824 12.824 12.824 12.823 12.823 12.823 12.823 12.822 12.822 12.822 12.822 12.822 12.821 12.821 12.821 12.821 12.821 12.821 12.821 12.820 12.820 12.820 11.820 11.820 11.820 11.820 11.819 11.819 11.819 11.819 11.819 11.819 11.818 11.818 11.818 11.818 11.818 11.818 10.818 10.818 10.818 10.818 10.818 10.818 10.818 10.819
12.838 12.837 12.836 12.836 12.835 12.835 12.834 12.833 12.833 12.832 12.832 12.831 12.831 12.830 12.830 12.829 12.829 12.828 12.828 12.827 12.827 12.827 12.826 12.826 12.826 12.826 12.825 12.825 12.825 12.824 12.824 12.824 12.823 12.823 12.823 12.823 12.822 12.822 12.822 12.822 12.822 12.821 12.821 12.821 12.821 12.821 12.821 12.821 12.820 12.820 12.820 11.820 11.820 11.820 11.819 11.819 11.819 11.819 11.819 11.819 11.819 11.818 11.818 11.818 11.818 11.818 11.818 10.818 10.818 10.818 10.818 10.818 10.818 10.818 10.818 10.818
13.838 13.837 13.837 13.836 13.835 13.835 12.834 12.833 12.833 12.832 12.832 12.831 12.831 12.830 12.830 12.829 12.829 12.828 12.828 12.827 12.827 12.827 12.826 12.826 12.826 12.825 12.825 12.825 12.825 12.824 12.824 12.824 12.823 12.823 12.823 12.822 12.822 12.822 12.822 12.822 12.821 12.821 12.821 12.821 12.821 12.821 12.821 12.820 12.820 12.820 11.820 11.820 11.820 11.819 11.819 11.819 11.819 11.819 11.819 11.818 11.818 11.818 11.818 11.818 11.818 10.818 10.818 10.818 10.818 10.818 10.818 10.818 10.818 10.818 10.818 10.818
13.838 13.837 13.837 13.836 13.835 13.835 13.834 13.833 12.833 12.832 12.832 12.831 12.831 12.830 12.830 12.829 12.829 12.828 12.828 12.827 12.827 12.827 12.826 12.826 12.826 12.825 12.825 12.825 12.824 12.824 12.824 12.823 12.823 12.823 12.823 12.822 12.822 12.822 12.822 12.821 12.821 12.821 12.821 12.821 12.821 12.820 12.820 12.820 11.820 11.820 11.820 11.820 11.819 11.819 11.819 11.819 11.819 11.819 11.818 11.818 11.818 11.818 11.818 11.818 10.818 10.818 10.817 10.817 10.817 10.817 10.817 10.818 10.818 10.818 10.818 10.818
13.838 13.837 13.837 13.836 13.835 13.835 13.834 13.834 13.833 12.832 12.832 12.831 12.831 12.830 12.830 12.829 12.829 12.828 12.828 12.827 12.827 12.826 12.826 12.826 12.826 12.825 12.825 12.825 12.824 12.824 12.824 12.823 12.823 12.823 12.822 12.822 12.822 12.822 12.821 12.821 12.821 12.821 12.821 12.820 12.820 12.820 12.820 11.820 11.820 11.820 11.820 11.819 11.819 11.819 11.819 11.819 11.819 11.818 11.818 11.818 11.818 11.818 11.818 10.817 10.817 10.817 10.817 10.817 10.817 10.817 10.817 10.817 10.817 10.818 10.818 10.818
13.838 13.837 13.837 13.836 13.835 13.835 13.834 13.834 13.833 13.833 12.832 12.831 12.831 12.830 12.830 12.829 12.829 12.828 12.828 12.827 12.827 12.826 12.826 12.826 12.825 12.825 12.825 12.824 12.824 12.824 12.824 12.823 12.823 12.823 12.822 12.822 12.822 12.822 12.821 12.821 12.821 12.821 12.820 12.820 12.820 12.820 11.820 11.820 11.820 11.820 11.819 11.819 11.819 11.819 11.819 11.819 11.818 11.818 11.818 11.818 11.818 11.818 10.818 10.817 10.817 10.817 10.817 10.817 10.817 10.817 10.817 10.817 10.817 10.818 10.818 10.818
13.838 13.837 13.837 13.836 13.835 13.835 13.834 13.834 13.833 13.833 13.832 12.831 12.831 12.830 12.830 12.829 12.829 12.828 12.828 12.827 12.827 12.826 12.826 12.826 12.825 12.825 12.825 12.824 12.824 12.824 12.823 12.823 12.823 12.822 12.822 12.822 12.822 12.821 12.821 12.821 12.821 12.820 12.820 12.820 12.820 11.820 11.820 11.820 11.819 11.819 11.819 11.819 11.819 11.819 11.819 11.818 11.818 11.818 11.818 11.818 11.818 10.818 10.817 10.817 10.817 10.817 10.817 10.817 10.817 10.817 10.817 10.817 10.817 10.817 10.818 10.818
13.838 13.837 13.837 13.836 13.835 13.835 13.834 13.834 13.833 13.833 13.832 13.831 12.831 12.830 12.830 12.829 12.829 12.828 12.828 12.827 12.827 12.826 12.826 12.826 12.825 12.825 12.825 12.824 12.824 12.824 12.823 12.823 12.823 12.822 12.822 12.822 12.821 12.821 12.821 12.821 12.820 12.820 12.820 12.820 11.820 11.820 11.820 11.819 11.819 11.819 11.819 11.819 11.819 11.819 11.818 11.818 11.818 11.818 11.818 11.818 10.818 10.817 10.817 10.817 10.817 10.817 10.817 10.817 10.817 10.817 10.817 10.817 10.817 10.817 10.817 9.817
13.838 13.837 13.837 13.836 13.835 13.835 13.834 13.834 13.833 13.833 13.832 13.831 12.831 12.830 12.830 12.829 12.829 12.828 12.828 12.827 12.827 12.826 12.826 12.826 12.825 12.825 12.825 12.824 12.824 12.823 12.823 12.823 12.822 12.822 12.822 12.822 12.821 12.821 12.821 12.821 12.820 12.820 12.820 12.820 11.820 11.819 11.819 11.819 11.819 11.819 11.819 11.819 11.819 11.818 11.818 11.818 11.818 11.818 11.818 10.818 10.817 10.817 10.817 10.817 10.817 10.817 10.817 10.817 10.817 10.817 10.817 10.817 10.817 10.817 9.817 9.817
13.838 13.837 13.836 13.836 13.835 13.835 13.834 13.834 13.833 13.833 13.832 13.831 13.831 12.830 12.830 12.829 12.829 12.828 12.828 12.827 12.827 12.826 12.826 12.826 12.825 12.825 12.824 12.824 12.824 12.823 12.823 12.823 12.822 12.822 12.822 12.821 12.821 12.821 12.821 12.820 12.820 12.820 12.820 11.819 11.819 11.819 11.819 11.819 11.819 11.819 11.819 11.818 11.818 11.818 11.818 11.818 11.818 11.818 10.818 10.817 10.817 10.817 10.817 10.817 10.817 10.817 10.817 10.816 10.816 10.817 10.817 10.817 9.817 9.817 9.817 9.817
13.838 13.837 13.836 13.836 13.835 13.835 13.834 13.834 13.833 13.833 13.832 13.832 13.831 12.830 12.830 12.829 12.829 12.828 12.828 12.827 12.827 12.826 12.826 12.826 12.825 12.825 12.824 12.824 12.824 12.823 12.823 12.823 12.822 12.822 12.822 12.821 12.821 12.821 12.820 12.820 12.820 12.820 11.819 11.819 11.819 11.819 11.819 11.819 11.819 11.818 11.818 11.818 11.818 11.818 11.818 11.818 11.818 11.818 10.817 10.817 10.817 10.817 10.817 10.817 10.817 10.817 10.816 10.816 10.816 10.816 10.816 10.817 10.817 9.817 9.817 9.817
13.838 13.837 13.836 13.836 13.835 13.835 13.834 13.834 13.833 13.833 13.832 13.832 13.831 12.830 12.830 12.829 12.829 12.828 12.828 12.827 12.827 12.826 12.826 12.826 12.825 12.825 12.824 12.824 12.823 12.823 12.823 12.822 12.822 12.822 12.822 12.821 12.821 12.821 12.820 12.820 12.820 12.819 11.819 11.819 11.819 11.819 11.819 11.818 11.818 11.818 11.818 11.818 11.818 11.818 11.818 11.818 11.817 11.817 10.817 10.817 10.817 10.817 10.817 10.817 10.817 10.816 10.816 10.816 10.816 10.816 10.816 10.816 10.816 9.817 9.817 9.817
13.838 13.837 13.836 13.836 13.835 13.835 13.834 13.834 13.833 13.833 13.832 13.832 13.831 12.830 12.830 12.829 12.829 12.828 12.828 12.827 12.827 12.826 12.826 12.826 12.825 12.825 12.824 12.824 12.823 12.823 12.823 12.822 12.822 12.822 12.821 12.821 12.821 12.820 12.820 12.820 12.819 11.819 11.819 11.819 11.819 11.818 11.818 11.818 11.818 11.818 11.818 11.818 11.818 11.818 11.818 11.817 11.817 11.817 10.817 10.817 10.817 10.817 10.817 10.817 10.816 10.816 10.816 10.816 10.816 10.816 10.816 10.816 10.816 10.816 9.817 9.817
13.838 13.837 13.836 13.836 13.835 13.835 13.834 13.834 13.833 13.833 13.832 13.832 13.831 12.830 12.830 12.829 12.829 12.828 12.828 12.827 12.827 12.826 12.826 12.826 12.825 12.825 12.824 12.824 12.823 12.823 12.823 12.822 12.822 12.822 12.821 12.821 12.821 12.820 12.820 12.820 11.819 11.819 11.819 11.819 11.818 11.818 11.818 11.818 11.818 11.818 11.818 11.818 11.818 11.818 11.817 11.817 11.817 11.817 10.817 10.817 10.817 10.817 10.816 10.816 10.816 10.816 10.816 10.816 10.816 10.816 10.816 10.816 10.816 10.816 10.816 9.816
13.838 13.837 13.837 13.836 13.835 13.835 13.834 13.834 13.833 13.833 13.832 13.832 13.831 12.830 12.830 12.829 12.829 12.828 12.828 12.827 12.827 12.826 12.826 12.826 12.825 12.825 12.824 12.824 12.823 12.823 12.823 12.822 12.822 12.822 12.821 12.821 12.820 12.820 12.820 12.819 11.819 11.819 11.819 11.818 11.818 11.818 11.818 11.818 11.818 11.818 11.818 11.818 11.817 11.817 11.817 11.817 11.817 11.817 10.817 10.817 10.817 10.816 10.816 10.816 10.816 10.816 10.816 10.816 10.816 10.816 10.816 10.816 10.816 10.816 10.816 9.816
13.838 13.837 13.837 13.836 13.835 13.835 13.834 13.834 13.833 13.833 13.832 13.832 13.831 12.830 12.830 12.829 12.829 12.828 12.828 12.827 12.827 12.827 12.826 12.826 12.825 12.825 12.824 12.824 12.823 12.823 12.823 12.822 12.822 12.822 12.821 12.821 12.820 12.820 12.820 11.819 11.819 11.819 11.818 11.818 11.818 11.818 11.818 11.818 11.818 11.818 11.818 11.817 11.817 11.817 11.817 11.817 11.817 11.817 10.817 10.817 10.816 10.816 10.816 10.816 10.816 10.816 10.816 10.816 10.816 10.816 10.816 10.816 10.816 10.816 10.816 10.816
13.838 13.837 13.837 13.836 13.835 13.835 13.834 13.834 13.833 13.833 13.832 13.831 13.831 12.830 12.830 12.829 12.829 12.828 12.828 12.828 12.827 12.827 12.826 12.826 12.825 12.825 12.824 12.824 12.823 12.823 12.823 12.822 12.822 12.822 12.821 12.821 12.820 12.820 11.819 11.819 11.819 11.818 11.818 11.818 11.818 11.818 11.818 11.818 11.818 11.817 11.817 11.817 11.817 11.817 11.817 11.817 11.817 11.816 10.816 10.816 10.816 10.816 10.816 10.816 10.816 10.816 10.816 10.816 10.816 10.816 10.816 10.816 10.816 10.816 10.816 10.816
13.838 13.837 13.837 13.836 13.835 13.835 13.834 13.834 13.833 13.833 13.832 13.831 13.831 12.830 12.830 12.829 12.829 12.828 12.828 12.828 12.827 12.827 12.826 12.826 12.825 12.825 12.824 12.824 12.823 12.823 12.823 12.822 12.822 12.821 12.821 12.821 11.820 11.820 11.819 11.819 11.819 11.818 11.818 11.818 11.818 11.818 11.818 11.817 11.817 11.817 11.817 11.817 11.817 11.817 11.817 11.817 11.816 11.816 10.816 10.816 10.816 10.816 10.816 10.816 10.816 10.816 10.816 10.816 10.816 10.816 10.815 10.815 10.816 10.816 10.816 10.816
13.838 13.837 13.837 13.836 13.835 13.835 13.834 13.834 13.833 13.832 13.832 13.831 13.831 12.830 12.830 12.829 12.829 12.828 12.828 12.828 12.827 12.827 12.826 12.826 12.825 12.825 12.824 12.824 12.823 12.823 12.823 12.822 12.822 12.821 12.821 11.821 11.820 11.820 11.819 11.819 11.819 11.818 11.818 11.818 11.818 11.818 11.817 11.817 11.817 11.817 11.817 11.817 11.817 11.817 11.817 11.816 11.816 11.816 10.816 10.816 10.816 10.816 10.816 10.816 10.816 10.816 10.816 10.816 10.815 10.815 10.815 10.815 10.815 10.815 10.815 10.816
