includes/mahajanga_coast/floodfiles/results_R2_t1.688026134693E12/res-0009.wd
ncols         269
nrows         308
xllcorner     384108.384600
yllcorner     1149646.260900
cellsize      30.000000
NODATA_value  -9999.000000
[rows 231 to 263 of 308, columns 0 to 75 of 269]
17.983 17.983 17.983 17.983 17.983 17.983 17.983 17.983 17.983 17.983 17.983 17.983 17.983 17.983 17.983 16.983 16.983 16.983 16.983 16.983 16.983 16.983 16.983 16.983 15.983 15.983 15.983 15.983 15.983 14.983 14.983 14.983 14.983 14.983 13.982 13.982 13.982 13.982 12.982 12.982 12.982 12.982 11.982 11.982 11.982 11.982 10.982 10.982 10.982 9.982 9.982 9.982 2.982 0.000 0.000 0.000 0.000 0.000 0.000 0.000 0.000 0.000 0.000 0.000 0.000 0.000 0.000 0.000 0.000 0.000 0.000 0.000 0.000 0.000 0.000 0.000
17.983 17.983 17.983 17.983 17.983 17.983 17.983 17.983 17.983 17.983 17.983 17.983 17.983 17.983 17.983 17.983 16.983 16.983 16.983 16.983 16.983 16.983 16.983 16.983 15.983 15.983 15.983 15.983 15.983 14.983 14.983 14.983 14.983 14.982 13.982 13.982 13.982 13.982 12.982 12.982 12.982 12.982 11.982 11.982 11.982 11.982 10.982 10.982 10.982 10.982 9.982 9.982 5.982 3.982 0.000 0.000 0.000 0.000 0.000 0.000 0.000 0.000 0.000 0.000 0.000 0.000 0.000 0.000 0.000 0.000 0.000 0.000 0.000 0.000 0.000 0.000
17.983 17.983 17.983 17.983 17.983 17.983 17.983 17.983 17.983 17.983 17.983 17.983 17.983 17.983 17.983 17.983 17.983 16.983 16.983 16.983 16.983 16.983 16.983 16.983 16.983 15.983 15.983 15.983 15.983 15.983 14.983 14.982 14.982 14.982 14.982 13.982 13.982 13.982 13.982 12.982 12.982 12.982 11.982 11.982 11.982 11.982 10.982 10.982 10.982 10.982 9.982 9.982 9.982 5.982 1.982 0.000 0.000 0.000 0.000 0.000 0.000 0.000 0.000 0.000 0.000 0.000 0.000 0.000 0.000 0.000 0.000 0.000 0.000 0.000 0.000 0.000
17.983 17.983 17.983 17.983 17.983 17.983 17.983 17.983 17.983 17.983 17.983 17.983 17.983 17.983 17.983 17.983 17.983 17.983 16.983 16.983 16.983 16.983 16.983 16.983 16.983 15.983 15.983 15.983 15.983 15.982 14.982 14.982 14.982 14.982 14.982 13.982 13.982 13.982 13.982 12.982 12.982 12.982 12.982 11.982 11.982 11.982 10.982 10.982 10.982 10.982 9.982 9.982 9.982 2.982 0.000 0.000 0.000 0.000 0.000 0.000 0.000 0.000 0.000 0.000 0.000 0.000 0.000 0.000 0.000 0.000 0.000 0.000 0.000 0.000 0.000 0.000
17.983 17.983 17.983 17.983 17.983 17.983 17.983 17.983 17.983 17.983 17.983 17.983 17.983 17.983 17.983 17.983 17.983 17.983 17.983 17.983 16.983 16.983 16.983 16.983 16.983 15.983 15.983 15.983 15.982 15.982 14.982 14.982 14.982 14.982 14.982 13.982 13.982 13.982 13.982 12.982 12.982 12.982 12.982 11.982 11.982 11.982 11.982 10.982 10.982 10.982 9.982 9.982 9.982 9.982 0.000 0.982 0.000 0.000 0.000 0.000 0.000 0.000 0.000 0.000 0.000 0.000 0.000 0.000 0.000 0.000 0.000 0.000 0.000 0.000 0.000 0.000
17.983 17.983 17.983 17.983 17.983 17.983 17.983 17.983 17.983 17.983 17.983 17.983 17.983 17.983 17.983 17.983 17.983 17.983 17.983 17.983 17.983 16.983 16.983 16.983 16.983 16.983 15.983 15.982 15.982 15.982 15.982 14.982 14.982 14.982 14.982 14.982 13.982 13.982 13.982 12.982 12.982 12.982 12.982 11.982 11.982 11.982 11.982 10.982 10.982 10.982 10.982 9.982 9.982 9.982 8.982 1.982 0.983 0.000 0.000 0.000 0.000 0.000 0.000 0.000 0.000 0.000 0.000 0.000 0.000 0.000 0.000 0.000 0.000 0.000 0.000 0.000
17.983 17.983 17.983 17.983 17.983 17.983 17.983 17.983 17.983 17.983 17.983 17.983 17.983 17.983 17.983 17.983 17.983 17.983 17.983 17.983 17.983 16.983 16.983 16.983 16.983 16.983 15.982 15.982 15.982 15.982 15.982 14.982 14.982 14.982 14.982 14.982 13.982 13.982 13.982 13.982 12.982 12.982 12.982 11.982 11.982 11.982 11.982 10.982 10.982 10.982 10.982 9.982 9.982 9.982 8.982 8.982 8.982 0.982 0.000 0.000 0.000 0.000 0.000 0.000 0.000 0.000 0.000 0.000 0.000 0.000 0.000 0.000 0.000 0.000 0.000 0.000
17.983 17.983 17.983 17.983 17.983 17.983 17.983 17.983 17.983 17.983 17.983 17.983 17.983 17.983 17.983 17.983 17.983 17.983 17.983 17.983 17.983 16.983 16.983 16.983 16.983 16.983 15.982 15.982 15.982 15.982 15.982 14.982 14.982 14.982 14.982 14.982 13.982 13.982 13.982 13.982 12.982 12.982 12.982 12.982 11.982 11.982 11.982 10.982 10.982 10.982 10.982 9.982 9.982 9.982 9.982 8.982 8.982 2.982 0.000 0.000 0.000 0.000 0.000 0.000 0.000 0.000 0.000 0.000 0.000 0.000 0.000 0.000 0.000 0.000 0.000 0.000
17.983 17.983 17.983 17.983 17.983 17.983 17.983 17.983 17.983 17.983 17.983 17.983 17.983 17.983 17.983 17.983 17.983 17.983 17.983 17.983 17.983 17.983 16.983 16.983 16.983 16.982 16.982 15.982 15.982 15.982 15.982 15.982 14.982 14.982 14.982 14.982 13.982 13.982 13.982 13.982 12.982 12.982 12.982 12.982 11.982 11.982 11.982 11.982 10.982 10.982 10.982 9.982 9.982 9.982 9.982 8.982 8.982 1.982 0.000 0.000 0.000 0.000 0.000 0.000 0.000 0.000 0.000 0.000 0.000 0.000 0.000 0.000 0.000 0.000 0.000 0.000
17.983 17.983 17.983 17.983 17.983 17.983 17.983 17.983 17.983 17.983 17.983 17.983 17.983 17.983 17.983 17.983 17.983 17.983 17.983 17.983 17.983 17.983 16.983 16.983 16.982 16.982 16.982 15.982 15.982 15.982 15.982 15.982 14.982 14.982 14.982 14.982 14.982 13.982 13.982 13.982 12.982 12.982 12.982 12.982 11.982 11.982 11.982 11.982 10.982 10.982 10.982 10.982 9.982 9.982 9.982 9.982 8.982 0.000 0.000 0.000 0.000 0.000 0.000 0.000 0.000 0.000 0.000 0.000 0.000 0.000 0.000 0.000 0.000 0.000 0.000 0.000
17.983 17.983 17.983 17.983 17.983 17.983 17.983 17.983 17.983 17.983 17.983 17.983 17.983 17.983 17.983 17.983 17.983 17.983 17.983 17.983 17.983 17.983 16.983 16.983 16.982 16.982 16.982 15.982 15.982 15.982 15.982 15.982 14.982 14.982 14.982 14.982 14.982 13.982 13.982 13.982 13.982 12.982 12.982 12.982 11.982 11.982 11.982 11.982 10.982 10.982 10.982 10.982 9.982 9.982 9.982 9.982 9.982 0.000 0.000 0.000 0.000 0.000 0.000 0.000 0.000 0.000 0.000 0.000 0.000 0.000 0.000 0.000 0.000 0.000 0.000 0.000
17.983 17.983 17.983 17.983 17.983 17.983 17.983 17.983 17.983 17.983 17.983 17.983 17.983 17.983 17.983 17.983 17.983 17.983 17.983 17.983 17.983 17.983 17.983 16.983 16.982 16.982 16.982 16.982 15.982 15.982 15.982 15.982 15.982 14.982 14.982 14.982 14.982 13.982 13.982 13.982 13.982 12.982 12.982 12.982 12.982 11.982 11.982 11.982 10.982 10.982 10.982 10.982 10.982 9.982 9.982 9.982 9.982 0.983 0.000 0.000 0.000 0.000 0.000 0.000 0.000 0.000 0.000 0.000 0.000 0.000 0.000 0.000 0.000 0.000 0.000 0.000
17.983 17.983 17.983 17.983 17.983 17.983 17.983 17.983 17.983 17.983 17.983 17.983 17.983 17.983 17.983 17.983 17.983 17.983 17.983 17.983 17.983 17.983 17.983 16.983 16.982 16.982 16.982 16.982 15.982 15.982 15.982 15.982 15.982 14.982 14.982 14.982 14.982 13.982 13.982 13.982 13.982 12.982 12.982 12.982 12.982 11.982 11.982 11.982 11.982 10.982 10.982 10.982 10.982 9.982 9.982 9.982 9.982 0.000 0.000 0.000 0.000 0.000 0.000 0.000 0.000 0.000 0.000 0.000 0.000 0.000 0.000 0.000 0.000 0.000 0.000 0.000
17.983 17.983 17.983 17.983 17.983 17.983 17.983 17.983 17.983 17.983 17.983 17.983 17.983 17.983 17.983 17.983 17.983 17.983 17.983 17.983 17.983 17.983 17.983 16.983 16.982 16.982 16.982 16.982 15.982 15.982 15.982 15.982 15.982 15.982 14.982 14.982 14.982 14.982 13.982 13.982 13.982 13.982 12.982 12.982 12.982 12.982 11.982 11.982 11.982 10.982 10.982 10.982 10.982 10.982 9.982 9.982 9.982 0.000 0.000 0.000 0.000 0.000 0.000 0.000 0.000 0.000 0.000 0.000 0.000 0.000 0.000 0.000 0.000 0.000 0.000 0.000
17.983 17.983 17.983 17.983 17.983 17.983 17.983 17.983 17.983 17.983 17.983 17.983 17.983 17.983 17.983 17.983 17.983 17.983 17.983 17.983 17.983 17.983 17.983 16.983 16.983 16.982 16.982 16.982 15.982 15.982 15.982 15.982 15.982 15.982 14.982 14.982 14.982 14.982 13.982 13.982 13.982 13.982 12.982 12.982 12.982 12.982 11.982 11.982 11.982 11.982 10.982 10.982 10.982 10.982 10.982 9.982 9.982 0.000 0.000 0.000 0.000 0.000 0.000 0.000 0.000 0.000 0.000 0.000 0.000 0.000 0.000 0.000 0.000 0.000 0.000 0.000
16.983 17.983 17.983 17.983 17.983 17.983 17.983 17.983 17.983 17.983 17.983 17.983 17.983 17.983 17.983 17.983 17.983 17.983 17.983 17.983 17.983 17.983 16.983 16.983 16.983 16.982 16.982 16.982 16.982 15.982 15.982 15.982 15.982 15.982 15.982 14.982 14.982 14.982 14.982 13.982 13.982 13.982 13.982 12.982 12.982 12.982 12.982 11.982 11.982 11.982 11.982 10.982 10.982 10.982 10.982 9.982 9.982 0.000 0.000 0.000 0.000 0.000 0.000 0.000 0.000 0.000 0.000 0.000 0.000 0.000 0.000 0.000 0.000 0.000 0.000 0.000
16.983 16.983 17.983 17.983 17.983 17.983 17.983 17.983 17.983 17.983 17.983 17.983 17.983 17.983 17.983 17.983 17.983 17.983 17.983 17.983 17.983 17.983 16.983 16.983 16.983 16.982 16.982 16.982 16.982 15.982 15.982 15.982 15.982 15.982 15.982 15.982 14.982 14.982 14.982 14.982 13.982 13.982 13.982 13.982 12.982 12.982 12.982 12.982 11.982 11.982 11.982 11.982 10.982 10.982 10.982 10.982 0.000 0.000 0.000 0.000 0.000 0.000 0.000 0.000 0.000 0.000 0.000 0.000 0.000 0.000 0.000 0.000 0.000 0.000 0.000 0.000
16.983 16.983 16.983 17.983 17.983 17.983 17.983 17.983 17.983 17.983 17.983 17.983 17.983 17.983 17.983 17.983 17.983 17.983 17.983 17.983 17.983 17.983 16.983 16.983 16.983 16.982 16.982 16.982 16.982 15.982 15.982 15.982 15.982 15.982 15.982 15.982 14.982 14.982 14.982 14.982 13.982 13.982 13.982 13.982 12.982 12.982 12.982 12.982 11.982 11.982 11.982 11.982 11.982 10.982 10.982 10.982 0.982 0.000 0.000 0.000 0.000 0.000 0.000 0.000 0.000 0.000 0.000 0.000 0.000 0.000 0.000 0.000 0.000 0.000 0.000 0.000
16.983 16.983 16.983 16.983 17.983 17.983 17.983 17.983 17.983 17.983 17.983 17.983 17.983 17.983 17.983 17.983 17.983 17.983 17.983 17.983 17.983 16.983 16.983 16.983 16.983 16.982 16.982 16.982 16.982 16.982 15.982 15.982 15.982 15.982 15.982 15.982 15.982 14.982 14.982 14.982 14.982 13.982 13.982 13.982 13.982 12.982 12.982 12.982 12.982 11.982 11.982 11.982 11.982 10.982 10.982 10.982 10.982 0.000 0.000 0.000 0.000 0.000 0.000 0.000 0.000 0.000 0.000 0.000 0.000 0.000 0.000 0.000 0.000 0.000 0.000 0.000
16.983 16.983 16.983 16.983 16.983 17.983 17.983 17.983 17.983 17.983 17.983 17.983 17.983 17.983 17.983 17.983 17.983 17.983 17.983 17.983 17.983 16.983 16.983 16.983 16.983 16.982 16.982 16.982 16.982 16.982 15.982 15.982 15.982 15.982 15.982 15.982 15.982 14.982 14.982 14.982 14.982 14.982 13.982 13.982 13.982 13.982 12.982 12.982 12.982 12.982 11.982 11.982 11.982 11.982 10.982 10.982 0.000 0.000 0.000 0.000 0.000 0.000 0.000 0.000 0.000 0.000 0.000 0.000 0.000 0.000 0.000 0.000 0.000 0.000 0.000 0.000
16.983 16.983 16.983 16.983 16.983 16.983 16.983 16.983 16.983 16.983 16.983 16.983 16.983 16.983 16.983 16.983 16.983 16.983 16.983 16.983 16.983 16.983 16.983 16.983 16.983 16.983 16.982 16.982 16.982 16.982 16.982 15.982 15.982 15.982 15.982 15.982 15.982 15.982 14.982 14.982 14.982 14.982 13.982 13.982 13.982 13.982 13.982 12.982 12.982 12.982 12.983 11.982 11.982 11.982 11.982 10.982 0.000 0.000 0.000 0.000 0.000 0.000 0.000 0.000 0.000 0.000 0.000 0.000 0.000 0.000 0.000 0.000 0.000 0.000 0.000 0.000
16.983 16.983 16.983 16.983 16.983 16.983 16.983 16.983 16.983 16.983 16.983 16.983 16.983 16.983 16.983 16.983 16.983 16.983 16.983 16.983 16.983 16.983 16.983 16.983 16.983 16.983 16.982 16.982 16.982 16.982 16.982 16.982 15.982 15.982 15.982 15.982 15.982 15.982 15.982 14.982 14.982 14.982 14.982 13.982 13.982 13.982 13.982 12.982 12.982 12.983 12.983 12.983 11.982 11.982 11.982 10.982 0.000 0.000 0.000 0.000 0.000 0.000 0.000 0.000 0.000 0.000 0.985 0.000 0.000 0.000 0.000 0.000 0.000 0.000 0.000 0.000
16.983 16.983 16.983 16.983 16.983 16.983 16.983 16.983 16.983 16.983 16.983 16.983 16.983 16.983 16.983 16.983 16.983 16.983 16.983 16.983 16.983 16.983 16.983 16.983 16.983 16.983 16.983 16.982 16.983 16.983 16.983 16.982 16.982 15.982 15.982 15.982 15.982 15.982 15.982 14.982 14.982 14.982 14.982 14.982 13.982 13.982 13.982 13.982 12.983 12.983 12.983 12.983 11.983 11.983 11.983 11.982 0.000 0.000 0.000 0.000 0.000 0.000 0.000 0.000 0.000 0.985 0.984 0.000 0.000 0.000 0.000 0.000 0.000 0.000 0.000 0.000
16.983 16.983 16.983 16.983 16.983 16.983 16.983 16.983 16.983 16.983 16.983 16.983 16.983 16.983 16.983 16.983 16.983 16.983 16.983 16.983 16.983 16.983 16.983 16.983 16.983 16.983 16.983 16.983 16.983 16.983 16.983 16.983 16.983 16.982 16.982 15.982 15.982 15.982 15.982 15.982 14.982 14.982 14.983 14.983 14.983 13.983 13.983 13.983 13.983 12.983 12.983 12.983 12.983 11.983 11.983 11.983 0.000 0.000 0.000 0.000 0.000 0.000 0.000 0.000 0.000 0.000 0.983 0.983 1.983 0.000 0.000 0.000 0.000 0.000 0.000 0.000
16.983 16.983 16.983 16.983 16.983 16.983 16.983 16.983 16.983 16.983 16.983 16.983 16.983 16.983 16.983 16.983 16.983 16.983 16.983 16.983 16.983 16.983 16.983 16.983 16.983 16.983 16.983 16.983 16.983 16.983 16.983 16.983 16.983 16.983 16.983 16.983 15.983 15.982 15.982 15.982 15.983 14.983 14.983 14.983 14.983 13.983 13.983 13.983 13.983 13.983 12.983 12.983 12.983 11.983 11.983 11.983 0.000 0.000 0.000 0.000 0.000 0.000 0.000 0.000 0.983 0.983 0.983 0.983 1.983 0.983 0.000 0.000 0.000 0.000 0.000 0.000
16.983 16.983 16.983 16.983 16.983 16.983 16.983 16.983 16.983 16.983 16.983 16.983 16.983 16.983 16.983 16.983 16.983 16.983 16.983 16.983 16.983 16.983 16.983 16.983 16.983 16.983 16.983 16.983 16.983 16.983 16.983 16.983 16.983 16.983 16.983 16.983 16.983 15.983 15.983 15.983 15.983 14.983 14.983 14.983 14.983 14.983 13.983 13.983 13.983 13.983 13.983 12.983 12.983 12.983 11.983 11.983 0.000 0.000 0.000 0.000 0.000 0.000 0.000 0.000 1.983 1.983 1.982 7.982 7.982 7.983 0.000 0.000 0.000 0.000 0.000 0.000
16.983 16.983 16.983 16.983 16.983 16.983 16.983 16.983 16.983 16.983 16.983 16.983 16.983 16.983 16.983 16.983 16.983 16.983 16.983 16.983 16.983 16.983 16.983 16.983 16.983 16.983 16.983 16.983 16.983 16.983 16.983 16.983 16.983 16.983 16.983 16.983 16.983 15.983 15.983 15.983 15.983 15.983 14.983 14.983 14.983 14.983 14.983 13.983 13.983 13.983 13.983 12.983 12.983 12.983 12.983 11.983 0.000 0.000 0.000 0.000 0.000 0.000 0.000 0.000 2.982 8.982 8.982 8.982 7.983 7.983 7.983 0.000 0.000 0.000 0.000 0.000
16.983 16.983 16.983 16.983 16.983 16.983 16.983 16.983 16.983 16.983 16.983 16.983 16.983 16.983 16.983 16.983 16.983 16.983 16.983 16.983 16.983 16.983 16.983 16.983 16.983 16.983 16.983 16.983 16.983 16.983 16.983 16.983 16.983 16.983 16.983 16.983 16.983 16.983 15.983 15.983 15.983 15.983 15.983 14.983 14.983 14.983 14.983 14.982 13.982 13.982 13.982 13.982 12.982 12.983 12.983 11.983 0.000 0.000 0.000 0.000 0.000 0.000 0.000 3.983 5.982 8.982 8.982 8.982 7.983 7.983 7.983 0.000 0.000 0.983 0.983 0.000
15.983 16.983 16.983 16.983 16.983 16.983 16.983 16.983 16.983 16.983 16.983 16.983 16.983 16.983 16.983 16.983 16.983 16.983 16.983 16.983 16.983 16.983 16.983 16.983 16.983 16.983 16.983 16.983 16.983 16.983 16.983 16.983 16.983 16.983 16.983 16.983 16.983 15.983 15.983 15.983 15.983 15.983 15.983 14.983 14.983 14.983 14.983 14.983 13.982 13.982 13.982 13.982 12.982 12.982 12.983 11.982 0.000 0.000 0.000 0.000 0.000 0.000 0.000 3.983 8.983 8.982 8.982 8.983 8.983 7.983 7.983 7.983 7.983 6.983 6.983 6.983
15.983 15.983 15.983 15.983 16.983 16.983 16.983 16.983 16.983 16.983 16.983 16.983 16.983 16.983 16.983 16.983 16.983 16.983 16.983 16.983 16.983 16.983 16.983 16.983 16.983 16.983 16.983 16.983 16.983 16.983 16.983 16.983 16.983 16.983 16.983 16.983 16.983 15.983 15.983 15.983 15.983 15.983 15.983 14.983 14.983 14.983 14.983 14.983 13.983 13.983 13.982 13.982 12.982 12.982 12.982 12.983 0.000 0.000 0.000 0.000 0.000 0.000 0.983 1.983 9.983 8.982 8.983 8.983 8.983 8.983 7.983 7.983 7.983 7.983 6.983 6.983
15.983 15.983 15.983 15.983 15.983 15.983 15.983 15.983 15.983 15.983 15.983 15.983 15.983 16.983 16.983 16.983 16.983 16.983 16.983 16.983 16.983 16.983 16.983 16.983 16.983 16.983 16.983 16.983 16.983 16.983 16.983 16.983 16.983 16.983 16.983 16.983 15.983 15.983 15.983 15.983 15.983 15.983 14.983 14.983 14.983 14.983 14.983 14.983 14.983 13.983 13.983 13.982 13.983 12.982 12.982 12.983 0.000 0.000 0.000 0.000 0.000 3.983 1.982 9.983 9.983 8.983 8.983 8.983 8.983 8.983 7.983 7.983 7.983 7.983 7.983 6.983
15.983 15.983 15.983 15.983 15.983 15.983 15.983 15.983 15.983 15.983 15.983 15.983 15.983 15.983 15.983 15.983 15.983 15.983 15.983 15.983 15.983 15.983 15.983 15.983 15.983 15.983 15.983 15.983 15.983 15.983 15.983 15.983 15.983 15.983 15.983 15.983 15.983 15.983 15.983 15.983 15.983 15.983 14.983 14.983 14.983 14.983 14.983 14.983 14.983 13.983 13.983 13.983 13.983 12.983 12.983 12.983 0.000 0.000 0.000 0.000 0.000 4.983 9.983 9.983 9.983 9.983 8.983 8.983 8.983 8.983 8.983 7.983 7.983 7.983 7.983 7.983
15.983 15.983 15.983 15.983 15.983 15.983 15.983 15.983 15.983 15.983 15.983 15.983 15.983 15.983 15.983 15.983 15.983 15.983 15.983 15.983 15.983 15.983 15.983 15.983 15.983 15.983 15.983 15.983 15.983 15.983 15.983 15.983 15.983 15.983 15.983 15.983 15.983 15.983 15.983 15.983 15.983 15.983 14.983 14.983 14.983 14.983 14.983 14.983 14.983 13.983 13.983 13.983 13.983 12.983 12.983 12.983 5.983 0.000 0.000 0.000 1.983 5.983 10.983 9.983 9.983 9.983 8.983 8.983 8.983 8.983 8.983 7.983 7.983 7.983 7.983 7.983
