includes/mahajanga_coast/floodfiles/results_R2_t1.688026134693E12/res-0006.wd
ncols         269
nrows         308
xllcorner     384108.384600
yllcorner     1149646.260900
cellsize      30.000000
NODATA_value  -9999.000000
[rows 136 to 169 of 308, columns 0 to 75 of 269]
13.876 13.876 13.876 13.876 13.876 13.875 13.875 13.875 13.875 13.875 13.874 13.874 13.874 13.874 13.874 13.873 13.873 13.873 13.873 13.873 13.873 13.872 13.872 13.872 13.872 13.872 13.871 13.871 12.871 12.871 12.871 12.871 12.871 12.871 12.871 12.870 12.870 12.870 12.870 11.870 11.870 11.870 11.870 11.870 11.870 11.870 10.869 10.869 10.869 10.869 10.869 10.869 10.869 10.869 10.869 10.868 10.868 9.868 9.868 9.868 9.868 9.868 9.868 9.868 9.868 9.868 9.868 9.868 8.868 8.868 8.868 8.868 8.868 8.868 7.868 7.868
13.876 13.876 13.876 13.876 13.876 13.876 13.875 13.875 13.875 13.875 13.874 13.874 13.874 13.874 13.874 13.873 13.873 13.873 13.873 13.873 13.873 13.872 13.872 13.872 13.872 13.872 13.871 12.871 12.871 12.871 12.871 12.871 12.871 12.871 12.871 12.871 12.871 12.870 11.870 11.870 11.870 11.870 11.870 11.870 11.870 11.870 10.869 10.869 10.869 10.869 10.869 10.869 10.869 10.869 10.869 9.869 9.868 9.868 9.868 9.868 9.868 9.868 9.868 9.868 9.868 9.868 9.868 8.868 8.868 8.868 8.868 8.868 8.868 7.868 7.868 7.868
13.876 13.876 13.876 13.876 13.876 13.876 13.875 13.875 13.875 13.875 13.874 13.874 13.874 13.874 13.874 13.873 13.873 13.873 13.873 13.873 13.872 13.872 13.872 13.872 13.872 13.872 13.871 12.871 12.871 12.871 12.871 12.871 12.871 12.871 12.871 12.871 12.871 12.871 11.870 11.870 11.870 11.870 11.870 11.870 11.870 10.870 10.870 10.869 10.869 10.869 10.869 10.869 10.869 10.869 9.869 9.869 9.868 9.868 9.868 9.868 9.868 9.868 9.868 9.868 9.868 9.868 8.868 8.868 8.868 8.868 8.868 8.868 7.868 7.868 7.868 7.868
13.876 13.876 13.876 13.876 13.876 13.876 13.875 13.875 13.875 13.875 13.874 13.874 13.874 13.874 13.874 13.873 13.873 13.873 13.873 13.873 13.872 13.872 13.872 13.872 13.872 13.872 12.871 12.871 12.871 12.871 12.871 12.871 12.871 12.871 12.871 12.871 12.871 11.871 11.871 11.870 11.870 11.870 11.870 11.870 11.870 10.870 10.870 10.870 10.869 10.869 10.869 10.869 10.869 9.869 9.869 9.869 9.868 9.868 9.868 9.868 9.868 9.868 9.868 9.868 9.868 8.868 8.868 8.868 8.868 8.868 8.868 7.868 7.868 7.868 7.868 7.869
13.876 13.876 13.876 13.876 13.876 13.875 13.875 13.875 13.875 13.875 13.874 13.874 13.874 13.874 13.873 13.873 13.873 13.873 13.873 13.873 13.872 13.872 13.872 13.872 13.872 13.872 12.871 12.871 12.871 12.871 12.871 12.871 12.871 12.871 12.871 12.871 12.871 11.871 11.871 11.871 11.870 11.870 11.870 11.870 10.870 10.870 10.870 10.870 10.870 10.869 10.869 10.869 9.869 9.869 9.869 9.869 9.868 9.868 9.868 9.868 9.868 9.868 9.868 9.868 8.868 8.868 8.868 8.868 8.868 8.868 7.868 7.868 7.868 7.868 7.868 7.869
13.876 13.876 13.876 13.876 13.876 13.875 13.875 13.875 13.875 13.875 13.874 13.874 13.874 13.874 13.873 13.873 13.873 13.873 13.873 13.873 13.872 13.872 13.872 13.872 13.872 13.872 12.872 12.871 12.871 12.871 12.871 12.871 12.871 12.871 12.871 12.871 11.871 11.871 11.871 11.871 11.871 11.870 11.870 11.870 10.870 10.870 10.870 10.870 10.870 10.869 10.869 10.869 9.869 9.869 9.869 9.869 9.868 9.868 9.868 9.868 9.868 9.868 8.868 8.868 8.868 8.868 8.868 8.868 8.868 7.868 7.868 7.868 7.868 7.868 7.868 6.869
13.876 13.876 13.876 13.876 13.876 13.875 13.875 13.875 13.875 13.875 13.874 13.874 13.874 13.874 13.873 13.873 13.873 13.873 13.873 13.872 13.872 13.872 13.872 13.872 13.872 13.872 12.872 12.871 12.871 12.871 12.871 12.871 12.871 12.871 12.871 12.871 11.871 11.871 11.871 11.871 11.871 11.871 11.870 10.870 10.870 10.870 10.870 10.870 10.870 10.870 10.869 9.869 9.869 9.869 9.869 9.869 9.868 9.868 9.868 9.868 9.868 8.868 8.868 8.868 8.868 8.868 8.868 8.868 8.868 7.868 7.868 7.868 7.868 7.868 6.868 6.869
13.876 13.876 13.876 13.876 13.875 13.875 13.875 13.875 13.875 13.875 13.874 13.874 13.874 13.874 13.873 13.873 13.873 13.873 13.873 13.872 13.872 13.872 13.872 13.872 13.872 12.872 12.872 12.872 12.871 12.871 12.871 12.871 12.871 12.871 12.871 11.871 11.871 11.871 11.871 11.871 11.871 11.871 11.871 10.870 10.870 10.870 10.870 10.870 10.870 10.870 9.869 9.869 9.869 9.869 9.869 9.869 9.868 9.868 9.868 9.868 8.868 8.868 8.868 8.868 8.868 8.868 8.868 8.868 7.868 7.868 7.868 7.868 7.868 6.868 6.868 6.869
13.876 13.876 13.876 13.876 13.875 13.875 13.875 13.875 13.875 13.875 13.874 13.874 13.874 13.874 13.873 13.873 13.873 13.873 13.873 13.872 13.872 13.872 13.872 13.872 13.872 12.872 12.872 12.872 12.871 12.871 12.871 12.871 12.871 12.871 12.871 11.871 11.871 11.871 11.871 11.871 11.871 11.871 10.871 10.871 10.870 10.870 10.870 10.870 10.870 10.870 9.870 9.869 9.869 9.869 9.869 9.869 9.869 9.869 9.868 8.869 8.869 8.868 8.868 8.868 8.868 8.868 8.868 7.868 7.868 7.868 7.868 7.868 6.868 6.868 6.869 6.869
13.876 13.876 13.876 13.876 13.875 13.875 13.875 13.875 13.875 13.874 13.874 13.874 13.874 13.874 13.873 13.873 13.873 13.873 13.873 13.872 13.872 13.872 13.872 13.872 13.872 12.872 12.872 12.871 12.871 12.871 12.871 12.871 12.871 12.871 11.871 11.871 11.871 11.871 11.871 11.871 11.871 11.871 10.871 10.871 10.870 10.870 10.870 10.870 10.870 9.870 9.870 9.870 9.869 9.869 9.869 9.869 9.869 9.869 8.869 8.869 8.869 8.869 8.868 8.868 8.868 8.868 7.868 7.868 7.868 7.868 7.868 6.868 6.869 6.869 6.869 6.869
13.876 13.876 13.876 13.876 13.875 13.875 13.875 13.875 13.875 13.874 13.874 13.874 13.874 13.874 13.873 13.873 13.873 13.873 13.873 13.872 13.872 13.872 13.872 13.872 13.872 12.872 12.872 12.871 12.871 12.871 12.871 12.871 12.871 11.871 11.871 11.871 11.871 11.871 11.871 11.871 11.871 10.871 10.871 10.871 10.871 10.870 10.870 10.870 10.870 9.870 9.870 9.870 9.870 9.869 9.869 9.869 9.869 8.869 8.869 8.869 8.869 8.869 8.868 8.868 8.868 8.868 7.868 7.868 7.868 7.869 6.869 6.869 6.869 6.869 6.869 6.869
13.876 13.876 13.876 13.876 13.875 13.875 13.875 13.875 13.875 13.874 13.874 13.874 13.874 13.873 13.873 13.873 13.873 13.873 13.873 13.872 13.872 13.872 13.872 13.872 13.872 12.872 12.871 12.871 12.871 12.871 12.871 12.871 12.871 11.871 11.871 11.871 11.871 11.871 11.871 11.871 11.871 10.871 10.871 10.871 10.871 10.871 10.871 10.870 10.870 9.870 9.870 9.870 9.870 9.870 9.869 9.869 9.869 8.869 8.869 8.869 8.869 8.869 8.869 8.869 8.869 8.868 7.868 7.869 7.869 7.869 6.869 6.869 6.869 6.869 6.869 6.869
13.876 13.876 13.876 13.876 13.875 13.875 13.875 13.875 13.875 13.874 13.874 13.874 13.874 13.873 13.873 13.873 13.873 13.873 13.872 13.872 13.872 13.872 13.872 13.872 13.872 12.872 12.871 12.871 12.871 12.871 12.871 12.871 12.871 11.871 11.871 11.871 11.871 11.871 11.871 11.871 11.871 10.871 10.871 10.871 10.871 10.871 10.871 10.871 9.870 9.870 9.870 9.870 9.870 9.870 9.870 9.869 8.869 8.869 8.869 8.869 8.869 8.869 8.869 8.869 8.869 7.869 7.869 7.869 7.869 6.869 6.869 6.869 6.869 6.869 6.869 5.869
13.876 13.876 13.876 13.875 13.875 13.875 13.875 13.875 13.874 13.874 13.874 13.874 13.874 13.873 13.873 13.873 13.873 13.873 13.872 13.872 13.872 13.872 13.872 13.872 13.872 12.872 12.871 12.871 12.871 12.871 12.871 12.871 12.871 11.871 11.871 11.871 11.871 11.871 11.871 11.871 10.871 10.871 10.871 10.871 10.871 10.871 10.871 10.871 9.871 9.870 9.870 9.870 9.870 9.870 9.870 9.870 8.869 8.869 8.869 8.869 8.869 8.869 8.869 8.869 7.869 7.869 7.869 7.869 7.869 6.869 6.869 6.869 6.869 6.869 5.869 5.869
13.876 13.876 13.876 13.875 13.875 13.875 13.875 13.875 13.874 13.874 13.874 13.874 13.874 13.873 13.873 13.873 13.873 13.872 13.872 13.872 13.872 13.872 13.872 13.872 12.872 12.871 12.871 12.871 12.871 12.871 12.871 12.871 11.871 11.871 11.871 11.871 11.871 11.871 11.871 11.871 10.871 10.871 10.871 10.871 10.871 10.871 10.871 9.871 9.871 9.871 9.870 9.870 9.870 9.870 9.870 8.870 8.869 8.869 8.869 8.869 8.869 8.869 8.869 7.869 7.869 7.869 7.869 7.869 7.869 6.869 6.869 6.869 6.869 5.869 5.869 5.869
13.876 13.876 13.876 13.875 13.875 13.875 13.875 13.875 13.874 13.874 13.874 13.874 13.874 13.873 13.873 13.873 13.873 13.872 13.872 13.872 13.872 13.872 13.872 13.872 12.872 12.871 12.871 12.871 12.871 12.871 12.871 12.871 11.871 11.871 11.871 11.871 11.871 11.871 11.871 10.871 10.871 10.871 10.871 10.871 10.871 10.871 10.871 9.871 9.871 9.871 9.870 9.870 9.870 9.870 8.870 8.870 8.870 8.870 8.869 8.869 8.869 8.869 7.869 7.869 7.869 7.869 7.869 7.869 6.869 6.869 6.869 6.869 5.869 5.869 5.869 5.869
13.876 13.876 13.876 13.875 13.875 13.875 13.875 13.875 13.874 13.874 13.874 13.874 13.874 13.873 13.873 13.873 13.873 13.872 13.872 13.872 13.872 13.872 13.872 13.872 12.872 12.871 12.871 12.871 12.871 12.871 12.871 12.871 11.871 11.871 11.871 11.871 11.871 11.871 11.871 10.871 10.871 10.871 10.871 10.871 10.871 10.871 9.871 9.871 9.871 9.871 9.871 9.870 9.870 9.870 8.870 8.870 8.870 8.870 8.870 8.870 8.869 7.869 7.869 7.869 7.869 7.869 7.869 6.869 6.869 6.870 6.870 5.870 5.870 5.870 5.869 5.869
13.876 13.876 13.876 13.875 13.875 13.875 13.875 13.875 13.874 13.874 13.874 13.874 13.874 13.873 13.873 13.873 13.873 13.872 13.872 13.872 13.872 13.872 13.872 12.872 12.871 12.871 12.871 12.871 12.871 12.871 12.871 11.871 11.871 11.871 11.871 11.871 11.871 11.871 11.871 10.871 10.871 10.871 10.871 10.871 10.871 10.871 9.871 9.871 9.871 9.871 9.871 9.871 9.870 8.870 8.870 8.870 8.870 8.870 8.870 8.870 7.870 7.870 7.870 7.870 7.869 7.869 6.870 6.870 6.870 6.870 5.870 5.870 5.870 5.870 5.870 5.869
13.876 13.876 13.876 13.875 13.875 13.875 13.875 13.875 13.874 13.874 13.874 13.874 13.874 13.873 13.873 13.873 13.873 13.872 13.872 13.872 13.872 13.872 13.872 12.872 12.872 12.871 12.871 12.871 12.871 12.871 12.871 11.871 11.871 11.871 11.871 11.871 11.871 11.871 11.871 10.871 10.871 10.871 10.871 10.871 10.871 10.871 9.871 9.871 9.871 9.871 9.871 9.871 8.871 8.870 8.870 8.870 8.870 8.870 8.870 7.870 7.870 7.870 7.870 7.870 7.870 6.870 6.870 6.870 6.870 5.870 5.870 5.870 5.870 5.870 5.870 5.870
13.876 13.876 13.876 13.875 13.875 13.875 13.875 13.875 13.874 13.874 13.874 13.874 13.874 13.873 13.873 13.873 13.873 13.872 13.872 13.872 13.872 13.872 13.872 12.872 12.872 12.871 12.871 12.871 12.871 12.871 12.871 11.871 11.871 11.871 11.871 11.871 11.871 11.871 11.871 10.871 10.871 10.871 10.871 10.871 10.871 9.871 9.871 9.871 9.871 9.871 9.871 9.871 8.871 8.871 8.871 8.870 8.870 8.870 7.870 7.870 7.870 7.870 7.870 7.870 6.870 6.870 6.870 6.870 6.870 5.870 5.870 5.870 5.870 5.870 5.870 5.870
13.876 13.876 13.876 13.875 13.875 13.875 13.875 13.875 13.874 13.874 13.874 13.874 13.874 13.873 13.873 13.873 13.873 13.872 13.872 13.872 13.872 13.872 12.872 12.872 12.872 12.871 12.871 12.871 12.871 12.871 12.871 11.871 11.871 11.871 11.871 11.871 11.871 11.871 11.871 10.871 10.871 10.871 10.871 10.871 10.871 9.871 9.871 9.871 9.871 9.871 9.871 8.871 8.871 8.871 8.871 8.871 8.871 7.871 7.870 7.870 7.870 7.870 7.870 6.870 6.870 6.870 6.870 6.870 5.870 5.870 5.870 5.870 5.870 5.870 5.870 5.870
13.876 13.876 13.876 13.875 13.875 13.875 13.875 13.875 13.874 13.874 13.874 13.874 13.874 13.873 13.873 13.873 13.873 13.872 13.872 13.872 13.872 12.872 12.872 12.872 12.872 12.872 12.871 12.871 12.871 12.871 12.871 11.871 11.871 11.871 11.871 11.871 11.871 11.871 11.871 10.871 10.871 10.871 10.871 10.871 10.871 9.871 9.871 9.871 9.871 9.871 9.871 8.871 8.871 8.871 8.871 8.871 7.871 7.871 7.871 7.871 7.871 7.871 6.871 6.871 6.870 6.870 6.870 5.870 5.870 5.870 5.870 5.870 5.870 5.870 5.870 5.870
13.876 13.876 13.876 13.875 13.875 13.875 13.875 13.875 13.874 13.874 13.874 13.874 13.874 13.873 13.873 13.873 13.873 13.873 13.872 13.872 13.872 12.872 12.872 12.872 12.872 12.872 12.872 12.872 12.871 12.871 12.871 11.871 11.871 11.871 11.871 11.871 11.871 11.871 11.871 10.871 10.871 10.871 10.871 10.871 10.871 9.871 9.871 9.871 9.871 9.871 9.871 8.871 8.871 8.871 8.871 8.871 7.871 7.871 7.871 7.871 7.871 6.871 6.871 6.871 6.871 6.871 5.871 5.871 5.871 5.871 5.871 5.870 5.870 5.870 5.870 5.870
14.876 13.876 13.876 13.875 13.875 13.875 13.875 13.875 13.874 13.874 13.874 13.874 13.874 13.873 13.873 13.873 13.873 13.873 13.872 13.872 12.872 12.872 12.872 12.872 12.872 12.872 12.872 12.872 12.872 12.871 11.871 11.871 11.871 11.871 11.871 11.871 11.871 11.871 10.871 10.871 10.871 10.871 10.871 10.871 9.871 9.871 9.871 9.871 9.871 9.871 8.871 8.871 8.871 8.871 8.871 7.871 7.871 7.871 7.871 7.871 6.871 6.871 6.871 6.871 6.871 5.871 5.871 5.871 5.871 5.871 5.871 5.871 5.870 5.870 5.870 5.870
14.876 13.876 13.876 13.875 13.875 13.875 13.875 13.875 13.874 13.874 13.874 13.874 13.874 13.873 13.873 13.873 13.873 13.873 12.872 12.872 12.872 12.872 12.872 12.872 12.872 12.872 12.872 12.872 12.872 12.871 11.871 11.871 11.871 11.871 11.871 11.871 11.871 11.871 10.871 10.871 10.871 10.871 10.871 10.871 9.871 9.871 9.871 9.871 9.871 9.871 8.871 8.871 8.871 8.871 8.871 7.871 7.871 7.871 7.871 6.871 6.871 6.871 6.871 6.871 5.871 5.871 5.871 5.871 5.871 5.871 5.871 5.871 5.871 5.870 5.870 5.870
14.876 13.876 13.876 13.875 13.875 13.875 13.875 13.875 13.874 13.874 13.874 13.874 13.874 13.873 13.873 13.873 13.873 12.873 12.872 12.872 12.872 12.872 12.872 12.872 12.872 12.872 12.872 12.872 12.872 12.871 11.871 11.871 11.871 11.871 11.871 11.871 11.871 11.871 10.871 10.871 10.871 10.871 10.871 10.871 9.871 9.871 9.871 9.871 9.871 9.871 8.871 8.871 8.871 8.871 7.871 7.871 7.871 7.871 7.871 6.871 6.871 6.871 6.871 5.871 5.871 5.871 5.871 5.871 5.871 5.871 5.871 5.871 5.871 5.871 5.871 5.871
14.876 13.876 13.875 13.875 13.875 13.875 13.875 13.875 13.874 13.874 13.874 13.874 13.874 13.873 13.873 13.873 12.873 12.873 12.872 12.872 12.872 12.872 12.872 12.872 12.872 12.872 12.872 12.872 12.872 12.872 11.871 11.871 11.871 11.871 11.871 11.871 11.871 11.871 10.871 10.871 10.871 10.871 10.871 10.871 9.871 9.871 9.871 9.871 9.871 8.872 8.872 8.871 8.871 8.871 7.871 7.871 7.871 7.871 6.871 6.871 6.871 6.871 5.872 5.872 5.872 5.872 5.872 5.872 5.872 5.871 5.871 5.871 5.871 5.871 5.871 5.871
14.876 13.876 13.875 13.875 13.875 13.875 13.875 13.874 13.874 13.874 13.874 13.874 13.874 13.873 13.873 12.873 12.873 12.873 12.872 12.872 12.872 12.872 12.872 12.872 12.872 12.872 12.872 12.872 12.872 11.872 11.871 11.871 11.871 11.871 11.871 11.871 11.871 11.871 10.871 10.872 10.871 10.871 10.872 10.872 9.872 9.872 9.872 9.872 9.872 8.872 8.872 8.872 8.872 7.872 7.872 7.872 7.872 7.872 6.872 6.872 6.872 6.872 5.872 5.872 5.872 5.872 5.872 5.872 5.872 5.872 5.872 5.871 5.871 5.871 5.871 5.871
14.876 13.876 13.875 13.875 13.875 13.875 13.875 13.874 13.874 13.874 13.874 13.874 13.874 13.873 12.873 12.873 12.873 12.873 12.872 12.872 12.872 12.872 12.872 12.872 12.872 12.872 12.872 12.872 12.872 11.872 11.871 11.871 11.871 11.871 11.871 11.871 11.871 11.872 10.871 10.872 10.872 10.872 10.872 9.872 9.872 9.872 9.872 9.872 9.872 8.872 8.872 8.872 8.872 7.872 7.872 7.872 7.872 6.872 6.872 6.872 6.872 5.872 5.872 5.872 5.872 5.872 5.872 5.872 5.872 5.872 5.872 5.871 5.871 5.871 5.871 5.870
14.876 14.876 13.875 13.875 13.875 13.875 13.875 13.874 13.874 13.874 13.874 13.874 13.874 13.873 12.873 12.873 12.873 12.873 12.873 12.872 12.872 12.872 12.872 12.872 12.872 12.872 12.872 12.872 11.872 11.872 11.872 11.871 11.871 11.871 11.871 11.871 11.872 11.872 10.872 10.872 10.872 10.872 10.872 9.872 9.872 9.872 9.872 9.872 8.872 8.872 8.872 8.872 8.872 7.872 7.872 7.872 7.872 6.872 6.872 6.872 5.872 5.872 5.872 5.872 5.872 5.872 5.872 5.872 5.872 5.872 5.872 5.871 5.871 5.871 5.871 5.871
14.876 14.876 13.875 13.875 13.875 13.875 13.875 13.874 13.874 13.874 13.874 13.874 13.874 12.873 12.873 12.873 12.873 12.873 12.873 12.872 12.872 12.872 12.872 12.872 12.872 12.872 12.872 12.872 11.872 11.872 11.872 11.872 11.872 11.872 11.872 11.872 11.872 11.872 10.872 10.872 10.872 10.872 10.872 9.872 9.872 9.872 9.872 9.872 8.872 8.872 8.872 8.872 7.872 7.872 7.872 7.872 6.872 6.872 6.872 6.872 5.872 5.872 5.872 5.872 5.872 5.872 5.872 5.872 5.872 5.872 5.872 5.872 5.871 5.871 5.871 5.871
14.876 14.876 13.875 13.875 13.875 13.875 13.875 13.874 13.874 13.874 13.874 13.874 13.874 13.873 12.873 12.873 12.873 12.873 12.873 12.873 12.872 12.872 12.872 12.872 12.872 12.872 12.872 12.872 11.872 11.872 11.872 11.872 11.872 11.872 11.872 11.872 11.872 11.872 10.872 10.872 10.872 10.872 10.872 9.872 9.872 9.872 9.872 9.872 8.872 8.872 8.872 8.872 7.872 7.872 7.872 7.872 6.872 6.872 6.872 6.872 5.872 5.872 5.872 5.872 5.872 5.872 5.872 5.872 5.872 5.872 5.872 5.872 5.872 5.871 5.871 4.871
14.876 14.876 13.875 13.875 13.875 13.875 13.875 13.874 13.874 13.874 13.874 13.874 13.874 13.873 12.873 12.873 12.873 12.873 12.873 12.873 12.872 12.872 12.872 12.872 12.872 12.872 12.872 12.872 12.872 11.872 11.872 11.872 11.872 11.872 11.872 11.872 11.872 11.872 10.872 10.872 10.872 10.872 10.872 9.872 9.872 9.872 9.872 9.872 8.872 8.872 8.872 8.872 7.872 7.872 7.872 7.872 6.872 6.872 6.872 5.872 5.872 5.872 5.872 5.872 5.872 5.872 5.872 5.872 5.872 5.872 5.872 5.872 5.872 5.872 4.872 0.000
14.876 14.876 13.875 13.875 13.875 13.875 13.875 13.874 13.874 13.874 13.874 13.874 13.874 13.873 13.873 12.873 12.873 12.873 12.873 12.873 12.873 12.872 12.872 12.872 12.872 12.872 12.872 12.872 12.872 11.872 11.872 11.872 11.872 11.872 11.872 11.872 11.872 11.872 10.872 10.872 10.872 10.872 10.872 9.872 9.872 9.872 9.872 9.872 8.872 8.872 8.872 8.872 7.872 7.872 7.872 7.872 6.872 6.872 6.872 5.872 5.872 5.872 5.872 5.872 5.872 5.872 5.872 5.872 5.872 5.872 5.872 5.872 5.872 4.872 0.000 0.000
