includes/mahajanga_coast/floodfiles/results_R2_t1.688026134693E12/res-0001.wd
ncols         269
nrows         308
xllcorner     384108.384600
yllcorner     1149646.260900
cellsize      30.000000
NODATA_value  -9999.000000
[rows 272 to 305 of 308, columns 77 to 153 of 269]
3.294 3.294 3.294 3.294 3.293 3.293 3.293 2.293 2.293 2.293 2.292 2.292 2.291 2.291 2.290 2.290 2.289 2.289 2.289 2.288 2.288 2.287 2.287 2.286 2.286 2.285 2.285 2.284 2.284 1.282 1.281 1.281 1.280 1.279 1.278 1.278 1.277 1.276 1.275 1.274 1.273 1.272 1.271 1.270 1.269 1.268 1.266 1.264 1.262 1.260 1.257 1.252 1.246 1.240 1.234 1.228 1.221 1.215 1.208 1.200 1.193 1.185 1.176 1.167 1.159 1.150 1.141 1.131 1.123 1.118 1.112 1.106 1.101 1.094 1.087 1.081 1.076
3.294 3.294 3.294 3.294 3.293 3.293 3.293 3.293 3.293 3.293 2.292 2.292 2.291 2.291 2.290 2.290 2.290 2.289 2.289 2.288 2.288 2.287 2.287 2.286 2.286 2.286 2.285 2.285 2.284 2.284 2.283 2.283 2.282 2.281 2.281 2.280 2.280 2.279 2.278 2.278 2.277 2.276 2.275 2.274 2.273 2.272 2.271 2.270 2.269 2.268 2.267 1.258 1.252 1.246 1.240 1.233 1.227 1.221 1.214 1.207 1.199 1.192 1.184 1.176 1.167 1.159 1.150 1.140 1.130 1.123 1.117 1.111 1.105 1.099 1.093 1.086 1.081
3.294 3.294 3.294 3.294 3.293 3.293 3.293 3.293 3.293 3.293 2.292 2.292 2.291 2.291 2.291 2.290 2.290 2.289 2.289 2.289 2.288 2.288 2.287 2.287 2.286 2.286 2.285 2.285 2.285 2.284 2.284 2.283 2.283 2.282 2.281 2.281 2.280 2.279 2.279 2.278 2.277 2.277 2.276 2.275 2.274 2.273 2.272 2.271 2.270 2.269 2.268 1.263 1.257 1.251 1.245 1.239 1.233 1.227 1.220 1.214 1.207 1.200 1.192 1.184 1.176 1.168 1.159 1.150 1.141 1.131 1.123 1.116 1.110 1.105 1.099 1.093 1.088
3.294 3.294 3.294 3.294 3.293 3.293 3.293 3.293 3.293 3.293 3.292 2.292 2.291 2.291 2.291 2.290 2.290 2.290 2.289 2.289 2.288 2.288 2.287 2.287 2.287 2.286 2.286 2.285 2.285 2.284 2.284 2.284 2.283 2.282 2.282 2.281 2.281 2.280 2.279 2.279 2.278 2.277 2.276 2.276 2.275 2.274 2.273 2.272 2.271 2.270 2.269 2.269 1.263 1.257 1.251 1.246 1.240 1.234 1.227 1.221 1.214 1.208 1.200 1.193 1.185 1.178 1.169 1.161 1.152 1.143 1.134 1.124 1.116 1.110 1.105 1.100 1.094
3.294 3.294 3.294 3.294 3.293 3.293 3.293 3.293 3.293 3.293 3.292 3.292 2.292 2.291 2.291 2.290 2.290 2.290 2.289 2.289 2.289 2.288 2.288 2.287 2.287 2.286 2.286 2.286 2.285 2.285 2.284 2.284 2.283 2.283 2.282 2.282 2.281 2.281 2.280 2.279 2.279 2.278 2.277 2.277 2.276 2.275 2.274 2.273 2.272 2.272 2.271 2.270 2.269 1.264 1.258 1.252 1.246 1.241 1.235 1.229 1.222 1.216 1.209 1.202 1.195 1.188 1.180 1.172 1.164 1.155 1.146 1.137 1.127 1.118 1.111 1.106 1.101
3.294 3.294 3.294 3.294 3.293 3.293 3.293 3.293 3.293 3.293 3.292 3.292 3.292 2.291 2.291 2.291 2.290 2.290 2.290 2.289 2.289 2.288 2.288 2.288 2.287 2.287 2.286 2.286 2.286 2.285 2.285 2.284 2.284 2.283 2.283 2.282 2.282 2.281 2.281 2.280 2.280 2.279 2.278 2.277 2.277 2.276 2.275 2.274 2.274 2.273 2.272 2.271 2.271 2.270 1.264 1.259 1.254 1.248 1.243 1.237 1.231 1.225 1.219 1.212 1.205 1.198 1.191 1.183 1.175 1.167 1.159 1.150 1.141 1.132 1.121 1.114 1.108
3.294 3.294 3.294 3.294 3.293 3.293 3.293 3.293 3.293 3.293 3.292 3.292 3.292 3.292 2.291 2.291 2.290 2.290 2.290 2.289 2.289 2.289 2.288 2.288 2.287 2.287 2.287 2.286 2.286 2.286 2.285 2.285 2.284 2.284 2.284 2.283 2.283 2.282 2.282 2.281 2.281 2.280 2.279 2.279 2.278 2.277 2.276 2.276 2.275 2.274 2.273 2.273 2.272 2.271 2.270 1.265 1.261 1.256 1.251 1.245 1.240 1.234 1.228 1.222 1.216 1.209 1.202 1.195 1.188 1.180 1.172 1.163 1.155 1.146 1.137 1.127 1.118
4.294 3.294 3.294 3.294 3.294 3.293 3.293 3.293 3.293 3.293 3.292 3.292 3.292 3.292 3.291 2.291 2.291 2.290 2.290 2.290 2.289 2.289 2.289 2.288 2.288 2.287 2.287 2.287 2.286 2.286 2.286 2.285 2.285 2.284 2.284 2.284 2.283 2.283 2.283 2.282 2.282 2.281 2.280 2.280 2.279 2.278 2.278 2.277 2.276 2.275 2.275 2.274 2.273 2.272 2.272 2.271 2.270 1.264 1.259 1.254 1.249 1.243 1.238 1.232 1.226 1.220 1.214 1.207 1.200 1.193 1.185 1.177 1.169 1.161 1.152 1.143 1.134
4.294 4.294 3.294 3.294 3.294 3.293 3.293 3.293 3.293 3.293 3.292 3.292 3.292 3.292 3.291 3.291 2.291 2.290 2.290 2.290 2.290 2.289 2.289 2.289 2.288 2.288 2.288 2.287 2.287 2.286 2.286 2.286 2.286 2.285 2.285 2.285 2.284 2.284 2.283 2.283 2.283 2.282 2.281 2.281 2.280 2.280 2.279 2.278 2.278 2.277 2.276 2.275 2.274 2.274 2.273 2.272 2.271 2.270 2.269 1.263 1.258 1.253 1.248 1.243 1.238 1.232 1.226 1.220 1.213 1.206 1.199 1.191 1.184 1.176 1.168 1.159 1.151
4.294 4.294 3.294 3.294 3.294 3.294 3.293 3.293 3.293 3.293 3.292 3.292 3.292 3.292 3.291 3.291 3.291 2.291 2.290 2.290 2.290 2.290 2.289 2.289 2.289 2.288 2.288 2.288 2.287 2.287 2.287 2.287 2.286 2.286 2.286 2.285 2.285 2.285 2.284 2.284 2.284 2.283 2.283 2.282 2.282 2.281 2.281 2.280 2.279 2.278 2.277 2.277 2.276 2.275 2.274 2.274 2.273 2.272 2.271 2.270 2.269 1.263 1.258 1.254 1.249 1.244 1.238 1.232 1.226 1.220 1.213 1.206 1.199 1.191 1.183 1.175 1.167
4.294 4.294 4.294 3.294 3.294 3.294 3.293 3.293 3.293 3.293 3.292 3.292 3.292 3.292 3.291 3.291 3.291 3.291 3.291 3.290 3.290 3.290 3.290 3.290 3.289 3.289 3.289 3.288 3.288 3.288 3.287 3.287 3.287 3.287 3.286 3.286 3.286 3.286 3.285 3.285 3.285 3.284 3.284 3.284 3.283 3.283 3.282 3.282 2.281 2.280 2.279 2.278 2.277 2.277 2.276 2.275 2.274 2.273 2.272 2.272 2.271 2.270 2.269 2.267 1.260 1.256 1.251 1.245 1.239 1.233 1.227 1.220 1.214 1.207 1.199 1.192 1.184
4.295 4.294 4.294 4.294 3.294 3.294 3.294 3.293 3.293 3.293 3.292 3.292 3.292 3.292 3.292 3.291 3.291 3.291 3.291 3.291 3.290 3.290 3.290 3.290 3.289 3.289 3.289 3.289 3.288 3.288 3.288 3.287 3.287 3.287 3.287 3.286 3.286 3.286 3.286 3.285 3.285 3.285 3.284 3.284 3.284 3.283 3.283 3.282 3.282 2.281 2.280 2.280 2.279 2.278 2.277 2.276 2.276 2.275 2.274 2.273 2.272 2.271 2.270 2.269 2.269 2.267 2.266 1.258 1.253 1.248 1.241 1.235 1.229 1.222 1.215 1.208 1.201
4.295 4.294 4.294 4.294 4.294 3.294 3.294 3.293 3.293 3.293 3.293 3.292 3.292 3.292 3.292 3.291 3.291 3.291 3.291 3.291 3.290 3.290 3.290 3.290 3.290 3.289 3.289 3.289 3.289 3.288 3.288 3.288 3.287 3.287 3.287 3.287 3.286 3.286 3.286 3.286 3.285 3.285 3.285 3.284 3.284 3.284 3.283 3.283 3.283 3.282 3.282 2.281 2.280 2.280 2.279 2.278 2.277 2.277 2.276 2.275 2.274 2.273 2.272 2.271 2.270 2.269 2.268 2.267 2.266 2.264 1.255 1.250 1.245 1.238 1.231 1.224 1.217
4.295 4.294 4.294 4.294 4.294 4.294 3.294 3.294 3.293 3.293 3.293 3.292 3.292 3.292 3.292 3.291 3.291 3.291 3.291 3.291 3.291 3.290 3.290 3.290 3.290 3.290 3.289 3.289 3.289 3.289 3.288 3.288 3.288 3.287 3.287 3.287 3.287 3.287 3.286 3.286 3.286 3.286 3.285 3.285 3.285 3.284 3.284 3.284 3.283 3.283 3.283 3.282 3.282 3.281 2.280 2.280 2.279 2.278 2.278 2.277 2.276 2.275 2.274 2.273 2.272 2.271 2.270 2.269 2.268 2.266 2.265 2.264 2.262 1.253 1.247 1.241 1.234
4.295 4.295 4.294 4.294 4.294 4.294 4.294 3.294 3.293 3.293 3.293 3.293 3.292 3.292 3.292 3.292 3.291 3.291 3.291 3.291 3.291 3.291 3.290 3.290 3.290 3.290 3.290 3.289 3.289 3.289 3.289 3.288 3.288 3.288 3.288 3.287 3.287 3.287 3.287 3.287 3.286 3.286 3.286 3.285 3.285 3.285 3.284 3.284 3.284 3.283 3.283 3.283 3.282 3.282 3.282 3.281 3.281 3.280 3.280 2.279 2.278 2.277 2.276 2.275 2.274 2.273 2.272 2.271 2.270 2.269 2.267 2.266 2.265 2.264 2.262 2.260 1.250
4.295 4.295 4.294 4.294 4.294 4.294 4.294 4.294 3.294 3.293 3.293 3.293 3.292 3.292 3.292 3.292 3.292 3.292 3.291 3.291 3.291 3.291 3.291 3.290 3.290 3.290 3.290 3.290 3.289 3.289 3.289 3.289 3.288 3.288 3.288 3.288 3.288 3.287 3.287 3.287 3.287 3.287 3.286 3.286 3.286 3.285 3.285 3.285 3.284 3.284 3.284 3.283 3.283 3.283 3.282 3.282 3.281 3.281 3.281 3.280 3.280 3.279 3.279 3.278 2.277 2.276 2.275 2.274 2.272 2.271 2.270 2.268 2.267 2.266 2.264 2.263 2.262
4.295 4.295 4.295 4.294 4.294 4.294 4.294 4.294 4.294 3.293 3.293 3.293 3.293 3.292 3.292 3.292 3.292 3.292 3.292 3.291 3.291 3.291 3.291 3.291 3.290 3.290 3.290 3.290 3.290 3.290 3.289 3.289 3.289 3.289 3.288 3.288 3.288 3.288 3.288 3.288 3.287 3.287 3.287 3.287 3.286 3.286 3.286 3.285 3.285 3.285 3.284 3.284 3.284 3.283 3.283 3.282 3.282 3.282 3.281 3.281 3.280 3.280 3.279 3.279 3.279 3.278 3.278 2.276 2.275 2.274 2.272 2.271 2.269 2.268 2.267 2.266 2.265
4.295 4.295 4.295 4.295 4.294 4.294 4.294 4.294 4.294 4.294 3.293 3.293 3.293 3.293 3.292 3.292 3.292 3.292 3.292 3.292 3.291 3.291 3.291 3.291 3.291 3.291 3.291 3.290 3.290 3.290 3.290 3.290 3.289 3.289 3.289 3.289 3.289 3.288 3.288 3.288 3.288 3.288 3.287 3.287 3.287 3.286 3.286 3.286 3.286 3.285 3.285 3.285 3.284 3.284 3.283 3.283 3.283 3.282 3.282 3.281 3.281 3.281 3.280 3.280 3.279 3.279 3.278 3.278 3.277 3.277 2.274 2.273 2.271 2.270 2.269 2.268 2.267
4.295 4.295 4.295 4.295 4.295 4.294 4.294 4.294 4.294 3.294 3.293 3.293 3.293 3.293 3.293 3.292 3.292 3.292 3.292 3.292 3.292 3.291 3.291 3.291 3.291 3.291 3.291 3.291 3.291 3.290 3.290 3.290 3.290 3.290 3.289 3.289 3.289 3.289 3.289 3.289 3.288 3.288 3.288 3.288 3.287 3.287 3.287 3.286 3.286 3.286 3.285 3.285 3.285 3.285 3.284 3.284 3.283 3.283 3.283 3.282 3.282 3.281 3.281 3.281 3.280 3.280 3.279 3.279 3.278 3.278 2.276 2.275 2.273 2.272 2.271 2.270 2.270
4.295 4.295 4.295 4.295 4.295 4.295 4.294 4.294 4.294 3.294 3.294 3.293 3.293 3.293 3.293 3.293 3.292 3.292 3.292 3.292 3.292 3.292 3.292 3.291 3.291 3.291 3.291 3.291 3.291 3.291 3.291 3.290 3.290 3.290 3.290 3.290 3.290 3.289 3.289 3.289 3.289 3.289 3.288 3.288 3.288 3.288 3.287 3.287 3.287 3.286 3.286 3.286 3.286 3.285 3.285 3.285 3.284 3.284 3.283 3.283 3.283 3.282 3.282 3.281 3.281 3.281 3.280 3.280 3.279 3.279 2.278 2.276 2.275 2.274 2.273 2.273 2.272
4.295 4.295 4.295 4.295 4.295 4.295 4.295 4.294 3.294 3.294 3.294 3.294 3.293 3.293 3.293 3.293 3.293 3.293 3.292 3.292 3.292 3.292 3.292 3.292 3.292 3.292 3.291 3.291 3.291 3.291 3.291 3.291 3.291 3.291 3.290 3.290 3.290 3.290 3.290 3.290 3.290 3.289 3.289 3.289 3.289 3.288 3.288 3.288 3.288 3.287 3.287 3.287 3.286 3.286 3.286 3.285 3.285 3.285 3.284 3.284 3.283 3.283 3.283 3.282 3.282 3.282 3.281 3.281 3.280 3.280 2.279 2.278 2.277 2.276 2.276 2.275 2.274
4.295 4.295 4.295 4.295 4.295 4.295 4.295 3.295 3.294 3.294 3.294 3.294 3.294 3.293 3.293 3.293 3.293 3.293 3.293 3.293 3.293 3.292 3.292 3.292 3.292 3.292 3.292 3.292 3.292 3.292 3.291 3.291 3.291 3.291 3.291 3.291 3.291 3.291 3.290 3.290 3.290 3.290 3.290 3.290 3.289 3.289 3.289 3.288 3.288 3.288 3.288 3.287 3.287 3.287 3.286 3.286 3.286 3.285 3.285 3.285 3.284 3.284 3.284 3.283 3.283 3.283 3.282 3.282 3.282 3.281 2.280 2.279 2.279 2.278 2.277 2.277 2.276
4.296 4.296 4.295 4.295 4.295 4.295 3.295 3.295 3.295 3.294 3.294 3.294 3.294 3.294 3.293 3.293 3.293 3.293 3.293 3.293 3.293 3.293 3.293 3.292 3.292 3.292 3.292 3.292 3.292 3.292 3.292 3.292 3.292 3.292 3.292 3.291 3.291 3.291 3.291 3.291 3.291 3.291 3.290 3.290 3.290 3.290 3.289 3.289 3.289 3.289 3.288 3.288 3.288 3.288 3.287 3.287 3.287 3.286 3.286 3.286 3.285 3.285 3.285 3.284 3.284 3.284 3.283 3.283 3.283 3.283 2.282 2.281 2.280 2.280 2.279 2.279 2.279
4.296 4.296 4.296 4.295 4.295 3.295 3.295 3.295 3.295 3.295 3.294 3.294 3.294 3.294 3.294 3.294 3.294 3.293 3.293 3.293 3.293 3.293 3.293 3.293 3.293 3.293 3.292 3.292 3.292 3.292 3.292 3.292 3.292 3.292 3.292 3.292 3.292 3.292 3.292 3.292 3.292 3.291 3.291 3.291 3.291 3.291 3.290 3.290 3.290 3.290 3.289 3.289 3.289 3.288 3.288 3.288 3.287 3.287 3.287 3.286 3.286 3.286 3.285 3.285 3.285 3.285 3.284 3.284 3.284 3.284 2.283 2.282 2.282 2.282 2.281 2.281 2.281
4.296 4.296 4.296 3.296 3.296 3.295 3.295 3.295 3.295 3.295 3.294 3.294 3.294 3.294 3.294 3.294 3.294 3.294 3.294 3.294 3.294 3.293 3.293 3.293 3.293 3.293 3.293 3.293 3.293 3.293 3.293 3.293 3.293 3.293 3.293 3.293 3.293 3.293 3.293 3.292 3.292 3.292 3.292 3.292 3.292 3.291 3.291 3.291 3.291 3.290 3.290 3.290 3.290 3.289 3.289 3.289 3.288 3.288 3.288 3.287 3.287 3.287 3.286 3.286 3.286 3.286 3.286 3.285 3.285 3.285 2.284 2.284 2.284 2.283 2.283 2.283 2.283
4.296 4.296 3.296 3.296 3.296 3.296 3.295 3.295 3.295 3.295 3.295 3.295 3.294 3.294 3.294 3.294 3.294 3.294 3.294 3.294 3.294 3.294 3.294 3.294 3.293 3.293 3.293 3.293 3.293 3.293 3.293 3.293 4.293 4.293 4.293 4.293 4.293 4.293 4.293 4.293 4.293 4.293 4.293 4.293 4.293 4.292 4.292 4.292 3.292 3.291 3.291 3.291 3.290 3.290 3.290 3.290 3.289 3.289 3.289 3.288 3.288 3.288 3.287 3.287 3.287 3.287 3.287 3.286 3.286 3.286 2.286 2.285 2.285 2.285 2.285 2.285 2.284
4.296 3.296 3.296 3.296 3.296 3.296 3.296 3.296 3.295 3.295 3.295 3.295 3.295 3.295 3.295 3.295 3.295 3.295 3.294 3.294 3.294 3.294 3.294 3.294 3.294 3.294 3.294 3.294 3.294 3.294 4.294 4.294 4.294 4.294 4.294 4.294 4.294 4.294 4.294 4.294 4.293 4.293 4.293 4.293 4.293 4.293 4.293 4.293 4.292 4.292 3.292 3.292 3.291 3.291 3.291 3.290 3.290 3.290 3.289 3.289 3.289 3.289 3.288 3.288 3.288 3.288 3.288 3.288 3.287 3.287 2.287 2.287 2.286 2.286 2.286 2.286 2.286
3.297 3.296 3.296 3.296 3.296 3.296 3.296 3.296 3.296 3.295 3.295 3.295 3.295 3.295 3.295 3.295 3.295 3.295 3.295 3.295 3.295 3.295 3.295 3.294 3.294 3.294 3.294 3.294 3.294 4.294 4.294 4.294 4.294 4.294 4.294 4.294 4.294 4.294 4.294 4.294 4.294 4.294 4.294 4.294 4.293 4.293 4.293 4.293 4.293 4.293 4.293 3.293 3.292 3.292 3.292 3.291 3.291 3.291 3.290 3.290 3.290 3.290 3.289 3.289 3.289 3.289 3.289 3.289 3.289 3.289 2.288 2.288 2.288 2.288 2.288 2.288 2.288
3.297 3.297 3.297 3.296 3.296 3.296 3.296 3.296 3.296 3.296 3.296 3.296 3.296 3.296 3.295 3.295 3.295 3.295 3.295 3.295 3.295 3.295 3.295 3.295 3.295 3.295 3.295 3.295 4.295 4.295 4.295 4.294 4.294 4.294 4.294 4.294 4.294 4.294 4.294 4.294 4.294 4.294 4.294 4.294 4.294 4.294 4.294 4.294 4.294 4.293 4.293 4.293 3.293 3.293 3.292 3.292 3.292 3.292 3.291 3.291 3.291 3.291 3.290 3.290 3.290 3.290 3.290 3.290 3.290 3.290 2.289 2.289 2.289 2.289 2.289 2.289 2.289
3.297 3.297 3.297 3.297 3.296 3.296 3.296 3.296 3.296 3.296 3.296 3.296 3.296 3.296 3.296 3.296 3.296 3.296 3.296 3.296 3.295 3.295 3.295 3.295 3.295 3.295 3.295 4.295 4.295 4.295 4.295 4.295 4.295 4.295 4.295 4.295 4.295 4.295 4.295 4.295 4.295 4.295 4.295 4.294 4.294 4.294 4.294 4.294 4.294 4.294 4.294 4.294 4.294 3.294 3.293 3.293 3.293 3.293 3.292 3.292 3.292 3.292 3.291 3.291 3.291 3.291 3.291 3.291 3.291 3.291 2.291 2.291 2.290 2.290 2.290 2.290 2.290
3.297 3.297 3.297 3.297 3.297 3.297 3.296 3.296 3.296 3.296 3.296 3.296 3.296 3.296 3.296 3.296 3.296 3.296 3.296 3.296 3.296 3.296 3.296 3.296 3.296 3.296 4.296 4.295 4.295 4.295 4.295 4.295 4.295 4.295 4.295 4.295 4.295 4.295 4.295 4.295 4.295 4.295 4.295 4.295 4.295 4.295 4.295 4.295 4.295 4.295 4.295 4.295 4.294 4.294 3.294 3.294 3.294 3.293 3.293 3.293 3.293 3.293 3.292 3.292 3.292 3.292 3.292 3.292 3.292 3.292 2.292 2.292 2.292 2.292 2.292 2.292 2.292
3.297 3.297 3.297 3.297 3.297 3.297 3.297 3.297 3.297 3.297 3.297 3.297 3.297 3.297 3.297 3.297 3.296 3.296 3.296 3.296 3.296 3.296 3.296 3.296 3.296 3.296 4.296 4.296 4.296 4.296 4.296 4.296 4.296 4.296 4.296 4.296 4.296 4.296 4.296 4.296 4.296 4.296 4.296 4.295 4.295 4.295 4.295 4.295 4.295 4.295 4.295 4.295 4.295 4.295 3.295 3.295 3.294 3.294 3.294 3.294 3.294 3.294 3.293 3.293 3.293 3.293 3.293 3.293 3.293 3.293 2.293 2.293 2.293 2.293 2.293 2.293 2.293
3.297 3.297 3.297 3.297 3.297 3.297 3.297 3.297 3.297 3.297 3.297 3.297 3.297 3.297 3.297 3.297 3.297 3.297 3.297 3.297 3.297 3.297 3.296 3.296 3.296 4.296 4.296 4.296 4.296 4.296 4.296 4.296 4.296 4.296 4.296 4.296 4.296 4.296 4.296 4.296 4.296 4.296 4.296 4.296 4.296 4.296 4.296 4.296 4.296 4.296 4.296 4.296 4.296 4.296 4.296 3.295 3.295 3.295 3.295 3.295 3.295 3.294 3.294 3.294 3.294 3.294 3.294 3.294 3.294 3.294 2.294 2.294 2.294 2.294 2.294 2.294 2.294
3.298 3.298 3.297 3.297 3.297 3.297 3.297 3.297 3.297 3.297 3.297 3.297 3.297 3.297 3.297 3.297 3.297 3.297 3.297 3.297 3.297 3.297 3.297 3.297 4.297 4.297 4.297 4.297 4.297 4.297 4.297 4.297 4.297 4.297 4.297 4.297 4.297 4.297 4.297 4.297 4.297 4.297 4.297 4.296 4.296 4.296 4.296 4.296 4.296 4.296 4.296 4.296 4.296 4.296 4.296 4.296 3.296 3.296 3.296 3.296 3.296 3.295 3.295 3.295 3.295 3.295 3.295 3.295 3.295 3.295 3.295 2.295 2.295 2.295 2.295 2.295 2.295
