includes/mahajanga_coast/floodfiles/results_R2_t1.688026134693E12/res-0008.wdfp
ncols         269
nrows         308
xllcorner     384108.384600
yllcorner     1149646.260900
cellsize      30.000000
NODATA_value  -9999.000000
[rows 66 to 98 of 308, columns 76 to 151 of 269]
12.670 12.670 12.669 11.669 11.669 11.668 11.668 11.668 11.668 11.667 11.667 11.667 11.666 11.666 11.666 11.666 11.665 11.665 10.665 10.664 10.664 10.664 10.663 9.663 9.663 9.662 9.662 8.662 8.661 8.661 8.661 7.660 7.660 7.660 7.659 6.659 6.659 6.659 6.658 6.658 6.658 6.658 6.658 6.658 6.657 6.657 5.657 1.657 0.000 0.000 0.000 0.000 0.000 0.000 0.000 0.000 0.000 0.000 0.000 0.000 0.000 0.000 0.000 0.000 0.000 0.000 0.000 0.000 0.000 0.000 0.000 0.000 0.000 0.000 0.000 0.000
12.670 12.669 12.669 12.669 11.669 11.668 11.668 11.668 11.667 11.667 11.667 11.667 11.666 11.666 11.666 11.665 11.665 11.665 11.664 10.664 10.664 10.664 10.663 9.663 9.663 9.662 9.662 8.662 8.661 8.661 8.660 7.660 7.660 7.659 7.659 6.659 6.659 6.658 6.658 6.658 6.658 6.658 6.658 6.657 6.657 6.657 5.657 0.656 0.000 0.000 0.000 0.000 0.000 0.000 0.000 0.000 0.000 0.000 0.000 0.000 0.000 0.000 0.000 0.000 0.000 0.000 0.000 0.000 0.000 0.000 0.000 0.000 0.000 0.000 0.000 0.000
12.670 12.669 12.669 12.669 12.668 11.668 11.668 11.668 11.667 11.667 11.667 11.666 11.666 11.666 11.666 11.665 11.665 11.665 11.664 10.664 10.664 10.663 10.663 9.663 9.662 9.662 9.662 8.661 8.661 8.661 8.660 7.660 7.660 7.659 7.659 6.659 6.659 6.658 6.658 6.658 6.658 6.658 6.657 6.657 6.657 6.657 2.657 0.000 0.000 0.000 0.000 0.000 0.000 0.000 0.000 0.000 0.000 0.000 0.000 0.000 0.000 0.000 0.000 0.000 0.000 0.000 0.000 0.000 0.000 0.000 0.000 0.000 0.000 0.000 0.000 0.000
12.670 12.669 12.669 12.669 12.668 12.668 11.668 11.667 11.667 11.667 11.667 11.666 11.666 11.666 11.665 11.665 11.665 11.664 11.664 10.664 10.663 10.663 10.663 9.663 9.662 9.662 9.662 8.661 8.661 8.661 8.660 7.660 7.660 7.659 7.659 6.659 6.658 6.658 6.658 6.658 6.658 6.657 6.657 6.657 6.657 5.657 0.656 0.000 0.000 0.000 0.000 0.000 0.000 0.000 0.000 0.000 0.000 0.000 0.000 0.000 0.000 0.000 0.000 0.000 0.000 0.000 0.000 0.000 0.000 0.000 0.000 0.000 0.000 0.000 0.000 0.000
12.669 12.669 12.669 12.669 12.668 12.668 12.668 11.667 11.667 11.667 11.666 11.666 11.666 11.666 11.665 11.665 11.665 11.664 11.664 10.664 10.663 10.663 10.663 9.662 9.662 9.662 9.661 8.661 8.661 8.661 8.660 7.660 7.660 7.659 7.659 6.659 6.658 6.658 6.658 6.658 6.658 6.657 6.657 6.657 6.657 3.657 0.000 0.000 0.000 0.000 0.000 0.000 0.000 0.000 0.000 0.000 0.000 0.000 0.000 0.000 0.000 0.000 0.000 0.000 0.000 0.000 0.000 0.000 0.000 0.000 0.000 0.000 0.000 0.000 0.000 0.000
12.669 12.669 12.669 12.668 12.668 12.668 12.667 12.667 11.667 11.667 11.666 11.666 11.666 11.665 11.665 11.665 11.665 11.664 11.664 11.664 10.663 10.663 10.663 10.662 9.662 9.662 9.661 9.661 8.661 8.661 8.660 8.660 7.659 7.659 7.659 6.659 6.658 6.658 6.658 6.658 6.658 6.657 6.657 6.657 6.657 4.657 0.000 0.000 0.000 0.000 0.000 0.000 0.000 0.000 0.000 0.000 0.000 0.000 0.000 0.000 0.000 0.000 0.000 0.000 0.000 0.000 0.000 0.000 0.000 0.000 0.000 0.000 0.000 0.000 0.000 0.000
12.669 12.669 12.669 12.668 12.668 12.668 12.667 12.667 12.667 11.667 11.666 11.666 11.666 11.665 11.665 11.665 11.664 11.664 11.664 11.664 10.663 10.663 10.662 10.662 9.662 9.662 9.661 9.661 8.661 8.660 8.660 8.660 7.659 7.659 7.659 6.659 6.658 6.658 6.658 6.658 6.657 6.657 6.657 6.657 6.657 3.657 0.000 0.000 0.000 0.000 0.000 0.000 0.000 0.000 0.000 0.000 0.000 0.000 0.000 0.000 0.000 0.000 0.000 0.000 0.000 0.000 0.000 0.000 0.000 0.000 0.000 0.000 0.000 0.000 0.000 0.000
12.669 12.669 12.669 12.668 12.668 12.668 12.667 12.667 12.667 12.666 11.666 11.666 11.666 11.665 11.665 11.665 11.664 11.664 11.664 11.663 10.663 10.663 10.662 10.662 9.662 9.662 9.661 9.661 8.661 8.660 8.660 8.660 7.659 7.659 7.659 6.658 6.658 6.658 6.658 6.658 6.657 6.657 6.657 6.657 2.657 0.000 0.000 0.000 0.000 0.000 0.000 0.000 0.000 0.000 0.000 0.000 0.000 0.000 0.000 0.000 0.000 0.000 0.000 0.000 0.000 0.000 0.000 0.000 0.000 0.000 0.000 0.000 0.000 0.000 0.000 0.000
12.669 12.669 12.668 12.668 12.668 12.668 12.667 12.667 12.667 12.666 12.666 11.666 11.666 11.665 11.665 11.665 11.664 11.664 11.664 11.663 10.663 10.663 10.662 10.662 9.662 9.661 9.661 9.661 8.661 8.660 8.660 8.660 7.659 7.659 7.659 6.658 6.658 6.658 6.658 6.658 6.657 6.657 6.657 6.657 3.657 0.656 0.000 0.000 0.000 0.000 0.000 0.000 0.000 0.000 0.000 0.000 0.000 0.000 0.000 0.000 0.000 0.000 0.000 0.000 0.000 0.000 0.000 0.000 0.000 0.000 0.000 0.000 0.000 0.000 0.000 0.000
12.669 12.669 12.668 12.668 12.668 12.667 12.667 12.667 12.667 12.666 11.666 11.666 11.665 11.665 11.665 11.665 11.664 11.664 11.664 11.663 10.663 10.662 10.662 10.662 9.662 9.661 9.661 8.661 8.660 8.660 8.660 7.659 7.659 7.659 7.659 6.658 6.658 6.658 6.658 6.657 6.657 6.657 6.657 6.657 3.657 0.656 0.000 0.000 0.000 0.000 0.000 0.000 0.000 0.000 0.000 0.000 0.000 0.000 0.000 0.000 0.000 0.000 0.000 0.000 0.000 0.000 0.000 0.000 0.000 0.000 0.000 0.000 0.000 0.000 0.000 0.000
12.669 12.669 12.668 12.668 12.668 12.667 12.667 12.667 11.667 11.666 11.666 11.666 11.665 11.665 11.665 11.665 11.664 11.664 11.663 10.663 10.663 10.662 10.662 9.662 9.661 9.661 9.661 8.661 8.660 8.660 8.660 7.659 7.659 7.659 6.658 6.658 6.658 6.658 6.657 6.657 6.657 6.657 6.657 6.657 1.657 0.000 0.000 0.000 0.000 0.000 0.000 0.000 0.000 0.000 0.000 0.000 0.000 0.000 0.000 0.000 0.000 0.000 0.000 0.000 0.000 0.000 0.000 0.000 0.000 0.000 0.000 0.000 0.000 0.000 0.000 0.000
12.669 12.668 12.668 12.668 12.668 12.667 12.667 11.667 11.666 11.666 11.666 11.666 11.665 11.665 11.665 11.664 11.664 11.664 11.663 10.663 10.663 10.662 10.662 9.662 9.661 9.661 8.661 8.660 8.660 8.660 7.660 7.659 7.659 7.659 6.658 6.658 6.658 6.657 6.657 6.657 6.657 6.657 6.657 6.657 0.000 0.000 0.000 0.000 0.000 0.000 0.000 0.000 0.000 0.000 0.000 0.000 0.000 0.000 0.000 0.000 0.000 0.000 0.000 0.000 0.000 0.000 0.000 0.000 0.000 0.000 0.000 0.000 0.000 0.000 0.000 0.000
12.669 12.668 12.668 12.668 12.667 12.667 11.667 11.667 11.666 11.666 11.666 11.665 11.665 11.665 11.665 11.664 11.664 11.664 10.663 10.663 10.663 10.662 9.662 9.662 9.661 9.661 8.661 8.660 8.660 8.660 7.660 7.659 7.659 6.659 6.658 6.658 6.658 6.657 6.657 6.657 6.657 6.657 6.657 1.656 0.000 0.000 0.000 0.000 0.000 0.000 0.000 0.000 0.000 0.000 0.000 0.000 0.000 0.000 0.000 0.000 0.000 0.000 0.000 0.000 0.000 0.000 0.000 0.000 0.000 0.000 0.000 0.000 0.000 0.000 0.000 0.000
12.669 12.668 12.668 12.668 12.667 11.667 11.667 11.667 11.666 11.666 11.666 11.665 11.665 11.665 11.665 11.664 11.664 10.664 10.663 10.663 10.663 10.662 9.662 9.662 9.661 8.661 8.661 8.660 8.660 7.660 7.659 7.659 7.659 6.659 6.658 6.658 6.658 6.658 6.657 6.657 6.657 6.657 6.657 1.657 0.000 0.000 0.000 0.000 0.000 0.000 0.000 0.000 0.000 0.000 0.000 0.000 0.000 0.000 0.000 0.000 0.000 0.000 0.000 0.000 0.000 0.000 0.000 0.000 0.000 0.000 0.000 0.000 0.000 0.000 0.000 0.000
12.668 12.668 12.668 12.668 12.667 11.667 11.667 11.666 11.666 11.666 11.666 11.665 11.665 11.665 11.664 10.664 10.664 10.663 10.663 10.663 10.662 9.662 9.662 9.661 9.661 8.661 8.660 8.660 8.660 7.660 7.659 7.659 6.659 6.659 6.658 6.658 6.658 6.658 6.657 6.657 6.657 6.657 1.657 0.000 0.000 0.000 0.000 0.000 0.000 0.000 0.000 0.000 0.000 0.000 0.000 0.000 0.000 0.000 0.000 0.000 0.000 0.000 0.000 0.000 0.000 0.000 0.000 0.000 0.000 0.000 0.000 0.000 0.000 0.000 0.000 0.000
12.668 12.668 12.668 12.668 11.667 11.667 11.667 11.666 11.666 11.666 11.665 11.665 11.665 11.665 10.664 10.664 10.664 10.663 10.663 10.663 10.662 9.662 9.662 9.661 8.661 8.661 8.660 8.660 7.660 7.660 7.659 7.659 6.659 6.659 6.658 6.658 6.658 6.658 6.657 6.657 6.657 6.657 0.000 0.000 0.000 0.000 0.000 0.000 0.000 0.000 0.000 0.000 0.000 0.000 0.000 0.000 0.000 0.000 0.000 0.000 0.000 0.000 0.000 0.000 0.000 0.000 0.000 0.000 0.000 0.000 0.000 0.000 0.000 0.000 0.000 0.000
11.668 11.668 11.668 11.667 11.667 11.667 11.667 11.666 11.666 11.666 11.665 11.665 11.665 10.664 10.664 10.664 10.663 10.663 10.663 10.662 9.662 9.662 9.661 9.661 8.661 8.661 8.660 8.660 7.660 7.659 7.659 6.659 6.659 6.658 6.658 6.658 6.658 6.658 6.657 6.657 6.657 6.657 0.000 0.000 0.000 0.000 0.000 0.000 0.000 0.000 0.000 0.000 0.000 0.000 0.000 0.000 0.000 0.000 0.000 0.000 0.000 0.000 0.000 0.000 0.000 0.000 0.000 0.000 0.000 0.000 0.000 0.000 0.000 0.000 0.000 0.000
11.668 11.668 11.668 11.667 11.667 11.667 11.667 11.666 11.666 11.666 11.665 11.665 10.665 10.664 10.664 10.664 10.663 10.663 10.663 10.662 9.662 9.662 9.661 8.661 8.661 8.660 8.660 7.660 7.660 7.659 7.659 6.659 6.659 6.658 6.658 6.658 6.658 6.658 6.658 6.657 6.657 0.000 0.000 0.000 0.000 0.000 0.000 0.000 0.000 0.000 0.000 0.000 0.000 0.000 0.000 0.000 0.000 0.000 0.000 0.000 0.000 0.000 0.000 0.000 0.000 0.000 0.000 0.000 0.000 0.000 0.000 0.000 0.000 0.000 0.000 0.000
11.668 11.668 11.668 11.667 11.667 11.667 11.666 11.666 11.666 11.666 11.665 10.665 10.665 10.664 10.664 10.663 10.663 10.663 10.662 9.662 9.662 9.662 9.661 8.661 8.661 8.660 8.660 7.660 7.660 7.659 6.659 6.659 6.659 6.658 6.658 6.658 6.658 6.658 6.658 6.657 6.657 0.000 0.000 0.000 0.000 0.000 0.000 0.000 0.000 0.000 0.000 0.000 0.000 0.000 0.000 0.000 0.000 0.000 0.000 0.000 0.000 0.000 0.000 0.000 0.000 0.000 0.000 0.000 0.000 0.000 0.000 0.000 0.000 0.000 0.000 0.000
11.668 11.668 11.668 11.667 11.667 11.667 11.666 11.666 11.666 11.665 10.665 10.665 10.664 10.664 10.664 10.663 10.663 10.663 10.662 9.662 9.662 9.661 8.661 8.661 8.661 8.660 7.660 7.660 7.659 7.659 6.659 6.659 6.659 6.658 6.658 6.658 6.658 6.658 6.658 6.657 1.657 0.000 0.000 0.000 0.000 0.000 0.000 0.000 0.000 0.000 0.000 0.000 0.000 0.000 0.000 0.000 0.000 0.000 0.000 0.000 0.000 0.000 0.000 0.000 0.000 0.000 0.000 0.000 0.000 0.000 0.000 0.000 0.000 0.000 0.000 0.000
11.668 11.668 11.667 11.667 11.667 11.667 11.666 11.666 11.666 10.665 10.665 10.665 10.664 10.664 10.664 10.663 10.663 10.663 9.662 9.662 9.662 9.661 8.661 8.661 8.661 8.660 7.660 7.660 7.659 6.659 6.659 6.659 6.658 6.658 6.658 6.658 6.658 6.658 5.658 1.658 0.000 0.000 0.000 0.000 0.000 0.000 0.000 0.000 0.000 0.000 0.000 0.000 0.000 0.000 0.000 0.000 0.000 0.000 0.000 0.000 0.000 0.000 0.000 0.000 0.000 0.000 0.000 0.000 0.000 0.000 0.000 0.000 0.000 0.000 0.000 0.000
11.668 11.668 11.667 11.667 11.667 11.666 11.666 11.666 11.666 10.665 10.665 10.665 10.664 10.664 10.663 10.663 10.663 9.663 9.662 9.662 9.662 8.661 8.661 8.661 8.661 7.660 7.660 7.660 7.659 6.659 6.659 6.659 6.658 6.658 6.658 6.658 6.658 6.658 0.000 0.000 0.000 0.000 0.000 0.000 0.000 0.000 0.000 0.000 0.000 0.000 0.000 0.000 0.000 0.000 0.000 0.000 0.000 0.000 0.000 0.000 0.000 0.000 0.000 0.000 0.000 0.000 0.000 0.000 0.000 0.000 0.000 0.000 0.000 0.000 0.000 0.000
11.668 11.668 11.667 11.667 11.667 11.666 11.666 11.666 10.665 10.665 10.665 10.664 10.664 10.664 10.663 10.663 9.663 9.662 9.662 9.662 9.662 8.661 8.661 8.661 8.661 7.660 7.660 7.660 6.659 6.659 6.659 6.659 6.658 6.658 6.658 6.658 6.658 6.658 0.000 0.000 0.000 0.000 0.000 0.000 0.000 0.000 0.000 0.000 0.000 0.000 0.000 0.000 0.000 0.000 0.000 0.000 0.000 0.000 0.000 0.000 0.000 0.000 0.000 0.000 0.000 0.000 0.000 0.000 0.000 0.000 0.000 0.000 0.000 0.000 0.000 0.000
11.668 11.667 11.667 11.667 11.667 11.666 11.666 10.666 10.665 10.665 10.665 10.664 10.664 10.664 10.663 9.663 9.663 9.662 9.662 9.662 8.662 8.661 8.661 8.661 7.661 7.660 7.660 7.660 6.659 6.659 6.659 6.659 6.658 6.658 6.658 6.658 6.658 0.000 0.000 0.000 0.000 0.000 0.000 0.000 0.000 0.000 0.000 0.000 0.000 0.000 0.000 0.000 0.000 0.000 0.000 0.000 0.000 0.000 0.000 0.000 0.000 0.000 0.000 0.000 0.000 0.000 0.000 0.000 0.000 0.000 0.000 0.000 0.000 0.000 0.000 0.000
11.668 11.667 11.667 11.667 11.666 11.666 10.666 10.666 10.665 10.665 10.665 10.664 10.664 10.664 9.663 9.663 9.663 9.662 9.662 9.662 8.662 8.661 8.661 8.661 7.660 7.660 7.660 7.660 6.659 6.659 6.659 6.659 6.658 6.658 6.658 6.658 0.000 0.000 0.000 0.000 0.000 0.000 0.000 0.000 0.000 0.000 0.000 0.000 0.000 0.000 0.000 0.000 0.000 0.000 0.000 0.000 0.000 0.000 0.000 0.000 0.000 0.000 0.000 0.000 0.000 0.000 0.000 0.000 0.000 0.000 0.000 0.000 0.000 0.000 0.000 0.000
11.668 11.667 11.667 11.667 11.666 10.666 10.666 10.666 10.665 10.665 10.665 10.664 10.664 9.664 9.663 9.663 9.663 9.662 9.662 8.662 8.662 8.661 8.661 7.661 7.660 7.660 7.660 6.660 6.659 6.659 6.659 6.659 6.658 6.658 6.658 0.657 0.000 0.000 0.000 0.000 0.000 0.000 0.000 0.000 0.000 0.000 0.000 0.000 0.000 0.000 0.000 0.000 0.000 0.000 0.000 0.000 0.000 0.000 0.000 0.000 0.000 0.000 0.000 0.000 0.000 0.000 0.000 0.000 0.000 0.000 0.000 0.000 0.000 0.000 0.000 0.000
11.668 11.667 11.667 11.667 10.666 10.666 10.666 10.665 10.665 10.665 10.664 10.664 9.664 9.664 9.663 9.663 9.663 9.662 9.662 8.662 8.661 8.661 8.661 7.661 7.660 7.660 7.660 6.660 6.659 6.659 6.659 6.659 6.658 6.658 6.658 0.657 0.000 0.000 0.000 0.000 0.000 0.000 0.000 0.000 0.000 0.000 0.000 0.000 0.000 0.000 0.000 0.000 0.000 0.000 0.000 0.000 0.000 0.000 0.000 0.000 0.000 0.000 0.000 0.000 0.000 0.000 0.000 0.000 0.000 0.000 0.000 0.000 0.000 0.000 0.000 0.000
11.668 11.667 10.667 10.667 10.666 10.666 10.666 10.665 10.665 10.665 10.664 9.664 9.664 9.663 9.663 9.663 9.663 9.662 8.662 8.662 8.661 8.661 7.661 7.661 7.660 7.660 6.660 6.660 6.659 6.659 6.659 6.659 6.659 6.658 3.658 0.000 0.000 0.000 0.000 0.000 0.000 0.000 0.000 0.000 0.000 0.000 0.000 0.000 0.000 0.000 0.000 0.000 0.000 0.000 0.000 0.000 0.000 0.000 0.000 0.000 0.000 0.000 0.000 0.000 0.000 0.000 0.000 0.000 0.000 0.000 0.000 0.000 0.000 0.000 0.000 0.000
10.667 10.667 10.667 10.667 10.666 10.666 10.666 10.665 10.665 10.665 9.664 9.664 9.664 9.663 9.663 9.663 9.663 8.662 8.662 8.662 8.661 8.661 7.661 7.660 7.660 7.660 6.660 6.660 6.659 6.659 6.659 6.659 6.659 6.659 3.658 0.000 0.000 0.000 0.000 0.000 0.000 0.000 0.000 0.000 0.000 0.000 0.000 0.000 0.000 0.000 0.000 0.000 0.000 0.000 0.000 0.000 0.000 0.000 0.000 0.000 0.000 0.000 0.000 0.000 0.000 0.000 0.000 0.000 0.000 0.000 0.000 0.000 0.000 0.000 0.000 0.000
10.667 10.667 10.667 10.666 10.666 10.666 10.665 10.665 10.665 9.664 9.664 9.664 9.664 9.663 9.663 9.663 8.663 8.662 8.662 8.662 8.661 7.661 7.661 7.660 7.660 7.660 6.660 6.660 6.659 6.659 6.659 6.659 6.659 6.659 2.659 0.000 0.000 0.000 0.000 0.000 0.000 0.000 0.000 0.000 0.000 0.000 0.000 0.000 0.000 0.000 0.000 0.000 0.000 0.000 0.000 0.000 0.000 0.000 0.000 0.000 0.000 0.000 0.000 0.000 0.000 0.000 0.000 0.000 0.000 0.000 0.000 0.000 0.000 0.000 0.000 0.000
10.667 10.667 10.667 10.666 10.666 10.666 10.665 10.665 9.665 9.664 9.664 9.664 9.663 9.663 9.663 8.663 8.662 8.662 8.662 8.662 8.661 7.661 7.661 7.660 7.660 6.660 6.660 6.659 6.659 6.659 6.659 6.659 6.659 1.659 0.000 0.000 0.000 0.000 0.000 0.000 0.000 0.000 0.000 0.000 0.000 0.000 0.000 0.000 0.000 0.000 0.000 0.000 0.000 0.000 0.000 0.000 0.000 0.000 0.000 0.000 0.000 0.000 0.000 0.000 0.000 0.000 0.000 0.000 0.000 0.000 0.000 0.000 0.000 0.000 0.000 0.000
10.667 10.667 10.666 10.666 10.666 10.666 10.665 9.665 9.665 9.664 9.664 9.664 9.663 9.663 8.663 8.663 8.662 8.662 8.662 8.662 7.661 7.661 7.661 7.661 7.660 6.660 6.660 6.659 6.659 6.659 6.659 6.659 6.659 0.000 0.000 0.000 0.000 0.000 0.000 0.000 0.000 0.000 0.000 0.000 0.000 0.000 0.000 0.000 0.000 0.000 0.000 0.000 0.000 0.000 0.000 0.000 0.000 0.000 0.000 0.000 0.000 0.000 0.000 0.000 0.000 0.000 0.000 0.000 0.000 0.000 0.000 0.000 0.000 0.000 0.000 0.000
10.667 10.667 10.666 10.666 10.666 10.665 9.665 9.665 9.664 9.664 9.664 9.664 9.663 8.663 8.663 8.662 8.662 8.662 8.662 8.662 7.661 7.661 7.661 7.661 6.660 6.660 6.660 6.660 6.659 6.659 6.659 6.659 0.000 0.000 0.000 0.000 0.000 0.000 0.000 0.000 0.000 0.000 0.000 0.000 0.000 0.000 0.000 0.000 0.000 0.000 0.000 0.000 0.000 0.000 0.000 0.000 0.000 0.000 0.000 0.000 0.000 0.000 0.000 0.000 0.000 0.000 0.000 0.000 0.000 0.000 0.000 0.000 0.000 0.000 0.000 0.000
