includes/mahajanga_coast/floodfiles/results_R2_t1.688026134693E12/res-0006.wd
ncols         269
nrows         308
xllcorner     384108.384600
yllcorner     1149646.260900
cellsize      30.000000
NODATA_value  -9999.000000
[rows 238 to 271 of 308, columns 0 to 75 of 269]
16.876 16.876 16.876 16.876 16.876 16.876 16.876 16.876 16.876 16.876 16.876 16.876 16.875 16.875 16.875 16.875 16.875 16.875 16.875 16.875 16.875 15.875 15.875 15.875 15.875 15.875 14.875 14.875 14.875 14.875 14.875 13.875 13.875 13.875 13.875 13.875 12.875 12.875 12.875 12.875 11.875 11.875 11.875 11.875 10.875 10.875 10.875 9.875 9.875 9.875 9.875 8.875 8.875 8.875 8.875 7.875 7.875 1.875 0.000 0.000 0.000 0.000 0.000 0.000 0.000 0.000 0.000 0.000 0.000 0.000 0.000 0.000 0.000 0.000 0.000 0.000
16.876 16.876 16.876 16.876 16.876 16.876 16.876 16.876 16.876 16.876 16.876 16.876 16.875 16.875 16.875 16.875 16.875 16.875 16.875 16.875 16.875 16.875 15.875 15.875 15.875 15.875 15.875 14.875 14.875 14.875 14.875 14.875 13.875 13.875 13.875 13.875 12.875 12.875 12.875 12.875 11.875 11.875 11.875 11.875 10.875 10.875 10.875 10.875 9.875 9.875 9.875 8.875 8.875 8.875 8.875 7.875 7.875 0.874 0.000 0.000 0.000 0.000 0.000 0.000 0.000 0.000 0.000 0.000 0.000 0.000 0.000 0.000 0.000 0.000 0.000 0.000
16.876 16.876 16.876 16.876 16.876 16.876 16.876 16.876 16.876 16.876 16.876 16.876 16.875 16.875 16.875 16.875 16.875 16.875 16.875 16.875 16.875 16.875 15.875 15.875 15.875 15.875 15.875 14.875 14.875 14.875 14.875 14.875 13.875 13.875 13.875 13.875 13.875 12.875 12.875 12.875 11.875 11.875 11.875 11.875 10.875 10.875 10.875 10.875 9.875 9.875 9.875 9.875 8.875 8.875 8.875 8.875 7.875 0.000 0.000 0.000 0.000 0.000 0.000 0.000 0.000 0.000 0.000 0.000 0.000 0.000 0.000 0.000 0.000 0.000 0.000 0.000
16.876 16.876 16.876 16.876 16.876 16.876 16.876 16.876 16.876 16.876 16.876 16.876 16.875 16.875 16.875 16.875 16.875 16.875 16.875 16.875 16.875 16.875 15.875 15.875 15.875 15.875 15.875 14.875 14.875 14.875 14.875 14.875 13.875 13.875 13.875 13.875 13.875 12.875 12.875 12.875 12.875 11.875 11.875 11.875 10.875 10.875 10.875 10.875 9.875 9.875 9.875 9.875 8.875 8.875 8.875 8.875 8.875 0.000 0.000 0.000 0.000 0.000 0.000 0.000 0.000 0.000 0.000 0.000 0.000 0.000 0.000 0.000 0.000 0.000 0.000 0.000
16.876 16.876 16.876 16.876 16.876 16.876 16.876 16.876 16.876 16.876 16.876 16.876 16.875 16.875 16.875 16.875 16.875 16.875 16.875 16.875 16.875 16.875 16.875 15.875 15.875 15.875 15.875 15.875 14.875 14.875 14.875 14.875 14.875 13.875 13.875 13.875 13.875 12.875 12.875 12.875 12.875 11.875 11.875 11.875 11.875 10.875 10.875 10.875 9.875 9.875 9.875 9.875 9.875 8.875 8.875 8.875 8.875 0.000 0.000 0.000 0.000 0.000 0.000 0.000 0.000 0.000 0.000 0.000 0.000 0.000 0.000 0.000 0.000 0.000 0.000 0.000
16.876 16.876 16.876 16.876 16.876 16.876 16.876 16.876 16.876 16.876 16.876 16.875 16.875 16.875 16.875 16.875 16.875 16.875 16.875 16.875 16.875 16.875 16.875 15.875 15.875 15.875 15.875 15.875 14.875 14.875 14.875 14.875 14.875 13.875 13.875 13.875 13.875 12.875 12.875 12.875 12.875 11.875 11.875 11.875 11.875 10.875 10.875 10.875 10.875 9.875 9.875 9.875 9.875 8.875 8.875 8.875 8.875 0.000 0.000 0.000 0.000 0.000 0.000 0.000 0.000 0.000 0.000 0.000 0.000 0.000 0.000 0.000 0.000 0.000 0.000 0.000
16.876 16.876 16.876 16.876 16.876 16.876 16.876 16.876 16.876 16.876 16.876 16.875 16.875 16.875 16.875 16.875 16.875 16.875 16.875 16.875 16.875 16.875 16.875 15.875 15.875 15.875 15.875 15.875 14.875 14.875 14.875 14.875 14.875 14.875 13.875 13.875 13.875 13.875 12.875 12.875 12.875 12.875 11.875 11.875 11.875 11.875 10.875 10.875 10.875 9.875 9.875 9.875 9.875 9.875 8.875 8.875 8.875 0.000 0.000 0.000 0.000 0.000 0.000 0.000 0.000 0.000 0.000 0.000 0.000 0.000 0.000 0.000 0.000 0.000 0.000 0.000
16.876 16.876 16.876 16.876 16.876 16.876 16.876 16.876 16.876 16.876 16.876 16.876 16.875 16.875 16.875 16.875 16.875 16.875 16.875 16.875 16.875 16.875 16.875 15.875 15.875 15.875 15.875 15.875 14.875 14.875 14.875 14.875 14.875 14.875 13.875 13.875 13.875 13.875 12.875 12.875 12.875 12.875 11.875 11.875 11.875 11.875 10.875 10.875 10.875 10.875 9.875 9.875 9.875 9.875 9.875 8.875 8.875 0.000 0.000 0.000 0.000 0.000 0.000 0.000 0.000 0.000 0.000 0.000 0.000 0.000 0.000 0.000 0.000 0.000 0.000 0.000
15.876 16.876 16.876 16.876 16.876 16.876 16.876 16.876 16.876 16.876 16.876 16.876 16.875 16.875 16.875 16.875 16.875 16.875 16.875 16.875 16.875 16.875 15.875 15.875 15.875 15.875 15.875 15.875 15.875 14.875 14.875 14.875 14.875 14.875 14.875 13.875 13.875 13.875 13.875 12.875 12.875 12.875 12.875 11.875 11.875 11.875 11.875 10.875 10.875 10.875 10.875 9.875 9.875 9.875 9.875 8.875 8.875 0.000 0.000 0.000 0.000 0.000 0.000 0.000 0.000 0.000 0.000 0.000 0.000 0.000 0.000 0.000 0.000 0.000 0.000 0.000
15.876 15.876 16.876 16.876 16.876 16.876 16.876 16.876 16.876 16.876 16.876 16.876 16.876 16.875 16.875 16.875 16.875 16.875 16.875 16.875 16.875 16.875 15.875 15.875 15.875 15.875 15.875 15.875 15.875 14.875 14.875 14.875 14.875 14.875 14.875 14.875 13.875 13.875 13.875 13.875 12.875 12.875 12.875 12.875 11.875 11.875 11.875 11.875 10.875 10.875 10.875 10.875 9.875 9.875 9.875 9.875 0.000 0.000 0.000 0.000 0.000 0.000 0.000 0.000 0.000 0.000 0.000 0.000 0.000 0.000 0.000 0.000 0.000 0.000 0.000 0.000
15.876 15.876 15.876 16.876 16.876 16.876 16.876 16.876 16.876 16.876 16.876 16.876 16.876 16.876 16.876 16.876 16.875 16.875 16.875 16.875 16.875 16.875 15.875 15.875 15.875 15.875 15.875 15.875 15.875 14.875 14.875 14.875 14.875 14.875 14.875 14.875 13.875 13.875 13.875 13.875 12.875 12.875 12.875 12.875 11.875 11.875 11.875 11.875 10.875 10.875 10.875 10.875 10.875 9.875 9.875 9.875 0.000 0.000 0.000 0.000 0.000 0.000 0.000 0.000 0.000 0.000 0.000 0.000 0.000 0.000 0.000 0.000 0.000 0.000 0.000 0.000
15.876 15.876 15.876 15.876 16.876 16.876 16.876 16.876 16.876 16.876 16.876 16.876 16.876 16.876 16.876 16.876 16.875 16.875 16.875 16.875 16.875 15.875 15.875 15.875 15.875 15.875 15.875 15.875 15.875 15.875 14.875 14.875 14.875 14.875 14.875 14.875 14.875 13.875 13.875 13.875 13.875 12.875 12.875 12.875 12.875 11.875 11.875 11.875 11.875 10.875 10.875 10.875 10.875 9.875 9.875 9.875 9.875 0.000 0.000 0.000 0.000 0.000 0.000 0.000 0.000 0.000 0.000 0.000 0.000 0.000 0.000 0.000 0.000 0.000 0.000 0.000
15.876 15.876 15.876 15.876 15.876 16.876 16.876 16.876 16.876 16.876 16.876 16.876 16.876 16.876 16.876 16.876 16.876 16.875 16.875 16.875 16.875 15.875 15.875 15.875 15.875 15.875 15.875 15.875 15.875 15.875 14.875 14.875 14.875 14.875 14.875 14.875 14.875 13.875 13.875 13.875 13.875 13.875 12.875 12.875 12.875 12.875 11.875 11.875 11.875 11.875 10.875 10.875 10.875 10.875 9.875 9.875 0.000 0.000 0.000 0.000 0.000 0.000 0.000 0.000 0.000 0.000 0.000 0.000 0.000 0.000 0.000 0.000 0.000 0.000 0.000 0.000
15.876 15.876 15.876 15.876 15.876 15.876 15.876 15.876 15.876 15.876 15.876 15.876 15.876 15.876 15.876 15.876 15.876 15.875 15.875 15.875 15.875 15.875 15.875 15.875 15.875 15.875 15.875 15.875 15.875 15.875 15.875 14.875 14.875 14.875 14.875 14.875 14.875 14.875 13.875 13.875 13.875 13.875 12.875 12.875 12.875 12.875 12.875 11.875 11.875 11.875 11.875 10.875 10.875 10.875 10.875 9.875 0.000 0.000 0.000 0.000 0.000 0.000 0.000 0.000 0.000 0.000 0.000 0.000 0.000 0.000 0.000 0.000 0.000 0.000 0.000 0.000
15.876 15.876 15.876 15.876 15.876 15.876 15.876 15.876 15.876 15.876 15.876 15.876 15.876 15.876 15.876 15.876 15.876 15.875 15.875 15.875 15.875 15.875 15.875 15.875 15.875 15.875 15.875 15.875 15.875 15.875 15.875 15.875 14.875 14.875 14.875 14.875 14.875 14.875 14.875 13.875 13.875 13.875 13.875 12.875 12.875 12.875 12.875 11.875 11.875 11.875 11.875 11.875 10.875 10.875 10.875 9.875 0.000 0.000 0.000 0.000 0.000 0.000 0.000 0.000 0.000 0.000 0.000 0.000 0.000 0.000 0.000 0.000 0.000 0.000 0.000 0.000
15.876 15.876 15.876 15.876 15.876 15.876 15.876 15.876 15.876 15.876 15.876 15.876 15.876 15.876 15.876 15.876 15.876 15.875 15.875 15.875 15.875 15.875 15.875 15.875 15.875 15.875 15.875 15.875 15.875 15.875 15.875 15.875 15.875 14.875 14.875 14.875 14.875 14.875 14.875 13.875 13.875 13.875 13.875 13.875 12.875 12.875 12.875 12.875 11.875 11.875 11.875 11.875 10.875 10.875 10.875 10.875 0.000 0.000 0.000 0.000 0.000 0.000 0.000 0.000 0.000 0.000 0.000 0.000 0.000 0.000 0.000 0.000 0.000 0.000 0.000 0.000
15.876 15.876 15.876 15.876 15.876 15.876 15.876 15.876 15.876 15.876 15.876 15.876 15.876 15.876 15.876 15.876 15.876 15.875 15.875 15.875 15.875 15.875 15.875 15.875 15.875 15.875 15.875 15.875 15.875 15.875 15.875 15.875 15.875 15.875 15.875 14.875 14.875 14.875 14.875 14.875 13.875 13.875 13.875 13.875 13.875 12.875 12.875 12.875 12.875 11.875 11.875 11.875 11.875 10.875 10.875 10.875 0.000 0.000 0.000 0.000 0.000 0.000 0.000 0.000 0.000 0.000 0.000 0.000 0.877 0.000 0.000 0.000 0.000 0.000 0.000 0.000
15.876 15.876 15.876 15.876 15.876 15.876 15.876 15.876 15.876 15.876 15.876 15.876 15.876 15.876 15.876 15.876 15.876 15.875 15.875 15.875 15.875 15.875 15.875 15.875 15.875 15.875 15.875 15.875 15.875 15.875 15.875 15.875 15.875 15.875 15.875 15.875 14.875 14.875 14.875 14.875 14.875 13.875 13.875 13.875 13.875 12.875 12.875 12.875 12.875 12.875 11.875 11.875 11.875 10.875 10.875 10.875 0.000 0.000 0.000 0.000 0.000 0.000 0.000 0.000 0.000 0.000 0.000 0.000 0.877 0.000 0.000 0.000 0.000 0.000 0.000 0.000
15.876 15.876 15.876 15.876 15.876 15.876 15.876 15.876 15.876 15.876 15.876 15.876 15.876 15.876 15.876 15.876 15.876 15.875 15.875 15.875 15.875 15.875 15.875 15.875 15.875 15.875 15.875 15.875 15.875 15.875 15.875 15.875 15.875 15.875 15.875 15.875 15.875 14.875 14.875 14.875 14.875 13.875 13.875 13.875 13.875 13.875 12.875 12.875 12.875 12.875 12.875 11.875 11.875 11.875 10.875 10.875 0.000 0.000 0.000 0.000 0.000 0.000 0.000 0.000 0.877 0.877 0.877 6.877 6.877 6.877 0.000 0.000 0.000 0.000 0.000 0.000
15.876 15.876 15.876 15.876 15.876 15.876 15.876 15.876 15.876 15.876 15.876 15.876 15.876 15.876 15.876 15.876 15.876 15.875 15.875 15.875 15.875 15.875 15.875 15.875 15.875 15.875 15.875 15.875 15.875 15.875 15.875 15.875 15.875 15.875 15.875 15.875 15.875 14.875 14.875 14.875 14.875 14.875 13.875 13.875 13.875 13.875 13.875 12.875 12.875 12.875 12.875 11.875 11.875 11.875 11.875 10.875 0.000 0.000 0.000 0.000 0.000 0.000 0.000 0.000 1.877 7.877 7.877 7.877 6.877 6.877 6.877 0.000 0.000 0.000 0.000 0.000
15.876 15.876 15.876 15.876 15.876 15.876 15.876 15.876 15.876 15.876 15.876 15.876 15.876 15.876 15.876 15.876 15.876 15.876 15.875 15.875 15.875 15.875 15.875 15.875 15.875 15.875 15.875 15.875 15.875 15.875 15.875 15.875 15.875 15.875 15.875 15.875 15.875 15.875 14.875 14.875 14.875 14.875 14.875 13.875 13.875 13.875 13.875 13.875 12.875 12.875 12.875 12.875 11.875 11.875 11.875 10.875 0.000 0.000 0.000 0.000 0.000 0.000 0.000 2.877 4.877 7.877 7.877 7.877 6.877 6.877 6.877 0.000 0.000 0.000 0.000 0.000
14.876 15.876 15.876 15.876 15.876 15.876 15.876 15.876 15.876 15.876 15.876 15.876 15.876 15.876 15.876 15.876 15.876 15.876 15.875 15.875 15.875 15.875 15.875 15.875 15.875 15.875 15.875 15.875 15.875 15.875 15.875 15.875 15.875 15.875 15.875 15.875 15.875 14.875 14.875 14.875 14.875 14.875 14.875 13.875 13.875 13.875 13.875 13.875 12.875 12.875 12.875 12.875 11.875 11.875 11.875 10.875 0.000 0.000 0.000 0.000 0.000 0.000 0.000 2.877 7.877 7.877 7.877 7.877 7.877 6.877 6.877 6.877 6.877 5.877 5.877 5.877
14.876 14.876 14.876 14.876 15.876 15.876 15.876 15.876 15.876 15.876 15.876 15.876 15.876 15.876 15.876 15.876 15.876 15.876 15.875 15.875 15.875 15.875 15.875 15.875 15.875 15.875 15.875 15.875 15.875 15.875 15.875 15.875 15.875 15.875 15.875 15.875 15.875 14.875 14.875 14.875 14.875 14.875 14.875 13.875 13.875 13.875 13.875 13.875 12.875 12.875 12.875 12.875 11.875 11.875 11.875 11.875 0.000 0.000 0.000 0.000 0.000 0.000 0.000 0.877 8.877 7.877 7.877 7.877 7.877 7.877 6.877 6.877 6.877 6.877 5.877 5.877
14.876 14.876 14.876 14.876 14.876 14.876 14.876 14.876 14.876 14.876 14.876 14.876 14.876 15.876 15.876 15.876 15.876 15.876 15.875 15.875 15.875 15.875 15.875 15.875 15.875 15.875 15.875 15.875 15.875 15.875 15.875 15.875 15.875 15.875 15.875 15.875 14.875 14.875 14.875 14.875 14.875 14.875 13.875 13.875 13.875 13.875 13.875 13.875 13.875 12.875 12.875 12.875 12.875 11.875 11.875 11.875 0.000 0.000 0.000 0.000 0.000 2.876 0.876 8.876 8.877 7.877 7.877 7.877 7.877 7.877 6.877 6.877 6.877 6.877 6.877 5.877
14.876 14.876 14.876 14.876 14.876 14.876 14.876 14.876 14.876 14.876 14.876 14.876 14.876 14.876 14.876 14.876 14.876 14.876 14.876 14.875 14.875 14.875 14.875 14.875 14.875 14.875 14.875 14.875 14.875 14.875 14.875 14.875 14.875 14.875 14.875 14.875 14.875 14.875 14.875 14.875 14.875 14.875 13.875 13.875 13.875 13.875 13.875 13.875 13.875 12.875 12.875 12.875 12.875 11.875 11.875 11.875 0.000 0.000 0.000 0.000 0.000 3.876 8.876 8.876 8.876 8.876 7.877 7.877 7.877 7.877 7.877 6.877 6.877 6.877 6.877 6.877
14.876 14.876 14.876 14.876 14.876 14.876 14.876 14.876 14.876 14.876 14.876 14.876 14.876 14.876 14.876 14.876 14.876 14.876 14.876 14.876 14.876 14.875 14.875 14.875 14.875 14.875 14.875 14.875 14.875 14.875 14.875 14.875 14.875 14.875 14.875 14.875 14.875 14.875 14.875 14.875 14.875 14.875 13.875 13.875 13.875 13.875 13.875 13.875 13.875 12.875 12.875 12.875 12.875 11.875 11.875 11.875 4.875 0.000 0.000 0.000 0.875 4.876 9.876 8.876 8.876 8.876 7.876 7.876 7.876 7.876 7.876 6.876 6.876 6.876 6.876 6.877
14.876 14.876 14.876 14.876 14.876 14.876 14.876 14.876 14.876 14.876 14.876 14.876 14.876 14.876 14.876 14.876 14.876 14.876 14.876 14.876 14.876 14.876 14.876 14.875 14.875 14.875 14.875 14.875 14.875 14.875 14.875 14.875 14.875 14.875 14.875 14.875 14.875 14.875 14.875 14.875 14.875 13.875 13.875 13.875 13.875 13.875 13.875 13.875 13.875 13.875 12.875 12.875 12.875 11.875 11.875 11.875 11.875 10.876 10.876 10.876 9.876 9.876 9.876 8.876 8.876 8.876 8.876 7.876 7.876 7.876 7.876 7.876 6.876 6.876 6.876 6.877
13.876 13.876 13.876 14.876 14.876 14.876 14.876 14.876 14.876 14.876 14.876 14.876 14.876 14.876 14.876 14.876 14.876 14.876 14.876 14.876 14.876 14.876 14.876 14.876 14.875 14.875 14.875 14.875 14.875 14.875 14.875 14.875 14.875 14.875 14.875 14.875 14.875 14.875 14.875 14.875 14.875 13.875 13.875 13.875 13.875 13.875 13.875 13.875 13.875 13.875 12.875 12.875 12.875 12.875 11.875 11.875 11.875 10.876 10.876 10.876 9.876 9.876 9.876 9.876 8.876 8.876 8.876 8.876 7.876 7.876 7.876 7.876 7.876 6.876 6.876 6.876
13.876 13.876 13.876 13.876 13.876 13.876 13.876 13.876 14.876 14.876 14.876 14.876 14.876 14.876 14.876 14.876 14.876 14.876 14.876 14.876 14.876 14.876 14.876 14.876 14.876 14.876 14.875 14.875 14.875 14.875 14.875 14.875 14.875 14.875 14.875 14.875 14.875 14.875 14.875 14.875 13.875 13.875 13.875 13.875 13.875 13.875 13.875 13.875 13.875 13.875 13.875 12.875 12.875 12.875 11.875 11.875 11.876 10.876 10.876 10.876 10.876 9.876 9.876 9.876 8.876 8.876 8.876 8.876 8.876 7.876 7.876 7.876 7.876 7.876 6.876 6.876
13.876 13.876 13.876 13.876 13.876 13.876 13.876 13.876 13.876 13.876 13.876 13.876 13.876 14.876 14.876 14.876 14.876 14.876 14.876 14.876 14.876 14.876 14.876 14.876 14.876 14.876 14.876 14.876 14.875 14.875 14.875 14.875 14.875 14.875 14.875 14.875 14.875 14.875 14.875 13.875 13.875 13.875 13.875 13.875 13.875 13.875 13.875 13.875 13.875 13.875 13.875 12.875 12.875 12.875 11.875 11.875 11.876 11.876 10.876 10.876 10.876 9.876 9.876 9.876 8.876 8.876 8.876 8.876 8.876 8.876 7.876 7.876 7.876 7.876 7.876 6.876
13.876 13.876 13.876 13.876 13.876 13.876 13.876 13.876 13.876 13.876 13.876 13.876 13.876 13.876 13.876 13.876 13.876 14.876 14.876 14.876 14.876 14.876 14.876 14.876 14.876 14.876 14.876 14.876 14.876 14.875 14.875 14.875 14.875 14.875 14.875 14.875 14.875 14.875 13.875 13.875 13.875 13.875 13.875 13.875 13.875 13.875 13.875 13.875 13.875 13.875 13.875 12.875 12.875 12.875 12.875 11.876 11.876 11.876 10.876 10.876 10.876 9.876 9.876 9.876 9.876 8.876 8.876 8.876 8.876 8.876 8.876 7.876 7.876 7.876 7.876 7.876
13.876 13.876 13.876 13.876 13.876 13.876 13.876 13.876 13.876 13.876 13.876 13.876 13.876 13.876 13.876 13.876 13.876 13.876 13.876 13.876 14.876 14.876 14.876 14.876 14.876 14.876 14.876 14.876 14.876 14.875 14.875 14.875 14.875 14.875 14.875 14.875 13.875 13.875 13.875 13.875 13.875 13.875 13.875 13.875 13.875 13.875 13.875 13.875 13.875 13.875 13.875 12.875 12.875 12.875 12.875 11.876 11.876 11.876 10.876 10.876 10.876 10.876 9.876 9.876 9.876 8.876 8.876 8.876 8.876 8.876 8.876 7.876 7.876 7.876 7.876 7.876
13.876 13.876 13.876 13.876 13.876 13.876 13.876 13.876 13.876 13.876 13.876 13.876 13.876 13.876 13.876 13.876 13.876 13.876 13.876 13.876 13.876 13.876 13.876 13.876 13.876 13.876 13.876 13.876 13.876 13.875 13.875 13.875 13.875 13.875 13.875 13.875 13.875 13.875 13.875 13.875 13.875 13.875 13.875 13.875 13.875 13.875 13.875 13.875 13.875 13.875 13.875 13.875 12.875 12.875 12.876 11.876 11.876 11.876 11.876 10.876 10.876 10.876 9.876 9.876 9.876 9.876 8.876 8.876 8.876 8.876 8.876 8.876 7.876 7.876 7.876 7.877
12.876 12.876 12.876 12.876 12.876 12.876 12.876 13.876 13.876 13.876 13.876 13.876 13.876 13.876 13.876 13.876 13.876 13.876 13.876 13.876 13.876 13.876 13.876 13.876 13.876 13.876 13.876 13.876 13.876 13.875 13.875 13.875 13.875 13.875 13.875 13.875 13.875 13.875 13.875 13.875 13.875 13.875 13.875 13.875 13.875 13.875 13.875 13.875 13.875 13.875 13.875 13.875 12.875 12.875 12.876 11.876 11.876 11.876 11.876 10.876 10.876 10.876 10.876 9.876 9.876 9.876 9.876 8.876 8.876 8.876 8.876 8.876 8.876 7.876 7.876 7.877
