includes/mahajanga_coast/floodfiles/results_R2_t1.688026134693E12/res-0004.wd
ncols         269
nrows         308
xllcorner     384108.384600
yllcorner     1149646.260900
cellsize      30.000000
NODATA_value  -9999.000000
[rows 238 to 271 of 308, columns 152 to 227 of 269]
0.000 0.000 0.000 0.000 0.000 0.000 0.000 0.000 0.000 0.000 0.000 0.000 0.000 0.000 0.000 0.000 0.000 0.000 0.000 0.827 1.827 3.828 4.828 3.828 0.000 0.000 0.000 0.000 0.000 0.000 0.000 0.000 0.000 0.000 0.000 0.000 0.000 0.000 0.000 0.000 0.000 0.000 0.000 0.000 0.000 0.000 0.000 0.000 0.000 0.000 0.000 0.000 0.000 0.000 0.000 0.000 0.000 0.000 0.000 0.000 0.000 0.000 0.000 0.000 0.000 0.000 0.000 0.000 0.000 0.000 0.000 0.000 0.000 0.000 0.000 0.000
0.000 0.000 0.000 0.000 0.000 0.000 0.000 0.000 0.000 0.000 0.000 0.000 0.000 0.000 0.000 0.000 0.000 0.000 0.000 0.000 1.827 1.828 1.828 1.829 2.831 0.831 0.000 0.000 0.000 0.000 0.000 1.832 0.000 0.000 0.000 0.000 0.000 0.000 0.000 0.000 0.000 0.000 0.000 0.000 0.000 0.000 0.000 0.000 0.000 0.000 0.000 0.000 0.000 0.000 0.000 0.000 0.000 0.000 0.000 0.000 0.000 0.000 0.000 0.000 0.000 0.000 0.000 0.000 0.000 0.000 0.000 0.000 0.000 0.000 0.000 0.000
0.000 0.000 0.000 0.000 0.000 0.000 0.000 0.000 0.000 0.000 0.000 0.000 0.000 0.000 0.000 0.000 0.000 0.000 0.000 0.000 0.827 0.827 0.000 0.830 2.831 4.832 0.832 0.000 0.833 0.833 1.832 1.832 0.833 0.000 0.000 0.000 0.000 0.000 0.000 0.000 0.000 0.000 0.000 0.000 0.000 0.000 0.000 0.000 0.000 0.000 0.000 0.000 0.000 0.000 0.000 0.000 0.000 0.000 0.000 0.000 0.000 0.000 0.000 0.000 0.000 0.000 0.000 0.000 0.000 0.000 0.000 0.000 0.000 0.000 0.000 0.000
0.000 0.000 0.000 0.000 0.000 0.000 0.000 0.000 0.000 0.830 0.830 0.000 0.000 0.000 0.000 0.000 0.000 0.000 0.000 0.000 0.827 0.827 0.000 0.000 4.832 4.832 4.832 4.832 0.833 0.833 0.832 1.832 0.833 0.000 0.000 0.000 0.000 0.000 0.000 0.000 0.000 0.000 0.000 0.000 0.000 0.000 0.000 0.000 0.000 0.000 0.000 0.000 0.000 0.000 0.000 0.000 0.000 0.000 0.000 0.000 0.000 0.000 0.000 0.000 0.000 0.000 0.000 0.000 0.000 0.000 0.000 0.000 0.000 0.000 0.000 0.000
0.000 0.000 0.000 0.000 0.000 0.000 0.000 0.000 1.830 1.830 0.830 0.000 0.000 0.000 0.000 0.000 0.000 0.000 0.000 0.827 1.827 1.827 0.000 0.000 0.000 4.832 4.832 4.833 4.833 4.833 0.000 0.833 0.833 0.000 0.000 0.000 0.000 0.000 0.000 0.000 0.000 0.000 0.000 0.000 0.000 0.000 0.000 0.000 0.000 0.000 0.000 0.000 0.000 0.000 0.000 0.000 0.000 0.000 0.000 0.000 0.000 0.000 0.000 0.000 0.000 0.000 0.000 0.000 0.000 0.000 0.000 0.000 0.000 0.000 0.000 0.000
0.000 0.000 0.000 0.000 0.000 0.000 0.831 2.830 2.830 1.830 0.000 0.000 0.000 0.000 0.000 0.000 0.000 0.000 0.000 0.827 1.827 1.827 0.000 0.000 0.000 4.833 4.833 4.833 4.833 4.833 4.833 4.833 0.000 0.000 0.000 0.000 0.000 0.000 0.000 0.000 0.000 0.000 0.000 0.000 0.000 0.000 0.000 0.000 0.000 0.000 0.000 0.000 0.000 0.000 0.000 0.000 0.000 0.000 0.000 0.000 0.000 0.000 0.000 0.000 0.000 0.000 0.000 0.000 0.000 0.000 0.000 0.000 0.000 0.000 0.000 0.000
0.000 0.000 0.000 0.000 0.000 0.000 0.831 1.830 1.830 1.830 0.000 0.000 0.000 0.000 0.000 0.000 0.000 0.000 0.000 0.000 0.827 1.828 0.000 0.000 0.000 4.833 4.833 4.833 4.833 4.833 4.833 4.833 4.833 0.000 0.000 0.000 0.000 0.000 0.000 0.000 0.000 0.000 0.000 0.000 0.000 0.000 0.000 0.840 0.000 0.000 0.000 0.000 0.000 0.000 0.000 0.000 0.000 0.000 0.000 0.000 0.000 0.000 0.000 0.000 0.000 0.000 0.000 0.000 0.000 0.000 0.000 0.000 0.000 0.000 0.000 0.000
0.000 0.000 0.000 0.000 0.000 0.000 0.000 0.000 0.828 0.829 1.829 0.000 0.000 0.000 0.000 0.000 0.000 0.000 0.000 0.000 0.000 0.828 0.828 0.000 0.832 1.833 4.833 4.833 4.833 4.833 4.833 4.833 4.834 4.834 0.000 0.000 0.000 0.000 0.000 0.000 0.000 0.000 0.000 0.840 0.840 0.000 0.000 0.840 0.840 0.000 0.000 0.000 0.000 0.000 0.000 0.000 0.000 0.000 0.000 0.000 0.000 0.000 0.000 0.000 0.000 0.000 0.000 0.000 0.000 0.000 0.000 0.000 0.000 0.000 0.000 0.000
0.000 0.000 0.000 0.000 0.000 0.000 0.000 0.826 0.827 0.828 0.828 0.000 0.000 0.000 0.000 0.000 0.000 0.000 0.000 0.000 0.000 0.000 0.829 0.000 0.000 0.000 4.833 4.833 4.833 4.833 4.833 4.834 4.834 4.834 4.834 0.000 0.000 0.000 0.000 0.000 0.000 0.000 0.000 0.839 0.839 0.839 0.839 0.840 0.000 0.000 0.000 0.000 0.000 0.000 0.000 0.000 0.000 0.000 0.000 0.000 0.000 0.000 0.000 0.000 0.000 0.000 0.000 0.000 0.000 0.000 0.000 0.000 0.000 0.000 0.000 0.000
0.000 0.000 0.000 0.000 0.000 0.000 0.000 0.826 0.826 0.000 0.000 0.000 0.000 0.000 0.000 0.000 0.000 0.000 0.000 0.000 0.000 0.000 0.000 0.000 0.000 0.000 4.833 4.833 4.833 4.833 4.834 4.834 4.834 4.834 4.834 4.834 0.000 0.000 0.837 0.837 0.838 0.838 1.838 1.839 0.839 0.839 1.839 0.839 0.000 0.000 0.000 0.000 0.000 0.000 0.000 0.000 0.000 0.000 0.000 0.000 0.000 0.000 0.000 0.000 0.000 0.000 0.000 0.000 0.000 0.000 0.000 0.000 0.000 0.000 0.000 0.000
0.000 0.000 0.000 0.000 0.000 0.000 0.000 0.826 1.826 0.000 0.000 0.000 0.000 0.000 0.000 0.000 0.000 0.000 0.000 0.000 0.000 0.000 0.000 0.000 0.000 0.832 4.833 4.833 4.833 4.833 4.834 4.834 4.834 4.834 4.834 4.834 0.835 0.835 0.836 1.837 0.838 0.838 0.838 0.838 0.838 0.839 1.838 1.838 0.000 0.000 0.000 0.000 0.000 0.000 0.000 0.000 0.000 0.000 0.000 0.000 0.000 0.000 0.000 0.000 0.000 0.000 0.000 0.000 0.000 0.000 0.000 0.000 0.000 0.000 0.000 0.000
0.835 0.000 0.000 0.000 0.000 0.000 0.000 0.000 0.829 0.830 0.830 0.830 0.000 0.000 0.000 0.000 0.000 0.000 0.000 0.000 0.000 0.000 0.000 0.000 0.832 1.833 4.833 4.833 4.833 4.833 4.834 4.834 4.834 4.834 4.834 4.834 4.835 4.835 1.835 0.836 0.000 0.837 0.837 0.838 0.000 0.000 1.838 1.838 0.000 0.000 0.000 0.000 0.000 0.000 0.000 0.000 0.000 0.000 0.000 0.000 0.000 0.000 0.000 0.834 0.000 0.000 0.000 0.000 0.000 0.000 0.000 0.000 0.000 0.000 0.000 0.000
1.835 1.835 0.000 0.000 0.000 0.000 0.000 0.000 0.831 1.831 1.831 1.831 0.830 0.000 0.000 0.000 0.831 0.000 0.000 0.000 0.000 0.000 0.000 0.000 0.000 0.833 4.833 4.833 4.833 4.834 4.834 4.834 4.834 4.834 4.834 4.834 4.834 4.835 4.835 4.835 0.000 1.836 1.836 0.000 0.000 0.000 0.837 1.837 0.836 0.000 0.000 0.000 0.000 0.000 0.000 0.000 0.000 0.000 0.000 0.000 0.000 0.000 0.834 0.834 0.000 0.000 0.000 0.000 0.000 0.000 0.000 0.000 0.000 0.000 0.000 0.000
1.834 0.834 4.833 4.833 4.833 4.833 4.832 4.832 4.832 4.831 4.831 4.831 0.831 0.000 0.000 1.832 1.832 0.000 0.000 0.000 0.000 0.000 0.000 0.000 0.000 0.000 4.833 4.833 4.834 4.834 4.834 4.834 4.834 4.834 4.834 4.834 4.834 4.835 4.835 4.835 4.835 4.835 4.835 0.835 0.000 0.000 0.000 1.836 1.836 1.835 0.000 0.000 0.000 0.000 0.000 0.000 0.000 0.000 0.000 0.000 0.000 0.000 0.000 0.833 0.832 0.000 0.000 0.000 0.000 0.000 0.000 0.000 0.000 0.000 0.000 0.000
4.834 4.834 4.833 4.833 4.833 4.833 4.832 4.832 4.832 4.832 4.832 4.832 4.832 4.832 4.832 2.832 1.832 0.000 0.000 0.000 0.000 0.000 0.000 0.000 0.000 0.000 4.833 4.833 4.834 4.834 4.834 4.834 4.834 4.834 4.834 4.834 4.835 4.835 4.835 4.835 4.835 4.835 4.835 4.835 4.835 0.000 0.834 0.835 0.835 1.834 0.834 0.000 0.000 0.000 0.000 0.000 0.000 0.000 0.000 0.000 0.000 0.000 0.000 0.832 0.832 0.000 0.000 0.000 0.000 0.000 0.000 0.000 0.000 0.000 0.000 0.000
4.834 4.834 4.834 4.833 4.833 4.833 4.832 4.832 4.832 4.832 4.832 4.832 4.832 4.832 4.832 4.832 2.832 0.000 0.000 0.000 0.000 0.000 0.000 0.000 0.000 0.833 4.833 4.834 4.834 4.834 4.834 4.834 4.834 4.834 4.834 4.834 4.835 4.835 4.835 4.835 4.835 4.835 4.835 4.835 4.834 4.834 4.834 4.834 4.834 4.833 4.833 4.833 4.833 0.000 0.000 1.831 1.831 0.000 0.000 0.000 0.829 0.829 0.830 1.831 1.831 0.830 0.000 0.000 0.000 0.000 0.000 0.000 0.000 1.817 0.817 0.000
4.834 4.834 4.834 4.833 4.833 4.833 4.833 4.832 4.832 4.832 4.832 4.832 4.832 4.832 4.832 4.832 4.832 0.000 0.000 0.000 0.000 0.000 0.000 0.000 0.000 1.833 4.833 4.834 4.834 4.834 4.834 4.834 4.834 4.834 4.834 4.834 4.834 4.835 4.835 4.835 4.835 4.835 4.835 4.835 4.834 4.834 4.834 4.834 4.833 4.833 4.833 4.833 4.833 4.832 4.832 4.831 4.831 4.831 0.000 0.000 0.829 1.829 0.829 0.830 0.830 0.830 0.000 0.000 0.000 0.000 0.000 0.000 0.818 2.817 2.817 0.817
4.834 4.834 4.834 4.834 4.833 4.833 4.833 4.833 4.832 4.832 4.832 4.832 4.832 4.832 4.832 4.832 4.832 4.832 4.832 4.832 4.833 4.833 4.833 4.833 0.833 4.833 4.833 4.834 4.834 4.834 4.834 4.834 4.834 4.834 4.834 4.834 4.834 4.835 4.835 4.835 4.835 4.835 4.835 4.834 4.834 4.834 4.834 4.834 4.833 4.833 4.833 4.833 4.832 4.832 4.832 4.831 4.831 4.831 4.830 4.830 4.829 4.829 4.829 0.000 0.000 0.828 0.000 0.000 0.826 0.000 0.000 0.000 0.819 1.818 1.817 1.816
4.834 4.834 4.834 4.834 4.833 4.833 4.833 4.833 4.833 4.833 4.832 4.832 4.832 4.832 4.832 4.832 4.832 4.832 4.832 4.833 4.833 4.833 4.833 4.833 4.833 4.833 4.833 4.834 4.834 4.834 4.834 4.834 4.834 4.834 4.834 4.834 4.834 4.834 4.835 4.835 4.835 4.835 4.834 4.834 4.834 4.834 4.834 4.834 4.833 4.833 4.833 4.833 4.832 4.832 4.831 4.831 4.831 4.830 4.830 4.829 4.829 4.829 4.828 4.828 4.828 4.827 4.827 4.826 4.826 0.000 0.000 0.822 1.821 0.819 2.817 2.816
4.835 4.834 4.834 4.834 4.834 4.833 4.833 4.833 4.833 4.833 4.833 4.833 4.833 4.833 4.833 4.833 4.832 4.833 4.833 4.833 4.833 4.833 4.833 4.833 4.833 4.833 4.834 4.834 4.834 4.834 4.834 4.834 4.834 4.834 4.834 4.834 4.834 4.834 4.835 4.835 4.835 4.834 4.834 4.834 4.834 4.834 4.834 4.833 4.833 4.833 4.833 4.832 4.832 4.832 4.831 4.831 4.831 4.830 4.830 4.829 4.829 4.829 4.828 4.828 4.827 4.827 4.827 4.826 4.826 4.825 4.825 2.824 2.823 2.822 0.819 2.816
4.835 4.835 4.834 4.834 4.834 4.834 4.833 4.833 4.833 4.833 4.833 4.833 4.833 4.833 4.833 4.833 4.833 4.833 4.833 4.833 4.833 4.833 4.833 4.833 4.833 4.834 4.834 4.834 4.834 4.834 4.834 4.834 4.834 4.834 4.834 4.834 4.834 4.834 4.834 4.834 4.834 4.834 4.834 4.834 4.834 4.834 4.834 4.833 4.833 4.833 4.833 4.832 4.832 4.832 4.831 4.831 4.831 4.830 4.830 4.829 4.829 4.828 4.828 4.828 4.827 4.827 4.827 4.826 4.826 4.825 4.825 4.824 3.823 3.823 1.822 0.000
4.835 4.835 4.835 4.834 4.834 4.834 4.834 4.833 4.833 4.833 4.833 4.833 4.833 4.833 4.833 4.833 4.833 4.833 4.833 4.833 4.833 4.833 4.833 4.834 4.834 4.834 4.834 4.834 4.834 4.834 4.834 4.834 4.834 4.834 4.834 4.834 4.834 4.834 4.834 4.834 4.834 4.834 4.834 4.834 4.834 4.834 4.833 4.833 4.833 4.833 4.833 4.832 4.832 4.832 4.831 4.831 4.831 4.830 4.830 4.829 4.829 4.829 4.828 4.828 4.827 4.827 4.827 4.826 4.826 4.825 4.825 3.824 3.823 4.823 2.823 0.000
4.835 4.835 4.835 4.835 4.834 4.834 4.834 4.834 4.833 4.833 4.833 4.833 4.833 4.833 4.833 4.833 4.833 4.833 4.833 4.833 4.833 4.833 4.834 4.834 4.834 4.834 4.834 4.834 4.834 4.834 4.834 4.834 4.834 4.834 4.834 4.834 4.834 4.834 4.834 4.834 4.834 4.834 4.834 4.834 4.834 4.834 4.833 4.833 4.833 4.833 4.832 4.832 4.832 4.832 4.831 4.831 4.831 4.830 4.830 4.829 4.829 4.829 4.828 4.828 4.827 4.827 4.827 4.826 4.826 4.825 4.825 3.824 2.824 2.823 1.823 0.000
4.835 4.835 4.835 4.835 4.835 4.834 4.834 4.834 4.834 4.834 4.834 4.834 4.834 4.834 4.833 4.833 4.833 4.833 4.833 4.833 4.834 4.834 4.834 4.834 4.834 4.834 4.834 4.834 4.834 4.834 4.834 4.834 4.834 4.834 4.834 4.834 4.834 4.834 4.834 4.834 4.834 4.834 4.834 4.834 4.834 4.834 4.833 4.833 4.833 4.833 4.832 4.832 4.832 4.832 4.831 4.831 4.830 4.830 4.830 4.829 4.829 4.829 4.828 4.828 4.827 4.827 4.827 0.826 4.826 4.825 0.824 1.824 1.824 1.823 1.823 0.822
4.835 4.835 4.835 4.835 4.835 4.835 4.834 4.834 4.834 4.834 4.834 4.834 4.834 4.834 4.834 4.834 4.834 4.834 4.834 4.834 4.834 4.834 4.834 4.834 4.834 4.834 4.834 4.834 4.834 4.834 4.834 4.834 4.834 4.834 4.834 4.834 4.834 4.834 4.834 4.834 4.834 4.834 4.834 4.834 4.834 4.834 4.833 4.833 4.833 4.833 4.832 4.832 4.832 4.832 4.831 4.831 4.830 4.830 4.830 4.829 4.829 4.829 4.828 4.828 4.828 4.827 0.000 0.826 0.826 0.000 0.000 0.824 0.824 0.823 1.822 1.822
4.835 4.835 4.835 4.835 4.835 4.835 4.835 4.834 4.834 4.834 4.834 4.834 4.834 4.834 4.834 4.834 4.834 4.834 4.834 4.834 4.834 4.834 4.834 4.834 4.834 4.834 4.834 4.834 4.834 4.834 4.834 4.834 4.834 4.834 4.834 4.834 4.834 4.834 4.834 4.834 4.834 4.834 4.834 4.834 4.834 4.834 4.833 4.833 4.833 4.833 4.833 4.832 4.832 4.832 4.831 4.831 4.831 4.830 4.830 4.829 4.829 4.829 2.828 1.828 1.828 0.000 0.000 0.826 1.826 0.000 0.000 0.000 0.000 1.822 2.822 1.822
4.836 4.835 4.835 4.835 4.835 4.835 4.835 4.835 4.835 4.835 4.835 4.835 4.835 4.834 4.834 4.834 4.834 4.834 4.834 4.834 4.834 4.834 4.834 4.834 4.834 4.834 4.834 4.834 4.834 4.834 4.834 4.834 4.834 4.834 4.834 4.834 4.834 4.834 4.834 4.834 4.834 4.834 4.834 4.834 4.834 4.834 4.833 4.833 4.833 4.833 4.833 4.832 4.832 4.831 4.831 4.831 4.831 4.830 0.000 0.000 1.829 1.828 0.828 0.000 0.000 0.000 0.000 1.826 2.826 0.826 0.000 0.000 0.000 1.822 2.822 2.822
4.836 4.836 4.835 4.835 4.835 4.835 4.835 4.835 4.835 4.835 4.835 4.835 4.835 4.835 4.835 4.835 4.835 4.835 4.834 4.834 4.834 4.834 4.834 4.834 4.834 4.834 4.835 4.835 4.834 4.834 4.834 4.835 4.834 4.834 4.834 4.834 4.834 4.834 4.834 4.834 4.834 4.834 0.834 0.000 0.834 3.834 3.833 3.833 3.833 3.833 0.833 0.000 0.000 0.000 0.000 0.000 0.000 0.000 0.000 0.828 1.828 1.828 0.828 0.000 0.000 0.000 0.000 0.826 2.826 0.826 0.000 0.000 0.000 0.000 0.822 0.822
4.836 4.836 4.836 4.836 4.836 4.835 4.835 4.835 4.835 4.835 4.835 4.835 4.835 4.835 4.835 4.835 4.835 4.835 4.835 4.835 4.835 4.835 4.835 4.835 4.835 4.835 4.835 4.835 4.835 4.835 4.835 4.835 4.835 4.835 4.835 4.834 4.834 4.834 4.834 4.834 4.834 0.000 0.000 0.000 0.834 3.834 4.833 3.833 3.833 1.833 0.000 0.000 0.000 0.000 0.000 0.000 0.000 0.000 1.828 1.828 1.828 1.828 0.828 0.000 0.000 0.000 0.000 0.825 0.825 0.826 0.000 0.000 0.000 0.000 0.822 0.000
4.836 4.836 4.836 4.836 4.836 4.836 4.836 4.835 4.835 4.835 4.835 4.835 4.835 4.835 4.835 4.835 4.835 4.835 4.835 4.835 4.835 4.835 4.835 4.835 4.835 4.835 4.835 4.835 4.835 4.835 4.835 4.835 4.835 4.835 4.834 4.834 4.834 4.834 4.834 4.834 4.834 0.000 0.833 1.833 0.000 0.000 1.833 2.833 3.833 2.833 0.000 0.000 0.000 0.000 0.000 1.829 0.829 1.828 2.828 1.828 0.828 1.828 0.828 0.000 0.000 0.825 0.824 1.824 0.825 0.000 0.000 0.000 0.000 0.000 1.821 1.821
4.836 4.836 4.836 4.836 4.836 4.836 4.836 4.836 4.836 4.836 4.836 4.835 4.836 4.836 4.836 4.836 4.836 4.835 4.835 4.835 4.835 4.835 4.835 4.835 4.835 4.835 4.835 4.835 4.835 4.835 4.835 4.835 4.835 4.835 4.834 4.834 4.834 4.834 4.834 4.834 4.834 4.834 3.833 0.833 0.000 0.000 0.000 0.000 2.833 1.833 0.000 0.834 0.834 0.000 0.000 0.830 0.000 0.828 0.828 0.828 0.828 1.828 1.827 0.827 0.000 0.824 1.824 2.824 0.824 0.000 0.000 0.000 0.000 0.821 2.821 1.821
4.836 4.836 4.836 4.836 4.836 4.836 4.836 4.836 4.836 4.836 4.836 4.836 4.836 4.836 4.836 4.836 4.836 4.836 4.836 4.836 4.835 4.835 4.835 4.835 4.835 4.835 4.835 4.835 4.835 4.835 4.835 4.835 4.835 4.835 4.835 4.835 4.834 4.834 4.834 4.834 4.834 4.834 4.833 4.833 4.833 4.833 4.833 4.832 1.833 1.832 0.000 1.833 1.833 0.000 0.000 0.000 0.000 0.000 0.000 0.000 0.000 0.828 0.827 0.827 0.000 0.824 1.824 2.824 1.824 0.000 0.000 0.000 0.000 0.821 2.821 0.821
4.836 4.836 4.836 4.836 4.836 4.836 4.836 4.836 4.836 4.836 4.836 4.836 4.836 4.836 4.836 4.836 4.836 4.836 4.836 4.836 4.836 4.836 4.835 4.835 4.835 4.835 4.835 4.835 4.835 4.835 4.835 4.835 4.835 4.835 4.835 4.835 4.835 4.834 4.834 4.834 4.834 4.834 4.833 4.833 4.833 4.833 4.833 4.832 4.832 4.832 4.832 0.832 0.000 0.000 0.830 0.830 0.000 0.000 0.000 0.000 0.000 0.000 0.000 0.000 0.000 0.000 0.824 1.824 2.824 0.823 0.823 1.822 0.822 0.822 1.822 0.821
4.836 4.836 4.836 4.836 4.836 4.836 4.836 4.836 4.836 4.836 4.836 4.836 4.836 4.836 4.836 4.836 4.836 4.836 4.836 4.836 4.836 4.836 4.836 4.836 4.836 4.836 4.836 4.836 4.835 4.835 4.835 4.835 4.835 4.835 4.835 4.835 4.835 4.834 4.834 4.834 4.834 4.834 4.833 4.833 4.833 4.833 4.832 4.832 4.832 4.832 4.831 4.831 4.831 0.000 0.830 1.830 1.830 0.000 0.000 0.000 0.000 0.000 0.000 0.000 0.000 0.000 0.000 0.000 0.000 0.823 2.822 2.822 0.822 1.822 1.822 0.822
