includes/mahajanga_coast/floodfiles/results_R2_t1.688026134693E12/res-0008.wdfp
ncols         269
nrows         308
xllcorner     384108.384600
yllcorner     1149646.260900
cellsize      30.000000
NODATA_value  -9999.000000
[rows 33 to 65 of 308, columns 76 to 151 of 269]
14.673 14.673 14.672 14.672 14.672 14.672 14.672 14.672 14.672 14.672 13.671 13.671 13.671 13.671 13.671 13.671 13.671 12.670 12.670 12.670 12.670 12.670 12.670 11.670 11.670 11.669 11.669 11.669 10.669 10.669 10.669 10.669 10.669 9.668 9.668 9.668 9.668 8.668 8.668 8.668 8.668 8.668 7.668 7.668 7.668 7.668 6.668 6.668 6.668 6.668 6.668 6.668 6.669 1.669 0.669 0.669 0.000 0.000 0.000 0.000 0.000 0.000 0.000 0.000 0.000 0.000 0.000 0.000 0.000 0.000 0.000 0.000 0.000 0.000 0.000 0.000
14.673 14.672 14.672 14.672 14.672 14.672 14.672 14.672 14.672 13.671 13.671 13.671 13.671 13.671 13.671 13.671 12.670 12.670 12.670 12.670 12.670 12.670 11.670 11.670 11.669 11.669 11.669 10.669 10.669 10.669 10.669 10.669 9.668 9.668 9.668 9.668 9.668 8.668 8.668 8.668 8.668 7.667 7.667 7.667 7.667 6.667 6.667 6.667 6.667 6.668 6.668 6.668 1.668 0.000 0.000 0.668 0.000 0.000 0.000 0.000 0.000 0.000 0.000 0.000 0.000 0.000 0.000 0.000 0.000 0.000 0.000 0.000 0.000 0.000 0.000 0.000
14.673 14.672 14.672 14.672 14.672 14.672 14.672 14.672 13.671 13.671 13.671 13.671 13.671 13.671 13.671 12.670 12.670 12.670 12.670 12.670 12.670 11.670 11.669 11.669 11.669 11.669 10.669 10.669 10.669 10.668 10.668 9.668 9.668 9.668 9.668 9.668 8.668 8.667 8.667 8.667 7.667 7.667 7.667 7.667 7.667 6.667 6.667 6.667 6.667 6.667 6.667 6.668 1.668 0.000 0.000 0.000 0.000 0.000 0.000 0.000 0.000 0.000 0.000 0.000 0.000 0.000 0.000 0.000 0.000 0.000 0.000 0.000 0.000 0.000 0.000 0.000
14.673 14.672 14.672 14.672 14.672 14.672 14.672 13.671 13.671 13.671 13.671 13.671 13.671 13.671 12.670 12.670 12.670 12.670 12.670 12.670 12.670 11.669 11.669 11.669 11.669 11.669 10.669 10.669 10.668 10.668 10.668 9.668 9.668 9.668 9.667 8.667 8.667 8.667 8.667 8.667 7.667 7.667 7.667 7.667 6.667 6.667 6.667 6.667 6.667 6.667 6.667 1.668 0.000 0.000 0.000 0.000 0.000 0.000 0.000 0.000 0.000 0.000 0.000 0.000 0.000 0.000 0.000 0.000 0.000 0.000 0.000 0.000 0.000 0.000 0.000 0.000
14.672 14.672 14.672 14.672 14.672 14.672 13.672 13.671 13.671 13.671 13.671 13.671 13.671 12.670 12.670 12.670 12.670 12.670 12.670 12.670 11.669 11.669 11.669 11.669 11.669 10.669 10.668 10.668 10.668 10.668 9.668 9.668 9.667 9.667 9.667 8.667 8.667 8.667 8.667 7.667 7.667 7.667 7.666 6.666 6.666 6.666 6.666 6.666 6.666 6.666 6.666 0.000 0.000 0.000 0.000 0.000 0.000 0.000 0.000 0.000 0.000 0.000 0.000 0.000 0.000 0.000 0.000 0.000 0.000 0.000 0.000 0.000 0.000 0.000 0.000 0.000
14.672 14.672 14.672 14.672 14.672 13.672 13.671 13.671 13.671 13.671 13.671 13.671 12.670 12.670 12.670 12.670 12.670 12.670 12.669 11.669 11.669 11.669 11.669 11.669 10.669 10.668 10.668 10.668 10.668 9.668 9.668 9.667 9.667 9.667 8.667 8.667 8.666 8.666 7.666 7.666 7.666 7.666 6.666 6.666 6.666 6.666 6.666 6.666 6.666 6.666 6.666 0.000 0.000 0.000 0.000 0.000 0.000 0.000 0.000 0.000 0.000 0.000 0.000 0.000 0.000 0.000 0.000 0.000 0.000 0.000 0.000 0.000 0.000 0.000 0.000 0.000
14.672 14.672 14.672 14.672 13.672 13.672 13.671 13.671 13.671 13.671 13.671 12.670 12.670 12.670 12.670 12.670 12.670 12.669 12.669 11.669 11.669 11.669 11.669 11.668 10.668 10.668 10.668 10.668 10.668 9.667 9.667 9.667 9.667 9.667 8.666 8.666 8.666 8.666 7.666 7.666 7.666 7.666 6.666 6.666 6.665 6.665 6.665 6.665 6.666 6.666 6.666 0.000 0.000 0.000 0.000 0.000 0.000 0.000 0.000 0.000 0.000 0.000 0.000 0.000 0.000 0.000 0.000 0.000 0.000 0.000 0.000 0.000 0.000 0.000 0.000 0.000
13.672 13.672 13.672 13.672 13.672 13.671 13.671 13.671 13.671 13.671 12.670 12.670 12.670 12.670 12.670 12.670 12.669 12.669 11.669 11.669 11.669 11.668 11.668 10.668 10.668 10.668 10.668 10.668 9.667 9.667 9.667 9.667 9.666 8.666 8.666 8.666 8.666 7.666 7.666 7.666 7.666 6.665 6.665 6.665 6.665 6.665 6.665 6.665 6.665 6.665 1.666 0.000 0.000 0.000 0.000 0.000 0.000 0.000 0.000 0.000 0.000 0.000 0.000 0.000 0.000 0.000 0.000 0.000 0.000 0.000 0.000 0.000 0.000 0.000 0.000 0.000
13.672 13.672 13.672 13.672 13.672 13.671 13.671 13.671 13.671 12.670 12.670 12.670 12.670 12.670 12.670 12.669 12.669 11.669 11.669 11.669 11.668 11.668 10.668 10.668 10.668 10.668 10.667 9.667 9.667 9.667 9.667 9.666 8.666 8.666 8.666 8.666 7.665 7.665 7.665 7.665 6.665 6.665 6.665 6.665 6.665 6.665 6.665 6.665 6.665 6.665 0.000 0.000 0.000 0.000 0.000 0.000 0.000 0.000 0.000 0.000 0.000 0.000 0.000 0.000 0.000 0.000 0.000 0.000 0.000 0.000 0.000 0.000 0.000 0.000 0.000 0.000
13.672 13.672 13.672 13.672 13.672 13.671 13.671 13.671 12.671 12.670 12.670 12.670 12.670 12.670 12.669 12.669 11.669 11.669 11.669 11.668 11.668 11.668 10.668 10.668 10.668 10.667 10.667 9.667 9.667 9.667 9.666 9.666 8.666 8.666 8.665 8.665 7.665 7.665 7.665 7.665 6.665 6.665 6.664 6.664 6.664 6.664 6.664 6.664 6.664 6.664 0.000 0.000 0.000 0.000 0.000 0.000 0.000 0.000 0.000 0.000 0.000 0.000 0.000 0.000 0.000 0.000 0.000 0.000 0.000 0.000 0.000 0.000 0.000 0.000 0.000 0.000
13.672 13.672 13.672 13.672 13.671 13.671 13.671 12.671 12.671 12.670 12.670 12.670 12.670 12.669 12.669 11.669 11.669 11.669 11.668 11.668 11.668 10.668 10.668 10.667 10.667 10.667 9.667 9.667 9.666 9.666 9.666 8.666 8.666 8.665 8.665 7.665 7.665 7.665 7.665 6.664 6.664 6.664 6.664 6.664 6.664 6.664 6.664 6.664 6.664 6.664 0.000 0.000 0.000 0.000 0.000 0.000 0.000 0.000 0.000 0.000 0.000 0.000 0.000 0.000 0.000 0.000 0.000 0.000 0.000 0.000 0.000 0.000 0.000 0.000 0.000 0.000
13.672 13.672 13.672 13.671 13.671 13.671 12.671 12.671 12.670 12.670 12.670 12.670 12.670 12.669 11.669 11.669 11.669 11.668 11.668 11.668 11.668 10.668 10.667 10.667 10.667 10.667 9.667 9.666 9.666 9.666 9.666 8.665 8.665 8.665 8.665 7.665 7.664 7.664 7.664 6.664 6.664 6.664 6.664 6.664 6.664 6.664 6.663 6.663 6.663 6.663 0.000 0.000 0.000 0.000 0.000 0.000 0.000 0.000 0.000 0.000 0.000 0.000 0.000 0.000 0.000 0.000 0.000 0.000 0.000 0.000 0.000 0.000 0.000 0.000 0.000 0.000
13.672 13.672 13.672 13.671 13.671 12.671 12.671 12.671 12.670 12.670 12.670 12.670 12.669 11.669 11.669 11.669 11.668 11.668 11.668 11.668 10.668 10.667 10.667 10.667 10.667 9.667 9.666 9.666 9.666 9.666 8.665 8.665 8.665 8.665 8.664 7.664 7.664 7.664 7.664 6.664 6.664 6.664 6.663 6.663 6.663 6.663 6.663 6.663 6.663 6.663 0.000 0.000 0.000 0.000 0.000 0.000 0.000 0.000 0.000 0.000 0.000 0.000 0.000 0.000 0.000 0.000 0.000 0.000 0.000 0.000 0.000 0.000 0.000 0.000 0.000 0.000
13.672 13.672 13.671 13.671 12.671 12.671 12.671 12.670 12.670 12.670 12.670 12.670 12.669 11.669 11.669 11.669 11.668 11.668 11.668 11.668 10.667 10.667 10.667 10.667 10.666 9.666 9.666 9.666 9.666 9.665 8.665 8.665 8.665 8.664 8.664 7.664 7.664 7.664 6.663 6.663 6.663 6.663 6.663 6.663 6.663 6.663 6.663 6.663 6.663 0.663 0.000 0.000 0.000 0.000 0.000 0.000 0.000 0.000 0.000 0.000 0.000 0.000 0.000 0.000 0.000 0.000 0.000 0.000 0.000 0.000 0.000 0.000 0.000 0.000 0.000 0.000
13.672 13.672 12.671 12.671 12.671 12.671 12.670 12.670 12.670 12.670 12.670 12.669 11.669 11.669 11.669 11.668 11.668 11.668 11.668 11.667 10.667 10.667 10.667 10.666 10.666 9.666 9.666 9.666 9.665 9.665 8.665 8.665 8.664 8.664 7.664 7.664 7.664 7.663 6.663 6.663 6.663 6.663 6.663 6.663 6.662 6.662 6.662 6.662 6.662 0.000 0.000 0.000 0.000 0.000 0.000 0.000 0.000 0.000 0.000 0.000 0.000 0.000 0.000 0.000 0.000 0.000 0.000 0.000 0.000 0.000 0.000 0.000 0.000 0.000 0.000 0.000
12.672 12.671 12.671 12.671 12.671 12.671 12.670 12.670 12.670 12.670 12.670 11.669 11.669 11.669 11.669 11.668 11.668 11.668 11.667 10.667 10.667 10.667 10.666 10.666 9.666 9.666 9.666 9.665 9.665 8.665 8.665 8.664 8.664 8.664 7.664 7.663 7.663 7.663 6.663 6.663 6.663 6.662 6.662 6.662 6.662 6.662 6.662 6.662 6.662 0.000 0.000 0.000 0.000 0.000 0.000 0.000 0.000 0.000 0.000 0.000 0.000 0.000 0.000 0.000 0.000 0.000 0.000 0.000 0.000 0.000 0.000 0.000 0.000 0.000 0.000 0.000
12.672 12.671 12.671 12.671 12.671 12.670 12.670 12.670 12.670 12.670 11.669 11.669 11.669 11.669 11.668 11.668 11.668 11.668 11.667 10.667 10.667 10.666 10.666 10.666 9.666 9.666 9.665 9.665 9.665 8.665 8.664 8.664 8.664 8.664 7.663 7.663 7.663 7.663 6.663 6.662 6.662 6.662 6.662 6.662 6.662 6.662 6.662 6.662 6.661 0.000 0.000 0.000 0.000 0.000 0.000 0.000 0.000 0.000 0.000 0.000 0.000 0.000 0.000 0.000 0.000 0.000 0.000 0.000 0.000 0.000 0.000 0.000 0.000 0.000 0.000 0.000
12.671 12.671 12.671 12.671 12.670 12.670 12.670 12.670 12.670 11.669 11.669 11.669 11.669 11.669 11.668 11.668 11.668 11.667 11.667 10.667 10.667 10.666 10.666 10.666 9.666 9.665 9.665 9.665 9.665 8.664 8.664 8.664 8.664 8.663 7.663 7.663 7.663 6.662 6.662 6.662 6.662 6.662 6.662 6.662 6.661 6.661 6.661 6.661 6.661 1.660 0.000 0.000 0.000 0.000 0.000 0.000 0.000 0.000 0.000 0.000 0.000 0.000 0.000 0.000 0.000 0.000 0.000 0.000 0.000 0.000 0.000 0.000 0.000 0.000 0.000 0.000
12.671 12.671 12.671 12.671 12.670 12.670 12.670 12.670 11.669 11.669 11.669 11.669 11.669 11.668 11.668 11.668 11.668 11.667 10.667 10.667 10.666 10.666 10.666 9.666 9.665 9.665 9.665 9.665 8.664 8.664 8.664 8.664 8.663 7.663 7.663 7.663 7.662 6.662 6.662 6.662 6.662 6.661 6.661 6.661 6.661 6.661 6.661 6.661 6.661 0.660 0.000 0.000 0.000 0.000 0.000 0.000 0.000 0.000 0.000 0.000 0.000 0.000 0.000 0.000 0.000 0.000 0.000 0.000 0.000 0.000 0.000 0.000 0.000 0.000 0.000 0.000
12.671 12.671 12.671 12.670 12.670 12.670 12.670 11.669 11.669 11.669 11.669 11.669 11.668 11.668 11.668 11.668 11.667 10.667 10.667 10.667 10.666 10.666 10.666 9.665 9.665 9.665 9.665 9.665 8.664 8.664 8.664 8.663 8.663 7.663 7.663 7.662 7.662 6.662 6.662 6.661 6.661 6.661 6.661 6.661 6.661 6.661 6.661 6.661 0.000 0.000 0.000 0.000 0.000 0.000 0.000 0.000 0.000 0.000 0.000 0.000 0.000 0.000 0.000 0.000 0.000 0.000 0.000 0.000 0.000 0.000 0.000 0.000 0.000 0.000 0.000 0.000
12.671 12.671 12.671 12.670 12.670 11.670 11.670 11.669 11.669 11.669 11.669 11.668 11.668 11.668 11.668 11.667 11.667 10.667 10.667 10.666 10.666 10.666 10.666 9.665 9.665 9.665 9.665 9.664 8.664 8.664 8.663 8.663 8.663 7.663 7.662 7.662 7.662 6.661 6.661 6.661 6.661 6.661 6.661 6.660 6.660 6.660 6.660 6.660 0.000 0.000 0.000 0.000 0.000 0.000 0.000 0.000 0.000 0.000 0.000 0.000 0.000 0.000 0.000 0.000 0.000 0.000 0.000 0.000 0.000 0.000 0.000 0.000 0.000 0.000 0.000 0.000
12.671 12.671 12.671 12.670 11.670 11.670 11.669 11.669 11.669 11.669 11.669 11.668 11.668 11.668 11.668 11.667 10.667 10.667 10.667 10.666 10.666 10.666 9.665 9.665 9.665 9.665 9.664 8.664 8.664 8.663 8.663 8.663 7.663 7.662 7.662 7.662 6.661 6.661 6.661 6.661 6.661 6.660 6.660 6.660 6.660 6.660 6.660 6.660 0.000 0.000 0.000 0.000 0.000 0.000 0.000 0.000 0.000 0.000 0.000 0.000 0.000 0.000 0.000 0.000 0.000 0.000 0.000 0.000 0.000 0.000 0.000 0.000 0.000 0.000 0.000 0.000
12.671 12.671 11.670 11.670 11.670 11.670 11.669 11.669 11.669 11.669 11.668 11.668 11.668 11.668 11.667 10.667 10.667 10.667 10.666 10.666 10.666 10.665 9.665 9.665 9.665 9.664 9.664 8.664 8.664 8.663 8.663 8.663 7.662 7.662 7.662 7.661 6.661 6.661 6.661 6.660 6.660 6.660 6.660 6.660 6.660 6.660 6.660 6.660 0.000 0.000 0.000 0.000 0.000 0.000 0.000 0.000 0.000 0.000 0.000 0.000 0.000 0.000 0.000 0.000 0.000 0.000 0.000 0.000 0.000 0.000 0.000 0.000 0.000 0.000 0.000 0.000
11.671 11.671 11.670 11.670 11.670 11.669 11.669 11.669 11.669 11.669 11.668 11.668 11.668 11.668 10.667 10.667 10.667 10.666 10.666 10.666 10.666 10.665 9.665 9.665 9.664 9.664 9.664 8.664 8.663 8.663 8.663 8.662 7.662 7.662 7.661 7.661 6.661 6.660 6.660 6.660 6.660 6.660 6.660 6.660 6.660 6.659 6.659 6.659 6.659 0.000 0.000 0.000 0.000 0.000 0.000 0.000 0.000 0.000 0.000 0.000 0.000 0.000 0.000 0.000 0.000 0.000 0.000 0.000 0.000 0.000 0.000 0.000 0.000 0.000 0.000 0.000
11.671 11.671 11.670 11.670 11.670 11.669 11.669 11.669 11.669 11.668 11.668 11.668 10.668 10.667 10.667 10.667 10.667 10.666 10.666 10.666 10.665 9.665 9.665 9.664 9.664 9.664 8.664 8.663 8.663 8.663 8.662 7.662 7.662 7.661 7.661 7.661 6.660 6.660 6.660 6.660 6.660 6.660 6.659 6.659 6.659 6.659 6.659 6.659 0.000 0.000 0.000 0.000 0.000 0.000 0.000 0.000 0.000 0.000 0.000 0.000 0.000 0.000 0.000 0.000 0.000 0.000 0.000 0.000 0.000 0.000 0.000 0.000 0.000 0.000 0.000 0.000
11.671 11.670 11.670 11.670 11.670 11.669 11.669 11.669 11.669 11.668 11.668 10.668 10.667 10.667 10.667 10.667 10.666 10.666 10.666 10.665 10.665 9.665 9.664 9.664 9.664 9.664 8.663 8.663 8.663 8.663 8.662 7.662 7.661 7.661 7.661 6.660 6.660 6.660 6.660 6.659 6.659 6.659 6.659 6.659 6.659 6.659 6.659 6.659 0.658 0.000 0.000 0.000 0.000 0.000 0.000 0.000 0.000 0.000 0.000 0.000 0.000 0.000 0.000 0.000 0.000 0.000 0.000 0.000 0.000 0.000 0.000 0.000 0.000 0.000 0.000 0.000
11.671 11.670 11.670 11.670 11.669 11.669 11.669 11.669 11.668 11.668 11.668 11.668 10.667 10.667 10.667 10.666 10.666 10.666 10.666 10.665 10.665 9.665 9.664 9.664 9.664 9.664 8.663 8.663 8.663 8.662 8.662 7.662 7.661 7.661 7.661 6.660 6.660 6.660 6.659 6.659 6.659 6.659 6.659 6.659 6.659 6.659 6.659 6.658 2.658 0.000 0.000 0.000 0.000 0.000 0.000 0.000 0.000 0.000 0.000 0.000 0.000 0.000 0.000 0.000 0.000 0.000 0.000 0.000 0.000 0.000 0.000 0.000 0.000 0.000 0.000 0.000
11.671 11.670 11.670 11.670 11.669 11.669 11.669 11.669 11.668 11.668 11.668 11.668 11.667 10.667 10.667 10.666 10.666 10.666 10.665 10.665 10.665 10.664 9.664 9.664 9.664 9.663 8.663 8.663 8.662 8.662 8.662 7.661 7.661 7.661 7.660 6.660 6.660 6.659 6.659 6.659 6.659 6.659 6.659 6.658 6.658 6.658 6.658 6.658 0.658 0.000 0.000 0.000 0.000 0.000 0.000 0.000 0.000 0.000 0.000 0.000 0.000 0.000 0.000 0.000 0.000 0.000 0.000 0.000 0.000 0.000 0.000 0.000 0.000 0.000 0.000 0.000
11.670 11.670 11.670 11.670 11.669 11.669 11.669 11.668 11.668 11.668 11.668 11.667 11.667 11.667 10.667 10.666 10.666 10.666 10.665 10.665 10.665 10.664 9.664 9.664 9.663 9.663 8.663 8.663 8.662 8.662 8.662 7.661 7.661 7.660 7.660 6.660 6.659 6.659 6.659 6.659 6.659 6.658 6.658 6.658 6.658 6.658 6.658 6.658 0.000 0.000 0.000 0.000 0.000 0.000 0.000 0.000 0.000 0.000 0.000 0.000 0.000 0.000 0.000 0.000 0.000 0.000 0.000 0.000 0.000 0.000 0.000 0.000 0.000 0.000 0.000 0.000
11.670 11.670 11.670 11.669 11.669 11.669 11.669 11.668 11.668 11.668 11.668 11.667 11.667 11.667 11.666 10.666 10.666 10.665 10.665 10.665 10.664 10.664 9.664 9.664 9.663 9.663 9.663 8.662 8.662 8.662 8.661 7.661 7.660 7.660 7.660 6.659 6.659 6.659 6.659 6.658 6.658 6.658 6.658 6.658 6.658 6.658 6.658 4.658 0.000 0.000 0.000 0.000 0.000 0.000 0.000 0.000 0.000 0.000 0.000 0.000 0.000 0.000 0.000 0.000 0.000 0.000 0.000 0.000 0.000 0.000 0.000 0.000 0.000 0.000 0.000 0.000
11.670 11.670 11.670 11.669 11.669 11.669 11.668 11.668 11.668 11.668 11.667 11.667 11.667 11.667 11.666 10.666 10.666 10.665 10.665 10.665 10.664 10.664 9.664 9.663 9.663 9.663 9.663 8.662 8.662 8.661 8.661 7.661 7.660 7.660 7.660 6.659 6.659 6.659 6.659 6.658 6.658 6.658 6.658 6.658 6.658 6.658 6.658 4.658 0.000 0.000 0.000 0.000 0.000 0.000 0.000 0.000 0.000 0.000 0.000 0.000 0.000 0.000 0.000 0.000 0.000 0.000 0.000 0.000 0.000 0.000 0.000 0.000 0.000 0.000 0.000 0.000
11.670 11.670 11.669 11.669 11.669 11.669 11.668 11.668 11.668 11.668 11.667 11.667 11.667 11.666 11.666 11.666 10.666 10.665 10.665 10.665 10.664 10.664 9.664 9.663 9.663 9.663 9.662 8.662 8.662 8.661 8.661 7.660 7.660 7.660 7.659 6.659 6.659 6.659 6.658 6.658 6.658 6.658 6.658 6.658 6.658 6.658 6.658 5.658 0.657 0.000 0.000 0.000 0.000 0.000 0.000 0.000 0.000 0.000 0.000 0.000 0.000 0.000 0.000 0.000 0.000 0.000 0.000 0.000 0.000 0.000 0.000 0.000 0.000 0.000 0.000 0.000
12.670 11.670 11.669 11.669 11.669 11.669 11.668 11.668 11.668 11.667 11.667 11.667 11.667 11.666 11.666 11.666 11.665 10.665 10.665 10.664 10.664 10.664 9.664 9.663 9.663 9.663 9.662 8.662 8.661 8.661 8.661 7.660 7.660 7.660 7.659 6.659 6.659 6.659 6.658 6.658 6.658 6.658 6.658 6.658 6.658 6.658 4.657 2.657 0.000 0.000 0.000 0.000 0.000 0.000 0.000 0.000 0.000 0.000 0.000 0.000 0.000 0.000 0.000 0.000 0.000 0.000 0.000 0.000 0.000 0.000 0.000 0.000 0.000 0.000 0.000 0.000
