includes/mahajanga_coast/floodfiles/results_R2_t1.688026134693E12/res.totaltm
ncols         269
nrows         308
xllcorner     384108.384600
yllcorner     1149646.260900
cellsize      30.000000
NODATA_value  -9999.000000
[rows 99 to 131 of 308, columns 75 to 149 of 269]
14.500 14.500 14.500 14.500 14.500 14.500 14.500 14.500 14.500 14.500 14.500 14.500 14.500 14.500 14.500 14.500 14.500 14.500 14.500 14.500 14.500 14.500 14.500 14.500 14.500 14.371 14.354 14.335 14.317 14.299 14.280 14.261 14.240 0.000 0.000 0.000 0.000 0.000 0.000 0.000 0.000 0.000 2.322 2.320 2.320 2.314 2.314 2.321 3.077 2.323 2.290 0.000 0.000 0.000 0.000 0.000 0.000 0.000 0.000 0.000 0.000 0.956 0.000 0.000 2.246 2.207 2.125 1.529 0.000 2.028 2.327 2.311 0.000 0.000 0.000
14.500 14.500 14.500 14.500 14.500 14.500 14.500 14.500 14.500 14.500 14.500 14.500 14.500 14.500 14.500 14.500 14.500 14.500 14.500 14.500 14.500 14.500 14.500 14.500 14.372 14.358 14.342 14.325 14.308 14.290 14.271 14.251 0.000 0.000 0.000 0.000 0.000 0.000 0.000 0.000 0.000 2.327 3.044 3.044 3.063 3.091 3.110 3.111 3.107 3.106 2.326 2.322 0.000 0.000 0.000 0.000 0.000 0.000 0.000 0.000 0.000 0.000 3.163 3.163 2.305 0.000 0.000 0.000 0.000 2.119 2.370 2.350 1.750 0.000 0.000
14.500 14.500 14.500 14.500 14.500 14.500 14.500 14.500 14.500 14.500 14.500 14.500 14.500 14.500 14.500 14.500 14.500 14.500 14.500 14.500 14.500 14.500 14.500 14.500 14.370 14.354 14.335 14.317 14.298 14.280 14.261 10.179 5.419 0.000 0.000 0.000 0.000 0.000 0.000 0.000 2.327 3.281 3.271 3.258 3.243 3.115 3.132 3.132 3.131 3.131 3.132 3.114 0.000 0.000 0.000 0.000 0.000 0.000 0.000 0.000 0.000 2.307 3.455 3.427 3.378 0.000 0.000 2.235 2.244 2.189 2.411 2.396 1.754 0.000 0.000
14.500 14.500 14.500 14.500 14.500 14.500 14.500 14.500 14.500 14.500 14.500 14.500 14.500 14.500 14.500 14.500 14.500 14.500 14.500 14.500 14.500 14.500 14.500 14.371 14.358 14.341 14.324 14.307 14.289 14.270 14.252 10.176 8.165 0.000 0.000 0.000 0.000 0.000 0.000 0.000 3.045 3.289 3.282 3.269 3.252 3.134 3.333 3.335 3.410 3.500 3.410 3.132 2.327 0.000 0.000 0.000 0.000 0.000 0.000 0.000 0.000 3.425 3.483 3.460 3.434 3.302 2.298 3.549 3.506 2.243 2.449 2.444 2.442 1.752 1.750
14.500 14.500 14.500 14.500 14.500 14.500 14.500 14.500 14.500 14.500 14.500 14.500 14.500 14.500 14.500 14.500 14.500 14.500 14.500 14.500 14.500 14.500 14.500 14.369 14.353 14.333 14.315 14.297 14.279 14.261 14.242 0.000 0.000 0.000 0.000 0.000 0.000 0.000 0.000 0.000 3.355 3.360 3.289 3.130 3.235 3.340 3.544 3.561 3.578 3.572 3.135 3.121 3.104 0.000 0.000 0.000 0.000 0.000 2.262 2.306 3.370 3.497 3.504 3.509 3.460 3.383 2.298 3.601 2.246 3.506 3.571 3.538 3.260 2.445 2.405
14.500 14.500 14.500 14.500 14.500 14.500 14.500 14.500 14.500 14.500 14.500 14.500 14.500 14.500 14.500 14.500 14.500 14.500 14.500 14.500 14.500 14.500 14.371 14.357 14.340 14.323 14.306 14.288 14.270 14.252 14.235 0.000 0.000 0.000 0.000 0.000 0.000 0.000 0.000 0.000 3.373 3.373 3.045 2.328 3.323 3.357 3.565 3.583 3.601 3.609 3.587 3.133 3.115 0.000 0.000 0.000 0.000 0.000 0.000 0.000 2.312 3.504 3.707 3.617 3.590 2.305 3.616 3.649 2.235 3.595 3.593 3.558 3.539 3.343 2.437
14.500 14.500 14.500 14.500 14.500 14.500 14.500 14.500 14.500 14.500 14.500 14.500 14.500 14.500 14.500 14.500 14.500 14.500 14.500 14.500 14.500 14.500 14.368 14.351 14.332 14.315 14.297 14.280 14.262 14.245 14.228 0.000 0.000 0.000 0.000 0.000 0.000 0.000 0.000 0.000 3.392 3.392 3.044 2.326 3.363 3.422 3.583 3.602 3.622 3.635 3.622 3.132 3.113 0.000 0.000 0.000 0.000 0.000 0.000 0.000 2.309 3.504 3.737 3.676 3.646 2.298 3.654 3.690 2.236 3.645 3.629 3.594 3.572 3.446 2.434
14.500 14.500 14.500 14.500 14.500 14.500 14.500 14.500 14.500 14.500 14.500 14.500 14.500 14.500 14.500 14.500 14.500 14.500 14.500 14.500 14.500 14.500 14.367 14.350 14.329 14.310 14.292 14.274 14.256 14.238 0.000 0.000 0.000 0.000 0.000 0.000 0.000 0.000 0.000 0.000 3.404 3.404 2.328 2.326 3.389 3.523 3.580 3.610 3.635 3.660 3.644 2.326 0.000 0.000 0.000 0.000 0.000 0.000 0.000 0.000 0.000 2.314 3.757 3.719 2.306 2.255 3.690 3.732 2.236 3.682 3.650 3.610 3.583 3.526 1.750
14.500 14.500 14.500 14.500 14.500 14.500 14.500 14.500 14.500 14.500 14.500 14.500 14.500 14.500 14.500 14.500 14.500 14.500 14.500 14.500 14.500 14.500 14.367 14.349 14.328 14.308 14.289 14.271 14.252 14.235 0.000 0.000 0.000 0.000 0.000 0.000 0.000 0.000 0.000 2.326 3.420 3.420 3.420 3.420 3.408 3.422 3.135 2.327 3.144 3.692 3.671 0.000 0.000 0.000 0.000 0.000 2.312 0.000 0.000 0.000 2.315 3.793 3.792 2.312 0.000 0.000 2.295 3.769 3.745 3.715 3.682 3.645 3.598 3.564 2.374
14.500 14.500 14.500 14.500 14.500 14.500 14.500 14.500 14.500 14.500 14.500 14.500 14.500 14.500 14.500 14.500 14.500 14.500 14.500 14.500 14.500 14.500 14.366 14.348 14.327 14.307 14.288 14.268 14.250 14.233 0.000 0.000 0.000 0.000 0.000 0.000 0.000 0.000 0.000 3.422 4.286 3.698 4.228 3.696 3.422 3.407 2.326 0.000 2.322 3.712 3.695 0.000 0.000 0.000 0.000 0.000 3.644 3.758 2.320 3.797 4.353 4.320 4.267 4.172 3.795 2.312 4.135 3.796 3.773 2.274 2.219 3.598 3.543 3.508 3.469
14.500 14.500 14.500 14.500 14.500 14.500 14.500 14.500 14.500 14.500 14.500 14.500 14.500 14.500 14.500 14.500 14.500 14.500 14.500 14.500 14.500 14.500 14.365 14.347 14.326 14.307 14.287 14.268 14.250 10.180 0.000 0.000 0.000 0.000 0.000 0.000 0.000 0.000 0.000 4.324 4.312 4.286 4.259 4.228 3.707 2.329 2.322 2.322 2.327 3.742 3.719 2.321 0.000 0.000 0.000 0.000 2.318 3.773 3.795 4.396 4.377 4.366 4.394 4.412 4.367 4.321 4.155 4.154 3.795 2.292 2.238 3.537 1.771 2.325 3.082
14.500 14.500 14.500 14.500 14.500 14.500 14.500 14.500 14.500 14.500 14.500 14.500 14.500 14.500 14.500 14.500 14.500 14.500 14.500 14.500 14.500 14.500 14.365 14.347 14.326 14.306 14.287 14.267 0.000 8.167 5.415 0.000 0.000 0.000 0.000 0.000 0.000 0.000 2.327 4.354 4.324 4.291 4.208 4.201 3.723 3.750 3.776 3.795 3.795 3.771 3.744 2.318 0.000 0.000 0.000 0.000 2.320 3.797 3.798 4.419 4.399 4.385 4.416 4.427 4.402 4.157 4.155 4.368 4.154 2.308 2.263 3.461 1.781 0.000 1.728
14.500 14.500 14.500 14.500 14.500 14.500 14.500 14.500 14.500 14.500 14.500 14.500 14.500 14.500 14.500 14.500 14.500 14.500 14.500 14.500 14.500 14.500 14.365 14.346 14.325 14.306 14.286 14.267 0.000 5.415 5.399 0.000 0.000 0.000 0.000 2.326 2.326 2.329 4.397 4.383 3.423 2.329 3.420 3.420 2.326 2.330 3.798 4.275 4.260 3.795 3.767 2.327 2.317 2.317 0.000 2.320 3.800 4.436 4.436 4.436 4.419 4.394 4.430 4.449 4.158 4.156 4.404 4.387 4.154 3.792 2.311 3.380 1.786 0.000 0.000
14.500 14.500 14.500 14.500 14.500 14.500 14.500 14.500 14.500 14.500 14.500 14.500 14.500 14.500 14.500 14.500 14.500 14.500 14.500 14.500 14.500 14.500 14.364 14.346 14.325 14.305 14.286 14.268 0.000 0.000 0.000 0.000 0.000 0.000 0.000 4.755 4.555 4.485 4.433 4.398 2.327 2.322 2.327 2.327 2.327 3.798 4.276 4.473 4.275 3.795 3.775 3.774 3.774 3.770 2.324 3.796 4.654 4.649 4.633 4.609 3.798 3.796 4.449 4.468 4.455 4.438 4.422 4.404 4.155 3.795 3.772 2.306 0.000 0.000 0.000
14.500 14.500 14.500 14.500 14.500 14.500 14.500 14.500 14.500 14.500 14.500 14.500 14.500 14.500 14.500 14.500 14.500 14.500 14.500 14.500 14.500 14.500 14.364 14.345 14.324 14.305 14.285 5.421 0.000 0.000 0.000 0.000 0.000 0.000 2.328 4.904 4.910 4.669 4.522 4.429 2.331 3.738 3.767 3.794 3.798 4.275 4.473 4.666 4.276 3.799 3.800 3.802 3.802 3.800 3.800 3.800 4.684 4.665 4.647 4.622 3.796 2.322 4.478 4.489 4.472 4.440 4.414 4.389 4.362 4.156 3.796 2.304 0.000 0.000 0.000
14.500 14.500 14.500 14.500 14.500 14.500 14.500 14.500 14.500 14.500 14.500 14.500 14.500 14.500 14.500 14.500 14.500 14.500 14.500 14.500 14.500 14.500 14.364 14.345 14.324 14.304 10.180 10.158 5.414 0.000 0.000 0.000 0.000 0.000 0.000 4.985 4.962 4.816 4.670 4.500 4.452 4.382 3.794 4.233 4.256 4.274 4.472 4.689 4.702 4.714 4.733 4.986 4.987 4.986 4.987 4.733 4.710 4.689 4.669 3.801 3.796 3.798 4.501 4.509 4.486 4.468 4.448 4.441 4.420 4.324 4.154 3.795 2.299 3.687 2.282
14.500 14.500 14.500 14.500 14.500 14.500 14.500 14.500 14.500 14.500 14.500 14.500 14.500 14.500 14.500 14.500 14.500 14.500 14.500 14.500 14.500 14.500 14.364 14.344 14.324 14.304 8.170 8.168 0.000 0.000 0.000 0.000 0.000 0.000 0.000 5.047 4.988 4.910 3.872 4.395 4.383 4.340 2.330 3.797 4.255 4.274 4.473 4.690 4.717 4.731 4.986 5.545 5.526 5.518 5.272 4.988 4.731 4.710 4.688 4.664 4.633 4.595 4.551 4.519 4.505 4.488 4.469 4.455 4.430 4.156 3.797 3.775 3.749 3.721 3.704
14.500 14.500 14.500 14.500 14.500 14.500 14.500 14.500 14.500 14.500 14.500 14.500 14.500 14.500 14.500 14.500 14.500 14.500 14.500 14.500 14.500 14.500 14.364 14.343 14.323 14.302 0.000 0.000 0.000 0.000 0.000 5.063 0.000 0.000 5.121 5.080 5.001 4.856 4.591 3.972 3.995 4.301 3.764 3.795 4.256 4.274 4.472 4.665 4.275 3.799 3.802 5.570 5.558 5.554 5.529 5.453 4.734 4.731 4.708 4.682 4.651 4.602 4.540 4.632 4.518 4.503 4.483 4.470 4.157 3.797 3.777 3.755 3.730 3.700 3.682
14.500 14.500 14.500 14.500 14.500 14.500 14.500 14.500 14.500 14.500 14.500 14.500 14.500 14.500 14.500 14.500 14.500 14.500 14.500 14.500 14.500 14.366 14.349 14.331 14.314 14.297 0.000 0.000 0.000 0.000 5.189 5.142 5.190 5.189 5.189 5.147 0.000 0.000 0.000 0.000 3.700 3.719 3.755 3.793 4.252 4.274 4.457 4.276 2.323 0.000 2.351 5.589 5.575 5.572 5.536 5.515 5.451 5.395 4.731 4.717 4.698 4.682 4.665 4.647 4.518 4.504 4.493 4.474 4.156 3.795 3.768 3.753 3.731 3.711 3.691
14.500 14.500 14.500 14.500 14.500 14.500 14.500 14.500 14.500 14.500 14.500 14.500 14.500 14.500 14.500 14.500 14.500 14.500 14.500 14.500 14.500 14.365 14.344 14.325 14.308 0.000 0.000 0.000 0.000 5.196 6.924 5.199 6.924 6.924 6.924 5.196 0.000 0.000 0.000 2.328 3.676 3.696 3.725 3.760 3.793 3.796 4.274 3.798 0.000 0.000 2.421 5.622 5.588 5.593 5.569 5.536 5.518 4.733 4.710 4.713 4.713 4.703 4.682 4.520 3.800 3.797 4.157 4.156 3.797 2.311 3.740 3.707 3.711 3.702 3.666
14.500 14.500 14.500 14.500 14.500 14.500 14.500 14.500 14.500 14.500 14.500 14.500 14.500 14.500 14.500 14.500 14.500 14.500 14.500 14.500 14.500 14.365 14.344 14.323 14.305 12.429 8.170 5.412 5.345 8.070 7.629 7.610 7.585 7.558 7.531 6.926 5.195 0.000 0.000 3.633 3.654 3.669 2.760 2.878 2.982 2.891 2.765 2.603 0.000 0.000 2.485 5.652 2.392 5.611 5.601 5.595 5.558 3.808 3.807 4.736 4.736 4.716 3.803 2.321 2.311 0.000 0.000 2.308 2.308 2.284 3.706 3.665 3.691 3.687 3.632
14.500 14.500 14.500 14.500 14.500 14.500 14.500 14.500 14.500 14.500 14.500 14.500 14.500 14.500 14.500 14.500 14.500 14.500 14.500 14.500 14.500 14.365 14.344 14.322 14.304 13.055 10.181 8.166 8.129 8.101 8.074 7.630 7.609 7.578 7.537 7.496 7.457 5.195 0.000 2.327 3.633 2.327 0.000 2.983 5.723 2.992 0.000 0.000 2.565 5.714 5.697 5.679 5.658 5.636 5.623 5.610 5.586 4.738 4.738 5.201 5.201 4.736 0.000 0.000 2.282 0.000 2.284 2.869 3.136 3.138 3.685 3.635 3.665 3.621 2.875
14.500 14.500 14.500 14.500 14.500 14.500 14.500 14.500 14.500 14.500 14.500 14.500 14.500 14.500 14.500 14.500 14.500 14.500 14.500 14.500 14.500 14.365 14.344 14.321 14.302 13.695 12.427 8.164 8.116 8.084 6.929 6.926 7.578 7.543 7.509 7.478 7.446 6.924 0.000 0.000 0.000 0.000 0.000 3.036 6.336 5.725 0.000 0.000 5.716 6.096 5.716 5.700 5.680 5.656 5.642 5.627 5.602 5.587 5.573 5.557 5.313 3.808 0.000 0.000 3.085 3.103 3.120 3.136 3.457 3.468 3.661 3.632 3.647 3.590 2.284
14.500 14.500 14.500 14.500 14.500 14.500 14.500 14.500 14.500 14.500 14.500 14.500 14.500 14.500 14.500 14.500 14.500 14.500 14.500 14.500 14.367 14.350 14.331 14.313 14.297 11.672 5.418 8.117 8.096 8.053 6.931 0.000 5.187 5.189 5.195 6.924 6.924 5.193 0.000 0.000 0.000 0.000 0.000 6.337 6.371 6.341 6.308 5.722 6.177 6.141 6.103 5.715 5.696 5.666 5.649 5.631 5.605 5.592 5.580 5.557 5.202 2.331 0.000 2.860 3.061 3.096 3.102 2.285 2.870 3.460 3.469 3.602 3.606 3.576 2.279
14.500 14.500 14.500 14.500 14.500 14.500 14.500 14.500 14.500 14.500 14.500 14.500 14.500 14.500 14.500 14.500 14.500 14.500 14.500 14.500 14.367 14.345 14.323 14.306 10.181 5.419 0.000 0.000 8.052 8.040 7.223 5.194 0.000 0.000 5.173 5.187 6.900 5.162 0.000 0.000 0.000 0.000 0.000 6.411 6.405 6.370 6.330 6.279 6.226 6.181 6.139 5.715 5.696 5.667 5.631 5.606 3.837 2.334 4.735 3.807 2.330 0.000 0.000 0.000 2.861 3.028 2.868 2.286 3.135 3.138 3.469 3.577 3.583 2.872 2.284
14.500 14.500 14.500 14.500 14.500 14.500 14.500 14.500 14.500 14.500 14.500 14.500 14.500 14.500 14.500 14.500 14.500 14.500 14.500 14.369 14.351 14.331 14.313 14.298 10.181 5.414 5.363 5.278 8.017 8.021 7.621 6.931 5.190 5.182 6.929 5.176 6.872 6.846 5.134 5.053 4.956 4.855 4.753 6.449 6.435 6.350 6.247 5.952 5.795 5.715 5.714 5.698 5.675 5.645 2.465 5.472 0.000 0.000 0.000 0.000 0.000 0.000 0.000 0.000 2.871 2.872 3.135 3.338 3.451 3.464 3.469 3.561 3.470 2.870 2.853
14.500 14.500 14.500 14.500 14.500 14.500 14.500 14.500 14.500 14.500 14.500 14.500 14.500 14.500 14.500 14.500 14.500 14.500 14.371 14.354 14.335 14.318 14.302 14.288 11.672 8.166 8.133 8.110 8.069 8.046 8.021 7.547 7.223 7.209 7.194 6.929 5.166 6.848 6.821 6.788 6.770 6.524 6.504 6.478 6.449 6.411 3.180 3.106 5.705 5.693 5.702 5.686 5.666 5.610 5.570 5.518 0.000 0.000 0.000 0.000 0.000 0.000 0.000 2.283 3.109 3.123 3.136 3.271 3.455 3.460 3.465 3.469 3.462 2.874 2.857
14.500 14.500 14.500 14.500 14.500 14.500 14.500 14.500 14.500 14.500 14.500 14.500 14.500 14.500 14.500 14.500 14.500 14.500 14.370 14.347 14.325 14.308 14.293 13.053 12.428 5.414 0.000 8.066 8.050 8.008 7.997 7.769 7.547 7.221 6.931 6.912 6.892 6.872 6.849 6.819 6.797 6.524 6.505 6.478 6.442 6.402 3.204 3.185 3.144 5.664 5.677 5.664 5.502 5.565 5.516 2.483 0.000 0.000 0.000 0.000 0.000 0.000 0.000 2.285 3.115 3.123 3.135 3.264 3.270 3.414 3.460 3.464 3.452 3.135 2.873
14.500 14.500 14.500 14.500 14.500 14.500 14.500 14.500 14.500 14.500 14.500 14.500 14.500 14.500 14.500 14.500 14.500 14.373 14.354 14.333 14.314 14.298 14.284 11.672 8.170 0.000 0.000 5.190 8.009 7.958 7.915 7.822 7.409 6.931 6.914 6.896 6.878 6.856 6.830 6.793 6.749 4.894 4.817 4.680 4.381 6.354 6.253 5.923 5.678 5.625 5.650 5.640 5.499 5.495 5.471 2.498 0.000 0.000 0.000 0.000 0.000 0.000 0.000 0.000 2.875 2.873 3.123 2.870 0.000 2.284 3.270 3.337 3.136 2.874 0.000
14.500 14.500 14.500 14.500 14.500 14.500 14.500 14.500 14.500 14.500 14.500 14.500 14.500 14.500 14.500 14.500 14.374 14.356 14.337 14.319 14.303 14.288 0.000 0.000 0.000 0.000 0.000 0.000 7.222 7.874 7.780 7.222 6.931 5.185 5.168 6.885 6.875 6.843 6.792 5.131 5.059 4.979 4.878 4.838 4.753 6.324 6.292 5.804 5.641 5.593 5.499 5.499 5.484 5.468 5.459 2.492 0.000 0.000 0.000 0.000 0.000 0.000 0.000 0.000 0.000 0.000 0.000 0.000 0.000 0.000 2.284 3.269 2.873 2.285 0.000
14.500 14.500 14.500 14.500 14.500 14.500 14.500 14.500 14.500 14.500 14.500 14.500 14.500 14.500 14.500 14.376 14.358 14.339 14.322 14.306 14.292 14.277 0.000 0.000 0.000 0.000 0.000 0.000 0.000 7.220 7.220 6.931 6.915 6.895 6.865 6.866 6.857 6.815 6.743 5.144 5.083 5.024 4.989 5.163 6.214 6.292 6.233 6.196 6.118 5.529 3.185 3.108 3.014 5.445 2.509 0.000 0.000 0.000 0.000 0.000 0.000 0.000 0.000 0.000 0.000 0.000 0.000 0.000 0.000 0.000 0.000 2.872 2.855 0.000 0.000
14.500 14.500 14.500 14.500 14.500 14.500 14.500 14.500 14.500 14.500 14.500 14.500 14.500 14.500 14.500 14.375 14.351 14.328 14.310 14.295 14.281 0.000 0.000 0.000 0.000 0.000 0.000 0.000 0.000 0.000 6.927 6.920 6.903 6.885 6.863 6.842 6.811 6.782 6.678 6.507 5.136 5.057 5.401 6.069 6.175 6.214 6.134 6.122 6.045 5.471 3.198 3.176 3.084 0.000 0.000 0.000 0.000 0.000 0.000 0.000 0.000 0.000 0.000 0.000 0.000 0.000 0.000 0.000 0.000 0.000 0.000 2.279 0.000 0.000 0.000
14.500 14.500 14.500 14.500 14.500 14.500 14.500 14.500 14.500 14.500 14.500 14.500 14.500 14.500 14.377 14.358 14.337 14.317 14.300 14.285 14.270 0.000 0.000 0.000 0.000 0.000 4.979 5.044 0.000 6.080 6.911 6.906 6.890 6.863 6.838 6.115 6.126 6.751 6.741 6.328 5.141 5.056 5.401 6.050 6.069 5.970 5.165 5.163 5.536 5.519 5.164 4.749 0.000 0.000 0.000 0.000 0.000 0.000 0.000 0.000 0.000 0.000 0.000 0.000 0.000 0.000 0.000 0.000 0.000 1.864 2.225 2.242 0.000 0.000 0.000
