includes/mahajanga_coast/floodfiles/results_R2_t1.688026134693E12/res.max
ncols         269
nrows         308
xllcorner     384108.384600
yllcorner     1149646.260900
cellsize      30.000000
NODATA_value  -9999.000000
[rows 0 to 32 of 308, columns 76 to 151 of 269]
19.633 19.633 19.633 19.633 19.633 19.633 18.633 18.633 18.633 18.633 18.633 18.633 18.633 17.633 17.633 17.633 17.633 17.633 17.633 17.633 16.633 16.633 16.633 16.633 16.633 16.633 16.633 15.634 15.634 15.634 15.634 15.634 15.634 14.634 14.634 14.634 14.634 14.634 13.634 13.634 13.634 13.635 12.635 12.635 12.635 12.635 12.635 11.635 11.635 11.635 11.635 11.635 11.635 11.635 11.635 11.635 11.635 11.636 11.636 11.636 11.636 11.636 10.636 10.636 10.636 10.636 10.636 10.636 9.636 9.636 9.636 9.636 9.636 8.636 8.636 8.636
19.633 19.633 19.633 19.633 19.633 18.633 18.633 18.633 18.633 18.633 18.633 18.633 18.633 17.633 17.633 17.633 17.633 17.633 17.633 17.633 16.633 16.633 16.633 16.633 16.633 16.633 15.633 15.634 15.634 15.634 15.634 15.634 14.634 14.634 14.634 14.634 14.634 13.634 13.634 13.634 13.634 12.634 12.635 12.635 12.635 12.635 11.635 11.635 11.635 11.635 11.635 11.635 11.635 11.635 11.635 11.635 11.635 10.635 10.636 10.636 10.636 10.636 10.636 10.636 10.636 10.636 10.636 9.636 9.636 9.636 9.636 9.636 8.636 8.636 8.636 8.636
19.633 19.633 19.633 19.633 19.633 18.633 18.633 18.633 18.633 18.633 18.633 18.633 17.633 17.633 17.633 17.633 17.633 17.633 17.633 16.633 16.633 16.633 16.633 16.633 16.633 15.633 15.634 15.634 15.634 15.634 15.634 14.634 14.634 14.634 14.634 14.634 13.634 13.634 13.634 13.634 12.634 12.634 12.635 12.635 12.635 11.635 11.635 11.635 11.635 11.635 11.635 11.635 10.635 10.635 10.635 10.635 10.635 10.635 10.636 10.636 10.636 10.636 10.636 10.636 10.636 10.636 9.636 9.636 9.636 9.636 9.636 8.636 8.636 8.636 8.636 8.636
19.633 19.633 19.633 19.633 18.633 18.633 18.633 18.633 18.633 18.633 18.633 18.633 17.633 17.633 17.633 17.633 17.633 17.633 17.633 16.633 16.633 16.633 16.633 16.633 15.633 15.633 15.634 15.634 15.634 15.634 14.634 14.634 14.634 14.634 14.634 13.634 13.634 13.634 13.634 12.634 12.634 12.634 12.635 12.635 11.635 11.635 11.635 11.635 10.635 10.635 10.635 10.635 10.635 10.635 10.635 10.635 10.635 10.635 10.636 10.636 10.636 10.636 10.636 10.636 10.636 9.636 9.636 9.636 9.636 9.636 8.636 8.636 8.636 8.636 8.636 0.000
19.633 19.633 19.633 19.633 18.633 18.633 18.633 18.633 18.633 18.633 18.633 17.633 17.633 17.633 17.633 17.633 17.633 17.633 17.633 16.633 16.633 16.633 16.633 16.633 15.633 15.634 15.634 15.634 15.634 14.634 14.634 14.634 14.634 14.634 13.634 13.634 13.634 13.634 12.634 12.634 12.634 12.634 12.635 11.635 11.635 11.635 11.635 10.635 10.635 10.635 10.635 10.635 10.635 10.635 10.635 10.635 10.635 10.635 10.636 10.636 10.636 10.636 10.636 10.636 9.636 9.636 9.636 9.636 9.636 8.636 8.636 8.636 0.000 0.000 0.000 0.000
18.633 18.633 18.633 18.633 18.633 18.633 18.633 18.633 18.633 18.633 18.633 17.633 17.633 17.633 17.633 17.633 17.633 17.633 16.633 16.633 16.633 16.633 16.633 15.633 15.634 15.634 15.634 15.634 14.634 14.634 14.634 14.634 14.634 13.634 13.634 13.634 13.634 12.634 12.634 12.634 12.634 12.634 11.635 11.635 11.635 11.635 10.635 10.635 10.635 10.635 10.635 10.635 10.635 10.635 10.635 10.635 10.635 10.635 10.636 10.636 9.636 9.636 9.636 9.636 9.636 9.636 9.636 9.636 8.636 8.636 8.636 0.636 0.000 0.000 0.000 0.000
18.633 18.633 18.633 18.633 18.633 18.633 18.633 18.633 18.633 18.633 17.633 17.633 17.633 17.633 17.633 17.633 17.633 17.633 16.633 16.633 16.633 16.633 16.633 15.633 15.634 15.634 15.634 14.634 14.634 14.634 14.634 14.634 13.634 13.634 13.634 13.634 12.634 12.634 12.634 12.634 12.634 11.634 11.635 11.635 11.635 10.635 10.635 10.635 10.635 10.635 10.635 10.635 9.635 9.635 9.635 9.635 9.635 9.635 9.635 9.636 9.636 9.636 9.636 9.636 9.636 9.636 9.636 8.636 8.636 8.636 0.000 0.000 0.000 0.000 0.000 0.000
18.633 18.633 18.633 18.633 18.633 18.633 18.633 18.633 18.633 18.633 17.633 17.633 17.633 17.633 17.633 17.633 17.633 16.633 16.633 16.633 16.633 16.633 15.633 15.634 15.634 15.634 15.634 14.634 14.634 14.634 14.634 13.634 13.634 13.634 13.634 13.634 12.634 12.634 12.634 12.634 11.634 11.634 11.635 11.635 10.635 10.635 10.635 10.635 9.635 9.635 9.635 9.635 9.635 9.635 9.635 9.635 9.635 9.635 9.635 9.636 9.636 9.636 9.636 9.636 9.636 9.636 8.636 8.636 8.636 8.636 0.000 0.000 0.000 0.000 0.000 0.000
18.633 18.633 18.633 18.633 18.633 18.633 18.633 18.633 18.633 17.633 17.633 17.633 17.633 17.633 17.633 17.633 17.633 16.633 16.633 16.633 16.633 16.633 15.634 15.634 15.634 15.634 14.634 14.634 14.634 14.634 13.634 13.634 13.634 13.634 13.634 12.634 12.634 12.634 12.634 11.634 11.634 11.634 11.634 10.635 10.635 10.635 10.635 9.635 9.635 9.635 9.635 9.635 9.635 9.635 9.635 9.635 9.635 9.635 9.635 9.635 9.636 9.636 9.636 9.636 9.636 8.636 8.636 8.636 8.636 0.000 0.000 0.000 0.000 0.000 0.000 0.000
18.633 18.633 18.633 18.633 18.633 18.633 18.633 18.633 18.633 17.633 17.633 17.633 17.633 17.633 17.633 17.633 16.633 16.633 16.633 16.633 16.633 15.634 15.634 15.634 15.634 15.634 14.634 14.634 14.634 14.634 13.634 13.634 13.634 13.634 12.634 12.634 12.634 12.634 11.634 11.634 11.634 11.634 10.634 10.635 10.635 10.635 9.635 9.635 9.635 9.635 9.635 9.635 9.635 9.635 9.635 9.635 9.635 9.635 9.635 9.635 9.636 9.636 9.636 9.636 8.636 8.636 8.636 8.636 0.000 0.000 0.000 0.000 0.000 0.000 0.000 0.000
18.634 18.634 18.634 18.634 18.634 18.633 18.633 18.633 17.633 17.633 17.633 17.633 17.633 17.633 17.633 17.633 16.633 16.633 16.633 16.633 16.634 15.634 15.634 15.634 15.634 14.634 14.634 14.634 14.634 13.634 13.634 13.634 13.634 12.634 12.634 12.634 12.634 11.634 11.634 11.634 11.634 10.634 10.634 10.634 10.635 9.635 9.635 9.635 9.635 9.635 9.635 9.635 8.635 8.635 8.635 8.635 8.635 8.635 8.635 8.635 8.635 8.636 8.636 8.636 8.636 8.636 8.636 8.636 0.000 0.000 0.000 0.000 0.000 0.000 0.000 0.000
18.634 18.634 18.634 18.634 18.634 18.634 18.634 18.633 17.633 17.633 17.633 17.633 17.633 17.633 17.633 16.633 16.633 16.633 16.634 16.634 16.634 15.634 15.634 15.634 15.634 14.634 14.634 14.634 13.634 13.634 13.634 13.634 12.634 12.634 12.634 12.634 11.634 11.634 11.634 11.634 10.634 10.634 10.634 10.634 9.634 9.635 9.635 9.635 8.635 8.635 8.635 8.635 8.635 8.635 8.635 8.635 8.635 8.635 8.635 8.635 8.635 8.635 8.636 8.636 8.636 8.636 1.636 0.000 0.000 0.000 0.000 0.000 0.000 0.000 0.000 0.000
18.634 18.634 18.634 18.634 18.634 18.634 18.634 17.634 17.634 17.634 17.633 17.633 17.633 17.633 17.633 16.633 16.633 16.634 16.634 16.634 15.634 15.634 15.634 15.634 14.634 14.634 14.634 14.634 13.634 13.634 13.634 13.634 12.634 12.634 12.634 11.634 11.634 11.634 11.634 10.634 10.634 10.634 10.634 9.634 9.634 9.635 9.635 8.635 8.635 8.635 8.635 8.635 8.635 8.635 8.635 8.635 8.635 8.635 8.635 8.635 8.635 8.635 8.636 8.636 0.636 0.636 0.636 0.000 0.000 0.000 0.000 0.000 0.000 0.000 0.000 0.000
18.634 18.634 18.634 18.634 18.634 18.634 17.634 17.634 17.634 17.634 17.634 17.634 17.634 17.633 16.634 16.634 16.634 16.634 16.634 16.634 15.634 15.634 15.634 15.634 14.634 14.634 14.634 14.634 13.634 13.634 13.634 12.634 12.634 12.634 12.634 11.634 11.634 11.634 11.634 10.634 10.634 10.634 10.634 9.634 9.634 9.634 9.635 8.635 8.635 8.635 8.635 8.635 8.635 8.635 8.635 8.635 8.635 8.635 8.635 8.635 8.635 8.635 8.635 2.635 0.000 0.000 0.000 0.000 0.000 0.000 0.000 0.000 0.000 0.000 0.000 0.000
18.634 18.634 18.634 18.634 18.634 17.634 17.634 17.634 17.634 17.634 17.634 17.634 17.634 16.634 16.634 16.634 16.634 16.634 16.634 15.634 15.634 15.634 15.634 14.634 14.634 14.634 14.634 13.634 13.634 13.634 13.634 12.634 12.634 12.634 12.634 11.634 11.634 11.634 11.634 10.634 10.634 10.634 10.634 9.634 9.634 9.634 9.634 8.635 8.635 8.635 8.635 8.635 8.635 8.635 8.635 8.635 8.635 8.635 8.635 8.635 8.635 8.635 8.635 1.635 0.000 0.000 0.000 0.000 0.000 0.000 0.000 0.000 0.000 0.000 0.000 0.000
18.634 18.634 18.634 18.634 17.634 17.634 17.634 17.634 17.634 17.634 17.634 17.634 16.634 16.634 16.634 16.634 16.634 16.634 16.634 15.634 15.634 15.634 15.634 14.634 14.634 14.634 14.634 13.634 13.634 13.634 13.634 12.634 12.634 12.634 12.634 11.634 11.634 11.634 11.634 10.634 10.634 10.634 10.634 9.634 9.634 9.634 9.634 8.634 8.635 8.635 8.635 8.635 8.635 8.635 8.635 8.635 8.635 8.635 8.635 8.635 8.635 7.635 3.635 0.000 0.000 0.000 0.000 0.000 0.000 0.000 0.000 0.000 0.000 0.000 0.000 0.000
17.634 17.634 17.634 17.634 17.634 17.634 17.634 17.634 17.634 17.634 17.634 16.634 16.634 16.634 16.634 16.634 16.634 16.634 15.634 15.634 15.634 15.634 14.634 14.634 14.634 14.634 13.634 13.634 13.634 13.634 12.634 12.634 12.634 12.634 11.634 11.634 11.634 11.634 10.634 10.634 10.634 10.634 9.634 9.634 9.634 9.634 8.634 8.634 8.635 8.635 8.635 8.635 8.635 8.635 8.635 8.635 8.635 8.635 7.635 7.635 7.635 4.635 0.000 0.000 0.000 0.000 0.000 0.000 0.000 0.000 0.000 0.000 0.000 0.000 0.000 0.000
17.634 17.634 17.634 17.634 17.634 17.634 17.634 17.634 17.634 17.634 16.634 16.634 16.634 16.634 16.634 16.634 16.634 15.634 15.634 15.634 15.634 15.634 14.634 14.634 14.634 14.634 13.634 13.634 13.634 13.634 12.634 12.634 12.634 12.634 11.634 11.634 11.634 11.634 10.634 10.634 10.634 10.634 9.634 9.634 9.634 9.634 8.634 8.634 8.634 8.635 8.635 8.635 8.635 8.635 8.635 8.635 7.635 7.635 7.635 7.635 7.635 0.000 0.000 0.000 0.000 0.000 0.000 0.000 0.000 0.000 0.000 0.000 0.000 0.000 0.000 0.000
17.634 17.634 17.634 17.634 17.634 17.634 17.634 17.634 17.634 16.634 16.634 16.634 16.634 16.634 16.634 16.634 15.634 15.634 15.634 15.634 15.634 14.634 14.634 14.634 14.634 14.634 13.634 13.634 13.634 13.634 12.634 12.634 12.634 12.634 11.634 11.634 11.634 11.634 10.634 10.634 10.634 10.634 9.634 9.634 9.634 9.634 8.634 8.634 8.634 8.635 8.635 8.635 8.635 8.635 8.635 7.635 7.635 7.635 7.635 7.635 0.000 0.000 0.000 0.000 0.000 0.000 0.000 0.000 0.000 0.000 0.000 0.000 0.000 0.000 0.000 0.000
17.634 17.634 17.634 17.634 17.634 17.634 17.634 17.634 16.634 16.634 16.634 16.634 16.634 16.634 16.634 15.634 15.634 15.634 15.634 15.634 15.634 14.634 14.634 14.634 14.634 13.634 13.634 13.634 13.634 12.634 12.634 12.634 12.634 12.634 11.634 11.634 11.634 11.634 10.634 10.634 10.634 10.634 9.634 9.634 9.634 9.634 8.634 8.634 8.635 8.635 8.635 8.635 8.635 8.635 7.635 7.635 7.635 7.635 7.635 1.635 0.000 0.000 0.000 0.000 0.000 0.000 0.000 0.000 0.000 0.000 0.000 0.000 0.000 0.000 0.000 0.000
17.634 17.634 17.634 17.634 17.634 17.634 17.634 17.634 16.634 16.634 16.634 16.634 16.634 16.634 16.634 15.634 15.634 15.634 15.634 15.634 15.634 14.634 14.634 14.634 14.634 13.634 13.634 13.634 13.634 12.634 12.634 12.634 12.634 11.634 11.634 11.634 11.634 11.634 10.634 10.634 10.634 10.634 9.634 9.634 9.634 9.634 8.634 8.634 8.635 8.635 8.635 8.635 8.635 7.635 7.635 7.635 7.635 7.635 0.000 0.000 0.000 0.000 0.000 0.000 0.000 0.000 0.000 0.000 0.000 0.000 0.000 0.000 0.000 0.000 0.000 0.000
17.634 17.634 17.634 17.634 17.634 17.634 17.634 16.634 16.634 16.634 16.634 16.634 16.634 16.634 15.634 15.634 15.634 15.634 15.634 15.634 14.634 14.634 14.634 14.634 14.634 13.634 13.634 13.634 13.634 12.634 12.634 12.634 12.634 11.634 11.634 11.634 11.634 11.634 10.634 10.634 10.634 10.634 9.634 9.634 9.634 9.634 8.634 8.634 8.635 8.635 8.635 8.635 8.635 7.635 7.635 7.635 7.635 7.635 0.000 0.000 0.000 0.000 0.000 0.000 0.000 0.000 0.000 0.000 0.000 0.000 0.000 0.000 0.000 0.000 0.000 0.000
17.634 17.634 17.634 17.634 17.634 17.634 16.634 16.634 16.634 16.634 16.634 16.634 16.634 15.634 15.634 15.634 15.634 15.634 15.634 15.634 14.634 14.634 14.634 14.634 13.634 13.634 13.634 13.634 13.634 12.634 12.634 12.634 12.634 11.634 11.634 11.634 11.634 10.634 10.634 10.634 10.634 10.634 9.634 9.634 9.634 9.634 8.634 8.634 8.635 8.635 8.635 8.635 8.635 7.635 7.635 7.635 7.635 1.635 1.635 0.000 0.000 0.000 0.000 0.000 0.000 0.000 0.000 0.000 0.000 0.000 0.000 0.000 0.000 0.000 0.000 0.000
17.634 17.634 17.634 17.634 17.634 16.634 16.634 16.634 16.634 16.634 16.634 16.634 15.634 15.634 15.634 15.634 15.634 15.634 15.634 14.634 14.634 14.634 14.634 14.634 13.634 13.634 13.634 13.634 12.634 12.634 12.634 12.634 12.634 11.634 11.634 11.634 11.634 10.634 10.634 10.634 10.634 10.634 9.634 9.634 9.634 9.634 8.635 8.634 8.635 8.635 8.635 8.635 7.635 7.635 7.635 7.635 7.635 0.000 0.000 0.000 0.000 0.000 0.000 0.000 0.000 0.000 0.000 0.000 0.000 0.000 0.000 0.000 0.000 0.000 0.000 0.000
17.634 17.634 17.634 17.634 16.634 16.634 16.634 16.634 16.634 16.634 16.634 15.634 15.634 15.634 15.634 15.634 15.634 15.634 15.634 14.634 14.634 14.634 14.634 13.634 13.634 13.634 13.634 13.634 12.634 12.634 12.634 12.634 11.634 11.634 11.634 11.634 11.634 10.634 10.634 10.634 10.634 10.634 9.634 9.634 9.634 9.635 8.635 8.635 8.635 8.635 8.635 8.635 7.635 7.635 7.635 7.635 0.000 0.000 0.000 0.000 0.000 0.000 0.000 0.000 0.000 0.000 0.000 0.000 0.000 0.000 0.000 0.000 0.000 0.000 0.000 0.000
16.634 16.634 16.634 16.634 16.634 16.634 16.634 16.634 16.634 16.634 15.634 15.634 15.634 15.634 15.634 15.634 15.634 15.634 14.634 14.634 14.634 14.634 14.634 13.634 13.634 13.634 13.634 12.634 12.634 12.634 12.634 12.634 11.634 11.634 11.634 11.634 11.634 10.634 10.634 10.634 10.634 9.634 9.634 9.635 9.635 9.635 8.635 8.635 8.635 8.635 8.635 8.635 7.635 7.635 7.635 7.635 0.635 0.000 0.000 0.000 0.000 0.000 0.000 0.000 0.000 0.000 0.000 0.000 0.000 0.000 0.000 0.000 0.000 0.000 0.000 0.000
16.634 16.634 16.634 16.634 16.634 16.634 16.634 16.634 16.634 15.634 15.634 15.634 15.634 15.634 15.634 15.634 15.634 14.634 14.634 14.634 14.634 14.634 13.634 13.634 13.634 13.634 13.634 12.634 12.634 12.634 12.634 12.634 11.634 11.634 11.634 11.634 11.634 10.634 10.634 10.634 10.634 9.634 9.634 9.635 9.635 9.635 8.635 8.635 8.635 8.635 8.635 7.635 7.635 7.635 7.635 7.635 0.635 0.000 0.000 0.000 0.000 0.000 0.000 0.000 0.000 0.000 0.000 0.000 0.000 0.000 0.000 0.000 0.000 0.000 0.000 0.000
16.634 16.634 16.634 16.634 16.634 16.634 16.634 16.634 15.634 15.634 15.634 15.634 15.634 15.634 15.634 15.634 14.634 14.634 14.634 14.634 14.634 14.634 13.634 13.634 13.634 13.634 12.634 12.634 12.634 12.634 12.634 11.634 11.634 11.634 11.634 11.634 10.634 10.634 10.634 10.634 10.634 9.634 9.635 9.635 9.635 9.635 8.635 8.635 8.635 8.635 8.635 7.635 7.635 7.635 7.635 1.635 1.635 0.636 0.000 0.000 0.000 0.000 0.000 0.000 0.000 0.000 0.000 0.000 0.000 0.000 0.000 0.000 0.000 0.000 0.000 0.000
16.634 16.634 16.634 16.634 16.634 16.634 16.634 15.634 15.634 15.634 15.634 15.634 15.634 15.634 15.634 14.634 14.634 14.634 14.634 14.634 14.634 13.634 13.634 13.634 13.634 13.634 12.634 12.634 12.634 12.634 12.634 11.634 11.634 11.634 11.634 11.634 10.634 10.634 10.634 10.634 10.635 9.635 9.635 9.635 9.635 9.635 8.635 8.635 8.635 8.635 8.635 7.635 7.635 7.635 7.635 0.635 0.000 0.000 0.000 0.000 0.000 0.000 0.000 0.000 0.000 0.000 0.000 0.000 0.000 0.000 0.000 0.000 0.000 0.000 0.000 0.000
16.634 16.634 16.634 16.634 16.634 16.634 15.634 15.634 15.634 15.634 15.634 15.634 15.634 15.634 14.634 14.634 14.634 14.634 14.634 14.634 13.634 13.634 13.634 13.634 13.634 12.634 12.634 12.634 12.634 12.634 11.634 11.634 11.634 11.634 11.634 10.634 10.634 10.634 10.635 10.635 9.635 9.635 9.635 9.635 9.635 8.635 8.635 8.635 8.635 8.635 7.635 7.635 7.635 7.635 2.635 0.000 0.000 0.000 0.000 0.000 0.000 0.000 0.000 0.000 0.000 0.000 0.000 0.000 0.000 0.000 0.000 0.000 0.000 0.000 0.000 0.000
16.634 16.634 16.634 16.634 16.634 15.634 15.634 15.634 15.634 15.634 15.634 15.634 15.634 14.634 14.634 14.634 14.634 14.634 14.634 14.634 13.634 13.634 13.634 13.634 13.634 12.634 12.634 12.634 12.634 12.634 11.634 11.634 11.634 11.634 11.634 10.634 10.634 10.635 10.635 9.635 9.635 9.635 9.635 9.635 8.635 8.635 8.635 8.635 8.635 7.635 7.635 7.635 7.635 7.635 1.635 0.000 0.000 0.000 0.000 0.000 0.000 0.000 0.000 0.000 0.000 0.000 0.000 0.000 0.000 0.000 0.000 0.000 0.000 0.000 0.000 0.000
16.634 16.634 16.634 16.634 15.634 15.634 15.634 15.634 15.634 15.634 15.634 15.634 14.634 14.634 14.634 14.634 14.634 14.634 14.634 13.634 13.634 13.634 13.634 13.634 12.634 12.634 12.634 12.634 12.634 11.634 11.634 11.634 11.634 11.634 10.634 10.634 10.635 10.635 10.635 9.635 9.635 9.635 9.635 8.635 8.635 8.635 8.635 8.635 7.635 7.635 7.635 7.635 7.635 7.635 1.635 0.000 0.000 0.000 0.000 0.000 0.000 0.000 0.000 0.000 0.000 0.000 0.000 0.000 0.000 0.000 0.000 0.000 0.000 0.000 0.000 0.000
15.634 15.634 15.634 15.634 15.634 15.634 15.634 15.634 15.634 15.634 15.634 14.634 14.634 14.634 14.634 14.634 14.634 14.634 13.634 13.634 13.634 13.634 13.634 12.634 12.634 12.634 12.634 12.634 11.634 11.634 11.634 11.634 11.634 10.634 10.635 10.635 10.635 10.635 9.635 9.635 9.635 9.635 9.635 8.635 8.635 8.635 8.635 7.635 7.635 7.635 7.635 7.635 7.635 3.635 1.636 0.000 0.000 0.000 0.000 0.000 0.000 0.000 0.000 0.000 0.000 0.000 0.000 0.000 0.000 0.000 0.000 0.000 0.000 0.000 0.000 0.000
