includes/mahajanga_coast/floodfiles/results_R2_t1.688026134693E12/res.maxtm
ncols         269
nrows         308
xllcorner     384108.384600
yllcorner     1149646.260900
cellsize      30.000000
NODATA_value  -9999.000000
[rows 28 to 55 of 308, columns 63 to 125 of 269]
14.472 14.473 14.472 14.472 14.472 14.471 14.470 14.471 14.473 14.472 14.472 14.471 14.471 14.472 14.469 14.471 14.470 14.470 14.470 14.471 14.462 14.463 14.463 14.463 14.463 14.461 14.461 14.461 14.460 14.460 14.466 14.465 14.465 14.456 14.424 14.425 14.425 14.425 14.426 14.427 14.423 14.424 14.424 14.425 14.423 14.423 14.433 14.433 14.432 14.430 14.429 14.428 14.428 14.428 14.427 14.427 14.427 14.428 14.428 14.428 14.429 14.429 14.431
14.473 14.472 14.472 14.472 14.472 14.471 14.471 14.471 14.473 14.472 14.473 14.472 14.472 14.472 14.472 14.471 14.470 14.470 14.470 14.470 14.464 14.463 14.463 14.463 14.462 14.463 14.460 14.460 14.460 14.466 14.466 14.465 14.465 14.465 14.424 14.424 14.424 14.425 14.426 14.423 14.423 14.425 14.424 14.425 14.424 14.423 14.425 14.423 14.431 14.431 14.429 14.428 14.429 14.428 14.427 14.428 14.433 14.428 14.429 14.430 14.430 14.429 14.430
14.473 14.472 14.472 14.472 14.472 14.472 14.474 14.472 14.472 14.473 14.473 14.473 14.472 14.472 14.472 14.472 14.471 14.470 14.470 14.470 14.464 14.464 14.463 14.463 14.462 14.463 14.461 14.461 14.461 14.461 14.466 14.458 14.457 14.423 14.423 14.425 14.425 14.425 14.425 14.423 14.422 14.425 14.424 14.423 14.424 14.424 14.424 14.424 14.429 14.427 14.428 14.428 14.428 14.427 14.426 14.425 14.426 14.429 14.430 14.431 14.430 14.431 14.431
14.473 14.473 14.473 14.472 14.472 14.473 14.474 14.474 14.473 14.473 14.473 14.472 14.473 14.472 14.472 14.472 14.472 14.471 14.470 14.470 14.465 14.464 14.464 14.463 14.463 14.463 14.463 14.462 14.462 14.462 14.462 14.457 14.422 14.423 14.423 14.424 14.424 14.424 14.424 14.423 14.422 14.425 14.424 14.423 14.424 14.424 14.424 14.429 14.426 14.427 14.426 14.429 14.428 14.426 14.426 14.425 14.425 14.433 14.433 14.431 14.431 14.431 14.430
14.473 14.473 14.474 14.474 14.473 14.473 14.474 14.473 14.474 14.472 14.471 14.472 14.472 14.472 14.471 14.472 14.472 14.472 14.470 14.470 14.465 14.465 14.464 14.464 14.463 14.463 14.461 14.462 14.462 14.462 14.462 14.457 14.412 14.422 14.422 14.422 14.424 14.424 14.424 14.424 14.423 14.425 14.422 14.423 14.422 14.423 14.424 14.429 14.428 14.427 14.426 14.426 14.425 14.424 14.423 14.424 14.431 14.432 14.432 14.433 14.432 14.431 14.431
14.473 14.473 14.474 14.474 14.474 14.474 14.473 14.473 14.473 14.470 14.471 14.471 14.471 14.471 14.471 14.472 14.472 14.472 14.471 14.471 14.466 14.465 14.466 14.466 14.467 14.466 14.464 14.461 14.461 14.460 14.463 14.412 14.413 14.413 14.423 14.423 14.423 14.423 14.423 14.423 14.423 14.424 14.425 14.422 14.422 14.422 14.421 14.428 14.427 14.427 14.426 14.426 14.425 14.424 14.424 14.424 14.431 14.423 14.423 14.433 14.433 14.431 14.432
14.472 14.473 14.473 14.474 14.473 14.474 14.473 14.472 14.472 14.471 14.471 14.470 14.470 14.471 14.471 14.473 14.472 14.472 14.467 14.467 14.466 14.465 14.465 14.466 14.466 14.466 14.463 14.464 14.461 14.460 14.460 14.413 14.413 14.413 14.413 14.412 14.424 14.424 14.424 14.424 14.423 14.420 14.420 14.421 14.421 14.422 14.421 14.427 14.428 14.428 14.427 14.426 14.424 14.423 14.424 14.424 14.422 14.423 14.428 14.428 14.425 14.426 14.426
14.473 14.472 14.473 14.473 14.472 14.472 14.472 14.473 14.473 14.471 14.471 14.472 14.470 14.471 14.472 14.472 14.468 14.468 14.468 14.468 14.466 14.465 14.465 14.466 14.466 14.466 14.465 14.460 14.460 14.460 14.413 14.413 14.412 14.413 14.414 14.419 14.419 14.424 14.424 14.423 14.423 14.420 14.420 14.420 14.421 14.417 14.423 14.428 14.427 14.426 14.426 14.426 14.425 14.423 14.423 14.422 14.422 14.422 14.423 14.428 14.425 14.425 14.426
14.472 14.472 14.473 14.473 14.472 14.472 14.472 14.473 14.473 14.472 14.471 14.472 14.470 14.470 14.470 14.469 14.469 14.468 14.468 14.468 14.465 14.465 14.465 14.466 14.467 14.466 14.465 14.460 14.460 14.460 14.418 14.413 14.413 14.415 14.415 14.420 14.420 14.420 14.421 14.422 14.422 14.419 14.419 14.419 14.419 14.418 14.418 14.419 14.419 14.426 14.426 14.426 14.426 14.423 14.423 14.423 14.422 14.422 14.422 14.428 14.427 14.427 14.426
14.474 14.473 14.470 14.471 14.472 14.471 14.471 14.471 14.471 14.472 14.471 14.471 14.471 14.470 14.473 14.468 14.468 14.468 14.468 14.469 14.465 14.466 14.465 14.467 14.467 14.464 13.959 14.461 14.461 14.417 14.418 14.415 14.415 14.414 14.415 14.420 14.420 14.421 14.422 14.422 14.421 14.419 14.419 14.420 14.418 14.418 14.418 14.419 14.420 14.425 14.425 14.425 14.421 14.424 14.423 14.423 14.424 14.422 14.427 14.428 14.428 14.427 14.428
14.474 14.475 14.470 14.471 14.471 14.471 14.472 14.474 14.470 14.470 14.471 14.471 14.472 14.470 14.469 14.469 14.469 14.469 14.469 14.469 14.466 14.466 14.468 14.467 14.464 13.959 13.959 13.959 14.460 14.417 14.416 14.416 14.416 14.416 14.415 14.415 14.420 14.422 14.422 14.422 14.420 14.420 14.420 14.419 14.418 14.418 14.420 14.420 14.419 14.424 14.425 14.425 14.425 14.422 14.423 14.423 14.424 14.425 14.427 14.427 14.427 14.426 14.423
14.474 14.474 14.471 14.471 14.472 14.472 14.472 14.474 14.470 14.470 14.470 14.472 14.472 14.472 14.472 14.471 14.469 14.470 14.466 14.466 14.467 14.467 14.467 14.467 13.960 13.960 13.959 13.960 14.417 14.417 14.417 14.416 14.417 14.416 14.415 14.418 14.417 14.417 14.421 14.420 14.420 14.420 14.420 14.419 14.419 14.420 14.417 14.416 14.416 14.418 14.418 14.424 14.423 14.423 14.422 14.425 14.425 14.425 14.425 14.427 14.427 14.426 14.422
14.474 14.474 14.472 14.472 14.472 14.473 14.473 14.470 14.470 14.471 14.470 14.472 14.473 14.472 14.472 14.472 14.470 14.467 14.466 14.466 14.466 14.467 14.468 14.468 13.960 13.959 13.960 13.960 14.417 14.417 14.417 14.416 14.417 14.416 14.416 14.418 14.417 14.417 14.420 14.420 14.420 14.421 14.418 14.418 14.419 14.420 14.421 14.421 14.417 14.418 14.418 14.419 14.424 14.421 14.421 14.420 14.420 14.425 14.425 14.425 14.425 14.424 14.425
14.473 14.472 14.473 14.472 14.473 14.473 14.473 14.470 14.470 14.471 14.471 14.472 14.471 14.472 14.471 14.471 14.471 14.467 14.466 14.466 14.467 14.467 14.468 14.468 13.956 13.959 13.960 13.958 14.416 14.417 14.416 14.416 14.417 14.417 14.417 14.417 14.417 14.424 14.424 14.420 14.420 14.421 14.418 14.418 14.420 14.420 14.421 14.422 14.417 14.417 14.419 14.419 14.420 14.420 14.422 14.422 14.420 14.425 14.425 14.425 14.425 14.424 14.424
14.473 14.473 14.473 14.472 14.472 14.472 14.473 14.473 14.470 14.471 14.471 14.472 14.472 14.472 14.471 14.471 14.470 14.468 14.469 14.466 14.467 14.466 13.956 13.957 13.956 13.957 13.958 13.957 14.419 14.418 14.418 14.417 14.417 14.416 14.417 14.415 14.413 14.424 14.423 14.419 14.420 14.417 14.417 14.420 14.420 14.420 14.419 14.422 14.417 14.417 14.420 14.420 14.420 14.419 14.422 14.423 14.423 14.422 14.422 14.424 14.423 14.423 14.424
14.473 14.472 14.472 14.471 14.473 14.472 14.472 14.471 14.471 14.471 14.472 14.472 14.472 14.472 14.472 14.470 14.473 14.474 14.469 14.466 14.467 14.467 13.956 13.958 13.955 13.957 13.957 14.420 14.420 14.418 14.417 14.417 14.417 14.416 14.415 14.415 14.414 14.414 14.423 14.423 14.417 14.417 14.418 14.419 14.420 14.419 14.419 14.419 14.420 14.421 14.419 14.420 14.420 14.419 14.422 14.422 14.422 14.423 14.422 14.423 14.424 14.423 14.424
14.473 14.473 14.472 14.471 14.473 14.473 14.471 14.471 14.471 14.472 14.472 14.473 14.473 14.473 14.473 14.470 14.474 14.474 14.473 14.473 14.467 13.957 13.957 13.957 13.956 13.957 13.956 14.420 14.419 14.418 14.418 14.417 14.417 14.415 14.415 14.415 14.414 14.414 14.414 14.423 14.419 14.417 14.417 14.419 14.419 14.419 14.418 14.419 14.420 14.420 14.419 14.418 14.419 14.419 14.420 14.421 14.421 14.423 14.423 14.422 14.423 14.423 14.424
14.473 14.473 14.473 14.472 14.472 14.472 14.471 14.472 14.472 14.472 14.473 14.473 14.473 14.474 14.470 14.476 14.475 14.474 14.473 14.473 13.956 13.955 13.956 13.957 13.956 13.957 13.957 14.410 14.418 14.418 14.418 14.418 14.418 14.419 14.415 14.415 14.414 14.414 14.421 14.415 14.418 14.418 14.417 14.418 14.420 14.420 14.420 14.419 14.419 14.418 14.419 14.418 14.418 14.419 14.420 14.420 14.421 14.422 14.423 14.422 14.422 14.422 14.423
14.473 14.473 14.473 14.473 14.473 14.472 14.473 14.473 14.473 14.473 14.473 14.474 14.474 14.470 14.475 14.475 14.475 14.474 14.473 14.473 13.955 13.955 13.955 13.956 13.956 13.957 14.410 14.410 14.417 14.417 14.417 14.418 14.418 14.414 14.413 14.414 14.413 14.413 14.421 14.420 14.419 14.418 14.418 14.417 14.416 14.416 14.421 14.419 14.418 14.418 14.418 14.418 14.418 14.420 14.419 14.419 14.422 14.422 14.421 14.422 14.422 14.423 14.424
14.473 14.473 14.473 14.473 14.471 14.471 14.470 14.471 14.472 14.473 14.473 14.474 14.474 14.475 14.476 14.471 14.475 14.472 14.473 14.473 13.955 13.956 13.957 13.957 13.957 13.958 14.410 14.411 14.417 14.417 14.417 14.418 14.419 14.414 14.414 14.414 14.413 14.422 14.415 14.420 14.420 14.418 14.418 14.417 14.417 14.421 14.421 14.418 14.419 14.419 14.419 14.419 14.418 14.417 14.418 14.419 14.419 14.420 14.420 14.421 14.420 14.420 -9999.000
14.473 14.473 14.473 14.470 14.470 14.471 14.471 14.471 14.472 14.470 14.470 14.474 14.473 14.476 14.476 14.471 14.471 14.473 13.963 13.962 13.961 13.956 13.957 13.957 13.957 13.958 14.411 14.411 14.416 14.416 14.419 14.419 14.419 14.415 14.413 14.413 14.414 14.422 14.415 14.420 14.420 14.418 14.418 14.418 14.418 14.420 14.421 14.417 14.419 14.419 14.419 14.419 14.419 14.417 14.417 14.419 14.419 14.419 14.421 14.420 14.420 14.420 -9999.000
14.473 14.473 14.471 14.471 14.470 14.471 14.471 14.470 14.472 14.470 14.470 14.474 14.474 14.473 14.473 14.472 13.963 13.963 13.963 13.962 13.961 13.955 13.955 13.958 13.958 14.412 14.415 14.415 14.416 14.420 14.420 14.419 14.419 14.415 14.413 14.413 14.414 14.415 14.415 14.420 14.420 14.419 14.419 14.418 14.417 14.420 14.416 14.418 14.419 14.420 14.420 14.420 14.420 14.420 14.418 14.418 14.417 14.418 14.420 14.420 14.420 14.426 -9999.000
14.473 14.473 14.471 14.471 14.471 14.470 14.470 14.471 14.471 14.471 14.470 14.471 14.471 14.473 14.473 14.473 13.963 13.963 13.963 13.963 13.963 13.958 13.958 13.958 13.959 14.412 14.413 14.414 14.415 14.420 14.420 14.418 14.419 14.412 14.412 14.414 14.415 14.415 14.416 14.420 14.418 14.419 14.418 14.417 14.420 14.416 14.415 14.418 14.417 14.417 14.420 14.421 14.419 14.420 14.418 14.417 14.417 14.422 14.422 14.421 14.420 14.425 14.424
14.473 14.473 14.471 14.471 14.471 14.471 14.470 14.470 14.472 14.471 14.470 14.472 14.472 14.472 14.473 13.963 13.963 13.963 13.963 13.963 13.963 13.960 13.959 13.959 13.958 14.414 14.414 14.414 14.413 14.414 14.418 14.418 14.417 14.413 14.417 14.416 14.415 14.415 14.416 14.417 14.418 14.419 14.419 14.418 14.421 14.416 14.420 14.418 14.417 14.416 14.420 14.419 14.419 14.420 14.419 14.420 14.421 14.421 14.423 14.423 14.423 14.424 14.423
14.473 14.473 14.470 14.470 14.470 14.471 14.471 14.471 14.472 14.471 14.470 14.472 14.472 14.472 14.472 13.963 13.963 13.963 13.963 13.963 13.963 13.960 13.959 13.958 14.413 14.414 14.414 14.414 14.413 14.418 14.418 14.417 14.417 14.417 14.417 14.415 14.416 14.416 14.417 14.417 14.418 14.418 14.418 14.419 14.418 14.420 14.417 14.417 14.417 14.419 14.419 14.420 14.419 14.420 14.420 14.419 14.422 14.421 14.423 14.423 14.422 -9999.000 14.422
14.473 14.473 14.474 14.471 14.472 14.472 14.472 14.471 14.472 14.472 14.471 14.471 14.471 14.473 13.962 13.963 13.963 13.963 13.964 13.962 13.962 13.962 13.961 13.961 14.413 14.414 14.415 14.414 14.415 14.419 14.418 14.418 14.417 14.417 14.418 14.415 14.416 14.417 14.417 14.417 14.418 14.418 14.419 14.420 14.419 14.418 14.417 14.417 14.417 14.418 14.418 14.419 14.420 14.420 14.421 14.420 14.421 14.422 14.422 14.422 14.421 -9999.000 13.913
14.475 14.474 14.474 14.474 14.474 14.472 14.472 14.471 14.472 14.472 14.471 14.470 13.963 13.963 13.963 13.963 13.963 13.960 13.961 13.961 13.961 13.962 13.961 13.961 14.413 14.414 14.415 14.416 14.416 14.417 14.416 14.416 14.417 14.418 14.418 14.415 14.415 14.416 14.417 14.417 14.419 14.419 14.419 14.420 14.419 14.417 14.416 14.417 14.417 14.417 14.417 14.419 14.419 14.420 14.418 14.422 14.422 14.421 14.422 14.421 14.421 -9999.000 -9999.000
14.476 14.475 14.474 14.474 14.473 14.473 14.473 14.472 14.472 14.471 14.470 14.470 13.961 13.961 13.958 13.959 13.959 13.959 13.960 13.961 13.961 13.962 13.962 13.961 14.415 14.413 14.416 14.416 14.416 14.416 14.416 14.416 14.416 14.419 14.419 14.420 14.417 14.416 14.417 14.417 14.418 14.418 14.418 14.419 14.419 14.416 14.417 14.416 14.417 14.417 14.417 14.420 14.419 14.419 14.418 14.423 14.423 14.421 14.421 14.421 14.422 -9999.000 -9999.000
