includes/mahajanga_coast/floodfiles/results_R2_t1.688026134693E12/res.maxtm
ncols         269
nrows         308
xllcorner     384108.384600
yllcorner     1149646.260900
cellsize      30.000000
NODATA_value  -9999.000000
[rows 252 to 279 of 308, columns 0 to 62 of 269]
14.473 14.473 14.473 14.473 14.467 14.467 14.466 14.465 14.465 14.469 14.468 14.458 14.468 14.468 14.468 14.460 14.460 14.459 14.459 14.460 14.460 14.460 14.460 14.460 14.463 14.463 14.462 14.462 14.463 14.463 14.463 14.464 14.464 14.465 14.466 14.465 14.464 14.464 14.464 14.464 14.465 14.465 14.461 14.461 14.461 14.460 14.462 14.462 14.463 14.462 14.462 14.461 14.460 14.460 14.461 14.462 -9999.000 -9999.000 -9999.000 -9999.000 -9999.000 -9999.000 -9999.000
14.473 14.473 14.473 14.473 14.466 14.465 14.465 14.465 14.465 14.469 14.457 14.467 14.457 14.467 14.468 14.467 14.460 14.460 14.459 14.460 14.460 14.460 14.459 14.459 14.460 14.462 14.462 14.462 14.463 14.463 14.463 14.464 14.464 14.465 14.466 14.465 14.465 14.465 14.465 14.465 14.465 14.465 14.465 14.460 14.460 14.460 14.463 14.462 14.462 14.462 14.462 14.461 14.460 14.460 14.462 14.461 -9999.000 -9999.000 -9999.000 -9999.000 -9999.000 -9999.000 -9999.000
14.473 14.473 14.473 14.465 14.465 14.465 14.465 14.465 14.463 14.463 14.457 14.467 14.457 14.467 14.467 14.467 14.459 14.459 14.461 14.460 14.460 14.460 14.459 14.459 14.460 14.463 14.462 14.462 14.462 14.463 14.463 14.464 14.464 14.465 14.465 14.465 14.465 14.465 14.465 14.464 14.464 14.464 14.464 14.464 14.463 14.461 14.461 14.462 14.461 14.461 14.462 14.462 14.460 14.461 14.461 14.461 -9999.000 -9999.000 -9999.000 -9999.000 -9999.000 -9999.000 -9999.000
14.473 14.473 14.473 14.463 14.465 14.465 14.464 14.464 14.463 14.457 14.457 14.457 14.457 14.466 14.456 14.459 14.459 14.458 14.457 14.458 14.460 14.458 14.459 14.459 14.462 14.463 14.462 14.462 14.461 14.462 14.464 14.464 14.464 14.465 14.465 14.465 14.465 14.465 14.464 14.464 14.463 14.463 14.463 14.463 14.463 14.462 14.460 14.460 14.460 14.461 14.461 14.457 14.462 14.459 14.460 14.460 -9999.000 -9999.000 -9999.000 -9999.000 -9999.000 -9999.000 -9999.000
14.482 14.463 14.463 14.463 14.464 14.465 14.465 14.463 14.463 14.458 14.457 14.457 14.457 14.457 14.459 14.459 14.459 14.457 14.457 14.457 14.457 14.458 14.459 14.460 14.460 14.461 14.461 14.461 14.461 14.461 14.460 14.465 14.458 14.457 14.457 14.465 14.465 14.465 14.464 14.465 14.465 14.464 14.463 14.463 14.462 14.462 14.461 14.460 14.460 14.460 14.458 14.458 14.457 14.458 14.459 14.460 -9999.000 -9999.000 -9999.000 -9999.000 -9999.000 -9999.000 -9999.000
14.499 14.463 14.463 14.463 14.464 14.465 14.464 14.464 14.463 14.458 14.458 14.457 14.457 14.457 14.459 14.458 14.458 14.462 14.457 14.457 14.457 14.462 14.457 14.459 14.460 14.460 14.461 14.460 14.461 14.460 14.460 14.460 14.458 14.457 14.457 14.457 14.456 14.456 14.456 14.456 14.465 14.462 14.462 14.462 14.462 14.462 14.461 14.460 14.460 14.459 14.459 14.458 14.458 14.458 14.459 14.460 -9999.000 -9999.000 -9999.000 -9999.000 -9999.000 -9999.000 -9999.000
14.499 14.463 14.463 14.463 14.464 14.465 14.465 14.460 14.467 14.459 14.459 14.458 14.458 14.457 14.464 14.464 14.455 14.455 14.456 14.457 14.456 14.462 14.463 14.459 14.459 14.461 14.461 14.460 14.461 14.460 14.460 14.459 14.459 14.457 14.457 14.458 14.458 14.456 14.456 14.456 14.461 14.461 14.461 14.462 14.462 14.461 14.461 14.460 14.459 14.459 14.459 14.458 14.458 14.458 14.459 14.460 -9999.000 -9999.000 -9999.000 -9999.000 -9999.000 -9999.000 -9999.000
14.472 14.463 14.464 14.464 14.462 14.462 14.461 14.460 14.460 14.460 14.460 14.460 14.458 14.460 14.464 14.464 14.454 14.456 14.455 14.456 14.462 14.462 14.458 14.458 14.460 14.459 14.459 14.460 14.459 14.459 14.459 14.459 14.458 14.458 14.459 14.457 14.458 14.457 14.457 14.460 14.461 14.461 14.461 14.460 14.461 14.461 14.461 14.460 14.460 14.459 14.459 14.458 14.458 14.457 14.459 14.459 -9999.000 -9999.000 -9999.000 -9999.000 -9999.000 -9999.000 -9999.000
14.472 14.463 14.462 14.463 14.462 14.460 14.461 14.461 14.461 14.461 14.460 14.460 14.459 14.459 14.464 14.464 14.454 14.456 14.455 14.455 14.455 14.459 14.458 14.458 14.458 14.458 14.459 14.460 14.459 14.459 14.458 14.458 14.458 14.458 14.459 14.459 14.457 14.457 14.457 14.460 14.460 14.460 14.460 14.460 14.460 14.461 14.461 14.459 14.460 14.460 14.458 14.457 14.457 14.456 14.456 14.458 -9999.000 -9999.000 -9999.000 -9999.000 -9999.000 -9999.000 14.476
14.495 14.463 14.463 14.463 14.462 14.460 14.461 14.461 14.461 14.461 14.460 14.460 14.459 14.459 14.458 14.455 14.455 14.456 14.456 14.456 14.456 14.459 14.458 14.458 14.458 14.460 14.459 14.460 14.460 14.459 14.458 14.458 14.458 14.459 14.460 14.460 14.458 14.458 14.458 14.458 14.460 14.460 14.460 14.460 14.460 14.460 14.460 14.459 14.459 14.459 14.457 14.457 14.456 14.456 14.455 14.455 -9999.000 -9999.000 -9999.000 -9999.000 -9999.000 14.437 14.436
14.495 14.471 14.457 14.463 14.459 14.460 14.460 14.460 14.460 14.461 14.461 14.460 14.456 14.458 14.458 14.458 14.462 14.456 14.456 14.460 14.460 14.459 14.458 14.458 14.458 14.460 14.460 14.459 14.460 14.459 14.458 14.458 14.459 14.459 14.460 14.460 14.460 14.458 14.458 14.459 14.459 14.460 14.460 14.459 14.460 14.460 14.460 14.460 14.460 14.461 14.458 14.456 14.456 14.456 14.455 14.455 -9999.000 -9999.000 -9999.000 -9999.000 -9999.000 14.439 14.439
14.498 14.462 14.462 14.460 14.460 14.460 14.460 14.460 14.460 14.461 14.461 14.461 14.457 14.457 14.457 14.457 14.457 14.456 14.460 14.460 14.460 14.459 14.458 14.459 14.459 14.460 14.460 14.459 14.460 14.460 14.458 14.459 14.459 14.460 14.460 14.460 14.460 14.460 14.458 14.458 14.458 14.460 14.460 14.460 14.461 14.461 14.461 14.460 14.460 14.462 14.462 14.456 14.456 14.456 14.455 14.454 14.454 -9999.000 -9999.000 -9999.000 14.442 14.441 14.440
14.498 14.462 14.462 14.460 14.460 14.460 14.459 14.460 14.460 14.460 14.461 14.460 14.457 14.457 14.457 14.457 14.457 14.457 14.460 14.460 14.460 14.459 14.460 14.459 14.459 14.459 14.460 14.460 14.459 14.460 14.461 14.461 14.460 14.460 14.460 14.460 14.460 14.460 14.457 14.458 14.458 14.459 14.460 14.460 14.460 14.460 14.461 14.461 14.460 14.457 14.456 14.457 14.455 14.455 14.455 14.454 14.455 14.456 14.451 14.452 14.441 14.441 14.441
14.498 14.461 14.461 14.461 14.459 14.459 14.459 14.460 14.459 14.459 14.457 14.456 14.457 14.457 14.456 14.458 14.457 14.457 14.461 14.461 14.460 14.459 14.459 14.459 14.459 14.460 14.460 14.460 14.459 14.461 14.460 14.461 14.460 14.460 14.460 14.460 14.460 14.458 14.457 14.458 14.458 14.457 14.460 14.460 14.460 14.460 14.461 14.461 14.460 14.453 14.454 14.454 14.454 14.455 14.454 14.454 14.454 14.456 14.451 14.457 14.447 14.441 14.441
14.498 14.462 14.460 14.460 14.459 14.459 14.459 14.458 14.458 14.458 14.456 14.457 14.456 14.456 14.458 14.459 14.460 14.459 14.460 14.461 14.459 14.459 14.458 14.459 14.458 14.460 14.460 14.460 14.460 14.461 14.460 14.457 14.457 14.457 14.459 14.458 14.458 14.458 14.457 14.458 14.458 14.458 14.460 14.459 14.461 14.461 14.461 14.461 14.460 14.453 14.453 14.453 14.454 14.454 14.453 14.454 14.455 14.455 14.451 14.444 14.448 14.447 14.441
14.497 14.462 14.462 14.460 14.460 14.460 14.458 14.458 14.458 14.458 14.458 14.457 14.457 14.455 14.459 14.460 14.460 14.460 14.460 14.458 14.458 14.457 14.458 14.458 14.457 14.457 14.460 14.460 14.458 14.456 14.457 14.457 14.457 14.457 14.458 14.458 14.457 14.457 14.457 14.457 14.457 14.457 14.457 14.460 14.460 14.460 14.460 14.460 14.460 14.454 14.453 14.454 14.453 14.453 14.454 14.454 14.454 14.456 14.445 14.448 14.448 14.448 14.448
14.497 14.468 14.462 14.461 14.460 14.460 14.457 14.457 14.457 14.457 14.458 14.457 14.458 14.460 14.459 14.460 14.460 14.459 14.459 14.458 14.458 14.458 14.458 14.457 14.457 14.457 14.457 14.459 14.459 14.459 14.457 14.457 14.456 14.458 14.458 14.458 14.457 14.457 14.456 14.456 14.456 14.457 14.455 14.458 14.460 14.460 14.458 14.458 14.459 14.454 14.454 14.454 14.454 14.453 14.452 14.453 14.453 14.449 14.449 14.449 14.448 14.447 14.448
14.496 14.455 14.455 14.455 14.461 14.456 14.457 14.457 14.457 14.457 14.457 14.457 14.460 14.461 14.461 14.460 14.460 14.459 14.459 14.458 14.457 14.457 14.456 14.457 14.457 14.457 14.458 14.459 14.459 14.458 14.458 14.457 14.456 14.457 14.458 14.457 14.457 14.456 14.456 14.457 14.456 14.457 14.458 14.459 14.457 14.457 14.457 14.459 14.459 14.454 14.454 14.454 14.454 14.453 14.452 14.452 14.448 14.449 14.449 14.449 14.448 14.447 14.446
14.496 14.462 14.456 14.455 14.456 14.456 14.456 14.459 14.457 14.458 14.457 14.460 14.460 14.461 14.460 14.460 14.460 14.459 14.459 14.458 14.457 14.457 14.456 14.456 14.457 14.457 14.458 14.458 14.458 14.458 14.457 14.457 14.456 14.457 14.457 14.457 14.458 14.456 14.456 14.455 14.456 14.455 14.458 14.458 14.458 14.457 14.458 14.457 14.451 14.452 14.454 14.455 14.454 14.452 14.452 14.448 14.448 14.449 14.449 14.448 14.446 14.446 14.446
14.497 14.457 14.456 14.455 14.455 14.457 14.458 14.458 14.458 14.458 14.459 14.460 14.460 14.461 14.462 14.461 14.460 14.460 14.454 14.454 14.457 14.454 14.455 14.456 14.456 14.457 14.456 14.458 14.454 14.454 14.454 14.455 14.456 14.456 14.457 14.457 14.458 14.455 14.456 14.456 14.456 14.455 14.457 14.457 14.458 14.457 14.457 14.457 14.451 14.452 14.450 14.451 14.450 14.451 14.449 14.449 14.448 14.448 14.448 14.448 14.445 14.446 14.446
14.497 14.456 14.456 14.455 14.456 14.457 14.459 14.458 14.458 14.459 14.459 14.460 14.459 14.461 14.462 14.461 14.457 14.457 14.455 14.455 14.454 14.456 14.455 14.455 14.456 14.457 14.457 14.453 14.454 14.454 14.454 14.461 14.456 14.460 14.453 14.453 14.452 14.454 14.455 14.455 14.455 14.456 14.457 14.458 14.458 14.458 14.457 14.452 14.451 14.452 14.451 14.451 14.450 14.449 14.449 14.449 14.449 14.449 14.448 14.448 14.446 14.446 14.446
14.496 14.457 14.456 14.455 14.456 14.459 14.459 14.458 14.458 14.459 14.460 14.460 14.460 14.460 14.462 14.457 14.457 14.456 14.456 14.454 14.455 14.454 14.455 14.455 14.454 14.457 14.457 14.457 14.456 14.455 14.455 14.455 14.460 14.460 14.453 14.453 14.453 14.453 14.457 14.455 14.455 14.456 14.456 14.454 14.458 14.458 14.457 14.452 14.452 14.452 14.451 14.451 14.449 14.449 14.449 14.450 14.450 14.450 14.447 14.448 14.446 14.445 14.446
14.497 14.457 14.457 14.457 14.456 14.459 14.458 14.459 14.459 14.459 14.460 14.460 14.460 14.461 14.462 14.457 14.457 14.457 14.455 14.455 14.454 14.454 14.454 14.454 14.455 14.454 14.456 14.456 14.455 14.455 14.455 14.460 14.460 14.454 14.454 14.453 14.453 14.453 14.452 14.456 14.456 14.456 14.456 14.454 14.455 14.455 14.453 14.452 14.452 14.452 14.452 14.449 14.449 14.450 14.449 14.450 14.450 14.450 14.447 14.447 14.444 14.444 14.444
14.497 14.457 14.457 14.457 14.457 14.457 14.458 14.459 14.459 14.460 14.460 14.460 14.460 14.459 14.458 14.458 14.457 14.457 14.458 14.455 14.454 14.454 14.453 14.454 14.455 14.455 14.455 14.455 14.455 14.454 14.451 14.451 14.454 14.453 14.454 14.453 14.453 14.453 14.453 14.452 14.456 14.456 14.456 14.455 14.454 14.455 14.455 14.454 14.452 14.452 14.452 14.449 14.449 14.450 14.450 14.450 14.449 14.450 14.446 14.444 14.444 14.444 14.445
14.497 14.457 14.457 14.457 14.457 14.457 14.458 14.457 14.457 14.460 14.460 14.460 14.460 14.459 14.459 14.457 14.457 14.457 14.456 14.455 14.454 14.454 14.453 14.454 14.454 14.455 14.455 14.455 14.457 14.457 14.451 14.452 14.450 14.454 14.454 14.453 14.454 14.452 14.452 14.452 14.455 14.455 14.456 14.455 14.455 14.455 14.455 14.454 14.454 14.448 14.453 14.452 14.450 14.451 14.451 14.451 14.449 14.446 14.446 14.445 14.445 14.445 14.445
14.494 14.464 14.457 14.457 14.457 14.456 14.461 14.462 14.462 14.460 14.461 14.459 14.460 14.460 14.459 14.458 14.457 14.457 14.457 14.455 14.455 14.454 14.454 14.453 14.457 14.457 14.456 14.450 14.450 14.458 14.457 14.452 14.452 14.453 14.451 14.454 14.454 14.454 14.452 14.451 14.455 14.455 14.455 14.456 14.455 14.454 14.454 14.454 14.454 14.447 14.448 14.447 14.446 14.451 14.451 14.452 14.452 14.446 14.446 14.447 14.446 14.446 14.446
14.494 14.458 14.464 14.456 14.465 14.456 14.461 14.462 14.462 14.461 14.462 14.460 14.460 14.460 14.457 14.457 14.457 14.457 14.457 14.454 14.454 14.454 14.453 14.457 14.457 14.457 14.451 14.450 14.457 14.457 14.457 14.457 14.452 14.450 14.450 14.451 14.451 14.451 14.453 14.453 14.452 14.454 14.450 14.449 14.449 14.449 14.454 14.454 14.446 14.446 14.446 14.446 14.446 14.446 14.448 14.448 14.448 14.447 14.447 14.447 14.446 14.446 14.446
14.494 14.463 14.457 14.465 14.465 14.466 14.460 14.460 14.460 14.463 14.462 14.458 14.458 14.458 14.458 14.458 14.458 14.457 14.455 14.458 14.455 14.455 14.455 14.456 14.456 14.456 14.451 14.452 14.451 14.452 14.452 14.452 14.452 14.451 14.450 14.450 14.450 14.451 14.452 14.453 14.452 14.451 14.450 14.450 14.449 14.449 14.448 14.447 14.446 14.447 14.446 14.446 14.447 14.447 14.447 14.447 14.448 14.448 14.444 14.446 14.446 14.446 14.446
