includes/mahajanga_coast/floodfiles/results_R2_t1.688026134693E12/res.max
ncols         269
nrows         308
xllcorner     384108.384600
yllcorner     1149646.260900
cellsize      30.000000
NODATA_value  -9999.000000
[rows 264 to 296 of 308, columns 152 to 227 of 269]
7.635 7.635 7.635 7.635 7.635 7.635 7.635 7.635 7.635 7.635 7.635 7.635 7.635 7.635 7.635 7.635 7.635 7.635 7.635 7.635 7.635 7.635 7.635 7.635 7.635 7.635 7.635 7.635 7.635 7.635 7.635 7.635 7.635 7.635 7.635 7.636 7.636 7.636 7.636 7.636 7.636 7.636 7.636 7.636 7.636 7.636 7.636 7.636 7.636 7.636 7.636 7.636 7.637 7.637 7.637 7.637 7.637 7.637 2.637 2.637 4.637 4.637 3.637 2.637 2.637 1.637 1.637 4.637 5.637 3.637 0.637 0.637 2.637 4.638 5.637 5.638
7.635 7.635 7.635 7.635 7.635 7.635 7.635 7.635 7.635 7.635 7.635 7.635 7.635 7.635 7.635 7.635 7.635 7.635 7.635 7.635 7.635 7.635 7.635 7.635 7.635 7.635 7.635 7.635 7.635 7.635 7.635 7.635 7.635 7.635 7.635 7.635 7.636 7.636 7.636 7.636 7.636 7.636 3.636 0.636 3.636 6.636 6.636 6.636 6.636 6.636 3.636 2.636 2.636 1.636 1.637 2.637 0.000 1.637 2.637 3.637 4.637 4.637 3.637 1.637 1.637 1.637 1.637 3.637 5.637 3.637 1.637 0.637 0.637 2.637 3.637 3.638
7.635 7.635 7.635 7.635 7.635 7.635 7.635 7.635 7.635 7.635 7.635 7.635 7.635 7.635 7.635 7.635 7.635 7.635 7.635 7.635 7.635 7.635 7.635 7.635 7.635 7.635 7.635 7.635 7.635 7.635 7.635 7.635 7.635 7.635 7.635 7.635 7.635 7.635 7.636 7.636 7.636 2.636 1.636 2.636 3.636 6.636 7.636 6.636 6.636 4.636 2.636 2.636 2.636 1.636 2.636 2.636 1.637 2.637 4.637 4.637 4.637 4.637 3.637 1.637 0.637 2.637 2.637 3.637 3.637 3.637 1.637 0.637 0.637 1.637 3.637 2.638
7.635 7.635 7.635 7.635 7.635 7.635 7.635 7.635 7.635 7.635 7.635 7.635 7.635 7.635 7.635 7.635 7.635 7.635 7.635 7.635 7.635 7.635 7.635 7.635 7.635 7.635 7.635 7.635 7.635 7.635 7.635 7.635 7.635 7.635 7.635 7.635 7.635 7.635 7.635 7.636 7.636 0.636 3.636 4.636 2.636 1.636 4.636 5.636 6.636 5.636 2.636 2.636 2.636 1.636 2.636 4.636 3.636 4.637 5.637 4.637 3.637 4.637 3.637 2.637 1.637 3.637 3.637 4.637 3.637 2.637 1.637 0.637 0.637 2.637 4.637 4.637
7.635 7.635 7.635 7.635 7.635 7.635 7.635 7.635 7.635 7.635 7.635 7.635 7.635 7.635 7.635 7.635 7.635 7.635 7.635 7.635 7.635 7.635 7.635 7.635 7.635 7.635 7.635 7.635 7.635 7.635 7.635 7.635 7.635 7.635 7.635 7.635 7.635 7.635 7.635 7.635 7.636 7.636 6.636 3.636 0.000 0.000 0.000 2.636 5.636 4.636 2.636 3.636 3.636 1.636 2.636 3.636 2.636 3.636 3.637 3.637 3.637 4.637 4.637 3.637 2.637 3.637 4.637 5.637 3.637 1.637 0.000 0.637 1.637 3.637 5.637 4.637
7.635 7.635 7.635 7.635 7.635 7.635 7.635 7.635 7.635 7.635 7.635 7.635 7.635 7.635 7.635 7.635 7.635 7.635 7.635 7.635 7.635 7.635 7.635 7.635 7.635 7.635 7.635 7.635 7.635 7.635 7.635 7.635 7.635 7.635 7.635 7.635 7.635 7.635 7.635 7.635 7.635 7.636 7.636 7.636 7.636 7.636 7.636 7.636 4.636 4.636 2.636 4.636 4.636 2.636 2.636 2.636 2.636 2.636 2.636 2.636 2.637 3.637 3.637 3.637 2.637 3.637 4.637 5.637 4.637 2.637 0.000 1.637 2.637 3.637 5.637 3.637
7.635 7.635 7.635 7.635 7.635 7.635 7.635 7.635 7.635 7.635 7.635 7.635 7.635 7.635 7.635 7.635 7.635 7.635 7.635 7.635 7.635 7.635 7.635 7.635 7.635 7.635 7.635 7.635 7.635 7.635 7.635 7.635 7.635 7.635 7.635 7.635 7.635 7.635 7.635 7.635 7.635 7.636 7.636 7.636 7.636 7.636 7.636 7.636 7.636 7.636 7.636 3.636 2.636 1.636 3.636 3.636 2.636 1.636 1.636 1.636 1.636 1.637 2.637 1.637 1.637 2.637 3.637 4.637 5.637 3.637 3.637 4.637 3.637 3.637 4.637 3.637
7.635 7.635 7.635 7.635 7.635 7.635 7.635 7.635 7.635 7.635 7.635 7.635 7.635 7.635 7.635 7.635 7.635 7.635 7.635 7.635 7.635 7.635 7.635 7.635 7.635 7.635 7.635 7.635 7.635 7.635 7.635 7.635 7.635 7.635 7.635 7.635 7.635 7.635 7.635 7.635 7.635 7.635 7.636 7.636 7.636 7.636 7.636 7.636 7.636 7.636 7.636 7.636 7.636 0.636 3.636 4.636 4.636 1.636 1.636 1.636 1.636 1.636 1.636 1.637 1.637 1.637 1.637 1.637 2.637 3.637 5.637 5.637 3.637 4.637 4.637 3.637
7.635 7.635 7.635 7.635 7.635 7.635 7.635 7.635 7.635 7.635 7.635 7.635 7.635 7.635 7.635 7.635 7.635 7.635 7.635 7.635 7.635 7.635 7.635 7.635 7.635 7.635 7.635 7.635 7.635 7.635 7.635 7.635 7.635 7.635 7.635 7.635 7.635 7.635 7.635 7.635 7.635 7.635 7.635 7.636 7.636 7.636 7.636 7.636 7.636 7.636 7.636 7.636 7.636 7.636 7.636 7.636 7.636 1.636 1.636 2.636 2.636 1.636 1.636 1.636 1.637 1.637 1.637 2.637 1.637 2.637 3.637 4.637 4.637 4.637 4.637 3.637
7.634 7.635 7.635 7.635 7.635 7.635 7.635 7.635 7.635 7.635 7.635 7.635 7.635 7.635 7.635 7.635 7.635 7.635 7.635 7.635 7.635 7.635 7.635 7.635 7.635 7.635 7.635 7.635 7.635 7.635 7.635 7.635 7.635 7.635 7.635 7.635 7.635 7.635 7.635 7.635 7.635 7.635 7.635 7.635 7.636 7.636 7.636 7.636 7.636 7.636 7.636 7.636 7.636 7.636 7.636 7.636 7.636 7.636 7.636 3.636 2.636 2.636 2.636 1.636 2.636 1.637 2.637 2.637 2.637 2.637 1.637 3.637 4.637 3.637 2.637 7.637
7.634 7.634 7.635 7.635 7.635 7.635 7.635 7.635 7.635 7.635 7.635 7.635 7.635 7.635 7.635 7.635 7.635 7.635 7.635 7.635 7.635 7.635 7.635 7.635 7.635 7.635 7.635 7.635 7.635 7.635 7.635 7.635 7.635 7.635 7.635 7.635 7.635 7.635 7.635 7.635 7.635 7.635 7.635 7.635 7.636 7.636 7.636 7.636 7.636 7.636 7.636 7.636 7.636 7.636 7.636 7.636 7.636 7.636 7.636 3.636 2.636 2.636 2.636 1.636 2.636 1.637 2.637 2.637 2.637 2.637 1.637 3.637 4.637 3.637 2.637 7.637
7.634 7.634 7.634 7.634 7.634 7.634 7.635 7.635 7.635 7.635 7.635 7.635 7.635 7.635 7.635 7.635 7.635 7.635 7.635 7.635 7.635 7.635 7.635 7.635 7.635 7.635 7.635 7.635 7.635 7.635 7.635 7.635 7.635 7.635 7.635 7.635 7.635 7.635 7.635 7.635 7.635 7.635 7.635 7.635 7.635 7.636 7.636 7.636 7.636 7.636 7.636 7.636 7.636 7.636 7.636 7.636 7.636 7.636 7.636 7.636 2.636 4.636 4.636 2.636 0.636 1.636 7.637 7.637 7.637 7.637 7.637 7.637 7.637 7.637 7.637 7.637
7.634 7.634 7.634 7.634 7.634 7.634 7.634 7.635 7.635 7.635 7.635 7.635 7.635 7.635 7.635 7.635 7.635 7.635 7.635 7.635 7.635 7.635 7.635 7.635 7.635 7.635 7.635 7.635 7.635 7.635 7.635 7.635 7.635 7.635 7.635 7.635 7.635 7.635 7.635 7.635 7.635 7.635 7.635 7.635 7.635 7.636 7.636 7.636 7.636 7.636 7.636 7.636 7.636 7.636 7.636 7.636 7.636 7.636 7.636 7.636 7.636 7.636 7.636 7.636 7.636 7.636 7.636 7.637 7.637 7.637 7.637 7.637 7.637 7.637 7.637 7.637
7.634 7.634 7.634 7.634 7.634 7.634 7.634 7.635 7.635 7.635 7.635 7.635 7.635 7.635 7.635 7.635 7.635 7.635 7.635 7.635 7.635 7.635 7.635 7.635 7.635 7.635 7.635 7.635 7.635 7.635 7.635 7.635 7.635 6.635 7.635 7.635 7.635 7.635 7.635 7.635 7.635 7.635 7.635 7.635 7.635 7.635 7.636 7.636 7.636 7.636 7.636 7.636 7.636 7.636 7.636 7.636 7.636 7.636 7.636 7.636 7.636 7.636 7.636 7.636 7.636 7.636 7.636 7.636 7.637 7.637 7.637 7.637 7.637 7.637 7.637 7.637
7.634 7.634 7.634 7.634 7.634 7.634 7.634 7.634 7.634 7.634 7.635 7.635 7.635 7.635 7.635 7.635 7.635 7.635 7.635 7.635 7.635 7.635 7.635 7.635 7.635 7.635 7.635 7.635 6.635 1.635 2.635 6.635 6.635 6.635 6.635 6.635 7.635 7.635 7.635 7.635 7.635 7.635 7.635 7.635 7.635 7.635 7.636 7.636 7.636 7.636 7.636 7.636 7.636 7.636 7.636 7.636 7.636 7.636 7.636 7.636 7.636 7.636 7.636 7.636 7.636 7.636 7.636 7.636 7.637 7.637 7.637 7.637 7.637 7.637 7.637 7.637
7.634 7.634 7.634 7.634 7.634 7.634 7.634 7.634 7.634 7.634 7.634 7.635 7.635 7.635 7.635 7.635 7.635 7.635 7.635 7.635 7.635 7.635 7.635 7.635 7.635 7.635 7.635 6.635 4.635 0.635 0.635 3.635 4.635 4.635 3.635 4.635 5.635 6.635 6.635 7.635 7.635 7.635 7.635 7.635 7.635 7.635 7.636 7.636 7.636 7.636 7.636 7.636 7.636 7.636 7.636 7.636 7.636 7.636 7.636 7.636 7.636 7.636 7.636 7.636 7.636 7.636 7.636 7.636 7.637 7.637 7.637 7.637 7.637 7.637 7.637 7.637
7.634 7.634 7.634 7.634 7.634 7.634 7.634 7.634 7.634 7.634 7.634 7.634 7.634 7.635 7.635 7.635 7.635 7.635 7.635 7.635 7.635 7.635 7.635 7.635 7.635 7.635 3.635 4.635 1.635 0.000 0.635 1.635 2.635 2.635 1.635 2.635 3.635 4.635 6.635 6.635 6.635 6.635 7.635 7.635 7.635 7.635 7.635 7.636 7.636 7.636 7.636 7.636 7.636 7.636 7.636 7.636 7.636 7.636 7.636 7.636 7.636 7.636 7.636 7.636 7.636 7.636 7.636 7.636 7.636 7.637 7.637 7.637 7.637 7.637 7.637 7.637
7.634 7.634 7.634 7.634 7.634 7.634 7.634 7.634 7.634 7.634 7.634 7.634 7.634 7.634 7.635 7.635 7.635 7.635 7.635 7.635 4.635 6.635 4.635 7.635 3.635 2.635 1.635 0.635 0.635 0.000 0.635 1.635 2.635 3.635 2.635 2.635 4.635 4.635 4.635 4.635 5.635 4.635 4.635 6.635 6.635 7.635 2.635 0.000 7.636 7.636 7.636 7.636 7.636 7.636 7.636 7.636 7.636 7.636 7.636 7.636 7.636 7.636 7.636 7.636 7.636 7.636 7.636 7.636 7.636 7.636 7.637 7.637 7.637 7.637 7.637 7.637
7.634 7.634 7.634 7.634 7.634 7.634 7.634 7.634 7.634 7.634 7.634 7.634 7.634 7.634 7.634 7.634 7.634 7.634 0.000 0.000 1.635 5.635 3.635 1.635 1.635 1.635 0.635 1.634 1.634 0.634 0.635 2.635 2.635 4.635 4.635 3.635 3.635 2.635 1.635 2.635 4.635 3.635 3.635 4.635 6.635 4.635 1.635 1.636 2.636 7.636 7.636 7.636 7.636 7.636 7.636 7.636 7.636 7.636 7.636 7.636 7.636 7.636 7.636 7.636 7.636 7.636 7.636 7.636 7.636 7.636 7.637 7.637 7.637 7.637 7.637 7.637
7.634 7.634 7.634 7.634 7.634 7.634 7.634 7.634 7.634 7.634 7.634 7.634 7.634 7.634 7.634 7.634 7.634 7.634 0.000 0.635 3.635 4.635 4.635 2.634 1.634 2.634 2.634 4.634 4.634 2.634 2.634 3.634 3.634 4.635 5.635 3.635 2.635 0.635 0.635 1.635 3.635 3.635 2.635 4.635 5.635 3.635 2.635 2.635 3.636 6.636 6.636 7.636 7.636 7.636 7.636 7.636 7.636 7.636 7.636 7.636 7.636 7.636 7.636 7.636 7.636 7.636 7.636 7.636 7.636 7.636 7.636 7.637 7.637 7.637 7.637 7.637
7.634 7.634 7.634 7.634 7.634 7.634 7.634 7.634 7.634 7.634 7.634 7.634 7.634 7.634 7.634 7.634 7.634 6.634 2.634 3.634 0.634 2.634 2.634 3.634 3.634 5.634 7.634 6.634 4.634 2.634 3.634 5.634 5.634 6.634 5.634 2.635 1.635 0.635 0.635 1.635 2.635 1.635 1.635 4.635 4.635 4.635 2.635 1.635 2.636 5.636 6.636 4.636 4.636 7.636 7.636 7.636 7.636 7.636 7.636 7.636 7.636 7.636 7.636 7.636 7.636 7.636 7.636 7.636 7.636 7.636 7.636 7.637 7.637 7.637 7.637 7.637
7.634 7.634 7.634 7.634 7.634 7.634 7.634 7.634 7.634 7.634 7.634 7.634 7.634 7.634 7.634 7.634 7.634 6.634 5.634 4.634 1.634 1.634 4.634 4.634 6.634 7.634 8.634 8.634 3.634 3.634 3.634 4.634 5.634 7.634 6.634 2.634 1.634 1.634 2.635 3.635 2.635 1.635 2.635 3.635 4.635 5.635 3.635 0.635 0.635 3.636 4.636 4.636 3.636 2.636 1.636 0.000 0.000 3.636 7.636 7.636 7.636 7.636 7.636 7.636 7.636 7.636 7.636 7.636 7.636 7.636 7.636 7.637 7.637 7.637 7.637 7.637
8.634 7.634 7.634 7.634 7.634 7.634 7.634 7.634 7.634 7.634 7.634 7.634 7.634 7.634 7.634 7.634 7.634 7.634 5.634 3.634 2.634 4.634 5.634 5.634 7.634 7.634 7.634 7.634 6.634 4.634 3.634 2.634 3.634 5.634 4.634 2.634 2.634 2.634 3.634 3.634 3.635 2.635 3.635 3.635 3.635 6.635 4.635 1.635 0.635 2.636 4.636 5.636 4.636 2.636 0.636 0.000 0.636 4.636 6.636 6.636 7.636 7.636 7.636 7.636 7.636 7.636 7.636 7.636 7.636 7.636 7.636 7.636 7.637 7.637 7.637 3.637
8.634 8.634 8.634 7.634 7.634 7.634 7.634 7.634 7.634 7.634 7.634 7.634 7.634 7.634 7.634 7.634 7.634 7.634 7.634 7.634 7.634 7.634 5.634 4.634 5.634 5.634 5.634 7.634 7.634 6.634 6.634 4.634 3.634 4.634 4.634 3.634 5.634 3.634 1.634 2.634 2.634 3.634 5.634 4.634 3.635 7.635 4.635 2.635 1.635 2.635 3.635 4.636 2.636 0.636 0.000 0.000 0.636 1.636 2.636 3.636 4.636 3.636 2.636 2.636 3.636 6.636 5.636 3.636 6.636 5.636 2.636 2.637 5.637 6.637 6.637 6.637
8.634 8.634 8.634 8.634 8.634 7.634 7.634 7.634 7.634 7.634 7.634 7.634 7.634 7.634 7.634 7.634 7.634 7.634 7.634 7.634 7.634 7.634 7.634 3.634 2.634 2.634 4.634 6.634 5.634 6.634 8.634 6.634 4.634 4.634 4.634 5.634 6.634 3.634 7.634 7.634 7.634 7.634 6.634 5.634 4.634 7.635 4.635 3.635 2.635 1.635 1.635 1.636 0.636 0.636 0.636 0.000 0.636 2.636 1.636 1.636 1.636 2.636 3.636 4.636 4.636 3.636 2.636 3.636 4.636 3.636 0.636 0.637 4.637 6.637 6.637 3.637
8.634 8.634 8.634 8.634 8.634 8.634 7.634 7.634 7.634 7.634 7.634 7.634 7.634 7.634 7.634 7.634 7.634 7.634 7.634 7.634 7.634 7.634 7.634 7.634 0.634 0.634 4.634 8.634 5.634 6.634 8.634 8.634 5.634 4.634 4.634 5.634 7.634 7.634 7.634 7.634 7.634 7.634 7.634 7.634 7.634 4.634 3.635 4.635 3.635 0.635 0.000 0.000 0.000 0.000 0.635 0.635 2.635 3.635 3.635 2.635 1.636 1.636 3.636 3.636 2.636 0.636 0.636 1.636 0.636 0.000 0.636 1.636 3.636 5.636 4.637 3.637
8.634 8.634 8.634 8.634 8.634 8.634 8.634 7.634 7.634 7.634 7.634 7.634 7.634 7.634 7.634 7.634 7.634 7.634 7.634 7.634 7.634 7.634 7.634 7.634 7.634 7.634 2.634 6.634 5.634 5.634 6.634 6.634 3.634 4.634 4.634 7.634 7.634 7.634 7.634 7.634 7.634 7.634 7.634 7.634 7.634 2.634 3.634 5.634 4.634 1.635 0.635 0.635 0.635 0.635 0.635 1.635 2.635 4.635 4.635 3.635 2.635 1.636 2.636 1.636 0.636 0.000 0.636 1.636 0.636 0.000 1.636 2.636 3.636 4.636 3.636 2.637
8.634 8.634 8.634 8.634 8.634 8.634 8.634 7.634 7.634 7.634 7.634 7.634 7.634 7.634 7.634 7.634 7.634 7.634 7.634 7.634 7.634 7.634 7.634 7.634 7.634 7.634 7.634 7.634 7.634 7.634 7.634 3.634 1.634 7.634 7.634 7.634 7.634 7.634 7.634 7.634 7.634 7.634 7.634 7.634 7.634 2.634 3.634 4.634 3.634 0.634 1.635 2.635 2.635 1.635 1.635 1.635 1.635 3.635 3.635 2.635 1.635 1.635 0.635 1.635 1.635 1.635 1.636 2.636 1.636 1.636 3.636 4.636 3.636 3.636 2.636 0.636
8.634 8.634 8.634 8.634 8.634 8.634 8.634 7.634 7.634 7.634 7.634 7.634 7.634 7.634 7.634 7.634 7.634 7.634 7.634 7.634 7.634 7.634 7.634 7.634 7.634 7.634 7.634 7.634 7.634 7.634 7.634 7.634 7.634 7.634 7.634 7.634 7.634 7.634 7.634 7.634 7.634 7.634 7.634 7.634 7.634 2.634 3.634 5.634 3.634 1.634 1.634 3.635 2.635 2.635 1.635 1.635 2.635 2.635 3.635 3.635 2.635 0.635 1.635 1.635 3.635 3.635 3.636 4.636 4.636 5.636 8.636 5.636 3.636 2.636 1.636 0.636
8.634 8.634 8.634 8.634 8.634 8.634 8.634 8.634 7.634 7.634 7.634 7.634 7.634 7.634 7.634 7.634 7.634 7.634 7.634 7.634 7.634 7.634 7.634 7.634 7.634 7.634 7.634 7.634 7.634 7.634 7.634 7.634 7.634 7.634 7.634 7.634 7.634 7.634 7.634 7.634 7.634 7.634 7.634 7.634 7.634 1.634 3.634 6.634 5.634 2.634 2.634 3.634 3.635 2.635 1.635 2.635 3.635 3.635 3.635 3.635 2.635 1.635 2.635 3.635 3.635 4.635 4.635 4.636 6.636 7.636 7.636 5.636 2.636 1.636 7.636 7.636
8.634 8.634 8.634 8.634 8.634 8.634 8.634 8.634 7.634 7.634 7.634 7.634 7.634 7.634 7.634 7.634 7.634 7.634 7.634 7.634 7.634 7.634 7.634 7.634 7.634 7.634 7.634 7.634 7.634 7.634 7.634 7.634 7.634 7.634 7.634 7.634 7.634 7.634 7.634 7.634 7.634 7.634 7.634 7.634 7.634 1.634 4.634 6.634 5.634 2.634 1.634 1.634 2.634 2.634 2.634 2.634 3.635 3.635 3.635 3.635 3.635 4.635 4.635 4.635 3.635 3.635 4.635 5.636 6.636 7.636 4.636 1.636 7.636 7.636 7.636 7.636
8.634 8.634 8.634 8.634 8.634 8.634 8.634 8.634 8.634 7.634 7.634 7.634 7.634 7.634 7.634 7.634 7.634 7.634 7.634 7.634 7.634 7.634 7.634 7.634 7.634 7.634 7.634 7.634 7.634 7.634 7.634 7.634 7.634 7.634 7.634 7.634 7.634 7.634 7.634 7.634 7.634 7.634 7.634 7.634 7.634 4.634 6.634 6.634 1.634 0.634 1.634 1.634 1.634 1.634 2.634 2.634 3.634 4.635 3.635 3.635 5.635 6.635 6.635 5.635 4.635 2.635 3.635 6.636 6.636 6.636 5.636 7.636 7.636 7.636 7.636 7.636
8.634 8.634 8.634 8.634 8.634 8.634 8.634 8.634 8.634 8.634 7.634 7.634 7.634 7.634 7.634 7.634 7.634 7.634 7.634 7.634 7.634 7.634 7.634 7.634 7.634 7.634 7.634 7.634 7.634 7.634 7.634 7.634 7.634 7.634 7.634 7.634 7.634 7.634 7.634 7.634 7.634 7.634 7.634 7.634 7.634 7.634 7.634 7.634 4.634 0.634 2.634 2.634 0.000 0.634 2.634 2.634 4.634 6.634 5.635 3.635 5.635 6.635 5.635 6.635 4.635 2.635 2.635 4.635 5.636 7.636 7.636 7.636 7.636 7.636 7.636 7.636
