includes/overflow_coast_v/floodfiles/results_R3_t1.657781089701E12/res-0002.wdfp
ncols         631
nrows         906
xllcorner     364927.146600
yllcorner     6531972.565600
cellsize      20.000000
NODATA_value  -9999.000000
[rows 34 to 67 of 906, columns 308 to 384 of 631]
0.000 0.000 0.000 0.000 0.000 0.000 0.000 0.000 0.000 0.000 0.000 0.000 0.000 0.000 0.000 0.000 0.000 0.000 0.000 0.000 0.000 0.000 0.000 0.000 0.000 0.000 0.000 0.000 0.000 0.000 0.000 0.000 0.000 0.000 0.000 0.000 0.000 0.000 0.000 0.000 0.000 0.000 0.000 0.000 0.000 0.000 0.000 0.000 0.000 0.000 0.000 1.248 1.448 0.000 0.000 0.000 0.000 0.000 0.000 0.000 0.000 0.000 0.000 0.000 1.192 1.253 1.003 0.573 0.843 1.823 2.183 2.463 2.813 3.317 3.470 3.622 3.775
0.000 0.000 0.000 0.000 0.000 0.000 0.000 0.000 0.000 0.000 0.000 0.000 0.000 0.000 0.000 0.000 0.000 0.000 0.000 0.000 0.000 0.000 0.000 0.000 0.000 0.000 0.000 0.000 0.000 0.000 0.000 0.000 0.000 0.000 0.000 0.000 0.000 0.000 0.000 0.000 0.000 0.000 0.000 0.000 0.000 0.000 0.000 0.000 0.000 0.698 1.228 1.258 1.498 0.958 0.000 0.000 0.000 0.000 0.000 0.000 0.000 0.000 0.000 0.000 0.000 1.022 0.923 0.573 1.383 1.863 2.213 2.533 3.229 3.390 3.550 3.711 3.871
0.000 0.000 0.000 0.000 0.000 0.000 0.000 0.000 0.000 0.000 0.000 0.000 0.000 0.000 0.000 0.000 0.000 0.000 0.000 0.000 0.000 0.000 0.000 0.000 0.000 0.000 0.000 0.000 0.000 0.000 0.000 0.000 0.000 0.000 0.000 0.000 0.000 0.000 0.000 0.000 0.000 0.000 0.000 0.000 0.000 0.000 0.000 0.807 1.008 0.948 1.708 1.058 1.178 1.138 0.948 1.048 0.000 0.000 0.000 0.000 0.000 0.000 0.000 0.000 0.000 0.732 0.792 0.443 1.753 2.353 2.073 2.413 2.763 3.434 3.595 3.755 3.916
0.000 0.000 0.000 0.000 0.000 0.000 0.000 0.000 0.000 0.000 0.000 0.000 0.000 0.000 0.000 0.000 0.000 0.000 0.000 0.000 0.000 0.000 0.000 0.000 0.000 0.000 0.000 0.000 0.000 0.000 0.000 0.000 0.000 0.000 0.000 0.000 0.000 0.000 0.000 0.000 0.000 0.000 0.000 0.000 0.000 0.000 1.068 0.867 1.348 1.428 1.448 1.788 1.388 1.368 0.968 0.958 0.000 0.000 0.000 0.000 0.000 0.000 0.000 0.000 0.000 0.552 0.622 0.482 2.183 2.513 2.533 2.293 2.663 3.479 3.639 3.800 3.956
0.000 0.000 0.000 0.000 0.000 0.000 0.000 0.000 0.000 0.000 0.000 0.000 0.000 0.000 0.000 0.000 0.000 0.000 0.000 0.000 0.000 0.000 0.000 0.000 0.000 0.000 0.000 0.000 0.000 0.000 0.000 0.000 0.000 0.000 0.000 0.000 0.000 0.000 0.000 0.000 0.000 0.000 0.000 0.000 0.838 1.218 1.328 1.428 1.458 1.428 1.178 1.688 1.508 1.498 1.248 1.008 0.428 0.000 0.000 0.000 0.000 0.000 0.000 0.000 0.000 0.641 0.482 0.542 2.033 2.443 2.563 2.763 2.673 2.813 3.684 3.839 3.995
0.000 0.000 0.000 0.000 0.000 0.000 0.000 0.000 0.000 0.000 0.000 0.000 0.000 0.000 0.000 0.000 0.000 0.000 0.000 0.000 0.000 0.000 0.000 0.000 0.000 0.000 0.000 0.000 0.000 0.000 0.000 0.000 0.000 0.000 0.000 0.000 0.000 0.000 0.000 0.000 0.000 0.000 0.000 0.998 1.408 1.268 1.318 1.388 1.488 1.438 1.508 1.568 1.568 1.478 1.038 1.608 0.618 0.000 0.000 0.000 0.000 0.000 0.000 0.000 0.179 0.840 0.401 0.742 1.983 2.083 2.483 2.733 3.408 3.568 3.723 3.879 4.035
0.000 0.000 0.000 0.000 0.000 0.000 0.000 0.000 0.000 0.000 0.000 0.000 0.000 0.000 0.000 0.000 0.000 0.000 0.000 0.000 0.000 0.000 0.000 0.000 0.000 0.000 0.000 0.000 0.000 0.000 0.000 0.000 0.000 0.002 0.000 0.000 0.000 0.000 0.000 0.000 0.000 0.000 0.000 1.388 1.438 1.318 1.568 1.518 1.438 1.568 1.518 1.508 1.648 1.538 1.648 1.008 0.718 0.000 0.000 0.000 0.000 0.000 0.000 0.000 0.930 0.910 0.251 0.822 2.032 2.412 2.553 2.513 2.733 3.607 3.763 3.918 4.074
0.000 0.000 0.000 0.000 0.000 0.000 0.000 0.000 0.000 0.000 0.000 0.000 0.000 0.000 0.000 0.000 0.000 0.000 0.000 0.000 0.000 0.000 0.000 0.000 0.000 0.000 0.000 0.000 0.000 0.000 0.000 0.000 0.285 0.101 0.010 0.000 0.000 0.000 0.000 0.000 0.000 1.158 1.388 1.488 1.358 1.528 1.398 1.638 1.548 1.598 1.518 1.678 1.758 1.488 1.448 0.828 0.598 0.000 0.208 0.256 0.000 0.000 0.000 0.000 1.080 0.970 0.301 1.042 1.802 2.232 2.512 2.872 2.882 3.646 3.802 3.958 4.113
0.000 0.000 0.000 0.000 0.000 0.000 0.000 0.000 0.000 0.000 0.000 0.000 0.000 0.000 0.000 0.000 0.000 0.000 0.000 0.000 0.000 0.000 0.000 0.000 0.000 0.000 0.000 0.000 0.000 0.000 0.000 0.293 0.222 0.107 0.065 0.000 0.000 0.000 0.000 0.000 1.328 1.268 1.588 1.508 1.478 1.448 1.558 1.518 1.588 1.648 1.308 1.738 1.768 1.168 0.798 0.708 0.598 0.000 0.148 0.000 0.000 0.000 0.000 0.960 1.180 0.820 0.350 1.041 2.162 2.492 2.282 2.492 2.612 3.686 3.842 3.997 4.153
0.000 0.000 0.000 0.000 0.000 0.000 0.000 0.000 0.000 0.000 0.000 0.000 0.000 0.000 0.000 0.000 0.000 0.000 0.000 0.000 0.000 0.000 0.000 0.000 0.000 0.000 0.000 0.000 0.000 0.359 0.438 0.309 0.244 0.360 0.234 0.086 0.000 0.000 0.000 1.398 1.398 1.448 1.568 1.598 1.548 1.558 1.578 1.478 1.628 1.638 1.638 1.788 1.638 0.948 0.758 0.648 0.708 0.607 0.525 0.000 0.000 0.000 0.889 1.330 0.820 0.380 0.430 0.961 1.802 2.512 2.832 2.692 3.570 3.725 3.881 4.037 4.193
0.000 0.000 0.000 0.000 0.000 0.000 0.000 0.000 0.000 0.000 0.000 0.000 0.000 0.000 0.000 0.000 0.000 0.000 0.000 0.000 0.000 0.000 0.000 0.000 0.000 0.000 0.000 0.000 0.169 0.261 0.513 0.113 0.356 0.523 0.705 0.032 0.008 0.000 0.000 1.508 1.398 1.518 1.608 1.748 1.698 1.298 1.508 1.738 1.578 1.768 1.668 1.848 1.779 0.959 0.908 0.808 0.658 0.697 0.436 0.000 0.000 0.879 1.459 0.909 0.600 0.970 0.890 1.561 1.801 2.202 2.772 2.842 3.609 3.765 3.921 4.076 4.232
0.000 0.000 0.000 0.000 0.000 0.000 0.000 0.000 0.000 0.000 0.000 0.000 0.000 0.000 0.000 0.000 0.000 0.000 0.000 0.000 0.000 0.000 0.000 0.000 0.000 0.000 0.000 0.000 0.172 0.118 0.358 0.541 0.425 0.871 0.882 0.099 0.000 0.000 1.577 1.597 1.458 1.528 1.498 1.498 1.728 1.378 1.528 1.629 1.679 1.729 1.759 1.849 1.659 1.199 0.889 0.959 0.808 0.618 0.258 0.000 0.000 1.579 1.189 1.020 1.610 2.120 2.050 2.191 2.271 2.261 2.572 2.852 3.648 3.804 2.892 4.116 4.272
0.000 0.000 0.000 0.000 0.000 0.000 0.000 0.000 0.000 0.000 0.000 0.000 0.000 0.000 0.000 0.000 0.000 0.000 0.000 0.000 0.000 0.000 0.000 0.000 0.000 0.000 0.000 0.000 0.011 0.037 0.021 1.267 0.730 0.711 0.762 0.195 0.000 1.537 1.547 1.597 1.678 1.618 1.738 1.578 1.679 1.689 1.669 1.659 1.709 1.759 1.799 1.779 1.749 1.429 1.309 0.949 1.039 0.081 0.303 0.448 1.739 1.879 1.819 1.939 2.180 2.270 2.410 2.671 2.661 2.651 2.631 2.801 3.688 3.844 3.999 4.155 4.311
0.000 0.000 0.000 0.000 0.000 0.000 0.000 0.000 0.000 0.000 0.000 0.000 0.000 0.000 0.000 0.000 0.000 0.000 0.000 0.000 0.000 0.000 0.000 0.000 0.000 0.000 0.000 0.000 0.061 0.095 0.351 0.716 1.238 1.059 0.224 0.351 1.666 1.627 1.607 1.727 1.738 1.718 1.618 1.839 1.629 1.739 1.769 1.619 1.719 1.749 1.869 1.689 1.819 1.469 1.120 1.030 0.940 0.000 0.000 1.588 2.049 1.939 2.129 2.219 1.900 2.230 2.390 2.590 3.125 3.276 2.871 2.831 3.729 3.883 4.039 4.195 4.350
0.000 0.000 0.000 0.000 0.000 0.000 0.000 0.000 0.000 0.000 0.000 0.000 0.000 0.000 0.000 0.000 0.000 0.000 0.000 0.000 0.000 0.000 0.000 0.000 0.000 0.000 0.000 0.000 0.000 0.000 0.367 0.713 0.754 0.216 0.343 1.495 1.646 1.557 1.667 1.748 1.758 1.648 1.668 1.699 1.779 1.739 1.829 1.799 1.759 2.209 1.769 1.700 1.680 1.400 1.210 1.040 0.542 0.457 0.567 1.928 2.108 2.109 2.229 2.289 2.380 2.430 2.300 2.680 2.801 2.861 2.831 3.649 3.800 3.951 4.102 4.252 4.403
0.000 0.000 0.000 0.000 0.000 0.000 0.000 0.000 0.000 0.000 0.000 0.000 0.000 0.000 0.000 0.000 0.000 0.000 0.000 0.000 0.000 0.000 0.000 0.000 0.000 0.000 0.000 0.000 0.000 0.119 0.300 0.700 0.199 0.327 1.074 1.626 1.686 1.637 1.787 1.798 1.678 1.648 1.699 1.869 1.799 1.749 1.539 1.949 2.039 1.890 1.730 1.560 1.510 1.300 1.220 1.041 0.243 0.904 1.417 2.088 2.168 2.229 2.149 2.379 2.389 2.620 2.550 2.490 2.711 3.418 2.841 3.720 3.871 4.022 4.173 4.324 4.475
0.000 0.000 0.000 0.000 0.000 0.000 0.000 0.000 0.000 0.000 0.000 0.000 0.000 0.000 0.000 0.000 0.000 0.000 0.000 0.000 0.000 0.000 0.000 0.000 0.000 0.000 0.000 0.003 0.021 0.078 0.517 0.467 0.290 0.902 1.686 1.706 1.787 1.697 1.658 1.778 1.918 1.969 1.819 1.769 1.959 1.819 1.839 1.990 1.980 1.740 1.680 1.540 1.370 1.111 1.241 0.942 0.748 1.240 1.747 2.048 2.168 2.428 2.349 2.289 2.609 2.570 2.790 2.820 2.860 2.831 2.891 3.791 3.942 4.093 4.244 4.395 4.546
0.000 0.000 0.000 0.000 0.000 0.000 0.000 0.000 0.000 0.000 0.000 0.000 0.000 0.000 0.000 0.000 0.000 0.000 0.000 0.000 0.000 0.000 0.000 0.000 0.000 0.000 0.000 0.000 0.005 0.037 0.000 0.000 0.380 1.686 1.687 1.777 1.757 1.808 1.708 1.918 1.949 1.859 1.779 1.959 1.799 1.749 1.970 1.900 1.880 1.690 1.310 1.530 1.191 0.911 0.942 0.813 0.935 0.696 2.097 2.128 2.278 2.468 2.629 2.529 2.469 2.759 3.021 3.233 3.410 3.561 2.841 3.863 4.014 4.165 4.316 4.466 4.617
0.000 0.000 0.000 0.000 0.000 0.000 0.000 0.000 0.000 0.000 0.000 0.000 0.000 0.000 0.000 0.000 0.000 0.000 0.000 0.000 0.000 0.000 0.000 0.000 0.000 0.000 0.000 0.000 0.000 0.000 0.000 0.000 1.637 1.737 1.767 1.928 1.728 1.858 1.758 1.789 1.969 1.949 1.909 2.079 1.879 2.080 2.030 1.730 1.780 1.510 1.391 1.481 1.041 1.072 1.092 0.743 1.175 1.476 2.297 2.237 2.328 2.638 2.799 2.549 2.679 2.609 2.880 2.900 3.481 3.632 2.901 3.934 4.085 4.236 4.387 4.538 4.689
0.000 0.000 0.000 0.000 0.000 0.000 0.000 0.000 0.000 0.000 0.000 0.000 0.000 0.000 0.000 0.000 0.000 0.000 0.000 0.000 0.000 0.000 0.000 0.000 0.000 0.000 0.000 0.000 0.000 0.000 0.000 0.000 1.598 1.748 1.758 1.788 1.858 1.879 1.849 1.889 1.969 1.999 1.900 2.000 2.100 1.900 1.830 1.510 1.380 1.530 1.161 1.161 1.091 1.502 1.033 0.978 1.560 2.146 2.567 2.637 2.538 2.708 2.819 2.869 2.839 2.819 3.118 3.330 3.542 3.703 3.854 4.005 4.156 4.307 4.458 4.609 4.760
0.000 0.000 0.000 0.000 0.000 0.000 0.000 0.000 0.000 0.000 0.000 0.000 0.000 0.000 0.000 0.000 0.000 0.000 0.000 0.000 0.000 0.000 0.000 0.000 0.000 0.000 0.000 0.000 0.000 0.000 0.000 1.579 1.759 1.839 1.809 1.769 1.939 2.029 1.949 2.009 1.969 1.930 2.090 2.200 2.010 1.880 1.690 1.481 1.091 1.011 1.241 1.311 1.602 1.462 1.083 1.096 0.936 2.497 2.457 2.607 2.858 2.778 2.318 2.879 2.742 2.954 3.166 3.378 3.590 3.775 3.926 4.077 4.228 4.379 4.529 4.680 4.831
0.000 0.000 0.000 0.000 0.000 0.000 0.000 0.000 0.000 0.000 0.000 0.000 0.000 0.000 0.000 0.000 0.000 0.000 0.000 0.000 0.000 0.000 0.000 0.000 0.000 0.000 0.000 0.000 0.000 0.000 0.000 1.539 1.949 1.829 1.899 1.889 2.019 2.130 1.960 2.030 2.000 1.980 2.220 1.950 1.880 1.570 1.191 1.211 1.271 1.171 1.471 1.671 1.612 1.092 0.944 1.303 1.486 2.407 2.647 2.657 2.748 2.154 2.879 2.578 2.790 3.002 3.214 3.427 3.639 3.846 3.997 4.148 4.299 4.450 4.601 4.752 4.831
0.000 0.000 0.000 0.000 0.000 0.000 0.000 0.000 0.000 0.000 0.000 0.000 0.000 0.000 0.000 0.000 0.000 0.000 0.000 0.000 0.000 0.000 0.000 0.000 0.000 0.000 0.000 0.000 0.000 0.000 0.000 1.650 1.750 1.990 1.850 2.050 1.950 2.140 2.170 2.080 2.320 2.120 1.940 1.811 1.671 1.461 1.241 1.211 1.131 1.732 1.752 1.752 1.182 0.972 0.906 1.579 2.066 2.587 2.727 2.807 1.990 2.202 2.415 2.627 2.839 3.051 3.263 3.475 3.687 3.899 4.068 4.219 4.370 4.521 4.672 4.757 4.816
0.000 0.000 0.000 0.000 0.000 0.000 0.000 0.000 0.000 0.000 0.000 0.000 0.000 0.000 0.000 0.000 0.000 0.000 0.000 0.000 0.000 0.000 0.000 0.000 0.000 0.000 0.000 0.000 0.000 0.000 0.000 1.700 1.720 1.940 2.020 2.160 2.050 2.231 2.331 2.321 2.051 1.891 1.831 1.771 1.751 1.391 1.401 1.462 1.632 1.632 1.742 1.122 0.942 0.603 0.927 0.916 2.486 2.707 2.827 1.827 2.039 2.251 2.463 2.675 2.887 3.099 3.311 3.523 3.735 3.947 4.140 4.291 4.441 4.592 4.682 4.741 4.801
0.000 0.000 0.000 0.000 0.000 0.000 0.000 0.000 0.000 0.000 0.000 0.000 0.000 0.000 0.000 0.000 0.000 0.000 0.000 0.000 0.000 0.000 0.000 0.000 0.000 0.000 0.000 0.000 0.000 0.000 1.371 1.611 1.741 1.931 2.021 2.161 2.281 2.451 2.281 2.001 1.931 1.771 1.701 1.482 1.502 1.472 1.292 1.612 1.552 1.622 1.532 1.042 0.842 0.751 1.063 1.216 2.866 2.877 1.770 1.958 2.146 2.334 2.522 2.724 2.936 3.148 3.360 3.572 3.784 3.996 4.208 4.362 4.513 4.607 4.667 4.726 4.786
0.000 0.000 0.000 0.000 0.000 0.000 0.000 0.000 0.000 0.000 0.000 0.000 0.000 0.000 0.000 0.000 0.000 0.000 0.000 0.000 0.000 0.000 0.000 0.000 0.000 0.000 0.000 0.000 0.000 0.000 1.331 1.451 1.691 2.091 2.151 2.331 2.451 2.442 2.012 1.902 1.882 1.562 1.442 1.512 1.572 1.512 1.543 1.903 1.822 1.362 1.132 0.432 0.094 0.436 0.615 1.966 1.557 1.745 1.932 2.120 2.308 2.496 2.684 2.872 3.060 3.248 3.435 3.623 3.832 4.044 4.256 4.433 4.532 4.592 4.652 4.711 4.771
0.000 0.000 0.000 0.000 0.000 0.000 0.000 0.000 0.000 0.000 0.000 0.000 0.000 0.000 0.000 0.000 0.000 0.000 0.000 0.000 0.000 0.000 0.000 0.000 0.000 0.000 0.000 0.000 0.000 0.000 1.762 1.582 2.062 1.842 2.212 2.282 2.622 2.132 1.452 1.392 1.352 1.413 1.543 1.543 1.603 1.873 1.493 1.293 1.153 1.213 0.973 0.000 0.000 0.000 1.196 2.666 1.719 1.907 2.095 2.283 2.471 2.659 2.847 3.034 3.222 3.410 3.598 3.786 3.973 4.161 4.349 4.464 4.519 4.577 4.637 4.696 4.756
0.000 0.000 0.000 0.000 0.000 0.000 0.000 0.000 0.000 0.000 0.000 0.000 0.000 0.000 0.000 0.000 0.000 0.000 0.000 0.000 0.000 0.000 0.000 0.000 0.000 0.000 0.000 0.000 0.000 1.492 1.802 1.832 1.852 2.152 2.292 2.352 2.233 1.673 1.603 1.603 1.593 1.853 1.753 1.843 2.014 1.754 1.654 0.944 0.854 0.933 0.274 0.000 0.000 0.406 1.277 1.813 1.882 2.070 2.258 2.446 2.633 2.821 3.009 3.197 3.385 3.573 3.760 3.948 4.136 4.324 4.434 4.484 4.538 4.593 4.647 4.702 4.757
0.000 0.000 0.000 0.000 0.000 0.000 0.000 0.000 0.000 0.000 0.000 0.000 0.000 0.000 0.000 0.000 0.000 0.000 0.000 0.000 0.000 0.000 0.000 0.000 0.000 0.000 0.000 0.000 0.000 1.762 1.553 1.903 1.973 2.293 2.333 2.563 1.943 1.903 1.933 1.793 1.934 2.034 2.294 2.114 2.114 1.914 1.864 1.324 1.044 0.394 0.000 0.003 0.000 1.117 1.607 2.044 2.045 2.233 2.421 2.608 2.796 2.984 3.172 3.360 3.547 3.735 3.923 4.111 4.299 4.405 4.454 4.504 4.556 4.611 4.666 4.721 4.775
0.000 0.000 0.000 0.000 0.000 0.000 0.000 0.000 0.000 0.000 0.000 0.000 0.000 0.000 0.000 0.000 0.000 0.000 0.000 0.000 0.000 0.000 0.000 0.000 0.000 0.000 0.000 0.000 0.000 0.763 1.973 2.043 2.233 2.313 2.393 2.283 1.793 1.973 1.924 1.894 2.154 2.284 2.194 2.334 2.204 2.164 1.984 1.685 0.955 0.515 0.000 0.022 0.837 1.597 2.187 2.276 2.262 2.396 2.583 2.771 2.959 3.147 3.334 3.522 3.710 3.898 4.086 4.273 4.375 4.425 4.475 4.525 4.575 4.629 4.684 4.739 4.794
0.000 0.000 0.000 0.000 0.000 0.000 0.000 0.000 0.000 0.000 0.000 0.000 0.000 0.000 0.000 0.000 0.000 0.000 0.000 0.000 0.000 0.000 0.000 0.000 0.000 0.000 0.000 0.000 0.000 2.014 1.924 2.014 2.244 2.494 2.474 2.144 1.724 1.914 2.084 2.054 2.314 2.404 2.524 2.475 2.575 2.365 2.235 2.065 1.505 0.766 0.476 0.987 1.117 1.597 2.817 2.507 2.493 2.558 2.746 2.934 3.121 3.309 3.497 3.685 3.873 4.060 4.248 4.346 4.396 4.445 4.495 4.545 4.595 4.648 4.703 4.757 4.812
0.000 0.000 0.000 0.000 0.000 0.000 0.000 0.000 0.000 0.000 0.000 0.000 0.000 0.000 0.000 0.000 0.000 0.000 0.000 0.000 0.000 0.000 0.000 0.000 0.000 0.000 0.000 0.000 1.364 2.104 2.084 2.044 2.184 2.384 2.424 2.004 1.804 2.034 2.194 2.485 2.565 2.525 2.565 2.505 2.545 2.605 2.395 2.436 1.686 1.406 1.157 1.397 1.817 2.027 2.752 2.738 2.725 2.721 2.909 3.096 3.284 3.472 3.660 3.848 4.035 4.223 4.316 4.366 4.416 4.466 4.516 4.566 4.615 4.666 4.721 4.776 4.831
0.000 0.000 0.000 0.000 0.000 0.000 0.000 0.000 0.000 0.000 0.000 0.000 0.000 0.000 0.000 0.000 0.000 0.000 0.000 0.000 0.000 0.000 0.000 0.000 0.000 0.000 0.000 0.745 1.985 2.084 2.124 2.194 2.154 2.554 2.224 2.135 1.935 2.215 2.355 2.485 2.605 2.715 2.625 2.605 2.645 2.536 2.496 2.426 2.046 1.506 1.607 1.647 1.957 2.998 2.984 2.970 2.956 2.942 3.071 3.259 3.447 3.635 3.822 4.010 4.198 4.287 4.337 4.387 4.436 4.486 4.536 4.586 4.636 4.686 4.739 4.794 4.849
0.000 0.000 0.000 0.000 0.000 0.000 0.000 0.000 0.000 0.000 0.000 0.000 0.000 0.000 0.000 0.000 0.000 0.000 0.000 0.000 0.000 0.000 0.000 0.000 0.000 0.000 0.000 1.625 2.185 2.275 2.225 2.335 2.525 2.635 2.145 2.045 2.145 2.285 2.535 2.495 2.685 2.665 2.635 2.736 2.676 2.676 2.436 2.316 2.036 1.837 1.907 2.067 2.817 3.229 3.215 3.201 3.187 3.173 3.234 3.422 3.609 3.797 3.985 4.173 4.257 4.307 4.357 4.407 4.457 4.507 4.557 4.606 4.656 4.706 4.758 4.813 4.868
