includes/overflow_coast_v/floodfiles/results_R3_t1.657781089701E12/res-0002.wdfp
ncols         631
nrows         906
xllcorner     364927.146600
yllcorner     6531972.565600
cellsize      20.000000
NODATA_value  -9999.000000
[rows 34 to 67 of 906, columns 462 to 538 of 631]
16.691 16.614 16.538 16.463 16.388 16.313 16.239 16.165 16.093 16.025 15.956 15.887 15.819 15.751 15.682 15.614 15.545 15.484 15.439 15.393 15.347 15.302 15.256 15.210 15.164 15.119 15.073 15.027 14.982 14.936 14.877 14.813 14.749 14.685 14.620 14.556 14.492 14.427 14.363 14.299 14.234 14.169 14.105 14.064 14.033 14.002 13.971 13.940 13.909 13.878 13.847 13.816 13.828 13.869 13.911 13.952 14.015 14.111 14.207 14.304 14.400 14.496 14.597 14.704 14.812 14.919 15.026 15.133 15.241 15.348 15.452 15.556 15.660 15.763 15.867 15.926 15.970
16.695 16.620 16.544 16.469 16.394 16.319 16.245 16.171 16.096 16.022 15.953 15.884 15.816 15.748 15.679 15.611 15.543 15.483 15.437 15.392 15.346 15.300 15.255 15.209 15.163 15.117 15.072 15.026 14.984 14.942 14.893 14.837 14.772 14.708 14.644 14.580 14.515 14.451 14.387 14.322 14.257 14.193 14.128 14.090 14.059 14.028 13.997 13.966 13.935 13.904 13.873 13.842 13.811 13.793 13.834 13.876 13.942 14.038 14.135 14.231 14.334 14.441 14.549 14.656 14.763 14.870 14.978 15.085 15.192 15.299 15.403 15.507 15.611 15.715 15.819 15.923 16.006
16.701 16.625 16.550 16.475 16.400 16.325 16.251 16.177 16.101 16.027 15.953 15.881 15.813 15.745 15.676 15.608 15.540 15.482 15.436 15.390 15.345 15.299 15.253 15.208 15.162 15.116 15.075 15.034 14.992 14.951 14.900 14.848 14.795 14.732 14.667 14.603 14.539 14.475 14.410 14.345 14.281 14.216 14.152 14.117 14.086 14.055 14.024 13.993 13.962 13.931 13.900 13.869 13.838 13.807 13.776 13.799 13.870 13.966 14.071 14.178 14.286 14.393 14.500 14.607 14.715 14.822 14.929 15.037 15.144 15.251 15.355 15.458 15.562 15.666 15.770 15.874 15.978
16.707 16.631 16.556 16.481 16.406 16.331 16.256 16.182 16.107 16.033 15.959 15.884 15.810 15.742 15.673 15.605 15.537 15.481 15.435 15.389 15.343 15.298 15.252 15.207 15.166 15.125 15.084 15.042 15.001 14.960 14.908 14.855 14.803 14.750 14.691 14.627 14.562 14.498 14.433 14.369 14.304 14.240 14.176 14.143 14.112 14.081 14.050 14.019 13.988 13.957 13.926 13.895 13.864 13.834 13.803 13.772 13.808 13.915 14.023 14.130 14.237 14.345 14.452 14.559 14.666 14.774 14.881 14.988 15.095 15.202 15.306 15.410 15.514 15.618 15.721 15.825 15.929
16.712 16.637 16.562 16.487 16.412 16.336 16.262 16.188 16.113 16.039 15.964 15.890 15.816 15.741 15.671 15.602 15.534 15.479 15.434 15.388 15.342 15.299 15.257 15.216 15.175 15.133 15.092 15.051 15.010 14.968 14.915 14.863 14.810 14.758 14.705 14.650 14.586 14.521 14.456 14.392 14.328 14.264 14.201 14.170 14.139 14.108 14.077 14.046 14.015 13.984 13.953 13.922 13.891 13.859 13.823 13.787 13.816 13.873 13.974 14.082 14.189 14.296 14.403 14.511 14.618 14.725 14.832 14.940 15.047 15.153 15.257 15.361 15.465 15.569 15.673 15.777 15.880
16.718 16.643 16.568 16.493 16.417 16.342 16.268 16.193 16.119 16.045 15.970 15.896 15.822 15.747 15.673 15.599 15.531 15.478 15.432 15.390 15.349 15.307 15.266 15.225 15.183 15.142 15.101 15.060 15.018 14.976 14.923 14.870 14.818 14.765 14.713 14.659 14.606 14.544 14.480 14.416 14.352 14.287 14.227 14.196 14.165 14.134 14.103 14.072 14.041 14.010 13.979 13.946 13.910 13.874 13.839 13.803 13.839 13.897 13.954 14.033 14.140 14.248 14.355 14.462 14.570 14.677 14.784 14.891 14.999 15.105 15.209 15.313 15.416 15.520 15.624 15.728 15.832
16.724 16.649 16.574 16.498 16.422 16.348 16.274 16.199 16.125 16.051 15.976 15.902 15.828 15.753 15.679 15.605 15.530 15.481 15.440 15.398 15.357 15.316 15.275 15.233 15.192 15.151 15.109 15.068 15.027 14.983 14.930 14.878 14.825 14.773 14.719 14.666 14.614 14.561 14.504 14.439 14.375 14.311 14.254 14.223 14.192 14.161 14.130 14.099 14.068 14.033 13.997 13.962 13.926 13.890 13.855 13.819 13.863 13.920 13.978 14.036 14.093 14.199 14.307 14.414 14.521 14.628 14.736 14.843 14.950 15.056 15.160 15.264 15.368 15.472 15.575 15.679 15.783
16.730 16.655 16.579 16.504 16.428 16.354 16.280 16.205 16.131 16.057 15.982 15.908 15.834 15.759 15.685 15.609 15.533 15.488 15.448 15.407 15.366 15.324 15.283 15.242 15.201 15.159 15.118 15.077 15.035 14.990 14.938 14.885 14.833 14.779 14.727 14.674 14.621 14.569 14.516 14.463 14.399 14.334 14.280 14.249 14.218 14.187 14.155 14.120 14.084 14.049 14.013 13.977 13.942 13.906 13.870 13.835 13.886 13.944 14.001 14.059 14.117 14.174 14.258 14.366 14.473 14.580 14.687 14.795 14.902 15.008 15.111 15.215 15.319 15.423 15.527 15.631 15.735
16.735 16.660 16.585 16.509 16.434 16.360 16.286 16.211 16.137 16.063 15.988 15.914 15.839 15.763 15.687 15.612 15.536 15.494 15.455 15.415 15.374 15.333 15.292 15.251 15.209 15.168 15.127 15.085 15.044 14.998 14.945 14.893 14.839 14.787 14.734 14.681 14.629 14.576 14.524 14.471 14.418 14.358 14.307 14.276 14.243 14.207 14.171 14.136 14.100 14.064 14.029 13.993 13.957 13.922 13.886 13.852 13.909 13.967 14.025 14.083 14.140 14.198 14.256 14.317 14.424 14.532 14.639 14.746 14.853 14.959 15.063 15.167 15.270 15.374 15.478 15.582 15.686
16.741 16.666 16.591 16.515 16.440 16.366 16.292 16.217 16.143 16.069 15.994 15.918 15.842 15.766 15.690 15.614 15.539 15.500 15.461 15.421 15.382 15.342 15.300 15.259 15.218 15.177 15.135 15.094 15.053 15.005 14.952 14.899 14.847 14.794 14.741 14.689 14.636 14.584 14.531 14.479 14.426 14.373 14.330 14.294 14.258 14.223 14.187 14.151 14.116 14.080 14.045 14.009 13.973 13.938 13.902 13.875 13.933 13.991 14.048 14.106 14.164 14.221 14.279 14.337 14.394 14.483 14.591 14.698 14.805 14.910 15.014 15.118 15.222 15.326 15.430 15.540 15.650
16.726 16.672 16.596 16.521 16.446 16.372 16.298 16.223 16.148 16.072 15.996 15.920 15.844 15.769 15.693 15.617 15.545 15.506 15.467 15.427 15.388 15.349 15.309 15.268 15.226 15.185 15.144 15.103 15.061 15.012 14.959 14.907 14.854 14.802 14.749 14.696 14.644 14.591 14.539 14.487 14.439 14.391 14.349 14.310 14.274 14.238 14.203 14.167 14.132 14.096 14.060 14.025 13.989 13.953 13.918 13.899 13.956 14.014 14.072 14.129 14.187 14.245 14.302 14.360 14.418 14.476 14.542 14.649 14.757 14.862 14.965 15.069 15.174 15.285 15.395 15.505 15.615
16.696 16.645 16.595 16.527 16.452 16.378 16.302 16.226 16.151 16.075 15.999 15.923 15.847 15.771 15.695 15.619 15.551 15.512 15.473 15.433 15.394 15.354 15.315 15.276 15.235 15.194 15.153 15.110 15.069 15.019 14.967 14.914 14.862 14.809 14.756 14.704 14.651 14.602 14.554 14.506 14.458 14.410 14.369 14.330 14.291 14.254 14.219 14.183 14.147 14.112 14.076 14.040 14.005 13.969 13.934 13.922 13.980 14.037 14.095 14.153 14.211 14.268 14.326 14.384 14.441 14.499 14.557 14.614 14.708 14.813 14.919 15.029 15.140 15.250 15.360 15.470 15.580
16.665 16.615 16.564 16.514 16.457 16.381 16.305 16.229 16.153 16.077 16.001 15.926 15.850 15.774 15.698 15.622 15.557 15.518 15.479 15.439 15.400 15.360 15.321 15.282 15.242 15.201 15.160 15.119 15.078 15.027 14.974 14.922 14.869 14.817 14.765 14.717 14.669 14.621 14.573 14.525 14.477 14.429 14.389 14.350 14.311 14.272 14.234 14.199 14.163 14.128 14.092 14.056 14.021 13.985 13.949 13.946 14.003 14.061 14.119 14.176 14.234 14.292 14.349 14.407 14.465 14.522 14.580 14.638 14.672 14.774 14.884 14.995 15.105 15.215 15.325 15.435 15.546
16.634 16.586 16.543 16.500 16.444 16.380 16.308 16.232 16.156 16.080 16.004 15.928 15.852 15.776 15.701 15.625 15.563 15.524 15.485 15.445 15.406 15.366 15.327 15.287 15.247 15.208 15.169 15.127 15.086 15.034 14.982 14.929 14.880 14.832 14.784 14.736 14.688 14.640 14.592 14.543 14.495 14.447 14.409 14.370 14.331 14.292 14.253 14.215 14.179 14.143 14.108 14.072 14.036 14.001 13.965 13.969 14.027 14.084 14.142 14.200 14.257 14.315 14.373 14.431 14.488 14.546 14.576 14.589 14.602 14.714 14.844 14.960 15.070 15.180 15.291 15.401 15.511
16.614 16.571 16.528 16.485 16.428 16.365 16.301 16.234 16.158 16.083 16.007 15.931 15.855 15.779 15.703 15.627 15.569 15.530 15.491 15.451 15.412 15.372 15.332 15.293 15.253 15.214 15.175 15.135 15.094 15.043 14.995 14.947 14.899 14.851 14.803 14.755 14.707 14.658 14.610 14.562 14.514 14.467 14.429 14.390 14.351 14.312 14.273 14.235 14.196 14.159 14.123 14.088 14.052 14.017 13.981 13.992 14.050 14.108 14.166 14.223 14.281 14.339 14.396 14.454 14.480 14.493 14.506 14.520 14.533 14.648 14.779 14.909 15.035 15.146 15.256 15.366 15.476
16.600 16.557 16.514 16.471 16.412 16.349 16.286 16.222 16.159 16.085 16.009 15.934 15.858 15.782 15.706 15.630 15.575 15.536 15.497 15.457 15.417 15.377 15.338 15.299 15.259 15.220 15.180 15.137 15.095 15.062 15.014 14.966 14.918 14.870 14.821 14.773 14.725 14.677 14.629 14.581 14.533 14.487 14.449 14.410 14.371 14.332 14.293 14.255 14.216 14.177 14.139 14.104 14.068 14.032 13.997 14.016 14.074 14.131 14.189 14.247 14.304 14.362 14.383 14.397 14.410 14.424 14.437 14.450 14.464 14.583 14.713 14.843 14.974 15.104 15.221 15.331 15.441
16.586 16.543 16.500 16.457 16.396 16.333 16.270 16.206 16.143 16.080 16.012 15.936 15.860 15.784 15.709 15.633 15.581 15.542 15.503 15.463 15.423 15.383 15.344 15.305 15.264 15.220 15.175 15.130 15.090 15.061 15.032 14.984 14.936 14.888 14.840 14.792 14.744 14.696 14.648 14.600 14.552 14.507 14.469 14.430 14.391 14.352 14.313 14.275 14.236 14.197 14.158 14.119 14.084 14.048 14.012 14.039 14.097 14.155 14.212 14.270 14.287 14.301 14.314 14.328 14.341 14.354 14.368 14.381 14.394 14.517 14.647 14.778 14.908 15.038 15.169 15.296 15.407
16.572 16.529 16.486 16.443 16.380 16.317 16.254 16.191 16.127 16.064 16.001 15.938 15.863 15.787 15.711 15.635 15.587 15.548 15.509 15.468 15.429 15.389 15.347 15.302 15.257 15.213 15.168 15.123 15.085 15.057 15.028 14.999 14.955 14.907 14.859 14.811 14.763 14.715 14.667 14.618 14.570 14.527 14.489 14.450 14.411 14.372 14.333 14.295 14.256 14.217 14.178 14.139 14.101 14.064 14.028 14.063 14.120 14.178 14.191 14.205 14.218 14.232 14.245 14.258 14.271 14.284 14.297 14.312 14.325 14.452 14.581 14.711 14.842 14.973 15.103 15.233 15.364
16.558 16.515 16.472 16.428 16.365 16.301 16.238 16.175 16.112 16.048 15.985 15.922 15.859 15.790 15.714 15.638 15.593 15.554 15.513 15.474 15.429 15.385 15.340 15.295 15.250 15.205 15.161 15.116 15.081 15.052 15.023 14.994 14.965 14.926 14.878 14.830 14.781 14.733 14.685 14.637 14.589 14.547 14.509 14.470 14.431 14.392 14.353 14.315 14.276 14.237 14.197 14.158 14.120 14.081 14.043 14.081 14.094 14.108 14.121 14.134 14.148 14.161 14.175 14.188 14.201 14.215 14.228 14.241 14.255 14.385 14.515 14.646 14.776 14.906 15.036 15.167 15.297
16.543 16.500 16.457 16.412 16.349 16.286 16.222 16.159 16.096 16.033 15.969 15.906 15.843 15.780 15.716 15.641 15.599 15.557 15.512 15.467 15.422 15.378 15.333 15.288 15.243 15.198 15.154 15.109 15.076 15.047 15.018 14.989 14.960 14.931 14.896 14.848 14.800 14.752 14.704 14.656 14.608 14.567 14.528 14.490 14.451 14.412 14.373 14.335 14.295 14.256 14.217 14.178 14.140 14.098 14.056 14.018 14.025 14.038 14.052 14.065 14.079 14.092 14.105 14.119 14.132 14.145 14.159 14.172 14.189 14.319 14.450 14.580 14.710 14.841 14.971 15.101 15.231
16.529 16.486 16.443 16.396 16.333 16.270 16.206 16.143 16.080 16.017 15.953 15.890 15.827 15.764 15.701 15.641 15.594 15.550 15.505 15.460 15.415 15.370 15.326 15.281 15.236 15.191 15.146 15.102 15.071 15.042 15.013 14.984 14.956 14.927 14.898 14.867 14.819 14.771 14.723 14.675 14.627 14.587 14.548 14.510 14.471 14.432 14.393 14.353 14.315 14.276 14.236 14.193 14.151 14.108 14.065 14.028 13.991 13.969 13.982 13.996 14.009 14.023 14.036 14.049 14.063 14.076 14.089 14.103 14.124 14.254 14.384 14.514 14.645 14.775 14.905 15.036 15.166
16.515 16.472 16.429 16.380 16.317 16.254 16.191 16.127 16.064 16.001 15.938 15.874 15.811 15.752 15.693 15.634 15.588 15.543 15.498 15.453 15.408 15.363 15.319 15.274 15.229 15.184 15.139 15.095 15.066 15.038 15.009 14.980 14.951 14.922 14.893 14.864 14.835 14.790 14.742 14.693 14.646 14.607 14.568 14.530 14.491 14.451 14.412 14.373 14.331 14.288 14.245 14.203 14.160 14.117 14.075 14.038 14.001 13.963 13.926 13.927 13.940 13.953 13.967 13.980 13.993 14.007 14.020 14.034 14.058 14.188 14.319 14.449 14.579 14.709 14.840 14.970 15.100
16.501 16.458 16.415 16.365 16.301 16.238 16.175 16.112 16.048 15.985 15.922 15.863 15.804 15.745 15.685 15.629 15.583 15.537 15.491 15.446 15.401 15.356 15.311 15.267 15.222 15.177 15.132 15.091 15.062 15.033 15.004 14.975 14.946 14.917 14.888 14.859 14.830 14.801 14.760 14.712 14.666 14.627 14.588 14.550 14.510 14.469 14.426 14.383 14.340 14.298 14.255 14.212 14.169 14.127 14.085 14.048 14.010 13.973 13.936 13.899 13.871 13.884 13.897 13.911 13.924 13.938 13.951 13.964 13.992 14.123 14.253 14.383 14.514 14.644 14.774 14.905 15.035
16.487 16.444 16.401 16.349 16.285 16.222 16.159 16.096 16.033 15.974 15.915 15.856 15.796 15.737 15.679 15.623 15.577 15.531 15.485 15.439 15.394 15.349 15.304 15.259 15.215 15.170 15.125 15.086 15.057 15.028 14.999 14.970 14.941 14.912 14.883 14.855 14.826 14.797 14.768 14.731 14.686 14.647 14.607 14.563 14.521 14.478 14.435 14.392 14.350 14.307 14.264 14.221 14.179 14.136 14.095 14.058 14.020 13.983 13.946 13.909 13.871 13.834 13.828 13.841 13.855 13.868 13.882 13.895 13.927 14.057 14.187 14.318 14.448 14.578 14.709 14.839 14.970
16.470 16.430 16.387 16.333 16.270 16.206 16.144 16.085 16.026 15.968 15.909 15.849 15.790 15.731 15.672 15.617 15.571 15.526 15.480 15.434 15.388 15.342 15.297 15.252 15.208 15.163 15.118 15.081 15.052 15.023 14.994 14.965 14.937 14.908 14.879 14.850 14.821 14.792 14.763 14.734 14.702 14.659 14.615 14.573 14.530 14.487 14.444 14.402 14.359 14.316 14.273 14.231 14.188 14.145 14.105 14.067 14.030 13.993 13.956 13.918 13.881 13.844 13.807 13.772 13.786 13.799 13.812 13.826 13.861 13.992 14.122 14.252 14.382 14.513 14.644 14.775 14.907
16.274 16.357 16.372 16.317 16.255 16.197 16.138 16.079 16.020 15.960 15.901 15.842 15.783 15.724 15.665 15.612 15.566 15.520 15.474 15.428 15.382 15.336 15.290 15.245 15.200 15.156 15.111 15.076 15.047 15.019 14.990 14.961 14.932 14.903 14.874 14.845 14.815 14.785 14.755 14.725 14.698 14.668 14.625 14.582 14.539 14.497 14.454 14.411 14.368 14.326 14.283 14.240 14.197 14.155 14.115 14.077 14.040 14.003 13.966 13.928 13.891 13.854 13.817 13.779 13.742 13.730 13.743 13.756 13.796 13.926 14.056 14.187 14.318 14.449 14.581 14.712 14.844
16.079 16.161 16.275 16.308 16.249 16.190 16.131 16.072 16.012 15.953 15.895 15.836 15.777 15.718 15.659 15.606 15.560 15.514 15.468 15.422 15.377 15.331 15.285 15.239 15.193 15.149 15.104 15.072 15.043 15.014 14.985 14.956 14.927 14.897 14.867 14.837 14.807 14.777 14.747 14.716 14.689 14.663 14.634 14.591 14.549 14.506 14.463 14.420 14.378 14.335 14.292 14.249 14.207 14.164 14.124 14.087 14.050 14.013 13.975 13.938 13.901 13.864 13.826 13.789 13.752 13.715 13.677 13.687 13.730 13.860 13.991 14.123 14.254 14.386 14.517 14.649 14.780
15.922 16.069 16.216 16.245 16.221 16.183 16.125 16.065 16.006 15.947 15.888 15.829 15.770 15.711 15.652 15.601 15.555 15.509 15.463 15.417 15.371 15.325 15.279 15.233 15.187 15.141 15.097 15.067 15.038 15.008 14.978 14.948 14.918 14.888 14.858 14.828 14.797 14.767 14.737 14.708 14.682 14.655 14.629 14.601 14.558 14.515 14.472 14.430 14.387 14.344 14.301 14.259 14.216 14.173 14.134 14.097 14.060 14.023 13.985 13.948 13.911 13.874 13.836 13.799 13.762 13.725 13.687 13.650 13.665 13.796 13.928 14.059 14.191 14.322 14.454 14.585 14.717
15.864 16.011 16.158 16.181 16.158 16.133 16.109 16.058 15.999 15.940 15.881 15.822 15.764 15.705 15.646 15.595 15.549 15.503 15.457 15.411 15.365 15.319 15.274 15.228 15.182 15.136 15.092 15.060 15.030 15.000 14.970 14.940 14.910 14.880 14.849 14.818 14.788 14.758 14.728 14.701 14.674 14.648 14.621 14.595 14.567 14.525 14.482 14.439 14.396 14.354 14.311 14.268 14.225 14.183 14.144 14.107 14.070 14.032 13.995 13.958 13.921 13.883 13.846 13.809 13.772 13.734 13.697 13.656 13.641 13.748 13.864 13.996 14.128 14.259 14.391 14.522 14.654
15.805 15.952 16.099 16.117 16.093 16.069 16.046 16.022 15.993 15.934 15.875 15.816 15.757 15.698 15.639 15.589 15.543 15.498 15.452 15.406 15.360 15.314 15.268 15.222 15.178 15.135 15.092 15.053 15.021 14.991 14.961 14.931 14.900 14.870 14.840 14.810 14.780 14.750 14.720 14.693 14.667 14.640 14.614 14.587 14.561 14.534 14.491 14.448 14.406 14.363 14.320 14.277 14.235 14.192 14.154 14.117 14.080 14.042 14.005 13.968 13.931 13.893 13.856 13.819 13.782 13.741 13.699 13.657 13.626 13.734 13.841 13.948 14.064 14.196 14.327 14.459 14.590
15.746 15.893 16.039 16.053 16.029 16.006 15.982 15.959 15.935 15.911 15.868 15.809 15.750 15.692 15.633 15.584 15.538 15.492 15.446 15.400 15.354 15.309 15.265 15.222 15.178 15.135 15.093 15.053 15.014 14.982 14.951 14.921 14.891 14.861 14.831 14.801 14.771 14.741 14.712 14.686 14.659 14.633 14.606 14.580 14.553 14.526 14.500 14.458 14.415 14.372 14.329 14.287 14.244 14.201 14.164 14.127 14.089 14.052 14.015 13.978 13.940 13.903 13.866 13.827 13.785 13.743 13.700 13.658 13.615 13.718 13.825 13.933 14.040 14.147 14.263 14.394 14.526
15.686 15.833 15.980 15.990 15.966 15.942 15.919 15.895 15.871 15.848 15.824 15.801 15.744 15.685 15.626 15.578 15.532 15.486 15.440 15.396 15.352 15.309 15.265 15.222 15.178 15.134 15.094 15.054 15.013 14.974 14.943 14.913 14.883 14.853 14.822 14.792 14.762 14.732 14.704 14.678 14.651 14.625 14.598 14.572 14.545 14.519 14.492 14.466 14.424 14.382 14.339 14.296 14.253 14.211 14.174 14.137 14.099 14.062 14.025 13.988 13.950 13.912 13.870 13.828 13.786 13.743 13.701 13.659 13.617 13.704 13.811 13.918 14.025 14.133 14.240 14.347 14.462
15.627 15.774 15.921 15.926 15.902 15.879 15.855 15.831 15.808 15.784 15.761 15.737 15.713 15.678 15.620 15.573 15.527 15.483 15.440 15.396 15.352 15.309 15.265 15.221 15.178 15.134 15.094 15.054 15.014 14.974 14.935 14.904 14.874 14.844 14.814 14.784 14.754 14.724 14.697 14.670 14.644 14.617 14.591 14.564 14.538 14.511 14.485 14.458 14.432 14.391 14.348 14.305 14.263 14.221 14.184 14.146 14.109 14.072 14.034 13.996 13.956 13.914 13.872 13.829 13.787 13.745 13.703 13.661 13.618 13.689 13.796 13.904 14.011 14.118 14.225 14.333 14.440
15.569 15.716 15.863 15.862 15.839 15.815 15.792 15.768 15.744 15.721 15.697 15.673 15.650 15.626 15.610 15.570 15.527 15.483 15.439 15.396 15.352 15.309 15.265 15.221 15.178 15.134 15.094 15.054 15.015 14.975 14.935 14.896 14.865 14.835 14.805 14.775 14.745 14.716 14.689 14.663 14.636 14.610 14.583 14.557 14.530 14.504 14.477 14.451 14.424 14.398 14.357 14.315 14.272 14.231 14.194 14.155 14.118 14.081 14.042 14.000 13.957 13.915 13.873 13.831 13.789 13.746 13.704 13.662 13.620 13.674 13.782 13.889 13.996 14.104 14.211 14.318 14.426
