includes/lisflood-fp-604/results/res-0011.wdfp
ncols         631
nrows         906
xllcorner     364927.146667
yllcorner     6531972.565556
cellsize      20.000000
NODATA_value  -9999.000000
[rows 136 to 169 of 906, columns 308 to 384 of 631]
0.014 0.342 0.452 0.632 0.000 0.130 0.000 0.350 0.290 0.000 0.229 0.319 0.439 0.000 0.000 0.000 0.799 0.349 0.709 0.859 0.149 0.099 0.839 0.029 0.288 0.918 1.188 1.178 1.088 1.098 1.138 1.068 1.078 0.918 1.388 1.308 0.998 0.728 0.798 0.968 1.058 0.998 0.938 0.828 0.738 0.898 0.938 0.828 0.758 0.000 0.000 0.000 0.000 0.000 0.000 0.000 0.000 0.000 0.000 0.000 0.000 0.000 0.000 0.000 0.000 0.011 0.000 2.674 2.674 0.000 2.675 0.000 2.675 2.675 2.675 2.675 2.675
0.000 0.000 0.000 0.063 0.213 0.000 0.000 0.000 0.879 0.839 0.269 0.849 0.599 1.049 0.749 0.119 1.039 0.000 0.899 0.619 0.759 0.749 0.669 0.000 0.948 1.038 1.168 1.108 1.348 1.068 1.108 1.108 1.128 1.108 0.000 0.000 0.958 0.668 0.698 0.888 0.968 0.988 1.048 0.848 1.038 0.948 0.998 0.958 0.928 0.968 0.000 0.000 0.000 0.000 0.000 0.000 0.000 0.000 0.000 0.031 0.000 0.000 0.071 0.000 0.000 0.000 0.024 0.000 0.000 0.000 2.675 2.675 2.675 2.675 2.675 2.675 2.676
0.000 0.000 0.000 0.193 0.000 0.000 0.000 0.000 0.429 0.369 0.509 0.379 0.249 0.809 0.579 0.579 1.179 0.319 0.909 0.119 0.649 0.759 0.339 0.109 0.658 1.128 1.098 1.128 1.128 0.958 0.648 1.028 1.058 0.808 1.258 1.218 0.000 1.048 1.128 1.008 0.918 0.918 0.998 0.798 0.798 0.948 1.098 1.028 0.278 0.448 0.878 0.002 0.000 0.000 0.000 0.000 0.000 0.000 0.000 0.000 0.031 0.000 0.000 0.061 0.000 0.000 5.044 0.000 0.000 0.000 0.000 2.675 2.675 2.675 2.675 2.676 2.676
0.000 0.000 0.000 0.000 0.000 0.000 0.000 0.000 0.439 0.159 0.129 0.359 0.449 0.099 0.000 1.279 0.649 0.969 0.889 0.000 0.859 0.709 0.649 0.000 0.788 1.058 1.058 1.068 1.058 1.028 0.968 0.918 0.000 0.000 0.628 0.208 0.868 0.000 0.007 1.328 1.318 1.408 1.108 0.958 0.328 0.528 0.938 1.128 0.578 1.018 1.048 0.388 0.768 0.000 0.000 0.000 0.000 0.000 0.000 0.000 0.000 0.000 0.000 0.000 0.073 0.063 0.001 0.001 0.000 0.022 0.022 0.000 2.675 2.675 2.676 2.676 2.676
0.003 0.000 0.000 0.000 0.000 0.000 0.001 0.000 0.469 0.499 0.299 0.149 0.479 0.000 0.000 1.319 0.000 1.089 0.679 0.369 0.829 0.659 0.579 0.619 0.028 0.928 0.958 1.168 0.000 1.278 0.438 0.078 0.088 0.078 1.058 1.148 0.878 1.008 0.000 0.998 0.000 1.448 1.468 0.758 0.548 0.888 0.868 1.108 1.148 1.068 0.998 0.928 1.108 0.658 0.000 0.000 0.000 0.000 0.000 0.000 0.000 0.032 0.012 0.000 0.013 0.103 0.133 0.000 0.111 0.000 0.001 0.000 2.675 2.675 2.676 2.676 2.676
0.000 0.052 0.004 0.102 0.000 0.000 0.412 0.000 0.200 0.429 0.269 0.869 0.669 1.009 0.339 1.229 0.479 0.259 0.479 0.799 0.699 0.759 0.679 0.549 1.018 0.728 0.000 0.000 0.528 1.158 1.198 1.018 0.918 1.018 0.768 1.098 1.028 1.078 0.858 1.238 0.000 0.000 1.308 0.878 0.348 0.518 0.758 0.878 0.928 1.028 0.948 0.918 1.308 1.268 0.118 0.000 0.000 0.000 0.000 0.000 0.000 0.000 0.022 0.000 0.000 0.000 0.073 5.173 0.000 0.000 0.000 2.675 2.675 2.675 0.000 2.676 2.676
0.502 0.552 0.542 0.452 0.232 0.412 0.392 0.091 0.170 0.000 0.939 0.369 0.279 1.009 0.599 0.819 0.809 0.449 1.069 1.169 0.879 0.729 0.609 0.000 0.818 1.118 0.328 1.008 1.138 1.138 1.278 1.108 1.088 1.148 0.968 0.728 0.818 0.618 1.098 0.968 1.318 1.488 0.988 0.908 0.778 0.538 0.438 1.048 1.088 1.018 1.018 0.908 0.948 0.978 0.368 0.000 0.004 0.000 0.000 0.000 0.000 0.000 0.000 0.000 0.000 0.000 0.000 0.000 5.042 5.042 0.000 2.675 2.675 0.000 2.677 2.677 2.677
0.422 0.332 0.102 0.092 0.472 0.602 0.642 0.122 0.000 0.000 0.589 0.099 1.179 0.939 0.759 0.179 0.039 0.099 1.449 1.599 0.379 0.919 0.369 0.001 0.498 1.148 0.978 1.238 1.148 1.178 1.228 1.098 1.108 1.098 1.098 1.018 0.458 1.048 1.148 1.098 1.108 0.118 1.338 1.188 1.258 1.368 1.078 0.768 1.148 1.088 1.188 1.078 1.048 0.998 0.998 1.488 0.678 0.000 0.000 0.000 0.000 0.000 0.000 0.000 0.000 0.000 0.000 0.000 0.000 0.000 0.022 0.000 0.000 0.000 0.000 2.677 2.677
0.000 0.512 0.812 0.632 0.832 0.812 0.072 0.282 0.000 0.399 0.279 1.059 1.069 0.979 0.649 1.009 0.429 0.959 1.249 0.469 0.199 1.099 0.129 0.069 1.248 0.968 1.118 0.968 1.068 1.148 1.098 1.098 1.248 1.028 1.178 0.968 0.668 1.018 1.038 1.048 1.038 1.148 0.128 0.000 1.278 1.318 1.148 1.298 0.998 0.678 0.948 1.108 0.508 0.108 0.428 1.088 0.828 0.268 0.000 0.000 0.000 0.000 0.000 0.000 0.000 0.000 0.000 0.000 0.021 0.000 0.000 0.000 0.000 0.000 0.000 2.677 2.677
0.632 0.702 0.662 0.702 0.000 0.162 0.432 0.000 0.160 0.120 0.000 0.240 0.310 0.000 0.559 0.659 0.000 0.139 1.409 0.279 0.439 1.049 1.059 0.000 0.768 1.068 0.948 0.928 1.008 1.058 1.018 1.108 1.178 1.018 1.018 0.988 1.288 0.858 0.858 1.018 0.948 0.998 1.358 1.308 0.000 0.000 0.002 1.098 0.000 1.198 1.338 1.268 1.208 0.328 0.838 0.458 0.738 0.418 0.338 0.000 0.000 0.000 0.000 0.000 0.000 0.000 0.000 0.000 0.000 0.000 0.032 0.000 2.677 2.677 2.677 2.677 2.677
0.692 0.000 0.000 1.082 1.082 0.932 0.272 0.022 0.000 0.091 0.000 1.120 0.940 0.130 0.750 0.519 1.209 1.189 1.459 0.959 0.000 0.959 0.909 0.929 0.000 0.988 1.258 0.818 1.028 1.038 1.148 1.108 1.018 1.138 0.998 1.028 1.108 0.908 0.938 1.048 1.168 0.968 1.018 0.000 0.000 0.006 0.000 0.158 1.158 0.000 1.238 1.168 1.408 1.428 0.888 0.808 0.000 0.688 0.698 0.458 0.000 0.000 0.000 0.000 0.000 0.000 0.000 0.000 0.071 0.000 0.000 0.000 0.000 0.000 2.677 0.000 2.677
0.842 1.052 1.062 0.882 0.962 0.812 0.272 0.000 0.211 0.171 0.251 0.210 0.200 0.730 0.710 0.000 0.590 1.260 1.420 0.970 0.820 0.000 0.939 1.088 1.118 0.000 0.888 1.118 0.968 1.008 1.058 1.238 1.068 0.968 1.008 1.018 1.008 0.838 0.798 0.888 0.748 0.808 1.088 1.047 0.957 0.917 1.087 1.007 0.000 0.535 0.000 1.158 0.328 0.328 0.528 0.148 0.168 0.000 0.878 0.538 0.268 0.000 0.000 0.000 0.000 0.000 0.000 0.000 0.000 0.000 0.000 0.000 0.000 0.000 2.676 0.000 0.000
0.932 0.772 0.892 0.000 0.162 0.782 0.862 0.202 0.341 0.411 0.421 0.981 0.030 0.780 0.690 1.450 1.170 1.190 1.080 0.770 1.330 1.140 0.000 1.128 1.098 1.148 0.808 0.868 0.908 1.138 0.948 0.958 1.198 1.128 0.898 0.828 1.178 0.568 0.888 1.048 0.968 0.948 1.178 1.077 1.297 1.107 1.117 1.077 1.027 0.012 0.515 0.000 0.000 0.458 1.048 0.428 0.000 0.407 0.328 0.000 0.297 0.377 0.000 0.000 0.000 0.000 0.000 0.081 0.000 0.000 0.000 0.051 0.000 0.000 0.000 0.000 2.678
0.752 0.092 0.322 0.422 0.732 0.942 0.872 0.772 0.301 0.281 0.251 0.141 0.650 0.740 0.000 0.060 0.550 1.020 1.220 1.340 0.300 0.530 1.130 0.000 0.898 1.048 0.818 0.738 0.828 1.078 0.988 1.048 1.098 0.918 1.018 0.628 0.698 0.798 0.898 1.038 1.088 1.028 1.097 1.247 1.077 1.117 1.137 1.027 1.047 0.187 0.000 0.000 0.000 0.328 0.708 0.398 1.437 0.757 0.447 0.717 0.457 0.367 0.000 0.000 0.000 0.000 0.000 0.000 0.011 0.000 0.000 0.000 0.001 0.000 0.001 5.064 0.000
0.512 0.852 0.522 0.892 0.512 0.792 0.832 0.782 0.512 0.562 0.792 0.011 0.600 0.550 1.690 0.420 0.810 0.710 1.140 0.580 1.270 0.410 0.300 0.959 0.000 1.128 1.028 0.000 0.618 0.878 1.118 1.078 1.058 1.268 0.518 0.918 0.958 0.948 1.038 0.998 0.918 1.098 1.057 1.167 1.257 0.987 1.217 1.107 1.177 1.047 0.367 1.027 0.547 0.000 0.006 0.278 1.417 0.407 1.287 0.617 0.237 0.467 0.047 0.000 0.000 0.000 0.000 0.000 0.000 0.000 0.031 0.000 0.000 0.012 0.000 0.024 0.001
0.152 0.902 0.632 0.892 0.932 0.822 0.752 1.012 0.922 0.542 0.000 0.760 0.740 0.300 1.610 0.610 0.620 0.850 0.690 1.170 0.460 1.160 0.860 0.339 0.929 0.119 1.158 1.018 0.000 0.568 0.748 0.708 0.738 0.978 1.018 1.008 1.078 1.078 0.838 1.028 1.118 1.017 0.897 1.157 0.897 0.997 1.067 0.877 0.517 0.527 1.117 1.147 1.157 1.187 0.000 0.347 1.307 0.000 0.817 0.857 0.527 0.627 0.727 0.547 0.000 0.000 0.000 0.000 0.000 0.000 0.000 0.121 0.000 0.000 0.000 0.000 0.062
0.302 0.872 0.942 1.002 0.202 1.012 0.482 0.722 0.642 0.062 0.000 0.850 0.730 0.740 1.380 0.840 0.790 0.660 0.980 0.840 1.170 0.730 1.239 1.239 0.549 1.019 0.759 1.148 1.308 0.000 0.018 0.548 1.008 1.088 0.888 1.198 0.978 0.958 1.118 1.028 0.968 0.947 1.127 0.817 0.637 1.027 1.027 1.097 1.217 1.257 1.217 1.307 1.157 1.147 1.187 0.327 1.457 0.267 0.637 1.217 0.607 0.107 0.677 0.697 0.367 0.000 0.000 0.000 0.000 0.000 0.021 0.000 0.000 0.002 0.000 0.000 0.012
0.132 0.822 0.972 0.832 0.192 0.752 0.612 0.982 0.892 0.000 0.620 0.750 0.130 0.400 1.000 0.280 0.760 0.980 0.950 0.510 0.710 0.450 1.199 0.479 0.679 0.939 0.249 1.178 1.188 1.168 0.898 0.918 0.988 0.978 1.048 0.898 0.938 0.908 0.898 0.947 0.397 0.927 1.047 1.147 1.237 1.187 1.187 1.307 1.237 1.167 1.197 1.247 1.167 1.147 1.237 0.387 0.000 0.177 0.697 0.917 0.907 0.317 0.697 0.787 0.597 0.117 0.000 0.000 0.000 0.000 0.000 0.051 0.000 0.000 0.000 0.000 0.000
0.132 0.482 0.922 1.082 0.000 1.102 0.242 0.972 0.000 0.000 0.500 0.400 0.850 0.900 0.510 0.700 0.850 0.670 0.510 1.280 0.640 0.690 1.059 0.649 1.209 0.629 0.509 0.409 1.248 0.718 0.468 0.668 0.958 0.858 0.828 0.848 0.408 0.448 1.417 1.027 1.017 1.187 1.267 1.197 1.347 1.197 1.217 1.277 1.167 1.187 1.247 1.377 1.487 1.417 1.207 0.000 0.000 1.547 0.000 1.097 1.287 0.617 0.727 0.747 0.577 0.277 0.000 0.000 0.000 0.000 0.000 0.000 0.001 0.000 0.000 0.000 0.062
0.232 0.532 0.092 0.942 0.892 0.302 0.512 0.612 0.151 0.851 0.390 0.100 0.340 0.370 0.100 0.500 0.590 1.140 0.440 0.960 0.630 0.510 0.720 0.839 0.919 1.589 0.469 0.249 0.498 0.848 0.848 0.858 0.788 0.578 1.238 0.828 0.957 0.997 1.097 1.157 1.337 1.177 1.177 1.177 1.277 1.157 1.217 1.257 1.267 1.227 1.447 1.317 1.167 1.157 1.097 0.607 0.000 0.187 1.317 0.000 1.057 1.167 1.147 0.647 0.527 0.377 0.000 0.000 0.012 0.000 0.000 0.000 0.000 0.000 0.101 0.000 0.000
0.882 0.432 0.382 0.832 0.832 0.932 0.000 0.222 0.000 0.881 0.731 0.641 0.851 0.850 0.000 0.290 0.260 0.920 0.450 0.570 0.480 1.110 0.440 0.500 0.349 0.619 0.529 0.659 0.688 0.908 1.158 0.838 0.938 1.048 1.008 0.958 1.087 1.107 1.317 1.207 1.187 1.077 1.077 1.057 1.127 1.067 1.087 1.477 1.397 1.337 1.367 1.237 1.247 1.247 1.237 1.477 0.337 0.367 0.507 1.647 0.009 1.107 0.787 0.387 0.217 0.127 0.000 0.000 0.000 0.000 0.000 0.000 0.000 0.000 0.000 0.000 0.001
0.172 1.152 0.392 0.562 0.262 0.992 0.341 0.121 0.401 0.671 0.011 0.571 0.501 0.331 0.250 0.410 0.470 0.670 0.460 1.050 0.900 0.870 0.970 1.040 0.800 0.589 0.259 0.529 0.428 1.218 0.878 0.968 0.428 1.078 1.078 1.068 1.117 1.097 1.127 1.157 1.167 1.147 1.127 1.067 1.087 1.177 1.247 1.327 1.247 1.627 1.277 1.227 1.147 1.067 1.197 1.157 0.127 0.417 0.407 0.000 1.047 0.937 0.787 0.697 0.217 0.457 0.000 0.000 0.000 0.102 0.000 0.000 0.000 0.071 0.000 0.121 0.000
0.052 0.000 1.742 0.042 0.742 0.422 0.471 0.000 0.611 0.401 0.821 0.631 0.551 0.611 0.460 0.280 0.510 1.260 1.320 0.550 0.280 0.600 0.590 0.300 0.460 0.209 0.409 0.629 0.001 0.108 0.738 0.918 0.688 0.908 0.958 1.127 1.257 1.367 1.217 1.087 1.127 0.977 1.037 1.017 1.107 1.097 1.187 1.147 1.097 1.097 1.137 1.187 1.147 1.217 1.457 1.487 0.000 0.557 0.367 0.467 1.197 0.000 0.797 0.927 0.227 0.437 0.086 0.000 0.000 0.000 0.403 0.000 0.000 0.000 0.000 0.061 0.000
0.392 0.722 0.000 1.892 0.000 0.172 0.571 0.441 0.681 0.081 0.561 0.541 0.781 0.000 0.420 0.650 1.370 1.020 0.760 0.000 1.130 1.110 0.610 0.830 0.010 0.949 0.559 0.000 0.949 0.079 0.868 0.638 0.978 0.458 0.867 0.937 0.977 0.957 0.997 1.157 1.207 1.527 1.467 1.317 1.027 1.147 1.067 1.127 1.147 1.157 1.237 1.227 1.257 1.287 1.307 1.297 1.427 0.457 0.447 0.000 0.000 0.137 0.387 1.307 0.009 0.316 0.126 0.276 0.000 0.000 0.403 0.000 0.000 0.000 0.000 0.000 0.000
0.662 1.052 0.022 0.712 1.122 1.692 0.000 0.931 0.281 0.251 0.721 1.061 0.701 0.000 0.370 0.570 1.050 0.600 0.790 0.470 0.950 0.000 0.730 0.000 0.700 0.300 0.660 0.250 0.869 0.139 0.428 0.768 1.158 0.398 0.857 0.977 1.087 1.077 1.087 1.147 1.187 1.257 1.257 1.237 1.167 1.197 1.177 1.267 1.317 1.287 1.257 1.167 1.267 1.197 1.287 1.387 1.247 0.207 0.057 0.000 0.267 0.697 0.000 0.717 0.056 0.435 0.235 0.000 0.000 0.000 0.000 0.000 0.000 0.000 0.000 0.000 0.000
0.352 0.672 0.422 0.292 0.000 0.000 2.122 0.192 0.000 0.641 0.471 0.631 0.611 0.000 0.470 0.520 0.790 0.970 0.030 0.700 0.990 0.000 0.880 0.000 0.970 0.390 0.410 0.770 0.179 0.589 0.969 0.588 0.818 0.228 0.967 1.027 0.997 1.127 1.067 1.077 1.157 1.137 1.197 1.257 1.157 1.177 1.237 1.177 1.217 1.377 1.207 1.257 1.377 1.357 1.277 1.307 1.227 0.000 0.000 0.000 0.257 1.407 0.000 0.486 0.465 0.515 1.075 0.265 0.000 0.000 0.000 0.000 0.000 0.151 0.000 0.000 0.000
0.302 0.692 1.212 0.852 1.162 0.032 1.232 0.362 1.952 0.581 0.181 0.561 0.571 0.000 0.490 0.590 0.890 0.880 0.001 0.850 0.070 0.790 0.400 0.850 1.030 0.660 0.080 0.200 0.840 0.229 0.619 0.169 0.588 0.118 0.847 0.847 1.157 1.107 1.057 0.967 1.147 1.137 1.187 1.217 1.197 1.127 1.287 1.187 1.217 1.387 1.537 1.367 1.437 1.237 1.347 1.307 1.307 0.827 0.000 0.177 0.317 0.000 0.002 0.000 1.045 0.555 0.985 0.595 0.005 0.000 0.000 0.000 0.271 0.441 0.000 0.000 0.000
0.882 0.402 0.172 0.242 0.332 0.142 0.842 0.242 0.442 0.000 1.882 0.000 0.681 0.000 0.661 0.561 0.771 0.501 0.481 0.930 0.000 1.140 0.000 0.870 0.030 0.280 0.080 0.780 1.370 1.150 1.470 0.199 0.868 0.218 0.547 1.017 1.107 1.047 1.147 1.117 1.167 1.197 1.317 1.107 1.267 1.177 1.137 1.247 1.197 1.197 1.207 1.307 1.277 1.227 1.307 1.277 1.387 1.377 0.327 0.317 0.067 0.000 1.455 0.095 0.905 0.825 0.655 0.635 0.385 0.000 0.000 0.000 0.261 0.351 0.241 0.000 0.000
1.132 1.032 0.763 0.663 0.742 1.152 1.232 0.562 0.142 0.282 0.182 1.932 0.000 0.511 0.591 0.381 0.541 0.891 0.931 0.661 0.621 1.230 0.021 0.940 0.160 0.550 0.870 1.240 1.030 0.000 1.570 0.099 0.248 0.828 0.187 0.507 0.447 0.507 0.637 0.707 0.597 0.727 0.817 0.827 0.767 0.997 1.077 1.017 1.097 1.197 1.237 1.247 1.317 1.227 1.187 1.257 1.197 1.117 0.337 0.057 0.000 0.000 0.000 0.055 0.295 0.815 0.835 0.635 0.655 0.000 0.000 0.000 0.301 0.351 0.141 0.141 0.000
0.333 0.433 1.213 0.963 0.472 0.432 0.682 0.772 0.772 0.402 0.072 0.052 2.111 0.961 0.221 0.181 0.361 0.921 0.931 0.051 0.951 0.000 0.372 0.001 0.710 0.340 1.450 0.620 0.031 1.131 0.371 0.091 0.000 0.348 0.187 0.087 1.137 1.167 1.127 1.157 1.187 1.157 1.037 1.027 1.147 1.197 1.267 1.127 1.127 1.037 1.157 1.307 1.197 1.247 1.357 1.207 0.977 0.597 0.000 0.000 0.000 0.000 2.094 0.000 0.194 0.485 0.525 0.445 0.424 0.064 0.000 0.000 0.061 0.301 0.391 0.221 0.000
0.493 1.083 0.653 0.793 0.343 0.202 0.222 0.132 0.382 0.442 0.752 0.382 0.000 1.931 0.191 0.191 0.531 1.021 1.461 0.301 1.191 0.000 0.942 0.171 0.441 0.290 0.870 0.000 1.121 0.411 0.221 0.421 0.291 0.168 0.357 0.297 1.147 1.167 1.107 1.117 1.087 1.087 1.007 1.257 1.067 1.197 1.277 1.217 1.137 1.117 1.087 1.087 1.157 1.177 1.387 1.437 1.397 1.287 1.417 0.367 0.000 0.064 2.394 0.984 0.304 0.244 0.414 0.384 0.564 0.604 0.000 0.000 0.000 0.281 0.301 0.441 0.321
0.593 1.043 0.523 0.913 0.163 0.000 0.182 0.082 0.182 0.462 0.292 0.662 0.272 0.351 1.031 0.331 0.551 0.831 0.791 1.321 0.231 0.682 0.852 0.342 0.331 0.461 0.051 1.102 0.312 0.262 1.022 1.292 0.041 0.078 0.087 0.677 1.077 1.257 1.147 1.037 1.167 1.167 1.207 1.387 1.117 1.117 1.057 1.127 1.137 1.197 1.127 1.217 1.267 1.297 1.327 1.247 1.207 1.217 0.997 0.317 0.000 0.000 2.164 1.064 0.494 0.464 0.000 0.544 0.454 0.624 0.000 0.000 0.000 0.003 0.000 0.000 0.000
1.043 1.003 1.053 1.083 0.293 0.033 0.000 0.853 1.353 0.273 0.343 0.272 0.602 0.162 0.611 1.771 0.351 0.891 0.000 1.101 0.000 0.742 0.000 0.662 0.582 0.222 0.062 0.392 1.042 1.102 1.072 0.452 0.062 0.000 0.067 0.717 0.987 1.217 1.397 1.187 1.207 1.167 1.117 1.017 1.427 1.027 0.987 1.147 1.177 1.267 1.237 1.317 1.247 1.227 1.267 1.277 1.367 1.247 1.037 0.000 0.762 0.000 1.694 1.114 1.034 0.084 1.064 0.544 0.000 0.474 0.000 0.000 0.000 0.311 0.141 0.091 0.161
0.283 0.263 0.163 1.103 0.000 0.000 0.000 0.000 0.203 0.843 0.383 0.663 0.000 0.224 0.000 0.000 1.721 0.301 0.802 1.171 0.342 0.722 0.662 0.562 1.192 0.112 0.262 0.332 0.112 0.702 1.282 0.392 0.822 0.119 0.257 1.037 0.907 1.037 1.147 1.097 1.117 1.027 1.057 1.157 1.157 1.487 1.197 1.037 1.117 1.197 1.167 1.267 1.167 1.207 1.317 1.317 1.477 1.327 1.307 0.827 0.000 0.000 0.124 1.134 1.044 1.044 0.454 0.354 0.494 0.394 0.454 0.000 0.000 0.171 0.241 0.221 0.361
