includes/lisflood-fp-604/results/res-0011.wd
ncols         631
nrows         906
xllcorner     364927.146667
yllcorner     6531972.565556
cellsize      20.000000
NODATA_value  -9999.000000
[rows 510 to 543 of 906, columns 462 to 538 of 631]
0.000 0.000 0.188 1.168 0.838 1.138 0.768 0.458 1.258 1.138 1.258 1.238 1.248 1.298 1.278 1.368 1.278 0.508 0.978 0.828 1.068 0.838 0.068 1.248 0.948 0.000 1.448 1.388 1.298 0.938 0.468 0.818 0.338 1.128 1.258 0.000 0.000 0.000 0.000 0.000 0.000 0.000 0.000 0.000 0.031 0.000 0.000 0.000 0.000 0.012 0.000 0.000 0.000 0.000 0.000 0.063 0.073 0.073 0.072 0.072 5.072 0.072 0.072 0.072 0.072 0.071 0.071 0.071 0.071 0.070 0.070 0.069 0.069 0.069 0.068 0.068 0.067
0.000 0.004 0.078 1.478 1.118 1.428 1.518 1.038 1.028 0.588 0.000 0.898 1.378 1.158 1.318 0.358 0.568 1.048 0.438 1.398 0.898 1.018 0.998 1.108 1.088 1.338 0.000 1.458 1.008 0.318 0.708 0.508 0.418 0.698 1.018 0.000 0.000 0.000 0.000 0.000 0.031 0.000 0.000 0.000 0.000 0.041 0.000 0.161 0.000 0.000 0.000 0.052 0.000 0.000 0.043 0.013 0.073 0.073 0.073 0.073 0.073 5.073 0.072 0.072 0.072 0.072 0.071 0.071 0.071 0.070 0.070 0.070 0.069 0.069 0.068 0.068 0.067
1.228 0.148 0.548 0.828 1.038 0.538 0.728 0.728 0.588 0.418 0.928 1.088 1.378 1.298 0.648 0.548 0.658 0.748 0.998 0.438 0.758 1.018 1.238 1.128 1.648 1.158 1.368 1.078 1.058 1.148 0.000 0.528 1.068 0.958 0.788 0.000 0.000 0.000 0.111 0.000 0.000 0.000 0.000 0.000 0.000 0.000 0.071 0.000 0.000 0.000 0.000 0.000 0.083 0.000 0.004 0.013 0.073 0.073 0.073 0.073 0.073 5.073 5.073 0.072 0.072 0.072 0.072 0.071 0.071 0.071 0.070 0.070 0.069 0.069 0.068 0.068 0.067
0.528 0.278 0.358 0.788 0.418 0.868 0.468 0.288 0.118 1.038 0.588 1.238 1.088 0.608 0.938 0.898 0.948 0.948 1.088 1.118 0.818 0.798 1.008 1.298 0.828 0.838 1.188 0.188 1.918 0.998 1.238 0.058 0.218 0.738 0.288 0.000 0.000 0.011 0.000 0.000 0.181 0.000 0.022 0.000 0.000 0.000 0.000 0.001 0.000 0.001 0.001 0.002 0.000 0.014 5.074 0.074 0.073 0.073 0.073 0.073 0.073 0.073 5.073 0.072 0.072 0.072 0.072 0.071 0.071 0.071 0.070 0.070 0.069 0.069 0.068 0.068 0.067
1.318 1.428 0.978 0.948 1.528 0.798 0.588 0.788 0.728 1.168 0.538 0.948 0.958 0.878 0.688 0.668 0.828 0.788 1.708 1.098 1.148 0.998 0.748 1.058 1.118 0.000 1.358 1.048 0.000 1.128 1.088 0.668 0.708 0.808 0.000 0.000 0.000 0.000 0.000 0.000 0.000 0.000 0.000 0.004 0.000 0.066 0.000 0.000 0.000 0.001 0.000 0.000 0.000 0.000 0.024 0.074 0.064 0.074 0.073 0.073 0.073 0.073 0.073 5.073 0.072 0.072 0.072 0.072 0.071 0.071 0.070 0.070 0.069 0.069 0.068 0.068 0.067
1.248 1.338 1.098 0.958 0.558 0.918 1.458 0.988 0.778 1.278 0.368 0.838 0.888 0.548 0.508 0.618 1.168 1.328 0.718 1.438 1.098 0.398 0.948 0.918 1.038 0.968 0.288 1.268 1.158 0.000 1.358 1.248 0.278 0.398 0.000 1.171 0.000 0.000 0.011 0.000 0.031 0.000 0.000 0.054 0.003 0.006 0.036 0.000 0.001 0.000 0.027 0.087 0.000 0.074 0.034 0.074 0.074 0.074 0.074 0.074 0.073 0.073 0.073 0.073 5.073 0.072 0.072 0.072 0.071 0.071 0.071 0.070 0.070 0.069 0.068 0.068 0.067
1.248 1.378 1.188 0.918 0.658 0.658 0.628 0.938 0.758 0.468 0.000 0.898 1.318 0.009 0.438 1.558 1.248 0.888 0.828 0.998 1.078 1.008 0.288 0.738 0.988 0.608 0.738 0.838 1.378 1.218 0.748 1.308 1.168 0.318 0.004 0.000 0.000 0.112 0.000 0.002 0.000 0.602 0.000 0.174 0.000 0.096 0.516 0.002 0.002 0.001 0.000 0.087 0.005 0.000 0.024 0.074 0.074 0.074 0.074 0.074 0.074 0.074 0.073 0.073 0.073 5.073 0.072 0.072 0.072 0.071 0.071 0.070 0.070 0.069 0.068 0.068 0.067
1.348 1.048 1.288 1.108 0.728 0.648 0.798 1.488 0.388 0.948 0.000 0.828 1.178 0.000 0.388 0.778 0.768 1.358 1.378 0.818 0.758 1.078 0.978 0.638 0.698 0.798 0.748 0.308 1.278 1.248 0.488 1.298 1.208 0.668 1.378 0.000 0.000 0.042 0.000 0.000 0.000 0.602 0.000 0.000 0.000 0.046 0.000 0.000 0.000 0.178 0.000 0.000 0.025 0.075 0.035 0.075 0.074 0.074 0.074 0.074 0.074 0.074 0.074 0.073 0.073 5.073 5.073 0.072 0.072 0.071 0.071 0.070 0.070 0.069 0.068 0.068 0.067
1.408 1.418 1.498 1.348 0.728 0.668 0.828 0.718 0.628 0.618 0.000 0.848 1.158 0.238 1.558 0.738 1.138 0.988 1.158 1.238 0.728 1.738 1.128 1.148 1.048 0.878 0.968 1.048 0.248 1.278 0.938 0.258 1.718 0.108 1.258 0.000 0.101 0.000 0.000 0.545 0.045 0.000 0.000 0.061 0.000 0.000 0.000 0.000 0.000 0.007 0.000 0.000 0.000 0.075 0.075 0.075 0.075 0.075 0.075 0.074 0.074 0.074 0.074 0.074 0.073 0.073 5.073 0.072 0.072 0.071 0.071 0.070 0.070 0.069 0.068 0.068 0.067
1.328 1.358 1.238 1.228 0.688 0.688 0.778 0.778 1.018 1.078 0.238 0.838 1.128 0.138 0.818 0.808 0.728 0.808 0.998 0.708 1.018 0.548 0.938 0.868 0.378 0.808 0.968 0.328 0.878 0.000 0.918 0.448 1.998 0.000 1.598 0.000 0.000 0.081 0.000 0.055 0.055 0.000 0.000 0.000 0.000 0.000 0.000 0.002 0.000 0.004 0.002 0.056 0.046 0.045 0.075 0.075 0.075 0.075 0.075 0.075 0.075 0.074 0.074 0.074 0.074 0.073 0.073 5.073 0.072 0.072 0.071 0.070 0.070 0.069 0.068 0.068 0.067
1.258 1.298 1.178 0.348 0.858 0.718 0.788 0.928 1.218 0.778 1.348 0.938 1.158 0.378 0.288 1.498 0.868 0.638 0.948 0.978 1.148 0.898 0.928 1.148 1.038 0.668 0.988 0.438 0.348 0.368 0.768 0.608 0.508 0.000 0.628 0.000 0.111 0.000 0.000 0.015 0.065 0.065 0.000 0.000 0.000 0.000 0.000 0.001 0.062 0.000 0.000 0.056 0.076 5.076 0.076 0.075 0.075 0.075 0.075 0.075 0.075 0.075 0.075 0.074 0.074 0.074 0.073 0.073 5.072 0.072 0.071 0.070 0.070 0.069 0.068 0.068 0.067
1.188 1.248 1.448 0.308 0.788 0.888 0.998 0.968 1.198 1.068 0.878 1.278 1.258 0.588 0.268 1.068 1.548 0.838 0.728 1.108 0.908 0.608 0.958 1.578 0.858 1.098 0.818 0.868 0.428 0.818 0.688 0.658 0.438 0.000 0.978 0.000 0.000 0.091 0.000 0.000 0.000 0.002 0.000 0.033 0.000 0.000 0.000 0.024 0.000 0.000 0.000 0.036 0.036 0.036 0.076 0.076 0.076 0.076 0.076 0.075 0.075 0.075 0.075 0.075 0.074 0.074 0.073 0.073 0.073 5.072 0.071 0.071 0.070 0.069 0.069 0.068 0.067
0.508 1.168 1.468 0.628 0.798 0.838 0.898 1.178 1.118 0.798 0.598 0.818 1.218 0.768 0.318 0.658 1.588 0.728 0.988 0.958 1.288 0.888 1.208 0.718 0.558 0.698 0.878 0.838 0.608 0.888 0.698 1.278 0.588 1.298 1.258 0.000 0.002 0.051 0.000 0.055 0.000 0.002 0.003 0.001 0.000 0.000 0.000 0.002 0.045 0.002 0.001 0.001 5.076 5.076 0.076 0.076 0.076 0.076 0.076 0.076 0.076 0.075 0.075 0.075 0.075 0.074 0.074 0.073 0.073 5.072 0.071 0.071 0.070 0.069 0.069 0.068 0.067
0.938 0.478 0.638 0.698 0.938 0.898 0.918 1.118 1.168 0.828 1.058 0.778 1.138 1.118 0.518 1.038 0.858 1.688 0.848 0.878 1.538 0.828 1.558 0.818 0.848 0.268 0.888 0.468 1.078 0.408 0.618 0.678 0.003 1.438 0.388 0.000 0.000 0.000 0.000 0.005 0.005 0.000 0.002 0.016 0.003 0.136 0.000 0.000 0.000 0.000 0.002 0.000 0.017 0.047 0.077 0.077 0.076 0.076 0.076 0.076 0.076 0.076 0.076 0.075 0.075 0.074 0.074 0.074 0.073 0.072 5.071 0.071 0.070 0.069 0.069 0.068 0.067
0.278 0.298 0.448 0.578 1.348 1.448 1.248 1.448 0.518 1.078 0.468 0.418 1.288 1.148 1.098 1.098 1.278 1.068 1.418 0.928 0.748 1.128 0.898 0.938 1.308 0.898 0.948 1.808 0.398 0.648 0.868 0.798 0.000 1.008 1.088 0.000 0.000 0.000 0.000 0.000 0.014 0.002 0.001 0.000 0.016 0.086 0.000 0.000 0.004 0.058 0.005 5.078 0.028 0.077 0.077 0.077 0.077 0.077 0.077 0.077 0.076 0.076 0.076 0.076 0.075 0.075 0.074 0.074 0.073 0.072 0.072 5.070 0.070 0.070 0.069 0.068 0.067
1.738 1.488 1.058 1.158 1.258 0.988 0.848 1.148 0.888 1.128 0.448 0.288 0.878 0.858 0.108 1.408 0.938 0.778 1.738 1.338 0.918 1.018 1.138 0.788 1.368 1.478 1.198 1.818 1.518 0.628 0.928 0.000 0.000 1.308 1.068 0.000 0.000 0.031 0.000 0.000 0.000 0.000 0.094 0.000 0.106 0.003 0.004 0.011 0.057 0.000 0.000 0.068 0.078 0.057 0.077 0.077 0.077 0.077 0.077 0.077 0.077 0.077 0.076 0.076 0.076 0.075 0.075 0.074 0.073 0.073 0.072 5.070 5.070 0.070 0.069 0.067 0.066
0.148 1.588 0.288 0.009 0.478 1.748 0.748 0.678 0.698 0.908 0.948 0.218 0.098 0.048 0.138 0.718 0.698 0.598 0.808 1.568 0.848 0.968 1.058 1.068 1.208 1.268 0.728 0.648 0.908 0.788 0.628 0.000 0.000 1.198 1.198 0.000 0.051 0.000 0.002 0.022 0.000 0.001 0.014 0.064 0.000 0.003 0.037 0.000 0.004 0.000 0.000 0.068 0.058 0.001 0.078 0.078 0.078 0.078 0.078 0.077 0.077 0.077 0.077 0.076 0.076 0.076 0.075 0.074 0.074 0.073 0.072 0.071 5.070 5.070 0.069 0.067 0.066
0.178 0.308 0.188 0.528 0.658 0.158 0.918 0.758 0.768 0.918 0.438 0.038 0.000 0.448 0.818 0.928 0.658 0.798 1.468 0.518 1.538 0.958 0.898 1.078 0.858 0.898 0.848 0.908 0.658 0.608 0.818 0.758 1.088 1.228 1.248 0.000 0.000 0.000 0.000 0.000 0.000 0.032 0.000 0.000 0.123 0.000 0.000 0.000 0.008 0.000 0.009 0.079 0.029 5.079 0.079 0.078 0.078 0.078 0.078 0.078 0.078 0.077 0.077 0.077 0.076 0.076 0.075 0.075 0.074 0.073 0.072 0.072 0.071 5.070 0.069 0.067 0.066
0.448 0.968 0.000 0.848 0.678 0.338 1.688 1.188 1.488 0.028 0.518 0.648 0.158 1.588 1.228 0.828 1.168 0.728 1.028 1.178 0.738 1.458 0.978 0.978 1.078 0.818 1.448 1.248 1.008 0.218 0.000 0.698 1.088 0.688 1.338 0.000 0.000 0.000 0.041 0.000 0.000 0.000 0.000 0.000 0.000 0.000 0.000 0.000 0.005 0.006 0.059 5.079 0.079 0.079 0.069 0.079 0.079 0.079 0.079 0.078 0.078 0.078 0.078 0.077 0.077 0.076 0.076 0.075 0.074 0.074 0.073 0.072 0.071 0.070 5.068 0.067 0.066
0.168 0.168 0.808 0.958 0.458 1.318 0.000 0.368 0.468 0.838 0.968 0.978 0.738 1.678 0.428 1.358 0.748 1.578 0.828 0.958 0.748 1.618 0.918 0.938 1.148 0.648 1.068 1.038 1.268 1.078 0.138 0.000 0.498 1.048 0.938 0.000 0.000 0.000 0.000 0.152 0.000 0.000 0.042 0.000 0.061 0.000 0.001 0.000 0.000 0.000 0.040 0.000 0.040 0.080 0.080 0.079 0.079 0.079 0.079 0.079 0.079 0.078 0.078 0.078 0.077 0.077 0.076 0.076 0.075 0.074 0.073 0.072 0.071 0.070 0.068 5.065 0.065
0.938 0.928 0.968 1.018 0.118 0.058 1.128 1.268 0.068 1.588 1.368 0.688 1.458 0.858 0.888 0.638 1.328 0.698 1.408 0.918 0.858 0.628 1.408 0.918 0.918 0.258 0.618 1.248 1.148 0.928 0.198 0.000 0.918 1.218 0.000 0.000 0.000 0.101 0.000 0.000 0.000 0.000 0.000 0.000 0.000 0.000 0.000 0.031 0.000 0.003 0.070 0.080 0.080 0.080 0.080 0.080 0.080 0.080 0.080 0.079 0.079 0.079 0.079 0.078 0.078 0.077 0.077 0.076 0.075 0.074 0.073 0.072 0.071 0.070 0.068 5.065 5.065
0.948 0.938 0.838 0.308 1.448 0.328 1.308 1.168 1.388 0.000 1.568 1.408 0.368 1.218 1.138 1.308 0.748 0.718 0.988 1.118 1.078 0.718 0.868 1.348 1.188 0.758 0.808 1.188 0.838 0.648 1.278 0.000 0.478 0.708 0.000 0.000 0.000 0.000 0.000 0.111 0.000 0.002 0.000 0.032 0.000 0.006 0.135 0.000 0.005 0.004 0.000 0.011 0.051 0.081 0.081 0.081 0.080 0.080 0.080 0.080 0.080 0.079 0.079 0.079 0.078 0.078 0.077 0.076 0.076 0.075 0.074 0.073 0.071 0.070 0.068 0.066 5.065
0.348 0.978 1.078 0.088 0.038 0.598 0.658 0.698 1.478 1.508 0.000 1.268 1.448 0.508 1.208 1.068 1.358 0.868 0.788 0.768 0.608 0.948 1.308 0.498 1.168 0.748 0.678 0.768 0.658 0.498 0.618 0.908 0.888 1.008 0.000 0.000 0.000 0.022 0.122 0.000 0.000 0.000 0.000 0.000 0.000 0.000 0.055 0.000 0.000 0.000 0.000 0.082 0.082 5.081 0.081 0.081 0.081 0.081 0.081 0.081 0.080 0.080 0.080 0.079 0.079 0.078 0.078 0.077 0.076 0.075 0.074 0.073 0.071 0.070 0.068 0.066 0.065
1.138 0.228 0.208 1.558 0.000 0.848 0.768 0.678 0.000 1.648 1.478 0.548 1.588 1.468 0.688 1.618 1.128 0.768 0.818 1.108 0.848 1.488 0.918 1.298 0.948 0.678 0.958 0.508 0.608 0.718 0.468 0.688 1.018 0.628 0.000 0.000 0.000 0.002 0.000 0.000 0.023 0.053 0.000 0.000 0.034 0.000 0.003 0.001 0.000 0.013 0.082 0.082 0.062 0.082 0.082 0.082 0.082 0.082 0.081 0.081 0.081 0.081 0.080 0.080 0.079 0.079 0.078 0.077 0.076 0.075 0.074 0.073 0.072 0.070 0.068 0.066 0.064
0.578 0.308 0.168 0.508 0.000 0.317 1.057 0.797 0.687 0.118 1.368 1.518 0.188 1.528 1.498 0.878 1.488 1.448 1.508 0.588 1.008 0.678 1.438 0.558 1.328 0.998 0.678 0.988 0.548 0.348 0.098 0.868 0.918 0.178 0.000 0.000 0.000 0.000 0.001 0.014 0.000 0.043 0.000 0.000 0.034 0.000 0.000 0.060 0.007 0.043 0.083 0.073 0.063 5.082 0.082 0.082 0.082 0.082 0.082 0.082 0.082 0.081 0.081 0.080 0.080 0.079 0.079 0.078 0.077 0.076 0.075 0.073 0.072 0.070 0.068 0.066 0.064
0.688 1.158 1.198 0.878 1.627 0.957 0.677 0.867 0.947 0.797 0.148 1.658 1.498 0.478 1.408 1.528 1.478 0.268 1.458 1.528 0.598 1.028 0.998 1.578 0.688 1.248 0.678 0.528 0.688 0.438 0.000 1.088 1.058 1.158 0.578 0.000 0.000 0.000 0.000 0.104 0.084 0.002 0.002 0.001 0.003 0.087 0.167 0.002 0.000 0.083 0.053 0.073 0.083 0.083 0.083 0.083 0.083 0.083 0.083 0.083 0.082 0.082 0.082 0.081 0.081 0.080 0.079 0.078 0.077 0.076 0.075 0.074 0.072 0.070 0.068 0.066 0.063
0.778 2.058 0.728 0.000 1.397 0.937 1.317 0.627 1.037 0.897 0.877 0.258 1.558 1.278 0.628 0.778 1.208 1.408 0.288 1.428 1.488 1.048 0.988 1.598 1.588 1.538 0.968 0.818 0.518 0.528 0.000 0.628 0.000 0.618 0.408 0.000 0.000 0.000 0.000 0.074 0.000 0.000 0.003 0.003 0.003 0.000 0.000 0.000 0.051 0.000 0.083 0.043 0.083 0.084 0.084 0.084 0.084 0.084 0.083 0.083 0.083 0.083 0.082 0.082 0.081 0.080 0.080 0.079 0.078 0.077 0.075 0.074 0.072 0.070 0.068 0.066 0.063
0.347 0.000 0.000 0.087 1.237 0.957 1.277 1.227 0.000 0.997 1.007 0.817 0.278 1.408 1.148 0.328 1.228 0.838 1.268 0.998 1.538 1.068 1.108 0.828 1.418 1.138 1.458 0.000 0.638 0.498 0.000 0.778 0.778 1.008 0.788 0.000 0.000 0.101 0.000 0.000 0.051 0.000 0.000 0.093 0.000 0.000 0.000 0.000 0.000 0.046 0.000 0.044 0.084 0.084 0.084 0.084 0.084 0.084 0.084 0.084 0.084 0.084 0.083 0.083 0.082 0.081 0.080 0.079 0.078 0.077 0.076 0.074 0.072 0.071 0.069 0.066 0.063
0.817 1.757 0.527 0.167 1.387 0.717 1.207 1.257 1.217 0.047 1.057 0.997 1.088 0.328 0.227 1.197 0.117 1.278 1.308 0.208 1.388 1.528 0.658 1.038 0.628 1.638 0.638 1.058 0.978 0.018 0.868 0.208 0.858 0.698 0.448 0.000 0.000 0.000 0.000 0.000 0.000 0.000 0.000 0.000 0.000 0.000 0.000 0.003 0.002 0.006 0.047 0.047 0.007 0.046 0.086 0.086 0.086 0.085 0.085 0.085 0.085 0.084 0.084 0.083 0.083 0.082 0.081 0.080 0.079 0.077 0.076 0.074 0.073 0.071 0.069 0.066 0.063
0.787 0.967 1.997 1.137 0.277 1.127 0.000 1.267 1.357 1.157 0.000 0.988 1.018 0.127 1.547 1.487 1.607 0.008 1.448 1.347 0.000 1.448 1.208 0.318 0.848 1.018 0.578 1.498 0.148 0.128 0.378 0.658 0.758 0.868 0.548 0.498 0.000 0.000 0.001 0.000 0.000 0.033 0.033 0.000 0.000 0.053 0.000 0.000 0.055 0.000 0.000 0.068 0.058 0.088 0.087 0.087 0.087 0.087 0.086 0.086 0.086 0.085 0.085 0.084 0.083 0.083 0.082 0.080 0.079 0.078 0.076 0.075 0.073 0.071 0.069 0.066 0.063
0.707 0.357 1.137 1.967 0.877 0.517 0.937 0.407 1.047 1.307 1.317 0.097 0.908 0.000 0.297 1.517 1.367 1.547 0.087 1.317 1.357 0.417 1.348 1.567 0.458 1.028 0.348 0.368 0.328 0.000 0.418 0.608 0.458 0.708 0.828 0.408 0.000 0.000 0.000 0.000 0.000 0.063 0.000 0.016 0.000 0.000 0.001 0.004 0.002 0.002 0.089 0.089 0.089 0.079 0.058 0.088 0.088 0.088 0.088 0.087 0.087 0.086 0.086 0.085 0.084 0.083 0.082 0.081 0.080 0.078 0.077 0.075 0.073 0.071 0.069 0.066 0.063
0.657 0.777 0.997 0.387 2.007 0.947 0.097 0.447 0.897 1.327 1.367 1.347 0.000 0.527 1.397 0.107 1.467 1.077 1.707 1.477 1.027 1.517 0.767 1.317 0.437 0.308 0.428 0.648 0.308 0.000 0.748 0.718 0.678 0.498 0.408 0.398 0.000 0.000 0.000 0.000 0.032 0.001 0.000 0.026 0.016 0.002 0.002 0.014 0.044 0.001 0.000 0.050 0.070 0.090 0.090 0.089 0.089 0.089 0.089 0.089 0.088 0.088 0.087 0.086 0.085 0.084 0.083 0.082 0.080 0.079 0.077 0.075 0.073 0.071 0.069 0.066 0.063
0.846 0.946 0.806 0.846 0.000 2.167 0.117 0.407 0.047 0.997 0.907 1.467 1.367 0.437 1.237 1.137 1.717 1.427 1.367 0.000 1.477 1.017 1.117 1.277 1.427 0.377 0.378 1.048 0.798 0.000 0.708 0.518 0.668 0.728 0.418 0.000 0.028 0.000 0.000 0.000 0.000 0.006 0.086 0.076 0.000 0.000 0.000 0.005 0.000 0.001 0.001 0.081 0.091 0.051 0.091 0.091 0.091 0.090 0.090 0.090 0.089 0.089 0.088 0.087 0.086 0.085 0.084 0.082 0.081 0.079 0.077 0.075 0.073 0.071 0.069 0.066 0.063
0.526 0.586 0.696 0.746 0.826 0.000 2.007 2.327 1.847 0.000 0.937 1.187 1.197 1.247 0.067 1.267 0.397 1.607 1.307 1.397 0.000 1.287 1.487 0.717 1.137 1.377 0.438 1.218 0.838 1.078 0.548 0.568 0.458 0.000 0.000 0.318 0.318 0.000 0.000 0.032 0.062 0.000 0.000 0.000 0.079 0.000 0.033 0.001 0.029 0.000 0.024 0.042 0.072 0.092 0.092 0.092 0.092 0.092 0.092 0.091 0.091 0.090 0.089 0.088 0.087 0.086 0.084 0.083 0.081 0.080 0.078 0.076 0.074 0.071 0.069 0.066 0.063
