includes/lisflood-fp-604/results/res-0012.wdfp
ncols         631
nrows         906
xllcorner     364927.146667
yllcorner     6531972.565556
cellsize      20.000000
NODATA_value  -9999.000000
[rows 34 to 67 of 906, columns 154 to 230 of 631]
0.000 0.000 0.000 0.000 0.000 0.000 0.000 0.000 0.000 0.000 0.000 0.000 0.000 0.000 0.000 1.106 1.106 0.000 1.092 1.092 1.012 0.882 0.000 0.893 0.173 0.763 0.000 0.075 1.027 0.847 0.568 0.338 0.239 0.229 0.479 0.989 0.999 0.809 0.470 0.300 0.000 0.000 0.927 0.457 0.000 0.052 0.492 0.622 0.593 0.175 0.716 0.206 0.726 0.567 0.727 1.207 1.187 0.259 0.769 0.790 0.790 0.810 0.000 0.464 0.134 0.000 0.216 1.006 1.076 0.817 0.717 0.627 0.747 0.437 0.000 2.358 0.061
0.000 0.000 0.000 0.000 0.000 0.000 0.000 0.000 0.000 0.000 0.000 0.000 0.000 0.000 0.000 0.000 0.239 1.072 1.112 0.912 1.162 0.592 0.963 0.963 0.000 0.843 0.123 0.553 0.000 0.000 1.158 0.938 0.929 0.399 0.359 1.029 1.039 0.000 0.980 0.960 0.460 0.160 0.104 0.000 1.011 0.391 0.000 0.412 0.043 0.515 0.575 0.256 0.356 0.736 1.146 1.166 0.727 0.000 0.839 0.000 0.910 0.520 0.920 0.000 0.825 0.885 0.246 1.036 0.016 0.000 0.746 0.057 0.967 0.717 0.000 2.208 0.000
0.000 0.000 0.000 0.000 0.000 0.000 0.000 0.000 0.000 0.000 0.000 0.000 0.000 0.000 0.000 0.000 0.000 0.000 0.882 0.000 0.000 0.513 0.963 1.183 0.093 1.053 0.000 0.863 0.032 0.710 0.000 0.000 1.069 0.139 0.489 0.819 1.039 0.000 0.770 0.470 1.040 0.210 0.000 0.651 0.551 0.102 0.082 0.272 0.093 0.204 0.044 0.644 0.205 0.516 1.116 1.036 1.006 1.006 0.317 0.000 1.039 0.919 0.000 0.935 0.695 0.685 0.175 0.806 1.046 0.746 0.596 0.657 0.777 0.837 0.638 2.158 2.328
0.000 0.000 0.000 0.000 0.000 0.000 0.000 0.000 0.000 0.000 0.000 0.000 0.000 0.000 0.000 0.000 0.000 0.000 0.000 0.073 0.993 0.943 0.883 0.523 0.053 1.143 0.022 0.000 0.000 0.920 0.000 0.699 0.729 0.379 0.549 0.289 0.989 0.000 0.220 0.540 0.024 0.020 0.601 0.631 0.000 0.822 0.772 0.662 0.602 0.833 0.433 0.454 0.124 1.095 0.716 0.136 0.936 0.000 0.955 1.005 0.000 1.059 1.039 0.000 0.725 0.805 0.505 0.856 0.366 0.596 0.486 0.697 0.087 0.477 0.498 0.348 2.198
0.000 0.000 0.000 0.000 0.000 0.000 0.000 0.000 0.000 0.000 0.000 0.000 0.000 0.000 0.000 0.000 0.000 0.943 0.643 0.153 0.000 1.073 0.643 1.013 1.103 1.103 0.041 0.000 0.000 0.990 0.890 0.000 1.099 1.199 0.429 0.029 1.070 0.000 0.980 0.430 0.730 0.000 0.451 0.151 0.782 0.872 0.342 0.742 0.332 0.823 0.463 0.133 1.164 1.094 0.084 0.484 0.045 0.955 0.965 0.007 0.998 0.000 1.049 0.959 0.000 0.515 0.904 0.124 0.000 0.525 0.000 0.397 0.637 0.447 0.000 0.368 0.000
0.000 0.000 0.000 0.000 0.000 0.000 0.000 0.000 0.000 0.000 0.000 0.000 0.000 0.000 0.000 0.000 0.863 0.893 0.853 0.883 0.283 0.283 0.000 1.123 0.042 0.070 1.029 0.929 0.579 0.950 0.950 0.000 0.399 0.699 0.099 0.000 1.010 0.310 1.080 0.860 1.010 0.051 0.000 0.271 1.152 0.112 0.782 0.442 0.532 0.382 0.153 1.193 1.144 0.154 1.023 0.833 0.394 0.155 1.045 0.965 0.000 1.059 0.899 1.009 0.989 0.000 0.874 0.934 0.714 0.854 0.664 0.246 0.357 0.527 0.427 0.000 2.438
0.000 0.000 0.000 0.000 0.000 0.000 0.000 0.000 0.000 0.000 0.000 0.000 0.000 0.000 0.000 0.000 0.953 0.953 0.923 0.923 0.783 0.773 1.103 0.663 0.011 0.779 0.979 0.009 1.049 0.049 0.640 0.226 0.409 1.099 0.949 0.000 1.130 0.880 1.040 0.151 0.000 0.402 0.000 1.231 0.381 0.801 0.832 0.182 0.572 0.562 1.213 1.153 0.353 1.003 0.823 0.683 0.654 0.294 0.435 1.045 0.965 0.000 0.979 0.989 0.000 1.043 0.063 1.023 0.763 0.000 0.834 0.105 0.186 0.000 0.158 2.298 0.000
0.154 0.268 0.000 0.000 0.000 0.000 0.000 0.000 0.000 0.000 0.000 0.000 0.000 0.000 0.000 0.000 0.000 0.903 0.983 0.963 0.000 0.000 1.093 1.053 0.000 0.039 1.069 0.269 1.069 1.219 0.162 0.356 0.199 0.619 0.000 1.220 0.590 1.090 0.991 0.751 0.382 0.442 0.000 0.591 0.201 0.871 0.081 1.101 0.462 0.762 1.133 1.163 0.993 0.893 0.853 0.164 0.994 0.234 0.365 0.835 0.325 0.975 0.000 1.079 1.009 0.000 1.013 0.823 0.873 0.063 0.744 0.864 0.000 0.318 1.408 2.168 0.000
0.881 0.911 0.921 0.000 0.000 0.000 0.000 0.000 0.000 0.000 0.000 0.000 0.000 0.000 0.000 0.000 0.000 0.000 0.000 0.000 0.000 1.017 0.019 0.128 0.228 0.758 0.209 1.119 1.119 0.159 0.433 0.207 1.119 0.899 0.620 0.630 1.000 0.151 0.871 0.331 1.734 0.021 0.139 0.451 0.000 0.277 0.467 0.449 0.100 0.602 1.103 0.173 0.513 0.393 0.273 0.984 0.164 0.965 0.415 0.935 0.865 0.076 1.018 0.359 1.069 0.939 0.000 1.043 1.043 0.962 0.000 0.293 0.492 0.000 2.258 0.598 0.278
0.000 0.881 0.881 0.901 0.931 0.000 0.482 0.000 0.000 0.000 0.000 0.186 0.000 0.000 0.000 0.000 0.000 0.000 0.000 0.000 0.927 0.307 1.087 0.257 0.537 0.778 0.199 1.159 1.089 0.189 0.000 1.169 1.169 0.130 0.410 1.531 0.751 0.191 0.491 0.000 1.044 1.334 0.139 0.024 0.000 1.265 0.695 0.087 0.448 0.900 0.000 0.272 0.413 0.913 0.303 1.034 0.944 0.595 0.935 0.445 0.935 0.875 0.117 1.028 1.089 1.019 1.009 0.000 1.032 0.932 1.812 0.562 0.712 2.232 0.000 0.009 0.498
0.000 0.000 0.000 0.901 0.851 0.852 0.812 0.000 0.272 0.000 0.000 0.027 0.320 0.370 0.000 0.000 0.000 0.000 0.000 1.197 1.107 0.187 0.927 0.337 0.537 0.468 1.179 0.939 0.249 0.369 0.000 0.959 0.080 0.941 1.201 1.211 1.151 1.211 0.961 0.493 0.484 0.068 1.854 1.264 1.674 1.205 1.485 0.905 0.735 0.256 0.676 0.231 0.383 0.963 1.023 0.274 0.914 0.364 0.925 0.655 0.965 0.476 0.357 1.018 1.018 0.459 0.769 0.969 0.000 1.012 1.662 2.092 1.862 0.373 0.443 0.000 0.000
0.000 0.000 0.000 0.000 0.000 0.992 0.932 0.802 0.812 0.000 0.000 0.000 0.000 0.260 0.180 0.020 0.000 0.000 1.187 1.277 0.000 0.447 0.000 0.000 0.835 0.000 0.000 0.159 1.579 1.339 0.449 0.109 1.461 1.021 1.151 1.151 1.171 1.151 0.511 1.193 0.303 1.782 0.099 0.694 1.054 0.000 1.615 0.865 0.645 1.465 1.665 0.079 0.263 0.913 1.023 0.233 0.794 0.774 0.525 0.405 0.665 0.706 0.877 0.908 0.438 0.489 0.769 2.209 2.259 1.789 0.000 0.443 0.083 0.483 0.463 0.214 0.944
0.000 0.000 0.000 0.000 0.015 0.000 0.742 0.842 0.822 0.812 0.473 0.012 0.278 0.000 0.000 0.999 0.000 1.617 0.897 0.097 0.000 0.000 1.394 0.000 1.304 1.444 0.176 0.178 1.199 0.209 0.000 0.110 1.101 0.000 0.000 0.000 0.000 0.231 0.051 0.000 1.722 1.192 0.171 0.594 0.764 0.074 0.365 1.175 0.785 0.775 0.846 1.966 0.099 0.253 0.643 0.982 0.143 0.174 0.565 0.615 0.515 0.696 0.256 0.067 0.999 1.179 2.039 2.099 0.409 0.429 0.000 0.383 1.274 0.464 0.254 0.224 0.184
0.000 0.000 0.000 0.022 0.004 0.040 0.552 0.000 0.842 0.772 0.673 0.032 0.288 0.828 0.169 1.539 1.109 0.000 0.000 0.000 0.393 0.643 0.684 0.336 0.744 0.824 0.036 0.669 1.049 1.209 1.499 0.000 0.000 0.805 0.705 0.000 0.000 0.000 0.000 0.682 0.972 0.183 0.261 0.073 0.000 0.870 0.000 0.924 0.734 0.385 1.076 0.846 2.086 0.000 0.091 0.471 0.361 0.000 0.755 0.435 0.735 0.175 0.526 0.306 0.979 0.000 1.999 0.359 0.000 0.000 0.000 0.000 0.914 0.144 0.294 0.024 0.835
0.000 0.093 0.193 0.000 0.683 0.663 0.011 0.000 0.000 0.000 0.323 0.745 0.000 0.388 0.999 0.689 0.689 0.951 1.171 0.992 1.142 0.953 1.163 0.000 0.824 0.854 0.000 0.929 1.079 0.000 1.359 0.000 0.085 0.605 0.000 0.042 1.832 1.442 1.692 1.172 0.632 0.000 0.679 0.153 0.848 0.850 0.842 0.953 0.754 0.545 1.266 0.876 0.876 1.917 0.807 0.928 0.192 0.544 0.695 0.155 0.845 0.655 0.865 0.906 0.000 0.178 1.669 0.000 0.474 0.524 0.000 0.000 0.794 0.924 1.394 0.715 1.035
0.753 0.733 0.000 0.000 0.000 0.503 0.236 0.170 0.535 0.645 0.585 0.735 0.071 0.358 1.119 1.189 1.099 0.620 0.000 0.000 0.000 0.000 0.013 0.000 0.854 0.814 0.000 0.949 1.059 0.000 0.000 0.000 0.265 0.225 1.506 0.000 0.000 0.361 0.952 0.013 0.000 0.281 0.599 0.592 0.857 0.002 0.862 0.172 0.642 0.144 0.375 0.986 1.096 1.787 0.997 0.161 1.134 1.794 2.035 2.085 1.935 0.795 0.235 0.926 0.487 0.688 2.479 0.089 0.000 0.064 0.354 0.874 0.000 0.194 0.774 0.094 0.325
0.833 0.804 0.817 0.721 0.756 0.598 0.000 0.444 0.775 0.995 0.066 0.110 0.170 0.089 0.878 0.799 0.740 0.801 0.534 0.537 0.538 0.928 0.000 0.000 0.884 0.904 0.000 0.918 1.079 0.000 0.078 1.574 1.374 0.235 0.177 0.989 0.000 0.830 0.392 0.425 0.332 0.603 0.278 0.902 0.000 0.852 0.000 0.409 0.591 0.391 0.415 0.516 0.376 0.817 0.320 0.883 0.544 2.144 0.514 0.255 0.000 2.155 2.155 1.455 0.346 1.988 0.488 0.000 0.000 0.204 0.924 0.014 0.954 0.104 0.284 1.324 0.025
0.000 0.000 0.000 0.000 0.538 0.081 0.524 0.030 0.956 0.187 0.809 0.150 0.699 0.340 0.947 0.428 0.000 0.921 0.305 0.688 0.858 0.518 0.000 0.000 0.874 0.874 0.436 0.818 0.919 1.080 1.881 0.463 1.114 0.025 0.838 0.829 0.762 0.588 0.452 0.545 0.536 0.000 0.668 0.000 0.940 0.102 0.526 0.947 0.659 0.570 0.113 0.836 0.296 0.278 1.963 1.013 2.383 0.404 0.000 0.675 0.000 0.855 0.955 0.245 2.066 0.000 0.019 1.239 0.909 0.000 0.974 0.144 0.144 0.974 0.000 0.000 0.874
0.714 0.000 0.609 0.699 0.529 0.424 0.424 0.000 0.117 0.000 0.910 2.050 0.604 0.151 0.000 0.043 0.136 0.000 0.306 0.708 0.558 0.420 0.532 0.422 0.192 0.844 0.655 0.737 0.158 0.000 0.000 1.024 0.965 1.005 0.966 0.000 0.000 0.000 0.253 0.385 0.000 0.648 0.708 0.809 0.880 0.602 0.906 1.027 0.169 0.290 1.113 0.275 1.095 0.218 1.943 2.063 0.213 0.204 0.044 0.025 0.000 0.875 0.695 0.985 1.326 0.000 0.000 0.108 0.739 0.111 0.013 1.064 0.074 0.000 0.000 0.164 0.504
0.000 0.000 0.000 0.000 0.000 0.139 0.000 0.271 0.762 0.000 0.670 0.480 1.532 0.000 0.000 0.000 0.206 0.126 2.097 0.098 1.929 0.450 0.173 0.558 0.882 0.734 0.605 0.039 0.000 0.802 0.000 0.014 0.955 0.000 0.476 0.696 0.787 0.098 0.223 0.476 0.200 0.817 0.237 0.909 0.329 0.321 1.005 0.197 0.628 0.898 0.093 1.215 0.895 0.077 0.000 0.723 0.244 0.434 0.275 0.265 0.195 0.295 0.805 0.485 2.046 0.816 0.386 0.536 0.009 1.022 0.352 0.544 0.544 0.734 0.914 0.764 0.494
0.000 0.359 0.549 0.669 0.579 0.459 0.671 0.631 0.612 0.602 0.000 0.956 0.000 0.000 0.000 0.000 1.086 0.706 0.000 0.000 0.309 0.068 0.000 0.000 0.083 0.974 0.000 0.915 0.000 0.612 0.912 0.952 0.000 1.035 0.506 0.080 0.105 0.879 0.430 0.000 0.750 0.020 0.981 0.024 0.706 1.107 0.235 0.587 0.567 0.299 1.065 1.055 0.255 0.037 0.022 0.134 0.344 0.624 0.385 0.325 0.425 0.755 0.775 0.185 0.236 0.216 0.146 0.536 1.306 0.000 0.741 0.014 0.814 0.244 0.844 0.000 0.104
0.477 0.518 0.619 0.469 0.570 0.510 0.551 0.421 0.392 0.453 0.524 0.300 0.000 0.000 0.000 0.000 0.000 0.000 0.000 0.000 0.026 1.891 0.000 0.000 0.000 0.504 0.604 0.096 1.672 0.752 1.082 1.052 0.423 1.115 0.796 0.392 0.638 0.529 0.231 0.553 0.013 0.013 0.214 0.935 0.429 0.236 0.485 0.827 0.427 0.128 0.000 0.269 0.000 0.000 0.000 0.144 0.764 0.514 0.545 0.685 0.925 0.675 0.125 0.255 0.000 0.088 0.000 0.189 0.000 0.811 0.881 0.000 0.734 0.404 0.184 0.694 0.284
0.006 0.249 0.499 0.179 0.640 0.440 0.112 0.153 0.303 0.564 0.604 0.465 0.455 0.645 0.625 0.555 0.665 0.726 0.616 0.536 0.486 0.079 0.604 1.574 0.654 0.644 0.000 1.548 0.090 0.761 0.000 0.743 1.103 0.475 1.246 0.045 0.649 0.619 0.421 0.294 0.458 1.521 0.416 0.330 0.383 0.180 0.000 0.697 0.607 0.000 0.000 0.552 0.642 0.193 0.000 1.674 0.244 0.425 0.595 0.925 0.805 0.065 0.205 0.000 0.550 0.490 0.011 0.361 1.451 0.531 0.921 0.871 0.000 0.284 0.774 0.744 0.694
0.000 0.000 0.000 0.000 0.000 0.572 0.813 0.933 0.874 0.934 1.094 1.005 0.895 0.685 0.495 0.000 0.000 0.000 0.000 0.000 0.000 1.117 0.000 0.000 0.000 0.327 0.132 0.038 0.220 0.860 0.071 0.423 0.663 0.294 0.041 1.041 0.161 0.012 0.173 0.305 1.318 0.290 0.774 0.000 0.628 0.000 0.001 0.907 0.000 0.000 0.000 0.000 0.563 0.553 1.583 0.863 0.414 0.495 0.715 0.655 0.405 0.425 0.038 0.440 0.480 0.390 0.071 0.421 0.000 0.000 0.911 0.801 0.000 0.494 0.000 0.684 0.184
0.881 0.901 0.991 0.721 0.942 0.872 0.613 0.783 0.724 0.834 0.914 0.595 0.120 0.000 0.000 0.000 0.000 0.000 0.000 0.000 0.000 0.051 0.796 0.000 0.078 0.348 0.506 1.179 0.519 1.010 0.970 0.141 0.653 0.000 0.024 0.851 1.171 0.522 0.553 0.395 0.357 0.380 0.333 0.386 0.394 0.905 0.236 0.000 1.787 1.687 0.000 0.000 0.593 1.643 0.000 0.363 0.000 0.725 0.715 0.115 0.655 0.000 0.420 0.520 0.390 0.180 2.191 0.551 1.531 0.661 0.821 0.761 0.000 0.424 0.134 0.844 0.124
0.000 0.000 0.269 0.451 0.872 0.402 0.252 0.213 0.124 0.264 0.000 0.405 0.843 0.905 0.702 0.728 0.821 0.812 0.883 0.875 0.826 0.946 0.586 0.000 0.610 0.096 0.000 0.569 0.799 1.260 0.350 0.290 0.663 0.434 0.239 0.215 0.000 0.000 0.000 0.053 0.346 0.288 0.322 0.533 0.000 0.645 0.436 0.516 0.657 0.257 0.457 0.727 0.011 0.079 0.069 0.005 0.705 0.735 0.085 0.765 0.077 0.549 0.400 0.350 0.180 0.701 0.341 1.031 0.161 0.161 0.000 0.891 0.851 0.000 0.424 0.000 0.274
0.423 0.315 0.155 0.000 0.000 0.000 0.000 0.000 0.000 0.000 0.000 0.107 0.773 0.734 0.172 0.659 0.721 0.932 0.863 0.845 0.776 0.806 0.457 0.000 0.710 0.000 1.126 0.000 1.689 0.419 0.000 1.263 0.000 0.000 0.000 0.000 1.099 1.009 0.711 0.564 0.393 0.356 0.000 0.452 0.000 0.000 0.396 0.000 0.657 0.327 0.907 0.877 0.141 0.245 0.000 0.655 0.785 0.000 0.575 0.047 0.539 0.439 0.420 0.500 0.000 0.231 0.551 0.331 1.361 1.311 0.000 0.871 0.831 0.000 0.000 0.184 0.444
0.693 0.173 0.005 0.032 0.000 0.000 1.332 0.000 0.610 0.000 0.196 0.136 0.591 0.171 0.024 0.000 0.000 0.000 0.000 0.256 0.677 0.667 0.658 1.109 0.649 0.000 0.226 1.236 0.000 0.067 0.504 0.350 1.055 0.955 0.816 0.510 0.456 0.308 0.000 0.017 0.052 0.256 0.511 0.422 0.642 0.422 0.000 0.389 0.010 1.177 0.807 0.167 0.010 0.000 0.195 0.685 0.000 0.972 0.000 0.408 0.489 0.179 0.500 0.610 0.000 0.511 0.081 0.811 1.351 0.741 0.711 0.911 0.881 0.811 0.001 0.413 0.000
0.992 0.832 0.872 1.062 0.188 0.397 0.772 0.368 0.280 0.361 0.014 0.188 0.858 0.261 0.554 1.047 1.387 1.397 1.417 1.367 1.417 1.338 1.048 0.369 0.000 0.765 0.596 1.206 0.053 0.246 1.232 0.275 0.227 0.000 0.061 0.000 0.000 0.000 0.972 0.512 0.136 0.204 0.000 0.502 0.082 1.352 0.000 1.699 0.000 0.038 0.807 0.101 0.079 0.405 0.455 0.145 1.066 0.000 1.197 0.388 0.000 0.530 0.650 0.000 0.681 0.000 0.261 0.291 0.061 0.321 0.231 0.000 0.821 0.781 0.162 0.653 0.244
0.241 0.492 0.782 0.018 0.339 0.465 0.152 1.261 1.221 0.861 0.664 0.481 0.266 0.652 0.000 1.177 0.947 0.107 0.000 0.000 0.000 0.649 0.790 0.423 0.396 0.944 0.366 0.507 1.210 0.189 1.202 0.362 0.654 0.344 0.345 0.325 0.118 0.198 0.492 0.452 0.462 0.000 0.482 0.192 0.662 0.000 0.549 0.569 0.000 1.542 0.000 0.651 0.000 0.465 0.405 0.166 0.746 0.157 1.207 0.000 0.000 0.350 0.450 0.300 0.791 0.791 1.801 1.011 1.011 1.341 1.401 0.000 0.831 0.811 0.000 0.243 0.443
0.448 0.320 0.372 0.397 0.354 0.000 0.000 0.004 0.162 0.095 0.274 0.711 0.932 0.300 0.476 0.000 1.167 0.000 1.281 1.321 1.261 0.251 1.032 0.000 0.776 0.000 0.136 0.317 0.021 0.201 0.216 0.358 0.069 0.000 0.000 0.000 0.000 0.408 0.491 0.413 0.000 0.562 0.192 1.182 0.000 0.959 0.799 0.339 0.000 0.472 0.272 0.029 0.529 0.000 0.000 0.657 0.067 1.197 1.107 0.000 0.127 0.000 0.610 0.660 0.000 0.401 0.000 0.171 0.581 0.931 0.511 0.591 0.531 0.791 0.861 0.000 0.723
0.384 0.437 0.500 0.387 1.174 1.055 1.095 0.935 1.136 0.757 0.239 0.931 1.191 0.000 0.234 0.678 0.287 0.000 0.000 0.000 0.000 0.009 0.569 0.755 0.776 0.597 0.000 0.000 0.000 0.350 0.721 0.284 0.155 0.105 0.000 0.000 0.713 0.614 0.000 0.606 0.106 0.000 0.462 0.000 0.749 0.829 0.000 0.092 0.612 0.000 0.000 0.030 0.000 0.000 0.757 0.427 0.157 1.217 0.557 0.607 0.637 0.078 0.210 0.570 0.690 0.000 0.730 0.060 0.551 0.201 0.311 0.321 0.000 0.871 0.821 0.000 0.413
0.344 0.435 0.333 0.000 0.000 0.000 0.000 0.000 0.000 0.176 0.187 0.491 0.791 0.000 0.824 0.000 0.209 0.744 0.585 0.836 0.636 0.997 0.131 0.397 0.817 1.317 1.178 0.277 0.110 0.459 0.309 0.673 0.245 0.047 0.000 0.525 0.409 0.000 0.000 0.342 0.000 0.776 0.016 0.519 0.479 0.000 0.000 0.724 0.000 1.089 0.449 0.199 0.000 0.977 0.447 0.367 1.217 1.147 0.000 0.617 0.557 0.617 0.000 0.680 0.550 0.740 0.610 0.280 0.791 0.211 0.171 0.601 0.151 0.861 0.761 0.831 0.000
0.034 0.000 0.527 0.878 0.788 0.678 0.719 0.789 0.930 0.820 0.078 0.000 0.161 0.201 0.000 1.023 0.893 0.514 0.000 0.000 0.000 1.027 0.308 0.075 0.457 0.000 0.079 0.948 0.610 0.182 0.573 0.083 0.199 0.624 0.478 0.483 0.000 0.063 0.370 0.997 1.107 0.000 0.819 0.739 0.000 0.054 1.044 1.024 0.000 0.067 0.000 0.073 0.197 0.787 0.577 0.037 1.267 1.147 0.517 0.747 0.597 0.657 0.687 0.000 0.580 0.430 0.000 1.630 0.140 0.381 0.231 0.361 0.271 0.121 0.921 0.541 0.721
