includes/lisflood-fp-604/results/res-0005.wdfp
ncols         631
nrows         906
xllcorner     364927.146667
yllcorner     6531972.565556
cellsize      20.000000
NODATA_value  -9999.000000
[rows 850 to 883 of 906, columns 385 to 461 of 631]
0.000 0.000 0.000 0.000 0.000 0.357 0.373 0.883 0.925 1.167 1.500 1.612 1.574 1.555 1.656 1.948 1.969 1.940 1.971 2.052 2.103 1.305 2.108 1.760 1.680 0.000 0.000 2.879 3.689 3.999 9.279 9.278 9.278 9.278 9.278 9.277 9.277 9.276 9.276 9.276 9.275 9.275 9.274 9.274 9.273 9.273 9.272 9.272 9.271 9.271 9.270 9.270 9.269 9.269 9.268 9.268 9.267 9.267 9.266 9.266 9.265 9.264 9.264 9.263 9.263 9.262 9.261 9.261 9.260 9.260 9.259 9.258 9.258 9.257 9.256 9.255 9.255
0.000 0.000 0.000 0.000 0.000 0.393 0.312 1.002 1.094 1.236 1.369 1.421 1.683 1.775 1.826 1.967 2.019 1.830 2.151 2.062 2.013 2.355 1.997 1.118 0.000 0.000 2.950 3.760 3.909 4.119 9.279 9.279 9.278 9.278 9.278 9.277 9.277 9.277 9.276 9.276 9.275 9.275 9.275 9.274 9.274 9.273 9.273 9.272 9.272 9.271 9.271 9.270 9.270 9.269 9.269 9.268 9.267 9.267 9.266 9.266 9.265 9.265 9.264 9.263 9.263 9.262 9.262 9.261 9.261 9.260 9.259 9.259 9.258 9.257 9.256 9.256 9.255
0.000 0.000 0.000 0.125 0.407 0.290 0.652 0.839 1.353 1.725 1.637 1.741 1.673 1.844 1.926 1.957 1.988 2.090 2.151 2.062 1.573 0.714 0.000 0.000 0.000 3.120 3.720 3.960 9.279 9.279 9.279 9.279 9.278 9.278 9.278 9.277 9.277 9.277 9.276 9.276 9.276 9.275 9.275 9.274 9.274 9.273 9.273 9.272 9.272 9.271 9.271 9.270 9.270 9.269 9.269 9.268 9.268 9.267 9.267 9.266 9.266 9.265 9.264 9.264 9.263 9.263 9.262 9.261 9.261 9.260 9.260 9.259 9.258 9.258 9.257 9.256 9.255
0.000 0.000 0.140 0.556 0.474 0.275 1.142 1.016 1.421 1.684 1.686 1.810 1.882 1.874 1.875 1.357 1.258 0.889 0.460 0.000 0.000 0.000 0.000 0.000 3.110 3.650 3.970 4.210 9.279 9.279 9.279 9.279 9.279 9.278 9.278 9.278 9.277 9.277 9.277 9.276 9.276 9.275 9.275 9.274 9.274 9.274 9.273 9.273 9.272 9.272 9.271 9.271 9.270 9.270 9.269 9.269 9.268 9.267 9.267 9.266 9.266 9.265 9.265 9.264 9.263 9.263 9.262 9.262 9.261 9.261 9.260 9.259 9.259 9.258 9.257 9.256 9.256
0.000 0.001 0.551 0.705 0.553 0.275 0.900 1.054 1.099 1.573 1.555 1.258 0.880 0.393 0.675 0.357 0.728 0.419 0.128 0.000 0.000 0.638 0.241 2.991 3.641 3.910 4.000 9.280 9.280 9.280 9.279 9.279 9.279 9.279 9.278 9.278 9.277 9.277 9.277 9.276 9.276 9.276 9.275 9.275 9.274 9.274 9.273 9.273 9.272 9.272 9.271 9.271 9.270 9.270 9.269 9.269 9.268 9.268 9.267 9.267 9.266 9.265 9.265 9.264 9.264 9.263 9.263 9.262 9.261 9.261 9.260 9.260 9.259 9.258 9.257 9.257 9.256
0.011 0.132 0.658 0.541 0.396 0.627 1.236 1.430 0.815 1.340 1.041 0.593 0.408 0.251 0.235 0.269 0.253 0.098 0.262 0.207 0.000 1.101 2.951 3.651 3.881 3.911 9.280 9.280 9.280 9.280 9.280 9.279 9.279 9.279 9.278 9.278 9.278 9.277 9.277 9.277 9.276 9.276 9.275 9.275 9.274 9.274 9.274 9.273 9.273 9.272 9.272 9.271 9.271 9.270 9.270 9.269 9.268 9.268 9.267 9.267 9.266 9.266 9.265 9.265 9.264 9.263 9.263 9.262 9.262 9.261 9.260 9.260 9.259 9.258 9.258 9.257 9.256
0.053 0.622 0.995 0.677 0.356 0.494 1.204 0.535 0.556 0.629 0.592 0.435 0.099 0.030 0.221 0.229 0.319 0.304 0.279 0.128 1.202 2.962 3.572 3.801 3.981 9.281 9.281 9.280 9.280 9.280 9.280 9.279 9.279 9.279 9.279 9.278 9.278 9.277 9.277 9.277 9.276 9.276 9.275 9.275 9.275 9.274 9.274 9.273 9.273 9.272 9.272 9.271 9.271 9.270 9.270 9.269 9.269 9.268 9.268 9.267 9.266 9.266 9.265 9.265 9.264 9.264 9.263 9.263 9.262 9.261 9.261 9.260 9.259 9.259 9.258 9.257 9.257
0.558 1.011 1.153 1.044 0.181 0.310 0.000 0.342 0.514 0.475 0.406 0.085 0.271 0.407 0.149 0.320 0.304 0.296 0.319 0.753 2.513 3.492 3.502 4.112 9.281 9.281 9.281 9.281 9.280 9.280 9.280 9.280 9.279 9.279 9.279 9.278 9.278 9.278 9.277 9.277 9.276 9.276 9.276 9.275 9.275 9.274 9.274 9.273 9.273 9.273 9.272 9.272 9.271 9.271 9.270 9.270 9.269 9.268 9.268 9.267 9.267 9.266 9.266 9.265 9.265 9.264 9.263 9.263 9.262 9.262 9.261 9.260 9.260 9.259 9.258 9.258 9.257
0.887 0.879 0.258 0.000 0.059 0.650 0.611 0.506 0.693 0.605 0.531 0.331 0.550 0.699 0.262 0.239 0.173 0.475 0.000 0.234 3.353 3.673 4.072 4.262 9.282 9.281 9.281 9.281 9.281 9.281 9.280 9.280 9.280 9.279 9.279 9.279 9.278 9.278 9.278 9.277 9.277 9.276 9.276 9.276 9.275 9.275 9.274 9.274 9.273 9.273 9.272 9.272 9.271 9.271 9.270 9.270 9.269 9.269 9.268 9.268 9.267 9.266 9.266 9.265 9.265 9.264 9.264 9.263 9.262 9.262 9.261 9.261 9.260 9.259 9.259 9.258 9.257
0.000 0.000 0.159 0.148 0.000 0.329 0.580 0.682 0.426 0.650 0.450 0.611 0.718 0.278 0.491 0.266 0.508 0.000 1.634 3.114 3.393 3.633 4.223 9.282 9.282 9.282 9.282 9.281 9.281 9.281 9.281 9.280 9.280 9.280 9.279 9.279 9.279 9.278 9.278 9.277 9.277 9.277 9.276 9.276 9.275 9.275 9.274 9.274 9.273 9.273 9.273 9.272 9.272 9.271 9.271 9.270 9.269 9.269 9.268 9.268 9.267 9.267 9.266 9.266 9.265 9.265 9.264 9.263 9.263 9.262 9.261 9.261 9.260 9.260 9.259 9.258 9.257
0.000 0.000 0.551 0.017 0.106 0.608 0.599 0.460 0.723 0.816 0.426 0.440 0.480 0.306 0.418 0.477 0.155 1.365 2.714 3.344 3.724 3.933 9.283 9.283 9.282 9.282 9.282 9.282 9.281 9.281 9.281 9.281 9.280 9.280 9.280 9.279 9.279 9.278 9.278 9.278 9.277 9.277 9.276 9.276 9.275 9.275 9.275 9.274 9.274 9.273 9.273 9.272 9.272 9.271 9.271 9.270 9.270 9.269 9.269 9.268 9.268 9.267 9.266 9.266 9.265 9.265 9.264 9.264 9.263 9.262 9.262 9.261 9.261 9.260 9.259 9.258 9.258
0.000 0.000 0.510 0.000 0.000 0.468 0.528 0.549 0.701 0.562 0.474 0.159 0.349 0.401 0.449 0.281 0.936 2.665 3.215 3.794 9.284 9.284 9.283 9.283 9.283 9.282 9.282 9.282 9.282 9.281 9.281 9.281 9.281 9.280 9.280 9.279 9.279 9.279 9.278 9.278 9.277 9.277 9.277 9.276 9.276 9.275 9.275 9.274 9.274 9.273 9.273 9.272 9.272 9.272 9.271 9.270 9.270 9.269 9.269 9.268 9.268 9.267 9.267 9.266 9.266 9.265 9.265 9.264 9.263 9.263 9.262 9.261 9.261 9.260 9.259 9.259 9.258
0.000 0.042 0.779 0.011 0.000 0.337 0.518 0.688 0.589 0.690 0.691 0.269 0.206 0.446 0.382 1.106 2.006 3.096 3.685 9.285 9.284 9.284 9.284 9.283 9.283 9.283 9.282 9.282 9.282 9.282 9.281 9.281 9.281 9.280 9.280 9.280 9.279 9.279 9.279 9.278 9.278 9.277 9.277 9.276 9.276 9.275 9.275 9.275 9.274 9.274 9.273 9.273 9.272 9.272 9.271 9.271 9.270 9.270 9.269 9.269 9.268 9.268 9.267 9.266 9.266 9.265 9.265 9.264 9.264 9.263 9.262 9.262 9.261 9.260 9.260 9.259 9.258
0.000 0.958 0.908 0.002 0.000 0.000 0.337 0.578 0.698 0.428 0.639 0.000 0.000 0.256 0.226 1.447 2.256 3.286 9.285 9.285 9.285 9.284 9.284 9.284 9.283 9.283 9.283 9.282 9.282 9.282 9.282 9.281 9.281 9.281 9.280 9.280 9.280 9.279 9.279 9.278 9.278 9.278 9.277 9.277 9.276 9.276 9.275 9.275 9.274 9.274 9.273 9.273 9.272 9.272 9.272 9.271 9.271 9.270 9.270 9.269 9.269 9.268 9.267 9.267 9.266 9.266 9.265 9.265 9.264 9.263 9.263 9.262 9.261 9.261 9.260 9.259 9.259
0.000 0.798 0.618 0.278 0.011 0.000 0.000 0.010 0.447 0.487 0.508 0.000 0.000 0.177 1.627 3.067 3.477 3.206 9.285 9.285 9.285 9.285 9.284 9.284 9.284 9.283 9.283 9.283 9.282 9.282 9.282 9.282 9.281 9.281 9.281 9.280 9.280 9.279 9.279 9.279 9.278 9.278 9.277 9.277 9.276 9.276 9.276 9.275 9.275 9.274 9.274 9.273 9.273 9.272 9.272 9.271 9.271 9.270 9.270 9.269 9.269 9.268 9.268 9.267 9.267 9.266 9.265 9.265 9.264 9.263 9.263 9.262 9.262 9.261 9.260 9.260 9.259
0.000 0.658 0.848 0.708 0.000 0.000 0.000 0.000 0.002 0.167 0.000 0.000 0.298 1.638 3.068 3.557 4.047 9.286 9.286 9.285 9.285 9.285 9.285 9.284 9.284 9.284 9.283 9.283 9.283 9.283 9.282 9.282 9.282 9.281 9.281 9.280 9.280 9.280 9.279 9.279 9.278 9.278 9.278 9.277 9.277 9.276 9.276 9.275 9.275 9.274 9.274 9.273 9.273 9.273 9.272 9.272 9.271 9.271 9.270 9.270 9.269 9.269 9.268 9.267 9.267 9.266 9.266 9.265 9.264 9.264 9.263 9.262 9.262 9.261 9.260 9.260 9.259
0.228 0.334 0.567 0.518 0.568 0.000 0.000 0.000 0.000 0.000 0.000 0.144 1.679 2.958 3.438 3.987 9.287 9.287 9.286 9.286 9.285 9.285 9.285 9.285 9.284 9.284 9.284 9.283 9.283 9.283 9.283 9.282 9.282 9.281 9.281 9.281 9.280 9.280 9.279 9.279 9.279 9.278 9.278 9.277 9.277 9.276 9.276 9.276 9.275 9.275 9.274 9.274 9.273 9.273 9.272 9.272 9.271 9.271 9.270 9.270 9.269 9.269 9.268 9.268 9.267 9.266 9.266 9.265 9.265 9.264 9.263 9.263 9.262 9.261 9.261 9.260 9.259
0.332 0.041 0.175 0.002 0.000 0.000 0.000 0.000 0.000 0.000 0.110 1.459 2.859 3.438 4.278 9.288 9.287 9.287 9.287 9.286 9.286 9.285 9.285 9.285 9.285 9.284 9.284 9.284 9.283 9.283 9.283 9.282 9.282 9.282 9.281 9.281 9.280 9.280 9.280 9.279 9.279 9.278 9.278 9.278 9.277 9.277 9.276 9.276 9.275 9.275 9.274 9.274 9.274 9.273 9.273 9.272 9.272 9.271 9.271 9.270 9.270 9.269 9.268 9.268 9.267 9.267 9.266 9.266 9.265 9.264 9.263 9.263 9.262 9.262 9.261 9.260 9.260
0.334 0.172 0.304 0.000 0.000 0.000 0.000 0.000 0.000 0.000 1.520 2.819 3.429 4.279 9.288 9.288 9.288 9.287 9.287 9.286 9.286 9.286 9.286 9.285 9.285 9.285 9.284 9.284 9.284 9.283 9.283 9.283 9.282 9.282 9.282 9.281 9.281 9.280 9.280 9.279 9.279 9.279 9.278 9.278 9.277 9.277 9.276 9.276 9.276 9.275 9.275 9.274 9.274 9.273 9.273 9.272 9.272 9.271 9.271 9.270 9.270 9.269 9.269 9.268 9.268 9.267 9.266 9.266 9.265 9.264 9.264 9.263 9.263 9.262 9.261 9.261 9.260
0.643 0.050 0.554 0.000 0.000 0.000 0.000 0.000 0.000 1.169 2.749 3.539 3.819 9.289 9.288 9.288 9.288 9.287 9.287 9.287 9.286 9.286 9.286 9.286 9.285 9.285 9.285 9.284 9.284 9.284 9.283 9.283 9.283 9.282 9.282 9.281 9.281 9.280 9.280 9.280 9.279 9.279 9.278 9.278 9.278 9.277 9.277 9.276 9.276 9.275 9.275 9.274 9.274 9.274 9.273 9.273 9.272 9.272 9.271 9.271 9.270 9.270 9.269 9.268 9.268 9.267 9.267 9.266 9.265 9.265 9.264 9.263 9.263 9.262 9.261 9.261 9.260
0.204 0.000 0.000 0.000 0.000 0.000 0.000 0.000 0.000 2.289 3.379 3.879 9.289 9.289 9.289 9.288 9.288 9.288 9.287 9.287 9.287 9.286 9.286 9.286 9.286 9.285 9.285 9.285 9.284 9.284 9.284 9.283 9.283 9.282 9.282 9.282 9.281 9.281 9.280 9.280 9.279 9.279 9.279 9.278 9.278 9.277 9.277 9.276 9.276 9.276 9.275 9.275 9.274 9.274 9.273 9.273 9.272 9.272 9.271 9.271 9.270 9.270 9.269 9.269 9.268 9.267 9.267 9.266 9.266 9.265 9.264 9.264 9.263 9.262 9.262 9.261 9.260
0.468 0.358 0.013 0.730 0.980 0.301 0.000 0.000 1.639 2.890 3.930 9.290 9.289 9.289 9.289 9.289 9.288 9.288 9.288 9.287 9.287 9.287 9.286 9.286 9.286 9.286 9.285 9.285 9.285 9.284 9.284 9.283 9.283 9.283 9.282 9.282 9.281 9.281 9.281 9.280 9.280 9.279 9.279 9.278 9.278 9.278 9.277 9.277 9.276 9.276 9.275 9.275 9.274 9.274 9.274 9.273 9.273 9.272 9.272 9.271 9.271 9.270 9.269 9.269 9.268 9.268 9.267 9.266 9.266 9.265 9.265 9.264 9.263 9.263 9.262 9.261 9.261
0.105 0.000 0.970 0.450 0.000 0.000 0.000 0.054 2.420 3.580 9.290 9.290 9.290 9.289 9.289 9.289 9.289 9.288 9.288 9.288 9.287 9.287 9.287 9.286 9.286 9.286 9.286 9.285 9.285 9.284 9.284 9.284 9.283 9.283 9.283 9.282 9.282 9.281 9.281 9.280 9.280 9.279 9.279 9.279 9.278 9.278 9.277 9.277 9.276 9.276 9.276 9.275 9.275 9.274 9.274 9.273 9.273 9.272 9.272 9.271 9.271 9.270 9.270 9.269 9.268 9.268 9.267 9.267 9.266 9.265 9.265 9.264 9.263 9.263 9.262 9.261 9.261
0.580 1.030 0.500 0.034 0.000 0.000 0.000 1.412 3.031 4.130 9.290 9.290 9.290 9.290 9.289 9.289 9.289 9.288 9.288 9.288 9.288 9.287 9.287 9.287 9.286 9.286 9.286 9.285 9.285 9.285 9.284 9.284 9.284 9.283 9.283 9.282 9.282 9.281 9.281 9.281 9.280 9.280 9.279 9.279 9.279 9.278 9.278 9.277 9.277 9.276 9.276 9.275 9.275 9.274 9.274 9.274 9.273 9.273 9.272 9.272 9.271 9.271 9.270 9.269 9.269 9.268 9.267 9.267 9.266 9.266 9.265 9.264 9.264 9.263 9.262 9.262 9.261
0.292 0.257 0.000 0.019 0.000 0.000 0.000 2.432 3.651 9.291 9.291 9.291 9.290 9.290 9.290 9.289 9.289 9.289 9.288 9.288 9.288 9.288 9.287 9.287 9.287 9.286 9.286 9.286 9.285 9.285 9.285 9.284 9.284 9.283 9.283 9.283 9.282 9.282 9.281 9.281 9.280 9.280 9.279 9.279 9.279 9.278 9.278 9.277 9.277 9.277 9.276 9.276 9.275 9.275 9.274 9.274 9.273 9.273 9.272 9.272 9.271 9.271 9.270 9.270 9.269 9.268 9.268 9.267 9.266 9.266 9.265 9.265 9.264 9.263 9.263 9.262 9.261
0.000 0.000 0.000 0.045 0.000 0.000 0.000 3.062 4.032 9.291 9.291 9.291 9.291 9.290 9.290 9.290 9.289 9.289 9.289 9.288 9.288 9.288 9.288 9.287 9.287 9.287 9.286 9.286 9.286 9.285 9.285 9.284 9.284 9.284 9.283 9.283 9.282 9.282 9.281 9.281 9.281 9.280 9.280 9.279 9.279 9.278 9.278 9.278 9.277 9.277 9.276 9.276 9.275 9.275 9.274 9.274 9.274 9.273 9.273 9.272 9.271 9.271 9.270 9.270 9.269 9.269 9.268 9.267 9.267 9.266 9.265 9.265 9.264 9.263 9.263 9.262 9.261
0.000 0.000 0.000 0.000 0.301 0.000 1.932 3.332 9.292 9.292 9.291 9.291 9.291 9.291 9.290 9.290 9.290 9.289 9.289 9.289 9.288 9.288 9.288 9.287 9.287 9.287 9.287 9.286 9.286 9.285 9.285 9.285 9.284 9.284 9.283 9.283 9.283 9.282 9.282 9.281 9.281 9.280 9.280 9.280 9.279 9.279 9.278 9.278 9.278 9.277 9.277 9.276 9.276 9.275 9.275 9.274 9.274 9.273 9.273 9.272 9.272 9.271 9.271 9.270 9.269 9.269 9.268 9.267 9.267 9.266 9.266 9.265 9.264 9.264 9.263 9.262 9.262
0.000 0.000 0.000 0.000 0.000 1.807 2.433 3.752 9.292 9.292 9.292 9.291 9.291 9.291 9.290 9.290 9.290 9.290 9.289 9.289 9.289 9.288 9.288 9.288 9.287 9.287 9.287 9.286 9.286 9.286 9.285 9.285 9.284 9.284 9.284 9.283 9.283 9.282 9.282 9.281 9.281 9.281 9.280 9.280 9.279 9.279 9.279 9.278 9.278 9.277 9.277 9.276 9.276 9.275 9.275 9.274 9.274 9.273 9.273 9.272 9.272 9.271 9.271 9.270 9.270 9.269 9.268 9.268 9.267 9.266 9.266 9.265 9.264 9.264 9.263 9.262 9.262
0.000 0.000 0.000 0.000 0.000 0.000 2.633 4.123 9.292 9.292 9.292 9.292 9.291 9.291 9.291 9.290 9.290 9.290 9.289 9.289 9.289 9.289 9.288 9.288 9.288 9.287 9.287 9.287 9.286 9.286 9.285 9.285 9.285 9.284 9.284 9.283 9.283 9.283 9.282 9.282 9.281 9.281 9.280 9.280 9.280 9.279 9.279 9.278 9.278 9.278 9.277 9.277 9.276 9.276 9.275 9.275 9.274 9.274 9.273 9.273 9.272 9.271 9.271 9.270 9.270 9.269 9.268 9.268 9.267 9.266 9.266 9.265 9.265 9.264 9.263 9.263 9.262
0.000 0.000 0.000 0.000 0.000 2.073 3.393 9.293 9.293 9.292 9.292 9.292 9.292 9.291 9.291 9.291 9.290 9.290 9.290 9.289 9.289 9.289 9.288 9.288 9.288 9.288 9.287 9.287 9.286 9.286 9.286 9.285 9.285 9.284 9.284 9.284 9.283 9.283 9.282 9.282 9.281 9.281 9.281 9.280 9.280 9.279 9.279 9.279 9.278 9.278 9.277 9.277 9.276 9.276 9.275 9.275 9.274 9.274 9.273 9.273 9.272 9.272 9.271 9.270 9.270 9.269 9.269 9.268 9.267 9.267 9.266 9.265 9.265 9.264 9.263 9.263 9.262
0.215 0.945 1.295 1.726 2.625 3.404 9.294 9.293 9.293 9.293 9.293 9.292 9.292 9.292 9.291 9.291 9.291 9.290 9.290 9.290 9.289 9.289 9.289 9.288 9.288 9.288 9.287 9.287 9.287 9.286 9.286 9.286 9.285 9.285 9.284 9.284 9.283 9.283 9.283 9.282 9.282 9.281 9.281 9.281 9.280 9.280 9.279 9.279 9.278 9.278 9.278 9.277 9.277 9.276 9.276 9.275 9.275 9.274 9.274 9.273 9.272 9.272 9.271 9.271 9.270 9.269 9.269 9.268 9.267 9.267 9.266 9.266 9.265 9.264 9.264 9.263 9.262
1.296 1.726 2.236 3.116 3.475 4.204 9.294 9.294 9.293 9.293 9.293 9.293 9.292 9.292 9.292 9.291 9.291 9.291 9.290 9.290 9.290 9.289 9.289 9.289 9.288 9.288 9.288 9.287 9.287 9.287 9.286 9.286 9.285 9.285 9.285 9.284 9.284 9.283 9.283 9.282 9.282 9.282 9.281 9.281 9.281 9.280 9.280 9.279 9.279 9.278 9.278 9.277 9.277 9.276 9.276 9.275 9.275 9.274 9.274 9.273 9.273 9.272 9.271 9.271 9.270 9.270 9.269 9.268 9.268 9.267 9.266 9.266 9.265 9.264 9.264 9.263 9.262
2.297 3.167 3.356 3.596 4.025 9.295 9.294 9.294 9.294 9.294 9.293 9.293 9.293 9.292 9.292 9.291 9.291 9.291 9.290 9.290 9.290 9.290 9.289 9.289 9.288 9.288 9.288 9.287 9.287 9.287 9.286 9.286 9.286 9.285 9.285 9.284 9.284 9.284 9.283 9.283 9.282 9.282 9.282 9.281 9.281 9.280 9.280 9.279 9.279 9.278 9.278 9.277 9.277 9.277 9.276 9.276 9.275 9.275 9.274 9.273 9.273 9.272 9.272 9.271 9.270 9.270 9.269 9.268 9.268 9.267 9.267 9.266 9.265 9.265 9.264 9.263 9.262
3.178 3.597 3.667 3.916 9.295 9.295 9.295 9.294 9.294 9.294 9.294 9.293 9.293 9.293 9.292 9.292 9.291 9.291 9.291 9.290 9.290 9.290 9.289 9.289 9.289 9.288 9.288 9.288 9.287 9.287 9.287 9.286 9.286 9.285 9.285 9.285 9.284 9.284 9.283 9.283 9.283 9.282 9.282 9.281 9.281 9.281 9.280 9.280 9.279 9.279 9.278 9.278 9.277 9.277 9.276 9.276 9.275 9.275 9.274 9.274 9.273 9.272 9.272 9.271 9.271 9.270 9.269 9.269 9.268 9.267 9.267 9.266 9.265 9.265 9.264 9.263 9.263
