includes/lisflood-fp-604/results/res-0004.wd
ncols         631
nrows         906
xllcorner     364927.146667
yllcorner     6531972.565556
cellsize      20.000000
NODATA_value  -9999.000000
[rows 136 to 169 of 906, columns 308 to 384 of 631]
0.017 0.437 0.559 0.759 0.049 0.916 0.461 1.188 1.134 0.611 1.094 1.192 1.320 0.674 0.793 0.262 1.717 1.271 1.635 1.787 1.081 1.035 1.780 0.975 1.240 1.873 2.144 2.134 2.045 2.056 2.096 2.027 2.038 1.879 2.352 2.274 1.970 1.705 1.778 1.951 2.043 1.985 1.926 1.818 1.730 1.891 1.933 1.824 1.755 0.506 0.247 0.208 0.000 0.826 0.826 3.749 3.909 4.029 4.158 4.108 4.118 4.148 4.208 4.108 4.268 4.398 4.379 4.419 4.419 4.379 4.419 4.369 4.419 4.419 4.419 4.419 4.419
0.003 0.000 0.000 0.248 0.501 0.286 0.004 0.463 1.729 1.692 1.133 1.722 1.480 1.945 1.653 1.028 1.954 0.439 1.824 1.547 1.691 1.685 1.608 0.925 1.902 1.993 2.124 2.065 2.306 2.026 2.067 2.068 2.089 2.070 0.814 0.708 1.934 1.647 1.679 1.872 1.954 1.976 2.037 1.839 2.030 1.942 1.993 1.954 1.926 1.967 0.620 0.381 0.101 0.000 0.825 3.029 3.819 3.948 4.018 4.138 4.048 4.168 4.278 4.148 4.138 4.318 4.398 4.288 4.368 4.359 4.419 4.419 4.419 4.419 4.419 4.419 4.419
0.038 0.002 0.000 0.333 0.045 0.000 0.000 0.533 1.278 1.222 1.372 1.251 1.130 1.705 1.483 1.488 2.093 1.237 1.832 1.046 1.581 1.694 1.278 1.055 1.612 2.084 2.054 2.085 2.086 1.917 1.608 1.989 2.020 1.772 2.229 2.191 0.916 2.028 2.109 1.993 1.905 1.906 1.988 1.789 1.791 1.942 2.094 2.025 1.277 1.450 1.882 0.985 0.667 0.136 0.824 0.825 3.238 3.738 3.988 3.908 4.128 4.097 4.117 4.227 4.168 4.238 4.418 4.288 4.218 4.338 4.318 4.418 4.419 4.419 4.419 4.419 4.419
0.273 0.029 0.000 0.067 0.000 0.000 0.293 0.256 1.285 1.011 0.991 1.231 1.327 0.983 0.130 2.188 1.563 1.887 1.810 0.865 1.791 1.644 1.587 0.575 1.743 2.014 2.015 2.025 2.017 1.989 1.930 1.880 0.714 0.639 1.604 1.186 1.849 0.860 0.982 2.316 2.306 2.398 2.099 1.950 1.322 1.524 1.935 2.127 1.579 2.022 2.053 1.396 1.778 0.660 0.000 0.825 0.825 3.448 3.838 3.918 3.937 3.917 4.097 4.167 4.317 4.307 4.248 4.258 4.248 4.398 4.398 4.288 4.418 4.418 4.418 4.419 4.419
0.556 0.360 0.126 0.201 0.498 0.424 0.675 0.642 1.308 1.347 1.161 1.021 1.357 0.781 0.083 2.226 0.780 2.007 1.599 1.294 1.760 1.593 1.518 1.564 0.982 1.885 1.915 2.125 0.691 2.244 1.405 1.047 1.061 1.054 2.037 2.128 1.860 1.991 0.944 1.986 0.897 2.439 2.460 1.751 1.543 1.885 1.866 2.108 2.150 2.072 2.004 1.937 2.118 1.670 0.653 0.000 0.823 0.822 3.547 3.857 3.937 4.137 4.117 4.107 4.257 4.347 4.377 4.187 4.407 4.298 4.378 4.388 4.418 4.418 4.418 4.418 4.418
0.473 0.715 0.669 0.791 0.588 0.630 1.146 0.526 1.026 1.277 1.131 1.741 1.547 1.892 1.230 2.133 1.387 1.174 1.399 1.723 1.629 1.693 1.617 1.495 1.974 1.685 0.839 0.932 1.497 2.128 2.170 1.992 1.894 1.996 1.747 2.079 2.011 2.062 1.845 2.226 0.778 0.930 2.302 1.872 1.344 1.515 1.757 1.879 1.931 2.033 1.955 1.927 2.319 2.281 1.136 0.922 0.000 0.804 2.476 3.627 3.867 3.857 4.126 4.096 4.196 4.127 4.317 4.417 4.207 4.347 4.337 9.417 4.418 4.418 4.348 4.418 4.418
1.152 1.217 1.219 1.141 0.938 1.129 1.120 0.853 0.974 0.341 1.802 1.240 1.156 1.892 1.489 1.721 1.716 1.363 1.988 2.091 1.807 1.663 1.547 0.916 1.776 2.078 1.292 1.976 2.108 2.109 2.250 2.082 2.065 2.126 1.948 1.710 1.801 1.604 2.086 1.958 2.310 2.481 1.982 1.903 1.774 1.536 1.437 2.050 2.092 2.024 2.026 1.918 1.960 1.992 1.388 0.909 1.033 0.728 0.794 2.676 3.696 3.836 4.036 4.156 4.176 4.156 4.196 4.227 4.417 4.417 4.377 4.417 9.417 4.347 4.418 4.418 4.418
1.072 0.997 0.781 0.783 1.178 1.318 1.369 0.873 0.633 0.709 1.451 0.970 2.056 1.821 1.648 1.077 0.945 1.012 2.368 2.520 1.307 1.853 1.307 0.936 1.458 2.110 1.944 2.206 2.118 2.149 2.201 2.073 2.085 2.077 2.078 2.000 1.443 2.036 2.137 2.088 2.100 1.111 2.333 2.183 2.255 2.366 2.078 1.770 2.152 2.094 2.197 2.089 2.061 2.014 2.021 2.519 1.718 0.499 0.783 0.798 2.775 3.696 3.856 4.116 4.046 4.086 4.186 4.176 4.237 4.287 4.397 4.337 4.267 4.277 4.337 4.417 4.418
0.483 1.182 1.493 1.323 1.538 1.525 0.798 1.028 0.332 1.239 1.138 1.930 1.945 1.861 1.538 1.904 1.334 1.871 2.164 1.389 1.126 2.033 1.067 1.016 2.209 1.931 2.084 1.936 2.038 2.120 2.072 2.074 2.226 2.007 2.159 1.951 1.654 2.006 2.028 2.039 2.031 2.142 1.123 0.714 2.276 2.316 2.148 2.300 2.002 1.686 1.958 2.120 1.522 1.126 1.453 2.119 1.868 1.322 0.000 0.756 0.781 3.125 3.876 3.945 3.875 4.066 4.146 4.156 4.256 4.236 4.256 4.226 4.377 4.377 4.387 4.417 4.417
1.284 1.371 1.343 1.393 0.397 0.876 1.156 0.510 0.961 0.938 0.446 1.108 1.181 0.830 1.448 1.554 0.784 1.050 2.322 1.197 1.366 1.984 1.997 0.406 1.730 2.032 1.913 1.896 1.978 2.030 1.992 2.084 2.156 1.998 2.000 1.972 2.275 1.847 1.849 2.010 1.942 1.993 2.355 2.305 0.418 0.690 0.981 2.101 0.704 2.209 2.350 2.281 2.223 1.347 1.863 1.489 1.778 1.475 1.408 0.880 0.701 0.768 3.285 3.775 3.905 4.005 4.085 4.146 4.126 4.176 4.286 4.246 4.416 4.416 4.417 4.417 4.417
1.344 0.142 0.425 1.779 1.787 1.644 0.996 0.764 0.417 0.904 0.694 1.984 1.807 1.008 1.637 1.414 2.114 2.097 2.370 1.872 0.731 1.895 1.849 1.873 0.543 1.952 2.223 1.786 1.999 2.011 2.123 2.085 1.997 2.119 1.981 2.013 2.095 1.897 1.930 2.042 2.163 1.965 2.016 0.899 0.943 1.004 0.844 1.165 2.167 0.749 2.251 2.182 2.424 2.448 1.913 1.837 0.788 1.748 1.768 1.543 0.973 0.702 0.783 3.445 3.805 3.945 4.085 4.125 4.196 4.106 4.246 4.176 4.316 4.326 9.416 4.316 9.417
1.504 1.725 1.744 1.578 1.667 1.525 0.996 0.715 0.987 0.973 1.075 1.060 1.066 1.608 1.594 0.385 1.494 2.167 2.329 1.881 1.733 0.000 1.882 2.035 2.069 0.637 1.853 2.086 1.939 1.982 2.034 2.216 2.048 1.950 1.992 2.004 1.996 1.828 1.791 1.883 1.745 1.807 2.089 2.053 1.965 1.926 2.097 2.018 0.958 1.540 0.801 2.172 1.345 1.349 1.553 1.178 1.207 0.795 1.948 1.619 1.360 0.887 0.765 0.815 3.644 3.824 4.025 4.035 4.095 4.195 4.235 4.195 4.256 4.296 4.416 4.256 4.356
1.593 1.445 1.573 0.559 0.871 1.501 1.588 0.944 1.112 1.206 1.239 1.823 0.895 1.657 1.574 2.346 2.072 2.096 1.988 1.681 2.244 2.056 0.503 2.076 2.050 2.105 1.771 1.835 1.879 2.112 1.925 1.937 2.179 2.110 1.883 1.815 2.167 1.560 1.883 2.045 1.967 1.949 2.181 2.083 2.305 2.117 2.128 2.088 2.039 1.021 1.522 0.504 0.757 1.481 2.074 1.458 0.488 1.463 1.390 0.829 1.376 1.456 0.000 1.526 1.527 3.854 4.014 4.115 4.025 4.055 4.035 4.245 4.145 4.165 4.246 4.356 4.416
1.413 0.768 1.009 1.120 1.441 1.661 1.599 1.511 1.065 1.068 1.062 0.983 1.515 1.613 0.483 0.955 1.451 1.925 2.128 2.250 1.215 1.449 2.056 0.849 1.851 2.005 1.780 1.705 1.800 2.053 1.966 2.028 2.080 1.902 2.003 1.617 1.689 1.792 1.894 2.036 2.088 2.030 2.102 2.254 2.086 2.127 2.148 2.039 2.060 1.202 0.893 0.596 0.428 1.352 1.735 1.429 2.478 1.809 1.507 1.781 1.526 1.437 0.865 0.000 1.526 1.526 3.824 3.914 4.034 3.965 4.045 4.095 4.225 4.225 4.315 9.415 4.326
1.175 1.532 1.210 1.589 1.221 1.512 1.560 1.521 1.267 1.338 1.595 0.856 1.465 1.423 2.572 1.311 1.710 1.614 2.047 1.491 2.185 1.331 1.227 1.894 0.576 2.086 1.988 0.624 1.591 1.854 2.097 2.059 2.041 2.253 1.506 1.909 1.951 1.943 2.035 1.997 1.919 2.101 2.063 2.175 2.266 1.998 2.229 2.120 2.191 2.063 1.387 2.049 1.569 0.511 1.025 1.310 2.457 1.458 2.347 1.679 1.302 1.534 1.114 0.404 0.000 1.526 1.526 3.794 3.814 3.994 4.075 3.965 4.195 4.235 4.155 4.375 4.335
0.815 1.584 1.321 1.589 1.640 1.542 1.481 1.751 1.670 1.308 0.757 1.617 1.604 1.172 2.491 1.500 1.518 1.753 1.597 2.081 1.376 2.082 1.787 1.273 1.872 1.072 2.118 1.982 0.579 1.545 1.728 1.690 1.723 1.965 2.008 2.000 2.072 2.074 1.836 2.028 2.120 2.022 1.904 2.166 1.907 2.009 2.080 1.892 1.533 1.545 2.138 2.169 2.180 2.210 0.602 1.379 2.346 0.226 1.877 1.919 1.591 1.693 1.794 1.614 0.000 0.000 1.523 3.173 3.824 3.904 3.824 4.124 4.004 4.115 4.065 4.155 4.395
0.965 1.554 1.631 1.696 0.909 1.732 1.211 1.461 1.386 0.819 0.000 1.708 1.594 1.612 2.261 1.730 1.687 1.562 1.886 1.751 2.086 1.652 2.168 2.173 1.492 1.970 1.718 2.114 2.278 0.555 1.000 1.532 1.995 2.076 1.879 2.191 1.973 1.955 2.118 2.029 1.971 1.954 2.135 1.827 1.649 2.041 2.042 2.114 2.235 2.277 2.238 2.329 2.180 2.171 2.212 1.355 2.495 1.316 1.695 2.278 1.670 1.172 1.744 1.765 1.439 0.733 1.515 1.524 3.224 3.794 3.964 3.924 4.054 4.114 4.104 4.214 4.345
0.795 1.504 1.661 1.526 0.899 1.472 1.341 1.721 1.635 0.133 1.471 1.605 0.993 1.271 1.880 1.170 1.657 1.882 1.856 1.421 1.626 1.372 2.128 1.414 1.622 1.889 1.207 2.145 2.160 2.145 1.880 1.903 1.975 1.967 2.040 1.892 1.934 1.906 1.899 1.951 1.403 1.936 2.057 2.159 2.251 2.202 2.203 2.325 2.256 2.187 2.218 2.269 2.190 2.171 2.261 1.413 0.523 1.225 1.755 1.978 1.969 1.382 1.764 1.855 1.667 1.192 0.000 1.525 1.526 3.254 3.944 4.014 3.964 4.084 4.114 4.204 4.214
0.796 1.163 1.611 1.776 0.658 1.822 0.972 1.711 0.738 0.514 1.347 1.253 1.711 1.767 1.389 1.590 1.746 1.571 1.415 2.191 1.556 1.612 1.988 1.585 2.152 1.579 1.467 1.375 2.221 1.696 1.450 1.653 1.946 1.848 1.821 1.843 1.406 1.449 2.422 2.033 2.025 2.197 2.278 2.210 2.361 2.213 2.234 2.295 2.187 2.208 2.269 2.400 2.510 2.441 2.231 0.602 0.137 2.591 0.817 2.158 2.349 1.681 1.793 1.815 1.647 1.348 0.000 0.000 1.525 1.526 3.544 3.884 3.964 3.954 3.994 4.184 4.304
0.897 1.211 0.780 1.639 1.595 1.018 1.242 1.353 0.921 1.667 1.223 0.946 1.197 1.233 0.978 1.389 1.485 2.040 1.345 1.871 1.546 1.432 1.648 1.775 1.862 2.538 1.426 1.214 1.471 1.827 1.831 1.844 1.777 1.570 2.233 1.826 1.959 2.001 2.103 2.164 2.346 2.188 2.189 2.190 2.292 2.173 2.235 2.276 2.287 2.248 2.469 2.340 2.191 2.182 2.122 1.633 0.916 1.221 2.352 0.206 2.119 2.231 2.213 1.715 1.597 1.448 0.298 0.000 0.077 1.526 1.526 3.753 3.943 3.963 4.123 4.024 3.944
1.546 1.110 1.070 1.529 1.536 1.643 0.361 0.968 0.363 1.697 1.560 1.481 1.701 1.709 0.827 1.179 1.155 1.820 1.354 1.480 1.396 2.032 1.368 1.434 1.292 1.569 1.486 1.624 1.661 1.888 2.141 1.824 1.928 2.042 2.004 1.957 2.090 2.112 2.324 2.215 2.197 2.088 2.090 2.071 2.143 2.084 2.106 2.497 2.418 2.359 2.390 2.261 2.272 2.272 2.263 2.504 1.366 1.399 1.541 2.686 1.063 2.171 1.853 1.455 1.287 1.198 0.259 0.000 0.053 0.156 1.526 1.526 3.873 3.823 3.983 4.003 4.123
0.834 1.830 1.080 1.258 0.966 1.704 1.070 0.874 1.190 1.480 0.836 1.409 1.347 1.189 1.126 1.298 1.364 1.569 1.363 1.960 1.816 1.792 1.898 1.974 1.741 1.539 1.217 1.494 1.401 2.198 1.862 1.955 1.419 2.073 2.076 2.068 2.121 2.103 2.135 2.166 2.178 2.159 2.141 2.082 2.104 2.195 2.267 2.348 2.269 2.650 2.301 2.251 2.172 2.093 2.224 2.184 1.156 1.449 1.440 0.746 2.102 2.000 1.854 1.767 1.289 1.531 0.783 0.000 0.000 0.253 0.145 1.526 1.525 3.893 3.813 4.123 3.963
0.693 0.136 2.431 0.737 1.447 1.135 1.200 0.529 1.400 1.208 1.644 1.464 1.393 1.469 1.337 1.168 1.404 2.158 2.221 1.459 1.196 1.522 1.518 1.234 1.402 1.160 1.367 1.593 0.962 1.088 1.723 1.905 1.679 1.903 1.957 2.130 2.262 2.374 2.225 2.097 2.139 1.991 2.052 2.033 2.125 2.116 2.207 2.169 2.120 2.121 2.162 2.212 2.173 2.244 2.485 2.515 0.927 1.589 1.399 1.506 2.248 0.217 1.866 1.999 1.302 1.515 1.167 0.340 0.000 0.001 0.732 0.058 1.525 2.912 3.842 4.062 3.992
1.031 1.366 0.246 2.584 0.644 0.885 1.306 1.201 1.464 0.885 1.383 1.370 1.615 0.718 1.301 1.538 2.263 1.917 1.660 0.638 2.046 2.031 1.538 1.764 0.955 1.903 1.517 0.634 1.922 1.058 1.853 1.626 1.969 1.454 1.869 1.941 1.983 1.965 2.007 2.169 2.220 2.542 2.483 2.334 2.046 2.167 2.088 2.150 2.171 2.182 2.263 2.253 2.284 2.315 2.335 2.326 2.457 1.488 1.479 0.685 0.538 1.196 1.456 2.382 1.087 1.401 1.213 1.364 0.000 0.000 0.732 0.304 1.523 1.524 3.232 3.952 3.832
1.301 1.697 0.687 1.403 1.820 2.395 0.688 1.691 1.063 1.053 1.541 1.887 1.532 0.698 1.252 1.458 1.943 1.496 1.690 1.377 1.863 0.641 1.659 0.797 1.650 1.254 1.618 1.215 1.842 1.118 1.413 1.756 2.149 1.395 1.860 1.983 2.095 2.086 2.098 2.160 2.201 2.273 2.274 2.255 2.187 2.218 2.200 2.291 2.342 2.313 2.283 2.194 2.295 2.226 2.316 2.417 2.277 1.238 1.089 0.338 1.318 1.751 0.349 1.800 1.144 1.527 1.328 1.029 0.000 0.000 0.333 0.484 0.868 1.521 1.522 3.411 3.911
0.990 1.320 1.085 0.969 0.638 0.173 2.862 0.948 0.640 1.442 1.287 1.456 1.441 0.468 1.353 1.407 1.682 1.865 0.930 1.607 1.902 0.581 1.810 0.571 1.920 1.344 1.369 1.735 1.152 1.567 1.952 1.576 1.810 1.226 1.972 2.034 2.006 2.138 2.079 2.091 2.172 2.154 2.215 2.277 2.178 2.199 2.260 2.202 2.243 2.404 2.235 2.285 2.406 2.387 2.307 2.338 2.258 0.889 0.494 0.823 1.307 2.460 0.407 1.577 1.562 1.613 2.175 1.366 0.529 0.000 0.000 0.624 1.315 1.596 1.520 1.522 3.811
0.940 1.341 1.875 1.526 1.846 0.747 1.972 1.117 2.727 1.376 0.992 1.386 1.400 0.519 1.372 1.477 1.782 1.774 0.890 1.756 0.982 1.711 1.331 1.796 1.980 1.614 1.040 1.167 1.812 1.207 1.601 1.156 1.581 1.117 1.853 1.855 2.167 2.119 2.070 1.982 2.164 2.155 2.206 2.238 2.219 2.150 2.311 2.213 2.244 2.415 2.566 2.396 2.467 2.268 2.379 2.339 2.340 1.861 0.556 1.223 1.366 0.524 1.043 0.865 2.148 1.658 2.089 1.700 1.102 0.143 0.000 0.491 1.712 1.883 0.975 1.520 2.630
1.520 1.050 0.833 0.916 1.020 0.858 1.580 0.996 1.213 0.643 2.689 0.712 1.512 0.599 1.540 1.445 1.661 1.395 1.380 1.836 0.723 2.061 0.534 1.816 0.981 1.236 1.042 1.748 2.342 2.126 2.450 1.186 1.861 1.218 1.553 2.026 2.118 2.060 2.162 2.133 2.185 2.216 2.337 2.129 2.290 2.201 2.163 2.274 2.225 2.226 2.237 2.338 2.308 2.259 2.340 2.311 2.421 2.412 1.367 1.362 1.116 0.641 2.556 1.199 2.011 1.932 1.763 1.744 1.495 0.608 0.000 0.118 1.700 1.790 1.681 1.516 1.519
1.770 1.680 1.422 1.333 1.432 1.869 1.967 1.315 0.913 1.070 0.987 2.750 0.820 1.370 1.465 1.264 1.431 1.786 1.829 1.565 1.533 2.151 0.956 1.886 1.112 1.508 1.833 2.208 2.001 0.957 2.550 1.085 1.242 1.829 1.194 1.518 1.462 1.524 1.655 1.726 1.617 1.749 1.840 1.851 1.792 2.023 2.104 2.045 2.126 2.227 2.268 2.279 2.350 2.261 2.221 2.292 2.233 2.153 1.377 1.102 0.918 0.537 0.839 1.162 1.404 1.926 1.946 1.748 1.769 0.892 0.000 0.000 1.737 1.788 1.578 1.580 1.515
0.970 1.080 1.872 1.630 1.161 1.147 1.418 1.526 1.542 1.189 0.875 0.869 2.959 1.816 1.091 1.062 1.251 1.816 1.829 0.955 1.862 0.615 1.309 0.936 1.663 1.298 2.413 1.587 1.003 2.108 1.350 1.075 0.972 1.350 1.195 1.101 2.157 2.188 2.148 2.179 2.210 2.181 2.062 2.053 2.174 2.225 2.296 2.157 2.158 2.069 2.190 2.340 2.231 2.282 2.393 2.244 2.015 1.635 0.968 0.902 0.696 0.876 3.206 0.856 1.308 1.599 1.641 1.563 1.545 1.191 1.077 0.004 1.493 1.733 1.824 1.655 1.418
1.129 1.730 1.311 1.459 1.028 0.915 0.958 0.888 1.155 1.230 1.553 1.193 0.478 2.786 1.060 1.071 1.420 1.916 2.359 1.205 2.102 0.748 1.879 1.116 1.392 1.247 1.833 0.939 2.095 1.387 1.201 1.405 1.282 1.170 1.368 1.314 2.168 2.189 2.130 2.140 2.111 2.112 2.033 2.284 2.095 2.226 2.307 2.248 2.169 2.150 2.121 2.122 2.193 2.214 2.425 2.476 2.437 2.329 2.460 1.413 0.927 1.156 3.506 2.098 1.419 1.361 1.534 1.507 1.691 1.735 1.030 0.188 0.781 1.707 1.728 1.869 1.749
1.229 1.690 1.180 1.577 0.843 0.652 0.919 0.842 0.956 1.250 1.093 1.473 1.101 1.203 1.899 1.210 1.440 1.725 1.689 2.225 1.145 1.612 1.788 1.286 1.282 1.417 1.014 2.071 1.284 1.238 2.001 2.274 1.032 1.081 1.100 1.697 2.099 2.280 2.171 2.062 2.193 2.194 2.234 2.415 2.146 2.147 2.088 2.159 2.170 2.231 2.162 2.254 2.305 2.336 2.366 2.288 2.249 2.260 2.041 1.363 0.776 0.425 3.277 2.179 1.611 1.583 1.097 1.670 1.583 1.757 1.034 0.742 0.554 1.426 1.407 1.369 1.380
1.679 1.650 1.710 1.747 0.970 0.739 0.669 1.620 2.126 1.060 1.142 1.083 1.429 1.007 1.479 2.649 1.239 1.785 0.831 2.006 0.508 1.672 0.759 1.607 1.532 1.177 1.024 1.361 2.015 2.078 2.051 1.434 1.051 0.951 1.081 1.738 2.010 2.241 2.422 2.213 2.234 2.195 2.145 2.046 2.457 2.058 2.019 2.180 2.212 2.303 2.274 2.355 2.286 2.267 2.308 2.319 2.410 2.291 2.082 0.746 1.707 0.885 2.808 2.230 2.152 1.205 2.190 1.671 1.016 1.610 0.759 0.966 0.287 2.107 1.938 1.888 1.959
0.919 0.909 0.821 1.766 0.596 0.237 0.051 0.347 0.978 1.630 1.182 1.471 0.656 1.058 0.362 0.729 2.610 1.196 1.703 2.076 1.260 1.652 1.600 1.507 2.141 1.068 1.225 1.300 1.084 1.678 2.260 1.375 1.811 1.121 1.272 2.059 1.931 2.062 2.173 2.124 2.145 2.056 2.087 2.188 2.189 2.520 2.230 2.071 2.153 2.234 2.205 2.306 2.207 2.249 2.360 2.361 2.522 2.373 2.354 1.876 0.946 0.247 1.239 2.252 2.164 2.167 1.581 1.484 1.628 1.533 1.601 1.116 0.355 1.964 2.034 2.015 2.156
