includes/lisflood-fp-604/results/res-0003.wdfp
ncols         631
nrows         906
xllcorner     364927.146667
yllcorner     6531972.565556
cellsize      20.000000
NODATA_value  -9999.000000
[rows 34 to 67 of 906, columns 308 to 384 of 631]
0.000 0.000 0.000 0.000 0.000 0.000 0.000 0.000 0.000 0.000 0.000 0.000 0.000 0.000 0.000 0.000 0.000 0.000 0.000 0.000 0.000 2.013 7.015 7.018 1.900 0.000 0.000 0.895 1.066 1.066 1.117 1.239 1.120 0.742 1.073 1.084 1.212 1.721 0.000 0.869 1.158 0.958 0.852 1.067 0.158 0.005 0.405 0.867 1.014 1.014 1.014 2.048 2.248 1.015 1.015 1.328 0.107 0.547 1.576 1.666 1.756 1.436 0.000 1.012 1.976 2.035 1.784 1.353 1.622 2.602 2.963 3.242 3.593 3.693 3.693 3.693 3.692
0.000 0.000 0.000 0.000 0.000 0.000 0.000 0.000 0.000 0.000 0.000 0.000 0.000 0.000 0.000 0.000 0.000 0.000 0.000 0.000 7.010 7.011 7.013 1.155 0.000 0.194 0.995 1.145 1.076 1.127 1.109 1.191 0.856 0.941 1.132 1.241 0.991 0.007 1.261 1.172 1.043 1.056 0.890 0.211 0.341 1.186 1.014 1.014 1.014 1.498 2.028 2.058 2.298 1.758 1.015 1.015 1.014 0.907 1.857 1.716 1.756 1.466 0.000 1.011 1.011 1.804 1.703 1.353 2.162 2.642 2.992 3.312 3.692 3.692 3.692 3.692 3.692
0.000 0.000 0.000 0.000 0.000 0.000 0.000 0.000 0.000 0.000 0.000 0.000 0.000 0.000 0.000 0.000 0.000 0.000 1.520 1.954 7.009 7.010 0.000 0.000 0.674 0.674 0.835 1.106 0.997 1.168 1.191 1.124 0.728 1.198 1.269 0.688 0.379 1.104 1.221 1.043 0.581 0.975 0.212 0.346 1.354 1.013 1.014 1.607 1.808 1.748 2.508 1.858 1.978 1.938 1.748 1.848 1.014 1.014 1.897 1.617 1.546 1.386 0.000 0.000 1.011 1.514 1.573 1.222 2.531 3.131 2.851 3.191 3.541 3.691 3.692 3.691 3.691
0.000 0.000 0.000 0.000 0.000 0.000 0.000 0.000 0.000 0.000 0.000 0.000 0.000 0.000 0.000 0.000 0.000 1.794 6.926 6.928 1.969 0.000 0.000 0.000 0.654 0.835 0.855 1.126 1.097 1.129 0.894 0.914 1.177 1.312 0.823 0.383 1.427 1.245 1.071 0.890 0.724 0.213 0.346 1.010 1.013 1.013 1.867 1.668 2.148 2.228 2.248 2.588 2.188 2.168 1.768 1.758 0.818 1.014 1.477 1.447 1.477 1.377 0.000 0.422 1.010 1.333 1.402 1.261 2.961 3.291 3.311 3.071 3.441 3.691 3.691 3.691 3.691
0.000 0.000 0.000 0.000 0.000 0.000 0.000 0.000 0.000 0.000 0.000 0.000 0.000 0.000 0.000 0.207 1.919 6.922 6.924 1.916 0.000 0.000 0.000 0.000 0.816 0.947 0.887 1.028 0.729 0.992 0.986 0.790 1.308 0.596 0.774 1.374 1.528 0.976 0.691 0.998 0.213 0.346 1.010 1.013 1.637 2.018 2.128 2.228 2.258 2.228 1.978 2.488 2.308 2.298 2.048 1.808 1.228 1.014 1.517 1.617 1.407 0.847 0.000 1.010 1.010 1.423 1.261 1.321 2.810 3.221 3.341 3.541 3.451 3.591 3.690 3.690 3.690
0.000 0.000 0.000 0.000 0.000 0.000 0.000 0.000 0.000 0.000 0.000 0.000 0.000 0.000 1.367 1.917 6.918 6.919 0.260 0.000 0.000 0.000 0.000 0.000 0.769 1.119 1.069 1.110 1.041 1.003 0.986 1.121 0.570 1.104 1.250 1.521 0.712 0.528 0.761 0.213 0.346 1.393 1.012 1.797 2.208 2.068 2.118 2.188 2.288 2.238 2.308 2.368 2.368 2.278 1.838 2.408 1.417 1.014 1.014 1.367 1.527 0.427 0.000 1.011 0.964 1.623 1.182 1.520 2.760 2.861 3.261 3.510 8.690 3.690 3.690 3.690 3.690
0.000 0.000 0.000 0.000 0.000 0.000 0.000 0.000 0.000 0.000 0.000 0.000 0.000 1.916 6.916 6.917 6.917 0.000 0.000 0.000 0.000 0.000 0.000 0.211 0.762 0.862 1.082 1.063 0.903 1.104 0.855 0.001 0.693 1.256 1.275 0.816 0.670 0.873 0.214 0.346 1.010 1.012 1.013 2.188 2.238 2.118 2.368 2.318 2.238 2.368 2.318 2.308 2.448 2.338 2.448 1.808 1.517 0.577 1.014 1.013 1.013 0.306 0.000 1.011 1.714 1.693 1.032 1.600 2.810 3.190 3.330 3.290 3.510 3.690 3.690 3.690 3.690
0.000 0.000 0.000 0.000 0.000 0.000 0.000 0.000 0.000 0.000 0.000 0.000 1.915 6.916 6.916 1.916 0.000 0.000 0.000 0.000 0.000 0.000 0.000 0.404 0.728 0.968 1.058 1.178 0.876 1.104 0.053 0.963 1.504 1.346 0.925 0.537 0.908 0.214 0.346 1.011 1.013 1.957 2.188 2.288 2.158 2.328 2.199 2.439 2.348 2.398 2.318 2.478 2.558 2.288 2.248 1.627 1.397 0.517 1.307 1.367 1.015 1.014 1.013 1.012 1.864 1.754 1.081 1.820 2.581 3.011 3.291 3.650 3.660 3.690 3.690 3.690 3.690
0.000 0.000 0.000 0.000 0.000 0.000 0.000 0.000 0.000 0.000 0.000 1.914 6.915 6.915 1.916 0.000 0.000 0.000 0.000 0.000 0.000 0.000 0.000 0.397 1.080 0.969 1.168 1.075 1.071 0.000 0.846 1.344 1.283 1.013 0.926 0.804 0.194 0.343 1.011 1.013 2.128 2.068 2.388 2.309 2.279 2.249 2.359 2.319 2.389 2.449 2.108 2.538 2.568 1.968 1.598 1.507 1.397 0.617 1.008 0.489 1.015 1.015 1.014 1.746 1.965 1.604 1.132 1.821 2.941 3.271 3.061 3.271 3.390 8.690 3.690 3.690 3.690
0.000 0.000 0.000 0.000 0.000 0.000 0.000 0.000 0.000 0.209 1.913 6.914 6.914 0.805 0.000 0.000 0.000 0.000 0.000 0.000 0.000 0.000 0.000 0.566 0.945 0.955 1.122 1.116 0.000 1.447 1.499 1.350 1.117 1.174 1.038 0.932 0.281 1.362 1.013 2.198 2.198 2.248 2.369 2.399 2.349 2.359 2.379 2.279 2.429 2.439 2.439 2.589 2.439 1.748 1.558 1.447 1.507 1.408 1.328 1.015 1.015 1.015 1.678 2.117 1.606 1.165 1.213 1.742 2.582 3.291 3.611 3.471 3.690 3.690 3.690 3.690 3.690
0.000 0.000 0.000 0.000 0.000 0.000 0.000 0.000 1.863 1.906 6.913 6.913 0.000 0.000 0.000 0.000 0.000 0.000 0.000 0.000 0.000 0.000 0.000 0.596 0.920 1.091 1.540 0.220 1.416 1.365 1.561 0.951 1.142 1.293 1.470 0.201 0.353 1.012 1.014 2.308 2.198 2.319 2.409 2.549 2.499 2.099 2.309 2.539 2.379 2.569 2.469 2.649 2.579 1.759 1.708 1.608 1.458 1.498 1.239 1.016 1.016 1.669 2.249 1.698 1.387 1.755 1.674 2.343 2.582 2.982 3.551 3.621 3.691 3.690 3.690 3.690 3.690
0.000 0.000 0.000 0.000 0.000 0.000 0.735 1.898 1.900 6.905 1.909 0.000 0.000 0.000 0.000 0.000 0.000 0.000 0.000 0.000 0.000 0.000 0.000 0.384 0.945 1.240 0.540 0.945 1.482 1.115 1.246 1.311 1.182 1.626 1.647 0.282 1.008 1.014 2.378 2.399 2.259 2.329 2.299 2.300 2.530 2.179 2.330 2.430 2.480 2.530 2.560 2.649 2.459 1.999 1.689 1.758 1.608 1.419 1.059 1.017 1.016 2.370 1.979 1.808 2.397 2.906 2.835 2.974 3.053 3.042 3.351 3.631 3.691 3.690 3.670 3.690 3.690
0.000 0.000 0.000 0.000 0.000 1.550 1.892 6.896 6.896 0.960 0.000 0.000 0.000 0.000 0.000 0.000 0.000 0.000 0.000 0.000 0.000 0.000 0.000 0.614 0.293 0.766 1.095 1.097 1.108 0.955 0.772 1.989 1.458 1.450 1.545 0.942 1.009 2.338 2.349 2.399 2.479 2.420 2.540 2.380 2.480 2.490 2.470 2.460 2.510 2.560 2.600 2.580 2.550 2.229 2.109 1.749 1.838 0.879 1.100 1.241 2.530 2.670 2.609 2.728 2.967 3.056 3.195 3.454 3.443 3.432 3.412 3.581 3.691 3.691 3.690 3.690 3.690
0.000 0.000 0.000 0.415 1.666 1.888 6.890 1.893 0.000 0.000 0.000 0.000 0.000 0.000 0.000 0.000 0.000 0.000 0.000 0.000 0.000 0.000 0.000 0.000 1.049 1.040 0.964 0.911 1.098 0.876 1.048 1.421 1.949 1.778 0.282 1.007 2.469 2.429 2.409 2.530 2.540 2.520 2.420 2.640 2.430 2.540 2.570 2.420 2.520 2.550 2.670 2.490 2.620 2.270 1.920 1.829 1.739 0.669 0.399 2.381 2.841 2.730 2.919 3.009 2.687 3.016 3.175 3.374 8.693 3.693 3.652 3.612 3.691 3.691 3.691 3.690 3.690
0.000 0.000 0.000 1.885 6.885 6.885 1.888 0.000 0.000 0.000 0.000 0.000 0.000 0.000 0.000 0.000 0.000 0.000 0.000 0.000 0.000 0.000 0.000 0.908 0.857 1.037 0.673 0.924 0.838 0.617 1.050 1.402 1.449 0.241 0.383 2.299 2.450 2.360 2.470 2.550 2.560 2.450 2.470 2.500 2.581 2.540 2.630 2.600 2.560 3.010 2.570 2.500 2.480 2.200 2.010 1.840 1.340 0.036 1.361 2.721 2.901 2.900 3.020 3.079 3.168 3.217 3.086 3.465 3.584 3.643 3.613 3.692 3.692 3.691 3.691 3.691 3.691
0.000 0.000 1.884 6.884 6.885 1.065 0.000 0.000 0.000 0.000 0.000 0.000 0.000 0.000 0.000 0.000 0.000 0.000 0.000 0.000 0.000 0.000 0.000 0.551 0.782 0.944 0.909 1.096 0.689 0.818 0.971 1.373 0.214 0.368 1.880 2.430 2.490 2.440 2.590 2.600 2.480 2.450 2.501 2.671 2.601 2.551 2.341 2.751 2.841 2.691 2.531 2.361 2.311 2.101 2.021 1.841 1.040 0.000 2.212 2.882 2.961 3.020 2.940 3.169 3.178 3.407 3.336 3.275 3.494 3.694 3.623 3.692 3.692 3.692 3.692 3.691 3.691
0.000 1.883 6.884 6.884 0.000 0.000 0.000 0.000 0.000 0.000 0.000 0.000 0.000 0.000 0.000 0.000 0.000 0.000 0.000 0.000 0.000 0.000 0.363 0.804 0.874 0.936 1.071 1.087 0.831 0.796 1.172 1.116 0.298 1.710 2.490 2.510 2.591 2.501 2.461 2.581 2.721 2.771 2.621 2.571 2.761 2.621 2.641 2.791 2.781 2.541 2.481 2.341 2.171 1.911 2.041 1.741 0.402 0.873 2.542 2.842 2.961 3.221 3.140 3.079 3.398 3.357 3.576 3.605 3.645 3.614 3.673 3.693 3.692 3.692 3.692 3.692 3.691
1.877 6.883 6.883 0.000 0.000 0.000 0.000 0.000 0.000 0.000 0.000 0.000 0.000 0.000 0.000 0.000 0.000 0.000 0.000 0.000 0.000 0.000 0.814 0.764 1.095 0.917 0.982 0.910 1.002 0.980 0.000 0.264 0.369 2.491 2.491 2.581 2.561 2.611 2.511 2.721 2.751 2.661 2.581 2.761 2.601 2.551 2.771 2.701 2.681 2.491 2.111 2.331 1.992 1.712 1.742 1.612 0.282 1.493 2.893 2.922 3.072 3.261 3.420 3.319 3.258 3.547 3.696 3.696 3.695 3.694 3.623 3.693 3.693 3.693 3.692 3.692 3.692
6.872 1.287 0.000 0.000 0.000 0.000 0.000 0.000 0.000 0.000 0.000 0.000 0.000 0.000 0.000 0.000 0.000 0.000 0.000 0.000 0.000 0.000 0.000 0.835 0.746 0.758 0.842 0.951 1.074 0.189 1.720 0.198 2.441 2.542 2.572 2.732 2.532 2.662 2.562 2.591 2.772 2.751 2.711 2.882 2.681 2.882 2.832 2.531 2.581 2.311 2.192 2.282 1.842 1.872 1.892 1.542 0.504 2.273 3.093 3.033 3.122 3.431 3.590 3.339 3.468 3.398 3.667 3.686 3.695 3.695 3.684 3.693 3.693 3.693 3.693 3.692 3.692
0.000 0.000 0.000 0.000 0.000 0.000 0.000 0.000 0.000 0.000 0.000 0.000 0.000 0.000 0.000 0.000 0.000 0.000 0.000 0.000 0.000 0.000 0.000 0.716 0.717 0.929 0.841 0.000 0.346 1.010 0.141 0.243 2.402 2.552 2.562 2.592 2.662 2.682 2.652 2.692 2.772 2.802 2.702 2.802 2.902 2.702 2.632 2.312 2.182 2.332 1.962 1.962 1.892 2.302 1.832 1.132 1.094 2.943 3.363 3.433 3.332 3.502 3.611 3.660 3.629 3.608 3.697 3.696 3.696 3.695 3.694 3.694 3.694 3.693 3.693 3.693 3.693
0.000 0.000 0.000 0.000 0.000 0.000 0.000 0.000 0.000 0.000 0.000 0.000 0.000 0.000 0.000 0.000 0.000 0.000 0.000 0.000 0.000 0.000 0.216 1.035 1.057 1.350 0.084 0.949 0.340 0.289 0.185 2.382 2.562 2.643 2.613 2.573 2.743 2.833 2.753 2.812 2.772 2.732 2.892 3.002 2.812 2.682 2.492 2.282 1.892 1.812 2.042 2.112 2.402 2.262 1.882 0.572 1.734 3.294 3.253 3.403 3.652 3.572 3.701 3.670 3.699 3.698 3.697 3.697 3.696 3.695 3.695 3.694 3.694 3.694 3.694 3.693 3.693
0.000 0.000 0.000 0.000 0.000 0.000 0.000 0.000 0.000 0.000 0.000 0.000 0.000 0.000 0.000 0.000 0.000 0.000 0.000 0.000 0.000 0.000 0.444 0.964 0.000 0.288 0.415 0.174 0.267 0.235 0.203 2.343 2.753 2.633 2.703 2.693 2.823 2.933 2.763 2.833 2.803 2.783 3.023 2.752 2.682 2.372 1.992 2.012 2.072 1.972 2.272 2.472 2.412 1.892 1.742 0.072 2.284 3.204 3.444 3.453 3.543 3.702 3.671 3.700 3.699 3.698 3.698 3.697 3.697 3.696 3.695 3.695 3.695 3.694 3.694 3.694 3.694
0.000 0.000 0.000 0.000 0.000 0.000 0.000 0.000 0.000 0.000 0.000 0.000 0.000 0.000 0.000 0.000 0.000 0.000 0.000 0.000 0.000 0.000 1.006 0.000 0.020 0.380 0.178 0.138 1.097 0.608 0.219 2.453 2.553 2.793 2.653 2.853 2.753 2.943 2.973 2.883 3.123 2.923 2.743 2.613 2.473 2.263 2.043 2.012 1.932 2.532 2.552 2.552 1.983 1.772 1.672 1.294 2.864 3.384 3.524 3.603 3.703 3.702 3.702 3.701 3.700 3.699 3.698 3.698 3.697 3.696 3.696 3.695 3.695 3.695 3.694 3.694 3.694
0.000 0.000 0.000 0.000 0.000 0.000 0.000 0.000 0.000 0.000 0.000 0.000 0.000 0.000 0.000 0.000 0.000 0.000 0.000 0.000 0.000 0.000 0.112 0.151 0.000 0.458 0.112 0.087 1.398 0.168 0.251 2.504 2.524 2.744 2.824 2.964 2.854 3.034 3.134 3.124 2.853 2.693 2.633 2.573 2.553 2.193 2.203 2.263 2.432 2.432 2.542 1.922 1.743 1.403 0.064 1.714 3.284 3.504 3.624 3.704 3.703 3.702 3.702 3.701 3.700 3.699 3.698 3.698 3.697 3.697 3.696 3.696 3.695 3.695 3.695 3.694 3.694
0.000 0.000 0.000 0.000 0.000 0.000 0.000 0.000 0.000 0.000 0.000 0.000 0.000 0.000 0.000 0.000 0.000 0.000 0.000 0.000 0.000 0.215 0.124 0.152 0.193 0.495 0.074 1.076 0.151 0.221 2.174 2.414 2.544 2.734 2.824 2.964 3.084 3.254 3.084 2.804 2.734 2.574 2.504 2.284 2.303 2.273 2.093 2.413 2.353 2.422 2.333 1.842 1.643 0.514 0.685 2.015 3.664 3.674 3.704 3.704 3.703 3.703 3.702 3.701 3.700 3.699 3.699 3.698 3.698 3.697 3.697 3.696 3.696 3.695 3.695 3.695 3.695
0.000 0.000 0.000 0.000 0.000 0.000 0.000 0.000 0.000 0.000 0.000 0.000 0.000 0.000 0.000 0.000 0.000 0.000 0.000 0.000 0.000 0.191 0.145 0.336 0.333 0.158 0.052 0.111 0.171 0.242 2.135 2.255 2.495 2.895 2.955 3.135 3.255 3.244 2.814 2.704 2.684 2.364 2.244 2.314 2.374 2.314 2.344 2.703 2.623 2.162 1.933 1.233 0.532 0.000 1.415 2.765 3.705 3.705 3.704 3.704 3.704 3.703 3.702 3.702 3.701 3.700 3.699 3.698 3.698 3.698 3.697 3.696 3.696 3.696 3.695 3.695 3.695
0.000 0.000 0.000 0.000 0.000 0.000 0.000 0.000 0.000 0.000 0.000 0.000 0.000 0.000 0.000 0.000 0.000 0.000 0.000 0.000 0.000 0.201 0.028 0.466 0.605 0.683 0.662 0.958 0.176 0.263 2.565 2.385 2.865 2.645 3.015 3.085 3.425 2.935 2.255 2.195 2.155 2.215 2.344 2.344 2.404 2.674 2.294 2.094 1.953 2.013 1.773 0.000 0.000 0.000 1.995 3.465 3.705 3.705 3.704 3.704 3.704 3.703 3.703 3.702 3.701 3.700 3.699 3.699 3.699 3.698 3.697 3.697 3.696 3.696 3.696 3.696 3.696
0.000 0.000 0.000 0.000 0.000 0.000 0.000 0.000 0.000 0.000 0.000 0.000 0.000 0.000 0.000 0.000 0.000 0.000 0.000 0.000 0.000 0.060 0.474 0.816 0.557 0.593 0.418 0.130 0.214 2.295 2.605 2.636 2.656 2.956 3.096 3.156 3.035 2.475 2.405 2.405 2.395 2.655 2.555 2.645 2.815 2.554 2.454 1.744 1.653 1.733 1.073 0.543 0.000 1.205 2.075 3.705 3.705 3.705 3.705 3.704 3.704 3.703 3.703 3.702 3.701 3.700 3.700 3.699 3.699 3.698 3.698 3.697 3.697 3.697 3.696 3.696 3.696
0.000 0.000 0.000 0.000 0.000 0.000 0.000 0.000 0.000 0.000 0.000 0.000 0.000 0.000 0.000 0.000 0.000 0.000 0.000 0.000 0.000 0.186 0.000 1.438 1.211 0.000 0.664 0.117 0.234 2.566 2.356 2.706 2.776 3.096 3.136 3.366 2.746 2.706 2.736 2.596 2.736 2.836 3.095 2.915 2.915 2.715 2.665 2.125 1.844 1.194 0.554 0.204 0.685 1.916 2.405 3.705 3.705 3.705 3.705 3.705 3.704 3.704 3.703 3.702 3.702 3.701 3.700 3.700 3.699 3.699 3.698 3.698 3.698 3.697 3.697 3.697 3.697
0.000 0.000 0.000 0.000 0.000 0.000 0.000 0.000 0.000 0.000 0.000 0.000 0.000 0.000 0.000 0.000 0.000 0.000 0.000 0.000 0.000 0.138 0.152 0.375 0.397 0.000 2.000 0.449 0.252 1.566 2.776 2.847 3.037 3.117 3.196 3.086 2.596 2.776 2.726 2.696 2.956 3.086 2.996 3.136 3.006 2.965 2.785 2.485 1.755 1.315 0.655 0.846 1.636 2.396 2.986 3.706 3.705 3.705 3.705 3.705 3.705 3.704 3.703 3.703 3.702 3.701 3.701 3.700 3.700 3.699 3.699 3.699 3.698 3.698 3.698 3.698 3.698
0.000 0.000 0.000 0.000 0.000 0.000 0.000 0.000 0.000 0.000 0.000 0.000 0.000 0.000 0.000 0.000 0.000 0.000 0.000 0.000 0.000 0.000 0.000 0.162 0.369 0.280 0.571 0.220 0.277 2.817 2.727 2.817 3.047 3.297 3.277 2.947 2.527 2.717 2.887 2.857 3.117 3.206 3.326 3.276 3.376 3.166 3.036 2.866 2.306 1.565 1.276 1.786 1.916 2.396 3.616 3.706 3.706 3.706 3.705 3.705 3.705 3.704 3.704 3.703 3.703 3.702 3.701 3.701 3.701 3.700 3.700 3.699 3.699 3.699 3.699 3.698 3.698
0.000 0.000 0.000 0.000 0.000 0.000 0.000 0.000 0.000 0.000 0.000 0.000 0.000 0.000 0.000 0.000 0.000 0.000 0.000 0.000 0.000 0.000 0.001 0.015 0.000 0.237 0.200 0.272 2.166 2.907 2.887 2.847 2.987 3.187 3.227 2.807 2.607 2.837 2.997 3.287 3.367 3.327 3.367 3.307 3.346 3.406 3.196 3.236 2.486 2.206 1.956 2.196 2.616 2.826 3.706 3.706 3.706 3.706 3.706 3.705 3.705 3.705 3.704 3.704 3.703 3.702 3.702 3.702 3.702 3.701 3.701 3.700 3.700 3.700 3.700 3.699 3.699
0.000 0.000 0.000 0.000 0.000 0.000 0.000 0.000 0.000 0.000 0.000 0.000 0.000 0.000 0.000 0.000 0.000 0.000 0.000 0.000 0.000 0.031 1.072 0.047 0.469 0.310 0.238 1.547 2.787 2.887 2.928 2.998 2.958 3.358 3.028 2.938 2.738 3.018 3.157 3.287 3.407 3.517 3.427 3.407 3.447 3.337 3.296 3.226 2.846 2.306 2.406 2.446 2.757 3.707 3.707 3.707 3.706 3.706 3.706 3.706 3.706 3.705 3.705 3.704 3.703 3.703 3.702 3.702 3.702 3.702 3.701 3.701 3.701 3.701 3.700 3.700 3.700
0.000 0.000 0.000 0.000 0.000 0.000 0.000 0.000 0.000 0.000 0.000 0.000 0.000 0.000 0.000 0.000 0.000 0.000 0.000 0.000 0.000 0.016 0.405 0.419 0.545 0.185 0.262 2.427 2.988 3.078 3.028 3.138 3.328 3.438 2.948 2.848 2.948 3.088 3.338 3.298 3.488 3.468 3.437 3.537 3.477 3.477 3.237 3.117 2.837 2.637 2.707 2.867 3.617 3.707 3.707 3.707 3.707 3.707 3.706 3.706 3.706 3.705 3.705 3.704 3.704 3.703 3.703 3.703 3.703 3.702 3.702 3.702 3.702 3.701 3.701 3.701 3.701
