includes/lisflood-fp-604/results/res-0008.wdfp
ncols         631
nrows         906
xllcorner     364927.146667
yllcorner     6531972.565556
cellsize      20.000000
NODATA_value  -9999.000000
[rows 442 to 475 of 906, columns 462 to 538 of 631]
0.000 0.000 0.000 0.000 0.000 0.000 0.000 0.000 0.000 0.000 0.000 0.000 0.000 0.000 0.000 0.000 0.000 0.000 0.000 0.000 0.000 0.000 0.000 0.000 0.000 0.000 0.002 0.002 0.014 0.016 0.014 0.082 0.090 0.036 0.186 0.135 0.125 0.213 0.263 0.333 0.283 0.392 0.392 0.392 0.392 0.392 0.392 0.391 0.391 0.390 0.390 0.389 0.389 0.388 0.387 0.386 0.386 0.385 0.384 0.383 0.382 0.380 0.379 0.378 0.376 0.375 0.373 0.371 0.369 0.367 0.365 0.363 0.361 0.358 0.355 0.352 0.349
0.000 0.000 0.000 0.000 0.000 0.000 0.000 0.000 0.000 0.000 0.000 0.000 0.000 0.000 0.000 0.000 0.000 0.000 0.000 0.000 0.000 0.002 0.000 0.000 0.000 0.044 0.001 0.002 0.008 0.003 0.028 0.073 0.130 0.095 0.166 0.166 0.195 0.194 0.283 0.353 0.363 0.363 0.342 5.392 0.392 0.392 0.392 0.391 0.391 0.391 0.390 0.390 0.389 0.388 0.388 0.387 0.386 0.385 0.385 0.384 0.383 0.381 0.380 0.379 0.378 0.376 0.374 0.373 0.371 0.369 0.367 0.365 0.363 0.360 0.358 0.355 0.352
0.000 0.000 0.000 0.000 0.000 0.000 0.000 0.000 0.000 0.000 0.000 0.000 0.000 0.000 0.000 0.000 0.000 0.000 0.000 0.000 0.000 0.000 0.002 0.000 0.000 0.000 0.000 0.002 0.001 0.006 0.023 0.022 0.005 0.165 0.033 0.165 0.245 0.154 0.293 0.253 0.243 0.363 0.393 0.372 0.392 0.392 0.392 0.392 0.391 0.391 0.391 0.390 0.390 0.389 0.388 0.388 0.387 0.386 0.385 0.384 0.383 0.382 0.381 0.380 0.379 0.377 0.376 0.374 0.372 0.371 0.369 0.367 0.365 0.362 0.360 0.357 0.354
0.000 0.000 0.000 0.000 0.000 0.000 0.000 0.000 0.000 0.000 0.000 0.000 0.000 0.000 0.000 0.000 0.000 0.000 0.000 0.000 0.000 0.000 0.000 0.000 0.000 0.000 0.000 0.006 0.000 0.001 0.001 0.014 0.002 0.000 0.011 0.076 0.125 0.195 0.144 0.203 0.353 0.253 0.363 0.393 0.392 0.392 0.392 0.392 0.392 0.391 0.391 0.390 0.390 0.389 0.389 0.388 0.387 0.387 0.386 0.385 0.384 0.383 0.382 0.381 0.380 0.378 0.377 0.375 0.374 0.372 0.370 0.368 0.366 0.364 0.362 0.359 0.357
0.000 0.000 0.000 0.000 0.000 0.000 0.000 0.000 0.000 0.000 0.000 0.000 0.000 0.000 0.000 0.000 0.000 0.000 0.000 0.000 0.000 0.000 0.000 0.002 0.000 0.000 0.000 0.000 0.001 0.001 0.007 0.005 0.090 0.020 0.080 0.156 0.146 0.175 0.294 0.264 0.303 0.393 0.303 0.393 0.393 0.392 0.392 0.392 0.392 0.392 0.391 0.391 0.390 0.390 0.389 0.389 0.388 0.387 0.387 0.386 0.385 0.384 0.383 0.382 0.381 0.379 0.378 0.377 0.375 0.373 0.372 0.370 0.368 0.366 0.364 0.361 0.359
0.000 0.000 0.000 0.000 0.000 0.000 0.000 0.000 0.000 0.000 0.000 0.000 0.000 0.000 0.000 0.000 0.000 0.000 0.000 0.000 0.000 0.000 0.000 0.000 0.002 0.000 0.000 0.000 0.000 0.000 0.003 0.003 0.181 0.003 0.000 0.058 0.185 0.225 0.144 0.204 0.293 0.283 0.363 0.353 0.343 0.392 0.392 0.392 0.392 0.392 0.391 0.391 0.391 0.390 0.390 0.389 0.388 0.388 0.387 0.386 0.385 0.385 0.384 0.383 0.382 0.380 0.379 0.378 0.376 0.375 0.373 0.371 0.370 0.368 0.365 0.363 0.361
0.000 0.000 0.000 0.000 0.000 0.000 0.000 0.000 0.000 0.000 0.000 0.000 0.000 0.000 0.000 0.000 0.000 0.000 0.000 0.000 0.000 0.000 0.000 0.000 0.000 0.002 0.000 0.000 0.000 0.000 0.047 0.000 0.121 0.004 0.020 0.069 0.087 0.105 0.174 0.174 0.273 0.303 0.273 5.393 5.393 0.393 0.392 0.392 0.392 0.392 0.392 0.391 0.391 0.390 0.390 0.389 0.389 0.388 0.388 0.387 0.386 0.385 0.384 0.383 0.382 0.381 0.380 0.379 0.377 0.376 0.374 0.373 0.371 0.369 0.367 0.365 0.363
0.000 0.000 0.000 0.000 0.000 0.000 0.000 0.000 0.000 0.000 0.000 0.000 0.000 0.000 0.000 0.000 0.000 0.000 0.000 0.212 0.000 0.172 0.000 0.000 0.000 0.000 0.002 0.000 0.000 0.000 0.001 0.002 0.007 0.080 0.090 0.005 0.036 0.016 0.154 0.184 0.154 0.273 0.233 0.263 0.373 0.393 0.342 0.392 0.392 0.392 0.392 0.392 0.391 0.391 0.390 0.390 0.389 0.389 0.388 0.387 0.387 0.386 0.385 0.384 0.383 0.382 0.381 0.380 0.378 0.377 0.376 0.374 0.372 0.370 0.369 0.367 0.364
0.000 0.000 0.000 0.000 0.000 0.000 0.000 0.000 0.000 0.000 0.000 0.000 0.000 0.000 0.000 0.000 0.000 0.000 0.122 0.232 0.122 0.252 0.000 0.000 0.000 0.000 0.000 0.000 0.000 0.000 0.000 0.000 0.000 0.000 0.100 0.001 0.047 0.083 0.106 0.254 0.244 0.244 0.313 0.323 0.323 0.253 5.392 0.392 0.382 0.372 0.392 0.392 0.391 0.391 0.391 0.390 0.390 0.389 0.388 0.388 0.387 0.386 0.386 0.385 0.384 0.383 0.382 0.381 0.379 0.378 0.377 0.375 0.373 0.372 0.370 0.368 0.366
0.000 0.000 0.000 0.000 0.000 0.000 0.000 0.000 0.000 0.000 0.000 0.000 0.000 0.000 0.000 0.000 0.000 0.000 0.000 0.000 0.000 0.008 0.000 0.000 0.000 0.000 0.000 0.002 0.000 0.000 0.000 0.001 0.006 0.009 0.005 0.028 0.057 0.074 0.039 0.214 0.184 0.254 0.243 0.293 0.253 0.323 0.292 0.382 0.392 0.392 0.392 0.392 0.392 0.391 0.391 0.390 0.390 0.389 0.389 0.388 0.388 0.387 0.386 0.385 0.384 0.383 0.382 0.381 0.380 0.379 0.378 0.376 0.375 0.373 0.371 0.369 0.367
0.000 0.000 0.000 0.000 0.000 0.000 0.000 0.000 0.000 0.000 0.000 0.000 0.000 0.000 0.000 0.000 0.000 0.000 0.000 0.000 0.346 0.216 0.006 0.000 0.000 0.000 0.000 0.000 0.002 0.000 0.000 0.000 0.000 0.000 0.000 0.003 0.000 0.019 0.097 0.185 0.174 0.264 0.324 0.233 0.383 0.233 0.382 5.392 0.392 0.392 0.392 0.392 0.392 0.391 0.391 0.391 0.390 0.390 0.389 0.389 0.388 0.387 0.387 0.386 0.385 0.384 0.383 0.382 0.381 0.380 0.378 0.377 0.376 0.374 0.372 0.371 0.369
0.000 0.000 0.000 0.000 0.000 0.000 0.000 0.000 0.000 0.000 0.000 0.000 0.000 0.000 0.000 0.000 0.000 0.000 0.146 0.000 0.206 0.000 0.009 0.000 0.000 0.000 0.000 0.000 0.000 0.002 0.000 0.000 0.000 0.000 0.000 0.000 0.009 0.004 0.020 0.116 0.106 0.254 0.204 0.233 0.323 0.293 0.243 0.392 0.392 0.392 0.392 0.392 0.392 0.391 0.391 0.391 0.390 0.390 0.389 0.389 0.388 0.388 0.387 0.386 0.385 0.385 0.384 0.383 0.382 0.380 0.379 0.378 0.376 0.375 0.373 0.372 0.370
0.000 0.000 0.000 0.000 0.000 0.000 0.000 0.000 0.000 0.000 0.000 0.000 0.000 0.000 0.000 0.000 0.000 0.000 0.106 0.226 0.436 0.216 0.006 0.000 0.000 0.000 0.000 0.000 0.000 0.000 0.000 0.000 0.000 0.000 0.030 0.040 0.002 0.034 0.032 0.198 0.198 0.057 0.084 0.124 0.223 0.283 0.343 0.392 5.392 0.392 0.392 0.392 0.392 0.392 0.391 0.391 0.391 0.390 0.390 0.389 0.389 0.388 0.387 0.387 0.386 0.385 0.384 0.383 0.382 0.381 0.380 0.379 0.377 0.376 0.374 0.373 0.371
0.000 0.000 0.000 0.000 0.000 0.000 0.000 0.000 0.000 0.000 0.000 0.000 0.000 0.000 0.000 0.000 0.000 0.000 0.000 0.004 0.001 0.003 0.080 0.014 0.000 0.184 0.194 0.064 0.000 0.000 0.002 0.000 0.000 0.000 0.000 0.000 0.005 0.092 0.121 0.074 0.099 0.087 0.165 0.214 0.253 0.233 0.193 0.272 0.392 0.312 0.392 0.392 0.382 0.391 0.391 0.391 0.391 0.390 0.390 0.389 0.389 0.388 0.388 0.387 0.386 0.385 0.385 0.384 0.383 0.382 0.381 0.379 0.378 0.377 0.375 0.374 0.372
0.000 0.000 0.000 0.000 0.000 0.000 0.000 0.000 0.000 0.000 0.000 0.000 0.000 0.000 0.000 0.000 0.000 0.000 0.000 0.119 0.003 0.000 0.000 0.174 0.094 0.214 0.124 0.164 0.364 0.000 0.000 0.002 0.000 0.000 0.000 0.000 0.001 0.004 0.055 0.022 0.007 0.076 0.155 0.184 0.203 0.153 0.302 0.302 0.362 0.392 0.292 0.302 0.392 0.391 0.391 0.391 0.391 0.391 0.390 0.390 0.389 0.389 0.388 0.387 0.387 0.386 0.385 0.384 0.383 0.382 0.381 0.380 0.379 0.377 0.376 0.375 0.373
0.000 0.000 0.000 0.000 0.000 0.000 0.000 0.000 0.000 0.000 0.000 0.000 0.000 0.000 0.000 0.000 0.000 0.000 0.000 0.000 0.000 0.002 0.070 0.009 0.000 0.000 0.000 0.000 0.000 0.000 0.000 0.000 0.000 0.000 0.000 0.000 0.002 0.000 0.006 0.015 0.003 0.146 0.115 0.144 0.263 0.343 0.352 0.312 0.302 0.392 0.382 0.392 0.382 0.391 0.391 0.391 0.391 0.391 0.390 0.390 0.389 0.389 0.388 0.388 0.387 0.386 0.385 0.385 0.384 0.383 0.382 0.381 0.379 0.378 0.377 0.375 0.374
0.000 0.000 0.000 0.000 0.000 0.000 0.000 0.000 0.000 0.000 0.000 0.000 0.000 0.000 0.000 0.000 0.000 0.000 0.000 0.000 0.000 0.000 0.000 0.000 0.000 0.000 0.000 0.000 0.000 0.000 0.000 0.000 0.000 0.000 0.000 0.000 0.001 0.006 0.071 0.009 0.032 0.049 0.076 0.184 0.263 0.223 0.392 0.312 0.322 0.392 0.392 0.382 0.392 0.391 0.391 0.391 0.391 0.391 0.390 0.390 0.389 0.389 0.388 0.388 0.387 0.386 0.386 0.385 0.384 0.383 0.382 0.381 0.380 0.379 0.378 0.376 0.375
0.000 0.000 0.000 0.000 0.000 0.000 0.000 0.000 0.000 0.000 0.000 0.000 0.000 0.000 0.000 0.000 0.000 0.000 0.000 0.000 0.000 0.000 0.000 0.000 0.000 0.000 0.000 0.000 0.000 0.000 0.000 0.000 0.000 0.000 0.000 0.000 0.000 0.002 0.006 0.020 0.000 0.002 0.047 0.114 0.293 0.163 0.302 0.332 0.312 0.342 0.392 0.362 0.391 0.391 0.391 0.391 0.391 0.391 0.390 0.390 0.390 0.389 0.389 0.388 0.387 0.387 0.386 0.385 0.384 0.384 0.383 0.382 0.381 0.379 0.378 0.377 0.375
0.000 0.000 0.000 0.000 0.000 0.000 0.000 0.000 0.000 0.000 0.000 0.000 0.000 0.000 0.000 0.000 0.000 0.000 0.000 0.000 0.000 0.000 0.000 0.000 0.000 0.000 0.000 0.000 0.000 0.000 0.000 0.000 0.000 0.000 0.000 0.000 0.000 0.000 0.002 0.014 0.000 0.002 0.008 0.075 0.094 0.153 0.262 0.222 0.382 0.382 0.392 0.392 0.381 0.391 0.391 0.391 0.391 0.391 0.390 0.390 0.390 0.389 0.389 0.388 0.388 0.387 0.386 0.385 0.385 0.384 0.383 0.382 0.381 0.380 0.379 0.377 0.376
0.000 0.000 0.000 0.000 0.000 0.000 0.000 0.000 0.000 0.000 0.000 0.000 0.000 0.000 0.000 0.000 0.000 0.000 0.000 0.000 0.000 0.000 0.000 0.000 0.000 0.000 0.000 0.000 0.000 0.000 0.000 0.000 0.000 0.000 0.000 0.000 0.000 0.000 0.000 0.066 0.001 0.003 0.003 0.057 0.057 0.163 0.252 0.362 0.342 0.292 0.272 0.392 0.391 0.391 0.391 0.391 0.391 0.391 0.390 0.390 0.390 0.389 0.389 0.388 0.388 0.387 0.386 0.386 0.385 0.384 0.383 0.382 0.381 0.380 0.379 0.378 0.377
0.000 0.000 0.000 0.000 0.000 0.000 0.000 0.000 0.000 0.000 0.000 0.000 0.000 0.000 0.000 0.000 0.000 0.000 0.000 0.000 0.000 0.000 0.000 0.000 0.000 0.000 0.000 0.000 0.000 0.000 0.000 0.000 0.000 0.000 0.000 0.000 0.000 0.000 0.000 0.000 0.062 0.002 0.001 0.004 0.181 0.008 0.252 5.392 0.382 0.312 0.332 5.392 0.392 0.391 0.391 0.391 0.391 0.391 0.390 0.390 0.390 0.389 0.389 0.388 0.388 0.387 0.387 0.386 0.385 0.384 0.384 0.383 0.382 0.381 0.380 0.378 0.377
0.000 0.000 0.000 0.000 0.000 0.000 0.000 0.000 0.000 0.000 0.000 0.000 0.000 0.000 0.000 0.000 0.000 0.000 0.000 0.000 0.000 0.000 0.000 0.000 0.000 0.000 0.000 0.000 0.000 0.000 0.000 0.000 0.000 0.000 0.000 0.000 0.000 0.000 0.000 0.000 0.000 0.014 0.024 0.047 0.043 0.153 0.292 0.182 0.212 0.212 0.272 0.212 0.342 0.391 0.391 0.391 0.391 0.391 0.390 0.390 0.390 0.389 0.389 0.388 0.388 0.387 0.387 0.386 0.385 0.385 0.384 0.383 0.382 0.381 0.380 0.379 0.377
0.000 0.000 0.000 0.000 0.000 0.000 0.000 0.000 0.000 0.000 0.000 0.000 0.000 0.000 0.000 0.000 0.000 0.000 0.000 0.000 0.000 0.000 0.000 0.000 0.000 0.000 0.000 0.000 0.000 0.000 0.000 0.000 0.000 0.000 0.000 0.000 0.000 0.000 0.000 0.000 0.000 0.000 0.000 0.126 0.005 0.073 0.122 0.302 0.232 0.282 0.282 0.332 0.372 0.311 0.391 0.391 0.391 0.391 0.390 0.390 0.390 0.389 0.389 0.389 0.388 0.387 0.387 0.386 0.386 0.385 0.384 0.383 0.382 0.381 0.380 0.379 0.378
0.000 0.000 0.000 0.000 0.000 0.000 0.000 0.000 0.000 0.000 0.000 0.000 0.000 0.000 0.000 0.000 0.000 0.000 0.000 0.000 0.000 0.000 0.000 0.000 0.000 0.000 0.000 0.000 0.000 0.000 0.000 0.000 0.000 0.000 0.000 0.000 0.000 0.000 0.000 0.000 0.000 0.000 0.000 0.000 0.000 0.105 0.193 0.292 0.222 0.322 0.322 0.332 0.332 0.372 0.391 0.391 0.391 0.391 0.390 0.390 0.390 0.389 0.389 0.389 0.388 0.388 0.387 0.386 0.386 0.385 0.384 0.383 0.383 0.382 0.381 0.379 0.378
0.000 0.000 0.000 0.000 0.000 0.000 0.000 0.000 0.000 0.000 0.000 0.000 0.000 0.000 0.000 0.000 0.000 0.000 0.000 0.000 0.000 0.000 0.000 0.000 0.000 0.000 0.000 0.000 0.000 0.000 0.000 0.000 0.000 0.000 0.000 0.000 0.000 0.000 0.000 0.000 0.000 0.000 0.000 0.000 0.000 0.000 0.000 0.000 0.282 0.242 0.292 0.382 0.302 0.332 0.391 0.391 0.391 0.391 0.391 0.390 0.390 0.390 0.389 0.389 0.388 0.388 0.387 0.386 0.386 0.385 0.384 0.384 0.383 0.382 0.381 0.380 0.379
0.000 0.000 0.000 0.000 0.000 0.000 0.000 0.000 0.000 0.000 0.000 0.000 0.000 0.000 0.000 0.000 0.000 0.000 0.000 0.000 0.000 0.000 0.000 0.000 0.000 0.000 0.000 0.000 0.000 0.000 0.000 0.000 0.000 0.000 0.000 0.000 0.000 0.000 0.000 0.000 0.000 0.000 0.000 0.000 0.000 0.000 0.000 0.000 0.000 0.392 0.382 0.342 0.392 0.392 0.392 0.391 0.391 0.391 0.391 0.390 0.390 0.390 0.389 0.389 0.388 0.388 0.387 0.386 0.386 0.385 0.385 0.384 0.383 0.382 0.381 0.380 0.379
0.000 0.000 0.000 0.000 0.000 0.000 0.000 0.000 0.000 0.000 0.000 0.000 0.000 0.000 0.000 0.000 0.000 0.000 0.000 0.000 0.000 0.000 0.000 0.000 0.000 0.000 0.000 0.000 0.000 0.000 0.000 0.000 0.000 0.000 0.000 0.000 0.000 0.000 0.000 0.000 0.000 0.000 0.000 0.000 0.000 0.000 0.000 0.000 0.000 0.252 0.312 0.352 0.392 0.392 0.392 0.392 0.391 0.391 0.391 0.390 0.390 0.390 0.389 0.389 0.388 0.388 0.387 0.387 0.386 0.385 0.385 0.384 0.383 0.382 0.381 0.380 0.379
0.000 0.000 0.000 0.000 0.000 0.000 0.000 0.000 0.000 0.000 0.000 0.000 0.000 0.000 0.000 0.000 0.000 0.000 0.000 0.000 0.000 0.000 0.000 0.000 0.000 0.000 0.000 0.000 0.000 0.000 0.000 0.000 0.000 0.000 0.000 0.000 0.000 0.000 0.000 0.000 0.000 0.000 0.000 0.000 0.000 0.000 0.000 0.000 0.000 0.102 5.392 0.312 0.352 0.392 0.392 0.392 0.391 0.391 0.391 0.391 0.390 0.390 0.389 0.389 0.389 0.388 0.387 0.387 0.386 0.385 0.385 0.384 0.383 0.382 0.381 0.380 0.379
0.000 0.000 0.000 0.000 0.000 0.000 0.000 0.000 0.000 0.000 0.000 0.000 0.000 0.000 0.000 0.000 0.000 0.000 0.000 0.000 0.000 0.000 0.000 0.000 0.000 0.000 0.000 0.000 0.000 0.000 0.000 0.000 0.000 0.000 0.000 0.000 0.000 0.000 0.000 0.000 0.000 0.000 0.000 0.000 0.000 0.000 0.000 0.000 0.000 0.000 0.182 0.242 5.392 0.392 0.322 0.392 0.392 0.391 0.391 0.391 0.390 0.390 0.390 0.389 0.389 0.388 0.388 0.387 0.386 0.386 0.385 0.384 0.383 0.383 0.382 0.381 0.380
0.000 0.000 0.000 0.000 0.000 0.000 0.000 0.000 0.000 0.000 0.000 0.000 0.000 0.000 0.000 0.000 0.000 0.000 0.000 0.000 0.000 0.000 0.000 0.000 0.000 0.000 0.000 0.000 0.000 0.000 0.000 0.000 0.000 0.000 0.000 0.000 0.000 0.000 0.000 0.000 0.000 0.000 0.000 0.000 0.000 0.000 0.000 0.000 0.000 0.000 0.000 0.352 0.242 0.392 0.292 0.392 0.392 0.391 0.391 0.391 0.390 0.390 0.390 0.389 0.389 0.388 0.388 0.387 0.386 0.386 0.385 0.384 0.384 0.383 0.382 0.381 0.380
0.000 0.000 0.000 0.000 0.000 0.000 0.000 0.000 0.000 0.000 0.000 0.000 0.000 0.000 0.000 0.000 0.000 0.000 0.000 0.000 0.000 0.000 0.000 0.000 0.000 0.000 0.000 0.000 0.000 0.000 0.000 0.000 0.000 0.000 0.000 0.000 0.000 0.000 0.000 0.000 0.000 0.000 0.000 0.000 0.000 0.000 0.000 0.000 0.000 0.000 0.000 0.103 0.262 0.372 0.302 0.302 0.392 0.392 0.391 0.391 0.390 0.390 0.390 0.389 0.389 0.388 0.388 0.387 0.387 0.386 0.385 0.384 0.384 0.383 0.382 0.381 0.380
0.000 0.000 0.000 0.000 0.000 0.000 0.000 0.000 0.000 0.000 0.000 0.000 0.000 0.000 0.000 0.000 0.000 0.000 0.000 0.000 0.000 0.000 0.000 0.000 0.000 0.000 0.000 0.000 0.000 0.000 0.000 0.000 0.000 0.000 0.000 0.000 0.000 0.000 0.000 0.000 0.000 0.000 0.000 0.000 0.000 0.000 0.000 0.000 0.000 0.000 0.000 0.000 0.222 0.392 0.292 0.242 0.392 0.392 0.391 0.391 0.390 0.390 0.390 0.389 0.389 0.389 0.388 0.387 0.387 0.386 0.385 0.384 0.384 0.383 0.382 0.381 0.380
0.000 0.000 0.000 0.000 0.000 0.000 0.000 0.000 0.000 0.000 0.000 0.000 0.000 0.000 0.000 0.000 0.000 0.000 0.000 0.000 0.000 0.000 0.000 0.000 0.000 0.000 0.000 0.000 0.000 0.000 0.000 0.000 0.000 0.000 0.000 0.000 0.000 0.000 0.000 0.000 0.000 0.000 0.000 0.000 0.000 0.000 0.000 0.000 0.000 0.000 0.000 0.000 0.000 0.183 0.293 0.302 0.392 0.392 0.392 0.301 0.390 0.390 0.390 0.389 0.389 0.389 0.388 0.387 0.387 0.386 0.385 0.385 0.384 0.383 0.382 0.381 0.380
0.000 0.000 0.000 0.000 0.000 0.000 0.000 0.000 0.000 0.000 0.000 0.000 0.000 0.000 0.000 0.000 0.000 0.000 0.000 0.000 0.000 0.000 0.000 0.000 0.000 0.000 0.000 0.000 0.000 0.000 0.000 0.000 0.000 0.000 0.000 0.000 0.000 0.000 0.000 0.000 0.000 0.000 0.000 0.000 0.000 0.000 0.000 0.000 0.000 0.000 0.000 0.000 0.000 0.040 0.233 0.372 0.242 0.222 0.312 0.181 0.350 0.390 0.390 0.389 0.389 0.389 0.388 0.388 0.387 0.386 0.385 0.385 0.384 0.383 0.382 0.381 0.380
