includes/lisflood-fp-604/results/res-0009.wdfp
ncols         631
nrows         906
xllcorner     364927.146667
yllcorner     6531972.565556
cellsize      20.000000
NODATA_value  -9999.000000
[rows 0 to 33 of 906, columns 385 to 461 of 631]
0.096 0.027 3.888 3.888 3.888 3.888 3.888 3.888 3.888 3.887 3.887 3.886 3.886 3.886 3.885 3.885 3.885 3.884 3.884 3.883 3.883 3.882 3.882 3.881 3.881 3.880 3.880 3.879 3.879 3.878 3.878 3.877 3.876 3.876 3.875 3.875 3.874 3.874 3.873 3.873 3.872 3.871 3.871 3.870 3.870 3.869 3.868 3.867 3.867 3.866 3.865 3.865 3.864 3.863 3.863 3.862 3.861 3.860 3.860 3.859 3.858 3.857 3.856 3.855 3.854 3.853 3.852 3.851 3.850 3.849 3.848 3.847 3.846 3.845 3.844 3.843 3.842
0.041 3.888 3.888 3.888 3.888 3.888 3.888 3.888 3.887 3.887 3.887 3.886 3.886 3.886 3.885 3.885 3.885 3.884 3.884 3.883 3.883 3.882 3.882 3.881 3.881 3.880 3.880 3.879 3.879 3.878 3.878 3.877 3.876 3.876 3.875 3.875 3.874 3.874 3.873 3.873 3.872 3.871 3.871 3.870 3.870 3.869 3.868 3.867 3.867 3.866 3.865 3.865 3.864 3.863 3.863 3.862 3.861 3.860 3.860 3.859 3.858 3.857 3.856 3.855 3.854 3.853 3.852 3.851 3.850 3.849 3.848 3.847 3.846 3.845 3.844 3.843 3.842
3.888 3.888 3.888 3.888 3.888 3.888 3.888 3.888 3.887 3.887 3.887 3.886 3.886 3.886 3.885 3.885 3.885 3.884 3.884 3.883 3.883 3.882 3.882 3.881 3.881 3.880 3.880 3.879 3.879 3.878 3.878 3.877 3.876 3.876 3.875 3.875 3.874 3.874 3.873 3.873 3.872 3.871 3.871 3.870 3.869 3.869 3.868 3.867 3.867 3.866 3.865 3.864 3.864 3.863 3.862 3.862 3.861 3.860 3.860 3.859 3.858 3.857 3.856 3.855 3.854 3.853 3.852 3.851 3.850 3.849 3.848 3.847 3.846 3.845 3.844 3.843 3.842
3.888 3.888 3.888 3.888 3.888 3.888 3.888 3.888 3.887 3.887 3.887 3.886 3.886 3.886 3.885 3.885 3.885 3.884 3.884 3.883 3.883 3.882 3.882 3.881 3.881 3.880 3.880 3.879 3.879 3.878 3.878 3.877 3.876 3.876 3.875 3.875 3.874 3.874 3.873 3.873 3.872 3.871 3.871 3.870 3.869 3.869 3.868 3.867 3.867 3.866 3.865 3.864 3.864 3.863 3.862 3.862 3.861 3.860 3.860 3.859 3.858 3.857 3.856 3.855 3.854 3.853 3.852 3.851 3.850 3.849 3.848 3.847 3.846 3.845 3.844 3.843 3.842
0.000 3.888 3.888 3.888 3.888 3.888 3.888 3.888 3.887 3.887 3.887 3.886 3.886 3.886 3.885 3.885 3.885 3.884 3.884 3.883 3.883 3.882 3.882 3.881 3.881 3.880 3.880 3.879 3.879 3.878 3.878 3.877 3.876 3.876 3.875 3.875 3.874 3.874 3.873 3.872 3.872 3.871 3.871 3.870 3.869 3.869 3.868 3.867 3.867 3.866 3.865 3.864 3.864 3.863 3.862 3.862 3.861 3.860 3.860 3.859 3.858 3.857 3.856 3.855 3.854 3.853 3.852 3.851 3.850 3.849 3.848 3.847 3.846 3.845 3.844 3.843 3.842
3.888 3.888 3.888 3.888 3.888 3.888 3.888 3.888 3.887 3.887 3.887 3.887 3.886 3.886 3.885 3.885 3.885 3.884 3.884 3.883 3.883 3.882 3.882 3.881 3.881 3.880 3.880 3.879 3.879 3.878 3.878 3.877 3.876 3.876 3.875 3.875 3.874 3.873 3.873 3.872 3.872 3.871 3.870 3.870 3.869 3.868 3.868 3.867 3.866 3.866 3.865 3.864 3.864 3.863 3.862 3.862 3.861 3.860 3.859 3.859 3.858 3.857 3.856 3.855 3.854 3.853 3.852 3.851 3.850 3.849 3.848 3.847 3.846 3.845 3.844 3.843 3.842
3.888 3.888 3.888 3.888 3.888 3.888 3.888 3.888 3.887 3.887 3.887 3.886 3.886 3.886 3.885 3.885 3.885 3.884 3.884 3.883 3.883 3.882 3.882 3.881 3.881 3.880 3.880 3.879 3.879 3.878 3.878 3.877 3.876 3.876 3.875 3.875 3.874 3.873 3.873 3.872 3.872 3.871 3.870 3.870 3.869 3.868 3.868 3.867 3.866 3.866 3.865 3.864 3.864 3.863 3.862 3.861 3.861 3.860 3.859 3.859 3.858 3.857 3.856 3.855 3.854 3.853 3.852 3.851 3.850 3.849 3.848 3.847 3.846 3.845 3.844 3.843 3.842
3.888 3.888 3.888 3.888 3.888 3.888 3.888 3.888 3.887 3.887 3.887 3.886 3.886 3.886 3.885 3.885 3.885 3.884 3.884 3.883 3.883 3.882 3.882 3.881 3.881 3.880 3.880 3.879 3.879 3.878 3.877 3.877 3.876 3.876 3.875 3.875 3.874 3.873 3.873 3.872 3.872 3.871 3.870 3.870 3.869 3.868 3.868 3.867 3.866 3.866 3.865 3.864 3.863 3.863 3.862 3.861 3.861 3.860 3.859 3.858 3.858 3.857 3.856 3.855 3.854 3.853 3.852 3.851 3.850 3.849 3.848 3.847 3.846 3.845 3.844 3.843 3.842
3.888 3.888 3.888 3.888 3.888 3.888 3.888 3.888 0.000 3.887 3.887 3.886 3.886 3.886 3.885 3.885 3.885 3.884 3.884 3.883 3.883 3.882 3.882 3.881 3.881 3.880 3.880 3.879 3.879 3.878 3.877 3.877 3.876 3.876 3.875 3.875 3.874 3.873 3.873 3.872 3.872 3.871 3.870 3.870 3.869 3.868 3.868 3.867 3.866 3.865 3.865 3.864 3.863 3.863 3.862 3.861 3.860 3.860 3.859 3.858 3.857 3.857 3.856 3.855 3.854 3.853 3.852 3.851 3.850 3.849 3.848 3.847 3.846 3.845 3.844 3.843 3.842
0.004 3.888 3.888 3.888 3.888 3.888 0.000 0.000 3.887 3.887 3.887 3.886 3.886 3.886 3.885 3.885 3.885 3.884 3.884 3.883 3.883 3.882 3.882 3.881 3.881 3.880 3.880 3.879 3.879 3.878 3.877 3.877 3.876 3.876 3.875 3.875 3.874 3.873 3.873 3.872 3.872 3.871 3.870 3.870 3.869 3.868 3.867 3.867 3.866 3.865 3.865 3.864 3.863 3.862 3.862 3.861 3.860 3.860 3.859 3.858 3.857 3.857 3.856 3.855 3.854 3.853 3.852 3.851 3.850 3.849 3.848 3.847 3.846 3.845 3.844 3.843 3.842
0.017 0.007 0.004 0.002 0.000 3.888 3.887 3.887 3.887 3.887 3.887 3.886 3.886 3.886 3.885 3.885 3.884 3.884 3.884 3.883 3.883 3.882 3.882 3.881 3.881 3.880 3.880 3.879 3.879 3.878 3.877 3.877 3.876 3.876 3.875 3.874 3.874 3.873 3.873 3.872 3.871 3.871 3.870 3.870 3.869 3.868 3.867 3.867 3.866 3.865 3.864 3.864 3.863 3.862 3.862 3.861 3.860 3.860 3.859 3.858 3.857 3.857 3.856 3.855 3.854 3.853 3.852 3.851 3.850 3.849 3.848 3.847 3.846 3.845 3.844 3.843 3.842
0.022 0.019 0.015 0.009 0.002 0.000 3.887 3.887 3.887 3.887 3.886 3.886 3.886 3.886 3.885 3.885 3.884 3.884 3.883 3.883 3.882 3.882 3.881 3.881 3.881 3.880 3.880 3.879 3.879 3.878 3.877 3.877 3.876 3.876 3.875 3.874 3.874 3.873 3.873 3.872 3.871 3.871 3.870 3.869 3.869 3.868 3.867 3.867 3.866 3.865 3.864 3.864 3.863 3.862 3.862 3.861 3.860 3.859 3.859 3.858 3.857 3.857 3.856 3.855 3.854 3.853 3.852 3.851 3.850 3.849 3.848 3.847 3.846 3.845 3.844 3.843 3.842
0.025 0.023 0.019 0.007 3.887 3.887 3.887 3.887 3.887 3.887 3.886 3.886 3.886 3.885 3.885 3.885 3.884 3.884 3.883 3.883 3.882 3.882 3.881 3.881 3.880 3.880 3.879 3.879 3.878 3.878 3.877 3.877 3.876 3.876 3.875 3.874 3.874 3.873 3.872 3.872 3.871 3.870 3.870 3.869 3.868 3.868 3.867 3.866 3.866 3.865 3.864 3.864 3.863 3.862 3.861 3.861 3.860 3.859 3.859 3.858 3.857 3.856 3.856 3.855 3.854 3.853 3.852 3.851 3.850 3.849 3.848 3.847 3.846 3.845 3.844 3.843 3.842
0.027 0.025 0.023 0.018 0.007 0.003 3.887 3.887 3.887 3.887 3.886 3.886 3.886 3.885 3.885 3.884 3.884 3.884 3.883 3.883 3.882 3.882 3.881 3.881 3.880 3.880 3.879 3.879 3.878 3.878 3.877 3.877 3.876 3.875 3.875 3.874 3.874 3.873 3.872 3.872 3.871 3.870 3.870 3.869 3.868 3.868 3.867 3.866 3.866 3.865 3.864 3.863 3.863 3.862 3.861 3.861 3.860 3.859 3.859 3.858 3.857 3.856 3.856 3.855 3.854 3.853 3.852 3.851 3.850 3.849 3.848 3.847 3.846 3.845 3.844 3.843 3.842
0.028 0.027 0.026 0.023 0.020 0.016 0.004 3.887 0.000 3.887 0.000 3.886 3.885 3.885 3.885 3.884 3.884 3.883 3.883 3.882 3.882 3.881 3.881 3.880 3.880 3.880 3.879 3.879 3.878 3.878 3.877 3.876 3.876 3.875 3.875 3.874 3.873 3.873 3.872 3.871 3.871 3.870 3.869 3.869 3.868 3.867 3.867 3.866 3.865 3.865 3.864 3.863 3.863 3.862 3.861 3.861 3.860 3.859 3.858 3.858 3.857 3.856 3.855 3.854 3.853 3.853 3.852 3.850 3.850 3.849 3.848 3.847 3.846 3.845 3.844 3.843 3.842
0.029 0.029 0.028 0.026 0.024 0.022 0.018 0.007 0.005 3.886 3.886 3.886 3.885 3.885 3.885 3.884 3.883 3.883 3.883 3.882 3.882 3.881 3.881 3.880 3.880 3.879 3.879 3.878 3.878 3.877 3.877 3.876 3.876 3.875 3.875 3.874 3.873 3.873 3.872 3.871 3.871 3.870 3.869 3.869 3.868 3.867 3.867 3.866 3.865 3.865 3.864 3.863 3.863 3.862 3.861 3.860 3.860 3.859 3.858 3.857 3.857 3.856 3.855 3.854 3.853 3.852 3.851 3.850 3.849 3.849 3.848 3.847 3.846 3.845 3.844 3.843 3.842
0.030 0.030 0.029 0.028 0.027 0.025 0.023 0.020 0.017 0.007 0.005 0.004 0.001 3.885 0.000 3.883 3.883 3.883 3.882 3.882 3.881 3.881 3.880 3.880 3.880 3.879 3.879 3.878 3.878 3.877 3.877 3.876 3.875 3.875 3.874 3.874 3.873 3.872 3.872 3.871 3.870 3.870 3.869 3.869 3.868 3.867 3.867 3.866 3.865 3.864 3.864 3.863 3.862 3.862 3.861 3.860 3.859 3.859 3.858 3.857 3.856 3.856 3.855 3.854 3.853 3.852 3.851 3.850 3.849 3.848 3.848 3.847 3.846 3.845 3.844 3.843 3.842
0.031 0.031 0.030 0.030 0.029 0.028 0.027 0.025 0.023 0.020 0.018 0.015 0.006 3.885 0.000 3.883 3.883 3.882 3.882 3.881 3.881 3.880 3.880 3.880 3.879 3.879 3.878 3.878 3.878 3.877 3.876 3.876 3.875 3.875 3.874 3.874 3.873 3.872 3.872 3.871 3.870 3.870 3.869 3.868 3.868 3.867 3.866 3.866 3.865 3.864 3.864 3.863 3.862 3.861 3.861 3.860 3.859 3.858 3.858 3.857 3.856 3.855 3.855 3.854 3.853 3.852 3.851 3.850 3.849 3.848 3.847 3.846 3.846 3.845 3.844 3.843 3.842
0.031 0.031 0.031 0.031 0.030 0.030 0.029 0.028 0.026 0.025 0.023 0.021 0.016 0.006 0.004 3.883 3.882 3.882 3.881 3.881 3.881 3.880 3.880 3.879 3.879 3.879 3.878 3.878 3.877 3.877 3.876 3.876 3.875 3.875 3.874 3.873 3.873 3.872 3.871 3.871 3.870 3.869 3.869 3.868 3.867 3.867 3.866 3.865 3.865 3.864 3.863 3.863 3.862 3.861 3.860 3.860 3.859 3.858 3.857 3.857 3.856 3.855 3.854 3.854 3.853 3.852 3.851 3.850 3.849 3.848 3.847 3.846 3.845 3.844 3.844 3.843 3.842
0.032 0.032 0.032 0.032 0.032 0.031 0.031 0.030 0.029 0.027 0.026 0.024 0.021 0.018 0.014 0.005 0.000 3.881 3.881 3.881 3.880 3.880 3.879 3.879 3.879 3.878 3.878 3.877 3.877 3.877 3.876 3.875 3.875 3.874 3.874 3.873 3.872 3.872 3.871 3.870 3.870 3.869 3.869 3.868 3.867 3.867 3.866 3.865 3.864 3.864 3.863 3.862 3.862 3.861 3.860 3.859 3.859 3.858 3.857 3.857 3.856 3.855 3.854 3.853 3.852 3.852 3.851 3.850 3.849 3.848 3.847 3.846 3.845 3.844 3.843 3.842 3.842
0.033 0.033 0.033 0.033 0.033 0.032 0.032 0.031 0.030 0.029 0.028 0.026 0.024 0.021 5.018 0.013 0.004 3.881 3.881 3.880 3.880 3.879 3.879 3.878 3.878 3.878 3.878 3.877 3.877 3.876 3.876 3.875 3.875 3.874 3.873 3.873 3.872 3.872 3.871 3.870 3.870 3.869 3.868 3.868 3.867 3.866 3.866 3.865 3.864 3.863 3.863 3.862 3.861 3.861 3.860 3.859 3.858 3.858 3.857 3.856 3.856 3.855 3.854 3.853 3.852 3.851 3.850 3.850 3.849 3.848 3.847 3.846 3.845 3.844 3.843 3.842 3.841
0.033 0.034 0.034 0.034 0.034 0.033 0.033 0.032 0.031 0.030 0.029 0.027 0.025 0.022 0.020 0.016 0.012 0.002 3.880 3.879 3.879 3.879 3.878 3.878 3.878 3.877 3.877 3.877 3.876 3.876 3.875 3.875 3.874 3.874 3.873 3.873 3.872 3.871 3.871 3.870 3.869 3.869 3.868 3.867 3.867 3.866 3.865 3.865 3.864 3.863 3.863 3.862 3.861 3.860 3.860 3.859 3.858 3.858 3.857 3.856 3.855 3.855 3.854 3.853 3.852 3.851 3.850 3.849 3.848 3.847 3.847 3.846 3.845 3.844 3.843 3.842 3.841
0.002 0.035 0.035 0.035 0.035 0.034 0.034 0.033 0.033 0.031 0.030 0.028 0.026 0.023 0.020 0.017 0.014 0.009 0.001 3.879 3.878 3.878 3.878 3.878 3.877 3.877 3.877 3.876 3.876 3.876 3.875 3.875 3.874 3.874 3.873 3.872 3.872 3.871 3.870 3.870 3.869 3.868 3.868 3.867 3.866 3.866 3.865 3.864 3.864 3.863 3.862 3.862 3.861 3.860 3.860 3.859 3.858 3.857 3.857 3.856 3.855 3.854 3.854 3.853 3.852 3.851 3.850 3.849 3.848 3.847 3.846 3.845 3.845 3.844 3.843 3.842 3.841
0.000 0.035 0.036 0.036 0.036 0.036 0.035 0.034 0.033 0.032 0.030 0.028 0.026 0.023 0.021 0.017 0.014 0.010 0.002 3.878 3.878 3.878 3.877 3.877 3.877 3.877 3.876 3.876 3.876 3.875 3.875 3.874 3.874 3.873 3.873 3.872 3.871 3.871 3.870 3.869 3.869 3.868 3.868 3.867 3.866 3.866 3.865 3.864 3.864 3.863 3.862 3.861 3.861 3.860 3.859 3.859 3.858 3.857 3.857 3.856 3.855 3.854 3.853 3.853 3.852 3.851 3.850 3.849 3.848 3.847 3.846 3.845 3.844 3.844 3.843 3.842 3.841
0.000 0.000 0.037 0.037 0.037 0.037 0.036 0.035 0.034 0.033 0.031 0.028 0.026 0.023 0.021 0.017 0.014 0.009 0.001 3.877 3.877 3.877 3.877 3.877 3.877 3.876 3.876 3.876 3.875 3.875 3.874 3.874 3.873 3.873 3.872 3.872 3.871 3.871 3.870 3.869 3.869 3.868 3.867 3.867 3.866 3.865 3.865 3.864 3.863 3.863 3.862 3.861 3.861 3.860 3.859 3.859 3.858 3.857 3.856 3.856 3.855 3.854 3.853 3.852 3.851 3.850 3.849 3.849 3.848 3.847 3.846 3.845 3.844 3.843 3.842 3.841 3.841
0.000 0.000 0.038 0.038 0.038 0.038 0.037 0.036 0.035 0.033 0.031 0.028 0.026 0.023 0.020 0.017 0.012 0.002 3.876 3.877 3.877 3.877 3.877 3.876 3.876 3.876 3.876 3.875 3.875 3.875 3.874 3.874 3.873 3.873 3.872 3.872 3.871 3.870 3.870 3.869 3.868 3.868 3.867 3.866 3.866 3.865 3.865 3.864 3.863 3.863 3.862 3.861 3.860 3.860 3.859 3.858 3.858 3.857 3.856 3.855 3.854 3.854 3.853 3.852 3.851 3.850 3.849 3.848 3.847 3.846 3.846 3.845 3.844 3.843 3.842 3.841 3.840
0.000 0.000 0.039 0.040 0.040 0.039 0.038 0.037 0.035 0.033 0.031 0.028 0.026 0.023 0.019 0.014 0.003 3.876 3.876 3.876 3.876 3.876 3.876 3.876 3.876 3.876 3.875 3.875 3.875 3.874 3.874 3.873 3.873 3.872 3.872 3.871 3.871 3.870 3.869 3.869 3.868 3.867 3.867 3.866 3.866 3.865 3.864 3.864 3.863 3.862 3.862 3.861 3.860 3.859 3.859 3.858 3.857 3.857 3.856 3.855 3.854 3.853 3.853 3.852 3.851 3.850 3.849 3.848 3.847 3.846 3.845 3.845 3.844 3.843 3.842 3.841 3.840
0.000 0.000 0.000 0.042 0.042 0.041 0.040 0.038 0.036 0.033 0.031 0.028 0.025 0.021 0.016 0.004 3.876 3.876 3.876 3.876 3.876 3.876 3.876 3.876 3.876 3.875 3.875 3.875 3.874 3.874 3.874 3.873 3.873 3.872 3.872 3.871 3.870 3.870 3.869 3.869 3.868 3.867 3.867 3.866 3.865 3.865 3.864 3.863 3.863 3.862 3.861 3.861 3.860 3.859 3.858 3.858 3.857 3.856 3.855 3.855 3.854 3.853 3.852 3.851 3.850 3.850 3.849 3.848 3.847 3.846 3.845 3.844 3.844 3.843 3.842 3.841 3.840
0.000 0.000 0.049 0.046 0.044 0.043 0.041 0.038 0.036 0.033 0.031 0.027 0.023 0.017 0.006 3.875 3.875 3.876 3.876 3.876 3.876 3.876 3.876 3.875 3.875 3.875 3.875 3.874 3.874 3.874 3.873 3.873 3.872 3.872 3.871 3.871 3.870 3.869 3.869 3.868 3.868 3.867 3.866 3.866 3.865 3.864 3.864 3.863 3.862 3.862 3.861 3.860 3.860 3.859 3.858 3.858 3.857 3.856 3.855 3.854 3.854 3.853 3.852 3.851 3.850 3.849 3.848 3.847 3.847 3.846 3.845 3.844 3.843 3.843 3.842 3.841 3.840
0.054 0.053 0.050 0.048 0.046 0.044 0.042 0.039 0.036 0.033 0.030 0.026 0.019 0.007 0.001 3.875 3.875 3.875 3.876 3.876 3.876 3.875 3.875 3.875 3.875 3.875 3.874 3.874 3.874 3.873 3.873 3.873 3.872 3.872 3.871 3.870 3.870 3.869 3.869 3.868 3.867 3.867 3.866 3.866 3.865 3.864 3.864 3.863 3.862 3.861 3.861 3.860 3.859 3.859 3.858 3.857 3.856 3.856 3.855 3.854 3.853 3.853 3.852 3.851 3.850 3.849 3.848 3.847 3.846 3.846 3.845 3.844 3.843 3.843 3.842 3.841 3.840
0.054 0.053 0.051 0.049 0.047 0.045 0.042 0.039 0.036 0.033 0.029 0.024 0.008 3.875 3.875 3.875 3.875 3.875 3.875 3.875 3.875 3.875 3.875 3.875 3.875 3.874 3.874 3.874 3.874 3.873 3.873 3.872 3.872 3.871 3.871 3.870 3.869 3.869 3.868 3.868 3.867 3.867 3.866 3.865 3.865 3.864 3.863 3.863 3.862 3.861 3.861 3.860 3.859 3.858 3.858 3.857 3.856 3.855 3.855 3.854 3.853 3.852 3.852 3.851 3.850 3.849 3.848 3.847 3.846 3.846 3.845 3.844 3.843 3.843 3.842 3.841 3.840
0.055 0.054 0.052 0.050 0.048 0.045 0.042 0.039 0.036 0.032 0.028 0.021 0.006 3.875 3.875 3.875 3.875 3.875 3.875 3.875 3.875 3.875 3.875 3.875 3.874 3.874 3.874 3.874 3.873 3.873 3.872 3.872 3.871 3.871 3.870 3.870 3.869 3.869 3.868 3.867 3.867 3.866 3.866 3.865 3.864 3.864 3.863 3.862 3.862 3.861 3.860 3.860 3.859 3.858 3.858 3.857 3.856 3.855 3.855 3.854 3.853 3.852 3.851 3.851 3.850 3.849 3.848 3.847 3.846 3.846 3.845 3.844 3.843 3.843 3.842 3.841 3.840
0.055 0.054 0.053 0.051 0.048 0.046 0.042 0.039 0.035 0.030 0.025 0.018 0.003 3.875 3.875 3.875 3.875 3.875 3.875 3.875 3.875 3.875 3.874 3.874 3.874 3.874 3.873 3.873 3.873 3.872 3.872 3.871 3.871 3.871 3.870 3.869 3.869 3.868 3.868 3.867 3.867 3.866 3.865 3.865 3.864 3.863 3.863 3.862 3.861 3.861 3.860 3.859 3.859 3.858 3.857 3.857 3.856 3.855 3.854 3.854 3.853 3.852 3.851 3.850 3.850 3.849 3.848 3.847 3.846 3.846 3.845 3.844 3.843 3.843 3.842 3.841 3.840
0.056 0.055 0.053 0.051 0.049 0.046 0.042 0.038 0.033 0.026 0.020 0.005 3.874 3.874 3.874 3.874 3.874 3.874 3.875 3.875 3.874 3.874 3.874 3.874 3.874 3.873 3.873 3.873 3.872 3.872 3.872 3.871 3.871 3.870 3.870 3.869 3.869 3.868 3.868 3.867 3.866 3.866 3.865 3.864 3.864 3.863 3.863 3.862 3.861 3.861 3.860 3.859 3.859 3.858 3.857 3.857 3.856 3.855 3.854 3.854 3.853 3.852 3.851 3.850 3.850 3.849 3.848 3.847 3.846 3.846 3.845 3.844 3.843 3.843 3.842 3.841 3.840
