includes/lisflood-fp-604/results/res-0006.wdfp
ncols         631
nrows         906
xllcorner     364927.146667
yllcorner     6531972.565556
cellsize      20.000000
NODATA_value  -9999.000000
[rows 680 to 713 of 906, columns 539 to 615 of 631]
8.029 8.029 8.028 8.028 8.027 8.027 8.026 8.026 8.026 8.025 8.025 8.024 8.024 8.023 8.023 8.022 8.022 8.022 8.021 8.021 8.020 8.020 8.019 8.019 8.018 8.018 8.017 8.017 8.016 8.016 8.015 8.015 8.014 8.014 8.013 8.013 8.013 8.012 8.012 8.011 8.011 8.010 8.010 8.009 8.009 8.008 8.008 8.007 8.007 8.006 8.006 8.005 8.005 8.004 8.004 8.003 8.003 8.002 8.002 8.001 8.001 8.000 8.000 7.999 7.999 7.998 7.998 7.998 7.997 7.997 7.996 7.996 7.995 7.995 7.994 7.993 7.993
8.029 8.028 8.028 8.028 8.027 8.027 8.026 8.026 8.025 8.025 8.025 8.024 8.024 8.023 8.023 8.022 8.022 8.021 8.021 8.021 8.020 8.020 8.019 8.019 8.018 8.018 8.017 8.017 8.016 8.016 8.015 8.015 8.014 8.014 8.013 8.013 8.013 8.012 8.011 8.011 8.010 8.010 8.010 8.009 8.008 8.008 8.008 8.007 8.007 8.006 8.006 8.005 8.005 8.004 8.004 8.003 8.003 8.002 8.002 8.001 8.001 8.000 8.000 7.999 7.999 7.998 7.998 7.997 7.997 7.996 7.996 7.996 7.995 7.995 7.994 7.993 7.993
8.029 8.028 8.028 8.028 8.027 8.027 8.026 8.026 8.025 8.025 8.025 8.024 8.024 8.023 8.023 8.022 8.022 8.021 8.021 8.020 8.020 8.020 8.019 8.019 8.018 8.018 8.017 8.017 8.016 8.016 8.015 8.015 8.014 8.014 8.013 8.013 8.013 8.012 8.011 8.011 8.010 8.010 8.010 8.009 8.008 8.008 8.007 8.007 8.006 8.006 8.005 8.005 8.005 8.004 8.004 8.003 8.003 8.002 8.002 8.001 8.001 8.000 8.000 7.999 7.999 7.998 7.998 7.997 7.997 7.996 7.996 7.996 7.995 7.995 7.994 7.993 7.993
8.029 8.028 8.028 8.028 8.027 8.027 8.026 8.026 8.025 8.025 8.025 8.024 8.024 8.023 8.023 8.022 8.022 8.021 8.021 8.020 8.020 8.019 8.019 8.019 8.018 8.018 8.017 8.017 8.016 8.016 8.015 8.015 8.014 8.014 8.013 8.013 8.013 8.012 8.011 8.011 8.010 8.010 8.009 8.009 8.008 8.008 8.007 8.007 8.006 8.006 8.005 8.005 8.004 8.004 8.004 8.003 8.002 8.002 8.001 8.001 8.001 8.000 8.000 7.999 7.999 7.998 7.998 7.997 7.997 7.996 7.996 7.995 7.995 7.995 7.994 7.993 7.993
8.029 8.028 8.028 8.028 8.027 8.027 8.026 8.026 8.025 8.025 8.024 8.024 8.023 8.023 8.023 8.022 8.022 8.021 8.021 8.020 8.020 8.019 8.019 8.018 8.018 8.018 8.017 8.017 8.016 8.016 8.015 8.015 8.014 8.014 8.013 8.013 8.012 8.012 8.011 8.011 8.010 8.010 8.009 8.009 8.008 8.008 8.007 8.007 8.006 8.006 8.005 8.005 8.004 8.004 8.003 8.003 8.002 8.002 8.001 8.001 8.001 8.000 8.000 7.999 7.999 7.998 7.998 7.997 7.997 7.996 7.996 7.995 7.995 7.994 7.994 7.993 7.993
8.029 8.029 8.028 8.028 8.027 8.027 8.026 8.026 8.025 8.025 8.024 8.024 8.023 8.023 8.023 8.022 8.022 8.021 8.021 8.020 8.020 8.019 8.019 8.018 8.018 8.017 8.017 8.016 8.016 8.015 8.015 8.015 8.014 8.014 8.013 8.013 8.012 8.012 8.011 8.011 8.010 8.010 8.009 8.009 8.008 8.008 8.007 8.007 8.006 8.006 8.005 8.005 8.004 8.004 8.003 8.003 8.002 8.002 8.001 8.001 8.001 8.000 8.000 7.999 7.999 7.998 7.998 7.997 7.997 7.996 7.996 7.995 7.995 7.994 7.994 7.993 7.993
8.029 8.029 8.028 8.027 8.027 8.026 8.026 8.026 8.025 8.025 8.024 8.024 8.023 8.023 8.022 8.022 8.021 8.021 8.020 8.020 8.020 8.019 8.019 8.018 8.018 8.017 8.017 8.016 8.016 8.015 8.015 8.014 8.014 8.014 8.013 8.013 8.012 8.012 8.011 8.011 8.010 8.010 8.009 8.009 8.008 8.008 8.007 8.007 8.006 8.006 8.005 8.005 8.004 8.004 8.003 8.003 8.002 8.002 8.001 8.001 8.000 8.000 8.000 7.999 7.999 7.998 7.998 7.997 7.997 7.996 7.996 7.995 7.995 7.994 7.994 7.993 7.993
8.029 8.028 8.028 8.027 8.027 8.026 8.026 8.026 8.025 8.025 8.024 8.024 8.023 8.023 8.022 8.022 8.021 8.021 8.020 8.020 8.020 8.019 8.019 8.018 8.018 8.017 8.017 8.016 8.016 8.015 8.015 8.014 8.014 8.013 8.013 8.012 8.012 8.012 8.011 8.011 8.010 8.010 8.009 8.009 8.008 8.007 8.007 8.007 8.006 8.006 8.005 8.005 8.004 8.004 8.003 8.003 8.002 8.002 8.001 8.001 8.000 8.000 7.999 7.999 7.998 7.998 7.998 7.997 7.997 7.996 7.996 7.995 7.995 7.994 7.994 7.993 7.993
8.029 8.028 8.028 8.027 8.027 8.026 8.026 8.026 8.025 8.025 8.024 8.024 8.023 8.023 8.022 8.022 8.021 8.021 8.020 8.020 8.019 8.019 8.018 8.018 8.018 8.017 8.016 8.016 8.016 8.015 8.015 8.014 8.014 8.013 8.013 8.012 8.012 8.011 8.011 8.010 8.010 8.010 8.009 8.009 8.008 8.007 8.007 8.007 8.006 8.006 8.005 8.005 8.004 8.004 8.003 8.003 8.002 8.002 8.001 8.001 8.000 8.000 7.999 7.999 7.998 7.998 7.997 7.997 7.997 7.996 7.995 7.995 7.995 7.994 7.994 7.993 7.993
8.029 8.028 8.028 8.027 8.027 8.026 8.026 8.026 8.025 8.024 8.024 8.023 8.023 8.023 8.022 8.022 8.021 8.021 8.020 8.020 8.019 8.019 8.018 8.018 8.017 8.017 8.016 8.016 8.015 8.015 8.015 8.014 8.014 8.013 8.013 8.012 8.012 8.011 8.011 8.010 8.010 8.009 8.009 8.008 8.008 8.007 8.007 8.007 8.006 8.006 8.005 8.005 8.004 8.004 8.003 8.003 8.002 8.002 8.001 8.001 8.000 8.000 7.999 7.999 7.998 7.998 7.997 7.997 7.996 7.996 7.995 7.995 7.994 7.994 7.993 7.993 7.993
8.028 8.028 8.028 8.027 8.027 8.026 8.026 8.025 8.025 8.024 8.024 8.023 8.023 8.022 8.022 8.022 8.021 8.021 8.020 8.020 8.019 8.019 8.018 8.018 8.017 8.017 8.016 8.016 8.015 8.015 8.015 8.014 8.014 8.013 8.013 8.012 8.012 8.011 8.011 8.010 8.010 8.009 8.009 8.008 8.008 8.007 8.007 8.006 8.006 8.006 8.005 8.005 8.004 8.004 8.003 8.003 8.002 8.002 8.001 8.001 8.000 8.000 7.999 7.999 7.998 7.998 7.997 7.997 7.996 7.996 7.995 7.995 7.994 7.994 7.993 7.993 7.992
8.028 8.028 8.027 8.027 8.027 8.026 8.026 8.025 8.025 8.024 8.024 8.023 8.023 8.022 8.022 8.022 8.021 8.021 8.020 8.020 8.019 8.019 8.018 8.018 8.017 8.017 8.016 8.016 8.015 8.015 8.014 8.014 8.013 8.013 8.012 8.012 8.012 8.011 8.011 8.010 8.010 8.009 8.009 8.008 8.008 8.007 8.007 8.006 8.006 8.006 8.005 8.005 8.004 8.004 8.003 8.003 8.002 8.002 8.001 8.001 8.000 8.000 7.999 7.999 7.998 7.998 7.997 7.997 7.996 7.996 7.995 7.995 7.994 7.994 7.993 7.993 7.992
8.028 8.028 8.027 8.027 8.026 8.026 8.026 8.025 8.025 8.024 8.024 8.023 8.023 8.022 8.022 8.021 8.021 8.021 8.020 8.019 8.019 8.019 8.018 8.018 8.017 8.017 8.016 8.016 8.015 8.015 8.014 8.014 8.013 8.013 8.012 8.012 8.011 8.011 8.010 8.010 8.009 8.009 8.009 8.008 8.008 8.007 8.007 8.006 8.006 8.006 8.005 8.005 8.004 8.004 8.003 8.003 8.002 8.002 8.001 8.001 8.000 8.000 7.999 7.999 7.998 7.998 7.997 7.997 7.996 7.996 7.995 7.995 7.994 7.994 7.993 7.993 7.992
8.028 8.028 8.027 8.027 8.026 8.026 8.025 8.025 8.024 8.024 8.024 8.023 8.023 8.022 8.022 8.021 8.021 8.020 8.020 8.019 8.019 8.018 8.018 8.017 8.017 8.017 8.016 8.015 8.015 8.014 8.014 8.014 8.013 8.013 8.012 8.012 8.011 8.011 8.010 8.010 8.009 8.009 8.009 8.008 8.008 8.007 8.007 8.006 8.006 8.006 8.005 8.005 8.004 8.004 8.003 8.003 8.002 8.002 8.001 8.001 8.000 8.000 7.999 7.999 7.998 7.998 7.997 7.997 7.996 7.996 7.995 7.995 7.994 7.994 7.993 7.993 7.992
8.028 8.027 8.027 8.027 8.026 8.026 8.025 8.025 8.024 8.024 8.023 8.023 8.022 8.022 8.021 8.021 8.021 8.020 8.020 8.019 8.019 8.018 8.018 8.017 8.017 8.016 8.016 8.015 8.015 8.014 8.014 8.013 8.013 8.012 8.012 8.012 8.011 8.011 8.010 8.010 8.009 8.009 8.009 8.008 8.008 8.007 8.007 8.006 8.006 8.005 8.005 8.005 8.004 8.004 8.003 8.003 8.002 8.002 8.001 8.001 8.000 8.000 7.999 7.999 7.998 7.998 7.997 7.997 7.996 7.996 7.995 7.995 7.994 7.994 7.993 7.993 7.992
8.028 8.027 8.027 8.026 8.026 8.026 8.025 8.025 8.024 8.024 8.023 8.023 8.022 8.022 8.021 8.021 8.021 8.020 8.020 8.019 8.019 8.018 8.018 8.017 8.017 8.016 8.016 8.015 8.015 8.014 8.014 8.013 8.013 8.012 8.012 8.012 8.011 8.011 8.010 8.010 8.009 8.009 8.008 8.008 8.008 8.007 8.007 8.006 8.006 8.005 8.005 8.005 8.004 8.004 8.003 8.003 8.002 8.002 8.001 8.001 8.000 8.000 7.999 7.999 7.998 7.998 7.997 7.996 7.996 7.996 7.995 7.995 7.994 7.994 7.993 7.993 7.992
8.028 8.027 8.027 8.026 8.026 8.025 8.025 8.024 8.024 8.024 8.023 8.023 8.022 8.022 8.021 8.021 8.020 8.020 8.020 8.019 8.019 8.018 8.018 8.017 8.017 8.016 8.016 8.015 8.015 8.014 8.014 8.013 8.013 8.012 8.012 8.012 8.011 8.011 8.010 8.010 8.009 8.009 8.008 8.008 8.008 8.007 8.007 8.006 8.006 8.005 8.005 8.004 8.004 8.003 8.003 8.003 8.002 8.002 8.001 8.001 8.000 8.000 7.999 7.999 7.998 7.998 7.997 7.996 7.996 7.996 7.995 7.995 7.994 7.994 7.993 7.993 7.992
8.027 8.027 8.027 8.026 8.026 8.025 8.025 8.024 8.024 8.023 8.023 8.023 8.022 8.022 8.021 8.021 8.020 8.020 8.019 8.019 8.018 8.018 8.017 8.017 8.017 8.016 8.016 8.015 8.015 8.014 8.014 8.013 8.013 8.012 8.012 8.011 8.011 8.010 8.010 8.010 8.009 8.009 8.008 8.008 8.007 8.007 8.007 8.006 8.006 8.005 8.005 8.004 8.004 8.003 8.003 8.002 8.002 8.002 8.001 8.001 8.000 8.000 7.999 7.999 7.998 7.998 7.997 7.996 7.996 7.996 7.995 7.995 7.994 7.994 7.993 7.993 7.992
8.027 8.027 8.026 8.026 8.026 8.025 8.025 8.024 8.024 8.023 8.023 8.022 8.022 8.021 8.021 8.021 8.020 8.020 8.019 8.019 8.018 8.018 8.017 8.017 8.016 8.016 8.015 8.015 8.014 8.014 8.014 8.013 8.013 8.012 8.012 8.011 8.011 8.010 8.010 8.009 8.009 8.009 8.008 8.008 8.007 8.007 8.007 8.006 8.006 8.005 8.005 8.004 8.004 8.003 8.003 8.002 8.002 8.002 8.001 8.001 8.000 8.000 7.999 7.999 7.998 7.997 7.997 7.996 7.996 7.996 7.995 7.995 7.994 7.993 7.993 7.992 7.992
8.027 8.027 8.026 8.026 8.025 8.025 8.024 8.024 8.024 8.023 8.023 8.022 8.022 8.021 8.021 8.021 8.020 8.020 8.019 8.019 8.018 8.018 8.017 8.017 8.016 8.016 8.015 8.015 8.014 8.014 8.014 8.013 8.013 8.012 8.012 8.011 8.011 8.010 8.010 8.009 8.009 8.008 8.008 8.008 8.007 8.007 8.006 8.006 8.006 8.005 8.005 8.004 8.004 8.003 8.003 8.002 8.002 8.002 8.001 8.001 8.000 8.000 7.999 7.999 7.998 7.997 7.997 7.996 7.996 7.996 7.995 7.994 7.994 7.993 7.993 7.992 7.992
8.027 8.026 8.026 8.026 8.025 8.025 8.024 8.024 8.023 8.023 8.023 8.022 8.022 8.021 8.021 8.020 8.020 8.019 8.019 8.019 8.018 8.018 8.017 8.017 8.016 8.016 8.015 8.015 8.014 8.014 8.013 8.013 8.012 8.012 8.012 8.011 8.011 8.010 8.010 8.009 8.009 8.008 8.008 8.008 8.007 8.007 8.006 8.006 8.006 8.005 8.005 8.004 8.004 8.003 8.003 8.002 8.002 8.001 8.001 8.001 8.000 8.000 7.999 7.999 7.998 7.997 7.997 7.996 7.996 7.995 7.995 7.994 7.994 7.993 7.993 7.992 7.992
8.027 8.026 8.026 8.025 8.025 8.025 8.024 8.024 8.023 8.023 8.023 8.022 8.022 8.021 8.021 8.020 8.020 8.019 8.019 8.018 8.018 8.018 8.017 8.017 8.016 8.016 8.015 8.015 8.014 8.014 8.013 8.013 8.012 8.012 8.011 8.011 8.011 8.010 8.010 8.009 8.009 8.008 8.008 8.007 8.007 8.007 8.006 8.006 8.005 8.005 8.005 8.004 8.004 8.003 8.003 8.002 8.002 8.001 8.001 8.001 8.000 8.000 7.999 7.999 7.998 7.997 7.997 7.996 7.996 7.995 7.995 7.994 7.994 7.993 7.993 7.992 7.992
8.027 8.026 8.026 8.025 8.025 8.025 8.024 8.024 8.023 8.023 8.022 8.022 8.022 8.021 8.021 8.020 8.020 8.019 8.019 8.018 8.018 8.017 8.017 8.017 8.016 8.016 8.015 8.015 8.014 8.014 8.013 8.013 8.012 8.012 8.011 8.011 8.010 8.010 8.010 8.009 8.009 8.008 8.008 8.007 8.007 8.007 8.006 8.006 8.005 8.005 8.005 8.004 8.004 8.003 8.003 8.002 8.002 8.001 8.001 8.000 8.000 8.000 7.999 7.999 7.998 7.997 7.997 7.996 7.996 7.995 7.995 7.994 7.994 7.993 7.993 7.992 7.992
8.026 8.026 8.026 8.025 8.025 8.025 8.024 8.024 8.023 8.023 8.022 8.022 8.021 8.021 8.020 8.020 8.020 8.019 8.019 8.018 8.018 8.017 8.017 8.016 8.016 8.016 8.015 8.014 8.014 8.014 8.013 8.013 8.012 8.012 8.011 8.011 8.010 8.010 8.009 8.009 8.009 8.008 8.008 8.007 8.007 8.007 8.006 8.006 8.005 8.005 8.005 8.004 8.004 8.003 8.003 8.002 8.002 8.001 8.001 8.000 8.000 8.000 7.999 7.999 7.998 7.997 7.997 7.996 7.996 7.995 7.995 7.994 7.994 7.993 7.993 7.992 7.992
8.026 8.026 8.026 8.025 8.025 8.024 8.024 8.023 8.023 8.022 8.022 8.022 8.021 8.021 8.020 8.020 8.019 8.019 8.019 8.018 8.018 8.017 8.017 8.016 8.016 8.015 8.015 8.014 8.014 8.014 8.013 8.013 8.012 8.012 8.011 8.011 8.010 8.010 8.009 8.009 8.008 8.008 8.008 8.007 8.007 8.006 8.006 8.006 8.005 8.005 8.004 8.004 8.004 8.003 8.003 8.002 8.002 8.001 8.001 8.000 8.000 8.000 7.999 7.999 7.998 7.998 7.997 7.996 7.996 7.995 7.995 7.994 7.994 7.993 7.993 7.992 7.992
8.026 8.026 8.025 8.025 8.025 8.024 8.024 8.023 8.023 8.022 8.022 8.022 8.021 8.021 8.020 8.020 8.019 8.019 8.019 8.018 8.018 8.017 8.017 8.016 8.016 8.015 8.015 8.014 8.014 8.013 8.013 8.013 8.012 8.012 8.011 8.011 8.010 8.010 8.009 8.009 8.008 8.008 8.008 8.007 8.007 8.006 8.006 8.006 8.005 8.005 8.004 8.004 8.003 8.003 8.003 8.002 8.002 8.001 8.001 8.000 8.000 7.999 7.999 7.999 7.998 7.998 7.997 7.996 7.996 7.995 7.995 7.994 7.994 7.993 7.993 7.992 7.992
8.026 8.026 8.025 8.025 8.024 8.024 8.024 8.023 8.023 8.022 8.022 8.021 8.021 8.021 8.020 8.020 8.019 8.019 8.018 8.018 8.017 8.017 8.017 8.016 8.016 8.015 8.015 8.014 8.014 8.013 8.013 8.012 8.012 8.011 8.011 8.011 8.010 8.010 8.009 8.009 8.008 8.008 8.008 8.007 8.007 8.006 8.006 8.006 8.005 8.005 8.004 8.004 8.003 8.003 8.003 8.002 8.002 8.001 8.001 8.000 8.000 7.999 7.999 7.999 7.998 7.998 7.997 7.996 7.996 7.995 7.995 7.994 7.994 7.993 7.993 7.992 7.992
8.026 8.026 8.025 8.025 8.024 8.024 8.023 8.023 8.023 8.022 8.022 8.021 8.021 8.020 8.020 8.020 8.019 8.019 8.018 8.018 8.017 8.017 8.016 8.016 8.016 8.015 8.015 8.014 8.014 8.013 8.013 8.012 8.012 8.011 8.011 8.011 8.010 8.010 8.009 8.009 8.008 8.008 8.007 8.007 8.007 8.006 8.006 8.005 8.005 8.005 8.004 8.004 8.003 8.003 8.003 8.002 8.002 8.001 8.001 8.000 8.000 7.999 7.999 7.998 7.998 7.998 7.997 7.996 7.996 7.995 7.995 7.994 7.994 7.993 7.993 7.992 7.992
8.026 8.025 8.025 8.024 8.024 8.024 8.023 8.023 8.022 8.022 8.022 8.021 8.021 8.020 8.020 8.019 8.019 8.019 8.018 8.018 8.017 8.017 8.016 8.016 8.015 8.015 8.015 8.014 8.014 8.013 8.013 8.012 8.012 8.011 8.011 8.010 8.010 8.010 8.009 8.009 8.008 8.008 8.007 8.007 8.007 8.006 8.006 8.005 8.005 8.005 8.004 8.004 8.003 8.003 8.002 8.002 8.002 8.001 8.001 8.000 8.000 7.999 7.999 7.998 7.998 7.998 7.997 7.996 7.996 7.995 7.995 7.994 7.994 7.993 7.993 7.992 7.992
8.026 8.025 8.025 8.024 8.024 8.024 8.023 8.023 8.022 8.022 8.022 8.021 8.021 8.020 8.020 8.019 8.019 8.018 8.018 8.018 8.017 8.017 8.016 8.016 8.015 8.015 8.014 8.014 8.014 8.013 8.013 8.012 8.012 8.011 8.011 8.010 8.010 8.009 8.009 8.008 8.008 8.008 8.007 8.007 8.007 8.006 8.006 8.005 8.005 8.005 8.004 8.004 8.003 8.003 8.002 8.002 8.002 8.001 8.001 8.000 8.000 7.999 7.999 7.999 7.998 7.998 7.997 7.996 7.996 7.995 7.995 7.994 7.994 7.993 7.993 7.992 7.992
8.025 8.025 8.024 8.024 8.024 8.023 8.023 8.023 8.022 8.022 8.022 8.021 8.020 8.020 8.020 8.019 8.019 8.018 8.018 8.017 8.017 8.017 8.016 8.016 8.015 8.015 8.014 8.014 8.014 8.013 8.013 8.012 8.012 8.011 8.011 8.010 8.010 8.009 8.009 8.008 8.008 8.008 8.007 8.007 8.006 8.006 8.006 8.005 8.005 8.005 8.004 8.004 8.003 8.003 8.002 8.002 8.002 8.001 8.001 8.000 8.000 8.000 7.999 7.999 7.998 7.998 7.997 7.996 7.996 7.995 7.995 7.994 7.994 7.993 7.993 7.992 7.992
8.025 8.025 8.024 8.024 8.024 8.023 8.023 8.022 8.022 8.022 8.021 8.021 8.020 8.020 8.020 8.019 8.019 8.018 8.018 8.017 8.017 8.016 8.016 8.016 8.015 8.015 8.014 8.014 8.013 8.013 8.012 8.012 8.012 8.011 8.011 8.010 8.010 8.009 8.009 8.008 8.008 8.008 8.007 8.007 8.006 8.006 8.006 8.005 8.005 8.004 8.004 8.004 8.003 8.003 8.002 8.002 8.002 8.001 8.001 8.000 8.000 8.000 7.999 7.999 7.998 7.998 7.997 7.996 7.996 7.995 7.995 7.995 7.994 7.993 7.993 7.992 7.992
8.025 8.025 8.024 8.024 8.023 8.023 8.023 8.022 8.022 8.021 8.021 8.021 8.020 8.020 8.020 8.019 8.019 8.018 8.018 8.017 8.017 8.016 8.016 8.015 8.015 8.014 8.014 8.014 8.013 8.013 8.012 8.012 8.011 8.011 8.010 8.010 8.010 8.009 8.009 8.008 8.008 8.008 8.007 8.007 8.006 8.006 8.006 8.005 8.005 8.004 8.004 8.004 8.003 8.003 8.003 8.002 8.002 8.001 8.001 8.000 8.000 8.000 7.999 7.999 7.998 7.998 7.997 7.996 7.996 7.995 7.995 7.995 7.994 7.993 7.993 7.992 7.992
8.025 8.025 8.024 8.024 8.023 8.023 8.022 8.022 8.022 8.021 8.021 8.020 8.020 8.020 8.019 8.019 8.018 8.018 8.018 8.017 8.017 8.016 8.016 8.015 8.015 8.014 8.014 8.013 8.013 8.013 8.012 8.012 8.011 8.011 8.010 8.010 8.009 8.009 8.009 8.008 8.008 8.007 8.007 8.007 8.006 8.006 8.005 8.005 8.005 8.004 8.004 8.003 8.003 8.003 8.002 8.002 8.002 8.001 8.001 8.000 8.000 7.999 7.999 7.999 7.998 7.998 7.997 7.996 7.996 7.995 7.995 7.995 7.994 7.993 7.993 7.992 7.992
