includes/lisflood-fp-604/results/res-0003.wdfp
ncols         631
nrows         906
xllcorner     364927.146600
yllcorner     6531972.565600
cellsize      20.000000
NODATA_value  -9999.000000
[rows 136 to 169 of 906, columns 385 to 461 of 631]
4.808 4.840 4.872 4.905 4.937 4.970 5.002 5.034 5.067 5.100 5.134 5.168 5.199 5.229 5.259 5.289 5.319 5.349 5.379 5.408 5.438 5.468 5.498 5.528 5.558 5.588 5.618 5.658 5.703 5.749 5.794 5.840 5.885 5.931 5.976 6.022 6.067 6.113 6.158 6.204 6.249 6.295 6.339 6.382 6.425 6.448 6.466 6.484 6.502 6.520 6.538 6.556 6.574 6.592 6.610 6.628 6.646 6.664 6.693 6.737 6.782 6.826 6.871 6.917 6.976 7.035 7.094 7.152 7.211 7.270 7.329 7.387 7.446 7.505 7.589 7.682 7.744
4.781 4.813 4.845 4.878 4.910 4.942 4.975 5.007 5.039 5.074 5.108 5.142 5.175 5.205 5.235 5.265 5.295 5.325 5.355 5.385 5.415 5.445 5.475 5.505 5.534 5.564 5.594 5.626 5.671 5.717 5.763 5.808 5.854 5.900 5.945 5.991 6.036 6.082 6.128 6.173 6.218 6.264 6.309 6.353 6.382 6.399 6.417 6.435 6.453 6.471 6.489 6.507 6.525 6.543 6.561 6.579 6.597 6.615 6.633 6.675 6.719 6.764 6.808 6.862 6.921 6.979 7.038 7.097 7.156 7.214 7.273 7.332 7.390 7.449 7.512 7.580 7.642
4.753 4.786 4.818 4.850 4.883 4.915 4.947 4.980 5.013 5.048 5.082 5.116 5.150 5.181 5.211 5.241 5.271 5.301 5.331 5.361 5.391 5.421 5.451 5.481 5.511 5.540 5.569 5.598 5.639 5.685 5.731 5.776 5.822 5.868 5.913 5.959 6.005 6.050 6.096 6.142 6.188 6.233 6.279 6.315 6.333 6.351 6.369 6.387 6.405 6.423 6.441 6.459 6.477 6.495 6.513 6.531 6.549 6.567 6.585 6.612 6.657 6.701 6.747 6.806 6.865 6.924 6.982 7.041 7.100 7.159 7.217 7.276 7.329 7.380 7.430 7.486 7.542
4.726 4.758 4.791 4.823 4.855 4.888 4.920 4.953 4.987 5.021 5.056 5.090 5.124 5.158 5.187 5.217 5.247 5.277 5.307 5.337 5.367 5.397 5.427 5.457 5.487 5.516 5.545 5.573 5.607 5.653 5.698 5.744 5.790 5.835 5.881 5.927 5.972 6.018 6.064 6.110 6.155 6.201 6.245 6.270 6.287 6.304 6.321 6.339 6.356 6.374 6.392 6.410 6.428 6.446 6.464 6.482 6.500 6.518 6.536 6.554 6.594 6.639 6.692 6.750 6.809 6.868 6.927 6.985 7.043 7.093 7.144 7.195 7.245 7.296 7.347 7.402 7.458
4.699 4.731 4.763 4.796 4.828 4.860 4.893 4.927 4.961 4.995 5.030 5.064 5.098 5.133 5.164 5.194 5.223 5.253 5.283 5.313 5.343 5.373 5.403 5.433 5.462 5.491 5.520 5.549 5.578 5.620 5.666 5.712 5.757 5.803 5.849 5.894 5.940 5.986 6.032 6.077 6.123 6.169 6.197 6.224 6.243 6.260 6.277 6.294 6.312 6.329 6.346 6.364 6.381 6.398 6.416 6.434 6.452 6.470 6.488 6.506 6.531 6.577 6.636 6.695 6.754 6.807 6.858 6.909 6.959 7.010 7.061 7.111 7.162 7.213 7.264 7.318 7.374
4.671 4.704 4.736 4.768 4.801 4.833 4.866 4.901 4.935 4.969 5.003 5.038 5.072 5.106 5.140 5.170 5.200 5.230 5.259 5.289 5.319 5.349 5.379 5.409 5.438 5.466 5.495 5.524 5.553 5.588 5.634 5.679 5.725 5.771 5.816 5.862 5.908 5.954 5.999 6.045 6.091 6.123 6.149 6.176 6.198 6.216 6.233 6.250 6.267 6.285 6.302 6.319 6.337 6.354 6.371 6.388 6.406 6.423 6.440 6.458 6.475 6.521 6.572 6.622 6.673 6.724 6.775 6.825 6.876 6.927 6.977 7.028 7.079 7.129 7.180 7.235 7.291
4.644 4.676 4.709 4.741 4.773 4.806 4.840 4.875 4.909 4.943 4.977 5.012 5.046 5.080 5.115 5.146 5.176 5.206 5.236 5.266 5.296 5.325 5.355 5.384 5.413 5.442 5.471 5.499 5.528 5.557 5.602 5.647 5.693 5.739 5.784 5.830 5.876 5.921 5.967 6.013 6.048 6.075 6.101 6.128 6.154 6.171 6.189 6.206 6.223 6.240 6.258 6.275 6.292 6.309 6.327 6.344 6.361 6.379 6.396 6.413 6.430 6.454 6.488 6.539 6.590 6.640 6.691 6.742 6.793 6.843 6.894 6.945 6.995 7.046 7.097 7.151 7.207
4.617 4.649 4.681 4.714 4.746 4.780 4.814 4.848 4.883 4.917 4.951 4.985 5.020 5.054 5.088 5.122 5.152 5.182 5.212 5.242 5.272 5.302 5.331 5.360 5.388 5.417 5.446 5.475 5.504 5.532 5.569 5.615 5.661 5.706 5.752 5.798 5.843 5.889 5.935 5.974 6.000 6.027 6.054 6.080 6.107 6.127 6.144 6.162 6.179 6.196 6.213 6.231 6.248 6.265 6.283 6.300 6.317 6.334 6.352 6.368 6.384 6.406 6.437 6.468 6.506 6.557 6.608 6.658 6.709 6.760 6.811 6.861 6.912 6.963 7.013 7.067 7.123
4.530 4.622 4.654 4.686 4.720 4.754 4.788 4.822 4.857 4.891 4.925 4.959 4.994 5.028 5.062 5.097 5.128 5.158 5.188 5.218 5.248 5.277 5.306 5.335 5.364 5.392 5.421 5.450 5.479 5.508 5.537 5.583 5.628 5.674 5.720 5.765 5.811 5.857 5.899 5.926 5.953 5.979 6.006 6.032 6.059 6.083 6.100 6.117 6.134 6.152 6.169 6.186 6.204 6.221 6.238 6.255 6.273 6.290 6.307 6.323 6.339 6.358 6.389 6.419 6.450 6.481 6.524 6.575 6.626 6.676 6.727 6.778 6.828 6.879 6.930 6.983 7.039
4.415 4.586 4.627 4.659 4.693 4.728 4.762 4.796 4.830 4.865 4.899 4.933 4.967 5.002 5.036 5.070 5.104 5.134 5.164 5.194 5.224 5.252 5.281 5.310 5.339 5.368 5.397 5.425 5.454 5.483 5.512 5.550 5.596 5.642 5.687 5.733 5.779 5.824 5.852 5.878 5.905 5.931 5.958 5.985 6.011 6.038 6.056 6.073 6.090 6.107 6.125 6.142 6.159 6.176 6.194 6.211 6.228 6.245 6.261 6.277 6.293 6.310 6.340 6.371 6.402 6.433 6.464 6.495 6.542 6.593 6.644 6.694 6.745 6.796 6.847 6.899 6.955
4.300 4.471 4.094 4.633 4.667 4.702 4.736 4.770 4.804 4.839 4.873 4.907 4.941 4.976 5.010 5.044 5.078 5.110 5.140 5.170 5.199 5.228 5.257 5.285 5.314 5.343 5.372 5.401 5.430 5.458 5.487 5.518 5.564 5.609 5.655 5.701 5.746 5.777 5.804 5.830 5.857 5.884 5.910 5.937 5.963 5.990 6.011 6.029 6.046 6.063 6.080 6.098 6.115 6.132 6.149 6.167 6.184 6.200 6.216 6.232 6.248 6.264 6.293 6.323 6.354 6.385 6.416 6.447 6.478 6.510 6.560 6.611 6.662 6.712 6.763 6.816 6.872
4.103 4.283 4.491 4.606 4.640 4.675 4.709 4.744 4.778 4.812 4.847 4.881 4.915 4.949 4.984 5.018 5.052 5.086 5.116 5.145 5.174 5.203 5.232 5.261 5.289 5.318 5.347 5.376 5.405 5.434 5.462 5.491 5.531 5.577 5.623 5.668 5.703 5.729 5.756 5.783 5.809 5.836 5.862 5.889 5.916 5.942 5.967 5.984 6.002 6.019 6.036 6.053 6.071 6.088 6.105 6.122 6.138 6.154 6.170 6.186 6.202 6.219 6.244 6.275 6.306 6.337 6.368 6.399 6.430 6.461 6.492 6.528 6.578 6.629 6.680 6.732 6.788
3.861 4.041 4.308 4.576 4.611 4.645 4.680 4.715 4.749 4.784 4.818 4.853 4.887 4.922 4.957 4.991 5.026 5.060 5.092 5.121 5.149 5.178 5.207 5.236 5.265 5.294 5.322 5.351 5.380 5.409 5.438 5.467 5.499 5.545 5.590 5.628 5.655 5.681 5.708 5.735 5.761 5.788 5.815 5.841 5.868 5.894 5.921 5.940 5.957 5.974 5.992 6.009 6.026 6.044 6.060 6.076 6.093 6.109 6.125 6.141 6.157 6.173 6.196 6.227 6.258 6.289 6.320 6.351 6.382 6.413 6.444 6.475 6.505 6.546 6.596 6.648 6.704
3.884 4.044 4.094 4.074 4.581 4.616 4.651 4.685 4.720 4.754 4.789 4.823 4.858 4.893 4.927 4.962 4.996 5.030 5.060 5.090 5.120 5.150 5.180 5.210 5.240 5.269 5.298 5.327 5.355 5.384 5.413 5.442 5.471 5.512 5.554 5.580 5.607 5.633 5.660 5.687 5.713 5.740 5.767 5.793 5.820 5.846 5.873 5.896 5.913 5.930 5.947 5.965 5.982 5.999 6.015 6.031 6.047 6.063 6.079 6.095 6.111 6.128 6.148 6.179 6.210 6.241 6.272 6.303 6.334 6.365 6.396 6.426 6.457 6.488 6.519 6.564 6.622
4.033 3.923 4.063 4.033 4.548 4.587 4.621 4.656 4.690 4.725 4.759 4.794 4.829 4.863 4.898 4.932 4.967 4.998 5.028 5.058 5.088 5.118 5.148 5.177 5.207 5.237 5.267 5.297 5.327 5.357 5.387 5.417 5.446 5.479 5.506 5.532 5.559 5.586 5.612 5.639 5.666 5.692 5.719 5.745 5.772 5.799 5.825 5.851 5.869 5.886 5.903 5.920 5.937 5.953 5.969 5.985 6.002 6.018 6.034 6.050 6.066 6.082 6.100 6.131 6.162 6.193 6.224 6.255 6.286 6.317 6.348 6.378 6.409 6.440 6.471 6.515 6.555
4.003 4.013 4.093 4.062 4.365 4.557 4.592 4.626 4.661 4.695 4.730 4.765 4.799 4.834 4.868 4.903 4.936 4.966 4.996 5.026 5.055 5.085 5.115 5.145 5.175 5.205 5.235 5.265 5.295 5.325 5.354 5.384 5.414 5.444 5.467 5.490 5.513 5.538 5.564 5.591 5.618 5.644 5.671 5.698 5.724 5.751 5.777 5.804 5.824 5.841 5.859 5.875 5.892 5.908 5.924 5.940 5.956 5.972 5.988 6.004 6.020 6.037 6.053 6.083 6.114 6.145 6.176 6.207 6.238 6.268 6.299 6.330 6.361 6.396 6.441 6.485 6.526
3.983 3.903 4.053 4.033 4.003 4.485 4.562 4.597 4.631 4.666 4.701 4.735 4.770 4.804 4.839 4.874 4.904 4.933 4.963 4.993 5.023 5.053 5.083 5.113 5.143 5.173 5.202 5.232 5.262 5.292 5.322 5.352 5.381 5.411 5.437 5.460 5.483 5.506 5.529 5.552 5.576 5.599 5.623 5.650 5.676 5.703 5.729 5.756 5.780 5.797 5.814 5.830 5.846 5.862 5.878 5.894 5.910 5.927 5.943 5.959 5.975 5.991 6.007 6.035 6.066 6.097 6.128 6.159 6.190 6.220 6.251 6.282 6.321 6.366 6.410 6.455 6.496
4.003 3.993 4.033 3.983 4.023 4.302 4.533 4.567 4.602 4.637 4.671 4.706 4.740 4.775 4.810 4.841 4.871 4.901 4.931 4.961 4.991 5.021 5.050 5.080 5.110 5.140 5.170 5.200 5.230 5.260 5.290 5.319 5.349 5.378 5.406 5.429 5.452 5.475 5.498 5.522 5.545 5.568 5.591 5.614 5.637 5.660 5.683 5.708 5.735 5.752 5.768 5.784 5.800 5.817 5.833 5.849 5.865 5.881 5.897 5.913 5.929 5.946 5.962 5.987 6.018 6.049 6.080 6.111 6.141 6.172 6.203 6.247 6.291 6.336 6.380 6.425 6.467
3.932 3.892 3.992 4.082 3.912 3.962 4.052 4.538 4.572 4.607 4.642 4.676 4.711 4.745 4.779 4.809 4.839 4.869 4.899 4.928 4.958 4.988 5.018 5.048 5.078 5.108 5.138 5.168 5.197 5.227 5.257 5.286 5.315 5.345 5.374 5.398 5.422 5.445 5.468 5.491 5.514 5.537 5.560 5.584 5.607 5.630 5.653 5.676 5.694 5.707 5.723 5.739 5.755 5.771 5.787 5.803 5.819 5.836 5.852 5.868 5.884 5.900 5.916 5.939 5.970 6.001 6.032 6.063 6.093 6.128 6.172 6.217 6.261 6.306 6.350 6.394 6.438
3.902 3.892 4.032 4.032 4.062 3.935 4.022 4.072 4.543 4.578 4.612 4.647 4.681 4.716 4.747 4.777 4.806 4.836 4.866 4.896 4.926 4.956 4.986 5.016 5.045 5.075 5.105 5.135 5.165 5.195 5.224 5.253 5.282 5.312 5.341 5.368 5.391 5.414 5.437 5.460 5.483 5.507 5.530 5.553 5.576 5.599 5.622 5.641 5.651 5.663 5.679 5.694 5.710 5.726 5.742 5.758 5.774 5.790 5.806 5.822 5.838 5.854 5.870 5.891 5.922 5.953 5.984 6.015 6.053 6.098 6.142 6.186 6.231 6.275 6.320 6.364 6.408
3.832 3.782 3.912 3.832 4.062 4.042 3.942 4.358 4.032 4.548 3.932 4.617 4.652 4.684 4.714 4.744 4.774 4.804 4.834 4.864 4.894 4.924 4.953 4.983 5.013 5.043 5.073 5.103 5.133 5.162 5.191 5.220 5.249 5.279 5.308 5.337 5.360 5.383 5.406 5.430 5.453 5.476 5.499 5.522 5.545 5.568 5.588 5.598 5.609 5.619 5.635 5.650 5.666 5.682 5.697 5.713 5.729 5.744 5.761 5.777 5.793 5.809 5.825 5.843 5.874 5.905 5.936 5.978 6.023 6.067 6.112 6.156 6.201 6.245 6.290 6.334 6.378
3.672 3.812 3.862 4.022 3.932 3.952 3.962 4.175 4.478 3.962 4.002 4.062 4.052 4.652 4.682 4.712 4.742 4.771 4.801 4.831 4.861 4.891 4.921 4.951 4.981 5.011 5.040 5.070 5.100 5.129 5.158 5.187 5.216 5.246 5.275 5.304 5.329 5.352 5.376 5.399 5.422 5.445 5.468 5.491 5.515 5.535 5.546 5.556 5.566 5.576 5.590 5.606 5.622 5.637 5.653 5.669 5.684 5.700 5.716 5.731 5.747 5.763 5.779 5.796 5.826 5.859 5.904 5.948 5.993 6.037 6.082 6.126 6.171 6.215 6.259 6.304 6.348
3.691 3.821 3.871 3.911 4.011 3.961 4.091 4.091 3.991 3.991 3.931 4.558 4.589 4.619 4.649 4.679 4.709 4.739 4.769 4.799 4.829 4.859 4.889 4.918 4.948 4.978 5.008 5.038 5.067 5.096 5.125 5.154 5.183 5.213 5.242 5.271 5.299 5.322 5.345 5.368 5.391 5.414 5.438 5.461 5.482 5.493 5.503 5.513 5.523 5.533 5.546 5.562 5.578 5.593 5.609 5.625 5.640 5.656 5.672 5.687 5.703 5.719 5.734 5.750 5.785 5.829 5.874 5.918 5.962 6.007 6.051 6.096 6.140 6.185 6.229 6.274 6.318
3.751 3.851 3.951 3.951 4.061 3.961 4.031 3.808 3.821 3.901 4.494 4.527 4.557 4.587 4.617 4.647 4.676 4.706 4.736 4.766 4.796 4.826 4.856 4.886 4.916 4.946 4.976 5.005 5.034 5.063 5.092 5.121 5.150 5.180 5.209 5.238 5.267 5.291 5.314 5.337 5.360 5.384 5.407 5.430 5.440 5.450 5.460 5.470 5.481 5.491 5.502 5.518 5.533 5.549 5.565 5.580 5.596 5.612 5.627 5.643 5.659 5.674 5.690 5.722 5.761 5.801 5.843 5.888 5.932 5.977 6.021 6.066 6.110 6.155 6.199 6.243 6.288
3.641 3.801 3.711 3.961 3.931 4.031 3.326 3.625 3.930 4.231 4.061 4.494 4.524 4.554 4.584 4.614 4.644 4.674 4.704 4.734 4.764 4.794 4.824 4.853 4.883 4.913 4.942 4.972 5.001 5.030 5.059 5.088 5.117 5.146 5.176 5.205 5.234 5.260 5.283 5.306 5.330 5.353 5.376 5.387 5.397 5.407 5.417 5.428 5.438 5.448 5.458 5.474 5.489 5.505 5.521 5.536 5.552 5.568 5.583 5.599 5.615 5.630 5.665 5.704 5.743 5.783 5.822 5.862 5.902 5.947 5.991 6.035 6.080 6.124 6.169 6.213 6.257
3.650 3.780 3.890 3.840 3.860 3.870 3.294 4.050 3.980 4.070 4.390 4.457 4.488 4.518 4.549 4.579 4.610 4.641 4.671 4.701 4.731 4.761 4.791 4.821 4.851 4.880 4.909 4.939 4.968 4.997 5.026 5.055 5.084 5.113 5.142 5.172 5.201 5.229 5.253 5.276 5.299 5.322 5.334 5.344 5.354 5.365 5.375 5.385 5.395 5.405 5.415 5.430 5.445 5.461 5.477 5.492 5.508 5.524 5.539 5.555 5.571 5.608 5.647 5.686 5.726 5.765 5.805 5.844 5.883 5.923 5.962 6.005 6.050 6.094 6.138 6.183 6.227
3.630 3.770 3.860 3.850 3.920 3.750 3.262 3.990 3.930 4.090 4.285 4.417 4.447 4.478 4.508 4.539 4.570 4.600 4.631 4.662 4.692 4.723 4.753 4.784 4.817 4.848 4.876 4.905 4.934 4.964 4.993 5.022 5.051 5.080 5.109 5.139 5.168 5.197 5.222 5.245 5.268 5.281 5.291 5.301 5.312 5.322 5.332 5.342 5.352 5.362 5.373 5.385 5.401 5.417 5.432 5.448 5.464 5.479 5.495 5.512 5.551 5.590 5.629 5.669 5.708 5.747 5.787 5.826 5.866 5.905 5.945 5.984 6.023 6.064 6.108 6.153 6.197
2.560 3.590 3.700 3.830 3.810 3.820 3.919 4.009 3.999 3.909 4.179 4.317 4.407 4.437 4.019 4.499 4.529 4.560 4.590 4.621 4.652 4.682 4.713 4.744 4.783 4.818 4.846 4.875 4.903 4.932 4.961 4.989 5.018 5.047 5.076 5.106 5.135 5.164 5.191 5.214 5.228 5.238 5.248 5.259 5.269 5.279 5.289 5.299 5.310 5.320 5.330 5.341 5.357 5.372 5.388 5.404 5.419 5.435 5.455 5.494 5.533 5.572 5.612 5.651 5.690 5.730 5.769 5.808 5.848 5.887 5.927 5.966 6.006 6.045 6.084 6.124 6.167
1.670 2.989 3.610 3.769 3.949 3.869 3.889 3.729 4.039 4.049 4.019 4.211 4.089 4.009 4.079 4.458 4.489 4.519 4.550 4.581 4.611 4.642 4.672 4.709 4.749 4.787 4.816 4.844 4.873 4.902 4.930 4.959 4.987 5.016 5.045 5.073 5.102 5.131 5.160 5.175 5.185 5.195 5.206 5.216 5.226 5.236 5.246 5.257 5.267 5.277 5.287 5.297 5.312 5.328 5.344 5.359 5.375 5.398 5.437 5.476 5.515 5.555 5.594 5.633 5.672 5.712 5.751 5.791 5.830 5.870 5.909 5.949 5.988 6.027 6.067 6.106 6.146
0.000 1.879 3.249 3.709 3.739 3.829 3.709 3.799 3.948 3.948 3.968 4.058 3.918 3.938 3.948 3.868 4.038 4.479 4.509 4.540 4.571 4.601 4.636 4.675 4.714 4.753 4.785 4.814 4.843 4.871 4.900 4.928 4.957 4.986 5.014 5.043 5.072 5.100 5.141 5.158 5.155 5.153 5.163 5.173 5.183 5.193 5.204 5.214 5.224 5.234 5.244 5.255 5.268 5.284 5.300 5.315 5.341 5.380 5.419 5.458 5.498 5.537 5.576 5.615 5.655 5.694 5.733 5.773 5.812 5.852 5.891 5.931 5.970 6.010 6.049 6.088 6.128
0.321 0.623 2.149 3.349 3.729 3.749 3.778 3.888 4.048 3.948 3.888 3.978 3.878 4.058 4.048 4.377 4.407 4.438 4.469 4.499 4.530 4.562 4.601 4.640 4.680 4.719 4.755 4.783 4.812 4.841 4.869 4.898 4.927 4.955 4.984 5.013 5.041 5.079 5.131 5.166 5.163 5.159 5.156 5.153 5.149 5.151 5.161 5.171 5.181 5.191 5.202 5.212 5.224 5.240 5.255 5.284 5.323 5.362 5.401 5.441 5.480 5.519 5.558 5.598 5.637 5.676 5.716 5.755 5.795 5.834 5.873 5.913 5.952 5.992 6.031 6.071 6.084
0.538 0.000 0.819 2.239 3.578 3.578 3.778 3.788 3.857 3.617 3.707 3.777 3.947 4.057 4.306 4.336 4.367 4.398 4.428 4.459 4.489 4.527 4.567 4.606 4.645 4.684 4.724 4.753 4.782 4.810 4.839 4.868 4.896 4.925 4.954 4.982 5.016 5.068 5.120 5.172 5.170 5.167 5.164 5.160 5.157 5.154 5.150 5.147 5.144 5.149 5.159 5.169 5.180 5.195 5.227 5.266 5.305 5.344 5.384 5.423 5.462 5.501 5.541 5.580 5.619 5.658 5.698 5.737 5.777 5.816 5.856 5.895 5.934 5.974 6.010 6.020 6.029
1.214 0.000 0.000 0.929 2.368 3.458 3.467 3.537 3.597 3.646 3.796 3.696 3.906 4.036 3.956 4.296 4.326 4.076 4.046 4.418 4.454 4.493 3.977 4.571 4.611 4.650 4.689 4.723 4.751 4.780 4.809 4.837 4.866 4.894 4.923 4.953 5.005 5.058 5.110 5.162 5.178 5.175 5.172 5.168 5.165 5.162 5.158 5.155 5.151 5.148 5.145 5.141 5.138 5.169 5.209 5.248 5.287 5.326 5.366 5.405 5.444 5.483 5.523 5.562 5.601 5.641 5.680 5.719 5.759 5.798 5.838 5.877 5.917 5.946 5.956 5.965 5.975
1.474 0.047 0.000 0.000 0.878 2.287 3.236 3.376 3.576 3.586 3.826 3.835 3.885 3.945 3.815 4.046 3.896 3.976 4.347 4.006 4.419 4.026 4.498 4.537 4.576 4.615 4.655 4.692 4.721 4.749 4.778 4.807 4.835 4.864 4.893 4.943 4.995 5.047 5.099 5.151 5.186 5.183 5.179 5.176 5.173 5.169 5.166 5.163 5.159 5.156 5.153 5.149 5.149 5.168 5.198 5.230 5.269 5.309 5.348 5.387 5.426 5.466 5.505 5.544 5.583 5.623 5.662 5.702 5.741 5.781 5.820 5.859 5.882 5.892 5.901 5.911 5.920
