includes/lisflood-fp-604/results/res-0003.wdfp
ncols         631
nrows         906
xllcorner     364927.146667
yllcorner     6531972.565556
cellsize      20.000000
NODATA_value  -9999.000000
[rows 68 to 101 of 906, columns 308 to 384 of 631]
0.000 0.000 0.000 0.000 0.000 0.000 0.000 0.000 0.000 0.000 0.000 0.000 0.000 0.000 0.000 0.000 0.000 0.000 0.000 0.000 0.000 0.000 0.996 0.081 0.686 0.209 0.278 2.757 3.058 3.088 3.178 3.128 3.368 3.078 2.918 3.118 3.298 3.368 3.308 3.328 3.408 3.498 3.648 3.658 3.487 3.477 3.407 3.047 2.857 3.087 3.317 3.707 3.707 3.707 3.707 3.707 3.707 3.707 3.707 3.707 3.706 3.706 3.705 3.705 3.704 3.704 3.704 3.703 3.703 3.703 3.702 3.702 3.702 3.702 3.702 3.702 3.702
0.000 0.000 0.000 0.000 0.000 0.000 0.000 0.000 0.000 0.000 0.000 0.000 0.000 0.000 0.000 0.000 0.000 0.000 0.000 0.000 0.000 0.012 0.915 0.194 0.513 0.222 2.218 3.038 3.108 3.078 3.198 3.289 3.659 3.058 3.288 3.308 3.438 3.528 3.458 3.438 3.488 3.568 3.548 3.618 3.588 3.618 3.178 3.148 3.097 3.277 3.707 3.707 3.707 3.707 3.708 3.708 3.708 3.708 3.707 3.707 3.707 3.706 3.706 3.705 3.705 3.704 3.704 3.704 3.704 3.703 3.703 3.703 3.703 3.703 3.702 3.702 3.702
0.000 0.000 0.000 0.000 0.000 0.000 0.000 0.000 0.000 0.000 0.000 0.000 0.000 0.000 0.000 0.000 0.000 0.000 0.000 0.000 0.000 0.186 0.781 0.393 0.784 0.227 2.858 3.038 3.158 3.239 3.409 3.379 3.149 3.089 3.249 3.409 3.429 3.638 3.608 3.558 3.568 3.548 3.518 3.708 3.708 3.528 3.398 3.498 3.638 3.708 3.708 3.708 3.708 3.708 3.708 3.708 3.708 3.708 3.708 3.707 3.707 3.707 3.706 3.706 3.705 3.705 3.705 3.704 3.704 3.704 3.704 3.703 3.703 3.703 3.703 3.703 3.703
0.000 0.000 0.000 0.000 0.000 0.000 0.000 0.000 0.000 0.000 0.000 0.000 0.000 0.000 0.000 0.000 0.000 0.000 0.000 0.000 0.000 0.319 1.150 0.511 0.265 0.231 2.848 3.158 3.129 3.349 3.439 3.609 3.079 3.339 3.289 3.449 3.499 3.639 3.569 3.589 3.669 3.599 3.709 3.709 3.709 3.708 3.708 3.708 3.708 3.708 3.708 3.708 3.708 3.708 3.708 3.708 3.708 3.708 3.708 3.708 3.707 3.707 3.707 3.706 3.706 3.705 3.705 3.705 3.705 3.704 3.704 3.704 3.704 3.704 3.704 3.704 3.704
0.000 0.000 0.000 0.000 0.000 0.000 0.000 0.000 0.000 0.000 0.000 0.000 0.000 0.000 0.000 0.000 0.000 0.000 0.000 0.000 0.000 0.273 0.952 0.614 0.114 0.238 2.969 3.119 3.249 3.299 3.399 3.049 3.179 3.339 3.459 3.499 3.609 3.599 3.599 3.709 3.669 3.709 3.709 3.709 3.709 3.709 3.709 3.709 3.709 3.708 3.708 3.708 3.708 3.708 3.708 3.708 3.709 3.709 3.709 3.708 3.708 3.707 3.707 3.707 3.706 3.706 3.706 3.705 3.705 3.705 3.705 3.705 3.704 3.704 3.704 3.704 3.704
0.000 0.000 0.000 0.000 0.000 0.000 0.000 0.000 0.000 0.000 0.000 0.000 0.000 0.000 0.000 0.000 0.000 0.000 0.000 0.000 0.000 0.105 0.745 0.396 0.061 0.000 2.959 3.149 3.229 3.259 3.709 3.280 3.420 3.530 3.480 3.610 3.549 3.709 3.649 3.709 3.709 3.709 3.709 3.709 3.709 3.709 3.709 3.709 3.709 3.709 3.709 3.709 3.709 3.709 3.709 3.709 3.709 3.709 3.709 3.709 3.708 3.708 3.707 3.707 3.707 3.706 3.706 3.706 3.705 3.705 3.705 3.705 3.705 3.704 3.704 3.704 3.705
0.000 0.000 0.000 0.000 0.000 0.000 0.000 0.000 0.000 0.000 0.000 0.000 0.000 0.000 0.000 0.000 0.000 0.000 0.000 0.000 0.000 0.086 0.883 0.399 0.000 0.000 2.879 3.109 3.219 3.480 3.650 3.390 3.540 3.590 3.480 3.540 3.710 3.630 3.710 3.709 3.709 3.709 3.709 3.709 3.709 3.709 3.709 3.709 3.709 3.709 3.709 3.709 3.709 3.709 3.709 3.709 3.709 3.709 3.709 3.709 3.709 3.708 3.708 3.707 3.707 3.707 3.706 3.706 3.706 3.706 3.705 3.705 3.705 3.705 3.705 3.705 3.705
0.000 0.000 0.000 0.000 0.000 0.000 0.000 0.000 0.000 0.000 0.000 0.000 0.000 0.000 0.000 0.000 0.000 0.000 0.000 0.000 0.000 0.024 0.333 0.916 0.191 0.282 2.909 3.130 3.310 3.340 3.550 3.520 3.420 3.550 3.500 3.620 3.710 3.680 3.710 3.710 3.710 3.709 3.709 3.710 3.710 3.709 3.709 3.709 3.710 3.709 3.709 3.709 3.709 3.709 3.709 3.709 3.710 3.710 3.709 3.709 3.709 3.709 3.708 3.708 3.707 3.707 3.707 3.706 3.706 3.706 3.706 3.706 3.705 3.705 3.705 3.706 3.705
0.000 0.000 0.000 0.000 0.000 0.000 0.000 0.000 0.000 0.000 0.000 0.000 0.000 0.000 0.000 0.000 0.000 0.000 0.000 0.000 0.000 0.000 0.824 0.969 0.203 1.669 3.130 3.280 3.390 3.310 3.440 3.690 3.450 3.550 3.670 3.710 3.710 3.710 3.710 3.710 3.710 3.710 3.710 3.710 3.710 3.710 3.710 3.710 3.710 3.710 3.710 3.710 3.710 3.710 3.710 3.710 3.710 3.710 3.710 3.710 3.709 3.709 3.708 3.708 3.708 3.707 3.707 3.707 3.706 3.706 3.706 3.706 3.706 3.706 3.706 3.706 3.706
0.000 0.000 0.000 0.000 0.000 0.000 0.000 0.000 0.000 0.000 0.000 0.000 0.000 0.000 0.000 0.000 0.000 0.000 0.000 0.000 0.000 0.055 1.036 0.721 0.205 1.850 3.060 3.230 3.280 3.470 3.541 3.531 3.561 3.591 3.621 3.711 3.711 3.710 3.710 3.710 3.710 3.710 3.710 3.710 3.710 3.710 3.710 3.710 3.710 3.710 3.710 3.710 3.710 3.710 3.710 3.710 3.710 3.710 3.710 3.710 3.710 3.709 3.709 3.708 3.708 3.708 3.708 3.707 3.707 3.707 3.706 3.706 3.706 3.706 3.706 3.706 3.706
0.000 0.000 0.000 0.000 0.000 0.000 0.000 0.000 0.000 0.000 0.000 0.000 0.000 0.000 0.000 0.000 0.000 0.000 0.000 0.000 0.000 0.002 0.991 0.891 0.000 1.820 3.150 3.170 3.470 3.471 3.581 3.641 3.661 3.631 3.711 3.711 3.711 3.711 3.711 3.711 3.710 3.710 3.710 3.710 3.710 3.710 3.710 3.710 3.710 3.710 3.710 3.710 3.710 3.710 3.711 3.711 3.711 3.711 3.711 3.710 3.710 3.710 3.709 3.709 3.708 3.708 3.708 3.708 3.707 3.707 3.707 3.707 3.707 3.707 3.707 3.707 3.707
0.000 0.000 0.000 0.000 0.000 0.000 0.000 0.000 0.000 0.000 0.000 0.000 0.000 0.000 0.000 0.000 0.000 0.000 0.000 0.000 0.000 0.000 0.935 0.645 0.000 1.781 3.081 3.081 3.381 3.391 3.461 3.611 3.641 3.671 3.641 3.671 3.711 3.711 3.711 3.711 3.711 3.711 3.711 3.710 3.710 3.710 3.710 3.710 3.710 3.711 3.711 3.711 3.711 3.711 3.711 3.711 3.711 3.711 3.711 3.711 3.710 3.710 3.710 3.709 3.709 3.709 3.708 3.708 3.708 3.707 3.707 3.707 3.707 3.707 3.707 3.707 3.707
0.000 0.000 0.000 0.000 0.000 0.000 0.000 0.000 0.000 0.000 0.000 0.000 0.000 0.000 0.000 0.000 0.000 0.000 0.000 0.000 0.000 0.000 0.395 0.010 0.000 1.821 3.141 3.351 3.321 3.391 3.481 3.561 3.541 3.581 3.681 3.711 3.711 3.711 3.711 3.711 3.711 3.711 3.711 3.711 3.711 3.711 3.711 3.711 3.711 3.711 3.711 3.711 3.711 3.711 3.711 3.711 3.711 3.711 3.711 3.711 3.711 3.710 3.710 3.710 3.709 3.709 3.709 3.708 3.708 3.708 3.708 3.708 3.707 3.707 3.707 3.708 3.708
0.000 0.000 0.000 0.000 0.000 0.000 0.000 0.000 0.000 0.000 0.000 0.000 0.000 0.000 0.000 0.000 0.000 0.000 0.000 0.000 0.000 0.000 1.046 0.000 0.000 0.000 3.071 3.301 3.431 3.451 3.611 3.621 8.711 3.681 3.712 3.712 3.712 3.711 3.711 3.711 3.711 3.711 3.711 3.711 3.711 3.711 3.711 3.711 3.711 3.711 3.711 3.711 3.711 3.712 3.712 3.712 3.712 3.712 3.712 3.711 3.711 3.711 3.710 3.710 3.710 3.710 3.709 3.709 3.708 3.708 3.708 3.708 3.708 3.708 3.708 3.708 3.708
0.000 0.000 0.000 0.000 0.000 0.000 0.000 0.000 0.000 0.000 0.000 0.000 0.000 0.000 0.000 0.000 0.000 0.000 0.000 0.000 0.000 0.000 0.006 0.000 0.000 0.000 3.161 3.411 3.322 3.562 3.642 3.462 3.561 3.712 3.712 3.712 3.712 3.712 3.712 3.712 3.711 3.711 3.711 3.711 3.711 3.711 3.711 3.711 3.711 3.711 3.711 3.711 3.712 3.712 3.712 3.712 3.712 3.712 3.712 3.712 3.712 3.711 3.711 3.711 3.710 3.710 3.710 3.709 3.709 3.709 3.709 3.709 3.708 3.708 3.708 3.708 3.709
0.000 0.000 0.000 0.000 0.000 0.000 0.000 0.000 0.000 0.000 0.000 0.000 0.000 0.000 0.000 0.000 0.000 0.000 0.000 0.000 0.000 0.000 0.000 0.000 0.000 0.000 3.202 3.302 3.382 3.622 3.582 3.402 3.602 3.702 3.712 3.712 3.712 3.712 3.712 3.712 3.712 3.712 3.711 3.711 3.711 3.711 3.711 3.711 3.711 3.711 3.712 3.712 3.712 3.712 3.712 3.712 3.712 3.712 3.712 3.712 3.712 3.712 3.712 3.711 3.711 3.711 3.711 3.710 3.710 3.709 3.709 3.709 3.709 3.709 3.709 3.709 3.709
0.000 0.000 0.000 0.000 0.000 0.000 0.000 0.000 0.000 0.000 0.000 0.000 0.000 0.000 0.000 0.000 0.000 0.000 0.000 0.000 0.000 0.000 0.000 0.000 0.000 0.000 3.072 3.222 3.302 3.402 3.462 3.492 3.532 3.672 3.542 3.712 3.712 3.712 3.712 3.712 3.712 3.712 3.712 3.712 3.711 3.711 3.711 3.711 3.711 3.711 3.712 3.712 3.712 3.712 3.712 3.713 3.713 3.713 3.713 3.713 3.713 3.712 3.712 3.712 3.712 3.712 3.711 3.711 3.710 3.710 3.710 3.710 3.710 3.710 3.710 3.709 3.709
0.000 0.000 0.000 0.000 0.000 0.000 0.000 0.000 0.000 0.000 0.000 0.000 0.000 0.000 0.000 0.000 0.000 0.000 0.000 0.000 0.000 0.000 0.000 0.000 0.000 0.000 2.762 3.142 3.342 3.342 3.462 3.482 3.532 3.702 3.712 8.712 3.712 3.712 3.712 3.712 3.712 3.712 3.712 3.712 3.712 3.712 3.712 3.711 3.712 3.712 3.712 3.712 3.712 3.713 3.713 3.713 3.713 3.713 3.713 3.713 3.713 3.713 3.713 3.712 3.712 3.712 3.712 3.712 3.711 3.711 3.711 3.710 3.710 3.710 3.710 3.710 3.710
0.000 0.000 0.000 0.000 0.000 0.000 0.000 0.000 0.000 0.000 0.000 0.000 0.000 0.000 0.000 0.000 0.000 0.000 0.000 0.000 0.000 0.000 0.000 0.000 0.000 0.000 2.332 3.112 3.132 3.472 3.552 3.522 3.582 3.622 3.672 3.672 3.712 3.713 3.712 3.712 3.712 3.712 3.712 3.712 3.712 3.712 3.712 3.712 3.712 3.712 3.712 3.712 3.712 3.713 3.713 3.713 3.713 3.713 3.714 3.713 3.713 3.713 3.713 3.713 3.713 3.713 3.712 3.712 3.712 3.711 3.711 3.711 3.711 3.711 3.711 3.710 3.710
0.000 0.000 0.000 0.000 0.000 0.000 0.000 0.000 0.000 0.000 0.000 0.000 0.000 0.000 0.000 0.000 0.000 0.000 0.000 0.000 0.000 0.000 0.000 0.000 0.000 0.000 0.000 3.082 3.262 3.272 3.502 3.552 3.592 3.632 3.573 3.583 3.702 3.713 3.713 3.713 3.712 3.712 3.712 3.712 3.712 3.712 3.712 3.712 3.712 3.712 3.712 3.713 3.713 3.713 3.713 3.713 3.714 3.714 3.714 3.714 3.714 3.714 3.713 3.713 3.713 3.713 3.713 3.713 3.712 3.712 3.712 3.712 3.711 3.711 3.711 3.711 3.711
0.000 0.000 0.000 0.000 0.000 0.000 0.000 0.000 0.000 0.000 0.000 0.000 0.000 0.000 0.000 0.000 0.000 0.000 0.000 0.000 0.000 0.000 0.000 0.000 0.000 0.000 0.000 3.102 3.182 3.432 3.542 3.473 3.572 3.563 8.713 3.603 3.713 3.713 3.713 3.713 3.713 3.713 3.712 3.712 3.712 3.712 3.712 3.712 3.712 3.712 3.713 3.713 3.713 3.713 3.713 3.714 3.714 3.714 3.714 3.714 3.714 3.714 3.714 3.714 3.714 3.713 3.713 3.713 3.713 3.713 3.712 3.712 3.712 3.712 3.712 3.712 3.712
0.000 0.000 0.000 0.000 0.000 0.000 0.000 0.000 0.000 0.000 0.000 0.000 0.000 0.000 0.000 0.000 0.000 0.000 0.000 0.000 0.000 0.000 0.000 0.000 0.000 0.000 0.000 2.952 3.102 3.282 3.373 3.433 3.513 3.603 3.633 3.713 3.713 3.713 3.713 3.713 3.713 3.713 3.713 3.713 3.713 3.713 3.712 3.713 3.713 3.713 3.713 3.713 3.713 3.713 3.714 3.714 3.714 3.714 3.714 3.715 3.715 3.714 3.714 3.714 3.714 3.714 3.714 3.714 3.714 3.713 3.713 3.713 3.713 3.713 3.713 3.712 3.712
0.000 0.000 0.000 0.000 0.000 0.000 0.000 0.000 0.000 0.000 0.000 0.000 0.000 0.000 0.000 0.000 0.000 0.000 0.000 0.000 0.000 0.000 0.000 0.000 0.000 0.000 0.000 0.000 3.223 3.093 3.423 3.453 3.593 3.533 3.653 3.593 3.683 3.713 3.713 3.713 3.713 3.713 3.713 3.713 3.713 3.713 3.713 3.713 3.713 3.713 3.713 3.713 3.714 3.714 3.714 3.714 3.714 3.715 3.715 3.715 3.715 3.715 3.715 3.715 3.715 3.715 3.714 3.714 3.714 3.714 3.714 3.713 3.713 3.713 3.713 3.713 3.713
0.000 0.000 0.000 0.000 0.000 0.000 0.000 0.000 0.000 0.000 0.000 0.000 0.000 0.000 0.000 0.000 0.000 0.000 0.000 0.000 0.000 0.000 0.000 0.000 0.000 0.000 0.000 0.000 3.073 3.263 3.203 3.393 3.533 3.673 3.593 3.713 3.583 3.703 3.713 3.713 3.713 3.713 3.713 3.713 3.713 3.713 3.713 3.713 3.713 3.714 3.714 3.714 3.714 3.714 3.714 3.715 3.715 3.715 3.715 3.715 3.715 3.715 3.715 3.715 3.715 3.715 3.715 3.715 3.715 3.714 3.714 3.714 3.714 3.714 3.714 3.714 3.714
0.000 0.000 0.000 0.000 0.000 0.000 0.000 0.000 0.000 0.000 0.000 0.000 0.000 0.000 0.000 0.000 0.000 0.000 0.000 0.000 0.000 0.000 0.000 0.000 0.000 0.000 0.000 0.000 2.743 3.163 3.283 3.503 3.413 3.523 3.523 3.583 3.673 3.653 3.703 3.713 3.713 3.713 3.713 3.713 3.714 3.714 3.714 3.714 3.714 3.714 3.714 3.714 3.714 3.714 3.715 3.715 3.715 3.715 3.715 3.716 3.716 3.716 3.716 3.716 3.716 3.715 3.715 3.715 3.715 3.715 3.715 3.715 3.715 3.715 3.715 3.715 3.715
0.000 0.000 0.000 0.000 0.000 0.000 0.000 0.000 0.000 0.000 0.000 0.000 0.000 0.000 0.000 0.000 0.000 0.000 0.000 0.000 0.000 0.000 0.000 0.000 0.000 0.000 0.000 0.000 2.123 2.963 3.253 3.173 3.403 3.423 3.543 3.543 3.713 3.683 3.703 3.713 3.683 3.713 3.713 3.714 3.714 3.714 3.714 3.714 3.714 3.714 3.714 3.714 3.715 3.715 3.715 3.715 3.715 3.715 3.716 3.716 3.716 3.716 3.716 3.716 3.716 3.716 3.716 3.716 3.716 3.715 3.715 3.715 3.715 3.715 3.715 3.715 3.715
0.000 0.000 0.000 0.000 0.000 0.000 0.000 0.000 0.000 0.000 0.000 0.000 0.000 0.000 0.000 0.000 0.000 0.000 0.000 0.000 0.000 0.000 0.000 0.000 0.000 0.000 0.000 0.000 0.000 2.983 3.153 3.303 3.343 3.543 3.463 3.593 3.613 3.633 3.613 3.653 3.713 3.713 3.714 3.714 3.714 3.714 3.714 3.714 3.714 3.714 3.714 3.715 3.715 3.715 3.715 3.715 3.716 3.716 3.716 3.716 3.717 3.717 3.717 3.717 3.717 3.717 3.716 3.716 3.716 3.716 3.716 3.716 3.716 3.716 3.716 3.716 3.716
0.000 0.000 0.000 0.000 0.000 0.000 0.000 0.000 0.000 0.000 0.000 0.000 0.000 0.000 0.000 0.000 0.000 0.000 0.000 0.000 0.000 0.000 0.000 0.000 0.000 0.000 0.000 0.000 0.105 2.563 3.103 3.173 3.343 3.433 3.373 3.653 3.533 3.653 3.693 3.713 3.713 3.713 3.714 3.714 3.714 3.714 3.714 3.714 3.714 3.715 3.715 3.715 3.715 3.715 3.715 3.716 3.716 3.716 3.716 3.717 3.717 3.717 3.717 3.717 3.717 3.717 3.717 3.717 3.717 3.717 3.716 3.716 3.716 3.717 3.716 3.716 3.716
0.000 0.000 0.000 0.000 0.000 0.000 0.000 0.000 0.000 0.000 0.000 0.000 0.000 0.000 0.000 0.000 0.000 0.000 0.000 0.000 0.000 0.000 0.000 0.000 0.000 0.000 0.000 0.000 0.100 1.953 3.033 3.063 3.363 3.323 3.373 3.353 3.713 3.523 3.653 3.713 3.713 3.704 3.714 3.714 3.714 3.714 3.714 3.714 3.715 3.715 3.715 3.715 3.715 3.715 3.716 3.716 3.716 3.716 3.717 3.717 3.717 3.718 3.718 3.718 3.717 3.717 3.717 3.717 3.717 3.717 3.717 3.717 3.717 3.717 3.717 3.717 3.717
0.000 0.000 0.000 0.000 0.000 0.000 0.000 0.000 0.000 0.000 0.000 0.000 0.000 0.000 0.000 0.000 0.000 0.000 0.000 0.000 0.000 0.000 0.000 0.000 0.000 0.000 0.024 0.046 0.078 0.104 2.983 3.043 3.183 3.183 3.433 3.363 3.463 3.633 3.673 3.614 3.704 3.714 3.714 3.714 3.714 3.714 3.714 3.715 3.715 3.715 3.715 3.715 3.715 3.716 3.716 3.716 3.716 3.717 3.717 3.717 3.718 3.718 3.718 3.718 3.718 3.718 3.718 3.718 3.718 3.718 3.718 3.718 3.718 3.718 3.718 3.718 3.718
0.000 0.000 0.000 0.000 0.000 0.000 0.000 0.000 0.000 0.000 0.000 0.000 0.000 0.000 0.000 0.000 0.000 0.000 0.000 0.000 0.000 0.000 0.000 0.000 0.000 0.000 0.000 0.000 0.000 0.098 2.142 2.913 3.033 3.433 3.223 3.423 3.383 3.673 3.694 3.674 3.674 3.714 3.704 3.714 3.714 3.714 3.714 3.715 3.715 3.715 3.715 3.716 3.716 3.716 3.716 3.716 3.716 3.717 3.717 3.718 3.718 3.718 3.719 3.719 3.719 3.719 3.718 3.718 3.718 3.718 3.718 3.718 3.718 3.718 3.718 3.718 3.718
0.000 0.000 0.000 0.000 0.000 0.000 0.000 0.000 0.000 0.000 0.000 0.000 0.000 0.000 0.000 0.000 0.000 0.000 0.000 0.000 0.000 0.000 0.000 0.000 0.000 0.000 0.000 0.000 0.108 0.062 0.102 2.833 3.083 3.123 3.413 3.463 3.503 3.553 3.653 3.644 3.594 3.714 3.514 3.704 3.714 3.715 3.715 3.715 3.715 3.715 3.716 3.716 3.716 3.716 3.716 3.716 3.717 3.717 3.718 3.718 3.718 3.719 3.719 3.719 3.719 3.719 3.719 3.719 3.719 3.719 3.719 3.719 3.719 3.719 3.719 3.719 3.719
0.000 0.000 0.000 0.000 0.000 0.000 0.000 0.000 0.000 0.000 0.000 0.000 0.000 0.000 0.000 0.000 0.000 0.000 0.000 0.000 0.000 0.000 0.000 0.000 0.000 0.000 0.000 0.000 0.000 0.000 0.098 2.333 3.063 3.183 3.323 3.383 3.473 3.393 3.554 3.524 3.584 3.664 3.664 3.674 3.715 3.715 3.715 3.715 3.716 3.716 3.716 3.716 3.716 3.716 3.717 3.717 3.717 3.718 3.718 3.718 3.719 3.719 3.720 3.720 3.720 3.720 3.720 3.719 3.719 3.719 3.719 3.719 3.719 3.719 3.719 3.720 3.720
0.000 0.000 0.000 0.000 0.000 0.000 0.000 0.000 0.000 0.000 0.000 0.000 0.000 0.000 0.000 0.000 0.000 0.000 0.000 0.000 0.000 0.000 0.000 0.000 0.000 0.000 0.000 0.000 0.000 0.067 0.066 0.103 2.883 3.153 3.133 3.293 3.323 3.433 3.414 3.714 3.594 3.634 3.714 3.715 3.715 8.715 3.715 3.716 3.716 3.716 3.716 3.717 3.717 3.717 3.717 3.717 3.718 3.718 3.718 3.719 3.719 3.720 3.720 3.720 3.720 3.720 3.720 3.720 3.720 3.720 3.720 3.720 3.720 3.720 3.720 3.720 3.720
