includes/lisflood-fp-604/results/res-0006.wdfp
ncols         631
nrows         906
xllcorner     364927.146667
yllcorner     6531972.565556
cellsize      20.000000
NODATA_value  -9999.000000
[rows 340 to 373 of 906, columns 462 to 538 of 631]
2.968 2.988 2.958 2.858 2.798 2.888 2.988 2.978 2.958 2.968 2.988 2.988 7.988 7.988 7.988 7.988 7.988 7.988 7.988 7.988 7.988 7.988 7.988 7.987 7.987 7.987 7.987 7.987 7.987 7.987 7.987 7.987 7.987 7.987 7.987 7.987 7.987 7.987 7.987 7.987 7.987 7.986 7.986 7.986 7.986 7.986 7.986 7.986 7.986 7.986 7.986 7.986 7.986 7.985 7.985 7.985 7.985 7.985 7.985 7.985 7.985 7.985 7.985 7.984 7.984 7.984 7.984 7.984 7.984 7.984 7.984 7.984 7.984 7.984 7.984 7.984 7.984
2.718 2.868 2.728 2.808 2.938 7.988 2.988 2.988 2.988 2.988 2.988 2.988 2.988 7.988 7.988 7.988 7.988 7.988 7.988 7.987 7.987 7.987 7.987 7.987 7.987 7.987 7.987 7.987 7.987 7.987 7.987 7.987 7.987 7.987 7.987 7.987 7.987 7.987 7.986 7.986 7.986 7.986 7.986 7.986 7.986 7.986 7.986 7.986 7.986 7.986 7.985 7.985 7.985 7.985 7.985 7.985 7.985 7.985 7.985 7.985 7.985 7.985 7.984 7.984 7.984 7.984 7.984 7.984 7.984 7.984 7.984 7.984 7.984 7.984 7.984 7.984 7.984
2.797 2.778 2.928 2.988 2.897 2.987 2.847 2.987 2.918 2.968 2.948 2.988 2.988 7.988 7.988 7.987 7.987 7.987 7.987 7.987 7.987 7.987 7.987 7.987 7.987 7.987 7.987 7.987 7.987 7.987 7.987 7.987 7.987 7.987 7.987 7.986 7.986 7.986 7.986 7.986 7.986 7.986 7.986 7.986 7.986 7.986 7.986 7.986 7.985 7.985 7.985 7.985 7.985 7.985 7.985 7.985 7.985 7.985 7.985 7.985 7.985 7.984 7.984 7.984 7.984 7.984 7.984 7.984 7.984 7.984 7.984 7.984 7.984 7.984 7.984 7.984 7.983
2.887 2.827 2.757 2.867 2.917 2.847 2.907 2.847 2.877 2.927 7.987 2.987 2.987 2.987 7.987 7.987 7.987 7.987 7.987 7.987 7.987 7.987 7.987 7.987 7.987 7.987 7.987 7.987 7.987 7.987 7.987 7.987 7.987 7.986 7.986 7.986 7.986 7.986 7.986 7.986 7.986 7.986 7.986 7.986 7.986 7.986 7.986 7.985 7.985 7.985 7.985 7.985 7.985 7.985 7.985 7.985 7.985 7.985 7.985 7.985 7.984 7.984 7.984 7.984 7.984 7.984 7.984 7.984 7.984 7.984 7.984 7.984 7.984 7.983 7.983 7.983 7.983
2.797 2.837 2.857 2.887 2.767 2.797 2.837 2.967 2.987 2.897 2.987 2.977 2.987 2.887 2.987 7.987 7.987 7.987 7.987 7.987 7.987 7.987 7.987 7.987 7.987 7.987 7.987 7.987 7.987 7.987 7.986 7.986 7.986 7.986 7.986 7.986 7.986 7.986 7.986 7.986 7.986 7.986 7.986 7.986 7.985 7.985 7.985 7.985 7.985 7.985 7.985 7.985 7.985 7.985 7.985 7.985 7.985 7.985 7.984 7.984 7.984 7.984 7.984 7.984 7.984 7.984 7.984 7.984 7.984 7.983 7.983 7.983 7.983 7.983 7.983 7.983 7.983
2.727 2.747 2.777 2.817 2.917 2.867 2.837 2.977 2.877 2.837 2.817 2.877 2.977 2.887 2.987 2.947 7.987 7.987 7.987 7.987 7.987 7.987 7.987 7.987 7.987 7.987 7.987 7.987 7.986 7.986 7.986 7.986 7.986 7.986 7.986 7.986 7.986 7.986 7.986 7.986 7.986 7.986 7.985 7.985 7.985 7.985 7.985 7.985 7.985 7.985 7.985 7.985 7.985 7.985 7.985 7.985 7.984 7.984 7.984 7.984 7.984 7.984 7.984 7.984 7.984 7.984 7.984 7.984 7.983 7.983 7.983 7.983 7.983 7.983 7.983 7.983 7.983
2.737 2.877 2.767 2.777 2.817 2.867 2.936 2.987 2.787 2.877 2.797 2.787 2.987 2.897 2.857 2.887 7.987 7.987 7.987 7.987 7.987 7.987 7.987 7.987 7.987 7.986 7.986 7.986 7.986 7.986 7.986 7.986 7.986 7.986 7.986 7.986 7.986 7.986 7.986 7.986 7.986 7.985 7.985 7.985 7.985 7.985 7.985 7.985 7.985 7.985 7.985 7.985 7.985 7.985 7.985 7.984 7.984 7.984 7.984 7.984 7.984 7.984 7.984 7.984 7.984 7.984 7.983 7.983 7.983 7.983 7.983 7.983 7.983 7.983 7.983 7.983 7.983
2.716 2.656 2.726 2.736 2.716 2.836 2.786 2.757 2.887 2.776 2.796 2.736 2.956 2.916 2.786 7.986 2.916 7.987 7.987 7.987 7.987 7.987 7.987 7.986 7.986 7.986 7.986 7.986 7.986 7.986 7.986 7.986 7.986 7.986 7.986 7.986 7.986 7.986 7.986 7.986 7.985 7.985 7.985 7.985 7.985 7.985 7.985 7.985 7.985 7.985 7.985 7.985 7.985 7.985 7.984 7.984 7.984 7.984 7.984 7.984 7.984 7.984 7.984 7.984 7.984 7.983 7.983 7.983 7.983 7.983 7.983 7.983 7.983 7.983 7.983 7.983 7.983
2.686 2.706 2.706 2.766 2.886 2.746 2.826 2.746 2.786 2.756 2.776 2.846 2.726 2.866 2.886 2.876 2.986 7.986 7.986 7.986 7.986 7.986 7.986 7.986 7.986 7.986 7.986 7.986 7.986 7.986 7.986 7.986 7.986 7.986 7.986 7.986 7.985 7.985 7.985 7.985 7.985 7.985 7.985 7.985 7.985 7.985 7.985 7.985 7.985 7.985 7.985 7.984 7.984 7.984 7.984 7.984 7.984 7.984 7.984 7.984 7.984 7.984 7.984 7.984 7.983 7.983 7.983 7.983 7.983 7.983 7.983 7.983 7.983 7.983 7.983 7.983 7.983
2.696 2.696 2.826 2.696 2.656 2.826 2.686 2.716 2.746 2.736 2.736 2.766 2.686 2.836 2.786 2.886 2.796 2.816 7.986 2.916 7.986 7.986 7.986 7.986 7.986 7.986 7.986 7.986 7.986 7.986 7.986 7.986 7.986 7.986 7.986 7.985 7.985 7.985 7.985 7.985 7.985 7.985 7.985 7.985 7.985 7.985 7.985 7.985 7.984 7.984 7.984 7.984 7.984 7.984 7.984 7.984 7.984 7.984 7.984 7.984 7.984 7.984 7.984 7.983 7.983 7.983 7.983 7.983 7.983 7.983 7.983 7.983 7.983 7.983 7.983 7.983 7.983
2.766 2.716 2.786 2.636 2.726 2.706 2.666 2.726 2.626 2.716 2.726 2.876 2.756 2.626 2.806 2.776 2.736 2.866 2.776 2.896 2.836 2.926 2.876 2.946 7.986 7.986 7.986 7.986 7.986 7.986 7.986 7.985 7.985 7.985 7.985 7.985 7.985 7.985 7.985 7.985 7.985 7.985 7.985 7.985 7.985 7.985 7.984 7.984 7.984 7.984 7.984 7.984 7.984 7.984 7.984 7.984 7.984 7.984 7.984 7.984 7.984 7.984 7.984 7.983 7.983 7.983 7.983 7.983 7.983 7.983 7.983 7.983 7.983 7.983 7.983 7.983 7.983
2.936 2.666 2.666 2.736 2.576 2.636 2.696 2.625 2.905 2.625 2.705 2.795 2.625 2.656 2.696 2.685 2.795 2.816 2.846 2.796 2.806 2.896 2.896 7.986 2.876 2.986 7.986 7.986 7.986 7.985 7.985 7.985 7.985 7.985 7.985 7.985 7.985 7.985 7.985 7.985 7.985 7.985 7.985 7.985 7.985 7.984 7.984 7.984 7.984 7.984 7.984 7.984 7.984 7.984 7.984 7.984 7.984 7.984 7.984 7.984 7.983 7.983 7.983 7.983 7.983 7.983 7.983 7.983 7.983 7.983 7.983 7.983 7.983 7.983 7.983 7.983 7.983
2.696 2.635 2.685 2.685 2.655 2.585 2.565 2.715 2.665 2.675 2.725 2.685 2.715 2.525 2.745 2.735 2.775 2.805 2.835 2.825 2.785 2.925 2.895 2.885 2.855 2.985 2.915 2.985 2.985 7.985 7.985 7.985 7.985 7.985 7.985 7.985 7.985 7.985 7.985 7.985 7.985 7.985 7.985 7.985 7.984 7.984 7.984 7.984 7.984 7.984 7.984 7.984 7.984 7.984 7.984 7.984 7.984 7.984 7.983 7.983 7.983 7.983 7.983 7.983 7.983 7.983 7.983 7.983 7.983 7.983 7.983 7.983 7.983 7.983 7.983 7.983 7.983
2.545 2.665 2.525 2.745 2.655 2.655 2.555 2.635 2.665 2.625 2.605 2.775 2.615 2.785 2.675 2.605 2.695 2.825 2.985 2.755 2.825 2.985 2.865 2.925 2.945 7.985 2.925 2.985 2.985 2.985 2.985 7.985 7.985 7.985 7.985 7.985 7.985 7.985 7.985 7.985 7.985 7.985 7.984 7.984 7.984 7.984 7.984 7.984 7.984 7.984 7.984 7.984 7.984 7.984 7.983 7.983 7.983 7.983 7.983 7.983 7.983 7.983 7.983 7.983 7.983 7.983 7.983 7.983 7.983 7.983 7.983 7.983 7.983 7.983 7.983 7.983 7.983
2.675 2.605 2.645 2.695 2.645 2.575 2.595 2.555 2.705 2.745 2.635 2.795 2.715 2.655 2.695 2.755 2.845 2.705 2.765 2.795 2.805 2.955 2.865 2.905 2.885 2.985 2.985 2.985 2.985 2.985 2.985 2.985 2.985 7.985 7.985 7.985 7.985 7.985 7.985 7.984 7.984 7.984 7.984 7.984 7.984 7.984 7.984 7.984 7.984 7.984 7.984 7.983 7.983 7.983 7.983 7.983 7.983 7.983 7.983 7.983 7.983 7.983 7.983 7.983 7.983 7.983 7.983 7.983 7.983 7.983 7.983 7.983 7.983 7.983 7.983 7.983 7.982
2.535 2.785 2.585 2.575 2.585 2.684 2.564 2.704 2.555 2.604 2.634 2.644 2.584 2.554 2.714 2.664 2.734 2.785 2.775 2.965 2.885 2.985 2.985 2.985 2.855 2.985 2.985 2.984 2.985 2.984 2.984 2.985 2.985 2.985 2.985 7.985 7.985 7.984 7.984 7.984 7.984 7.984 7.984 7.984 7.984 7.984 7.984 7.984 7.984 7.984 7.983 7.983 7.983 7.983 7.983 7.983 7.983 7.983 7.983 7.983 7.983 7.983 7.983 7.983 7.983 7.983 7.983 7.983 7.983 7.983 7.983 7.983 7.983 7.983 7.983 7.982 7.982
2.465 2.475 2.415 2.675 2.574 2.454 2.664 2.644 2.524 2.554 2.654 2.604 2.634 2.624 2.654 2.724 2.634 2.694 2.854 2.804 2.824 2.824 2.984 2.984 2.984 2.984 2.984 2.974 2.984 2.984 2.984 2.984 2.984 2.984 2.984 2.984 2.984 7.984 7.984 7.984 7.984 7.984 7.984 7.984 7.984 7.984 7.984 7.984 7.983 7.983 7.983 7.983 7.983 7.983 7.983 7.983 7.983 7.983 7.983 7.983 7.983 7.983 7.983 7.983 7.983 7.983 7.983 7.983 7.983 7.983 7.982 7.982 7.982 7.982 7.982 7.982 7.982
2.525 2.555 2.435 2.504 2.624 2.494 2.544 2.564 2.544 2.454 2.654 2.524 2.644 2.594 2.694 2.774 2.664 2.614 2.664 2.714 2.694 2.664 2.834 2.934 2.984 2.984 2.984 2.984 2.984 2.984 2.984 2.984 2.984 2.984 2.984 2.984 2.984 2.984 7.984 7.984 7.984 7.984 7.984 7.984 7.984 7.984 7.983 7.983 7.983 7.983 7.983 7.983 7.983 7.983 7.983 7.983 7.983 7.983 7.983 7.983 7.983 7.983 7.983 7.983 7.983 7.983 7.983 7.983 7.983 7.982 7.982 7.982 7.982 7.982 7.982 7.982 7.982
2.615 2.505 2.565 2.484 2.594 2.404 2.484 2.514 2.534 2.624 2.464 2.584 2.594 2.574 2.604 2.614 2.624 2.694 2.644 2.834 2.814 2.854 2.844 2.854 2.894 2.974 2.914 2.984 2.984 2.984 2.984 2.984 2.984 2.984 2.984 2.984 2.984 2.984 2.984 7.984 7.984 7.984 7.984 7.984 7.984 7.983 7.983 7.983 7.983 7.983 7.983 7.983 7.983 7.983 7.983 7.983 7.983 7.983 7.983 7.982 7.982 7.982 7.982 7.982 7.982 7.982 7.982 7.982 7.982 7.982 7.982 7.982 7.982 7.982 7.982 7.982 7.982
2.454 2.524 2.434 2.394 2.464 2.654 2.514 2.454 2.604 2.574 2.544 2.574 2.564 2.484 2.564 2.664 2.704 2.574 2.824 2.614 2.864 2.894 2.864 2.984 2.984 2.984 2.984 2.984 2.984 2.984 2.944 2.984 2.983 2.984 2.984 2.974 2.984 2.984 2.984 2.983 2.983 7.984 7.984 7.983 7.983 7.983 7.983 7.983 7.983 7.983 7.983 7.983 7.983 7.983 7.983 7.983 7.983 7.982 7.982 7.982 7.982 7.982 7.982 7.982 7.982 7.982 7.982 7.982 7.982 7.982 7.982 7.982 7.982 7.982 7.982 7.982 7.982
2.604 2.604 2.514 2.384 2.544 2.564 2.584 2.464 2.484 2.504 2.604 2.494 2.594 2.564 2.494 2.714 2.614 2.644 2.614 2.614 2.954 2.854 2.864 2.944 2.944 2.943 2.983 2.983 2.983 2.983 2.983 2.983 2.983 2.973 2.983 2.983 2.983 2.983 2.983 2.983 2.983 2.983 7.983 7.983 7.983 7.983 7.983 7.983 7.983 7.983 7.983 7.983 7.983 7.983 7.983 7.983 7.982 7.982 7.982 7.982 7.982 7.982 7.982 7.982 7.982 7.982 7.982 7.982 7.982 7.982 7.982 7.982 7.982 7.982 7.982 7.982 7.982
2.574 2.634 2.474 2.404 2.354 2.404 2.504 2.464 2.494 2.494 2.464 2.654 2.534 2.504 2.594 2.663 2.583 2.684 2.703 2.724 2.914 2.884 2.914 2.944 2.943 2.973 7.983 7.983 2.983 2.983 2.973 2.983 2.983 2.983 2.983 2.983 2.983 2.983 2.983 2.983 2.983 2.983 2.983 7.983 7.983 7.983 7.983 7.983 7.983 7.983 7.983 7.982 7.982 7.982 7.982 7.982 7.982 7.982 7.982 7.982 7.982 7.982 7.982 7.982 7.982 7.982 7.982 7.982 7.982 7.982 7.982 7.982 7.982 7.982 7.982 7.982 7.982
2.444 2.474 2.654 2.494 2.504 2.414 2.324 2.514 2.444 2.404 2.623 2.603 2.603 2.493 2.553 2.623 2.563 2.603 2.703 2.723 2.723 2.684 2.933 2.923 2.973 2.983 2.983 2.983 2.983 2.863 2.983 2.983 2.983 2.983 2.983 2.983 2.983 2.983 2.983 2.983 2.983 2.983 2.983 2.983 7.983 7.983 7.983 7.983 7.983 7.982 7.982 7.982 7.982 7.982 7.982 7.982 7.982 7.982 7.982 7.982 7.982 7.982 7.982 7.982 7.982 7.982 7.982 7.982 7.982 7.982 7.982 7.982 7.982 7.982 7.982 7.982 7.982
2.454 2.454 2.584 2.444 2.354 2.333 2.453 2.464 2.494 2.454 2.554 2.563 2.583 2.463 2.503 2.553 2.543 2.703 2.663 2.663 2.723 2.793 2.803 2.903 2.983 2.963 2.983 2.933 2.923 2.983 2.983 2.983 2.983 2.983 2.983 2.983 2.983 2.963 2.983 2.983 2.983 2.983 2.983 2.983 2.983 7.983 7.983 7.982 7.982 7.982 7.982 7.982 7.982 7.982 7.982 7.982 7.982 7.982 7.982 7.982 7.982 7.982 7.982 7.982 7.982 7.982 7.982 7.982 7.982 7.982 7.982 7.982 7.982 7.982 7.982 7.982 7.982
2.383 2.383 2.474 2.414 2.473 2.293 2.383 2.453 2.403 2.673 2.473 2.503 2.433 2.713 2.713 2.773 2.663 2.623 2.773 2.813 2.903 2.783 2.793 2.943 2.983 2.903 2.953 2.923 2.983 2.933 2.943 2.983 2.983 2.983 2.983 2.983 2.983 2.983 2.982 2.982 2.982 2.982 2.982 2.982 2.982 2.982 7.982 7.982 7.982 7.982 7.982 7.982 7.982 7.982 7.982 7.982 7.982 7.982 7.982 7.982 7.982 7.982 7.982 7.982 7.982 7.982 7.982 7.982 7.982 7.982 7.982 7.982 7.982 7.982 7.982 7.982 7.982
2.423 2.363 2.403 2.393 2.413 2.463 2.353 2.423 2.373 2.423 2.413 2.463 2.493 2.483 2.563 2.643 2.683 2.743 2.613 2.733 2.663 2.883 2.663 2.893 2.873 2.983 2.983 2.963 2.983 2.983 2.933 2.983 2.983 2.983 2.983 2.983 2.982 2.982 2.982 2.982 2.982 2.982 2.982 2.982 2.982 2.982 2.982 7.982 7.982 7.982 7.982 7.982 7.982 7.982 7.982 7.982 7.982 7.982 7.982 7.982 7.982 7.982 7.982 7.982 7.982 7.982 7.982 7.982 7.982 7.982 7.982 7.982 7.982 7.982 7.982 7.982 7.982
2.383 2.543 2.373 2.423 2.353 2.393 2.363 2.463 2.393 2.373 2.353 2.353 2.553 2.553 2.483 2.473 2.513 2.613 2.703 2.633 2.753 2.753 2.753 2.773 2.873 2.983 2.913 2.983 2.923 2.903 2.923 2.893 2.973 2.983 2.982 2.792 2.982 2.982 2.982 2.942 2.982 2.982 2.982 2.982 2.982 2.982 2.982 2.982 7.982 7.982 7.982 7.982 7.982 7.982 7.982 7.982 7.982 7.982 7.982 7.982 7.982 7.982 7.982 7.982 7.982 7.982 7.982 7.982 7.982 7.982 7.982 7.982 7.982 7.981 7.981 7.981 7.981
2.273 2.333 2.203 2.273 2.493 2.433 2.373 2.413 2.283 2.353 2.383 2.413 2.563 2.493 2.483 2.483 2.603 2.593 2.623 2.643 2.603 2.653 2.733 2.693 2.773 2.883 2.862 2.983 2.782 2.963 2.852 2.982 2.943 2.962 2.892 2.982 2.982 2.982 2.982 2.962 2.852 2.682 2.872 2.982 2.912 2.982 2.982 2.982 2.982 7.982 7.982 7.982 7.982 7.982 7.981 7.981 7.981 7.981 7.981 7.981 7.981 7.981 7.981 7.981 7.981 7.981 7.981 7.981 7.982 7.982 7.982 7.981 7.981 7.981 7.981 7.981 7.981
2.463 2.382 2.392 2.393 2.293 2.492 2.323 2.373 2.243 2.363 2.243 2.313 2.673 2.523 2.693 2.553 2.503 2.543 2.693 2.533 2.643 2.692 2.712 2.812 2.803 2.802 2.842 2.962 2.932 2.952 2.822 2.912 2.872 2.742 2.752 2.882 2.982 2.982 2.912 2.872 2.882 2.882 2.892 2.932 2.982 2.982 2.982 2.982 2.982 7.982 7.982 7.981 7.981 7.981 7.981 7.981 7.981 7.981 7.981 7.981 7.981 7.981 7.981 7.981 7.981 7.981 7.981 7.981 7.981 7.981 7.981 7.981 7.981 7.981 7.981 7.981 7.981
2.302 2.372 2.352 2.332 2.412 2.312 2.442 2.412 2.343 2.303 2.262 2.433 2.513 2.393 2.503 2.483 2.533 2.473 2.543 2.712 2.772 2.692 2.662 2.672 2.712 2.742 2.782 2.912 2.902 2.822 2.982 2.882 2.802 2.652 2.722 2.762 2.932 2.982 2.772 2.842 2.931 2.841 2.771 2.931 2.981 2.981 2.981 2.981 2.981 2.981 7.981 7.981 7.981 7.981 7.981 7.981 7.981 7.981 7.981 7.981 7.981 7.981 7.981 7.981 7.981 7.981 7.981 7.981 7.981 7.981 7.981 7.981 7.981 7.981 7.981 7.981 7.981
2.202 2.252 2.232 2.402 2.192 2.272 2.362 2.312 2.402 2.262 2.262 2.332 2.372 2.362 2.332 2.522 2.542 2.432 2.502 2.722 2.572 2.682 2.642 2.702 2.662 2.652 2.712 2.822 2.782 2.862 2.812 2.632 2.372 2.522 2.812 2.712 2.762 2.892 2.882 2.971 2.851 2.911 2.981 2.941 2.981 2.981 2.981 2.981 2.981 2.981 2.981 7.981 7.981 7.981 7.981 7.981 7.981 7.981 7.981 7.981 7.981 7.981 7.981 7.981 7.981 7.981 7.981 7.981 7.981 7.981 7.981 7.981 7.981 7.981 7.981 7.981 7.981
2.282 2.222 2.242 2.282 2.292 2.312 2.312 2.332 2.342 2.402 2.442 2.442 2.402 2.262 2.352 2.442 2.432 2.572 2.432 2.632 2.582 2.652 2.662 2.652 2.662 2.802 2.632 2.962 2.802 2.692 2.412 2.042 2.012 2.062 1.961 2.172 2.482 2.811 2.551 2.451 2.311 2.301 2.921 2.571 2.981 2.981 2.981 2.981 2.981 2.981 2.981 7.981 7.981 7.981 7.981 7.981 7.981 7.981 7.981 7.981 7.981 7.981 7.981 7.981 7.981 7.981 7.981 7.981 7.981 7.981 7.981 7.981 7.981 7.981 7.981 7.981 7.981
2.252 2.351 2.331 2.271 2.291 2.281 2.322 2.431 2.262 2.242 2.272 2.332 2.212 2.272 2.442 2.322 2.412 2.402 2.412 2.512 2.652 2.522 2.631 2.642 2.582 2.691 2.682 2.812 2.731 2.652 2.162 1.711 1.761 1.671 1.751 1.831 1.901 2.081 2.261 2.291 2.361 2.331 2.321 2.441 2.711 2.701 2.891 2.941 2.921 2.981 2.781 2.801 7.981 7.981 7.981 7.981 7.981 7.981 7.981 7.981 7.981 7.981 7.981 7.981 7.981 7.981 7.981 7.981 7.981 7.981 7.981 7.981 7.981 7.981 7.981 7.981 7.981
2.291 2.181 2.261 2.171 2.381 2.351 2.341 2.351 2.311 2.281 2.261 2.211 2.391 2.341 2.381 2.402 2.312 2.402 2.501 2.681 2.491 2.621 2.621 2.541 2.591 2.501 2.722 2.671 2.551 2.541 2.021 1.551 1.541 1.701 1.671 1.681 1.651 1.841 1.921 2.320 2.221 2.190 2.291 2.490 2.540 2.871 2.980 2.980 2.981 2.981 2.981 2.981 2.981 7.981 7.981 7.981 7.981 7.981 7.981 7.981 7.981 7.981 7.981 7.981 7.981 7.981 7.981 7.981 7.981 7.981 7.981 7.981 7.981 7.981 7.981 7.981 7.981
