includes/lisflood-fp-604/results/res-0007.wd
ncols         631
nrows         906
xllcorner     364927.146667
yllcorner     6531972.565556
cellsize      20.000000
NODATA_value  -9999.000000
[rows 816 to 849 of 906, columns 385 to 461 of 631]
0.701 0.601 0.701 1.001 1.051 1.121 1.361 1.181 1.381 0.661 0.000 0.181 0.000 1.131 0.881 1.111 0.771 1.491 1.551 1.561 1.651 0.531 1.431 1.481 1.081 1.121 1.331 1.401 1.461 1.381 1.091 1.041 1.491 1.221 1.121 1.071 1.391 1.181 1.711 1.281 1.421 1.551 1.291 1.331 1.801 1.201 1.361 1.891 2.141 2.231 2.201 1.241 1.861 1.391 0.138 0.045 0.845 0.975 0.925 0.915 0.945 0.925 0.945 1.145 0.994 1.104 0.884 1.114 1.083 1.152 1.011 1.110 1.109 1.098 1.116 1.345 1.253
0.441 0.601 0.641 0.771 0.761 1.221 1.231 1.511 1.271 0.021 0.191 0.061 0.071 0.291 1.491 0.751 0.911 1.091 1.471 1.171 0.961 1.481 1.351 1.391 1.441 1.341 1.261 1.291 1.931 2.121 2.111 2.011 1.621 1.501 1.711 1.651 1.671 1.261 1.151 1.211 1.011 1.221 1.461 1.771 1.481 1.511 1.341 1.771 1.511 1.431 1.971 1.441 1.501 0.067 0.017 0.825 0.715 0.975 0.815 0.734 0.854 0.994 1.054 1.184 1.054 0.984 0.973 1.093 1.222 1.331 1.150 1.199 1.238 1.077 1.405 1.414 1.382
0.521 0.621 0.811 0.901 1.301 1.351 1.071 1.311 1.511 1.711 0.000 0.171 1.451 0.811 1.111 0.951 0.941 1.491 1.261 1.401 1.091 1.221 0.921 1.301 1.411 1.571 1.311 1.561 0.141 0.000 0.741 1.821 1.501 1.551 1.491 0.841 0.971 0.481 0.551 0.441 0.411 0.301 0.081 0.471 0.311 1.041 1.421 1.701 1.671 1.831 1.701 2.111 0.018 0.008 1.195 1.095 0.925 1.204 1.064 0.984 1.004 1.154 1.134 0.954 1.063 1.223 1.022 1.021 1.181 1.160 1.109 1.208 1.227 1.365 1.594 1.603 1.341
0.491 1.001 1.171 1.081 1.011 1.131 1.261 1.261 1.351 1.531 1.771 1.681 0.581 1.351 0.801 1.231 1.351 1.491 1.471 1.411 1.441 1.371 1.241 0.741 1.321 1.611 0.000 0.000 0.005 2.161 1.891 1.801 1.801 1.981 1.991 0.971 0.911 1.671 1.761 1.751 1.751 1.731 1.751 1.721 1.781 1.791 1.781 1.741 1.871 1.781 1.601 0.057 0.012 1.086 1.155 1.165 0.985 1.124 1.054 1.164 0.984 1.104 0.943 1.083 1.223 1.092 1.101 1.180 1.350 1.209 1.407 1.406 1.535 1.474 1.513 1.791 1.620
0.731 0.131 1.011 1.001 0.911 0.771 1.141 1.281 1.531 1.271 1.231 0.801 1.141 1.131 1.331 1.471 1.081 1.401 1.651 1.551 1.451 1.361 1.371 1.471 0.621 0.781 1.251 1.431 0.911 1.891 1.851 1.641 1.951 1.791 2.001 1.351 1.711 1.331 0.591 1.231 1.671 1.611 1.661 1.731 1.801 1.811 1.821 1.861 1.811 1.831 1.711 0.021 0.976 1.136 0.985 0.945 1.064 0.984 1.384 1.084 1.074 1.043 1.113 1.142 1.352 1.231 1.240 1.199 1.329 1.408 1.367 1.515 1.414 1.613 1.672 1.740 1.778
0.061 0.161 0.941 0.721 0.971 1.031 0.981 1.141 1.291 1.401 1.001 0.641 0.971 1.401 1.381 1.411 1.551 1.511 1.511 1.391 1.501 1.491 1.491 1.351 0.901 1.421 1.561 1.191 1.161 0.401 1.901 1.841 1.981 1.721 1.361 1.641 1.571 1.401 1.291 1.131 1.831 1.671 1.621 1.731 1.801 1.861 1.851 1.771 1.751 1.801 0.015 0.817 1.356 1.146 0.846 1.065 1.065 1.014 1.044 0.933 1.053 1.103 0.842 1.272 1.271 1.300 1.269 1.339 1.348 1.627 1.575 1.464 1.643 1.672 1.711 6.799 1.707
0.631 0.751 0.701 0.681 0.741 0.791 0.911 1.031 0.831 1.061 0.871 0.871 0.871 0.921 1.311 1.491 1.271 1.481 1.491 1.621 1.641 1.591 1.551 2.041 1.341 1.141 1.241 1.171 1.761 1.491 0.291 1.591 1.951 1.841 1.921 1.601 1.631 0.961 1.681 1.631 1.921 1.801 1.701 1.731 1.781 1.881 1.891 1.211 1.871 0.018 0.006 1.327 1.207 1.216 1.166 0.915 1.025 0.974 0.993 1.033 1.103 1.292 1.232 1.211 1.481 1.290 1.339 1.698 1.527 1.646 1.555 1.583 6.802 1.621 6.800 1.688 6.796
0.491 0.581 0.931 0.921 0.981 0.661 0.881 0.681 0.701 0.341 0.851 1.181 0.891 1.161 1.351 1.451 1.521 1.561 1.641 1.461 1.641 1.681 1.471 0.581 0.701 0.691 1.441 1.631 1.701 1.751 1.381 0.821 2.011 2.041 1.541 1.681 1.641 1.321 1.671 1.551 2.061 1.941 1.831 1.771 1.831 1.811 0.991 1.841 0.059 0.005 1.398 1.297 1.237 1.076 1.046 1.185 1.004 1.194 1.183 0.993 1.092 1.152 1.291 1.320 1.500 1.409 1.548 1.737 1.586 1.715 1.734 1.703 1.712 6.800 1.749 6.797 6.796
0.301 0.461 0.801 0.791 0.821 0.631 0.581 0.681 0.611 1.241 1.021 1.181 1.231 1.421 1.371 1.451 1.571 1.601 1.501 1.721 1.711 1.141 1.591 0.851 0.931 1.741 1.571 1.741 1.721 1.491 1.331 1.521 1.081 1.571 1.481 1.251 1.941 1.861 1.621 1.671 1.811 2.081 1.971 1.851 1.881 1.081 1.841 0.013 0.008 1.179 1.289 1.218 1.087 1.056 1.026 1.225 1.165 1.234 1.093 1.242 1.192 1.351 1.620 1.519 1.709 1.728 6.807 6.807 1.736 1.684 1.763 6.802 6.801 6.800 6.799 6.798 6.797
0.321 0.571 0.641 0.721 0.791 0.891 0.831 0.711 0.961 1.151 1.321 1.341 1.371 1.511 1.461 1.461 1.531 1.511 1.571 1.541 1.471 1.541 0.491 1.051 1.141 1.411 1.581 1.661 1.661 1.681 1.851 1.081 1.531 1.631 1.841 1.831 1.881 1.591 1.221 1.781 1.781 1.811 1.751 1.971 1.481 1.841 1.691 0.000 1.010 1.440 1.339 1.098 1.058 0.837 0.956 1.125 1.094 1.144 0.983 1.192 1.491 1.710 1.760 6.809 1.788 6.807 6.807 6.806 1.795 6.804 6.803 6.802 6.801 6.800 6.799 6.798 6.797
0.231 0.431 0.711 0.801 0.921 0.681 0.581 0.701 0.791 1.081 0.851 1.211 1.431 1.211 1.331 1.431 1.441 1.421 1.521 1.551 1.481 1.391 0.481 1.101 1.101 1.541 1.571 1.521 1.671 1.701 1.441 1.511 1.471 1.511 1.521 1.571 1.801 1.701 1.771 1.741 1.601 1.821 1.761 1.691 1.881 1.791 0.005 1.171 1.741 1.110 1.279 1.239 1.068 1.097 0.856 1.225 1.244 1.043 1.243 1.502 1.621 1.700 1.799 6.808 6.808 6.807 6.807 6.806 6.805 6.804 6.803 6.802 6.801 6.800 6.799 6.798 6.797
0.000 0.002 0.101 0.261 0.331 0.321 0.221 0.661 0.571 1.061 1.091 1.211 1.291 1.331 1.341 1.501 1.441 1.481 1.531 1.461 1.381 1.771 0.681 1.121 1.371 1.431 1.521 1.611 1.641 1.361 1.371 1.711 1.461 1.551 1.971 2.321 1.801 1.711 1.761 1.811 1.541 1.211 1.841 1.911 1.901 0.011 0.982 1.671 1.321 1.310 1.330 1.359 1.118 0.937 0.866 1.205 1.294 1.133 1.382 1.731 1.701 6.809 6.809 6.808 6.808 6.807 6.807 6.806 6.805 6.804 6.803 6.802 6.801 6.800 6.799 6.798 6.797
0.000 0.007 0.061 0.151 0.451 0.000 0.631 0.631 0.801 1.101 1.121 0.981 1.211 1.101 1.411 1.321 1.331 1.471 1.441 1.481 1.381 0.331 0.701 1.151 1.501 1.491 1.611 1.621 1.241 1.591 1.711 1.501 2.091 2.291 2.291 2.221 1.581 1.711 1.731 1.661 1.821 1.891 0.691 1.811 0.012 0.004 6.822 1.561 1.261 1.220 1.340 1.279 1.018 1.147 1.106 1.265 1.374 1.303 1.692 1.781 1.790 6.809 6.809 6.808 6.808 6.807 6.807 6.806 6.805 6.804 6.803 6.802 6.801 6.800 6.799 6.798 6.797
0.000 0.000 0.000 0.004 0.000 0.171 0.411 0.621 0.811 0.811 0.981 1.211 1.191 1.141 1.241 1.391 1.371 1.461 1.381 1.331 1.471 1.141 0.981 0.931 0.891 1.571 1.701 1.281 1.531 1.141 2.231 2.201 2.331 2.291 2.231 1.971 1.851 1.651 1.571 1.581 1.811 0.711 1.851 0.118 0.005 1.452 1.502 1.372 1.351 1.200 1.200 1.329 0.978 1.247 1.096 1.355 1.514 1.573 1.662 6.811 6.810 6.810 6.809 6.808 6.808 6.807 6.807 6.806 6.805 6.804 6.803 6.802 6.801 6.800 6.799 6.798 6.797
0.000 0.000 0.000 0.049 0.002 0.071 0.000 0.151 0.481 0.551 0.821 0.971 1.251 1.281 1.171 1.281 1.091 1.251 0.911 1.091 0.461 0.971 0.871 1.191 1.281 1.281 1.341 1.591 2.121 2.051 2.011 1.291 2.011 1.951 1.841 1.871 1.821 1.631 1.431 1.671 1.891 1.921 0.022 0.013 1.242 6.822 1.442 1.562 1.311 1.561 1.170 1.409 1.208 1.297 1.176 1.325 1.354 1.683 6.812 6.811 6.810 6.810 6.809 6.809 6.808 6.807 6.807 6.806 6.805 6.804 6.803 6.802 6.802 6.801 6.800 6.799 6.798
0.000 0.000 0.000 0.000 0.107 0.000 0.000 0.000 0.061 0.091 0.821 0.941 1.041 1.311 1.111 1.311 1.001 1.101 1.261 1.231 0.721 0.921 0.811 1.091 1.331 1.191 1.491 1.091 1.971 2.151 0.881 2.051 1.941 2.081 1.831 1.851 1.841 1.671 1.781 1.831 1.881 0.000 0.000 0.652 1.232 1.742 1.592 1.662 1.491 1.521 1.400 1.339 1.358 1.277 1.416 1.555 1.644 6.812 6.812 6.811 6.811 6.810 6.809 6.809 6.808 6.807 6.807 6.806 6.805 6.804 6.803 6.803 6.802 6.801 6.800 6.799 6.798
0.000 0.000 0.000 0.000 0.002 0.000 0.000 0.122 0.000 0.191 0.631 0.851 1.211 0.941 1.191 1.191 0.681 0.731 1.281 0.911 0.791 0.761 1.481 1.121 1.491 1.231 1.521 1.751 1.991 1.551 2.141 2.121 2.171 2.141 2.031 1.761 1.821 1.691 1.821 1.351 1.871 0.000 0.402 1.582 1.422 6.822 1.752 1.511 1.421 1.610 1.510 1.419 1.518 1.546 1.665 1.675 6.813 6.813 6.812 6.812 6.811 6.810 6.810 6.809 6.808 6.808 6.807 6.806 6.805 6.804 6.804 6.803 6.802 6.801 6.800 6.799 6.798
0.000 0.000 0.000 0.023 0.000 0.000 0.000 0.212 0.102 0.281 0.581 0.861 1.151 1.051 1.061 1.031 1.061 0.961 1.111 0.531 0.831 0.701 1.321 1.031 1.531 1.611 1.551 1.011 1.991 1.861 1.981 2.061 2.081 2.061 2.031 1.911 1.781 1.651 1.831 1.911 0.000 0.000 1.172 1.512 6.822 1.792 6.821 1.541 1.491 1.600 1.659 1.658 1.797 6.816 6.815 6.815 6.814 6.813 6.812 6.812 6.811 6.810 6.810 6.809 6.808 6.808 6.807 6.806 6.805 6.804 6.804 6.803 6.802 6.801 6.800 6.799 6.798
0.000 0.000 0.000 0.000 0.000 0.000 0.003 0.033 0.000 0.111 0.571 0.791 1.041 1.151 0.931 0.971 1.011 1.151 2.411 0.381 0.471 0.981 1.071 1.441 1.421 1.551 1.531 0.751 2.031 2.121 2.211 2.041 2.061 1.981 1.951 1.911 1.791 1.811 1.861 0.000 0.000 0.802 6.822 6.822 6.822 6.821 6.821 6.821 1.750 1.770 1.799 6.818 1.567 6.816 6.815 6.815 6.814 6.813 6.813 6.812 6.811 6.811 6.810 6.809 6.809 6.808 6.807 6.806 6.805 6.804 6.804 6.803 6.802 6.801 6.800 6.799 6.798
0.938 0.000 0.000 0.000 0.000 0.000 0.000 0.000 0.000 0.371 0.961 0.961 0.881 1.061 1.221 1.051 1.251 1.211 2.041 0.521 0.361 0.891 1.091 1.341 1.401 1.561 1.561 1.561 1.331 1.281 1.871 2.021 2.011 1.971 1.891 1.831 1.291 1.841 0.000 0.000 0.742 1.332 6.822 6.822 6.821 6.821 1.741 1.771 6.820 6.820 6.819 1.718 1.787 6.816 6.816 6.815 6.814 6.814 6.813 6.812 6.811 6.811 6.810 6.809 6.809 6.808 6.807 6.806 6.805 6.805 6.804 6.803 6.802 6.801 6.800 6.799 6.798
1.358 0.578 0.000 0.000 0.000 0.000 0.000 0.000 0.000 0.711 0.691 1.111 0.801 0.921 1.011 0.961 1.301 1.091 1.201 0.431 0.571 1.171 1.031 1.251 0.841 1.411 1.541 1.801 1.891 1.331 1.721 1.821 1.911 1.921 1.861 1.801 1.811 0.000 0.000 0.293 1.002 1.322 6.822 6.821 6.821 6.821 6.821 6.821 6.820 6.819 6.819 6.818 6.817 6.816 6.816 6.815 6.814 6.814 6.813 6.812 6.812 6.811 6.810 6.810 6.809 6.808 6.807 6.806 6.806 6.805 6.804 6.803 6.802 6.801 6.800 6.800 6.799
1.058 0.988 0.000 0.000 0.555 0.305 0.000 0.000 0.341 0.631 0.691 1.571 0.831 0.751 0.671 0.451 0.831 1.141 1.071 0.601 1.091 1.081 0.691 1.231 0.781 1.691 1.351 1.621 1.681 1.651 1.561 1.541 1.701 1.791 1.811 1.701 1.801 0.000 0.144 1.003 1.112 1.402 6.822 6.821 6.821 6.821 6.821 6.820 6.820 1.789 6.819 6.818 6.817 6.817 6.816 6.815 6.815 6.814 6.813 6.812 6.812 6.811 6.810 6.810 6.809 6.808 6.807 6.807 6.806 6.805 6.804 6.803 6.802 6.801 6.801 6.800 6.799
0.898 0.938 0.000 0.137 0.004 0.008 0.006 0.005 0.181 0.391 0.711 0.771 1.051 1.021 1.191 1.091 0.991 1.131 0.991 0.521 0.931 0.471 0.431 1.181 1.291 1.501 0.971 1.231 1.001 1.601 1.621 1.811 1.791 1.751 1.701 1.811 0.000 0.000 0.863 1.243 1.652 1.802 6.822 6.822 6.821 6.821 6.821 6.820 6.820 6.819 6.819 6.818 6.818 6.817 6.816 6.815 6.815 6.814 6.813 6.813 6.812 6.811 6.810 6.810 6.809 6.808 6.807 6.807 6.806 6.805 6.804 6.803 6.802 6.802 6.801 6.800 6.799
0.498 0.868 0.044 0.018 0.308 0.106 0.020 0.281 0.621 0.781 1.051 0.991 0.701 1.031 1.051 0.901 1.251 1.051 1.331 0.641 0.791 0.861 0.391 1.381 1.121 0.951 1.111 1.511 1.571 1.561 1.791 1.141 1.841 1.161 1.831 0.000 0.000 0.584 1.163 1.342 1.762 6.822 6.822 6.822 6.821 6.821 6.821 6.820 6.820 6.819 6.819 6.818 6.818 6.817 6.816 6.816 6.815 6.814 6.813 6.813 6.812 6.811 6.810 6.810 6.809 6.808 6.808 6.807 6.806 6.805 6.804 6.803 6.803 6.802 6.801 6.800 6.799
0.608 0.468 0.000 0.000 0.198 0.000 0.038 0.241 0.431 0.881 0.891 0.791 0.871 0.931 1.091 1.211 1.181 1.231 1.141 1.971 0.831 0.921 1.361 1.751 1.411 1.591 1.321 1.141 1.411 1.661 1.411 1.601 1.491 1.801 0.000 0.000 0.653 1.203 1.613 6.823 6.822 6.822 6.822 6.822 6.821 6.821 6.821 6.820 6.820 6.819 6.819 6.818 6.818 6.817 6.816 6.816 6.815 6.814 6.814 6.813 6.812 6.811 6.811 6.810 6.809 6.808 6.808 6.807 6.806 6.805 6.804 6.804 6.803 6.802 6.801 6.800 6.799
0.000 0.000 0.000 0.000 0.015 0.000 0.000 0.281 0.331 0.671 0.901 0.691 1.021 0.931 0.951 1.001 1.131 1.021 0.971 1.141 0.451 0.941 1.531 1.261 0.941 0.691 0.941 1.031 1.471 1.421 1.761 1.741 1.421 0.000 0.000 0.284 1.124 1.313 6.823 6.823 6.822 6.822 6.822 6.822 6.821 6.821 6.821 6.820 6.820 6.819 6.819 6.818 6.818 6.817 6.816 6.816 6.815 6.814 6.814 6.813 6.812 6.811 6.811 6.810 6.809 6.808 6.808 6.807 6.806 6.805 6.805 6.804 6.803 6.802 6.801 6.800 6.800
0.000 0.000 0.000 0.000 0.426 0.000 0.000 0.321 0.571 0.651 0.831 0.941 1.331 0.761 1.141 0.821 1.231 1.231 1.091 1.131 0.391 1.471 0.331 1.401 0.731 0.821 0.781 1.481 1.511 1.521 1.481 1.651 2.221 0.000 0.216 0.984 1.333 1.743 6.823 6.823 6.822 6.822 6.822 6.822 6.821 6.821 6.821 6.820 6.820 6.820 6.819 6.818 6.818 6.817 6.817 6.816 6.815 6.815 6.814 6.813 6.812 6.812 6.811 6.810 6.809 6.809 6.808 6.807 6.806 6.805 6.805 6.804 6.803 6.802 6.801 6.801 6.800
0.000 0.000 0.000 0.000 0.236 0.003 0.071 0.111 0.541 0.671 0.871 0.891 1.231 0.981 1.101 1.071 1.081 1.211 1.351 1.251 0.301 0.811 0.701 0.821 0.881 0.831 0.781 0.991 1.341 1.601 1.121 1.911 0.000 0.264 1.024 1.014 1.463 6.823 6.823 6.823 6.823 6.822 6.822 6.822 6.821 6.821 6.821 6.820 6.820 6.820 6.819 6.818 6.818 6.817 6.817 6.816 6.815 6.815 6.814 6.813 6.813 6.812 6.811 6.810 6.809 6.809 6.808 6.807 6.806 6.806 6.805 6.804 6.803 6.802 6.802 6.801 6.800
0.000 0.000 0.000 0.000 0.000 0.000 0.000 0.381 0.581 0.701 0.891 1.021 0.981 1.021 0.971 1.211 1.291 1.231 1.071 1.081 0.581 0.601 1.051 0.501 0.491 0.611 1.191 1.101 1.201 1.171 1.591 0.000 0.009 1.034 1.314 1.254 6.823 6.823 6.823 6.823 6.823 6.822 6.822 6.822 6.822 6.821 6.821 6.821 6.820 6.820 6.819 6.819 6.818 6.817 6.817 6.816 6.816 6.815 6.814 6.813 6.813 6.812 6.811 6.810 6.810 6.809 6.808 6.807 6.806 6.806 6.805 6.804 6.803 6.802 6.802 6.801 6.800
0.000 0.000 0.000 0.000 0.000 0.000 0.121 0.341 0.681 0.701 0.781 0.871 0.861 1.041 0.971 1.261 1.231 1.171 1.331 1.071 1.611 0.651 0.711 1.001 1.241 1.391 1.361 1.551 1.341 1.021 0.000 0.000 0.634 1.224 1.354 1.744 6.823 6.823 6.823 6.823 6.823 6.823 6.822 6.822 6.822 6.821 6.821 6.821 6.820 6.820 6.819 6.819 6.818 6.817 6.817 6.816 6.816 6.815 6.814 6.813 6.813 6.812 6.811 6.810 6.810 6.809 6.808 6.807 6.807 6.806 6.805 6.804 6.803 6.803 6.802 6.801 6.800
0.000 0.000 0.000 0.000 0.000 0.004 0.161 0.461 0.601 0.621 0.901 0.681 0.571 1.041 0.961 1.151 1.221 1.141 1.231 1.081 0.971 0.731 0.501 1.191 1.291 1.591 1.511 1.651 1.421 0.000 0.000 0.385 0.994 1.224 1.674 6.824 6.824 6.823 6.823 6.823 6.823 6.823 6.822 6.822 6.822 6.821 6.821 6.821 6.820 6.820 6.819 6.819 6.818 6.818 6.817 6.816 6.816 6.815 6.814 6.814 6.813 6.812 6.811 6.811 6.810 6.809 6.808 6.807 6.807 6.806 6.805 6.804 6.803 6.803 6.802 6.801 6.800
0.000 0.000 0.000 0.000 0.000 0.248 0.003 0.331 0.621 0.721 0.821 1.121 1.051 0.931 0.981 1.271 1.011 1.181 1.151 1.181 1.721 0.911 1.321 1.291 1.451 1.441 1.371 1.471 0.000 0.000 0.385 1.404 1.474 6.824 6.824 6.824 6.824 6.824 6.823 6.823 6.823 6.823 6.822 6.822 6.822 6.822 6.821 6.821 6.820 6.820 6.819 6.819 6.818 6.818 6.817 6.816 6.816 6.815 6.814 6.814 6.813 6.812 6.812 6.811 6.810 6.809 6.808 6.808 6.807 6.806 6.805 6.804 6.804 6.803 6.802 6.801 6.800
0.000 0.000 0.000 0.000 0.000 0.238 0.000 0.361 0.811 0.431 0.751 1.221 1.101 1.421 1.071 1.081 1.361 1.191 1.211 1.221 1.351 0.051 1.381 1.441 1.611 1.751 1.631 0.000 0.000 0.195 0.955 1.475 1.734 6.824 6.824 6.824 6.824 6.824 6.823 6.823 6.823 6.823 6.823 6.822 6.822 6.822 6.821 6.821 6.820 6.820 6.819 6.819 6.818 6.818 6.817 6.817 6.816 6.815 6.815 6.814 6.813 6.812 6.812 6.811 6.810 6.809 6.809 6.808 6.807 6.806 6.805 6.804 6.804 6.803 6.802 6.801 6.800
0.000 0.000 0.000 0.000 0.000 0.000 0.003 0.451 0.791 0.881 0.711 0.951 0.921 1.091 1.171 1.231 1.341 1.471 1.501 1.511 1.481 0.291 1.481 1.341 1.281 1.521 0.000 0.000 0.375 1.215 1.605 6.825 6.825 6.824 6.824 6.824 6.824 6.824 6.824 6.823 6.823 6.823 6.823 6.822 6.822 6.822 6.821 6.821 6.820 6.820 6.819 6.819 6.818 6.818 6.817 6.817 6.816 6.815 6.815 6.814 6.813 6.813 6.812 6.811 6.810 6.809 6.809 6.808 6.807 6.806 6.805 6.805 6.804 6.803 6.802 6.801 6.801
