includes/lisflood-fp-604/results/res-0011.wd
ncols         631
nrows         906
xllcorner     364927.146667
yllcorner     6531972.565556
cellsize      20.000000
NODATA_value  -9999.000000
[rows 0 to 33 of 906, columns 308 to 384 of 631]
0.000 0.000 0.000 0.000 0.000 0.000 0.000 0.000 0.000 0.000 0.000 0.000 0.000 0.000 0.000 0.000 0.000 0.000 0.000 0.000 0.000 0.047 0.447 0.237 0.227 0.077 0.000 0.062 0.000 0.000 0.000 0.186 0.066 0.186 0.044 0.766 0.276 0.226 0.596 0.156 0.406 0.436 0.000 0.000 0.000 0.000 0.000 0.000 0.000 0.000 0.000 0.000 0.000 0.000 0.000 0.000 0.000 0.000 0.138 0.398 0.398 0.398 0.398 0.398 0.398 0.397 0.397 0.395 0.392 0.386 0.376 0.358 0.332 0.295 0.244 0.187 0.129
0.000 0.172 0.162 0.000 0.000 0.000 0.000 0.000 0.000 0.000 0.000 0.000 0.024 0.584 0.294 0.000 0.000 0.000 0.000 0.042 0.000 0.177 0.097 0.317 0.217 0.009 0.000 0.000 0.000 0.000 0.216 0.156 0.536 0.186 0.196 0.000 0.000 0.000 0.000 0.000 0.000 0.000 0.000 0.000 0.000 0.000 0.000 0.000 0.000 0.000 0.000 0.000 0.000 0.000 0.000 0.000 0.000 0.000 0.002 0.398 0.398 0.398 0.398 0.398 0.398 0.397 0.397 0.396 0.393 0.387 0.376 0.358 0.332 0.295 0.239 0.171 0.075
0.081 0.000 0.242 0.000 0.323 0.000 0.000 0.000 0.000 0.000 0.000 0.000 0.000 0.434 0.214 0.000 0.000 0.000 0.342 0.000 0.000 0.018 0.000 0.000 0.000 0.079 0.000 0.000 0.000 0.000 0.256 0.406 0.306 0.606 0.416 0.286 0.000 0.000 0.000 0.192 0.000 0.000 1.329 0.000 0.000 0.000 0.206 0.000 0.000 0.000 0.000 0.000 0.000 0.000 0.000 0.000 0.000 0.000 0.000 0.398 0.398 0.398 0.398 0.398 0.398 0.398 0.398 0.397 0.395 0.390 0.378 0.359 0.333 0.295 0.218 0.079 2.617
0.000 0.122 0.000 0.000 0.002 0.300 0.000 0.000 0.000 0.000 0.000 0.000 1.114 0.124 0.154 0.000 0.000 0.000 0.000 0.000 0.000 0.259 0.039 0.000 0.000 0.629 0.000 0.000 0.000 0.000 0.000 0.186 0.226 0.165 0.065 0.000 0.045 0.000 0.000 0.000 0.000 0.959 1.079 0.001 0.000 0.086 0.016 0.056 0.066 0.000 0.000 0.000 0.000 0.000 0.000 0.000 0.000 0.000 0.000 0.328 0.398 0.398 0.398 0.398 0.398 0.398 0.399 0.400 0.400 0.396 0.384 0.361 0.334 0.296 0.153 2.620 2.618
0.000 0.022 0.000 0.000 0.360 0.480 0.140 0.000 0.000 0.000 0.000 0.000 0.484 0.000 0.000 0.000 0.000 0.000 0.000 0.000 0.000 0.129 0.000 0.000 0.000 0.034 0.000 0.000 0.000 0.000 0.000 0.000 0.665 0.264 0.414 0.454 0.234 0.274 0.008 0.000 0.000 0.005 0.029 0.001 0.006 0.116 0.166 0.066 0.066 0.000 0.000 0.000 0.000 0.000 0.000 0.000 0.000 0.000 0.000 0.238 0.398 0.398 0.398 0.398 0.398 0.398 0.400 0.404 0.419 0.412 0.396 0.362 0.336 5.318 0.000 2.620 0.000
0.000 0.000 0.001 0.110 0.020 0.540 0.300 0.000 0.000 0.000 0.000 0.004 0.004 0.000 0.000 0.000 0.000 0.000 0.522 0.000 0.000 0.000 0.000 0.000 0.000 0.067 0.000 0.000 0.000 0.000 0.000 0.000 0.224 0.354 0.344 0.404 0.214 0.164 0.154 0.314 0.005 0.002 0.000 0.005 0.002 0.000 0.236 0.000 0.000 0.000 0.000 0.000 0.000 0.000 0.000 0.000 0.000 0.000 0.000 0.028 0.398 0.398 0.000 0.000 0.000 0.000 0.000 0.000 0.498 0.435 0.417 0.000 0.000 0.000 0.000 0.001 0.000
0.000 0.000 0.000 0.070 0.160 0.070 0.004 0.404 0.684 0.894 0.174 0.002 0.084 0.005 0.086 0.000 0.000 0.000 0.000 0.000 0.000 0.000 0.000 0.071 0.000 0.117 0.307 0.000 0.000 0.000 0.000 0.164 0.314 0.564 0.574 0.474 0.714 0.394 0.374 0.544 0.404 0.444 0.414 0.654 0.364 0.000 0.000 0.000 0.000 0.000 0.000 0.000 0.000 0.000 0.000 0.000 0.000 0.000 0.000 0.000 0.000 0.000 0.000 0.829 0.824 0.812 0.791 0.725 0.636 0.000 0.000 0.000 0.010 0.010 0.009 0.006 0.001
0.000 0.000 0.000 0.011 0.000 0.000 0.000 0.054 0.614 0.684 0.000 0.104 0.000 0.086 0.306 0.276 0.007 0.116 0.000 0.000 0.000 0.002 0.073 0.000 0.000 0.357 0.197 0.000 0.000 0.000 0.204 0.174 0.354 0.454 0.544 0.524 0.474 0.424 0.494 0.444 0.404 0.134 0.674 0.604 0.154 0.224 0.000 0.000 0.000 0.000 0.000 0.000 0.000 0.000 0.000 0.000 0.000 0.000 0.000 0.000 0.856 0.854 0.848 0.834 0.826 0.812 0.802 0.000 0.000 0.000 0.000 0.000 0.011 0.010 0.010 0.007 0.001
0.000 0.000 0.000 0.170 0.000 0.000 0.000 0.000 0.000 0.324 0.000 0.000 0.436 0.276 0.246 0.666 0.856 0.276 0.000 0.002 0.002 0.000 0.000 0.042 0.000 0.000 0.247 0.000 0.465 0.104 0.144 0.374 0.754 0.514 0.704 0.824 0.774 0.864 0.804 0.874 0.694 0.434 0.714 0.514 0.264 0.000 0.000 0.000 0.000 0.000 0.000 0.000 0.000 0.000 0.000 0.000 0.000 0.000 0.000 0.626 0.859 0.854 0.848 0.836 0.831 0.000 0.000 0.000 0.000 0.000 0.000 0.000 0.011 0.011 0.010 0.008 0.002
0.000 0.060 0.150 0.740 0.430 0.000 0.000 0.000 0.000 0.000 0.000 0.000 0.336 0.026 0.166 0.676 0.656 0.000 0.000 0.000 0.003 0.002 0.000 0.000 0.001 0.000 0.197 0.022 0.325 0.000 0.084 0.254 0.334 0.284 0.124 0.634 0.324 0.504 0.464 0.474 0.554 0.744 0.008 0.604 0.394 0.010 0.000 0.000 0.000 0.000 0.000 0.000 0.000 0.000 0.000 0.000 0.000 0.208 0.196 0.520 0.865 0.856 0.852 0.000 0.000 0.000 0.000 0.000 0.000 0.000 0.000 0.000 0.012 0.011 0.011 0.010 0.008
0.000 0.190 0.190 0.530 0.500 0.000 0.000 0.000 0.000 0.000 0.000 0.000 0.000 0.056 0.266 0.366 0.456 0.266 0.000 0.169 0.033 0.000 0.016 0.002 0.057 0.057 0.000 0.000 0.305 0.204 0.524 0.434 0.344 0.604 0.734 0.704 0.754 0.584 0.744 0.794 0.664 0.604 0.914 0.324 0.214 0.000 0.000 0.042 0.000 0.000 0.000 0.000 0.000 0.000 0.000 0.000 0.000 0.338 0.395 0.891 0.878 0.000 0.000 0.000 0.000 0.000 0.000 0.000 0.000 0.000 0.000 0.000 0.013 0.012 0.012 0.011 0.010
0.120 0.310 0.370 0.350 0.470 0.470 0.000 0.000 0.021 0.000 0.000 0.000 0.000 0.000 0.176 0.186 0.406 0.037 0.035 0.012 0.346 0.226 0.136 0.000 0.000 0.000 0.005 0.024 0.000 0.000 0.494 0.344 0.454 0.484 0.814 0.774 0.954 0.974 0.964 0.864 1.064 1.034 1.014 0.174 0.000 0.000 0.000 0.000 0.000 0.000 0.000 0.000 0.000 0.000 0.000 0.420 1.394 2.064 0.000 0.000 0.000 0.000 0.000 0.000 0.000 0.000 0.031 0.000 0.000 0.000 0.001 0.001 0.014 0.013 0.013 0.012 0.011
0.340 0.430 0.340 0.230 0.630 0.550 0.000 0.000 0.000 0.000 0.073 0.000 0.000 0.582 0.000 0.000 0.396 0.000 0.000 0.207 0.000 0.526 0.027 0.000 0.020 0.000 0.000 0.000 0.000 0.175 0.095 0.294 0.324 0.574 0.694 0.944 0.834 1.034 0.834 0.814 0.864 1.164 0.954 0.654 0.000 0.000 0.000 0.000 0.000 0.000 0.000 0.000 0.000 1.541 2.733 2.792 0.000 0.000 0.000 0.000 0.000 0.000 0.000 0.000 0.000 0.000 0.001 0.000 0.000 0.001 0.000 0.000 0.015 0.014 0.014 0.013 0.012
0.320 0.290 0.340 0.360 0.570 0.720 0.350 0.000 0.000 0.000 0.001 0.000 0.000 0.000 0.000 0.713 0.000 0.033 0.000 0.136 0.000 0.316 0.386 0.076 0.007 0.000 0.042 0.000 0.001 0.415 0.505 0.615 0.404 0.634 0.774 0.704 0.974 0.574 1.004 1.134 1.624 1.514 1.634 0.000 0.000 0.000 0.000 0.000 0.000 0.000 0.000 2.823 2.822 7.820 0.000 0.000 0.000 0.000 0.000 0.000 0.000 0.000 0.000 0.000 0.000 0.011 0.000 0.000 0.000 0.002 0.004 0.005 0.005 0.015 0.014 0.014 0.013
0.430 0.330 0.410 0.170 0.460 0.560 0.560 0.000 0.000 0.002 0.227 0.000 0.000 0.000 0.000 0.000 0.000 0.000 0.047 0.156 0.096 0.396 0.386 0.146 0.000 0.000 0.000 0.185 0.545 0.625 0.595 0.835 0.974 0.824 0.764 0.734 1.004 1.074 1.084 1.514 1.494 1.524 1.394 0.000 0.000 0.000 0.000 1.168 2.836 2.425 2.831 7.826 0.000 0.000 0.000 0.000 0.032 0.032 0.000 0.000 0.000 0.000 0.000 0.000 0.000 0.011 0.000 0.005 0.013 0.003 0.003 0.003 0.003 0.003 0.014 0.014 0.013
0.410 0.520 0.370 0.410 0.440 0.640 0.450 0.000 0.000 0.000 0.004 0.030 0.140 0.031 0.000 0.043 0.000 0.000 0.000 0.196 0.336 0.406 0.236 0.146 0.126 0.000 0.215 0.395 0.575 0.885 0.805 1.015 0.984 0.884 0.514 0.764 1.004 0.894 1.004 1.384 1.324 1.684 0.674 0.000 1.006 0.000 0.000 1.715 7.836 7.836 0.000 0.000 0.000 0.000 0.000 0.000 0.000 0.000 0.152 0.000 0.000 0.000 0.000 0.000 0.061 0.000 0.239 0.006 0.005 0.010 0.004 0.003 0.002 0.003 0.014 0.014 0.014
0.480 0.480 0.370 0.300 0.400 0.330 0.190 0.000 0.000 0.000 0.000 0.013 0.000 0.151 0.012 0.000 0.000 0.000 0.126 0.126 0.496 0.616 0.356 0.286 0.215 0.405 0.525 0.825 0.605 0.745 0.915 1.075 0.625 0.000 0.000 0.000 0.744 1.074 1.034 1.514 1.254 1.524 0.844 0.000 2.346 0.000 7.925 7.924 0.000 0.000 0.000 0.000 0.722 0.852 0.362 0.212 0.032 0.172 0.000 0.000 0.000 0.000 0.000 0.000 0.000 0.000 0.189 0.000 0.000 0.000 0.003 0.010 0.003 0.002 0.014 0.014 0.014
0.390 0.450 0.310 0.360 0.380 0.250 0.200 0.170 0.000 0.000 0.291 0.016 0.000 0.000 0.000 0.000 0.000 0.000 0.000 0.376 0.286 0.646 0.566 0.546 0.485 0.305 1.015 0.915 0.875 0.905 0.935 0.575 0.000 0.000 0.000 0.000 0.000 0.604 0.854 1.014 1.224 1.464 1.474 0.306 2.586 7.926 7.925 0.000 0.000 0.051 0.000 0.422 0.302 0.352 0.252 0.362 0.052 0.000 0.000 0.000 0.000 0.000 0.000 0.000 0.052 0.000 0.040 0.000 0.000 0.000 0.000 0.000 0.000 0.000 0.000 0.014 0.014
0.350 0.480 0.380 0.290 0.430 0.370 0.130 0.150 0.100 0.000 0.171 0.000 0.000 0.000 0.000 0.000 0.122 0.000 0.067 0.096 0.156 0.466 0.406 0.346 0.355 0.545 0.755 1.055 0.705 0.915 0.000 0.000 0.000 0.000 2.085 0.935 0.003 0.000 0.000 0.254 0.763 1.073 0.000 2.976 7.964 0.000 0.000 0.000 0.382 0.000 0.000 0.132 0.252 0.332 0.282 0.362 0.302 0.000 0.000 0.000 0.000 0.000 0.000 0.000 0.002 0.000 0.091 0.042 0.000 0.000 0.000 0.000 0.000 0.000 0.000 0.014 0.014
0.470 0.540 0.430 0.260 0.290 0.160 0.080 0.220 0.000 0.000 0.161 0.000 0.000 0.000 0.102 0.000 0.000 0.000 0.127 0.367 0.317 0.036 0.136 0.356 0.525 0.665 0.725 0.615 0.455 0.000 0.000 0.000 2.135 2.065 2.255 1.855 0.825 0.735 0.000 0.000 0.000 2.992 2.991 7.988 0.000 0.000 0.293 0.543 0.000 0.000 0.072 0.322 0.272 0.372 0.252 0.232 0.252 0.252 0.000 0.000 0.000 0.000 0.000 0.000 0.000 0.000 0.000 0.053 0.000 0.000 0.000 0.000 0.000 0.000 0.000 0.014 0.014
0.000 0.000 0.000 0.900 0.350 0.500 0.220 0.290 0.000 0.000 0.004 0.001 0.000 0.000 0.001 0.000 0.000 0.000 0.000 0.257 0.517 0.217 0.126 0.066 0.565 0.805 0.815 0.175 0.000 0.000 0.000 0.165 2.005 2.215 2.165 2.295 1.675 0.164 1.946 2.996 2.996 7.993 7.992 2.990 0.000 0.243 0.000 0.753 0.053 0.000 0.142 0.272 0.312 0.332 0.332 0.252 0.282 0.072 0.000 0.000 0.000 0.000 0.000 0.000 0.000 0.000 0.000 0.011 0.075 0.000 0.000 0.000 0.000 0.000 0.000 0.000 0.014
0.548 0.718 0.368 0.158 0.000 0.350 0.340 0.220 0.000 0.000 0.012 0.123 0.273 0.000 0.000 0.000 0.000 0.000 0.177 0.077 0.377 0.227 0.256 0.146 0.465 0.305 0.625 0.000 0.000 0.000 0.000 0.435 1.405 2.125 2.045 1.935 0.000 0.000 0.000 7.997 7.997 2.994 1.203 0.000 0.000 0.293 0.993 0.813 0.000 0.000 0.272 0.412 0.592 0.552 0.412 0.282 0.292 0.232 0.000 0.000 0.000 0.000 0.000 0.000 0.000 0.000 0.000 0.035 0.007 0.057 0.000 0.000 0.000 0.000 0.000 0.000 0.000
0.658 0.758 0.698 0.598 0.138 0.000 0.380 0.210 0.180 0.000 0.000 0.013 0.000 0.000 0.000 0.000 0.000 0.343 0.008 0.327 0.367 0.297 0.246 0.236 0.416 0.336 0.275 0.000 0.000 0.000 0.645 0.815 1.385 2.155 0.855 0.000 0.000 1.117 7.997 7.997 2.997 0.000 0.005 0.000 0.000 0.913 0.733 0.463 0.000 0.000 0.402 0.332 0.282 0.232 0.222 0.252 0.242 0.252 0.000 0.000 0.065 0.000 0.000 0.000 0.029 0.049 0.000 0.000 0.027 0.000 0.000 0.000 0.000 0.000 0.000 0.000 0.000
0.638 0.678 0.608 0.188 0.128 0.347 0.000 0.260 0.160 0.910 0.000 0.060 0.170 0.000 0.000 0.063 0.053 0.000 0.137 0.287 0.407 0.137 0.137 0.257 0.296 0.406 0.000 0.000 0.000 0.435 1.546 1.495 1.675 0.000 0.000 0.000 2.999 7.997 7.997 1.777 0.000 0.213 0.593 0.613 0.213 0.813 0.603 0.283 0.000 0.282 0.292 0.332 0.312 0.272 0.322 0.282 0.062 0.222 0.000 0.000 0.045 0.000 0.000 0.000 0.009 0.019 0.019 0.009 0.179 0.019 0.000 0.000 0.000 0.000 0.000 0.000 0.000
0.658 0.778 0.768 0.308 0.078 0.257 0.107 0.000 0.210 0.141 0.055 0.239 0.000 0.000 0.106 0.010 0.002 0.000 0.067 0.077 0.237 0.000 0.069 0.191 0.004 0.000 0.000 0.000 0.000 0.000 1.845 1.975 0.000 0.000 0.166 3.004 8.001 2.999 0.000 0.000 1.773 0.693 0.943 0.883 0.783 0.823 0.943 0.123 0.000 0.632 0.302 0.262 0.242 0.032 0.252 0.242 0.302 0.212 0.000 0.000 0.255 0.000 0.000 0.000 0.000 0.099 0.049 0.139 0.129 0.149 0.000 0.000 0.000 0.000 0.011 0.000 0.000
0.648 0.738 0.588 0.128 0.148 0.257 0.547 0.000 0.000 0.191 0.000 0.024 0.406 0.506 0.306 0.136 0.000 0.000 0.000 0.000 0.000 0.000 0.000 0.386 0.526 0.186 0.000 0.000 0.012 0.000 0.000 0.000 0.000 1.748 8.008 8.007 2.444 0.000 0.000 0.263 0.000 0.093 0.733 0.923 0.893 1.043 0.893 0.000 0.000 0.282 0.012 0.112 0.162 0.092 1.102 0.292 0.352 0.022 0.000 0.315 0.095 0.000 0.000 0.000 0.169 0.169 0.049 0.079 0.119 0.000 0.000 0.000 0.000 0.000 0.000 0.000 0.000
0.788 0.698 0.508 0.558 0.000 0.067 0.547 0.000 0.000 0.000 0.000 0.456 0.446 0.606 0.086 0.000 0.000 0.000 0.000 0.000 0.000 0.136 0.086 0.646 0.896 0.436 0.000 0.000 0.000 0.131 0.000 0.000 3.011 8.008 8.008 0.548 0.000 0.000 1.433 1.523 1.373 0.813 1.163 1.253 0.963 0.783 0.873 0.000 0.534 0.001 0.000 0.000 0.000 0.282 0.232 0.102 0.052 0.000 0.000 0.315 0.000 0.000 0.000 0.001 0.139 0.000 0.009 0.039 0.049 0.000 0.000 0.000 0.000 0.000 0.000 0.000 0.000
0.888 0.828 0.618 0.748 0.028 0.000 0.427 0.147 0.000 0.000 0.000 0.156 0.326 0.436 0.596 0.476 0.000 0.000 0.000 0.000 0.000 0.126 0.316 0.866 1.046 1.126 0.316 0.000 0.000 0.000 0.314 8.014 8.013 3.011 0.008 0.000 0.000 1.503 1.593 1.513 1.513 0.463 1.003 1.283 1.103 0.503 0.203 0.000 0.384 0.000 0.000 0.000 0.202 0.102 0.152 0.162 0.000 0.000 0.000 0.275 0.000 0.000 0.000 0.000 0.129 0.029 0.000 0.000 0.229 0.000 0.000 0.000 0.000 0.000 0.000 0.000 0.000
0.918 0.908 0.468 0.018 0.009 0.087 0.407 0.667 0.517 0.297 0.000 0.000 0.246 0.546 0.536 0.776 0.000 0.000 0.000 0.000 0.195 0.000 0.836 1.226 1.186 0.946 0.786 0.176 0.000 3.017 8.014 8.014 2.874 0.000 0.000 1.193 1.323 1.603 1.583 1.623 1.703 0.473 0.563 0.953 1.033 0.273 0.000 0.000 0.114 0.000 0.000 0.192 0.272 0.952 0.232 0.192 0.000 0.000 0.355 0.065 0.000 0.000 0.000 0.049 0.059 0.119 0.079 0.019 0.001 0.000 0.000 0.000 0.000 0.000 0.000 0.000 0.000
0.638 0.608 0.608 0.158 0.318 0.247 0.317 0.607 0.577 0.617 0.327 0.000 0.000 0.256 0.656 0.726 0.296 0.000 0.000 0.000 0.003 0.000 1.006 1.086 1.596 1.466 0.000 0.000 8.019 8.019 3.017 0.755 0.000 0.000 1.293 1.443 1.523 1.573 1.453 1.733 1.583 0.763 1.263 1.273 1.073 0.503 0.000 0.000 0.000 0.000 0.042 0.232 0.342 0.412 0.082 0.000 0.000 0.205 0.225 0.000 0.079 0.000 0.000 0.139 0.002 0.000 0.000 0.069 0.000 0.000 0.000 0.000 0.000 0.000 0.000 0.000 0.000
0.528 0.568 0.598 0.548 0.258 0.087 0.367 0.407 0.607 0.697 0.787 0.000 0.000 0.000 0.506 0.486 0.246 0.000 0.000 0.000 0.005 0.826 1.076 1.046 0.000 0.000 0.000 8.020 8.020 3.019 0.000 0.000 1.613 0.993 1.583 1.673 1.523 1.453 1.563 1.513 1.343 0.000 0.000 0.943 0.903 0.173 0.000 0.000 0.000 1.132 1.262 0.202 0.372 0.332 0.132 0.402 0.000 0.235 0.000 0.000 0.329 0.000 0.000 0.000 0.176 0.066 0.087 0.000 0.000 0.000 0.000 0.000 0.000 0.000 0.000 0.025 0.025
0.488 0.458 0.398 0.488 0.448 0.000 0.287 0.337 0.467 0.637 0.807 0.127 0.000 0.000 0.036 0.106 0.000 0.000 0.000 0.000 0.000 0.716 1.216 0.056 0.000 3.023 8.020 8.020 3.020 0.000 0.000 1.333 1.483 1.473 1.483 1.743 1.483 1.443 1.573 1.653 0.973 1.123 0.993 0.643 0.533 0.000 0.000 0.000 0.112 0.502 0.282 0.422 0.412 0.362 0.382 0.072 0.000 0.000 0.000 0.739 0.339 0.000 0.000 0.000 0.077 0.077 0.106 0.000 0.000 0.000 0.000 0.000 0.000 0.000 0.000 0.025 0.025
0.728 0.818 0.538 0.478 0.058 0.057 0.377 0.087 0.000 0.317 1.167 1.467 0.000 0.000 0.000 0.000 0.000 0.000 0.000 0.000 0.586 0.826 0.000 0.000 8.025 8.025 3.022 1.661 0.000 0.443 1.213 1.573 1.553 1.683 1.493 1.463 1.513 1.603 1.543 1.893 0.043 1.333 1.033 0.383 0.353 0.000 0.000 0.071 0.000 0.262 0.000 0.492 0.442 0.772 0.392 0.152 0.000 0.000 0.179 0.799 0.519 0.229 0.003 0.000 0.096 0.157 0.000 0.000 0.000 0.000 0.000 0.000 0.000 0.000 0.025 0.025 0.025
0.648 0.738 0.318 0.517 0.437 0.047 0.207 0.000 0.000 1.577 1.207 1.537 0.000 0.000 0.000 0.000 0.000 0.000 0.000 0.000 0.206 0.000 2.506 8.026 8.025 3.025 0.000 0.000 0.563 1.043 1.543 1.553 1.533 1.473 1.533 1.243 1.533 1.763 1.763 0.183 1.203 1.343 0.963 0.000 0.383 0.000 0.000 0.000 0.000 0.242 0.006 0.002 0.002 0.006 0.602 0.232 0.000 0.000 0.839 0.739 0.669 0.239 0.000 0.000 0.000 0.000 0.000 0.000 0.000 0.000 0.000 0.000 0.000 0.016 0.025 0.025 0.025
