includes/lisflood-fp-604/results/res-0007.wd
ncols         631
nrows         906
xllcorner     364927.146667
yllcorner     6531972.565556
cellsize      20.000000
NODATA_value  -9999.000000
[rows 306 to 339 of 906, columns 385 to 461 of 631]
0.162 0.530 0.649 0.699 0.728 0.648 0.777 0.656 0.696 0.785 0.894 0.894 0.763 0.902 0.781 0.790 0.970 1.049 1.068 0.877 0.846 0.875 0.885 0.864 0.963 0.952 0.972 1.001 1.070 1.049 1.099 1.018 1.217 1.066 1.246 1.355 1.265 1.244 1.383 1.313 1.272 1.382 1.351 1.431 1.540 1.470 1.489 1.459 1.338 1.518 1.527 1.567 1.596 1.696 1.676 6.695 6.695 6.695 6.695 6.695 6.695 6.695 6.694 6.694 6.694 6.694 6.694 6.694 6.694 6.694 6.693 6.693 6.693 6.693 6.693 6.693 6.693
0.261 0.160 0.549 0.568 0.538 0.718 0.587 0.656 0.745 0.785 0.814 0.843 0.783 0.832 0.871 0.900 0.789 0.859 1.058 0.847 0.936 1.005 1.135 0.924 1.013 0.902 0.892 1.171 1.090 1.090 1.119 1.048 1.097 1.237 1.186 1.355 1.275 1.494 1.344 1.353 1.342 1.582 1.641 1.481 1.510 1.550 1.629 1.399 1.468 1.498 1.558 1.527 1.647 1.576 1.596 6.695 6.695 6.695 6.695 6.695 6.695 6.695 6.694 6.694 6.694 6.694 6.694 6.694 6.694 6.694 6.693 6.693 6.693 6.693 6.693 6.693 6.692
0.013 0.360 0.339 0.578 0.678 0.697 0.737 0.676 0.765 0.824 0.714 0.793 0.732 0.852 0.901 0.880 0.789 0.958 0.898 1.047 1.236 1.045 1.024 1.004 1.113 0.972 1.022 1.061 1.080 1.100 1.129 1.148 1.208 1.207 1.296 1.235 1.255 1.374 1.494 1.453 1.372 1.402 1.431 1.411 1.370 1.490 1.440 1.449 1.429 1.508 1.478 1.577 1.497 6.696 1.626 1.686 6.695 6.695 6.695 6.695 6.695 6.695 6.694 6.694 6.694 6.694 6.694 6.694 6.694 6.693 6.693 6.693 6.693 6.693 6.693 6.693 6.692
0.066 0.091 0.379 0.459 0.668 0.567 0.566 0.615 0.705 0.764 0.883 0.903 0.852 0.871 0.931 0.920 0.919 0.888 0.867 0.937 1.006 1.155 1.164 1.184 1.053 1.142 1.112 1.121 1.171 1.140 1.119 1.188 1.338 1.317 1.506 1.416 1.475 1.375 1.364 1.393 1.303 1.452 1.381 1.271 1.351 1.400 1.450 1.499 1.359 1.398 1.498 1.518 1.627 1.667 1.586 1.646 1.535 6.695 6.695 6.695 6.695 6.695 6.694 6.694 6.694 6.694 6.694 6.694 6.694 6.693 6.693 6.693 6.693 6.693 6.693 6.693 6.692
0.066 0.450 0.530 0.409 0.608 0.497 0.646 0.725 0.704 0.784 0.753 0.742 0.822 0.761 0.750 0.939 0.949 0.888 0.967 1.026 0.926 1.045 1.124 1.084 1.343 1.412 1.552 1.311 1.241 1.350 1.349 1.079 1.168 1.197 1.277 1.276 1.185 1.315 1.294 1.274 1.333 1.332 1.222 1.431 1.281 1.380 1.350 1.360 1.439 1.389 1.438 1.458 1.507 1.507 1.567 1.626 1.696 1.695 6.695 6.695 6.695 6.694 6.694 6.694 6.694 6.694 6.694 6.694 6.694 6.693 6.693 6.693 6.693 6.693 6.693 6.693 6.692
0.000 0.311 0.410 0.419 0.548 0.537 0.725 0.685 0.634 0.643 0.782 0.812 0.881 1.021 0.960 0.929 0.899 1.078 1.057 1.006 1.056 1.095 1.084 1.084 1.103 1.093 1.142 1.091 1.261 1.150 1.179 1.429 1.268 1.297 1.237 1.306 1.235 1.195 1.294 1.254 1.183 1.222 1.252 1.321 1.281 1.380 1.390 1.460 1.369 1.429 1.378 1.508 1.558 1.697 1.627 1.606 1.696 1.695 1.695 6.695 6.695 6.694 6.694 6.694 6.694 6.694 6.694 6.694 6.694 6.693 6.693 6.693 6.693 6.693 6.693 6.692 6.692
0.000 0.421 0.480 0.460 0.218 0.286 0.635 0.524 0.703 0.683 0.752 0.822 0.821 0.870 1.050 0.959 1.048 0.938 0.907 1.126 1.056 1.025 1.064 1.044 1.093 1.073 1.082 1.151 1.221 1.270 1.340 1.149 1.288 1.167 1.587 1.276 1.256 1.355 1.295 1.544 1.443 1.663 1.592 1.592 1.631 1.631 1.550 1.510 1.459 1.599 1.509 1.538 1.478 1.587 1.617 1.697 1.696 1.696 1.695 1.695 6.695 6.694 6.694 6.694 6.694 6.694 6.694 6.694 6.694 6.693 6.693 6.693 6.693 6.693 6.693 6.692 6.692
0.000 0.341 0.261 0.080 0.377 0.196 0.304 0.663 0.633 0.753 0.792 0.771 0.921 0.820 0.890 0.949 0.988 0.918 0.897 0.936 0.956 1.075 1.115 1.064 1.023 1.133 1.092 1.112 1.381 1.100 1.200 1.349 1.348 1.508 1.707 1.437 1.356 1.285 1.255 1.704 1.304 1.283 1.502 1.702 1.521 1.691 1.701 1.700 1.700 1.699 1.699 1.698 1.698 1.698 1.697 1.697 1.697 1.676 1.666 1.665 1.695 6.694 6.694 6.694 6.694 6.694 6.694 6.694 6.693 6.693 6.693 6.693 6.693 6.693 6.692 6.692 6.692
0.000 0.000 0.319 0.398 0.536 0.325 0.454 0.633 0.723 0.623 0.702 0.781 0.811 0.780 0.949 0.989 0.928 0.838 0.967 0.966 0.906 0.975 1.024 1.094 1.143 1.143 1.052 0.962 1.101 1.161 1.130 1.219 1.179 1.268 1.177 1.347 1.266 1.226 1.245 1.704 1.454 1.693 1.243 1.452 1.362 1.481 1.391 1.410 1.700 1.600 1.699 6.699 1.528 1.638 1.698 1.697 1.627 1.666 1.686 1.696 1.695 6.694 6.694 6.694 6.694 6.694 6.694 6.694 6.693 6.693 6.693 6.693 6.693 6.693 6.692 6.692 6.692
0.000 0.000 0.025 0.127 0.416 0.315 0.584 0.593 0.753 0.723 0.712 0.701 0.801 0.890 0.749 0.939 0.828 0.888 0.807 0.886 0.936 0.905 1.105 1.074 1.163 0.973 1.122 1.282 1.161 1.201 1.240 1.170 1.259 1.328 1.267 1.267 1.216 1.166 1.215 1.245 1.264 1.293 1.313 1.442 1.382 1.411 1.581 1.701 1.510 1.520 1.529 1.609 1.629 1.678 1.558 1.697 1.667 1.687 1.696 1.696 1.695 1.695 6.694 6.694 6.694 6.694 6.694 6.693 6.693 6.693 6.693 6.693 6.693 6.692 6.692 6.692 6.692
0.000 0.000 0.011 0.167 0.396 0.535 0.554 0.613 0.643 0.622 0.682 0.751 0.741 0.840 0.869 0.899 0.998 1.078 0.847 1.056 0.956 0.965 1.035 1.194 1.174 1.113 1.122 1.212 1.092 1.181 1.270 1.270 1.179 1.228 1.298 1.247 1.236 1.306 1.285 1.465 1.454 1.394 1.573 1.433 1.322 1.332 1.391 1.441 1.520 1.420 1.620 1.689 1.609 1.698 1.638 1.638 1.697 1.607 1.666 1.686 1.695 1.695 1.695 6.694 6.694 6.694 6.694 6.693 6.693 6.693 6.693 6.693 6.693 6.692 6.692 6.692 6.692
0.000 0.000 0.000 0.129 0.004 0.354 0.604 0.593 0.643 0.693 0.602 0.671 0.741 0.820 0.819 0.869 0.968 0.968 0.927 0.947 0.916 1.005 1.005 0.914 1.044 1.183 1.343 1.182 1.202 1.161 1.150 1.200 1.199 1.288 1.278 1.307 1.247 1.256 1.365 1.585 1.705 1.294 1.703 1.373 1.392 1.382 1.592 1.521 1.491 1.560 1.570 1.699 1.569 1.588 1.638 1.608 1.647 1.697 1.657 1.666 1.645 1.695 1.695 1.694 6.694 6.694 6.694 6.693 6.693 6.693 6.693 6.693 6.692 6.692 6.692 6.692 6.692
0.000 0.000 0.000 0.007 0.086 0.514 0.624 0.593 0.603 0.603 0.662 0.771 0.611 0.850 0.749 0.819 0.848 0.878 0.967 1.047 1.026 1.036 1.025 1.014 1.134 1.023 1.163 1.252 1.222 1.141 1.250 1.160 1.209 1.228 1.208 1.298 1.287 1.286 1.336 1.325 1.265 1.444 1.504 1.403 1.393 1.322 1.702 1.561 1.441 1.520 1.500 1.610 1.659 1.559 1.698 1.578 1.658 1.587 1.697 1.656 1.696 1.685 1.695 1.695 1.694 6.694 6.693 6.693 6.693 6.693 6.693 6.693 6.692 6.692 6.692 6.692 6.692
0.236 0.000 0.000 0.167 0.236 0.494 0.694 0.604 0.553 0.653 0.722 0.591 0.671 0.780 0.799 0.769 0.868 0.918 0.997 0.927 1.056 0.995 0.905 0.884 1.014 1.023 1.133 1.102 1.211 1.181 1.290 1.230 1.229 1.359 1.328 1.318 1.337 1.297 1.386 1.265 1.365 1.415 1.404 1.703 1.463 1.402 1.612 1.431 1.451 1.551 1.620 1.560 1.549 1.679 1.648 1.668 1.668 1.597 1.697 1.636 1.626 1.695 1.695 1.694 1.694 1.694 6.693 6.693 6.693 6.693 6.693 6.692 6.692 6.692 6.692 6.692 6.692
0.106 0.000 0.000 0.000 0.395 0.575 0.564 0.674 0.563 0.573 0.712 0.591 0.711 0.670 0.739 0.879 0.858 0.908 0.907 0.907 0.916 1.026 0.985 0.984 0.974 1.033 0.953 1.102 1.172 1.151 1.220 1.230 1.199 1.169 1.158 1.248 1.517 1.127 1.326 1.256 1.395 1.405 1.404 1.424 1.543 1.513 1.552 1.472 1.531 1.401 1.460 1.580 1.619 1.689 1.648 1.558 1.548 1.567 1.547 1.646 1.696 6.695 1.695 1.695 1.694 1.694 1.693 6.693 6.693 6.693 6.692 6.692 6.692 6.692 6.692 6.692 6.691
0.036 0.000 0.000 0.000 0.505 0.675 0.594 0.533 0.563 0.702 0.662 0.801 0.771 0.800 0.799 0.849 0.798 0.848 0.877 0.887 0.946 0.986 0.985 1.014 1.034 0.953 0.993 1.042 1.082 1.061 1.181 1.220 1.200 1.219 1.228 1.438 1.307 1.277 1.396 1.336 1.325 1.385 1.274 1.444 1.553 1.523 1.562 1.482 1.391 1.531 1.530 1.550 1.579 1.619 1.659 1.618 1.698 1.547 1.647 1.656 1.696 1.696 1.645 1.675 1.694 1.664 1.693 1.693 6.693 6.693 6.692 6.692 6.692 6.692 6.692 6.692 6.691
0.000 0.000 0.000 0.001 0.000 0.604 0.384 0.633 0.583 0.542 0.612 0.571 0.811 0.790 0.780 0.899 0.828 0.728 0.777 0.967 0.876 1.035 0.965 0.964 1.084 1.133 1.013 1.142 1.082 1.031 1.291 1.130 1.210 1.459 1.118 1.348 1.547 1.257 1.366 1.376 1.356 1.365 1.615 1.404 1.383 1.483 1.662 1.522 1.652 1.591 1.541 1.410 1.469 1.649 1.599 1.548 1.698 1.637 1.627 6.697 1.696 6.696 1.695 1.695 1.694 1.694 1.694 1.693 1.693 6.692 6.692 6.692 6.692 6.692 6.692 6.691 6.691
0.000 0.000 0.000 0.000 0.001 0.000 0.403 0.533 0.533 0.572 0.552 0.771 0.681 0.730 0.710 0.759 0.768 0.838 0.827 0.817 0.946 0.895 0.935 1.024 0.924 0.963 1.233 1.062 1.072 1.031 1.071 1.100 1.250 1.279 1.209 1.198 1.368 1.367 1.287 1.226 1.336 1.395 1.275 1.404 1.404 1.393 1.513 1.532 1.422 1.471 1.541 1.550 1.490 1.479 1.569 1.578 1.618 1.617 1.587 1.697 1.696 1.696 1.695 1.695 1.694 1.694 1.694 1.693 1.693 1.693 1.692 6.692 6.692 6.692 6.691 6.691 6.691
0.000 0.000 0.000 0.000 0.000 0.000 0.453 0.673 0.623 0.572 0.772 0.571 0.691 0.640 0.670 0.899 0.788 0.918 0.787 0.817 0.876 0.875 0.955 1.044 1.053 1.053 1.052 0.982 1.012 1.101 1.081 1.170 1.030 1.199 1.339 1.238 1.298 1.267 1.357 1.316 1.456 1.325 1.295 1.394 1.424 1.423 1.463 1.432 1.352 1.501 1.701 1.480 1.620 1.619 1.579 1.558 1.538 1.697 1.697 1.637 1.696 1.676 6.695 1.625 1.694 1.694 6.694 1.693 1.693 1.693 1.692 1.692 6.692 6.692 6.691 6.691 6.691
0.000 0.000 0.000 0.000 0.000 0.001 0.000 0.433 0.573 0.502 0.502 0.461 0.551 0.710 0.710 0.729 0.718 0.798 0.797 0.936 0.856 0.905 0.805 0.914 0.944 0.863 1.062 0.952 0.952 1.121 1.081 1.090 1.120 1.319 1.269 1.148 1.238 1.327 1.227 1.246 1.536 1.315 1.325 1.424 1.434 1.423 1.393 1.552 1.562 1.481 1.591 1.570 1.520 1.599 1.579 1.688 1.698 1.667 1.677 1.637 1.656 1.696 1.695 1.685 1.695 1.644 1.694 1.693 1.693 1.693 1.692 1.692 1.692 6.691 6.691 6.691 6.691
0.000 0.000 0.000 0.000 0.000 0.000 0.001 0.000 0.642 0.532 0.632 0.621 0.551 0.720 0.720 0.679 0.818 0.728 0.757 0.916 0.826 0.795 1.035 1.084 0.864 0.943 0.993 1.042 1.132 1.021 1.061 1.110 1.090 1.199 1.319 1.249 1.268 1.247 1.257 1.246 1.586 1.356 1.345 1.375 1.464 1.474 1.373 1.513 1.422 1.452 1.551 1.500 1.460 1.559 1.469 1.658 1.638 1.638 1.607 1.597 1.626 1.686 1.696 1.695 1.695 1.694 1.694 1.694 1.693 1.693 1.692 1.692 1.692 1.691 6.691 6.691 6.691
0.000 0.000 0.000 0.000 0.000 0.000 0.000 0.000 0.342 0.402 0.532 0.591 0.641 0.600 0.610 0.639 0.748 0.688 0.777 0.766 0.876 0.875 0.865 0.934 0.944 0.883 0.973 0.952 1.012 1.081 1.061 1.090 1.140 1.179 1.219 1.278 1.238 1.358 1.277 1.247 1.196 1.256 1.305 1.345 1.434 1.414 1.403 1.403 1.442 1.362 1.511 1.701 1.600 1.459 1.429 1.589 1.538 1.618 1.567 1.557 1.546 1.636 1.606 1.695 1.695 1.694 1.694 1.694 1.693 1.693 1.693 1.692 1.692 1.692 1.691 6.691 6.691
0.000 0.000 0.000 0.000 0.000 0.000 0.000 0.001 0.000 0.084 0.431 0.471 0.391 0.530 0.640 0.599 0.698 0.687 0.697 0.766 0.796 0.835 0.795 0.914 0.903 0.983 1.012 1.082 1.032 1.011 1.041 1.080 1.090 1.070 1.169 1.189 1.168 1.258 1.187 1.317 1.306 1.356 1.235 1.395 1.404 1.444 1.503 1.473 1.412 1.532 1.471 1.561 1.580 1.690 1.529 1.519 1.558 1.528 1.697 1.637 1.616 1.686 1.696 1.575 1.675 1.694 1.694 1.684 1.693 1.693 1.663 1.692 1.692 1.692 1.691 1.691 6.691
0.000 0.000 0.000 0.000 0.000 0.000 0.000 0.000 0.001 0.000 0.411 0.281 0.371 0.600 0.610 0.519 0.508 0.677 0.726 0.696 0.826 0.825 0.735 0.954 0.873 0.873 0.942 0.952 1.242 1.241 1.091 1.070 0.990 1.220 1.049 1.109 1.228 1.258 1.197 1.207 1.296 1.286 1.286 1.485 1.444 1.404 1.494 1.383 1.522 1.512 1.451 1.601 1.540 1.680 1.679 1.629 1.568 1.568 1.647 1.637 1.657 1.626 1.616 1.635 1.655 1.694 1.694 1.694 1.693 1.643 1.693 1.632 1.692 1.692 1.691 1.691 1.691
0.000 0.000 0.000 0.000 0.000 0.000 0.000 0.000 0.000 0.001 0.000 0.471 0.441 0.520 0.450 0.499 0.587 0.697 0.756 0.726 0.795 0.735 0.974 0.884 0.893 0.813 1.012 0.952 1.022 0.981 0.981 0.980 1.100 1.090 1.119 1.259 1.038 1.098 1.178 1.347 1.197 1.286 1.306 1.415 1.315 1.474 1.424 1.413 1.353 1.462 1.492 1.541 1.551 1.560 1.539 1.589 1.618 1.658 1.657 1.547 1.677 1.606 1.646 1.635 1.685 6.694 1.694 1.654 1.683 1.543 1.693 1.692 1.692 6.692 1.691 1.691 1.691
0.000 0.000 0.000 0.000 0.000 0.000 0.000 0.000 0.000 0.000 0.000 0.391 0.461 0.381 0.032 0.197 0.647 0.616 0.656 0.775 0.725 0.855 0.934 0.954 0.854 0.963 0.852 0.892 0.962 1.061 1.011 1.091 1.080 1.020 1.139 1.249 1.119 1.068 1.148 1.257 1.217 1.336 1.386 1.345 1.265 1.374 1.444 1.403 1.463 1.512 1.482 1.471 1.501 1.450 1.589 6.699 1.628 1.528 1.667 1.597 1.647 1.596 1.586 1.595 6.695 1.614 1.694 1.634 1.694 1.693 1.693 1.692 1.692 1.692 1.691 1.691 1.691
0.000 0.000 0.000 0.000 0.000 0.000 0.000 0.000 0.000 0.000 0.000 0.000 0.161 0.271 0.240 0.357 0.567 0.666 0.506 0.635 0.825 0.785 0.874 0.854 0.794 0.963 0.892 0.992 1.012 1.021 1.151 1.100 1.010 1.090 1.139 1.079 0.999 1.098 1.188 1.117 1.197 1.296 1.356 1.365 1.355 1.234 1.314 1.313 1.343 1.442 1.452 1.461 1.591 1.510 1.630 1.519 1.538 1.628 1.518 1.587 1.557 1.606 1.696 1.565 1.535 1.585 1.694 1.654 1.644 1.693 1.643 1.692 6.692 1.692 1.691 1.691 1.691
0.000 0.000 0.000 0.000 0.000 0.000 0.000 0.000 0.000 0.000 0.000 0.002 0.000 0.064 0.182 0.015 0.536 0.536 0.556 0.625 0.685 0.745 0.874 0.714 0.953 0.793 0.842 0.862 1.012 1.091 1.061 1.001 0.970 1.010 1.060 1.029 1.139 1.128 1.228 1.137 1.217 1.196 1.256 1.306 1.315 1.305 1.424 1.434 1.443 1.453 1.422 1.451 1.391 1.570 1.450 1.609 1.489 1.698 1.528 1.597 1.627 1.526 1.626 1.605 1.565 1.535 1.624 1.634 1.653 1.593 1.693 1.692 1.692 1.692 1.691 1.691 1.691
0.000 0.000 0.000 0.000 0.000 0.000 0.000 0.000 0.000 0.000 0.000 0.000 0.002 0.000 0.202 0.212 0.087 0.446 0.555 0.555 0.625 0.585 0.754 0.764 0.873 0.803 0.863 0.872 1.072 0.861 0.861 0.990 1.050 1.040 1.070 1.139 1.209 1.148 1.068 1.137 1.127 1.187 1.226 1.346 1.495 1.335 1.374 1.424 1.363 1.503 1.462 1.352 1.561 1.550 1.540 1.619 1.559 1.578 1.548 1.537 1.537 1.496 1.666 1.515 1.535 1.544 1.464 1.634 1.623 1.693 1.693 1.692 1.622 1.692 1.691 1.691 1.691
0.000 0.000 0.000 0.000 0.000 0.000 0.000 0.000 0.000 0.000 0.000 0.000 0.000 0.002 0.000 0.111 0.137 0.386 0.495 0.485 0.575 0.684 0.774 0.734 0.764 0.753 0.843 0.952 0.982 0.891 1.001 0.931 1.060 1.010 0.950 1.079 1.189 1.148 1.108 1.227 1.167 1.227 1.156 1.466 1.225 1.295 1.304 1.344 1.343 1.513 1.462 1.501 1.631 1.430 1.370 1.479 1.549 1.538 1.628 1.507 1.557 1.526 1.546 1.635 1.485 1.604 1.654 1.554 6.693 1.603 1.563 1.682 1.692 1.682 1.691 1.691 1.691
0.000 0.000 0.000 0.000 0.000 0.000 0.000 0.000 0.000 0.000 0.000 0.000 0.000 0.000 0.002 0.000 0.266 0.246 0.386 0.085 0.415 0.554 0.724 0.624 0.753 0.683 0.843 0.792 0.912 0.851 0.891 0.941 0.930 0.960 0.990 1.079 1.029 1.019 1.038 1.137 1.147 1.237 1.096 1.206 1.315 1.345 1.324 1.394 1.333 1.373 1.432 1.362 1.461 1.580 1.440 1.519 1.509 1.528 1.448 1.437 1.567 1.646 1.576 1.485 1.645 1.624 1.554 1.654 1.673 1.633 1.693 1.672 1.692 1.672 1.691 1.691 1.691
0.000 0.000 0.000 0.000 0.000 0.000 0.000 0.000 0.000 0.000 0.000 0.000 0.000 0.000 0.000 0.002 0.000 0.156 0.226 0.365 0.435 0.584 0.524 0.654 0.663 0.733 0.793 0.842 0.772 0.862 0.951 0.981 0.970 0.950 0.999 0.979 1.079 0.978 1.008 1.077 1.057 1.247 1.296 1.246 1.235 1.205 1.234 1.264 1.273 1.463 1.352 1.452 1.351 1.451 1.420 1.479 1.539 1.378 1.518 1.447 1.477 1.496 1.436 1.565 1.665 1.684 1.594 1.614 1.683 1.663 1.623 1.692 1.692 1.692 1.691 1.691 1.691
0.000 0.000 0.000 0.000 0.000 0.000 0.000 0.000 0.000 0.000 0.000 0.000 0.000 0.000 0.000 0.000 0.002 0.000 0.126 0.255 0.415 0.525 0.394 0.494 0.664 0.693 0.683 0.692 0.812 0.812 0.931 0.901 0.940 0.860 0.970 0.969 0.979 0.948 1.058 1.057 1.017 1.066 1.236 1.136 1.205 1.315 1.294 1.324 1.333 1.243 1.432 1.412 1.321 1.420 1.330 1.489 1.449 1.438 1.548 1.527 1.697 1.596 1.586 1.645 1.595 1.674 6.694 1.613 1.603 1.693 1.652 1.692 1.692 1.692 1.691 1.691 1.691
0.000 0.000 0.000 0.000 0.000 0.000 0.000 0.000 0.000 0.000 0.000 0.000 0.000 0.000 0.000 0.000 0.000 0.000 0.001 0.285 0.225 0.385 0.375 0.354 0.244 0.653 0.663 0.633 0.822 0.782 0.841 0.871 0.870 0.860 0.919 0.979 0.989 1.028 1.068 1.017 0.937 1.016 1.116 1.375 1.185 1.245 1.294 1.324 1.223 1.393 1.262 1.281 1.261 1.300 1.470 1.349 1.229 1.398 1.418 1.507 1.547 1.566 1.596 1.615 1.605 1.564 1.694 1.613 1.593 1.693 1.692 1.692 1.692 1.692 1.571 1.631 1.691
