includes/lisflood-fp-604/results/res-0002.wd
ncols         631
nrows         906
xllcorner     364927.146667
yllcorner     6531972.565556
cellsize      20.000000
NODATA_value  -9999.000000
[rows 816 to 849 of 906, columns 462 to 538 of 631]
2.313 2.113 2.263 2.294 2.094 2.275 2.235 1.845 2.396 2.456 7.666 7.666 7.666 7.667 7.667 7.667 7.667 7.667 7.667 7.667 7.668 7.668 7.668 7.668 7.668 7.668 7.668 7.668 7.669 7.669 7.669 7.669 7.669 7.669 7.669 7.669 7.669 7.669 7.669 7.669 7.669 7.669 7.669 7.669 7.669 7.669 7.669 7.669 7.669 7.669 7.669 7.669 7.669 7.669 7.669 7.669 7.669 7.669 7.669 7.669 7.669 7.669 7.669 7.668 7.668 7.668 7.668 7.668 7.668 7.668 7.668 7.668 7.668 7.668 7.667 7.667 7.667
2.233 2.353 2.383 2.274 2.224 2.165 2.215 2.335 2.426 2.626 7.666 7.666 7.666 7.666 7.667 7.667 7.667 7.667 7.667 7.667 7.668 7.668 7.668 7.668 7.668 7.668 7.668 7.668 7.669 7.669 7.669 7.669 7.669 7.669 7.669 7.669 7.669 7.669 7.669 7.669 7.669 7.669 7.669 7.669 7.669 7.669 7.669 7.669 7.669 7.669 7.669 7.669 7.669 7.669 7.669 7.669 7.669 7.669 7.669 7.669 7.669 7.669 7.669 7.668 7.668 7.668 7.668 7.668 7.668 7.668 7.668 7.668 7.668 7.668 7.668 7.667 7.667
2.393 2.594 2.414 2.414 2.525 2.235 2.425 2.475 2.195 2.566 7.666 7.666 7.666 7.666 7.667 7.667 7.667 7.667 7.667 7.667 7.668 7.668 7.668 7.668 7.668 7.668 7.668 7.668 7.669 7.669 7.669 7.669 7.669 7.669 7.669 7.669 7.669 7.669 7.669 7.669 7.669 7.669 7.669 7.669 7.669 7.669 7.669 7.669 7.669 7.669 7.669 7.669 7.669 7.669 7.669 7.669 7.669 7.669 7.669 7.669 7.669 7.669 7.668 7.668 7.668 7.668 7.668 7.668 7.668 7.668 7.668 7.668 7.668 7.668 7.668 7.667 7.667
2.343 2.474 2.534 2.535 2.505 2.655 2.525 2.555 2.565 7.666 7.666 7.666 7.666 7.666 7.666 7.667 7.667 7.667 7.667 7.667 7.668 7.668 7.668 7.668 7.668 7.668 7.668 7.668 7.669 7.669 7.669 7.669 7.669 7.669 7.669 7.669 7.669 7.669 7.669 7.669 7.669 7.669 7.669 7.669 7.669 7.669 7.669 7.669 7.669 7.669 7.669 7.669 7.669 7.669 7.669 7.669 7.669 7.669 7.669 7.669 7.669 7.669 7.668 7.668 7.668 7.668 7.668 7.668 7.668 7.668 7.668 7.668 7.668 7.668 7.668 7.668 7.667
2.564 2.404 7.664 2.625 2.595 7.665 7.665 7.665 7.665 7.666 7.666 7.666 7.666 7.666 7.666 7.667 7.667 7.667 7.667 7.667 7.667 7.668 7.668 7.668 7.668 7.668 7.668 7.668 7.668 7.669 7.669 7.669 7.669 7.669 7.669 7.669 7.669 7.669 7.669 7.669 7.669 7.669 7.669 7.669 7.669 7.669 7.669 7.669 7.669 7.669 7.669 7.669 7.669 7.669 7.669 7.669 7.669 7.669 7.669 7.669 7.669 7.668 7.668 7.668 7.668 7.668 7.668 7.668 7.668 7.668 7.668 7.668 7.668 7.668 7.668 7.668 7.667
7.664 7.664 7.665 7.665 7.665 7.665 7.665 7.665 7.665 7.665 7.666 7.666 7.666 7.666 7.666 7.666 7.667 7.667 7.667 7.667 7.667 7.668 7.668 7.668 7.668 7.668 7.668 7.668 7.668 7.669 7.669 7.669 7.669 7.669 7.669 7.669 7.669 7.669 7.669 7.669 7.669 7.669 7.669 7.669 7.669 7.669 7.669 7.669 7.669 7.669 7.669 7.669 7.669 7.669 7.669 7.669 7.669 7.669 7.669 7.669 7.669 7.668 7.668 7.668 7.668 7.668 7.668 7.668 7.668 7.668 7.668 7.668 7.668 7.668 7.668 7.668 7.668
7.664 7.664 7.664 7.665 7.665 7.665 7.665 7.665 7.665 7.665 7.666 7.666 7.666 7.666 7.666 7.666 7.667 7.667 7.667 7.667 7.667 7.668 7.668 7.668 7.668 7.668 7.668 7.668 7.668 7.669 7.669 7.669 7.669 7.669 7.669 7.669 7.669 7.669 7.669 7.669 7.669 7.669 7.669 7.669 7.669 7.669 7.669 7.669 7.669 7.669 7.669 7.669 7.669 7.669 7.669 7.669 7.669 7.669 7.669 7.669 7.669 7.668 7.668 7.668 7.668 7.668 7.668 7.668 7.668 7.668 7.668 7.668 7.668 7.668 7.668 7.668 7.668
7.664 7.664 7.664 7.665 7.665 7.665 7.665 7.665 7.665 7.665 7.665 7.666 7.666 7.666 7.666 7.666 7.666 7.667 7.667 7.667 7.667 7.667 7.668 7.668 7.668 7.668 7.668 7.668 7.668 7.669 7.669 7.669 7.669 7.669 7.669 7.669 7.669 7.669 7.669 7.669 7.669 7.669 7.669 7.669 7.669 7.669 7.669 7.669 7.669 7.669 7.669 7.669 7.669 7.669 7.669 7.669 7.669 7.669 7.669 7.669 7.669 7.669 7.668 7.668 7.668 7.668 7.668 7.668 7.668 7.668 7.668 7.668 7.668 7.668 7.668 7.668 7.668
7.664 7.664 7.664 7.665 7.665 7.665 7.665 7.665 7.665 7.665 7.665 7.666 7.666 7.666 7.666 7.666 7.666 7.667 7.667 7.667 7.667 7.667 7.668 7.668 7.668 7.668 7.668 7.668 7.668 7.669 7.669 7.669 7.669 7.669 7.669 7.669 7.669 7.669 7.669 7.669 7.669 7.669 7.669 7.669 7.669 7.669 7.669 7.669 7.669 7.669 7.669 7.669 7.669 7.669 7.669 7.669 7.669 7.669 7.669 7.669 7.669 7.669 7.669 7.668 7.668 7.668 7.668 7.668 7.668 7.668 7.668 7.668 7.668 7.668 7.668 7.668 7.668
7.664 7.664 7.664 7.665 7.665 7.665 7.665 7.665 7.665 7.665 7.665 7.666 7.666 7.666 7.666 7.666 7.666 7.667 7.667 7.667 7.667 7.667 7.668 7.668 7.668 7.668 7.668 7.668 7.668 7.669 7.669 7.669 7.669 7.669 7.669 7.669 7.669 7.669 7.669 7.669 7.669 7.669 7.669 7.669 7.669 7.669 7.669 7.669 7.669 7.669 7.669 7.669 7.669 7.669 7.669 7.669 7.669 7.669 7.669 7.669 7.669 7.669 7.669 7.669 7.668 7.668 7.668 7.668 7.668 7.668 7.668 7.668 7.668 7.668 7.668 7.668 7.668
7.664 7.664 7.664 7.665 7.665 7.665 7.665 7.665 7.665 7.665 7.665 7.666 7.666 7.666 7.666 7.666 7.666 7.667 7.667 7.667 7.667 7.667 7.668 7.668 7.668 7.668 7.668 7.668 7.669 7.669 7.669 7.669 7.669 7.669 7.669 7.669 7.669 7.669 7.669 7.669 7.669 7.669 7.669 7.669 7.669 7.669 7.669 7.669 7.669 7.669 7.669 7.669 7.669 7.669 7.669 7.669 7.669 7.669 7.669 7.669 7.669 7.669 7.669 7.669 7.669 7.668 7.668 7.668 7.668 7.668 7.668 7.668 7.668 7.668 7.668 7.668 7.668
7.664 7.664 7.664 7.665 7.665 7.665 7.665 7.665 7.665 7.665 7.665 7.666 7.666 7.666 7.666 7.666 7.666 7.667 7.667 7.667 7.667 7.667 7.668 7.668 7.668 7.668 7.668 7.669 7.669 7.669 7.669 7.669 7.669 7.669 7.669 7.669 7.669 7.669 7.669 7.669 7.669 7.669 7.669 7.669 7.669 7.669 7.669 7.669 7.669 7.669 7.669 7.669 7.669 7.669 7.669 7.669 7.669 7.669 7.669 7.669 7.669 7.669 7.669 7.669 7.669 7.669 7.668 7.668 7.668 7.668 7.668 7.668 7.668 7.668 7.668 7.668 7.668
7.664 7.664 7.664 7.665 7.665 7.665 7.665 7.665 7.665 7.665 7.665 7.666 7.666 7.666 7.666 7.666 7.667 7.667 7.667 7.667 7.667 7.668 7.668 7.668 7.668 7.668 7.668 7.669 7.669 7.669 7.669 7.669 7.669 7.669 7.669 7.669 7.669 7.669 7.669 7.669 7.669 7.669 7.669 7.669 7.669 7.669 7.669 7.669 7.669 7.669 7.669 7.669 7.669 7.669 7.669 7.669 7.669 7.669 7.669 7.669 7.669 7.669 7.669 7.669 7.669 7.669 7.669 7.668 7.668 7.668 7.668 7.668 7.668 7.668 7.668 7.668 7.668
7.664 7.664 7.664 7.664 7.665 7.665 7.665 7.665 7.665 7.665 7.665 7.666 7.666 7.666 7.666 7.666 7.667 7.667 7.667 7.667 7.667 7.668 7.668 7.668 7.668 7.668 7.668 7.669 7.669 7.669 7.669 7.669 7.669 7.669 7.669 7.669 7.669 7.669 7.669 7.669 7.669 7.669 7.669 7.669 7.669 7.669 7.669 7.669 7.669 7.669 7.669 7.669 7.669 7.669 7.669 7.669 7.669 7.669 7.669 7.669 7.669 7.669 7.669 7.669 7.669 7.669 7.669 7.669 7.669 7.668 7.668 7.668 7.668 7.668 7.668 7.668 7.668
7.664 7.664 7.664 7.664 7.665 7.665 7.665 7.665 7.665 7.665 7.665 7.666 7.666 7.666 7.666 7.667 7.667 7.667 7.667 7.667 7.667 7.668 7.668 7.668 7.668 7.668 7.668 7.669 7.669 7.669 7.669 7.669 7.669 7.669 7.669 7.669 7.669 7.669 7.669 7.669 7.669 7.669 7.669 7.669 7.669 7.669 7.669 7.669 7.669 7.669 7.669 7.669 7.669 7.669 7.669 7.669 7.669 7.669 7.669 7.669 7.669 7.669 7.669 7.669 7.669 7.669 7.669 7.669 7.669 7.669 7.668 7.668 7.668 7.668 7.668 7.668 7.668
7.664 7.664 7.664 7.665 7.665 7.665 7.665 7.665 7.665 7.665 7.665 7.666 7.666 7.666 7.666 7.667 7.667 7.667 7.667 7.667 7.668 7.668 7.668 7.668 7.668 7.668 7.668 7.669 7.669 7.669 7.669 7.669 7.669 7.669 7.669 7.669 7.669 7.669 7.669 7.669 7.669 7.669 7.669 7.669 7.669 7.669 7.669 7.669 7.669 7.669 7.669 7.669 7.669 7.669 7.669 7.669 7.669 7.669 7.669 7.669 7.669 7.669 7.669 7.669 7.669 7.669 7.669 7.669 7.669 7.669 7.669 7.668 7.668 7.668 7.668 7.668 7.668
7.664 7.664 7.664 7.665 7.665 7.665 7.665 7.665 7.665 7.665 7.665 7.666 7.666 7.666 7.666 7.667 7.667 7.667 7.667 7.668 7.668 7.668 7.668 7.668 7.668 7.668 7.668 7.669 7.669 7.669 7.669 7.669 7.669 7.669 7.669 7.669 7.669 7.669 7.669 7.669 7.669 7.669 7.669 7.669 7.669 7.669 7.669 7.669 7.669 7.669 7.669 7.669 7.669 7.669 7.669 7.669 7.669 7.669 7.669 7.669 7.669 7.669 7.669 7.669 7.669 7.669 7.669 7.669 7.669 7.669 7.668 7.668 7.668 7.668 7.668 7.668 7.668
7.664 7.664 7.664 7.665 7.665 7.665 7.665 7.665 7.665 7.665 7.666 7.666 7.666 7.666 7.666 7.667 7.667 7.667 7.667 7.667 7.668 7.668 7.668 7.668 7.668 7.668 7.669 7.669 7.669 7.669 7.669 7.669 7.669 7.669 7.669 7.669 7.669 7.669 7.669 7.669 7.669 7.669 7.669 7.669 7.669 7.669 7.669 7.669 7.669 7.669 7.669 7.669 7.669 7.669 7.669 7.669 7.669 7.669 7.669 7.669 7.669 7.669 7.669 7.669 7.669 7.669 7.669 7.669 7.669 7.669 7.668 7.668 7.668 7.668 7.668 7.668 7.668
7.664 7.664 7.665 7.665 7.665 7.665 7.665 7.665 7.665 7.665 7.666 7.666 7.666 7.666 7.666 7.667 7.667 7.667 7.667 7.667 7.668 7.668 7.668 7.668 7.668 7.668 7.669 7.669 7.669 7.669 7.669 7.669 7.669 7.669 7.669 7.669 7.669 7.669 7.669 7.669 7.669 7.669 7.670 7.670 7.669 7.669 7.669 7.669 7.669 7.669 7.669 7.669 7.669 7.669 7.669 7.669 7.669 7.669 7.669 7.669 7.669 7.669 7.669 7.669 7.669 7.669 7.669 7.669 7.669 7.669 7.669 7.668 7.668 7.668 7.668 7.668 7.668
7.664 7.665 7.665 7.665 7.665 7.665 7.665 7.665 7.665 7.665 7.666 7.666 7.666 7.666 7.666 7.667 7.667 7.667 7.667 7.667 7.668 7.668 7.668 7.668 7.668 7.669 7.669 7.669 7.669 7.669 7.669 7.669 7.669 7.669 7.669 7.669 7.669 7.669 7.669 7.669 7.669 7.669 7.670 7.670 7.670 7.669 7.669 7.669 7.669 7.669 7.669 7.669 7.669 7.669 7.669 7.669 7.669 7.669 7.669 7.669 7.669 7.669 7.669 7.669 7.669 7.669 7.669 7.669 7.669 7.669 7.669 7.669 7.668 7.668 7.668 7.668 7.668
7.664 7.665 7.665 7.665 7.665 7.665 7.665 7.665 7.665 7.665 7.666 7.666 7.666 7.666 7.666 7.667 7.667 7.667 7.667 7.667 7.668 7.668 7.668 7.668 7.668 7.669 7.669 7.669 7.669 7.669 7.669 7.669 7.669 7.669 7.669 7.669 7.669 7.669 7.669 7.669 7.669 7.669 7.670 7.670 7.670 7.670 7.669 7.669 7.669 7.669 7.669 7.669 7.669 7.669 7.669 7.669 7.669 7.669 7.669 7.669 7.669 7.669 7.669 7.669 7.669 7.669 7.669 7.669 7.669 7.669 7.669 7.669 7.668 7.668 7.668 7.668 7.668
7.664 7.665 7.665 7.665 7.665 7.665 7.665 7.665 7.665 7.666 7.666 7.666 7.666 7.666 7.666 7.667 7.667 7.667 7.667 7.667 7.668 7.668 7.668 7.668 7.668 7.669 7.669 7.669 7.669 7.669 7.669 7.669 7.669 7.669 7.669 7.669 7.669 7.669 7.669 7.669 7.669 7.669 7.670 7.670 7.670 7.670 7.670 7.670 7.669 7.669 7.669 7.669 7.669 7.669 7.669 7.669 7.669 7.669 7.669 7.669 7.669 7.669 7.669 7.669 7.669 7.669 7.669 7.669 7.669 7.669 7.669 7.669 7.668 7.668 7.668 7.668 7.668
7.664 7.665 7.665 7.665 7.665 7.665 7.665 7.665 7.665 7.666 7.666 7.666 7.666 7.666 7.666 7.667 7.667 7.667 7.667 7.668 7.668 7.668 7.668 7.668 7.668 7.669 7.669 7.669 7.669 7.669 7.669 7.669 7.669 7.669 7.669 7.669 7.669 7.669 7.669 7.669 7.669 7.670 7.670 7.670 7.670 7.670 7.670 7.670 7.670 7.670 7.669 7.669 7.669 7.669 7.669 7.669 7.669 7.669 7.669 7.669 7.669 7.669 7.669 7.669 7.669 7.669 7.669 7.669 7.669 7.669 7.669 7.669 7.668 7.668 7.668 7.668 7.668
7.664 7.664 7.665 7.665 7.665 7.665 7.665 7.665 7.665 7.666 7.666 7.666 7.666 7.666 7.666 7.667 7.667 7.667 7.667 7.668 7.668 7.668 7.668 7.668 7.668 7.668 7.669 7.669 7.669 7.669 7.669 7.669 7.669 7.669 7.669 7.669 7.669 7.669 7.669 7.669 7.669 7.670 7.670 7.670 7.670 7.670 7.670 7.670 7.670 7.670 7.670 7.670 7.670 7.669 7.669 7.669 7.669 7.669 7.669 7.669 7.669 7.669 7.669 7.669 7.669 7.669 7.669 7.669 7.669 7.669 7.669 7.669 7.668 7.668 7.668 7.668 7.668
7.664 7.664 7.665 7.665 7.665 7.665 7.665 7.665 7.665 7.666 7.666 7.666 7.666 7.666 7.667 7.667 7.667 7.667 7.667 7.668 7.668 7.668 7.668 7.668 7.668 7.668 7.669 7.669 7.669 7.669 7.669 7.669 7.669 7.669 7.669 7.669 7.669 7.669 7.669 7.669 7.669 7.670 7.670 7.670 7.670 7.670 7.670 7.670 7.670 7.670 7.670 7.670 7.670 7.670 7.669 7.669 7.669 7.669 7.669 7.669 7.669 7.669 7.669 7.669 7.669 7.669 7.669 7.669 7.669 7.669 7.669 7.668 7.668 7.668 7.668 7.668 7.668
7.664 7.664 7.665 7.665 7.665 7.665 7.665 7.665 7.665 7.666 7.666 7.666 7.666 7.667 7.667 7.667 7.667 7.667 7.667 7.668 7.668 7.668 7.668 7.668 7.668 7.668 7.669 7.669 7.669 7.669 7.669 7.669 7.669 7.669 7.669 7.669 7.669 7.669 7.669 7.669 7.669 7.670 7.670 7.670 7.670 7.670 7.670 7.670 7.670 7.670 7.670 7.670 7.670 7.670 7.670 7.670 7.669 7.669 7.669 7.669 7.669 7.669 7.669 7.669 7.669 7.669 7.669 7.669 7.669 7.669 7.669 7.668 7.668 7.668 7.668 7.668 7.668
7.664 7.664 7.665 7.665 7.665 7.665 7.665 7.665 7.666 7.666 7.666 7.666 7.666 7.667 7.667 7.667 7.667 7.667 7.668 7.668 7.668 7.668 7.668 7.668 7.668 7.668 7.669 7.669 7.669 7.669 7.669 7.669 7.669 7.669 7.669 7.669 7.669 7.669 7.669 7.669 7.670 7.670 7.670 7.670 7.670 7.670 7.670 7.670 7.670 7.670 7.670 7.670 7.670 7.670 7.670 7.670 7.670 7.669 7.669 7.669 7.669 7.669 7.669 7.669 7.669 7.669 7.669 7.669 7.669 7.669 7.669 7.669 7.668 7.668 7.668 7.668 7.668
7.664 7.664 7.664 7.665 7.665 7.665 7.665 7.665 7.666 7.666 7.666 7.666 7.667 7.667 7.667 7.667 7.667 7.667 7.668 7.668 7.668 7.668 7.668 7.668 7.668 7.668 7.668 7.669 7.669 7.669 7.669 7.669 7.669 7.669 7.669 7.669 7.669 7.669 7.669 7.669 7.670 7.670 7.670 7.670 7.670 7.670 7.670 7.670 7.670 7.670 7.670 7.670 7.670 7.670 7.670 7.670 7.670 7.670 7.669 7.669 7.669 7.669 7.669 7.669 7.669 7.669 7.669 7.669 7.669 7.669 7.669 7.669 7.668 7.668 7.668 7.668 7.668
7.664 7.664 7.664 7.665 7.665 7.665 7.665 7.665 7.666 7.666 7.666 7.666 7.667 7.667 7.667 7.667 7.667 7.667 7.668 7.668 7.668 7.668 7.668 7.668 7.668 7.668 7.668 7.669 7.669 7.669 7.669 7.669 7.669 7.669 7.669 7.669 7.669 7.669 7.669 7.669 7.670 7.670 7.670 7.670 7.670 7.670 7.670 7.670 7.670 7.670 7.670 7.670 7.670 7.670 7.670 7.670 7.670 7.670 7.670 7.669 7.669 7.669 7.669 7.669 7.669 7.669 7.669 7.669 7.669 7.669 7.669 7.669 7.668 7.668 7.668 7.668 7.668
7.664 7.664 7.664 7.665 7.665 7.665 7.665 7.665 7.666 7.666 7.666 7.666 7.667 7.667 7.667 7.667 7.667 7.667 7.668 7.668 7.668 7.668 7.668 7.668 7.668 7.668 7.668 7.668 7.669 7.669 7.669 7.669 7.669 7.669 7.669 7.669 7.669 7.669 7.669 7.670 7.670 7.670 7.670 7.670 7.670 7.670 7.670 7.670 7.670 7.670 7.670 7.670 7.670 7.670 7.670 7.670 7.670 7.670 7.670 7.670 7.670 7.669 7.669 7.669 7.669 7.669 7.669 7.669 7.669 7.669 7.669 7.669 7.668 7.668 7.668 7.668 7.668
7.664 7.664 7.664 7.665 7.665 7.665 7.665 7.665 7.666 7.666 7.666 7.666 7.666 7.667 7.667 7.667 7.667 7.667 7.668 7.668 7.668 7.668 7.668 7.668 7.668 7.668 7.668 7.668 7.668 7.669 7.669 7.669 7.669 7.669 7.669 7.669 7.669 7.669 7.670 7.670 7.670 7.670 7.670 7.670 7.670 7.670 7.670 7.670 7.670 7.670 7.670 7.670 7.670 7.670 7.670 7.670 7.670 7.670 7.670 7.670 7.670 7.670 7.669 7.669 7.669 7.669 7.669 7.669 7.669 7.669 7.669 7.669 7.668 7.668 7.668 7.668 7.668
7.664 7.664 7.664 7.665 7.665 7.665 7.665 7.665 7.666 7.666 7.666 7.666 7.666 7.667 7.667 7.667 7.667 7.667 7.667 7.668 7.668 7.668 7.668 7.668 7.668 7.668 7.668 7.668 7.668 7.669 7.669 7.669 7.669 7.669 7.669 7.669 7.669 7.669 7.670 7.670 7.670 7.670 7.670 7.670 7.670 7.670 7.670 7.670 7.670 7.670 7.670 7.670 7.670 7.670 7.670 7.670 7.670 7.670 7.670 7.670 7.670 7.670 7.670 7.669 7.669 7.669 7.669 7.669 7.669 7.669 7.669 7.669 7.668 7.668 7.668 7.668 7.668
7.664 7.664 7.664 7.665 7.665 7.665 7.665 7.665 7.666 7.666 7.666 7.666 7.666 7.667 7.667 7.667 7.667 7.667 7.667 7.668 7.668 7.668 7.668 7.668 7.668 7.668 7.668 7.668 7.668 7.668 7.669 7.669 7.669 7.669 7.669 7.669 7.669 7.669 7.670 7.670 7.670 7.670 7.670 7.670 7.670 7.670 7.670 7.670 7.670 7.670 7.670 7.670 7.670 7.670 7.670 7.670 7.670 7.670 7.670 7.670 7.670 7.670 7.670 7.670 7.670 7.669 7.669 7.669 7.669 7.669 7.669 7.669 7.669 7.668 7.668 7.668 7.668
7.664 7.664 7.664 7.665 7.665 7.665 7.665 7.665 7.666 7.666 7.666 7.666 7.666 7.667 7.667 7.667 7.667 7.667 7.667 7.668 7.668 7.668 7.668 7.668 7.668 7.668 7.668 7.668 7.668 7.669 7.669 7.669 7.669 7.669 7.669 7.669 7.669 7.670 7.670 7.670 7.670 7.670 7.670 7.670 7.670 7.670 7.670 7.670 7.670 7.670 7.670 7.670 7.670 7.670 7.670 7.670 7.670 7.670 7.670 7.670 7.670 7.670 7.670 7.670 7.670 7.670 7.669 7.669 7.669 7.669 7.669 7.669 7.669 7.668 7.668 7.668 7.668
