includes/lisflood-fp-604/results/res-0011.wdfp
ncols         631
nrows         906
xllcorner     364927.146667
yllcorner     6531972.565556
cellsize      20.000000
NODATA_value  -9999.000000
[rows 0 to 33 of 906, columns 308 to 384 of 631]
0.000 0.000 0.000 0.000 0.000 0.000 0.000 0.000 0.000 0.000 0.000 0.000 0.000 0.000 0.000 0.000 0.000 0.000 0.000 0.000 0.000 0.048 0.448 0.238 0.228 0.078 0.000 0.062 0.000 0.000 0.000 0.169 0.050 0.170 0.035 0.760 0.270 0.220 0.590 0.150 0.400 0.430 0.000 0.000 0.000 0.000 0.000 0.000 0.000 0.000 0.000 0.000 0.000 0.000 0.000 0.000 0.000 0.000 0.000 2.683 2.683 2.683 2.683 2.683 2.683 2.683 2.683 2.683 2.683 2.683 2.683 2.683 2.683 2.683 2.682 2.682 2.682
0.000 0.173 0.163 0.000 0.000 0.000 0.000 0.000 0.000 0.000 0.000 0.000 0.024 0.584 0.294 0.000 0.000 0.000 0.000 0.042 0.000 0.178 0.098 0.318 0.218 0.010 0.000 0.000 0.000 0.000 0.199 0.139 0.519 0.169 0.179 0.000 0.000 0.000 0.000 0.000 0.000 0.000 0.000 0.000 0.000 0.000 0.000 0.000 0.000 0.000 0.000 0.000 0.000 0.000 0.000 0.000 0.000 0.000 0.000 2.683 2.683 2.683 2.683 2.683 2.683 2.683 2.683 2.683 2.683 2.683 2.683 2.683 2.683 2.683 2.682 2.682 2.682
0.082 0.000 0.243 0.000 0.330 0.000 0.000 0.000 0.000 0.000 0.000 0.000 0.000 0.434 0.214 0.000 0.000 0.000 0.342 0.000 0.001 0.019 0.000 0.000 0.000 0.083 0.000 0.000 0.000 0.000 0.239 0.389 0.289 0.589 0.399 0.269 0.000 0.000 0.000 0.192 0.000 0.000 1.329 0.000 0.000 0.000 0.205 0.000 0.000 0.000 0.000 0.000 0.000 0.000 0.000 0.000 0.000 0.000 0.000 2.683 2.683 2.683 2.683 2.683 2.683 2.683 2.683 2.683 2.683 2.683 2.683 2.683 2.683 2.683 2.682 2.682 2.682
0.000 0.124 0.000 0.001 0.007 0.308 0.000 0.000 0.000 0.000 0.000 0.000 1.114 0.124 0.154 0.000 0.000 0.000 0.000 0.000 0.000 0.260 0.040 0.000 0.000 0.633 0.000 0.000 0.000 0.000 0.000 0.169 0.209 0.148 0.049 0.000 0.030 0.000 0.000 0.000 0.000 0.959 1.079 0.001 0.000 0.085 0.015 0.055 0.065 0.000 0.000 0.000 0.000 0.000 0.000 0.000 0.000 0.000 0.000 0.000 2.683 2.683 2.683 2.683 2.683 2.683 2.683 2.683 2.683 2.683 2.683 2.683 2.683 2.683 2.682 2.682 2.681
0.000 0.024 0.001 0.000 0.368 0.488 0.148 0.000 0.000 0.000 0.000 0.000 0.484 0.000 0.000 0.000 0.000 0.000 0.000 0.000 0.000 0.130 0.000 0.000 0.000 0.039 0.000 0.000 0.000 0.000 0.000 0.000 0.647 0.247 0.396 0.436 0.216 0.256 0.004 0.000 0.000 0.005 0.029 0.001 0.006 0.115 0.165 0.065 0.065 0.000 0.000 0.000 0.000 0.000 0.000 0.000 0.000 0.000 0.000 0.000 2.683 2.683 2.683 2.683 2.683 2.683 2.683 2.683 2.683 2.683 2.683 2.683 2.683 2.683 0.000 2.681 2.681
0.000 0.000 0.002 0.117 0.028 0.548 0.308 0.000 0.000 0.000 0.000 0.004 0.004 0.000 0.000 0.000 0.000 0.000 0.522 0.000 0.000 0.000 0.000 0.000 0.000 0.071 0.000 0.000 0.000 0.000 0.000 0.000 0.206 0.336 0.326 0.386 0.196 0.146 0.136 0.296 0.004 0.002 0.000 0.004 0.002 0.000 0.235 0.000 0.000 0.000 0.000 0.000 0.000 0.000 0.000 0.000 0.000 0.000 0.000 0.000 2.683 2.683 2.683 2.683 2.683 2.683 2.683 2.683 2.683 2.683 2.683 2.683 0.000 0.000 0.000 2.681 2.681
0.000 0.000 0.000 0.077 0.167 0.078 0.009 0.412 0.692 0.902 0.182 0.002 0.084 0.005 0.080 0.000 0.000 0.000 0.000 0.000 0.000 0.000 0.000 0.071 0.000 0.120 0.310 0.000 0.000 0.000 0.000 0.146 0.296 0.546 0.556 0.456 0.696 0.376 0.356 0.526 0.386 0.426 0.396 0.636 0.346 0.000 0.000 0.000 0.000 0.000 0.000 0.000 0.000 0.000 0.000 0.000 0.000 0.000 0.000 0.000 0.000 0.000 2.683 2.683 2.683 2.683 2.683 2.683 2.683 0.000 0.000 0.000 2.680 2.680 2.680 2.680 2.680
0.000 0.000 0.000 0.014 0.000 0.000 0.000 0.062 0.622 0.692 0.000 0.104 0.000 0.080 0.300 0.270 0.004 0.110 0.000 0.000 0.000 0.002 0.073 0.000 0.000 0.360 0.200 0.000 0.000 0.000 0.186 0.156 0.336 0.436 0.526 0.506 0.456 0.406 0.476 0.426 0.386 0.116 0.656 0.586 0.136 0.206 0.000 0.000 0.000 0.000 0.000 0.000 0.000 0.000 0.000 0.000 0.000 0.000 0.000 0.000 2.684 2.684 2.684 2.684 2.683 2.683 2.683 0.000 0.000 0.000 0.000 0.000 2.680 2.680 2.680 2.680 2.680
0.000 0.000 0.000 0.135 0.000 0.000 0.000 0.000 0.000 0.332 0.000 0.000 0.430 0.270 0.240 0.660 0.850 0.270 0.000 0.002 0.002 0.000 0.000 0.042 0.000 0.000 0.250 0.000 0.447 0.087 0.126 0.356 0.736 0.496 0.686 0.806 0.756 0.846 0.786 0.856 0.676 0.416 0.696 0.496 0.246 0.000 0.000 0.000 0.000 0.000 0.000 0.000 0.000 0.000 0.000 0.000 0.000 0.000 0.000 0.005 2.684 2.684 2.684 2.684 2.684 0.000 0.000 0.000 0.000 0.000 0.000 0.000 2.679 2.679 2.680 2.680 2.680
0.000 0.025 0.115 0.705 0.395 0.000 0.000 0.000 0.000 0.000 0.000 0.000 0.330 0.020 0.160 0.670 0.650 0.000 0.000 0.000 0.003 0.002 0.000 0.000 0.001 0.000 0.200 0.022 0.307 0.000 0.066 0.236 0.316 0.266 0.106 0.616 0.306 0.486 0.446 0.456 0.536 0.726 0.003 0.586 0.376 0.006 0.000 0.000 0.000 0.000 0.000 0.000 0.000 0.000 0.068 0.000 0.000 0.000 0.031 0.013 2.685 2.684 2.684 0.000 0.000 0.000 0.000 0.000 0.000 0.000 0.000 0.000 2.679 2.679 2.679 2.680 2.680
0.000 0.155 0.155 0.495 0.465 0.000 0.000 0.000 0.000 0.000 0.000 0.000 0.000 0.050 0.260 0.360 0.450 0.260 0.000 0.164 0.027 0.000 0.011 0.003 0.057 0.057 0.000 0.001 0.287 0.187 0.506 0.416 0.326 0.586 0.716 0.686 0.736 0.566 0.726 0.776 0.646 0.586 0.896 0.306 0.196 0.000 0.000 0.042 0.000 0.000 0.000 0.000 0.000 0.000 0.000 0.000 0.000 0.000 0.284 2.688 2.686 0.000 0.000 0.000 0.000 0.000 0.000 0.001 0.000 0.000 0.000 0.000 2.679 2.679 2.679 2.679 2.679
0.085 0.275 0.335 0.315 0.435 0.435 0.000 0.000 0.022 0.000 0.000 0.000 0.000 0.000 0.170 0.180 0.400 0.034 0.034 0.012 0.329 0.209 0.119 0.000 0.000 0.000 0.005 0.025 0.000 0.000 0.476 0.326 0.436 0.466 0.796 0.756 0.936 0.956 0.946 0.846 1.046 1.016 0.996 0.156 0.000 0.000 0.000 0.000 0.000 0.000 0.000 0.000 0.000 0.000 0.000 0.408 0.874 6.471 6.471 0.000 0.000 0.000 0.000 0.000 0.000 0.000 0.031 0.000 0.000 0.000 0.001 0.000 2.679 2.679 2.679 2.679 2.679
0.305 0.395 0.305 0.195 0.595 0.515 0.000 0.000 0.000 0.000 0.073 0.000 0.000 0.582 0.000 0.000 0.390 0.000 0.000 0.190 0.000 0.509 0.012 0.000 0.019 0.000 0.000 0.000 0.000 0.157 0.077 0.276 0.306 0.556 0.676 0.926 0.816 1.016 0.816 0.796 0.846 1.146 0.936 0.636 0.000 0.000 0.000 0.000 0.000 0.000 0.055 0.000 0.200 1.595 2.784 7.842 0.000 0.000 0.000 0.000 0.000 0.000 0.000 0.000 0.000 0.000 0.000 0.000 0.000 0.001 0.000 0.000 2.679 2.679 2.679 2.679 2.679
0.285 0.255 0.305 0.325 0.535 0.685 0.315 0.000 0.000 0.000 0.001 0.000 0.001 0.000 0.000 0.713 0.000 0.033 0.000 0.120 0.000 0.299 0.369 0.059 0.006 0.000 0.043 0.000 0.000 0.397 0.487 0.597 0.387 0.616 0.756 0.686 0.956 0.556 0.986 1.116 1.606 1.496 1.616 0.000 0.000 0.000 0.000 0.000 0.000 0.000 0.000 7.865 7.865 7.865 0.000 0.000 0.000 0.000 0.000 0.000 0.000 0.000 0.000 0.000 0.000 0.011 0.000 0.000 0.000 0.002 0.004 0.005 0.002 2.679 2.679 2.679 2.679
0.395 0.295 0.375 0.135 0.425 0.525 0.525 0.000 0.000 0.003 0.228 0.000 0.000 0.000 0.000 0.000 0.000 0.000 0.031 0.139 0.079 0.379 0.369 0.129 0.000 0.000 0.000 0.167 0.527 0.607 0.577 0.817 0.957 0.806 0.746 0.716 0.986 1.056 1.066 1.496 1.476 1.506 1.376 0.000 0.000 0.000 0.000 1.204 7.869 2.458 7.866 7.865 0.000 0.000 0.000 0.000 0.032 0.032 0.000 0.000 0.000 0.000 0.000 0.000 0.000 0.011 0.000 0.005 0.013 0.003 0.003 0.003 0.003 0.000 2.679 2.679 2.679
0.375 0.485 0.335 0.375 0.405 0.605 0.415 0.000 0.000 0.000 0.004 0.033 0.144 0.034 0.001 0.043 0.000 0.000 0.000 0.179 0.319 0.389 0.219 0.129 0.108 0.000 0.197 0.377 0.557 0.867 0.787 0.997 0.967 0.866 0.496 0.746 0.986 0.876 0.986 1.366 1.306 1.666 0.656 0.000 0.997 0.000 0.000 1.738 7.869 7.869 0.000 0.000 0.000 0.000 0.000 0.000 0.000 0.000 0.152 0.000 0.000 0.000 0.000 0.000 0.061 0.000 0.238 0.006 0.005 0.009 0.004 0.002 0.002 0.001 2.679 2.679 2.679
0.445 0.445 0.335 0.265 0.365 0.295 0.155 0.000 0.000 0.000 0.000 0.016 0.000 0.154 0.015 0.000 0.000 0.000 0.109 0.109 0.479 0.599 0.339 0.268 0.198 0.388 0.507 0.807 0.587 0.727 0.897 1.057 0.607 0.000 0.000 0.000 0.726 1.056 1.016 1.496 1.235 1.505 0.825 0.000 2.337 0.000 7.900 7.900 0.000 0.000 0.000 0.000 0.620 0.750 0.260 0.110 0.001 0.142 0.000 0.000 0.000 0.000 0.000 0.000 0.000 0.000 0.188 0.000 0.000 0.000 0.002 0.010 0.003 0.001 2.679 2.679 2.679
0.354 0.415 0.275 0.325 0.345 0.215 0.165 0.135 0.000 0.000 0.302 0.026 0.000 0.000 0.000 0.000 0.000 0.000 0.000 0.359 0.269 0.629 0.548 0.528 0.468 0.288 0.997 0.897 0.857 0.887 0.917 0.557 0.000 0.000 0.000 0.000 0.000 0.586 0.836 0.996 1.205 1.445 1.455 0.296 2.577 7.901 7.901 0.000 0.000 0.051 0.000 0.320 0.200 0.250 0.150 0.260 0.000 0.000 0.000 0.000 0.000 0.000 0.000 0.000 0.052 0.000 0.039 0.000 0.000 0.000 0.000 0.000 0.000 0.000 0.000 2.679 2.679
0.314 0.444 0.344 0.255 0.395 0.335 0.095 0.115 0.065 0.000 0.182 0.000 0.000 0.000 0.000 0.000 0.121 0.000 0.050 0.079 0.139 0.449 0.388 0.328 0.338 0.528 0.737 1.037 0.687 0.897 0.000 0.000 0.000 0.000 2.068 0.918 0.002 0.000 0.000 0.235 0.745 1.054 0.000 7.971 7.970 0.000 0.000 0.000 0.321 0.000 0.000 0.030 0.150 0.230 0.180 0.260 0.200 0.000 0.000 0.000 0.000 0.000 0.000 0.000 0.002 0.000 0.089 0.040 0.000 0.000 0.000 0.000 0.000 0.000 0.000 2.679 2.679
0.434 0.504 0.394 0.224 0.255 0.125 0.045 0.185 0.000 0.000 0.172 0.000 0.000 0.000 0.102 0.000 0.000 0.000 0.110 0.350 0.300 0.020 0.119 0.338 0.508 0.648 0.708 0.597 0.437 0.000 0.000 0.000 2.118 2.048 2.238 1.838 0.808 0.718 0.000 0.000 0.000 7.972 7.972 7.972 0.000 0.000 0.000 0.000 0.000 0.000 0.000 0.220 0.170 0.270 0.150 0.130 0.150 0.150 0.000 0.000 0.000 0.000 0.000 0.000 0.000 0.000 0.001 0.051 0.000 0.000 0.000 0.000 0.000 0.000 0.000 2.679 2.679
0.000 0.000 0.000 0.864 0.315 0.465 0.185 0.255 0.000 0.000 0.009 0.003 0.000 0.000 0.001 0.000 0.000 0.000 0.000 0.240 0.500 0.200 0.110 0.049 0.548 0.788 0.798 0.158 0.000 0.000 0.000 0.148 1.988 2.198 2.148 2.278 1.658 0.146 1.923 7.973 7.973 7.972 7.972 7.972 0.000 0.001 0.000 0.040 0.000 0.000 0.040 0.170 0.210 0.230 0.230 0.150 0.180 0.000 0.000 0.000 0.000 0.000 0.000 0.000 0.000 0.000 0.000 0.010 0.074 0.000 0.000 0.000 0.000 0.000 0.000 0.000 2.679
0.504 0.674 0.324 0.117 0.000 0.315 0.305 0.185 0.000 0.000 0.018 0.127 0.277 0.000 0.000 0.000 0.000 0.000 0.161 0.060 0.360 0.210 0.240 0.129 0.448 0.288 0.608 0.000 0.000 0.000 0.000 0.418 1.388 2.108 2.028 1.918 0.000 0.000 0.000 7.973 7.973 7.972 1.182 0.000 0.000 0.000 0.280 0.100 0.000 0.000 0.170 0.310 0.490 0.450 0.310 0.180 0.190 0.130 0.000 0.000 0.000 0.000 0.000 0.000 0.000 0.000 0.000 0.034 0.007 0.057 0.000 0.000 0.000 0.000 0.000 0.000 0.000
0.614 0.714 0.654 0.554 0.094 0.000 0.345 0.175 0.145 0.000 0.000 0.016 0.000 0.000 0.000 0.000 0.000 0.340 0.005 0.310 0.350 0.280 0.230 0.220 0.398 0.318 0.258 0.000 0.000 0.000 0.628 0.798 1.368 2.138 0.838 0.000 0.000 1.094 7.973 7.973 7.973 0.000 0.000 0.000 0.000 0.174 0.016 0.000 0.000 0.000 0.300 0.230 0.180 0.130 0.120 0.150 0.140 0.150 0.000 0.000 0.392 0.000 0.000 0.000 0.028 0.048 0.000 0.000 0.026 0.000 0.000 0.000 0.000 0.000 0.000 0.000 0.000
0.594 0.634 0.564 0.144 0.084 0.303 0.000 0.225 0.125 0.876 0.000 0.058 0.168 0.000 0.000 0.063 0.053 0.000 0.120 0.270 0.390 0.120 0.120 0.240 0.279 0.388 0.000 0.000 0.000 0.418 1.528 1.478 1.658 0.000 0.000 0.000 7.975 7.975 7.974 1.753 0.000 0.000 0.002 0.003 0.000 0.073 0.000 0.000 0.000 0.180 0.190 0.230 0.210 0.170 0.220 0.180 0.000 0.120 0.000 0.000 0.372 0.000 0.000 0.000 0.008 0.018 0.018 0.008 0.178 0.018 0.000 0.000 0.000 0.000 0.000 0.000 0.000
0.614 0.734 0.724 0.264 0.034 0.213 0.063 0.000 0.176 0.107 0.050 0.236 0.000 0.000 0.106 0.010 0.002 0.000 0.050 0.060 0.220 0.000 0.055 0.177 0.002 0.000 0.000 0.000 0.000 0.000 1.828 1.958 0.000 0.000 0.135 7.975 7.975 7.975 0.000 0.000 1.087 0.004 0.203 0.143 0.043 0.083 0.203 0.000 0.000 0.530 0.200 0.160 0.140 0.000 0.150 0.140 0.200 0.110 0.000 0.000 0.582 0.000 0.000 0.000 0.000 0.098 0.048 0.138 0.128 0.148 0.000 0.000 0.000 0.000 0.011 0.000 0.000
0.604 0.694 0.544 0.084 0.104 0.213 0.503 0.000 0.000 0.157 0.000 0.024 0.406 0.506 0.306 0.136 0.000 0.000 0.000 0.000 0.000 0.000 0.000 0.374 0.515 0.175 0.000 0.000 0.012 0.000 0.000 0.000 0.000 1.716 7.976 7.975 2.415 0.000 0.000 0.000 0.000 0.000 0.003 0.183 0.153 0.303 0.153 0.000 0.000 0.180 0.000 0.010 0.060 0.000 1.000 0.190 0.250 0.000 0.000 0.642 0.422 0.000 0.000 0.000 0.168 0.168 0.048 0.078 0.118 0.000 0.000 0.000 0.000 0.000 0.000 0.000 0.000
0.744 0.654 0.464 0.514 0.000 0.024 0.503 0.000 0.000 0.000 0.000 0.456 0.446 0.606 0.086 0.000 0.000 0.000 0.000 0.000 0.000 0.125 0.075 0.635 0.885 0.425 0.000 0.000 0.000 0.131 0.000 0.000 7.977 7.977 7.976 0.516 0.000 0.000 0.610 0.700 0.550 0.053 0.423 0.513 0.223 0.043 0.133 0.000 0.533 0.000 0.000 0.000 0.000 0.179 0.129 0.001 0.000 0.000 0.000 0.642 0.312 0.000 0.000 0.000 0.138 0.000 0.008 0.038 0.048 0.000 0.000 0.000 0.000 0.000 0.000 0.000 0.000
0.844 0.784 0.574 0.704 0.005 0.000 0.383 0.103 0.000 0.000 0.000 0.156 0.326 0.436 0.596 0.476 0.000 0.000 0.000 0.000 0.000 0.115 0.305 0.855 1.035 1.115 0.305 0.000 0.000 0.000 0.278 7.978 7.977 7.977 0.002 0.000 0.000 0.680 0.770 0.690 0.690 0.000 0.263 0.543 0.363 0.000 0.000 0.000 0.383 0.000 0.000 0.000 0.000 0.000 0.027 0.022 0.000 0.000 0.000 0.602 0.000 0.000 0.000 0.000 0.128 0.028 0.000 0.000 0.228 0.000 0.000 0.000 0.000 0.000 0.000 0.000 0.000
0.874 0.864 0.424 0.001 0.000 0.043 0.363 0.623 0.473 0.253 0.000 0.000 0.246 0.546 0.536 0.776 0.000 0.000 0.000 0.000 0.195 0.000 0.825 1.215 1.175 0.935 0.775 0.165 0.000 7.979 7.979 7.978 2.838 0.000 0.000 0.370 0.500 0.780 0.760 0.800 0.880 0.000 0.000 0.213 0.293 0.000 0.000 0.000 0.113 0.000 0.000 0.000 0.000 0.655 0.032 0.023 0.000 0.000 0.682 0.392 0.000 0.000 0.000 0.048 0.058 0.118 0.078 0.018 0.000 0.000 0.000 0.000 0.000 0.000 0.000 0.000 0.000
0.594 0.564 0.564 0.113 0.273 0.203 0.273 0.563 0.533 0.573 0.283 0.000 0.000 0.256 0.656 0.726 0.296 0.000 0.000 0.000 0.003 0.000 0.995 1.075 1.585 1.455 0.000 0.000 7.979 7.979 7.979 0.718 0.000 0.000 0.470 0.620 0.700 0.750 0.630 0.910 0.760 0.013 0.523 0.533 0.333 0.000 0.000 0.000 0.000 0.000 0.000 0.000 0.033 0.114 0.000 0.000 0.000 0.532 0.552 0.000 0.097 0.000 0.000 0.138 0.001 0.000 0.000 0.068 0.000 0.000 0.000 0.000 0.000 0.000 0.000 0.000 0.000
0.484 0.524 0.554 0.503 0.213 0.043 0.323 0.363 0.563 0.653 0.743 0.000 0.000 0.000 0.506 0.486 0.246 0.000 0.000 0.000 0.005 0.815 1.065 1.035 0.000 0.000 0.000 7.979 7.979 7.979 0.000 0.000 0.790 0.170 0.760 0.850 0.700 0.630 0.740 0.690 0.520 0.000 0.000 0.203 0.163 0.000 0.000 0.000 0.000 0.852 0.982 0.000 0.034 0.018 0.000 0.271 0.000 0.562 0.000 0.000 0.347 0.000 0.000 0.000 0.174 0.064 0.084 0.000 0.000 0.000 0.000 0.000 0.000 0.000 0.000 2.676 2.676
0.443 0.413 0.353 0.443 0.403 0.000 0.243 0.293 0.423 0.593 0.763 0.083 0.000 0.000 0.036 0.106 0.000 0.000 0.000 0.000 0.000 0.705 1.205 0.045 0.000 7.980 7.980 7.980 7.979 0.000 0.000 0.510 0.660 0.650 0.660 0.920 0.660 0.620 0.750 0.830 0.147 0.280 0.150 0.000 0.000 0.000 0.000 0.000 0.000 0.222 0.001 0.018 0.027 0.008 0.009 0.000 0.000 0.006 0.002 0.757 0.357 0.000 0.000 0.000 0.074 0.074 0.104 0.000 0.000 0.000 0.000 0.000 0.000 0.000 0.000 2.676 2.676
0.683 0.773 0.493 0.433 0.015 0.015 0.333 0.043 0.000 0.273 1.123 1.423 0.000 0.000 0.000 0.000 0.000 0.000 0.000 0.000 0.575 0.815 0.000 0.000 7.981 7.981 7.980 1.620 0.000 0.000 0.390 0.750 0.730 0.860 0.670 0.640 0.690 0.780 0.720 1.070 0.000 0.489 0.189 0.000 0.000 0.000 0.000 0.071 0.000 0.000 0.000 0.013 0.010 0.173 0.003 0.000 0.000 0.000 0.197 0.817 0.537 0.247 0.000 0.000 0.094 0.154 0.000 0.000 0.000 0.000 0.000 0.000 0.000 0.000 2.676 2.676 2.676
0.603 0.693 0.273 0.473 0.393 0.007 0.163 0.000 0.000 1.533 1.163 1.493 0.000 0.000 0.000 0.000 0.000 0.000 0.000 0.000 0.195 0.000 2.462 7.981 7.981 7.981 0.000 0.000 0.000 0.220 0.720 0.730 0.710 0.650 0.710 0.420 0.710 0.940 0.940 0.000 0.359 0.499 0.119 0.000 0.031 0.000 0.000 0.000 0.000 0.000 0.000 0.024 0.006 0.020 0.006 0.000 0.000 0.000 0.857 0.757 0.687 0.257 0.000 0.000 0.000 0.000 0.000 0.000 0.000 0.000 0.000 0.000 0.000 0.000 2.676 2.676 2.676
