includes/lisflood-fp-604/results/res-0009.wd
ncols         631
nrows         906
xllcorner     364927.146667
yllcorner     6531972.565556
cellsize      20.000000
NODATA_value  -9999.000000
[rows 850 to 883 of 906, columns 539 to 615 of 631]
3.761 3.761 3.762 3.762 3.763 3.763 3.764 3.764 3.765 3.765 3.765 3.766 3.766 3.767 3.768 3.768 3.769 3.769 3.770 3.770 3.771 3.772 3.772 3.773 3.773 3.774 3.774 3.775 3.776 3.776 3.777 3.777 3.778 3.779 3.779 3.780 3.780 3.781 3.782 3.783 3.783 3.784 3.785 3.786 3.786 3.787 3.788 3.789 3.789 3.790 3.791 3.792 3.793 3.794 3.795 3.796 3.797 3.798 3.799 3.800 3.801 3.802 3.802 3.804 3.805 3.806 3.807 3.808 3.809 3.810 3.811 3.812 3.813 3.814 3.815 3.816 3.817
3.761 3.761 3.762 3.762 3.762 3.763 3.763 3.764 3.764 3.765 3.765 3.766 3.766 3.767 3.767 3.768 3.768 3.769 3.769 3.770 3.771 3.771 3.772 3.772 3.773 3.774 3.774 3.775 3.775 3.776 3.776 3.777 3.778 3.778 3.779 3.780 3.780 3.781 3.782 3.782 3.783 3.784 3.785 3.785 3.786 3.787 3.788 3.788 3.789 3.790 3.791 3.792 3.793 3.794 3.795 3.796 3.796 3.797 3.798 3.799 3.800 3.801 3.802 3.803 3.804 3.805 3.806 3.808 3.809 3.810 3.811 3.812 3.813 3.814 3.815 3.816 3.817
3.760 3.761 3.761 3.762 3.762 3.763 3.763 3.763 3.764 3.764 3.765 3.765 3.766 3.766 3.767 3.767 3.768 3.769 3.769 3.770 3.770 3.771 3.772 3.772 3.773 3.773 3.774 3.774 3.775 3.776 3.776 3.777 3.777 3.778 3.779 3.779 3.780 3.781 3.781 3.782 3.783 3.784 3.784 3.785 3.786 3.787 3.787 3.788 3.789 3.790 3.791 3.792 3.792 3.793 3.794 3.795 3.796 3.797 3.798 3.799 3.800 3.801 3.802 3.803 3.804 3.805 3.806 3.807 3.808 3.809 3.810 3.812 3.813 3.814 3.815 3.816 3.817
3.760 3.761 3.761 3.762 3.762 3.762 3.763 3.763 3.764 3.764 3.764 3.765 3.765 3.766 3.767 3.767 3.768 3.768 3.769 3.769 3.770 3.771 3.771 3.772 3.772 3.773 3.774 3.774 3.775 3.775 3.776 3.776 3.777 3.778 3.778 3.779 3.780 3.780 3.781 3.782 3.783 3.783 3.784 3.785 3.786 3.786 3.787 3.788 3.789 3.790 3.790 3.791 3.792 3.793 3.794 3.795 3.796 3.797 3.798 3.799 3.800 3.801 3.802 3.803 3.804 3.805 3.806 3.807 3.808 3.809 3.810 3.811 3.812 3.814 3.815 3.816 3.817
3.760 3.761 3.761 3.761 3.762 3.762 3.762 3.763 3.763 3.764 3.764 3.765 3.765 3.766 3.766 3.767 3.767 3.768 3.768 3.769 3.770 3.770 3.771 3.772 3.772 3.773 3.773 3.774 3.774 3.775 3.776 3.776 3.777 3.777 3.778 3.779 3.779 3.780 3.781 3.782 3.782 3.783 3.784 3.785 3.785 3.786 3.787 3.788 3.788 3.789 3.790 3.791 3.792 3.793 3.794 3.795 3.796 3.797 3.798 3.799 3.800 3.801 3.802 3.803 3.804 3.805 3.806 3.807 3.808 3.809 3.810 3.811 3.812 3.813 3.814 3.815 3.816
3.760 3.760 3.761 3.761 3.761 3.762 3.762 3.763 3.763 3.763 3.764 3.764 3.765 3.765 3.766 3.766 3.767 3.768 3.768 3.769 3.769 3.770 3.771 3.771 3.772 3.772 3.773 3.774 3.774 3.775 3.775 3.776 3.777 3.777 3.778 3.779 3.779 3.780 3.781 3.781 3.782 3.783 3.784 3.784 3.785 3.786 3.786 3.787 3.788 3.789 3.790 3.791 3.792 3.793 3.794 3.795 3.796 3.797 3.798 3.799 3.800 3.801 3.802 3.803 3.804 3.805 3.806 3.807 3.808 3.809 3.810 3.811 3.812 3.813 3.814 3.815 3.816
3.760 3.760 3.760 3.761 3.761 3.762 3.762 3.762 3.763 3.763 3.764 3.764 3.765 3.765 3.766 3.766 3.767 3.767 3.768 3.768 3.769 3.770 3.770 3.771 3.772 3.772 3.773 3.773 3.774 3.775 3.775 3.776 3.776 3.777 3.778 3.778 3.779 3.780 3.780 3.781 3.782 3.783 3.783 3.784 3.785 3.785 3.786 3.787 3.788 3.789 3.790 3.791 3.792 3.793 3.794 3.795 3.796 3.797 3.798 3.799 3.800 3.801 3.802 3.803 3.804 3.805 3.806 3.807 3.808 3.809 3.810 3.811 3.812 3.813 3.814 3.815 3.816
3.759 3.760 3.760 3.761 3.761 3.761 3.762 3.762 3.762 3.763 3.763 3.764 3.764 3.765 3.765 3.766 3.766 3.767 3.768 3.768 3.769 3.769 3.770 3.771 3.771 3.772 3.772 3.773 3.774 3.774 3.775 3.775 3.776 3.777 3.777 3.778 3.779 3.779 3.780 3.781 3.782 3.782 3.783 3.784 3.784 3.785 3.786 3.787 3.788 3.789 3.790 3.791 3.792 3.793 3.793 3.794 3.795 3.796 3.798 3.799 3.800 3.801 3.802 3.803 3.804 3.805 3.806 3.807 3.808 3.809 3.810 3.811 3.812 3.813 3.814 3.815 3.816
3.759 3.760 3.760 3.760 3.761 3.761 3.762 3.762 3.762 3.763 3.763 3.764 3.764 3.765 3.765 3.766 3.766 3.767 3.767 3.768 3.769 3.769 3.770 3.770 3.771 3.772 3.772 3.773 3.773 3.774 3.775 3.775 3.776 3.777 3.777 3.778 3.778 3.779 3.780 3.781 3.781 3.782 3.783 3.784 3.784 3.785 3.786 3.787 3.788 3.788 3.789 3.790 3.791 3.792 3.793 3.794 3.795 3.796 3.797 3.798 3.799 3.800 3.801 3.802 3.803 3.805 3.806 3.807 3.808 3.809 3.810 3.811 3.812 3.813 3.814 3.815 3.816
3.759 3.759 3.760 3.760 3.761 3.761 3.761 3.762 3.762 3.763 3.763 3.763 3.764 3.764 3.765 3.765 3.766 3.767 3.767 3.768 3.768 3.769 3.769 3.770 3.771 3.771 3.772 3.773 3.773 3.774 3.774 3.775 3.776 3.776 3.777 3.778 3.778 3.779 3.780 3.780 3.781 3.782 3.783 3.783 3.784 3.785 3.786 3.786 3.787 3.788 3.789 3.790 3.791 3.792 3.793 3.794 3.795 3.796 3.797 3.798 3.799 3.800 3.801 3.802 3.803 3.804 3.806 3.807 3.808 3.809 3.810 3.811 3.812 3.813 3.814 3.815 3.816
3.759 3.759 3.760 3.760 3.760 3.761 3.761 3.762 3.762 3.762 3.763 3.763 3.764 3.764 3.765 3.765 3.766 3.766 3.767 3.768 3.768 3.769 3.769 3.770 3.770 3.771 3.772 3.772 3.773 3.773 3.774 3.775 3.775 3.776 3.777 3.777 3.778 3.779 3.779 3.780 3.781 3.781 3.782 3.783 3.784 3.785 3.785 3.786 3.787 3.788 3.789 3.790 3.791 3.792 3.793 3.794 3.795 3.796 3.797 3.798 3.799 3.800 3.801 3.802 3.803 3.804 3.805 3.806 3.808 3.809 3.810 3.811 3.812 3.813 3.814 3.815 3.816
3.759 3.759 3.759 3.760 3.760 3.761 3.761 3.761 3.762 3.762 3.763 3.763 3.763 3.764 3.764 3.765 3.766 3.766 3.767 3.767 3.768 3.768 3.769 3.770 3.770 3.771 3.771 3.772 3.773 3.773 3.774 3.774 3.775 3.776 3.776 3.777 3.778 3.778 3.779 3.780 3.780 3.781 3.782 3.783 3.784 3.784 3.785 3.786 3.787 3.788 3.789 3.790 3.791 3.792 3.793 3.794 3.795 3.796 3.797 3.798 3.799 3.800 3.801 3.802 3.803 3.804 3.805 3.806 3.807 3.808 3.810 3.811 3.812 3.813 3.814 3.815 3.816
3.758 3.759 3.759 3.760 3.760 3.760 3.761 3.761 3.762 3.762 3.762 3.763 3.763 3.764 3.764 3.765 3.765 3.766 3.767 3.767 3.768 3.768 3.769 3.769 3.770 3.770 3.771 3.772 3.772 3.773 3.773 3.774 3.775 3.775 3.776 3.777 3.777 3.778 3.779 3.779 3.780 3.781 3.782 3.783 3.783 3.784 3.785 3.786 3.787 3.788 3.789 3.790 3.791 3.791 3.792 3.793 3.794 3.795 3.797 3.798 3.799 3.800 3.801 3.802 3.803 3.804 3.805 3.806 3.807 3.808 3.810 3.811 3.812 3.813 3.814 3.815 3.816
3.758 3.759 3.759 3.760 3.760 3.760 3.761 3.761 3.761 3.762 3.762 3.763 3.763 3.764 3.764 3.765 3.765 3.766 3.766 3.767 3.767 3.768 3.769 3.769 3.770 3.770 3.771 3.771 3.772 3.772 3.773 3.774 3.774 3.775 3.776 3.776 3.777 3.778 3.779 3.779 3.780 3.781 3.782 3.782 3.783 3.784 3.785 3.786 3.787 3.788 3.788 3.789 3.790 3.791 3.792 3.793 3.794 3.795 3.796 3.797 3.799 3.800 3.801 3.802 3.803 3.804 3.805 3.806 3.807 3.808 3.810 3.811 3.812 3.813 3.814 3.815 3.816
3.758 3.759 3.759 3.759 3.760 3.760 3.761 3.761 3.761 3.762 3.762 3.762 3.763 3.763 3.764 3.764 3.765 3.765 3.766 3.767 3.767 3.768 3.768 3.769 3.769 3.770 3.770 3.771 3.772 3.772 3.773 3.773 3.774 3.775 3.775 3.776 3.777 3.778 3.778 3.779 3.780 3.780 3.781 3.782 3.783 3.784 3.785 3.786 3.786 3.787 3.788 3.789 3.790 3.791 3.792 3.793 3.794 3.795 3.796 3.797 3.798 3.800 3.801 3.802 3.803 3.804 3.805 3.806 3.807 3.808 3.809 3.811 3.812 3.813 3.814 3.815 3.816
3.758 3.758 3.759 3.759 3.760 3.760 3.760 3.761 3.761 3.761 3.762 3.762 3.763 3.763 3.764 3.764 3.765 3.765 3.766 3.766 3.767 3.767 3.768 3.769 3.769 3.770 3.770 3.771 3.771 3.772 3.772 3.773 3.774 3.774 3.775 3.776 3.777 3.777 3.778 3.779 3.779 3.780 3.781 3.782 3.783 3.784 3.784 3.785 3.786 3.787 3.788 3.789 3.790 3.791 3.792 3.793 3.794 3.795 3.796 3.797 3.798 3.799 3.800 3.802 3.803 3.804 3.805 3.806 3.807 3.808 3.809 3.810 3.812 3.813 3.814 3.814 3.815
3.758 3.758 3.759 3.759 3.759 3.760 3.760 3.761 3.761 3.761 3.762 3.762 3.763 3.763 3.764 3.764 3.764 3.765 3.766 3.766 3.767 3.767 3.768 3.768 3.769 3.769 3.770 3.770 3.771 3.772 3.772 3.773 3.773 3.774 3.775 3.776 3.776 3.777 3.778 3.778 3.779 3.780 3.781 3.782 3.782 3.783 3.784 3.785 3.786 3.787 3.788 3.789 3.790 3.791 3.792 3.793 3.794 3.795 3.796 3.797 3.798 3.799 3.800 3.801 3.803 3.804 3.805 3.806 3.807 3.808 3.809 3.810 3.811 3.812 3.813 3.814 3.815
3.758 3.758 3.758 3.759 3.759 3.760 3.760 3.760 3.761 3.761 3.762 3.762 3.762 3.763 3.763 3.764 3.764 3.765 3.765 3.766 3.766 3.767 3.767 3.768 3.769 3.769 3.770 3.770 3.771 3.771 3.772 3.773 3.773 3.774 3.775 3.775 3.776 3.777 3.777 3.778 3.779 3.780 3.781 3.781 3.782 3.783 3.784 3.785 3.786 3.787 3.788 3.788 3.789 3.790 3.792 3.793 3.794 3.795 3.796 3.797 3.798 3.799 3.800 3.801 3.802 3.803 3.805 3.806 3.807 3.808 3.809 3.810 3.811 3.812 3.813 3.814 3.815
3.757 3.758 3.758 3.759 3.759 3.759 3.760 3.760 3.761 3.761 3.761 3.762 3.762 3.763 3.763 3.764 3.764 3.765 3.765 3.766 3.766 3.767 3.767 3.768 3.768 3.769 3.769 3.770 3.770 3.771 3.772 3.772 3.773 3.774 3.774 3.775 3.776 3.776 3.777 3.778 3.779 3.779 3.780 3.781 3.782 3.783 3.784 3.785 3.786 3.786 3.787 3.788 3.789 3.790 3.791 3.792 3.793 3.795 3.796 3.797 3.798 3.799 3.800 3.801 3.802 3.803 3.804 3.806 3.807 3.808 3.809 3.810 3.811 3.812 3.813 3.814 3.815
3.757 3.758 3.758 3.758 3.759 3.759 3.760 3.760 3.760 3.761 3.761 3.762 3.762 3.762 3.763 3.763 3.764 3.764 3.765 3.765 3.766 3.766 3.767 3.767 3.768 3.768 3.769 3.770 3.770 3.771 3.771 3.772 3.773 3.773 3.774 3.775 3.775 3.776 3.777 3.778 3.778 3.779 3.780 3.781 3.782 3.783 3.784 3.784 3.785 3.786 3.787 3.788 3.789 3.790 3.791 3.792 3.793 3.794 3.795 3.797 3.798 3.799 3.800 3.801 3.802 3.803 3.804 3.805 3.807 3.808 3.809 3.810 3.811 3.812 3.813 3.814 3.815
3.757 3.758 3.758 3.758 3.759 3.759 3.760 3.760 3.760 3.761 3.761 3.761 3.762 3.762 3.763 3.763 3.764 3.764 3.765 3.765 3.766 3.766 3.767 3.767 3.768 3.768 3.769 3.769 3.770 3.770 3.771 3.772 3.772 3.773 3.774 3.774 3.775 3.776 3.777 3.777 3.778 3.779 3.780 3.781 3.781 3.782 3.783 3.784 3.785 3.786 3.787 3.788 3.789 3.790 3.791 3.792 3.793 3.794 3.795 3.796 3.798 3.799 3.800 3.801 3.802 3.803 3.804 3.805 3.806 3.808 3.809 3.810 3.811 3.812 3.813 3.814 3.815
3.757 3.757 3.758 3.758 3.759 3.759 3.759 3.760 3.760 3.760 3.761 3.761 3.762 3.762 3.763 3.763 3.764 3.764 3.764 3.765 3.765 3.766 3.766 3.767 3.767 3.768 3.768 3.769 3.770 3.770 3.771 3.771 3.772 3.773 3.773 3.774 3.775 3.776 3.776 3.777 3.778 3.779 3.779 3.780 3.781 3.782 3.783 3.784 3.785 3.786 3.787 3.788 3.789 3.790 3.791 3.792 3.793 3.794 3.795 3.796 3.797 3.799 3.800 3.801 3.802 3.803 3.804 3.805 3.806 3.807 3.808 3.810 3.811 3.812 3.813 3.814 3.815
3.757 3.757 3.758 3.758 3.758 3.759 3.759 3.760 3.760 3.760 3.761 3.761 3.761 3.762 3.762 3.763 3.763 3.764 3.764 3.765 3.765 3.766 3.766 3.767 3.767 3.768 3.768 3.769 3.769 3.770 3.771 3.771 3.772 3.772 3.773 3.774 3.775 3.775 3.776 3.777 3.778 3.778 3.779 3.780 3.781 3.782 3.783 3.784 3.785 3.786 3.787 3.788 3.789 3.790 3.791 3.792 3.793 3.794 3.795 3.796 3.797 3.798 3.800 3.801 3.802 3.803 3.804 3.805 3.806 3.807 3.808 3.809 3.810 3.811 3.812 3.813 3.814
3.757 3.757 3.757 3.758 3.758 3.759 3.759 3.759 3.760 3.760 3.760 3.761 3.761 3.762 3.762 3.763 3.763 3.763 3.764 3.764 3.765 3.765 3.766 3.766 3.767 3.767 3.768 3.769 3.769 3.770 3.770 3.771 3.772 3.772 3.773 3.774 3.774 3.775 3.776 3.777 3.777 3.778 3.779 3.780 3.781 3.782 3.783 3.784 3.785 3.786 3.787 3.788 3.789 3.790 3.791 3.792 3.793 3.794 3.795 3.796 3.797 3.798 3.799 3.801 3.802 3.803 3.804 3.805 3.806 3.807 3.808 3.809 3.810 3.811 3.812 3.813 3.814
3.756 3.757 3.757 3.758 3.758 3.758 3.759 3.759 3.759 3.760 3.760 3.761 3.761 3.761 3.762 3.762 3.763 3.763 3.764 3.764 3.765 3.765 3.766 3.766 3.767 3.767 3.768 3.768 3.769 3.769 3.770 3.771 3.771 3.772 3.773 3.773 3.774 3.775 3.776 3.776 3.777 3.778 3.779 3.780 3.781 3.782 3.783 3.783 3.785 3.786 3.787 3.788 3.788 3.790 3.791 3.792 3.793 3.794 3.795 3.796 3.797 3.798 3.799 3.800 3.802 3.803 3.804 3.805 3.806 3.807 3.808 3.809 3.810 3.811 3.812 3.813 3.814
3.756 3.757 3.757 3.757 3.758 3.758 3.758 3.759 3.759 3.760 3.760 3.760 3.761 3.761 3.762 3.762 3.762 3.763 3.763 3.764 3.764 3.765 3.765 3.766 3.766 3.767 3.768 3.768 3.769 3.769 3.770 3.770 3.771 3.772 3.772 3.773 3.774 3.775 3.775 3.776 3.777 3.778 3.779 3.780 3.780 3.781 3.782 3.783 3.784 3.785 3.786 3.787 3.788 3.789 3.790 3.792 3.793 3.794 3.795 3.796 3.797 3.798 3.799 3.800 3.801 3.802 3.804 3.805 3.806 3.807 3.808 3.809 3.810 3.811 3.812 3.813 3.814
3.756 3.756 3.757 3.757 3.758 3.758 3.758 3.759 3.759 3.759 3.760 3.760 3.760 3.761 3.761 3.762 3.762 3.763 3.763 3.764 3.764 3.765 3.765 3.766 3.766 3.767 3.767 3.768 3.768 3.769 3.770 3.770 3.771 3.772 3.772 3.773 3.774 3.774 3.775 3.776 3.777 3.778 3.778 3.779 3.780 3.781 3.782 3.783 3.784 3.785 3.786 3.787 3.788 3.789 3.790 3.791 3.793 3.794 3.795 3.796 3.797 3.798 3.799 3.800 3.801 3.802 3.803 3.804 3.806 3.807 3.808 3.809 3.810 3.811 3.812 3.813 3.814
3.756 3.756 3.756 3.757 3.757 3.758 3.758 3.758 3.759 3.759 3.759 3.760 3.760 3.761 3.761 3.762 3.762 3.762 3.763 3.763 3.764 3.764 3.765 3.765 3.766 3.766 3.767 3.768 3.768 3.769 3.769 3.770 3.771 3.771 3.772 3.773 3.773 3.774 3.775 3.776 3.777 3.777 3.778 3.779 3.780 3.781 3.782 3.783 3.784 3.785 3.786 3.787 3.788 3.789 3.790 3.791 3.792 3.794 3.795 3.796 3.797 3.798 3.799 3.800 3.801 3.802 3.803 3.804 3.805 3.806 3.807 3.809 3.810 3.811 3.812 3.813 3.814
3.755 3.756 3.756 3.757 3.757 3.757 3.758 3.758 3.758 3.759 3.759 3.759 3.760 3.760 3.761 3.761 3.762 3.762 3.763 3.763 3.764 3.764 3.765 3.765 3.766 3.766 3.767 3.767 3.768 3.768 3.769 3.770 3.770 3.771 3.772 3.772 3.773 3.774 3.775 3.776 3.776 3.777 3.778 3.779 3.780 3.781 3.782 3.783 3.784 3.785 3.786 3.787 3.788 3.789 3.790 3.791 3.792 3.794 3.795 3.796 3.797 3.798 3.799 3.800 3.801 3.802 3.803 3.804 3.805 3.806 3.807 3.808 3.810 3.811 3.812 3.813 3.814
3.755 3.756 3.756 3.756 3.757 3.757 3.757 3.758 3.758 3.758 3.759 3.759 3.760 3.760 3.761 3.761 3.761 3.762 3.762 3.763 3.763 3.764 3.764 3.765 3.765 3.766 3.766 3.767 3.768 3.768 3.769 3.769 3.770 3.771 3.772 3.772 3.773 3.774 3.775 3.775 3.776 3.777 3.778 3.779 3.780 3.781 3.782 3.783 3.784 3.785 3.786 3.787 3.788 3.789 3.790 3.791 3.792 3.794 3.795 3.796 3.797 3.798 3.799 3.800 3.801 3.802 3.803 3.804 3.805 3.806 3.807 3.808 3.809 3.811 3.812 3.813 3.814
3.755 3.755 3.756 3.756 3.756 3.757 3.757 3.757 3.758 3.758 3.758 3.759 3.759 3.760 3.760 3.761 3.761 3.762 3.762 3.763 3.763 3.764 3.764 3.765 3.765 3.766 3.766 3.767 3.767 3.768 3.768 3.769 3.770 3.771 3.771 3.772 3.773 3.774 3.775 3.775 3.776 3.777 3.778 3.779 3.780 3.781 3.782 3.783 3.784 3.785 3.786 3.787 3.788 3.789 3.790 3.791 3.792 3.793 3.795 3.796 3.797 3.798 3.799 3.800 3.801 3.802 3.803 3.804 3.805 3.806 3.807 3.808 3.809 3.811 3.812 3.813 3.814
3.755 3.755 3.755 3.756 3.756 3.756 3.757 3.757 3.758 3.758 3.758 3.759 3.759 3.759 3.760 3.760 3.761 3.761 3.762 3.762 3.763 3.763 3.764 3.764 3.765 3.765 3.766 3.766 3.767 3.768 3.768 3.769 3.770 3.770 3.771 3.772 3.773 3.774 3.774 3.775 3.776 3.777 3.778 3.779 3.780 3.781 3.782 3.783 3.784 3.785 3.786 3.787 3.788 3.789 3.790 3.791 3.792 3.793 3.795 3.796 3.797 3.798 3.799 3.800 3.801 3.802 3.803 3.804 3.805 3.806 3.807 3.808 3.809 3.810 3.812 3.813 3.814
3.754 3.755 3.755 3.755 3.756 3.756 3.757 3.757 3.757 3.758 3.758 3.758 3.759 3.759 3.760 3.760 3.761 3.761 3.762 3.762 3.763 3.763 3.764 3.764 3.765 3.765 3.766 3.766 3.767 3.767 3.768 3.769 3.769 3.770 3.771 3.772 3.772 3.773 3.774 3.775 3.776 3.777 3.778 3.779 3.779 3.780 3.781 3.782 3.783 3.785 3.786 3.787 3.788 3.789 3.790 3.791 3.792 3.793 3.795 3.796 3.797 3.798 3.799 3.800 3.801 3.802 3.803 3.804 3.805 3.806 3.807 3.808 3.809 3.810 3.812 3.813 3.814
3.754 3.754 3.755 3.755 3.756 3.756 3.756 3.757 3.757 3.757 3.758 3.758 3.759 3.759 3.760 3.760 3.760 3.761 3.761 3.762 3.762 3.763 3.763 3.764 3.764 3.765 3.765 3.766 3.767 3.767 3.768 3.768 3.769 3.770 3.771 3.771 3.772 3.773 3.774 3.775 3.776 3.777 3.778 3.778 3.779 3.780 3.781 3.782 3.783 3.784 3.786 3.787 3.788 3.789 3.790 3.791 3.792 3.793 3.795 3.796 3.797 3.798 3.799 3.800 3.801 3.802 3.803 3.804 3.805 3.806 3.807 3.808 3.809 3.810 3.811 3.813 3.814
