includes/lisflood-fp-604/results/res-0008.wd
ncols         631
nrows         906
xllcorner     364927.146600
yllcorner     6531972.565600
cellsize      20.000000
NODATA_value  -9999.000000
[rows 374 to 407 of 906, columns 462 to 538 of 631]
0.110 0.180 0.010 0.022 0.031 0.039 0.168 0.017 0.038 0.029 0.055 0.012 0.093 0.086 0.100 0.069 0.106 0.111 0.089 0.124 0.123 0.088 0.028 0.063 0.016 0.052 0.119 0.021 0.051 0.004 0.059 0.000 0.000 0.000 0.000 0.000 0.000 0.000 0.000 0.000 0.000 0.001 0.003 0.069 0.259 0.545 0.632 0.721 0.793 0.822 0.851 0.893 0.972 1.052 1.133 1.214 1.296 1.378 1.460 1.541 1.623 1.705 1.787 1.867 1.880 1.893 1.906 1.918 1.930 1.942 1.954 1.966 1.978 1.990 2.003 2.015 2.027
0.038 0.028 0.097 0.012 0.009 0.019 0.107 0.031 0.084 0.044 0.007 0.000 0.143 0.000 0.083 0.031 0.049 0.031 0.092 0.035 0.125 0.095 0.204 0.333 0.152 0.076 0.031 0.008 0.000 0.009 0.000 0.000 0.000 0.002 0.000 0.000 0.000 0.000 0.001 0.003 0.009 0.033 0.139 0.196 0.291 0.338 0.327 0.788 0.834 0.863 0.891 0.919 0.983 1.063 1.143 1.225 1.306 1.388 1.469 1.551 1.633 1.715 1.797 1.836 1.849 1.862 1.875 1.888 1.900 1.912 1.924 1.936 1.948 1.960 1.972 1.984 1.996
0.000 0.018 0.000 0.001 0.007 0.117 0.075 0.001 0.000 0.139 0.169 0.038 0.062 0.138 0.074 0.013 0.076 0.025 0.009 0.076 0.102 0.279 0.104 0.064 0.076 0.060 0.007 0.006 0.003 0.000 0.000 0.000 0.000 0.005 0.000 0.000 0.004 0.012 0.055 0.215 0.161 0.338 0.298 0.512 0.599 0.686 0.772 0.846 0.875 0.903 0.931 0.959 0.993 1.073 1.154 1.235 1.316 1.398 1.479 1.561 1.643 1.725 1.792 1.805 1.818 1.831 1.844 1.857 1.870 1.881 1.893 1.906 1.918 1.930 1.942 1.954 1.966
0.000 0.022 0.077 0.000 0.025 0.029 0.071 0.002 0.007 0.034 0.074 0.104 0.080 0.038 0.018 0.000 0.142 0.222 0.116 0.148 0.075 0.106 0.048 0.105 0.039 0.004 0.004 0.007 0.000 0.000 0.000 0.001 0.008 0.010 0.028 0.002 0.176 0.158 0.288 0.056 0.319 0.405 0.493 0.345 0.665 0.752 0.839 0.887 0.915 0.944 0.972 1.000 1.028 1.083 1.164 1.245 1.326 1.408 1.489 1.571 1.653 1.735 1.761 1.774 1.787 1.800 1.813 1.826 1.839 1.851 1.863 1.875 1.887 1.899 1.911 1.923 1.935
0.148 0.000 0.010 0.016 0.015 0.092 0.013 0.000 0.000 0.057 0.187 0.207 0.217 0.207 0.157 0.017 0.040 0.114 0.113 0.006 0.174 0.164 0.016 0.043 0.080 0.002 0.111 0.001 0.000 0.000 0.013 0.045 0.000 0.002 0.128 0.116 0.104 0.038 0.014 0.271 0.210 0.288 0.558 0.646 0.732 0.819 0.898 0.927 0.956 0.984 1.013 1.041 1.069 1.097 1.174 1.255 1.336 1.418 1.499 1.581 1.663 1.717 1.730 1.743 1.756 1.769 1.782 1.796 1.809 1.821 1.833 1.845 1.857 1.869 1.881 1.893 1.905
0.108 0.019 0.029 0.000 0.020 0.037 0.097 0.046 0.001 0.005 0.022 0.189 0.109 0.050 0.147 0.057 0.121 0.081 0.079 0.000 0.025 0.058 0.159 0.042 0.021 0.006 0.002 0.000 0.000 0.106 0.166 0.003 0.004 0.046 0.021 0.114 0.134 0.128 0.100 0.261 0.280 0.537 0.625 0.712 0.799 0.886 0.938 0.967 0.996 1.024 1.053 1.082 1.110 1.138 1.184 1.265 1.346 1.428 1.509 1.591 1.673 1.686 1.699 1.712 1.725 1.738 1.752 1.765 1.778 1.791 1.803 1.815 1.827 1.839 1.851 1.863 1.875
0.002 0.004 0.021 0.011 0.066 0.085 0.070 0.224 0.062 0.030 0.135 0.161 0.161 0.062 0.009 0.058 0.073 0.108 0.036 0.043 0.039 0.035 0.074 0.010 0.000 0.021 0.000 0.000 0.063 0.002 0.026 0.002 0.007 0.016 0.081 0.032 0.225 0.223 0.157 0.311 0.190 0.603 0.691 0.779 0.866 0.949 0.978 1.007 1.036 1.065 1.093 1.122 1.151 1.179 1.208 1.275 1.356 1.438 1.519 1.601 1.643 1.655 1.668 1.681 1.695 1.708 1.721 1.734 1.747 1.760 1.773 1.785 1.797 1.809 1.820 1.833 1.853
0.000 0.197 0.000 0.044 0.078 0.157 0.047 0.020 0.163 0.141 0.051 0.008 0.014 0.188 0.169 0.064 0.041 0.088 0.120 0.038 0.008 0.017 0.012 0.008 0.000 0.000 0.000 0.000 0.008 0.160 0.023 0.070 0.156 0.039 0.014 0.108 0.234 0.190 0.434 0.320 0.593 0.674 0.758 0.846 0.933 0.988 1.017 1.047 1.076 1.105 1.134 1.162 1.191 1.220 1.248 1.285 1.366 1.448 1.529 1.599 1.612 1.625 1.638 1.651 1.664 1.677 1.690 1.703 1.716 1.730 1.743 1.755 1.766 1.778 1.790 1.805 1.831
0.000 0.057 0.077 0.037 0.001 0.031 0.063 0.012 0.029 0.012 0.061 0.058 0.149 0.076 0.124 0.062 0.000 0.028 0.203 0.093 0.083 0.083 0.000 0.001 0.000 0.000 0.001 0.004 0.000 0.001 0.039 0.028 0.174 0.121 0.025 0.084 0.133 0.324 0.283 0.584 0.666 0.747 0.828 0.913 0.998 1.028 1.057 1.086 1.116 1.145 1.174 1.203 1.232 1.260 1.289 1.318 1.376 1.458 1.539 1.568 1.581 1.594 1.607 1.620 1.633 1.646 1.659 1.673 1.686 1.699 1.712 1.725 1.737 1.748 1.760 1.783 1.809
0.003 0.002 0.051 0.025 0.065 0.051 0.000 0.012 0.049 0.009 0.010 0.021 0.069 0.108 0.198 0.046 0.081 0.019 0.293 0.016 0.004 0.023 0.003 0.000 0.000 0.001 0.053 0.163 0.014 0.005 0.007 0.011 0.111 0.102 0.084 0.184 0.016 0.364 0.577 0.320 0.738 0.820 0.901 0.983 1.038 1.067 1.097 1.126 1.156 1.185 1.214 1.243 1.272 1.301 1.330 1.359 1.388 1.468 1.525 1.538 1.551 1.564 1.577 1.590 1.603 1.616 1.629 1.642 1.655 1.668 1.681 1.695 1.707 1.719 1.736 1.762 1.788
0.004 0.009 0.050 0.028 0.135 0.085 0.002 0.138 0.030 0.034 0.014 0.061 0.005 0.013 0.083 0.143 0.123 0.070 0.033 0.151 0.000 0.012 0.001 0.000 0.000 0.007 0.093 0.071 0.000 0.025 0.034 0.063 0.063 0.134 0.163 0.192 0.128 0.254 0.351 0.729 0.811 0.893 0.960 0.998 1.035 1.070 1.104 1.138 1.172 1.206 1.239 1.273 1.307 1.341 1.370 1.399 1.429 1.478 1.495 1.507 1.520 1.533 1.546 1.559 1.572 1.585 1.598 1.612 1.625 1.638 1.651 1.664 1.677 1.689 1.714 1.740 1.766
0.099 0.077 0.102 0.000 0.007 0.000 0.016 0.044 0.013 0.000 0.001 0.005 0.052 0.002 0.063 0.136 0.055 0.054 0.006 0.081 0.015 0.000 0.000 0.000 0.014 0.033 0.004 0.057 0.038 0.018 0.058 0.114 0.022 0.087 0.100 0.229 0.166 0.315 0.721 0.802 0.877 0.915 0.953 0.991 1.029 1.064 1.098 1.132 1.166 1.200 1.234 1.268 1.302 1.335 1.369 1.403 1.437 1.466 1.480 1.491 1.502 1.514 1.525 1.536 1.548 1.559 1.571 1.582 1.594 1.607 1.621 1.634 1.647 1.667 1.693 1.719 1.745
0.062 0.010 0.000 0.000 0.000 0.104 0.030 0.024 0.001 0.129 0.018 0.055 0.082 0.164 0.128 0.030 0.026 0.011 0.085 0.001 0.002 0.000 0.005 0.006 0.030 0.051 0.025 0.085 0.130 0.068 0.118 0.070 0.134 0.230 0.244 0.317 0.204 0.717 0.324 0.830 0.869 0.908 0.946 0.984 1.022 1.058 1.092 1.126 1.160 1.194 1.228 1.262 1.296 1.330 1.364 1.398 1.429 1.456 1.478 1.489 1.500 1.512 1.523 1.534 1.546 1.557 1.569 1.580 1.592 1.603 1.615 1.626 1.641 1.670 1.694 1.719 1.744
0.028 0.009 0.000 0.029 0.029 0.037 0.002 0.000 0.000 0.000 0.010 0.024 0.124 0.073 0.023 0.031 0.013 0.031 0.001 0.001 0.000 0.111 0.005 0.003 0.008 0.070 0.028 0.193 0.140 0.106 0.031 0.131 0.036 0.150 0.224 0.206 0.232 0.752 0.791 0.344 0.862 0.901 0.939 0.977 1.015 1.052 1.086 1.121 1.155 1.189 1.223 1.257 1.291 1.325 1.359 1.392 1.419 1.446 1.473 1.487 1.498 1.510 1.521 1.533 1.544 1.555 1.567 1.578 1.590 1.601 1.613 1.624 1.651 1.682 1.708 1.733 1.758
0.002 0.063 0.024 0.000 0.000 0.007 0.000 0.015 0.042 0.029 0.014 0.090 0.061 0.078 0.029 0.000 0.009 0.006 0.000 0.000 0.051 0.091 0.031 0.000 0.000 0.094 0.099 0.076 0.006 0.099 0.185 0.097 0.081 0.192 0.154 0.174 0.330 0.292 0.327 0.819 0.856 0.894 0.932 0.970 1.008 1.046 1.081 1.115 1.149 1.183 1.218 1.252 1.286 1.320 1.354 1.382 1.409 1.436 1.463 1.485 1.496 1.508 1.519 1.531 1.542 1.553 1.565 1.576 1.588 1.599 1.611 1.630 1.661 1.692 1.721 1.746 1.771
0.002 0.053 0.034 0.000 0.011 0.000 0.000 0.110 0.000 0.018 0.092 0.038 0.007 0.000 0.031 0.000 0.110 0.001 0.000 0.003 0.002 0.001 0.000 0.000 0.003 0.084 0.014 0.080 0.049 0.132 0.134 0.148 0.166 0.122 0.223 0.202 0.271 0.363 0.774 0.812 0.849 0.888 0.926 0.964 1.002 1.040 1.076 1.110 1.144 1.178 1.212 1.246 1.281 1.315 1.344 1.371 1.399 1.426 1.453 1.480 1.494 1.506 1.517 1.529 1.540 1.552 1.563 1.575 1.586 1.597 1.609 1.640 1.671 1.702 1.732 1.760 1.784
0.056 0.002 0.064 0.000 0.028 0.021 0.018 0.012 0.080 0.059 0.000 0.101 0.006 0.075 0.030 0.140 0.060 0.000 0.000 0.125 0.000 0.000 0.000 0.003 0.005 0.114 0.022 0.082 0.044 0.070 0.071 0.153 0.192 0.265 0.149 0.349 0.332 0.355 0.330 0.805 0.842 0.881 0.919 0.958 0.996 1.034 1.070 1.105 1.139 1.173 1.207 1.241 1.275 1.307 1.334 1.361 1.389 1.416 1.443 1.470 1.492 1.504 1.515 1.527 1.538 1.550 1.561 1.573 1.584 1.595 1.619 1.650 1.681 1.711 1.742 1.773 1.798
0.001 0.051 0.005 0.090 0.014 0.000 0.016 0.038 0.042 0.039 0.006 0.112 0.009 0.046 0.055 0.002 0.000 0.000 0.003 0.000 0.000 0.000 0.000 0.000 0.084 0.062 0.019 0.083 0.264 0.155 0.231 0.122 0.230 0.254 0.180 0.231 0.263 0.258 0.762 0.801 0.369 0.875 0.913 0.951 0.989 1.027 1.065 1.099 1.134 1.168 1.202 1.236 1.269 1.297 1.324 1.351 1.378 1.406 1.433 1.460 1.488 1.501 1.513 1.524 1.536 1.547 1.559 1.570 1.582 1.598 1.629 1.660 1.690 1.721 1.752 1.783 1.811
0.002 0.003 0.000 0.009 0.001 0.003 0.060 0.000 0.023 0.062 0.179 0.044 0.071 0.060 0.000 0.000 0.000 0.000 0.000 0.000 0.096 0.000 0.000 0.007 0.009 0.059 0.090 0.112 0.184 0.113 0.177 0.218 0.229 0.272 0.120 0.342 0.235 0.329 0.345 0.795 0.833 0.870 0.908 0.945 0.983 1.021 1.059 1.094 1.129 1.163 1.197 1.231 1.259 1.286 1.314 1.341 1.368 1.396 1.423 1.450 1.478 1.499 1.511 1.522 1.534 1.545 1.557 1.568 1.580 1.608 1.638 1.669 1.700 1.731 1.762 1.793 1.824
0.003 0.004 0.009 0.008 0.053 0.000 0.007 0.000 0.059 0.001 0.068 0.057 0.008 0.000 0.000 0.000 0.000 0.000 0.000 0.000 0.005 0.000 0.000 0.000 0.011 0.058 0.052 0.030 0.045 0.138 0.185 0.167 0.247 0.290 0.318 0.334 0.692 0.723 0.754 0.789 0.827 0.864 0.902 0.940 0.977 1.015 1.053 1.090 1.124 1.158 1.192 1.222 1.249 1.276 1.304 1.331 1.358 1.386 1.413 1.440 1.468 1.495 1.509 1.520 1.532 1.543 1.555 1.566 1.586 1.617 1.648 1.679 1.710 1.741 1.772 1.803 1.834
0.056 0.000 0.003 0.006 0.053 0.014 0.007 0.019 0.032 0.000 0.000 0.000 0.000 0.000 0.000 0.000 0.000 0.000 0.000 0.000 0.002 0.001 0.005 0.010 0.056 0.032 0.066 0.061 0.111 0.098 0.292 0.235 0.226 0.269 0.288 0.364 0.357 0.730 0.309 0.791 0.824 0.858 0.896 0.934 0.972 1.009 1.047 1.085 1.119 1.153 1.184 1.212 1.239 1.266 1.294 1.321 1.348 1.376 1.403 1.430 1.458 1.485 1.507 1.518 1.530 1.541 1.553 1.565 1.596 1.627 1.658 1.689 1.720 1.751 1.781 1.812 1.843
0.000 0.001 0.004 0.000 0.004 0.002 0.006 0.002 0.001 0.000 0.000 0.000 0.000 0.000 0.000 0.003 0.000 0.000 0.002 0.003 0.001 0.001 0.001 0.045 0.303 0.005 0.054 0.123 0.161 0.127 0.152 0.144 0.314 0.269 0.219 0.266 0.378 0.383 0.769 0.801 0.833 0.865 0.898 0.930 0.966 1.004 1.041 1.079 1.114 1.147 1.175 1.202 1.229 1.256 1.284 1.311 1.338 1.366 1.393 1.420 1.448 1.475 1.502 1.516 1.528 1.539 1.551 1.575 1.606 1.637 1.668 1.699 1.729 1.760 1.791 1.822 1.853
0.000 0.000 0.000 0.000 0.000 0.078 0.002 0.002 0.002 0.002 0.000 0.000 0.000 0.000 0.155 0.002 0.003 0.051 0.000 0.052 0.001 0.003 0.023 0.112 0.243 0.022 0.022 0.113 0.131 0.203 0.221 0.309 0.294 0.288 0.310 0.379 0.351 0.745 0.777 0.809 0.842 0.874 0.907 0.939 0.972 1.005 1.037 1.073 1.110 1.137 1.165 1.192 1.219 1.246 1.274 1.301 1.328 1.356 1.383 1.410 1.438 1.465 1.492 1.514 1.525 1.537 1.554 1.585 1.616 1.646 1.677 1.708 1.739 1.770 1.801 1.832 1.863
0.000 0.000 0.000 0.000 0.070 0.000 0.000 0.000 0.000 0.000 0.000 0.002 0.000 0.001 0.000 0.046 0.000 0.006 0.007 0.005 0.007 0.016 0.085 0.111 0.086 0.218 0.131 0.113 0.079 0.133 0.210 0.428 0.363 0.368 0.311 0.262 0.729 0.366 0.785 0.817 0.850 0.883 0.916 0.948 0.981 1.014 1.046 1.079 1.106 1.131 1.157 1.183 1.209 1.237 1.264 1.291 1.318 1.346 1.373 1.400 1.428 1.455 1.482 1.510 1.523 1.535 1.563 1.594 1.625 1.656 1.687 1.718 1.749 1.780 1.811 1.841 1.872
0.000 0.000 0.000 0.000 0.000 0.000 0.000 0.000 0.000 0.000 0.000 0.015 0.002 0.005 0.159 0.014 0.043 0.000 0.005 0.019 0.075 0.007 0.048 0.178 0.112 0.138 0.229 0.275 0.139 0.253 0.175 0.146 0.361 0.347 0.687 0.393 0.375 0.369 0.793 0.825 0.858 0.891 0.924 0.957 0.990 1.022 1.055 1.083 1.108 1.133 1.159 1.184 1.210 1.236 1.261 1.287 1.313 1.338 1.364 1.391 1.418 1.445 1.472 1.500 1.521 1.542 1.573 1.604 1.635 1.666 1.697 1.727 1.758 1.789 1.820 1.851 1.882
0.000 0.000 0.000 0.000 0.000 0.000 0.000 0.000 0.000 0.000 0.002 0.002 0.059 0.014 0.008 0.020 0.004 0.028 0.023 0.000 0.083 0.075 0.091 0.118 0.231 0.088 0.168 0.055 0.034 0.192 0.286 0.241 0.179 0.217 0.250 0.314 0.298 0.360 0.801 0.833 0.867 0.900 0.933 0.966 0.999 1.031 1.060 1.085 1.110 1.135 1.161 1.186 1.212 1.238 1.263 1.289 1.314 1.340 1.366 1.391 1.417 1.443 1.468 1.494 1.518 1.546 1.578 1.610 1.641 1.673 1.705 1.736 1.768 1.799 1.830 1.861 1.892
0.000 0.000 0.000 0.000 0.000 0.000 0.000 0.000 0.000 0.000 0.000 0.004 0.005 0.001 0.006 0.038 0.046 0.008 0.015 0.038 0.065 0.016 0.002 0.052 0.073 0.129 0.176 0.069 0.174 0.132 0.216 0.280 0.221 0.308 0.341 0.395 0.349 0.353 0.811 0.367 0.876 0.909 0.942 0.975 1.008 1.037 1.062 1.087 1.112 1.137 1.162 1.188 1.214 1.239 1.265 1.291 1.316 1.342 1.368 1.393 1.419 1.444 1.470 1.496 1.509 1.525 1.556 1.588 1.620 1.651 1.683 1.715 1.746 1.778 1.810 1.842 1.874
0.000 0.000 0.000 0.000 0.000 0.000 0.000 0.000 0.000 0.000 0.000 0.022 0.005 0.008 0.012 0.086 0.085 0.000 0.026 0.015 0.039 0.137 0.088 0.135 0.144 0.176 0.172 0.291 0.135 0.156 0.162 0.279 0.231 0.388 0.321 0.315 0.301 0.345 0.819 0.853 0.886 0.918 0.951 0.984 1.014 1.039 1.064 1.089 1.114 1.139 1.164 1.190 1.216 1.241 1.267 1.292 1.318 1.344 1.369 1.395 1.421 1.446 1.472 1.492 1.501 1.510 1.535 1.566 1.598 1.630 1.661 1.693 1.725 1.757 1.788 1.820 1.852
0.000 0.000 0.000 0.000 0.000 0.000 0.000 0.000 0.000 0.000 0.000 0.033 0.000 0.000 0.000 0.001 0.093 0.019 0.034 0.008 0.191 0.071 0.049 0.074 0.162 0.244 0.239 0.280 0.385 0.230 0.140 0.175 0.223 0.242 0.399 0.741 0.773 0.804 0.384 0.862 0.895 0.927 0.960 0.991 1.016 1.041 1.066 1.091 1.116 1.141 1.166 1.192 1.217 1.243 1.269 1.294 1.320 1.346 1.371 1.397 1.422 1.448 1.474 1.483 1.493 1.502 1.513 1.545 1.576 1.608 1.640 1.671 1.703 1.735 1.767 1.799 1.830
0.000 0.000 0.000 0.000 0.000 0.000 0.000 0.113 0.000 0.000 0.000 0.000 0.003 0.002 0.003 0.005 0.005 0.043 0.059 0.104 0.083 0.091 0.113 0.143 0.093 0.314 0.189 0.328 0.354 0.289 0.314 0.252 0.296 0.316 0.236 0.386 0.383 0.810 0.841 0.872 0.904 0.937 0.969 0.993 1.018 1.043 1.068 1.093 1.118 1.143 1.168 1.193 1.219 1.245 1.270 1.296 1.322 1.347 1.373 1.399 1.424 1.450 1.466 1.475 1.485 1.494 1.503 1.523 1.555 1.587 1.618 1.650 1.682 1.714 1.745 1.777 1.809
0.000 0.000 0.000 0.000 0.000 0.000 0.000 0.253 0.000 0.000 0.000 0.000 0.000 0.019 0.037 0.005 0.012 0.073 0.005 0.003 0.043 0.013 0.025 0.159 0.151 0.214 0.097 0.236 0.212 0.277 0.334 0.205 0.209 0.335 0.338 0.350 0.375 0.391 0.847 0.880 0.913 0.945 0.970 0.995 1.020 1.045 1.070 1.095 1.120 1.145 1.170 1.195 1.221 1.247 1.272 1.298 1.324 1.349 1.375 1.401 1.426 1.448 1.458 1.467 1.476 1.486 1.495 1.505 1.534 1.565 1.597 1.629 1.660 1.692 1.724 1.756 1.788
0.000 0.000 0.000 0.000 0.000 0.000 0.042 0.000 0.000 0.000 0.000 0.000 0.245 0.000 0.428 0.608 0.558 0.019 0.033 0.099 0.115 0.179 0.081 0.109 0.269 0.123 0.152 0.325 0.301 0.640 0.670 0.238 0.155 0.277 0.369 0.342 0.797 0.830 0.401 0.889 0.922 0.947 0.972 0.997 1.022 1.047 1.072 1.097 1.122 1.147 1.172 1.197 1.223 1.248 1.274 1.300 1.325 1.351 1.377 1.402 1.428 1.440 1.449 1.459 1.468 1.478 1.487 1.496 1.512 1.544 1.576 1.607 1.639 1.671 1.703 1.734 1.766
0.000 0.000 0.000 0.000 0.000 0.000 0.000 0.000 0.000 0.000 0.000 0.001 0.085 0.053 0.011 0.029 0.043 0.065 0.116 0.089 0.165 0.021 0.093 0.109 0.166 0.150 0.291 0.235 0.319 0.355 0.372 0.317 0.347 0.294 0.380 0.781 0.406 0.836 0.869 0.899 0.925 0.949 0.974 0.999 1.024 1.049 1.074 1.099 1.124 1.149 1.174 1.199 1.224 1.250 1.276 1.302 1.327 1.353 1.379 1.404 1.422 1.432 1.441 1.451 1.460 1.470 1.479 1.489 1.498 1.523 1.554 1.586 1.618 1.650 1.681 1.713 1.745
0.000 0.000 0.000 0.000 0.000 0.000 0.000 0.002 0.013 0.000 0.000 0.000 0.033 0.000 0.019 0.001 0.192 0.086 0.485 0.168 0.089 0.164 0.093 0.027 0.184 0.248 0.311 0.335 0.318 0.344 0.390 0.708 0.188 0.387 0.259 0.239 0.812 0.844 0.876 0.903 0.928 0.361 0.976 1.001 1.026 1.051 1.076 1.101 1.126 1.151 1.176 1.201 1.226 1.252 1.278 1.303 1.329 1.355 1.380 1.405 1.414 1.424 1.433 1.443 1.452 1.462 1.471 1.480 1.490 1.502 1.533 1.565 1.597 1.628 1.660 1.692 1.723
