includes/lisflood-fp-604/results/res-0003.wdfp
ncols         631
nrows         906
xllcorner     364927.146667
yllcorner     6531972.565556
cellsize      20.000000
NODATA_value  -9999.000000
[rows 850 to 883 of 906, columns 539 to 615 of 631]
8.878 8.877 8.876 8.875 8.874 8.872 8.871 8.870 8.869 8.868 8.866 8.865 8.864 8.862 8.861 8.860 8.858 8.857 8.856 8.854 8.853 8.851 8.850 8.849 8.847 8.846 8.845 8.844 8.842 8.841 8.840 8.838 8.837 8.836 8.834 8.833 8.831 8.830 8.828 8.827 8.825 8.824 8.822 8.821 8.819 8.818 8.817 8.815 8.814 8.812 8.811 8.810 8.808 8.807 8.805 8.804 8.803 8.801 8.800 8.799 8.798 8.796 8.795 8.794 8.793 8.792 8.791 8.789 8.788 8.787 8.786 8.785 8.784 8.782 8.781 8.780 8.779
8.878 8.877 8.876 8.875 8.874 8.873 8.872 8.870 8.869 8.868 8.867 8.865 8.864 8.863 8.861 8.860 8.859 8.857 8.856 8.854 8.853 8.852 8.850 8.849 8.848 8.846 8.845 8.844 8.843 8.841 8.840 8.839 8.837 8.836 8.834 8.833 8.832 8.830 8.829 8.827 8.826 8.824 8.823 8.821 8.820 8.818 8.817 8.815 8.814 8.813 8.811 8.810 8.808 8.807 8.806 8.804 8.803 8.802 8.800 8.799 8.798 8.797 8.795 8.794 8.793 8.792 8.791 8.790 8.788 8.787 8.786 8.785 8.784 8.783 8.781 8.780 8.779
8.878 8.877 8.876 8.875 8.874 8.873 8.872 8.871 8.869 8.868 8.867 8.866 8.864 8.863 8.862 8.860 8.859 8.857 8.856 8.855 8.853 8.852 8.851 8.849 8.848 8.846 8.845 8.844 8.843 8.842 8.840 8.839 8.837 8.836 8.835 8.833 8.832 8.830 8.829 8.827 8.826 8.824 8.823 8.821 8.820 8.818 8.817 8.816 8.814 8.813 8.811 8.810 8.809 8.807 8.806 8.804 8.803 8.802 8.800 8.799 8.798 8.797 8.796 8.794 8.793 8.792 8.791 8.790 8.789 8.787 8.786 8.785 8.784 8.783 8.782 8.781 8.780
8.878 8.877 8.876 8.875 8.874 8.873 8.872 8.871 8.870 8.868 8.867 8.866 8.865 8.863 8.862 8.861 8.859 8.858 8.856 8.855 8.853 8.852 8.851 8.849 8.848 8.847 8.846 8.844 8.843 8.842 8.840 8.839 8.838 8.836 8.835 8.833 8.832 8.830 8.829 8.828 8.826 8.825 8.823 8.822 8.820 8.819 8.817 8.816 8.814 8.813 8.811 8.810 8.809 8.807 8.806 8.804 8.803 8.802 8.800 8.799 8.798 8.797 8.796 8.795 8.794 8.792 8.791 8.790 8.789 8.788 8.786 8.785 8.784 8.783 8.782 8.781 8.780
8.878 8.877 8.876 8.875 8.874 8.873 8.872 8.871 8.870 8.868 8.867 8.866 8.865 8.863 8.862 8.861 8.859 8.858 8.857 8.855 8.854 8.852 8.851 8.850 8.848 8.847 8.846 8.845 8.843 8.842 8.841 8.839 8.838 8.836 8.835 8.833 8.832 8.831 8.829 8.828 8.826 8.825 8.823 8.822 8.820 8.819 8.817 8.816 8.814 8.813 8.812 8.810 8.809 8.807 8.806 8.805 8.803 8.802 8.801 8.799 8.798 8.797 8.796 8.795 8.794 8.793 8.791 8.790 8.789 8.788 8.787 8.785 8.784 8.783 8.782 8.781 8.780
8.879 8.878 8.877 8.876 8.874 8.873 8.872 8.871 8.870 8.869 8.867 8.866 8.865 8.864 8.862 8.861 8.860 8.858 8.857 8.855 8.854 8.853 8.851 8.850 8.848 8.847 8.846 8.845 8.843 8.842 8.841 8.839 8.838 8.837 8.835 8.834 8.832 8.831 8.829 8.828 8.826 8.825 8.823 8.822 8.820 8.819 8.817 8.816 8.815 8.813 8.812 8.810 8.809 8.807 8.806 8.805 8.803 8.802 8.801 8.799 8.798 8.797 8.796 8.795 8.794 8.793 8.792 8.790 8.789 8.788 8.787 8.786 8.784 8.783 8.782 8.781 8.780
8.879 8.878 8.877 8.876 8.875 8.874 8.872 8.871 8.870 8.869 8.868 8.866 8.865 8.864 8.862 8.861 8.860 8.858 8.857 8.856 8.854 8.853 8.851 8.850 8.849 8.847 8.846 8.845 8.844 8.842 8.841 8.840 8.838 8.837 8.835 8.834 8.832 8.831 8.829 8.828 8.826 8.825 8.823 8.822 8.820 8.819 8.818 8.816 8.815 8.813 8.812 8.810 8.809 8.808 8.806 8.805 8.803 8.802 8.801 8.800 8.798 8.797 8.796 8.795 8.794 8.793 8.792 8.790 8.789 8.788 8.787 8.786 8.785 8.783 8.782 8.781 8.780
8.879 8.878 8.877 8.876 8.875 8.874 8.873 8.871 8.870 8.869 8.868 8.867 8.865 8.864 8.863 8.861 8.860 8.859 8.857 8.856 8.854 8.853 8.852 8.850 8.849 8.848 8.846 8.845 8.844 8.842 8.841 8.840 8.838 8.837 8.836 8.834 8.833 8.831 8.830 8.828 8.827 8.825 8.824 8.822 8.821 8.819 8.818 8.816 8.815 8.813 8.812 8.810 8.809 8.808 8.806 8.805 8.803 8.802 8.801 8.800 8.799 8.797 8.796 8.795 8.794 8.793 8.792 8.791 8.789 8.788 8.787 8.786 8.785 8.784 8.782 8.781 8.780
8.879 8.878 8.877 8.876 8.875 8.874 8.873 8.872 8.870 8.869 8.868 8.867 8.865 8.864 8.863 8.861 8.860 8.859 8.857 8.856 8.855 8.853 8.852 8.851 8.849 8.848 8.846 8.845 8.844 8.842 8.841 8.840 8.839 8.837 8.836 8.834 8.833 8.831 8.830 8.828 8.827 8.825 8.824 8.822 8.821 8.819 8.818 8.816 8.815 8.813 8.812 8.811 8.809 8.808 8.806 8.805 8.804 8.802 8.801 8.800 8.799 8.798 8.796 8.795 8.794 8.793 8.792 8.791 8.790 8.788 8.787 8.786 8.785 8.784 8.783 8.781 8.780
8.880 8.879 8.877 8.876 8.875 8.874 8.873 8.872 8.871 8.869 8.868 8.867 8.866 8.864 8.863 8.862 8.860 8.859 8.857 8.856 8.855 8.853 8.852 8.851 8.849 8.848 8.847 8.845 8.844 8.843 8.841 8.840 8.839 8.837 8.836 8.834 8.833 8.831 8.830 8.828 8.827 8.825 8.824 8.822 8.821 8.819 8.818 8.816 8.815 8.814 8.812 8.811 8.809 8.808 8.807 8.805 8.804 8.802 8.801 8.800 8.799 8.798 8.797 8.795 8.794 8.793 8.792 8.791 8.790 8.788 8.787 8.786 8.785 8.784 8.783 8.782 8.781
8.880 8.879 8.878 8.877 8.875 8.874 8.873 8.872 8.871 8.870 8.868 8.867 8.866 8.864 8.863 8.862 8.860 8.859 8.858 8.856 8.855 8.854 8.852 8.851 8.850 8.848 8.847 8.845 8.844 8.843 8.841 8.840 8.839 8.837 8.836 8.834 8.833 8.831 8.830 8.828 8.827 8.825 8.824 8.822 8.821 8.819 8.818 8.817 8.815 8.814 8.812 8.811 8.809 8.808 8.807 8.805 8.804 8.803 8.801 8.800 8.799 8.798 8.797 8.796 8.794 8.793 8.792 8.791 8.790 8.789 8.787 8.786 8.785 8.784 8.783 8.782 8.781
8.880 8.879 8.878 8.877 8.876 8.874 8.873 8.872 8.871 8.870 8.869 8.867 8.866 8.865 8.863 8.862 8.861 8.859 8.858 8.856 8.855 8.854 8.852 8.851 8.850 8.848 8.847 8.845 8.844 8.843 8.841 8.840 8.839 8.837 8.836 8.834 8.833 8.831 8.830 8.828 8.827 8.825 8.824 8.823 8.821 8.820 8.818 8.817 8.815 8.814 8.812 8.811 8.810 8.808 8.807 8.805 8.804 8.803 8.802 8.800 8.799 8.798 8.797 8.796 8.794 8.793 8.792 8.791 8.790 8.789 8.787 8.786 8.785 8.784 8.783 8.782 8.781
8.880 8.879 8.878 8.877 8.876 8.875 8.874 8.872 8.871 8.870 8.869 8.867 8.866 8.865 8.863 8.862 8.861 8.859 8.858 8.857 8.855 8.854 8.853 8.851 8.850 8.848 8.847 8.846 8.844 8.843 8.842 8.840 8.839 8.837 8.836 8.834 8.833 8.831 8.830 8.828 8.827 8.826 8.824 8.823 8.821 8.820 8.818 8.817 8.815 8.814 8.812 8.811 8.810 8.808 8.807 8.806 8.804 8.803 8.802 8.801 8.799 8.798 8.797 8.796 8.795 8.794 8.792 8.791 8.790 8.789 8.788 8.786 8.785 8.784 8.783 8.782 8.781
8.881 8.880 8.878 8.877 8.876 8.875 8.874 8.873 8.871 8.870 8.869 8.868 8.866 8.865 8.864 8.862 8.861 8.860 8.858 8.857 8.855 8.854 8.853 8.852 8.850 8.849 8.847 8.846 8.844 8.843 8.842 8.840 8.839 8.837 8.836 8.834 8.833 8.831 8.830 8.828 8.827 8.826 8.824 8.823 8.821 8.820 8.818 8.817 8.815 8.814 8.812 8.811 8.810 8.808 8.807 8.806 8.804 8.803 8.802 8.801 8.799 8.798 8.797 8.796 8.795 8.794 8.792 8.791 8.790 8.789 8.788 8.786 8.785 8.784 8.783 8.782 8.781
8.881 8.880 8.879 8.878 8.876 8.875 8.874 8.873 8.871 8.870 8.869 8.868 8.866 8.865 8.864 8.863 8.861 8.860 8.858 8.857 8.856 8.854 8.853 8.852 8.850 8.849 8.847 8.846 8.844 8.843 8.842 8.840 8.839 8.837 8.836 8.834 8.833 8.831 8.830 8.828 8.827 8.826 8.824 8.823 8.821 8.820 8.818 8.817 8.815 8.814 8.813 8.811 8.810 8.808 8.807 8.806 8.805 8.803 8.802 8.801 8.800 8.798 8.797 8.796 8.795 8.794 8.793 8.791 8.790 8.789 8.788 8.786 8.785 8.784 8.783 8.782 8.781
8.881 8.880 8.879 8.878 8.877 8.875 8.874 8.873 8.872 8.870 8.869 8.868 8.867 8.865 8.864 8.863 8.861 8.860 8.859 8.857 8.856 8.854 8.853 8.852 8.850 8.849 8.847 8.846 8.845 8.843 8.842 8.840 8.839 8.838 8.836 8.834 8.833 8.831 8.830 8.828 8.827 8.826 8.824 8.823 8.821 8.820 8.818 8.817 8.816 8.814 8.813 8.811 8.810 8.809 8.807 8.806 8.805 8.803 8.802 8.801 8.800 8.799 8.797 8.796 8.795 8.794 8.793 8.792 8.790 8.789 8.788 8.787 8.785 8.784 8.783 8.782 8.781
8.881 8.880 8.879 8.878 8.877 8.876 8.874 8.873 8.872 8.870 8.869 8.868 8.867 8.865 8.864 8.863 8.862 8.860 8.859 8.857 8.856 8.855 8.853 8.852 8.850 8.849 8.848 8.846 8.845 8.843 8.842 8.840 8.839 8.838 8.836 8.834 8.833 8.831 8.830 8.828 8.827 8.826 8.824 8.823 8.821 8.820 8.818 8.817 8.816 8.814 8.813 8.811 8.810 8.809 8.807 8.806 8.805 8.803 8.802 8.801 8.800 8.799 8.798 8.796 8.795 8.794 8.793 8.792 8.790 8.789 8.788 8.787 8.785 8.784 8.783 8.782 8.781
8.882 8.880 8.879 8.878 8.877 8.876 8.874 8.873 8.872 8.871 8.869 8.868 8.867 8.866 8.864 8.863 8.862 8.860 8.859 8.858 8.856 8.855 8.853 8.852 8.850 8.849 8.848 8.846 8.845 8.843 8.842 8.840 8.839 8.838 8.836 8.834 8.833 8.831 8.830 8.828 8.827 8.826 8.824 8.823 8.821 8.820 8.818 8.817 8.816 8.814 8.813 8.812 8.810 8.809 8.808 8.806 8.805 8.804 8.802 8.801 8.800 8.799 8.798 8.796 8.795 8.794 8.793 8.792 8.790 8.789 8.788 8.787 8.785 8.784 8.783 8.782 8.781
8.882 8.881 8.880 8.878 8.877 8.876 8.875 8.873 8.872 8.871 8.870 8.868 8.867 8.866 8.865 8.863 8.862 8.861 8.859 8.858 8.856 8.855 8.853 8.852 8.851 8.849 8.848 8.846 8.845 8.843 8.842 8.840 8.839 8.838 8.836 8.834 8.833 8.831 8.830 8.828 8.827 8.825 8.824 8.823 8.821 8.820 8.818 8.817 8.816 8.814 8.813 8.812 8.810 8.809 8.808 8.806 8.805 8.804 8.803 8.801 8.800 8.799 8.798 8.797 8.795 8.794 8.793 8.792 8.790 8.789 8.788 8.787 8.785 8.784 8.783 8.782 8.781
8.882 8.881 8.880 8.879 8.877 8.876 8.875 8.874 8.872 8.871 8.870 8.869 8.867 8.866 8.865 8.863 8.862 8.861 8.859 8.858 8.856 8.855 8.854 8.852 8.851 8.849 8.848 8.846 8.845 8.844 8.842 8.841 8.839 8.838 8.836 8.834 8.833 8.831 8.830 8.828 8.827 8.825 8.824 8.823 8.821 8.820 8.818 8.817 8.816 8.814 8.813 8.812 8.810 8.809 8.808 8.806 8.805 8.804 8.803 8.801 8.800 8.799 8.798 8.797 8.796 8.794 8.793 8.792 8.791 8.789 8.788 8.787 8.785 8.784 8.783 8.782 8.781
8.882 8.881 8.880 8.879 8.877 8.876 8.875 8.874 8.872 8.871 8.870 8.869 8.867 8.866 8.865 8.864 8.862 8.861 8.860 8.858 8.857 8.855 8.854 8.852 8.851 8.849 8.848 8.846 8.845 8.844 8.842 8.841 8.839 8.838 8.836 8.834 8.833 8.831 8.830 8.828 8.827 8.825 8.824 8.823 8.821 8.820 8.818 8.817 8.816 8.814 8.813 8.812 8.810 8.809 8.808 8.807 8.805 8.804 8.803 8.802 8.800 8.799 8.798 8.797 8.796 8.794 8.793 8.792 8.791 8.789 8.788 8.787 8.785 8.784 8.783 8.782 8.781
8.882 8.881 8.880 8.879 8.878 8.876 8.875 8.874 8.873 8.871 8.870 8.869 8.868 8.866 8.865 8.864 8.862 8.861 8.860 8.858 8.857 8.855 8.854 8.852 8.851 8.849 8.848 8.846 8.845 8.843 8.842 8.840 8.839 8.837 8.836 8.834 8.833 8.831 8.830 8.828 8.827 8.825 8.824 8.823 8.821 8.820 8.818 8.817 8.816 8.814 8.813 8.812 8.811 8.809 8.808 8.807 8.805 8.804 8.803 8.802 8.801 8.799 8.798 8.797 8.796 8.794 8.793 8.792 8.791 8.789 8.788 8.787 8.785 8.784 8.783 8.782 8.781
8.882 8.881 8.880 8.879 8.878 8.876 8.875 8.874 8.873 8.872 8.870 8.869 8.868 8.866 8.865 8.864 8.863 8.861 8.860 8.858 8.857 8.856 8.854 8.853 8.851 8.850 8.848 8.846 8.845 8.843 8.842 8.840 8.839 8.837 8.836 8.834 8.833 8.831 8.830 8.828 8.827 8.825 8.824 8.823 8.821 8.820 8.819 8.817 8.816 8.815 8.813 8.812 8.811 8.809 8.808 8.807 8.805 8.804 8.803 8.802 8.801 8.800 8.798 8.797 8.796 8.795 8.793 8.792 8.791 8.789 8.788 8.787 8.786 8.784 8.783 8.782 8.781
8.882 8.881 8.880 8.879 8.878 8.876 8.875 8.874 8.873 8.872 8.870 8.869 8.868 8.867 8.865 8.864 8.863 8.861 8.860 8.859 8.857 8.856 8.854 8.853 8.851 8.850 8.848 8.846 8.845 8.843 8.842 8.840 8.839 8.837 8.836 8.834 8.833 8.831 8.830 8.828 8.827 8.825 8.824 8.823 8.821 8.820 8.819 8.817 8.816 8.815 8.813 8.812 8.811 8.809 8.808 8.807 8.806 8.804 8.803 8.802 8.801 8.800 8.798 8.797 8.796 8.795 8.793 8.792 8.791 8.789 8.788 8.787 8.786 8.784 8.783 8.782 8.780
8.882 8.881 8.880 8.879 8.878 8.876 8.875 8.874 8.873 8.872 8.871 8.869 8.868 8.867 8.865 8.864 8.863 8.861 8.860 8.859 8.857 8.856 8.854 8.853 8.851 8.850 8.848 8.847 8.845 8.843 8.842 8.840 8.839 8.837 8.836 8.834 8.833 8.832 8.830 8.828 8.827 8.825 8.824 8.823 8.822 8.820 8.819 8.817 8.816 8.815 8.813 8.812 8.811 8.809 8.808 8.807 8.806 8.804 8.803 8.802 8.801 8.800 8.798 8.797 8.796 8.795 8.793 8.792 8.791 8.789 8.788 8.787 8.786 8.784 8.783 8.782 8.780
8.882 8.881 8.880 8.879 8.877 8.876 8.875 8.874 8.873 8.872 8.871 8.869 8.868 8.867 8.866 8.864 8.863 8.862 8.860 8.859 8.857 8.856 8.854 8.853 8.851 8.850 8.848 8.847 8.845 8.844 8.842 8.840 8.839 8.837 8.836 8.834 8.833 8.831 8.830 8.828 8.827 8.825 8.824 8.823 8.822 8.820 8.819 8.818 8.816 8.815 8.814 8.812 8.811 8.809 8.808 8.807 8.806 8.804 8.803 8.802 8.801 8.800 8.798 8.797 8.796 8.795 8.793 8.792 8.791 8.789 8.788 8.787 8.786 8.784 8.783 8.782 8.780
8.882 8.881 8.880 8.879 8.877 8.876 8.875 8.874 8.873 8.872 8.871 8.869 8.868 8.867 8.866 8.864 8.863 8.862 8.860 8.859 8.858 8.856 8.855 8.853 8.851 8.850 8.848 8.847 8.845 8.844 8.842 8.840 8.839 8.837 8.836 8.834 8.833 8.831 8.830 8.828 8.827 8.825 8.824 8.823 8.822 8.820 8.819 8.818 8.816 8.815 8.814 8.812 8.811 8.810 8.808 8.807 8.806 8.804 8.803 8.802 8.801 8.800 8.798 8.797 8.796 8.795 8.793 8.792 8.791 8.789 8.788 8.787 8.786 8.784 8.783 8.782 8.780
8.882 8.881 8.880 8.879 8.877 8.876 8.875 8.874 8.873 8.872 8.871 8.870 8.868 8.867 8.866 8.865 8.863 8.862 8.861 8.859 8.858 8.856 8.855 8.853 8.852 8.850 8.848 8.847 8.845 8.844 8.842 8.841 8.839 8.837 8.836 8.834 8.833 8.831 8.830 8.828 8.827 8.826 8.824 8.823 8.822 8.820 8.819 8.818 8.816 8.815 8.814 8.812 8.811 8.810 8.808 8.807 8.806 8.804 8.803 8.802 8.801 8.800 8.798 8.797 8.796 8.795 8.793 8.792 8.791 8.789 8.788 8.787 8.786 8.784 8.783 8.782 8.780
8.882 8.881 8.880 8.879 8.877 8.876 8.875 8.874 8.873 8.872 8.871 8.870 8.868 8.867 8.866 8.865 8.863 8.862 8.861 8.859 8.858 8.856 8.855 8.853 8.852 8.850 8.849 8.847 8.845 8.844 8.842 8.841 8.839 8.838 8.836 8.835 8.833 8.831 8.830 8.828 8.827 8.826 8.824 8.823 8.822 8.820 8.819 8.818 8.816 8.815 8.814 8.812 8.811 8.810 8.808 8.807 8.806 8.804 8.803 8.802 8.801 8.800 8.798 8.797 8.796 8.794 8.793 8.792 8.790 8.789 8.788 8.787 8.785 8.784 8.783 8.781 8.780
8.882 8.881 8.880 8.879 8.877 8.876 8.875 8.874 8.873 8.872 8.871 8.870 8.869 8.867 8.866 8.865 8.863 8.862 8.861 8.859 8.858 8.856 8.855 8.853 8.852 8.850 8.849 8.847 8.845 8.844 8.842 8.841 8.839 8.838 8.836 8.835 8.833 8.832 8.830 8.829 8.827 8.826 8.824 8.823 8.822 8.820 8.819 8.818 8.816 8.815 8.814 8.812 8.811 8.810 8.808 8.807 8.806 8.804 8.803 8.802 8.801 8.800 8.798 8.797 8.796 8.794 8.793 8.792 8.790 8.789 8.788 8.787 8.785 8.784 8.783 8.781 8.780
8.882 8.881 8.880 8.879 8.878 8.877 8.876 8.874 8.873 8.872 8.871 8.870 8.869 8.867 8.866 8.865 8.864 8.862 8.861 8.859 8.858 8.856 8.855 8.853 8.852 8.850 8.849 8.847 8.845 8.844 8.842 8.841 8.839 8.838 8.836 8.835 8.833 8.832 8.830 8.829 8.827 8.826 8.824 8.823 8.822 8.820 8.819 8.818 8.816 8.815 8.814 8.812 8.811 8.810 8.808 8.807 8.806 8.804 8.803 8.802 8.801 8.800 8.798 8.797 8.796 8.794 8.793 8.792 8.790 8.789 8.788 8.787 8.785 8.784 8.782 8.781 8.780
8.882 8.881 8.880 8.879 8.878 8.877 8.876 8.875 8.873 8.872 8.871 8.870 8.869 8.867 8.866 8.865 8.864 8.862 8.861 8.859 8.858 8.856 8.855 8.854 8.852 8.850 8.849 8.847 8.846 8.844 8.842 8.841 8.839 8.838 8.836 8.835 8.833 8.832 8.830 8.829 8.827 8.826 8.824 8.823 8.822 8.820 8.819 8.818 8.817 8.815 8.814 8.812 8.811 8.810 8.808 8.807 8.806 8.804 8.803 8.802 8.801 8.800 8.798 8.797 8.796 8.794 8.793 8.792 8.790 8.789 8.788 8.786 8.785 8.784 8.782 8.781 8.780
8.882 8.881 8.880 8.879 8.878 8.877 8.876 8.875 8.874 8.872 8.871 8.870 8.869 8.867 8.866 8.865 8.864 8.862 8.861 8.859 8.858 8.857 8.855 8.854 8.852 8.850 8.849 8.847 8.846 8.844 8.842 8.841 8.839 8.838 8.836 8.835 8.833 8.832 8.830 8.829 8.827 8.826 8.824 8.823 8.822 8.821 8.819 8.818 8.817 8.815 8.814 8.812 8.811 8.810 8.808 8.807 8.806 8.804 8.803 8.802 8.801 8.800 8.798 8.797 8.796 8.794 8.793 8.792 8.790 8.789 8.788 8.786 8.785 8.784 8.782 8.781 8.780
8.882 8.881 8.880 8.879 8.878 8.877 8.876 8.875 8.874 8.872 8.871 8.870 8.869 8.867 8.866 8.865 8.864 8.862 8.861 8.859 8.858 8.857 8.855 8.854 8.852 8.851 8.849 8.847 8.846 8.844 8.842 8.841 8.839 8.838 8.836 8.835 8.833 8.832 8.830 8.829 8.827 8.826 8.825 8.823 8.822 8.821 8.819 8.818 8.817 8.815 8.814 8.812 8.811 8.810 8.808 8.807 8.806 8.804 8.803 8.802 8.801 8.800 8.798 8.797 8.796 8.794 8.793 8.792 8.790 8.789 8.788 8.786 8.785 8.783 8.782 8.781 8.780
