includes/lisflood-fp-604/results/res-0002.wd
ncols         631
nrows         906
xllcorner     364927.146667
yllcorner     6531972.565556
cellsize      20.000000
NODATA_value  -9999.000000
[rows 0 to 33 of 906, columns 539 to 615 of 631]
7.605 7.606 7.606 7.606 7.607 7.607 7.607 7.608 7.608 7.609 7.609 7.609 7.609 7.610 7.610 7.610 7.611 7.611 7.611 7.612 7.612 7.612 7.613 7.613 7.613 7.613 7.614 7.614 7.615 7.615 7.615 7.616 7.616 7.616 7.617 7.617 7.617 7.618 7.618 7.619 7.619 7.619 7.620 7.620 7.621 7.621 7.621 7.622 7.622 7.623 7.623 7.623 7.624 7.624 7.624 7.625 7.625 7.626 7.626 7.627 7.627 7.627 7.628 7.628 7.629 7.629 7.629 7.630 7.630 7.631 7.631 7.632 7.632 7.633 7.633 7.634 7.634
7.605 7.606 7.606 7.606 7.607 7.607 7.607 7.608 7.608 7.609 7.609 7.609 7.609 7.610 7.610 7.610 7.611 7.611 7.611 7.612 7.612 7.612 7.613 7.613 7.613 7.613 7.614 7.614 7.615 7.615 7.615 7.616 7.616 7.616 7.617 7.617 7.617 7.618 7.618 7.619 7.619 7.619 7.620 7.620 7.620 7.621 7.621 7.622 7.622 7.623 7.623 7.623 7.624 7.624 7.624 7.625 7.625 7.626 7.626 7.627 7.627 7.627 7.628 7.628 7.629 7.629 7.629 7.630 7.630 7.631 7.631 7.632 7.632 7.633 7.633 7.634 7.634
7.605 7.606 7.606 7.606 7.607 7.607 7.607 7.608 7.608 7.609 7.609 7.609 7.610 7.610 7.610 7.610 7.611 7.611 7.611 7.612 7.612 7.612 7.612 7.613 7.613 7.613 7.614 7.614 7.614 7.615 7.615 7.616 7.616 7.616 7.617 7.617 7.617 7.618 7.618 7.619 7.619 7.619 7.620 7.620 7.620 7.621 7.621 7.622 7.622 7.622 7.623 7.623 7.624 7.624 7.624 7.625 7.625 7.626 7.626 7.627 7.627 7.627 7.628 7.628 7.628 7.629 7.629 7.630 7.630 7.631 7.631 7.632 7.632 7.633 7.633 7.634 7.635
7.605 7.606 7.606 7.606 7.607 7.607 7.607 7.608 7.608 7.609 7.609 7.609 7.610 7.610 7.610 7.610 7.611 7.611 7.611 7.612 7.612 7.612 7.612 7.613 7.613 7.613 7.614 7.614 7.614 7.615 7.615 7.615 7.616 7.616 7.617 7.617 7.617 7.618 7.618 7.618 7.619 7.619 7.620 7.620 7.620 7.621 7.621 7.622 7.622 7.622 7.623 7.623 7.624 7.624 7.624 7.625 7.625 7.626 7.626 7.627 7.627 7.627 7.628 7.628 7.628 7.629 7.629 7.630 7.630 7.631 7.631 7.632 7.632 7.633 7.633 7.634 7.635
7.606 7.606 7.606 7.606 7.607 7.607 7.607 7.608 7.608 7.609 7.609 7.609 7.610 7.610 7.610 7.610 7.611 7.611 7.611 7.612 7.612 7.612 7.612 7.613 7.613 7.613 7.614 7.614 7.614 7.615 7.615 7.615 7.616 7.616 7.616 7.617 7.617 7.618 7.618 7.618 7.619 7.619 7.619 7.620 7.620 7.621 7.621 7.622 7.622 7.622 7.623 7.623 7.624 7.624 7.624 7.625 7.625 7.626 7.626 7.627 7.627 7.627 7.628 7.628 7.628 7.629 7.629 7.630 7.630 7.631 7.631 7.632 7.632 7.633 7.633 7.634 7.635
7.606 7.606 7.606 7.606 7.607 7.607 7.608 7.608 7.608 7.609 7.609 7.609 7.609 7.610 7.610 7.610 7.611 7.611 7.611 7.611 7.612 7.612 7.612 7.613 7.613 7.613 7.614 7.614 7.614 7.615 7.615 7.615 7.616 7.616 7.616 7.617 7.617 7.617 7.618 7.618 7.619 7.619 7.619 7.620 7.620 7.621 7.621 7.621 7.622 7.622 7.623 7.623 7.623 7.624 7.624 7.625 7.625 7.626 7.626 7.627 7.627 7.627 7.628 7.628 7.628 7.629 7.629 7.630 7.630 7.631 7.631 7.632 7.632 7.633 7.634 7.634 7.635
7.606 7.606 7.606 7.606 7.607 7.607 7.608 7.608 7.608 7.609 7.609 7.609 7.609 7.610 7.610 7.610 7.611 7.611 7.611 7.611 7.612 7.612 7.612 7.613 7.613 7.613 7.614 7.614 7.614 7.615 7.615 7.615 7.616 7.616 7.616 7.617 7.617 7.617 7.618 7.618 7.618 7.619 7.619 7.620 7.620 7.620 7.621 7.621 7.622 7.622 7.623 7.623 7.623 7.624 7.624 7.625 7.625 7.626 7.626 7.627 7.627 7.627 7.628 7.628 7.628 7.629 7.629 7.630 7.630 7.631 7.631 7.632 7.632 7.633 7.634 7.634 7.635
7.606 7.606 7.606 7.607 7.607 7.607 7.608 7.608 7.608 7.608 7.609 7.609 7.609 7.610 7.610 7.610 7.611 7.611 7.611 7.611 7.612 7.612 7.612 7.613 7.613 7.613 7.614 7.614 7.614 7.615 7.615 7.615 7.616 7.616 7.616 7.617 7.617 7.617 7.618 7.618 7.618 7.619 7.619 7.620 7.620 7.620 7.621 7.621 7.622 7.622 7.623 7.623 7.623 7.624 7.624 7.625 7.625 7.626 7.626 7.627 7.627 7.627 7.628 7.628 7.628 7.629 7.629 7.630 7.630 7.631 7.631 7.632 7.633 7.633 7.634 7.634 7.635
7.606 7.606 7.606 7.607 7.607 7.607 7.608 7.608 7.608 7.608 7.609 7.609 7.609 7.610 7.610 7.610 7.611 7.611 7.611 7.611 7.612 7.612 7.612 7.613 7.613 7.613 7.614 7.614 7.614 7.615 7.615 7.615 7.616 7.616 7.616 7.617 7.617 7.617 7.618 7.618 7.618 7.619 7.619 7.619 7.620 7.620 7.621 7.621 7.622 7.622 7.623 7.623 7.623 7.624 7.624 7.625 7.625 7.626 7.626 7.626 7.627 7.627 7.628 7.628 7.628 7.629 7.629 7.630 7.630 7.631 7.631 7.632 7.633 7.633 7.634 7.634 7.635
7.606 7.606 7.606 7.607 7.607 7.607 7.608 7.608 7.608 7.609 7.609 7.609 7.609 7.610 7.610 7.610 7.611 7.611 7.611 7.611 7.612 7.612 7.612 7.613 7.613 7.613 7.614 7.614 7.614 7.615 7.615 7.615 7.616 7.616 7.616 7.616 7.617 7.617 7.617 7.618 7.618 7.619 7.619 7.619 7.620 7.620 7.621 7.621 7.622 7.622 7.622 7.623 7.623 7.624 7.624 7.625 7.625 7.626 7.626 7.626 7.627 7.627 7.628 7.628 7.628 7.629 7.629 7.630 7.630 7.631 7.632 7.632 7.633 7.633 7.634 7.634 7.635
7.606 7.606 7.606 7.607 7.607 7.607 7.608 7.608 7.608 7.609 7.609 7.609 7.609 7.610 7.610 7.610 7.610 7.611 7.611 7.611 7.612 7.612 7.612 7.613 7.613 7.613 7.614 7.614 7.614 7.615 7.615 7.615 7.616 7.616 7.616 7.616 7.617 7.617 7.617 7.618 7.618 7.618 7.619 7.619 7.620 7.620 7.621 7.621 7.622 7.622 7.622 7.623 7.623 7.624 7.624 7.625 7.625 7.626 7.626 7.626 7.627 7.627 7.628 7.628 7.628 7.629 7.629 7.630 7.630 7.631 7.632 7.632 7.633 7.633 7.634 7.634 7.635
7.606 7.606 7.606 7.607 7.607 7.607 7.608 7.608 7.608 7.609 7.609 7.609 7.609 7.610 7.610 7.610 7.610 7.611 7.611 7.611 7.612 7.612 7.612 7.613 7.613 7.613 7.614 7.614 7.614 7.615 7.615 7.615 7.616 7.616 7.616 7.616 7.617 7.617 7.617 7.618 7.618 7.618 7.619 7.619 7.620 7.620 7.621 7.621 7.622 7.622 7.622 7.623 7.623 7.624 7.624 7.625 7.625 7.625 7.626 7.626 7.627 7.627 7.627 7.628 7.628 7.629 7.629 7.630 7.631 7.631 7.632 7.632 7.633 7.633 7.634 7.635 7.635
7.606 7.606 7.606 7.607 7.607 7.607 7.608 7.608 7.608 7.609 7.609 7.609 7.609 7.610 7.610 7.610 7.610 7.611 7.611 7.611 7.612 7.612 7.612 7.613 7.613 7.613 7.614 7.614 7.614 7.615 7.615 7.615 7.615 7.616 7.616 7.616 7.617 7.617 7.617 7.618 7.618 7.618 7.619 7.619 7.620 7.620 7.621 7.621 7.622 7.622 7.622 7.623 7.623 7.624 7.624 7.625 7.625 7.625 7.626 7.626 7.627 7.627 7.628 7.628 7.628 7.629 7.629 7.630 7.631 7.631 7.632 7.632 7.633 7.634 7.634 7.635 7.635
7.606 7.606 7.606 7.607 7.607 7.607 7.608 7.608 7.608 7.609 7.609 7.609 7.609 7.610 7.610 7.610 7.610 7.611 7.611 7.611 7.612 7.612 7.612 7.613 7.613 7.613 7.614 7.614 7.614 7.615 7.615 7.615 7.615 7.616 7.616 7.616 7.617 7.617 7.617 7.618 7.618 7.618 7.619 7.619 7.620 7.620 7.621 7.621 7.621 7.622 7.622 7.623 7.623 7.624 7.624 7.625 7.625 7.625 7.626 7.626 7.627 7.627 7.628 7.628 7.628 7.629 7.630 7.630 7.631 7.631 7.632 7.632 7.633 7.634 7.634 7.635 7.635
7.606 7.606 7.606 7.607 7.607 7.607 7.608 7.608 7.608 7.609 7.609 7.609 7.609 7.610 7.610 7.610 7.611 7.611 7.611 7.611 7.612 7.612 7.612 7.613 7.613 7.613 7.614 7.614 7.614 7.615 7.615 7.615 7.615 7.616 7.616 7.616 7.617 7.617 7.617 7.618 7.618 7.618 7.619 7.619 7.620 7.620 7.620 7.621 7.621 7.622 7.622 7.623 7.623 7.624 7.624 7.625 7.625 7.625 7.626 7.626 7.627 7.627 7.628 7.628 7.629 7.629 7.630 7.630 7.631 7.631 7.632 7.633 7.633 7.634 7.634 7.635 7.636
7.606 7.606 7.606 7.607 7.607 7.607 7.608 7.608 7.608 7.609 7.609 7.609 7.609 7.610 7.610 7.610 7.611 7.611 7.611 7.611 7.612 7.612 7.612 7.613 7.613 7.613 7.614 7.614 7.614 7.615 7.615 7.615 7.615 7.616 7.616 7.616 7.617 7.617 7.617 7.618 7.618 7.618 7.619 7.619 7.620 7.620 7.620 7.621 7.621 7.622 7.622 7.623 7.623 7.624 7.624 7.625 7.625 7.625 7.626 7.626 7.627 7.627 7.628 7.628 7.629 7.629 7.630 7.630 7.631 7.631 7.632 7.633 7.633 7.634 7.634 7.635 7.636
7.606 7.606 7.606 7.607 7.607 7.607 7.608 7.608 7.608 7.609 7.609 7.609 7.609 7.610 7.610 7.610 7.611 7.611 7.611 7.611 7.612 7.612 7.612 7.613 7.613 7.613 7.614 7.614 7.614 7.615 7.615 7.615 7.615 7.616 7.616 7.616 7.617 7.617 7.617 7.618 7.618 7.618 7.619 7.619 7.620 7.620 7.620 7.621 7.621 7.622 7.622 7.623 7.623 7.624 7.624 7.625 7.625 7.625 7.626 7.626 7.627 7.627 7.628 7.628 7.629 7.629 7.630 7.630 7.631 7.632 7.632 7.633 7.633 7.634 7.635 7.635 7.636
7.606 7.606 7.607 7.607 7.607 7.608 7.608 7.608 7.608 7.609 7.609 7.609 7.609 7.610 7.610 7.610 7.611 7.611 7.611 7.611 7.612 7.612 7.612 7.613 7.613 7.613 7.614 7.614 7.614 7.615 7.615 7.615 7.615 7.616 7.616 7.616 7.617 7.617 7.617 7.618 7.618 7.618 7.619 7.619 7.620 7.620 7.620 7.621 7.621 7.622 7.622 7.623 7.623 7.624 7.624 7.625 7.625 7.625 7.626 7.626 7.627 7.627 7.628 7.628 7.629 7.629 7.630 7.630 7.631 7.632 7.632 7.633 7.633 7.634 7.635 7.635 7.636
7.606 7.606 7.607 7.607 7.607 7.608 7.608 7.608 7.608 7.609 7.609 7.609 7.609 7.610 7.610 7.610 7.611 7.611 7.611 7.611 7.612 7.612 7.612 7.613 7.613 7.613 7.614 7.614 7.614 7.614 7.615 7.615 7.615 7.616 7.616 7.616 7.617 7.617 7.617 7.618 7.618 7.618 7.619 7.619 7.620 7.620 7.621 7.621 7.621 7.622 7.622 7.623 7.623 7.624 7.624 7.625 7.625 7.626 7.626 7.626 7.627 7.627 7.628 7.628 7.629 7.629 7.630 7.630 7.631 7.632 7.632 7.633 7.633 7.634 7.635 7.635 7.636
7.606 7.606 7.607 7.607 7.607 7.608 7.608 7.608 7.608 7.609 7.609 7.609 7.610 7.610 7.610 7.610 7.611 7.611 7.611 7.611 7.612 7.612 7.612 7.613 7.613 7.613 7.614 7.614 7.614 7.614 7.615 7.615 7.615 7.616 7.616 7.616 7.617 7.617 7.617 7.618 7.618 7.618 7.619 7.619 7.620 7.620 7.621 7.621 7.621 7.622 7.622 7.623 7.623 7.624 7.624 7.625 7.625 7.626 7.626 7.626 7.627 7.627 7.628 7.628 7.629 7.629 7.630 7.631 7.631 7.632 7.632 7.633 7.634 7.634 7.635 7.635 7.636
7.606 7.606 7.607 7.607 7.607 7.608 7.608 7.608 7.609 7.609 7.609 7.609 7.610 7.610 7.610 7.610 7.611 7.611 7.611 7.612 7.612 7.612 7.612 7.613 7.613 7.613 7.614 7.614 7.614 7.614 7.615 7.615 7.615 7.616 7.616 7.616 7.617 7.617 7.617 7.618 7.618 7.618 7.619 7.619 7.620 7.620 7.621 7.621 7.622 7.622 7.623 7.623 7.623 7.624 7.624 7.625 7.625 7.626 7.626 7.626 7.627 7.627 7.628 7.628 7.629 7.629 7.630 7.631 7.631 7.632 7.632 7.633 7.634 7.634 7.635 7.635 7.636
7.606 7.606 7.607 7.607 7.607 7.608 7.608 7.608 7.609 7.609 7.609 7.609 7.610 7.610 7.610 7.611 7.611 7.611 7.611 7.612 7.612 7.612 7.612 7.613 7.613 7.613 7.614 7.614 7.614 7.614 7.615 7.615 7.615 7.616 7.616 7.616 7.617 7.617 7.617 7.618 7.618 7.619 7.619 7.619 7.620 7.620 7.621 7.621 7.622 7.622 7.623 7.623 7.623 7.624 7.624 7.625 7.625 7.626 7.626 7.626 7.627 7.627 7.628 7.628 7.629 7.630 7.630 7.631 7.631 7.632 7.632 7.633 7.634 7.634 7.635 7.635 7.636
7.606 7.606 7.607 7.607 7.607 7.608 7.608 7.608 7.609 7.609 7.609 7.610 7.610 7.610 7.610 7.611 7.611 7.611 7.611 7.612 7.612 7.612 7.612 7.613 7.613 7.613 7.614 7.614 7.614 7.614 7.615 7.615 7.615 7.616 7.616 7.616 7.617 7.617 7.617 7.618 7.618 7.619 7.619 7.620 7.620 7.620 7.621 7.621 7.622 7.622 7.623 7.623 7.623 7.624 7.624 7.625 7.625 7.626 7.626 7.626 7.627 7.627 7.628 7.629 7.629 7.630 7.630 7.631 7.631 7.632 7.632 7.633 7.634 7.634 7.635 7.635 7.636
7.606 7.606 7.607 7.607 7.607 7.608 7.608 7.608 7.609 7.609 7.609 7.610 7.610 7.610 7.610 7.611 7.611 7.611 7.611 7.612 7.612 7.612 7.612 7.613 7.613 7.613 7.614 7.614 7.614 7.614 7.615 7.615 7.615 7.616 7.616 7.616 7.617 7.617 7.618 7.618 7.618 7.619 7.619 7.620 7.620 7.620 7.621 7.621 7.622 7.622 7.623 7.623 7.624 7.624 7.624 7.625 7.625 7.626 7.626 7.627 7.627 7.628 7.628 7.629 7.629 7.630 7.630 7.631 7.631 7.632 7.632 7.633 7.634 7.634 7.635 7.635 7.636
7.606 7.606 7.607 7.607 7.607 7.608 7.608 7.608 7.609 7.609 7.609 7.610 7.610 7.610 7.610 7.611 7.611 7.611 7.612 7.612 7.612 7.612 7.613 7.613 7.613 7.613 7.614 7.614 7.614 7.615 7.615 7.615 7.616 7.616 7.616 7.617 7.617 7.617 7.618 7.618 7.618 7.619 7.619 7.620 7.620 7.620 7.621 7.621 7.622 7.622 7.623 7.623 7.624 7.624 7.624 7.625 7.625 7.626 7.626 7.627 7.627 7.628 7.628 7.629 7.629 7.630 7.630 7.631 7.631 7.632 7.632 7.633 7.634 7.634 7.635 7.635 7.636
7.606 7.606 7.607 7.607 7.607 7.608 7.608 7.608 7.609 7.609 7.609 7.610 7.610 7.610 7.611 7.611 7.611 7.611 7.612 7.612 7.612 7.612 7.613 7.613 7.613 7.613 7.614 7.614 7.614 7.615 7.615 7.615 7.616 7.616 7.616 7.617 7.617 7.617 7.618 7.618 7.619 7.619 7.619 7.620 7.620 7.621 7.621 7.621 7.622 7.622 7.623 7.623 7.624 7.624 7.625 7.625 7.625 7.626 7.626 7.627 7.627 7.628 7.628 7.629 7.629 7.630 7.630 7.631 7.631 7.632 7.632 7.633 7.634 7.634 7.635 7.635 7.636
7.606 7.607 7.607 7.607 7.608 7.608 7.608 7.609 7.609 7.609 7.609 7.610 7.610 7.610 7.611 7.611 7.611 7.612 7.612 7.612 7.612 7.612 7.613 7.613 7.613 7.614 7.614 7.614 7.614 7.615 7.615 7.615 7.616 7.616 7.616 7.617 7.617 7.617 7.618 7.618 7.619 7.619 7.619 7.620 7.620 7.621 7.621 7.621 7.622 7.622 7.623 7.623 7.624 7.624 7.625 7.625 7.625 7.626 7.626 7.627 7.627 7.628 7.628 7.629 7.629 7.630 7.630 7.631 7.632 7.632 7.633 7.633 7.634 7.634 7.635 7.635 7.636
7.606 7.607 7.607 7.607 7.608 7.608 7.608 7.609 7.609 7.609 7.609 7.610 7.610 7.610 7.611 7.611 7.611 7.612 7.612 7.612 7.612 7.613 7.613 7.613 7.613 7.614 7.614 7.614 7.615 7.615 7.615 7.615 7.616 7.616 7.616 7.617 7.617 7.618 7.618 7.618 7.619 7.619 7.620 7.620 7.620 7.621 7.621 7.622 7.622 7.622 7.623 7.623 7.624 7.624 7.625 7.625 7.626 7.626 7.626 7.627 7.627 7.628 7.628 7.629 7.629 7.630 7.631 7.631 7.632 7.632 7.633 7.633 7.634 7.634 7.635 7.635 7.636
7.606 7.607 7.607 7.607 7.608 7.608 7.608 7.609 7.609 7.609 7.610 7.610 7.610 7.610 7.611 7.611 7.611 7.612 7.612 7.612 7.612 7.613 7.613 7.613 7.613 7.614 7.614 7.614 7.615 7.615 7.615 7.616 7.616 7.616 7.617 7.617 7.617 7.618 7.618 7.618 7.619 7.619 7.620 7.620 7.620 7.621 7.621 7.622 7.622 7.623 7.623 7.623 7.624 7.624 7.625 7.625 7.626 7.626 7.627 7.627 7.628 7.628 7.629 7.629 7.630 7.630 7.631 7.631 7.632 7.632 7.633 7.633 7.634 7.634 7.635 7.635 7.636
7.606 7.607 7.607 7.607 7.608 7.608 7.608 7.609 7.609 7.609 7.610 7.610 7.610 7.611 7.611 7.611 7.612 7.612 7.612 7.612 7.612 7.613 7.613 7.613 7.614 7.614 7.614 7.614 7.615 7.615 7.615 7.616 7.616 7.616 7.617 7.617 7.617 7.618 7.618 7.618 7.619 7.619 7.620 7.620 7.620 7.621 7.621 7.622 7.622 7.623 7.623 7.624 7.624 7.624 7.625 7.625 7.626 7.626 7.627 7.627 7.628 7.628 7.629 7.629 7.630 7.630 7.631 7.631 7.632 7.632 7.633 7.633 7.634 7.634 7.635 7.635 7.636
7.606 7.607 7.607 7.607 7.608 7.608 7.609 7.609 7.609 7.609 7.610 7.610 7.610 7.611 7.611 7.611 7.612 7.612 7.612 7.612 7.613 7.613 7.613 7.613 7.614 7.614 7.614 7.614 7.615 7.615 7.615 7.616 7.616 7.616 7.617 7.617 7.617 7.618 7.618 7.619 7.619 7.619 7.620 7.620 7.621 7.621 7.621 7.622 7.622 7.623 7.623 7.624 7.624 7.625 7.625 7.625 7.626 7.626 7.627 7.627 7.628 7.628 7.629 7.629 7.630 7.630 7.631 7.631 7.632 7.632 7.633 7.633 7.634 7.634 7.635 7.635 7.636
7.606 7.607 7.607 7.608 7.608 7.608 7.609 7.609 7.609 7.610 7.610 7.610 7.610 7.611 7.611 7.611 7.612 7.612 7.612 7.612 7.613 7.613 7.613 7.613 7.614 7.614 7.614 7.615 7.615 7.615 7.615 7.616 7.616 7.616 7.617 7.617 7.617 7.618 7.618 7.619 7.619 7.619 7.620 7.620 7.621 7.621 7.621 7.622 7.622 7.623 7.623 7.624 7.624 7.625 7.625 7.626 7.626 7.627 7.627 7.628 7.628 7.628 7.629 7.629 7.630 7.630 7.631 7.631 7.632 7.632 7.633 7.633 7.634 7.634 7.635 7.635 7.636
7.607 7.607 7.607 7.608 7.608 7.608 7.609 7.609 7.609 7.610 7.610 7.610 7.611 7.611 7.611 7.611 7.612 7.612 7.612 7.612 7.613 7.613 7.613 7.613 7.614 7.614 7.614 7.615 7.615 7.615 7.615 7.616 7.616 7.616 7.617 7.617 7.617 7.618 7.618 7.619 7.619 7.619 7.620 7.620 7.621 7.621 7.621 7.622 7.622 7.623 7.623 7.624 7.624 7.625 7.625 7.626 7.626 7.627 7.627 7.628 7.628 7.629 7.629 7.630 7.630 7.631 7.631 7.631 7.632 7.632 7.633 7.633 7.634 7.634 7.635 7.635 7.636
7.607 7.607 7.607 7.608 7.608 7.608 7.609 7.609 7.609 7.610 7.610 7.610 7.611 7.611 7.611 7.612 7.612 7.612 7.612 7.613 7.613 7.613 7.613 7.614 7.614 7.614 7.614 7.615 7.615 7.615 7.616 7.616 7.616 7.617 7.617 7.617 7.618 7.618 7.618 7.619 7.619 7.619 7.620 7.620 7.621 7.621 7.622 7.622 7.622 7.623 7.623 7.624 7.624 7.625 7.625 7.626 7.626 7.627 7.627 7.628 7.628 7.629 7.629 7.630 7.630 7.631 7.631 7.632 7.632 7.633 7.633 7.633 7.634 7.634 7.635 7.636 7.636
