includes/lisflood-fp-604/results/res-0001.wd
ncols         631
nrows         906
xllcorner     364927.146667
yllcorner     6531972.565556
cellsize      20.000000
NODATA_value  -9999.000000
[rows 850 to 883 of 906, columns 539 to 615 of 631]
6.344 6.344 6.344 6.343 6.343 6.342 6.342 6.341 6.341 6.340 6.340 6.340 6.339 6.339 6.338 6.338 6.337 6.337 6.336 6.336 6.335 6.335 6.334 6.334 6.333 6.333 6.332 6.332 6.331 6.331 6.331 6.330 6.330 6.329 6.329 6.328 6.328 6.327 6.327 6.326 6.326 6.325 6.324 6.324 6.323 6.323 6.322 6.322 6.321 6.321 6.320 6.320 6.319 6.319 6.318 6.317 6.317 6.316 6.316 6.315 6.315 6.314 6.314 6.313 6.313 6.312 6.312 6.311 6.311 6.310 6.310 6.309 6.309 6.308 6.308 6.307 6.306
6.345 6.344 6.344 6.343 6.343 6.342 6.342 6.341 6.341 6.341 6.340 6.340 6.339 6.339 6.338 6.338 6.337 6.337 6.337 6.336 6.336 6.335 6.334 6.334 6.333 6.333 6.332 6.332 6.332 6.331 6.331 6.330 6.330 6.329 6.329 6.328 6.328 6.327 6.327 6.326 6.326 6.325 6.324 6.324 6.323 6.323 6.322 6.322 6.321 6.321 6.320 6.320 6.319 6.319 6.318 6.317 6.317 6.316 6.316 6.315 6.315 6.314 6.314 6.313 6.313 6.312 6.312 6.311 6.311 6.310 6.310 6.309 6.309 6.308 6.308 6.307 6.306
6.345 6.344 6.344 6.343 6.343 6.342 6.342 6.342 6.341 6.341 6.340 6.340 6.339 6.339 6.338 6.338 6.338 6.337 6.337 6.336 6.336 6.335 6.335 6.334 6.334 6.333 6.333 6.332 6.332 6.331 6.331 6.330 6.330 6.329 6.329 6.328 6.328 6.327 6.327 6.326 6.326 6.325 6.324 6.324 6.323 6.323 6.322 6.322 6.321 6.321 6.320 6.320 6.319 6.319 6.318 6.317 6.317 6.316 6.316 6.315 6.315 6.314 6.314 6.313 6.313 6.312 6.312 6.311 6.311 6.310 6.310 6.309 6.309 6.308 6.308 6.307 6.306
6.345 6.345 6.344 6.344 6.343 6.343 6.342 6.342 6.341 6.341 6.340 6.340 6.339 6.339 6.338 6.338 6.338 6.337 6.337 6.336 6.336 6.335 6.335 6.334 6.334 6.333 6.333 6.332 6.332 6.331 6.331 6.330 6.330 6.329 6.329 6.328 6.328 6.327 6.327 6.326 6.325 6.325 6.324 6.324 6.323 6.323 6.322 6.322 6.321 6.321 6.320 6.320 6.319 6.319 6.318 6.317 6.317 6.316 6.316 6.315 6.315 6.314 6.314 6.313 6.313 6.312 6.312 6.311 6.311 6.310 6.310 6.309 6.309 6.308 6.308 6.307 6.306
6.345 6.345 6.344 6.344 6.343 6.343 6.342 6.342 6.341 6.341 6.340 6.340 6.340 6.339 6.339 6.338 6.338 6.337 6.337 6.336 6.336 6.335 6.335 6.334 6.334 6.333 6.333 6.332 6.332 6.331 6.331 6.330 6.329 6.329 6.328 6.328 6.327 6.327 6.326 6.326 6.325 6.325 6.324 6.324 6.323 6.323 6.322 6.322 6.321 6.321 6.320 6.320 6.319 6.319 6.318 6.317 6.317 6.316 6.316 6.315 6.315 6.314 6.314 6.313 6.313 6.312 6.312 6.311 6.311 6.310 6.310 6.309 6.309 6.308 6.308 6.307 6.306
6.345 6.345 6.344 6.344 6.343 6.343 6.342 6.342 6.341 6.341 6.341 6.340 6.340 6.339 6.339 6.338 6.338 6.337 6.337 6.336 6.336 6.335 6.335 6.334 6.334 6.333 6.333 6.332 6.332 6.331 6.331 6.330 6.329 6.329 6.328 6.328 6.327 6.327 6.326 6.326 6.325 6.325 6.324 6.324 6.323 6.323 6.322 6.322 6.321 6.321 6.320 6.320 6.319 6.319 6.318 6.317 6.317 6.316 6.316 6.315 6.315 6.314 6.314 6.313 6.313 6.312 6.312 6.311 6.311 6.310 6.310 6.309 6.309 6.308 6.307 6.307 6.306
6.345 6.345 6.344 6.344 6.343 6.343 6.342 6.342 6.342 6.341 6.341 6.340 6.340 6.339 6.339 6.338 6.338 6.337 6.337 6.336 6.336 6.335 6.335 6.334 6.334 6.333 6.333 6.332 6.332 6.331 6.330 6.330 6.329 6.329 6.328 6.328 6.327 6.327 6.326 6.326 6.325 6.325 6.324 6.324 6.323 6.323 6.322 6.322 6.321 6.321 6.320 6.320 6.319 6.319 6.318 6.317 6.317 6.316 6.316 6.315 6.315 6.314 6.314 6.313 6.313 6.312 6.312 6.311 6.311 6.310 6.310 6.309 6.308 6.308 6.307 6.307 6.306
6.345 6.345 6.345 6.344 6.344 6.343 6.343 6.342 6.342 6.341 6.341 6.340 6.340 6.339 6.339 6.338 6.338 6.337 6.337 6.336 6.336 6.335 6.335 6.334 6.334 6.333 6.333 6.332 6.331 6.331 6.330 6.330 6.329 6.329 6.328 6.328 6.327 6.327 6.326 6.326 6.325 6.325 6.324 6.324 6.323 6.323 6.322 6.322 6.321 6.321 6.320 6.320 6.319 6.319 6.318 6.317 6.317 6.316 6.316 6.315 6.315 6.314 6.314 6.313 6.313 6.312 6.312 6.311 6.311 6.310 6.310 6.309 6.308 6.308 6.307 6.307 6.306
6.346 6.345 6.345 6.344 6.344 6.343 6.343 6.342 6.342 6.341 6.341 6.340 6.340 6.339 6.339 6.338 6.338 6.337 6.337 6.336 6.336 6.335 6.335 6.334 6.334 6.333 6.333 6.332 6.331 6.331 6.330 6.330 6.329 6.329 6.328 6.328 6.327 6.327 6.326 6.326 6.325 6.325 6.324 6.324 6.323 6.323 6.322 6.322 6.321 6.321 6.320 6.320 6.319 6.318 6.318 6.317 6.317 6.316 6.316 6.315 6.315 6.314 6.314 6.313 6.313 6.312 6.312 6.311 6.311 6.310 6.310 6.309 6.308 6.308 6.307 6.307 6.306
6.346 6.345 6.345 6.344 6.344 6.343 6.343 6.342 6.342 6.341 6.341 6.340 6.340 6.339 6.339 6.338 6.338 6.337 6.337 6.336 6.336 6.335 6.335 6.334 6.333 6.333 6.332 6.332 6.331 6.331 6.330 6.330 6.329 6.329 6.328 6.328 6.327 6.327 6.326 6.326 6.325 6.325 6.325 6.324 6.323 6.323 6.322 6.322 6.321 6.321 6.320 6.320 6.319 6.319 6.318 6.317 6.317 6.317 6.316 6.315 6.315 6.314 6.314 6.313 6.313 6.312 6.312 6.311 6.311 6.310 6.310 6.309 6.308 6.308 6.307 6.307 6.306
6.346 6.345 6.345 6.344 6.344 6.343 6.343 6.342 6.342 6.341 6.341 6.340 6.340 6.339 6.339 6.338 6.338 6.337 6.337 6.336 6.336 6.335 6.334 6.334 6.333 6.333 6.332 6.332 6.331 6.331 6.330 6.330 6.329 6.329 6.328 6.328 6.327 6.327 6.326 6.326 6.325 6.325 6.325 6.324 6.324 6.323 6.322 6.322 6.321 6.321 6.320 6.320 6.319 6.319 6.318 6.318 6.317 6.317 6.316 6.316 6.315 6.315 6.314 6.313 6.313 6.312 6.312 6.311 6.311 6.310 6.310 6.309 6.308 6.308 6.307 6.307 6.306
6.346 6.345 6.345 6.344 6.344 6.343 6.343 6.342 6.342 6.341 6.341 6.340 6.340 6.339 6.339 6.338 6.338 6.337 6.337 6.336 6.336 6.335 6.334 6.334 6.333 6.333 6.332 6.332 6.331 6.331 6.330 6.330 6.329 6.329 6.328 6.328 6.327 6.327 6.326 6.326 6.326 6.325 6.325 6.324 6.324 6.323 6.322 6.322 6.321 6.321 6.320 6.320 6.319 6.319 6.318 6.318 6.317 6.317 6.316 6.316 6.315 6.315 6.314 6.313 6.313 6.312 6.312 6.311 6.311 6.310 6.310 6.309 6.308 6.308 6.307 6.307 6.306
6.346 6.345 6.345 6.344 6.344 6.343 6.343 6.342 6.342 6.341 6.341 6.340 6.340 6.339 6.339 6.338 6.338 6.337 6.336 6.336 6.335 6.335 6.334 6.334 6.333 6.333 6.332 6.332 6.331 6.331 6.330 6.330 6.329 6.329 6.328 6.328 6.327 6.327 6.326 6.326 6.326 6.325 6.325 6.324 6.324 6.323 6.322 6.322 6.321 6.321 6.320 6.320 6.319 6.319 6.318 6.318 6.317 6.317 6.316 6.316 6.315 6.315 6.314 6.313 6.313 6.312 6.312 6.311 6.311 6.310 6.310 6.309 6.309 6.308 6.308 6.307 6.306
6.346 6.345 6.345 6.344 6.344 6.343 6.343 6.342 6.342 6.341 6.341 6.340 6.340 6.339 6.339 6.338 6.338 6.337 6.336 6.336 6.335 6.335 6.334 6.334 6.333 6.333 6.333 6.332 6.332 6.331 6.330 6.330 6.329 6.329 6.328 6.328 6.327 6.327 6.327 6.326 6.326 6.325 6.325 6.324 6.324 6.323 6.322 6.322 6.321 6.321 6.320 6.320 6.319 6.319 6.318 6.318 6.317 6.317 6.316 6.316 6.315 6.315 6.314 6.313 6.313 6.312 6.312 6.311 6.311 6.310 6.310 6.309 6.309 6.308 6.308 6.307 6.307
6.346 6.345 6.345 6.344 6.344 6.343 6.342 6.342 6.341 6.341 6.340 6.340 6.340 6.339 6.339 6.338 6.337 6.337 6.336 6.336 6.335 6.335 6.334 6.334 6.334 6.333 6.333 6.332 6.332 6.331 6.330 6.330 6.329 6.329 6.328 6.328 6.328 6.327 6.327 6.326 6.326 6.325 6.325 6.324 6.324 6.323 6.323 6.322 6.321 6.321 6.320 6.320 6.319 6.319 6.318 6.318 6.317 6.317 6.316 6.316 6.315 6.315 6.314 6.313 6.313 6.312 6.312 6.311 6.311 6.310 6.310 6.309 6.309 6.308 6.308 6.307 6.306
6.346 6.345 6.345 6.344 6.343 6.343 6.342 6.342 6.341 6.341 6.340 6.340 6.339 6.339 6.338 6.338 6.337 6.337 6.336 6.336 6.335 6.335 6.335 6.334 6.334 6.333 6.333 6.332 6.332 6.331 6.331 6.330 6.329 6.329 6.328 6.328 6.328 6.327 6.326 6.326 6.326 6.325 6.325 6.324 6.324 6.323 6.323 6.322 6.321 6.321 6.320 6.320 6.319 6.319 6.318 6.318 6.317 6.317 6.316 6.316 6.315 6.315 6.314 6.313 6.313 6.312 6.312 6.311 6.311 6.310 6.310 6.309 6.309 6.308 6.308 6.307 6.306
6.346 6.345 6.345 6.344 6.343 6.343 6.342 6.342 6.341 6.341 6.340 6.340 6.339 6.339 6.338 6.338 6.337 6.337 6.336 6.336 6.335 6.335 6.335 6.334 6.334 6.333 6.333 6.332 6.332 6.331 6.331 6.330 6.330 6.329 6.329 6.328 6.328 6.327 6.327 6.326 6.326 6.325 6.325 6.324 6.323 6.323 6.323 6.322 6.321 6.321 6.320 6.320 6.319 6.319 6.318 6.318 6.317 6.317 6.316 6.316 6.315 6.315 6.314 6.313 6.313 6.312 6.312 6.311 6.311 6.310 6.310 6.309 6.309 6.308 6.308 6.307 6.306
6.346 6.345 6.345 6.344 6.343 6.343 6.342 6.342 6.341 6.341 6.340 6.340 6.339 6.339 6.338 6.338 6.337 6.337 6.336 6.336 6.335 6.335 6.335 6.334 6.334 6.333 6.333 6.332 6.332 6.331 6.331 6.330 6.330 6.329 6.329 6.328 6.328 6.327 6.327 6.326 6.326 6.325 6.325 6.324 6.323 6.323 6.323 6.322 6.321 6.321 6.320 6.320 6.319 6.319 6.318 6.318 6.317 6.317 6.316 6.316 6.315 6.315 6.314 6.314 6.313 6.312 6.312 6.311 6.311 6.310 6.310 6.309 6.309 6.308 6.307 6.307 6.306
6.346 6.345 6.345 6.344 6.344 6.343 6.343 6.342 6.341 6.341 6.340 6.340 6.340 6.339 6.339 6.338 6.337 6.337 6.336 6.336 6.336 6.335 6.335 6.334 6.334 6.333 6.333 6.332 6.332 6.331 6.331 6.330 6.330 6.329 6.329 6.328 6.328 6.327 6.327 6.326 6.326 6.325 6.325 6.324 6.323 6.323 6.323 6.322 6.322 6.321 6.320 6.320 6.319 6.319 6.318 6.318 6.317 6.317 6.316 6.316 6.315 6.315 6.314 6.314 6.313 6.313 6.312 6.311 6.311 6.310 6.310 6.309 6.308 6.308 6.307 6.307 6.306
6.346 6.345 6.345 6.344 6.344 6.343 6.343 6.342 6.341 6.341 6.340 6.340 6.340 6.339 6.339 6.338 6.338 6.337 6.337 6.336 6.336 6.335 6.335 6.334 6.334 6.333 6.333 6.332 6.332 6.331 6.331 6.330 6.330 6.329 6.329 6.328 6.328 6.327 6.327 6.326 6.326 6.325 6.325 6.324 6.324 6.323 6.323 6.322 6.322 6.321 6.320 6.320 6.319 6.319 6.318 6.318 6.317 6.317 6.316 6.316 6.315 6.315 6.314 6.314 6.313 6.313 6.312 6.311 6.311 6.310 6.310 6.309 6.308 6.308 6.307 6.307 6.306
6.346 6.345 6.345 6.344 6.344 6.343 6.343 6.342 6.342 6.341 6.341 6.340 6.340 6.339 6.339 6.338 6.338 6.337 6.337 6.336 6.336 6.335 6.335 6.334 6.334 6.333 6.333 6.332 6.332 6.331 6.331 6.330 6.330 6.329 6.329 6.328 6.328 6.327 6.327 6.326 6.326 6.325 6.325 6.324 6.323 6.323 6.323 6.322 6.322 6.321 6.320 6.320 6.319 6.319 6.318 6.318 6.317 6.317 6.316 6.316 6.315 6.315 6.314 6.314 6.313 6.313 6.312 6.311 6.311 6.310 6.310 6.309 6.308 6.308 6.307 6.307 6.306
6.346 6.345 6.345 6.344 6.344 6.343 6.343 6.342 6.342 6.341 6.341 6.340 6.340 6.339 6.339 6.338 6.338 6.337 6.337 6.336 6.336 6.335 6.335 6.334 6.334 6.333 6.333 6.332 6.332 6.331 6.331 6.330 6.330 6.329 6.329 6.328 6.328 6.327 6.327 6.326 6.326 6.325 6.324 6.324 6.323 6.323 6.322 6.322 6.322 6.321 6.320 6.320 6.319 6.319 6.318 6.318 6.317 6.317 6.316 6.316 6.315 6.315 6.314 6.314 6.313 6.312 6.312 6.311 6.311 6.310 6.309 6.309 6.308 6.308 6.307 6.307 6.306
6.346 6.346 6.345 6.344 6.344 6.343 6.343 6.342 6.342 6.341 6.341 6.340 6.340 6.339 6.339 6.338 6.338 6.337 6.337 6.336 6.336 6.335 6.335 6.334 6.334 6.333 6.333 6.332 6.332 6.331 6.331 6.330 6.330 6.329 6.329 6.328 6.328 6.327 6.327 6.326 6.326 6.325 6.324 6.324 6.323 6.323 6.322 6.322 6.321 6.321 6.320 6.320 6.319 6.319 6.318 6.318 6.317 6.317 6.316 6.316 6.315 6.315 6.314 6.314 6.313 6.312 6.312 6.311 6.311 6.310 6.309 6.309 6.308 6.308 6.307 6.307 6.306
6.346 6.346 6.345 6.345 6.344 6.343 6.343 6.342 6.342 6.341 6.341 6.340 6.340 6.339 6.339 6.338 6.338 6.337 6.337 6.336 6.336 6.335 6.335 6.334 6.334 6.333 6.333 6.332 6.332 6.331 6.330 6.330 6.329 6.329 6.329 6.328 6.328 6.327 6.327 6.326 6.325 6.325 6.324 6.324 6.323 6.323 6.322 6.322 6.321 6.321 6.320 6.320 6.319 6.319 6.318 6.318 6.317 6.317 6.316 6.316 6.315 6.315 6.314 6.313 6.313 6.312 6.312 6.311 6.311 6.310 6.309 6.309 6.308 6.308 6.307 6.307 6.306
6.346 6.346 6.345 6.345 6.344 6.343 6.343 6.342 6.342 6.341 6.341 6.340 6.340 6.339 6.339 6.338 6.338 6.337 6.336 6.336 6.336 6.335 6.335 6.334 6.334 6.333 6.332 6.332 6.331 6.331 6.330 6.330 6.329 6.329 6.328 6.328 6.327 6.327 6.326 6.326 6.325 6.325 6.324 6.324 6.323 6.323 6.322 6.322 6.321 6.321 6.320 6.320 6.319 6.319 6.318 6.318 6.317 6.317 6.316 6.316 6.315 6.314 6.314 6.313 6.313 6.312 6.312 6.311 6.310 6.310 6.309 6.309 6.308 6.308 6.307 6.307 6.306
6.346 6.346 6.345 6.345 6.344 6.343 6.343 6.342 6.342 6.341 6.341 6.340 6.340 6.339 6.339 6.338 6.337 6.337 6.336 6.336 6.336 6.335 6.335 6.334 6.334 6.333 6.332 6.332 6.331 6.331 6.330 6.330 6.329 6.329 6.328 6.328 6.327 6.327 6.326 6.326 6.325 6.325 6.324 6.324 6.323 6.323 6.322 6.322 6.321 6.321 6.320 6.320 6.319 6.319 6.318 6.318 6.317 6.317 6.316 6.316 6.315 6.314 6.314 6.313 6.313 6.312 6.311 6.311 6.310 6.310 6.309 6.309 6.308 6.308 6.307 6.307 6.306
6.346 6.346 6.345 6.345 6.344 6.343 6.343 6.342 6.342 6.341 6.341 6.340 6.340 6.339 6.339 6.338 6.337 6.337 6.336 6.336 6.336 6.335 6.335 6.334 6.333 6.333 6.332 6.332 6.331 6.331 6.330 6.330 6.329 6.329 6.328 6.328 6.327 6.327 6.326 6.326 6.325 6.325 6.324 6.324 6.323 6.323 6.322 6.322 6.321 6.321 6.320 6.320 6.319 6.319 6.318 6.318 6.317 6.317 6.316 6.315 6.315 6.314 6.314 6.313 6.313 6.312 6.311 6.311 6.310 6.310 6.309 6.309 6.308 6.307 6.307 6.306 6.306
6.346 6.346 6.345 6.345 6.344 6.343 6.343 6.342 6.342 6.341 6.341 6.340 6.340 6.339 6.338 6.338 6.337 6.337 6.336 6.336 6.335 6.335 6.335 6.334 6.333 6.333 6.332 6.332 6.331 6.331 6.330 6.330 6.329 6.329 6.328 6.328 6.327 6.327 6.326 6.326 6.325 6.325 6.324 6.324 6.323 6.323 6.322 6.322 6.321 6.321 6.320 6.320 6.319 6.319 6.318 6.318 6.317 6.317 6.316 6.315 6.315 6.314 6.314 6.313 6.312 6.312 6.311 6.311 6.310 6.310 6.309 6.308 6.308 6.307 6.307 6.306 6.306
6.346 6.346 6.345 6.345 6.344 6.343 6.343 6.342 6.342 6.341 6.341 6.340 6.340 6.339 6.338 6.338 6.337 6.337 6.336 6.336 6.335 6.335 6.334 6.334 6.333 6.333 6.332 6.332 6.331 6.331 6.330 6.330 6.329 6.329 6.328 6.328 6.327 6.327 6.326 6.326 6.325 6.325 6.324 6.324 6.323 6.323 6.322 6.322 6.321 6.321 6.320 6.320 6.319 6.319 6.318 6.318 6.317 6.316 6.316 6.315 6.315 6.314 6.314 6.313 6.312 6.312 6.311 6.311 6.310 6.309 6.309 6.308 6.308 6.307 6.307 6.306 6.306
6.346 6.346 6.345 6.345 6.344 6.343 6.343 6.342 6.342 6.341 6.341 6.340 6.340 6.339 6.338 6.338 6.337 6.337 6.336 6.336 6.335 6.335 6.334 6.334 6.333 6.333 6.332 6.332 6.331 6.331 6.330 6.330 6.329 6.329 6.328 6.328 6.327 6.327 6.326 6.326 6.325 6.325 6.324 6.324 6.323 6.323 6.322 6.322 6.321 6.321 6.320 6.320 6.319 6.318 6.318 6.317 6.317 6.316 6.316 6.315 6.315 6.314 6.313 6.313 6.312 6.312 6.311 6.311 6.310 6.309 6.309 6.308 6.308 6.307 6.307 6.306 6.306
6.346 6.346 6.345 6.345 6.344 6.343 6.343 6.342 6.342 6.341 6.341 6.340 6.340 6.339 6.338 6.338 6.337 6.337 6.336 6.336 6.335 6.335 6.334 6.334 6.333 6.333 6.332 6.332 6.331 6.331 6.330 6.330 6.329 6.329 6.328 6.328 6.327 6.327 6.326 6.326 6.325 6.325 6.324 6.324 6.323 6.323 6.322 6.322 6.321 6.321 6.320 6.319 6.319 6.318 6.318 6.317 6.317 6.316 6.316 6.315 6.314 6.314 6.313 6.313 6.312 6.312 6.311 6.310 6.310 6.309 6.309 6.308 6.308 6.307 6.307 6.306 6.306
6.346 6.346 6.345 6.345 6.344 6.343 6.343 6.342 6.342 6.341 6.341 6.340 6.340 6.339 6.339 6.338 6.337 6.337 6.336 6.336 6.335 6.335 6.334 6.334 6.333 6.333 6.332 6.332 6.331 6.331 6.330 6.330 6.329 6.329 6.328 6.328 6.327 6.327 6.326 6.325 6.325 6.324 6.324 6.323 6.323 6.322 6.322 6.321 6.321 6.320 6.320 6.319 6.319 6.318 6.318 6.317 6.317 6.316 6.316 6.315 6.314 6.314 6.313 6.313 6.312 6.312 6.311 6.311 6.310 6.309 6.309 6.308 6.308 6.307 6.307 6.306 6.306
6.346 6.346 6.345 6.345 6.344 6.343 6.343 6.342 6.342 6.341 6.341 6.340 6.340 6.339 6.339 6.338 6.337 6.337 6.336 6.336 6.335 6.335 6.334 6.334 6.333 6.333 6.332 6.332 6.331 6.331 6.330 6.330 6.329 6.329 6.328 6.328 6.327 6.327 6.326 6.325 6.325 6.324 6.324 6.323 6.323 6.322 6.322 6.321 6.321 6.320 6.320 6.319 6.319 6.318 6.318 6.317 6.317 6.316 6.315 6.315 6.314 6.314 6.313 6.313 6.312 6.312 6.311 6.311 6.310 6.309 6.309 6.308 6.308 6.307 6.307 6.306 6.306
6.346 6.346 6.345 6.345 6.344 6.343 6.343 6.342 6.342 6.341 6.341 6.340 6.339 6.339 6.338 6.338 6.337 6.337 6.336 6.336 6.335 6.335 6.334 6.334 6.333 6.333 6.332 6.332 6.331 6.331 6.330 6.330 6.329 6.329 6.328 6.328 6.327 6.326 6.326 6.325 6.325 6.324 6.324 6.323 6.323 6.322 6.322 6.321 6.321 6.320 6.320 6.319 6.319 6.318 6.317 6.317 6.316 6.316 6.315 6.315 6.314 6.314 6.313 6.313 6.312 6.312 6.311 6.311 6.310 6.309 6.309 6.308 6.308 6.307 6.307 6.306 6.306
