includes/lisflood-fp-604/results/res-0004.wd
ncols         631
nrows         906
xllcorner     364927.146667
yllcorner     6531972.565556
cellsize      20.000000
NODATA_value  -9999.000000
[rows 714 to 747 of 906, columns 462 to 538 of 631]
4.508 4.509 4.509 4.509 4.509 4.509 4.510 4.510 4.510 4.510 4.510 4.511 4.511 4.511 4.511 4.511 4.511 4.512 4.512 4.512 4.512 4.512 4.513 4.513 4.513 4.513 4.513 9.513 9.513 4.513 4.513 4.513 4.513 4.513 4.513 4.512 4.512 4.512 9.512 9.512 9.512 9.512 9.512 9.511 9.511 9.511 9.511 9.511 9.511 9.511 9.511 9.510 9.510 9.510 9.510 9.510 9.510 9.510 9.510 9.510 9.510 9.509 9.509 9.509 9.509 9.509 9.509 9.509 9.509 9.509 9.509 9.509 9.509 9.509 9.509 9.509 9.509
4.509 4.509 4.509 4.510 4.510 4.510 4.510 4.511 4.511 4.511 4.511 4.511 4.511 4.511 4.512 4.512 4.512 4.512 4.512 4.512 4.513 4.513 4.513 4.513 4.513 4.513 9.514 9.514 9.514 4.513 4.513 4.513 4.513 4.513 4.513 4.513 4.513 4.512 9.512 9.512 9.512 9.512 9.512 9.512 9.512 9.512 9.511 9.511 9.511 9.511 9.511 9.511 9.511 9.511 9.510 9.510 9.510 9.510 9.510 9.510 9.510 9.510 9.510 9.509 9.509 9.509 9.509 9.509 9.509 9.509 9.509 9.509 9.509 9.509 9.509 9.509 9.509
4.510 4.510 4.510 4.510 4.511 4.511 4.511 4.511 4.511 4.511 4.512 4.512 4.512 4.512 4.512 4.512 4.512 4.513 4.513 4.513 4.513 4.513 4.513 4.514 4.514 4.514 9.514 9.514 9.514 4.514 4.514 4.514 4.514 4.513 4.513 4.513 4.513 4.513 4.513 9.513 9.512 9.512 9.512 9.512 9.512 9.512 9.512 9.512 9.511 9.511 9.511 9.511 9.511 9.511 9.511 9.511 9.511 9.510 9.510 9.510 9.510 9.510 9.510 9.510 9.510 9.510 9.510 9.510 9.509 9.509 9.509 9.509 9.509 9.509 9.509 9.509 9.509
4.510 4.511 4.511 4.511 4.511 4.512 4.512 4.512 4.512 4.512 4.512 4.512 4.512 4.512 4.513 4.513 4.513 4.513 4.513 4.513 4.514 4.514 4.514 4.514 4.514 4.514 9.514 9.514 9.514 4.514 4.514 4.514 4.514 4.514 4.514 4.514 4.514 4.513 4.513 9.513 9.513 9.513 9.513 9.512 9.512 9.512 9.512 9.512 9.512 9.512 9.512 9.511 9.511 9.511 9.511 9.511 9.511 9.511 9.511 9.510 9.510 9.510 9.510 9.510 9.510 9.510 9.510 9.510 9.510 9.510 9.510 9.510 9.510 9.509 9.509 9.509 9.509
4.511 4.511 4.511 4.512 4.512 4.512 4.512 4.512 4.513 4.513 4.513 4.513 4.513 4.513 4.513 4.513 4.513 4.514 4.514 4.514 4.514 4.514 4.514 4.514 4.515 4.515 9.515 9.515 4.515 4.515 4.515 4.515 4.515 4.514 4.514 4.514 4.514 4.514 4.514 9.513 9.513 9.513 9.513 9.513 9.513 9.513 9.512 9.512 9.512 9.512 9.512 9.512 9.512 9.511 9.511 9.511 9.511 9.511 9.511 9.511 9.511 9.511 9.510 9.510 9.510 9.510 9.510 9.510 9.510 9.510 9.510 9.510 9.510 9.510 9.510 9.510 9.509
4.512 4.512 4.512 4.512 4.512 4.513 4.513 4.513 4.513 4.513 4.513 4.514 4.514 4.514 4.514 4.514 4.514 4.514 4.514 4.514 4.514 4.515 4.515 4.515 4.515 4.515 9.515 9.515 4.515 4.515 4.515 4.515 4.515 4.515 4.515 4.515 4.514 4.514 4.514 9.514 9.514 9.513 9.513 9.513 9.513 9.513 9.513 9.513 9.512 9.512 9.512 9.512 9.512 9.512 9.512 9.511 9.511 9.511 9.511 9.511 9.511 9.511 9.511 9.511 9.510 9.510 9.510 9.510 9.510 9.510 9.510 9.510 9.510 9.510 9.510 9.510 9.510
4.512 4.512 4.513 4.513 4.513 4.513 4.513 4.514 4.514 4.514 4.514 4.514 4.514 4.514 4.514 4.515 4.515 4.515 4.515 4.515 4.515 4.515 4.515 4.515 4.515 4.515 9.516 9.516 4.516 4.516 4.516 4.516 4.515 4.515 4.515 4.515 4.515 4.515 4.514 9.514 9.514 9.514 9.514 9.513 9.513 9.513 9.513 9.513 9.513 9.513 9.512 9.512 9.512 9.512 9.512 9.512 9.512 9.511 9.511 9.511 9.511 9.511 9.511 9.511 9.511 9.511 9.511 9.511 9.510 9.510 9.510 9.510 9.510 9.510 9.510 9.510 9.510
4.513 4.513 4.513 4.513 4.513 4.514 4.514 4.514 4.514 4.514 4.515 4.515 4.515 4.515 4.515 4.515 4.515 4.515 4.515 4.515 4.515 4.515 4.516 4.516 4.516 4.516 9.516 9.516 4.516 4.516 4.516 4.516 4.516 4.516 4.516 4.516 4.515 4.515 4.515 4.515 9.514 9.514 9.514 9.514 9.514 9.513 9.513 9.513 9.513 9.513 9.513 9.513 9.512 9.512 9.512 9.512 9.512 9.512 9.512 9.512 9.511 9.511 9.511 9.511 9.511 9.511 9.511 9.511 9.511 9.511 9.511 9.510 9.510 9.510 9.510 9.510 9.510
4.513 4.513 4.514 4.514 4.514 4.514 4.514 4.515 4.515 4.515 4.515 4.515 4.515 4.515 4.516 4.516 4.516 4.516 4.516 4.516 4.516 4.516 4.516 4.516 4.516 4.516 9.516 9.516 4.516 4.516 4.517 4.516 4.516 4.516 4.516 4.516 4.516 4.516 4.515 4.515 9.515 9.514 9.514 9.514 9.514 9.514 9.514 9.514 9.513 9.513 9.513 9.513 9.513 9.513 9.512 9.512 9.512 9.512 9.512 9.512 9.512 9.512 9.511 9.511 9.511 9.511 9.511 9.511 9.511 9.511 9.511 9.511 9.511 9.511 9.510 9.510 9.510
4.514 4.514 4.514 4.514 4.515 4.515 4.515 4.515 4.515 4.515 4.516 4.516 4.516 4.516 4.516 4.516 4.516 4.516 4.516 4.516 4.516 4.517 4.517 4.517 4.517 4.517 9.517 9.517 9.517 4.517 4.517 4.517 4.517 4.517 4.516 4.516 4.516 4.516 4.516 4.515 9.515 9.515 9.515 9.514 9.514 9.514 9.514 9.514 9.514 9.513 9.513 9.513 9.513 9.513 9.513 9.513 9.512 9.512 9.512 9.512 9.512 9.512 9.512 9.512 9.512 9.511 9.511 9.511 9.511 9.511 9.511 9.511 9.511 9.511 9.511 9.511 9.510
4.514 4.514 4.515 4.515 4.515 4.515 4.515 4.516 4.516 4.516 4.516 4.516 4.516 4.516 4.517 4.517 4.517 4.517 4.517 4.517 4.517 4.517 4.517 4.517 4.517 4.517 9.517 9.517 9.517 4.517 4.517 4.517 4.517 4.517 4.517 4.517 4.517 4.516 4.516 4.516 9.515 9.515 9.515 9.515 9.515 9.515 9.514 9.514 9.514 9.514 9.514 9.514 9.513 9.513 9.513 9.513 9.513 9.513 9.513 9.512 9.512 9.512 9.512 9.512 9.512 9.512 9.512 9.512 9.512 9.511 9.511 9.511 9.511 9.511 9.511 9.511 9.511
4.515 4.515 4.515 4.515 4.515 4.516 4.516 4.516 4.516 4.516 4.517 4.517 4.517 4.517 4.517 4.517 4.517 4.517 4.517 4.517 4.517 4.517 4.517 4.518 4.518 4.518 9.518 9.518 9.518 4.518 4.518 4.518 4.518 4.518 4.517 4.517 4.517 4.517 4.516 4.516 9.516 9.515 9.515 9.515 9.515 9.515 9.515 9.515 9.514 9.514 9.514 9.514 9.514 9.514 9.513 9.513 9.513 9.513 9.513 9.513 9.513 9.512 9.512 9.512 9.512 9.512 9.512 9.512 9.512 9.512 9.512 9.511 9.511 9.511 9.511 9.511 9.511
4.515 4.515 4.516 4.516 4.516 4.516 4.516 4.517 4.517 4.517 4.517 4.517 4.517 4.518 4.518 4.518 4.518 4.518 4.518 4.518 4.518 4.518 4.518 4.518 4.518 4.518 9.518 9.518 9.518 9.518 4.518 4.518 4.518 4.518 4.518 4.517 4.517 4.517 4.517 4.516 9.516 9.516 9.516 9.515 9.515 9.515 9.515 9.515 9.515 9.515 9.514 9.514 9.514 9.514 9.514 9.514 9.513 9.513 9.513 9.513 9.513 9.513 9.513 9.512 9.512 9.512 9.512 9.512 9.512 9.512 9.512 9.512 9.512 9.511 9.511 9.511 9.511
4.516 4.516 4.516 4.517 4.517 4.517 4.517 4.517 4.517 4.517 4.518 4.518 4.518 4.518 4.518 4.518 4.518 4.518 4.518 4.518 4.518 4.518 4.518 4.518 4.519 4.519 9.519 9.519 9.519 9.519 4.519 4.518 4.518 4.518 4.518 4.518 4.518 4.517 4.517 4.517 4.516 9.516 9.516 9.516 9.516 9.516 9.515 9.515 9.515 9.515 9.515 9.514 9.514 9.514 9.514 9.514 9.514 9.513 9.513 9.513 9.513 9.513 9.513 9.513 9.513 9.512 9.512 9.512 9.512 9.512 9.512 9.512 9.512 9.512 9.512 9.511 9.511
4.516 4.517 4.517 4.517 4.517 4.517 4.518 4.518 4.518 4.518 4.518 4.518 4.518 4.518 4.518 4.519 4.519 4.519 4.519 4.519 4.519 4.519 4.519 4.519 4.519 4.519 4.519 9.519 9.519 9.519 9.519 4.519 4.519 4.519 4.518 4.518 4.518 4.518 4.517 4.517 4.517 9.516 9.516 9.516 9.516 9.516 9.516 9.516 9.515 9.515 9.515 9.515 9.515 9.514 9.514 9.514 9.514 9.514 9.514 9.513 9.513 9.513 9.513 9.513 9.513 9.513 9.513 9.513 9.512 9.512 9.512 9.512 9.512 9.512 9.512 9.512 9.512
4.517 4.517 4.517 4.518 4.518 4.518 4.518 4.518 4.518 4.518 4.519 4.519 4.519 4.519 4.519 4.519 4.519 4.519 4.519 4.520 4.520 4.519 4.519 4.520 4.520 4.519 4.519 9.519 9.519 9.519 9.519 4.519 4.519 4.519 4.519 4.519 4.518 4.518 4.518 4.517 4.517 9.517 9.517 9.517 9.516 9.516 9.516 9.516 9.516 9.516 9.515 9.515 9.515 9.515 9.514 9.514 9.514 9.514 9.514 9.514 9.514 9.513 9.513 9.513 9.513 9.513 9.513 9.513 9.513 9.513 9.512 9.512 9.512 9.512 9.512 9.512 9.512
4.517 4.518 4.518 4.518 4.518 4.518 4.519 4.519 4.519 4.519 4.519 4.519 4.519 4.519 4.519 4.519 4.520 4.520 4.520 4.520 4.520 4.520 4.520 4.520 4.520 4.520 4.520 9.520 9.520 9.520 9.520 4.520 4.519 4.519 4.519 4.519 4.519 4.518 4.518 4.518 4.517 9.517 9.517 9.517 9.517 9.517 9.516 9.516 9.516 9.516 9.516 9.515 9.515 9.515 9.515 9.515 9.514 9.514 9.514 9.514 9.514 9.514 9.514 9.513 9.513 9.513 9.513 9.513 9.513 9.513 9.513 9.513 9.513 9.512 9.512 9.512 9.512
4.518 4.518 4.518 4.519 4.519 4.519 4.519 4.519 4.519 4.519 4.520 4.520 4.520 4.520 4.520 4.520 4.520 4.520 4.520 4.520 4.520 4.520 4.520 4.520 4.520 4.520 4.520 4.520 9.520 9.520 9.520 4.520 4.520 4.520 4.519 4.519 4.519 4.519 4.518 4.518 4.518 9.517 9.517 9.517 9.517 9.517 9.517 9.517 9.516 9.516 9.516 9.516 9.516 9.515 9.515 9.515 9.515 9.515 9.514 9.514 9.514 9.514 9.514 9.514 9.514 9.514 9.513 9.513 9.513 9.513 9.513 9.513 9.513 9.513 9.513 9.512 9.512
4.518 4.519 4.519 4.519 4.519 4.520 4.520 4.520 4.520 4.520 4.520 4.520 4.520 4.520 4.520 4.521 4.521 4.521 4.521 4.521 4.521 4.521 4.521 4.521 4.521 4.521 4.521 4.521 9.521 9.521 9.520 4.520 4.520 4.520 4.520 4.519 4.519 4.519 4.519 4.518 4.518 9.518 9.518 9.517 9.517 9.517 9.517 9.517 9.517 9.517 9.516 9.516 9.516 9.516 9.515 9.515 9.515 9.515 9.515 9.515 9.514 9.514 9.514 9.514 9.514 9.514 9.514 9.514 9.513 9.513 9.513 9.513 9.513 9.513 9.513 9.513 9.513
4.519 4.519 4.519 4.520 4.520 4.520 4.520 4.520 4.520 4.520 4.521 4.521 4.521 4.521 4.521 4.521 4.521 4.521 4.521 4.521 4.521 4.521 4.521 4.521 4.521 4.521 4.521 4.521 9.521 9.521 9.521 9.521 4.521 4.520 4.520 4.520 4.520 4.519 4.519 4.519 4.518 9.518 9.518 9.518 9.518 9.517 9.517 9.517 9.517 9.517 9.517 9.516 9.516 9.516 9.516 9.515 9.515 9.515 9.515 9.515 9.515 9.515 9.514 9.514 9.514 9.514 9.514 9.514 9.514 9.514 9.513 9.513 9.513 9.513 9.513 9.513 9.513
4.520 4.520 4.520 4.520 4.520 4.521 4.521 4.521 4.521 4.521 4.521 4.521 4.521 4.521 4.522 4.522 4.522 4.522 4.522 4.522 4.522 4.522 4.522 4.522 4.522 4.522 4.522 4.521 9.521 9.521 9.521 4.521 4.521 4.521 4.520 4.520 4.520 4.520 4.520 4.519 4.519 9.518 9.518 9.518 9.518 9.518 9.518 9.517 9.517 9.517 9.517 9.517 9.516 9.516 9.516 9.516 9.516 9.515 9.515 9.515 9.515 9.515 9.515 9.515 9.514 9.514 9.514 9.514 9.514 9.514 9.514 9.514 9.513 9.513 9.513 9.513 9.513
4.520 4.520 4.521 4.521 4.521 4.521 4.521 4.521 4.521 4.522 4.522 4.522 4.522 4.522 4.522 4.522 4.522 4.522 4.522 4.522 4.522 4.522 4.522 4.522 4.522 4.522 4.522 4.522 9.522 9.522 9.522 4.522 4.521 4.521 4.521 4.521 4.520 4.520 4.520 4.520 4.519 9.519 9.519 9.518 9.518 9.518 9.518 9.518 9.518 9.517 9.517 9.517 9.517 9.517 9.516 9.516 9.516 9.516 9.515 9.515 9.515 9.515 9.515 9.515 9.515 9.515 9.514 9.514 9.514 9.514 9.514 9.514 9.514 9.514 9.513 9.513 9.513
4.521 4.521 4.521 4.521 4.521 4.522 4.522 4.522 4.522 4.522 4.522 4.522 4.522 4.522 4.523 4.523 4.523 4.523 4.523 4.523 4.523 4.523 4.523 4.523 4.523 4.523 4.523 4.522 9.522 9.522 9.522 4.522 4.522 4.522 4.521 4.521 4.521 4.521 4.520 4.520 4.519 9.519 9.519 9.519 9.519 9.518 9.518 9.518 9.518 9.518 9.518 9.517 9.517 9.517 9.517 9.516 9.516 9.516 9.516 9.516 9.515 9.515 9.515 9.515 9.515 9.515 9.515 9.514 9.514 9.514 9.514 9.514 9.514 9.514 9.514 9.513 9.513
4.521 4.521 4.522 4.522 4.522 4.522 4.522 4.523 4.523 4.523 4.523 4.523 4.523 4.523 4.523 4.523 4.523 4.523 4.523 4.523 4.523 4.523 4.523 4.523 4.523 4.523 4.523 4.523 9.523 9.523 9.522 4.522 4.522 4.522 4.522 4.521 4.521 4.521 4.521 4.520 4.520 4.519 9.519 9.519 9.519 9.519 9.519 9.518 9.518 9.518 9.518 9.518 9.517 9.517 9.517 9.517 9.516 9.516 9.516 9.516 9.516 9.516 9.515 9.515 9.515 9.515 9.515 9.515 9.514 9.514 9.514 9.514 9.514 9.514 9.514 9.514 9.514
4.522 4.522 4.522 4.522 4.522 4.523 4.523 4.523 4.523 4.523 4.523 4.523 4.523 4.524 4.524 4.524 4.524 4.524 4.524 4.524 4.524 4.524 4.524 4.524 4.524 4.524 4.523 4.523 9.523 9.523 9.523 4.523 4.523 4.522 4.522 4.522 4.522 4.521 4.521 4.521 4.520 4.520 9.519 9.519 9.519 9.519 9.519 9.519 9.518 9.518 9.518 9.518 9.518 9.517 9.517 9.517 9.517 9.517 9.516 9.516 9.516 9.516 9.516 9.516 9.515 9.515 9.515 9.515 9.515 9.515 9.515 9.514 9.514 9.514 9.514 9.514 9.514
4.522 4.522 4.523 4.523 4.523 4.523 4.523 4.524 4.524 4.524 4.524 4.524 4.524 4.524 4.524 4.524 4.524 4.524 4.524 4.524 4.524 4.524 4.524 4.524 4.524 4.524 4.524 4.524 9.523 9.523 9.523 9.523 4.523 4.523 4.522 4.522 4.522 4.522 4.521 4.521 4.521 4.520 4.520 9.520 9.519 9.519 9.519 9.519 9.519 9.519 9.518 9.518 9.518 9.518 9.517 9.517 9.517 9.517 9.517 9.516 9.516 9.516 9.516 9.516 9.516 9.515 9.515 9.515 9.515 9.515 9.515 9.515 9.514 9.514 9.514 9.514 9.514
4.523 4.523 4.523 4.523 4.523 4.524 4.524 4.524 4.524 4.524 4.524 4.524 4.524 4.525 4.525 4.524 4.525 4.525 4.525 4.525 4.525 4.525 4.524 4.524 4.524 4.524 4.524 4.524 4.524 9.524 9.524 9.524 4.523 4.523 4.523 4.523 4.522 4.522 4.522 4.521 4.521 4.521 4.520 9.520 9.520 9.520 9.519 9.519 9.519 9.519 9.519 9.518 9.518 9.518 9.518 9.518 9.517 9.517 9.517 9.517 9.516 9.516 9.516 9.516 9.516 9.516 9.515 9.515 9.515 9.515 9.515 9.515 9.515 9.515 9.514 9.514 9.514
4.523 4.523 4.524 4.524 4.524 4.524 4.524 4.524 4.525 4.525 4.525 4.525 4.525 4.525 4.525 4.525 4.525 4.525 4.525 4.525 4.525 4.525 4.525 4.525 4.525 4.525 4.525 9.525 9.525 9.524 9.524 9.524 9.524 4.524 4.523 9.523 4.523 4.522 4.522 4.522 4.521 4.521 4.521 9.520 9.520 9.520 9.520 9.520 9.519 9.519 9.519 9.519 9.519 9.518 9.518 9.518 9.518 9.517 9.517 9.517 9.517 9.517 9.516 9.516 9.516 9.516 9.516 9.516 9.515 9.515 9.515 9.515 9.515 9.515 9.515 9.514 9.514
4.524 4.524 4.524 4.524 4.524 4.525 4.525 4.525 4.525 4.525 4.525 4.525 4.525 4.525 4.525 4.525 4.525 4.525 4.525 4.525 4.525 4.525 4.525 4.525 4.525 9.525 9.525 9.525 9.525 9.525 9.524 9.524 9.524 9.524 9.524 9.523 9.523 9.523 9.522 4.522 4.522 4.521 4.521 4.521 9.520 9.520 9.520 9.520 9.520 9.520 9.519 9.519 9.519 9.519 9.518 9.518 9.518 9.518 9.517 9.517 9.517 9.517 9.517 9.516 9.516 9.516 9.516 9.516 9.516 9.515 9.515 9.515 9.515 9.515 9.515 9.515 9.515
4.524 4.524 4.525 4.525 4.525 4.525 4.525 4.525 4.525 4.526 4.526 4.526 4.526 4.526 4.526 4.526 4.526 4.526 4.526 4.526 4.526 4.526 4.526 4.526 4.526 9.526 9.526 9.525 9.525 9.525 9.525 9.525 9.524 9.524 4.524 4.524 4.523 4.523 9.523 9.522 4.522 4.522 4.521 4.521 9.521 9.521 9.520 9.520 9.520 9.520 9.520 9.519 9.519 9.519 9.519 9.519 9.518 9.518 9.518 9.518 9.517 9.517 9.517 9.517 9.517 9.516 9.516 9.516 9.516 9.516 9.516 9.515 9.515 9.515 9.515 9.515 9.515
4.525 4.525 4.525 4.525 4.525 4.526 4.526 4.526 4.526 4.526 4.526 4.526 4.526 4.526 4.526 4.526 4.526 4.526 4.526 4.526 4.526 4.526 4.526 4.526 4.526 9.526 9.526 9.526 9.526 9.525 9.525 9.525 9.525 4.525 4.524 4.524 4.524 4.523 4.523 9.523 9.523 4.522 4.522 4.521 4.521 9.521 9.521 9.521 9.520 9.520 9.520 9.520 9.520 9.519 9.519 9.519 9.519 9.518 9.518 9.518 9.518 9.517 9.517 9.517 9.517 9.517 9.516 9.516 9.516 9.516 9.516 9.516 9.515 9.515 9.515 9.515 9.515
4.525 4.525 4.526 4.526 4.526 4.526 4.526 4.526 4.526 4.526 4.527 4.527 4.527 4.527 4.527 4.527 4.527 4.527 4.527 4.527 4.527 4.527 4.527 4.526 4.526 9.526 9.526 9.526 9.526 9.526 9.526 9.525 4.525 4.525 4.525 4.524 4.524 4.524 4.523 4.523 9.523 9.523 4.522 4.522 4.522 9.521 9.521 9.521 9.521 9.521 9.520 9.520 9.520 9.520 9.519 9.519 9.519 9.519 9.518 9.518 9.518 9.518 9.517 9.517 9.517 9.517 9.517 9.516 9.516 9.516 9.516 9.516 9.516 9.516 9.515 9.515 9.515
4.526 4.526 4.526 4.526 4.526 4.527 4.527 4.527 4.527 4.527 4.527 4.527 4.527 4.527 4.527 4.527 4.527 4.527 4.527 4.527 4.527 4.527 4.527 4.527 4.527 9.527 9.526 9.526 9.526 9.526 9.526 9.526 4.526 4.525 4.525 4.525 4.524 4.524 4.524 4.523 9.523 9.523 4.523 4.522 4.522 4.522 9.521 9.521 9.521 9.521 9.521 9.521 9.520 9.520 9.520 9.519 9.519 9.519 9.519 9.518 9.518 9.518 9.518 9.518 9.517 9.517 9.517 9.517 9.516 9.516 9.516 9.516 9.516 9.516 9.516 9.515 9.515
4.526 4.526 4.526 4.527 4.527 4.527 4.527 4.527 4.527 4.527 4.528 4.528 4.528 4.528 4.528 4.528 4.528 4.528 4.528 4.528 4.528 4.527 4.527 4.527 4.527 9.527 9.527 9.527 9.527 9.527 9.526 4.526 4.526 4.526 4.525 4.525 4.525 4.524 4.524 4.524 9.524 9.523 9.523 4.523 4.523 4.522 9.522 9.522 9.521 9.521 9.521 9.521 9.521 9.520 9.520 9.520 9.519 9.519 9.519 9.519 9.518 9.518 9.518 9.518 9.518 9.517 9.517 9.517 9.517 9.517 9.516 9.516 9.516 9.516 9.516 9.516 9.516
