includes/lisflood-fp-604/results/res-0002.wd
ncols         631
nrows         906
xllcorner     364927.146667
yllcorner     6531972.565556
cellsize      20.000000
NODATA_value  -9999.000000
[rows 306 to 339 of 906, columns 462 to 538 of 631]
7.562 7.562 7.563 7.563 7.563 7.564 7.564 7.564 7.565 7.565 7.566 7.566 7.566 7.567 7.567 7.567 7.568 7.568 7.569 7.569 7.570 7.570 7.571 7.571 7.572 7.572 7.573 7.573 7.573 7.574 7.575 7.575 7.576 7.576 7.577 7.577 7.578 7.578 7.578 7.579 7.579 7.580 7.580 7.581 7.581 7.582 7.582 7.583 7.583 7.584 7.584 7.585 7.585 7.586 7.586 7.587 7.587 7.588 7.588 7.589 7.590 7.590 7.591 7.591 7.592 7.592 7.593 7.593 7.594 7.594 7.595 7.595 7.596 7.597 7.597 7.598 7.598
7.562 7.562 7.563 7.563 7.564 7.564 7.564 7.564 7.565 7.565 7.566 7.566 7.566 7.567 7.567 7.567 7.568 7.568 7.569 7.569 7.570 7.570 7.571 7.571 7.572 7.572 7.573 7.573 7.574 7.574 7.575 7.575 7.576 7.576 7.577 7.577 7.578 7.578 7.579 7.579 7.579 7.580 7.580 7.581 7.581 7.582 7.582 7.583 7.583 7.584 7.584 7.585 7.586 7.586 7.587 7.587 7.588 7.588 7.589 7.589 7.590 7.590 7.591 7.591 7.592 7.592 7.593 7.593 7.594 7.594 7.595 7.596 7.596 7.597 7.597 7.598 7.598
7.562 7.562 7.563 7.563 7.564 7.564 7.564 7.565 7.565 7.565 7.566 7.566 7.566 7.567 7.567 7.568 7.568 7.568 7.569 7.569 7.570 7.570 7.571 7.571 7.572 7.572 7.573 7.573 7.574 7.574 7.575 7.575 7.576 7.576 7.577 7.577 7.578 7.578 7.579 7.579 7.580 7.580 7.580 7.581 7.581 7.582 7.582 7.583 7.583 7.584 7.585 7.585 7.586 7.586 7.587 7.587 7.588 7.588 7.589 7.589 7.590 7.590 7.591 7.591 7.592 7.592 7.593 7.593 7.594 7.595 7.595 7.596 7.596 7.597 7.597 7.598 7.599
7.562 7.563 7.563 7.563 7.564 7.564 7.564 7.565 7.565 7.565 7.566 7.566 7.566 7.567 7.567 7.568 7.568 7.569 7.569 7.569 7.570 7.570 7.571 7.571 7.572 7.572 7.573 7.573 7.574 7.574 7.575 7.575 7.576 7.576 7.577 7.577 7.578 7.578 7.579 7.579 7.580 7.580 7.581 7.581 7.582 7.582 7.583 7.583 7.584 7.584 7.585 7.585 7.586 7.586 7.587 7.587 7.588 7.588 7.589 7.589 7.590 7.590 7.591 7.591 7.592 7.592 7.593 7.594 7.594 7.595 7.595 7.596 7.596 7.597 7.597 7.598 7.599
7.562 7.563 7.563 7.563 7.564 7.564 7.564 7.565 7.565 7.565 7.566 7.566 7.567 7.567 7.567 7.568 7.568 7.569 7.569 7.570 7.570 7.570 7.571 7.571 7.572 7.572 7.573 7.573 7.574 7.574 7.575 7.575 7.576 7.576 7.577 7.577 7.578 7.578 7.579 7.579 7.580 7.580 7.581 7.581 7.582 7.582 7.583 7.583 7.584 7.584 7.585 7.585 7.586 7.586 7.587 7.587 7.588 7.588 7.589 7.589 7.590 7.590 7.591 7.591 7.592 7.593 7.593 7.594 7.594 7.595 7.595 7.596 7.596 7.597 7.598 7.598 7.599
7.562 7.563 7.563 7.564 7.564 7.564 7.565 7.565 7.565 7.566 7.566 7.566 7.567 7.567 7.567 7.568 7.568 7.569 7.569 7.570 7.570 7.571 7.571 7.572 7.572 7.573 7.573 7.573 7.574 7.574 7.575 7.575 7.576 7.576 7.577 7.577 7.578 7.578 7.579 7.579 7.580 7.580 7.581 7.581 7.582 7.582 7.583 7.583 7.584 7.584 7.585 7.585 7.586 7.586 7.587 7.587 7.588 7.588 7.589 7.589 7.590 7.591 7.591 7.592 7.592 7.593 7.593 7.594 7.594 7.595 7.595 7.596 7.596 7.597 7.598 7.598 7.599
7.563 7.563 7.563 7.564 7.564 7.564 7.565 7.565 7.565 7.566 7.566 7.566 7.567 7.567 7.568 7.568 7.568 7.569 7.569 7.570 7.570 7.571 7.571 7.572 7.572 7.573 7.573 7.574 7.574 7.575 7.575 7.575 7.576 7.576 7.577 7.578 7.578 7.578 7.579 7.579 7.580 7.580 7.581 7.581 7.582 7.582 7.583 7.583 7.584 7.584 7.585 7.586 7.586 7.587 7.587 7.588 7.588 7.589 7.589 7.590 7.590 7.591 7.591 7.592 7.592 7.593 7.593 7.594 7.594 7.595 7.596 7.596 7.597 7.597 7.598 7.598 7.599
7.563 7.563 7.563 7.564 7.564 7.564 7.565 7.565 7.565 7.566 7.566 7.566 7.567 7.567 7.568 7.568 7.568 7.569 7.569 7.570 7.570 7.571 7.571 7.572 7.572 7.573 7.573 7.574 7.574 7.575 7.575 7.576 7.576 7.577 7.577 7.578 7.578 7.579 7.579 7.580 7.580 7.580 7.581 7.581 7.582 7.583 7.583 7.584 7.584 7.585 7.585 7.586 7.586 7.587 7.587 7.588 7.588 7.589 7.589 7.590 7.590 7.591 7.591 7.592 7.592 7.593 7.593 7.594 7.595 7.595 7.596 7.596 7.597 7.597 7.598 7.599 7.599
7.563 7.563 7.563 7.564 7.564 7.564 7.565 7.565 7.565 7.566 7.566 7.567 7.567 7.567 7.568 7.568 7.569 7.569 7.569 7.570 7.570 7.571 7.571 7.572 7.572 7.573 7.573 7.574 7.574 7.575 7.575 7.576 7.576 7.577 7.577 7.578 7.578 7.579 7.579 7.580 7.580 7.581 7.581 7.582 7.582 7.583 7.583 7.584 7.584 7.585 7.585 7.586 7.586 7.587 7.587 7.588 7.588 7.589 7.589 7.590 7.590 7.591 7.591 7.592 7.593 7.593 7.594 7.594 7.595 7.595 7.596 7.596 7.597 7.597 7.598 7.599 7.599
7.563 7.563 7.563 7.564 7.564 7.565 7.565 7.565 7.566 7.566 7.566 7.567 7.567 7.567 7.568 7.568 7.569 7.569 7.570 7.570 7.570 7.571 7.571 7.572 7.572 7.573 7.573 7.574 7.574 7.575 7.575 7.576 7.576 7.577 7.577 7.578 7.578 7.579 7.579 7.580 7.580 7.581 7.581 7.582 7.582 7.583 7.583 7.584 7.584 7.585 7.585 7.586 7.586 7.587 7.587 7.588 7.588 7.589 7.589 7.590 7.591 7.591 7.592 7.592 7.593 7.593 7.594 7.594 7.595 7.595 7.596 7.596 7.597 7.598 7.598 7.599 7.599
7.563 7.563 7.564 7.564 7.564 7.565 7.565 7.565 7.566 7.566 7.566 7.567 7.567 7.567 7.568 7.568 7.569 7.569 7.570 7.570 7.571 7.571 7.572 7.572 7.572 7.573 7.573 7.574 7.574 7.575 7.575 7.576 7.576 7.577 7.577 7.578 7.578 7.579 7.579 7.580 7.580 7.581 7.581 7.582 7.582 7.583 7.583 7.584 7.584 7.585 7.585 7.586 7.587 7.587 7.588 7.588 7.589 7.589 7.590 7.590 7.591 7.591 7.592 7.592 7.593 7.593 7.594 7.595 7.595 7.596 7.596 7.597 7.597 7.598 7.598 7.599 7.600
7.563 7.563 7.564 7.564 7.564 7.565 7.565 7.565 7.566 7.566 7.566 7.567 7.567 7.568 7.568 7.568 7.569 7.569 7.570 7.570 7.571 7.571 7.572 7.572 7.573 7.573 7.573 7.574 7.574 7.575 7.575 7.576 7.576 7.577 7.577 7.578 7.578 7.579 7.579 7.580 7.580 7.581 7.581 7.582 7.582 7.583 7.583 7.584 7.585 7.585 7.586 7.586 7.587 7.587 7.588 7.588 7.589 7.589 7.590 7.590 7.591 7.591 7.592 7.592 7.593 7.593 7.594 7.595 7.595 7.596 7.596 7.597 7.597 7.598 7.598 7.599 7.600
7.563 7.563 7.564 7.564 7.564 7.565 7.565 7.565 7.566 7.566 7.566 7.567 7.567 7.568 7.568 7.568 7.569 7.569 7.570 7.570 7.571 7.571 7.572 7.572 7.573 7.573 7.574 7.574 7.575 7.575 7.575 7.576 7.576 7.577 7.577 7.578 7.578 7.579 7.579 7.580 7.580 7.581 7.581 7.582 7.582 7.583 7.584 7.584 7.585 7.585 7.586 7.586 7.587 7.587 7.588 7.588 7.589 7.589 7.590 7.590 7.591 7.591 7.592 7.592 7.593 7.594 7.594 7.595 7.595 7.596 7.596 7.597 7.597 7.598 7.599 7.599 7.600
7.563 7.563 7.564 7.564 7.564 7.565 7.565 7.565 7.566 7.566 7.567 7.567 7.567 7.568 7.568 7.569 7.569 7.569 7.570 7.570 7.571 7.571 7.572 7.572 7.573 7.573 7.574 7.574 7.575 7.575 7.576 7.576 7.577 7.577 7.578 7.578 7.579 7.579 7.580 7.580 7.581 7.581 7.582 7.582 7.583 7.583 7.584 7.584 7.585 7.585 7.586 7.586 7.587 7.587 7.588 7.588 7.589 7.590 7.590 7.591 7.591 7.592 7.592 7.593 7.593 7.594 7.594 7.595 7.595 7.596 7.596 7.597 7.598 7.598 7.599 7.599 7.600
7.563 7.563 7.564 7.564 7.565 7.565 7.565 7.566 7.566 7.566 7.567 7.567 7.567 7.568 7.568 7.569 7.569 7.570 7.570 7.571 7.571 7.571 7.572 7.572 7.573 7.573 7.574 7.574 7.575 7.575 7.576 7.576 7.577 7.577 7.578 7.578 7.579 7.579 7.580 7.580 7.581 7.581 7.582 7.582 7.583 7.583 7.584 7.584 7.585 7.585 7.586 7.587 7.587 7.588 7.588 7.589 7.589 7.590 7.590 7.591 7.591 7.592 7.592 7.593 7.593 7.594 7.594 7.595 7.595 7.596 7.597 7.597 7.598 7.598 7.599 7.599 7.600
7.563 7.564 7.564 7.564 7.565 7.565 7.565 7.566 7.566 7.566 7.567 7.567 7.567 7.568 7.568 7.569 7.569 7.570 7.570 7.571 7.571 7.572 7.572 7.573 7.573 7.573 7.574 7.574 7.575 7.575 7.576 7.576 7.577 7.577 7.578 7.578 7.579 7.579 7.580 7.580 7.581 7.581 7.582 7.582 7.583 7.583 7.584 7.585 7.585 7.586 7.586 7.587 7.587 7.588 7.588 7.589 7.589 7.590 7.590 7.591 7.591 7.592 7.592 7.593 7.593 7.594 7.594 7.595 7.596 7.596 7.597 7.597 7.598 7.598 7.599 7.599 7.600
7.563 7.564 7.564 7.564 7.565 7.565 7.565 7.566 7.566 7.566 7.567 7.567 7.568 7.568 7.568 7.569 7.569 7.570 7.570 7.571 7.571 7.572 7.572 7.573 7.573 7.574 7.574 7.575 7.575 7.575 7.576 7.576 7.577 7.577 7.578 7.578 7.579 7.579 7.580 7.580 7.581 7.581 7.582 7.583 7.583 7.584 7.584 7.585 7.585 7.586 7.586 7.587 7.587 7.588 7.588 7.589 7.589 7.590 7.590 7.591 7.591 7.592 7.593 7.593 7.594 7.594 7.595 7.595 7.596 7.596 7.597 7.597 7.598 7.599 7.599 7.600 7.600
7.564 7.564 7.564 7.565 7.565 7.565 7.566 7.566 7.566 7.567 7.567 7.567 7.568 7.568 7.569 7.569 7.570 7.570 7.570 7.571 7.571 7.572 7.572 7.573 7.573 7.574 7.574 7.575 7.575 7.576 7.576 7.577 7.577 7.578 7.578 7.579 7.579 7.580 7.580 7.581 7.581 7.582 7.582 7.583 7.583 7.584 7.584 7.585 7.585 7.586 7.586 7.587 7.587 7.588 7.588 7.589 7.589 7.590 7.591 7.591 7.592 7.592 7.593 7.593 7.594 7.594 7.595 7.595 7.596 7.596 7.597 7.598 7.598 7.599 7.599 7.600 7.600
7.564 7.564 7.564 7.565 7.565 7.565 7.566 7.566 7.566 7.567 7.567 7.568 7.568 7.568 7.569 7.569 7.570 7.570 7.571 7.571 7.572 7.572 7.573 7.573 7.573 7.574 7.574 7.575 7.575 7.576 7.576 7.577 7.577 7.578 7.578 7.579 7.579 7.580 7.580 7.581 7.581 7.582 7.582 7.583 7.583 7.584 7.584 7.585 7.585 7.586 7.587 7.587 7.588 7.588 7.589 7.589 7.590 7.590 7.591 7.591 7.592 7.592 7.593 7.593 7.594 7.595 7.595 7.596 7.596 7.597 7.597 7.598 7.598 7.599 7.599 7.600 7.601
7.564 7.564 7.564 7.565 7.565 7.566 7.566 7.566 7.567 7.567 7.567 7.568 7.568 7.569 7.569 7.570 7.570 7.570 7.571 7.571 7.572 7.572 7.573 7.573 7.574 7.574 7.574 7.575 7.575 7.576 7.576 7.577 7.577 7.578 7.578 7.579 7.580 7.580 7.581 7.581 7.582 7.582 7.583 7.583 7.584 7.584 7.585 7.585 7.586 7.586 7.587 7.587 7.588 7.588 7.589 7.589 7.590 7.590 7.591 7.591 7.592 7.592 7.593 7.594 7.594 7.595 7.595 7.596 7.596 7.597 7.597 7.598 7.598 7.599 7.600 7.600 7.601
7.564 7.564 7.565 7.565 7.565 7.566 7.566 7.566 7.567 7.567 7.568 7.568 7.568 7.569 7.569 7.570 7.570 7.571 7.571 7.572 7.572 7.572 7.573 7.573 7.574 7.574 7.575 7.575 7.576 7.576 7.577 7.577 7.578 7.578 7.579 7.579 7.580 7.580 7.581 7.581 7.582 7.582 7.583 7.583 7.584 7.584 7.585 7.585 7.586 7.586 7.587 7.587 7.588 7.588 7.589 7.590 7.590 7.591 7.591 7.592 7.592 7.593 7.593 7.594 7.594 7.595 7.595 7.596 7.597 7.597 7.598 7.598 7.599 7.599 7.600 7.600 7.601
7.564 7.564 7.565 7.565 7.565 7.566 7.566 7.567 7.567 7.567 7.568 7.568 7.569 7.569 7.569 7.570 7.570 7.571 7.571 7.572 7.572 7.573 7.573 7.574 7.574 7.574 7.575 7.575 7.576 7.576 7.577 7.577 7.578 7.578 7.579 7.579 7.580 7.580 7.581 7.581 7.582 7.582 7.583 7.583 7.584 7.584 7.585 7.585 7.586 7.586 7.587 7.588 7.588 7.589 7.589 7.590 7.590 7.591 7.591 7.592 7.592 7.593 7.593 7.594 7.595 7.595 7.596 7.596 7.597 7.597 7.598 7.598 7.599 7.599 7.600 7.600 7.601
7.564 7.565 7.565 7.565 7.566 7.566 7.566 7.567 7.567 7.568 7.568 7.568 7.569 7.569 7.570 7.570 7.571 7.571 7.571 7.572 7.572 7.573 7.573 7.574 7.574 7.575 7.575 7.576 7.576 7.577 7.577 7.578 7.578 7.579 7.579 7.580 7.580 7.581 7.581 7.582 7.582 7.583 7.583 7.584 7.584 7.585 7.585 7.586 7.586 7.587 7.587 7.588 7.588 7.589 7.589 7.590 7.590 7.591 7.592 7.592 7.593 7.593 7.594 7.594 7.595 7.595 7.596 7.596 7.597 7.597 7.598 7.599 7.599 7.600 7.600 7.601 7.601
7.564 7.565 7.565 7.565 7.566 7.566 7.567 7.567 7.567 7.568 7.568 7.569 7.569 7.569 7.570 7.570 7.571 7.571 7.572 7.572 7.573 7.573 7.573 7.574 7.574 7.575 7.575 7.576 7.576 7.577 7.577 7.578 7.578 7.579 7.579 7.580 7.580 7.581 7.581 7.582 7.582 7.583 7.583 7.584 7.584 7.585 7.585 7.586 7.586 7.587 7.587 7.588 7.589 7.589 7.590 7.590 7.591 7.591 7.592 7.592 7.593 7.593 7.594 7.594 7.595 7.596 7.596 7.597 7.597 7.598 7.598 7.599 7.599 7.600 7.600 7.601 7.601
2.564 7.565 7.565 7.566 7.566 7.566 7.567 7.567 7.568 7.568 7.568 7.569 7.569 7.570 7.570 7.570 7.571 7.571 7.572 7.572 7.573 7.573 7.574 7.574 7.575 7.575 7.576 7.576 7.576 7.577 7.577 7.578 7.579 7.579 7.580 7.580 7.581 7.581 7.582 7.582 7.583 7.583 7.584 7.584 7.585 7.585 7.586 7.586 7.587 7.587 7.588 7.588 7.589 7.589 7.590 7.590 7.591 7.592 7.592 7.593 7.593 7.594 7.594 7.595 7.595 7.596 7.596 7.597 7.597 7.598 7.599 7.599 7.600 7.600 7.601 7.601 7.602
2.564 2.565 7.565 7.566 7.566 7.566 7.567 7.567 7.568 7.568 7.569 7.569 7.569 7.570 7.570 7.571 7.571 7.572 7.572 7.572 7.573 7.573 7.574 7.574 7.575 7.575 7.576 7.576 7.577 7.577 7.578 7.578 7.579 7.579 7.580 7.580 7.581 7.581 7.582 7.582 7.583 7.583 7.584 7.584 7.585 7.585 7.586 7.586 7.587 7.587 7.588 7.588 7.589 7.590 7.590 7.591 7.591 7.592 7.592 7.593 7.593 7.594 7.594 7.595 7.596 7.596 7.597 7.597 7.598 7.598 7.599 7.599 7.600 7.600 7.601 7.601 7.602
2.564 2.565 2.565 7.566 7.566 7.567 7.567 7.568 7.568 7.568 7.569 7.569 7.570 7.570 7.570 7.571 7.571 7.572 7.572 7.573 7.573 7.574 7.574 7.575 7.575 7.576 7.576 7.577 7.577 7.578 7.578 7.579 7.579 7.580 7.580 7.581 7.581 7.582 7.582 7.583 7.583 7.584 7.584 7.585 7.585 7.586 7.586 7.587 7.587 7.588 7.588 7.589 7.589 7.590 7.590 7.591 7.591 7.592 7.592 7.593 7.594 7.594 7.595 7.595 7.596 7.596 7.597 7.597 7.598 7.599 7.599 7.600 7.600 7.601 7.601 7.602 7.602
2.564 2.564 2.565 2.566 7.566 7.567 7.567 7.568 7.568 7.568 7.569 7.569 7.570 7.570 7.571 7.571 7.571 7.572 7.572 7.573 7.573 7.574 7.574 7.575 7.575 7.576 7.576 7.577 7.577 7.578 7.578 7.579 7.579 7.580 7.580 7.581 7.581 7.582 7.582 7.583 7.583 7.584 7.584 7.585 7.585 7.586 7.586 7.587 7.587 7.588 7.588 7.589 7.589 7.590 7.590 7.591 7.592 7.592 7.593 7.593 7.594 7.594 7.595 7.595 7.596 7.597 7.597 7.598 7.598 7.599 7.599 7.600 7.600 7.601 7.601 7.602 7.602
2.434 2.564 2.565 2.565 2.566 2.567 7.567 7.568 7.568 7.569 7.569 7.570 7.570 7.570 7.571 7.571 7.572 7.572 7.573 7.573 7.574 7.574 7.575 7.575 7.576 7.576 7.577 7.577 7.578 7.578 7.579 7.579 7.580 7.580 7.580 7.581 7.581 7.582 7.583 7.583 7.584 7.584 7.585 7.585 7.585 7.586 7.586 7.587 7.587 7.588 7.589 7.589 7.590 7.590 7.591 7.591 7.592 7.592 7.593 7.593 7.594 7.595 7.595 7.596 7.596 7.597 7.597 7.598 7.598 7.599 7.600 7.600 7.601 7.601 7.602 7.602 7.603
2.564 2.564 2.565 2.565 2.566 2.566 2.567 7.568 7.568 7.569 7.569 7.570 7.570 7.571 7.571 7.571 7.572 7.572 7.573 7.573 7.574 7.574 7.575 7.575 7.576 7.576 7.577 7.577 7.578 7.578 7.579 7.579 7.580 7.580 7.581 7.581 7.582 7.582 7.583 7.583 7.584 7.584 7.585 7.585 7.586 7.586 7.587 7.587 7.588 7.588 7.589 7.589 7.590 7.590 7.591 7.591 7.592 7.593 7.593 7.594 7.594 7.595 7.595 7.596 7.596 7.597 7.598 7.598 7.599 7.599 7.600 7.600 7.601 7.601 7.602 7.602 7.603
2.563 2.564 2.565 2.565 2.566 2.566 2.567 2.568 7.569 7.569 7.570 7.570 7.570 7.571 7.571 7.572 7.572 7.573 7.573 7.573 7.574 7.574 7.575 7.575 7.576 7.576 7.577 7.577 7.578 7.578 7.579 7.580 7.580 7.580 7.581 7.581 7.582 7.582 7.583 7.583 7.584 7.584 7.585 7.585 7.586 7.586 7.587 7.587 7.588 7.589 7.589 7.590 7.590 7.591 7.591 7.592 7.592 7.593 7.593 7.594 7.594 7.595 7.596 7.596 7.597 7.597 7.598 7.598 7.599 7.599 7.600 7.600 7.601 7.602 7.602 7.603 7.603
2.563 2.564 2.544 2.565 2.566 2.566 2.517 2.568 2.569 7.569 7.570 7.570 7.571 7.571 7.571 7.572 7.572 7.573 7.573 7.574 7.574 7.575 7.575 7.576 7.576 7.577 7.577 7.578 7.578 7.579 7.579 7.580 7.580 7.581 7.581 7.582 7.582 7.583 7.583 7.584 7.584 7.585 7.585 7.586 7.586 7.587 7.587 7.588 7.588 7.589 7.589 7.590 7.590 7.591 7.591 7.592 7.593 7.593 7.594 7.594 7.595 7.595 7.596 7.596 7.597 7.597 7.598 7.599 7.599 7.600 7.600 7.601 7.601 7.602 7.602 7.603 7.603
2.563 2.564 2.564 2.565 2.566 2.566 2.417 2.568 2.569 2.569 7.570 7.570 7.571 7.571 7.572 7.572 7.573 7.573 7.573 7.574 7.574 7.575 7.575 7.576 7.576 7.577 7.577 7.578 7.578 7.579 7.579 7.580 7.580 7.581 7.581 7.582 7.582 7.583 7.583 7.584 7.584 7.585 7.585 7.586 7.586 7.587 7.587 7.588 7.588 7.589 7.589 7.590 7.591 7.591 7.592 7.592 7.593 7.593 7.594 7.595 7.595 7.596 7.596 7.597 7.597 7.598 7.598 7.599 7.599 7.600 7.600 7.601 7.601 7.602 7.603 7.603 7.604
2.563 2.564 2.564 2.565 2.326 2.416 2.517 2.418 2.559 2.499 2.570 7.571 7.571 7.572 7.572 7.572 7.573 7.573 7.574 7.574 7.575 7.575 7.576 7.576 7.577 7.577 7.578 7.578 7.579 7.579 7.580 7.580 7.581 7.581 7.582 7.582 7.583 7.583 7.584 7.584 7.585 7.585 7.586 7.586 7.587 7.587 7.588 7.588 7.589 7.589 7.590 7.590 7.591 7.591 7.592 7.592 7.593 7.594 7.594 7.595 7.595 7.596 7.596 7.597 7.597 7.598 7.598 7.599 7.599 7.600 7.601 7.601 7.602 7.602 7.603 7.603 7.604
