includes/lisflood-fp-604/results/res-0007.wd
ncols         631
nrows         906
xllcorner     364927.146667
yllcorner     6531972.565556
cellsize      20.000000
NODATA_value  -9999.000000
[rows 170 to 203 of 906, columns 308 to 384 of 631]
0.000 0.000 1.298 1.948 0.461 0.000 0.001 1.358 0.026 0.000 1.076 0.566 0.737 0.607 0.088 1.358 0.000 0.684 0.754 0.544 1.074 0.403 0.852 0.442 0.482 0.442 0.291 1.701 1.311 0.601 0.371 0.490 1.270 0.196 0.581 0.939 1.269 1.299 1.558 1.458 1.318 1.338 1.288 1.378 1.338 1.368 1.188 0.958 1.138 1.278 1.398 1.328 1.388 1.377 1.487 1.457 1.637 1.717 1.827 1.567 0.005 0.000 0.080 1.360 1.429 1.429 1.379 1.049 0.239 0.460 0.430 0.000 0.000 0.507 0.387 0.667 0.477
0.522 0.113 0.631 0.692 0.577 0.935 0.857 0.000 0.000 0.000 1.116 0.297 0.948 0.338 0.148 1.818 0.012 1.324 0.384 0.874 1.384 0.423 0.573 0.702 1.272 1.262 1.701 1.551 0.601 1.631 1.261 0.651 0.330 0.497 0.432 0.589 0.838 1.508 1.688 1.438 1.398 1.288 1.408 1.288 1.308 1.238 1.238 1.797 1.357 1.367 1.437 1.467 1.487 1.527 1.557 1.427 1.517 1.557 1.697 1.437 0.000 0.034 0.321 1.170 1.349 1.369 1.249 1.309 0.949 0.389 0.379 0.000 0.000 0.068 0.457 0.447 0.417
0.592 0.203 0.160 0.453 0.305 0.188 0.809 0.603 0.435 1.385 0.219 0.113 2.138 0.708 0.518 2.238 0.568 0.507 0.436 1.024 0.514 0.884 1.473 1.433 0.352 0.922 0.022 1.521 1.531 0.671 1.101 1.281 0.541 0.410 0.006 0.518 1.008 1.368 1.338 1.468 1.368 1.288 1.348 1.498 1.387 1.567 1.467 1.437 1.567 1.397 1.447 1.447 1.487 1.407 1.427 1.456 1.536 1.676 1.906 1.866 0.231 0.294 0.582 1.340 1.509 1.439 1.279 1.149 0.839 0.379 0.229 0.000 0.000 0.000 0.318 0.447 0.447
0.000 0.747 0.757 0.324 0.515 0.525 0.215 1.025 1.355 0.885 0.467 0.698 0.240 0.187 0.000 1.218 1.168 0.528 1.207 0.525 0.864 0.874 0.813 0.453 1.532 0.662 0.662 0.542 0.321 1.341 1.431 0.641 1.491 0.741 0.056 0.178 1.007 1.387 1.547 1.727 1.617 1.457 1.487 1.347 1.357 1.317 1.327 1.227 1.467 1.197 1.517 1.557 1.446 1.536 1.676 1.506 1.556 1.506 1.615 1.425 0.111 0.764 2.564 1.081 1.269 1.148 1.258 1.297 0.002 0.000 0.000 0.000 0.000 0.390 0.489 0.528 0.447
0.897 0.147 0.000 0.486 0.496 0.337 0.698 0.428 0.308 0.189 1.009 0.839 0.989 0.157 0.858 0.000 1.199 0.969 0.638 0.666 1.155 0.574 0.793 0.483 0.402 0.792 1.112 1.322 1.532 0.521 0.601 0.821 1.441 0.191 0.125 0.727 1.457 1.557 1.507 1.567 1.447 1.417 1.377 1.287 1.287 1.307 1.227 1.437 1.417 1.456 1.406 1.736 1.206 1.256 1.216 1.315 1.305 1.445 1.564 1.684 1.242 0.000 2.475 0.852 0.367 0.641 0.637 0.665 0.860 1.048 0.818 0.000 0.474 0.502 0.459 0.528 0.416
0.006 0.638 0.158 0.000 0.838 0.699 0.290 1.031 0.552 0.732 0.431 1.190 0.449 0.988 0.418 2.048 0.000 1.833 0.361 0.249 0.367 0.534 0.564 1.023 0.352 0.372 0.752 1.272 1.492 1.732 1.382 0.391 0.751 0.051 0.000 0.707 1.137 1.967 1.927 1.657 1.637 1.567 1.357 1.467 1.337 1.317 1.376 1.456 1.516 1.546 1.556 1.626 1.446 1.535 1.285 1.245 1.315 1.564 1.694 1.803 1.851 1.699 2.845 0.953 0.476 0.418 0.353 0.297 0.933 0.620 0.012 0.318 0.418 0.433 0.519 0.487 0.285
0.519 0.003 0.958 0.308 0.000 0.601 0.553 0.533 0.903 0.613 0.603 0.762 0.112 0.888 1.228 0.018 2.353 2.083 1.433 0.241 1.060 0.197 0.394 0.673 1.182 1.092 0.632 0.412 1.452 1.552 1.542 0.742 0.202 0.000 0.296 0.756 1.416 1.406 1.646 1.516 1.406 1.466 1.526 1.486 1.446 1.526 1.396 1.396 1.426 1.596 1.446 1.476 1.505 1.475 1.495 1.465 1.394 1.334 1.364 1.573 1.781 1.800 0.117 1.562 0.000 0.393 0.962 0.806 0.679 0.771 0.154 0.477 0.443 0.483 0.479 0.496 0.544
1.488 0.888 0.409 1.167 0.587 0.000 0.626 0.705 0.444 0.365 0.895 0.516 1.178 0.072 1.188 0.927 0.545 2.183 1.363 0.602 0.651 0.390 0.209 0.000 0.672 1.202 1.272 1.272 0.452 0.392 1.622 0.482 0.332 0.252 0.000 0.906 1.486 1.646 1.996 1.956 1.876 1.516 1.496 1.326 1.106 1.246 1.246 1.186 1.136 1.336 1.385 1.445 1.515 1.525 1.565 1.584 1.594 1.814 1.804 0.132 1.790 1.680 1.470 0.437 2.613 0.363 0.781 0.691 0.503 0.379 0.588 0.595 0.514 0.513 0.579 0.444 0.522
0.709 0.157 1.097 0.677 1.476 1.046 0.732 0.309 0.000 0.800 0.220 0.820 0.929 0.163 0.839 0.627 0.635 0.308 0.813 1.343 0.421 0.600 0.540 0.280 0.001 0.052 1.102 1.312 1.152 1.142 0.522 0.412 0.191 0.029 0.288 0.726 1.416 1.596 1.646 1.676 1.636 1.496 1.466 1.396 1.376 1.456 1.506 1.526 1.455 1.575 1.665 1.605 1.645 1.685 1.505 1.454 1.534 1.544 1.523 0.281 1.710 1.840 1.780 0.515 0.602 0.585 0.431 0.449 0.402 0.508 0.477 0.555 0.474 0.692 0.416 0.731 0.580
0.939 0.269 0.064 1.846 1.336 0.696 0.364 0.000 0.654 0.483 1.003 1.002 0.119 0.972 1.291 0.461 0.600 0.000 2.113 0.000 1.250 1.540 0.580 0.400 0.709 0.000 0.542 1.102 1.212 1.182 0.562 0.081 0.189 0.255 0.378 0.696 1.526 1.576 1.726 1.586 1.616 1.606 1.476 1.456 1.436 1.416 1.436 1.445 1.445 1.565 1.595 1.605 1.715 1.635 1.615 1.524 1.624 1.594 1.523 1.501 1.640 1.720 1.760 0.355 2.442 0.000 0.428 0.112 0.244 0.513 0.495 0.521 0.598 0.689 0.633 0.599 0.677
0.829 0.659 0.068 0.035 0.299 0.357 0.000 0.616 0.555 0.744 0.943 1.093 0.130 0.953 0.463 0.944 1.094 0.684 0.002 2.267 0.000 0.730 1.400 0.549 0.699 0.418 0.076 0.000 0.272 0.151 0.000 0.189 0.159 0.446 0.339 0.826 1.416 1.596 1.626 1.636 1.696 1.636 1.636 1.546 1.506 1.536 1.495 1.475 1.495 1.455 1.545 1.535 1.605 1.685 1.754 1.604 1.674 1.634 1.802 1.640 1.610 1.650 1.630 0.002 0.790 0.150 0.857 0.282 0.371 0.476 0.540 0.441 0.581 0.615 0.599 0.625 0.803
1.249 0.889 0.249 0.459 0.838 0.000 0.702 0.607 0.715 0.895 0.744 0.773 0.503 0.490 0.177 1.005 0.884 0.285 0.875 0.000 2.451 0.460 0.570 1.749 0.548 0.717 0.916 0.325 0.000 1.039 1.469 1.619 1.589 1.749 0.034 0.536 1.526 1.616 1.536 1.576 1.546 1.566 1.486 1.406 1.446 1.545 1.505 1.595 1.535 1.515 1.505 1.585 1.615 1.655 1.774 1.744 1.544 1.574 0.081 1.679 1.589 1.679 1.689 0.000 0.979 0.028 0.788 0.312 0.347 0.351 0.483 0.659 0.663 0.527 0.482 0.728 0.677
0.949 0.919 0.449 0.949 0.689 0.867 0.775 0.127 1.045 0.895 0.905 0.005 0.743 0.552 0.250 0.986 0.515 1.055 0.975 0.565 0.092 2.271 0.971 0.389 1.398 0.627 0.806 0.444 0.551 1.349 1.519 1.519 1.569 1.739 0.103 0.586 1.426 1.486 1.546 1.536 1.596 1.546 1.546 1.546 1.555 1.465 1.485 1.465 1.625 1.595 1.645 1.695 1.725 1.724 1.734 1.564 1.604 0.522 1.299 1.749 1.639 1.639 1.259 0.003 1.558 0.639 0.630 0.294 0.386 0.214 0.562 0.576 0.602 0.585 0.621 0.579 0.578
0.001 0.000 0.001 0.335 0.385 0.323 0.277 0.776 1.175 0.825 0.675 0.715 1.054 0.384 1.153 0.649 0.176 0.945 0.855 0.305 1.224 0.339 1.951 0.000 1.167 0.427 0.975 0.864 0.152 1.489 1.549 1.569 1.559 1.609 0.423 0.457 1.406 1.496 1.486 1.586 1.546 1.586 1.526 1.635 1.395 1.385 1.565 1.525 1.665 1.615 1.645 1.595 1.645 1.554 1.674 1.604 2.004 0.790 1.698 1.818 1.768 1.728 1.938 0.315 2.698 0.820 0.693 0.068 0.214 0.382 0.526 0.591 0.497 0.633 0.712 0.610 0.889
0.933 0.993 0.833 0.813 0.983 0.823 0.253 0.496 0.765 0.745 0.077 0.767 0.445 0.375 0.903 0.489 1.047 0.916 0.585 1.315 1.384 0.000 0.539 0.488 0.637 0.002 0.644 1.544 0.482 1.579 1.809 1.749 1.699 1.649 0.094 0.836 1.516 1.426 1.456 1.466 1.486 1.586 1.625 1.595 1.985 2.005 1.905 1.725 1.655 1.575 1.625 1.615 1.584 1.604 1.614 1.654 0.251 2.008 1.918 1.198 1.358 1.378 1.758 0.517 1.042 0.004 0.653 0.029 0.135 0.449 0.438 0.804 0.623 0.822 0.642 0.572 0.571
0.543 0.973 0.873 1.043 0.853 0.973 1.053 0.000 0.000 0.015 0.381 0.889 0.178 1.009 0.728 0.074 0.777 0.526 1.305 1.325 0.138 0.066 0.017 2.677 0.407 0.086 0.694 0.774 0.413 0.330 1.639 1.819 1.739 1.629 0.236 0.616 1.566 1.646 1.486 1.596 1.516 1.405 1.415 1.605 1.685 1.645 1.785 1.735 1.635 1.525 1.555 1.514 1.614 1.504 1.294 0.072 1.158 2.038 1.918 1.998 1.938 2.087 1.927 0.522 0.249 3.102 0.322 0.000 0.227 0.545 0.725 0.735 0.894 0.735 0.674 0.753 0.583
0.864 1.023 0.963 1.003 0.993 0.883 1.023 0.000 0.000 0.095 0.624 0.493 0.008 1.030 0.649 0.748 0.589 1.075 1.335 0.000 0.136 2.027 1.487 0.657 0.336 0.225 0.484 0.484 0.733 0.181 0.869 1.889 1.759 1.419 0.767 0.397 1.136 1.216 1.405 1.115 1.115 1.245 1.355 1.515 1.795 2.015 2.145 1.755 1.675 1.685 1.654 1.644 1.634 1.554 0.893 0.869 1.967 2.077 2.007 1.827 1.117 1.197 1.777 0.493 0.446 2.672 0.339 0.205 0.523 0.740 0.700 0.860 0.819 0.758 0.598 0.808 0.698
0.404 0.814 1.014 0.723 1.033 1.033 0.903 1.043 0.000 0.656 0.645 0.545 0.814 1.042 0.681 0.810 0.250 0.755 0.181 1.332 1.342 0.198 0.587 0.626 0.536 0.595 0.614 0.594 0.853 1.003 0.522 0.360 1.569 1.579 0.124 0.396 1.375 1.625 1.525 1.255 1.245 1.365 1.025 1.435 1.235 1.605 1.575 1.465 1.614 1.554 1.754 1.754 1.634 1.844 0.071 0.867 1.177 1.937 2.017 1.947 2.027 2.137 1.927 0.875 2.140 0.394 0.359 0.105 0.566 0.705 0.523 0.662 0.722 0.851 0.921 0.861 0.411
0.314 0.904 1.114 1.004 0.964 1.063 0.923 1.043 0.000 0.756 1.066 1.666 0.946 0.526 0.495 1.051 0.000 0.232 2.133 0.562 0.430 0.538 0.477 0.516 0.576 0.605 0.504 0.554 1.503 1.213 0.763 0.311 0.359 1.699 0.263 0.476 1.315 1.655 1.555 1.045 1.435 1.385 1.145 1.165 1.015 1.155 1.375 1.424 1.474 1.144 1.424 1.054 1.544 0.000 1.357 1.347 1.487 1.547 1.617 1.687 1.187 1.197 1.697 1.026 0.470 0.698 0.188 0.126 0.528 0.637 0.646 0.725 1.035 0.815 0.865 0.716 0.454
1.375 0.774 0.824 0.984 0.764 0.964 0.743 0.593 1.672 0.049 0.000 0.872 0.292 0.824 0.814 0.134 0.376 0.043 0.703 0.742 0.529 0.727 0.717 0.676 0.635 0.655 0.414 0.453 0.693 0.963 1.083 0.702 0.000 1.599 0.182 0.506 1.565 1.675 1.575 1.505 1.535 1.475 1.435 1.475 1.145 1.295 1.275 1.214 1.324 1.273 1.703 1.343 0.000 0.637 1.917 0.897 0.827 0.807 1.057 1.087 1.607 1.756 1.946 2.966 0.056 0.016 0.000 0.112 0.636 0.466 0.546 0.796 0.726 0.696 0.796 0.406 1.085
0.955 0.185 0.864 1.164 0.904 1.004 0.573 0.902 0.982 0.870 0.878 0.996 0.756 0.906 0.836 0.846 0.566 0.000 2.173 0.132 0.509 0.507 0.647 0.366 0.545 0.485 0.464 0.673 0.863 0.673 0.913 0.872 0.411 0.328 0.270 0.696 1.565 1.565 1.655 1.565 1.475 1.525 1.625 1.395 1.485 1.105 1.055 1.214 1.373 1.373 1.942 0.932 0.168 1.617 2.037 1.917 2.047 2.036 2.136 2.076 0.966 1.106 2.066 2.446 0.386 0.366 0.000 0.376 0.544 0.723 0.534 0.645 0.665 0.645 0.865 0.356 0.667
0.925 1.245 0.965 0.695 0.665 0.184 0.733 0.333 0.662 0.610 0.898 0.797 0.807 0.916 1.076 0.876 0.656 0.206 1.483 2.593 0.238 0.357 0.596 0.685 0.535 0.644 0.644 0.433 0.443 1.003 0.793 0.662 0.591 0.386 0.698 0.986 1.515 1.605 1.625 1.585 1.335 1.485 1.475 1.435 1.395 1.395 1.565 1.454 1.373 1.222 1.751 1.249 1.117 0.006 0.000 0.000 0.096 1.356 2.046 1.916 1.966 2.026 1.656 1.596 0.506 0.516 0.000 0.000 0.511 0.682 0.532 0.543 0.803 1.333 0.825 0.595 0.847
0.786 1.076 0.986 1.246 0.245 0.205 0.894 0.793 0.812 0.950 1.028 0.977 0.817 0.747 0.897 0.787 0.547 0.557 0.003 0.081 2.237 0.407 0.526 0.335 0.704 0.964 1.034 0.853 0.883 1.003 0.993 1.082 0.832 0.306 0.418 0.976 1.505 1.675 1.825 1.955 1.915 2.105 2.255 2.065 1.765 1.495 1.415 1.424 1.303 0.970 1.328 1.656 1.255 1.824 1.664 1.344 2.204 1.444 0.184 0.000 0.000 1.145 0.000 3.066 0.585 0.075 0.000 0.000 0.544 0.564 0.733 0.477 0.541 0.974 0.524 0.824 0.606
0.826 0.476 1.036 1.136 1.406 1.016 0.675 0.863 0.853 0.201 0.958 0.767 0.937 0.947 0.667 1.117 0.417 0.437 0.118 0.000 2.337 0.027 0.755 0.434 0.834 0.884 0.844 0.653 0.783 0.913 1.103 0.382 0.430 0.456 0.349 0.705 1.405 1.495 1.425 1.405 1.425 1.335 1.375 1.335 1.425 1.445 1.435 1.074 0.000 0.986 1.595 1.455 1.784 1.514 1.094 1.734 1.394 1.664 1.843 1.353 1.913 1.944 0.424 2.936 0.604 0.272 0.000 0.000 0.777 0.528 0.848 0.738 0.523 0.638 0.620 0.784 0.698
0.776 0.786 1.166 0.796 1.106 1.076 1.096 0.065 1.004 0.974 0.000 1.067 0.807 0.967 0.777 0.587 0.838 0.528 1.169 0.000 0.717 0.000 0.725 0.374 0.704 0.944 0.954 0.944 1.013 1.043 1.093 0.672 0.290 0.306 0.368 0.935 1.435 1.405 1.475 1.425 1.355 1.335 1.565 1.375 1.395 1.385 1.365 0.000 0.993 1.574 1.284 1.774 1.474 1.124 1.643 1.183 1.443 1.653 1.093 1.733 1.433 0.000 0.481 0.410 0.590 0.568 0.000 0.000 0.686 0.525 0.735 0.623 1.131 0.591 1.148 0.863 0.533
1.017 0.687 0.897 1.167 0.857 1.507 1.197 0.917 0.000 0.825 0.965 0.001 1.077 0.737 0.328 0.269 0.529 1.029 0.879 0.000 0.000 2.764 0.000 0.554 0.614 0.864 1.094 0.614 0.044 0.093 1.043 0.652 0.390 0.246 0.448 1.125 1.295 1.405 1.435 1.485 1.505 1.395 1.395 1.435 1.405 1.385 0.000 0.753 1.743 1.303 1.663 1.583 1.353 1.523 1.383 1.273 1.413 1.563 1.643 1.523 1.243 0.510 0.388 1.976 0.446 0.655 0.000 0.000 0.592 0.622 0.712 0.612 1.492 0.567 0.702 0.535 0.246
0.387 0.567 0.003 1.117 0.887 1.067 1.447 1.057 1.087 0.077 0.766 1.036 0.000 0.350 0.410 0.380 0.470 0.769 0.139 0.000 0.000 3.344 2.734 2.894 2.374 3.214 3.004 2.834 2.624 0.524 0.000 0.050 0.329 0.257 0.098 1.265 1.285 1.335 1.505 1.475 1.455 1.365 1.435 1.415 1.005 0.000 0.592 1.782 1.513 1.883 1.573 1.543 1.743 1.453 1.103 1.193 1.453 1.883 1.503 1.403 0.369 0.337 1.036 3.126 0.316 0.414 0.000 0.002 0.661 0.528 0.996 0.569 1.384 1.094 0.717 0.518 0.000
0.387 0.497 0.657 1.187 1.057 0.827 1.527 0.897 0.957 1.047 0.727 0.307 1.076 0.244 0.492 0.402 0.451 0.550 0.000 0.000 0.002 0.000 0.000 0.000 0.000 0.000 0.000 0.001 0.022 0.052 2.728 1.018 0.135 0.000 0.403 0.625 0.000 1.225 1.435 1.235 1.405 1.445 1.325 0.385 0.000 0.562 1.822 1.632 1.282 1.812 1.622 1.722 1.532 1.202 1.492 1.352 1.762 1.702 1.603 0.232 0.316 0.265 0.220 0.194 0.462 0.582 0.000 0.003 0.473 0.613 1.243 0.744 0.972 1.177 0.608 0.558 0.000
0.498 1.098 0.897 0.927 1.217 0.977 0.977 1.287 1.427 0.847 1.047 1.047 0.466 0.646 0.464 0.474 0.623 0.000 0.078 0.000 3.089 0.000 0.862 0.712 0.552 0.422 0.322 0.162 0.252 0.332 0.000 0.000 0.931 3.271 0.461 0.000 0.820 0.842 0.000 0.000 0.000 0.324 0.000 0.000 0.592 1.852 1.842 1.502 1.802 1.472 1.842 1.392 1.032 1.152 1.472 1.742 1.582 1.902 0.389 0.363 0.407 0.193 2.197 0.230 0.526 0.396 0.316 0.006 0.005 0.787 1.159 1.509 1.315 0.524 0.749 0.553 0.000
1.069 0.648 0.000 0.000 1.197 1.237 1.077 1.137 0.787 1.487 1.247 0.527 0.526 0.736 0.385 0.534 0.624 0.000 0.088 0.014 0.369 0.045 0.652 0.542 0.692 0.752 0.572 0.462 0.852 0.602 0.731 0.821 0.000 0.012 0.648 2.167 1.917 0.000 2.392 0.432 0.143 1.162 0.390 0.000 0.000 0.000 0.000 2.022 1.962 1.972 2.002 1.772 1.922 1.642 1.572 1.522 1.472 0.494 0.493 0.447 1.968 0.609 0.187 0.649 0.551 0.631 0.000 0.003 0.015 0.730 1.262 1.422 0.729 0.596 0.743 0.001 0.000
0.999 0.389 0.000 0.000 1.228 1.048 0.918 0.768 1.127 0.917 0.697 0.537 0.727 0.336 0.486 0.466 0.002 0.000 0.000 0.226 0.000 0.722 0.412 0.472 0.632 0.552 0.822 1.332 0.572 0.542 0.841 0.381 0.000 0.206 0.005 0.000 0.873 3.123 0.672 0.028 0.207 0.298 1.038 0.222 0.004 0.428 0.258 0.349 2.729 0.199 0.000 0.000 1.552 2.112 1.932 1.272 0.560 0.191 0.411 0.459 0.254 2.325 0.565 0.725 0.605 0.576 0.000 0.000 0.000 0.763 1.396 0.607 0.706 0.791 0.278 0.000 0.000
1.110 0.290 0.000 0.000 1.028 1.138 1.178 1.238 0.778 0.538 0.848 0.478 0.058 0.088 0.003 0.648 0.048 0.000 0.000 0.000 0.000 0.232 0.362 0.362 0.652 0.732 0.582 0.672 0.602 0.611 0.681 0.751 0.000 0.000 0.068 0.479 0.523 0.000 0.002 8.313 2.753 2.463 1.208 2.005 3.067 2.697 3.048 8.328 8.328 0.615 0.664 0.554 0.556 0.286 0.115 0.571 0.289 0.374 0.172 0.313 2.941 1.053 0.622 0.612 0.722 0.571 0.310 0.000 0.000 1.177 1.422 0.452 0.149 0.000 0.000 0.024 0.000
1.071 1.101 0.000 0.000 0.000 0.989 1.109 0.519 0.000 0.000 0.489 1.369 0.999 0.979 1.088 0.918 0.868 1.018 0.188 0.000 1.133 0.483 0.693 0.522 0.342 0.782 0.832 0.632 0.632 0.921 0.561 0.691 0.000 0.915 1.075 1.435 1.365 0.915 0.000 0.000 0.900 1.130 0.581 0.182 0.000 0.000 0.000 0.000 0.002 8.324 8.324 1.003 0.373 0.330 0.456 0.616 0.044 0.421 0.219 0.603 0.073 0.000 0.568 0.558 0.648 0.586 0.175 0.000 0.000 1.039 0.557 0.000 0.000 0.000 0.000 0.000 0.000
0.911 0.971 0.312 0.000 0.161 0.990 1.370 0.930 1.160 1.490 2.000 0.669 0.709 1.029 1.248 0.948 1.028 0.858 0.617 0.000 3.053 0.823 0.273 0.043 0.442 0.602 0.712 0.702 0.611 0.891 0.541 0.571 0.112 0.735 0.995 1.035 1.025 1.185 0.000 0.754 0.865 2.136 0.445 0.431 0.639 0.679 0.289 0.001 0.000 0.000 0.357 3.232 8.322 0.328 0.924 0.501 0.242 0.078 0.173 2.425 0.202 0.075 0.133 1.423 0.369 0.565 0.809 0.000 0.000 1.390 0.421 0.000 0.001 0.000 0.012 0.000 0.000
