includes/lisflood-fp-604/results/res-0012.wdfp
ncols         631
nrows         906
xllcorner     364927.146667
yllcorner     6531972.565556
cellsize      20.000000
NODATA_value  -9999.000000
[rows 612 to 645 of 906, columns 462 to 538 of 631]
0.000 0.000 0.100 0.370 5.370 0.363 0.000 0.000 0.000 0.000 0.000 0.000 0.000 0.000 0.000 0.000 0.000 0.282 0.492 0.000 0.000 0.000 0.000 0.000 0.000 0.000 0.000 0.074 0.004 0.000 0.077 0.001 0.000 0.000 0.081 0.000 0.047 0.027 0.000 5.074 0.000 0.016 0.000 0.074 0.072 0.071 0.070 0.068 0.065 0.062 0.059 0.053 0.046 0.033 0.007 3.619 3.619 3.619 3.618 3.619 3.620 3.619 3.619 3.619 3.619 3.619 3.620 3.619 3.620 3.621 3.621 3.620 3.620 3.621 3.621 3.622 3.622
0.000 0.000 0.000 0.000 0.358 5.355 0.355 0.000 0.000 0.062 0.000 0.000 0.000 0.000 0.000 0.000 0.021 0.000 0.000 0.000 0.001 0.000 0.381 0.000 0.000 0.000 0.000 0.000 0.077 0.077 0.067 0.057 0.000 0.000 0.000 0.077 0.077 0.000 0.043 0.073 0.073 5.072 0.042 0.011 0.070 0.069 0.068 0.066 0.064 0.060 0.056 0.051 0.041 0.016 3.619 3.619 3.619 3.619 3.619 3.620 3.620 3.619 3.620 3.620 3.619 3.620 3.620 3.620 3.621 3.621 3.620 3.620 3.621 3.621 3.621 3.622 3.622
0.000 0.000 0.000 0.000 0.326 5.355 0.355 0.000 0.000 0.000 0.000 0.000 0.000 0.000 0.000 0.000 0.000 0.081 0.000 0.000 0.000 0.000 0.000 0.000 0.000 0.000 0.000 0.067 0.037 0.077 0.077 0.077 0.027 0.017 0.047 0.057 0.026 0.074 0.053 0.073 0.073 0.072 0.051 0.069 0.069 0.068 0.066 0.064 0.062 0.059 0.054 0.048 0.038 0.012 3.620 3.619 3.619 3.620 3.620 3.620 3.619 3.619 3.619 3.619 3.618 3.619 3.619 3.619 3.620 3.620 3.620 3.621 3.621 3.621 3.621 3.621 3.621
0.000 0.000 0.000 0.000 0.000 5.355 5.355 0.000 0.000 0.000 0.001 0.000 0.000 0.000 0.000 0.116 0.000 0.000 0.000 0.146 0.296 0.316 0.316 0.001 0.000 0.000 0.000 0.000 0.017 0.077 0.077 0.077 0.000 0.067 0.037 0.027 0.006 0.074 0.063 0.073 0.073 0.042 0.070 0.069 0.068 0.067 0.065 0.063 0.060 0.057 0.052 0.045 0.035 0.010 3.620 3.619 3.619 3.620 3.620 3.620 3.619 3.618 3.619 3.618 3.618 3.618 3.619 3.619 3.620 3.620 3.620 3.620 3.620 3.620 3.621 3.621 3.621
0.637 0.000 0.000 0.000 0.000 0.355 5.355 0.354 0.000 0.000 0.033 0.000 0.000 0.000 0.000 0.336 0.036 0.226 0.000 0.166 0.226 0.546 0.001 0.000 0.000 0.000 0.000 0.000 0.000 0.037 0.077 0.077 0.077 0.067 0.077 0.000 0.034 0.074 0.073 0.073 0.073 0.071 0.070 0.069 0.067 0.066 0.064 0.061 0.059 0.055 0.050 0.042 0.030 0.006 3.620 3.619 3.620 3.620 3.620 3.620 3.620 3.619 3.620 3.620 3.620 3.620 3.619 3.620 3.620 3.620 3.619 3.619 3.619 3.620 3.621 3.621 3.621
0.647 0.000 0.000 0.000 0.000 0.000 5.355 0.353 0.000 0.022 0.001 0.000 0.000 0.000 0.000 0.276 0.001 0.000 0.000 0.000 0.000 0.000 0.000 0.000 0.000 0.000 0.000 0.000 0.000 0.000 0.077 0.077 0.077 0.077 0.077 0.067 0.000 0.074 0.074 0.073 0.073 0.071 0.070 0.068 0.067 0.065 0.063 0.060 0.057 0.053 0.047 0.038 0.014 3.619 3.619 3.619 3.620 3.619 3.619 3.620 3.620 3.619 3.619 3.619 3.620 3.620 3.619 3.619 3.620 3.620 3.619 3.619 3.619 3.620 3.621 3.620 3.620
0.000 0.000 0.000 0.011 0.000 0.000 0.351 5.346 0.326 0.000 0.022 0.000 0.000 0.000 0.000 0.000 0.000 0.000 0.000 0.022 0.000 0.032 0.002 0.000 0.000 0.000 0.182 0.000 0.000 0.000 0.067 0.077 0.077 0.077 0.077 0.077 0.076 0.075 0.074 0.073 0.073 0.071 0.070 0.068 0.066 0.064 0.062 0.059 0.055 0.051 0.044 0.034 0.010 3.618 3.619 3.618 3.618 3.618 3.619 3.620 3.619 3.619 3.619 3.619 3.619 3.619 3.619 3.620 3.620 3.620 3.619 3.619 3.619 3.619 3.620 3.620 3.620
0.000 0.002 0.000 0.000 0.000 0.371 0.000 5.346 0.245 0.000 0.000 0.082 0.000 0.000 0.000 0.000 0.000 0.000 0.002 0.092 0.092 0.000 0.000 0.000 0.000 0.000 0.000 0.085 0.000 0.000 0.000 0.000 0.077 0.077 0.077 0.077 0.076 0.075 0.074 0.074 0.073 0.071 0.070 0.068 0.066 0.064 0.061 0.057 0.053 0.048 0.041 0.029 0.006 3.619 3.619 3.619 3.618 3.619 3.619 3.620 3.619 3.619 3.620 3.620 3.620 3.620 3.620 3.620 3.620 3.620 3.619 3.619 3.619 3.619 3.619 3.620 3.621
0.000 0.012 0.000 0.000 0.496 0.000 0.000 5.346 0.343 0.021 0.001 0.000 0.000 0.000 0.000 0.041 0.000 0.000 0.000 0.000 0.001 0.000 0.041 0.000 0.000 0.111 0.000 0.004 0.080 0.080 0.000 0.029 0.038 0.077 0.077 0.077 0.076 0.075 0.075 0.074 0.073 0.071 0.070 0.068 0.066 0.063 0.060 0.056 0.051 0.045 0.036 0.013 3.619 3.620 3.620 3.619 3.619 3.618 3.619 3.619 3.619 3.619 3.619 3.619 3.619 3.619 3.619 3.619 3.620 3.620 3.620 3.619 3.619 3.620 3.620 3.620 3.620
0.422 0.000 0.000 0.386 0.006 0.000 0.000 0.339 0.338 0.145 0.000 0.000 0.058 0.000 0.000 0.000 0.041 0.000 0.000 0.071 0.000 0.001 0.000 0.000 0.000 0.000 0.000 0.000 0.020 0.080 0.069 0.079 0.079 0.078 0.077 0.077 0.077 0.076 0.075 0.074 0.073 0.072 0.070 0.068 0.065 0.062 0.059 0.054 0.048 0.041 0.029 0.006 3.621 3.620 3.619 3.618 3.618 3.618 3.618 3.619 3.619 3.619 3.619 3.619 3.619 3.619 3.618 3.619 3.620 3.620 3.620 3.619 3.619 3.619 3.619 3.620 3.620
0.000 0.000 0.036 0.016 0.005 0.002 0.002 0.335 5.330 5.330 0.000 0.000 0.038 0.098 0.003 0.034 0.000 0.000 0.000 0.000 0.002 0.000 0.000 0.061 0.000 0.000 0.000 0.010 0.080 0.080 0.080 5.079 0.079 0.000 0.068 0.077 0.077 0.076 0.075 0.074 0.073 0.072 0.070 0.068 0.065 0.062 0.057 0.052 0.045 0.034 0.009 3.620 3.620 3.619 3.618 3.618 3.618 3.618 3.618 3.619 3.620 3.619 3.619 3.619 3.619 3.619 3.618 3.619 3.619 3.620 3.620 3.619 3.619 3.619 3.619 3.620 3.620
0.061 0.000 0.366 0.000 0.000 0.000 0.000 0.000 5.330 0.328 0.277 0.057 0.077 0.000 0.014 0.000 0.000 0.000 0.001 0.001 0.000 0.073 0.000 0.101 0.000 0.000 0.000 0.000 0.000 0.080 0.080 0.080 0.080 0.079 0.079 0.078 0.077 0.077 0.076 0.074 0.073 0.072 0.070 0.068 0.065 0.061 0.056 0.049 0.040 0.015 3.619 3.619 3.619 3.619 3.620 3.619 3.618 3.618 3.618 3.619 3.618 3.618 3.619 3.619 3.618 3.618 3.618 3.619 3.619 3.619 3.619 3.619 3.619 3.619 3.619 3.620 3.620
0.000 0.106 0.076 0.000 0.000 0.000 0.000 0.000 0.324 0.323 0.172 0.000 0.000 0.002 0.000 0.000 0.000 0.001 0.012 0.000 0.012 0.000 0.002 0.000 0.000 0.031 0.000 0.003 0.020 0.030 0.080 0.080 0.080 0.080 0.079 0.079 5.078 0.077 0.076 0.075 0.073 0.072 0.070 0.068 0.064 0.060 0.054 0.046 0.034 0.007 3.619 3.619 3.619 3.619 3.620 3.619 3.618 3.618 3.619 3.619 3.619 3.618 3.619 3.618 3.618 3.618 3.618 3.619 3.619 3.620 3.619 3.619 3.619 3.619 3.619 3.619 3.620
0.000 0.036 0.000 0.042 0.002 0.022 0.000 0.000 0.239 5.313 0.313 0.040 0.098 0.000 0.000 0.000 0.074 0.001 0.000 0.000 0.032 0.000 0.000 0.032 0.000 0.000 0.000 0.000 0.020 0.080 0.080 0.080 0.080 0.080 0.080 0.079 0.079 0.078 0.076 0.075 0.074 0.072 0.070 0.068 0.064 0.059 0.052 0.042 0.016 3.618 3.618 3.619 3.619 3.618 3.618 3.618 3.619 3.620 3.620 3.619 3.619 3.619 3.619 3.618 3.618 3.618 3.618 3.619 3.620 3.620 3.619 3.619 3.619 3.619 3.619 3.620 3.620
0.000 0.000 0.000 0.000 0.002 0.112 0.000 0.000 0.000 5.313 0.311 0.158 0.138 0.000 0.009 0.000 0.014 0.000 0.000 0.042 0.001 0.000 0.000 0.001 0.000 0.045 0.015 0.000 0.011 0.021 0.081 0.081 0.081 0.081 0.080 0.080 0.080 0.079 0.008 0.075 0.074 0.073 0.070 0.068 0.064 0.059 0.051 0.036 0.008 3.618 3.618 3.619 3.619 3.618 3.619 3.619 3.620 3.619 3.619 3.619 3.619 3.619 3.619 3.618 3.618 3.618 3.618 3.619 3.620 3.620 3.619 3.619 3.619 3.619 3.619 3.619 3.620
0.000 0.054 0.000 0.034 0.000 0.000 0.000 0.000 0.000 0.305 0.304 0.124 0.067 0.067 0.017 0.000 0.001 0.003 0.173 0.012 0.012 0.000 0.000 0.001 0.001 0.004 0.065 0.000 0.000 5.081 0.081 0.081 0.081 0.081 0.081 0.081 0.081 0.080 0.079 0.077 0.075 0.073 0.071 0.068 0.064 0.059 0.048 0.019 3.618 3.618 3.618 3.619 3.619 3.619 3.619 3.619 3.618 3.618 3.619 3.620 3.620 3.620 3.620 3.619 3.619 3.619 3.619 3.620 3.620 3.620 3.619 3.619 3.619 3.619 3.619 3.618 3.619
0.074 0.104 0.074 0.024 0.000 0.000 0.000 0.000 0.069 0.299 5.293 0.234 0.000 0.187 0.000 0.000 0.043 0.043 0.000 0.000 0.020 0.007 0.000 0.000 0.034 0.034 0.000 0.121 0.000 0.022 0.062 0.082 0.082 0.082 0.082 0.082 0.082 0.081 0.080 0.078 0.076 0.074 0.071 0.068 0.064 0.059 0.048 0.016 3.618 3.618 3.619 3.619 3.619 3.619 3.619 3.618 3.618 3.619 3.619 3.620 3.620 3.619 3.620 3.620 3.619 3.619 3.619 3.619 3.620 3.619 3.619 3.619 3.619 3.618 3.619 3.619 3.619
0.154 0.084 0.174 0.014 0.000 0.011 0.000 0.000 0.000 0.027 5.293 5.293 0.290 0.003 0.106 0.000 0.033 0.083 0.001 0.002 0.000 0.003 0.002 0.001 0.013 0.094 0.000 0.000 0.081 0.000 0.000 0.064 0.084 0.084 0.084 0.083 0.083 0.082 0.080 0.079 0.077 0.074 0.072 0.069 0.064 0.059 0.048 0.019 3.619 3.620 3.620 3.620 3.619 3.619 3.619 3.618 3.619 3.619 3.620 3.619 3.619 3.619 3.619 3.619 3.619 3.619 3.618 3.618 3.619 3.619 3.619 3.619 3.619 3.618 3.618 3.618 3.618
0.144 0.000 0.094 0.000 0.141 0.000 0.043 0.123 0.000 0.000 0.293 5.293 0.287 0.281 0.066 0.021 0.001 0.000 0.075 0.024 0.080 0.050 0.012 0.119 0.119 0.000 0.119 0.000 0.000 0.028 0.077 0.087 0.087 0.086 0.086 0.085 0.084 0.083 0.081 0.080 0.078 0.075 0.072 0.069 0.065 0.059 0.051 0.037 0.010 3.620 3.620 3.620 3.620 3.620 3.619 3.619 3.619 3.619 3.619 3.619 3.619 3.619 3.620 3.619 3.619 3.619 3.619 3.618 3.619 3.620 3.619 3.619 3.619 3.619 3.618 3.617 3.618
0.194 0.104 0.002 0.000 0.031 0.000 0.043 0.000 0.001 0.002 0.031 0.287 5.282 0.277 0.250 0.082 0.006 0.146 0.086 0.000 0.035 0.000 0.152 0.000 0.119 5.119 0.109 0.035 0.092 0.027 0.014 0.025 0.089 0.089 0.088 0.087 0.085 0.084 0.082 0.081 0.078 0.076 0.073 0.070 0.065 0.060 0.052 0.043 0.031 0.011 0.002 3.620 3.620 3.620 3.619 3.618 3.618 3.618 3.618 3.619 3.619 3.619 3.619 3.619 3.618 3.618 3.618 3.618 3.619 3.619 3.619 3.619 3.620 3.619 3.618 3.618 3.618
0.000 0.000 0.088 0.000 0.000 0.000 0.013 0.001 0.000 0.000 0.000 0.093 0.278 0.271 5.263 0.249 0.241 0.166 0.000 0.000 0.027 0.159 0.000 0.002 0.119 0.099 0.078 5.114 0.102 5.109 5.109 0.043 0.094 0.092 0.090 0.088 0.087 0.085 0.083 0.081 0.079 0.077 0.074 0.070 0.066 0.060 0.053 0.045 0.035 0.024 0.006 3.620 3.619 3.619 3.619 3.618 3.618 3.618 3.618 3.618 3.618 3.618 3.618 3.619 3.619 3.618 3.618 3.618 3.619 3.619 3.619 3.619 3.619 3.619 3.619 3.619 3.619
0.086 0.000 0.018 0.028 0.000 0.000 0.000 0.000 0.000 0.000 0.001 0.023 0.000 0.266 0.260 5.246 0.238 0.201 0.000 0.099 0.084 0.149 0.056 0.000 0.000 0.121 0.000 0.027 0.007 0.000 0.109 0.105 0.099 0.094 0.092 0.090 0.088 0.086 0.085 0.082 0.080 0.077 0.074 0.071 0.066 0.060 0.054 0.046 0.036 0.025 0.007 3.619 3.619 3.619 3.618 3.618 3.618 3.618 3.618 3.618 3.618 3.619 3.619 3.620 3.620 3.619 3.619 3.619 3.619 3.619 3.619 3.619 3.619 3.618 3.618 3.619 3.619
0.376 0.011 0.118 0.000 0.004 0.017 0.000 0.031 0.000 0.000 0.000 0.000 0.000 0.013 0.065 5.246 0.232 5.212 0.187 0.171 0.164 0.158 0.153 5.149 0.147 0.054 0.121 0.120 0.119 0.116 0.101 0.096 0.101 0.067 0.093 0.091 0.089 0.087 0.086 0.083 0.081 0.078 0.075 0.071 0.066 0.061 0.054 0.046 0.036 0.024 0.005 3.619 3.619 3.618 3.618 3.618 3.618 3.618 3.619 3.619 3.619 3.620 3.619 3.618 3.619 3.618 3.619 3.619 3.619 3.618 3.619 3.619 3.619 3.619 3.619 3.619 3.619
0.011 0.000 0.458 0.127 0.026 0.006 0.007 0.000 0.049 0.057 0.079 0.019 0.000 0.000 0.003 0.000 0.105 0.192 5.181 0.170 0.164 0.157 0.152 0.149 0.054 0.136 0.000 0.042 0.109 0.116 0.112 0.107 0.082 0.097 0.094 0.092 0.090 0.088 0.087 0.084 0.082 0.079 0.076 0.072 0.067 0.061 0.054 0.045 0.034 0.012 3.618 3.618 3.618 3.618 3.618 3.618 3.619 3.619 3.620 3.619 3.619 3.619 3.618 3.618 3.619 3.619 3.619 3.619 3.619 3.618 3.619 3.618 3.619 3.619 3.619 3.619 3.619
0.056 0.000 0.000 0.002 0.003 0.216 0.336 0.032 0.276 0.002 0.077 0.000 0.003 0.000 0.060 0.086 0.090 0.181 0.175 5.164 5.164 0.155 0.149 0.145 0.140 0.096 0.133 0.129 5.122 0.117 0.113 0.107 0.102 0.098 0.095 0.093 0.091 0.089 0.087 0.085 0.083 0.080 0.076 0.072 0.067 0.061 0.053 0.044 0.031 0.006 3.618 3.618 3.619 3.619 3.618 3.619 3.620 3.620 3.620 3.619 3.619 3.619 3.619 3.619 3.619 3.619 3.618 3.619 3.619 3.619 3.619 3.618 3.618 3.619 3.619 3.619 3.619
0.006 0.046 0.003 0.036 0.000 0.000 0.167 0.000 0.000 0.231 0.032 0.016 0.048 0.059 0.062 0.026 0.000 0.176 0.171 0.112 0.156 5.150 0.144 0.141 0.138 0.135 0.133 0.130 0.122 0.118 0.113 0.107 0.102 0.098 0.095 0.094 0.092 0.090 0.088 0.086 0.084 0.081 0.077 0.073 0.067 0.061 0.052 0.041 0.015 3.618 3.619 3.619 3.620 3.619 3.618 3.619 3.620 3.619 3.619 3.619 3.619 3.619 3.619 3.618 3.619 3.619 3.619 3.619 3.619 3.618 3.618 3.618 3.618 3.618 3.618 3.619 3.620
0.012 0.016 0.073 0.000 0.000 0.043 0.060 0.005 0.002 0.013 0.013 0.047 0.063 0.033 0.033 0.143 0.000 0.000 0.162 0.155 0.151 0.145 5.135 5.135 5.135 5.135 5.135 5.135 0.122 0.118 0.114 0.107 0.102 0.098 0.095 0.094 0.093 0.091 0.089 0.087 0.085 0.082 0.078 0.073 0.067 0.060 0.051 0.036 0.008 3.617 3.619 3.619 3.619 3.618 3.618 3.619 3.620 3.619 3.619 3.619 3.618 3.619 3.619 3.619 3.619 3.620 3.620 3.620 3.619 3.618 3.618 3.618 3.618 3.618 3.618 3.618 3.619
0.019 0.112 0.006 0.010 0.029 0.033 0.000 0.052 0.005 0.182 0.000 0.000 0.154 0.154 0.054 0.023 0.121 0.071 0.029 0.148 0.135 0.141 0.136 0.135 0.134 0.133 0.131 0.128 5.118 5.118 5.118 0.105 0.100 0.097 0.095 0.094 0.093 0.092 0.090 0.088 0.086 0.083 0.079 0.074 0.067 0.060 0.049 0.019 3.617 3.617 3.619 3.619 3.618 3.619 3.619 3.619 3.620 3.619 3.619 3.619 3.618 3.619 3.619 3.619 3.620 3.620 3.620 3.620 3.619 3.618 3.618 3.618 3.618 3.617 3.618 3.618 3.619
0.063 0.027 0.029 0.052 0.029 0.003 0.043 0.005 0.000 0.027 0.154 0.134 0.154 0.033 0.089 0.147 0.061 0.139 0.119 0.080 0.140 0.138 0.136 0.134 0.134 0.133 0.108 0.125 0.120 0.118 0.113 5.095 5.095 5.095 0.095 0.095 0.094 0.093 0.092 0.090 0.087 0.084 0.080 0.074 0.067 0.060 0.048 0.018 3.617 3.617 3.619 3.619 3.618 3.619 3.619 3.618 3.618 3.619 3.618 3.618 3.618 3.619 3.619 3.618 3.618 3.619 3.619 3.620 3.619 3.619 3.618 3.618 3.618 3.618 3.618 3.619 3.618
0.000 0.005 0.005 0.006 0.059 0.013 0.005 0.070 0.034 0.013 0.154 0.154 0.153 0.142 0.109 0.000 0.047 0.067 0.137 0.137 0.107 0.136 0.135 0.134 0.103 0.049 0.104 0.103 0.110 0.118 0.112 5.095 5.095 5.095 5.095 5.095 5.095 0.094 0.093 0.091 0.089 0.086 0.081 0.074 0.067 0.059 0.048 0.028 0.004 3.618 3.619 3.618 3.618 3.618 3.617 3.617 3.619 3.619 3.618 3.618 3.619 3.619 3.618 3.618 3.618 3.619 3.620 3.620 3.619 3.619 3.618 3.618 3.618 3.618 3.618 3.618 3.618
0.097 0.021 0.009 0.002 0.001 0.453 0.000 0.016 0.012 0.023 0.154 0.154 0.053 0.019 0.094 0.003 0.085 0.135 0.135 0.135 0.005 0.134 0.133 0.062 0.129 0.067 0.122 5.121 5.121 5.121 0.113 0.103 0.099 0.097 0.095 5.095 5.095 5.095 5.095 0.093 0.091 0.088 0.081 0.074 0.067 0.059 0.047 0.018 3.622 3.620 3.619 3.618 3.618 3.618 3.618 3.618 3.619 3.619 3.618 3.618 3.618 3.618 3.618 3.617 3.618 3.618 3.619 3.619 3.618 3.618 3.618 3.619 3.619 3.618 3.618 3.618 3.618
0.000 0.000 0.006 0.053 0.173 0.000 0.040 0.020 0.046 0.000 0.000 0.000 0.028 0.138 0.138 0.137 0.135 0.135 0.134 0.134 0.133 0.132 0.121 0.129 0.128 0.127 5.121 5.121 0.120 0.119 0.113 0.106 0.100 0.097 0.096 0.095 0.095 0.095 5.095 5.095 5.095 0.091 0.082 0.074 0.067 0.058 0.046 0.027 0.004 3.619 3.618 3.618 3.618 3.618 3.617 3.618 3.618 3.618 3.618 3.618 3.618 3.618 3.617 3.618 3.617 3.617 3.618 3.619 3.618 3.618 3.618 3.618 3.618 3.618 3.618 3.619 3.618
0.000 0.000 0.005 0.463 0.042 0.005 0.123 0.051 0.000 0.000 0.000 0.000 0.001 0.027 0.057 0.000 0.114 0.134 0.113 0.133 0.132 0.132 0.131 5.128 5.128 5.128 0.123 0.121 0.120 0.119 0.105 0.058 0.100 0.097 0.096 0.095 0.094 0.094 0.094 0.094 5.095 5.095 0.082 0.074 0.066 0.056 0.044 0.015 3.618 3.618 3.618 3.618 3.619 3.618 3.618 3.618 3.618 3.618 3.619 3.619 3.618 3.618 3.618 3.618 3.618 3.617 3.618 3.618 3.618 3.619 3.618 3.617 3.618 3.618 3.618 3.618 3.618
0.000 0.000 0.468 0.045 0.130 0.023 0.032 0.000 0.000 0.001 0.064 0.002 0.000 0.055 5.134 0.134 0.133 0.133 0.133 0.132 0.132 0.131 0.131 0.130 0.000 0.125 0.123 0.122 0.120 0.119 0.085 0.110 0.102 0.097 0.095 0.094 0.093 0.092 0.092 0.091 0.090 0.087 5.080 0.072 0.063 0.053 0.040 0.013 3.618 3.618 3.618 3.619 3.619 3.618 3.618 3.619 3.619 3.619 3.619 3.618 3.618 3.618 3.618 3.617 3.617 3.617 3.618 3.618 3.618 3.618 3.618 3.618 3.618 3.618 3.617 3.618 3.618
