includes/lisflood-fp-604/results/res-0012.wdfp
ncols         631
nrows         906
xllcorner     364927.146667
yllcorner     6531972.565556
cellsize      20.000000
NODATA_value  -9999.000000
[rows 510 to 543 of 906, columns 462 to 538 of 631]
0.000 0.000 0.088 1.068 0.738 1.038 0.668 0.358 1.158 1.038 1.158 1.138 1.148 1.198 1.178 1.268 1.178 0.408 0.878 0.728 0.968 0.738 0.000 1.148 0.848 0.000 1.348 1.288 1.198 0.838 0.368 0.718 0.238 1.028 1.158 0.000 0.000 0.000 0.000 0.000 0.000 0.000 0.000 0.000 0.031 0.000 0.000 0.000 0.000 0.011 0.000 0.000 0.000 0.000 0.000 0.000 3.631 3.631 3.631 3.630 3.630 3.630 3.630 3.629 3.629 3.629 3.629 3.629 3.628 3.628 3.628 3.628 3.628 3.628 3.628 3.628 3.628
0.000 0.000 0.000 1.378 1.018 1.328 1.418 0.938 0.928 0.488 0.000 0.798 1.278 1.058 1.218 0.258 0.468 0.948 0.338 1.298 0.798 0.918 0.898 1.008 0.988 1.238 0.000 1.358 0.908 0.218 0.608 0.408 0.318 0.598 0.918 0.000 0.000 0.000 0.000 0.000 0.031 0.000 0.000 0.000 0.000 0.041 0.000 0.161 0.000 0.000 0.000 0.051 0.000 0.000 0.031 0.000 3.631 3.631 3.631 3.631 3.630 3.630 3.630 3.630 3.629 3.629 3.629 3.629 3.629 3.629 3.628 3.628 3.628 3.628 3.628 3.628 3.628
1.128 0.048 0.448 0.728 0.938 0.438 0.628 0.628 0.488 0.318 0.828 0.988 1.278 1.198 0.548 0.448 0.558 0.648 0.898 0.338 0.658 0.918 1.138 1.028 1.548 1.058 1.268 0.978 0.958 1.048 0.000 0.428 0.968 0.858 0.688 0.000 0.000 0.000 0.111 0.000 0.000 0.000 0.000 0.000 0.000 0.000 0.071 0.000 0.000 0.000 0.000 0.000 0.082 0.000 0.000 0.000 3.631 3.631 3.631 3.631 3.630 3.630 3.630 3.630 3.630 3.629 3.629 3.629 3.629 3.629 3.629 3.629 3.629 3.628 3.628 3.628 3.628
0.428 0.178 0.258 0.688 0.318 0.768 0.368 0.188 0.018 0.938 0.488 1.138 0.988 0.508 0.838 0.798 0.848 0.848 0.988 1.018 0.718 0.698 0.908 1.198 0.728 0.738 1.088 0.088 1.818 0.898 1.138 0.000 0.118 0.638 0.188 0.000 0.000 0.011 0.000 0.000 0.181 0.000 0.022 0.000 0.000 0.000 0.000 0.001 0.000 0.001 0.000 0.001 0.000 0.000 3.632 3.632 3.631 3.631 3.631 3.631 3.631 3.630 3.630 3.630 3.630 3.630 3.629 3.629 3.629 3.629 3.629 3.629 3.629 3.629 3.629 3.629 3.629
1.218 1.328 0.878 0.848 1.428 0.698 0.488 0.688 0.628 1.068 0.438 0.848 0.858 0.778 0.588 0.568 0.728 0.688 1.608 0.998 1.048 0.898 0.648 0.958 1.018 0.000 1.258 0.948 0.000 1.028 0.988 0.568 0.608 0.708 0.000 0.000 0.000 0.000 0.000 0.000 0.000 0.000 0.000 0.003 0.000 0.065 0.000 0.000 0.000 0.001 0.000 0.000 0.000 0.000 0.000 3.632 0.000 3.631 3.631 3.631 3.631 3.631 3.630 3.630 3.630 3.630 3.630 3.629 3.629 3.629 3.629 3.629 3.629 3.629 3.629 3.629 3.629
1.148 1.238 0.998 0.858 0.458 0.818 1.358 0.888 0.678 1.178 0.268 0.738 0.788 0.448 0.408 0.518 1.068 1.228 0.618 1.338 0.998 0.298 0.848 0.818 0.938 0.868 0.188 1.168 1.058 0.000 1.258 1.148 0.178 0.298 0.000 1.171 0.000 0.000 0.011 0.000 0.031 0.000 0.000 0.053 0.002 0.005 0.035 0.000 0.000 0.000 0.023 5.083 0.000 5.041 0.000 3.632 3.632 3.632 3.631 3.631 3.631 3.631 3.631 3.630 3.630 3.630 3.630 3.630 3.630 3.629 3.629 3.629 3.629 3.629 3.629 3.629 3.629
1.148 1.278 1.088 0.818 0.558 0.558 0.528 0.838 0.658 0.368 0.000 0.798 1.218 0.000 0.338 1.458 1.148 0.788 0.728 0.898 0.978 0.908 0.188 0.638 0.888 0.508 0.638 0.738 1.278 1.118 0.648 1.208 1.068 0.218 0.000 0.000 0.000 0.111 0.000 0.002 0.000 5.601 0.000 0.173 0.000 0.095 5.515 0.002 0.001 0.000 0.000 5.083 0.001 0.000 0.000 3.632 3.632 3.632 3.632 3.631 3.631 3.631 3.631 3.631 3.630 3.630 3.630 3.630 3.630 3.630 3.629 3.629 3.629 3.629 3.629 3.629 3.629
1.248 0.948 1.188 1.008 0.628 0.548 0.698 1.388 0.288 0.848 0.000 0.728 1.078 0.000 0.288 0.678 0.668 1.258 1.278 0.718 0.658 0.978 0.878 0.538 0.598 0.698 0.648 0.208 1.178 1.148 0.388 1.198 1.108 0.568 1.278 0.000 0.000 0.041 0.000 0.000 0.000 5.601 0.000 0.000 0.000 0.045 0.000 0.000 0.000 5.176 0.000 0.000 0.000 3.633 0.000 3.632 3.632 3.632 3.632 3.632 3.631 3.631 3.631 3.631 3.631 3.630 3.630 3.630 3.630 3.630 3.630 3.630 3.629 3.629 3.629 3.629 3.629
1.308 1.318 1.398 1.248 0.628 0.568 0.728 0.618 0.528 0.518 0.000 0.748 1.058 0.138 1.458 0.638 1.038 0.888 1.058 1.138 0.628 1.638 1.028 1.048 0.948 0.778 0.868 0.948 0.148 1.178 0.838 0.158 1.618 0.009 1.158 0.000 0.101 0.000 0.000 5.544 0.044 0.000 0.000 0.061 0.000 0.000 0.000 0.000 0.000 0.005 0.000 0.000 0.000 3.633 3.633 3.632 3.632 3.632 3.632 3.632 3.632 3.631 3.631 3.631 3.631 3.631 3.630 3.630 3.630 3.630 3.630 3.630 3.630 3.630 3.629 3.629 3.629
1.228 1.258 1.138 1.128 0.588 0.588 0.678 0.678 0.918 0.978 0.138 0.738 1.028 0.038 0.718 0.708 0.628 0.708 0.898 0.608 0.918 0.448 0.838 0.768 0.278 0.708 0.868 0.228 0.778 0.000 0.818 0.348 1.898 0.000 1.498 0.000 0.000 0.081 0.000 0.054 0.054 0.000 0.000 0.000 0.000 0.000 0.000 0.001 0.000 0.003 0.002 0.005 0.000 0.000 3.633 3.633 3.632 3.632 3.632 3.632 3.632 3.631 3.631 3.631 3.631 3.631 3.630 3.630 3.630 3.630 3.630 3.630 3.630 3.630 3.630 3.630 3.629
1.158 1.198 1.078 0.248 0.758 0.618 0.688 0.828 1.118 0.678 1.248 0.838 1.058 0.278 0.188 1.398 0.768 0.538 0.848 0.878 1.048 0.798 0.828 1.048 0.938 0.568 0.888 0.338 0.248 0.268 0.668 0.508 0.408 0.000 0.528 0.000 0.111 0.000 0.000 0.014 0.064 0.064 0.000 0.000 0.001 0.000 0.000 0.001 0.061 0.000 0.000 0.000 3.634 3.633 3.633 3.633 3.633 3.632 3.632 3.632 3.632 3.632 3.631 3.631 3.631 3.631 3.631 3.630 3.630 3.630 3.630 3.630 3.630 3.630 3.630 3.630 3.630
1.088 1.148 1.348 0.208 0.688 0.788 0.898 0.868 1.098 0.968 0.778 1.178 1.158 0.488 0.168 0.968 1.448 0.738 0.628 1.008 0.808 0.508 0.858 1.478 0.758 0.998 0.718 0.768 0.328 0.718 0.588 0.558 0.338 0.000 0.878 0.000 0.000 0.091 0.000 0.000 0.000 0.001 0.000 0.032 0.000 0.000 0.000 0.022 0.000 0.000 0.000 0.000 0.000 0.000 3.633 3.633 3.633 3.633 3.632 3.632 3.632 3.632 3.632 3.631 3.631 3.631 3.631 3.631 3.630 3.630 3.630 3.630 3.630 3.630 3.630 3.630 3.630
0.408 1.068 1.368 0.528 0.698 0.738 0.798 1.078 1.018 0.698 0.498 0.718 1.118 0.668 0.218 0.558 1.488 0.628 0.888 0.858 1.188 0.788 1.108 0.618 0.458 0.598 0.778 0.738 0.508 0.788 0.598 1.178 0.488 1.198 1.158 0.000 0.001 0.051 0.000 0.054 0.000 0.002 0.002 0.000 0.001 0.000 0.000 0.001 0.043 0.001 0.000 0.000 3.633 3.633 3.633 3.633 3.633 3.633 3.632 3.632 3.632 3.632 3.632 3.631 3.631 3.631 3.631 3.631 3.631 3.630 3.630 3.630 3.630 3.630 3.630 3.630 3.630
0.838 0.378 0.538 0.598 0.838 0.798 0.818 1.018 1.068 0.728 0.958 0.678 1.038 1.018 0.418 0.938 0.758 1.588 0.748 0.778 1.438 0.728 1.458 0.718 0.748 0.168 0.788 0.368 0.978 0.308 0.518 0.578 0.000 1.338 0.288 0.000 0.000 0.000 0.000 0.004 0.004 0.000 0.001 0.014 0.002 0.134 0.000 0.000 0.000 0.000 0.001 0.000 0.000 0.000 3.633 3.633 3.633 3.633 3.632 3.632 3.632 3.632 3.632 3.632 3.631 3.631 3.631 3.631 3.631 3.630 3.630 3.630 3.630 3.630 3.630 3.630 3.630
0.178 0.198 0.348 0.478 1.248 1.348 1.148 1.348 0.418 0.978 0.368 0.318 1.188 1.048 0.998 0.998 1.178 0.968 1.318 0.828 0.648 1.028 0.798 0.838 1.208 0.798 0.848 1.708 0.298 0.548 0.768 0.698 0.000 0.908 0.988 0.000 0.000 0.000 0.000 0.000 0.013 0.002 0.001 0.000 0.014 0.084 0.000 0.000 0.002 0.056 0.002 5.018 0.000 3.633 3.633 3.633 3.633 3.633 3.633 3.632 3.632 3.632 3.632 3.632 3.631 3.631 3.631 3.631 3.631 3.630 3.630 3.630 3.630 3.630 3.630 3.630 3.630
1.638 1.388 0.958 1.058 1.158 0.888 0.748 1.048 0.788 1.028 0.348 0.188 0.778 0.758 0.009 1.308 0.838 0.678 1.638 1.238 0.818 0.918 1.038 0.688 1.268 1.378 1.098 1.718 1.418 0.528 0.828 0.000 0.000 1.208 0.968 0.000 0.000 0.031 0.000 0.000 0.000 0.000 0.093 0.000 0.104 0.002 0.003 0.008 0.055 0.000 0.000 0.006 5.016 0.000 3.633 3.633 3.633 3.633 3.633 3.632 3.632 3.632 3.632 3.632 3.631 3.631 3.631 3.631 3.631 3.630 3.630 3.630 3.630 3.630 3.630 3.630 3.630
0.048 1.488 0.188 0.000 0.378 1.648 0.648 0.578 0.598 0.808 0.848 0.118 0.005 0.000 0.038 0.618 0.598 0.498 0.708 1.468 0.748 0.868 0.958 0.968 1.108 1.168 0.628 0.548 0.808 0.688 0.528 0.000 0.000 1.098 1.098 0.000 0.051 0.000 0.002 0.022 0.000 0.000 0.013 0.063 0.000 0.002 0.035 0.000 0.003 0.000 0.000 0.001 0.000 0.000 3.633 3.633 3.633 3.633 3.633 3.633 3.632 3.632 3.632 3.632 3.631 3.631 3.631 3.631 3.631 3.630 3.630 3.630 3.630 3.630 3.630 3.630 3.630
0.078 0.208 0.088 0.428 0.558 0.058 0.818 0.658 0.668 0.818 0.338 0.000 0.000 0.348 0.718 0.828 0.558 0.698 1.368 0.418 1.438 0.858 0.798 0.978 0.758 0.798 0.748 0.808 0.558 0.508 0.718 0.658 0.988 1.128 1.148 0.000 0.000 0.000 0.000 0.000 0.000 0.031 0.000 0.000 0.122 0.001 0.000 0.000 0.006 0.000 0.000 3.633 0.000 3.633 3.633 3.633 3.633 3.633 3.633 3.633 3.632 3.632 3.632 3.632 3.632 3.631 3.631 3.631 3.631 3.631 3.630 3.630 3.630 3.630 3.630 3.630 3.630
0.348 0.868 0.000 0.748 0.578 0.238 1.588 1.088 1.388 0.000 0.418 0.547 0.057 1.487 1.127 0.728 1.068 0.628 0.928 1.078 0.638 1.358 0.878 0.878 0.978 0.718 1.348 1.148 0.908 0.118 0.000 0.598 0.988 0.588 1.238 0.000 0.000 0.000 0.041 0.000 0.000 0.000 0.000 0.000 0.000 0.000 0.000 0.000 0.003 0.002 0.001 3.633 3.633 3.633 0.000 3.633 3.633 3.633 3.633 3.633 3.632 3.632 3.632 3.632 3.632 3.631 3.631 3.631 3.631 3.631 3.630 3.630 3.630 3.630 3.630 3.630 3.630
0.068 0.068 0.708 0.858 0.358 1.218 0.000 0.268 0.368 0.737 0.867 0.877 0.637 1.577 0.327 1.258 0.648 1.478 0.728 0.858 0.648 1.518 0.818 0.838 1.048 0.548 0.968 0.938 1.168 0.978 0.038 0.000 0.398 0.948 0.838 0.000 0.000 0.000 0.000 0.151 0.000 0.000 0.041 0.000 0.061 0.000 0.000 0.000 0.000 0.000 0.000 0.000 0.000 3.633 3.633 3.633 3.633 3.633 3.633 3.633 3.633 3.632 3.632 3.632 3.632 3.631 3.631 3.631 3.631 3.631 3.630 3.630 3.630 3.630 3.630 3.630 3.630
0.838 0.828 0.868 0.918 0.018 0.000 1.027 1.167 0.000 1.487 1.267 0.587 1.357 0.757 0.787 0.537 1.227 0.597 1.307 0.817 0.757 0.528 1.308 0.818 0.818 0.158 0.518 1.148 1.048 0.828 0.098 0.000 0.818 1.118 0.000 0.000 0.000 0.101 0.000 0.000 0.000 0.000 0.000 0.000 0.000 0.000 0.000 0.031 0.000 0.000 0.000 3.633 3.633 3.633 3.633 3.633 3.633 3.633 3.633 3.633 3.633 3.632 3.632 3.632 3.632 3.631 3.631 3.631 3.631 3.631 3.630 3.630 3.630 3.630 3.630 3.630 3.630
0.848 0.838 0.738 0.208 1.347 0.227 1.207 1.067 1.287 0.000 1.467 1.307 0.267 1.117 1.037 1.207 0.647 0.617 0.887 1.017 0.977 0.617 0.767 1.247 1.087 0.657 0.708 1.088 0.738 0.548 1.178 0.000 0.378 0.608 0.000 0.000 0.000 0.000 0.000 0.111 0.000 0.001 0.000 0.032 0.000 0.004 0.133 0.000 0.002 0.002 0.000 0.000 0.000 3.633 3.633 3.633 3.633 3.633 3.633 3.633 3.633 3.632 3.632 3.632 3.632 3.631 3.631 3.631 3.631 3.631 3.630 3.630 3.630 3.630 3.630 3.630 3.630
0.248 0.878 0.978 0.001 0.000 0.497 0.557 0.597 1.377 1.407 0.000 1.167 1.347 0.407 1.107 0.967 1.257 0.767 0.687 0.667 0.507 0.847 1.207 0.397 1.067 0.647 0.577 0.668 0.558 0.398 0.518 0.808 0.788 0.908 0.000 0.000 0.000 0.022 0.122 0.000 0.000 0.000 0.000 0.000 0.000 0.000 0.053 0.000 0.000 0.000 0.000 3.632 3.632 3.633 3.633 3.633 3.633 3.633 3.633 3.633 3.633 3.632 3.632 3.632 3.632 3.631 3.631 3.631 3.631 3.631 3.630 3.630 3.630 3.630 3.630 3.630 3.630
1.038 0.128 0.107 1.456 0.000 0.746 0.666 0.576 0.000 1.547 1.377 0.447 1.487 1.367 0.587 1.517 1.027 0.667 0.717 1.007 0.747 1.387 0.817 1.197 0.847 0.577 0.857 0.407 0.507 0.618 0.368 0.588 0.918 0.528 0.000 0.000 0.000 0.002 0.000 0.000 0.022 0.052 0.000 0.000 0.033 0.000 0.002 0.000 0.000 0.000 3.632 3.632 0.000 3.633 3.633 3.633 3.633 3.633 3.633 3.633 3.632 3.632 3.632 3.632 3.631 3.631 3.631 3.631 3.631 3.631 3.630 3.630 3.630 3.630 3.630 3.630 3.630
0.477 0.207 0.067 0.406 0.000 0.216 0.956 0.696 0.586 0.017 1.267 1.417 0.087 1.427 1.397 0.777 1.387 1.347 1.407 0.487 0.907 0.577 1.337 0.457 1.227 0.897 0.577 0.887 0.447 0.247 0.003 0.768 0.818 0.078 0.000 0.000 0.000 0.000 0.000 0.013 0.000 0.042 0.000 0.000 0.033 0.000 0.000 0.056 0.003 0.001 3.632 0.000 0.000 3.633 3.633 3.633 3.633 3.633 3.633 3.633 3.632 3.632 3.632 3.632 3.632 3.631 3.631 3.631 3.631 3.631 3.630 3.630 3.630 3.630 3.630 3.630 3.630
0.587 1.057 1.097 0.776 1.526 0.856 0.576 0.766 0.846 0.696 0.047 1.557 1.397 0.377 1.307 1.427 1.377 0.167 1.357 1.427 0.497 0.927 0.897 1.477 0.587 1.147 0.577 0.427 0.587 0.337 0.000 0.988 0.958 1.058 0.478 0.000 0.000 0.000 0.000 0.103 0.083 0.001 0.001 0.000 0.002 0.085 0.165 0.002 0.000 5.032 0.000 0.000 3.633 3.633 3.633 3.633 3.633 3.633 3.633 3.633 3.632 3.632 3.632 3.632 3.632 3.631 3.631 3.631 3.631 3.631 3.631 3.630 3.630 3.630 3.630 3.630 3.630
0.677 1.957 0.627 0.000 1.296 0.836 1.216 0.526 0.936 0.796 0.776 0.157 1.457 1.177 0.527 0.677 1.107 1.307 0.187 1.327 1.387 0.947 0.887 1.497 1.487 1.437 0.867 0.717 0.417 0.427 0.000 0.528 0.000 0.518 0.308 0.000 0.000 0.000 0.000 0.073 0.000 0.000 0.002 0.002 0.002 0.000 0.000 0.000 0.051 0.000 5.031 0.000 3.633 3.633 3.633 3.633 3.633 3.633 3.633 3.633 3.632 3.632 3.632 3.632 3.632 3.631 3.631 3.631 3.631 3.631 3.631 3.630 3.630 3.630 3.630 3.630 3.630
0.245 0.000 0.000 0.002 1.136 0.856 1.175 1.125 0.000 0.896 0.906 0.716 0.177 1.307 1.047 0.227 1.127 0.737 1.167 0.897 1.437 0.967 1.007 0.727 1.317 1.037 1.357 0.000 0.537 0.397 0.000 0.678 0.678 0.908 0.688 0.000 0.000 0.101 0.000 0.000 0.051 0.000 0.000 0.092 0.000 0.000 0.000 0.000 0.000 0.051 0.000 0.002 3.633 3.633 3.633 3.633 3.633 3.633 3.633 3.633 3.633 3.632 3.632 3.632 3.632 3.631 3.631 3.631 3.631 3.631 3.631 3.631 3.630 3.630 3.630 3.630 3.630
0.714 1.654 0.424 0.065 1.286 0.615 1.105 1.155 1.115 0.000 0.956 0.896 0.986 0.226 0.126 1.095 0.017 1.177 1.207 0.107 1.287 1.427 0.557 0.937 0.527 1.537 0.537 0.957 0.877 0.000 0.767 0.108 0.758 0.598 0.348 0.000 0.000 0.000 0.000 0.000 0.000 0.000 0.000 0.000 0.000 0.000 0.002 0.011 0.009 0.011 0.019 0.011 0.000 0.000 3.633 3.633 3.633 3.633 3.633 3.633 3.633 3.632 3.632 3.632 3.632 3.631 3.631 3.631 3.631 3.631 3.631 3.631 3.631 3.630 3.630 3.630 3.630
0.684 0.864 1.894 1.034 0.175 1.025 0.000 1.165 1.255 1.055 0.000 0.886 0.916 0.026 1.445 1.385 1.505 0.000 1.346 1.246 0.000 1.347 1.107 0.217 0.747 0.917 0.477 1.397 0.047 0.027 0.277 0.557 0.658 0.767 0.447 0.397 0.000 0.000 0.000 0.000 0.000 0.033 0.033 0.000 0.000 0.058 0.004 0.003 0.067 0.000 0.000 0.016 0.001 3.633 3.633 3.633 3.633 3.633 3.633 3.633 3.633 3.632 3.632 3.632 3.632 3.631 3.631 3.631 3.631 3.631 3.631 3.631 3.631 3.631 3.631 3.631 3.630
0.604 0.254 1.034 1.864 0.774 0.415 0.835 0.305 0.945 1.205 1.215 0.002 0.806 0.000 0.195 1.415 1.265 1.445 0.000 1.216 1.256 0.316 1.246 1.466 0.357 0.927 0.247 0.267 0.227 0.000 0.317 0.507 0.357 0.607 0.727 0.307 0.000 0.000 0.000 0.000 0.000 0.063 0.000 0.029 0.000 0.004 0.005 0.019 0.012 0.009 5.032 5.032 5.032 0.004 0.000 3.633 3.633 3.633 3.633 3.633 3.633 3.632 3.632 3.632 3.632 3.632 3.631 3.631 3.631 3.631 3.631 3.631 3.631 3.631 3.631 3.631 3.631
0.554 0.674 0.894 0.284 1.904 0.844 0.002 0.345 0.795 1.225 1.265 1.244 0.000 0.425 1.295 0.006 1.365 0.975 1.605 1.376 0.926 1.416 0.666 1.216 0.336 0.207 0.327 0.547 0.207 0.000 0.647 0.617 0.577 0.397 0.307 0.297 0.000 0.000 0.000 0.000 0.032 0.002 0.000 0.039 0.028 0.008 0.006 0.030 0.057 0.008 0.002 0.007 0.008 3.634 3.634 3.634 3.633 3.633 3.633 3.633 3.633 3.633 3.632 3.632 3.632 3.632 3.631 3.631 3.631 3.631 3.631 3.631 3.631 3.631 3.631 3.631 3.631
0.744 0.844 0.704 0.744 0.000 2.064 0.015 0.305 0.000 0.895 0.804 1.364 1.264 0.335 1.135 1.035 1.615 1.325 1.265 0.000 1.376 0.916 1.016 1.176 1.326 0.276 0.277 0.947 0.697 0.000 0.607 0.417 0.567 0.627 0.317 0.000 0.000 0.000 0.000 0.000 0.000 0.022 0.100 0.090 0.000 0.000 0.000 0.026 0.000 0.008 0.004 0.043 5.045 0.000 3.634 3.634 3.634 3.633 3.633 3.633 3.633 3.633 3.632 3.632 3.632 3.632 3.632 3.631 3.631 3.631 3.631 3.631 3.631 3.631 3.631 3.631 3.631
0.424 0.484 0.594 0.644 0.724 0.000 1.905 2.225 1.745 0.000 0.834 1.084 1.094 1.144 0.000 1.165 0.295 1.505 1.205 1.295 0.000 1.186 1.386 0.616 1.036 1.276 0.336 1.117 0.737 0.977 0.447 0.467 0.357 0.000 0.000 0.217 0.217 0.000 0.000 0.052 0.082 0.007 0.005 0.005 0.120 0.023 0.071 0.024 0.061 0.011 0.039 0.031 0.015 3.634 3.634 3.634 3.634 3.634 3.633 3.633 3.633 3.633 3.632 3.632 3.632 3.632 3.632 3.631 3.631 3.631 3.631 3.631 3.631 3.631 3.631 3.631 3.631
