includes/lisflood-fp-604/results/res-0010.wd
ncols         631
nrows         906
xllcorner     364927.146667
yllcorner     6531972.565556
cellsize      20.000000
NODATA_value  -9999.000000
[rows 374 to 407 of 906, columns 462 to 538 of 631]
0.043 0.113 0.000 0.000 0.000 0.000 0.071 0.000 0.002 0.000 0.013 0.000 0.025 0.022 0.038 0.012 0.017 0.022 0.011 0.038 0.038 0.006 0.000 0.000 0.000 0.004 0.007 0.000 0.021 0.000 0.051 0.000 0.000 0.000 0.000 0.000 0.000 0.000 0.000 0.000 0.000 0.000 0.000 0.000 0.000 0.043 0.042 0.042 0.041 0.038 0.035 0.029 0.009 2.843 2.843 2.844 2.844 2.844 2.844 2.844 2.844 2.844 2.844 2.844 2.844 2.844 2.844 2.844 2.844 2.844 2.844 2.843 2.843 2.842 2.842 2.842 2.842
0.002 0.001 0.071 0.000 0.000 0.000 0.004 0.000 0.045 0.003 0.000 0.000 0.068 0.000 0.017 0.000 0.000 0.000 0.011 0.000 0.030 0.010 0.121 0.251 0.071 0.007 0.000 0.000 0.000 0.001 0.000 0.000 0.000 0.000 0.000 0.000 0.000 0.000 0.000 0.000 0.000 0.000 0.000 0.000 0.000 0.026 0.015 0.043 0.042 0.039 0.036 0.032 0.023 0.004 2.843 2.844 2.844 2.845 2.845 2.845 2.844 2.844 2.844 2.844 2.844 2.843 2.844 2.844 2.844 2.843 2.843 2.842 2.842 2.841 2.841 2.841 2.842
0.000 0.000 0.000 0.000 0.000 0.042 0.001 0.000 0.000 0.084 0.114 0.000 0.011 0.068 0.011 0.000 0.000 0.000 0.000 0.009 0.011 0.186 0.014 0.000 0.001 0.000 0.000 0.000 0.000 0.000 0.000 0.000 0.000 0.000 0.000 0.000 0.000 0.000 0.000 0.051 0.000 0.021 0.000 5.049 0.049 0.048 0.047 0.045 0.043 0.041 0.038 0.034 0.027 0.008 2.844 2.844 2.844 2.845 2.845 2.845 2.844 2.844 2.844 2.844 2.844 2.843 2.843 2.843 2.843 2.843 2.843 2.842 2.842 2.841 2.841 2.842 2.842
0.000 0.001 0.052 0.000 0.000 0.001 0.000 0.000 0.000 0.000 0.014 0.044 0.021 0.000 0.000 0.000 0.039 0.119 0.015 0.065 0.005 0.012 0.000 0.032 0.000 0.000 0.000 0.000 0.000 0.000 0.000 0.000 0.000 0.000 0.000 0.000 0.073 0.053 0.183 0.000 0.004 0.051 0.051 0.030 0.049 0.049 0.047 0.046 0.044 0.042 0.040 0.036 0.031 0.022 0.004 2.844 2.844 2.844 2.845 2.845 2.844 2.844 2.844 2.843 2.843 2.843 2.843 2.843 2.843 2.843 2.842 2.842 2.842 2.841 2.842 2.842 2.842
0.108 0.000 0.000 0.000 0.000 0.042 0.000 0.000 0.000 0.001 0.124 0.144 0.154 0.144 0.094 0.000 0.000 0.012 0.011 0.000 0.074 0.064 0.000 0.000 0.031 0.000 0.101 0.000 0.000 0.000 0.000 0.031 0.000 0.000 0.013 0.003 0.001 0.000 0.000 0.012 0.000 0.000 0.051 0.051 0.050 0.049 0.048 0.047 0.045 0.043 0.041 0.038 0.034 0.027 0.008 2.844 2.844 2.844 2.844 2.844 2.844 2.843 2.843 2.843 2.843 2.843 2.843 2.843 2.843 2.843 2.843 2.842 2.842 2.842 2.842 2.842 2.842
0.068 0.001 0.011 0.000 0.000 0.000 0.044 0.000 0.000 0.000 0.000 0.124 0.044 0.003 0.084 0.003 0.044 0.009 0.006 0.000 0.000 0.000 0.102 0.000 0.000 0.000 0.000 0.000 0.000 0.072 0.132 0.000 0.000 0.011 0.000 0.002 0.002 0.000 0.000 0.001 0.000 0.052 0.051 0.051 0.050 0.050 0.049 0.048 0.046 0.044 0.042 0.040 0.036 0.031 0.022 0.004 2.843 2.843 2.843 2.843 2.843 2.842 2.842 2.842 2.842 2.843 2.843 2.843 2.843 2.843 2.843 2.842 2.842 2.842 2.841 2.842 2.842
0.000 0.000 0.002 0.000 0.008 0.027 0.014 0.167 0.012 0.000 0.064 0.094 0.094 0.009 0.000 0.007 0.006 0.025 0.000 0.000 0.000 0.000 0.012 0.000 0.000 0.011 0.000 0.000 0.051 0.000 0.000 0.000 0.000 0.000 0.031 0.000 0.034 0.034 0.000 0.003 0.000 0.052 0.052 0.051 0.051 0.050 0.049 0.048 0.047 0.045 0.043 0.041 0.038 0.033 0.025 0.006 2.842 2.842 2.842 2.842 2.842 2.842 2.842 2.842 2.842 2.842 2.843 2.843 2.843 2.843 2.843 2.842 2.842 2.841 2.841 2.841 2.841
0.000 0.160 0.000 0.005 0.018 0.097 0.002 0.000 0.106 0.086 0.007 0.000 0.000 0.126 0.106 0.009 0.003 0.008 0.040 0.000 0.000 0.000 0.000 0.000 0.000 0.000 0.000 0.000 0.000 0.132 0.000 0.000 0.044 0.000 0.000 0.000 0.044 0.001 5.058 0.006 0.053 0.053 0.052 0.052 0.051 0.051 0.050 0.049 0.048 0.046 0.045 0.042 0.039 0.035 0.028 0.009 2.842 2.842 2.842 2.842 2.842 2.842 2.841 2.842 2.842 2.842 2.842 2.843 2.843 2.843 2.842 2.842 2.841 2.841 2.841 2.841 2.841
0.000 0.020 0.040 0.005 0.000 0.001 0.014 0.000 0.002 0.000 0.010 0.006 0.081 0.008 0.056 0.000 0.000 0.000 0.120 0.010 0.004 0.004 0.000 0.000 0.000 0.000 0.000 0.000 0.000 0.000 0.001 0.000 0.064 0.014 0.000 0.000 0.000 0.008 0.000 0.053 0.053 0.053 0.053 0.052 0.052 0.051 0.051 0.050 0.049 0.047 0.046 0.043 0.041 0.037 0.032 0.022 0.004 2.843 2.842 2.842 2.842 2.842 2.842 2.842 2.842 2.842 2.842 2.842 2.842 2.842 2.842 2.841 2.841 2.841 2.841 2.841 2.841
0.000 0.000 0.012 0.000 0.014 0.004 0.000 0.000 0.016 0.000 0.000 0.000 0.002 0.036 0.126 0.000 0.017 0.000 0.210 0.000 0.000 0.000 0.000 0.000 0.000 0.000 0.000 0.093 0.000 0.000 0.000 0.000 0.004 0.002 0.000 0.001 0.000 0.045 0.055 0.005 0.054 0.053 0.053 0.053 0.053 0.052 0.051 0.050 0.049 0.048 0.047 0.045 0.042 0.039 0.034 0.026 0.007 2.843 2.843 2.842 2.842 2.842 2.842 2.842 2.842 2.842 2.842 2.842 2.842 2.841 2.841 2.841 2.841 2.841 2.841 2.842 2.842
0.000 0.000 0.008 0.000 0.084 0.034 0.000 0.105 0.003 0.013 0.000 0.033 0.000 0.000 0.014 0.077 0.057 0.007 0.000 0.121 0.000 0.000 0.000 0.000 0.000 0.000 0.023 0.003 0.000 0.000 0.000 0.000 0.000 0.002 0.003 0.003 0.000 0.000 0.035 0.055 0.054 0.054 0.054 0.054 0.053 0.053 0.052 0.051 0.050 0.049 0.047 0.046 0.043 0.040 0.036 0.029 0.009 2.844 2.843 2.842 2.842 2.842 2.843 2.843 2.843 2.842 2.842 2.842 2.841 2.841 2.841 2.841 2.841 2.841 2.841 2.841 2.841
0.040 0.020 0.050 0.000 0.000 0.000 0.000 0.006 0.000 0.000 0.000 0.000 0.000 0.000 0.006 0.067 0.000 0.000 0.000 0.051 0.000 0.000 0.000 0.000 0.000 0.000 0.000 0.001 0.000 0.000 0.000 0.041 0.000 0.000 0.000 0.018 0.000 0.002 0.055 0.055 0.055 0.055 0.054 0.054 0.054 0.053 0.053 0.052 0.051 0.050 0.048 0.047 0.044 0.042 0.038 0.032 0.023 0.004 2.842 2.842 2.842 2.842 2.843 2.843 2.842 2.842 2.842 2.842 2.841 2.841 2.841 2.841 2.841 2.841 2.841 2.841 2.841
0.005 0.000 0.000 0.000 0.000 0.075 0.004 0.002 0.000 0.111 0.000 0.000 0.008 0.084 0.054 0.000 0.000 0.000 0.071 0.000 0.000 0.000 0.000 0.000 0.001 0.000 0.000 0.001 0.017 0.000 0.031 0.000 0.000 0.008 0.028 0.108 0.002 5.057 0.007 0.055 0.055 0.055 0.055 0.055 0.054 0.054 0.053 0.053 0.052 0.051 0.049 0.048 0.045 0.043 0.039 0.034 0.026 0.007 2.842 2.842 2.842 2.842 2.842 2.842 2.842 2.842 2.842 2.841 2.841 2.841 2.841 2.841 2.841 2.841 2.841 2.841 2.840
0.001 0.000 0.000 0.002 0.001 0.005 0.000 0.000 0.000 0.000 0.000 0.000 0.051 0.005 0.001 0.001 0.000 0.011 0.000 0.000 0.000 0.102 0.000 0.000 0.000 0.001 0.000 0.077 0.027 0.004 0.000 0.032 0.000 0.000 0.008 0.000 0.001 0.057 0.057 0.026 0.056 0.056 0.056 0.055 0.055 0.055 0.054 0.053 0.052 0.051 0.050 0.048 0.047 0.044 0.041 0.036 0.029 0.009 2.841 2.841 2.841 2.841 2.842 2.842 2.842 2.842 2.841 2.841 2.841 2.841 2.841 2.841 2.841 2.840 2.840 2.840 2.840
0.000 0.044 0.004 0.000 0.000 0.000 0.000 0.000 0.014 0.003 0.000 0.030 0.005 0.010 0.003 0.000 0.000 0.000 0.000 0.000 0.042 0.082 0.022 0.000 0.000 0.006 0.015 0.002 0.000 0.002 0.057 0.000 0.000 0.031 0.000 0.000 0.034 0.001 0.008 0.057 0.057 0.057 0.056 0.056 0.056 0.055 0.055 0.054 0.053 0.052 0.051 0.049 0.047 0.045 0.042 0.038 0.032 0.022 0.004 2.840 2.841 2.841 2.841 2.841 2.841 2.841 2.841 2.841 2.841 2.841 2.841 2.841 2.841 2.840 2.839 2.840 2.840
0.000 0.034 0.014 0.000 0.000 0.000 0.000 0.092 0.000 0.000 0.054 0.004 0.000 0.000 0.004 0.000 0.084 0.000 0.000 0.000 0.000 0.000 0.000 0.000 0.000 0.002 0.000 0.002 0.000 0.004 0.005 0.004 0.004 0.000 0.012 0.000 0.000 0.038 0.058 0.058 0.057 0.057 0.057 0.057 0.056 0.056 0.055 0.055 0.054 0.053 0.052 0.050 0.048 0.046 0.043 0.039 0.034 0.026 0.006 2.840 2.840 2.840 2.840 2.841 2.841 2.841 2.841 2.841 2.841 2.841 2.840 2.840 2.840 2.840 2.839 2.839 2.839
0.051 0.000 0.044 0.000 0.003 0.002 0.002 0.001 0.046 0.026 0.000 0.059 0.000 0.045 0.004 0.114 0.034 0.000 0.000 0.121 0.000 0.000 0.000 0.000 0.000 0.032 0.000 0.003 0.000 0.000 0.000 0.003 0.003 0.019 0.000 0.016 0.005 0.028 0.008 0.058 0.058 0.058 0.058 0.057 0.057 0.057 0.056 0.055 0.055 0.054 0.052 0.051 0.049 0.047 0.044 0.041 0.036 0.027 0.007 2.841 2.840 2.840 2.840 2.840 2.841 2.841 2.841 2.841 2.841 2.840 2.840 2.840 2.840 2.839 2.839 2.839 2.839
0.000 0.042 0.000 0.072 0.001 0.000 0.001 0.003 0.006 0.004 0.000 0.069 0.000 0.015 0.025 0.000 0.000 0.000 0.001 0.000 0.000 0.000 0.000 0.000 0.021 0.000 0.000 0.001 0.106 0.003 0.056 0.000 0.003 0.007 0.000 0.000 0.000 0.000 5.059 0.059 0.049 0.059 0.058 0.058 0.058 0.057 0.057 0.056 0.055 0.054 0.053 0.052 0.050 0.048 0.045 0.042 0.037 0.029 0.007 2.841 2.841 2.840 2.840 2.840 2.840 2.841 2.841 2.841 2.841 2.840 2.840 2.840 2.840 2.839 2.839 2.839 2.839
0.000 0.000 0.000 0.000 0.000 0.000 0.042 0.000 0.001 0.018 0.138 0.006 0.035 0.025 0.000 0.000 0.000 0.000 0.000 0.000 0.091 0.000 0.000 0.000 0.000 0.000 0.000 0.001 0.026 0.000 0.002 0.003 0.002 0.008 0.000 0.018 0.000 0.003 0.020 0.060 0.060 0.059 0.059 0.059 0.058 0.058 0.057 0.057 0.056 0.055 0.054 0.053 0.051 0.049 0.046 0.043 0.038 0.030 0.008 2.842 2.841 2.841 2.841 2.840 2.840 2.840 2.840 2.841 2.841 2.840 2.840 2.840 2.840 2.839 2.839 2.839 2.839
0.000 0.001 0.001 0.001 0.034 0.000 0.000 0.000 0.034 0.000 0.028 0.018 0.000 0.000 0.000 0.000 0.000 0.000 0.000 0.000 0.000 0.000 0.000 0.000 0.000 0.000 0.000 0.000 0.000 0.000 0.002 0.000 0.002 0.007 0.008 0.007 0.062 0.062 0.061 0.060 0.060 0.060 0.060 0.059 0.059 0.059 0.058 0.058 0.057 0.056 0.055 0.053 0.052 0.050 0.047 0.044 0.039 0.032 0.010 2.842 2.842 2.841 2.841 2.841 2.841 2.840 2.840 2.840 2.840 2.840 2.840 2.840 2.840 2.840 2.839 2.839 2.839
0.052 0.000 0.000 0.000 0.034 0.002 0.001 0.002 0.005 0.000 0.000 0.000 0.000 0.000 0.000 0.000 0.000 0.000 0.000 0.000 0.000 0.000 0.000 0.000 0.000 0.000 0.000 0.000 0.000 0.000 0.056 0.005 0.001 0.001 0.000 0.023 0.022 0.062 0.000 0.061 0.061 0.061 0.060 0.060 0.060 0.059 0.059 0.058 0.057 0.057 0.055 0.054 0.053 0.051 0.048 0.045 0.041 0.035 0.024 0.004 2.842 2.842 2.842 2.841 2.840 2.840 2.840 2.839 2.839 2.839 2.840 2.840 2.840 2.839 2.839 2.839 2.839
0.000 0.000 0.000 0.000 0.000 0.000 0.000 0.000 0.000 0.000 0.000 0.000 0.000 0.000 0.000 0.000 0.000 0.000 0.000 0.000 0.000 0.000 0.000 0.000 0.195 0.000 0.000 0.000 0.022 0.000 0.000 0.000 0.024 0.000 0.000 0.000 0.042 0.052 5.062 0.062 0.061 0.061 0.061 0.061 0.060 0.060 0.059 0.059 0.058 0.057 0.056 0.055 0.053 0.051 0.049 0.046 0.042 0.037 0.027 0.007 2.841 2.841 2.841 2.841 2.840 2.840 2.840 2.839 2.839 2.839 2.839 2.840 2.840 2.839 2.839 2.838 2.838
0.000 0.000 0.000 0.000 0.000 0.072 0.000 0.000 0.000 0.000 0.000 0.000 0.000 0.000 0.151 0.000 0.000 0.041 0.000 0.041 0.000 0.000 0.000 0.005 0.135 0.000 0.000 0.000 0.000 0.000 0.000 0.001 0.001 0.000 0.000 0.033 0.013 0.062 0.062 0.062 0.062 0.062 0.062 0.061 0.061 0.061 0.060 0.059 0.059 0.058 0.057 0.056 0.054 0.052 0.050 0.047 0.043 0.038 0.029 0.007 2.840 2.840 2.840 2.840 2.840 2.840 2.840 2.840 2.839 2.839 2.839 2.839 2.839 2.839 2.838 2.838 2.838
0.000 0.000 0.001 0.000 0.000 0.000 0.000 0.000 0.000 0.000 0.000 0.000 0.000 0.000 0.000 0.031 0.000 0.000 0.000 0.000 0.000 0.000 0.000 0.003 0.000 0.083 0.002 0.000 0.000 0.000 0.000 0.078 0.018 0.028 0.000 0.000 5.063 0.033 0.063 0.063 0.062 0.062 0.062 0.062 0.062 0.061 0.061 0.060 0.059 0.059 0.058 0.056 0.055 0.053 0.051 0.048 0.044 0.039 0.031 0.008 2.839 2.839 2.839 2.839 2.839 2.840 2.840 2.840 2.839 2.839 2.839 2.839 2.839 2.838 2.837 2.837 2.837
0.338 0.000 0.000 0.000 0.000 0.000 0.171 0.000 0.000 0.000 0.000 0.011 0.000 0.000 0.142 0.000 0.031 0.000 0.000 0.000 0.001 0.000 0.000 0.066 0.004 0.004 0.071 0.121 0.000 0.063 0.000 0.000 0.018 0.006 5.064 0.043 0.033 0.033 0.063 0.063 0.063 0.063 0.063 0.062 0.062 0.062 0.061 0.061 0.060 0.059 0.058 0.057 0.056 0.054 0.052 0.049 0.045 0.041 0.033 0.010 2.839 2.839 2.839 2.839 2.839 2.840 2.840 2.840 2.839 2.839 2.839 2.838 2.838 2.838 2.837 2.836 2.836
0.015 0.188 0.438 0.118 0.488 0.128 0.000 0.000 0.000 0.000 0.000 0.000 0.041 0.000 0.000 0.000 0.000 0.001 0.000 0.000 0.003 0.001 0.002 0.006 0.125 0.000 0.008 0.000 0.000 0.001 0.048 0.008 0.000 0.000 0.000 0.000 0.000 0.024 0.064 0.063 0.063 0.063 0.063 0.063 0.063 0.062 0.062 0.061 0.061 0.060 0.059 0.058 0.056 0.055 0.053 0.050 0.047 0.042 0.035 0.025 0.004 2.839 2.839 2.839 2.839 2.840 2.840 2.840 2.840 2.839 2.839 2.838 2.838 2.838 2.837 2.836 2.836
0.000 0.000 0.228 1.168 0.308 0.198 0.000 0.276 0.000 0.000 0.000 0.000 0.000 0.000 0.000 0.001 0.005 0.000 0.000 0.000 0.000 0.000 0.000 0.000 0.000 0.000 0.009 0.000 0.031 0.000 0.000 0.047 0.000 0.000 0.004 0.051 0.010 0.015 0.064 0.034 0.064 0.064 0.064 0.064 0.063 0.063 0.063 0.062 0.061 0.061 0.060 0.058 0.057 0.055 0.053 0.051 0.048 0.043 0.037 0.028 0.007 2.839 2.840 2.840 2.840 2.840 2.840 2.840 2.839 2.839 2.839 2.838 2.838 2.838 2.837 2.837 2.837
0.000 0.000 0.000 0.108 0.049 0.030 0.336 0.626 0.406 0.000 0.000 0.012 0.000 0.001 0.000 0.045 0.045 0.000 0.000 0.000 0.000 0.043 0.001 0.002 0.001 0.002 0.003 0.020 0.000 0.000 0.000 0.047 0.003 0.067 0.003 0.001 0.000 0.007 0.065 0.065 0.065 0.065 0.065 0.064 0.064 0.064 0.063 0.063 0.062 0.061 0.060 0.059 0.058 0.056 0.054 0.052 0.048 0.044 0.039 0.029 0.007 2.840 2.840 2.840 2.840 2.839 2.839 2.839 2.839 2.839 2.839 2.838 2.838 2.838 2.837 2.837 2.837
0.000 0.000 0.000 0.069 0.129 0.000 0.356 0.636 0.676 0.000 0.000 0.022 0.000 0.000 0.000 0.000 0.055 0.001 0.002 0.000 0.113 0.001 0.000 0.000 0.000 0.011 0.006 0.008 0.107 0.000 0.000 0.000 0.000 0.000 0.047 0.067 0.067 5.067 0.046 0.066 0.066 0.066 0.065 0.065 0.065 0.064 0.064 0.063 0.063 0.062 0.061 0.060 0.058 0.057 0.055 0.052 0.049 0.045 0.040 0.030 0.008 2.840 2.840 2.840 2.839 2.839 2.838 2.839 2.839 2.839 2.839 2.838 2.838 2.838 2.838 2.838 2.837
0.000 0.000 0.000 0.000 0.129 0.000 0.176 0.896 0.736 0.000 0.000 0.000 0.000 0.000 0.000 0.000 0.000 0.002 0.003 0.017 0.004 0.004 0.004 0.005 0.000 0.082 0.000 0.047 0.077 0.011 0.012 0.000 0.000 0.000 0.000 0.037 0.037 0.067 0.067 0.067 0.066 0.066 0.066 0.066 0.065 0.065 0.065 0.064 0.063 0.063 0.062 0.061 0.059 0.058 0.056 0.053 0.050 0.046 0.040 0.031 0.008 2.840 2.840 2.839 2.838 2.838 2.838 2.838 2.838 2.838 2.838 2.838 2.838 2.838 2.838 2.838 2.837
0.000 0.000 0.026 0.004 0.049 0.000 0.346 1.036 0.476 0.000 0.000 0.000 0.000 0.000 0.000 0.000 0.000 0.032 0.000 0.000 0.000 0.000 0.000 0.008 0.003 0.004 0.000 0.000 0.000 0.000 0.011 0.000 0.000 0.001 0.000 0.002 0.028 0.047 0.067 0.067 0.067 0.067 0.066 0.066 0.066 0.066 0.065 0.065 0.064 0.063 0.062 0.061 0.060 0.058 0.056 0.054 0.051 0.047 0.041 0.032 0.008 2.840 2.839 2.839 2.838 2.838 2.838 2.837 2.838 2.838 2.838 2.838 2.838 2.838 2.838 2.837 2.837
0.000 0.000 0.000 0.209 0.239 0.000 0.536 0.496 0.326 0.000 0.000 0.000 0.216 0.000 0.376 0.556 0.506 0.000 0.000 0.000 0.013 0.083 0.001 0.000 0.106 0.000 0.000 0.022 0.000 0.122 5.122 0.000 0.000 0.000 0.010 0.000 0.068 0.068 0.058 0.068 0.067 0.067 0.067 0.067 0.067 0.066 0.066 0.065 0.065 0.064 0.063 0.062 0.061 0.059 0.057 0.055 0.052 0.048 0.042 0.033 0.008 2.840 2.839 2.838 2.838 2.837 2.837 2.837 2.837 2.837 2.837 2.838 2.838 2.837 2.837 2.837 2.836
0.000 0.000 0.222 0.000 0.149 0.000 0.446 0.106 0.000 0.000 0.000 0.000 0.056 0.026 0.001 0.001 0.002 0.001 0.002 0.000 0.063 0.000 0.000 0.000 0.004 0.000 0.000 0.000 0.003 0.005 0.016 0.000 0.041 0.000 0.019 0.068 0.058 0.068 0.068 0.068 0.068 0.068 0.067 0.067 0.067 0.067 0.066 0.066 0.065 0.065 0.064 0.063 0.061 0.060 0.058 0.056 0.053 0.049 0.043 0.033 0.009 2.839 2.839 2.838 2.838 2.838 2.838 2.837 2.837 2.837 2.837 2.837 2.837 2.837 2.836 2.836 2.836
0.042 0.000 0.000 0.209 0.239 0.000 0.000 0.000 0.001 0.000 0.000 0.000 0.004 0.000 0.001 0.000 0.106 0.003 0.322 0.009 0.000 0.000 0.000 0.000 0.003 0.005 0.010 0.023 0.005 0.003 0.020 0.085 0.000 0.027 0.000 0.000 5.069 0.069 0.069 0.069 0.069 0.019 0.068 0.068 0.068 0.067 0.067 0.067 0.066 0.065 0.064 0.063 0.062 0.061 0.059 0.057 0.054 0.050 0.044 0.034 0.009 2.839 2.839 2.839 2.838 2.838 2.838 2.837 2.837 2.837 2.837 2.837 2.837 2.836 2.836 2.836 2.836
