includes/lisflood-fp-604/results/res-0006.wd
ncols         631
nrows         906
xllcorner     364927.146667
yllcorner     6531972.565556
cellsize      20.000000
NODATA_value  -9999.000000
[rows 544 to 577 of 906, columns 385 to 461 of 631]
1.314 0.894 0.864 0.915 0.825 0.926 0.866 0.967 0.747 0.817 0.747 0.477 0.308 0.569 0.539 0.469 0.299 0.170 0.171 0.142 0.244 0.384 0.068 0.095 0.084 0.000 0.003 0.000 0.011 0.063 0.113 0.263 0.017 0.189 0.142 0.195 0.123 0.305 0.105 0.000 0.004 0.000 0.067 0.004 0.000 0.000 0.000 0.100 0.020 0.000 0.270 0.000 0.045 0.000 0.000 0.000 0.000 0.000 0.009 0.000 0.000 0.164 0.314 0.068 0.274 0.504 0.000 0.915 0.000 0.000 0.992 1.001 0.761 1.861 1.441 0.611 1.671
1.185 1.185 0.985 1.265 1.165 0.936 0.896 0.957 1.077 0.687 0.587 0.607 0.418 0.599 0.349 0.329 0.479 0.280 0.441 0.142 0.273 0.434 0.224 0.003 0.000 0.000 0.043 0.013 0.199 0.399 0.429 0.320 0.360 0.217 0.152 0.095 0.272 0.158 0.128 0.068 0.091 0.002 0.021 0.003 0.000 0.071 0.041 0.200 0.070 0.006 0.009 0.036 0.000 0.000 0.000 0.000 0.000 0.000 0.006 0.000 0.005 0.039 0.000 0.374 0.304 0.344 0.314 0.004 0.844 0.303 0.352 1.191 1.181 0.741 1.350 1.260 1.230
1.095 1.055 1.005 1.256 1.206 1.066 1.096 1.047 1.067 0.737 0.837 0.507 0.598 0.338 0.259 0.529 0.509 0.380 0.441 0.512 0.533 0.413 0.234 0.224 0.007 0.161 0.000 0.149 0.388 0.539 0.629 0.379 0.449 0.212 0.222 0.144 0.295 0.116 0.263 0.363 0.008 0.005 0.073 0.017 0.013 0.131 0.041 0.021 0.110 0.023 0.000 0.014 0.168 0.028 0.000 0.000 0.000 0.000 0.005 0.053 0.005 0.002 0.000 0.194 0.244 0.064 0.273 0.363 0.209 0.008 0.000 0.000 1.010 1.190 1.310 0.749 1.359
1.215 1.245 1.056 1.406 0.916 0.956 1.216 1.227 1.197 0.857 0.967 0.887 0.648 0.368 0.529 0.529 0.519 0.390 0.591 0.342 0.403 0.303 0.404 0.114 0.000 0.068 0.160 0.198 0.438 0.528 0.268 0.208 0.528 0.598 0.538 0.199 0.400 0.570 0.290 0.232 0.282 0.005 0.002 0.000 0.000 0.000 0.007 0.000 0.000 0.000 0.000 0.000 0.048 0.001 0.076 0.036 0.000 0.000 0.000 0.000 0.000 0.008 0.008 0.000 0.008 0.002 0.114 0.163 0.003 0.000 0.000 0.001 0.005 0.969 0.949 1.228 1.538
1.295 1.206 1.006 1.216 1.206 1.186 0.886 0.947 0.927 1.087 0.747 1.047 0.978 0.838 0.728 0.629 0.549 0.720 0.471 0.401 0.183 0.494 0.394 0.003 0.000 0.000 0.000 0.317 0.517 0.447 0.597 0.447 0.487 0.597 0.217 0.517 0.328 0.448 0.499 0.130 0.004 0.003 0.252 0.004 0.196 0.000 0.007 0.165 0.009 0.000 0.000 0.000 0.000 0.000 0.000 0.008 0.073 0.014 0.000 0.002 0.009 0.090 0.024 0.000 0.015 0.003 0.174 0.016 0.088 0.288 0.022 0.066 0.000 0.978 1.278 0.918 1.267
1.086 1.226 1.396 1.326 1.226 1.306 0.996 0.917 0.977 1.077 0.857 0.877 0.808 0.888 1.088 0.759 0.519 0.720 0.291 0.572 0.263 0.644 0.404 0.284 0.245 0.185 0.106 0.397 0.667 0.597 0.307 0.517 0.517 0.487 0.647 0.617 0.597 0.537 0.408 0.119 0.009 0.159 0.000 0.025 0.066 0.003 0.006 0.000 0.031 0.001 0.000 0.000 0.000 0.000 0.000 0.000 0.000 0.027 0.000 0.011 0.008 0.000 0.163 0.074 0.099 0.108 0.006 0.000 0.148 0.298 0.000 0.005 0.000 0.406 0.576 1.176 1.166
0.696 1.456 1.316 1.236 1.196 1.206 0.916 0.917 0.957 0.987 0.897 1.047 1.038 0.708 0.838 1.039 0.769 0.640 0.741 0.802 0.543 0.884 0.514 0.564 0.265 0.525 1.015 0.735 0.506 0.256 0.716 0.556 0.526 0.536 0.826 0.386 0.536 0.436 0.137 0.149 0.179 0.000 0.061 0.071 0.125 0.004 0.039 0.002 0.000 0.001 0.028 0.000 0.000 0.000 0.000 0.001 0.095 0.185 0.044 0.129 0.047 0.088 0.018 0.425 0.405 0.325 0.002 0.156 0.167 0.077 0.000 0.647 0.000 1.084 0.675 1.186 1.186
0.000 0.606 1.296 1.156 1.236 1.216 0.886 0.847 1.077 1.447 1.437 0.927 0.988 1.198 1.028 0.829 0.769 0.740 0.701 0.982 0.493 0.814 0.724 0.724 0.905 0.865 0.685 0.515 0.145 0.002 0.665 0.575 0.435 0.525 0.825 0.705 0.576 0.626 0.326 0.078 0.219 0.028 0.020 0.000 0.136 0.146 0.057 0.002 0.000 0.168 0.088 0.048 0.000 0.019 0.000 0.000 0.004 0.244 0.324 0.101 0.016 0.093 0.119 0.475 0.814 0.194 0.194 0.384 0.075 0.415 0.295 0.267 0.754 1.234 0.654 1.015 1.255
0.007 0.000 0.000 0.996 1.126 1.306 0.927 0.887 1.447 1.267 1.247 1.447 1.358 1.178 1.328 0.629 0.959 0.710 0.291 0.912 0.573 0.864 0.744 0.804 0.435 0.445 0.205 1.075 0.995 1.215 1.425 1.905 0.595 0.975 0.895 0.695 0.775 0.495 0.575 0.495 0.077 0.166 0.016 0.002 0.002 0.000 0.000 0.000 0.096 0.168 0.258 0.068 0.078 0.118 0.000 0.000 0.001 0.055 0.002 0.002 0.000 0.020 0.214 0.354 0.474 0.254 0.404 0.584 0.084 0.734 0.644 0.455 0.189 0.703 0.623 0.803 0.803
1.989 0.159 0.026 0.000 0.000 0.466 0.947 0.847 1.197 1.357 1.327 1.417 1.278 1.248 0.878 1.269 1.079 0.680 1.001 1.232 0.493 0.524 0.844 0.724 0.685 0.365 0.895 0.945 0.975 0.875 1.035 1.445 1.155 1.095 0.975 0.905 0.875 0.645 0.595 0.755 0.395 0.305 0.096 0.116 0.001 0.000 0.012 0.009 0.175 0.000 0.098 0.248 0.168 0.038 0.038 0.000 0.096 0.000 0.000 0.000 0.000 0.057 0.524 0.514 0.604 0.424 0.404 0.404 0.444 0.424 0.824 0.754 0.575 0.428 0.541 0.891 1.101
1.569 1.559 1.809 1.489 0.009 0.000 0.000 0.002 1.327 1.257 1.627 1.397 1.248 1.098 1.008 1.319 1.329 0.840 1.261 1.282 0.643 0.444 0.364 0.315 0.845 0.725 0.855 0.915 0.845 0.775 1.105 1.545 0.975 1.165 1.005 1.095 0.215 0.665 0.595 0.655 0.435 0.435 0.245 0.126 0.009 0.016 0.016 0.019 0.014 0.010 0.000 0.000 0.158 0.058 0.003 0.046 0.000 0.000 0.000 0.000 0.004 0.234 0.614 0.524 0.254 0.783 0.943 0.853 0.443 0.754 0.714 0.934 0.804 0.685 0.417 0.449 0.640
1.839 0.609 1.349 1.469 1.449 0.549 0.149 0.002 0.000 0.000 0.847 1.508 1.288 0.298 0.428 0.609 0.219 0.741 0.492 0.452 0.985 0.735 0.585 0.185 0.655 0.835 1.005 1.005 1.425 1.195 1.045 1.625 1.255 1.505 1.245 0.975 0.475 0.405 0.735 0.545 0.714 0.415 0.234 0.095 0.025 0.117 0.021 0.018 0.022 0.008 0.000 0.078 0.298 0.248 0.048 0.000 0.000 0.000 0.000 0.000 0.002 0.085 0.194 0.574 0.813 1.113 0.933 0.383 1.113 0.383 0.974 0.854 0.854 0.564 0.945 1.915 0.267
1.369 1.209 2.229 1.599 1.739 0.369 0.339 0.119 0.053 0.000 0.000 0.000 0.828 1.348 0.908 0.188 0.000 0.000 0.473 0.184 0.975 1.145 1.495 0.955 1.745 1.145 2.035 0.615 0.835 1.225 1.135 1.565 1.165 1.585 1.115 0.945 1.375 0.755 0.675 0.124 0.623 0.064 0.263 0.153 0.056 0.007 0.000 0.078 0.000 0.008 0.006 0.000 0.007 0.338 0.000 0.000 0.000 0.000 0.000 0.000 0.001 0.000 0.000 0.064 0.183 0.573 0.783 1.213 1.063 1.213 0.473 1.233 1.013 0.783 1.395 1.865 1.885
1.449 0.909 0.969 1.749 0.449 2.759 0.349 0.239 0.000 0.000 0.033 0.000 0.000 0.000 0.288 1.138 0.000 0.028 0.413 0.364 0.305 1.445 1.725 1.065 1.325 0.925 0.895 0.855 1.395 1.255 1.155 1.535 1.535 1.315 0.715 0.575 0.655 0.635 0.374 0.912 0.652 0.581 0.571 0.280 0.150 0.000 0.001 0.000 0.000 0.030 0.012 0.012 0.018 0.002 0.001 0.000 0.000 0.000 0.000 0.000 0.000 0.000 0.002 0.004 0.133 0.433 0.773 0.673 1.183 0.823 0.603 0.853 1.422 1.842 0.352 0.000 1.605
1.389 1.459 1.539 0.959 2.579 1.349 2.559 0.179 0.047 0.080 0.104 0.115 0.105 0.001 0.000 0.002 0.036 0.000 0.009 0.295 0.415 1.605 1.745 0.755 1.325 0.715 1.085 1.095 1.175 1.435 1.615 1.555 1.325 1.515 0.725 0.975 0.465 0.155 0.473 1.512 0.592 0.239 0.428 0.428 0.107 0.215 0.020 0.023 0.025 0.028 0.000 0.000 0.019 0.000 0.000 0.000 0.000 0.000 0.000 0.045 0.001 0.002 0.000 0.191 0.000 0.263 0.223 0.842 0.682 1.712 1.642 0.000 0.000 1.601 1.660 1.650 0.000
0.969 0.619 1.319 0.418 1.288 0.308 2.189 1.659 0.224 0.205 0.003 0.115 0.094 0.219 0.099 0.000 0.001 0.000 0.000 0.365 0.845 1.765 1.725 0.655 1.125 0.825 1.665 1.655 1.465 1.225 0.975 1.245 1.515 1.075 1.445 1.435 0.274 0.044 0.080 0.258 0.347 0.586 0.596 0.386 0.184 0.264 0.001 0.020 0.000 0.011 0.003 0.001 0.000 0.000 0.000 0.000 0.000 0.000 0.000 0.000 0.068 0.011 0.015 0.004 0.007 0.045 0.172 0.371 0.641 0.121 1.562 1.512 0.268 0.000 1.560 1.529 2.048
1.238 1.188 0.748 0.657 1.477 0.996 0.166 0.040 2.275 0.545 0.002 0.003 0.004 0.127 0.377 0.042 0.000 0.000 0.009 0.425 0.095 0.965 1.365 0.845 0.985 1.475 1.315 1.565 1.315 1.345 1.125 0.995 0.975 1.705 0.000 0.944 1.113 0.129 0.177 0.425 0.325 0.604 0.354 0.513 0.483 0.513 0.242 0.162 0.001 0.034 0.000 0.138 0.000 0.000 0.000 0.000 0.000 0.000 0.000 0.000 0.010 0.003 0.000 0.012 0.071 0.011 0.014 0.480 0.579 0.488 0.208 0.568 1.534 2.164 0.000 0.207 1.537
0.658 0.867 0.696 1.385 0.505 1.444 1.054 0.864 0.000 2.646 1.066 0.096 0.196 0.676 0.098 0.000 0.005 0.003 0.201 0.036 0.425 0.365 0.105 0.475 0.825 1.735 1.705 1.475 1.305 1.235 1.255 1.505 0.575 0.675 1.675 0.000 1.432 0.698 0.136 0.313 0.353 0.722 0.452 0.492 0.542 0.302 0.322 0.232 0.056 0.089 0.033 0.014 0.000 0.000 0.000 0.000 0.000 0.000 0.000 0.000 0.000 0.069 0.000 0.001 0.000 0.000 0.099 0.199 0.468 0.517 0.885 0.065 0.624 1.914 1.804 1.844 0.000
0.000 0.624 1.234 1.284 0.744 1.444 0.443 0.190 0.563 0.000 1.436 2.356 2.676 0.000 0.379 0.529 0.779 0.130 0.190 0.459 0.000 0.000 0.000 0.145 0.164 0.234 1.415 1.495 1.755 1.655 1.185 1.455 2.085 1.625 0.000 1.055 0.017 1.574 0.353 0.432 0.572 0.741 0.611 0.591 0.741 0.621 0.560 0.480 0.004 0.000 0.000 0.094 0.028 0.000 0.000 0.000 0.000 0.000 0.000 0.114 0.000 0.039 0.000 0.000 0.000 0.090 0.199 0.179 0.547 0.376 1.304 1.724 1.634 0.354 1.584 1.754 1.764
1.752 1.102 0.692 0.522 0.562 1.092 0.850 0.216 0.673 0.251 0.001 0.000 0.000 0.459 1.429 1.919 2.409 2.209 2.549 1.149 0.819 0.319 0.000 0.000 0.290 1.452 0.001 0.000 1.405 0.915 1.285 1.815 0.075 1.255 0.795 0.945 0.107 0.993 0.522 0.492 0.581 0.841 0.821 0.570 0.610 0.680 0.520 0.550 0.200 0.012 0.148 0.012 0.079 0.000 0.000 0.000 0.000 0.000 0.000 0.006 0.028 0.000 0.000 0.000 0.000 0.000 0.061 0.003 0.067 0.574 1.684 1.724 1.004 1.533 0.753 0.923 1.673
0.481 1.280 1.270 1.309 1.349 0.488 0.796 0.654 0.633 0.217 0.472 0.040 0.000 0.027 0.192 0.242 0.072 2.889 2.589 1.259 0.389 0.649 1.059 0.929 0.092 0.000 1.337 1.287 0.007 0.000 1.085 0.485 0.000 0.000 1.195 0.000 1.453 0.863 0.502 0.401 0.571 0.980 0.710 0.630 0.629 0.569 0.569 0.520 0.240 0.016 0.001 0.000 0.070 0.012 0.002 0.003 0.000 0.000 0.000 0.001 0.000 0.000 0.020 0.003 0.024 0.011 0.004 0.142 0.000 0.334 0.684 0.674 0.034 1.633 1.593 1.953 0.703
0.181 0.549 0.868 0.757 0.786 0.934 1.374 1.344 0.357 0.950 0.370 0.000 0.126 0.085 1.514 1.184 1.094 0.250 0.220 1.129 2.819 0.558 0.358 0.178 0.000 0.915 0.000 0.000 1.383 1.223 0.100 0.000 0.000 0.419 0.055 1.453 1.173 0.362 0.700 0.510 0.460 0.389 0.528 0.608 0.758 0.277 0.517 0.267 0.168 0.016 0.105 0.001 0.000 0.000 0.131 0.000 0.000 0.000 0.000 0.000 0.086 0.000 0.021 0.000 0.000 0.001 0.000 0.000 0.000 0.000 0.002 0.554 0.654 0.001 1.663 1.743 1.783
0.000 0.002 0.816 1.205 1.014 0.783 0.561 0.387 1.150 1.050 1.069 0.431 1.865 0.274 0.814 0.664 0.162 0.380 0.180 0.109 1.048 1.617 2.287 0.466 0.116 1.535 0.585 0.002 0.000 0.943 0.512 1.629 0.979 0.000 0.000 1.273 0.222 0.361 0.630 0.539 0.368 0.627 0.525 0.464 0.574 0.380 0.360 0.179 0.087 0.125 0.011 0.068 0.003 0.006 0.006 0.100 0.000 0.002 0.000 0.076 0.003 0.064 0.000 0.005 0.023 0.000 0.077 0.001 0.000 0.194 0.574 0.544 0.554 0.000 0.043 1.703 0.983
0.007 0.026 0.565 0.363 0.731 0.790 1.328 0.632 1.590 0.570 0.003 1.605 0.805 1.084 1.204 0.000 0.940 0.530 0.710 1.320 0.409 0.497 1.466 2.545 0.935 2.125 1.225 0.745 0.000 0.079 0.000 1.649 1.599 1.549 0.949 0.000 0.000 0.195 0.418 0.376 0.345 0.170 0.429 0.509 0.437 0.582 0.327 0.151 0.123 0.043 0.033 0.170 0.005 0.006 0.002 0.000 0.001 0.007 0.001 0.000 0.104 0.009 0.064 0.036 0.129 0.000 0.004 0.007 0.184 0.144 0.474 0.154 0.403 1.162 1.322 0.862 1.682
0.105 0.264 0.433 0.870 1.449 1.429 0.474 1.209 1.219 0.322 1.395 1.145 1.465 0.714 1.064 1.293 0.171 0.460 0.660 1.050 1.430 0.039 0.726 2.355 2.625 2.805 0.205 0.465 0.106 0.097 0.000 0.000 0.279 1.749 1.649 1.219 0.115 0.069 0.000 0.192 0.175 0.339 0.557 0.186 0.276 0.421 0.459 0.206 0.134 0.388 0.175 0.125 0.005 0.002 0.008 0.000 0.021 0.002 0.018 0.000 0.000 0.000 0.133 0.073 0.000 0.000 0.000 0.001 0.214 0.174 0.174 0.543 0.343 0.852 0.832 1.102 1.322
0.000 0.344 0.684 0.281 0.467 0.552 0.938 1.478 1.308 0.629 1.065 1.685 1.195 1.394 0.873 0.873 1.101 0.710 1.250 1.340 1.580 0.297 1.776 0.385 0.255 2.935 2.425 2.394 0.184 2.803 0.163 0.002 0.659 0.000 0.809 0.809 1.109 1.009 0.107 0.248 0.000 0.472 0.190 0.299 0.170 0.020 0.531 0.411 0.221 0.048 0.190 0.083 0.004 0.019 0.023 0.001 0.013 0.038 0.058 0.011 0.016 0.028 0.182 0.000 0.001 0.004 0.034 0.000 0.002 0.000 0.064 0.213 0.302 0.782 1.142 1.042 1.652
0.016 0.194 1.654 0.214 0.002 0.797 1.125 0.565 0.000 0.072 1.835 1.975 0.795 0.019 1.113 0.862 1.171 0.980 1.060 1.830 1.550 0.697 0.546 0.007 2.144 0.794 1.234 2.094 2.874 0.793 1.433 0.933 0.000 0.352 1.698 0.039 0.638 0.888 0.828 0.169 0.107 0.266 0.000 0.375 0.213 0.335 0.293 0.478 0.108 0.158 0.196 0.243 0.201 0.171 0.000 0.084 0.068 0.089 0.093 0.056 0.000 0.000 0.024 0.037 0.254 0.000 0.091 0.059 0.000 0.000 0.000 0.173 0.592 1.112 1.152 1.332 1.112
0.000 0.384 1.514 0.954 0.224 0.024 1.252 1.189 1.312 0.839 1.705 1.835 1.044 0.864 1.433 0.053 0.961 0.780 1.480 1.480 0.409 0.786 0.785 0.895 0.644 0.844 1.104 1.074 0.364 2.883 0.592 0.832 0.028 0.575 0.272 0.992 0.000 0.966 0.638 0.951 0.219 0.138 0.032 0.000 0.006 0.110 0.303 0.185 0.223 0.047 0.214 0.433 0.335 0.088 0.027 0.116 0.000 0.152 0.203 0.004 0.000 0.000 0.025 0.104 0.062 0.074 0.006 0.022 0.014 0.127 0.000 0.000 0.292 0.752 0.802 1.462 1.032
0.000 0.314 0.424 0.804 1.084 1.184 0.120 0.034 1.421 0.079 1.325 1.505 1.614 0.203 1.242 1.392 0.591 0.530 1.980 0.670 0.298 0.636 0.715 0.284 1.942 0.823 0.413 0.993 0.972 0.000 2.702 0.812 1.831 1.182 0.003 0.141 1.131 0.873 0.514 0.622 0.396 0.115 0.868 0.898 0.004 0.481 0.355 0.175 0.365 0.257 0.429 0.362 0.012 0.248 0.156 0.085 0.000 0.000 0.054 0.188 0.169 0.023 0.025 0.009 0.000 0.040 0.000 0.195 0.214 0.147 0.212 0.055 0.154 0.372 0.782 0.722 0.411
0.000 0.105 0.624 0.674 0.754 1.114 0.153 0.029 1.158 1.037 0.955 0.484 1.493 1.752 0.000 1.222 0.811 0.560 0.720 0.660 0.237 0.305 1.873 1.032 1.562 1.502 1.392 0.004 1.011 0.941 0.531 2.961 2.091 0.252 0.988 1.209 0.890 0.069 0.869 0.013 0.828 0.768 1.018 1.058 0.708 0.848 0.539 0.829 0.470 0.000 0.323 0.284 0.467 0.270 0.077 0.005 0.125 0.048 0.080 0.007 0.093 0.069 0.000 0.093 0.002 0.038 0.043 0.085 0.057 0.294 0.272 0.114 0.227 0.183 0.692 0.221 0.878
0.000 0.002 0.174 0.244 0.644 0.894 0.000 0.000 0.482 0.000 1.134 1.153 0.000 1.440 1.749 0.024 0.579 0.559 1.349 0.000 0.583 0.000 1.983 0.001 0.822 1.582 1.441 1.461 1.271 0.721 1.120 0.611 1.711 1.781 0.304 0.577 0.000 0.477 1.037 0.927 0.000 0.818 0.998 1.028 1.148 0.928 0.918 0.608 0.059 0.507 0.707 0.267 0.000 0.435 0.075 0.205 0.129 0.043 0.008 0.005 0.004 0.017 0.008 0.000 0.081 0.017 0.019 0.042 0.002 0.067 0.099 0.269 0.184 0.001 0.192 0.000 0.000
0.000 0.001 0.000 1.294 1.014 0.134 0.000 1.086 0.986 0.605 0.000 0.860 1.069 1.169 1.499 1.589 1.469 1.019 1.219 0.167 0.623 1.292 1.632 0.372 1.362 0.042 1.711 1.151 1.370 1.220 1.670 0.100 0.840 2.410 0.361 0.301 0.727 0.000 1.047 0.887 1.187 0.000 0.888 1.218 1.208 1.058 1.108 0.907 1.797 0.196 0.636 0.536 0.176 0.237 0.008 0.063 0.066 0.006 0.010 0.000 0.084 0.006 0.006 0.253 0.000 0.002 0.064 0.000 0.038 0.264 0.044 0.249 0.033 0.050 0.003 0.000 0.477
0.001 0.000 0.009 0.004 0.000 0.000 0.135 0.545 0.036 0.994 0.537 1.219 1.309 0.279 1.518 1.368 0.838 1.408 0.508 0.607 0.074 1.902 0.381 0.810 0.190 1.380 0.860 0.130 1.340 1.390 1.209 0.708 1.448 0.808 1.378 0.078 1.497 0.207 0.000 0.727 1.097 1.377 0.000 1.048 1.148 1.068 0.668 0.877 1.336 1.266 0.615 0.635 0.515 0.255 0.017 0.038 0.000 0.000 0.090 0.007 0.003 0.000 0.243 0.005 0.002 0.000 0.000 0.002 0.077 0.264 0.001 0.070 0.223 0.153 0.122 0.038 0.004
0.093 0.000 0.000 0.004 0.052 0.000 0.004 0.933 1.453 1.263 0.000 1.039 1.139 0.188 1.498 0.998 0.668 1.348 0.267 0.495 1.322 1.692 0.460 0.730 0.849 0.040 1.489 0.001 0.169 1.149 1.218 1.128 1.408 1.618 1.797 3.067 0.485 0.085 0.036 0.704 0.197 0.997 1.227 0.000 1.058 1.068 0.048 0.747 0.076 1.575 0.615 0.614 0.524 0.383 0.042 0.056 0.028 0.004 0.000 0.003 0.003 0.002 0.000 0.004 0.085 0.000 0.000 0.010 0.015 0.000 0.318 0.138 0.422 0.281 0.230 0.002 0.073
