includes/lisflood-fp-604/results/res-0001.wdfp
ncols         631
nrows         906
xllcorner     364927.146667
yllcorner     6531972.565556
cellsize      20.000000
NODATA_value  -9999.000000
[rows 340 to 373 of 906, columns 539 to 615 of 631]
6.258 6.258 6.259 6.259 6.260 6.260 6.261 6.261 6.262 6.262 6.263 6.263 6.263 6.264 6.264 6.265 6.265 6.266 6.266 6.266 6.267 6.267 6.268 6.268 6.268 6.269 6.269 6.270 6.270 6.270 6.271 6.271 6.272 6.272 6.272 6.273 6.273 6.274 6.274 6.274 6.275 6.275 6.276 6.276 6.276 6.277 6.277 6.278 6.278 6.279 6.279 6.279 6.280 6.280 6.281 6.281 6.282 6.282 6.282 6.283 6.283 6.284 6.284 6.284 6.285 6.285 6.286 6.286 6.287 6.287 6.287 6.288 6.288 6.289 6.289 6.290 6.290
6.258 6.259 6.259 6.260 6.260 6.261 6.261 6.261 6.262 6.262 6.263 6.263 6.264 6.264 6.264 6.265 6.265 6.266 6.266 6.267 6.267 6.267 6.268 6.268 6.269 6.269 6.269 6.270 6.270 6.270 6.271 6.271 6.272 6.272 6.273 6.273 6.273 6.274 6.274 6.274 6.275 6.275 6.276 6.276 6.276 6.277 6.277 6.278 6.278 6.279 6.279 6.279 6.280 6.280 6.281 6.281 6.282 6.282 6.282 6.283 6.283 6.284 6.284 6.284 6.285 6.285 6.286 6.286 6.287 6.287 6.287 6.288 6.288 6.289 6.289 6.290 6.290
6.259 6.259 6.259 6.260 6.260 6.261 6.261 6.262 6.262 6.262 6.263 6.263 6.264 6.264 6.265 6.265 6.265 6.266 6.266 6.267 6.267 6.267 6.268 6.268 6.269 6.269 6.269 6.270 6.270 6.271 6.271 6.271 6.272 6.272 6.273 6.273 6.273 6.274 6.274 6.275 6.275 6.275 6.276 6.276 6.277 6.277 6.277 6.278 6.278 6.279 6.279 6.279 6.280 6.280 6.281 6.281 6.282 6.282 6.282 6.283 6.283 6.284 6.284 6.284 6.285 6.285 6.286 6.286 6.287 6.287 6.287 6.288 6.288 6.289 6.289 6.290 6.290
6.259 6.259 6.260 6.260 6.260 6.261 6.261 6.262 6.262 6.263 6.263 6.264 6.264 6.264 6.265 6.265 6.266 6.266 6.266 6.267 6.267 6.268 6.268 6.268 6.269 6.269 6.270 6.270 6.270 6.271 6.271 6.271 6.272 6.272 6.273 6.273 6.273 6.274 6.274 6.275 6.275 6.275 6.276 6.276 6.277 6.277 6.277 6.278 6.278 6.279 6.279 6.279 6.280 6.280 6.281 6.281 6.282 6.282 6.282 6.283 6.283 6.284 6.284 6.284 6.285 6.285 6.286 6.286 6.287 6.287 6.287 6.288 6.288 6.289 6.289 6.290 6.290
6.259 6.259 6.260 6.260 6.261 6.261 6.262 6.262 6.262 6.263 6.263 6.264 6.264 6.265 6.265 6.265 6.266 6.266 6.267 6.267 6.267 6.268 6.268 6.268 6.269 6.269 6.270 6.270 6.270 6.271 6.271 6.272 6.272 6.272 6.273 6.273 6.273 6.274 6.274 6.275 6.275 6.275 6.276 6.276 6.277 6.277 6.277 6.278 6.278 6.279 6.279 6.279 6.280 6.280 6.281 6.281 6.282 6.282 6.282 6.283 6.283 6.284 6.284 6.284 6.285 6.285 6.286 6.286 6.286 6.287 6.287 6.288 6.288 6.289 6.289 6.290 6.290
6.259 6.260 6.260 6.260 6.261 6.261 6.262 6.262 6.263 6.263 6.264 6.264 6.264 6.265 6.265 6.266 6.266 6.266 6.267 6.267 6.267 6.268 6.268 6.269 6.269 6.269 6.270 6.270 6.270 6.271 6.271 6.272 6.272 6.272 6.273 6.273 6.274 6.274 6.274 6.275 6.275 6.275 6.276 6.276 6.277 6.277 6.277 6.278 6.278 6.279 6.279 6.279 6.280 6.280 6.281 6.281 6.282 6.282 6.282 6.283 6.283 6.284 6.284 6.284 6.285 6.285 6.286 6.286 6.286 6.287 6.287 6.288 6.288 6.289 6.289 6.290 6.290
6.259 6.260 6.260 6.261 6.261 6.262 6.262 6.262 6.263 6.263 6.264 6.264 6.265 6.265 6.265 6.266 6.266 6.266 6.267 6.267 6.268 6.268 6.268 6.269 6.269 6.269 6.270 6.270 6.271 6.271 6.271 6.272 6.272 6.272 6.273 6.273 6.274 6.274 6.274 6.275 6.275 6.276 6.276 6.276 6.277 6.277 6.278 6.278 6.278 6.279 6.279 6.279 6.280 6.280 6.281 6.281 6.282 6.282 6.282 6.283 6.283 6.284 6.284 6.284 6.285 6.285 6.286 6.286 6.286 6.287 6.287 6.288 6.288 6.289 6.289 6.290 6.290
6.260 6.260 6.261 6.261 6.261 6.262 6.262 6.263 6.263 6.263 6.264 6.264 6.265 6.265 6.265 6.266 6.266 6.267 6.267 6.267 6.268 6.268 6.268 6.269 6.269 6.269 6.270 6.270 6.271 6.271 6.271 6.272 6.272 6.272 6.273 6.273 6.274 6.274 6.275 6.275 6.275 6.276 6.276 6.276 6.277 6.277 6.278 6.278 6.278 6.279 6.279 6.279 6.280 6.280 6.281 6.281 6.282 6.282 6.282 6.283 6.283 6.284 6.284 6.284 6.285 6.285 6.286 6.286 6.286 6.287 6.287 6.288 6.288 6.289 6.289 6.290 6.290
6.260 6.260 6.261 6.261 6.262 6.262 6.262 6.263 6.263 6.264 6.264 6.264 6.265 6.265 6.266 6.266 6.266 6.267 6.267 6.267 6.268 6.268 6.269 6.269 6.269 6.270 6.270 6.270 6.271 6.271 6.271 6.272 6.272 6.273 6.273 6.273 6.274 6.274 6.275 6.275 6.275 6.276 6.276 6.276 6.277 6.277 6.278 6.278 6.278 6.279 6.279 6.279 6.280 6.280 6.281 6.281 6.282 6.282 6.282 6.283 6.283 6.284 6.284 6.284 6.285 6.285 6.286 6.286 6.286 6.287 6.287 6.288 6.288 6.289 6.289 6.290 6.290
6.260 6.261 6.261 6.261 6.262 6.262 6.263 6.263 6.263 6.264 6.264 6.265 6.265 6.265 6.266 6.266 6.266 6.267 6.267 6.267 6.268 6.268 6.269 6.269 6.269 6.270 6.270 6.270 6.271 6.271 6.272 6.272 6.272 6.273 6.273 6.273 6.274 6.274 6.275 6.275 6.275 6.276 6.276 6.277 6.277 6.277 6.278 6.278 6.278 6.279 6.279 6.280 6.280 6.280 6.281 6.281 6.282 6.282 6.282 6.283 6.283 6.284 6.284 6.284 6.285 6.285 6.286 6.286 6.287 6.287 6.287 6.288 6.288 6.289 6.289 6.290 6.290
6.260 6.261 6.261 6.262 6.262 6.262 6.263 6.263 6.263 6.264 6.264 6.265 6.265 6.266 6.266 6.266 6.267 6.267 6.267 6.268 6.268 6.268 6.269 6.269 6.269 6.270 6.270 6.270 6.271 6.271 6.272 6.272 6.272 6.273 6.273 6.273 6.274 6.274 6.275 6.275 6.275 6.276 6.276 6.277 6.277 6.277 6.278 6.278 6.278 6.279 6.279 6.280 6.280 6.280 6.281 6.281 6.282 6.282 6.282 6.283 6.283 6.284 6.284 6.284 6.285 6.285 6.286 6.286 6.287 6.287 6.287 6.288 6.288 6.289 6.289 6.290 6.290
6.261 6.261 6.261 6.262 6.262 6.262 6.263 6.263 6.264 6.264 6.265 6.265 6.265 6.266 6.266 6.266 6.267 6.267 6.267 6.268 6.268 6.268 6.269 6.269 6.269 6.270 6.270 6.271 6.271 6.271 6.272 6.272 6.272 6.273 6.273 6.274 6.274 6.274 6.275 6.275 6.275 6.276 6.276 6.277 6.277 6.277 6.278 6.278 6.278 6.279 6.279 6.280 6.280 6.280 6.281 6.281 6.282 6.282 6.282 6.283 6.283 6.284 6.284 6.285 6.285 6.285 6.286 6.286 6.287 6.287 6.287 6.288 6.288 6.289 6.289 6.290 6.290
6.261 6.261 6.262 6.262 6.262 6.263 6.263 6.263 6.264 6.264 6.265 6.265 6.265 6.266 6.266 6.267 6.267 6.267 6.268 6.268 6.268 6.268 6.269 6.269 6.269 6.270 6.270 6.271 6.271 6.271 6.272 6.272 6.272 6.273 6.273 6.274 6.274 6.274 6.275 6.275 6.276 6.276 6.276 6.277 6.277 6.277 6.278 6.278 6.278 6.279 6.279 6.280 6.280 6.280 6.281 6.281 6.282 6.282 6.282 6.283 6.283 6.284 6.284 6.285 6.285 6.285 6.286 6.286 6.287 6.287 6.288 6.288 6.288 6.289 6.289 6.290 6.290
6.261 6.261 6.262 6.262 6.263 6.263 6.263 6.264 6.264 6.264 6.265 6.265 6.266 6.266 6.266 6.267 6.267 6.267 6.268 6.268 6.268 6.269 6.269 6.269 6.270 6.270 6.270 6.271 6.271 6.271 6.272 6.272 6.273 6.273 6.273 6.274 6.274 6.275 6.275 6.275 6.276 6.276 6.276 6.277 6.277 6.278 6.278 6.278 6.279 6.279 6.279 6.280 6.280 6.280 6.281 6.281 6.282 6.282 6.282 6.283 6.283 6.284 6.284 6.285 6.285 6.286 6.286 6.286 6.287 6.287 6.288 6.288 6.288 6.289 6.289 6.290 6.290
6.261 6.262 6.262 6.262 6.263 6.263 6.263 6.264 6.264 6.264 6.265 6.265 6.266 6.266 6.266 6.267 6.267 6.267 6.268 6.268 6.268 6.269 6.269 6.269 6.270 6.270 6.270 6.271 6.271 6.272 6.272 6.272 6.273 6.273 6.273 6.274 6.274 6.275 6.275 6.275 6.276 6.276 6.277 6.277 6.277 6.278 6.278 6.278 6.279 6.279 6.279 6.280 6.280 6.281 6.281 6.281 6.282 6.282 6.282 6.283 6.283 6.284 6.284 6.285 6.285 6.286 6.286 6.286 6.287 6.287 6.288 6.288 6.288 6.289 6.289 6.290 6.290
6.262 6.262 6.262 6.263 6.263 6.263 6.264 6.264 6.264 6.265 6.265 6.265 6.266 6.266 6.266 6.267 6.267 6.268 6.268 6.268 6.269 6.269 6.269 6.269 6.270 6.270 6.271 6.271 6.271 6.272 6.272 6.272 6.273 6.273 6.274 6.274 6.274 6.275 6.275 6.276 6.276 6.276 6.277 6.277 6.277 6.278 6.278 6.278 6.279 6.279 6.280 6.280 6.280 6.281 6.281 6.281 6.282 6.282 6.282 6.283 6.283 6.284 6.284 6.285 6.285 6.286 6.286 6.286 6.287 6.287 6.288 6.288 6.288 6.289 6.289 6.290 6.290
6.262 6.262 6.262 6.263 6.263 6.263 6.264 6.264 6.265 6.265 6.265 6.265 6.266 6.266 6.267 6.267 6.267 6.268 6.268 6.268 6.269 6.269 6.269 6.270 6.270 6.270 6.271 6.271 6.271 6.272 6.272 6.273 6.273 6.273 6.274 6.274 6.274 6.275 6.275 6.276 6.276 6.276 6.277 6.277 6.277 6.278 6.278 6.279 6.279 6.279 6.280 6.280 6.280 6.281 6.281 6.281 6.282 6.282 6.283 6.283 6.283 6.284 6.284 6.285 6.285 6.285 6.286 6.286 6.287 6.287 6.288 6.288 6.288 6.289 6.289 6.290 6.290
6.262 6.262 6.263 6.263 6.263 6.264 6.264 6.264 6.265 6.265 6.265 6.266 6.266 6.266 6.267 6.267 6.267 6.268 6.268 6.268 6.269 6.269 6.269 6.270 6.270 6.271 6.271 6.271 6.272 6.272 6.272 6.273 6.273 6.273 6.274 6.274 6.275 6.275 6.275 6.276 6.276 6.276 6.277 6.277 6.278 6.278 6.278 6.279 6.279 6.279 6.280 6.280 6.280 6.281 6.281 6.282 6.282 6.282 6.283 6.283 6.283 6.284 6.284 6.285 6.285 6.285 6.286 6.286 6.287 6.287 6.288 6.288 6.288 6.289 6.289 6.290 6.290
6.262 6.263 6.263 6.263 6.264 6.264 6.264 6.265 6.265 6.265 6.266 6.266 6.266 6.266 6.267 6.267 6.267 6.268 6.268 6.268 6.269 6.269 6.270 6.270 6.270 6.271 6.271 6.271 6.272 6.272 6.273 6.273 6.273 6.274 6.274 6.274 6.275 6.275 6.276 6.276 6.276 6.277 6.277 6.277 6.278 6.278 6.278 6.279 6.279 6.279 6.280 6.280 6.281 6.281 6.281 6.282 6.282 6.282 6.283 6.283 6.283 6.284 6.284 6.285 6.285 6.285 6.286 6.286 6.287 6.287 6.288 6.288 6.288 6.289 6.289 6.290 6.290
6.262 6.263 6.263 6.263 6.264 6.264 6.264 6.265 6.265 6.265 6.266 6.266 6.266 6.267 6.267 6.267 6.268 6.268 6.268 6.269 6.269 6.269 6.270 6.270 6.270 6.271 6.271 6.272 6.272 6.272 6.273 6.273 6.273 6.274 6.274 6.275 6.275 6.275 6.276 6.276 6.276 6.277 6.277 6.277 6.278 6.278 6.278 6.279 6.279 6.280 6.280 6.280 6.281 6.281 6.281 6.282 6.282 6.282 6.283 6.283 6.283 6.284 6.284 6.285 6.285 6.285 6.286 6.286 6.287 6.287 6.288 6.288 6.289 6.289 6.289 6.290 6.290
6.263 6.263 6.263 6.264 6.264 6.264 6.265 6.265 6.265 6.265 6.266 6.266 6.266 6.267 6.267 6.267 6.268 6.268 6.268 6.269 6.269 6.269 6.270 6.270 6.271 6.271 6.271 6.272 6.272 6.272 6.273 6.273 6.274 6.274 6.274 6.275 6.275 6.276 6.276 6.276 6.276 6.277 6.277 6.277 6.278 6.278 6.279 6.279 6.279 6.280 6.280 6.280 6.281 6.281 6.282 6.282 6.282 6.283 6.283 6.283 6.284 6.284 6.284 6.285 6.285 6.285 6.286 6.286 6.287 6.287 6.288 6.288 6.289 6.289 6.289 6.290 6.290
6.263 6.263 6.263 6.264 6.264 6.264 6.265 6.265 6.265 6.266 6.266 6.266 6.267 6.267 6.267 6.268 6.268 6.268 6.269 6.269 6.269 6.270 6.270 6.270 6.271 6.271 6.271 6.272 6.272 6.273 6.273 6.273 6.274 6.274 6.275 6.275 6.275 6.276 6.276 6.276 6.277 6.277 6.277 6.278 6.278 6.278 6.279 6.279 6.280 6.280 6.280 6.281 6.281 6.281 6.282 6.282 6.282 6.283 6.283 6.283 6.284 6.284 6.284 6.285 6.285 6.286 6.286 6.286 6.287 6.287 6.288 6.288 6.289 6.289 6.290 6.290 6.291
6.263 6.263 6.264 6.264 6.264 6.265 6.265 6.265 6.266 6.266 6.266 6.267 6.267 6.267 6.267 6.268 6.268 6.268 6.269 6.269 6.269 6.270 6.270 6.271 6.271 6.271 6.272 6.272 6.272 6.273 6.273 6.274 6.274 6.274 6.275 6.275 6.275 6.276 6.276 6.277 6.277 6.277 6.278 6.278 6.278 6.279 6.279 6.279 6.280 6.280 6.280 6.281 6.281 6.281 6.282 6.282 6.283 6.283 6.283 6.283 6.284 6.284 6.284 6.285 6.285 6.286 6.286 6.287 6.287 6.287 6.288 6.288 6.289 6.289 6.290 6.290 6.291
6.263 6.264 6.264 6.264 6.265 6.265 6.265 6.266 6.266 6.266 6.266 6.267 6.267 6.267 6.268 6.268 6.268 6.269 6.269 6.269 6.270 6.270 6.270 6.271 6.271 6.271 6.272 6.272 6.272 6.273 6.273 6.274 6.274 6.274 6.275 6.275 6.276 6.276 6.276 6.277 6.277 6.277 6.278 6.278 6.278 6.279 6.279 6.279 6.280 6.280 6.281 6.281 6.281 6.282 6.282 6.282 6.283 6.283 6.283 6.284 6.284 6.284 6.285 6.285 6.285 6.286 6.286 6.287 6.287 6.287 6.288 6.288 6.289 6.289 6.290 6.290 6.291
6.263 6.264 6.264 6.264 6.265 6.265 6.266 6.266 6.266 6.266 6.267 6.267 6.267 6.268 6.268 6.268 6.269 6.269 6.269 6.270 6.270 6.270 6.270 6.271 6.271 6.272 6.272 6.272 6.273 6.273 6.273 6.274 6.274 6.274 6.275 6.275 6.276 6.276 6.276 6.277 6.277 6.278 6.278 6.278 6.279 6.279 6.279 6.280 6.280 6.280 6.281 6.281 6.281 6.282 6.282 6.282 6.283 6.283 6.284 6.284 6.284 6.285 6.285 6.285 6.286 6.286 6.286 6.287 6.287 6.288 6.288 6.289 6.289 6.289 6.290 6.290 6.291
6.264 6.264 6.264 6.265 6.265 6.265 6.266 6.266 6.266 6.267 6.267 6.267 6.267 6.268 6.268 6.268 6.269 6.269 6.269 6.270 6.270 6.270 6.271 6.271 6.271 6.272 6.272 6.272 6.273 6.273 6.274 6.274 6.274 6.275 6.275 6.275 6.276 6.276 6.277 6.277 6.277 6.278 6.278 6.278 6.279 6.279 6.279 6.280 6.280 6.281 6.281 6.281 6.282 6.282 6.282 6.283 6.283 6.283 6.284 6.284 6.284 6.285 6.285 6.285 6.286 6.286 6.287 6.287 6.287 6.288 6.288 6.289 6.289 6.290 6.290 6.291 6.291
6.264 6.264 6.265 6.265 6.265 6.266 6.266 6.266 6.267 6.267 6.267 6.267 6.268 6.268 6.268 6.269 6.269 6.269 6.270 6.270 6.270 6.271 6.271 6.271 6.271 6.272 6.272 6.273 6.273 6.273 6.274 6.274 6.274 6.275 6.275 6.276 6.276 6.276 6.277 6.277 6.278 6.278 6.278 6.279 6.279 6.279 6.280 6.280 6.280 6.281 6.281 6.281 6.282 6.282 6.282 6.283 6.283 6.283 6.284 6.284 6.285 6.285 6.285 6.286 6.286 6.286 6.287 6.287 6.288 6.288 6.288 6.289 6.289 6.290 6.290 6.291 6.291
6.264 6.265 6.265 6.265 6.266 6.266 6.266 6.266 6.267 6.267 6.267 6.268 6.268 6.268 6.268 6.269 6.269 6.269 6.270 6.270 6.270 6.271 6.271 6.271 6.272 6.272 6.272 6.273 6.273 6.274 6.274 6.274 6.275 6.275 6.275 6.276 6.276 6.276 6.277 6.277 6.278 6.278 6.278 6.279 6.279 6.279 6.280 6.280 6.281 6.281 6.281 6.282 6.282 6.282 6.283 6.283 6.283 6.284 6.284 6.284 6.285 6.285 6.285 6.286 6.286 6.287 6.287 6.287 6.288 6.288 6.289 6.289 6.289 6.290 6.290 6.291 6.291
6.265 6.265 6.265 6.266 6.266 6.266 6.266 6.267 6.267 6.267 6.268 6.268 6.268 6.268 6.269 6.269 6.269 6.270 6.270 6.270 6.271 6.271 6.271 6.272 6.272 6.272 6.273 6.273 6.273 6.274 6.274 6.274 6.275 6.275 6.276 6.276 6.276 6.277 6.277 6.277 6.278 6.278 6.278 6.279 6.279 6.280 6.280 6.280 6.281 6.281 6.281 6.282 6.282 6.283 6.283 6.283 6.283 6.284 6.284 6.285 6.285 6.285 6.286 6.286 6.286 6.287 6.287 6.288 6.288 6.288 6.289 6.289 6.290 6.290 6.290 6.291 6.291
6.265 6.265 6.265 6.266 6.266 6.266 6.267 6.267 6.267 6.267 6.268 6.268 6.268 6.269 6.269 6.269 6.270 6.270 6.270 6.270 6.271 6.271 6.271 6.272 6.272 6.273 6.273 6.273 6.274 6.274 6.274 6.275 6.275 6.275 6.276 6.276 6.276 6.277 6.277 6.277 6.278 6.278 6.279 6.279 6.279 6.280 6.280 6.280 6.281 6.281 6.282 6.282 6.282 6.283 6.283 6.283 6.284 6.284 6.284 6.285 6.285 6.285 6.286 6.286 6.287 6.287 6.287 6.288 6.288 6.288 6.289 6.289 6.290 6.290 6.291 6.291 6.291
6.265 6.265 6.266 6.266 6.266 6.267 6.267 6.267 6.267 6.268 6.268 6.268 6.269 6.269 6.269 6.269 6.270 6.270 6.270 6.271 6.271 6.271 6.272 6.272 6.272 6.273 6.273 6.273 6.274 6.274 6.275 6.275 6.275 6.276 6.276 6.276 6.277 6.277 6.277 6.278 6.278 6.278 6.279 6.279 6.280 6.280 6.280 6.281 6.281 6.281 6.282 6.282 6.282 6.283 6.283 6.283 6.284 6.284 6.285 6.285 6.285 6.286 6.286 6.286 6.287 6.287 6.287 6.288 6.288 6.289 6.289 6.289 6.290 6.290 6.291 6.291 6.291
6.265 6.266 6.266 6.266 6.266 6.267 6.267 6.267 6.268 6.268 6.268 6.268 6.269 6.269 6.269 6.270 6.270 6.270 6.271 6.271 6.271 6.272 6.272 6.272 6.273 6.273 6.273 6.274 6.274 6.274 6.275 6.275 6.275 6.276 6.276 6.276 6.277 6.277 6.277 6.278 6.278 6.279 6.279 6.279 6.280 6.280 6.280 6.281 6.281 6.281 6.282 6.282 6.283 6.283 6.283 6.284 6.284 6.284 6.285 6.285 6.285 6.286 6.286 6.287 6.287 6.287 6.288 6.288 6.288 6.289 6.289 6.289 6.290 6.290 6.291 6.291 6.292
6.266 6.266 6.266 6.266 6.267 6.267 6.267 6.267 6.268 6.268 6.268 6.268 6.269 6.269 6.270 6.270 6.270 6.271 6.271 6.271 6.271 6.272 6.272 6.272 6.273 6.273 6.273 6.274 6.274 6.274 6.275 6.275 6.276 6.276 6.276 6.277 6.277 6.277 6.278 6.278 6.278 6.279 6.279 6.280 6.280 6.280 6.281 6.281 6.281 6.282 6.282 6.282 6.283 6.283 6.283 6.284 6.284 6.285 6.285 6.285 6.286 6.286 6.286 6.287 6.287 6.287 6.288 6.288 6.288 6.289 6.289 6.290 6.290 6.290 6.291 6.291 6.292
6.266 6.266 6.266 6.267 6.267 6.267 6.267 6.268 6.268 6.268 6.268 6.269 6.269 6.269 6.270 6.270 6.270 6.271 6.271 6.271 6.272 6.272 6.272 6.273 6.273 6.273 6.274 6.274 6.274 6.275 6.275 6.275 6.276 6.276 6.276 6.277 6.277 6.278 6.278 6.278 6.279 6.279 6.279 6.280 6.280 6.280 6.281 6.281 6.281 6.282 6.282 6.283 6.283 6.283 6.284 6.284 6.284 6.285 6.285 6.285 6.286 6.286 6.286 6.287 6.287 6.287 6.288 6.288 6.289 6.289 6.289 6.290 6.290 6.290 6.291 6.291 6.292
