includes/lisflood-fp-604/results/res-0008.wdfp
ncols         631
nrows         906
xllcorner     364927.146667
yllcorner     6531972.565556
cellsize      20.000000
NODATA_value  -9999.000000
[rows 340 to 373 of 906, columns 462 to 538 of 631]
0.278 0.295 0.263 0.162 0.101 0.183 0.278 0.264 0.235 0.239 0.251 0.245 5.238 5.238 5.238 5.238 5.237 5.237 5.237 5.237 5.237 5.237 5.237 5.237 5.236 5.236 5.236 5.236 5.236 5.236 5.236 5.235 5.235 5.235 5.235 5.235 5.235 5.234 5.234 5.234 5.234 5.234 5.234 5.233 5.233 5.233 5.233 5.233 5.232 5.232 5.232 5.232 5.232 5.231 5.231 5.231 5.231 5.231 5.230 5.230 5.230 5.230 5.230 5.230 5.229 5.229 5.229 5.229 5.229 5.229 5.229 5.228 5.228 5.228 5.228 5.228 5.228
0.045 0.181 0.043 0.117 0.243 5.287 0.280 0.275 0.268 0.262 0.255 0.249 0.243 5.238 5.238 5.237 5.237 5.237 5.237 5.237 5.237 5.237 5.237 5.236 5.236 5.236 5.236 5.236 5.236 5.236 5.235 5.235 5.235 5.235 5.235 5.235 5.234 5.234 5.234 5.234 5.234 5.234 5.233 5.233 5.233 5.233 5.233 5.232 5.232 5.232 5.232 5.232 5.231 5.231 5.231 5.231 5.231 5.230 5.230 5.230 5.230 5.230 5.230 5.229 5.229 5.229 5.229 5.229 5.229 5.229 5.228 5.228 5.228 5.228 5.228 5.228 5.228
0.134 0.107 0.247 0.305 0.208 0.291 0.146 0.276 0.202 0.245 0.219 0.252 0.247 5.237 5.237 5.237 5.237 5.237 5.237 5.237 5.237 5.237 5.236 5.236 5.236 5.236 5.236 5.236 5.236 5.235 5.235 5.235 5.235 5.235 5.235 5.234 5.234 5.234 5.234 5.234 5.234 5.233 5.233 5.233 5.233 5.233 5.232 5.232 5.232 5.232 5.232 5.231 5.231 5.231 5.231 5.231 5.230 5.230 5.230 5.230 5.230 5.230 5.229 5.229 5.229 5.229 5.229 5.229 5.229 5.228 5.228 5.228 5.228 5.228 5.228 5.227 5.227
0.230 0.168 0.089 0.189 0.232 0.158 0.214 0.148 0.170 0.209 5.261 0.256 0.251 0.242 5.237 5.237 5.237 5.237 5.237 5.237 5.237 5.236 5.236 5.236 5.236 5.236 5.236 5.236 5.235 5.235 5.235 5.235 5.235 5.235 5.235 5.234 5.234 5.234 5.234 5.234 5.233 5.233 5.233 5.233 5.233 5.232 5.232 5.232 5.232 5.232 5.231 5.231 5.231 5.231 5.231 5.231 5.230 5.230 5.230 5.230 5.230 5.229 5.229 5.229 5.229 5.229 5.229 5.228 5.228 5.228 5.228 5.228 5.228 5.228 5.227 5.227 5.227
0.143 0.178 0.195 0.219 0.094 0.118 0.151 0.276 0.291 0.188 0.263 0.248 0.255 0.149 0.239 5.237 5.237 5.237 5.237 5.237 5.236 5.236 5.236 5.236 5.236 5.236 5.236 5.236 5.235 5.235 5.235 5.235 5.235 5.235 5.234 5.234 5.234 5.234 5.234 5.233 5.233 5.233 5.233 5.233 5.232 5.232 5.232 5.232 5.232 5.231 5.231 5.231 5.231 5.231 5.231 5.230 5.230 5.230 5.230 5.230 5.229 5.229 5.229 5.229 5.229 5.229 5.228 5.228 5.228 5.228 5.228 5.228 5.227 5.227 5.227 5.227 5.227
0.083 0.097 0.121 0.154 0.250 0.197 0.159 0.292 0.187 0.141 0.111 0.153 0.247 0.152 0.241 0.199 5.237 5.237 5.237 5.236 5.236 5.236 5.236 5.236 5.236 5.236 5.236 5.235 5.235 5.235 5.235 5.235 5.235 5.234 5.234 5.234 5.234 5.234 5.233 5.233 5.233 5.233 5.233 5.232 5.232 5.232 5.232 5.232 5.232 5.231 5.231 5.231 5.231 5.231 5.230 5.230 5.230 5.230 5.230 5.229 5.229 5.229 5.229 5.229 5.229 5.228 5.228 5.228 5.228 5.228 5.228 5.227 5.227 5.227 5.227 5.227 5.227
0.104 0.234 0.121 0.124 0.154 0.198 0.262 0.307 0.107 0.190 0.108 0.082 0.258 0.166 0.117 0.141 5.237 5.237 5.236 5.236 5.236 5.236 5.236 5.236 5.236 5.236 5.236 5.235 5.235 5.235 5.235 5.235 5.235 5.234 5.234 5.234 5.234 5.233 5.233 5.233 5.233 5.233 5.233 5.232 5.232 5.232 5.232 5.232 5.231 5.231 5.231 5.231 5.231 5.230 5.230 5.230 5.230 5.230 5.229 5.229 5.229 5.229 5.229 5.229 5.228 5.228 5.228 5.228 5.228 5.228 5.227 5.227 5.227 5.227 5.227 5.227 5.226
0.108 0.048 0.102 0.107 0.077 0.177 0.126 0.093 0.220 0.107 0.125 0.058 0.229 0.189 0.056 5.242 0.169 5.236 5.236 5.236 5.236 5.236 5.236 5.236 5.236 5.236 5.235 5.235 5.235 5.235 5.235 5.235 5.234 5.234 5.234 5.234 5.233 5.233 5.233 5.233 5.233 5.233 5.232 5.232 5.232 5.232 5.232 5.231 5.231 5.231 5.231 5.231 5.230 5.230 5.230 5.230 5.230 5.229 5.229 5.229 5.229 5.229 5.229 5.228 5.228 5.228 5.228 5.228 5.227 5.227 5.227 5.227 5.227 5.227 5.226 5.226 5.226
0.098 0.117 0.108 0.149 0.260 0.110 0.176 0.094 0.129 0.099 0.118 0.189 0.047 0.140 0.157 0.139 0.239 5.236 5.236 5.236 5.236 5.236 5.236 5.236 5.236 5.236 5.235 5.235 5.235 5.235 5.235 5.234 5.234 5.234 5.234 5.234 5.233 5.233 5.233 5.233 5.233 5.232 5.232 5.232 5.232 5.232 5.231 5.231 5.231 5.231 5.231 5.230 5.230 5.230 5.230 5.230 5.229 5.229 5.229 5.229 5.229 5.228 5.228 5.228 5.228 5.228 5.228 5.227 5.227 5.227 5.227 5.227 5.227 5.226 5.226 5.226 5.226
0.119 0.118 0.247 0.104 0.051 0.202 0.058 0.080 0.101 0.091 0.092 0.123 0.036 0.113 0.064 0.153 0.063 0.083 5.236 0.167 5.236 5.236 5.236 5.236 5.236 5.235 5.235 5.235 5.235 5.235 5.235 5.234 5.234 5.234 5.234 5.234 5.233 5.233 5.233 5.233 5.232 5.232 5.232 5.232 5.232 5.231 5.231 5.231 5.231 5.231 5.230 5.230 5.230 5.230 5.230 5.229 5.229 5.229 5.229 5.229 5.228 5.228 5.228 5.228 5.228 5.227 5.227 5.227 5.227 5.227 5.227 5.226 5.226 5.226 5.226 5.226 5.226
0.202 0.147 0.213 0.063 0.125 0.099 0.058 0.104 0.021 0.083 0.094 0.244 0.124 0.003 0.092 0.061 0.028 0.151 0.057 0.156 0.097 0.185 0.135 0.201 5.236 5.235 5.235 5.235 5.235 5.235 5.234 5.234 5.234 5.234 5.234 5.233 5.233 5.233 5.233 5.232 5.232 5.232 5.232 5.232 5.231 5.231 5.231 5.231 5.231 5.230 5.230 5.230 5.230 5.229 5.229 5.229 5.229 5.229 5.229 5.228 5.228 5.228 5.228 5.228 5.227 5.227 5.227 5.227 5.227 5.227 5.226 5.226 5.226 5.226 5.226 5.226 5.226
0.379 0.110 0.112 0.186 0.025 0.053 0.103 0.038 0.320 0.031 0.089 0.171 0.015 0.022 0.034 0.017 0.098 0.113 0.142 0.082 0.083 0.165 0.163 5.249 0.135 0.240 5.235 5.235 5.235 5.235 5.234 5.234 5.234 5.234 5.234 5.233 5.233 5.233 5.233 5.232 5.232 5.232 5.232 5.231 5.231 5.231 5.231 5.231 5.230 5.230 5.230 5.230 5.229 5.229 5.229 5.229 5.229 5.228 5.228 5.228 5.228 5.228 5.228 5.227 5.227 5.227 5.227 5.227 5.227 5.226 5.226 5.226 5.226 5.226 5.226 5.225 5.225
0.147 0.092 0.142 0.146 0.121 0.047 0.021 0.137 0.086 0.089 0.125 0.086 0.116 0.000 0.091 0.070 0.085 0.107 0.134 0.121 0.073 0.203 0.170 0.158 0.124 0.249 0.176 0.242 0.240 5.235 5.234 5.234 5.234 5.234 5.233 5.233 5.233 5.233 5.232 5.232 5.232 5.232 5.231 5.231 5.231 5.231 5.231 5.230 5.230 5.230 5.230 5.229 5.229 5.229 5.229 5.229 5.228 5.228 5.228 5.228 5.228 5.228 5.227 5.227 5.227 5.227 5.227 5.226 5.226 5.226 5.226 5.226 5.226 5.226 5.225 5.225 5.225
0.035 0.139 0.009 0.217 0.127 0.128 0.026 0.065 0.093 0.052 0.029 0.190 0.026 0.180 0.061 0.002 0.036 0.129 0.288 0.054 0.114 0.268 0.146 0.203 0.220 5.256 0.194 0.250 0.247 0.244 0.241 5.234 5.234 5.233 5.233 5.233 5.233 5.233 5.232 5.232 5.232 5.232 5.231 5.231 5.231 5.231 5.230 5.230 5.230 5.230 5.230 5.229 5.229 5.229 5.229 5.228 5.228 5.228 5.228 5.228 5.228 5.227 5.227 5.227 5.227 5.227 5.226 5.226 5.226 5.226 5.226 5.226 5.225 5.225 5.225 5.225 5.225
0.172 0.095 0.131 0.174 0.124 0.058 0.079 0.033 0.137 0.177 0.065 0.211 0.130 0.056 0.084 0.128 0.208 0.044 0.075 0.095 0.098 0.241 0.150 0.187 0.164 0.260 0.259 0.256 0.254 0.251 0.248 0.244 0.240 5.233 5.233 5.233 5.233 5.232 5.232 5.232 5.232 5.231 5.231 5.231 5.231 5.230 5.230 5.230 5.230 5.230 5.229 5.229 5.229 5.229 5.228 5.228 5.228 5.228 5.228 5.228 5.227 5.227 5.227 5.227 5.227 5.226 5.226 5.226 5.226 5.226 5.226 5.225 5.225 5.225 5.225 5.225 5.225
0.057 0.282 0.079 0.069 0.079 0.178 0.059 0.201 0.033 0.047 0.071 0.077 0.025 0.003 0.110 0.057 0.096 0.122 0.090 0.264 0.179 0.273 0.272 0.272 0.139 0.264 0.263 0.261 0.259 0.257 0.254 0.251 0.247 0.243 0.239 5.233 5.233 5.232 5.232 5.232 5.231 5.231 5.231 5.231 5.230 5.230 5.230 5.230 5.230 5.229 5.229 5.229 5.229 5.228 5.228 5.228 5.228 5.228 5.227 5.227 5.227 5.227 5.227 5.227 5.226 5.226 5.226 5.226 5.226 5.225 5.225 5.225 5.225 5.225 5.225 5.224 5.224
0.033 0.043 0.002 0.182 0.084 0.001 0.164 0.144 0.025 0.021 0.096 0.048 0.085 0.068 0.071 0.138 0.035 0.041 0.167 0.107 0.120 0.115 0.272 0.272 0.271 0.269 0.267 0.255 0.263 0.261 0.259 0.256 0.253 0.250 0.246 0.242 0.238 5.232 5.232 5.232 5.231 5.231 5.231 5.231 5.230 5.230 5.230 5.230 5.229 5.229 5.229 5.229 5.228 5.228 5.228 5.228 5.228 5.227 5.227 5.227 5.227 5.227 5.227 5.226 5.226 5.226 5.226 5.226 5.225 5.225 5.225 5.225 5.225 5.224 5.224 5.224 5.224
0.112 0.142 0.019 0.042 0.149 0.019 0.057 0.077 0.062 0.001 0.096 0.012 0.106 0.046 0.113 0.190 0.080 0.017 0.024 0.033 0.015 0.003 0.126 0.223 0.272 0.271 0.270 0.269 0.267 0.265 0.263 0.260 0.258 0.255 0.251 0.248 0.244 0.238 5.232 5.231 5.231 5.231 5.231 5.230 5.230 5.230 5.230 5.229 5.229 5.229 5.229 5.228 5.228 5.228 5.228 5.228 5.227 5.227 5.227 5.227 5.227 5.226 5.226 5.226 5.226 5.226 5.225 5.225 5.225 5.225 5.225 5.225 5.224 5.224 5.224 5.224 5.224
0.206 0.097 0.153 0.047 0.122 0.000 0.033 0.045 0.065 0.158 0.002 0.087 0.085 0.044 0.042 0.045 0.049 0.100 0.030 0.145 0.122 0.159 0.144 0.150 0.187 0.265 0.204 0.272 0.270 0.269 0.266 0.264 0.261 0.259 0.256 0.252 0.249 0.244 0.239 5.231 5.231 5.231 5.230 5.230 5.230 5.230 5.229 5.229 5.229 5.229 5.228 5.228 5.228 5.228 5.228 5.227 5.227 5.227 5.227 5.227 5.226 5.226 5.226 5.226 5.226 5.225 5.225 5.225 5.225 5.225 5.225 5.224 5.224 5.224 5.224 5.224 5.224
0.060 0.132 0.042 0.005 0.029 0.222 0.081 0.016 0.138 0.108 0.076 0.090 0.080 0.005 0.015 0.101 0.139 0.005 0.214 0.004 0.171 0.199 0.166 0.282 0.281 0.279 0.277 0.275 0.274 0.272 0.229 0.267 0.265 0.262 0.260 0.246 0.253 0.249 0.245 0.240 0.236 5.230 5.230 5.230 5.230 5.229 5.229 5.229 5.229 5.228 5.228 5.228 5.228 5.228 5.227 5.227 5.227 5.227 5.227 5.226 5.226 5.226 5.226 5.226 5.225 5.225 5.225 5.225 5.225 5.225 5.224 5.224 5.224 5.224 5.224 5.224 5.223
0.220 0.220 0.130 0.006 0.112 0.132 0.152 0.033 0.039 0.049 0.139 0.029 0.121 0.092 0.008 0.155 0.048 0.052 0.013 0.007 0.261 0.159 0.167 0.244 0.242 0.241 0.279 0.278 0.276 0.274 0.272 0.270 0.267 0.255 0.262 0.260 0.256 0.253 0.249 0.245 0.241 0.236 5.230 5.230 5.229 5.229 5.229 5.229 5.228 5.228 5.228 5.228 5.228 5.227 5.227 5.227 5.227 5.226 5.226 5.226 5.226 5.226 5.225 5.225 5.225 5.225 5.225 5.225 5.225 5.224 5.224 5.224 5.224 5.224 5.224 5.223 5.223
0.191 0.251 0.094 0.030 0.001 0.016 0.075 0.041 0.058 0.051 0.015 0.201 0.076 0.033 0.060 0.109 0.021 0.071 0.073 0.076 0.221 0.189 0.217 0.245 0.244 0.272 5.280 5.280 0.278 0.275 0.263 0.271 0.269 0.267 0.265 0.262 0.259 0.256 0.252 0.249 0.245 0.240 0.235 5.229 5.229 5.229 5.229 5.228 5.228 5.228 5.228 5.227 5.227 5.227 5.227 5.227 5.226 5.226 5.226 5.226 5.226 5.225 5.225 5.225 5.225 5.225 5.225 5.224 5.224 5.224 5.224 5.224 5.224 5.223 5.223 5.223 5.223
0.068 0.099 0.282 0.122 0.132 0.041 0.000 0.110 0.038 0.002 0.173 0.152 0.152 0.027 0.029 0.072 0.010 0.010 0.072 0.079 0.070 0.021 0.237 0.226 0.275 0.284 0.283 0.282 0.280 0.158 0.275 0.273 0.271 0.269 0.266 0.264 0.261 0.258 0.255 0.251 0.248 0.244 0.239 0.234 5.229 5.228 5.228 5.228 5.228 5.228 5.227 5.227 5.227 5.227 5.226 5.226 5.226 5.226 5.226 5.226 5.225 5.225 5.225 5.225 5.225 5.225 5.224 5.224 5.224 5.224 5.224 5.224 5.223 5.223 5.223 5.223 5.223
0.082 0.082 0.213 0.075 0.007 0.001 0.063 0.072 0.095 0.041 0.104 0.113 0.132 0.006 0.004 0.012 0.004 0.106 0.046 0.033 0.073 0.130 0.121 0.208 0.286 0.265 0.284 0.233 0.222 0.280 0.277 0.275 0.273 0.270 0.268 0.265 0.262 0.239 0.256 0.253 0.250 0.246 0.242 0.238 0.234 5.228 5.228 5.228 5.228 5.227 5.227 5.227 5.227 5.226 5.226 5.226 5.226 5.226 5.225 5.225 5.225 5.225 5.225 5.225 5.224 5.224 5.224 5.224 5.224 5.224 5.223 5.223 5.223 5.223 5.223 5.223 5.222
0.032 0.028 0.110 0.059 0.128 0.000 0.018 0.081 0.024 0.261 0.045 0.062 0.002 0.168 0.168 0.227 0.112 0.055 0.150 0.183 0.263 0.127 0.115 0.248 0.287 0.207 0.256 0.225 0.283 0.231 0.238 0.276 0.274 0.271 0.269 0.266 0.263 0.261 0.258 0.255 0.251 0.248 0.244 0.241 0.237 0.233 5.228 5.227 5.227 5.227 5.227 5.227 5.226 5.226 5.226 5.226 5.226 5.225 5.225 5.225 5.225 5.225 5.225 5.224 5.224 5.224 5.224 5.224 5.224 5.223 5.223 5.223 5.223 5.223 5.223 5.222 5.222
0.081 0.023 0.056 0.050 0.073 0.129 0.018 0.076 0.022 0.037 0.015 0.026 0.052 0.028 0.042 0.097 0.132 0.189 0.040 0.110 0.028 0.232 0.012 0.199 0.179 0.288 0.287 0.266 0.284 0.283 0.230 0.276 0.274 0.272 0.270 0.266 0.263 0.261 0.259 0.256 0.252 0.249 0.246 0.243 0.239 0.236 0.232 5.227 5.227 5.227 5.226 5.226 5.226 5.226 5.226 5.225 5.225 5.225 5.225 5.225 5.225 5.224 5.224 5.224 5.224 5.224 5.224 5.223 5.223 5.223 5.223 5.223 5.223 5.223 5.222 5.222 5.222
0.048 0.213 0.036 0.084 0.026 0.067 0.037 0.130 0.055 0.027 0.004 0.002 0.115 0.114 0.032 0.013 0.009 0.062 0.139 0.050 0.113 0.106 0.102 0.094 0.180 0.289 0.219 0.288 0.225 0.204 0.221 0.188 0.265 0.273 0.271 0.076 0.263 0.262 0.260 0.218 0.253 0.249 0.246 0.244 0.241 0.239 0.236 0.232 5.227 5.226 5.226 5.226 5.226 5.226 5.225 5.225 5.225 5.225 5.225 5.224 5.224 5.224 5.224 5.224 5.224 5.223 5.223 5.223 5.223 5.223 5.223 5.223 5.222 5.222 5.222 5.222 5.222
0.002 0.046 0.000 0.002 0.174 0.114 0.054 0.094 0.000 0.018 0.022 0.022 0.127 0.054 0.038 0.030 0.090 0.061 0.069 0.073 0.018 0.035 0.092 0.037 0.091 0.192 0.171 0.290 0.089 0.266 0.153 0.279 0.236 0.254 0.181 0.265 0.263 0.262 0.261 0.240 0.129 0.003 0.137 0.245 0.173 0.241 0.239 0.235 0.231 5.226 5.226 5.226 5.225 5.225 5.225 5.225 5.225 5.225 5.224 5.224 5.224 5.224 5.224 5.224 5.223 5.223 5.223 5.223 5.223 5.223 5.222 5.222 5.222 5.222 5.222 5.222 5.222
0.191 0.111 0.121 0.121 0.014 0.175 0.026 0.076 0.000 0.039 0.000 0.000 0.238 0.085 0.250 0.108 0.042 0.036 0.145 0.001 0.056 0.091 0.085 0.156 0.134 0.121 0.153 0.271 0.240 0.258 0.125 0.211 0.171 0.040 0.046 0.164 0.263 0.262 0.192 0.151 0.160 0.157 0.160 0.197 0.245 0.243 0.241 0.239 0.234 5.226 5.225 5.225 5.225 5.225 5.225 5.225 5.224 5.224 5.224 5.224 5.224 5.224 5.223 5.223 5.223 5.223 5.223 5.223 5.223 5.222 5.222 5.222 5.222 5.222 5.222 5.222 5.221
0.031 0.101 0.081 0.061 0.139 0.031 0.160 0.129 0.062 0.017 0.001 0.031 0.092 0.012 0.061 0.041 0.089 0.014 0.016 0.140 0.193 0.104 0.061 0.056 0.065 0.071 0.097 0.222 0.212 0.130 0.286 0.184 0.103 0.003 0.026 0.049 0.212 0.262 0.053 0.121 0.210 0.118 0.045 0.198 0.247 0.246 0.244 0.242 0.239 0.233 5.225 5.225 5.225 5.225 5.224 5.224 5.224 5.224 5.224 5.224 5.223 5.223 5.223 5.223 5.223 5.223 5.223 5.222 5.222 5.222 5.222 5.222 5.222 5.222 5.221 5.221 5.221
0.002 0.015 0.004 0.136 0.000 0.013 0.087 0.039 0.125 0.001 0.001 0.017 0.043 0.023 0.004 0.084 0.102 0.007 0.009 0.154 0.019 0.098 0.056 0.104 0.054 0.031 0.041 0.140 0.098 0.171 0.120 0.003 0.000 0.000 0.120 0.018 0.046 0.172 0.162 0.251 0.130 0.187 0.254 0.210 0.248 0.247 0.247 0.246 0.244 0.239 0.231 5.225 5.224 5.224 5.224 5.224 5.224 5.224 5.223 5.223 5.223 5.223 5.223 5.223 5.223 5.222 5.222 5.222 5.222 5.222 5.222 5.222 5.221 5.221 5.221 5.221 5.221
0.082 0.012 0.020 0.038 0.046 0.060 0.055 0.071 0.066 0.108 0.144 0.142 0.097 0.000 0.032 0.041 0.024 0.158 0.008 0.084 0.046 0.078 0.089 0.073 0.065 0.193 0.013 0.286 0.125 0.020 0.000 0.000 0.000 0.000 0.000 0.000 0.000 0.092 0.001 0.001 0.000 0.000 0.193 0.000 0.249 0.249 0.250 0.250 0.250 0.247 0.234 5.224 5.224 5.224 5.224 5.224 5.223 5.223 5.223 5.223 5.223 5.223 5.223 5.222 5.222 5.222 5.222 5.222 5.222 5.222 5.222 5.221 5.221 5.221 5.221 5.221 5.221
0.052 0.136 0.115 0.040 0.047 0.035 0.073 0.182 0.013 0.002 0.013 0.035 0.000 0.002 0.141 0.012 0.022 0.010 0.005 0.043 0.145 0.010 0.082 0.082 0.022 0.082 0.062 0.142 0.062 0.008 0.000 0.000 0.000 0.000 0.000 0.000 0.000 0.000 0.000 0.002 0.049 0.018 0.002 0.001 0.020 0.013 0.178 0.228 0.206 0.265 0.061 0.068 5.224 5.224 5.223 5.223 5.223 5.223 5.223 5.223 5.223 5.222 5.222 5.222 5.222 5.222 5.222 5.222 5.222 5.221 5.221 5.221 5.221 5.221 5.221 5.221 5.220
0.098 0.000 0.045 0.000 0.137 0.107 0.096 0.105 0.068 0.040 0.021 0.000 0.107 0.053 0.084 0.103 0.004 0.014 0.076 0.244 0.042 0.116 0.101 0.028 0.050 0.010 0.106 0.044 0.004 0.003 0.000 0.000 0.000 0.000 0.000 0.000 0.000 0.000 0.000 0.035 0.000 0.000 0.000 0.001 0.000 0.184 0.286 0.282 0.279 0.274 0.272 0.262 0.241 5.223 5.223 5.223 5.223 5.223 5.222 5.222 5.222 5.222 5.222 5.222 5.222 5.222 5.221 5.221 5.221 5.221 5.221 5.221 5.221 5.221 5.220 5.220 5.220
