includes/lisflood-fp-604/results/res-0003.wdfp
ncols         631
nrows         906
xllcorner     364927.146667
yllcorner     6531972.565556
cellsize      20.000000
NODATA_value  -9999.000000
[rows 68 to 101 of 906, columns 385 to 461 of 631]
8.666 8.666 8.666 8.667 8.667 8.667 8.667 8.667 8.667 8.668 8.668 8.668 8.668 8.668 8.668 8.669 8.669 8.669 8.669 8.669 8.669 8.669 8.670 8.670 8.670 8.670 8.671 8.671 8.671 8.671 8.672 8.672 8.672 8.672 8.673 8.673 8.673 8.673 8.674 8.674 8.674 8.674 8.674 8.674 8.675 8.675 8.675 8.676 8.676 8.676 8.677 8.677 8.677 8.678 8.678 8.679 8.679 8.680 8.680 8.681 8.681 8.682 8.682 8.683 8.684 8.684 8.685 8.685 8.686 8.686 8.687 8.687 8.688 8.688 8.689 8.690 8.690
8.666 8.666 8.666 8.667 8.667 8.667 8.667 8.667 8.667 8.668 8.668 8.668 8.668 8.668 8.668 8.669 8.669 8.669 8.669 8.669 8.669 8.670 8.670 8.670 8.670 8.671 8.671 8.671 8.671 8.672 8.672 8.672 8.672 8.673 8.673 8.673 8.673 8.674 8.674 8.674 8.674 8.674 8.675 8.675 8.675 8.675 8.676 8.676 8.676 8.677 8.677 8.677 8.678 8.678 8.679 8.679 8.680 8.680 8.681 8.681 8.682 8.682 8.683 8.683 8.684 8.685 8.685 8.686 8.686 8.687 8.687 8.688 8.688 8.689 8.689 8.690 8.690
8.666 8.666 8.666 8.667 8.667 8.667 8.667 8.667 8.667 8.668 8.668 8.668 8.668 8.668 8.669 8.669 8.669 8.669 8.669 8.669 8.670 8.670 8.670 8.670 8.671 8.671 8.671 8.671 8.672 8.672 8.672 8.672 8.673 8.673 8.673 8.673 8.674 8.674 8.674 8.674 8.675 8.675 8.675 8.675 8.675 8.676 8.676 8.676 8.677 8.677 8.677 8.678 8.678 8.679 8.679 8.680 8.680 8.681 8.681 8.682 8.682 8.683 8.683 8.684 8.684 8.685 8.686 8.686 8.687 8.687 8.688 8.688 8.689 8.689 8.690 8.690 8.691
8.666 8.666 8.666 8.667 8.667 8.667 8.667 8.667 8.668 8.668 8.668 8.668 8.668 8.668 8.669 8.669 8.669 8.669 8.669 8.670 8.670 8.670 8.670 8.671 8.671 8.671 8.671 8.672 8.672 8.672 8.672 8.673 8.673 8.673 8.673 8.674 8.674 8.674 8.674 8.675 8.675 8.675 8.675 8.676 8.676 8.676 8.676 8.677 8.677 8.677 8.678 8.678 8.679 8.679 8.680 8.680 8.680 8.681 8.681 8.682 8.683 8.683 8.684 8.684 8.685 8.685 8.686 8.687 8.687 8.688 8.688 8.689 8.689 8.690 8.690 8.691 8.691
8.666 8.666 8.666 8.667 8.667 8.667 8.667 8.667 8.668 8.668 8.668 8.668 8.668 8.669 8.669 8.669 8.669 8.669 8.670 8.670 8.670 8.670 8.671 8.671 8.671 8.671 8.672 8.672 8.672 8.673 8.673 8.673 8.673 8.674 8.674 8.674 8.674 8.674 8.675 8.675 8.675 8.675 8.676 8.676 8.676 8.676 8.677 8.677 8.677 8.678 8.678 8.678 8.679 8.679 8.680 8.680 8.681 8.681 8.682 8.682 8.683 8.683 8.684 8.685 8.685 8.686 8.686 8.687 8.688 8.688 8.689 8.689 8.689 8.690 8.690 8.691 8.691
8.666 8.666 8.666 8.667 8.667 8.667 8.667 8.668 8.668 8.668 8.668 8.668 8.669 8.669 8.669 8.669 8.669 8.670 8.670 8.670 8.670 8.670 8.671 8.671 8.671 8.672 8.672 8.672 8.673 8.673 8.673 8.673 8.674 8.674 8.674 8.674 8.675 8.675 8.675 8.675 8.675 8.676 8.676 8.676 8.676 8.677 8.677 8.677 8.678 8.678 8.678 8.679 8.679 8.680 8.680 8.681 8.681 8.682 8.682 8.683 8.683 8.684 8.685 8.685 8.686 8.686 8.687 8.687 8.688 8.688 8.689 8.689 8.690 8.690 8.691 8.691 8.692
8.666 8.666 8.666 8.667 8.667 8.667 8.667 8.668 8.668 8.668 8.668 8.669 8.669 8.669 8.669 8.669 8.670 8.670 8.670 8.670 8.670 8.671 8.671 8.671 8.672 8.672 8.672 8.673 8.673 8.673 8.673 8.674 8.674 8.674 8.674 8.675 8.675 8.675 8.675 8.676 8.676 8.676 8.676 8.676 8.677 8.677 8.677 8.678 8.678 8.678 8.679 8.679 8.680 8.680 8.681 8.681 8.682 8.682 8.683 8.683 8.684 8.684 8.685 8.686 8.686 8.687 8.687 8.688 8.688 8.689 8.689 8.690 8.690 8.691 8.691 8.692 8.692
8.666 8.666 8.666 8.667 8.667 8.667 8.667 8.668 8.668 8.668 8.668 8.669 8.669 8.669 8.669 8.670 8.670 8.670 8.670 8.670 8.671 8.671 8.671 8.672 8.672 8.672 8.673 8.673 8.673 8.674 8.674 8.674 8.674 8.674 8.675 8.675 8.675 8.675 8.676 8.676 8.676 8.676 8.677 8.677 8.677 8.677 8.678 8.678 8.678 8.679 8.679 8.680 8.680 8.681 8.681 8.682 8.682 8.683 8.683 8.684 8.684 8.685 8.685 8.686 8.687 8.687 8.688 8.688 8.689 8.689 8.690 8.690 8.691 8.691 8.691 8.692 8.692
8.666 8.666 8.666 8.667 8.667 8.667 8.668 8.668 8.668 8.668 8.669 8.669 8.669 8.669 8.670 8.670 8.670 8.670 8.670 8.671 8.671 8.671 8.671 8.672 8.672 8.672 8.673 8.673 8.674 8.674 8.674 8.674 8.674 8.675 8.675 8.675 8.675 8.676 8.676 8.676 8.676 8.677 8.677 8.677 8.677 8.678 8.678 8.678 8.679 8.679 8.679 8.680 8.680 8.681 8.681 8.682 8.682 8.683 8.684 8.684 8.685 8.685 8.686 8.687 8.687 8.688 8.688 8.689 8.689 8.690 8.690 8.691 8.691 8.691 8.692 8.692 8.693
8.666 8.666 8.666 8.667 8.667 8.667 8.668 8.668 8.668 8.668 8.669 8.669 8.669 8.670 8.670 8.670 8.670 8.670 8.671 8.671 8.671 8.671 8.672 8.672 8.672 8.673 8.673 8.673 8.674 8.674 8.674 8.674 8.675 8.675 8.675 8.675 8.676 8.676 8.676 8.677 8.677 8.677 8.677 8.678 8.678 8.678 8.678 8.679 8.679 8.679 8.680 8.680 8.681 8.681 8.682 8.682 8.683 8.683 8.684 8.685 8.685 8.686 8.686 8.687 8.688 8.688 8.689 8.689 8.690 8.690 8.690 8.691 8.691 8.692 8.692 8.693 8.693
8.666 8.666 8.666 8.667 8.667 8.667 8.668 8.668 8.668 8.669 8.669 8.669 8.669 8.670 8.670 8.670 8.670 8.671 8.671 8.671 8.671 8.672 8.672 8.672 8.673 8.673 8.673 8.674 8.674 8.674 8.674 8.675 8.675 8.675 8.675 8.676 8.676 8.676 8.677 8.677 8.677 8.678 8.678 8.678 8.678 8.679 8.679 8.679 8.679 8.680 8.680 8.681 8.681 8.682 8.682 8.683 8.683 8.684 8.684 8.685 8.686 8.686 8.687 8.687 8.688 8.689 8.689 8.690 8.690 8.690 8.691 8.691 8.692 8.692 8.693 8.693 8.694
8.666 8.666 8.666 8.667 8.667 8.668 8.668 8.668 8.668 8.669 8.669 8.669 8.669 8.670 8.670 8.670 8.670 8.671 8.671 8.671 8.671 8.672 8.672 8.672 8.673 8.673 8.673 8.674 8.674 8.674 8.675 8.675 8.675 8.675 8.676 8.676 8.676 8.677 8.677 8.677 8.678 8.678 8.678 8.678 8.679 8.679 8.679 8.679 8.680 8.680 8.681 8.681 8.682 8.682 8.683 8.683 8.684 8.684 8.685 8.686 8.686 8.687 8.687 8.688 8.689 8.689 8.690 8.690 8.690 8.691 8.691 8.692 8.692 8.693 8.693 8.694 8.694
8.666 8.666 8.667 8.667 8.667 8.668 8.668 8.668 8.668 8.669 8.669 8.669 8.670 8.670 8.670 8.670 8.671 8.671 8.671 8.672 8.672 8.672 8.672 8.673 8.673 8.673 8.674 8.674 8.674 8.675 8.675 8.675 8.675 8.676 8.676 8.676 8.677 8.677 8.677 8.678 8.678 8.678 8.678 8.679 8.679 8.679 8.680 8.680 8.680 8.680 8.681 8.681 8.682 8.682 8.683 8.684 8.684 8.685 8.685 8.686 8.687 8.687 8.688 8.688 8.689 8.689 8.690 8.690 8.691 8.691 8.692 8.692 8.692 8.693 8.693 8.694 8.695
8.666 8.666 8.667 8.667 8.667 8.668 8.668 8.668 8.669 8.669 8.669 8.669 8.670 8.670 8.670 8.671 8.671 8.671 8.672 8.672 8.672 8.672 8.672 8.673 8.673 8.673 8.674 8.674 8.674 8.675 8.675 8.675 8.676 8.676 8.676 8.677 8.677 8.677 8.677 8.678 8.678 8.679 8.679 8.679 8.679 8.680 8.680 8.680 8.681 8.681 8.681 8.682 8.682 8.683 8.683 8.684 8.685 8.685 8.686 8.686 8.687 8.688 8.688 8.689 8.689 8.690 8.690 8.691 8.691 8.692 8.692 8.692 8.693 8.693 8.694 8.694 8.695
8.666 8.666 8.667 8.667 8.668 8.668 8.668 8.669 8.669 8.669 8.669 8.670 8.670 8.670 8.671 8.671 8.671 8.671 8.672 8.672 8.672 8.672 8.673 8.673 8.673 8.674 8.674 8.674 8.675 8.675 8.675 8.676 8.676 8.676 8.676 8.677 8.677 8.677 8.678 8.678 8.678 8.679 8.679 8.679 8.680 8.680 8.680 8.681 8.681 8.681 8.682 8.682 8.683 8.683 8.684 8.684 8.685 8.686 8.686 8.687 8.687 8.688 8.689 8.689 8.690 8.690 8.691 8.691 8.692 8.692 8.692 8.693 8.693 8.694 8.694 8.695 8.695
8.666 8.667 8.667 8.667 8.668 8.668 8.668 8.669 8.669 8.669 8.670 8.670 8.670 8.671 8.671 8.671 8.671 8.672 8.672 8.672 8.673 8.673 8.673 8.673 8.673 8.674 8.674 8.674 8.675 8.675 8.676 8.676 8.676 8.676 8.677 8.677 8.677 8.678 8.678 8.678 8.679 8.679 8.679 8.680 8.680 8.680 8.681 8.681 8.681 8.682 8.682 8.682 8.683 8.684 8.684 8.685 8.686 8.686 8.687 8.687 8.688 8.688 8.689 8.690 8.690 8.691 8.691 8.692 8.692 8.692 8.693 8.693 8.694 8.694 8.695 8.695 8.696
8.666 8.667 8.667 8.667 8.668 8.668 8.669 8.669 8.669 8.669 8.670 8.670 8.670 8.671 8.671 8.671 8.672 8.672 8.672 8.673 8.673 8.673 8.673 8.673 8.674 8.674 8.674 8.675 8.675 8.675 8.676 8.676 8.676 8.677 8.677 8.677 8.678 8.678 8.678 8.679 8.679 8.679 8.680 8.680 8.680 8.681 8.681 8.681 8.682 8.682 8.682 8.683 8.683 8.684 8.685 8.685 8.686 8.686 8.687 8.688 8.688 8.689 8.689 8.690 8.691 8.691 8.692 8.692 8.693 8.693 8.693 8.694 8.694 8.695 8.695 8.696 8.696
8.666 8.667 8.667 8.667 8.668 8.668 8.669 8.669 8.669 8.670 8.670 8.670 8.671 8.671 8.671 8.672 8.672 8.672 8.673 8.673 8.673 8.673 8.673 8.674 8.674 8.674 8.675 8.675 8.675 8.676 8.676 8.676 8.677 8.677 8.677 8.678 8.678 8.678 8.679 8.679 8.679 8.680 8.680 8.680 8.681 8.681 8.681 8.682 8.682 8.682 8.683 8.683 8.684 8.684 8.685 8.686 8.686 8.687 8.688 8.688 8.689 8.689 8.690 8.690 8.691 8.692 8.692 8.693 8.693 8.693 8.694 8.694 8.695 8.695 8.696 8.696 8.697
8.667 8.667 8.667 8.668 8.668 8.668 8.669 8.669 8.669 8.670 8.670 8.670 8.671 8.671 8.671 8.672 8.672 8.672 8.673 8.673 8.673 8.674 8.674 8.674 8.674 8.675 8.675 8.675 8.676 8.676 8.676 8.677 8.677 8.677 8.678 8.678 8.678 8.679 8.679 8.680 8.680 8.680 8.681 8.681 8.681 8.681 8.682 8.682 8.683 8.683 8.683 8.684 8.684 8.685 8.685 8.686 8.687 8.687 8.688 8.689 8.689 8.690 8.690 8.691 8.691 8.692 8.693 8.693 8.693 8.694 8.694 8.695 8.695 8.696 8.696 8.697 8.697
8.667 8.667 8.667 8.668 8.668 8.668 8.669 8.669 8.669 8.670 8.670 8.671 8.671 8.671 8.672 8.672 8.672 8.673 8.673 8.673 8.674 8.674 8.674 8.674 8.675 8.675 8.675 8.676 8.676 8.676 8.677 8.677 8.677 8.678 8.678 8.678 8.679 8.679 8.680 8.680 8.680 8.681 8.681 8.681 8.682 8.682 8.682 8.683 8.683 8.683 8.684 8.684 8.685 8.685 8.686 8.687 8.687 8.688 8.688 8.689 8.690 8.690 8.691 8.691 8.692 8.692 8.693 8.693 8.694 8.694 8.695 8.695 8.696 8.696 8.697 8.697 8.698
8.667 8.667 8.668 8.668 8.668 8.669 8.669 8.669 8.670 8.670 8.670 8.671 8.671 8.672 8.672 8.672 8.673 8.673 8.673 8.674 8.674 8.674 8.674 8.675 8.675 8.675 8.676 8.676 8.677 8.677 8.677 8.678 8.678 8.678 8.678 8.679 8.679 8.680 8.680 8.680 8.681 8.681 8.681 8.682 8.682 8.682 8.683 8.683 8.683 8.684 8.684 8.685 8.685 8.686 8.686 8.687 8.688 8.688 8.689 8.689 8.690 8.691 8.691 8.692 8.692 8.693 8.693 8.694 8.694 8.695 8.695 8.696 8.696 8.697 8.697 8.698 8.698
8.667 8.667 8.668 8.668 8.668 8.669 8.669 8.669 8.670 8.670 8.670 8.671 8.671 8.672 8.672 8.672 8.673 8.673 8.674 8.674 8.674 8.674 8.675 8.675 8.675 8.676 8.676 8.677 8.677 8.677 8.678 8.678 8.678 8.678 8.679 8.679 8.680 8.680 8.680 8.681 8.681 8.682 8.682 8.682 8.682 8.683 8.683 8.683 8.684 8.684 8.685 8.685 8.686 8.686 8.687 8.687 8.688 8.689 8.689 8.690 8.691 8.691 8.692 8.692 8.693 8.693 8.694 8.694 8.695 8.695 8.696 8.696 8.697 8.697 8.698 8.698 8.699
8.667 8.668 8.668 8.668 8.669 8.669 8.669 8.670 8.670 8.670 8.671 8.671 8.672 8.672 8.672 8.673 8.673 8.673 8.674 8.674 8.675 8.675 8.675 8.675 8.676 8.676 8.677 8.677 8.677 8.678 8.678 8.678 8.679 8.679 8.679 8.680 8.680 8.680 8.681 8.681 8.682 8.682 8.682 8.683 8.683 8.683 8.684 8.684 8.684 8.685 8.685 8.686 8.686 8.687 8.687 8.688 8.689 8.689 8.690 8.690 8.691 8.692 8.692 8.693 8.693 8.694 8.694 8.695 8.695 8.696 8.696 8.697 8.697 8.698 8.698 8.699 8.699
8.667 8.668 8.668 8.668 8.669 8.669 8.670 8.670 8.670 8.671 8.671 8.671 8.672 8.672 8.673 8.673 8.673 8.674 8.674 8.675 8.675 8.675 8.676 8.676 8.676 8.677 8.677 8.677 8.678 8.678 8.678 8.679 8.679 8.679 8.680 8.680 8.680 8.681 8.681 8.682 8.682 8.682 8.683 8.683 8.683 8.684 8.684 8.685 8.685 8.685 8.686 8.686 8.687 8.687 8.688 8.689 8.689 8.690 8.690 8.691 8.691 8.692 8.692 8.693 8.693 8.694 8.694 8.695 8.695 8.696 8.696 8.697 8.698 8.698 8.699 8.699 8.700
8.668 8.668 8.668 8.669 8.669 8.669 8.670 8.670 8.670 8.671 8.671 8.672 8.672 8.673 8.673 8.673 8.674 8.674 8.675 8.675 8.675 8.676 8.676 8.676 8.677 8.677 8.677 8.678 8.678 8.679 8.679 8.679 8.679 8.680 8.680 8.680 8.681 8.681 8.682 8.682 8.683 8.683 8.683 8.683 8.684 8.684 8.685 8.685 8.685 8.686 8.686 8.687 8.687 8.688 8.689 8.689 8.690 8.690 8.691 8.691 8.692 8.692 8.693 8.693 8.694 8.694 8.695 8.695 8.696 8.696 8.697 8.697 8.698 8.699 8.699 8.700 8.700
8.668 8.668 8.668 8.669 8.669 8.670 8.670 8.670 8.671 8.671 8.672 8.672 8.673 8.673 8.673 8.674 8.674 8.674 8.675 8.675 8.676 8.676 8.676 8.677 8.677 8.677 8.678 8.678 8.679 8.679 8.679 8.680 8.680 8.680 8.681 8.681 8.681 8.682 8.682 8.683 8.683 8.683 8.684 8.684 8.684 8.685 8.685 8.686 8.686 8.687 8.687 8.687 8.688 8.689 8.689 8.690 8.690 8.691 8.691 8.692 8.692 8.693 8.693 8.694 8.694 8.695 8.695 8.696 8.696 8.697 8.697 8.698 8.698 8.699 8.699 8.700 8.700
8.668 8.668 8.669 8.669 8.669 8.670 8.670 8.671 8.671 8.671 8.672 8.672 8.673 8.673 8.674 8.674 8.674 8.675 8.675 8.676 8.676 8.677 8.677 8.677 8.677 8.678 8.678 8.679 8.679 8.679 8.680 8.680 8.680 8.681 8.681 8.682 8.682 8.682 8.683 8.683 8.684 8.684 8.684 8.684 8.685 8.685 8.686 8.686 8.687 8.687 8.688 8.688 8.689 8.689 8.690 8.690 8.691 8.691 8.692 8.692 8.693 8.693 8.694 8.694 8.695 8.695 8.696 8.696 8.697 8.697 8.698 8.698 8.699 8.699 8.700 8.700 8.701
8.668 8.669 8.669 8.669 8.670 8.670 8.670 8.671 8.671 8.672 8.672 8.673 8.673 8.674 8.674 8.674 8.675 8.675 8.676 8.676 8.677 8.677 8.677 8.678 8.678 8.678 8.679 8.679 8.680 8.680 8.680 8.681 8.681 8.681 8.682 8.682 8.682 8.683 8.683 8.684 8.684 8.684 8.685 8.685 8.685 8.686 8.686 8.687 8.687 8.688 8.688 8.689 8.689 8.690 8.690 8.691 8.691 8.692 8.692 8.693 8.693 8.694 8.694 8.695 8.695 8.696 8.696 8.697 8.697 8.698 8.698 8.699 8.699 8.700 8.700 8.701 8.701
8.669 8.669 8.669 8.670 8.670 8.670 8.671 8.671 8.671 8.672 8.672 8.673 8.673 8.674 8.674 8.675 8.675 8.676 8.676 8.677 8.677 8.677 8.678 8.678 8.678 8.679 8.679 8.680 8.680 8.680 8.681 8.681 8.681 8.682 8.682 8.683 8.683 8.683 8.684 8.684 8.685 8.685 8.685 8.686 8.686 8.686 8.687 8.687 8.688 8.688 8.689 8.689 8.690 8.690 8.691 8.691 8.692 8.692 8.693 8.693 8.694 8.694 8.695 8.695 8.696 8.696 8.697 8.697 8.698 8.698 8.699 8.699 8.700 8.700 8.701 8.701 8.702
8.669 8.669 8.670 8.670 8.670 8.671 8.671 8.671 8.672 8.672 8.673 8.673 8.674 8.674 8.675 8.675 8.676 8.676 8.677 8.677 8.678 8.678 8.678 8.679 8.679 8.679 8.680 8.680 8.680 8.681 8.681 8.682 8.682 8.682 8.683 8.683 8.684 8.684 8.684 8.685 8.685 8.686 8.686 8.686 8.687 8.687 8.688 8.688 8.688 8.689 8.689 8.690 8.690 8.691 8.691 8.692 8.692 8.693 8.693 8.694 8.694 8.695 8.695 8.696 8.696 8.697 8.697 8.698 8.698 8.698 8.699 8.700 8.700 8.701 8.701 8.702 8.702
8.669 8.670 8.670 8.670 8.671 8.671 8.671 8.672 8.672 8.673 8.673 8.674 8.674 8.675 8.675 8.676 8.676 8.676 8.677 8.678 8.678 8.678 8.679 8.679 8.679 8.680 8.680 8.681 8.681 8.681 8.682 8.682 8.683 8.683 8.683 8.684 8.684 8.685 8.685 8.685 8.686 8.686 8.687 8.687 8.687 8.688 8.688 8.689 8.689 8.689 8.690 8.690 8.691 8.691 8.692 8.693 8.693 8.694 8.694 8.695 8.695 8.695 8.696 8.696 8.696 8.697 8.697 8.698 8.699 8.699 8.699 8.700 8.700 8.701 8.702 8.702 8.702
8.669 8.670 8.670 8.671 8.671 8.671 8.672 8.672 8.673 8.673 8.674 8.674 8.675 8.675 8.675 8.676 8.676 8.677 8.677 8.678 8.678 8.679 8.679 8.680 8.680 8.680 8.681 8.681 8.682 8.682 8.682 8.683 8.683 8.684 8.684 8.684 8.685 8.685 8.686 8.686 8.687 8.687 8.687 8.688 8.688 8.688 8.689 8.689 8.690 8.690 8.691 8.691 8.692 8.692 8.693 8.693 8.694 8.694 8.695 8.695 8.696 8.696 8.696 8.697 8.697 8.697 8.698 8.699 8.699 8.699 8.700 8.700 8.701 8.701 8.702 8.702 8.703
8.670 8.670 8.671 8.671 8.671 8.672 8.672 8.673 8.673 8.673 8.674 8.675 8.675 8.675 8.676 8.676 8.677 8.677 8.678 8.678 8.679 8.679 8.680 8.680 8.680 8.681 8.681 8.682 8.682 8.683 8.683 8.683 8.684 8.684 8.685 8.685 8.685 8.686 8.686 8.687 8.687 8.688 8.688 8.688 8.689 8.689 8.689 8.690 8.690 8.691 8.691 8.692 8.692 8.693 8.693 8.694 8.694 8.695 8.695 8.696 8.696 8.696 8.697 8.697 8.698 8.698 8.698 8.699 8.699 8.700 8.700 8.701 8.701 8.702 8.702 8.703 8.703
8.670 8.671 8.671 8.671 8.672 8.672 8.673 8.673 8.673 8.674 8.674 8.675 8.675 8.676 8.676 8.677 8.677 8.678 8.678 8.679 8.679 8.680 8.680 8.681 8.681 8.681 8.682 8.682 8.683 8.683 8.684 8.684 8.684 8.685 8.685 8.686 8.686 8.687 8.687 8.687 8.688 8.688 8.689 8.689 8.689 8.690 8.690 8.691 8.691 8.692 8.692 8.693 8.693 8.694 8.694 8.695 8.695 8.695 8.696 8.696 8.697 8.697 8.697 8.698 8.698 8.699 8.699 8.700 8.700 8.700 8.701 8.702 8.702 8.703 8.703 8.704 8.704
