includes/lisflood-fp-604/results/res-0008.wd
ncols         631
nrows         906
xllcorner     364927.146667
yllcorner     6531972.565556
cellsize      20.000000
NODATA_value  -9999.000000
[rows 204 to 237 of 906, columns 385 to 461 of 631]
0.000 0.000 0.176 0.255 0.284 0.110 0.148 0.177 0.190 0.132 0.215 0.164 0.197 0.090 0.250 0.147 5.153 5.153 5.153 5.153 0.083 0.144 0.144 5.155 5.155 5.155 5.155 5.155 5.155 5.155 5.155 5.155 5.155 5.155 5.155 5.155 5.155 5.155 5.154 5.154 5.154 5.155 5.155 5.155 5.154 5.154 5.154 5.154 5.154 5.155 5.154 5.154 5.155 5.155 5.155 5.155 5.155 5.155 5.155 5.155 5.155 5.155 5.155 5.155 5.155 5.155 5.155 5.155 5.155 5.155 5.155 5.155 5.156 5.156 5.156 5.156 5.156
0.000 0.150 0.164 0.114 0.117 0.139 0.205 0.181 0.190 0.190 0.301 0.205 0.185 0.278 0.255 0.157 5.153 0.083 5.153 0.133 5.154 5.154 5.155 5.155 5.155 5.155 5.155 5.155 5.155 5.155 5.155 5.155 5.155 5.155 5.155 5.155 5.155 5.155 5.155 5.155 5.155 5.155 5.155 5.155 5.155 5.155 5.155 5.155 5.155 5.155 5.155 5.155 5.155 5.155 5.155 5.155 5.155 5.155 5.155 5.155 5.155 5.155 5.155 5.155 5.155 5.155 5.155 5.155 5.155 5.156 5.156 5.156 5.156 5.156 5.156 5.156 5.156
0.131 0.193 0.109 0.266 0.182 0.159 0.239 0.221 0.294 0.266 0.229 0.225 0.233 5.301 0.197 0.128 5.153 0.113 5.153 5.154 5.154 5.155 5.155 5.155 5.155 5.155 5.155 5.155 5.155 5.155 5.155 5.155 5.155 5.155 5.155 5.155 5.155 5.155 5.155 5.155 5.155 5.155 5.155 5.155 5.155 5.155 5.155 5.155 5.155 5.155 5.155 5.155 5.155 5.155 5.155 5.155 5.155 5.155 5.155 5.155 5.155 5.155 5.155 5.155 5.155 5.156 5.156 5.156 5.156 5.156 5.156 5.156 5.156 5.156 5.157 5.157 5.157
0.208 0.241 0.240 0.258 0.324 0.336 0.208 0.170 0.148 0.229 0.115 0.145 0.160 0.172 0.117 0.156 5.153 5.153 5.153 0.124 5.154 5.155 5.155 5.155 5.155 5.155 5.155 5.155 5.155 5.156 5.156 5.156 5.156 5.156 5.156 5.155 5.155 5.155 5.155 5.155 5.155 5.155 5.155 5.155 5.155 5.155 5.155 5.155 5.155 5.155 5.155 5.155 5.155 5.155 5.155 5.155 5.155 5.155 5.155 5.156 5.156 5.156 5.156 5.156 5.156 5.156 5.156 5.156 5.156 5.156 5.156 5.157 5.157 5.157 5.157 5.157 5.157
0.277 0.135 0.325 0.166 0.266 0.310 0.144 0.162 0.275 0.122 0.155 0.082 0.228 0.162 0.184 5.250 0.037 0.137 0.115 5.155 0.115 5.155 5.155 5.155 5.155 5.155 5.155 5.155 5.156 5.156 5.156 5.156 5.156 5.156 5.156 5.156 5.155 5.155 5.155 5.155 5.155 5.155 5.155 5.155 5.155 5.155 5.155 5.155 5.155 5.156 5.156 5.156 5.156 5.156 5.156 5.156 5.156 5.156 5.156 5.156 5.156 5.156 5.156 5.156 5.156 5.156 5.156 5.157 5.157 5.157 5.157 5.157 5.157 5.157 5.157 5.158 5.158
0.199 0.273 0.215 0.242 0.206 0.340 0.168 0.183 0.153 0.181 0.273 0.181 0.148 0.222 0.264 0.189 0.119 0.083 0.136 5.155 5.155 5.155 5.155 5.155 5.155 5.155 5.156 5.156 5.156 5.156 5.156 5.156 5.156 5.156 5.156 5.156 5.156 5.156 5.156 5.156 5.156 5.156 5.156 5.156 5.156 5.156 5.156 5.156 5.156 5.156 5.156 5.156 5.156 5.156 5.156 5.156 5.156 5.156 5.156 5.156 5.156 5.156 5.156 5.156 5.157 5.157 5.157 5.157 5.157 5.157 5.157 5.157 5.157 5.158 5.158 5.158 5.158
0.227 0.356 0.177 0.145 0.110 0.262 0.091 0.173 0.174 0.116 0.113 0.186 0.190 0.141 0.173 0.138 0.153 0.153 5.155 5.155 5.155 5.155 5.155 5.155 5.155 5.156 5.156 5.156 5.156 5.156 5.156 5.156 5.156 5.156 5.156 5.156 5.156 5.156 5.156 5.156 5.156 5.156 5.156 5.156 5.156 5.156 5.156 5.156 5.156 5.156 5.156 5.156 5.156 5.156 5.156 5.156 5.156 5.156 5.156 5.156 5.156 5.157 5.157 5.157 5.157 5.157 5.157 5.157 5.157 5.158 5.158 5.158 5.158 5.158 5.158 5.158 5.159
0.146 0.152 0.158 0.095 0.179 0.154 0.219 0.127 0.118 0.149 0.256 0.186 0.151 0.135 0.057 0.153 5.155 5.155 0.135 5.155 5.155 5.155 5.155 5.156 5.156 5.156 5.156 5.156 5.156 5.156 5.156 5.156 5.156 5.156 5.156 5.156 5.156 5.156 5.156 5.156 5.156 5.156 5.156 5.156 5.156 5.156 5.156 5.156 5.156 5.156 5.156 5.156 5.156 5.156 5.156 5.157 5.157 5.157 5.157 5.157 5.157 5.157 5.157 5.157 5.157 5.157 5.157 5.158 5.158 5.158 5.158 5.158 5.158 5.158 5.159 5.159 5.159
0.142 0.116 0.092 0.144 0.147 0.097 0.096 0.117 0.052 0.071 0.076 0.181 0.191 0.134 0.170 0.119 0.075 5.155 5.155 0.135 5.155 5.155 5.156 5.156 5.156 5.156 5.156 5.156 5.156 5.156 5.156 5.157 5.157 5.157 5.156 5.156 5.156 5.156 5.156 5.156 5.156 5.156 5.156 5.156 5.156 5.156 5.156 5.156 5.157 5.157 5.157 5.157 5.157 5.157 5.157 5.157 5.157 5.157 5.157 5.157 5.157 5.157 5.157 5.158 5.158 5.158 5.158 5.158 5.158 5.158 5.158 5.159 5.159 5.159 5.159 5.159 5.159
0.093 0.211 0.141 0.165 0.156 0.130 0.091 0.095 0.290 0.188 0.072 0.040 0.087 0.018 0.081 0.064 0.093 0.139 5.155 5.155 5.156 5.156 5.156 5.156 5.156 5.156 5.156 5.156 5.156 5.157 5.157 5.157 5.157 5.157 5.157 5.157 5.157 5.156 5.156 5.156 5.157 5.157 5.157 5.157 5.157 5.157 5.157 5.157 5.157 5.157 5.157 5.157 5.157 5.157 5.157 5.157 5.157 5.157 5.157 5.157 5.158 5.158 5.158 5.158 5.158 5.158 5.158 5.158 5.159 5.159 5.159 5.159 5.159 5.159 5.159 5.160 5.160
0.126 0.069 0.104 0.108 0.163 0.013 0.096 0.053 0.170 0.081 0.147 0.063 0.136 0.069 0.149 0.139 0.123 0.112 0.106 5.156 5.156 5.156 5.156 5.156 5.156 5.156 5.156 5.157 5.157 5.157 5.157 5.157 5.157 5.157 5.157 5.157 5.157 5.157 5.157 5.157 5.157 5.157 5.157 5.157 5.157 5.157 5.157 5.157 5.157 5.157 5.157 5.157 5.157 5.157 5.157 5.158 5.158 5.158 5.158 5.158 5.158 5.158 5.158 5.158 5.158 5.158 5.159 5.159 5.159 5.159 5.159 5.159 5.160 5.160 5.160 5.160 5.160
0.040 0.017 0.029 0.055 0.000 0.007 0.012 0.004 0.003 0.054 0.017 0.073 0.030 0.095 0.093 5.193 0.053 0.109 5.156 5.156 5.156 5.156 5.156 5.156 5.156 5.156 5.157 5.157 5.157 5.157 5.157 5.157 5.157 5.157 5.157 5.157 5.157 5.157 5.157 5.157 5.157 5.157 5.157 5.157 5.157 5.157 5.157 5.157 5.157 5.157 5.157 5.158 5.158 5.158 5.158 5.158 5.158 5.158 5.158 5.158 5.158 5.158 5.158 5.159 5.159 5.159 5.159 5.159 5.159 5.159 5.160 5.160 5.160 5.160 5.160 5.160 5.161
0.026 0.007 0.059 0.000 0.000 0.010 0.008 0.019 0.000 0.032 0.055 0.055 0.033 0.119 0.014 5.193 0.079 5.156 5.156 5.156 5.156 5.156 5.156 5.156 5.156 5.157 5.157 5.157 5.157 5.157 5.157 5.157 5.157 5.157 5.157 5.157 5.157 5.157 5.157 5.157 5.157 5.157 5.157 5.157 5.157 5.157 5.158 5.158 5.158 5.158 5.158 5.158 5.158 5.158 5.158 5.158 5.158 5.158 5.158 5.158 5.159 5.159 5.159 5.159 5.159 5.159 5.159 5.160 5.160 5.160 5.160 5.160 5.160 5.161 5.161 5.161 5.161
5.149 5.149 0.000 0.000 0.000 0.000 0.021 0.014 0.027 0.036 0.093 0.037 0.177 0.100 0.028 0.146 0.134 0.100 0.147 5.156 5.156 5.156 5.156 5.156 5.157 5.157 5.157 5.157 5.157 5.157 5.157 5.158 5.158 5.158 5.158 5.157 5.157 5.157 5.157 5.157 5.158 5.158 5.158 5.158 5.158 5.158 5.158 5.158 5.158 5.158 5.158 5.158 5.158 5.158 5.159 5.159 5.159 5.159 5.159 5.159 5.159 5.159 5.159 5.159 5.160 5.160 5.160 5.160 5.160 5.160 5.160 5.161 5.161 5.161 5.161 5.161 5.161
0.118 5.149 5.149 5.149 0.000 0.000 0.000 0.013 0.019 0.007 0.024 0.099 0.019 0.029 0.099 0.045 0.105 5.160 0.087 5.156 5.156 5.156 5.156 5.157 5.157 5.157 5.157 5.157 5.157 5.158 5.158 5.158 5.158 5.158 5.158 5.158 5.158 5.158 5.158 5.158 5.158 5.158 5.158 5.158 5.158 5.158 5.158 5.158 5.158 5.158 5.158 5.158 5.159 5.159 5.159 5.159 5.159 5.159 5.159 5.159 5.159 5.160 5.160 5.160 5.160 5.160 5.160 5.160 5.161 5.161 5.161 5.161 5.161 5.161 5.162 5.162 5.162
0.000 0.000 0.014 5.149 5.149 5.149 0.000 0.000 0.001 0.043 0.018 0.018 0.120 0.040 0.044 0.068 5.156 0.127 5.156 5.156 5.156 5.157 5.157 5.157 5.157 5.157 5.157 5.157 5.158 5.158 5.158 5.158 5.158 5.158 5.158 5.158 5.158 5.158 5.158 5.158 5.158 5.158 5.158 5.158 5.158 5.158 5.158 5.159 5.159 5.159 5.159 5.159 5.159 5.159 5.159 5.159 5.159 5.159 5.160 5.160 5.160 5.160 5.160 5.160 5.160 5.160 5.161 5.161 5.161 5.161 5.161 5.161 5.162 5.162 5.162 5.162 5.162
0.000 0.000 0.000 0.000 0.010 5.149 5.149 5.149 5.150 0.002 0.007 0.021 0.002 0.007 0.097 0.092 5.156 5.156 5.156 5.156 5.156 5.157 5.157 5.157 5.157 5.157 5.157 5.158 5.158 5.158 5.158 5.158 5.158 5.158 5.158 5.158 5.158 5.158 5.158 5.158 5.158 5.159 5.159 5.159 5.159 5.159 5.159 5.159 5.159 5.159 5.159 5.159 5.159 5.159 5.160 5.160 5.160 5.160 5.160 5.160 5.160 5.160 5.160 5.161 5.161 5.161 5.161 5.161 5.161 5.162 5.162 5.162 5.162 5.162 5.162 5.163 5.163
0.002 0.004 0.007 0.008 0.000 0.000 0.016 5.150 5.150 5.150 5.150 0.054 0.020 0.015 0.007 0.147 5.156 5.156 5.156 5.157 5.157 5.157 5.157 5.157 5.157 5.158 5.158 5.158 5.158 5.158 5.158 5.158 5.159 5.159 5.159 5.159 5.159 5.159 5.159 5.159 5.159 5.159 5.159 5.159 5.159 5.159 5.159 5.159 5.159 5.159 5.159 5.160 5.160 5.160 5.160 5.160 5.160 5.160 5.160 5.160 5.161 5.161 5.161 5.161 5.161 5.161 5.161 5.162 5.162 5.162 5.162 5.162 5.163 5.163 5.163 5.163 5.163
0.000 0.014 0.006 0.083 0.000 0.022 0.028 0.006 0.011 5.150 5.150 5.151 5.151 5.151 0.112 0.066 0.106 5.156 5.157 5.157 5.157 5.157 5.157 5.157 5.158 5.158 5.158 5.158 5.158 5.158 5.159 5.159 5.159 5.159 5.159 5.159 5.159 5.159 5.159 5.159 5.159 5.159 5.159 5.159 5.159 5.159 5.159 5.160 5.160 5.160 5.160 5.160 5.160 5.160 5.160 5.160 5.161 5.161 5.161 5.161 5.161 5.161 5.161 5.161 5.162 5.162 5.162 5.162 5.162 5.162 5.163 5.163 5.163 5.163 5.163 5.163 5.164
0.065 0.059 0.064 0.063 0.128 0.024 0.021 0.013 0.042 0.001 0.009 5.151 5.151 5.152 5.152 0.004 0.076 0.037 5.157 5.157 5.157 0.137 5.157 5.158 5.158 5.158 5.158 5.158 5.159 5.159 5.159 5.159 5.159 5.159 5.159 5.159 5.159 5.159 5.159 5.159 5.159 5.159 5.159 5.160 5.160 5.160 5.160 5.160 5.160 5.160 5.160 5.160 5.160 5.160 5.161 5.161 5.161 5.161 5.161 5.161 5.161 5.162 5.162 5.162 5.162 5.162 5.162 5.162 5.163 5.163 5.163 5.163 5.163 5.164 5.164 5.164 5.164
0.105 0.002 0.006 0.029 0.008 0.039 0.018 0.009 0.021 0.002 0.055 0.028 0.023 0.109 5.153 5.154 5.154 5.155 0.020 5.157 5.157 5.157 5.157 5.158 5.158 5.158 5.158 5.159 5.159 5.159 5.159 5.159 5.159 5.159 5.159 5.159 5.159 5.159 5.159 5.160 5.160 5.160 5.160 5.160 5.160 5.160 5.160 5.160 5.160 5.161 5.161 5.161 5.161 5.161 5.161 5.161 5.161 5.161 5.162 5.162 5.162 5.162 5.162 5.162 5.162 5.163 5.163 5.163 5.163 5.163 5.163 5.164 5.164 5.164 5.164 5.164 5.165
0.068 0.053 0.071 0.054 0.070 0.020 0.056 0.071 0.009 0.099 0.043 0.000 0.013 0.066 0.036 0.018 5.155 5.155 5.156 5.157 5.157 5.157 5.158 5.158 5.158 5.159 5.159 5.159 5.159 5.159 5.159 5.160 5.160 5.160 5.160 5.160 5.160 5.160 5.160 5.160 5.160 5.160 5.160 5.160 5.160 5.160 5.160 5.161 5.161 5.161 5.161 5.161 5.161 5.161 5.161 5.162 5.162 5.162 5.162 5.162 5.162 5.162 5.163 5.163 5.163 5.163 5.163 5.163 5.164 5.164 5.164 5.164 5.164 5.164 5.165 5.165 5.165
0.098 0.080 0.062 0.068 0.083 0.038 0.031 0.050 0.114 0.083 0.079 0.200 0.052 5.282 5.282 0.005 0.012 0.074 5.156 5.157 5.157 5.157 5.158 5.158 5.158 5.159 5.159 5.159 5.159 5.160 5.160 5.160 5.160 5.160 5.160 5.160 5.160 5.160 5.160 5.160 5.160 5.160 5.161 5.161 5.161 5.161 5.161 5.161 5.161 5.161 5.161 5.161 5.162 5.162 5.162 5.162 5.162 5.162 5.162 5.163 5.163 5.163 5.163 5.163 5.163 5.163 5.164 5.164 5.164 5.164 5.164 5.164 5.165 5.165 5.165 5.165 5.165
0.095 0.117 0.109 0.082 0.091 0.076 0.191 0.146 0.185 0.145 0.103 0.067 0.087 0.061 0.122 0.177 0.075 0.049 0.102 0.060 5.157 5.158 5.158 5.158 5.159 5.159 5.159 5.159 5.160 5.160 5.160 5.160 5.160 5.160 5.160 5.160 5.160 5.160 5.160 5.161 5.161 5.161 5.161 5.161 5.161 5.161 5.161 5.161 5.162 5.162 5.162 5.162 5.162 5.162 5.162 5.162 5.163 5.163 5.163 5.163 5.163 5.163 5.163 5.164 5.164 5.164 5.164 5.164 5.164 5.165 5.165 5.165 5.165 5.165 5.166 5.166 5.166
0.029 0.069 0.065 0.096 0.106 0.104 0.116 0.126 0.144 0.123 0.176 0.033 0.000 0.017 0.027 0.167 0.057 0.163 0.002 0.006 0.118 0.030 5.159 5.159 5.159 5.159 5.159 5.160 5.160 5.160 5.160 5.160 5.161 5.161 5.161 5.161 5.161 5.161 5.161 5.161 5.161 5.161 5.161 5.161 5.162 5.162 5.162 5.162 5.162 5.162 5.162 5.162 5.162 5.163 5.163 5.163 5.163 5.163 5.163 5.163 5.164 5.164 5.164 5.164 5.164 5.164 5.164 5.165 5.165 5.165 5.165 5.165 5.166 5.166 5.166 5.166 5.166
0.124 0.047 0.094 0.155 0.236 0.053 0.009 0.046 0.087 0.209 0.059 0.153 0.033 0.002 0.005 0.033 0.009 0.007 0.066 0.022 0.098 0.119 5.159 5.159 5.159 5.159 5.160 5.160 5.160 5.160 5.161 5.161 5.161 5.161 5.161 5.161 5.161 5.161 5.161 5.161 5.161 5.162 5.162 5.162 5.162 5.162 5.162 5.162 5.162 5.163 5.163 5.163 5.163 5.163 5.163 5.163 5.163 5.163 5.164 5.164 5.164 5.164 5.164 5.164 5.165 5.165 5.165 5.165 5.165 5.165 5.166 5.166 5.166 5.166 5.166 5.167 5.167
0.019 0.131 0.025 0.066 0.071 0.145 0.148 0.049 0.142 0.122 0.206 0.202 0.079 0.014 0.021 0.022 0.041 0.002 0.107 0.027 5.158 0.149 5.159 5.159 5.159 5.160 5.160 5.160 5.160 5.161 5.161 5.161 5.161 5.161 5.161 5.161 5.161 5.162 5.162 5.162 5.162 5.162 5.162 5.162 5.162 5.162 5.162 5.163 5.163 5.163 5.163 5.163 5.163 5.163 5.164 5.164 5.164 5.164 5.164 5.164 5.164 5.165 5.165 5.165 5.165 5.165 5.165 5.165 5.166 5.166 5.166 5.166 5.166 5.167 5.167 5.167 5.167
0.019 0.127 0.110 0.085 0.093 0.135 0.147 0.040 0.049 0.176 0.146 0.286 0.283 0.250 0.057 0.047 0.083 0.058 0.047 0.082 5.158 0.099 5.159 5.159 5.160 5.160 5.160 5.161 5.161 5.161 5.161 5.161 5.162 5.162 5.162 5.162 5.162 5.162 5.162 5.162 5.162 5.162 5.163 5.163 5.163 5.163 5.163 5.163 5.163 5.163 5.163 5.164 5.164 5.164 5.164 5.164 5.164 5.164 5.165 5.165 5.165 5.165 5.165 5.165 5.165 5.166 5.166 5.166 5.166 5.166 5.167 5.167 5.167 5.167 5.167 5.168 5.168
0.073 0.101 0.166 0.234 0.093 0.105 0.094 0.156 0.101 0.090 0.126 0.256 0.202 0.269 0.000 0.071 0.094 5.208 0.066 0.139 5.158 5.158 5.159 0.140 5.160 5.160 5.161 5.161 5.161 5.161 5.161 5.162 5.162 5.162 5.162 5.162 5.162 5.162 5.162 5.163 5.163 5.163 5.163 5.163 5.163 5.163 5.163 5.163 5.164 5.164 5.164 5.164 5.164 5.164 5.164 5.165 5.165 5.165 5.165 5.165 5.165 5.165 5.166 5.166 5.166 5.166 5.166 5.166 5.167 5.167 5.167 5.167 5.167 5.168 5.168 5.168 5.168
0.066 0.092 0.023 0.107 0.108 0.075 0.150 0.116 0.186 0.210 0.256 0.266 0.219 5.414 0.146 0.085 0.039 0.077 5.157 5.158 5.158 0.051 0.130 5.161 5.161 5.161 0.121 5.162 5.162 0.122 5.161 0.153 5.163 5.163 5.163 5.163 5.163 5.163 5.163 5.163 5.163 5.163 5.163 5.163 5.163 5.164 5.164 5.164 5.164 5.164 5.164 5.164 5.165 5.165 5.165 5.165 5.165 5.165 5.165 5.166 5.166 5.166 5.166 5.166 5.166 5.167 5.167 5.167 5.167 5.167 5.167 5.168 5.168 5.168 5.168 5.168 5.169
0.141 0.139 0.062 0.137 0.215 0.143 0.190 0.165 0.256 0.181 0.188 0.313 0.405 5.414 0.207 0.074 5.157 5.157 5.157 0.061 0.009 0.041 5.161 0.131 5.161 5.161 0.011 5.162 5.162 5.163 0.143 5.163 5.163 5.163 5.163 5.163 5.163 5.163 5.163 5.163 5.163 5.164 5.164 5.164 5.164 5.164 5.164 5.164 5.164 5.165 5.165 5.165 5.165 5.165 5.165 5.165 5.166 5.166 5.166 5.166 5.166 5.166 5.167 5.167 5.167 5.167 5.167 5.167 5.168 5.168 5.168 5.168 5.168 5.168 5.169 5.169 5.169
0.201 0.098 0.153 0.138 0.175 0.222 0.156 0.192 0.236 0.320 0.220 0.174 0.342 0.170 0.061 5.157 5.157 5.157 5.157 0.097 0.106 0.068 0.112 5.161 5.161 5.161 0.132 5.163 5.163 5.163 5.163 5.163 5.163 5.163 5.163 5.163 5.163 5.163 5.164 5.164 5.164 5.164 5.164 5.164 5.164 5.164 5.165 5.165 5.165 5.165 5.165 5.165 5.165 5.166 5.166 5.166 5.166 5.166 5.166 5.166 5.167 5.167 5.167 5.167 5.167 5.168 5.168 5.168 5.168 5.168 5.168 5.168 5.169 5.169 5.169 5.169 5.170
0.295 0.162 0.215 0.215 0.121 0.222 0.159 0.222 0.198 5.450 0.330 0.263 5.404 5.404 5.405 0.156 0.174 0.032 0.063 0.123 0.059 0.042 0.123 5.161 0.122 5.162 0.123 5.163 5.163 5.163 5.164 5.164 5.164 5.164 5.164 5.164 5.164 5.164 5.164 5.164 5.164 5.164 5.165 5.165 5.165 5.165 5.165 5.165 5.165 5.166 5.166 5.166 5.166 5.166 5.166 5.166 5.167 5.167 5.167 5.167 5.167 5.167 5.167 5.168 5.168 5.168 5.168 5.168 5.168 5.169 5.169 5.169 5.169 5.169 5.170 5.170 5.170
0.273 0.329 0.239 0.185 0.261 0.196 0.211 0.130 0.177 5.450 0.320 5.422 0.397 5.404 0.218 0.053 0.108 0.132 0.066 0.174 0.036 0.094 0.075 0.073 5.163 5.163 5.163 5.163 5.163 5.164 5.164 5.164 5.164 5.164 5.164 5.164 5.164 5.164 5.164 5.165 5.165 5.165 5.165 5.165 5.165 5.165 5.165 5.166 5.166 5.166 5.166 5.166 5.166 5.167 5.167 5.167 5.167 5.167 5.167 5.167 5.168 5.168 5.168 5.168 5.168 5.168 5.169 5.169 5.169 5.169 5.169 5.169 5.170 5.170 5.170 5.170 5.171
