includes/lisflood-fp-604/results/res-0005.wdfp
ncols         631
nrows         906
xllcorner     364927.146667
yllcorner     6531972.565556
cellsize      20.000000
NODATA_value  -9999.000000
[rows 34 to 67 of 906, columns 231 to 307 of 631]
0.000 0.531 0.149 0.203 0.053 0.060 0.188 0.000 0.745 0.515 0.355 1.152 0.472 0.113 0.124 0.054 0.002 0.100 0.000 0.329 0.260 0.021 0.085 0.390 0.740 0.980 1.492 0.657 1.081 1.313 1.246 0.641 0.764 1.112 1.174 1.238 1.240 0.723 0.644 1.227 1.298 1.239 1.339 0.741 1.222 0.883 1.314 1.224 0.806 0.787 1.128 0.629 0.910 3.471 0.741 1.123 1.003 1.864 2.015 0.376 2.049 0.980 2.041 1.221 2.051 2.172 1.602 2.093 0.954 1.216 2.147 2.267 1.668 0.660 0.462 0.454 0.235
0.000 0.002 0.000 0.591 0.543 0.055 0.002 0.867 0.419 0.791 0.563 0.732 0.791 0.500 0.007 0.000 0.113 0.077 0.313 0.355 0.520 0.063 0.000 0.452 0.732 0.523 0.546 1.373 1.264 1.076 1.040 1.294 0.258 1.054 1.177 1.269 1.032 1.265 1.296 1.177 1.288 0.950 1.391 1.292 0.664 1.315 1.215 0.827 1.298 0.790 1.110 0.202 1.133 3.473 0.184 1.347 1.597 0.287 1.977 1.969 0.570 1.932 1.322 2.183 1.303 2.043 2.304 1.774 1.986 1.756 1.278 0.369 0.569 0.972 1.024 0.947 0.000
0.000 0.000 0.000 0.524 0.618 0.555 0.614 0.611 0.490 0.682 0.247 0.112 0.434 0.164 0.000 0.000 0.000 0.610 0.443 0.434 0.414 0.171 0.085 0.395 0.415 0.466 0.548 0.714 1.017 0.731 1.145 1.238 1.321 0.225 1.219 1.271 1.234 1.355 1.367 0.958 1.120 1.301 0.753 1.364 1.516 0.837 1.247 0.889 0.641 1.194 1.344 0.685 0.875 3.475 0.768 1.108 1.928 1.610 0.130 1.991 2.012 1.243 1.803 1.863 2.084 1.744 1.944 2.175 1.726 0.698 1.239 2.110 2.070 0.055 0.160 0.981 0.933
0.000 0.000 0.454 0.654 0.000 0.000 0.091 0.272 0.219 0.670 0.730 0.349 0.757 0.264 0.206 0.000 0.137 0.491 0.572 0.194 0.184 0.218 0.572 0.688 0.409 0.211 0.023 0.292 0.676 1.248 0.550 1.283 1.184 1.278 0.251 0.874 1.245 1.126 1.328 1.290 0.921 1.413 1.314 0.926 1.397 1.239 0.911 1.373 0.814 1.425 1.256 1.037 0.837 3.477 1.039 1.949 0.730 1.861 1.733 0.433 1.943 1.994 1.844 0.944 2.094 1.085 2.155 1.386 2.188 1.880 1.501 0.552 0.405 1.383 1.313 0.774 0.375
0.000 0.000 0.000 0.000 0.000 0.518 0.398 0.478 0.632 0.000 0.056 0.000 0.591 0.621 0.096 0.000 0.000 0.200 0.612 0.393 0.042 0.399 0.392 0.594 0.647 0.291 0.169 0.170 0.632 0.754 1.526 0.927 0.938 1.211 1.273 0.675 0.986 1.348 0.840 1.261 1.373 0.994 1.276 1.277 0.660 1.022 1.414 1.425 0.926 1.407 1.557 2.088 2.499 3.479 1.140 1.400 1.861 0.333 2.004 1.895 0.395 1.965 1.996 1.937 0.687 2.137 0.967 1.297 0.880 2.111 1.633 2.225 2.076 0.603 0.704 1.096 1.287
0.000 0.000 0.000 0.000 0.000 0.000 0.726 0.254 0.000 0.000 0.369 0.388 0.110 0.000 0.154 0.000 0.000 0.116 0.462 0.000 0.000 0.210 0.137 0.516 0.537 0.499 0.233 0.536 0.556 0.697 0.998 1.159 0.920 1.223 1.355 1.366 1.317 0.960 1.492 0.963 1.125 1.346 0.718 1.120 1.163 0.894 1.316 1.446 0.907 1.307 1.079 0.780 3.480 3.480 1.611 0.803 0.945 1.886 0.486 1.957 1.918 0.508 1.917 1.918 1.879 0.729 1.619 0.731 1.772 0.904 1.945 1.038 0.751 1.534 1.445 0.607 0.330
0.000 0.000 0.000 0.000 0.000 0.000 0.124 0.144 0.000 0.000 0.000 0.382 0.059 0.414 0.064 0.000 0.000 0.000 0.000 0.003 0.010 0.285 0.009 0.504 0.776 0.456 0.337 0.108 0.850 0.690 0.860 0.991 0.702 1.224 1.385 1.307 0.709 1.122 0.934 1.306 0.777 1.179 1.291 0.732 1.254 1.107 1.498 1.438 1.439 0.141 1.093 3.483 3.482 0.000 1.276 1.848 1.108 0.698 1.809 0.419 1.929 1.880 0.690 2.020 1.970 1.532 0.713 1.973 0.615 1.837 1.020 1.423 1.524 0.497 0.679 1.281 1.173
0.000 0.000 0.000 0.000 0.000 0.000 0.213 0.427 0.171 0.000 0.000 0.073 0.091 0.000 0.023 0.000 0.000 0.000 0.000 0.000 0.000 0.161 0.215 0.479 0.910 0.931 0.881 0.741 0.641 0.631 0.892 0.952 1.113 0.674 1.127 1.169 1.331 0.844 0.837 1.318 1.120 0.712 1.373 1.184 0.648 1.040 1.140 1.380 1.371 0.435 3.486 3.485 0.597 1.560 0.679 1.779 1.820 1.661 0.681 1.732 0.472 2.032 1.934 0.844 1.324 1.344 1.207 0.578 1.988 0.531 1.803 1.175 1.407 1.749 1.071 0.205 0.721
0.000 0.000 0.000 0.000 0.000 0.000 0.052 0.000 0.000 0.000 0.000 0.039 0.108 0.000 0.013 0.000 0.000 0.000 0.000 0.000 0.000 0.000 0.130 0.691 0.761 1.082 1.022 0.553 0.443 0.583 0.743 0.824 1.044 0.914 0.747 1.402 0.725 1.339 1.210 0.562 1.385 1.235 1.095 0.649 1.363 1.283 0.934 1.224 1.065 3.487 3.487 1.917 1.470 1.481 1.391 0.041 1.912 1.873 1.793 0.554 1.866 0.586 1.996 1.328 0.779 0.800 1.412 1.334 0.325 2.006 0.507 2.148 0.941 0.695 0.927 1.558 0.420
0.000 0.000 0.000 0.000 0.000 0.000 0.000 0.000 0.000 0.000 0.000 0.000 0.064 0.000 0.000 0.000 0.000 0.000 0.000 0.000 0.000 0.000 0.402 0.802 0.912 0.982 1.123 0.875 0.886 0.586 0.446 1.125 1.364 1.184 0.026 1.106 1.180 0.602 1.235 1.096 1.316 1.297 0.490 0.984 1.304 1.406 1.377 1.337 1.868 3.488 2.428 0.990 1.541 1.621 1.323 1.345 0.000 1.864 1.855 1.806 0.727 1.969 1.160 1.441 1.385 0.806 0.678 1.549 1.571 0.392 2.043 0.546 2.099 0.923 1.014 0.036 0.595
0.000 0.000 0.000 0.000 0.000 0.000 0.000 0.000 0.000 0.000 0.000 0.000 0.030 0.000 0.000 0.000 0.000 0.000 0.000 0.000 0.000 0.000 0.000 0.462 1.013 0.813 0.614 1.026 0.938 0.659 0.521 0.521 0.171 0.000 0.099 0.000 1.315 0.656 1.407 1.208 1.298 1.399 0.492 1.385 0.726 1.508 1.298 1.378 3.489 3.489 1.000 1.893 1.743 0.274 1.225 1.436 1.188 0.000 1.786 1.897 1.918 1.021 1.052 0.697 1.530 1.523 1.174 0.525 1.485 1.299 0.241 2.104 0.539 2.154 0.859 1.209 1.681
0.000 0.000 0.000 0.000 0.000 0.000 0.000 0.000 0.000 0.000 0.000 0.000 0.000 0.000 0.000 0.000 0.000 0.000 0.000 0.000 0.000 0.000 0.000 0.123 0.753 0.594 0.635 0.647 0.892 0.864 0.748 0.829 0.941 0.264 0.000 0.000 1.268 1.289 0.769 1.181 0.543 1.344 1.455 1.035 0.488 1.470 1.310 0.561 3.491 0.752 0.593 1.685 1.745 1.835 0.188 1.268 1.151 1.172 0.000 1.868 1.959 0.894 0.649 1.435 0.765 1.507 1.659 1.431 0.292 1.304 1.269 0.313 2.020 0.861 1.376 1.600 0.894
0.000 0.000 0.000 0.000 0.000 0.000 0.000 0.000 0.000 0.000 0.000 0.000 0.000 0.000 0.000 0.000 0.000 0.000 0.000 0.000 0.000 0.000 0.000 0.000 0.364 0.424 0.375 0.271 0.710 0.551 1.482 0.543 0.704 0.387 0.142 0.213 1.180 1.121 0.113 1.186 0.737 1.357 1.397 0.289 0.891 1.371 1.342 1.163 3.493 0.804 1.265 1.926 1.217 0.990 1.683 0.363 1.313 1.125 1.426 0.486 0.808 1.993 1.425 1.247 1.500 0.761 1.582 1.375 1.478 0.320 1.334 1.249 0.791 1.412 0.529 1.244 1.677
0.000 0.000 0.000 0.000 0.000 0.000 0.000 0.000 0.000 0.000 0.000 0.000 0.000 0.000 0.000 0.000 0.000 0.000 0.000 0.000 0.000 0.000 0.000 0.000 0.000 0.166 0.000 0.150 1.607 0.977 0.768 0.749 0.530 0.513 0.856 1.096 0.415 1.206 0.379 1.389 1.239 1.479 1.390 0.772 1.603 0.843 1.394 1.375 3.495 1.126 0.456 2.087 1.100 1.933 1.444 1.955 0.635 1.266 1.207 1.658 0.750 1.554 1.247 1.269 1.542 1.484 0.806 1.709 1.372 1.485 0.538 1.192 0.974 0.577 1.302 1.644 1.188
0.000 0.000 0.000 0.000 0.000 0.000 0.000 0.000 0.000 0.000 0.000 0.000 0.000 0.000 0.000 0.000 0.000 0.000 0.000 0.000 0.000 0.000 0.000 0.000 0.000 0.198 0.309 0.063 0.858 0.830 0.791 0.983 1.085 1.026 0.997 0.587 0.099 1.461 0.911 0.961 1.112 0.672 1.433 1.414 0.934 0.445 1.496 1.416 3.456 3.498 0.799 0.241 2.044 1.584 1.925 1.756 1.937 1.557 1.418 1.149 1.130 0.554 1.288 1.311 1.444 1.876 1.519 1.181 1.384 1.487 1.540 1.014 2.038 1.511 1.702 0.925 1.148
0.000 0.000 0.000 0.000 0.000 0.000 0.000 0.000 0.000 0.000 0.000 0.000 0.000 0.000 0.000 0.000 0.000 0.000 0.000 0.000 0.000 0.000 0.000 0.000 0.000 0.000 0.024 0.283 0.172 0.873 1.003 0.984 1.016 0.977 1.098 0.779 0.502 1.343 1.483 0.693 1.305 0.635 1.335 1.156 0.996 1.447 1.567 1.497 0.259 3.500 3.502 0.674 2.124 1.035 1.376 1.136 1.757 1.928 1.049 1.340 1.241 1.264 0.409 1.413 1.316 1.408 1.670 1.403 1.716 1.379 1.602 1.245 1.009 1.761 1.782 1.364 1.267
0.000 0.000 0.000 0.000 0.000 0.000 0.000 0.000 0.000 0.000 0.000 0.000 0.000 0.000 0.000 0.000 0.000 0.000 0.000 0.000 0.000 0.000 0.000 0.000 0.000 0.000 0.014 0.444 0.544 0.674 0.615 0.896 0.737 0.939 0.681 0.613 0.925 0.845 1.525 0.386 1.547 0.907 1.787 1.447 0.678 1.358 1.298 1.559 1.191 1.382 3.503 3.505 1.086 1.096 1.277 1.178 0.628 1.868 0.970 1.710 0.643 1.246 1.091 0.535 1.278 1.489 1.152 1.205 1.457 1.531 1.403 1.777 2.210 2.331 0.922 0.405 1.129
0.000 0.000 0.000 0.000 0.000 0.000 0.000 0.000 0.000 0.000 0.000 0.000 0.000 0.000 0.000 0.000 0.000 0.000 0.000 0.000 0.000 0.000 0.000 0.000 0.000 0.000 0.000 0.000 0.705 0.495 1.186 1.376 0.571 0.794 1.456 1.076 0.906 0.597 1.497 0.868 1.548 1.489 0.789 1.529 1.800 0.640 0.941 1.141 0.972 1.073 0.305 3.507 3.508 0.928 1.069 1.130 1.301 0.612 1.962 0.523 1.714 0.151 1.285 1.237 0.740 1.022 1.425 1.286 0.759 1.622 1.654 1.038 2.321 2.342 2.193 1.215 0.492
0.000 0.000 0.000 0.000 0.000 0.000 0.000 0.000 0.000 0.000 0.000 0.000 0.000 0.000 0.000 0.000 0.000 0.000 0.000 0.000 0.000 0.000 0.000 0.000 0.000 0.000 0.000 0.000 0.000 0.416 0.358 0.411 1.237 0.857 1.367 0.968 0.978 1.029 1.499 1.219 0.760 1.590 1.280 0.811 1.851 0.852 0.843 1.024 1.094 0.936 1.538 2.178 3.509 2.170 0.511 1.232 1.393 1.275 0.687 1.929 0.412 1.778 0.418 1.100 1.252 0.725 1.357 1.318 1.351 0.974 1.426 1.339 1.291 1.672 1.475 0.730 8.566
0.000 0.000 0.000 0.000 0.000 0.000 0.000 0.000 0.000 0.000 0.000 0.000 0.000 0.000 0.000 0.000 0.000 0.000 0.000 0.000 0.000 0.000 0.000 0.000 0.000 0.000 0.000 0.000 0.000 0.000 0.165 0.307 0.849 0.889 0.750 0.700 1.431 1.361 0.791 1.621 1.052 1.052 1.542 0.963 1.143 1.334 0.825 1.195 1.066 1.097 1.078 0.639 3.510 3.512 0.744 0.765 1.015 1.108 1.312 0.684 1.988 0.609 2.030 0.163 0.996 1.198 0.939 1.000 1.342 1.234 0.916 2.160 1.761 0.177 2.032 8.565 8.565
0.000 0.000 0.000 0.000 0.000 0.000 0.000 0.000 0.000 0.000 0.000 0.000 0.000 0.000 0.000 0.000 0.000 0.000 0.000 0.000 0.000 0.000 0.000 0.000 0.000 0.000 0.000 0.000 0.000 0.000 0.488 0.309 0.930 1.072 1.543 0.442 1.222 1.642 0.893 1.123 1.613 0.943 0.724 1.445 1.275 0.876 1.857 0.697 0.948 0.959 1.020 1.201 0.213 3.514 3.516 0.817 0.290 0.813 1.395 1.266 1.149 1.870 0.484 2.067 0.448 1.210 1.391 1.122 1.043 1.625 1.826 0.433 0.998 8.562 8.562 3.563 0.224
0.000 0.000 0.000 0.000 0.000 0.000 0.000 0.000 0.000 0.000 0.000 0.000 0.000 0.000 0.000 0.000 0.000 0.000 0.000 0.000 0.000 0.000 0.000 0.000 0.000 0.000 0.000 0.000 0.000 0.000 0.279 0.229 0.241 1.744 1.744 0.604 0.824 0.904 1.394 1.275 1.175 1.485 0.736 1.596 0.997 1.498 1.109 1.430 0.500 1.011 0.992 1.093 1.046 1.227 3.518 3.521 0.764 0.906 1.036 1.007 1.290 1.063 2.377 0.538 2.410 0.640 1.372 1.612 1.183 0.270 0.806 3.559 3.560 3.561 3.171 0.213 0.000
0.000 0.000 0.000 0.000 0.000 0.000 0.000 0.000 0.000 0.000 0.000 0.000 0.000 0.000 0.000 0.000 0.000 0.000 0.000 0.000 0.000 0.000 0.000 0.000 0.000 0.000 0.000 0.000 0.000 0.000 0.529 0.379 0.102 1.285 1.655 1.555 0.655 1.025 1.595 1.455 1.556 0.867 1.528 0.998 1.419 1.059 1.030 1.411 1.641 1.032 0.563 1.065 0.997 1.098 0.401 3.523 3.525 3.507 1.008 0.160 1.422 1.033 1.928 1.739 1.730 1.791 1.452 1.643 0.610 2.357 3.558 3.559 3.510 2.361 1.192 2.849 0.094
0.000 0.000 0.000 0.000 0.000 0.000 0.000 0.000 0.000 0.000 0.000 0.000 0.000 0.000 0.000 0.000 0.000 0.000 0.000 0.000 0.000 0.000 0.000 0.000 0.000 0.000 0.000 0.000 0.000 0.000 0.000 0.000 0.256 0.706 1.616 1.726 0.596 1.316 1.356 1.236 0.718 1.549 0.989 1.660 1.220 1.330 1.251 1.372 0.942 1.294 1.475 0.606 1.049 1.101 0.995 1.246 0.238 3.530 3.532 1.464 0.494 0.057 1.120 1.170 1.220 0.285 0.819 0.551 3.556 3.557 3.557 0.150 0.266 0.496 0.000 1.622 2.394
0.000 0.000 0.000 0.000 0.000 0.000 0.000 0.000 0.000 0.000 0.000 0.000 0.000 0.000 0.000 0.000 0.000 0.000 0.000 0.000 0.000 0.000 0.000 0.000 0.000 0.000 0.000 0.000 0.000 0.000 0.000 0.000 0.416 0.756 1.706 1.696 0.367 1.137 1.108 0.768 1.480 1.260 1.470 1.160 1.321 0.971 1.222 1.392 1.373 0.745 1.296 1.347 0.670 0.806 1.229 1.180 1.241 0.193 3.534 3.536 3.538 0.443 0.924 0.765 0.167 0.322 1.664 3.554 3.555 0.596 0.052 0.014 0.304 0.525 0.747 0.547 1.417
0.000 0.000 0.000 0.000 0.000 0.000 0.000 0.000 0.000 0.000 0.000 0.000 0.000 0.000 0.000 0.000 0.000 0.000 0.000 0.000 0.000 0.000 0.000 0.000 0.000 0.000 0.000 0.000 0.000 0.000 0.226 0.396 0.376 0.647 1.757 1.637 0.568 0.749 1.239 1.400 1.490 1.800 1.311 1.321 1.091 0.962 1.393 1.064 1.135 1.396 0.987 1.257 0.195 0.971 0.982 1.193 0.944 0.197 0.000 0.353 3.232 3.545 3.547 2.912 2.843 3.554 3.554 3.554 0.150 0.067 1.576 1.676 1.556 1.017 1.017 1.538 1.348
0.000 0.000 0.000 0.000 0.000 0.000 0.000 0.000 0.000 0.000 0.000 0.000 0.000 0.000 0.000 0.000 0.000 0.000 0.000 0.000 0.000 0.000 0.000 0.000 0.000 0.000 0.000 0.000 0.000 0.014 0.020 0.346 0.466 0.537 0.947 1.759 1.699 0.729 1.280 1.140 1.661 1.281 1.092 1.122 0.963 1.343 1.204 0.925 1.436 0.977 1.359 0.574 0.841 1.072 1.054 1.337 1.231 1.129 0.792 1.173 0.792 0.000 0.433 3.553 3.554 3.554 0.527 0.000 1.524 1.595 1.626 1.816 1.047 0.917 1.668 0.978 2.029
0.000 0.000 0.000 0.000 0.000 0.000 0.000 0.000 0.000 0.000 0.000 0.000 0.000 0.000 0.000 0.000 0.000 0.000 0.000 0.000 0.000 0.000 0.000 0.000 0.000 0.000 0.000 0.000 0.000 0.000 0.000 0.000 0.246 0.317 0.000 1.530 1.650 0.630 0.541 1.131 1.232 1.122 1.613 1.043 1.004 1.434 0.755 1.296 0.957 1.419 0.913 1.139 1.121 1.003 1.125 0.813 0.758 1.783 1.274 1.545 1.106 1.059 1.180 1.149 1.010 1.092 1.268 1.351 2.133 1.475 1.665 1.376 1.827 1.977 1.818 0.919 2.360
0.000 0.000 0.000 0.000 0.000 0.000 0.000 0.000 0.000 0.000 0.000 0.000 0.000 0.000 0.000 0.000 0.000 0.000 0.000 0.000 0.000 0.000 0.000 0.000 0.000 0.000 0.000 0.000 0.000 0.000 0.000 0.000 0.000 0.000 0.000 1.561 1.741 0.661 0.552 1.182 1.112 0.753 1.464 1.084 1.645 0.905 0.956 0.797 1.528 0.989 0.696 1.211 1.212 1.203 0.514 0.922 1.254 1.364 1.715 1.665 1.668 1.050 1.311 1.302 1.283 1.215 1.789 1.631 1.753 1.655 1.756 1.126 1.797 1.848 1.558 1.269 2.400
0.000 0.000 0.000 0.000 0.000 0.000 0.000 0.000 0.000 0.000 0.000 0.000 0.000 0.000 0.000 0.000 0.000 0.000 0.000 0.000 0.000 0.000 0.000 0.000 0.000 0.000 0.000 0.000 0.000 0.000 0.000 0.000 0.000 0.000 0.000 1.142 1.722 1.623 1.443 0.503 1.004 1.075 1.085 1.455 1.405 0.946 0.747 1.578 1.568 0.285 1.102 1.222 1.192 0.294 0.945 1.385 1.826 2.056 0.356 0.148 1.470 1.451 1.922 1.333 1.735 1.497 1.829 1.291 0.903 1.475 1.636 0.997 1.737 1.928 1.119 1.550 2.141
0.000 0.000 0.000 0.000 0.000 0.000 0.000 0.000 0.000 0.000 0.000 0.000 0.000 0.000 0.000 0.000 0.000 0.000 0.000 0.000 0.000 0.000 0.000 0.000 0.000 0.000 0.000 0.000 0.000 0.000 0.000 0.000 0.000 0.000 0.000 0.173 1.444 1.594 0.824 0.864 0.785 1.206 0.926 1.347 0.737 1.348 1.579 1.489 0.285 1.092 1.072 1.114 0.523 1.055 1.016 1.416 1.847 1.878 1.909 0.541 1.122 1.632 1.693 1.524 1.286 1.837 0.880 2.232 1.653 0.885 1.616 1.597 1.887 1.288 0.739 1.441 2.102
0.000 0.000 0.000 0.000 0.000 0.000 0.000 0.000 0.000 0.000 0.000 0.000 0.000 0.000 0.000 0.000 0.000 0.000 0.000 0.000 0.000 0.000 0.000 0.000 0.000 0.000 0.000 0.000 0.000 0.000 0.000 0.000 0.000 0.000 0.000 0.134 1.565 1.635 1.685 0.405 0.466 1.367 1.087 1.728 1.129 1.459 1.599 0.444 0.970 1.082 1.193 0.779 0.649 1.066 1.156 0.797 0.678 1.869 1.970 1.852 1.972 0.823 0.874 1.675 1.067 1.678 1.340 1.892 1.303 0.875 1.777 1.767 1.358 1.668 0.670 1.802 1.792
0.000 0.000 0.000 0.000 0.000 0.000 0.000 0.000 0.000 0.000 0.000 0.000 0.000 0.000 0.000 0.000 0.000 0.000 0.000 0.000 0.000 0.000 0.000 0.000 0.000 0.000 0.000 0.000 0.000 0.000 0.000 0.000 0.000 0.000 0.000 0.094 0.995 1.526 1.626 1.567 0.066 1.308 1.429 0.999 1.219 1.340 0.932 1.098 1.240 1.171 1.084 0.676 1.176 1.127 1.447 1.238 0.959 0.280 1.901 1.952 2.003 2.014 1.085 0.696 1.788 1.629 1.771 1.482 1.643 0.915 1.157 1.688 1.578 2.018 0.740 1.712 2.343
0.000 0.000 0.000 0.000 0.000 0.000 0.000 0.000 0.000 0.000 0.000 0.000 0.000 0.000 0.000 0.000 0.000 0.000 0.000 0.000 0.000 0.000 0.000 0.000 0.000 0.000 0.000 0.000 0.000 0.000 0.000 0.000 0.000 0.000 0.000 0.000 0.136 1.286 1.577 1.637 0.000 0.199 1.450 1.350 1.200 0.693 0.456 1.320 1.070 1.211 0.276 1.117 1.187 1.458 1.148 1.239 1.200 1.121 0.842 0.803 1.994 1.975 2.006 1.837 0.529 0.580 1.662 1.213 1.354 1.325 0.987 1.818 1.748 2.038 0.891 1.733 1.853
