includes/lisflood-fp-604/results/res-0002.wd
ncols         631
nrows         906
xllcorner     364927.146667
yllcorner     6531972.565556
cellsize      20.000000
NODATA_value  -9999.000000
[rows 34 to 67 of 906, columns 308 to 384 of 631]
0.000 0.000 0.000 0.000 0.000 0.000 0.000 0.000 0.000 0.000 0.000 0.000 0.000 0.000 0.000 0.000 0.000 0.000 0.000 0.000 0.000 0.000 5.000 5.000 0.000 0.000 0.000 0.000 0.000 0.000 0.000 0.000 0.000 0.000 0.000 0.000 0.000 0.000 0.000 0.000 0.000 0.000 0.000 0.000 0.000 0.000 0.000 0.000 0.000 0.000 0.000 0.904 1.105 0.000 0.000 0.000 0.000 0.000 0.000 0.000 0.000 0.000 0.000 0.000 0.798 0.858 0.609 0.180 0.449 1.429 1.790 2.070 2.420 2.520 2.521 2.521 2.521
0.000 0.000 0.000 0.000 0.000 0.000 0.000 0.000 0.000 0.000 0.000 0.000 0.000 0.000 0.000 0.000 0.000 0.000 0.000 0.000 5.000 5.000 5.000 0.000 0.000 0.000 0.000 0.000 0.000 0.000 0.000 0.000 0.000 0.000 0.000 0.000 0.000 0.000 0.000 0.000 0.000 0.000 0.000 0.000 0.000 0.000 0.000 0.000 0.000 0.353 0.884 0.914 1.154 0.614 0.000 0.000 0.000 0.000 0.000 0.000 0.000 0.000 0.000 0.000 0.000 0.628 0.528 0.179 0.989 1.469 1.820 2.140 2.520 2.520 2.520 2.520 2.521
0.000 0.000 0.000 0.000 0.000 0.000 0.000 0.000 0.000 0.000 0.000 0.000 0.000 0.000 0.000 0.000 0.000 0.000 0.000 0.000 5.000 5.000 0.000 0.000 0.000 0.000 0.000 0.000 0.000 0.000 0.000 0.000 0.000 0.000 0.000 0.000 0.000 0.000 0.000 0.000 0.000 0.000 0.000 0.000 0.000 0.000 0.000 0.463 0.663 0.603 1.363 0.714 0.834 0.794 0.604 0.704 0.000 0.000 0.000 0.000 0.000 0.000 0.000 0.000 0.000 0.338 0.398 0.048 1.359 1.959 1.679 2.019 2.370 2.520 2.520 2.520 2.520
0.000 0.000 0.000 0.000 0.000 0.000 0.000 0.000 0.000 0.000 0.000 0.000 0.000 0.000 0.000 0.000 0.000 0.000 5.000 5.000 0.000 0.000 0.000 0.000 0.000 0.000 0.000 0.000 0.000 0.000 0.000 0.000 0.000 0.000 0.000 0.000 0.000 0.000 0.000 0.000 0.000 0.000 0.000 0.000 0.000 0.000 0.722 0.522 1.002 1.082 1.103 1.443 1.043 1.024 0.624 0.614 0.000 0.000 0.000 0.000 0.000 0.000 0.000 0.000 0.000 0.156 0.227 0.088 1.789 2.119 2.139 1.899 2.269 2.520 2.520 2.520 2.520
0.000 0.000 0.000 0.000 0.000 0.000 0.000 0.000 0.000 0.000 0.000 0.000 0.000 0.000 0.000 0.000 0.000 5.000 5.000 0.000 0.000 0.000 0.000 0.000 0.000 0.000 0.000 0.000 0.000 0.000 0.000 0.000 0.000 0.000 0.000 0.000 0.000 0.000 0.000 0.000 0.000 0.000 0.000 0.000 0.490 0.871 0.981 1.082 1.112 1.082 0.832 1.343 1.163 1.153 0.903 0.663 0.047 0.000 0.000 0.000 0.000 0.000 0.000 0.000 0.000 0.239 0.085 0.149 1.639 2.049 2.169 2.369 2.279 2.419 2.519 2.519 2.520
0.000 0.000 0.000 0.000 0.000 0.000 0.000 0.000 0.000 0.000 0.000 0.000 0.000 0.000 0.000 0.000 5.000 5.000 0.000 0.000 0.000 0.000 0.000 0.000 0.000 0.000 0.000 0.000 0.000 0.000 0.000 0.000 0.000 0.000 0.000 0.000 0.000 0.000 0.000 0.000 0.000 0.000 0.000 0.650 1.060 0.920 0.971 1.041 1.141 1.092 1.162 1.222 1.223 1.133 0.693 1.263 0.271 0.000 0.000 0.000 0.000 0.000 0.000 0.000 0.000 0.436 0.000 0.348 1.589 1.688 2.089 2.339 7.519 2.519 2.519 2.519 2.519
0.000 0.000 0.000 0.000 0.000 0.000 0.000 0.000 0.000 0.000 0.000 0.000 0.000 0.000 5.000 5.000 5.000 0.000 0.000 0.000 0.000 0.000 0.000 0.000 0.000 0.000 0.000 0.000 0.000 0.000 0.000 0.000 0.000 0.000 0.000 0.000 0.000 0.000 0.000 0.000 0.000 0.000 0.000 1.039 1.090 0.970 1.220 1.171 1.091 1.221 1.171 1.162 1.302 1.192 1.302 0.662 0.371 0.000 0.000 0.000 0.000 0.000 0.000 0.000 0.526 0.506 0.000 0.428 1.638 2.018 2.158 2.118 2.338 2.519 2.518 2.519 2.519
0.000 0.000 0.000 0.000 0.000 0.000 0.000 0.000 0.000 0.000 0.000 0.000 0.000 5.000 5.000 0.000 0.000 0.000 0.000 0.000 0.000 0.000 0.000 0.000 0.000 0.000 0.000 0.000 0.000 0.000 0.000 0.000 0.000 0.000 0.000 0.000 0.000 0.000 0.000 0.000 0.000 0.808 1.039 1.139 1.009 1.180 1.050 1.290 1.200 1.251 1.171 1.331 1.411 1.142 1.102 0.482 0.250 0.000 0.000 0.000 0.000 0.000 0.000 0.000 0.678 0.567 0.000 0.647 1.407 1.838 2.118 2.478 2.488 2.518 2.518 2.518 2.519
0.000 0.000 0.000 0.000 0.000 0.000 0.000 0.000 0.000 0.000 0.000 0.000 5.000 5.000 0.000 0.000 0.000 0.000 0.000 0.000 0.000 0.000 0.000 0.000 0.000 0.000 0.000 0.000 0.000 0.000 0.000 0.000 0.000 0.000 0.000 0.000 0.000 0.000 0.000 0.000 0.977 0.918 1.238 1.158 1.129 1.099 1.209 1.170 1.240 1.300 0.960 1.391 1.421 0.821 0.451 0.361 0.249 0.000 0.000 0.000 0.000 0.000 0.000 0.562 0.780 0.418 0.000 0.647 1.767 2.097 1.887 2.097 2.218 7.518 2.518 2.518 2.519
0.000 0.000 0.000 0.000 0.000 0.000 0.000 0.000 0.000 0.000 0.000 5.000 5.000 0.000 0.000 0.000 0.000 0.000 0.000 0.000 0.000 0.000 0.000 0.000 0.000 0.000 0.000 0.000 0.000 0.000 0.000 0.000 0.000 0.000 0.000 0.000 0.000 0.000 0.000 1.046 1.046 1.097 1.218 1.248 1.198 1.208 1.229 1.129 1.279 1.289 1.290 1.440 1.290 0.600 0.410 0.299 0.357 0.253 0.164 0.000 0.000 0.000 0.494 0.933 0.422 0.000 0.018 0.566 1.406 2.116 2.437 2.297 2.517 2.517 2.518 2.518 2.518
0.000 0.000 0.000 0.000 0.000 0.000 0.000 0.000 0.000 0.000 5.000 5.000 0.000 0.000 0.000 0.000 0.000 0.000 0.000 0.000 0.000 0.000 0.000 0.000 0.000 0.000 0.000 0.000 0.000 0.000 0.000 0.000 0.000 0.000 0.000 0.000 0.000 0.000 0.000 1.156 1.046 1.166 1.257 1.397 1.347 0.948 1.158 1.388 1.228 1.419 1.319 1.499 1.430 0.610 0.560 0.459 0.306 0.344 0.062 0.000 0.000 0.484 1.064 0.514 0.203 0.574 0.494 1.165 1.406 1.806 2.376 2.446 2.517 2.517 2.517 2.518 2.518
0.000 0.000 0.000 0.000 0.000 0.000 0.000 0.000 0.000 5.000 0.000 0.000 0.000 0.000 0.000 0.000 0.000 0.000 0.000 0.000 0.000 0.000 0.000 0.000 0.000 0.000 0.000 0.000 0.000 0.000 0.000 0.000 0.000 0.000 0.000 0.000 0.000 0.000 1.224 1.245 1.105 1.176 1.146 1.146 1.377 1.027 1.177 1.278 1.328 1.378 1.408 1.498 1.309 0.849 0.539 0.608 0.457 0.264 0.000 0.000 0.000 1.184 0.794 0.624 1.214 1.725 1.655 1.795 1.875 1.865 2.176 2.456 2.516 2.517 2.497 2.518 2.518
0.000 0.000 0.000 0.000 0.000 0.000 0.000 5.000 5.000 0.000 0.000 0.000 0.000 0.000 0.000 0.000 0.000 0.000 0.000 0.000 0.000 0.000 0.000 0.000 0.000 0.000 0.000 0.000 0.000 0.000 0.000 0.000 0.000 0.000 0.000 0.000 0.000 1.183 1.193 1.244 1.325 1.265 1.386 1.226 1.326 1.336 1.317 1.307 1.357 1.407 1.447 1.428 1.398 1.078 0.958 0.598 0.688 0.000 0.000 0.044 1.344 1.484 1.424 1.544 1.784 1.875 2.015 2.275 2.265 2.255 2.235 2.406 2.516 2.516 2.517 2.517 2.518
0.000 0.000 0.000 0.000 0.000 0.000 5.000 0.000 0.000 0.000 0.000 0.000 0.000 0.000 0.000 0.000 0.000 0.000 0.000 0.000 0.000 0.000 0.000 0.000 0.000 0.000 0.000 0.000 0.000 0.000 0.000 0.000 0.000 0.000 0.000 0.000 1.312 1.272 1.253 1.373 1.384 1.364 1.265 1.485 1.276 1.386 1.416 1.266 1.366 1.397 1.517 1.337 1.467 1.118 0.768 0.678 0.588 0.000 0.000 1.194 1.654 1.544 1.734 1.824 1.504 1.835 1.995 2.195 7.515 2.515 2.475 2.436 2.516 2.516 2.517 2.517 2.518
0.000 0.000 0.000 0.000 5.000 5.000 0.000 0.000 0.000 0.000 0.000 0.000 0.000 0.000 0.000 0.000 0.000 0.000 0.000 0.000 0.000 0.000 0.000 0.000 0.000 0.000 0.000 0.000 0.000 0.000 0.000 0.000 0.000 0.000 0.000 1.141 1.291 1.202 1.312 1.393 1.403 1.293 1.314 1.344 1.425 1.385 1.475 1.445 1.405 1.856 1.416 1.346 1.327 1.047 0.857 0.688 0.187 0.000 0.174 1.534 1.714 1.714 1.834 1.894 1.984 2.035 1.905 2.285 2.405 2.465 2.435 2.515 2.516 2.516 2.516 2.517 2.518
0.000 0.000 0.000 5.000 5.000 0.000 0.000 0.000 0.000 0.000 0.000 0.000 0.000 0.000 0.000 0.000 0.000 0.000 0.000 0.000 0.000 0.000 0.000 0.000 0.000 0.000 0.000 0.000 0.000 0.000 0.000 0.000 0.000 0.000 0.720 1.270 1.331 1.281 1.432 1.442 1.322 1.293 1.343 1.513 1.444 1.394 1.184 1.594 1.685 1.535 1.375 1.206 1.156 0.947 0.867 0.687 0.000 0.000 1.024 1.694 1.774 1.834 1.754 1.984 1.994 2.224 2.154 2.094 2.315 2.515 2.445 2.515 2.515 2.516 2.516 2.517 2.517
0.000 0.000 5.000 5.000 0.000 0.000 0.000 0.000 0.000 0.000 0.000 0.000 0.000 0.000 0.000 0.000 0.000 0.000 0.000 0.000 0.000 0.000 0.000 0.000 0.000 0.000 0.000 0.000 0.000 0.000 0.000 0.000 0.000 0.549 1.329 1.350 1.430 1.340 1.301 1.421 1.561 1.612 1.462 1.412 1.603 1.463 1.483 1.634 1.624 1.384 1.325 1.185 1.015 0.756 0.886 0.587 0.000 0.000 1.354 1.654 1.774 2.034 1.954 1.894 2.214 2.174 2.394 2.424 2.464 2.435 2.495 2.515 2.515 2.516 2.516 2.517 2.517
0.000 5.000 5.000 0.000 0.000 0.000 0.000 0.000 0.000 0.000 0.000 0.000 0.000 0.000 0.000 0.000 0.000 0.000 0.000 0.000 0.000 0.000 0.000 0.000 0.000 0.000 0.000 0.000 0.000 0.000 0.000 0.000 0.000 1.328 1.328 1.419 1.399 1.449 1.350 1.560 1.590 1.501 1.421 1.601 1.442 1.392 1.612 1.543 1.523 1.334 0.954 1.174 0.834 0.555 0.585 0.456 0.000 0.304 1.704 1.734 1.884 2.074 2.234 2.134 2.074 2.364 2.514 2.514 2.514 2.515 2.445 2.515 2.515 2.516 2.516 2.516 2.517
5.000 0.000 0.000 0.000 0.000 0.000 0.000 0.000 0.000 0.000 0.000 0.000 0.000 0.000 0.000 0.000 0.000 0.000 0.000 0.000 0.000 0.000 0.000 0.000 0.000 0.000 0.000 0.000 0.000 0.000 0.000 0.000 1.277 1.377 1.408 1.568 1.368 1.498 1.399 1.429 1.609 1.589 1.550 1.720 1.520 1.721 1.671 1.372 1.422 1.152 1.033 1.123 0.683 0.714 0.734 0.385 0.000 1.085 1.905 1.844 1.934 2.244 2.404 2.154 2.284 2.214 2.484 2.504 2.514 2.514 2.505 2.515 2.515 2.515 2.516 2.516 2.517
0.000 0.000 0.000 0.000 0.000 0.000 0.000 0.000 0.000 0.000 0.000 0.000 0.000 0.000 0.000 0.000 0.000 0.000 0.000 0.000 0.000 0.000 0.000 0.000 0.000 0.000 0.000 0.000 0.000 0.000 0.000 0.000 1.236 1.386 1.397 1.427 1.497 1.517 1.488 1.528 1.608 1.638 1.539 1.639 1.739 1.540 1.470 1.151 1.021 1.171 0.802 0.802 0.732 1.143 0.673 0.000 0.000 1.754 2.174 2.244 2.144 2.314 2.424 2.474 2.444 2.424 2.514 2.514 2.514 2.514 2.514 2.515 2.515 2.515 2.515 2.516 2.517
0.000 0.000 0.000 0.000 0.000 0.000 0.000 0.000 0.000 0.000 0.000 0.000 0.000 0.000 0.000 0.000 0.000 0.000 0.000 0.000 0.000 0.000 0.000 0.000 0.000 0.000 0.000 0.000 0.000 0.000 0.000 1.214 1.395 1.475 1.445 1.406 1.576 1.666 1.586 1.646 1.607 1.567 1.727 1.838 1.648 1.518 1.329 1.119 0.730 0.650 0.880 0.951 1.241 1.102 0.722 0.000 0.545 2.104 2.064 2.214 2.464 2.384 2.514 2.484 2.514 2.514 2.514 2.514 2.514 2.514 2.514 2.514 2.515 2.515 2.515 2.516 2.516
0.000 0.000 0.000 0.000 0.000 0.000 0.000 0.000 0.000 0.000 0.000 0.000 0.000 0.000 0.000 0.000 0.000 0.000 0.000 0.000 0.000 0.000 0.000 0.000 0.000 0.000 0.000 0.000 0.000 0.000 0.000 1.173 1.584 1.464 1.534 1.524 1.655 1.765 1.595 1.665 1.635 1.616 1.856 1.586 1.516 1.207 0.827 0.847 0.908 0.809 1.109 1.310 1.251 0.731 0.581 0.000 1.094 2.014 2.254 2.264 2.354 2.514 2.484 2.514 2.514 2.514 2.514 2.514 2.514 2.514 2.514 2.514 2.514 2.515 2.515 2.516 2.516
0.000 0.000 0.000 0.000 0.000 0.000 0.000 0.000 0.000 0.000 0.000 0.000 0.000 0.000 0.000 0.000 0.000 0.000 0.000 0.000 0.000 0.000 0.000 0.000 0.000 0.000 0.000 0.000 0.000 0.000 0.000 1.282 1.383 1.623 1.483 1.683 1.583 1.773 1.804 1.714 1.954 1.754 1.574 1.445 1.305 1.095 0.875 0.846 0.767 1.367 1.388 1.389 0.820 0.611 0.511 0.111 1.674 2.194 2.334 2.414 2.514 2.514 2.514 2.514 2.514 2.514 2.514 2.514 2.514 2.514 2.514 2.514 2.514 2.514 2.515 2.515 2.516
0.000 0.000 0.000 0.000 0.000 0.000 0.000 0.000 0.000 0.000 0.000 0.000 0.000 0.000 0.000 0.000 0.000 0.000 0.000 0.000 0.000 0.000 0.000 0.000 0.000 0.000 0.000 0.000 0.000 0.000 0.000 1.331 1.351 1.571 1.651 1.792 1.682 1.862 1.962 1.952 1.683 1.523 1.463 1.403 1.383 1.023 1.034 1.094 1.265 1.266 1.377 0.758 0.579 0.240 0.000 0.524 2.094 2.314 2.434 2.514 2.514 2.514 2.514 2.514 2.514 2.514 2.514 2.514 2.514 2.514 2.514 2.514 2.514 2.514 2.515 2.515 2.516
0.000 0.000 0.000 0.000 0.000 0.000 0.000 0.000 0.000 0.000 0.000 0.000 0.000 0.000 0.000 0.000 0.000 0.000 0.000 0.000 0.000 0.000 0.000 0.000 0.000 0.000 0.000 0.000 0.000 0.000 0.998 1.239 1.370 1.560 1.650 1.790 1.910 2.081 1.911 1.631 1.561 1.401 1.331 1.111 1.131 1.102 0.922 1.243 1.183 1.254 1.165 0.677 0.478 0.000 0.000 0.823 2.474 2.484 2.514 2.514 2.514 2.514 2.514 2.514 2.514 2.514 2.514 2.514 2.514 2.514 2.514 2.514 2.514 2.514 2.515 2.515 2.516
0.000 0.000 0.000 0.000 0.000 0.000 0.000 0.000 0.000 0.000 0.000 0.000 0.000 0.000 0.000 0.000 0.000 0.000 0.000 0.000 0.000 0.000 0.000 0.000 0.000 0.000 0.000 0.000 0.000 0.000 0.958 1.078 1.318 1.718 1.778 1.959 2.079 2.069 1.640 1.530 1.509 1.189 1.069 1.139 1.199 1.139 1.170 1.531 1.452 0.993 0.763 0.053 0.000 0.000 0.223 1.573 2.513 2.513 2.514 2.514 2.514 2.514 2.514 2.514 2.514 2.514 2.514 2.514 2.514 2.514 2.514 2.514 2.514 2.514 2.515 2.515 2.515
0.000 0.000 0.000 0.000 0.000 0.000 0.000 0.000 0.000 0.000 0.000 0.000 0.000 0.000 0.000 0.000 0.000 0.000 0.000 0.000 0.000 0.000 0.000 0.000 0.000 0.000 0.000 0.000 0.000 0.000 1.386 1.206 1.687 1.467 1.837 1.907 2.247 1.758 1.078 1.018 0.977 1.037 1.167 1.167 1.227 1.497 1.118 0.919 0.780 0.841 0.602 0.000 0.000 0.000 0.803 2.273 2.513 2.513 2.513 2.513 2.513 2.514 2.514 2.514 2.514 2.514 2.514 2.514 2.514 2.514 2.514 2.514 2.514 2.514 2.515 2.515 2.515
0.000 0.000 0.000 0.000 0.000 0.000 0.000 0.000 0.000 0.000 0.000 0.000 0.000 0.000 0.000 0.000 0.000 0.000 0.000 0.000 0.000 0.000 0.000 0.000 0.000 0.000 0.000 0.000 0.000 1.114 1.425 1.455 1.475 1.775 1.915 1.976 1.856 1.296 1.226 1.225 1.215 1.475 1.375 1.465 1.635 1.375 1.275 0.566 0.477 0.559 0.000 0.000 0.000 0.000 0.883 2.513 2.513 2.513 2.513 2.513 2.513 2.513 2.513 2.513 2.513 2.514 2.514 2.513 2.513 2.514 2.514 2.514 2.514 2.514 2.514 2.515 2.515
0.000 0.000 0.000 0.000 0.000 0.000 0.000 0.000 0.000 0.000 0.000 0.000 0.000 0.000 0.000 0.000 0.000 0.000 0.000 0.000 0.000 0.000 0.000 0.000 0.000 0.000 0.000 0.000 0.000 1.384 1.173 1.523 1.593 1.914 1.954 2.184 1.564 1.524 1.554 1.413 1.553 1.653 1.913 1.733 1.733 1.533 1.483 0.943 0.663 0.001 0.000 0.000 0.000 0.723 1.212 2.513 2.513 2.513 2.513 2.513 2.513 2.513 2.513 2.513 2.513 2.513 2.513 2.513 2.513 2.513 2.513 2.513 2.514 2.514 2.514 2.515 2.515
0.000 0.000 0.000 0.000 0.000 0.000 0.000 0.000 0.000 0.000 0.000 0.000 0.000 0.000 0.000 0.000 0.000 0.000 0.000 0.000 0.000 0.000 0.000 0.000 0.000 0.000 0.000 0.000 0.000 0.381 1.592 1.662 1.852 1.932 2.012 1.903 1.413 1.592 1.542 1.512 1.771 1.901 1.811 1.951 1.821 1.781 1.601 1.300 0.570 0.126 0.000 0.000 0.443 1.203 1.793 2.512 2.512 2.513 2.513 2.513 2.513 2.513 2.513 2.513 2.513 2.513 2.513 2.513 2.513 2.513 2.513 2.513 2.513 2.514 2.514 2.514 2.515
0.000 0.000 0.000 0.000 0.000 0.000 0.000 0.000 0.000 0.000 0.000 0.000 0.000 0.000 0.000 0.000 0.000 0.000 0.000 0.000 0.000 0.000 0.000 0.000 0.000 0.000 0.000 0.000 0.000 1.629 1.540 1.630 1.861 2.111 2.091 1.761 1.341 1.531 1.700 1.670 1.930 2.020 2.140 2.090 2.190 1.979 1.849 1.678 1.117 0.376 0.082 0.594 0.723 1.202 2.422 2.512 2.512 2.512 2.512 2.512 2.512 2.512 2.513 2.513 2.513 2.513 2.513 2.513 2.513 2.513 2.513 2.513 2.513 2.514 2.514 2.514 2.514
0.000 0.000 0.000 0.000 0.000 0.000 0.000 0.000 0.000 0.000 0.000 0.000 0.000 0.000 0.000 0.000 0.000 0.000 0.000 0.000 0.000 0.000 0.000 0.000 0.000 0.000 0.000 0.000 0.977 1.717 1.698 1.658 1.799 1.999 2.039 1.619 1.419 1.649 1.809 2.099 2.179 2.138 2.178 2.118 2.158 2.218 2.007 2.047 1.296 1.015 0.764 1.003 1.423 1.632 2.512 2.512 2.512 2.512 2.512 2.512 2.512 2.512 2.512 2.512 2.512 2.513 2.513 2.512 2.513 2.513 2.513 2.513 2.513 2.513 2.514 2.514 2.514
0.000 0.000 0.000 0.000 0.000 0.000 0.000 0.000 0.000 0.000 0.000 0.000 0.000 0.000 0.000 0.000 0.000 0.000 0.000 0.000 0.000 0.000 0.000 0.000 0.000 0.000 0.000 0.356 1.595 1.696 1.737 1.807 1.767 2.168 1.838 1.748 1.548 1.828 1.967 2.097 2.217 2.327 2.237 2.217 2.257 2.147 2.106 2.036 1.655 1.114 1.213 1.252 1.562 2.512 2.512 2.512 2.512 2.512 2.512 2.512 2.512 2.512 2.512 2.512 2.512 2.512 2.512 2.512 2.512 2.512 2.513 2.513 2.513 2.513 2.513 2.514 2.514
0.000 0.000 0.000 0.000 0.000 0.000 0.000 0.000 0.000 0.000 0.000 0.000 0.000 0.000 0.000 0.000 0.000 0.000 0.000 0.000 0.000 0.000 0.000 0.000 0.000 0.000 0.000 1.234 1.795 1.885 1.835 1.946 2.136 2.246 1.756 1.656 1.756 1.896 2.146 2.106 2.296 2.276 2.246 2.346 2.285 2.285 2.045 1.924 1.644 1.443 1.512 1.672 2.422 2.512 2.511 2.511 2.511 2.512 2.511 2.511 2.511 2.511 2.512 2.512 2.512 2.512 2.512 2.512 2.512 2.512 2.512 2.513 2.513 2.513 2.513 2.513 2.514
