includes/lisflood-fp-604/results/res-0008.wd
ncols         631
nrows         906
xllcorner     364927.146667
yllcorner     6531972.565556
cellsize      20.000000
NODATA_value  -9999.000000
[rows 102 to 135 of 906, columns 308 to 384 of 631]
0.694 0.464 0.443 0.623 0.543 0.000 0.032 0.499 0.699 0.649 0.839 0.649 0.709 0.579 0.439 0.599 0.599 0.559 0.789 0.629 0.539 0.799 0.979 1.059 1.149 1.019 0.779 0.389 0.000 0.603 0.000 0.000 0.000 0.000 0.078 0.002 0.001 0.017 0.019 0.072 0.011 0.135 0.025 0.126 5.145 5.145 5.145 5.145 5.145 5.145 5.145 5.145 5.145 5.145 5.145 5.145 5.145 5.145 5.145 5.145 5.145 5.145 5.145 5.145 5.145 5.145 5.145 5.145 5.145 5.145 5.145 5.145 5.145 5.145 5.145 5.145 5.145
0.755 0.455 0.325 0.614 0.454 0.295 0.000 0.509 0.619 0.649 0.389 0.649 0.679 0.599 0.809 0.719 0.729 0.659 0.879 0.629 0.000 1.869 1.409 1.069 0.979 1.119 1.149 1.029 0.000 0.000 0.474 0.000 0.000 0.000 0.000 0.009 0.078 0.006 0.003 0.022 0.002 0.003 0.004 0.099 0.068 5.145 5.145 5.145 5.145 5.145 5.145 5.145 5.145 5.145 5.145 5.145 5.145 5.145 5.145 5.145 5.145 5.145 5.145 5.145 5.145 5.145 5.145 5.145 5.145 5.145 5.145 5.145 5.145 5.145 5.145 5.145 5.145
0.726 0.596 0.476 0.695 0.535 0.235 0.000 0.000 0.138 0.000 0.000 0.099 0.289 0.609 0.929 0.839 0.869 0.769 0.659 0.639 1.469 1.079 0.939 1.169 1.039 1.089 1.069 0.929 0.739 0.000 0.774 0.000 0.000 0.000 0.003 0.002 0.005 0.009 0.027 0.024 0.059 0.167 0.048 0.130 5.148 0.136 0.096 0.126 5.145 5.145 5.145 5.145 5.145 5.145 5.145 5.145 5.145 5.145 5.145 5.145 5.145 5.145 5.145 5.145 5.146 5.146 5.146 5.146 5.145 5.145 5.145 5.145 5.145 5.145 5.145 5.145 5.145
0.706 0.736 0.626 0.776 0.486 0.406 0.000 0.530 0.610 0.650 0.121 0.000 0.080 0.199 0.459 0.609 0.529 0.439 0.379 0.179 0.326 0.386 0.000 1.089 1.259 1.079 1.049 1.049 1.009 0.000 0.000 0.279 0.000 0.000 0.000 0.000 0.031 0.000 0.043 0.000 0.149 0.089 0.014 0.012 0.118 5.145 5.145 5.145 5.145 5.145 5.145 5.145 5.145 5.145 5.145 5.146 5.146 5.146 5.146 5.146 5.146 5.146 5.146 5.146 5.146 5.146 5.146 5.146 5.146 5.146 5.146 5.146 5.145 5.145 5.145 5.145 5.145
0.627 0.676 0.756 0.566 0.706 0.197 0.728 0.000 0.251 0.341 0.691 0.021 0.019 0.750 0.380 0.519 0.379 0.419 0.013 0.000 0.521 0.911 1.151 0.208 1.079 1.049 1.009 1.039 0.869 0.799 0.000 0.559 0.000 0.000 0.000 0.002 0.002 0.002 0.044 0.104 0.012 0.079 0.002 0.087 0.027 0.127 5.145 0.058 0.099 5.145 5.145 5.145 5.145 5.146 5.146 5.146 5.146 5.146 5.146 5.146 5.146 5.146 5.146 5.146 5.146 5.146 5.146 5.146 5.146 5.146 5.146 5.146 5.146 5.146 5.145 5.145 5.145
0.278 0.257 0.317 0.876 0.317 0.217 0.688 0.000 0.003 0.451 0.731 0.521 0.158 0.590 0.600 0.920 0.540 0.000 0.550 0.056 1.071 1.491 0.491 0.000 1.039 1.069 1.149 1.119 0.989 0.849 0.249 0.299 0.149 0.000 0.000 0.000 0.000 0.048 0.007 0.010 0.001 0.089 0.023 0.159 0.014 0.054 0.006 0.001 0.136 0.081 5.145 0.126 0.126 5.146 5.146 5.146 5.146 5.146 5.146 5.146 5.146 5.146 5.146 5.146 5.146 5.146 5.146 5.146 5.146 5.146 5.146 5.146 5.146 5.146 5.146 5.146 5.146
0.275 0.070 0.157 0.327 0.307 0.247 0.708 0.000 0.000 0.471 0.451 0.191 0.024 0.080 0.180 0.330 0.570 0.320 0.810 0.056 1.051 1.521 1.120 0.860 0.000 1.059 0.949 1.069 0.999 0.519 0.000 0.000 0.819 0.000 0.000 0.000 0.002 0.020 0.005 0.000 0.002 0.014 0.054 0.089 0.062 0.116 0.055 5.162 5.162 0.033 5.145 0.136 5.146 5.146 5.146 5.146 5.146 5.146 5.146 5.146 5.146 5.146 5.146 5.146 5.146 5.146 5.146 5.146 5.146 5.146 5.146 5.146 5.146 5.146 5.146 5.146 5.146
0.239 0.005 0.000 0.008 0.188 0.158 0.948 0.031 0.101 0.321 0.421 0.311 0.000 0.000 0.000 0.000 0.200 0.390 0.130 0.000 0.930 1.270 1.330 0.620 0.000 0.689 0.829 0.879 0.889 0.649 0.031 0.000 0.599 0.001 0.000 0.000 0.000 0.000 0.001 0.004 0.110 0.015 0.001 0.030 0.003 0.107 0.009 0.065 0.021 0.049 0.010 5.146 5.146 5.146 5.146 0.066 5.146 5.146 5.146 5.146 5.146 5.146 5.146 5.146 5.146 5.146 5.146 5.146 5.146 5.146 5.146 5.146 5.146 5.146 5.146 5.146 5.146
0.361 0.000 0.005 0.000 0.058 0.007 0.648 0.320 0.311 0.361 0.601 0.392 0.223 0.163 0.001 0.000 0.008 0.000 0.007 0.000 0.110 1.300 1.240 0.730 0.900 0.000 0.609 0.679 1.059 0.829 0.669 0.649 0.399 0.529 0.000 0.000 0.000 0.002 0.000 0.002 0.000 0.005 0.066 0.154 0.001 0.035 0.001 0.006 0.102 0.088 0.090 0.100 0.137 5.146 5.146 0.096 5.146 5.146 5.146 5.146 5.146 5.146 5.146 5.146 5.146 5.146 5.146 5.146 5.146 5.146 5.146 5.146 5.146 5.146 5.146 5.146 5.146
0.601 0.801 0.452 0.152 0.232 0.662 0.000 0.101 0.201 0.241 0.161 0.452 0.283 0.654 0.018 0.000 0.005 0.040 0.000 0.000 0.000 1.160 1.140 1.190 0.850 0.006 0.000 0.229 0.719 0.919 0.859 0.829 0.719 0.000 1.254 0.000 0.000 0.000 0.001 0.010 0.004 0.005 0.025 0.004 0.016 0.063 0.000 0.030 0.060 0.002 0.030 0.130 0.117 5.146 5.146 5.146 5.146 5.146 5.146 5.146 5.146 5.146 5.146 5.146 5.146 5.146 5.146 5.146 5.146 5.146 5.146 5.146 5.146 5.146 5.146 5.146 5.146
0.361 0.261 0.462 0.422 0.023 0.213 0.103 0.000 0.000 0.221 0.000 0.093 0.364 0.414 0.001 0.000 0.022 0.002 0.032 0.000 0.000 1.180 1.090 1.220 0.570 0.500 0.491 0.466 0.948 0.000 0.002 1.109 1.069 0.729 0.000 0.002 0.000 0.000 0.000 0.000 0.012 0.006 0.011 0.009 0.075 0.001 0.125 0.016 0.019 0.045 0.098 0.110 5.146 5.146 5.146 5.146 5.146 5.146 5.146 5.146 5.146 5.146 5.146 5.146 5.146 5.146 5.146 5.146 5.146 5.146 5.146 5.146 5.146 5.146 5.146 5.146 5.146
0.202 0.252 0.582 0.342 0.132 0.103 0.333 0.000 0.000 0.023 0.005 0.000 0.056 0.286 0.426 0.002 0.208 0.002 0.038 0.000 0.540 1.210 1.120 1.190 1.120 0.750 0.580 0.056 0.088 0.001 0.413 0.051 0.049 0.247 0.304 0.214 0.000 0.000 0.000 0.000 0.004 0.000 0.005 0.077 0.000 0.056 0.034 0.091 0.147 0.090 0.039 0.090 5.146 5.146 5.146 5.146 5.146 5.146 5.146 5.146 5.146 5.146 5.146 5.146 5.146 5.146 5.146 5.146 5.146 5.146 5.146 5.146 5.146 5.146 5.146 5.146 5.146
0.272 0.000 0.000 0.592 0.263 0.043 0.113 0.018 0.000 0.000 0.000 0.244 0.015 0.176 0.277 0.448 0.378 0.489 0.089 0.000 0.540 1.060 0.900 0.400 0.750 0.730 0.530 0.007 0.000 0.001 0.002 0.003 0.482 0.000 0.573 0.002 0.877 0.000 0.000 0.000 0.000 0.007 0.064 0.000 0.138 0.000 0.112 0.001 0.000 0.008 5.152 0.120 5.146 0.049 0.137 5.146 5.146 0.117 5.146 5.146 5.146 5.146 5.146 5.146 5.146 5.146 5.146 5.146 5.146 5.146 5.146 5.146 5.146 5.146 5.146 5.146 5.146
0.303 0.333 0.393 0.443 0.513 0.193 0.253 0.133 0.000 0.000 0.494 0.274 0.214 0.003 0.000 0.000 0.179 0.499 0.289 0.000 0.070 0.519 0.749 0.789 0.699 0.689 0.000 0.000 0.011 0.603 0.123 0.762 0.752 0.832 0.722 0.000 0.727 0.000 0.000 0.000 0.001 0.002 0.000 0.022 0.015 0.038 0.103 0.173 0.083 0.000 0.014 0.004 0.043 0.053 0.138 0.108 5.146 5.146 5.146 5.146 5.146 5.146 5.146 5.146 5.146 5.146 5.146 5.146 5.146 5.146 5.146 5.146 5.146 5.146 5.146 5.146 5.146
0.423 0.293 0.403 0.363 0.693 0.613 0.343 0.532 0.133 0.018 0.374 0.174 0.104 0.000 0.000 0.001 0.129 0.169 0.000 0.000 0.000 0.668 0.988 0.000 0.003 0.937 1.077 0.217 0.000 0.000 0.000 0.042 0.642 1.172 0.662 0.133 0.000 0.792 0.000 0.000 0.000 0.000 0.002 0.033 0.009 0.007 0.007 0.025 0.173 0.133 0.006 0.125 0.125 0.002 0.119 5.149 0.108 5.146 5.147 5.147 5.147 5.147 5.147 5.147 5.147 5.147 5.147 5.147 5.146 5.147 5.147 5.147 5.146 5.146 5.146 5.146 5.146
0.333 0.583 0.663 0.333 0.513 0.253 0.422 0.762 0.000 0.000 0.244 0.404 0.002 0.006 0.218 0.000 0.069 0.000 0.000 0.000 0.000 0.000 1.267 1.047 1.237 0.957 1.177 0.857 0.000 0.000 0.536 0.866 0.318 0.000 0.019 0.026 0.003 0.001 0.450 0.000 0.000 0.000 0.000 0.004 0.001 0.003 0.002 0.001 0.113 0.060 0.021 0.011 0.005 5.175 0.033 0.071 0.089 5.147 5.147 5.147 5.147 5.147 5.147 5.147 5.147 5.147 5.147 5.147 5.147 5.147 5.147 5.147 5.147 5.147 5.146 5.146 5.146
0.483 0.553 0.543 0.523 0.543 0.473 0.322 0.562 0.542 0.362 0.163 0.484 0.224 0.000 0.000 0.318 0.004 0.000 0.000 0.000 0.000 0.000 1.137 1.136 1.246 1.186 0.916 0.316 1.066 0.266 1.476 1.206 1.296 0.516 0.001 0.167 0.117 0.057 0.004 0.000 0.000 0.000 0.000 0.049 0.000 0.000 0.013 0.026 0.018 0.075 0.065 0.121 0.097 0.022 0.072 5.152 0.079 5.147 5.147 5.147 5.147 5.147 5.147 5.147 5.147 5.147 5.147 5.147 5.147 5.147 5.147 5.147 5.147 5.147 5.147 5.146 5.146
0.353 0.453 0.673 0.573 0.613 0.242 0.532 0.272 0.572 0.492 0.133 0.143 0.024 0.000 0.000 0.000 0.002 0.000 0.000 0.000 0.000 0.826 0.906 1.066 1.176 1.246 1.256 1.556 1.306 1.306 1.346 1.356 1.286 1.026 0.000 0.067 0.537 0.297 0.287 0.487 0.000 0.000 0.000 0.000 0.000 0.046 0.006 0.011 0.005 0.055 0.026 0.090 0.172 0.058 0.082 0.082 5.147 5.147 5.147 5.147 5.147 5.147 5.147 5.147 5.147 5.147 5.147 5.147 5.147 5.147 5.147 5.147 5.147 5.147 5.147 5.147 5.146
0.000 0.403 0.623 0.783 0.473 0.622 0.562 0.602 0.402 0.472 0.452 0.512 0.081 0.000 0.000 0.195 0.000 0.000 0.000 0.000 0.212 0.000 0.816 1.256 1.316 1.476 1.226 1.246 0.686 1.106 1.316 1.296 1.316 1.206 1.466 0.087 0.637 0.597 0.457 0.000 0.460 0.000 0.000 0.000 0.000 0.106 0.001 0.002 0.002 0.004 0.206 0.023 0.151 0.087 0.152 5.147 5.147 5.147 5.147 5.147 5.147 5.147 5.147 5.147 5.147 5.147 5.147 5.147 5.147 5.147 5.147 5.147 5.147 5.147 5.147 5.147 5.147
0.000 0.383 0.703 0.283 0.493 0.672 0.182 0.572 0.452 0.612 0.502 0.200 0.448 0.157 0.077 0.008 0.111 0.000 0.171 0.000 0.000 0.000 0.216 1.166 1.196 1.326 1.276 1.256 1.246 1.166 1.256 1.216 1.136 1.116 1.006 0.596 0.000 0.667 0.097 0.000 0.640 0.008 0.000 0.000 0.000 0.001 0.001 0.002 0.007 0.023 0.095 0.001 0.091 0.001 5.163 0.044 0.052 5.147 5.147 0.097 5.147 5.147 5.147 5.147 5.147 5.147 5.147 5.147 5.147 5.147 5.147 5.147 5.147 5.147 5.147 5.147 5.147
0.119 0.000 0.213 0.283 0.293 0.452 0.562 0.622 0.562 0.742 0.111 0.268 0.226 0.105 0.042 0.098 0.181 0.000 0.351 0.014 0.000 0.000 0.047 1.206 1.216 1.226 1.256 1.266 1.476 1.346 1.236 1.196 1.426 1.036 0.000 1.316 0.000 0.406 0.336 0.048 0.000 0.290 0.000 0.000 0.000 0.002 0.000 0.003 0.005 0.007 0.116 0.007 0.041 0.042 0.054 0.129 0.002 0.119 5.147 5.147 5.147 5.147 5.147 5.147 5.147 5.147 5.147 5.147 5.147 5.147 5.147 5.147 5.147 5.147 5.147 5.147 5.147
0.040 0.170 0.000 0.174 0.233 0.283 0.442 0.741 0.621 0.002 0.000 0.000 0.718 1.078 0.516 0.370 0.299 0.383 0.013 0.000 0.000 0.000 0.000 1.156 1.246 1.216 1.216 1.256 1.276 1.246 1.146 1.176 1.096 1.006 0.126 0.000 0.896 0.726 0.466 0.001 0.000 0.005 0.066 0.000 0.000 0.000 0.003 0.097 0.002 0.000 0.039 0.062 0.091 0.101 0.131 0.070 5.165 0.106 5.147 0.087 5.147 5.147 5.147 5.147 5.147 5.147 5.147 5.147 5.147 5.147 5.147 5.147 5.147 5.147 5.147 5.147 5.147
0.000 0.000 0.390 0.336 0.385 0.393 0.522 0.731 0.438 1.314 0.364 0.523 0.330 0.093 0.000 0.026 0.000 0.359 0.117 0.117 0.297 0.127 0.396 1.106 1.096 1.176 1.396 1.226 1.196 1.386 0.146 1.406 0.316 0.896 0.846 0.656 0.686 0.526 0.496 0.136 0.003 0.002 0.000 0.000 0.000 0.000 0.000 0.000 0.006 0.014 0.006 0.042 0.093 0.000 0.060 0.079 5.165 0.139 0.099 0.117 5.147 5.147 5.147 5.147 5.147 5.147 5.147 5.147 5.147 5.147 5.147 5.147 5.147 5.147 5.147 5.147 5.147
0.126 0.435 0.304 0.001 0.199 0.077 0.025 0.146 0.704 0.924 0.603 0.943 0.095 0.381 0.220 0.428 0.247 0.347 0.707 0.767 0.807 0.817 0.757 0.156 1.266 1.186 1.276 1.126 1.446 1.276 1.296 1.266 1.166 1.226 0.826 0.616 0.806 0.386 0.246 0.516 0.496 0.206 0.004 0.000 0.000 0.000 0.000 0.000 0.000 0.003 0.004 0.008 0.004 0.070 0.047 0.026 0.102 0.045 5.147 5.147 5.147 5.147 5.147 5.147 5.147 5.147 5.147 5.147 5.147 5.147 5.147 5.147 5.147 5.147 5.147 5.147 5.147
0.536 0.506 0.375 0.425 0.284 0.000 0.007 0.854 0.734 0.404 0.713 0.015 0.000 0.551 0.320 0.128 0.267 0.647 0.197 0.000 0.517 0.537 1.327 0.246 0.996 1.116 1.386 1.346 1.436 1.426 1.406 1.256 1.306 1.256 1.306 1.326 0.936 0.536 0.526 0.816 1.086 0.466 0.506 0.216 0.000 0.000 0.000 0.000 0.006 0.088 0.003 0.003 0.014 0.018 0.040 0.091 0.147 0.025 0.056 0.121 5.147 5.147 5.147 5.147 5.147 5.147 5.147 5.147 5.147 5.147 5.147 5.147 5.147 5.147 5.147 5.147 5.147
0.426 0.566 0.486 0.476 0.003 0.006 0.005 0.704 0.584 0.603 0.933 0.069 0.352 0.751 0.099 0.617 0.587 0.647 0.737 0.537 0.747 0.597 0.216 0.266 1.356 1.276 1.206 1.266 1.366 1.276 1.316 1.186 1.186 1.176 1.316 0.446 0.926 0.606 0.656 0.596 0.456 0.566 0.466 0.136 0.206 0.000 0.000 0.000 0.000 0.000 0.016 0.001 0.040 0.000 0.057 0.006 0.069 0.046 0.090 5.159 0.078 0.005 0.118 0.097 0.117 5.147 5.147 5.147 5.147 5.147 5.147 5.147 5.147 5.147 5.147 5.147 5.147
0.106 0.000 0.596 0.856 0.436 0.000 0.000 0.394 0.194 0.803 0.762 0.309 0.206 0.490 0.427 0.487 0.027 0.677 0.147 0.057 0.707 0.716 0.716 0.456 0.506 1.296 1.286 1.266 1.226 1.216 1.346 1.406 1.366 1.246 1.356 1.336 0.926 0.586 0.776 0.366 0.895 0.905 0.645 0.000 0.716 0.000 0.000 0.000 0.000 0.000 0.001 0.004 0.004 0.020 0.022 0.020 0.033 0.016 0.070 5.159 5.159 0.128 0.084 5.147 5.147 5.147 5.147 5.147 5.147 5.147 5.147 5.147 5.147 5.147 5.147 5.147 5.147
0.326 0.027 0.586 0.426 0.526 0.186 0.000 0.264 0.044 0.212 0.482 0.182 0.383 0.230 0.487 0.567 0.587 0.947 0.897 0.687 0.597 0.926 0.456 0.666 0.756 0.936 1.236 1.296 0.856 1.246 1.366 1.266 1.276 1.226 1.086 0.000 0.986 0.765 0.835 1.075 0.875 0.785 0.705 0.575 0.155 0.375 0.000 0.000 0.000 0.000 0.000 0.002 0.002 0.005 0.006 0.010 0.057 0.004 0.141 0.139 5.159 0.128 0.107 0.024 0.137 5.147 5.147 5.147 5.147 5.147 5.147 5.147 5.147 5.147 5.147 5.147 5.147
0.566 0.346 0.896 0.366 0.596 0.000 0.000 0.274 0.044 0.253 0.002 0.335 0.382 0.598 0.447 0.707 0.009 0.657 0.887 0.977 1.077 1.006 1.106 0.346 0.536 1.286 1.186 1.186 1.406 1.216 1.106 1.286 1.296 1.276 0.005 0.000 1.005 0.775 0.925 0.935 0.965 0.955 0.785 0.635 0.495 0.000 0.000 0.000 0.000 0.000 0.000 0.064 0.002 0.014 0.002 0.010 0.000 0.063 0.059 0.016 0.033 0.128 0.107 5.147 5.147 5.147 5.147 5.147 5.147 5.147 5.147 5.147 5.147 5.147 5.147 5.147 5.147
0.000 0.806 0.676 0.266 0.004 0.000 0.000 0.000 0.000 0.005 0.263 0.015 0.079 0.507 1.087 0.737 0.597 0.347 0.397 0.107 1.207 0.976 0.096 0.966 0.716 1.146 1.366 1.416 1.226 1.236 1.306 1.296 1.276 1.196 0.176 0.005 1.055 0.815 0.915 1.005 0.935 1.045 0.955 0.725 0.575 0.445 0.000 0.000 0.000 0.000 0.000 0.000 0.000 0.007 0.000 0.002 0.053 0.040 0.063 0.002 0.041 0.020 0.060 0.061 0.077 5.147 5.147 5.147 5.147 5.147 5.147 5.147 5.147 5.147 5.147 5.147 5.147
0.366 0.666 0.696 0.636 0.000 0.000 0.000 0.000 0.000 0.005 0.000 0.077 0.297 0.307 0.447 0.807 0.777 0.797 0.817 0.157 0.986 0.226 0.366 0.746 0.106 0.976 0.646 1.296 1.296 1.106 1.166 1.506 1.296 1.166 0.376 0.001 1.035 0.925 1.075 1.135 0.645 0.825 0.515 0.885 0.825 0.515 0.205 0.000 0.000 0.000 0.000 0.000 0.000 0.000 0.002 0.002 0.007 0.017 0.001 0.088 0.163 0.132 0.077 0.130 5.147 5.147 5.147 5.147 5.147 5.147 5.147 5.147 5.147 5.147 5.147 5.147 5.147
0.796 0.736 0.516 0.000 0.000 0.018 0.510 0.380 0.000 0.000 0.447 0.407 0.000 0.002 0.437 0.947 0.547 1.187 0.947 0.916 0.966 0.926 1.116 0.926 0.196 1.096 0.326 1.096 1.266 1.306 1.176 1.176 1.176 1.296 0.012 0.000 1.065 0.935 1.025 1.385 0.215 0.675 0.000 0.835 0.615 0.675 0.995 0.525 0.000 0.000 0.000 0.000 0.000 0.001 0.000 0.000 0.010 0.006 0.031 0.050 0.000 0.049 0.002 0.110 5.147 0.057 5.147 5.147 5.147 5.147 5.147 5.147 5.147 5.147 5.147 5.147 5.147
0.556 0.196 0.496 0.068 0.840 1.030 1.090 0.580 0.228 0.357 0.587 0.627 0.077 0.387 0.237 0.657 0.000 0.967 0.000 0.976 0.796 0.206 1.096 0.956 0.426 0.536 1.416 1.506 1.386 1.196 1.226 1.186 1.236 1.166 0.475 0.475 1.175 0.865 1.005 1.115 0.625 0.615 0.855 0.685 0.615 0.715 0.115 0.245 0.056 0.000 0.000 0.000 0.000 0.000 0.001 0.013 0.008 0.000 0.102 0.007 0.125 0.075 0.155 0.029 5.147 5.147 5.147 5.147 5.147 5.147 5.147 5.147 5.147 5.147 5.147 5.147 5.147
0.236 0.516 0.726 0.115 0.000 0.230 0.390 0.089 0.357 0.167 0.000 0.367 0.267 0.277 0.497 0.727 1.127 0.917 0.616 0.856 0.236 0.002 1.066 0.876 1.036 0.516 0.936 1.356 1.256 1.146 1.256 1.316 1.256 0.966 0.595 1.365 1.155 0.945 1.015 1.385 0.845 1.075 0.905 0.775 0.655 0.825 0.635 0.655 0.000 0.365 0.000 0.000 0.000 0.000 0.000 0.000 0.001 0.005 0.035 0.003 0.036 0.055 0.055 0.132 0.034 0.120 0.100 5.147 5.147 5.147 5.147 5.147 5.147 5.147 5.147 5.147 5.147
