includes/lisflood-fp-604/results/res-0005.wdfp
ncols         631
nrows         906
xllcorner     364927.146667
yllcorner     6531972.565556
cellsize      20.000000
NODATA_value  -9999.000000
[rows 68 to 101 of 906, columns 385 to 461 of 631]
4.119 4.118 4.117 4.117 9.116 4.116 9.115 9.115 9.115 9.114 9.114 9.114 9.113 9.113 9.113 9.112 9.112 9.112 9.111 9.111 9.111 9.110 9.110 9.110 9.110 9.109 9.109 9.109 9.108 9.108 9.108 9.107 9.107 9.107 9.107 9.106 9.106 9.106 9.106 9.105 9.105 9.105 9.105 9.105 9.105 9.104 9.104 9.104 9.104 9.104 9.103 9.103 9.103 9.103 9.103 9.102 9.102 9.102 9.102 9.101 9.101 9.101 9.101 9.100 9.100 9.100 9.100 9.099 9.099 9.099 9.099 9.099 9.099 9.098 9.098 9.098 9.098
4.119 4.118 4.117 4.117 4.116 9.116 9.115 9.115 9.115 9.114 9.114 9.114 9.113 9.113 9.113 9.112 9.112 9.112 9.111 9.111 9.111 9.110 9.110 9.110 9.110 9.109 9.109 9.109 9.108 9.108 9.108 9.107 9.107 9.107 9.107 9.106 9.106 9.106 9.106 9.105 9.105 9.105 9.105 9.105 9.105 9.104 9.104 9.104 9.104 9.104 9.103 9.103 9.103 9.103 9.103 9.102 9.102 9.102 9.102 9.101 9.101 9.101 9.101 9.100 9.100 9.100 9.100 9.099 9.099 9.099 9.099 9.099 9.099 9.098 9.098 9.098 9.098
4.119 4.118 4.117 4.117 9.116 9.116 9.115 9.115 9.115 9.114 9.114 9.114 9.113 9.113 9.113 9.112 9.112 9.112 9.111 9.111 9.111 9.110 9.110 9.110 9.110 9.109 9.109 9.109 9.108 9.108 9.108 9.107 9.107 9.107 9.107 9.106 9.106 9.106 9.106 9.106 9.105 9.105 9.105 9.105 9.105 9.104 9.104 9.104 9.104 9.104 9.104 9.103 9.103 9.103 9.103 9.102 9.102 9.102 9.102 9.101 9.101 9.101 9.101 9.100 9.100 9.100 9.100 9.100 9.099 9.099 9.099 9.099 9.099 9.098 9.098 9.098 9.098
4.119 4.118 4.117 4.117 9.116 9.116 9.115 9.115 9.115 9.114 9.114 9.114 9.113 9.113 9.113 9.112 9.112 9.112 9.111 9.111 9.111 9.110 9.110 9.110 9.110 9.109 9.109 9.109 9.108 9.108 9.108 9.108 9.107 9.107 9.107 9.107 9.106 9.106 9.106 9.106 9.105 9.105 9.105 9.105 9.105 9.105 9.104 9.104 9.104 9.104 9.104 9.103 9.103 9.103 9.103 9.102 9.102 9.102 9.102 9.101 9.101 9.101 9.101 9.100 9.100 9.100 9.100 9.100 9.099 9.099 9.099 9.099 9.099 9.098 9.098 9.098 9.098
4.119 4.118 4.117 9.117 9.116 9.116 9.115 9.115 9.115 9.114 9.114 9.114 9.113 9.113 9.113 9.112 9.112 9.112 9.111 9.111 9.111 9.110 9.110 9.110 9.110 9.109 9.109 9.109 9.108 9.108 9.108 9.108 9.107 9.107 9.107 9.107 9.106 9.106 9.106 9.106 9.106 9.105 9.105 9.105 9.105 9.105 9.105 9.104 9.104 9.104 9.104 9.103 9.103 9.103 9.103 9.102 9.102 9.102 9.102 9.101 9.101 9.101 9.101 9.100 9.100 9.100 9.100 9.100 9.099 9.099 9.099 9.099 9.099 9.098 9.098 9.098 9.098
4.119 4.118 9.117 9.117 9.116 9.116 9.115 9.115 9.115 9.114 9.114 9.114 9.113 9.113 9.113 9.112 9.112 9.112 9.111 9.111 9.111 9.110 9.110 9.110 9.110 9.109 9.109 9.109 9.108 9.108 9.108 9.108 9.107 9.107 9.107 9.107 9.107 9.106 9.106 9.106 9.106 9.105 9.105 9.105 9.105 9.105 9.105 9.104 9.104 9.104 9.104 9.104 9.103 9.103 9.103 9.103 9.102 9.102 9.102 9.101 9.101 9.101 9.101 9.101 9.100 9.100 9.100 9.100 9.099 9.099 9.099 9.099 9.099 9.098 9.098 9.098 9.098
4.118 4.118 9.117 9.117 9.116 9.116 9.115 9.115 9.115 9.114 9.114 9.114 9.113 9.113 9.113 9.112 9.112 9.112 9.111 9.111 9.111 9.110 9.110 9.110 9.110 9.109 9.109 9.109 9.108 9.108 9.108 9.108 9.107 9.107 9.107 9.107 9.107 9.106 9.106 9.106 9.106 9.106 9.105 9.105 9.105 9.105 9.105 9.104 9.104 9.104 9.104 9.104 9.103 9.103 9.103 9.103 9.102 9.102 9.102 9.101 9.101 9.101 9.101 9.101 9.100 9.100 9.100 9.100 9.100 9.099 9.099 9.099 9.099 9.099 9.098 9.098 9.098
4.118 9.118 9.117 9.117 9.116 9.116 9.115 9.115 9.115 9.114 9.114 9.114 9.113 9.113 9.113 9.112 9.112 9.112 9.111 9.111 9.111 9.111 9.110 9.110 9.110 9.109 9.109 9.109 9.108 9.108 9.108 9.108 9.108 9.107 9.107 9.107 9.107 9.107 9.106 9.106 9.106 9.106 9.105 9.105 9.105 9.105 9.105 9.105 9.104 9.104 9.104 9.104 9.103 9.103 9.103 9.103 9.102 9.102 9.102 9.102 9.101 9.101 9.101 9.101 9.100 9.100 9.100 9.100 9.100 9.099 9.099 9.099 9.099 9.099 9.099 9.098 9.098
4.118 9.118 9.117 9.117 9.116 9.116 9.116 9.115 9.115 9.114 9.114 9.114 9.113 9.113 9.113 9.112 9.112 9.112 9.111 9.111 9.111 9.111 9.110 9.110 9.110 9.109 9.109 9.109 9.109 9.108 9.108 9.108 9.108 9.107 9.107 9.107 9.107 9.107 9.106 9.106 9.106 9.106 9.106 9.105 9.105 9.105 9.105 9.105 9.104 9.104 9.104 9.104 9.104 9.103 9.103 9.103 9.103 9.102 9.102 9.102 9.102 9.101 9.101 9.101 9.101 9.100 9.100 9.100 9.100 9.100 9.099 9.099 9.099 9.099 9.099 9.098 9.098
4.118 9.118 9.117 9.117 9.116 9.116 9.116 9.115 9.115 9.114 9.114 9.114 9.113 9.113 9.113 9.112 9.112 9.112 9.112 9.111 9.111 9.110 9.110 9.110 9.110 9.109 9.109 9.109 9.109 9.108 9.108 9.108 9.108 9.107 9.107 9.107 9.107 9.107 9.107 9.106 9.106 9.106 9.106 9.106 9.105 9.105 9.105 9.105 9.105 9.104 9.104 9.104 9.104 9.103 9.103 9.103 9.103 9.102 9.102 9.102 9.102 9.101 9.101 9.101 9.101 9.101 9.100 9.100 9.100 9.100 9.100 9.099 9.099 9.099 9.099 9.099 9.098
9.118 9.118 9.117 9.117 9.116 9.116 9.116 9.115 9.115 9.114 9.114 9.114 9.113 9.113 9.113 9.112 9.112 9.112 9.111 9.111 9.111 9.111 9.110 9.110 9.110 9.109 9.109 9.109 9.109 9.108 9.108 9.108 9.108 9.108 9.107 9.107 9.107 9.107 9.107 9.107 9.106 9.106 9.106 9.106 9.105 9.105 9.105 9.105 9.105 9.104 9.104 9.104 9.104 9.104 9.103 9.103 9.103 9.103 9.102 9.102 9.102 9.102 9.101 9.101 9.101 9.101 9.101 9.100 9.100 9.100 9.100 9.099 9.099 9.099 9.099 9.099 9.098
9.118 9.118 9.117 9.117 9.116 9.116 9.116 9.115 9.115 9.114 9.114 9.114 9.113 9.113 9.113 9.112 9.112 9.112 9.111 9.111 9.111 9.111 9.110 9.110 9.110 9.109 9.109 9.109 9.109 9.108 9.108 9.108 9.108 9.108 9.108 9.107 9.107 9.107 9.107 9.107 9.106 9.106 9.106 9.106 9.106 9.105 9.105 9.105 9.105 9.105 9.104 9.104 9.104 9.104 9.103 9.103 9.103 9.103 9.102 9.102 9.102 9.102 9.102 9.101 9.101 9.101 9.101 9.100 9.100 9.100 9.100 9.100 9.099 9.099 9.099 9.099 9.099
9.118 9.118 9.117 9.117 9.116 9.116 9.116 9.115 9.115 9.115 9.114 9.114 9.113 9.113 9.113 9.112 9.112 9.112 9.112 9.111 9.111 9.111 9.110 9.110 9.110 9.109 9.109 9.109 9.109 9.109 9.108 9.108 9.108 9.108 9.108 9.107 9.107 9.107 9.107 9.107 9.106 9.106 9.106 9.106 9.106 9.106 9.105 9.105 9.105 9.105 9.105 9.104 9.104 9.104 9.104 9.103 9.103 9.103 9.103 9.102 9.102 9.102 9.102 9.102 9.101 9.101 9.101 9.101 9.100 9.100 9.100 9.100 9.100 9.099 9.099 9.099 9.099
9.118 9.118 9.117 9.117 9.116 9.116 9.116 9.115 9.115 9.115 9.114 9.114 9.114 9.113 9.113 9.113 9.112 9.112 9.112 9.111 9.111 9.111 9.110 9.110 9.110 9.110 9.109 9.109 9.109 9.109 9.108 9.108 9.108 9.108 9.108 9.107 9.107 9.107 9.107 9.107 9.107 9.106 9.106 9.106 9.106 9.106 9.106 9.105 9.105 9.105 9.105 9.105 9.104 9.104 9.104 9.104 9.103 9.103 9.103 9.103 9.102 9.102 9.102 9.102 9.101 9.101 9.101 9.101 9.101 9.100 9.100 9.100 9.100 9.100 9.099 9.099 9.099
9.118 9.118 9.117 9.117 9.117 9.116 9.116 9.115 9.115 9.115 9.114 9.114 9.114 9.113 9.113 9.113 9.112 9.112 9.112 9.111 9.111 9.111 9.110 9.110 9.110 9.110 9.109 9.109 9.109 9.109 9.108 9.108 9.108 9.108 9.108 9.108 9.107 9.107 9.107 9.107 9.107 9.107 9.106 9.106 9.106 9.106 9.106 9.106 9.105 9.105 9.105 9.105 9.104 9.104 9.104 9.104 9.104 9.103 9.103 9.103 9.103 9.102 9.102 9.102 9.102 9.101 9.101 9.101 9.101 9.101 9.100 9.100 9.100 9.100 9.100 9.099 9.099
4.119 9.118 9.118 9.117 9.117 9.116 9.116 9.115 9.115 9.115 9.114 9.114 9.114 9.113 9.113 9.113 9.112 9.112 9.112 9.111 9.111 9.111 9.110 9.110 9.110 9.110 9.109 9.109 9.109 9.109 9.109 9.108 9.108 9.108 9.108 9.108 9.107 9.107 9.107 9.107 9.107 9.107 9.107 9.106 9.106 9.106 9.106 9.106 9.105 9.105 9.105 9.105 9.105 9.104 9.104 9.104 9.104 9.104 9.103 9.103 9.103 9.103 9.102 9.102 9.102 9.102 9.101 9.101 9.101 9.101 9.101 9.101 9.100 9.100 9.100 9.100 9.099
4.119 4.118 9.118 9.117 9.117 9.116 9.116 9.115 9.115 9.115 9.114 9.114 9.114 9.113 9.113 9.113 9.112 9.112 9.112 9.111 9.111 9.111 9.110 9.110 9.110 9.110 9.109 9.109 9.109 9.109 9.109 9.109 9.108 9.108 9.108 9.108 9.108 9.107 9.107 9.107 9.107 9.107 9.107 9.107 9.106 9.106 9.106 9.106 9.106 9.105 9.105 9.105 9.105 9.105 9.104 9.104 9.104 9.104 9.103 9.103 9.103 9.103 9.102 9.102 9.102 9.102 9.102 9.101 9.101 9.101 9.101 9.101 9.101 9.100 9.100 9.100 9.100
4.119 4.119 9.118 9.117 9.117 9.116 9.116 9.116 9.115 9.115 9.114 9.114 9.114 9.113 9.113 9.113 9.112 9.112 9.112 9.111 9.111 9.111 9.111 9.110 9.110 9.110 9.110 9.109 9.109 9.109 9.109 9.109 9.108 9.108 9.108 9.108 9.108 9.108 9.107 9.107 9.107 9.107 9.107 9.107 9.107 9.106 9.106 9.106 9.106 9.106 9.105 9.105 9.105 9.105 9.104 9.104 9.104 9.104 9.104 9.103 9.103 9.103 9.103 9.102 9.102 9.102 9.102 9.102 9.102 9.101 9.101 9.101 9.101 9.101 9.100 9.100 9.100
4.120 4.119 4.118 9.117 9.117 9.116 9.116 9.116 9.115 9.115 9.115 9.114 9.114 9.113 9.113 9.113 9.112 9.112 9.112 9.111 9.111 9.111 9.111 9.110 9.110 9.110 9.110 9.109 9.109 9.109 9.109 9.109 9.109 9.108 9.108 9.108 9.108 9.108 9.108 9.107 9.107 9.107 9.107 9.107 9.107 9.107 9.106 9.106 9.106 9.106 9.106 9.105 9.105 9.105 9.105 9.104 9.104 9.104 9.104 9.104 9.103 9.103 9.103 9.103 9.103 9.102 9.102 9.102 9.102 9.102 9.101 9.101 9.101 9.101 9.101 9.101 9.100
4.120 4.119 4.118 9.117 9.117 9.116 9.116 9.116 9.115 9.115 9.115 9.114 9.114 9.113 9.113 9.113 9.112 9.112 9.112 9.112 9.111 9.111 9.111 9.110 9.110 9.110 9.110 9.110 9.109 9.109 9.109 9.109 9.109 9.108 9.108 9.108 9.108 9.108 9.108 9.108 9.107 9.107 9.107 9.107 9.107 9.107 9.107 9.106 9.106 9.106 9.106 9.105 9.105 9.105 9.105 9.105 9.104 9.104 9.104 9.104 9.104 9.103 9.103 9.103 9.103 9.103 9.102 9.102 9.102 9.102 9.102 9.102 9.101 9.101 9.101 9.101 9.101
4.120 4.119 4.119 4.118 9.117 9.116 9.116 9.116 9.115 9.115 9.115 9.114 9.114 9.113 9.113 9.113 9.113 9.112 9.112 9.112 9.111 9.111 9.111 9.111 9.110 9.110 9.110 9.110 9.109 9.109 9.109 9.109 9.109 9.109 9.108 9.108 9.108 9.108 9.108 9.108 9.108 9.108 9.107 9.107 9.107 9.107 9.107 9.107 9.106 9.106 9.106 9.106 9.105 9.105 9.105 9.105 9.105 9.104 9.104 9.104 9.104 9.104 9.103 9.103 9.103 9.103 9.103 9.103 9.102 9.102 9.102 9.102 9.102 9.101 9.101 9.101 9.101
4.121 4.120 4.119 4.118 4.117 9.116 9.116 9.116 9.115 9.115 9.115 9.114 9.114 9.114 9.113 9.113 9.113 9.112 9.112 9.112 9.111 9.111 9.111 9.111 9.110 9.110 9.110 9.110 9.110 9.109 9.109 9.109 9.109 9.109 9.108 9.108 9.108 9.108 9.108 9.108 9.108 9.108 9.108 9.107 9.107 9.107 9.107 9.107 9.106 9.106 9.106 9.106 9.106 9.105 9.105 9.105 9.105 9.105 9.105 9.104 9.104 9.104 9.104 9.104 9.103 9.103 9.103 9.103 9.103 9.103 9.102 9.102 9.102 9.102 9.102 9.102 9.101
4.121 4.120 4.119 4.118 4.118 9.117 9.116 9.116 9.115 9.115 9.115 9.114 9.114 9.114 9.113 9.113 9.113 9.112 9.112 9.112 9.111 9.111 9.111 9.111 9.111 9.110 9.110 9.110 9.110 9.110 9.109 9.109 9.109 9.109 9.109 9.109 9.108 9.108 9.108 9.108 9.108 9.108 9.108 9.108 9.107 9.107 9.107 9.107 9.107 9.106 9.106 9.106 9.106 9.106 9.105 9.105 9.105 9.105 9.105 9.105 9.104 9.104 9.104 9.104 9.104 9.104 9.103 9.103 9.103 9.103 9.103 9.103 9.102 9.102 9.102 9.102 9.102
4.121 4.121 4.119 4.119 4.118 4.117 9.116 9.116 9.115 9.115 9.115 9.114 9.114 9.114 9.113 9.113 9.113 9.112 9.112 9.112 9.112 9.111 9.111 9.111 9.111 9.110 9.110 9.110 9.110 9.110 9.110 9.109 9.109 9.109 9.109 9.109 9.109 9.108 9.108 9.108 9.108 9.108 9.108 9.108 9.108 9.107 9.107 9.107 9.107 9.107 9.107 9.106 9.106 9.106 9.106 9.105 9.105 9.105 9.105 9.105 9.105 9.105 9.104 9.104 9.104 9.104 9.104 9.104 9.103 9.103 9.103 9.103 9.103 9.103 9.102 9.102 9.102
4.122 4.121 4.120 4.119 4.118 4.117 4.117 9.116 9.116 9.115 9.115 9.114 9.114 9.114 9.114 9.113 9.113 9.113 9.112 9.112 9.112 9.111 9.111 9.111 9.111 9.111 9.110 9.110 9.110 9.110 9.110 9.109 9.109 9.109 9.109 9.109 9.109 9.109 9.108 9.108 9.108 9.108 9.108 9.108 9.108 9.108 9.108 9.107 9.107 9.107 9.107 9.107 9.106 9.106 9.106 9.106 9.106 9.105 9.105 9.105 9.105 9.105 9.105 9.105 9.104 9.104 9.104 9.104 9.104 9.104 9.103 9.103 9.103 9.103 9.103 9.103 9.102
4.122 4.121 4.120 4.119 4.119 4.118 4.117 9.116 9.116 9.115 9.115 9.115 9.114 9.114 9.114 9.113 9.113 9.113 9.112 9.112 9.112 9.112 9.111 9.111 9.111 9.111 9.111 9.110 9.110 9.110 9.110 9.110 9.109 9.109 9.109 9.109 9.109 9.109 9.109 9.109 9.108 9.108 9.108 9.108 9.108 9.108 9.108 9.108 9.107 9.107 9.107 9.107 9.107 9.106 9.106 9.106 9.106 9.106 9.106 9.105 9.105 9.105 9.105 9.105 9.105 9.105 9.104 9.104 9.104 9.104 9.104 9.104 9.103 9.103 9.103 9.103 9.103
4.122 4.122 4.121 4.120 4.119 4.118 4.117 4.116 9.116 9.115 9.115 9.115 9.114 9.114 9.114 9.113 9.113 9.113 9.112 9.112 9.112 9.112 9.112 9.111 9.111 9.111 9.111 9.110 9.110 9.110 9.110 9.110 9.110 9.109 9.109 9.109 9.109 9.109 9.109 9.109 9.109 9.109 9.108 9.108 9.108 9.108 9.108 9.108 9.108 9.107 9.107 9.107 9.107 9.107 9.107 9.106 9.106 9.106 9.106 9.106 9.106 9.106 9.105 9.105 9.105 9.105 9.105 9.105 9.105 9.104 9.104 9.104 9.104 9.104 9.104 9.103 9.103
4.123 4.122 4.121 4.120 4.119 4.118 4.117 4.117 9.116 9.115 9.115 9.115 9.114 9.114 9.114 9.114 9.113 9.113 9.113 9.112 9.112 9.112 9.112 9.111 9.111 9.111 9.111 9.111 9.110 9.110 9.110 9.110 9.110 9.110 9.110 9.109 9.109 9.109 9.109 9.109 9.109 9.109 9.109 9.109 9.108 9.108 9.108 9.108 9.108 9.108 9.108 9.107 9.107 9.107 9.107 9.107 9.107 9.106 9.106 9.106 9.106 9.106 9.106 9.106 9.106 9.105 9.105 9.105 9.105 9.105 9.105 9.104 9.104 9.104 9.104 9.104 9.104
4.123 4.122 4.122 4.121 4.120 4.119 4.118 4.117 4.116 9.115 9.115 9.115 9.114 9.114 9.114 9.114 9.113 9.113 9.113 9.113 9.112 9.112 9.112 9.112 9.111 9.111 9.111 9.111 9.111 9.110 9.110 9.110 9.110 9.110 9.110 9.110 9.109 9.109 9.109 9.109 9.109 9.109 9.109 9.109 9.109 9.109 9.108 9.108 9.108 9.108 9.108 9.108 9.108 9.107 9.107 9.107 9.107 9.107 9.107 9.106 9.106 9.106 9.106 9.106 9.106 9.106 9.106 9.106 9.105 9.105 9.105 9.105 9.105 9.105 9.104 9.104 9.104
4.124 4.123 4.122 4.121 4.120 4.119 4.118 4.117 4.117 4.116 9.115 9.115 9.115 9.114 9.114 9.114 9.114 9.113 9.113 9.113 9.112 9.112 9.112 9.112 9.112 9.111 9.111 9.111 9.111 9.111 9.111 9.110 9.110 9.110 9.110 9.110 9.110 9.110 9.110 9.109 9.109 9.109 9.109 9.109 9.109 9.109 9.109 9.109 9.108 9.108 9.108 9.108 9.108 9.108 9.108 9.107 9.107 9.107 9.107 9.107 9.107 9.107 9.106 9.106 9.106 9.106 9.106 9.106 9.106 9.106 9.105 9.105 9.105 9.105 9.105 9.105 9.104
4.124 4.123 4.122 4.121 4.121 4.120 4.119 4.118 4.117 4.116 9.116 9.115 9.115 9.114 9.114 9.114 9.114 9.113 9.113 9.113 9.113 9.112 9.112 9.112 9.112 9.112 9.111 9.111 9.111 9.111 9.111 9.111 9.110 9.110 9.110 9.110 9.110 9.110 9.110 9.110 9.110 9.109 9.109 9.109 9.109 9.109 9.109 9.109 9.109 9.109 9.108 9.108 9.108 9.108 9.108 9.108 9.108 9.108 9.107 9.107 9.107 9.107 9.107 9.107 9.107 9.107 9.106 9.106 9.106 9.106 9.106 9.106 9.105 9.105 9.105 9.105 9.105
4.125 4.124 4.123 4.122 4.121 4.120 4.119 4.118 4.117 4.117 4.116 9.115 9.115 9.115 9.114 9.114 9.114 9.114 9.113 9.113 9.113 9.113 9.112 9.112 9.112 9.112 9.112 9.111 9.111 9.111 9.111 9.111 9.111 9.111 9.110 9.110 9.110 9.110 9.110 9.110 9.110 9.110 9.110 9.110 9.109 9.109 9.109 9.109 9.109 9.109 9.109 9.109 9.109 9.108 9.108 9.108 9.108 9.108 9.108 9.108 9.108 9.108 9.107 9.107 9.107 9.107 9.107 9.107 9.107 9.106 9.106 9.106 9.106 9.106 9.106 9.105 9.105
4.125 4.124 4.123 4.122 4.121 4.120 4.120 4.119 4.118 4.117 4.116 4.116 9.115 9.115 9.115 9.114 9.114 9.114 9.114 9.113 9.113 9.113 9.113 9.112 9.112 9.112 9.112 9.112 9.111 9.111 9.111 9.111 9.111 9.111 9.111 9.110 9.110 9.110 9.110 9.110 9.110 9.110 9.110 9.110 9.110 9.110 9.110 9.109 9.109 9.109 9.109 9.109 9.109 9.109 9.109 9.109 9.108 9.108 9.108 9.108 9.108 9.108 9.108 9.108 9.108 9.107 9.107 9.107 9.107 9.107 9.107 9.106 9.106 9.106 9.106 9.106 9.106
4.125 4.125 4.124 4.123 4.122 4.121 4.120 4.119 4.118 4.118 4.117 4.116 4.116 9.115 9.115 9.115 9.114 9.114 9.114 9.114 9.113 9.113 9.113 9.113 9.113 9.112 9.112 9.112 9.112 9.112 9.111 9.111 9.111 9.111 9.111 9.111 9.111 9.110 9.110 9.110 9.110 9.110 9.110 9.110 9.110 9.110 9.110 9.110 9.110 9.110 9.109 9.109 9.109 9.109 9.109 9.109 9.109 9.109 9.109 9.109 9.108 9.108 9.108 9.108 9.108 9.108 9.108 9.108 9.107 9.107 9.107 9.107 9.107 9.107 9.106 9.106 9.106
