includes/lisflood-fp-604/results/res-0001.wd
ncols         631
nrows         906
xllcorner     364927.146667
yllcorner     6531972.565556
cellsize      20.000000
NODATA_value  -9999.000000
[rows 272 to 305 of 906, columns 385 to 461 of 631]
0.441 0.424 0.546 0.598 0.590 0.712 0.644 0.676 0.838 0.840 0.882 0.804 0.856 0.908 0.951 0.863 0.875 1.087 1.149 1.021 1.044 1.146 1.168 1.070 1.103 1.205 1.138 1.110 1.123 1.215 1.277 1.280 1.282 1.284 1.286 1.288 1.291 1.293 6.296 6.296 6.297 6.297 6.297 6.297 6.297 6.297 6.297 6.298 6.298 6.298 6.298 6.298 6.298 6.298 6.298 6.298 6.298 6.298 6.298 6.298 6.298 6.298 6.299 6.299 6.299 6.299 6.299 6.299 6.299 6.299 6.299 6.299 6.299 6.299 6.299 6.299 6.299
0.401 0.423 0.515 0.548 0.680 0.671 0.633 0.655 0.778 0.720 0.791 0.843 0.975 0.927 0.860 1.012 0.914 0.937 1.109 0.991 0.953 1.015 1.108 1.090 1.122 1.255 1.177 1.160 1.142 1.174 1.157 1.279 1.181 1.283 1.286 1.288 1.290 1.233 6.296 6.296 6.296 6.297 6.297 6.297 6.297 6.297 6.297 6.297 6.297 6.298 6.298 6.298 6.298 6.298 6.298 6.298 6.298 6.298 6.298 6.298 6.298 6.298 6.298 6.298 6.298 6.298 6.298 6.298 6.298 6.298 6.298 6.298 6.298 6.298 6.298 6.298 6.299
0.430 0.482 0.435 0.567 0.559 0.691 0.623 0.655 0.607 0.889 0.901 0.833 0.835 0.767 0.929 0.841 0.854 0.866 0.958 1.000 1.033 1.105 1.017 1.099 1.172 1.144 1.126 1.089 1.171 1.234 1.206 1.148 1.161 1.243 1.145 1.228 1.270 1.293 6.296 6.296 6.296 6.296 6.297 6.297 6.297 6.297 6.297 6.297 6.297 6.297 6.297 6.297 6.297 6.297 6.298 6.298 6.298 6.298 6.298 6.298 6.298 6.298 6.298 6.298 6.298 6.298 6.298 6.298 6.298 6.298 6.298 6.298 6.298 6.298 6.298 6.298 6.298
0.359 0.542 0.454 0.506 0.508 0.500 0.602 0.784 0.666 0.718 0.820 0.692 0.934 0.926 0.828 0.880 0.993 0.985 0.857 1.110 0.952 1.154 1.126 1.019 1.181 1.083 1.136 1.148 1.160 1.093 1.175 1.128 1.130 1.243 1.285 1.257 1.289 1.292 6.296 6.296 6.296 6.296 6.296 6.297 6.297 6.297 6.297 6.297 6.297 6.297 6.297 6.297 6.297 6.297 6.297 6.297 6.297 6.297 6.298 6.298 6.298 6.298 6.298 6.298 6.298 6.298 6.298 6.298 6.298 6.298 6.298 6.298 6.298 6.298 6.298 6.298 6.298
0.368 0.461 0.433 0.535 0.527 0.600 0.622 0.724 0.665 0.717 0.829 0.751 0.803 1.055 0.828 0.800 0.842 0.814 0.866 0.929 1.001 1.033 1.116 1.018 1.180 1.073 1.145 1.107 1.270 1.152 1.275 1.067 1.190 1.212 1.244 1.286 1.289 1.282 1.294 6.296 6.296 6.296 6.296 6.296 6.296 6.297 6.297 6.297 6.297 6.297 6.297 6.297 6.297 6.297 6.297 6.297 6.297 6.297 6.297 6.297 6.298 6.298 6.298 6.298 6.298 6.298 6.298 6.298 6.298 6.298 6.298 6.298 6.298 6.298 6.298 6.298 6.298
0.277 0.359 0.391 0.344 0.446 0.549 0.581 0.633 0.615 0.727 0.689 0.781 0.733 0.965 0.767 0.979 0.911 0.833 0.946 0.968 0.920 0.963 1.045 1.067 1.180 1.252 1.154 1.007 1.259 1.081 1.004 0.986 1.099 1.221 1.284 1.286 1.288 1.201 1.243 6.296 6.296 6.296 6.296 6.296 6.296 6.296 6.297 6.297 6.297 6.297 6.297 6.297 6.297 6.297 6.297 6.297 6.297 6.297 6.297 6.297 6.297 6.297 6.297 6.298 6.298 6.298 6.298 6.298 6.298 6.298 6.298 6.298 6.298 6.298 6.298 6.298 6.298
0.455 0.338 0.481 0.623 0.665 0.527 0.510 0.492 0.604 0.646 0.668 0.640 0.712 0.734 0.796 0.868 0.850 0.812 0.945 0.987 1.010 0.982 1.054 1.066 1.069 1.121 6.263 1.216 1.098 1.200 1.103 1.175 1.048 1.121 1.283 1.275 1.287 1.230 1.272 1.274 6.295 6.296 6.296 6.296 6.296 6.296 6.296 6.296 6.296 6.297 6.297 6.297 6.297 6.297 6.297 6.297 6.297 6.297 6.297 6.297 6.297 6.297 6.297 6.297 6.297 6.298 6.298 6.298 6.298 6.298 6.298 6.298 6.298 6.298 6.298 6.298 6.298
0.344 0.346 0.309 0.351 0.454 0.516 0.379 0.692 0.674 0.756 0.767 0.629 0.761 0.713 0.735 0.757 0.789 0.832 0.994 0.877 1.109 1.041 1.154 1.256 1.148 1.160 1.042 1.025 1.057 1.230 1.072 1.145 1.077 1.110 1.112 1.284 1.287 1.129 1.271 1.243 6.295 6.295 6.296 6.296 6.296 6.296 6.296 6.296 6.296 6.296 6.296 6.296 6.297 6.297 6.297 6.297 6.297 6.297 6.297 6.297 6.297 6.297 6.297 6.297 6.297 6.297 6.297 6.297 6.297 6.297 6.297 6.297 6.297 6.297 6.297 6.297 6.297
0.352 0.264 0.276 0.410 0.422 0.405 0.467 0.380 0.573 0.545 0.657 0.869 0.781 0.973 0.855 0.827 0.949 0.971 0.843 0.836 0.868 0.991 1.013 1.035 1.127 1.029 1.042 1.124 1.266 1.089 1.122 1.224 1.146 1.149 1.161 1.283 1.126 1.288 1.290 1.272 1.294 6.295 6.295 6.296 6.296 6.296 6.296 6.296 6.296 6.296 6.296 6.296 6.296 6.296 6.297 6.297 6.297 6.297 6.297 6.297 6.297 6.297 6.297 6.297 6.297 6.297 6.297 6.297 6.297 6.297 6.297 6.297 6.297 6.297 6.297 6.297 6.297
0.350 0.341 0.343 0.266 0.319 0.282 0.396 0.398 0.421 0.594 0.626 0.618 0.710 0.762 0.674 0.756 0.958 1.030 0.963 1.025 0.977 0.940 1.042 1.034 0.957 1.109 1.151 1.144 1.256 0.948 1.231 1.123 1.276 1.178 1.280 1.213 1.245 1.287 1.289 1.261 1.233 6.295 6.295 6.295 6.295 6.296 6.296 6.296 6.296 6.296 6.296 6.296 6.296 6.296 6.296 6.296 6.297 6.297 6.297 6.297 6.297 6.297 6.297 6.297 6.297 6.297 6.297 6.297 6.297 6.297 6.297 6.297 6.297 6.297 6.297 6.297 6.297
0.257 0.350 0.371 0.244 0.347 0.349 0.313 0.437 0.410 0.543 0.625 0.837 0.979 0.671 1.063 0.845 0.677 0.670 0.842 0.824 0.816 0.969 0.831 1.013 0.936 1.138 1.021 1.143 0.995 1.038 1.020 1.032 1.275 1.277 1.139 1.122 1.214 1.116 1.288 1.240 1.162 1.244 6.295 6.295 6.295 6.295 6.295 6.296 6.296 6.296 6.296 6.296 6.296 6.296 6.296 6.296 6.296 6.296 6.296 6.296 6.296 6.296 6.297 6.297 6.297 6.297 6.297 6.297 6.297 6.297 6.297 6.297 6.296 6.296 6.296 6.296 6.296
0.214 0.217 0.370 0.402 0.415 0.427 0.421 0.655 0.388 0.552 0.684 0.736 0.918 0.720 0.983 0.985 0.827 0.709 0.791 0.854 0.866 0.948 0.840 0.993 1.085 1.027 1.040 1.022 1.265 1.137 1.269 1.271 1.174 1.156 1.089 1.031 1.023 1.156 1.218 1.189 1.181 1.203 1.204 6.295 6.295 6.295 6.295 6.295 6.295 6.295 6.296 6.296 6.296 6.296 6.296 6.296 6.296 6.296 6.296 6.296 6.296 6.296 6.296 6.296 6.296 6.296 6.296 6.296 6.296 6.296 6.296 6.296 6.296 6.296 6.296 6.296 6.296
0.300 0.344 0.338 0.391 0.414 0.587 0.449 0.473 0.767 0.660 0.783 0.615 0.697 0.610 0.642 0.714 1.086 0.978 1.060 0.993 1.145 6.247 1.249 1.122 1.165 1.137 1.259 1.221 1.104 1.116 1.159 1.081 1.063 1.226 1.178 1.070 1.052 1.215 1.167 1.199 1.250 1.262 6.294 6.295 6.295 6.295 6.295 6.295 6.295 6.295 6.295 6.295 6.296 6.296 6.296 6.296 6.296 6.296 6.296 6.296 6.296 6.296 6.296 6.296 6.296 6.296 6.296 6.296 6.296 6.296 6.296 6.296 6.296 6.296 6.296 6.296 6.296
0.308 0.443 0.446 0.490 0.402 0.656 0.478 0.462 0.516 0.598 0.441 0.574 0.676 0.589 0.671 0.804 0.756 0.878 1.080 0.902 0.794 0.937 0.879 0.841 1.004 1.026 1.219 1.101 1.003 1.126 1.058 1.140 1.032 1.025 1.277 1.159 1.181 1.104 1.286 1.128 1.189 1.131 1.173 1.164 6.295 6.295 6.295 6.295 6.295 6.295 6.295 6.295 6.295 6.295 6.296 6.296 6.296 6.296 6.296 6.296 6.296 6.296 6.296 6.296 6.296 6.296 6.296 6.296 6.296 6.296 6.296 6.296 6.296 6.296 6.296 6.296 6.296
0.246 0.249 0.214 0.459 0.421 0.384 0.467 0.490 0.394 0.577 0.470 0.693 0.565 0.638 0.691 0.873 0.775 0.777 0.969 0.811 0.864 0.916 0.808 0.891 0.933 0.905 0.938 1.010 0.893 0.985 1.047 1.119 1.111 1.014 1.096 1.128 0.980 0.973 1.065 1.177 1.179 6.290 1.082 1.133 6.294 6.294 6.295 6.295 6.295 6.295 6.295 6.295 6.295 6.295 6.295 6.295 6.295 6.295 6.295 6.295 6.295 6.295 6.295 6.296 6.296 6.296 6.296 6.296 6.296 6.296 6.296 6.296 6.296 6.295 6.295 6.295 6.295
0.253 0.267 0.272 0.297 0.280 0.353 0.396 0.429 0.623 0.486 0.488 0.561 0.494 0.417 0.710 0.862 0.714 0.726 1.019 0.821 0.823 0.865 0.797 0.870 0.802 1.085 1.037 0.919 0.862 1.024 1.037 1.029 1.101 0.893 1.075 1.117 1.039 1.062 1.054 1.236 1.208 1.099 1.291 0.962 1.274 6.294 6.294 6.294 6.295 6.295 6.295 6.295 6.295 6.295 6.295 6.295 6.295 6.295 6.295 6.295 6.295 6.295 6.295 6.295 6.295 6.295 6.295 6.295 6.295 6.295 6.295 6.295 6.295 6.295 6.295 6.295 6.295
0.252 0.225 0.160 0.356 0.349 0.452 0.475 0.457 0.321 0.394 0.487 0.640 0.553 0.576 0.599 0.881 0.664 0.776 0.808 0.850 0.812 0.794 0.787 0.879 0.791 1.024 0.926 0.988 1.171 1.043 1.006 1.008 1.000 1.042 1.134 1.006 1.078 0.940 1.093 1.075 1.127 1.099 1.180 1.251 1.173 6.294 6.294 6.294 6.294 6.294 6.294 6.295 6.295 6.295 6.295 6.295 6.295 6.295 6.295 6.295 6.295 6.295 6.295 6.295 6.295 6.295 6.295 6.295 6.295 6.295 6.295 6.295 6.295 6.295 6.295 6.295 6.295
0.159 0.244 0.228 0.253 0.257 0.371 0.404 0.436 0.429 0.633 0.545 0.528 0.531 0.505 0.618 0.650 0.613 0.726 0.708 0.870 0.881 0.744 0.836 0.908 0.780 0.823 0.765 0.988 0.990 1.072 0.955 1.017 0.999 0.981 1.183 0.935 0.977 1.059 0.932 0.974 0.986 1.008 1.079 1.191 1.172 1.263 6.294 6.294 6.294 6.294 6.294 6.294 6.294 6.294 6.295 6.295 6.295 6.295 6.295 6.295 6.295 6.295 6.295 6.295 6.295 6.295 6.295 6.295 6.295 6.295 6.295 6.295 6.295 6.295 6.295 6.295 6.295
0.166 0.263 0.227 0.221 0.276 0.380 0.393 0.445 0.678 0.461 0.474 0.447 0.471 0.654 0.657 0.580 0.592 0.905 0.777 0.689 0.711 0.853 0.845 0.867 0.930 0.922 0.824 0.867 0.909 0.831 0.974 0.866 1.068 1.070 1.062 0.924 1.086 1.078 0.960 0.933 0.915 1.097 1.108 1.120 1.161 1.283 6.294 6.294 6.294 6.294 6.294 6.294 6.294 6.294 6.294 6.294 6.295 6.295 6.295 6.295 6.295 6.295 6.295 6.295 6.295 6.295 6.295 6.295 6.295 6.295 6.295 6.295 6.295 6.295 6.295 6.295 6.295
0.118 0.107 0.205 0.299 0.253 0.298 0.522 0.543 0.386 0.439 0.422 0.465 0.309 0.463 0.686 0.499 0.551 0.834 0.576 0.738 0.690 0.722 0.715 0.857 0.869 0.831 0.923 0.876 0.918 0.950 0.843 0.835 0.897 1.100 1.031 0.913 0.906 1.038 0.979 1.001 1.054 1.056 1.208 1.199 1.080 1.232 6.294 6.294 6.294 6.294 6.294 6.294 6.294 6.294 6.294 6.294 6.294 6.294 6.294 6.294 6.294 6.294 6.294 6.294 6.294 6.294 6.294 6.294 6.294 6.294 6.294 6.294 6.294 6.295 6.294 6.294 6.294
0.144 0.184 0.334 0.478 0.301 0.246 0.400 0.362 0.414 0.367 0.470 0.393 0.397 0.441 0.545 0.607 0.540 0.663 0.665 0.687 0.839 0.682 0.754 0.836 0.748 0.850 0.813 0.735 0.887 0.820 0.952 0.865 0.967 1.019 1.011 1.043 0.815 1.077 1.049 1.021 1.053 1.035 0.996 1.138 1.210 6.291 1.193 6.293 6.294 6.294 6.294 6.294 6.294 6.294 6.294 6.294 6.294 6.294 6.294 6.294 6.294 6.294 6.294 6.294 6.294 6.294 6.294 6.294 6.294 6.294 6.294 6.294 6.294 6.294 6.294 6.294 6.294
0.097 0.108 0.128 0.074 0.200 0.234 0.248 0.351 0.453 0.405 0.459 0.382 0.525 0.469 0.443 0.466 0.479 0.672 0.694 0.677 0.649 0.701 0.723 0.715 0.747 0.740 0.772 0.794 0.796 0.769 0.711 0.904 1.016 0.888 0.940 0.942 0.964 0.906 0.978 1.030 1.062 1.114 1.036 1.228 1.269 1.191 1.262 6.293 6.293 6.293 6.294 6.294 6.294 6.294 6.294 6.294 6.294 6.294 6.294 6.294 6.294 6.294 6.294 6.294 6.294 6.294 6.294 6.294 6.294 6.294 6.294 6.294 6.294 6.294 6.294 6.294 6.294
0.179 0.000 0.000 0.164 0.187 0.180 0.275 0.339 0.431 0.383 0.357 0.431 0.474 0.417 0.330 0.334 0.479 0.651 0.563 0.586 0.598 0.630 0.712 0.624 0.727 0.689 0.821 0.893 0.995 0.858 1.030 1.022 0.795 0.787 0.849 1.001 0.873 0.785 0.887 0.999 1.121 1.103 0.995 1.047 1.289 1.280 1.231 6.293 6.293 6.293 6.293 6.293 6.293 6.293 6.294 6.294 6.294 6.294 6.294 6.294 6.294 6.294 6.294 6.294 6.294 6.294 6.294 6.294 6.294 6.294 6.294 6.294 6.294 6.294 6.294 6.294 6.294
0.000 0.000 0.032 0.152 0.174 0.186 0.180 0.306 0.339 0.381 0.304 0.308 0.332 0.436 0.399 0.382 0.427 0.600 0.602 0.534 0.507 0.669 0.741 0.673 0.695 0.698 0.720 0.892 0.784 0.857 0.809 0.771 0.984 0.836 0.818 0.960 0.882 0.904 1.046 0.858 0.980 1.072 0.954 1.176 1.048 1.099 1.261 1.232 6.293 6.293 6.293 6.293 6.293 6.293 6.293 6.293 6.293 6.293 6.294 6.294 6.293 6.293 6.293 6.293 6.293 6.293 6.293 6.294 6.294 6.294 6.294 6.294 6.294 6.294 6.294 6.294 6.294
0.000 0.000 0.013 0.002 0.071 0.149 0.194 0.261 0.264 0.349 0.302 0.306 0.320 0.384 0.428 0.521 0.395 0.448 0.521 0.513 0.575 0.518 0.650 0.702 0.764 0.796 0.699 0.701 0.693 0.696 0.758 0.800 0.713 0.875 0.917 0.919 0.891 0.923 1.055 0.917 0.929 0.871 1.013 0.935 0.976 1.168 1.170 1.101 6.293 6.293 6.293 6.293 6.293 6.293 6.293 6.293 6.293 6.293 6.293 6.293 6.293 6.293 6.293 6.293 6.293 6.293 6.293 6.293 6.293 6.293 6.294 6.294 6.294 6.294 6.294 6.294 6.294
0.000 0.000 0.002 0.046 0.076 0.090 0.243 0.171 0.269 0.245 0.260 0.334 0.327 0.281 0.467 0.379 0.543 0.526 0.499 0.672 0.594 0.616 0.639 0.731 0.603 0.766 0.728 0.670 0.732 0.725 0.777 0.849 0.812 0.894 0.846 0.798 0.880 0.892 0.834 0.966 0.978 1.020 1.162 1.153 1.155 1.107 1.229 1.221 6.293 6.293 6.293 6.293 6.293 6.293 6.293 6.293 6.293 6.293 6.293 6.293 6.293 6.293 6.293 6.293 6.293 6.293 6.293 6.293 6.293 6.293 6.293 6.293 6.293 6.293 6.293 6.293 6.293
0.000 0.000 0.009 0.041 0.061 0.096 0.236 0.241 0.262 0.190 0.308 0.311 0.265 0.359 0.294 0.378 0.411 0.474 0.468 0.500 0.563 0.555 0.598 0.630 0.502 0.865 0.677 0.569 0.571 0.674 0.646 0.689 0.911 0.883 0.795 0.807 0.909 1.011 0.923 0.895 0.947 1.009 1.091 0.962 1.175 1.186 1.228 1.230 6.292 6.293 6.293 6.293 6.293 6.293 6.293 6.293 6.293 6.293 6.293 6.293 6.293 6.293 6.293 6.293 6.293 6.293 6.293 6.293 6.293 6.293 6.293 6.293 6.293 6.293 6.293 6.293 6.293
0.000 0.000 0.000 0.057 0.184 0.123 0.184 0.301 0.092 0.185 0.173 0.330 0.343 0.407 0.282 0.396 0.530 0.502 0.406 0.479 0.462 0.554 0.647 0.669 0.621 0.673 0.606 0.648 0.740 0.533 0.725 0.778 0.760 0.972 0.714 0.906 0.838 0.710 0.922 0.904 0.956 0.838 1.020 1.031 1.053 1.185 1.167 1.239 1.131 6.292 6.293 6.293 6.293 6.293 6.293 6.293 6.293 6.293 6.293 6.293 6.293 6.293 6.293 6.293 6.293 6.293 6.293 6.293 6.293 6.293 6.293 6.293 6.293 6.293 6.293 6.293 6.293
0.000 0.000 0.000 0.114 0.097 0.180 0.178 0.206 0.165 0.175 0.127 0.349 0.382 0.316 0.430 0.384 0.356 0.320 0.514 0.437 0.550 0.613 0.695 0.568 0.690 0.602 0.534 0.457 0.529 0.681 0.614 0.667 0.829 0.811 0.703 0.805 0.737 0.869 0.811 0.913 0.975 0.817 0.949 1.110 0.992 1.024 1.106 1.148 1.250 1.291 6.292 6.292 6.292 6.292 6.292 6.292 6.292 6.292 6.292 6.292 6.292 6.292 6.293 6.293 6.293 6.293 6.293 6.293 6.293 6.293 6.293 6.293 6.293 6.293 6.293 6.293 6.293
0.000 0.000 0.000 0.003 0.134 0.060 0.237 0.273 0.203 0.262 0.192 0.316 0.400 0.334 0.398 0.552 0.484 0.477 0.402 0.436 0.579 0.542 0.494 0.466 0.469 0.501 0.653 0.546 0.538 0.671 0.623 0.625 0.768 0.740 0.682 0.764 0.796 0.738 0.840 0.972 0.964 0.986 0.998 1.139 1.181 1.093 1.175 1.167 1.198 1.240 1.241 6.292 6.292 6.292 6.292 6.292 6.292 6.292 6.292 6.292 6.292 6.292 6.292 6.292 6.292 6.292 6.292 6.292 6.292 6.293 6.293 6.293 6.293 6.293 6.293 6.293 6.293
0.000 0.000 0.000 0.000 0.052 0.157 0.138 0.193 0.213 0.282 0.250 0.261 0.298 0.443 0.457 0.470 0.443 0.436 0.420 0.384 0.508 0.440 0.453 0.475 0.498 0.500 0.502 0.535 0.637 0.610 0.652 0.675 0.717 0.629 0.861 0.743 0.825 0.847 0.999 0.901 0.993 0.925 1.117 1.078 1.130 1.122 1.144 1.115 1.157 1.169 1.280 6.292 6.292 6.292 6.292 6.292 6.292 6.292 6.292 6.292 6.292 6.292 6.292 6.292 6.292 6.292 6.292 6.292 6.292 6.292 6.292 6.292 6.292 6.292 6.293 6.293 6.292
0.000 0.000 0.000 0.000 0.140 0.219 0.192 0.281 0.263 0.432 0.328 0.258 0.446 0.401 0.376 0.699 0.462 0.345 0.368 0.332 0.426 0.418 0.421 0.424 0.417 0.489 0.471 0.554 0.546 0.618 0.601 0.543 0.626 0.708 0.920 0.852 0.794 0.756 0.858 0.890 0.902 1.044 1.096 0.987 1.079 1.191 1.162 1.084 1.196 1.288 1.249 1.291 6.292 6.292 6.292 6.292 6.292 6.292 6.292 6.292 6.292 6.292 6.292 6.292 6.292 6.292 6.292 6.292 6.292 6.292 6.292 6.292 6.292 6.292 6.292 6.292 6.292
0.000 0.000 0.000 0.000 0.007 0.236 0.168 0.138 0.223 0.282 0.318 0.236 0.373 0.189 0.315 0.388 0.441 0.363 0.287 0.351 0.434 0.397 0.350 0.433 0.385 0.628 0.520 0.573 0.535 0.577 0.639 0.662 0.644 0.727 0.639 0.711 0.823 0.895 0.967 1.099 0.921 0.933 1.025 1.016 1.128 1.009 0.981 1.103 1.235 1.216 1.178 1.290 1.291 6.292 6.292 6.292 6.292 6.292 6.292 6.292 6.292 6.292 6.292 6.292 6.292 6.292 6.292 6.292 6.292 6.292 6.292 6.292 6.292 6.292 6.292 6.292 6.292
0.000 0.000 0.000 0.000 0.006 0.054 0.182 0.148 0.224 0.271 0.188 0.235 0.251 0.307 0.262 0.377 0.450 0.472 0.395 0.428 0.362 0.335 0.318 0.552 0.564 0.546 0.639 0.521 0.624 0.716 0.728 0.671 0.763 0.686 0.868 0.790 0.842 0.754 0.916 0.898 1.130 1.122 1.244 1.215 1.147 1.118 0.930 1.212 0.984 1.115 1.197 1.138 1.259 1.251 6.291 6.291 6.291 6.291 6.292 6.292 6.292 6.292 6.292 6.292 6.292 6.292 6.292 6.292 6.292 6.292 6.292 6.292 6.292 6.292 6.292 6.292 6.292
