includes/lisflood-fp-604/results/res-0006.wd
ncols         631
nrows         906
xllcorner     364927.146600
yllcorner     6531972.565600
cellsize      20.000000
NODATA_value  -9999.000000
[rows 680 to 713 of 906, columns 462 to 538 of 631]
3.188 3.039 3.169 3.109 3.189 3.349 3.349 3.329 3.309 3.359 3.758 3.419 3.379 3.828 3.399 3.875 3.359 3.923 3.947 3.972 3.987 4.003 4.018 4.033 4.049 4.064 4.080 4.096 4.111 4.127 4.142 4.156 4.159 4.163 4.166 4.181 4.201 4.221 4.241 4.261 4.281 4.301 4.321 4.350 4.383 4.416 4.449 4.482 4.542 4.603 4.665 4.726 4.788 4.849 4.926 5.015 5.103 5.191 5.280 5.474 5.686 5.899 6.111 6.324 6.536 6.748 6.956 7.157 7.357 7.625 7.918 8.197 8.412 8.627 8.843 9.058 9.273
3.088 3.248 3.178 3.158 3.208 3.218 3.298 3.268 3.428 3.743 3.767 3.418 3.814 3.837 3.861 3.886 3.910 3.935 3.959 3.369 4.020 4.036 4.051 4.067 4.082 4.098 4.113 4.129 4.144 4.160 4.175 4.185 4.189 4.192 4.195 4.199 4.216 4.236 4.256 4.276 4.296 4.316 4.338 4.371 4.404 4.437 4.470 4.503 4.543 4.604 4.666 4.727 4.789 4.856 4.944 5.032 5.121 5.209 5.297 5.432 5.644 5.856 6.069 6.281 6.494 6.701 6.902 7.103 7.304 7.568 7.862 8.156 8.431 8.646 8.862 9.077 9.292
3.157 3.357 3.337 3.328 3.258 3.318 3.398 3.338 3.348 3.378 3.338 3.408 3.824 3.358 3.408 3.388 3.922 3.947 3.972 4.005 4.038 4.069 4.085 4.100 4.116 4.131 4.146 4.162 4.178 4.193 4.209 3.410 4.218 4.221 4.225 4.228 4.232 4.250 4.270 4.290 4.310 4.330 4.358 4.391 4.424 4.457 4.490 4.523 4.556 4.605 4.667 4.728 4.790 4.873 4.962 5.050 5.138 5.227 5.315 5.403 5.602 5.814 6.026 6.239 6.447 6.648 6.848 7.049 7.250 7.512 7.806 8.099 8.393 8.665 8.881 9.096 9.311
3.107 3.217 3.257 3.427 3.297 3.357 3.397 3.387 3.739 3.317 3.788 3.407 3.837 3.861 3.885 3.427 3.934 3.387 3.986 4.019 4.052 4.085 4.118 4.133 4.149 4.164 4.180 4.195 4.211 4.226 4.240 3.429 4.247 4.251 4.254 4.257 4.261 4.265 4.285 4.305 4.325 4.346 4.379 4.412 4.445 4.478 4.511 4.544 4.577 4.610 4.668 4.729 4.803 4.891 4.979 5.068 5.156 5.244 5.333 5.421 5.559 5.772 5.984 6.192 6.393 6.594 6.795 6.996 7.196 7.455 7.749 8.043 8.337 8.631 8.900 9.115 9.250
3.206 3.096 3.346 3.356 3.276 3.306 3.426 3.426 3.751 3.776 3.326 3.824 3.427 3.873 3.898 3.337 3.946 3.407 4.000 4.033 4.066 4.099 4.132 4.165 4.182 4.198 4.213 4.229 4.244 4.260 4.270 4.273 4.276 4.280 4.283 4.287 4.290 4.294 4.300 4.320 4.340 4.367 4.400 4.433 4.466 4.499 4.532 4.564 4.597 4.630 4.669 4.732 4.820 4.909 4.997 5.085 5.173 5.262 5.350 5.438 5.527 5.729 5.938 6.139 6.340 6.540 6.741 6.942 7.143 7.399 7.693 7.987 8.280 8.574 8.868 9.080 9.188
3.226 3.396 3.246 3.306 3.356 3.176 3.715 3.739 3.406 3.788 3.376 3.426 3.861 3.885 3.416 3.934 3.959 3.396 4.013 4.047 4.080 4.113 4.146 4.179 4.212 4.231 4.246 4.262 4.277 4.293 4.299 4.302 4.306 4.309 4.313 4.316 4.319 4.323 4.326 4.334 4.355 4.387 4.420 4.453 4.486 4.519 4.552 4.585 4.618 4.651 4.677 4.737 4.828 4.918 5.009 5.100 5.190 5.279 5.368 5.456 5.544 5.683 5.884 6.085 6.286 6.487 6.687 6.888 7.089 7.343 7.637 7.930 8.220 8.493 8.766 8.965 9.095
3.285 3.375 3.325 3.656 3.375 3.703 3.305 3.751 3.775 3.800 3.824 3.849 3.873 3.897 3.375 3.335 3.971 3.406 4.027 4.060 4.093 4.126 4.159 4.192 4.225 4.259 4.280 4.295 4.310 4.325 4.328 4.332 4.335 4.338 4.342 4.345 4.349 4.352 4.356 4.359 4.371 4.396 4.422 4.447 4.473 4.499 4.524 4.550 4.575 4.601 4.626 4.654 4.737 4.828 4.918 5.009 5.100 5.190 5.281 5.372 5.463 5.606 5.807 6.013 6.219 6.425 6.631 6.834 7.035 7.286 7.565 7.838 8.110 8.383 8.656 8.846 8.976
3.405 3.285 3.681 3.385 3.305 3.395 3.740 3.763 3.788 3.812 3.836 3.861 3.385 3.910 3.934 3.385 3.983 4.008 3.425 4.074 4.107 4.140 4.173 4.206 4.239 4.272 4.305 4.328 4.344 4.354 4.358 4.361 4.364 4.368 4.371 4.374 4.368 4.361 4.355 4.348 4.338 4.345 4.371 4.396 4.422 4.447 4.473 4.498 4.524 4.549 4.576 4.604 4.646 4.737 4.828 4.918 5.009 5.100 5.190 5.281 5.405 5.550 5.719 5.925 6.131 6.337 6.543 6.750 6.955 7.188 7.455 7.728 8.001 8.274 8.547 8.727 8.857
3.424 3.344 3.384 3.344 3.364 3.394 3.753 3.777 3.800 3.824 3.849 3.873 3.897 3.922 3.946 3.971 3.995 4.022 4.055 4.088 4.121 4.154 4.187 4.220 4.253 4.286 4.319 4.352 4.377 4.383 4.387 4.384 4.378 4.371 4.365 4.358 4.351 4.345 4.338 4.332 4.320 4.308 4.319 4.345 4.370 4.396 4.421 4.447 4.472 4.498 4.526 4.553 4.581 4.646 4.737 4.827 4.918 5.009 5.100 5.204 5.349 5.493 5.638 5.838 6.044 6.250 6.456 6.662 6.879 7.116 7.352 7.619 7.892 8.165 8.438 8.608 8.738
3.394 3.741 3.394 3.394 3.719 3.743 3.766 3.404 3.814 3.837 3.861 3.885 3.909 3.424 3.958 3.983 4.007 4.035 4.068 4.101 4.134 4.168 4.201 4.234 4.267 4.300 4.333 4.364 4.391 4.381 4.375 4.368 4.361 4.355 4.348 4.342 4.335 4.328 4.322 4.314 4.302 4.290 4.277 4.294 4.319 4.345 4.370 4.396 4.421 4.448 4.475 4.503 4.530 4.558 4.646 4.737 4.827 4.918 5.009 5.147 5.292 5.437 5.582 5.750 5.956 6.162 6.368 6.574 6.807 7.043 7.280 7.516 7.782 8.055 8.328 8.489 8.619
3.373 3.760 3.739 3.717 3.732 3.363 3.403 3.803 3.827 3.851 3.874 3.898 3.383 3.946 3.970 3.995 4.019 4.049 4.082 4.115 4.148 3.424 4.214 4.247 4.278 4.306 4.333 4.361 4.383 4.370 4.358 4.352 4.345 4.338 4.332 4.325 4.319 4.312 4.305 4.296 4.284 4.271 4.259 4.247 4.268 4.293 4.319 4.344 4.370 4.397 4.425 4.452 4.480 4.507 4.555 4.646 4.737 4.827 4.946 5.091 5.236 5.381 5.526 5.671 5.868 6.074 6.280 6.498 6.734 6.971 7.207 7.444 7.680 7.946 8.219 8.371 8.500
3.800 3.779 3.758 3.737 3.746 3.402 3.793 3.817 3.840 3.864 3.888 3.911 3.935 3.958 3.983 4.007 4.031 4.063 4.096 4.129 4.162 4.192 4.220 4.248 4.275 4.303 4.330 4.358 4.373 4.360 4.348 4.335 4.329 4.322 4.315 4.309 4.302 4.296 4.289 4.278 4.265 4.253 4.241 4.229 4.217 4.242 4.267 4.293 4.319 4.347 4.374 4.402 4.429 4.457 4.484 4.555 4.646 4.745 4.890 5.035 5.180 5.325 5.470 5.614 5.780 5.986 6.192 6.425 6.662 6.898 7.135 7.371 7.607 7.844 8.110 8.251 8.396
3.820 3.798 3.777 3.756 3.759 3.783 3.806 3.342 3.342 3.877 3.901 3.924 3.948 3.972 3.995 4.019 4.044 4.077 4.107 4.134 4.162 4.190 4.217 4.245 4.272 4.300 4.327 4.355 4.364 4.351 4.338 4.325 4.313 4.306 4.299 4.292 4.286 4.279 4.272 4.260 4.247 4.235 4.223 4.211 4.199 4.191 4.216 4.242 4.269 4.296 4.324 4.351 4.379 4.406 4.434 4.464 4.555 4.689 4.834 4.979 5.124 5.268 5.413 5.558 5.703 5.898 6.116 6.353 6.589 6.826 7.062 7.298 7.535 7.771 8.031 8.166 8.322
3.839 3.817 3.796 3.775 3.772 3.796 3.820 3.843 3.401 3.890 3.914 3.938 3.961 3.985 4.009 4.032 4.061 4.076 4.104 4.132 4.159 4.187 4.214 4.242 4.269 4.297 4.324 4.352 4.355 4.342 4.329 4.316 4.303 4.290 4.283 4.276 4.269 4.263 4.254 4.241 4.229 4.217 4.205 4.193 4.181 4.169 4.165 4.191 4.218 4.246 4.273 4.301 4.328 4.356 4.383 4.411 4.488 4.633 4.778 4.922 5.067 5.212 5.357 5.502 5.647 5.810 6.044 6.280 6.537 6.800 7.063 7.325 7.588 7.851 8.064 8.149 8.248
3.858 3.837 3.815 3.794 3.786 3.809 3.833 3.856 3.880 3.904 3.927 3.951 3.975 3.998 4.028 4.059 4.088 4.095 4.102 4.129 4.156 4.184 4.211 4.239 4.266 4.294 4.321 4.349 4.345 4.332 4.320 4.307 4.294 4.281 4.268 4.259 4.253 4.246 4.235 4.223 4.211 4.199 4.187 4.175 4.163 4.151 4.142 4.174 4.207 4.240 4.274 4.307 4.340 4.374 4.407 4.441 4.494 4.630 4.772 4.915 5.057 5.199 5.342 5.484 5.626 5.829 6.092 6.355 6.617 6.880 7.143 7.405 7.668 7.931 8.097 8.182 8.267
3.877 3.856 3.834 3.813 3.799 3.823 3.846 3.870 3.893 3.917 3.410 3.964 3.993 4.024 4.055 4.086 4.115 4.122 4.129 4.136 4.153 4.181 4.208 4.236 4.263 4.291 4.318 4.346 4.336 4.323 4.310 4.297 4.285 4.272 4.259 4.246 4.236 4.230 4.217 4.205 4.193 4.182 4.172 4.163 4.153 4.144 4.134 4.191 4.238 4.271 4.305 4.338 4.371 4.404 4.438 4.483 4.536 4.630 4.772 4.914 5.057 5.199 5.341 5.484 5.648 5.910 6.172 6.434 6.697 6.960 7.222 7.485 7.748 8.010 8.129 8.214 8.299
3.896 3.875 3.854 3.832 3.369 3.836 3.859 3.883 3.907 3.930 3.959 3.989 4.020 4.051 4.082 4.113 4.142 4.149 4.156 4.163 4.170 4.178 4.205 4.233 4.260 4.288 4.315 4.340 4.327 4.314 4.301 4.288 4.275 4.262 4.250 4.237 4.224 4.212 4.203 4.193 4.184 4.174 4.165 4.155 4.146 4.136 4.141 4.199 4.258 4.302 4.335 4.369 4.402 4.435 4.473 4.526 4.579 4.631 4.771 4.914 5.056 5.198 5.341 5.483 5.729 5.990 6.252 6.514 6.777 7.039 7.302 7.565 7.827 8.077 8.162 8.247 8.332
3.915 3.894 3.419 3.851 3.830 3.849 3.873 3.896 3.924 3.955 3.986 4.016 4.047 4.078 4.109 4.140 4.169 4.176 4.183 4.190 4.197 4.204 4.211 4.230 4.257 4.285 4.313 4.330 4.317 4.304 4.292 4.279 4.266 4.253 4.240 4.224 4.208 4.198 4.195 4.186 4.176 4.167 4.157 4.148 4.138 4.129 4.149 4.208 4.266 4.325 4.366 4.399 4.433 4.466 4.516 4.568 4.621 4.674 4.771 4.913 5.056 5.198 5.340 5.548 5.809 6.071 6.332 6.594 6.856 7.119 7.382 7.645 7.907 8.110 8.195 8.280 8.365
3.912 3.900 3.887 3.870 3.849 3.862 3.889 3.920 3.951 3.982 4.012 4.043 4.074 4.105 4.136 4.167 4.196 4.203 4.210 4.217 4.224 4.231 4.238 4.245 4.254 4.282 4.310 4.321 4.308 4.295 4.282 4.269 4.254 4.237 4.221 4.205 4.189 4.182 4.180 4.178 4.169 4.159 4.150 4.140 4.131 4.121 4.158 4.216 4.275 4.333 4.392 4.430 4.464 4.506 4.558 4.611 4.664 4.716 4.770 4.913 5.055 5.197 5.367 5.628 5.890 6.151 6.413 6.675 6.936 7.199 7.462 7.724 7.987 8.143 8.228 8.313 8.398
3.907 3.895 3.882 3.870 3.358 3.885 3.916 3.947 3.978 4.008 4.039 4.070 4.101 4.132 4.163 4.194 4.223 4.230 4.237 4.244 4.251 4.258 4.265 4.272 4.279 4.286 4.307 4.311 4.299 4.283 4.267 4.251 4.235 4.219 4.203 4.187 4.171 4.165 4.163 4.161 4.159 4.152 4.142 4.133 4.123 4.114 4.166 4.225 4.283 4.342 4.400 4.459 4.496 4.548 4.601 4.653 4.706 4.759 4.811 4.912 5.055 5.197 5.447 5.709 5.970 6.232 6.494 6.755 7.017 7.279 7.541 7.804 8.067 8.176 8.261 8.346 8.431
3.903 3.387 3.877 3.872 3.876 3.897 3.936 3.974 4.005 4.035 4.066 4.097 4.128 4.159 4.190 4.220 4.250 4.257 4.264 4.271 4.278 4.284 4.291 4.298 4.305 4.312 4.318 4.297 4.281 4.265 4.249 4.233 4.216 4.200 4.184 4.168 4.152 4.148 4.146 4.145 4.143 4.141 4.135 4.125 4.116 4.116 4.175 4.233 4.292 4.350 4.409 4.458 4.511 4.580 4.643 4.696 4.749 4.801 4.854 4.912 5.054 5.266 5.528 5.789 6.051 6.313 6.574 6.836 7.097 7.359 7.621 7.884 8.124 8.209 8.294 8.378 8.463
3.898 3.885 3.885 3.889 3.893 3.908 3.947 3.376 4.025 4.062 4.093 4.124 4.155 4.186 4.216 4.247 4.277 4.284 4.291 4.297 4.304 4.311 4.318 4.325 4.330 4.331 4.332 4.305 4.267 4.246 4.230 4.214 4.198 4.182 4.166 4.149 4.133 4.132 4.130 4.128 4.126 4.124 4.122 4.118 4.108 4.125 4.183 4.242 4.298 4.341 4.383 4.426 4.477 4.546 4.615 4.684 4.753 4.823 4.892 4.949 5.085 5.347 5.608 5.870 6.132 6.393 6.655 6.916 7.178 7.439 7.701 7.964 8.157 8.241 8.326 8.411 8.497
3.893 3.897 3.901 3.905 3.909 3.919 3.416 3.997 4.036 4.075 4.114 4.151 4.182 4.212 4.243 4.274 4.304 4.310 4.317 4.324 4.331 4.338 4.343 4.343 4.344 4.345 4.346 4.318 4.280 4.242 4.211 4.195 4.179 4.163 4.147 4.131 4.117 4.115 4.113 4.111 4.109 4.107 4.105 4.104 4.100 4.134 4.180 4.223 4.266 4.309 4.352 4.395 4.443 4.513 4.582 4.651 4.720 4.789 4.858 4.953 5.138 5.406 5.673 5.940 6.207 6.474 6.735 6.997 7.258 7.520 7.782 8.044 8.189 8.274 8.360 8.445 8.531
3.910 3.914 3.918 3.922 3.926 3.930 3.969 4.008 4.047 4.086 4.125 4.164 4.203 4.239 4.270 4.301 4.330 4.337 4.344 4.351 4.355 4.356 4.357 4.358 4.358 4.359 4.360 4.331 4.293 4.255 4.217 4.179 4.161 4.144 4.128 4.112 4.100 4.098 4.096 4.094 4.093 4.091 4.089 4.086 4.083 4.108 4.149 4.191 4.234 4.277 4.320 4.363 4.410 4.479 4.548 4.617 4.686 4.755 4.866 5.019 5.177 5.445 5.712 5.979 6.246 6.514 6.781 7.048 7.315 7.583 7.850 8.119 8.223 8.308 8.394 8.479 8.565
3.927 3.930 3.934 3.938 3.942 3.946 3.981 4.020 4.059 4.098 4.137 4.176 4.215 4.254 4.293 4.328 4.357 4.364 4.368 4.369 4.369 4.370 4.371 4.372 4.372 4.373 4.374 4.344 4.306 4.268 4.230 4.192 4.154 4.126 4.110 4.094 4.083 4.082 4.080 4.078 4.076 4.073 4.069 4.066 4.063 4.091 4.124 4.160 4.203 4.245 4.288 4.331 4.376 4.445 4.514 4.583 4.652 4.780 4.932 5.085 5.237 5.484 5.751 6.018 6.285 6.553 6.820 7.087 7.354 7.622 7.896 8.222 8.324 8.351 8.428 8.513 8.599
3.943 3.947 3.951 3.955 3.959 3.963 3.992 4.031 4.070 4.109 4.148 4.187 4.226 4.265 4.304 4.343 4.379 4.381 4.382 4.383 4.383 4.384 4.385 4.386 4.386 4.387 4.388 4.357 4.319 4.281 4.243 4.205 4.167 4.128 4.091 4.075 4.067 4.065 4.062 4.059 4.056 4.052 4.049 4.046 4.042 4.073 4.107 4.140 4.174 4.214 4.256 4.299 4.342 4.412 4.481 4.550 4.693 4.845 4.998 5.150 5.303 5.523 5.790 6.057 6.324 6.592 6.859 7.126 7.393 7.672 7.998 8.324 8.463 8.489 8.516 8.547 8.633
3.960 3.413 3.967 3.971 3.975 3.979 4.003 4.042 4.081 4.120 4.159 4.198 4.237 4.276 4.315 4.350 4.385 4.391 4.395 4.397 4.398 4.398 4.399 4.400 4.401 4.401 4.402 4.370 4.332 4.294 4.256 4.218 4.180 4.141 4.103 4.065 4.049 4.045 4.042 4.039 4.035 4.032 4.029 4.025 4.022 4.056 4.089 4.123 4.157 4.190 4.225 4.268 4.310 4.378 4.454 4.606 4.759 4.911 5.064 5.216 5.369 5.562 5.829 6.096 6.363 6.631 6.898 7.165 7.449 7.775 8.101 8.427 8.601 8.627 8.654 8.681 8.708
3.976 3.980 3.984 3.988 3.992 3.996 4.014 4.053 4.092 4.131 4.170 4.209 4.248 4.285 4.320 4.355 4.390 4.398 4.403 4.407 4.412 4.412 4.413 4.414 4.415 4.415 4.416 4.383 4.345 4.307 4.269 4.231 4.192 4.154 4.120 4.086 4.053 4.025 4.022 4.018 4.015 4.012 4.008 4.005 4.004 4.038 4.072 4.105 4.139 4.173 4.206 4.240 4.279 4.367 4.519 4.672 4.824 4.977 5.129 5.282 5.434 5.601 5.868 6.135 6.403 6.670 6.937 7.226 7.551 7.877 8.203 8.529 8.739 8.766 8.792 8.819 8.846
3.993 3.997 4.000 4.004 4.008 4.012 4.026 4.065 4.104 4.143 4.182 4.220 4.255 4.290 4.325 4.360 4.395 4.406 4.410 4.415 4.419 4.424 4.427 4.428 4.429 4.429 4.430 4.396 4.358 4.320 4.282 4.244 4.209 4.175 4.141 4.107 4.074 4.042 4.010 3.998 3.995 3.991 3.988 3.984 3.987 4.021 4.054 4.088 4.122 4.155 4.189 4.222 4.269 4.422 4.585 4.737 4.890 5.043 5.195 5.347 5.500 5.652 5.907 6.174 6.442 6.709 7.002 7.328 7.654 7.980 8.306 8.631 8.877 8.904 8.931 8.957 8.984
4.004 4.011 4.017 4.021 4.025 4.029 4.037 4.076 4.115 4.154 4.190 4.225 4.260 4.295 4.330 4.365 4.399 4.413 4.417 4.422 4.427 4.431 4.436 4.440 4.443 4.444 4.444 4.409 4.371 4.333 4.299 4.265 4.231 4.196 4.162 4.128 4.096 4.064 4.032 4.000 3.974 3.971 3.967 3.964 3.970 4.003 4.037 4.070 4.104 4.138 4.185 4.233 4.280 4.434 4.608 4.782 4.956 5.108 5.261 5.413 5.566 5.718 5.946 6.213 6.481 6.779 7.105 7.430 7.756 8.082 8.408 8.734 9.015 9.042 9.069 9.096 9.122
4.012 4.019 4.027 4.034 4.041 4.045 4.049 4.087 4.125 4.160 4.195 4.230 4.265 4.300 4.334 4.369 4.404 4.420 4.425 4.429 4.434 4.438 4.443 4.447 4.452 4.457 4.458 4.422 4.388 4.354 4.320 4.286 4.252 4.218 4.184 4.150 4.117 4.085 4.053 4.021 3.989 3.957 3.947 3.944 3.952 3.986 4.019 4.055 4.102 4.149 4.196 4.244 4.291 4.446 4.620 4.794 4.968 5.142 5.317 5.479 5.631 5.784 5.985 6.253 6.555 6.881 7.207 7.533 7.859 8.185 8.510 8.836 9.153 9.180 9.207 9.234 9.261
4.019 4.027 4.035 4.042 4.050 4.058 4.065 4.095 4.130 4.165 4.200 4.235 4.269 4.304 4.339 4.374 4.409 4.428 4.432 4.437 4.441 4.446 4.450 4.455 4.459 4.464 4.498 4.445 4.409 4.375 4.341 4.307 4.273 3.409 4.205 4.171 4.138 4.106 4.074 4.042 4.010 3.978 3.946 3.923 3.935 3.971 4.019 4.066 4.113 4.160 4.207 4.255 4.302 4.457 4.632 4.806 4.980 5.154 5.329 5.503 5.677 5.850 6.024 6.332 6.658 6.984 7.309 7.635 7.961 8.287 8.613 8.939 9.265 9.318 9.345 9.372 9.399
4.027 4.035 4.042 4.050 4.058 4.066 4.088 4.112 4.137 4.170 4.204 4.239 4.274 4.309 4.344 4.379 4.414 4.435 4.439 4.444 4.449 4.453 4.458 4.462 4.484 4.521 4.558 4.511 4.452 4.397 4.362 4.328 4.294 4.260 4.226 4.192 4.160 4.128 4.096 4.064 4.032 4.000 3.968 3.931 3.935 3.982 4.030 4.077 4.124 4.171 4.218 4.266 4.313 4.469 4.643 4.818 4.992 5.166 5.340 5.515 5.689 5.863 6.153 6.449 6.760 7.086 7.412 7.738 8.064 8.390 8.715 9.041 9.367 9.456 9.483 9.510 9.537
4.035 4.043 4.050 4.058 4.070 4.091 4.113 4.137 4.162 4.188 4.213 4.244 4.279 4.314 4.349 4.384 4.419 4.442 4.447 4.451 4.456 4.460 4.471 4.508 4.544 4.581 4.618 4.578 4.518 4.459 4.399 4.350 4.316 4.281 4.247 4.213 4.181 4.149 4.117 4.085 4.053 4.014 3.969 3.923 3.941 3.992 4.041 4.088 4.135 4.182 4.230 4.277 4.324 4.481 4.655 4.829 5.004 5.178 5.352 5.526 5.736 6.034 6.332 6.629 6.926 7.222 7.519 7.840 8.166 8.492 8.818 9.144 9.470 9.595 9.621 9.648 9.675
