includes/lisflood-fp-604/results/res-0012.wdfp
ncols         631
nrows         906
xllcorner     364927.146667
yllcorner     6531972.565556
cellsize      20.000000
NODATA_value  -9999.000000
[rows 374 to 407 of 906, columns 539 to 615 of 631]
3.601 3.602 3.602 3.602 3.602 3.603 3.603 3.603 3.604 3.604 3.604 3.604 3.604 3.605 3.605 3.605 3.605 3.606 3.606 3.606 3.606 3.607 3.607 3.607 3.607 3.608 3.608 3.608 3.609 3.609 3.609 3.610 3.610 3.611 3.611 3.612 3.612 3.613 3.613 3.613 3.614 3.614 3.614 3.615 3.615 3.616 3.616 3.617 3.617 3.618 3.618 3.619 3.619 3.620 3.620 3.621 3.621 3.622 3.622 3.623 3.623 3.624 3.624 3.625 3.625 3.626 3.626 3.627 3.627 3.628 3.629 3.629 3.630 3.630 3.631 3.632 3.632
3.602 3.602 3.602 3.602 3.603 3.603 3.603 3.603 3.604 3.604 3.604 3.604 3.605 3.605 3.605 3.605 3.606 3.606 3.606 3.606 3.607 3.607 3.607 3.607 3.608 3.608 3.608 3.609 3.609 3.609 3.610 3.610 3.610 3.611 3.611 3.612 3.612 3.613 3.613 3.613 3.614 3.614 3.615 3.615 3.615 3.616 3.616 3.617 3.617 3.618 3.618 3.619 3.619 3.620 3.620 3.621 3.621 3.622 3.622 3.623 3.623 3.624 3.624 3.625 3.625 3.626 3.626 3.627 3.627 3.628 3.628 3.629 3.630 3.630 3.631 3.632 3.632
3.602 3.602 3.602 3.602 3.603 3.603 3.603 3.604 3.604 3.604 3.604 3.605 3.605 3.605 3.605 3.606 3.606 3.606 3.606 3.607 3.607 3.607 3.607 3.608 3.608 3.608 3.608 3.609 3.609 3.609 3.610 3.610 3.611 3.611 3.612 3.612 3.613 3.613 3.613 3.614 3.614 3.614 3.615 3.615 3.616 3.616 3.617 3.617 3.617 3.618 3.618 3.619 3.619 3.620 3.620 3.621 3.621 3.622 3.622 3.623 3.623 3.624 3.624 3.625 3.625 3.626 3.626 3.627 3.627 3.628 3.628 3.629 3.630 3.630 3.631 3.632 3.632
3.602 3.602 3.602 3.603 3.603 3.603 3.603 3.604 3.604 3.604 3.605 3.605 3.605 3.605 3.605 3.606 3.606 3.606 3.607 3.607 3.607 3.607 3.607 3.608 3.608 3.608 3.609 3.609 3.609 3.610 3.610 3.610 3.611 3.611 3.612 3.612 3.613 3.613 3.613 3.614 3.614 3.615 3.615 3.615 3.616 3.616 3.617 3.617 3.618 3.618 3.618 3.619 3.619 3.620 3.620 3.621 3.621 3.621 3.622 3.623 3.623 3.624 3.624 3.625 3.625 3.626 3.626 3.627 3.627 3.628 3.628 3.629 3.630 3.630 3.631 3.632 3.632
3.602 3.602 3.603 3.603 3.603 3.603 3.604 3.604 3.604 3.604 3.605 3.605 3.605 3.605 3.605 3.606 3.606 3.606 3.607 3.607 3.607 3.607 3.608 3.608 3.608 3.609 3.609 3.609 3.610 3.610 3.610 3.611 3.611 3.612 3.612 3.612 3.613 3.613 3.614 3.614 3.614 3.615 3.615 3.615 3.616 3.616 3.617 3.617 3.618 3.618 3.618 3.619 3.619 3.620 3.620 3.621 3.621 3.621 3.622 3.623 3.623 3.624 3.624 3.625 3.625 3.626 3.626 3.627 3.627 3.628 3.628 3.629 3.630 3.630 3.631 3.632 3.632
3.603 3.603 3.603 3.603 3.603 3.603 3.604 3.604 3.604 3.605 3.605 3.605 3.605 3.605 3.606 3.606 3.606 3.606 3.607 3.607 3.607 3.608 3.608 3.608 3.608 3.609 3.609 3.609 3.610 3.610 3.610 3.611 3.611 3.612 3.612 3.613 3.613 3.613 3.614 3.614 3.614 3.615 3.615 3.616 3.616 3.616 3.617 3.617 3.618 3.618 3.619 3.619 3.619 3.620 3.620 3.621 3.621 3.621 3.622 3.622 3.623 3.624 3.624 3.625 3.625 3.626 3.626 3.627 3.627 3.628 3.628 3.629 3.629 3.630 3.631 3.632 3.632
3.603 3.603 3.603 3.603 3.603 3.604 3.604 3.604 3.604 3.605 3.605 3.605 3.605 3.606 3.606 3.606 3.606 3.607 3.607 3.607 3.607 3.608 3.608 3.608 3.609 3.609 3.609 3.609 3.610 3.610 3.611 3.611 3.611 3.612 3.612 3.613 3.613 3.613 3.614 3.614 3.615 3.615 3.615 3.616 3.616 3.617 3.617 3.617 3.618 3.618 3.619 3.619 3.619 3.620 3.620 3.621 3.621 3.621 3.622 3.622 3.623 3.624 3.624 3.625 3.625 3.626 3.626 3.627 3.627 3.628 3.628 3.629 3.629 3.630 3.631 3.631 3.632
3.603 3.603 3.603 3.603 3.604 3.604 3.604 3.604 3.605 3.605 3.605 3.605 3.606 3.606 3.606 3.606 3.607 3.607 3.607 3.607 3.608 3.608 3.608 3.608 3.609 3.609 3.609 3.610 3.610 3.610 3.611 3.611 3.612 3.612 3.612 3.613 3.613 3.614 3.614 3.614 3.615 3.615 3.616 3.616 3.616 3.617 3.617 3.617 3.618 3.618 3.619 3.619 3.619 3.620 3.620 3.621 3.621 3.621 3.622 3.622 3.623 3.623 3.624 3.625 3.625 3.626 3.626 3.627 3.627 3.628 3.628 3.629 3.629 3.630 3.631 3.631 3.632
3.603 3.603 3.604 3.604 3.604 3.604 3.604 3.605 3.605 3.605 3.605 3.605 3.606 3.606 3.606 3.606 3.607 3.607 3.607 3.608 3.608 3.608 3.608 3.609 3.609 3.609 3.609 3.610 3.610 3.611 3.611 3.611 3.612 3.612 3.613 3.613 3.613 3.614 3.614 3.615 3.615 3.615 3.616 3.616 3.616 3.617 3.617 3.618 3.618 3.618 3.619 3.619 3.619 3.620 3.620 3.621 3.621 3.621 3.622 3.622 3.623 3.623 3.624 3.625 3.625 3.625 3.626 3.627 3.627 3.628 3.628 3.629 3.629 3.630 3.631 3.631 3.632
3.604 3.604 3.604 3.604 3.604 3.604 3.605 3.605 3.605 3.605 3.605 3.606 3.606 3.606 3.606 3.607 3.607 3.607 3.607 3.608 3.608 3.608 3.609 3.609 3.609 3.609 3.610 3.610 3.610 3.611 3.611 3.612 3.612 3.612 3.613 3.613 3.613 3.614 3.614 3.615 3.615 3.615 3.616 3.616 3.616 3.617 3.617 3.618 3.618 3.618 3.619 3.619 3.619 3.620 3.620 3.620 3.621 3.621 3.622 3.622 3.623 3.623 3.624 3.624 3.625 3.625 3.626 3.626 3.627 3.628 3.628 3.629 3.629 3.630 3.631 3.631 3.632
3.604 3.604 3.604 3.604 3.604 3.605 3.605 3.605 3.605 3.605 3.606 3.606 3.606 3.606 3.606 3.607 3.607 3.607 3.608 3.608 3.608 3.608 3.609 3.609 3.609 3.610 3.610 3.610 3.611 3.611 3.611 3.612 3.612 3.613 3.613 3.613 3.614 3.614 3.614 3.615 3.615 3.616 3.616 3.616 3.617 3.617 3.617 3.618 3.618 3.618 3.619 3.619 3.619 3.620 3.620 3.621 3.621 3.621 3.622 3.622 3.623 3.623 3.624 3.624 3.625 3.625 3.626 3.626 3.627 3.628 3.628 3.629 3.629 3.630 3.631 3.631 3.632
3.604 3.604 3.604 3.604 3.605 3.605 3.605 3.605 3.605 3.606 3.606 3.606 3.606 3.606 3.607 3.607 3.607 3.607 3.608 3.608 3.608 3.609 3.609 3.609 3.609 3.610 3.610 3.610 3.611 3.611 3.611 3.612 3.612 3.613 3.613 3.613 3.614 3.614 3.615 3.615 3.615 3.616 3.616 3.616 3.617 3.617 3.617 3.618 3.618 3.618 3.619 3.619 3.619 3.620 3.620 3.621 3.621 3.621 3.622 3.622 3.623 3.623 3.624 3.624 3.625 3.625 3.626 3.626 3.627 3.628 3.628 3.629 3.629 3.630 3.631 3.631 3.632
3.604 3.604 3.604 3.605 3.605 3.605 3.605 3.605 3.606 3.606 3.606 3.606 3.606 3.607 3.607 3.607 3.607 3.607 3.608 3.608 3.608 3.609 3.609 3.609 3.610 3.610 3.610 3.610 3.611 3.611 3.612 3.612 3.612 3.613 3.613 3.614 3.614 3.614 3.615 3.615 3.616 3.616 3.616 3.616 3.617 3.617 3.617 3.618 3.618 3.618 3.619 3.619 3.619 3.620 3.620 3.620 3.621 3.621 3.622 3.622 3.622 3.623 3.624 3.624 3.625 3.625 3.626 3.626 3.627 3.628 3.628 3.629 3.629 3.630 3.631 3.632 3.632
3.604 3.605 3.605 3.605 3.605 3.605 3.605 3.606 3.606 3.606 3.606 3.606 3.607 3.607 3.607 3.607 3.607 3.608 3.608 3.608 3.608 3.609 3.609 3.609 3.610 3.610 3.610 3.611 3.611 3.611 3.612 3.612 3.613 3.613 3.613 3.614 3.614 3.614 3.615 3.615 3.616 3.616 3.616 3.617 3.617 3.617 3.617 3.618 3.618 3.618 3.619 3.619 3.619 3.620 3.620 3.620 3.621 3.621 3.622 3.622 3.622 3.623 3.624 3.624 3.625 3.625 3.626 3.626 3.627 3.628 3.628 3.629 3.630 3.630 3.631 3.632 3.632
3.605 3.605 3.605 3.605 3.605 3.605 3.606 3.606 3.606 3.606 3.606 3.606 3.607 3.607 3.607 3.607 3.607 3.608 3.608 3.608 3.609 3.609 3.609 3.610 3.610 3.610 3.610 3.611 3.611 3.611 3.612 3.612 3.613 3.613 3.613 3.614 3.614 3.614 3.615 3.615 3.616 3.616 3.616 3.617 3.617 3.617 3.618 3.618 3.618 3.619 3.619 3.619 3.619 3.620 3.620 3.620 3.621 3.621 3.622 3.622 3.623 3.623 3.624 3.624 3.625 3.625 3.626 3.626 3.627 3.628 3.628 3.629 3.630 3.630 3.631 3.632 3.632
3.605 3.605 3.605 3.605 3.605 3.606 3.606 3.606 3.606 3.606 3.607 3.607 3.607 3.607 3.607 3.607 3.607 3.608 3.608 3.608 3.609 3.609 3.609 3.610 3.610 3.610 3.611 3.611 3.611 3.611 3.612 3.612 3.613 3.613 3.613 3.614 3.614 3.614 3.615 3.615 3.616 3.616 3.616 3.617 3.617 3.617 3.618 3.618 3.618 3.619 3.619 3.619 3.620 3.620 3.620 3.621 3.621 3.621 3.622 3.622 3.622 3.623 3.624 3.624 3.625 3.625 3.626 3.626 3.627 3.628 3.628 3.629 3.630 3.630 3.631 3.632 3.632
3.605 3.605 3.605 3.605 3.606 3.606 3.606 3.606 3.606 3.606 3.607 3.607 3.607 3.607 3.607 3.607 3.607 3.608 3.608 3.608 3.609 3.609 3.609 3.610 3.610 3.610 3.611 3.611 3.611 3.612 3.612 3.612 3.613 3.613 3.613 3.614 3.614 3.614 3.615 3.615 3.616 3.616 3.616 3.617 3.617 3.617 3.618 3.618 3.618 3.619 3.619 3.619 3.620 3.620 3.620 3.621 3.621 3.621 3.622 3.622 3.623 3.623 3.624 3.624 3.625 3.625 3.626 3.626 3.627 3.628 3.628 3.629 3.630 3.630 3.631 3.632 3.632
3.605 3.606 3.606 3.606 3.606 3.606 3.606 3.606 3.606 3.607 3.607 3.607 3.607 3.607 3.607 3.607 3.608 3.608 3.608 3.609 3.609 3.609 3.609 3.610 3.610 3.610 3.611 3.611 3.611 3.612 3.612 3.612 3.613 3.613 3.614 3.614 3.614 3.615 3.615 3.615 3.616 3.616 3.616 3.617 3.617 3.617 3.618 3.618 3.618 3.619 3.619 3.619 3.620 3.620 3.620 3.621 3.621 3.621 3.622 3.622 3.623 3.623 3.624 3.624 3.625 3.625 3.626 3.626 3.627 3.628 3.628 3.629 3.630 3.631 3.631 3.632 3.632
3.606 3.606 3.606 3.606 3.606 3.606 3.606 3.606 3.606 3.607 3.607 3.607 3.607 3.607 3.607 3.608 3.608 3.608 3.608 3.609 3.609 3.609 3.609 3.610 3.610 3.611 3.611 3.611 3.611 3.612 3.612 3.612 3.613 3.613 3.614 3.614 3.614 3.615 3.615 3.615 3.616 3.616 3.616 3.617 3.617 3.617 3.618 3.618 3.618 3.619 3.619 3.619 3.620 3.620 3.620 3.621 3.621 3.621 3.622 3.622 3.623 3.623 3.624 3.624 3.625 3.625 3.626 3.626 3.627 3.628 3.628 3.629 3.630 3.631 3.631 3.632 3.633
3.606 3.606 3.606 3.606 3.606 3.606 3.606 3.606 3.606 3.607 3.607 3.607 3.607 3.607 3.607 3.608 3.608 3.608 3.608 3.609 3.609 3.609 3.609 3.610 3.610 3.611 3.611 3.611 3.612 3.612 3.612 3.613 3.613 3.613 3.614 3.614 3.614 3.615 3.615 3.615 3.616 3.616 3.617 3.617 3.617 3.618 3.618 3.618 3.619 3.619 3.619 3.619 3.620 3.620 3.620 3.621 3.621 3.621 3.622 3.622 3.623 3.623 3.624 3.624 3.625 3.625 3.626 3.627 3.627 3.628 3.628 3.629 3.630 3.631 3.631 3.632 3.633
3.606 3.606 3.606 3.606 3.606 3.606 3.606 3.606 3.606 3.607 3.607 3.607 3.607 3.607 3.607 3.608 3.608 3.608 3.608 3.609 3.609 3.609 3.610 3.610 3.610 3.611 3.611 3.611 3.611 3.612 3.612 3.613 3.613 3.613 3.614 3.614 3.614 3.615 3.615 3.615 3.616 3.616 3.617 3.617 3.617 3.618 3.618 3.618 3.619 3.619 3.619 3.620 3.620 3.620 3.620 3.621 3.621 3.621 3.622 3.622 3.623 3.623 3.624 3.624 3.625 3.625 3.626 3.627 3.627 3.628 3.628 3.629 3.630 3.631 3.631 3.632 3.633
3.606 3.606 3.606 3.606 3.606 3.606 3.606 3.606 3.606 3.607 3.607 3.607 3.607 3.607 3.607 3.608 3.608 3.608 3.608 3.609 3.609 3.609 3.610 3.610 3.610 3.611 3.611 3.611 3.611 3.612 3.612 3.613 3.613 3.613 3.614 3.614 3.614 3.615 3.615 3.616 3.616 3.616 3.617 3.617 3.617 3.618 3.618 3.618 3.619 3.619 3.619 3.620 3.620 3.620 3.621 3.621 3.621 3.621 3.622 3.622 3.623 3.623 3.624 3.624 3.625 3.625 3.626 3.627 3.627 3.628 3.629 3.629 3.630 3.631 3.631 3.632 3.633
3.606 3.606 3.606 3.606 3.606 3.606 3.606 3.606 3.607 3.607 3.607 3.607 3.607 3.607 3.608 3.608 3.608 3.608 3.608 3.609 3.609 3.609 3.610 3.610 3.610 3.611 3.611 3.611 3.611 3.612 3.612 3.613 3.613 3.613 3.614 3.614 3.614 3.615 3.615 3.616 3.616 3.616 3.617 3.617 3.617 3.618 3.618 3.618 3.619 3.619 3.619 3.620 3.620 3.620 3.621 3.621 3.621 3.622 3.622 3.622 3.623 3.623 3.624 3.624 3.625 3.626 3.626 3.627 3.627 3.628 3.629 3.629 3.630 3.631 3.632 3.632 3.633
3.606 3.606 3.606 3.606 3.606 3.606 3.606 3.607 3.607 3.607 3.607 3.607 3.607 3.607 3.608 3.608 3.608 3.608 3.608 3.609 3.609 3.609 3.610 3.610 3.610 3.611 3.611 3.611 3.612 3.612 3.612 3.613 3.613 3.613 3.614 3.614 3.615 3.615 3.615 3.616 3.616 3.616 3.617 3.617 3.617 3.618 3.618 3.618 3.619 3.619 3.619 3.620 3.620 3.620 3.621 3.621 3.621 3.622 3.622 3.623 3.623 3.624 3.624 3.625 3.625 3.626 3.626 3.627 3.627 3.628 3.629 3.629 3.630 3.631 3.632 3.632 3.633
3.606 3.606 3.606 3.606 3.606 3.607 3.607 3.607 3.607 3.607 3.607 3.607 3.607 3.607 3.608 3.608 3.608 3.608 3.609 3.609 3.609 3.609 3.610 3.610 3.610 3.611 3.611 3.611 3.611 3.612 3.612 3.613 3.613 3.613 3.614 3.614 3.615 3.615 3.615 3.616 3.616 3.617 3.617 3.617 3.618 3.618 3.618 3.618 3.619 3.619 3.619 3.620 3.620 3.620 3.621 3.621 3.621 3.622 3.622 3.623 3.623 3.624 3.624 3.625 3.625 3.626 3.626 3.627 3.627 3.628 3.629 3.629 3.630 3.631 3.632 3.632 3.633
3.607 3.607 3.607 3.607 3.607 3.607 3.607 3.607 3.607 3.607 3.607 3.607 3.607 3.608 3.608 3.608 3.608 3.608 3.609 3.609 3.609 3.610 3.610 3.610 3.610 3.611 3.611 3.611 3.611 3.612 3.612 3.613 3.613 3.613 3.614 3.614 3.615 3.615 3.615 3.616 3.616 3.617 3.617 3.617 3.618 3.618 3.618 3.618 3.619 3.619 3.619 3.620 3.620 3.620 3.621 3.621 3.622 3.622 3.622 3.623 3.623 3.624 3.624 3.625 3.625 3.626 3.627 3.627 3.628 3.628 3.629 3.629 3.630 3.631 3.632 3.632 3.633
3.607 3.607 3.607 3.607 3.607 3.607 3.607 3.607 3.607 3.607 3.607 3.607 3.607 3.608 3.608 3.608 3.608 3.608 3.609 3.609 3.609 3.610 3.610 3.610 3.610 3.611 3.611 3.611 3.612 3.612 3.612 3.613 3.613 3.613 3.614 3.614 3.615 3.615 3.615 3.616 3.616 3.617 3.617 3.617 3.618 3.618 3.618 3.619 3.619 3.619 3.619 3.620 3.620 3.621 3.621 3.621 3.622 3.622 3.622 3.623 3.623 3.624 3.624 3.625 3.626 3.626 3.627 3.627 3.628 3.628 3.629 3.630 3.630 3.631 3.632 3.632 3.633
3.607 3.607 3.607 3.607 3.607 3.607 3.607 3.607 3.607 3.607 3.607 3.607 3.608 3.608 3.608 3.608 3.608 3.608 3.609 3.609 3.609 3.610 3.610 3.610 3.610 3.611 3.611 3.611 3.612 3.612 3.612 3.613 3.613 3.613 3.614 3.614 3.615 3.615 3.616 3.616 3.616 3.617 3.617 3.617 3.618 3.618 3.618 3.619 3.619 3.619 3.620 3.620 3.620 3.621 3.621 3.621 3.622 3.622 3.623 3.623 3.624 3.624 3.625 3.625 3.626 3.626 3.627 3.627 3.628 3.629 3.629 3.630 3.630 3.631 3.632 3.632 3.633
3.607 3.607 3.607 3.607 3.607 3.607 3.607 3.607 3.607 3.607 3.607 3.607 3.608 3.608 3.608 3.608 3.608 3.609 3.609 3.609 3.609 3.610 3.610 3.610 3.610 3.611 3.611 3.611 3.612 3.612 3.612 3.613 3.613 3.614 3.614 3.614 3.615 3.615 3.616 3.616 3.616 3.617 3.617 3.617 3.618 3.618 3.618 3.619 3.619 3.619 3.620 3.620 3.620 3.621 3.621 3.621 3.622 3.622 3.623 3.623 3.624 3.624 3.625 3.625 3.626 3.626 3.627 3.627 3.628 3.629 3.629 3.630 3.630 3.631 3.632 3.632 3.633
3.607 3.607 3.607 3.607 3.607 3.607 3.607 3.607 3.607 3.607 3.607 3.608 3.608 3.608 3.608 3.608 3.608 3.609 3.609 3.609 3.609 3.610 3.610 3.610 3.610 3.611 3.611 3.611 3.612 3.612 3.612 3.613 3.613 3.614 3.614 3.614 3.615 3.615 3.616 3.616 3.616 3.617 3.617 3.617 3.618 3.618 3.618 3.619 3.619 3.619 3.620 3.620 3.620 3.621 3.621 3.622 3.622 3.622 3.623 3.623 3.624 3.624 3.625 3.625 3.626 3.626 3.627 3.628 3.628 3.629 3.629 3.630 3.630 3.631 3.632 3.632 3.633
3.607 3.607 3.607 3.607 3.607 3.607 3.607 3.607 3.607 3.607 3.608 3.608 3.608 3.608 3.608 3.608 3.609 3.609 3.609 3.609 3.610 3.610 3.610 3.610 3.611 3.611 3.611 3.611 3.612 3.612 3.612 3.613 3.613 3.614 3.614 3.614 3.615 3.615 3.616 3.616 3.617 3.617 3.617 3.618 3.618 3.618 3.619 3.619 3.619 3.620 3.620 3.620 3.621 3.621 3.621 3.622 3.622 3.622 3.623 3.624 3.624 3.625 3.625 3.626 3.626 3.627 3.627 3.628 3.628 3.629 3.629 3.630 3.630 3.631 3.632 3.632 3.633
3.607 3.607 3.607 3.607 3.607 3.607 3.607 3.607 3.607 3.607 3.608 3.608 3.608 3.608 3.608 3.609 3.609 3.609 3.609 3.609 3.610 3.610 3.610 3.610 3.611 3.611 3.611 3.611 3.612 3.612 3.613 3.613 3.613 3.614 3.614 3.615 3.615 3.616 3.616 3.616 3.617 3.617 3.617 3.618 3.618 3.618 3.619 3.619 3.619 3.620 3.620 3.620 3.621 3.621 3.621 3.622 3.622 3.623 3.623 3.624 3.624 3.625 3.625 3.626 3.626 3.627 3.627 3.628 3.628 3.629 3.629 3.630 3.630 3.631 3.632 3.632 3.633
3.607 3.607 3.607 3.607 3.607 3.607 3.607 3.607 3.607 3.608 3.608 3.608 3.608 3.608 3.608 3.609 3.609 3.609 3.609 3.609 3.610 3.610 3.610 3.610 3.611 3.611 3.611 3.612 3.612 3.612 3.613 3.613 3.613 3.614 3.614 3.615 3.615 3.616 3.616 3.616 3.617 3.617 3.617 3.618 3.618 3.618 3.619 3.619 3.619 3.620 3.620 3.620 3.621 3.621 3.622 3.622 3.622 3.623 3.623 3.624 3.624 3.625 3.625 3.626 3.626 3.627 3.627 3.628 3.628 3.629 3.629 3.630 3.630 3.631 3.632 3.632 3.633
3.607 3.607 3.607 3.607 3.607 3.607 3.607 3.608 3.608 3.608 3.608 3.608 3.608 3.608 3.609 3.609 3.609 3.609 3.609 3.609 3.610 3.610 3.610 3.611 3.611 3.611 3.611 3.612 3.612 3.612 3.613 3.613 3.614 3.614 3.615 3.615 3.615 3.616 3.616 3.616 3.617 3.617 3.617 3.618 3.618 3.618 3.619 3.619 3.619 3.620 3.620 3.620 3.621 3.621 3.622 3.622 3.622 3.623 3.623 3.624 3.624 3.625 3.626 3.626 3.626 3.627 3.627 3.628 3.628 3.629 3.629 3.630 3.630 3.631 3.632 3.632 3.633
