includes/lisflood-fp-604/results/res-0001.wdfp
ncols         631
nrows         906
xllcorner     364927.146667
yllcorner     6531972.565556
cellsize      20.000000
NODATA_value  -9999.000000
[rows 204 to 237 of 906, columns 385 to 461 of 631]
0.000 0.000 0.661 0.773 0.814 0.686 0.806 0.868 0.929 0.901 1.022 0.993 1.054 0.986 1.177 1.108 6.200 6.200 6.201 6.201 1.131 1.191 1.191 6.202 6.202 6.202 6.202 6.202 6.203 6.203 6.203 6.203 6.204 6.204 6.204 6.204 6.205 6.205 6.205 6.205 6.206 6.206 6.206 6.207 6.207 6.207 6.208 6.208 6.208 6.209 6.209 6.209 6.210 6.210 6.210 6.211 6.211 6.211 6.212 6.212 6.212 6.213 6.213 6.214 6.214 6.214 6.215 6.215 6.215 6.216 6.216 6.216 6.217 6.217 6.217 6.218 6.218
0.000 0.528 0.610 0.591 0.633 0.704 0.846 0.857 0.918 0.950 1.101 1.032 1.044 1.176 1.177 1.118 6.200 1.130 6.201 1.181 6.201 6.201 6.201 6.201 6.202 6.202 6.202 6.202 6.202 6.203 6.203 6.203 6.203 6.204 6.204 6.204 6.204 6.205 6.205 6.205 6.205 6.206 6.206 6.206 6.207 6.207 6.207 6.208 6.208 6.208 6.209 6.209 6.209 6.210 6.210 6.210 6.211 6.211 6.212 6.212 6.212 6.213 6.213 6.214 6.214 6.214 6.215 6.215 6.215 6.216 6.216 6.216 6.217 6.217 6.217 6.218 6.218
0.382 0.536 0.498 0.730 0.682 0.703 0.865 0.886 1.018 1.019 1.020 1.052 1.094 6.195 1.117 1.088 6.200 1.160 6.201 6.201 6.201 6.201 6.201 6.201 6.202 6.202 6.202 6.202 6.202 6.202 6.203 6.203 6.203 6.203 6.204 6.204 6.204 6.204 6.205 6.205 6.205 6.206 6.206 6.206 6.207 6.207 6.207 6.208 6.208 6.208 6.209 6.209 6.209 6.210 6.210 6.210 6.211 6.211 6.211 6.212 6.212 6.213 6.213 6.213 6.214 6.214 6.214 6.215 6.215 6.216 6.216 6.216 6.216 6.217 6.217 6.218 6.218
0.420 0.564 0.616 0.709 0.821 0.862 0.794 0.815 0.847 0.978 0.900 0.971 1.023 1.065 1.036 1.118 6.200 6.200 6.200 1.171 6.201 6.201 6.201 6.201 6.201 6.202 6.202 6.202 6.202 6.202 6.203 6.203 6.203 6.203 6.203 6.204 6.204 6.204 6.204 6.205 6.205 6.206 6.206 6.206 6.207 6.207 6.207 6.208 6.208 6.208 6.209 6.209 6.209 6.209 6.210 6.210 6.211 6.211 6.211 6.212 6.212 6.213 6.213 6.213 6.214 6.214 6.214 6.215 6.215 6.215 6.216 6.216 6.216 6.217 6.217 6.217 6.218
0.479 0.412 0.695 0.588 0.760 0.831 0.713 0.805 0.966 0.858 0.939 0.901 1.093 1.054 1.106 6.198 1.019 1.180 1.160 6.200 1.160 6.201 6.201 6.201 6.201 6.201 6.202 6.202 6.202 6.202 6.202 6.203 6.203 6.203 6.203 6.204 6.204 6.204 6.204 6.205 6.205 6.205 6.206 6.206 6.206 6.207 6.207 6.207 6.208 6.208 6.208 6.209 6.209 6.209 6.210 6.210 6.210 6.211 6.211 6.212 6.212 6.212 6.213 6.213 6.214 6.214 6.214 6.215 6.215 6.215 6.216 6.216 6.216 6.217 6.217 6.217 6.218
0.398 0.551 0.554 0.657 0.679 0.860 0.732 0.824 0.836 0.918 1.059 1.000 1.002 1.114 1.186 1.137 1.109 1.109 1.180 6.200 6.200 6.200 6.201 6.201 6.201 6.201 6.201 6.202 6.202 6.202 6.202 6.203 6.203 6.203 6.203 6.203 6.204 6.204 6.204 6.204 6.205 6.205 6.206 6.206 6.206 6.207 6.207 6.207 6.208 6.208 6.208 6.209 6.209 6.209 6.210 6.210 6.210 6.211 6.211 6.212 6.212 6.212 6.213 6.213 6.214 6.214 6.214 6.215 6.215 6.215 6.216 6.216 6.216 6.216 6.217 6.217 6.217
0.427 0.631 0.503 0.536 0.568 0.780 0.652 0.814 0.855 0.847 0.899 1.010 1.041 1.023 1.095 1.097 1.168 1.189 6.200 6.200 6.200 6.200 6.200 6.201 6.201 6.201 6.201 6.202 6.202 6.202 6.202 6.202 6.203 6.203 6.203 6.203 6.203 6.204 6.204 6.204 6.205 6.205 6.205 6.206 6.206 6.207 6.207 6.207 6.207 6.208 6.208 6.209 6.209 6.209 6.209 6.210 6.210 6.211 6.211 6.211 6.212 6.212 6.213 6.213 6.213 6.214 6.214 6.214 6.215 6.215 6.215 6.216 6.216 6.216 6.217 6.217 6.217
0.327 0.420 0.482 0.475 0.637 0.659 0.781 0.743 0.795 0.886 1.048 1.009 1.001 1.013 0.975 1.136 6.198 6.199 1.179 6.200 6.200 6.200 6.200 6.200 6.201 6.201 6.201 6.201 6.202 6.202 6.202 6.202 6.202 6.203 6.203 6.203 6.203 6.204 6.204 6.204 6.204 6.205 6.205 6.206 6.206 6.206 6.207 6.207 6.207 6.208 6.208 6.208 6.209 6.209 6.209 6.210 6.210 6.210 6.211 6.211 6.212 6.212 6.213 6.213 6.213 6.214 6.214 6.214 6.215 6.215 6.215 6.216 6.216 6.216 6.217 6.217 6.217
0.317 0.380 0.412 0.534 0.586 0.578 0.651 0.732 0.714 0.806 0.858 1.009 1.041 1.013 1.114 1.096 1.088 6.199 6.199 1.179 6.200 6.200 6.200 6.200 6.201 6.201 6.201 6.201 6.201 6.202 6.202 6.202 6.202 6.203 6.203 6.203 6.203 6.203 6.204 6.204 6.204 6.205 6.205 6.206 6.206 6.206 6.207 6.207 6.207 6.208 6.208 6.208 6.209 6.209 6.209 6.210 6.210 6.210 6.211 6.211 6.212 6.212 6.213 6.213 6.213 6.214 6.214 6.214 6.215 6.215 6.215 6.215 6.216 6.216 6.216 6.217 6.217
0.267 0.490 0.461 0.554 0.586 0.608 0.640 0.712 1.004 0.915 0.837 0.839 0.940 0.892 1.044 1.046 1.107 1.178 6.199 6.199 6.199 6.200 6.200 6.200 6.200 6.201 6.201 6.201 6.201 6.202 6.202 6.202 6.202 6.202 6.203 6.203 6.203 6.203 6.204 6.204 6.204 6.205 6.205 6.205 6.206 6.206 6.206 6.207 6.207 6.207 6.208 6.208 6.208 6.209 6.209 6.209 6.210 6.210 6.211 6.211 6.212 6.212 6.212 6.213 6.213 6.214 6.214 6.214 6.215 6.215 6.215 6.215 6.216 6.216 6.216 6.217 6.217
0.318 0.310 0.432 0.494 0.586 0.457 0.670 0.661 0.883 0.815 0.917 0.868 1.000 0.972 1.124 1.135 1.137 1.148 1.149 6.199 6.199 6.199 6.200 6.200 6.200 6.200 6.201 6.201 6.201 6.201 6.202 6.202 6.202 6.202 6.202 6.203 6.203 6.203 6.203 6.204 6.204 6.204 6.205 6.205 6.205 6.206 6.206 6.207 6.207 6.207 6.208 6.208 6.208 6.209 6.209 6.209 6.210 6.210 6.211 6.211 6.211 6.212 6.212 6.213 6.213 6.213 6.214 6.214 6.214 6.215 6.215 6.215 6.216 6.216 6.216 6.217 6.217
0.279 0.271 0.362 0.434 0.376 0.498 0.590 0.591 0.683 0.805 0.786 0.908 0.890 1.022 1.063 6.195 1.067 1.148 6.199 6.199 6.199 6.199 6.199 6.200 6.200 6.200 6.201 6.201 6.201 6.201 6.202 6.202 6.202 6.202 6.202 6.202 6.203 6.203 6.203 6.204 6.204 6.204 6.205 6.205 6.205 6.206 6.206 6.206 6.207 6.207 6.208 6.208 6.208 6.208 6.209 6.209 6.210 6.210 6.210 6.211 6.211 6.212 6.212 6.213 6.213 6.213 6.214 6.214 6.214 6.215 6.215 6.215 6.215 6.216 6.216 6.216 6.217
0.631 0.341 0.392 0.083 0.357 0.579 0.610 0.701 0.672 0.804 0.886 0.897 0.899 1.041 0.953 6.195 1.097 6.198 6.198 6.199 6.199 6.199 6.199 6.200 6.200 6.200 6.200 6.201 6.201 6.201 6.201 6.202 6.202 6.202 6.202 6.202 6.203 6.203 6.203 6.203 6.204 6.204 6.204 6.205 6.205 6.206 6.206 6.206 6.207 6.207 6.207 6.208 6.208 6.208 6.209 6.209 6.209 6.210 6.210 6.211 6.211 6.211 6.212 6.212 6.213 6.213 6.213 6.214 6.214 6.214 6.215 6.215 6.215 6.216 6.216 6.216 6.217
6.172 6.173 0.333 0.344 0.206 0.479 0.710 0.711 0.792 0.824 0.926 0.887 1.089 1.021 0.973 1.155 1.157 1.138 1.188 6.199 6.199 6.199 6.199 6.200 6.200 6.200 6.200 6.200 6.201 6.201 6.201 6.201 6.202 6.202 6.202 6.202 6.202 6.203 6.203 6.203 6.204 6.204 6.204 6.205 6.205 6.205 6.206 6.206 6.207 6.207 6.207 6.208 6.208 6.208 6.209 6.209 6.209 6.210 6.210 6.211 6.211 6.211 6.212 6.212 6.213 6.213 6.213 6.214 6.214 6.214 6.215 6.215 6.215 6.216 6.216 6.216 6.217
1.142 6.173 6.174 6.175 0.137 0.539 0.599 0.731 0.782 0.784 0.865 0.967 0.909 0.961 1.093 1.055 1.136 6.197 1.128 6.199 6.199 6.199 6.199 6.199 6.200 6.200 6.200 6.200 6.201 6.201 6.201 6.201 6.202 6.202 6.202 6.202 6.202 6.203 6.203 6.203 6.204 6.204 6.204 6.205 6.205 6.205 6.206 6.206 6.206 6.207 6.207 6.207 6.208 6.208 6.208 6.209 6.209 6.210 6.210 6.210 6.211 6.211 6.212 6.212 6.212 6.213 6.213 6.213 6.214 6.214 6.215 6.215 6.215 6.215 6.216 6.216 6.216
0.000 0.204 1.025 6.176 6.177 6.178 0.349 0.561 0.762 0.884 0.865 0.897 1.048 0.981 1.042 1.095 6.197 1.167 6.198 6.198 6.198 6.199 6.199 6.199 6.200 6.200 6.200 6.200 6.201 6.201 6.201 6.201 6.201 6.202 6.202 6.202 6.202 6.203 6.203 6.203 6.204 6.204 6.204 6.205 6.205 6.205 6.206 6.206 6.206 6.207 6.207 6.207 6.208 6.208 6.208 6.209 6.209 6.209 6.210 6.210 6.211 6.211 6.212 6.212 6.212 6.213 6.213 6.213 6.214 6.214 6.214 6.215 6.215 6.215 6.216 6.216 6.216
0.002 0.076 0.332 0.364 1.007 6.179 6.180 6.181 6.182 0.843 0.865 0.956 0.908 0.950 1.122 1.124 6.197 6.197 6.198 6.198 6.198 6.199 6.199 6.199 6.200 6.200 6.200 6.200 6.200 6.201 6.201 6.201 6.201 6.202 6.202 6.202 6.202 6.203 6.203 6.203 6.204 6.204 6.204 6.205 6.205 6.205 6.206 6.206 6.206 6.207 6.207 6.207 6.208 6.208 6.208 6.209 6.209 6.209 6.210 6.210 6.211 6.211 6.211 6.212 6.212 6.212 6.213 6.213 6.214 6.214 6.214 6.215 6.215 6.215 6.216 6.216 6.216
0.316 0.351 0.387 0.420 0.364 0.537 0.819 6.181 6.182 6.184 6.185 1.086 1.038 1.019 1.011 1.184 6.197 6.197 6.197 6.198 6.198 6.198 6.199 6.199 6.199 6.200 6.200 6.200 6.200 6.201 6.201 6.201 6.201 6.202 6.202 6.202 6.202 6.203 6.203 6.203 6.204 6.204 6.204 6.205 6.205 6.205 6.205 6.206 6.206 6.207 6.207 6.207 6.208 6.208 6.208 6.209 6.209 6.209 6.210 6.210 6.210 6.211 6.211 6.212 6.212 6.212 6.213 6.213 6.213 6.214 6.214 6.214 6.215 6.215 6.216 6.216 6.216
0.204 0.361 0.375 0.528 0.362 0.596 0.698 0.680 0.762 6.184 6.185 6.187 6.188 6.189 1.151 1.103 1.145 6.197 6.197 6.198 6.198 6.198 6.199 6.199 6.199 6.200 6.200 6.200 6.200 6.201 6.201 6.201 6.201 6.202 6.202 6.202 6.202 6.203 6.203 6.203 6.204 6.204 6.204 6.204 6.205 6.205 6.205 6.206 6.206 6.206 6.207 6.207 6.207 6.208 6.208 6.209 6.209 6.209 6.210 6.210 6.210 6.211 6.211 6.212 6.212 6.212 6.213 6.213 6.213 6.214 6.214 6.214 6.215 6.215 6.215 6.216 6.216
0.354 0.400 0.464 0.507 0.600 0.534 0.616 0.648 0.771 0.723 0.875 6.187 6.188 6.189 6.190 1.003 1.115 1.076 6.197 6.197 6.198 1.178 6.199 6.199 6.199 6.200 6.200 6.200 6.200 6.201 6.201 6.201 6.201 6.202 6.202 6.202 6.202 6.203 6.203 6.203 6.203 6.204 6.204 6.204 6.205 6.205 6.205 6.206 6.206 6.206 6.207 6.207 6.207 6.208 6.208 6.208 6.209 6.209 6.209 6.210 6.210 6.211 6.211 6.212 6.212 6.212 6.213 6.213 6.213 6.214 6.214 6.214 6.215 6.215 6.215 6.216 6.216
0.424 0.328 0.413 0.486 0.479 0.602 0.605 0.627 0.730 0.712 0.904 0.916 0.978 1.139 6.191 6.193 6.194 6.195 1.056 6.197 6.198 6.198 6.198 6.199 6.199 6.199 6.200 6.200 6.200 6.201 6.201 6.201 6.201 6.202 6.202 6.202 6.202 6.203 6.203 6.203 6.203 6.204 6.204 6.204 6.205 6.205 6.205 6.206 6.206 6.206 6.207 6.207 6.207 6.208 6.208 6.208 6.209 6.209 6.209 6.210 6.210 6.211 6.211 6.211 6.212 6.212 6.212 6.213 6.213 6.213 6.214 6.214 6.214 6.215 6.215 6.215 6.216
0.403 0.448 0.532 0.545 0.608 0.581 0.704 0.736 0.689 0.821 0.783 0.715 0.837 0.999 0.971 0.972 6.194 6.195 6.196 6.197 6.198 6.198 6.198 6.199 6.199 6.199 6.200 6.200 6.200 6.200 6.201 6.201 6.201 6.202 6.202 6.202 6.202 6.202 6.203 6.203 6.203 6.204 6.204 6.204 6.205 6.205 6.205 6.205 6.206 6.206 6.206 6.207 6.207 6.207 6.208 6.208 6.209 6.209 6.209 6.210 6.210 6.211 6.211 6.211 6.212 6.212 6.212 6.213 6.213 6.213 6.214 6.214 6.214 6.215 6.215 6.215 6.216
0.454 0.488 0.521 0.575 0.628 0.611 0.673 0.726 0.818 0.800 0.812 0.964 0.857 6.189 6.190 0.912 0.954 1.105 6.197 6.197 6.198 6.198 6.198 6.199 6.199 6.199 6.200 6.200 6.200 6.200 6.201 6.201 6.201 6.202 6.202 6.202 6.202 6.202 6.203 6.203 6.203 6.204 6.204 6.204 6.205 6.205 6.205 6.205 6.206 6.206 6.206 6.207 6.207 6.207 6.208 6.208 6.209 6.209 6.209 6.210 6.210 6.210 6.211 6.211 6.212 6.212 6.212 6.213 6.213 6.213 6.214 6.214 6.214 6.214 6.215 6.215 6.215
0.474 0.548 0.581 0.594 0.647 0.670 0.853 0.825 0.888 0.859 0.832 0.824 0.906 0.928 1.030 1.091 1.003 1.005 1.136 1.097 6.198 6.198 6.198 6.199 6.199 6.199 6.200 6.200 6.200 6.200 6.201 6.201 6.201 6.201 6.202 6.202 6.202 6.202 6.203 6.203 6.203 6.204 6.204 6.204 6.204 6.205 6.205 6.205 6.206 6.206 6.206 6.207 6.207 6.207 6.208 6.208 6.209 6.209 6.209 6.210 6.210 6.210 6.211 6.211 6.211 6.212 6.212 6.212 6.213 6.213 6.213 6.214 6.214 6.214 6.215 6.215 6.215
0.404 0.508 0.551 0.634 0.667 0.699 0.772 0.805 0.847 0.839 0.901 0.773 0.695 0.888 0.929 1.081 0.983 1.104 0.936 0.996 1.157 1.068 6.198 6.199 6.199 6.199 6.199 6.200 6.200 6.200 6.201 6.201 6.201 6.201 6.202 6.202 6.202 6.202 6.203 6.203 6.203 6.204 6.204 6.204 6.204 6.205 6.205 6.205 6.206 6.206 6.206 6.207 6.207 6.207 6.208 6.208 6.208 6.209 6.209 6.210 6.210 6.210 6.211 6.211 6.211 6.212 6.212 6.212 6.213 6.213 6.213 6.213 6.214 6.214 6.214 6.215 6.215
0.504 0.477 0.611 0.703 0.796 0.639 0.612 0.724 0.797 0.929 0.791 0.903 0.785 0.747 0.809 0.931 0.912 0.924 1.065 1.026 1.137 1.158 6.198 6.199 6.199 6.199 6.199 6.200 6.200 6.200 6.201 6.201 6.201 6.201 6.202 6.202 6.202 6.202 6.203 6.203 6.203 6.204 6.204 6.204 6.204 6.205 6.205 6.205 6.206 6.206 6.206 6.207 6.207 6.207 6.208 6.208 6.208 6.209 6.209 6.209 6.210 6.210 6.211 6.211 6.211 6.212 6.212 6.212 6.212 6.213 6.213 6.213 6.214 6.214 6.214 6.215 6.215
0.403 0.647 0.550 0.623 0.646 0.759 0.771 0.704 0.856 0.848 0.951 0.952 0.834 0.776 0.818 0.890 0.962 0.904 1.105 1.036 6.197 1.187 6.198 6.198 6.199 6.199 6.199 6.200 6.200 6.200 6.201 6.201 6.201 6.201 6.202 6.202 6.202 6.202 6.203 6.203 6.203 6.204 6.204 6.204 6.204 6.205 6.205 6.205 6.205 6.206 6.206 6.207 6.207 6.207 6.208 6.208 6.208 6.209 6.209 6.209 6.210 6.210 6.211 6.211 6.211 6.211 6.212 6.212 6.212 6.213 6.213 6.213 6.213 6.214 6.214 6.214 6.215
0.454 0.647 0.650 0.642 0.675 0.748 0.771 0.693 0.756 0.908 0.890 1.042 1.044 1.016 0.848 0.910 1.022 1.024 1.045 1.116 6.197 1.137 6.198 6.198 6.199 6.199 6.199 6.200 6.200 6.200 6.201 6.201 6.201 6.201 6.202 6.202 6.202 6.202 6.203 6.203 6.203 6.204 6.204 6.204 6.204 6.205 6.205 6.205 6.205 6.206 6.206 6.206 6.207 6.207 6.208 6.208 6.208 6.209 6.209 6.209 6.210 6.210 6.210 6.211 6.211 6.211 6.212 6.212 6.212 6.212 6.213 6.213 6.213 6.214 6.214 6.214 6.215
0.553 0.616 0.709 0.792 0.675 0.718 0.730 0.833 0.806 0.818 0.870 1.012 0.964 1.036 0.698 0.940 1.032 6.193 1.075 1.176 6.196 6.197 6.198 1.178 6.199 6.199 6.199 6.200 6.200 6.200 6.201 6.201 6.201 6.201 6.201 6.202 6.202 6.202 6.203 6.203 6.203 6.204 6.204 6.204 6.204 6.205 6.205 6.205 6.205 6.206 6.206 6.206 6.207 6.207 6.208 6.208 6.208 6.209 6.209 6.209 6.210 6.210 6.210 6.211 6.211 6.211 6.211 6.212 6.212 6.212 6.213 6.213 6.213 6.213 6.214 6.214 6.215
0.533 0.586 0.539 0.672 0.695 0.687 0.800 0.793 0.896 0.938 1.000 1.022 0.984 6.186 0.938 0.931 0.942 1.083 6.194 6.195 6.196 1.087 1.168 6.198 6.199 6.199 1.160 6.200 6.200 1.160 6.201 1.191 6.201 6.201 6.201 6.202 6.202 6.202 6.203 6.203 6.203 6.204 6.204 6.204 6.204 6.205 6.205 6.205 6.205 6.206 6.206 6.206 6.207 6.207 6.207 6.208 6.208 6.209 6.209 6.209 6.210 6.210 6.210 6.211 6.211 6.211 6.211 6.212 6.212 6.212 6.213 6.213 6.213 6.213 6.214 6.214 6.214
0.603 0.625 0.578 0.702 0.804 0.757 0.840 0.843 0.965 0.908 0.930 1.072 1.174 6.186 0.998 0.931 6.193 6.193 6.194 1.085 1.016 1.067 6.198 1.168 6.199 6.199 1.039 6.200 6.200 6.200 1.180 6.201 6.201 6.201 6.201 6.202 6.202 6.202 6.203 6.203 6.203 6.204 6.204 6.204 6.204 6.205 6.205 6.205 6.205 6.206 6.206 6.206 6.207 6.207 6.207 6.208 6.208 6.209 6.209 6.209 6.209 6.210 6.210 6.210 6.211 6.211 6.211 6.212 6.212 6.212 6.212 6.213 6.213 6.213 6.214 6.214 6.214
0.662 0.585 0.678 0.691 0.764 0.837 0.800 0.873 0.945 1.047 0.960 0.932 1.114 0.946 0.858 6.192 6.193 6.193 6.194 1.105 1.116 1.087 1.148 6.198 6.198 6.199 1.169 6.200 6.200 6.200 6.200 6.201 6.201 6.201 6.201 6.202 6.202 6.202 6.203 6.203 6.203 6.204 6.204 6.204 6.204 6.205 6.205 6.205 6.205 6.206 6.206 6.206 6.207 6.207 6.207 6.208 6.208 6.208 6.209 6.209 6.209 6.210 6.210 6.210 6.211 6.211 6.211 6.212 6.212 6.212 6.212 6.213 6.213 6.213 6.214 6.214 6.214
0.762 0.655 0.738 0.760 0.704 0.836 0.799 0.902 0.905 6.177 1.069 1.022 6.185 6.185 6.186 1.030 1.122 0.983 1.044 1.105 1.056 1.057 1.158 6.198 1.158 6.199 1.159 6.200 6.200 6.200 6.200 6.201 6.201 6.201 6.201 6.202 6.202 6.202 6.203 6.203 6.203 6.204 6.204 6.204 6.204 6.205 6.205 6.205 6.205 6.206 6.206 6.206 6.207 6.207 6.207 6.208 6.208 6.208 6.209 6.209 6.209 6.210 6.210 6.210 6.210 6.211 6.211 6.211 6.212 6.212 6.212 6.213 6.213 6.213 6.213 6.214 6.214
0.742 0.825 0.757 0.730 0.843 0.806 0.849 0.802 0.884 6.177 1.059 6.182 1.174 6.185 1.007 0.889 1.032 1.063 1.014 1.135 1.016 1.117 1.108 1.108 6.199 6.199 6.199 6.200 6.200 6.200 6.200 6.201 6.201 6.201 6.201 6.202 6.202 6.202 6.203 6.203 6.203 6.204 6.204 6.204 6.204 6.205 6.205 6.205 6.205 6.206 6.206 6.206 6.207 6.207 6.207 6.208 6.208 6.208 6.209 6.209 6.209 6.209 6.210 6.210 6.210 6.211 6.211 6.211 6.212 6.212 6.212 6.213 6.213 6.213 6.213 6.214 6.214
