includes/lisflood-fp-604/results/res-0004.wd
ncols         631
nrows         906
xllcorner     364927.146667
yllcorner     6531972.565556
cellsize      20.000000
NODATA_value  -9999.000000
[rows 136 to 169 of 906, columns 308 to 384 of 631]
0.000 0.000 0.000 0.014 0.000 0.653 0.197 0.956 0.904 0.390 0.885 0.984 1.111 0.460 0.573 0.020 1.495 1.047 1.412 1.563 0.857 0.812 1.555 0.752 1.021 1.657 1.927 1.918 1.829 1.840 1.881 1.812 1.824 1.667 2.144 2.072 1.771 1.508 1.584 1.759 1.855 1.798 1.741 1.634 1.547 1.711 1.753 1.645 1.578 0.327 0.049 0.005 0.000 1.059 2.738 3.738 3.899 4.019 4.150 4.100 4.110 4.141 4.201 4.102 4.262 4.393 4.373 9.413 9.413 4.374 9.414 4.365 9.415 9.415 9.416 9.416 9.416
0.000 0.000 0.000 0.000 0.001 0.022 0.000 0.241 1.514 1.478 0.924 1.516 1.273 1.730 1.433 0.810 1.734 0.218 1.604 1.326 1.471 1.464 1.385 0.705 1.688 1.779 1.910 1.851 2.092 1.813 1.854 1.856 1.877 1.859 0.613 0.512 1.737 1.454 1.490 1.685 1.769 1.792 1.855 1.657 1.851 1.764 1.816 1.779 1.751 1.793 0.450 0.212 0.000 0.000 1.509 3.019 3.809 3.939 4.010 4.130 4.041 4.161 4.272 4.142 4.133 4.313 4.393 4.283 4.364 4.354 9.415 9.415 9.415 9.416 9.416 9.416 9.417
0.000 0.000 0.000 0.000 0.000 0.000 0.000 0.315 1.063 1.009 1.164 1.046 0.924 1.489 1.263 1.271 1.874 1.020 1.613 0.827 1.363 1.475 1.058 0.837 1.399 1.871 1.842 1.873 1.874 1.707 1.399 1.780 1.810 1.567 2.040 2.002 0.730 1.842 1.925 1.811 1.724 1.726 1.809 1.611 1.613 1.767 1.920 1.852 1.107 1.281 1.717 0.819 0.501 0.000 0.000 1.689 3.229 3.730 3.980 3.901 4.121 4.092 4.112 4.223 4.163 4.233 9.414 4.284 4.214 4.335 4.315 9.415 9.416 9.416 9.416 9.417 9.417
0.000 0.000 0.000 0.000 0.000 0.000 0.001 0.020 1.071 0.798 0.783 1.027 1.123 0.775 0.000 1.972 1.345 1.671 1.593 0.649 1.575 1.427 1.369 0.360 1.531 1.803 1.804 1.815 1.807 1.784 1.724 1.675 0.519 0.451 1.425 1.009 1.677 0.688 0.808 2.139 2.129 2.222 1.923 1.775 1.148 1.352 1.765 1.957 1.412 1.857 1.888 1.232 1.614 0.495 0.000 0.000 2.019 3.440 3.831 3.911 3.932 3.912 4.092 4.163 4.313 4.304 4.244 4.254 4.245 4.395 4.395 4.286 9.416 9.416 9.417 9.417 9.417
0.003 0.000 0.000 0.000 0.077 0.086 0.377 0.389 1.094 1.135 0.953 0.817 1.152 0.574 0.000 2.011 0.565 1.792 1.385 1.082 1.546 1.379 1.304 1.353 0.773 1.676 1.706 1.916 0.494 2.053 1.215 0.861 0.884 0.881 1.866 1.959 1.691 1.824 0.776 1.817 0.726 2.266 2.288 1.580 1.373 1.717 1.699 1.942 1.986 1.908 1.840 1.773 1.955 1.506 0.488 0.000 0.000 2.181 3.541 3.852 3.932 4.132 4.113 4.103 4.254 4.344 4.374 4.185 4.405 4.295 4.376 4.386 9.416 9.417 9.417 9.417 9.418
0.048 0.363 0.318 0.447 0.246 0.309 0.827 0.250 0.794 1.064 0.927 1.538 1.341 1.686 1.022 1.920 1.175 0.962 1.188 1.513 1.416 1.481 1.405 1.286 1.773 1.485 0.643 0.743 1.316 1.947 1.991 1.817 1.722 1.826 1.578 1.911 1.844 1.897 1.682 2.062 0.614 0.765 2.135 1.706 1.178 1.351 1.593 1.716 1.768 1.870 1.793 1.765 2.156 2.117 0.971 0.753 0.000 0.362 2.472 3.622 3.862 3.853 4.123 4.094 4.194 4.124 4.315 9.415 4.205 4.346 4.336 9.416 9.417 9.417 4.347 9.418 9.418
0.790 0.868 0.876 0.804 0.619 0.814 0.805 0.554 0.703 0.124 1.599 1.036 0.951 1.686 1.282 1.509 1.504 1.153 1.781 1.883 1.597 1.452 1.336 0.712 1.582 1.887 1.108 1.797 1.929 1.931 2.075 1.909 1.894 1.957 1.780 1.543 1.636 1.442 1.926 1.798 2.150 2.321 1.821 1.742 1.613 1.375 1.277 1.889 1.931 1.863 1.865 1.757 1.798 1.829 1.222 0.736 0.839 0.000 0.882 2.672 3.693 3.833 4.033 4.154 4.174 4.154 4.195 4.225 9.416 9.416 4.376 9.417 9.417 4.347 9.418 9.418 9.418
0.709 0.650 0.446 0.457 0.860 1.001 1.053 0.568 0.373 0.495 1.247 0.766 1.851 1.615 1.441 0.868 0.736 0.804 2.161 2.312 1.098 1.645 1.099 0.737 1.269 1.924 1.761 2.027 1.940 1.973 2.027 1.901 1.915 1.909 1.913 1.836 1.281 1.877 1.979 1.931 1.942 0.954 2.174 2.024 2.097 2.208 1.920 1.612 1.993 1.935 2.037 1.929 1.900 1.852 1.856 2.350 1.542 0.164 0.000 1.372 2.773 3.693 3.854 4.114 4.045 4.085 4.185 4.176 4.236 4.286 4.397 4.337 4.267 4.278 4.338 9.418 9.419
0.124 0.845 1.161 0.998 1.218 1.207 0.485 0.721 0.101 1.028 0.933 1.726 1.740 1.655 1.331 1.698 1.127 1.667 1.960 1.182 0.920 1.829 0.865 0.819 2.024 1.748 1.902 1.757 1.862 1.945 1.899 1.903 2.057 1.841 1.995 1.789 1.495 1.850 1.872 1.885 1.878 1.991 0.971 0.561 2.118 2.159 1.991 2.144 1.845 1.529 1.801 1.962 1.364 0.967 1.290 1.952 1.695 1.142 0.000 0.000 1.483 3.124 3.874 3.944 3.875 4.065 4.146 4.156 4.256 4.237 4.257 4.227 4.378 4.378 4.388 9.419 9.419
0.937 1.033 1.011 1.068 0.066 0.564 0.845 0.236 0.741 0.718 0.235 0.903 0.976 0.624 1.243 1.347 0.579 0.847 2.120 0.993 1.162 1.783 1.797 0.211 1.546 1.850 1.733 1.718 1.803 1.857 1.822 1.916 1.990 1.834 1.838 1.813 2.118 1.693 1.696 1.860 1.793 1.847 2.210 2.160 0.277 0.548 0.835 1.951 0.555 2.055 2.196 2.127 2.068 1.191 1.704 1.325 1.608 1.301 1.231 0.636 0.000 1.894 3.284 3.775 3.905 4.006 4.086 4.146 4.127 4.177 4.287 4.248 9.418 9.418 9.419 9.419 9.419
0.997 0.000 0.097 1.463 1.474 1.334 0.688 0.474 0.180 0.679 0.474 1.778 1.601 0.804 1.432 1.209 1.915 1.898 2.170 1.672 0.530 1.697 1.654 1.681 0.357 1.771 2.044 1.609 1.825 1.839 1.954 1.918 1.832 1.957 1.821 1.856 1.941 1.746 1.781 1.895 2.018 1.822 1.876 0.765 0.815 0.876 0.716 1.036 2.036 0.609 2.099 2.030 2.271 2.293 1.756 1.677 0.626 1.580 1.597 1.361 0.756 0.000 2.005 3.445 3.806 3.946 4.086 4.127 4.197 4.107 4.248 4.178 4.318 4.329 9.419 4.319 9.419
1.168 1.397 1.419 1.262 1.355 1.218 0.694 0.436 0.735 0.737 0.848 0.847 0.860 1.405 1.391 0.183 1.296 1.968 2.130 1.682 1.535 0.000 1.690 1.847 1.883 0.457 1.675 1.910 1.766 1.811 1.866 2.051 1.885 1.790 1.834 1.849 1.844 1.680 1.646 1.741 1.606 1.671 1.958 1.927 1.842 1.805 1.978 1.898 0.837 1.416 0.665 2.022 1.195 1.201 1.404 1.027 1.050 0.637 1.783 1.445 1.182 0.657 0.000 2.365 3.646 3.826 4.026 4.037 4.097 4.198 4.238 4.198 4.259 4.299 9.419 4.259 4.360
1.258 1.118 1.249 0.251 0.575 1.208 1.298 0.667 0.856 0.964 1.010 1.606 0.690 1.455 1.373 2.149 1.875 1.898 1.790 1.483 2.047 1.860 0.313 1.890 1.867 1.926 1.594 1.660 1.707 1.944 1.759 1.774 2.019 1.953 1.728 1.663 2.018 1.416 1.744 1.908 1.833 1.818 2.053 1.959 2.184 1.997 2.009 1.971 1.922 0.902 1.402 0.374 0.620 1.344 1.936 1.318 0.350 1.324 1.244 0.677 1.221 1.303 0.000 0.001 2.516 3.856 4.017 4.117 4.027 4.058 4.038 4.248 4.149 4.169 4.249 4.360 9.420
1.079 0.452 0.705 0.826 1.152 1.373 1.313 1.232 0.802 0.819 0.827 0.767 1.315 1.412 0.285 0.759 1.255 1.729 1.931 2.053 1.021 1.258 1.867 0.665 1.669 1.827 1.603 1.530 1.629 1.886 1.802 1.867 1.922 1.747 1.851 1.470 1.546 1.653 1.758 1.903 1.957 1.902 1.977 2.132 1.966 2.009 2.032 1.924 1.945 1.087 0.780 0.480 0.306 1.220 1.602 1.301 2.356 1.677 1.372 1.646 1.386 1.297 0.731 0.000 0.996 2.687 3.827 3.917 4.038 3.968 4.049 4.099 4.229 4.229 4.320 9.420 4.330
0.854 1.231 0.913 1.297 0.932 1.226 1.277 1.243 0.998 1.082 1.353 0.644 1.265 1.223 2.376 1.116 1.515 1.419 1.852 1.297 1.994 1.142 1.041 1.711 0.397 1.908 1.812 0.450 1.422 1.689 1.935 1.900 1.886 2.101 1.359 1.768 1.813 1.808 1.902 1.867 1.792 1.977 1.941 2.055 2.148 1.882 2.115 2.007 2.079 1.953 1.280 1.947 1.467 0.399 0.907 1.192 2.337 1.329 2.217 1.549 1.171 1.403 0.985 0.279 0.000 1.227 2.907 3.798 3.818 3.998 4.079 3.969 4.199 4.240 4.160 4.380 4.340
0.496 1.287 1.026 1.297 1.351 1.257 1.199 1.474 1.396 1.045 0.523 1.417 1.404 0.974 2.296 1.306 1.324 1.559 1.404 1.890 1.187 1.898 1.604 1.093 1.695 0.897 1.945 1.810 0.411 1.383 1.568 1.536 1.573 1.819 1.866 1.862 1.937 1.941 1.707 1.902 1.996 1.900 1.785 2.048 1.792 1.897 1.970 1.783 1.427 1.441 2.037 2.068 2.079 2.110 0.498 1.268 2.229 0.104 1.753 1.794 1.466 1.568 1.672 1.494 0.000 0.000 1.458 3.178 3.828 3.909 3.829 4.129 4.009 4.120 4.070 4.160 4.401
0.649 1.260 1.338 1.405 0.622 1.450 0.931 1.184 1.110 0.547 0.000 1.508 1.394 1.414 2.066 1.536 1.494 1.370 1.696 1.561 1.899 1.468 1.987 1.993 1.316 1.796 1.545 1.944 2.110 0.394 0.847 1.384 1.850 1.934 1.740 2.055 1.840 1.825 1.991 1.906 1.850 1.836 2.020 1.714 1.538 1.933 1.935 2.009 2.133 2.176 2.138 2.230 2.081 2.071 2.112 1.251 2.381 1.203 1.576 2.158 1.549 1.052 1.626 1.647 1.319 0.520 0.000 1.708 3.229 3.799 3.969 3.929 4.060 4.120 4.110 4.221 4.351
0.482 1.211 1.368 1.234 0.612 1.191 1.062 1.445 1.358 0.000 1.274 1.407 0.794 1.074 1.685 0.977 1.466 1.691 1.665 1.234 1.441 1.189 1.948 1.236 1.447 1.715 1.035 1.977 1.995 1.988 1.729 1.757 1.833 1.828 1.903 1.759 1.803 1.779 1.777 1.831 1.287 1.823 1.946 2.051 2.144 2.097 2.100 2.223 2.156 2.088 2.120 2.172 2.093 2.073 2.163 1.313 0.415 1.117 1.638 1.861 1.853 1.266 1.648 1.739 1.550 1.071 0.000 0.000 1.859 3.259 3.950 4.020 3.970 4.090 4.121 4.211 4.221
0.489 0.871 1.320 1.486 0.373 1.541 0.694 1.436 0.479 0.307 1.149 1.055 1.514 1.570 1.195 1.399 1.556 1.382 1.228 2.006 1.372 1.431 1.809 1.407 1.977 1.405 1.295 1.207 2.058 1.540 1.301 1.510 1.806 1.712 1.689 1.714 1.282 1.328 2.305 1.919 1.914 2.088 2.171 2.104 2.257 2.110 2.133 2.196 2.089 2.111 2.173 2.304 2.415 2.346 2.137 0.507 0.029 2.491 0.712 2.044 2.236 1.570 1.681 1.702 1.533 1.233 0.000 0.000 0.000 2.150 3.550 3.890 3.970 3.961 4.001 4.191 4.312
0.607 0.920 0.492 1.355 1.313 0.739 0.967 1.082 0.682 1.465 1.024 0.749 1.000 1.037 0.785 1.200 1.297 1.853 1.159 1.687 1.363 1.252 1.470 1.598 1.687 2.365 1.255 1.049 1.313 1.676 1.685 1.702 1.639 1.438 2.106 1.702 1.841 1.886 1.990 2.053 2.237 2.081 2.084 2.087 2.190 2.073 2.136 2.179 2.192 2.154 2.376 2.247 2.099 2.090 2.031 1.544 0.830 1.133 2.264 0.105 2.011 2.124 2.105 1.605 1.486 1.337 0.189 0.000 0.025 0.000 2.260 3.760 3.951 3.971 4.131 4.032 3.952
1.258 0.820 0.784 1.247 1.255 1.366 0.092 0.710 0.147 1.496 1.361 1.283 1.505 1.513 0.635 0.992 0.968 1.634 1.170 1.297 1.215 1.853 1.191 1.258 1.118 1.397 1.318 1.462 1.505 1.738 1.997 1.685 1.793 1.914 1.880 1.837 1.974 1.999 2.213 2.107 2.090 1.984 1.987 1.971 2.044 1.987 2.010 2.403 2.325 2.267 2.299 2.170 2.182 2.183 2.175 2.417 1.282 1.314 1.456 2.598 0.963 2.067 1.750 1.353 1.186 1.097 0.160 0.000 0.047 0.157 0.680 2.591 3.881 3.831 3.992 4.012 4.132
0.548 1.542 0.795 0.976 0.690 1.432 0.812 0.633 0.984 1.278 0.638 1.213 1.151 0.995 0.937 1.113 1.180 1.385 1.180 1.778 1.636 1.614 1.722 1.799 1.568 1.368 1.051 1.332 1.245 2.050 1.720 1.817 1.287 1.948 1.955 1.952 2.007 1.992 2.026 2.060 2.074 2.058 2.041 1.985 2.008 2.101 2.174 2.256 2.178 2.560 2.212 2.164 2.086 2.008 2.139 2.100 1.073 1.366 1.357 0.661 2.006 1.899 1.759 1.675 1.200 1.445 0.704 0.000 0.000 0.256 0.146 1.161 2.772 3.902 3.822 4.132 3.973
0.412 0.000 2.148 0.463 1.178 0.869 0.945 0.303 1.194 1.007 1.447 1.268 1.198 1.276 1.150 0.984 1.222 1.977 2.039 1.278 1.017 1.345 1.342 1.060 1.231 0.995 1.206 1.432 0.810 0.944 1.586 1.771 1.550 1.780 1.839 2.016 2.151 2.266 2.120 1.995 2.038 1.892 1.956 1.939 2.032 2.025 2.118 2.080 2.033 2.035 2.077 2.129 2.090 2.162 2.403 2.434 0.846 1.509 1.320 1.423 2.156 0.132 1.783 1.917 1.222 1.439 1.097 0.277 0.000 0.002 0.694 0.059 1.512 2.922 3.852 4.073 4.003
0.753 1.091 0.000 2.320 0.377 0.622 1.065 0.984 1.257 0.685 1.186 1.174 1.419 0.529 1.120 1.359 2.084 1.737 1.479 0.460 1.870 1.854 1.364 1.590 0.791 1.745 1.359 0.482 1.779 0.917 1.718 1.494 1.842 1.333 1.755 1.831 1.876 1.860 1.905 2.069 2.123 2.448 2.390 2.243 1.956 2.079 2.002 2.065 2.087 2.099 2.181 2.173 2.205 2.236 2.257 2.249 2.380 1.410 1.401 0.606 0.464 1.131 1.381 2.309 1.020 1.338 1.154 1.309 0.000 0.000 0.695 0.265 0.000 1.763 3.243 3.963 3.843
1.026 1.424 0.425 1.139 1.557 2.130 0.457 1.476 0.856 0.854 1.345 1.692 1.337 0.511 1.075 1.280 1.764 1.317 1.511 1.203 1.688 0.468 1.490 0.632 1.497 1.100 1.466 1.069 1.699 0.979 1.279 1.626 2.023 1.276 1.751 1.876 1.991 1.985 1.999 2.063 2.107 2.181 2.184 2.167 2.101 2.134 2.117 2.209 2.262 2.234 2.206 2.118 2.219 2.151 2.242 2.343 2.203 1.163 1.013 0.273 1.262 1.692 0.289 1.741 1.090 1.477 1.280 0.981 0.000 0.000 0.295 0.447 0.828 0.000 2.133 3.423 3.924
0.719 1.054 0.825 0.712 0.381 0.000 2.646 0.735 0.435 1.243 1.091 1.262 1.246 0.285 1.178 1.231 1.505 1.687 0.755 1.435 1.728 0.412 1.643 0.413 1.770 1.194 1.220 1.591 1.011 1.432 1.819 1.447 1.685 1.110 1.866 1.930 1.905 2.040 1.984 1.997 2.081 2.065 2.128 2.191 2.095 2.118 2.181 2.124 2.166 2.328 2.160 2.213 2.334 2.315 2.237 2.268 2.188 0.821 0.430 0.769 1.252 2.403 0.359 1.531 1.520 1.574 2.139 1.330 0.497 0.000 0.000 0.588 1.278 1.559 0.307 2.364 3.824
0.673 1.080 1.617 1.272 1.592 0.521 1.756 0.905 2.523 1.177 0.798 1.192 1.206 0.338 1.198 1.302 1.606 1.598 0.717 1.585 0.813 1.548 1.169 1.646 1.830 1.465 0.896 1.027 1.675 1.072 1.468 1.028 1.459 1.004 1.749 1.755 2.070 2.024 1.978 1.892 2.076 2.069 2.122 2.155 2.139 2.072 2.235 2.138 2.170 2.343 2.495 2.327 2.399 2.200 2.312 2.274 2.275 1.799 0.498 1.170 1.313 0.482 1.009 0.830 2.115 1.626 2.057 1.670 1.075 0.121 0.000 0.458 1.678 1.849 0.951 1.066 2.644
1.255 0.790 0.579 0.666 0.777 0.633 1.363 0.785 1.010 0.446 2.498 0.522 1.320 0.422 1.367 1.272 1.487 1.223 1.210 1.665 0.556 1.898 0.378 1.667 0.835 1.093 0.902 1.612 2.206 1.992 2.318 1.060 1.742 1.108 1.452 1.929 2.023 1.968 2.073 2.047 2.100 2.133 2.257 2.050 2.213 2.127 2.090 2.203 2.155 2.158 2.170 2.272 2.244 2.196 2.278 2.249 2.361 2.353 1.314 1.310 1.067 0.607 2.526 1.171 1.982 1.905 1.736 1.719 1.473 0.595 0.000 0.086 1.668 1.758 1.650 0.695 1.504
1.510 1.422 1.171 1.086 1.196 1.647 1.750 1.104 0.710 0.875 0.797 2.563 0.641 1.198 1.293 1.092 1.260 1.618 1.661 1.397 1.369 1.988 0.806 1.738 0.970 1.369 1.697 2.072 1.865 0.825 2.419 0.962 1.126 1.722 1.095 1.426 1.375 1.440 1.574 1.647 1.540 1.673 1.765 1.778 1.721 1.954 2.036 1.978 2.061 2.163 2.205 2.217 2.289 2.202 2.164 2.235 2.176 2.098 1.325 1.053 0.876 0.507 0.817 1.139 1.381 1.903 1.924 1.727 1.752 0.883 0.000 0.000 1.706 1.756 1.547 1.547 0.239
0.713 0.828 1.624 1.384 0.925 0.925 1.204 1.318 1.340 0.995 0.687 0.685 2.788 1.646 0.922 0.892 1.083 1.649 1.662 0.790 1.699 0.460 1.164 0.792 1.523 1.160 2.277 1.452 0.872 1.981 1.224 0.953 0.859 1.246 1.100 1.016 2.081 2.113 2.075 2.107 2.139 2.111 1.993 1.985 2.108 2.160 2.232 2.094 2.096 2.008 2.131 2.283 2.175 2.228 2.340 2.192 1.964 1.587 0.924 0.861 0.666 0.857 3.194 0.843 1.292 1.582 1.624 1.547 1.533 1.181 1.064 0.000 1.464 1.704 1.794 1.624 1.384
0.874 1.480 1.064 1.214 0.792 0.693 0.745 0.685 0.960 1.040 1.368 1.012 0.306 2.616 0.892 0.903 1.255 1.751 2.193 1.043 1.940 0.599 1.735 0.975 1.254 1.110 1.697 0.809 1.969 1.263 1.078 1.286 1.170 1.069 1.278 1.235 2.095 2.117 2.059 2.071 2.043 2.046 1.968 2.220 2.032 2.164 2.246 2.189 2.111 2.094 2.067 2.069 2.142 2.164 2.377 2.430 2.394 2.288 2.422 1.377 0.901 1.139 3.495 2.087 1.408 1.350 1.521 1.496 1.683 1.725 1.017 0.171 0.756 1.681 1.702 1.842 1.723
0.977 1.440 0.934 1.334 0.606 0.431 0.711 0.645 0.766 1.064 0.911 1.296 0.930 1.034 1.732 1.043 1.275 1.562 1.526 2.066 0.988 1.468 1.645 1.147 1.144 1.281 0.882 1.946 1.161 1.116 1.882 2.156 0.922 0.982 1.014 1.624 2.028 2.211 2.103 1.996 2.128 2.130 2.172 2.354 2.087 2.089 2.031 2.104 2.117 2.179 2.112 2.205 2.258 2.290 2.323 2.246 2.209 2.222 2.005 1.328 0.751 0.409 3.267 2.169 1.602 1.573 1.088 1.664 1.576 1.748 1.023 0.731 0.537 1.408 1.389 1.349 1.360
1.429 1.400 1.464 1.504 0.733 0.517 0.463 1.432 1.938 0.877 0.964 0.908 1.260 0.840 1.313 2.483 1.076 1.622 0.672 1.849 0.358 1.529 0.618 1.470 1.395 1.043 0.896 1.238 1.895 1.959 1.932 1.317 0.942 0.855 0.999 1.667 1.942 2.175 2.358 2.150 2.172 2.134 2.087 1.989 2.401 2.004 1.966 2.129 2.161 2.254 2.227 2.310 2.243 2.226 2.269 2.282 2.375 2.258 2.050 0.718 1.685 0.869 2.798 2.222 2.144 1.198 2.184 1.666 1.009 1.602 0.751 0.957 0.277 2.096 1.926 1.877 1.947
0.669 0.660 0.579 1.528 0.361 0.004 0.000 0.163 0.796 1.451 1.008 1.298 0.491 0.895 0.203 0.575 2.451 1.041 1.551 1.923 1.114 1.510 1.461 1.370 2.005 0.937 1.099 1.178 0.965 1.560 2.143 1.260 1.702 1.026 1.193 1.990 1.865 2.000 2.113 2.065 2.087 1.999 2.032 2.134 2.136 2.468 2.180 2.023 2.106 2.189 2.162 2.265 2.168 2.211 2.324 2.328 2.491 2.345 2.327 1.852 0.924 0.234 1.230 2.245 2.158 2.161 1.575 1.478 1.622 1.527 1.594 1.107 0.347 1.955 2.025 2.006 2.147
