includes/lisflood-fp-604/results/res-0007.wdfp
ncols         631
nrows         906
xllcorner     364927.146600
yllcorner     6531972.565600
cellsize      20.000000
NODATA_value  -9999.000000
[rows 170 to 203 of 906, columns 385 to 461 of 631]
0.446 0.010 0.000 0.000 0.000 0.000 0.384 1.404 1.604 1.624 1.545 1.725 1.676 1.877 1.767 1.867 1.918 2.259 2.059 2.069 2.070 2.060 2.449 2.488 2.528 2.568 2.608 2.648 2.679 2.708 2.737 2.766 2.796 2.825 2.872 2.925 2.977 3.030 3.083 3.136 3.188 3.186 3.183 3.181 3.178 3.175 3.172 3.170 3.167 3.164 3.161 3.162 3.163 3.176 3.207 3.238 3.269 3.300 3.336 3.376 3.416 3.456 3.496 3.536 3.575 3.615 3.655 3.695 3.735 3.775 3.816 3.832 3.842 3.852 3.862 3.873 3.883
0.566 0.356 0.000 0.000 0.000 0.000 0.002 0.504 1.464 1.455 1.405 1.516 1.596 1.747 1.707 1.868 1.888 2.039 1.889 1.860 1.820 2.021 2.415 2.062 2.495 2.534 2.574 2.614 2.649 2.076 2.046 2.737 2.766 2.069 2.862 2.915 2.968 3.020 3.073 3.126 3.179 3.195 3.192 3.189 3.186 3.184 3.181 3.178 3.175 3.173 3.173 3.174 3.175 3.182 3.213 3.244 3.275 3.306 3.337 3.368 3.399 3.438 3.478 3.518 3.558 3.598 3.638 3.678 3.718 3.758 3.768 3.778 3.788 3.798 3.808 3.819 3.829
0.536 0.436 0.039 0.000 0.000 0.000 0.000 0.032 0.517 0.907 1.037 1.287 1.487 1.487 1.828 1.818 1.689 1.710 1.720 1.761 1.801 1.961 2.022 2.421 2.461 2.501 2.540 2.580 2.619 1.976 2.678 2.707 2.747 2.049 2.852 2.030 2.958 3.010 3.063 3.116 3.169 3.203 3.200 3.198 3.195 3.192 3.189 3.186 3.184 3.184 3.185 3.186 3.188 3.189 3.220 3.251 3.281 3.312 3.343 3.374 3.406 3.437 3.468 3.501 3.541 3.580 3.620 3.661 3.693 3.704 3.714 3.724 3.734 3.744 3.754 3.765 3.775
0.425 0.585 0.404 0.000 0.000 0.000 0.000 0.070 1.009 1.379 1.459 1.209 0.999 1.149 1.389 1.369 1.490 1.820 1.861 1.811 1.942 2.072 1.892 2.013 2.427 2.467 2.507 2.547 2.586 2.056 2.648 1.927 2.737 2.059 2.843 2.060 1.961 2.032 3.053 3.106 3.159 3.211 3.209 3.206 3.203 3.200 3.198 3.195 3.196 3.197 3.198 3.199 3.200 3.201 3.226 3.257 3.288 3.319 3.350 3.381 3.412 3.443 3.474 3.505 3.536 3.567 3.603 3.629 3.639 3.649 3.660 3.670 3.680 3.690 3.700 3.710 3.721
0.634 0.684 0.494 0.094 0.000 0.000 0.005 1.009 1.299 1.410 1.410 1.480 1.540 1.681 1.431 1.311 1.451 1.361 1.692 1.732 1.852 1.833 2.063 1.933 2.415 1.934 2.064 2.513 2.553 2.046 2.622 2.675 2.008 2.049 2.833 2.885 1.901 1.882 1.983 3.096 3.149 3.202 3.217 3.214 3.212 3.209 3.206 3.207 3.208 3.209 3.210 3.211 3.212 3.213 3.232 3.263 3.294 3.325 3.356 3.387 3.418 3.449 3.480 3.511 3.542 3.573 3.603 3.597 3.585 3.595 3.605 3.616 3.626 3.636 3.646 3.656 3.666
0.513 0.643 0.493 0.223 0.000 0.000 0.769 1.349 1.429 1.680 1.560 1.670 1.641 1.511 1.581 1.572 1.672 1.642 1.512 1.773 1.863 2.063 2.382 2.054 1.904 1.974 1.965 2.510 2.536 2.561 2.612 2.008 2.718 2.770 2.823 2.876 2.928 2.022 2.033 3.087 3.139 3.192 3.225 3.223 3.220 3.217 3.218 3.219 3.220 3.221 3.222 3.223 3.224 3.225 3.238 3.269 3.300 3.331 3.362 3.393 3.424 3.455 3.486 3.517 3.548 3.578 3.609 3.607 3.589 3.572 3.554 3.562 3.572 3.582 3.592 3.602 3.612
0.612 0.582 0.632 0.332 0.000 0.089 1.199 1.349 1.409 1.580 1.650 1.580 1.681 1.591 1.642 1.762 1.692 1.813 1.923 2.323 1.993 2.064 1.914 2.014 2.065 2.476 2.075 2.528 2.066 1.987 2.595 2.649 2.704 2.758 2.060 2.011 1.892 1.833 3.024 3.077 3.129 3.182 3.234 3.231 3.228 3.229 3.230 3.231 3.232 3.233 3.234 3.236 3.237 3.238 3.244 3.275 3.306 3.337 3.368 3.399 3.430 3.461 3.492 3.523 3.553 3.584 3.614 3.616 3.599 3.581 3.564 3.546 3.529 3.528 3.538 3.548 3.558
0.561 0.680 0.660 0.001 0.000 0.559 1.329 1.459 1.370 1.470 1.770 1.631 1.591 1.581 1.802 1.792 1.773 1.963 1.883 2.034 1.944 1.974 2.417 1.975 2.469 2.035 2.006 2.546 2.556 2.563 2.576 2.630 2.685 1.890 1.871 1.751 1.742 2.957 3.011 3.065 3.119 3.172 3.225 3.239 3.240 3.241 3.242 3.244 3.245 3.246 3.247 3.248 3.249 3.250 3.251 3.281 3.312 3.343 3.374 3.405 3.436 3.467 3.498 3.528 3.558 3.589 3.619 3.626 3.608 3.591 3.573 3.556 3.538 3.521 3.503 3.494 3.504
0.548 0.668 0.658 0.000 0.000 0.929 1.089 1.349 1.350 1.580 1.570 1.721 1.641 1.742 1.702 1.792 1.933 1.893 1.874 1.944 1.824 1.955 2.035 1.845 1.966 1.866 1.856 2.549 2.557 2.564 2.572 2.612 2.039 1.940 2.775 2.829 2.883 2.938 2.992 3.046 3.101 3.155 3.209 3.241 3.252 3.254 3.255 3.256 3.257 3.258 3.259 3.260 3.261 3.262 3.263 3.288 3.318 3.349 3.380 3.411 3.442 3.473 3.503 3.533 3.564 3.594 3.624 3.635 3.618 3.600 3.582 3.565 3.547 3.530 3.513 3.495 3.477
0.695 0.905 0.585 0.000 0.008 1.189 1.239 1.299 1.390 1.510 1.681 1.721 1.731 1.642 1.752 1.943 1.913 1.873 2.014 1.954 2.015 1.985 1.996 1.906 1.916 2.530 2.543 2.550 2.558 2.565 2.572 2.593 2.647 2.701 2.756 2.810 2.864 2.919 2.973 3.027 3.082 3.136 3.182 3.223 3.234 3.245 3.256 3.267 3.269 3.270 3.271 3.272 3.273 3.274 3.275 3.294 3.325 3.356 3.387 3.417 3.447 3.478 3.508 3.539 3.569 3.599 3.630 3.644 3.627 3.609 3.592 3.574 3.557 3.539 3.522 3.504 3.487
0.681 0.460 0.490 0.000 0.041 1.160 1.270 1.390 1.320 1.400 1.481 1.681 1.712 1.822 1.812 1.783 1.943 2.004 2.004 2.015 2.420 2.445 2.471 2.497 2.522 2.537 2.544 2.551 2.558 2.566 2.573 2.581 2.628 2.682 2.737 2.791 2.845 2.899 2.954 3.008 3.062 3.111 3.153 3.195 3.216 3.227 3.238 3.249 3.260 3.271 3.282 3.285 3.286 3.287 3.288 3.300 3.331 3.362 3.392 3.422 3.453 3.483 3.513 3.544 3.574 3.604 3.635 3.654 3.636 3.619 3.601 3.584 3.566 3.549 3.531 3.514 3.496
0.714 0.531 0.590 0.000 0.128 1.140 1.420 1.330 1.440 1.461 1.471 1.791 1.672 1.742 1.892 1.953 1.853 1.794 2.024 2.411 2.025 2.016 2.006 2.017 2.530 2.538 2.545 2.552 2.559 2.567 2.574 2.581 2.609 2.663 2.718 2.772 2.826 2.880 2.935 2.989 3.041 3.083 3.125 3.167 3.198 3.209 3.220 3.231 3.242 3.253 3.264 3.275 3.286 3.297 3.300 3.306 3.337 3.367 3.397 3.428 3.458 3.488 3.519 3.549 3.579 3.610 3.640 3.663 3.646 3.628 3.611 3.593 3.576 3.558 3.541 3.523 3.506
0.657 0.552 0.548 0.271 0.183 1.230 1.340 1.430 1.491 1.441 1.651 1.552 1.772 1.812 1.843 2.023 1.753 1.964 2.015 1.895 2.076 1.956 2.067 2.524 2.531 2.538 2.546 2.553 2.560 2.567 2.575 2.582 2.590 2.644 2.699 2.753 2.807 2.861 2.916 2.970 3.013 3.054 3.096 3.138 3.180 3.191 3.202 3.213 3.224 3.235 3.246 3.257 3.268 3.279 3.290 3.307 3.342 3.372 3.403 3.433 3.463 3.493 3.524 3.554 3.585 3.615 3.645 3.673 3.655 3.638 3.620 3.603 3.585 3.568 3.550 3.533 3.515
0.588 0.604 0.518 0.615 0.153 1.160 1.380 1.461 1.411 1.601 1.611 1.742 1.652 1.862 1.743 2.013 1.924 2.281 2.055 1.955 2.026 1.926 2.007 1.947 2.532 2.539 2.546 2.554 2.561 2.568 2.576 2.583 2.590 2.625 2.680 2.734 2.788 2.842 2.897 2.942 2.984 3.026 3.068 3.110 3.152 3.173 3.184 3.195 3.206 3.217 3.228 3.239 3.250 3.261 3.280 3.300 3.337 3.373 3.408 3.438 3.468 3.499 3.529 3.559 3.590 3.620 3.650 3.681 3.665 3.647 3.630 3.612 3.595 3.577 3.560 3.542 3.525
0.551 0.597 0.773 0.659 0.000 0.720 1.380 1.501 1.581 1.581 1.541 1.642 1.562 1.782 1.863 1.833 1.914 2.074 1.975 1.936 2.006 1.957 2.047 2.027 2.533 2.540 2.547 2.554 2.562 2.569 2.576 2.584 2.591 2.607 2.661 2.715 2.769 2.823 2.872 2.914 2.956 2.998 3.040 3.082 3.124 3.155 3.166 3.177 3.188 3.199 3.210 3.221 3.235 3.254 3.274 3.293 3.330 3.366 3.403 3.439 3.474 3.504 3.534 3.565 3.595 3.625 3.656 3.686 3.674 3.657 3.639 3.622 3.604 3.587 3.569 3.546 3.518
0.625 0.903 0.731 0.579 0.000 0.551 1.471 1.421 1.591 1.601 1.572 1.712 1.622 1.703 1.893 1.813 1.904 1.995 1.915 1.906 2.006 1.937 2.519 2.058 2.038 2.028 2.548 2.555 2.562 2.570 2.577 2.585 2.592 2.599 2.642 2.696 2.750 2.801 2.843 2.885 2.927 2.969 3.011 3.053 3.095 3.137 3.148 3.159 3.170 3.181 3.192 3.209 3.228 3.248 3.267 3.286 3.322 3.359 3.396 3.432 3.469 3.506 3.540 3.570 3.600 3.631 3.661 3.691 3.684 3.666 3.648 3.631 3.614 3.594 3.565 3.537 3.509
0.501 0.609 0.547 0.614 0.156 0.211 1.301 1.431 1.521 1.682 1.612 1.582 1.613 1.683 1.763 1.954 1.954 1.995 2.460 1.956 1.966 1.967 2.077 2.527 2.534 2.541 1.989 2.556 2.563 2.080 2.578 2.585 2.593 2.600 2.623 2.677 2.731 2.773 1.974 2.857 2.899 2.941 2.983 3.025 3.067 3.109 3.130 3.141 3.152 3.163 3.183 3.202 3.221 3.241 3.260 3.280 3.315 3.352 3.389 3.425 3.462 3.499 3.535 3.572 3.606 3.636 3.666 3.697 3.693 3.676 3.658 3.640 3.612 3.584 3.556 3.528 3.499
0.476 0.664 0.694 0.593 0.118 0.089 1.331 1.421 1.561 1.702 1.762 1.822 1.683 1.763 1.733 1.924 2.004 1.945 2.005 2.501 2.507 2.067 1.948 2.078 2.535 2.542 2.549 2.557 2.564 2.571 2.579 2.586 2.593 2.601 2.608 2.658 2.703 2.745 2.054 2.829 2.871 2.912 2.954 2.996 3.038 3.080 3.111 3.122 3.137 3.156 3.176 3.195 3.215 3.234 3.253 3.273 3.308 3.345 3.381 3.418 3.455 3.491 3.528 3.565 3.601 3.638 3.672 3.702 3.702 3.685 3.660 3.631 3.603 3.575 3.547 3.518 3.490
0.941 0.671 0.572 0.632 0.000 0.000 1.101 1.421 1.612 1.592 1.632 1.673 1.743 1.763 1.764 1.814 2.074 1.945 2.489 1.956 2.526 2.532 2.538 2.544 2.550 2.556 2.562 2.568 2.574 2.580 2.586 2.592 2.598 2.604 2.610 2.083 2.675 2.717 2.758 2.800 2.842 2.884 2.926 2.968 3.010 3.052 3.093 3.111 3.130 3.150 3.169 3.188 3.208 3.227 3.247 3.266 3.301 3.338 3.374 3.411 3.448 3.484 3.521 3.558 3.594 3.631 3.668 3.705 3.707 3.678 3.650 3.622 3.594 3.565 3.537 3.509 3.481
0.525 0.617 0.658 0.360 0.014 0.000 0.801 1.481 1.712 1.862 1.682 1.793 1.763 1.743 1.634 1.854 1.965 1.995 2.016 2.056 2.544 2.550 2.556 2.562 2.568 2.574 2.580 2.586 2.592 2.598 2.604 2.610 2.616 2.623 2.629 2.638 2.670 2.712 2.753 2.795 2.836 2.878 2.920 2.961 3.003 3.045 3.082 3.104 3.124 3.143 3.163 3.182 3.201 3.221 3.240 3.260 3.294 3.330 3.367 3.404 3.441 3.477 3.514 3.551 3.587 3.624 3.658 3.688 3.689 3.669 3.641 3.613 3.584 3.556 3.528 3.500 3.471
0.629 0.670 0.414 0.000 0.011 0.000 0.592 1.512 1.592 1.722 1.823 1.823 1.833 1.683 1.764 1.844 1.965 1.975 2.494 2.524 2.553 2.569 2.575 2.581 2.587 2.593 2.599 2.605 2.611 2.617 2.623 2.629 2.635 2.641 2.649 2.658 2.667 2.707 2.749 2.790 2.832 2.873 2.915 2.957 2.998 3.040 3.071 3.093 3.115 3.136 3.156 3.175 3.195 3.214 3.234 3.253 3.287 3.323 3.360 3.397 3.433 3.470 3.507 3.543 3.579 3.609 3.638 3.668 3.667 3.647 3.627 3.603 3.575 3.547 3.518 3.490 3.462
0.562 0.644 0.000 0.319 0.209 0.000 0.402 1.522 1.682 1.672 1.793 1.713 1.863 1.754 1.804 1.854 1.875 1.765 2.496 2.076 2.555 2.585 2.593 2.599 2.605 2.611 2.617 2.624 2.630 2.636 2.642 2.648 2.654 2.660 2.669 2.678 2.687 2.703 2.744 2.786 2.827 2.869 2.911 2.952 2.994 3.035 3.061 3.083 3.105 3.127 3.149 3.169 3.188 3.207 3.227 3.246 3.279 3.316 3.353 3.390 3.426 3.463 3.499 3.529 3.559 3.588 3.618 3.647 3.644 3.624 3.605 3.585 3.565 3.537 3.509 3.481 3.453
0.653 0.436 0.003 0.239 0.000 0.000 0.341 1.552 1.802 1.822 1.763 1.873 1.793 1.814 1.814 1.814 1.975 1.875 2.036 2.528 2.557 2.587 2.612 2.618 2.624 2.630 2.636 2.642 2.648 2.654 2.660 2.666 2.673 2.679 2.689 2.698 2.707 2.716 2.740 2.781 2.823 2.864 2.906 2.948 2.989 3.029 3.051 3.073 3.095 3.117 3.139 3.161 3.181 3.201 3.220 3.240 3.272 3.309 3.346 3.382 3.419 3.450 3.479 3.509 3.538 3.568 3.597 3.627 3.622 3.602 3.582 3.563 3.543 3.523 3.500 3.472 3.443
0.657 0.262 0.014 0.000 0.000 0.000 0.431 1.651 1.652 1.792 1.882 1.753 1.913 1.974 1.984 1.884 1.955 1.995 1.996 2.066 2.006 2.589 2.619 2.636 2.643 2.649 2.655 2.661 2.667 2.673 2.679 2.685 2.691 2.700 2.709 2.718 2.727 2.736 2.745 2.777 2.818 2.860 2.901 2.943 2.985 3.019 3.041 3.063 3.084 3.106 3.128 3.150 3.172 3.194 3.214 3.233 3.265 3.302 3.339 3.370 3.400 3.429 3.459 3.488 3.518 3.548 3.577 3.607 3.599 3.580 3.560 3.540 3.520 3.501 3.481 3.461 3.434
0.624 0.000 0.140 0.000 0.000 0.000 0.691 1.751 1.861 1.732 1.812 1.893 1.983 1.933 1.884 1.914 1.935 1.935 2.026 1.906 2.562 2.591 2.621 2.650 2.661 2.667 2.673 2.679 2.685 2.692 2.698 2.704 2.710 2.720 2.729 2.738 2.747 2.756 2.765 2.775 2.814 2.855 2.897 2.939 2.980 3.008 3.030 3.052 3.074 3.096 3.118 3.140 3.162 3.184 3.206 3.226 3.258 3.291 3.320 3.350 3.379 3.409 3.439 3.468 3.498 3.527 3.557 3.586 3.577 3.557 3.537 3.518 3.498 3.478 3.458 3.439 3.419
0.271 0.019 0.000 0.000 0.000 0.000 0.851 1.741 1.741 1.772 1.872 1.843 1.943 1.913 1.904 1.974 1.975 1.995 1.985 2.016 2.564 2.594 2.623 2.653 2.680 2.686 2.692 2.698 2.704 2.710 2.716 2.722 2.730 2.740 2.749 2.758 2.767 2.776 2.785 2.795 2.809 2.851 2.892 2.934 2.976 2.998 3.020 3.042 3.064 3.086 3.108 3.130 3.152 3.174 3.196 3.231 3.241 3.271 3.300 3.330 3.359 3.389 3.418 3.448 3.477 3.507 3.536 3.566 3.555 3.535 3.515 3.495 3.475 3.456 3.436 3.416 3.397
0.000 0.105 0.027 0.000 0.000 0.023 1.201 1.721 1.831 1.862 1.852 1.913 1.963 1.993 2.044 1.914 2.014 1.975 1.955 1.946 2.016 2.047 2.625 2.655 2.684 2.704 2.711 2.717 2.723 2.729 2.735 2.741 2.750 2.760 2.769 2.778 2.787 2.796 2.805 2.815 2.824 2.846 2.888 2.930 2.966 2.988 3.010 3.032 3.054 3.076 3.097 3.119 3.152 3.190 3.228 3.267 3.267 3.261 3.280 3.309 3.339 3.368 3.398 3.427 3.457 3.487 3.516 3.546 3.532 3.512 3.493 3.473 3.453 3.433 3.414 3.394 3.374
0.062 0.031 0.000 0.000 0.000 0.470 1.620 1.751 1.711 1.832 2.022 1.982 1.963 1.903 1.894 1.934 2.014 2.035 2.065 1.966 2.569 2.598 2.628 2.657 2.687 2.716 2.729 2.735 2.741 2.748 2.754 2.761 2.770 2.780 2.789 2.798 2.807 2.816 2.826 2.835 2.844 2.853 2.884 2.925 2.956 2.978 3.000 3.021 3.043 3.073 3.111 3.150 3.188 3.226 3.264 3.303 3.297 3.292 3.286 3.289 3.318 3.348 3.378 3.407 3.437 3.466 3.496 3.525 3.510 3.490 3.470 3.450 3.431 3.411 3.391 3.371 3.352
0.000 0.002 0.000 0.000 0.000 0.890 1.650 1.771 1.811 1.871 1.932 1.892 1.903 1.903 1.993 2.054 2.453 1.995 2.512 2.016 2.026 1.967 2.630 2.660 2.689 2.719 2.748 2.754 2.760 2.766 2.772 2.781 2.790 2.800 2.809 2.818 2.827 2.836 2.846 2.855 2.864 2.874 2.883 2.921 2.946 2.967 2.994 3.033 3.071 3.109 3.147 3.186 3.224 3.262 3.300 3.333 3.328 3.322 3.317 3.311 3.306 3.328 3.357 3.387 3.416 3.446 3.475 3.505 3.487 3.467 3.448 3.428 3.408 3.389 3.369 3.349 3.329
0.002 0.000 0.000 0.000 0.270 1.510 1.730 1.691 1.831 1.931 1.882 1.922 2.002 1.993 1.983 2.074 2.074 2.485 2.515 2.056 2.574 2.017 2.068 2.662 2.692 2.721 2.751 2.773 2.779 2.785 2.792 2.801 2.810 2.820 2.829 2.838 2.847 2.857 2.866 2.875 2.884 2.894 2.903 2.916 2.954 2.992 3.030 3.069 3.107 3.145 3.183 3.222 3.260 3.298 3.336 3.364 3.358 3.353 3.347 3.342 3.336 3.331 3.337 3.366 3.396 3.426 3.455 3.484 3.465 3.445 3.425 3.405 3.386 3.366 3.346 3.346 3.351
0.000 0.000 0.000 0.000 0.740 1.580 1.740 1.770 1.821 1.831 1.951 1.942 1.992 1.963 2.033 2.014 2.458 1.995 2.517 2.016 2.576 2.605 2.635 2.664 2.694 2.724 2.753 2.783 2.797 2.804 2.812 2.821 2.830 2.840 2.849 2.858 2.867 2.877 2.886 2.896 2.905 2.915 2.924 2.946 2.990 3.028 3.067 3.105 3.143 3.181 3.219 3.258 3.296 3.334 3.372 3.394 3.389 3.383 3.378 3.372 3.367 3.361 3.356 3.350 3.376 3.405 3.435 3.462 3.442 3.422 3.403 3.383 3.363 3.365 3.369 3.373 3.378
0.000 0.000 0.000 0.241 1.560 1.710 1.840 1.780 1.841 1.901 1.991 2.002 1.972 2.042 2.043 2.063 2.460 2.045 2.025 2.549 2.066 2.608 2.068 2.028 2.696 2.726 2.756 2.785 2.815 2.823 2.832 2.841 2.851 2.860 2.869 2.879 2.888 2.898 2.907 2.917 2.926 2.936 2.945 2.976 3.020 3.064 3.103 3.141 3.179 3.217 3.255 3.294 3.332 3.370 3.408 3.425 3.419 3.414 3.408 3.403 3.397 3.392 3.386 3.381 3.375 3.385 3.415 3.439 3.420 3.400 3.380 3.383 3.387 3.392 3.396 3.400 3.405
0.000 0.000 0.007 0.980 1.610 1.720 1.740 1.850 1.810 1.841 1.911 1.901 1.942 2.319 2.403 2.063 2.462 2.045 2.521 2.046 2.580 2.610 2.640 2.669 2.699 2.728 2.758 2.786 2.814 2.844 2.853 2.862 2.872 2.881 2.891 2.900 2.910 2.919 2.929 2.938 2.948 2.957 2.967 3.006 3.050 3.093 3.137 3.177 3.215 3.253 3.291 3.330 3.368 3.406 3.444 3.455 3.450 3.444 3.439 3.433 3.428 3.422 3.417 3.411 3.406 3.400 3.395 3.417 3.397 3.402 3.406 3.410 3.415 3.419 3.423 3.428 3.432
0.000 0.003 0.730 1.600 1.540 1.590 1.860 1.660 1.960 1.851 1.861 1.871 1.782 1.882 1.993 1.923 1.974 2.044 2.524 2.553 2.583 2.067 2.640 2.668 2.696 2.724 2.752 2.780 2.808 2.844 2.874 2.884 2.893 2.903 2.912 2.921 2.931 2.941 2.950 2.960 2.969 2.979 2.992 3.036 3.079 3.123 3.167 3.210 3.251 3.289 3.328 3.366 3.404 3.442 3.480 3.486 3.480 3.475 3.469 3.464 3.458 3.453 3.447 3.442 3.436 3.431 3.424 3.416 3.424 3.429 3.433 3.437 3.442 3.446 3.450 3.455 3.459
