includes/lisflood-fp-604/results/res-0010.wdfp
ncols         631
nrows         906
xllcorner     364927.146667
yllcorner     6531972.565556
cellsize      20.000000
NODATA_value  -9999.000000
[rows 510 to 543 of 906, columns 462 to 538 of 631]
0.000 0.000 0.192 1.172 0.842 1.142 0.772 0.462 1.262 1.142 1.262 1.242 1.252 1.302 1.282 1.372 1.282 0.512 0.982 0.832 1.072 0.842 0.072 1.252 0.952 0.000 1.452 1.392 1.302 0.942 0.472 0.822 0.342 1.132 1.262 0.000 0.000 0.000 0.000 0.000 0.000 0.000 0.000 0.000 0.031 0.000 0.001 0.000 0.000 0.012 0.000 0.000 0.000 0.000 0.000 0.000 2.852 2.852 2.852 2.852 2.852 2.852 2.852 2.852 2.853 2.853 2.853 2.853 2.853 2.853 2.853 2.853 2.853 2.853 2.853 2.853 2.853
0.000 0.007 0.082 1.482 1.122 1.432 1.522 1.042 1.032 0.592 0.000 0.902 1.382 1.162 1.322 0.362 0.572 1.052 0.442 1.402 0.902 1.022 1.002 1.112 1.092 1.342 0.000 1.462 1.012 0.322 0.712 0.512 0.422 0.702 1.022 0.000 0.000 0.000 0.000 0.000 0.031 0.000 0.000 0.000 0.000 0.041 0.000 0.162 0.000 0.000 0.001 0.053 0.000 0.000 0.033 0.000 2.852 2.852 2.852 2.852 2.852 2.852 2.852 2.852 2.852 2.852 2.853 2.853 2.853 2.853 2.853 2.853 2.853 2.853 2.853 2.853 2.853
1.232 0.152 0.552 0.832 1.042 0.542 0.732 0.732 0.592 0.422 0.932 1.092 1.382 1.302 0.652 0.552 0.662 0.752 1.002 0.442 0.762 1.022 1.242 1.132 1.652 1.162 1.372 1.082 1.062 1.152 0.001 0.532 1.072 0.962 0.792 0.000 0.000 0.000 0.112 0.000 0.000 0.000 0.000 0.000 0.000 0.000 0.071 0.000 0.000 0.000 0.000 0.000 0.085 0.002 0.000 0.000 2.852 2.852 2.852 2.852 2.852 2.852 2.852 2.852 2.852 2.852 2.852 2.852 2.853 2.853 2.853 2.853 2.853 2.853 2.853 2.853 2.853
0.532 0.282 0.362 0.792 0.422 0.872 0.472 0.292 0.122 1.042 0.592 1.242 1.092 0.612 0.942 0.902 0.952 0.952 1.092 1.122 0.822 0.802 1.012 1.302 0.832 0.842 1.192 0.192 1.922 1.002 1.242 0.062 0.222 0.742 0.292 0.000 0.000 0.011 0.000 0.000 0.182 0.000 0.023 0.000 0.000 0.000 0.000 0.002 0.000 0.002 0.002 0.003 0.001 0.000 2.852 2.852 2.852 2.852 2.852 2.852 2.852 2.852 2.852 2.852 2.852 2.852 2.852 2.852 2.852 2.852 2.853 2.853 2.853 2.853 2.853 2.853 2.853
1.322 1.432 0.982 0.952 1.532 0.802 0.592 0.792 0.732 1.172 0.542 0.952 0.962 0.882 0.692 0.672 0.832 0.792 1.712 1.102 1.152 1.002 0.752 1.062 1.122 0.000 1.362 1.052 0.000 1.132 1.092 0.672 0.712 0.812 0.000 0.000 0.000 0.000 0.000 0.000 0.000 0.000 0.001 0.007 0.000 0.069 0.000 0.000 0.001 0.003 0.000 0.000 0.000 0.000 0.000 2.852 0.000 2.852 2.852 2.852 2.852 2.852 2.852 2.852 2.852 2.852 2.852 2.852 2.852 2.852 2.852 2.852 2.852 2.852 2.852 2.852 2.852
1.252 1.342 1.102 0.962 0.562 0.922 1.462 0.992 0.782 1.282 0.372 0.842 0.892 0.552 0.512 0.622 1.172 1.332 0.722 1.442 1.102 0.402 0.952 0.922 1.042 0.972 0.292 1.272 1.162 0.000 1.362 1.252 0.282 0.402 0.000 1.171 0.000 0.000 0.012 0.000 0.031 0.000 0.000 0.056 0.005 0.009 0.038 0.000 0.001 0.000 0.025 5.085 0.001 5.042 0.000 2.852 2.852 2.852 2.852 2.852 2.852 2.852 2.852 2.852 2.852 2.852 2.852 2.852 2.852 2.852 2.852 2.852 2.852 2.852 2.852 2.852 2.852
1.252 1.382 1.192 0.922 0.662 0.662 0.632 0.942 0.762 0.472 0.000 0.902 1.322 0.013 0.442 1.562 1.252 0.892 0.832 1.002 1.082 1.012 0.292 0.742 0.992 0.612 0.742 0.842 1.382 1.222 0.752 1.312 1.172 0.322 0.005 0.000 0.000 0.112 0.001 0.003 0.000 5.602 0.000 0.176 0.000 0.098 5.518 0.004 0.002 0.002 0.000 5.085 0.003 0.000 0.000 2.852 2.852 2.852 2.852 2.852 2.852 2.852 2.852 2.852 2.852 2.852 2.852 2.852 2.852 2.852 2.852 2.852 2.852 2.852 2.852 2.852 2.852
1.352 1.052 1.292 1.112 0.732 0.652 0.802 1.492 0.392 0.952 0.000 0.832 1.182 0.000 0.392 0.782 0.772 1.362 1.382 0.822 0.762 1.082 0.982 0.642 0.702 0.802 0.752 0.312 1.282 1.252 0.492 1.302 1.212 0.672 1.381 0.000 0.000 0.042 0.000 0.000 0.000 5.602 0.000 0.000 0.000 0.048 0.000 0.000 0.001 5.181 0.000 0.000 0.000 2.852 0.000 2.852 2.852 2.852 2.852 2.852 2.851 2.851 2.852 2.852 2.852 2.852 2.852 2.852 2.852 2.852 2.852 2.852 2.852 2.852 2.852 2.852 2.852
1.412 1.422 1.502 1.352 0.732 0.672 0.832 0.722 0.632 0.622 0.000 0.852 1.162 0.242 1.562 0.742 1.142 0.992 1.162 1.242 0.732 1.742 1.132 1.152 1.052 0.882 0.972 1.052 0.252 1.282 0.942 0.262 1.722 0.112 1.261 0.000 0.101 0.000 0.000 5.547 0.047 0.001 0.000 0.061 0.000 0.000 0.000 0.000 0.001 0.010 0.000 0.000 0.000 2.852 2.852 2.852 2.851 2.851 2.851 2.851 2.851 2.851 2.851 2.851 2.851 2.852 2.852 2.852 2.852 2.852 2.852 2.852 2.852 2.852 2.851 2.851 2.851
1.332 1.362 1.242 1.232 0.692 0.692 0.782 0.782 1.022 1.082 0.242 0.842 1.132 0.142 0.822 0.812 0.732 0.812 1.002 0.712 1.022 0.552 0.942 0.872 0.382 0.812 0.972 0.332 0.882 0.000 0.922 0.452 2.002 0.000 1.601 0.000 0.000 0.081 0.000 0.057 0.057 0.000 0.000 0.000 0.000 0.000 0.000 0.003 0.000 0.007 0.003 0.008 0.000 0.000 2.852 2.852 2.851 2.851 2.851 2.851 2.851 2.851 2.851 2.851 2.851 2.851 2.851 2.851 2.851 2.851 2.851 2.851 2.851 2.851 2.851 2.851 2.851
1.262 1.302 1.182 0.352 0.862 0.722 0.792 0.932 1.222 0.782 1.352 0.942 1.162 0.382 0.292 1.502 0.872 0.642 0.952 0.981 1.151 0.901 0.931 1.151 1.041 0.671 0.991 0.441 0.351 0.371 0.771 0.611 0.511 0.000 0.631 0.000 0.111 0.000 0.000 0.017 0.067 0.067 0.000 0.000 0.001 0.000 0.000 0.002 0.063 0.000 0.000 0.002 2.852 2.852 2.851 2.851 2.851 2.851 2.851 2.851 2.851 2.851 2.851 2.851 2.851 2.851 2.851 2.851 2.851 2.851 2.851 2.851 2.851 2.851 2.851 2.851 2.851
1.192 1.252 1.452 0.312 0.792 0.892 1.002 0.972 1.202 1.072 0.882 1.282 1.262 0.592 0.272 1.071 1.551 0.841 0.731 1.111 0.911 0.611 0.961 1.581 0.861 1.101 0.821 0.871 0.431 0.821 0.691 0.661 0.441 0.000 0.981 0.000 0.000 0.092 0.000 0.000 0.000 0.003 0.001 0.034 0.001 0.000 0.001 0.027 0.000 0.000 0.000 0.000 0.000 0.000 2.851 2.851 2.851 2.851 2.851 2.851 2.851 2.851 2.851 2.851 2.851 2.851 2.851 2.851 2.851 2.851 2.851 2.851 2.851 2.851 2.851 2.851 2.851
0.512 1.172 1.472 0.632 0.802 0.842 0.902 1.182 1.122 0.802 0.602 0.822 1.222 0.772 0.322 0.661 1.591 0.731 0.991 0.961 1.291 0.891 1.211 0.721 0.561 0.701 0.881 0.841 0.611 0.891 0.701 1.281 0.591 1.301 1.261 0.000 0.002 0.052 0.000 0.058 0.000 0.004 0.004 0.000 0.001 0.000 0.000 0.004 0.048 0.005 0.003 0.000 2.851 2.851 2.851 2.851 2.851 2.851 2.851 2.851 2.851 2.851 2.851 2.851 2.851 2.851 2.851 2.851 2.851 2.851 2.851 2.851 2.851 2.850 2.850 2.850 2.850
0.942 0.482 0.642 0.702 0.942 0.902 0.922 1.122 1.172 0.832 1.062 0.782 1.142 1.122 0.522 1.041 0.861 1.691 0.851 0.881 1.541 0.831 1.561 0.821 0.851 0.271 0.891 0.471 1.081 0.411 0.621 0.681 0.006 1.441 0.391 0.000 0.000 0.001 0.000 0.007 0.007 0.000 0.002 0.019 0.005 0.138 0.000 0.000 0.000 0.000 0.003 0.000 0.000 0.000 2.851 2.851 2.851 2.851 2.851 2.850 2.850 2.850 2.851 2.851 2.851 2.851 2.851 2.851 2.851 2.851 2.850 2.850 2.850 2.850 2.850 2.850 2.850
0.282 0.302 0.452 0.582 1.352 1.452 1.252 1.452 0.522 1.082 0.472 0.422 1.292 1.152 1.102 1.101 1.281 1.071 1.421 0.931 0.751 1.131 0.901 0.941 1.311 0.901 0.951 1.811 0.401 0.651 0.871 0.801 0.000 1.011 1.091 0.000 0.000 0.000 0.000 0.000 0.016 0.003 0.002 0.000 0.018 0.088 0.000 0.000 0.006 0.061 0.006 5.025 0.000 2.851 2.851 2.850 2.850 2.850 2.850 2.850 2.850 2.850 2.850 2.850 2.850 2.850 2.850 2.850 2.850 2.850 2.850 2.850 2.850 2.850 2.850 2.850 2.850
1.742 1.492 1.062 1.162 1.262 0.992 0.852 1.152 0.892 1.132 0.452 0.292 0.882 0.862 0.111 1.411 0.941 0.781 1.741 1.341 0.921 1.021 1.141 0.791 1.371 1.481 1.201 1.821 1.521 0.631 0.931 0.000 0.000 1.311 1.071 0.000 0.000 0.031 0.000 0.000 0.000 0.000 0.096 0.000 0.108 0.004 0.007 0.015 0.061 0.000 0.000 0.012 5.022 0.000 2.850 2.850 2.850 2.850 2.850 2.850 2.850 2.850 2.850 2.850 2.850 2.850 2.850 2.850 2.850 2.850 2.850 2.850 2.850 2.850 2.849 2.849 2.849
0.152 1.592 0.292 0.013 0.482 1.752 0.752 0.682 0.702 0.912 0.952 0.222 0.102 0.052 0.141 0.721 0.701 0.601 0.811 1.571 0.851 0.971 1.061 1.071 1.211 1.271 0.731 0.651 0.911 0.791 0.631 0.000 0.000 1.201 1.201 0.000 0.051 0.000 0.003 0.023 0.000 0.002 0.016 0.066 0.001 0.004 0.041 0.000 0.006 0.000 0.000 0.002 0.002 0.000 2.850 2.850 2.850 2.850 2.850 2.850 2.850 2.850 2.850 2.850 2.850 2.850 2.850 2.850 2.850 2.850 2.849 2.849 2.849 2.849 2.849 2.849 2.849
0.182 0.312 0.192 0.532 0.662 0.162 0.922 0.762 0.772 0.922 0.442 0.042 0.000 0.451 0.821 0.931 0.661 0.801 1.471 0.521 1.541 0.961 0.901 1.081 0.861 0.901 0.851 0.911 0.661 0.611 0.821 0.761 1.091 1.231 1.251 0.000 0.000 0.000 0.000 0.000 0.000 0.033 0.000 0.000 0.124 0.001 0.001 0.000 0.012 0.000 0.000 2.849 0.000 2.849 2.850 2.849 2.849 2.849 2.849 2.849 2.849 2.849 2.849 2.849 2.849 2.849 2.849 2.849 2.849 2.849 2.849 2.849 2.849 2.849 2.849 2.849 2.849
0.452 0.972 0.000 0.852 0.682 0.342 1.692 1.192 1.492 0.032 0.521 0.651 0.161 1.591 1.231 0.831 1.171 0.731 1.031 1.181 0.741 1.461 0.981 0.981 1.081 0.821 1.451 1.251 1.011 0.221 0.000 0.701 1.091 0.691 1.341 0.000 0.000 0.000 0.041 0.000 0.000 0.000 0.000 0.000 0.000 0.000 0.000 0.000 0.007 0.005 0.002 2.849 2.849 2.849 0.000 2.849 2.849 2.849 2.849 2.849 2.849 2.849 2.849 2.849 2.849 2.849 2.849 2.849 2.849 2.849 2.849 2.849 2.849 2.849 2.849 2.848 2.848
0.172 0.172 0.812 0.962 0.462 1.322 0.000 0.371 0.471 0.841 0.971 0.981 0.741 1.681 0.431 1.361 0.751 1.581 0.831 0.961 0.751 1.621 0.921 0.941 1.151 0.651 1.071 1.041 1.271 1.081 0.141 0.000 0.501 1.051 0.941 0.000 0.000 0.000 0.000 0.152 0.001 0.000 0.043 0.000 0.062 0.000 0.001 0.000 0.000 0.000 0.000 0.000 0.000 2.849 2.848 2.849 2.849 2.849 2.849 2.849 2.849 2.849 2.849 2.849 2.849 2.849 2.849 2.849 2.849 2.849 2.849 2.848 2.848 2.848 2.848 2.848 2.848
0.942 0.932 0.972 1.022 0.122 0.061 1.130 1.270 0.071 1.591 1.371 0.691 1.461 0.861 0.891 0.641 1.331 0.701 1.411 0.921 0.861 0.631 1.411 0.921 0.921 0.261 0.621 1.251 1.151 0.931 0.201 0.000 0.921 1.221 0.000 0.000 0.000 0.101 0.000 0.000 0.000 0.000 0.001 0.001 0.001 0.000 0.000 0.032 0.000 0.001 0.000 2.848 2.848 2.848 2.848 2.848 2.848 2.848 2.848 2.848 2.848 2.848 2.848 2.848 2.848 2.848 2.848 2.848 2.848 2.848 2.848 2.848 2.848 2.848 2.848 2.848 2.848
0.952 0.942 0.842 0.312 1.451 0.330 1.310 1.170 1.390 0.000 1.571 1.411 0.371 1.221 1.141 1.311 0.751 0.721 0.991 1.121 1.081 0.721 0.871 1.351 1.191 0.761 0.811 1.191 0.841 0.651 1.281 0.000 0.481 0.711 0.000 0.000 0.000 0.000 0.000 0.111 0.001 0.002 0.001 0.034 0.002 0.009 0.138 0.000 0.004 0.003 0.000 0.000 0.000 2.848 2.848 2.848 2.848 2.848 2.848 2.848 2.848 2.848 2.848 2.848 2.848 2.848 2.848 2.848 2.848 2.848 2.848 2.848 2.848 2.848 2.847 2.847 2.847
0.352 0.982 1.082 0.091 0.041 0.600 0.660 0.700 1.480 1.510 0.000 1.271 1.451 0.511 1.211 1.071 1.361 0.871 0.791 0.771 0.611 0.951 1.311 0.501 1.171 0.751 0.681 0.771 0.661 0.501 0.621 0.911 0.891 1.011 0.000 0.000 0.000 0.023 0.123 0.000 0.000 0.000 0.000 0.000 0.000 0.000 0.058 0.000 0.000 0.000 0.000 2.848 2.848 2.848 2.848 2.848 2.848 2.848 2.848 2.848 2.848 2.848 2.848 2.848 2.848 2.848 2.848 2.848 2.848 2.848 2.848 2.848 2.847 2.847 2.847 2.847 2.847
1.141 0.231 0.211 1.560 0.001 0.850 0.770 0.680 0.000 1.650 1.480 0.550 1.591 1.471 0.691 1.621 1.131 0.771 0.821 1.111 0.851 1.491 0.921 1.301 0.951 0.681 0.961 0.511 0.611 0.721 0.471 0.691 1.021 0.631 0.000 0.000 0.000 0.003 0.000 0.000 0.024 0.054 0.000 0.000 0.036 0.000 0.005 0.002 0.001 0.000 2.848 2.848 0.000 2.847 2.847 2.847 2.847 2.847 2.847 2.848 2.848 2.848 2.848 2.848 2.848 2.848 2.848 2.848 2.847 2.847 2.847 2.847 2.847 2.847 2.847 2.847 2.847
0.581 0.311 0.170 0.510 0.000 0.319 1.060 0.799 0.689 0.120 1.370 1.520 0.190 1.531 1.501 0.881 1.491 1.451 1.511 0.591 1.011 0.681 1.441 0.561 1.331 1.001 0.681 0.991 0.551 0.351 0.101 0.871 0.921 0.181 0.000 0.000 0.000 0.001 0.001 0.016 0.000 0.044 0.000 0.000 0.036 0.000 0.000 0.063 0.007 0.002 2.848 0.000 0.000 2.847 2.847 2.847 2.847 2.847 2.847 2.847 2.847 2.847 2.847 2.847 2.847 2.847 2.847 2.847 2.847 2.847 2.847 2.847 2.847 2.847 2.847 2.846 2.846
0.691 1.160 1.200 0.880 1.629 0.959 0.679 0.869 0.949 0.799 0.150 1.660 1.500 0.480 1.411 1.531 1.481 0.271 1.461 1.530 0.600 1.030 1.000 1.580 0.691 1.251 0.681 0.531 0.691 0.441 0.000 1.091 1.061 1.161 0.581 0.000 0.000 0.000 0.000 0.106 0.086 0.003 0.002 0.001 0.005 0.090 0.170 0.004 0.000 5.034 0.000 0.000 2.847 2.847 2.847 2.847 2.847 2.847 2.847 2.847 2.847 2.847 2.847 2.847 2.847 2.847 2.847 2.847 2.847 2.847 2.847 2.847 2.847 2.846 2.846 2.846 2.846
0.780 2.060 0.730 0.000 1.399 0.939 1.319 0.629 1.039 0.899 0.880 0.260 1.560 1.280 0.630 0.780 1.210 1.410 0.290 1.430 1.490 1.050 0.990 1.600 1.590 1.540 0.970 0.821 0.521 0.531 0.000 0.631 0.000 0.621 0.411 0.000 0.000 0.000 0.000 0.076 0.000 0.000 0.004 0.005 0.004 0.000 0.000 0.000 0.052 0.000 5.032 0.000 2.847 2.847 2.847 2.847 2.847 2.847 2.847 2.847 2.847 2.847 2.847 2.847 2.847 2.847 2.847 2.847 2.847 2.847 2.846 2.846 2.846 2.846 2.846 2.846 2.846
0.348 0.000 0.000 0.088 1.239 0.959 1.279 1.229 0.000 1.000 1.010 0.820 0.280 1.410 1.150 0.330 1.230 0.840 1.270 1.000 1.540 1.070 1.110 0.830 1.420 1.140 1.460 0.000 0.640 0.500 0.000 0.781 0.781 1.011 0.791 0.000 0.000 0.101 0.000 0.000 0.052 0.000 0.000 0.095 0.000 0.000 0.002 0.001 0.000 0.061 0.000 0.004 2.847 2.847 2.847 2.847 2.847 2.847 2.847 2.847 2.847 2.847 2.847 2.847 2.847 2.847 2.847 2.847 2.846 2.846 2.846 2.846 2.846 2.846 2.846 2.846 2.845
0.818 1.758 0.527 0.168 1.389 0.719 1.209 1.258 1.218 0.049 1.060 1.000 1.090 0.330 0.229 1.198 0.119 1.280 1.310 0.210 1.390 1.530 0.660 1.040 0.630 1.640 0.640 1.060 0.980 0.021 0.871 0.211 0.861 0.701 0.451 0.000 0.000 0.000 0.000 0.000 0.000 0.002 0.000 0.000 0.000 0.000 0.004 0.020 0.017 0.021 0.031 0.019 0.000 0.000 2.847 2.846 2.846 2.846 2.846 2.846 2.846 2.846 2.846 2.846 2.846 2.846 2.846 2.846 2.846 2.846 2.846 2.846 2.846 2.846 2.845 2.845 2.845
0.788 0.967 1.997 1.137 0.278 1.128 0.000 1.268 1.358 1.158 0.000 0.990 1.020 0.129 1.548 1.488 1.608 0.010 1.450 1.349 0.000 1.450 1.210 0.320 0.850 1.020 0.580 1.500 0.150 0.130 0.381 0.661 0.761 0.871 0.551 0.501 0.000 0.000 0.001 0.000 0.002 0.039 0.039 0.000 0.000 0.065 0.007 0.008 0.076 0.002 0.000 0.023 0.003 2.846 2.846 2.846 2.846 2.846 2.846 2.846 2.846 2.846 2.846 2.846 2.846 2.846 2.846 2.846 2.846 2.846 2.846 2.846 2.845 2.845 2.845 2.845 2.845
0.707 0.357 1.137 1.967 0.878 0.518 0.938 0.408 1.048 1.308 1.318 0.099 0.910 0.000 0.298 1.518 1.368 1.548 0.089 1.319 1.359 0.419 1.350 1.569 0.460 1.030 0.350 0.370 0.330 0.000 0.421 0.611 0.461 0.711 0.831 0.411 0.000 0.000 0.000 0.000 0.000 0.069 0.000 0.046 0.000 0.008 0.010 0.030 0.021 0.015 5.040 5.040 5.040 0.005 0.000 2.846 2.846 2.846 2.846 2.846 2.846 2.846 2.846 2.846 2.846 2.846 2.846 2.846 2.846 2.846 2.845 2.845 2.845 2.845 2.845 2.845 2.845
0.657 0.777 0.997 0.387 2.008 0.948 0.098 0.448 0.898 1.328 1.368 1.347 0.000 0.528 1.398 0.108 1.468 1.078 1.708 1.479 1.029 1.519 0.769 1.319 0.439 0.310 0.430 0.650 0.310 0.000 0.750 0.720 0.680 0.501 0.411 0.401 0.000 0.000 0.000 0.000 0.038 0.008 0.000 0.056 0.041 0.015 0.012 0.042 0.066 0.013 0.004 0.015 0.011 2.846 2.846 2.846 2.846 2.846 2.846 2.846 2.846 2.846 2.846 2.846 2.846 2.845 2.845 2.845 2.845 2.845 2.845 2.845 2.845 2.845 2.845 2.844 2.844
0.847 0.947 0.807 0.847 0.000 2.168 0.118 0.408 0.048 0.998 0.907 1.467 1.367 0.437 1.238 1.138 1.718 1.428 1.368 0.000 1.479 1.019 1.119 1.279 1.429 0.379 0.380 1.050 0.800 0.000 0.710 0.520 0.670 0.731 0.421 0.000 0.030 0.000 0.000 0.000 0.000 0.041 0.118 0.108 0.000 0.000 0.000 0.040 0.000 0.016 0.009 0.055 5.052 0.001 2.846 2.846 2.846 2.846 2.845 2.845 2.845 2.845 2.845 2.845 2.845 2.845 2.845 2.845 2.845 2.845 2.845 2.845 2.845 2.844 2.844 2.844 2.844
0.527 0.586 0.696 0.746 0.826 0.000 2.008 2.328 1.848 0.000 0.937 1.187 1.197 1.247 0.067 1.268 0.398 1.608 1.308 1.398 0.000 1.289 1.489 0.719 1.139 1.379 0.439 1.220 0.840 1.080 0.550 0.570 0.460 0.001 0.000 0.320 0.320 0.000 0.000 0.065 0.095 0.017 0.014 0.018 0.136 0.036 0.090 0.038 0.077 0.022 0.058 0.044 0.019 2.846 2.845 2.845 2.845 2.845 2.845 2.845 2.845 2.845 2.845 2.845 2.845 2.845 2.845 2.845 2.845 2.845 2.845 2.844 2.844 2.844 2.844 2.844 2.844
