includes/lisflood-fp-604/results/res-0006.wd
ncols         631
nrows         906
xllcorner     364927.146667
yllcorner     6531972.565556
cellsize      20.000000
NODATA_value  -9999.000000
[rows 34 to 67 of 906, columns 231 to 307 of 631]
0.619 1.379 0.896 0.820 0.668 1.034 1.585 0.074 1.230 0.998 0.835 1.632 0.953 0.611 0.707 0.705 0.678 0.900 0.375 0.760 0.693 0.200 0.250 0.555 0.906 1.146 1.657 0.819 1.241 1.471 1.402 0.794 0.915 1.256 1.317 1.378 1.378 0.859 0.779 1.360 1.430 1.370 1.470 0.870 1.350 1.011 1.441 1.351 0.931 0.911 1.251 0.752 1.032 8.592 0.862 1.242 1.122 1.982 2.132 0.492 2.162 1.092 2.152 1.332 2.162 2.282 1.712 2.202 1.062 1.322 2.252 2.372 1.772 0.762 0.562 0.552 0.332
0.000 0.878 0.111 1.132 1.085 0.621 0.515 1.364 0.908 1.276 1.044 1.212 1.273 0.985 0.546 0.654 0.989 0.576 0.757 0.790 0.953 0.358 0.160 0.615 0.896 0.687 0.708 1.531 1.421 1.232 1.193 1.444 0.405 1.197 1.317 1.408 1.168 1.399 1.429 1.310 1.420 1.080 1.520 1.420 0.791 1.441 1.341 0.951 1.421 0.911 1.231 0.322 1.252 8.592 0.302 1.462 1.712 0.402 2.092 2.082 0.682 2.042 1.432 2.292 1.412 2.152 2.412 1.882 2.092 1.862 1.382 0.472 0.672 1.072 1.122 1.042 0.042
0.374 0.978 0.524 1.061 1.155 1.080 1.124 1.111 0.980 1.167 0.731 0.596 0.918 0.651 0.503 0.343 0.410 1.055 0.887 0.870 0.843 0.432 0.253 0.555 0.576 0.627 0.709 0.871 1.172 0.883 1.294 1.385 1.465 0.367 1.358 1.408 1.369 1.489 1.499 1.090 1.250 1.430 0.880 1.490 1.641 0.961 1.371 1.011 0.761 1.311 1.461 0.802 0.992 8.592 0.882 1.222 2.042 1.722 0.242 2.102 2.122 1.352 1.912 1.972 2.192 1.852 2.052 2.282 1.832 0.802 1.342 2.212 2.172 0.152 0.252 1.072 1.022
0.799 0.000 0.985 1.187 0.007 0.295 0.608 0.782 0.719 1.152 1.212 0.832 1.242 0.752 0.702 0.009 0.592 0.936 1.017 0.630 0.536 0.417 0.730 0.845 0.567 0.368 0.181 0.443 0.824 1.394 0.695 1.426 1.326 1.417 0.388 1.008 1.379 1.259 1.459 1.420 1.050 1.540 1.440 1.050 1.521 1.361 1.031 1.491 0.931 1.541 1.371 1.152 0.952 8.592 1.152 2.062 0.842 1.972 1.842 0.542 2.052 2.102 1.952 1.052 2.202 1.192 2.262 1.492 2.292 1.982 1.602 0.652 0.502 1.471 1.401 0.861 0.461
2.659 0.480 0.309 0.349 0.350 1.060 0.941 1.015 1.169 0.246 0.568 0.371 1.070 1.100 0.606 0.140 0.061 0.647 1.057 0.839 0.229 0.561 0.550 0.747 0.798 0.440 0.313 0.314 0.775 0.895 1.666 1.066 1.077 1.347 1.408 0.808 1.119 1.479 0.969 1.390 1.500 1.120 1.400 1.400 0.781 1.141 1.531 1.541 1.041 1.521 1.671 2.202 2.612 8.592 1.252 1.512 1.972 0.442 2.112 2.002 0.502 2.072 2.102 2.042 0.792 2.242 1.072 1.402 0.982 2.212 1.732 2.321 2.171 0.691 0.791 1.181 1.371
1.939 0.349 0.225 0.162 0.485 0.428 1.272 0.802 0.413 0.329 1.197 1.216 0.664 0.355 0.920 0.278 0.001 0.567 0.908 0.439 0.103 0.366 0.292 0.660 0.681 0.642 0.374 0.675 0.696 0.836 1.136 1.297 1.057 1.358 1.488 1.498 1.449 1.089 1.620 1.090 1.250 1.470 0.840 1.241 1.281 1.011 1.431 1.561 1.021 1.421 1.191 0.892 8.592 8.592 1.722 0.912 1.052 1.992 0.592 2.062 2.022 0.612 2.022 2.022 1.982 0.832 1.722 0.832 1.872 1.002 2.041 1.131 0.841 1.621 1.531 0.691 0.411
0.476 0.000 0.208 0.547 0.213 0.400 0.724 0.745 0.246 0.427 0.539 1.209 0.839 1.499 0.889 0.798 0.163 0.000 0.000 0.401 0.168 0.437 0.157 0.644 0.914 0.594 0.475 0.246 0.987 0.827 0.997 1.127 0.837 1.358 1.518 1.438 0.839 1.249 1.060 1.430 0.900 1.300 1.411 0.851 1.371 1.221 1.611 1.551 1.551 0.251 1.202 8.592 8.592 0.000 1.382 1.952 1.212 0.802 1.912 0.522 2.032 1.982 0.792 2.122 2.072 1.632 0.812 2.072 0.711 1.931 1.111 1.511 1.611 0.581 0.761 1.361 1.251
0.346 0.721 0.237 0.510 0.824 0.587 1.037 1.249 1.029 0.535 0.761 0.971 1.140 0.421 0.891 0.560 0.438 0.000 0.000 0.000 0.104 0.304 0.352 0.615 1.046 1.066 1.016 0.877 0.777 0.767 1.027 1.087 1.247 0.808 1.258 1.299 1.459 0.970 0.960 1.440 1.240 0.830 1.491 1.301 0.761 1.151 1.251 1.491 1.481 0.541 8.592 8.592 0.702 1.662 0.782 1.882 1.922 1.762 0.782 1.832 0.572 2.132 2.032 0.942 1.421 1.441 1.301 0.671 2.081 0.621 1.891 1.261 1.491 1.831 1.151 0.281 0.791
1.077 1.099 1.053 1.047 0.407 0.676 0.941 0.790 0.350 0.371 0.158 1.065 1.304 1.044 1.304 0.625 0.445 0.164 0.000 0.000 0.000 0.000 0.266 0.826 0.896 1.216 1.157 0.687 0.577 0.717 0.877 0.957 1.178 1.048 0.878 1.529 0.849 1.460 1.330 0.680 1.501 1.351 1.211 0.761 1.471 1.391 1.041 1.331 1.171 8.591 8.591 2.021 1.572 1.582 1.492 0.142 2.012 1.972 1.892 0.652 1.962 0.681 2.091 1.421 0.871 0.891 1.501 1.421 0.411 2.091 0.591 2.231 1.021 0.771 1.001 1.631 0.481
1.105 0.815 0.285 0.676 0.203 0.170 0.249 1.114 0.365 0.436 0.360 0.555 1.296 0.548 1.223 1.223 1.013 0.353 0.000 0.000 0.000 0.000 0.537 0.937 1.047 1.117 1.257 1.007 1.018 0.718 0.578 1.258 1.498 1.318 0.179 1.229 1.300 0.720 1.351 1.211 1.431 1.411 0.601 1.091 1.411 1.511 1.481 1.441 1.971 8.591 2.531 1.092 1.642 1.722 1.422 1.442 0.000 1.962 1.952 1.901 0.821 2.061 1.251 1.531 1.471 0.891 0.761 1.631 1.651 0.471 2.121 0.621 2.171 0.991 1.081 0.091 0.640
0.524 0.471 1.388 1.188 0.100 0.283 0.022 1.247 0.562 0.433 0.379 1.070 1.300 0.934 0.354 0.364 0.144 0.000 0.000 0.000 0.000 0.000 0.003 0.597 1.147 0.947 0.747 1.158 1.068 0.788 0.648 0.648 0.299 0.030 1.869 0.060 1.431 0.771 1.521 1.321 1.411 1.511 0.601 1.491 0.831 1.611 1.401 1.481 8.591 8.591 1.101 1.992 1.842 0.372 1.322 1.532 1.282 0.002 1.881 1.991 2.011 1.111 1.141 0.781 1.611 1.601 1.251 0.601 1.561 1.371 0.311 2.171 0.601 2.211 0.910 1.250 1.720
0.208 0.485 0.371 1.353 0.009 0.083 0.002 0.582 1.208 0.759 0.629 0.053 0.531 1.348 1.295 1.221 1.278 1.077 0.000 0.000 0.000 0.000 0.000 0.257 0.887 0.727 0.767 0.778 1.018 0.989 0.869 0.950 1.060 0.380 0.015 0.023 1.381 1.401 0.881 1.291 0.651 1.451 1.561 1.141 0.591 1.571 1.411 0.661 8.591 0.851 0.692 1.782 1.842 1.932 0.282 1.362 1.242 1.262 0.000 1.961 2.051 0.981 0.731 1.511 0.841 1.581 1.731 1.501 0.361 1.371 1.331 0.371 2.070 0.910 1.420 1.640 0.929
0.618 0.795 0.258 1.230 0.651 0.000 0.025 1.012 1.221 0.341 0.541 0.000 1.352 0.597 0.473 0.539 0.537 0.555 0.530 0.000 0.000 0.000 0.000 0.000 0.497 0.557 0.507 0.398 0.830 0.670 1.600 0.660 0.820 0.501 0.251 0.321 1.291 1.231 0.221 1.291 0.841 1.461 1.501 0.392 0.992 1.471 1.441 1.261 8.591 0.902 1.362 2.022 1.312 1.082 1.772 0.452 1.402 1.212 1.512 0.571 0.891 2.071 1.501 1.321 1.571 0.831 1.651 1.441 1.541 0.381 1.391 1.301 0.840 1.460 0.570 1.280 1.709
1.074 0.420 1.142 0.333 0.703 0.000 0.082 0.381 1.110 0.321 0.511 0.187 0.023 0.628 0.607 1.147 0.586 0.886 0.615 0.106 0.000 0.000 0.000 0.049 0.128 0.298 0.050 0.270 1.721 1.091 0.881 0.861 0.641 0.621 0.962 1.202 0.522 1.312 0.482 1.492 1.342 1.582 1.492 0.872 1.702 0.942 1.492 1.472 8.591 1.222 0.552 2.182 1.192 2.022 1.532 2.042 0.722 1.352 1.292 1.742 0.831 1.631 1.321 1.341 1.611 1.551 0.871 1.771 1.431 1.541 0.591 1.241 1.020 0.620 1.340 1.680 1.219
0.953 0.387 0.449 0.174 1.145 0.616 0.298 0.219 1.176 0.270 0.603 0.602 0.272 1.289 1.269 0.508 0.656 0.556 0.506 0.014 0.195 0.027 0.043 0.158 0.000 0.329 0.440 0.181 0.971 0.941 0.901 1.091 1.192 1.132 1.102 0.692 0.202 1.562 1.012 1.062 1.212 0.772 1.532 1.512 1.032 0.542 1.592 1.512 3.552 8.592 0.892 0.332 2.132 1.672 2.012 1.842 2.022 1.642 1.502 1.231 1.211 0.631 1.361 1.381 1.511 1.941 1.581 1.241 1.441 1.541 1.591 1.060 2.080 1.550 1.740 0.960 1.179
0.553 0.695 0.747 1.210 1.094 1.104 0.098 0.435 1.365 0.286 0.149 0.389 0.469 0.184 1.287 0.783 0.678 1.013 0.973 0.179 0.000 0.000 0.000 0.000 0.000 0.000 0.151 0.392 0.281 0.981 1.111 1.092 1.122 1.082 1.202 0.882 0.602 1.442 1.582 0.792 1.402 0.732 1.432 1.252 1.092 1.542 1.662 1.592 0.352 8.592 8.592 0.762 2.212 1.122 1.462 1.222 1.842 2.012 1.132 1.421 1.321 1.341 0.481 1.481 1.381 1.471 1.731 1.461 1.771 1.431 1.651 1.290 1.050 1.800 1.820 1.400 1.299
0.803 0.534 0.795 0.826 0.000 1.034 0.287 0.096 1.297 0.267 0.477 0.591 0.462 0.292 0.080 0.438 0.657 0.906 0.471 0.960 0.000 0.000 0.000 0.000 0.000 0.000 0.142 0.552 0.652 0.782 0.722 1.002 0.842 1.042 0.782 0.712 1.022 0.942 1.622 0.482 1.642 1.002 1.882 1.542 0.772 1.452 1.392 1.652 1.282 1.472 8.592 8.592 1.172 1.182 1.362 1.262 0.712 1.952 1.051 1.791 0.721 1.321 1.161 0.601 1.341 1.551 1.211 1.261 1.511 1.581 1.450 1.820 2.250 2.370 0.960 0.440 1.159
0.111 1.093 1.073 0.904 0.327 0.584 1.007 0.244 1.290 0.869 0.480 0.263 0.437 0.566 0.000 1.208 1.278 0.818 0.259 1.167 0.000 0.000 0.000 0.000 0.000 0.000 0.000 0.102 0.812 0.602 1.292 1.482 0.672 0.892 1.553 1.173 1.003 0.692 1.592 0.962 1.642 1.582 0.882 1.622 1.892 0.732 1.032 1.232 1.062 1.162 0.392 8.592 8.592 1.012 1.152 1.212 1.382 0.692 2.041 0.601 1.791 0.221 1.351 1.301 0.801 1.081 1.481 1.341 0.811 1.671 1.700 1.080 2.360 2.380 2.230 1.250 0.519
0.032 1.152 1.081 0.000 0.316 0.280 0.408 0.564 1.185 1.185 0.695 0.794 0.179 0.665 0.336 0.348 0.483 0.622 0.326 0.943 0.000 0.000 0.000 0.000 0.000 0.000 0.000 0.001 0.000 0.522 0.462 0.512 1.333 0.953 1.463 1.063 1.073 1.123 1.593 1.313 0.853 1.683 1.373 0.902 1.942 0.942 0.932 1.112 1.182 1.022 1.622 2.262 8.592 2.252 0.592 1.312 1.472 1.352 0.761 2.001 0.481 1.841 0.481 1.161 1.311 0.781 1.411 1.371 1.401 1.021 1.470 1.380 1.330 1.710 1.510 0.759 8.588
0.408 0.000 1.117 1.007 0.977 0.322 0.366 0.111 1.154 1.254 0.442 0.580 0.468 0.270 0.091 0.000 1.217 1.217 0.997 1.116 1.083 0.000 0.000 0.000 0.000 0.000 0.000 0.000 0.000 0.014 0.263 0.403 0.943 0.983 0.843 0.793 1.523 1.453 0.883 1.713 1.143 1.143 1.633 1.053 1.233 1.423 0.913 1.282 1.152 1.182 1.162 0.722 8.592 8.592 0.822 0.842 1.092 1.182 1.381 0.751 2.051 0.671 2.091 0.221 1.051 1.251 0.991 1.051 1.391 1.281 0.960 2.200 1.800 0.210 2.059 8.589 8.589
0.431 0.123 0.984 0.914 0.000 0.447 0.949 0.000 0.553 1.292 0.410 0.894 0.712 0.630 0.129 0.000 1.346 0.620 0.397 0.317 1.079 0.868 0.347 0.000 0.000 0.000 0.000 0.000 0.000 0.000 0.583 0.403 1.023 1.163 1.633 0.533 1.313 1.733 0.983 1.213 1.703 1.033 0.813 1.533 1.363 0.963 1.943 0.783 1.033 1.043 1.102 1.282 0.292 8.592 8.592 0.892 0.362 0.881 1.461 1.331 1.211 1.931 0.541 2.121 0.501 1.261 1.441 1.171 1.091 1.670 1.870 0.470 1.030 8.590 8.589 8.589 0.249
1.245 0.801 0.462 0.745 0.535 1.280 0.173 0.010 0.158 0.865 0.100 0.397 1.238 0.565 0.361 0.000 0.000 0.999 0.775 0.455 0.363 0.996 0.081 0.000 0.000 0.000 0.000 0.000 0.000 0.000 0.373 0.323 0.333 1.833 1.833 0.693 0.913 0.993 1.483 1.363 1.263 1.573 0.823 1.683 1.083 1.583 1.193 1.513 0.583 1.093 1.073 1.173 1.122 1.302 8.592 8.592 0.832 0.971 1.101 1.071 1.351 1.121 2.431 0.591 2.461 0.691 1.421 1.661 1.231 0.310 0.840 8.590 8.590 8.590 3.200 0.241 0.000
0.299 0.000 0.000 0.908 0.389 0.069 0.343 0.000 0.010 1.127 0.372 1.100 0.124 0.776 0.534 0.232 0.000 0.391 0.841 1.419 0.965 0.154 0.066 0.000 0.000 0.000 0.000 0.000 0.000 0.000 0.623 0.473 0.193 1.373 1.743 1.643 0.743 1.113 1.683 1.543 1.643 0.953 1.613 1.083 1.503 1.143 1.113 1.493 1.723 1.113 0.643 1.143 1.073 1.173 0.472 8.591 8.591 3.571 1.071 0.221 1.481 1.091 1.981 1.791 1.781 1.841 1.501 1.691 0.651 2.390 8.590 8.590 3.540 2.390 1.221 2.875 0.118
0.249 0.433 0.831 1.065 0.534 0.000 0.673 0.123 0.027 0.444 0.403 0.603 0.821 0.343 0.508 0.156 0.000 0.000 1.644 0.130 1.452 0.919 1.477 0.656 0.000 0.000 0.000 0.000 0.000 0.000 0.104 0.002 0.344 0.794 1.703 1.813 0.683 1.403 1.443 1.323 0.803 1.633 1.073 1.743 1.303 1.413 1.333 1.453 1.023 1.373 1.553 0.683 1.123 1.173 1.063 1.313 0.302 8.592 8.591 1.521 0.551 0.111 1.171 1.221 1.271 0.331 0.861 0.591 8.591 8.590 8.590 0.181 0.294 0.524 0.000 1.647 2.418
1.130 0.208 0.498 0.000 0.679 0.000 0.473 0.029 0.000 0.567 0.957 0.337 0.386 1.052 0.241 0.481 0.000 0.000 0.867 1.061 1.271 1.278 1.417 1.485 0.000 0.000 0.151 0.000 0.000 0.000 0.054 0.000 0.504 0.844 1.794 1.784 0.454 1.224 1.194 0.854 1.564 1.344 1.554 1.244 1.404 1.054 1.304 1.473 1.453 0.823 1.373 1.423 0.743 0.874 1.294 1.244 1.304 0.253 8.591 8.591 8.591 0.491 0.971 0.811 0.211 0.361 1.701 8.591 8.591 0.631 0.084 0.047 0.328 0.548 0.769 0.569 1.439
0.423 0.085 0.636 0.796 1.036 0.492 0.000 0.154 0.607 0.818 0.448 0.777 0.817 1.020 0.305 0.178 0.000 0.000 0.114 1.380 0.000 1.507 0.000 1.403 1.442 0.000 0.007 0.000 0.000 0.000 0.314 0.484 0.464 0.734 1.844 1.724 0.654 0.834 1.324 1.484 1.574 1.884 1.394 1.404 1.174 1.044 1.474 1.144 1.214 1.474 1.064 1.334 0.264 1.034 1.044 1.254 1.004 0.254 0.026 0.402 3.281 8.591 8.591 2.951 2.881 8.591 8.591 8.591 0.183 0.096 1.599 1.699 1.579 1.039 1.039 1.559 1.369
0.808 0.000 0.384 0.163 0.019 0.637 0.297 0.456 0.075 0.643 0.333 0.743 0.743 0.393 0.000 0.278 0.068 0.000 0.000 0.989 1.157 1.346 1.423 1.362 1.441 1.340 0.003 0.007 0.165 0.315 0.124 0.434 0.554 0.624 1.034 1.844 1.784 0.814 1.364 1.224 1.744 1.364 1.174 1.204 1.044 1.424 1.284 1.004 1.514 1.054 1.434 0.644 0.905 1.135 1.115 1.395 1.285 1.176 0.836 1.216 0.835 0.000 0.472 8.591 8.591 8.591 0.562 0.000 1.549 1.619 1.649 1.839 1.069 0.939 1.690 1.000 2.050
0.240 0.000 0.462 0.215 0.431 0.402 0.000 0.494 0.242 0.567 0.407 0.767 0.788 0.388 0.000 0.000 0.000 0.000 0.000 0.000 0.657 0.084 1.501 0.000 1.479 1.289 0.000 0.000 0.000 0.000 0.000 0.006 0.334 0.404 0.054 1.614 1.734 0.714 0.624 1.214 1.314 1.204 1.694 1.124 1.084 1.514 0.834 1.374 1.034 1.494 0.984 1.205 1.185 1.065 1.185 0.866 0.806 1.827 1.317 1.587 1.146 1.096 1.216 1.185 1.045 1.126 1.297 1.378 2.159 1.499 1.689 1.399 1.849 2.000 1.840 0.940 2.380
0.893 0.447 0.045 1.329 0.499 0.640 1.180 1.590 0.239 0.429 0.261 0.772 0.722 0.252 0.000 1.064 0.003 0.000 0.000 0.000 0.000 1.620 1.330 1.258 1.428 1.418 0.000 0.000 0.000 0.002 0.000 0.000 0.000 0.000 0.094 1.644 1.824 0.744 0.634 1.264 1.194 0.834 1.544 1.164 1.724 0.984 1.034 0.874 1.604 1.064 0.765 1.275 1.275 1.265 0.566 0.967 1.297 1.407 1.757 1.707 1.707 1.087 1.347 1.337 1.317 1.247 1.818 1.658 1.779 1.679 1.779 1.149 1.820 1.870 1.580 1.290 2.420
0.015 1.120 1.171 0.283 0.858 0.929 1.299 1.160 0.344 0.382 0.234 0.666 0.756 0.235 1.284 1.314 0.000 0.000 0.000 0.000 0.000 0.000 0.000 1.395 0.000 1.444 0.903 0.000 0.000 0.006 0.000 0.000 0.000 0.000 0.000 1.224 1.804 1.704 1.524 0.584 1.084 1.154 1.164 1.534 1.484 1.024 0.824 1.654 1.644 0.355 1.165 1.285 1.255 0.346 0.987 1.427 1.867 2.097 0.397 0.187 1.507 1.487 1.957 1.367 1.767 1.528 1.858 1.318 0.929 1.499 1.659 1.019 1.760 1.950 1.140 1.570 2.160
0.212 0.000 0.378 0.341 0.575 0.348 1.349 0.610 0.371 0.227 0.289 0.790 0.780 0.290 0.170 0.000 0.000 0.000 0.000 0.000 0.000 0.000 1.642 1.253 1.441 1.252 1.411 0.000 0.000 0.000 0.000 0.000 0.000 0.000 0.000 0.254 1.524 1.674 0.904 0.944 0.864 1.284 1.004 1.424 0.814 1.424 1.654 1.564 0.355 1.156 1.136 1.176 0.576 1.098 1.058 1.458 1.888 1.918 1.948 0.578 1.158 1.668 1.727 1.558 1.318 1.868 0.908 2.259 1.679 0.909 1.639 1.619 1.909 1.310 0.760 1.460 2.120
0.412 0.000 1.289 0.770 0.562 0.000 0.247 0.225 0.579 0.182 0.325 0.666 0.786 0.536 0.676 0.736 0.266 0.000 0.000 0.000 0.000 0.000 1.082 0.018 1.409 0.000 1.460 0.909 0.000 0.000 0.000 0.000 0.000 0.000 0.000 0.214 1.644 1.714 1.764 0.484 0.544 1.444 1.164 1.804 1.204 1.534 1.674 0.515 1.035 1.146 1.256 0.836 0.697 1.108 1.198 0.838 0.718 1.908 2.008 1.888 2.008 0.858 0.908 1.708 1.098 1.708 1.369 1.919 1.329 0.899 1.799 1.789 1.380 1.690 0.690 1.820 1.810
0.316 0.366 0.078 0.038 0.056 0.341 0.227 0.000 1.409 0.539 0.540 0.553 0.793 0.513 0.000 0.000 0.000 0.000 0.003 0.000 0.000 0.000 0.619 1.636 1.396 1.356 1.208 1.408 0.038 0.000 0.000 0.000 0.000 0.000 0.004 0.174 1.074 1.604 1.704 1.645 0.144 1.384 1.505 1.075 1.295 1.415 1.005 1.165 1.305 1.236 1.146 0.727 1.218 1.168 1.488 1.278 0.998 0.318 1.938 1.988 2.038 2.048 1.118 0.728 1.818 1.658 1.799 1.509 1.669 0.939 1.179 1.710 1.600 2.040 0.760 1.730 2.360
0.329 0.063 0.947 1.158 0.040 1.402 0.681 0.571 0.159 0.527 1.708 0.369 0.710 1.220 0.789 0.499 0.388 0.000 0.039 0.000 0.000 0.000 0.000 0.799 0.000 1.239 0.000 1.378 0.328 0.000 0.000 0.000 0.000 0.382 0.016 0.028 0.215 1.365 1.655 1.715 0.000 0.275 1.525 1.425 1.275 0.765 0.525 1.385 1.135 1.276 0.327 1.158 1.228 1.498 1.188 1.278 1.238 1.158 0.878 0.838 2.028 2.008 2.039 1.869 0.559 0.609 1.689 1.239 1.379 1.349 1.009 1.840 1.770 2.060 0.910 1.750 1.870
