includes/lisflood-fp-604/results/res-0009.wdfp
ncols         631
nrows         906
xllcorner     364927.146667
yllcorner     6531972.565556
cellsize      20.000000
NODATA_value  -9999.000000
[rows 34 to 67 of 906, columns 462 to 538 of 631]
3.839 3.838 3.837 3.837 3.836 3.835 3.834 3.833 3.833 3.832 3.831 3.831 3.830 3.829 3.829 3.828 3.827 3.827 3.826 3.825 3.825 3.824 3.823 3.823 3.822 3.821 3.821 3.820 3.820 3.819 3.818 3.818 3.817 3.817 3.816 3.816 3.815 3.815 3.815 3.814 3.813 3.813 3.812 3.812 3.811 3.811 3.810 3.810 3.809 3.809 3.808 3.808 3.807 3.807 3.806 3.806 3.805 3.805 3.805 3.804 3.804 3.804 3.803 3.803 3.803 3.803 3.802 3.802 3.802 3.802 3.801 3.801 3.801 3.801 3.801 3.800 3.800
3.839 3.838 3.837 3.837 3.836 3.835 3.834 3.833 3.833 3.832 3.831 3.831 3.830 3.829 3.829 3.828 3.827 3.827 3.826 3.825 3.825 3.824 3.823 3.823 3.822 3.821 3.821 3.820 3.820 3.819 3.818 3.818 3.817 3.817 3.816 3.816 3.816 3.815 3.815 3.814 3.813 3.813 3.812 3.812 3.811 3.811 3.810 3.810 3.809 3.809 3.808 3.808 3.807 3.807 3.806 3.806 3.806 3.805 3.805 3.804 3.804 3.804 3.803 3.803 3.803 3.803 3.802 3.802 3.802 3.802 3.801 3.801 3.801 3.801 3.801 3.801 3.800
3.839 3.838 3.837 3.837 3.836 3.835 3.834 3.833 3.833 3.832 3.831 3.831 3.830 3.829 3.829 3.828 3.827 3.827 3.826 3.825 3.825 3.824 3.823 3.823 3.822 3.821 3.821 3.820 3.820 3.819 3.819 3.818 3.818 3.817 3.817 3.816 3.816 3.815 3.815 3.814 3.814 3.813 3.813 3.812 3.811 3.811 3.810 3.810 3.809 3.809 3.808 3.808 3.807 3.807 3.807 3.806 3.806 3.805 3.805 3.805 3.804 3.804 3.804 3.803 3.803 3.803 3.802 3.802 3.802 3.802 3.802 3.801 3.801 3.801 3.801 3.801 3.801
3.839 3.838 3.837 3.837 3.836 3.835 3.834 3.833 3.833 3.832 3.831 3.830 3.830 3.829 3.829 3.828 3.827 3.827 3.826 3.825 3.825 3.824 3.823 3.823 3.822 3.821 3.821 3.820 3.820 3.819 3.819 3.818 3.818 3.817 3.817 3.816 3.816 3.815 3.815 3.814 3.814 3.813 3.813 3.812 3.812 3.811 3.811 3.810 3.810 3.809 3.809 3.808 3.808 3.807 3.807 3.806 3.806 3.805 3.805 3.805 3.804 3.804 3.804 3.803 3.803 3.803 3.803 3.802 3.802 3.802 3.802 3.802 3.801 3.801 3.801 3.801 3.801
3.839 3.838 3.838 3.837 3.836 3.835 3.834 3.833 3.833 3.832 3.831 3.830 3.830 3.829 3.829 3.828 3.827 3.827 3.826 3.825 3.825 3.824 3.823 3.823 3.822 3.822 3.821 3.820 3.820 3.819 3.819 3.818 3.818 3.817 3.817 3.816 3.816 3.815 3.815 3.814 3.814 3.813 3.813 3.812 3.812 3.811 3.811 3.810 3.810 3.809 3.809 3.808 3.808 3.807 3.807 3.807 3.806 3.806 3.805 3.805 3.805 3.804 3.804 3.804 3.803 3.803 3.803 3.803 3.802 3.802 3.802 3.802 3.802 3.801 3.801 3.801 3.801
3.839 3.838 3.838 3.837 3.836 3.835 3.834 3.833 3.833 3.832 3.831 3.831 3.830 3.829 3.829 3.828 3.827 3.827 3.826 3.825 3.825 3.824 3.823 3.823 3.822 3.822 3.821 3.820 3.820 3.819 3.819 3.818 3.818 3.817 3.817 3.816 3.816 3.815 3.815 3.814 3.814 3.813 3.813 3.812 3.812 3.811 3.811 3.810 3.810 3.809 3.809 3.808 3.808 3.808 3.807 3.807 3.806 3.806 3.805 3.805 3.805 3.804 3.804 3.804 3.803 3.803 3.803 3.803 3.802 3.802 3.802 3.802 3.802 3.802 3.801 3.801 3.801
3.839 3.838 3.838 3.837 3.836 3.835 3.834 3.833 3.833 3.832 3.831 3.831 3.830 3.829 3.828 3.828 3.827 3.826 3.826 3.825 3.825 3.824 3.823 3.823 3.822 3.822 3.821 3.821 3.820 3.819 3.819 3.818 3.818 3.818 3.817 3.817 3.816 3.816 3.815 3.815 3.814 3.813 3.813 3.813 3.812 3.812 3.811 3.811 3.810 3.809 3.809 3.808 3.808 3.808 3.807 3.807 3.806 3.806 3.806 3.805 3.805 3.805 3.804 3.804 3.804 3.803 3.803 3.803 3.803 3.802 3.802 3.802 3.802 3.802 3.802 3.802 3.801
3.839 3.838 3.838 3.837 3.836 3.835 3.834 3.833 3.833 3.832 3.831 3.831 3.830 3.829 3.828 3.828 3.827 3.826 3.826 3.825 3.825 3.824 3.823 3.823 3.822 3.822 3.821 3.821 3.820 3.820 3.819 3.819 3.818 3.818 3.817 3.817 3.816 3.816 3.815 3.815 3.814 3.814 3.813 3.813 3.812 3.812 3.811 3.811 3.810 3.810 3.809 3.809 3.808 3.808 3.807 3.807 3.807 3.806 3.806 3.806 3.805 3.805 3.804 3.804 3.804 3.804 3.803 3.803 3.803 3.803 3.802 3.802 3.802 3.802 3.802 3.802 3.802
3.839 3.838 3.838 3.837 3.836 3.835 3.834 3.833 3.833 3.832 3.831 3.831 3.830 3.829 3.828 3.828 3.827 3.826 3.826 3.825 3.825 3.824 3.823 3.823 3.822 3.822 3.821 3.821 3.820 3.820 3.819 3.819 3.818 3.818 3.817 3.817 3.816 3.816 3.815 3.815 3.814 3.814 3.813 3.813 3.812 3.812 3.811 3.811 3.810 3.810 3.809 3.809 3.808 3.808 3.808 3.807 3.807 3.807 3.806 3.806 3.805 3.805 3.805 3.804 3.804 3.804 3.803 3.803 3.803 3.803 3.803 3.802 3.802 3.802 3.802 3.802 3.802
3.839 3.839 3.838 3.837 3.836 3.835 3.834 3.833 3.833 3.832 3.831 3.830 3.830 3.829 3.828 3.828 3.827 3.826 3.826 3.825 3.825 3.824 3.823 3.823 3.822 3.822 3.821 3.821 3.820 3.820 3.819 3.819 3.818 3.818 3.817 3.817 3.816 3.816 3.815 3.815 3.814 3.814 3.813 3.813 3.812 3.812 3.811 3.811 3.810 3.810 3.809 3.809 3.809 3.808 3.808 3.807 3.807 3.807 3.806 3.806 3.806 3.805 3.805 3.805 3.804 3.804 3.804 3.803 3.803 3.803 3.803 3.803 3.803 3.802 3.802 3.802 3.802
3.839 3.839 3.838 3.837 3.836 3.835 3.834 3.833 3.833 3.832 3.831 3.830 3.830 3.829 3.828 3.828 3.827 3.827 3.826 3.825 3.825 3.824 3.823 3.823 3.822 3.822 3.821 3.821 3.820 3.820 3.819 3.819 3.818 3.818 3.817 3.817 3.816 3.816 3.815 3.815 3.814 3.814 3.813 3.813 3.812 3.812 3.811 3.811 3.811 3.810 3.810 3.809 3.809 3.808 3.808 3.808 3.807 3.807 3.807 3.806 3.806 3.805 3.805 3.805 3.804 3.804 3.804 3.804 3.803 3.803 3.803 3.803 3.803 3.803 3.803 3.803 3.802
3.839 3.839 3.838 3.837 3.836 3.835 3.834 3.833 3.833 3.832 3.831 3.830 3.830 3.829 3.828 3.828 3.827 3.827 3.826 3.825 3.825 3.824 3.823 3.823 3.822 3.822 3.821 3.821 3.820 3.820 3.819 3.819 3.818 3.818 3.817 3.817 3.816 3.816 3.815 3.815 3.814 3.814 3.814 3.813 3.813 3.812 3.812 3.811 3.811 3.810 3.810 3.809 3.809 3.809 3.808 3.808 3.808 3.807 3.807 3.806 3.806 3.806 3.805 3.805 3.805 3.804 3.804 3.804 3.804 3.804 3.803 3.803 3.803 3.803 3.803 3.803 3.803
3.839 3.839 3.838 3.837 3.836 3.835 3.834 3.833 3.833 3.832 3.831 3.830 3.830 3.829 3.829 3.828 3.827 3.827 3.826 3.825 3.825 3.824 3.823 3.823 3.822 3.822 3.821 3.821 3.820 3.820 3.819 3.819 3.818 3.818 3.817 3.817 3.816 3.816 3.815 3.815 3.815 3.814 3.814 3.813 3.813 3.812 3.812 3.811 3.811 3.810 3.810 3.810 3.809 3.809 3.809 3.808 3.808 3.807 3.807 3.807 3.806 3.806 3.806 3.805 3.805 3.805 3.804 3.804 3.804 3.804 3.804 3.804 3.803 3.803 3.803 3.803 3.803
3.840 3.839 3.838 3.837 3.836 3.835 3.834 3.833 3.833 3.832 3.831 3.831 3.830 3.829 3.829 3.828 3.827 3.827 3.826 3.825 3.825 3.824 3.824 3.823 3.822 3.822 3.821 3.821 3.820 3.820 3.820 3.819 3.818 3.818 3.817 3.817 3.817 3.816 3.816 3.815 3.815 3.814 3.814 3.813 3.813 3.813 3.812 3.812 3.811 3.811 3.810 3.810 3.810 3.809 3.809 3.808 3.808 3.808 3.807 3.807 3.807 3.806 3.806 3.806 3.805 3.805 3.805 3.804 3.804 3.804 3.804 3.804 3.804 3.804 3.804 3.803 3.803
3.840 3.839 3.838 3.837 3.836 3.835 3.834 3.833 3.833 3.832 3.831 3.831 3.830 3.829 3.829 3.828 3.827 3.827 3.826 3.825 3.825 3.824 3.824 3.823 3.823 3.822 3.822 3.821 3.821 3.820 3.820 3.819 3.819 3.818 3.818 3.817 3.817 3.816 3.816 3.815 3.815 3.814 3.814 3.814 3.813 3.813 3.812 3.812 3.811 3.811 3.811 3.810 3.810 3.809 3.809 3.809 3.808 3.808 3.808 3.807 3.807 3.807 3.806 3.806 3.806 3.805 3.805 3.805 3.805 3.804 3.804 3.804 3.804 3.804 3.804 3.804 3.804
3.840 3.839 3.838 3.837 3.836 3.835 3.834 3.834 3.833 3.832 3.831 3.831 3.830 3.829 3.829 3.828 3.827 3.827 3.826 3.826 3.825 3.824 3.824 3.823 3.823 3.822 3.822 3.821 3.821 3.820 3.820 3.819 3.819 3.818 3.818 3.817 3.817 3.816 3.816 3.815 3.815 3.815 3.814 3.814 3.813 3.813 3.812 3.812 3.812 3.811 3.811 3.810 3.810 3.810 3.809 3.809 3.809 3.808 3.808 3.808 3.807 3.807 3.807 3.806 3.806 3.806 3.805 3.805 3.805 3.805 3.805 3.804 3.804 3.804 3.804 3.804 3.804
3.840 3.839 3.838 3.837 3.836 3.835 3.834 3.834 3.833 3.832 3.831 3.831 3.830 3.829 3.829 3.828 3.827 3.827 3.826 3.826 3.825 3.824 3.824 3.823 3.823 3.822 3.822 3.821 3.821 3.820 3.820 3.819 3.819 3.818 3.818 3.817 3.817 3.816 3.816 3.816 3.815 3.815 3.814 3.814 3.813 3.813 3.813 3.812 3.812 3.811 3.811 3.811 3.810 3.810 3.810 3.809 3.809 3.809 3.808 3.808 3.808 3.807 3.807 3.806 3.806 3.806 3.806 3.805 3.805 3.805 3.805 3.805 3.805 3.804 3.804 3.804 3.804
3.840 3.839 3.838 3.837 3.836 3.835 3.834 3.834 3.833 3.832 3.831 3.831 3.830 3.829 3.829 3.828 3.827 3.827 3.826 3.826 3.825 3.825 3.824 3.823 3.823 3.822 3.822 3.821 3.821 3.820 3.820 3.819 3.819 3.818 3.818 3.817 3.817 3.817 3.816 3.816 3.815 3.815 3.814 3.814 3.814 3.813 3.813 3.812 3.812 3.811 3.811 3.811 3.810 3.810 3.810 3.809 3.809 3.809 3.809 3.808 3.808 3.807 3.807 3.807 3.806 3.806 3.806 3.806 3.805 3.805 3.805 3.805 3.805 3.805 3.805 3.805 3.804
3.840 3.839 3.838 3.837 3.836 3.835 3.834 3.834 3.833 3.832 3.832 3.831 3.830 3.830 3.829 3.828 3.827 3.827 3.826 3.826 3.825 3.825 3.824 3.824 3.823 3.822 3.822 3.821 3.821 3.820 3.820 3.819 3.819 3.818 3.818 3.817 3.817 3.817 3.816 3.816 3.815 3.815 3.815 3.814 3.814 3.813 3.813 3.813 3.812 3.812 3.811 3.811 3.811 3.810 3.810 3.810 3.809 3.809 3.809 3.808 3.808 3.808 3.807 3.807 3.807 3.806 3.806 3.806 3.806 3.805 3.805 3.805 3.805 3.805 3.805 3.805 3.805
3.840 3.839 3.838 3.837 3.836 3.835 3.834 3.834 3.833 3.832 3.832 3.831 3.830 3.830 3.829 3.828 3.828 3.827 3.826 3.826 3.825 3.825 3.824 3.824 3.823 3.823 3.822 3.822 3.821 3.820 3.820 3.819 3.819 3.819 3.818 3.818 3.817 3.817 3.816 3.816 3.816 3.815 3.815 3.814 3.814 3.814 3.813 3.813 3.812 3.812 3.811 3.811 3.811 3.810 3.810 3.810 3.810 3.809 3.809 3.809 3.808 3.808 3.808 3.807 3.807 3.807 3.806 3.806 3.806 3.806 3.806 3.805 3.805 3.805 3.805 3.805 3.805
3.839 3.839 3.838 3.837 3.836 3.835 3.835 3.834 3.833 3.832 3.832 3.831 3.830 3.830 3.829 3.828 3.828 3.827 3.826 3.826 3.825 3.825 3.824 3.824 3.823 3.823 3.822 3.822 3.821 3.820 3.820 3.820 3.819 3.819 3.818 3.818 3.817 3.817 3.817 3.816 3.816 3.815 3.815 3.815 3.814 3.814 3.813 3.813 3.812 3.812 3.812 3.811 3.811 3.811 3.810 3.810 3.810 3.810 3.809 3.809 3.809 3.808 3.808 3.807 3.807 3.807 3.807 3.806 3.806 3.806 3.806 3.806 3.806 3.805 3.805 3.805 3.805
3.839 3.839 3.838 3.837 3.836 3.835 3.835 3.834 3.833 3.832 3.832 3.831 3.830 3.830 3.829 3.828 3.828 3.827 3.827 3.826 3.825 3.825 3.824 3.824 3.823 3.823 3.822 3.822 3.821 3.821 3.820 3.820 3.819 3.819 3.818 3.818 3.817 3.817 3.817 3.816 3.816 3.816 3.815 3.815 3.814 3.814 3.813 3.813 3.813 3.812 3.812 3.811 3.811 3.811 3.811 3.810 3.810 3.810 3.809 3.809 3.809 3.808 3.808 3.808 3.807 3.807 3.807 3.807 3.806 3.806 3.806 3.806 3.806 3.806 3.805 3.805 3.805
3.839 3.839 3.838 3.837 3.836 3.835 3.835 3.834 3.833 3.833 3.832 3.831 3.831 3.830 3.829 3.829 3.828 3.827 3.827 3.826 3.826 3.825 3.825 3.824 3.823 3.823 3.822 3.822 3.821 3.821 3.820 3.820 3.819 3.819 3.819 3.818 3.818 3.817 3.817 3.816 3.816 3.816 3.815 3.815 3.815 3.814 3.814 3.813 3.813 3.812 3.812 3.812 3.811 3.811 3.811 3.810 3.810 3.810 3.810 3.809 3.809 3.809 3.808 3.808 3.808 3.807 3.807 3.807 3.807 3.806 3.806 3.806 3.806 3.806 3.806 3.805 3.805
3.839 3.839 3.838 3.837 3.836 3.835 3.835 3.834 3.833 3.833 3.832 3.831 3.831 3.830 3.829 3.829 3.828 3.827 3.827 3.826 3.826 3.825 3.825 3.824 3.824 3.823 3.822 3.822 3.821 3.821 3.820 3.820 3.820 3.819 3.819 3.818 3.818 3.817 3.817 3.817 3.816 3.816 3.816 3.815 3.815 3.814 3.814 3.813 3.813 3.813 3.812 3.812 3.812 3.811 3.811 3.811 3.810 3.810 3.810 3.809 3.809 3.809 3.808 3.808 3.808 3.808 3.807 3.807 3.807 3.807 3.806 3.806 3.806 3.806 3.806 3.806 3.805
3.839 3.839 3.838 3.837 3.836 3.836 3.835 3.834 3.833 3.833 3.832 3.831 3.831 3.830 3.829 3.829 3.828 3.828 3.827 3.827 3.826 3.825 3.825 3.824 3.824 3.823 3.823 3.822 3.821 3.821 3.820 3.820 3.820 3.819 3.819 3.818 3.818 3.818 3.817 3.817 3.817 3.816 3.816 3.815 3.815 3.814 3.814 3.814 3.813 3.813 3.812 3.812 3.812 3.811 3.811 3.811 3.810 3.810 3.810 3.810 3.809 3.809 3.809 3.808 3.808 3.808 3.807 3.807 3.807 3.807 3.807 3.806 3.806 3.806 3.806 3.806 3.806
3.839 3.839 3.838 3.837 3.836 3.836 3.835 3.834 3.833 3.833 3.832 3.831 3.831 3.830 3.830 3.829 3.828 3.828 3.827 3.827 3.826 3.825 3.825 3.824 3.824 3.823 3.823 3.822 3.822 3.821 3.821 3.820 3.820 3.819 3.819 3.819 3.818 3.818 3.818 3.817 3.817 3.816 3.816 3.816 3.815 3.815 3.814 3.814 3.813 3.813 3.813 3.812 3.812 3.812 3.811 3.811 3.811 3.810 3.810 3.810 3.809 3.809 3.809 3.809 3.808 3.808 3.808 3.807 3.807 3.807 3.807 3.806 3.806 3.806 3.806 3.806 3.806
3.839 3.839 3.838 3.837 3.836 3.836 3.835 3.834 3.833 3.833 3.832 3.832 3.831 3.830 3.830 3.829 3.829 3.828 3.827 3.827 3.826 3.826 3.825 3.824 3.824 3.823 3.823 3.822 3.822 3.821 3.821 3.820 3.820 3.820 3.819 3.819 3.818 3.818 3.818 3.817 3.817 3.817 3.816 3.816 3.815 3.815 3.814 3.814 3.813 3.813 3.813 3.812 3.812 3.812 3.811 3.811 3.811 3.810 3.810 3.810 3.810 3.809 3.809 3.809 3.808 3.808 3.808 3.808 3.807 3.807 3.807 3.807 3.806 3.806 3.806 3.806 3.806
3.839 3.839 3.838 3.837 3.836 3.836 3.835 3.834 3.834 3.833 3.832 3.832 3.831 3.831 3.830 3.829 3.829 3.828 3.828 3.827 3.826 3.826 3.825 3.825 3.824 3.823 3.823 3.822 3.822 3.821 3.821 3.821 3.820 3.820 3.819 3.819 3.819 3.818 3.818 3.818 3.817 3.817 3.816 3.816 3.816 3.815 3.815 3.814 3.814 3.813 3.813 3.813 3.812 3.812 3.812 3.811 3.811 3.811 3.810 3.810 3.810 3.809 3.809 3.809 3.809 3.808 3.808 3.808 3.807 3.807 3.807 3.807 3.807 3.806 3.806 3.806 3.806
3.839 3.839 3.838 3.837 3.836 3.836 3.835 3.834 3.834 3.833 3.832 3.832 3.831 3.831 3.830 3.829 3.829 3.828 3.828 3.827 3.827 3.826 3.825 3.825 3.824 3.824 3.823 3.823 3.822 3.822 3.821 3.821 3.820 3.820 3.820 3.819 3.819 3.819 3.818 3.818 3.817 3.817 3.817 3.816 3.816 3.815 3.815 3.814 3.814 3.814 3.813 3.813 3.812 3.812 3.812 3.811 3.811 3.811 3.810 3.810 3.810 3.810 3.809 3.809 3.809 3.808 3.808 3.808 3.808 3.807 3.807 3.807 3.807 3.807 3.806 3.806 3.806
3.839 3.839 3.838 3.837 3.836 3.836 3.835 3.834 3.834 3.833 3.833 3.832 3.831 3.831 3.830 3.830 3.829 3.828 3.828 3.827 3.827 3.826 3.826 3.825 3.824 3.824 3.823 3.823 3.822 3.822 3.821 3.821 3.821 3.820 3.820 3.819 3.819 3.819 3.818 3.818 3.818 3.817 3.817 3.816 3.816 3.816 3.815 3.815 3.814 3.814 3.813 3.813 3.813 3.812 3.812 3.812 3.811 3.811 3.811 3.810 3.810 3.810 3.809 3.809 3.809 3.808 3.808 3.808 3.808 3.807 3.807 3.807 3.807 3.807 3.806 3.806 3.806
3.839 3.839 3.838 3.837 3.836 3.836 3.835 3.834 3.834 3.833 3.833 3.832 3.831 3.831 3.830 3.830 3.829 3.829 3.828 3.827 3.827 3.826 3.826 3.825 3.825 3.824 3.823 3.823 3.822 3.822 3.822 3.821 3.821 3.820 3.820 3.820 3.819 3.819 3.819 3.818 3.818 3.817 3.817 3.817 3.816 3.816 3.815 3.815 3.814 3.814 3.814 3.813 3.813 3.812 3.812 3.812 3.811 3.811 3.811 3.810 3.810 3.810 3.809 3.809 3.809 3.808 3.808 3.808 3.808 3.808 3.807 3.807 3.807 3.807 3.806 3.806 3.806
3.839 3.839 3.838 3.837 3.836 3.836 3.835 3.834 3.834 3.833 3.833 3.832 3.831 3.831 3.830 3.830 3.829 3.829 3.828 3.828 3.827 3.826 3.826 3.825 3.825 3.824 3.824 3.823 3.823 3.822 3.822 3.821 3.821 3.821 3.820 3.820 3.819 3.819 3.819 3.818 3.818 3.818 3.817 3.817 3.816 3.816 3.815 3.815 3.815 3.814 3.814 3.813 3.813 3.813 3.812 3.812 3.812 3.811 3.811 3.811 3.810 3.810 3.810 3.809 3.809 3.809 3.808 3.808 3.808 3.808 3.807 3.807 3.807 3.807 3.807 3.806 3.806
3.839 3.839 3.838 3.837 3.836 3.836 3.835 3.835 3.834 3.833 3.833 3.832 3.832 3.831 3.830 3.830 3.829 3.829 3.828 3.828 3.827 3.826 3.826 3.825 3.825 3.824 3.824 3.823 3.823 3.822 3.822 3.821 3.821 3.821 3.820 3.820 3.820 3.819 3.819 3.819 3.818 3.818 3.817 3.817 3.817 3.816 3.816 3.815 3.815 3.814 3.814 3.814 3.813 3.813 3.812 3.812 3.812 3.811 3.811 3.811 3.810 3.810 3.810 3.809 3.809 3.809 3.808 3.808 3.808 3.808 3.808 3.807 3.807 3.807 3.807 3.806 3.806
3.839 3.839 3.838 3.837 3.837 3.836 3.835 3.835 3.834 3.833 3.833 3.832 3.832 3.831 3.830 3.830 3.829 3.829 3.828 3.828 3.827 3.827 3.826 3.826 3.825 3.824 3.824 3.823 3.823 3.822 3.822 3.822 3.821 3.821 3.821 3.820 3.820 3.819 3.819 3.819 3.818 3.818 3.818 3.817 3.817 3.816 3.816 3.815 3.815 3.814 3.814 3.814 3.813 3.813 3.813 3.812 3.812 3.812 3.811 3.811 3.811 3.810 3.810 3.809 3.809 3.809 3.809 3.808 3.808 3.808 3.808 3.807 3.807 3.807 3.807 3.807 3.806
