includes/lisflood-fp-604/results/res-0003.wdfp
ncols         631
nrows         906
xllcorner     364927.146600
yllcorner     6531972.565600
cellsize      20.000000
NODATA_value  -9999.000000
[rows 238 to 271 of 906, columns 539 to 615 of 631]
9.720 9.883 10.045 10.208 10.370 10.532 10.699 10.875 11.052 11.228 11.404 11.561 11.679 11.798 11.917 12.035 12.154 12.273 12.391 12.510 12.624 12.737 12.850 12.962 13.040 13.104 13.167 13.230 13.294 13.357 13.421 13.484 13.529 13.540 13.550 13.515 13.477 13.438 13.400 13.361 13.323 13.285 13.246 13.207 13.169 13.128 13.073 12.971 12.869 12.766 12.664 12.562 12.459 12.357 12.254 12.152 12.050 11.959 11.925 11.890 11.853 11.806 11.758 11.711 11.664 11.616 11.569 11.523 11.560 11.597 11.635 11.672 11.709 11.746 11.784 11.821 11.902
9.711 9.873 10.036 10.198 10.360 10.522 10.685 10.857 11.033 11.210 11.386 11.507 11.626 11.745 11.863 11.982 12.101 12.220 12.338 12.457 12.575 12.687 12.800 12.903 12.967 13.030 13.093 13.157 13.220 13.284 13.347 13.410 13.474 13.517 13.520 13.481 13.443 13.404 13.366 13.327 13.286 13.245 13.204 13.162 13.121 13.080 13.013 12.932 12.830 12.728 12.625 12.523 12.420 12.318 12.216 12.113 12.011 11.939 11.904 11.869 11.834 11.798 11.751 11.703 11.656 11.608 11.561 11.528 11.565 11.602 11.639 11.677 11.714 11.751 11.789 11.826 11.863
9.701 9.864 10.026 10.188 10.350 10.513 10.675 10.839 11.015 11.192 11.335 11.454 11.573 11.691 11.810 11.929 12.048 12.166 12.285 12.404 12.522 12.637 12.750 12.829 12.893 12.956 13.020 13.083 13.147 13.210 13.274 13.337 13.400 13.464 13.485 13.444 13.403 13.362 13.321 13.279 13.238 13.197 13.156 13.115 13.073 13.032 12.954 12.874 12.791 12.689 12.586 12.484 12.381 12.279 12.177 12.074 11.972 11.918 11.883 11.848 11.813 11.779 11.743 11.695 11.648 11.601 11.553 11.532 11.570 11.607 11.644 11.682 11.719 11.756 11.794 11.831 11.868
9.691 9.854 10.016 10.178 10.341 10.503 10.665 10.828 10.997 11.163 11.282 11.401 11.520 11.638 11.757 11.876 11.994 12.113 12.232 12.350 12.469 12.588 12.692 12.756 12.819 12.883 12.946 13.010 13.078 13.147 13.216 13.284 13.353 13.422 13.428 13.396 13.355 13.314 13.273 13.232 13.190 13.149 13.108 13.067 13.026 12.974 12.895 12.815 12.736 12.650 12.547 12.445 12.343 12.240 12.138 12.035 11.933 11.897 11.862 11.827 11.793 11.758 11.723 11.688 11.640 11.593 11.545 11.537 11.575 11.612 11.649 11.687 11.724 11.761 11.799 11.823 11.845
9.682 9.844 10.006 10.169 10.331 10.493 10.656 10.818 10.980 11.110 11.229 11.347 11.466 11.584 11.703 11.821 11.940 12.058 12.176 12.295 12.413 12.531 12.629 12.698 12.767 12.835 12.904 12.973 13.042 13.110 13.179 13.248 13.317 13.379 13.361 13.342 13.307 13.266 13.225 13.184 13.142 13.101 13.060 13.019 12.978 12.915 12.835 12.756 12.676 12.597 12.508 12.406 12.304 12.201 12.099 11.996 11.910 11.876 11.841 11.806 11.772 11.737 11.702 11.667 11.632 11.585 11.538 11.542 11.580 11.617 11.654 11.691 11.721 11.743 11.766 11.788 11.810
9.654 9.812 9.970 10.128 10.286 10.444 10.602 10.760 10.912 11.043 11.161 11.279 11.398 11.516 11.634 11.753 11.871 11.990 12.108 12.226 12.345 12.463 12.576 12.662 12.730 12.799 12.868 12.937 13.005 13.074 13.143 13.212 13.280 13.312 13.294 13.275 13.256 13.218 13.177 13.136 13.095 13.053 13.012 12.971 12.930 12.855 12.776 12.696 12.617 12.537 12.458 12.367 12.265 12.162 12.060 11.958 11.890 11.855 11.820 11.785 11.751 11.716 11.681 11.647 11.612 11.577 11.530 11.547 11.584 11.619 11.641 11.664 11.686 11.709 11.731 11.753 11.776
9.586 9.744 9.902 10.060 10.218 10.376 10.534 10.692 10.833 10.966 11.092 11.211 11.329 11.448 11.566 11.684 11.803 11.921 12.040 12.158 12.276 12.392 12.505 12.619 12.694 12.763 12.831 12.900 12.969 13.038 13.106 13.175 13.244 13.245 13.227 13.208 13.189 13.170 13.129 13.088 13.047 13.006 12.964 12.923 12.875 12.796 12.716 12.637 12.558 12.478 12.399 12.319 12.226 12.124 12.021 11.919 11.869 11.834 11.799 11.765 11.730 11.695 11.660 11.626 11.591 11.556 11.522 11.540 11.562 11.584 11.607 11.629 11.652 11.674 11.696 11.719 11.741
9.518 9.676 9.834 9.992 10.150 10.308 10.466 10.620 10.754 10.887 11.021 11.142 11.261 11.379 11.498 11.616 11.734 11.853 11.971 12.090 12.208 12.321 12.435 12.548 12.657 12.726 12.795 12.864 12.932 13.001 13.070 13.139 13.197 13.178 13.159 13.141 13.122 13.104 13.081 13.040 12.999 12.958 12.916 12.875 12.816 12.737 12.657 12.578 12.498 12.419 12.339 12.260 12.180 12.085 11.982 11.882 11.848 11.813 11.778 11.744 11.709 11.674 11.639 11.607 11.580 11.552 11.526 11.511 11.527 11.550 11.572 11.595 11.617 11.639 11.662 11.684 11.706
9.450 9.608 9.766 9.924 10.082 10.240 10.398 10.541 10.675 10.808 10.942 11.074 11.192 11.311 11.429 11.548 11.666 11.784 11.903 12.021 12.137 12.251 12.364 12.477 12.591 12.690 12.758 12.827 12.896 12.965 13.033 13.102 13.129 13.111 13.092 13.074 13.055 13.037 13.018 12.992 12.951 12.910 12.869 12.827 12.757 12.677 12.598 12.518 12.439 12.359 12.280 12.201 12.121 12.042 11.943 11.862 11.827 11.792 11.757 11.723 11.695 11.667 11.640 11.612 11.585 11.557 11.534 11.518 11.503 11.515 11.537 11.560 11.582 11.605 11.627 11.649 11.672
9.382 9.540 9.698 9.856 10.014 10.172 10.329 10.462 10.596 10.729 10.863 10.997 11.124 11.242 11.361 11.479 11.597 11.716 11.834 11.953 12.067 12.180 12.293 12.407 12.520 12.633 12.722 12.791 12.860 12.928 12.997 13.066 13.062 13.044 13.025 13.007 12.988 12.969 12.951 12.932 12.903 12.862 12.821 12.777 12.697 12.618 12.538 12.459 12.380 12.300 12.221 12.141 12.062 11.982 11.903 11.840 11.810 11.782 11.755 11.727 11.700 11.672 11.645 11.617 11.590 11.562 11.541 11.526 11.510 11.495 11.503 11.525 11.548 11.570 11.592 11.615 11.637
9.314 9.472 9.630 9.788 9.946 10.104 10.250 10.383 10.517 10.651 10.784 10.918 11.051 11.174 11.292 11.411 11.529 11.647 11.766 11.883 11.996 12.109 12.223 12.336 12.449 12.563 12.676 12.754 12.823 12.892 12.961 13.014 12.995 12.977 12.958 12.939 12.921 12.902 12.884 12.865 12.847 12.814 12.773 12.717 12.638 12.559 12.479 12.400 12.320 12.241 12.161 12.082 12.016 11.952 11.889 11.842 11.814 11.787 11.759 11.732 11.705 11.677 11.650 11.622 11.595 11.567 11.548 11.533 11.518 11.503 11.487 11.491 11.513 11.535 11.558 11.580 11.603
9.247 9.405 9.562 9.720 9.878 10.037 10.171 10.304 10.438 10.572 10.705 10.839 10.972 11.105 11.224 11.342 11.461 11.579 11.697 11.812 11.925 12.039 12.152 12.265 12.379 12.492 12.606 12.718 12.787 12.855 12.924 12.947 12.928 12.909 12.891 12.872 12.854 12.835 12.817 12.798 12.779 12.761 12.725 12.658 12.579 12.499 12.420 12.349 12.285 12.221 12.158 12.094 12.031 11.967 11.905 11.862 11.820 11.792 11.764 11.737 11.709 11.682 11.654 11.627 11.599 11.572 11.556 11.540 11.525 11.510 11.495 11.479 11.478 11.501 11.523 11.545 11.568
9.179 9.337 9.495 9.653 9.811 9.958 10.092 10.225 10.359 10.493 10.626 10.760 10.893 11.027 11.155 11.274 11.392 11.511 11.628 11.741 11.855 11.968 12.081 12.195 12.308 12.421 12.535 12.648 12.750 12.819 12.888 12.879 12.861 12.842 12.824 12.805 12.787 12.768 12.749 12.731 12.712 12.694 12.676 12.618 12.554 12.491 12.427 12.363 12.300 12.236 12.172 12.109 12.045 11.981 11.925 11.882 11.840 11.797 11.769 11.742 11.714 11.687 11.659 11.632 11.604 11.578 11.563 11.548 11.532 11.517 11.502 11.487 11.472 11.466 11.488 11.511 11.533
9.111 9.269 9.427 9.585 9.743 9.879 10.013 10.146 10.280 10.414 10.547 10.681 10.814 10.948 11.082 11.205 11.324 11.442 11.557 11.671 11.784 11.897 12.011 12.124 12.237 12.351 12.464 12.578 12.691 12.783 12.831 12.812 12.794 12.775 12.757 12.738 12.720 12.703 12.687 12.670 12.654 12.637 12.627 12.632 12.569 12.505 12.441 12.378 12.314 12.250 12.187 12.123 12.060 11.996 11.945 11.902 11.860 11.817 11.774 11.747 11.719 11.692 11.664 11.637 11.609 11.585 11.570 11.555 11.540 11.525 11.509 11.494 11.479 11.464 11.454 11.476 11.499
9.050 9.201 9.359 9.517 9.667 9.800 9.934 10.068 10.201 10.335 10.468 10.602 10.736 10.869 11.003 11.136 11.255 11.373 11.486 11.600 11.713 11.827 11.940 12.053 12.167 12.280 12.394 12.507 12.620 12.734 12.764 12.747 12.731 12.714 12.698 12.681 12.665 12.648 12.632 12.615 12.599 12.582 12.579 12.585 12.583 12.520 12.456 12.392 12.329 12.265 12.201 12.138 12.074 12.010 11.965 11.922 11.880 11.837 11.794 11.752 11.724 11.696 11.669 11.642 11.614 11.593 11.578 11.562 11.547 11.532 11.517 11.501 11.486 11.471 11.456 11.442 11.465
8.994 9.136 9.291 9.449 9.588 9.721 9.855 9.989 10.122 10.256 10.389 10.523 10.657 10.790 10.924 11.057 11.187 11.302 11.416 11.529 11.643 11.756 11.870 11.984 12.099 12.213 12.328 12.442 12.557 12.672 12.704 12.692 12.676 12.659 12.643 12.626 12.610 12.593 12.577 12.560 12.544 12.527 12.531 12.536 12.542 12.534 12.470 12.407 12.343 12.280 12.216 12.152 12.089 12.028 11.985 11.942 11.900 11.857 11.814 11.772 11.729 11.701 11.674 11.646 11.619 11.600 11.585 11.570 11.554 11.539 11.524 11.509 11.494 11.478 11.463 11.442 11.422
8.937 9.079 9.223 9.375 9.509 9.642 9.776 9.910 10.043 10.177 10.310 10.444 10.578 10.711 10.845 10.979 11.112 11.237 11.351 11.466 11.580 11.695 11.809 11.924 12.038 12.153 12.267 12.382 12.497 12.582 12.611 12.637 12.621 12.604 12.588 12.571 12.555 12.538 12.522 12.505 12.489 12.478 12.483 12.489 12.494 12.499 12.485 12.421 12.358 12.294 12.230 12.167 12.103 12.048 12.005 11.962 11.920 11.877 11.834 11.792 11.749 11.706 11.679 11.651 11.624 11.607 11.592 11.577 11.562 11.547 11.531 11.516 11.493 11.458 11.423 11.388 11.376
8.880 9.022 9.164 9.297 9.430 9.564 9.698 9.832 9.965 10.099 10.233 10.367 10.500 10.634 10.768 10.901 11.036 11.171 11.291 11.405 11.520 11.634 11.749 11.863 11.978 12.093 12.207 12.322 12.436 12.489 12.518 12.548 12.566 12.549 12.533 12.516 12.500 12.483 12.467 12.450 12.434 12.430 12.435 12.440 12.446 12.451 12.457 12.436 12.372 12.308 12.245 12.181 12.118 12.068 12.025 11.982 11.940 11.897 11.854 11.812 11.769 11.726 11.684 11.656 11.630 11.615 11.600 11.584 11.569 11.544 11.509 11.474 11.439 11.404 11.369 11.334 11.330
8.818 8.960 9.099 9.223 9.353 9.487 9.620 9.754 9.888 10.022 10.155 10.289 10.423 10.557 10.690 10.824 10.959 11.095 11.230 11.345 11.459 11.574 11.689 11.803 11.917 12.032 12.147 12.261 12.367 12.396 12.426 12.455 12.484 12.494 12.478 12.461 12.445 12.428 12.412 12.395 12.379 12.382 12.387 12.392 12.398 12.403 12.409 12.414 12.387 12.323 12.259 12.196 12.132 12.088 12.045 12.002 11.960 11.917 11.874 11.832 11.789 11.746 11.704 11.661 11.637 11.622 11.595 11.560 11.525 11.490 11.455 11.420 11.385 11.350 11.315 11.280 11.285
8.756 8.898 9.029 9.153 9.276 9.409 9.543 9.677 9.810 9.944 10.078 10.212 10.345 10.479 10.613 10.747 10.883 11.018 11.154 11.284 11.399 11.513 11.628 11.743 11.857 11.972 12.086 12.201 12.274 12.304 12.333 12.362 12.391 12.420 12.423 12.406 12.390 12.373 12.357 12.340 12.328 12.334 12.339 12.345 12.350 12.355 12.361 12.366 12.372 12.337 12.274 12.210 12.150 12.108 12.065 12.022 11.980 11.937 11.894 11.852 11.809 11.766 11.724 11.686 11.613 11.576 11.541 11.506 11.471 11.436 11.401 11.366 11.331 11.296 11.261 11.230 11.239
8.695 8.835 8.959 9.083 9.206 9.332 9.466 9.599 9.733 9.867 10.001 10.134 10.268 10.402 10.535 10.671 10.806 10.942 11.077 11.213 11.338 11.453 11.568 11.682 11.797 11.911 12.026 12.140 12.182 12.211 12.240 12.269 12.298 12.327 12.357 12.351 12.335 12.318 12.302 12.285 12.280 12.286 12.291 12.296 12.302 12.307 12.313 12.318 12.324 12.329 12.288 12.225 12.170 12.128 12.085 12.042 12.000 11.957 11.914 11.875 11.837 11.799 11.761 11.723 11.636 11.529 11.487 11.451 11.417 11.382 11.347 11.312 11.277 11.242 11.207 11.185 11.193
8.633 8.765 8.889 9.013 9.136 9.260 9.388 9.522 9.656 9.789 9.923 10.057 10.191 10.324 10.458 10.594 10.730 10.865 11.001 11.136 11.272 11.393 11.507 11.622 11.736 11.851 11.965 12.060 12.089 12.118 12.147 12.176 12.205 12.235 12.264 12.293 12.280 12.263 12.247 12.230 12.232 12.238 12.243 12.249 12.254 12.259 12.265 12.270 12.276 12.281 12.286 12.239 12.190 12.148 12.105 12.065 12.027 11.989 11.951 11.913 11.875 11.837 11.799 11.761 11.660 11.552 11.445 11.397 11.362 11.327 11.292 11.258 11.223 11.188 11.153 11.139 11.148
8.571 8.695 8.819 8.942 9.066 9.190 9.313 9.444 9.578 9.712 9.846 9.979 10.113 10.247 10.382 10.517 10.653 10.788 10.924 11.060 11.195 11.331 11.447 11.561 11.676 11.790 11.905 11.967 11.996 12.025 12.054 12.083 12.113 12.142 12.171 12.200 12.225 12.208 12.192 12.179 12.184 12.190 12.195 12.201 12.206 12.211 12.217 12.222 12.228 12.233 12.238 12.247 12.216 12.178 12.140 12.103 12.065 12.027 11.989 11.951 11.913 11.875 11.837 11.790 11.683 11.576 11.469 11.361 11.308 11.273 11.238 11.203 11.168 11.133 11.099 11.093 11.102
8.502 8.625 8.749 8.872 8.996 9.120 9.243 9.367 9.501 9.634 9.768 9.902 10.036 10.170 10.305 10.441 10.576 10.712 10.847 10.983 11.119 11.254 11.386 11.501 11.615 11.730 11.844 11.874 11.903 11.932 11.962 11.991 12.020 12.049 12.078 12.107 12.136 12.153 12.137 12.131 12.136 12.142 12.147 12.153 12.158 12.163 12.171 12.184 12.197 12.210 12.224 12.236 12.248 12.216 12.178 12.140 12.102 12.064 12.026 11.989 11.951 11.913 11.875 11.814 11.707 11.599 11.492 11.385 11.278 11.219 11.184 11.149 11.114 11.079 11.044 11.048 11.056
8.432 8.555 8.679 8.802 8.926 9.050 9.173 9.297 9.423 9.557 9.691 9.825 9.958 10.093 10.228 10.364 10.500 10.635 10.771 10.906 11.042 11.178 11.313 11.440 11.555 11.669 11.752 11.781 11.810 11.839 11.869 11.898 11.927 11.956 11.985 12.014 12.044 12.073 12.082 12.083 12.088 12.095 12.108 12.122 12.135 12.148 12.161 12.174 12.187 12.200 12.213 12.226 12.237 12.249 12.216 12.178 12.140 12.102 12.064 12.026 11.988 11.950 11.913 11.837 11.730 11.623 11.516 11.408 11.301 11.194 11.130 11.095 11.060 11.025 10.993 11.002 11.010
8.362 8.485 8.609 8.732 8.856 8.980 9.103 9.227 9.350 9.480 9.613 9.747 9.881 10.016 10.152 10.287 10.423 10.559 10.694 10.830 10.965 11.101 11.237 11.372 11.494 11.609 11.659 11.688 11.718 11.747 11.776 11.805 11.834 11.863 11.893 11.922 11.960 12.001 12.040 12.059 12.072 12.085 12.098 12.111 12.124 12.138 12.151 12.164 12.177 12.190 12.203 12.215 12.226 12.238 12.249 12.216 12.178 12.140 12.102 12.064 12.026 11.988 11.950 11.861 11.753 11.646 11.539 11.432 11.325 11.217 11.110 11.041 11.006 10.971 10.947 10.956 10.965
8.291 8.415 8.539 8.662 8.786 8.910 9.033 9.157 9.280 9.404 9.536 9.670 9.804 9.940 10.075 10.211 10.346 10.482 10.618 10.753 10.889 11.024 11.160 11.296 11.431 11.537 11.566 11.595 11.625 11.656 11.697 11.738 11.779 11.819 11.860 11.901 11.942 11.983 12.017 12.044 12.062 12.075 12.088 12.101 12.114 12.127 12.140 12.154 12.167 12.180 12.193 12.204 12.216 12.227 12.239 12.250 12.216 12.178 12.140 12.102 12.064 12.026 11.988 11.884 11.777 11.670 11.562 11.455 11.348 11.241 11.134 11.026 10.952 10.917 10.902 10.910 10.919
8.221 8.345 8.469 8.592 8.716 8.840 8.963 9.087 9.210 9.334 9.459 9.592 9.727 9.863 9.999 10.134 10.270 10.405 10.541 10.677 10.812 10.948 11.084 11.220 11.357 11.475 11.516 11.557 11.597 11.638 11.679 11.720 11.761 11.801 11.842 11.883 11.924 11.964 11.994 12.022 12.049 12.065 12.078 12.091 12.104 12.117 12.130 12.143 12.156 12.170 12.182 12.193 12.205 12.216 12.228 12.240 12.251 12.216 12.178 12.140 12.102 12.064 12.015 11.907 11.800 11.693 11.586 11.479 11.371 11.264 11.157 11.050 10.943 10.863 10.856 10.865 10.845
8.151 8.275 8.399 8.522 8.646 8.770 8.893 9.017 9.140 9.264 9.388 9.515 9.651 9.787 9.923 10.060 10.196 10.333 10.470 10.606 10.743 10.880 11.016 11.153 11.289 11.404 11.498 11.538 11.579 11.620 11.661 11.702 11.742 11.783 11.824 11.865 11.905 11.944 11.972 11.999 12.026 12.053 12.068 12.081 12.094 12.107 12.120 12.133 12.146 12.159 12.171 12.183 12.194 12.206 12.217 12.229 12.240 12.252 12.215 12.177 12.140 12.102 12.038 11.931 11.824 11.716 11.609 11.502 11.395 11.288 11.180 11.073 10.966 10.856 10.754 10.734 10.714
8.081 8.205 8.329 8.454 8.579 8.705 8.830 8.956 9.081 9.207 9.332 9.453 9.582 9.719 9.855 9.992 10.129 10.265 10.402 10.538 10.675 10.812 10.948 11.085 11.215 11.327 11.440 11.520 11.561 11.602 11.643 11.683 11.724 11.765 11.806 11.846 11.887 11.922 11.949 11.976 12.003 12.031 12.057 12.070 12.083 12.097 12.110 12.123 12.136 12.149 12.161 12.172 12.184 12.195 12.207 12.218 12.230 12.241 12.253 12.215 12.177 12.139 12.062 11.954 11.847 11.740 11.633 11.525 11.418 11.311 11.201 11.091 10.980 10.870 10.743 10.613 10.584
8.028 8.154 8.279 8.405 8.530 8.656 8.781 8.907 9.032 9.158 9.283 9.401 9.518 9.651 9.787 9.924 10.061 10.198 10.334 10.471 10.607 10.744 10.881 11.017 11.138 11.250 11.363 11.476 11.543 11.584 11.624 11.665 11.706 11.747 11.787 11.828 11.869 11.899 11.926 11.953 11.981 12.008 12.035 12.060 12.073 12.086 12.099 12.113 12.126 12.138 12.150 12.161 12.173 12.184 12.196 12.207 12.219 12.230 12.242 12.253 12.215 12.177 12.085 11.978 11.871 11.763 11.656 11.546 11.436 11.326 11.215 11.105 10.994 10.884 10.756 10.626 10.496
7.979 8.105 8.230 8.356 8.481 8.607 8.732 8.858 8.983 9.109 9.231 9.348 9.465 9.583 9.720 9.856 9.993 10.130 10.266 10.403 10.540 10.676 10.813 10.948 11.061 11.173 11.286 11.399 11.511 11.565 11.606 11.647 11.688 11.728 11.769 11.810 11.849 11.876 11.903 11.931 11.958 11.985 12.012 12.040 12.063 12.076 12.089 12.102 12.115 12.128 12.139 12.151 12.162 12.174 12.185 12.197 12.208 12.220 12.231 12.243 12.253 12.215 12.108 12.001 11.892 11.781 11.671 11.560 11.450 11.340 11.229 11.119 11.008 10.898 10.769 10.639 10.509
7.930 8.056 8.181 8.307 8.432 8.558 8.683 8.809 8.934 9.060 9.178 9.295 9.412 9.529 9.652 9.789 9.925 10.062 10.199 10.335 10.472 10.608 10.745 10.871 10.983 11.096 11.209 11.322 11.434 11.547 11.588 11.629 11.669 11.710 11.751 11.792 11.826 11.853 11.880 11.908 11.935 11.962 11.990 12.017 12.044 12.066 12.079 12.092 12.105 12.117 12.128 12.140 12.152 12.163 12.175 12.186 12.198 12.209 12.221 12.232 12.244 12.237 12.127 12.016 11.906 11.795 11.685 11.575 11.464 11.354 11.243 11.133 11.022 10.912 10.782 10.652 10.521
7.881 8.007 8.132 8.258 8.383 8.509 8.634 8.760 8.885 9.009 9.126 9.243 9.360 9.476 9.593 9.721 9.857 9.994 10.131 10.267 10.404 10.541 10.677 10.794 10.906 11.019 11.132 11.244 11.357 11.470 11.570 11.610 11.651 11.692 11.733 11.774 11.803 11.830 11.858 11.885 11.912 11.939 11.967 11.994 12.021 12.049 12.069 12.082 12.095 12.106 12.118 12.129 12.141 12.152 12.164 12.175 12.187 12.194 12.201 12.209 12.216 12.193 12.136 12.030 11.920 11.809 11.699 11.589 11.478 11.368 11.257 11.147 11.036 10.925 10.795 10.665 10.534
