includes/lisflood-fp-604/results/res-0004.wd
ncols         631
nrows         906
xllcorner     364927.146667
yllcorner     6531972.565556
cellsize      20.000000
NODATA_value  -9999.000000
[rows 238 to 271 of 906, columns 308 to 384 of 631]
0.085 0.115 0.349 0.295 1.272 1.379 1.708 2.176 1.040 1.853 1.468 1.282 1.448 1.463 1.416 1.090 1.614 1.110 1.548 1.063 1.078 0.429 2.045 1.064 2.023 1.341 1.650 1.796 1.076 2.398 2.281 1.178 1.162 1.156 1.529 0.825 0.346 0.779 1.303 1.418 1.035 1.432 2.017 1.145 1.815 1.871 1.453 1.946 1.126 1.605 1.595 1.981 1.664 2.094 2.038 1.176 2.121 2.623 2.904 3.225 3.436 3.427 3.368 3.439 3.410 3.581 3.622 3.592 3.703 3.724 4.035 3.796 3.777 3.998 4.029 4.029 3.940
0.055 0.000 0.502 0.316 0.313 0.700 1.045 2.131 2.393 0.787 1.441 1.345 1.499 1.504 1.667 1.411 1.745 1.232 1.428 1.432 0.830 1.269 0.135 2.027 1.192 1.480 0.979 2.887 1.195 2.327 1.231 2.555 1.100 1.225 1.519 1.533 0.576 0.598 1.544 1.230 1.427 1.333 1.777 1.046 1.915 1.172 1.205 1.760 1.159 1.836 1.248 1.555 2.377 1.876 2.121 1.138 2.291 2.793 3.274 3.295 3.486 3.647 3.608 3.449 3.550 3.561 3.602 3.653 3.583 3.754 3.785 3.826 3.967 3.978 3.879 3.860 3.951
0.000 0.135 1.413 0.974 0.343 0.755 0.710 2.324 2.365 0.929 1.173 1.436 1.191 1.675 1.519 1.712 1.347 1.843 1.558 1.842 0.963 1.013 0.946 2.017 1.891 0.988 0.798 1.218 2.254 1.003 2.389 1.114 2.358 1.164 1.949 1.043 2.070 0.534 1.214 1.172 1.428 1.253 1.349 1.407 1.376 1.982 0.591 1.418 1.123 1.757 1.310 1.656 1.499 2.320 2.095 2.219 2.741 2.863 3.294 3.565 3.486 3.507 3.358 3.569 3.550 3.691 3.812 3.673 3.614 3.704 3.745 3.926 3.857 3.838 3.969 3.990 3.941
0.995 0.133 0.000 0.070 0.015 0.639 0.765 1.048 2.410 2.381 1.184 1.118 1.402 1.156 1.580 1.414 1.758 1.413 1.478 1.324 1.065 1.306 1.076 2.626 0.961 2.758 0.858 1.628 1.633 2.410 1.078 2.532 1.265 1.052 2.249 1.749 0.175 0.504 0.682 1.215 1.338 1.183 1.269 0.788 1.318 1.018 2.257 1.780 1.827 1.838 1.870 1.487 2.222 2.901 2.906 3.149 3.192 3.283 3.404 3.395 3.346 3.357 3.458 3.469 3.640 3.541 3.582 3.893 3.784 3.684 3.665 3.826 3.827 3.888 3.979 4.010 3.831
1.228 0.853 0.388 0.901 0.244 0.469 0.970 1.180 2.341 2.332 0.945 1.589 1.053 1.317 1.521 1.634 1.369 1.414 1.669 1.375 1.136 1.307 1.366 1.536 1.782 1.578 1.047 1.346 1.893 0.900 2.188 1.591 1.702 0.821 2.408 2.369 1.141 0.377 0.507 1.397 1.349 1.194 1.360 1.179 1.568 1.269 1.644 0.851 1.859 1.878 1.313 1.848 1.702 1.631 1.886 2.100 3.122 3.243 3.174 3.385 3.306 3.497 3.428 3.509 3.560 3.741 3.632 3.643 3.724 3.725 3.696 3.906 3.817 3.838 3.899 4.000 3.941
1.771 1.334 0.000 0.401 0.023 0.000 1.172 1.093 0.924 2.465 2.466 0.970 1.615 1.848 1.471 1.335 1.640 1.324 1.559 1.137 1.308 1.598 1.466 1.786 1.792 1.678 1.606 1.773 1.243 1.741 2.508 2.410 2.492 0.990 2.788 2.439 2.270 0.622 0.227 1.467 1.359 1.344 1.480 1.339 1.418 1.229 1.554 1.012 1.018 1.611 1.774 1.828 1.922 1.951 1.786 2.981 3.292 3.193 3.325 3.376 3.427 3.387 3.509 3.550 3.591 3.571 3.762 3.673 3.704 3.925 3.766 3.807 3.938 3.898 4.009 3.890 3.921
0.884 1.628 1.443 0.000 0.035 0.000 1.123 1.404 0.965 2.356 2.277 0.960 1.605 1.498 1.382 1.616 1.340 1.635 1.160 1.648 1.338 1.258 1.546 1.115 1.662 1.399 1.796 1.683 1.233 1.861 1.176 1.230 1.153 1.299 2.728 2.449 2.311 0.950 0.265 0.977 1.378 1.223 1.350 1.439 1.948 1.638 1.244 1.723 1.618 1.491 1.785 1.717 1.641 1.980 0.827 2.581 3.123 3.064 3.275 3.296 3.297 3.438 3.409 3.480 3.621 3.552 3.633 3.573 3.824 3.725 3.756 3.777 3.828 3.859 3.809 3.890 4.021
0.797 0.643 1.648 1.511 0.000 0.000 0.000 1.295 1.206 1.088 2.350 2.471 1.475 1.468 1.592 1.587 1.651 1.386 1.451 1.048 1.098 1.839 1.436 1.204 1.542 1.519 1.726 1.003 1.763 1.991 2.506 2.510 2.503 2.296 0.976 1.470 1.514 1.262 1.499 0.021 1.133 1.343 1.370 1.609 1.517 0.559 1.655 1.021 1.659 1.731 1.764 1.807 1.731 1.881 2.118 2.541 2.853 2.984 2.955 3.216 3.287 3.458 3.429 3.550 3.631 3.602 3.583 3.694 3.744 3.745 3.826 3.857 3.828 3.859 3.880 3.890 3.941
0.745 1.122 0.763 1.484 1.114 0.000 0.467 0.157 0.898 1.229 2.440 2.391 0.934 1.438 1.213 1.628 1.531 1.736 1.732 1.628 1.069 1.639 1.156 1.794 1.531 1.169 1.486 1.582 1.501 0.959 1.115 1.019 0.844 0.989 1.516 1.660 1.296 1.094 1.632 1.390 0.888 0.424 1.398 0.730 1.569 1.619 1.583 1.339 1.728 1.760 1.624 1.666 1.467 0.371 2.279 2.682 2.673 3.134 3.115 3.196 3.337 3.318 3.489 3.430 3.491 3.612 3.663 3.594 3.715 3.845 3.816 3.897 4.008 3.789 3.900 3.910 4.031
0.829 1.256 1.200 0.395 1.173 1.371 0.000 0.538 0.089 0.810 2.081 2.351 2.302 1.007 1.663 1.158 1.172 1.067 1.502 1.578 1.069 1.639 1.546 1.823 0.851 1.520 1.616 1.592 0.871 1.679 1.245 1.460 1.544 1.530 1.525 1.211 1.419 1.626 1.632 1.450 0.923 2.124 0.541 1.571 1.387 1.228 1.663 1.817 1.895 1.850 1.734 1.746 1.969 1.949 2.389 2.632 3.024 3.105 3.226 3.216 3.217 3.328 3.379 3.370 3.551 3.562 3.553 3.604 3.705 3.696 3.836 3.777 3.848 3.929 3.870 3.910 3.991
1.298 0.774 1.179 1.024 0.352 1.091 1.312 0.000 0.790 0.350 0.471 2.412 2.392 0.844 0.413 1.631 1.493 1.357 1.232 1.410 1.740 1.549 1.256 1.423 1.440 1.609 1.326 1.442 1.131 1.589 1.344 1.570 1.504 1.610 1.655 1.242 1.499 1.466 1.733 1.451 1.199 1.213 1.416 0.364 1.775 1.524 1.468 1.399 0.948 1.249 1.805 1.816 1.919 1.927 0.618 2.744 3.054 3.185 3.196 3.307 3.288 3.278 3.319 3.370 3.481 3.672 3.493 3.644 3.685 3.676 3.807 3.858 3.868 3.889 3.920 4.011 3.941
1.011 0.952 1.394 0.990 0.582 0.304 1.036 1.261 0.000 0.430 1.110 2.062 2.342 2.043 0.181 1.651 1.323 1.347 1.772 1.320 1.510 1.249 1.366 1.483 1.410 0.908 1.426 1.482 1.321 1.658 1.394 1.459 1.634 0.919 2.385 1.422 1.440 1.246 2.593 1.131 1.178 1.352 1.707 1.569 3.498 1.712 1.534 1.426 1.168 0.761 1.914 1.615 1.758 1.537 0.929 2.674 3.035 3.206 3.376 3.397 3.328 3.169 3.410 3.321 3.451 3.502 3.623 3.634 3.645 3.726 3.837 3.888 3.748 3.859 3.800 3.851 3.982
1.468 0.819 0.873 1.281 1.045 1.045 0.824 0.758 0.579 0.000 1.057 0.528 2.362 2.463 0.769 0.998 1.522 1.507 1.592 1.100 1.241 1.500 1.576 1.193 1.570 1.278 1.456 1.363 1.561 1.588 1.763 0.899 2.495 2.459 2.305 1.312 2.431 2.506 2.123 2.380 1.307 2.219 1.104 1.688 0.061 1.190 1.283 1.214 1.246 1.393 1.548 1.652 1.467 1.100 1.872 2.705 3.206 3.186 3.227 3.377 3.288 3.239 3.380 3.351 3.391 3.512 3.543 3.544 3.845 3.736 3.787 3.828 3.848 3.839 3.930 3.931 3.912
1.520 1.392 0.915 0.984 1.368 1.099 1.260 0.940 1.088 0.816 0.586 1.422 2.162 2.324 1.498 1.615 1.560 1.236 1.182 1.470 1.651 1.900 0.937 1.294 1.520 1.308 1.526 1.403 1.600 0.938 2.364 2.449 2.423 1.239 2.576 1.322 1.389 1.466 1.564 2.590 1.096 1.329 1.412 2.217 1.997 1.539 1.140 1.272 1.413 1.293 0.965 0.898 0.557 0.417 0.864 3.066 3.066 3.156 3.197 3.318 3.448 3.289 3.290 3.301 3.402 3.433 3.543 3.574 3.615 3.696 3.717 3.858 3.929 3.779 3.880 3.981 3.922
0.791 2.044 1.975 1.244 0.884 0.874 0.354 1.258 1.275 1.336 0.562 1.626 0.959 2.385 2.367 1.304 1.269 1.366 1.632 1.537 0.680 2.045 2.198 1.343 1.520 1.337 1.625 1.184 1.991 2.407 2.323 1.919 1.882 1.379 2.407 2.322 2.306 1.036 2.414 1.254 1.636 1.695 2.649 1.591 1.220 0.540 2.191 1.260 1.149 1.394 0.765 1.292 0.830 2.655 2.855 3.016 3.146 3.207 3.117 3.188 3.359 3.469 3.290 3.371 3.332 3.473 3.474 3.515 3.565 3.716 3.707 3.728 3.889 3.900 3.910 3.921 3.942
2.014 1.974 1.795 0.661 0.940 0.817 1.907 2.069 0.760 1.150 0.779 1.871 0.556 2.225 1.907 1.523 1.628 0.915 1.502 1.127 0.719 2.555 2.358 1.973 1.119 1.277 1.245 2.435 2.091 1.836 1.093 2.669 2.112 1.569 1.517 2.452 1.637 1.406 1.754 1.056 2.466 2.640 0.758 1.650 1.658 0.545 1.650 0.906 0.732 1.777 0.907 1.525 0.790 2.385 2.716 3.016 3.107 3.117 3.177 3.188 3.469 3.319 3.450 3.261 3.322 3.333 3.334 3.495 3.596 3.686 3.667 3.748 3.589 3.880 3.871 3.931 3.912
1.964 2.084 2.035 0.341 1.212 0.826 0.588 1.119 2.147 0.575 2.055 0.803 1.765 1.272 1.557 1.353 1.468 1.583 0.890 1.117 2.447 0.909 2.379 2.293 2.367 1.236 1.265 1.604 1.070 2.666 1.532 2.019 2.222 1.539 1.537 2.492 1.159 1.446 0.949 2.630 2.713 0.514 1.747 1.691 0.615 1.573 2.810 1.934 2.387 2.409 0.697 1.670 0.014 2.636 2.826 2.966 3.087 3.167 3.138 3.128 3.339 3.380 3.460 3.321 3.322 3.353 3.414 3.415 3.536 3.597 3.597 3.708 3.669 3.800 3.881 3.901 3.932
0.654 1.295 0.436 0.546 0.837 1.131 1.314 1.161 1.810 2.157 2.092 0.338 0.692 1.911 0.666 1.553 1.168 1.693 1.677 0.886 1.357 1.823 0.814 2.164 1.948 2.024 1.254 2.294 1.510 1.986 1.622 1.598 2.032 1.050 1.937 1.103 1.820 0.976 2.124 2.329 0.774 1.608 1.454 1.637 0.400 1.483 1.049 1.583 1.896 1.928 1.489 0.537 0.283 2.326 2.686 3.097 3.097 3.077 3.198 3.138 3.259 3.380 3.271 3.421 3.342 3.343 3.334 3.505 3.476 3.537 3.578 3.678 3.649 3.790 3.771 3.841 3.932
0.109 0.660 1.241 0.703 0.259 1.006 1.356 1.202 1.110 1.927 1.333 1.214 0.599 1.310 1.264 0.811 1.587 1.022 1.608 1.593 0.914 1.303 1.949 0.899 1.919 1.704 1.274 1.684 1.770 1.885 1.412 2.018 1.862 1.180 1.917 1.025 1.951 2.145 0.863 1.709 1.504 0.955 1.502 1.564 0.390 1.443 1.288 1.693 1.735 1.897 1.758 0.573 0.105 2.156 2.917 3.067 3.067 3.258 3.108 3.199 3.309 3.330 3.241 3.532 3.462 3.373 3.394 3.415 3.416 3.587 3.508 3.598 3.619 3.650 3.781 3.871 3.942
0.348 0.186 0.741 0.352 1.031 0.352 1.348 1.322 0.871 1.167 0.334 0.554 0.955 0.833 1.534 1.589 0.946 1.691 1.026 1.723 1.432 0.881 1.229 1.904 0.694 1.844 1.264 1.734 1.529 1.405 1.361 1.938 1.094 1.861 1.129 2.078 2.380 0.719 1.323 1.479 0.975 1.314 1.130 1.633 0.323 3.341 1.077 1.862 1.164 1.357 1.358 1.439 0.130 1.857 2.957 2.947 3.028 3.198 3.138 3.189 3.199 3.360 3.461 3.382 3.363 3.423 3.354 3.425 3.396 3.507 3.548 3.519 3.739 3.700 3.861 3.852 3.902
0.194 0.584 0.080 0.252 0.394 0.681 0.166 1.314 0.753 1.079 1.073 0.513 0.769 0.705 0.951 1.499 1.365 0.989 1.423 0.860 1.722 1.520 0.968 1.194 1.909 0.620 1.773 0.890 1.979 1.455 1.961 1.329 1.336 1.522 2.201 1.828 1.641 1.151 1.113 1.550 1.606 1.284 1.289 1.533 1.716 0.722 1.417 1.360 1.124 1.417 1.628 1.249 0.496 0.271 2.817 2.997 3.088 3.098 3.058 3.019 3.289 3.140 3.151 3.322 3.473 3.564 3.264 3.335 3.366 3.407 3.508 3.549 3.619 3.710 3.761 3.812 3.902
0.000 0.000 0.029 0.001 0.000 0.415 0.316 0.229 0.878 1.060 0.585 0.588 0.687 1.137 0.732 0.848 1.945 2.067 1.401 1.574 0.637 1.611 1.368 1.023 1.229 1.754 0.766 2.026 0.894 1.344 1.381 1.020 2.058 2.131 1.003 2.240 1.592 1.052 1.322 1.780 1.156 1.844 1.838 1.722 1.904 0.273 4.247 1.870 1.663 1.406 1.398 1.410 1.532 0.136 0.258 2.827 2.778 2.978 3.088 3.169 3.149 3.250 3.281 3.282 3.393 3.314 3.435 3.395 3.456 3.337 3.428 3.459 3.549 3.720 3.691 3.532 9.422
0.000 0.000 0.000 0.000 0.000 0.000 0.170 0.476 1.019 1.160 1.045 1.160 1.495 0.649 1.060 0.189 0.793 1.897 1.440 0.953 1.619 0.525 1.678 1.393 1.089 1.144 1.910 0.851 1.835 1.028 1.111 2.282 1.567 0.804 2.097 2.140 1.444 1.133 1.102 1.850 1.636 1.323 1.508 1.672 1.914 0.626 1.038 0.808 1.423 1.396 1.708 1.191 1.243 0.618 0.102 0.126 2.698 2.908 2.968 3.089 3.159 3.170 3.191 3.222 3.433 3.464 3.485 3.395 3.226 3.397 3.448 3.499 3.540 3.660 9.421 9.422 9.422
0.000 0.000 0.000 0.000 0.000 0.000 0.192 0.266 0.568 1.050 0.974 0.918 1.070 0.164 0.546 0.870 0.904 0.882 2.040 2.681 0.669 1.540 0.643 1.313 1.219 1.184 0.970 1.979 1.782 1.033 2.001 1.312 1.608 2.164 0.897 2.341 1.336 1.024 1.171 0.789 1.607 1.753 1.288 1.342 1.844 0.854 0.405 4.258 1.292 1.096 1.179 1.172 1.435 0.939 0.414 0.213 0.570 2.868 2.918 3.019 3.259 2.990 3.191 3.242 3.343 3.334 3.435 3.605 3.316 3.447 3.188 4.119 9.420 9.420 9.421 3.702 3.772
0.000 0.000 0.000 0.000 0.000 0.002 0.011 0.265 0.625 0.615 0.000 1.207 1.279 1.390 0.543 0.547 0.425 0.742 1.239 1.312 2.517 0.638 1.588 0.788 1.428 1.664 1.428 1.025 2.049 1.981 0.271 2.035 2.138 1.058 1.679 1.354 1.790 1.775 1.961 1.309 0.986 2.083 1.957 1.491 1.265 1.929 0.369 1.176 0.812 1.096 1.040 1.154 1.788 1.561 0.706 0.927 0.491 2.688 2.888 3.009 3.099 3.010 3.131 3.092 3.223 3.354 3.595 3.366 3.316 3.807 9.418 9.419 3.830 3.400 3.571 3.682 3.683
0.000 0.000 0.000 0.000 0.000 0.002 0.193 0.000 0.247 1.234 0.665 0.812 0.549 1.080 1.377 0.661 1.039 0.811 0.486 1.021 1.278 2.467 0.885 1.531 0.750 1.714 1.648 1.903 1.956 0.739 1.744 0.888 1.073 2.492 1.170 1.816 1.570 1.136 1.152 2.409 1.714 0.981 1.948 1.952 1.595 1.459 0.628 0.462 4.263 0.876 2.012 1.944 1.409 1.603 0.786 1.336 0.376 0.625 2.938 3.078 3.009 3.019 2.951 3.042 3.223 2.974 3.305 9.416 9.417 9.417 3.878 3.329 3.430 3.550 3.601 3.582 3.733
0.000 0.000 0.000 0.000 0.000 0.000 0.222 0.385 0.076 0.849 1.489 1.341 1.513 0.822 1.127 0.947 1.124 1.210 1.065 0.487 0.718 1.338 2.542 0.836 2.278 0.702 1.778 0.872 1.726 2.007 1.650 0.266 2.536 1.124 1.821 1.286 1.361 1.797 1.592 1.969 1.894 2.278 1.337 2.143 1.686 1.919 0.852 0.565 1.913 1.976 1.451 1.475 1.220 1.368 1.558 1.526 0.842 0.653 0.690 0.619 2.817 2.977 0.440 1.372 3.953 9.415 9.415 9.416 3.307 3.127 3.408 3.479 3.430 3.661 3.561 3.712 3.793
0.000 0.000 0.000 0.000 0.038 0.178 0.258 0.139 0.627 0.726 0.990 0.734 1.390 0.957 0.537 1.187 2.158 0.763 0.538 0.643 0.000 0.599 1.392 1.694 1.777 1.928 0.327 1.462 1.804 1.166 1.550 1.792 0.227 2.508 1.272 2.477 1.402 1.557 1.392 1.379 2.485 1.588 0.947 1.704 2.157 1.422 1.300 0.493 0.340 9.286 1.011 1.326 1.191 1.510 1.658 0.844 1.773 1.988 0.690 1.043 1.781 2.244 9.410 9.411 9.412 2.134 2.526 3.086 3.437 3.498 3.518 3.419 3.520 3.591 3.461 3.592 3.623
0.000 0.000 0.000 0.000 0.120 0.235 0.406 0.497 0.504 0.644 1.789 1.622 1.752 0.560 1.867 0.744 1.647 0.810 1.943 1.088 0.883 0.104 0.684 1.512 1.395 0.968 2.477 0.753 3.023 3.183 0.798 2.472 2.403 0.116 2.523 1.238 2.503 1.338 1.302 0.599 3.375 1.888 1.247 1.564 2.077 1.164 1.401 1.059 0.355 0.804 3.281 1.316 1.571 0.922 1.223 1.139 1.613 1.928 0.543 2.638 9.394 9.394 2.254 1.759 3.261 0.834 3.057 3.247 3.407 3.438 3.479 3.419 3.440 3.451 3.512 3.712 3.653
0.000 0.000 0.024 0.020 0.045 0.408 0.573 0.485 0.624 1.542 1.520 1.767 0.132 1.766 0.757 1.643 1.826 1.958 1.622 0.529 0.690 1.358 1.303 1.028 2.135 2.127 0.897 0.968 2.372 1.883 0.566 0.679 2.484 2.425 0.435 2.478 1.144 2.539 1.542 2.159 1.695 1.248 0.727 1.765 1.220 1.377 1.383 1.449 0.418 0.419 1.010 1.115 0.943 0.952 0.817 0.963 0.942 4.049 9.365 2.861 3.388 0.931 2.312 0.776 1.551 0.794 2.967 2.947 3.338 3.388 3.469 3.549 3.400 3.351 3.422 3.402 3.503
0.000 0.059 0.065 0.213 0.379 0.303 0.245 0.275 1.697 1.634 1.832 0.341 0.667 0.785 1.678 2.072 1.785 1.158 1.362 0.788 1.351 1.583 1.008 2.060 0.673 0.818 0.627 2.583 0.193 0.810 2.282 1.104 0.490 2.436 2.408 0.222 2.545 1.099 1.382 0.211 0.958 1.051 1.668 0.955 1.292 1.218 1.196 1.324 1.296 1.644 0.443 0.935 3.613 1.033 1.621 9.348 4.141 3.646 1.083 1.290 0.835 1.436 0.685 0.556 0.748 0.812 3.047 2.987 3.178 3.188 3.279 3.500 3.440 3.301 3.452 3.533 3.583
0.038 0.477 0.447 0.828 0.415 0.535 0.364 1.490 1.577 1.906 0.000 1.901 0.671 1.833 0.943 1.591 1.124 1.007 1.883 2.017 1.215 0.859 1.408 0.454 1.253 0.719 1.427 2.623 2.515 0.911 0.707 1.324 2.986 0.972 2.319 2.342 0.188 2.570 1.372 3.536 2.738 1.712 1.069 0.745 3.743 1.099 1.258 1.346 1.386 1.554 1.531 0.316 1.553 9.313 1.548 1.270 1.148 0.984 1.280 1.304 0.828 1.451 1.442 0.803 0.675 0.655 2.917 2.947 3.068 3.258 3.219 3.560 3.541 3.381 3.482 3.533 3.674
0.412 0.446 0.557 0.379 1.010 0.383 0.812 1.261 1.663 0.033 1.676 1.370 0.922 0.574 0.789 0.907 2.093 1.836 1.191 1.657 1.553 1.037 1.417 0.924 2.144 3.209 2.456 2.602 2.716 2.659 2.610 0.679 3.176 1.188 0.715 2.364 2.219 0.288 2.319 0.514 1.042 1.126 1.883 2.365 0.433 0.870 1.039 1.117 1.296 1.464 1.343 1.041 3.485 1.302 1.257 1.266 0.796 0.984 1.488 2.220 1.894 1.917 2.099 1.372 0.591 2.776 2.737 2.797 3.208 3.279 3.289 3.400 3.531 3.451 3.502 3.703 3.574
0.563 0.605 0.407 0.153 1.820 0.378 0.702 0.945 1.698 1.708 0.815 0.814 0.812 0.879 1.282 0.952 1.852 0.796 1.440 0.925 2.093 0.825 2.036 1.740 0.502 0.938 0.926 0.473 2.617 2.689 2.671 2.523 0.461 1.487 0.999 0.624 1.325 2.338 1.203 0.684 1.143 1.889 1.903 1.967 1.304 3.199 0.739 1.098 1.206 1.224 0.977 0.878 1.374 0.322 1.267 0.955 1.446 0.892 3.037 2.158 1.393 2.106 2.078 1.769 0.592 2.996 3.157 3.227 3.298 3.309 3.429 3.340 3.431 3.452 3.652 3.523 3.704
