includes/lisflood-fp-604/results/res-0010.wdfp
ncols         631
nrows         906
xllcorner     364927.146667
yllcorner     6531972.565556
cellsize      20.000000
NODATA_value  -9999.000000
[rows 102 to 135 of 906, columns 154 to 230 of 631]
0.000 0.000 0.000 0.000 0.000 0.000 0.000 0.000 0.000 0.000 0.000 0.000 0.000 0.000 0.000 0.000 0.000 0.000 0.000 0.000 0.000 0.000 0.000 0.000 0.000 0.013 0.009 0.804 0.774 0.794 0.164 0.085 0.085 0.705 1.285 0.545 0.555 1.115 1.155 0.000 0.079 0.391 0.161 0.000 0.359 0.920 0.432 0.000 0.707 1.327 0.877 0.617 0.488 1.218 0.059 0.289 0.589 0.259 0.460 0.000 0.087 0.097 0.217 0.197 0.347 0.918 0.618 0.328 1.018 0.022 1.233 1.003 0.000 0.674 0.834 0.654 1.004
0.000 0.000 0.000 0.000 0.000 0.000 0.000 0.000 0.000 0.000 0.000 0.000 0.000 0.000 0.000 0.000 0.000 0.000 0.000 0.000 0.000 0.000 0.000 0.000 0.000 0.000 0.000 0.984 0.814 1.364 1.344 1.124 0.874 0.315 1.445 1.085 1.025 0.385 0.247 1.254 0.000 0.000 1.061 0.531 0.000 0.000 0.863 0.445 0.106 0.717 0.387 0.637 0.108 0.798 0.838 0.858 0.358 0.728 0.769 0.000 0.027 0.097 0.117 1.058 0.858 0.508 1.008 1.058 0.218 0.000 1.183 1.033 0.014 0.724 0.000 0.364 0.594
0.000 0.000 0.000 0.000 0.000 0.000 0.000 0.000 0.000 0.000 0.000 0.000 0.000 0.000 0.000 0.000 0.000 0.000 0.000 0.000 0.000 0.000 0.000 0.000 0.000 0.000 0.000 0.000 0.744 0.284 0.174 0.353 0.000 0.694 0.245 0.445 0.825 0.475 0.177 1.145 1.235 1.135 0.000 1.271 0.631 0.000 0.000 1.146 0.706 0.196 0.657 0.527 0.387 0.267 0.358 0.348 0.448 0.718 0.000 0.000 0.000 0.797 0.467 0.387 0.538 0.898 0.128 0.998 0.064 1.293 1.103 0.000 0.794 0.734 0.224 1.024 0.394
0.000 0.000 0.000 0.000 0.000 0.000 0.000 0.000 0.000 0.000 0.000 0.000 0.000 0.000 0.000 0.000 0.000 0.000 0.000 0.000 0.000 0.000 0.000 0.000 0.000 0.000 0.000 0.000 0.353 0.563 0.762 0.503 1.033 0.344 0.894 0.504 0.405 0.405 0.996 0.000 1.125 1.025 1.115 0.000 1.331 1.231 1.091 0.000 1.146 1.306 0.636 0.406 0.577 0.827 0.867 1.087 0.958 0.928 0.000 0.000 0.000 0.387 1.007 0.777 0.907 0.108 0.828 0.014 0.293 1.213 0.853 0.534 0.604 0.254 0.484 0.934 1.114
0.000 0.000 0.000 0.000 0.000 0.000 0.000 0.000 0.000 0.000 0.000 0.000 0.000 0.025 0.008 0.083 0.000 0.000 0.000 0.000 0.000 0.000 0.000 0.000 0.000 0.000 0.000 0.873 1.003 0.232 1.092 1.112 0.192 0.803 0.464 0.924 0.394 1.105 0.896 0.437 0.082 1.025 1.145 1.186 0.000 1.401 1.311 1.171 0.000 1.176 0.976 0.756 0.936 0.597 0.317 0.347 0.337 0.000 0.004 0.000 0.237 0.437 0.877 0.557 0.437 0.897 0.357 0.000 1.113 1.093 0.000 0.914 0.614 0.204 0.834 0.344 0.404
0.000 0.000 0.000 0.000 0.000 0.000 0.000 0.000 0.000 0.000 0.000 0.000 0.019 0.017 0.443 0.334 0.002 0.000 0.000 0.000 0.000 0.000 0.000 0.000 0.000 0.000 0.000 0.000 0.000 1.192 1.122 0.000 0.551 0.170 0.341 0.363 1.104 0.545 0.356 0.389 0.412 0.884 0.000 1.127 1.288 0.000 0.681 1.291 1.131 0.093 0.425 0.235 0.486 0.946 1.046 0.886 0.347 0.248 0.002 0.002 0.157 0.997 1.157 0.567 0.577 0.287 0.000 1.093 0.763 0.283 0.654 0.634 0.534 0.594 0.394 1.004 0.664
0.000 0.000 0.000 0.000 0.000 0.000 0.000 0.000 0.000 0.000 0.000 0.000 0.009 0.000 0.204 0.324 0.254 0.000 0.000 0.000 0.000 0.000 0.000 0.000 0.000 0.000 0.000 0.000 1.201 1.111 0.000 1.122 0.067 0.562 0.652 0.148 0.372 0.554 0.297 0.871 0.782 0.463 0.363 0.000 1.278 1.299 1.009 0.000 1.191 1.142 0.842 0.404 0.456 0.886 0.856 0.456 0.000 0.180 0.045 0.667 0.697 0.337 0.687 0.547 0.907 0.447 0.000 1.133 1.113 0.433 0.523 0.154 0.864 0.834 0.384 1.014 0.454
0.000 0.000 0.000 0.000 0.000 0.000 0.000 0.000 0.000 0.000 0.000 0.000 0.059 0.000 0.000 0.226 0.000 0.269 0.229 0.000 0.000 0.416 0.136 0.136 0.276 0.000 0.000 1.270 1.291 0.000 0.972 0.962 0.675 0.408 0.471 0.343 0.907 0.373 0.867 0.461 0.552 0.533 0.873 0.214 0.000 0.969 1.119 1.239 0.161 0.432 0.372 0.533 0.245 0.846 0.946 0.257 0.319 0.182 0.205 0.266 0.357 1.017 0.000 1.047 1.397 0.000 1.123 1.103 0.000 0.743 0.514 0.664 0.494 0.664 0.304 0.704 0.494
0.000 0.000 0.000 0.000 0.000 0.000 0.000 0.000 0.000 0.000 0.000 0.000 0.024 0.000 0.298 0.318 0.288 0.000 0.489 0.359 0.000 0.046 0.287 0.446 0.086 0.000 1.020 1.280 0.000 1.131 0.942 0.762 0.000 0.039 0.721 0.332 0.554 0.138 0.106 0.672 0.772 0.853 0.633 0.334 0.615 0.018 0.929 1.100 0.980 0.691 0.912 1.023 0.403 0.325 0.796 0.507 0.130 0.184 0.316 0.996 0.896 0.457 1.267 1.297 0.000 0.213 1.143 1.163 0.693 0.603 0.304 0.624 0.324 0.564 0.654 0.574 0.564
0.000 0.000 0.000 0.000 0.000 0.000 0.000 0.000 0.000 0.000 0.000 0.527 0.347 0.418 0.258 0.155 0.000 0.319 0.389 0.000 0.307 0.417 0.497 0.057 0.000 0.828 0.979 0.000 0.869 0.840 0.461 0.000 0.326 0.209 0.901 0.931 0.871 0.342 0.135 0.652 0.752 0.363 0.894 0.814 0.745 0.606 0.479 0.820 0.510 0.851 0.512 0.943 0.723 0.424 0.000 0.218 0.072 0.535 0.196 0.936 0.167 0.270 1.367 1.187 0.000 1.102 1.093 0.000 0.723 0.643 0.014 0.334 0.574 0.594 0.784 1.084 0.734
0.000 0.000 0.000 0.000 0.000 0.000 0.000 0.000 0.000 0.000 0.000 0.000 0.000 0.000 0.002 0.154 0.199 0.529 0.000 0.000 0.417 0.367 0.147 0.009 0.815 0.677 0.000 1.007 0.938 0.230 0.361 0.302 0.137 0.000 0.439 0.580 1.011 0.212 0.000 0.952 0.162 0.564 0.634 0.865 0.935 0.517 0.438 0.239 0.261 0.302 0.342 1.003 0.973 0.264 0.336 0.200 0.334 0.185 0.946 0.736 0.000 0.493 0.000 0.000 0.902 1.112 0.193 0.593 0.563 0.503 0.244 0.184 0.444 0.524 0.354 0.304 0.254
0.000 0.000 0.000 0.000 0.000 0.000 0.000 0.000 0.000 0.000 0.000 0.000 0.000 0.383 0.463 0.303 0.453 0.000 0.055 0.468 0.368 0.017 0.000 0.659 0.363 0.000 1.162 0.735 0.268 0.269 0.431 0.332 0.335 0.760 0.811 0.479 1.031 0.163 0.498 0.227 0.371 0.000 0.744 0.695 0.845 0.437 0.448 0.489 0.791 0.582 0.362 0.593 1.013 0.354 0.107 0.153 1.095 0.000 1.055 0.000 0.935 0.525 0.866 0.259 0.281 1.142 0.032 0.623 0.653 0.223 1.094 1.064 0.000 0.204 1.094 0.694 0.754
0.000 0.000 0.000 0.000 0.000 0.000 0.000 0.000 0.000 0.000 0.000 0.000 0.000 0.000 0.000 0.091 0.101 0.000 0.717 0.020 0.009 0.000 0.736 0.453 0.000 1.211 1.251 0.084 0.649 0.579 0.450 0.292 0.565 0.308 0.739 0.155 0.891 0.663 0.468 0.384 0.731 0.953 1.174 0.000 0.000 0.759 0.909 0.469 0.211 0.872 0.342 0.303 0.324 0.354 0.069 0.515 0.865 0.705 0.935 0.000 0.905 0.116 0.308 0.730 0.421 0.842 0.632 0.023 0.163 0.593 0.614 1.144 1.104 1.034 0.000 0.564 0.394
0.000 0.000 0.000 0.000 0.000 0.000 0.000 0.000 0.000 0.000 0.000 0.000 0.000 0.000 0.000 0.116 0.094 0.763 0.072 0.055 0.000 0.894 0.845 0.000 1.079 1.100 0.140 0.480 0.085 0.268 0.249 0.451 0.243 0.736 0.757 0.340 0.771 0.913 0.578 0.614 0.421 0.045 0.506 1.517 1.257 0.439 0.249 0.100 0.282 0.832 0.712 0.143 0.575 0.865 0.199 1.145 1.105 1.015 0.000 0.978 0.000 0.147 0.198 0.580 0.231 0.752 0.832 0.562 0.963 0.553 0.333 1.064 0.554 1.134 1.084 0.334 0.000
0.000 0.000 0.000 0.000 0.000 0.000 0.000 0.000 0.000 0.000 0.000 0.000 0.000 0.078 0.300 0.126 0.137 0.250 0.185 0.034 0.843 0.743 0.324 0.955 0.827 0.038 0.188 0.139 0.161 0.584 0.206 0.620 0.402 0.504 0.575 0.725 0.212 0.339 0.188 0.180 0.776 0.206 0.516 0.108 0.099 1.421 1.141 0.791 0.072 0.862 1.022 0.000 0.735 0.156 0.989 0.440 0.000 1.116 1.017 1.008 0.028 0.236 0.408 0.690 0.630 0.601 0.342 0.752 0.623 0.503 0.913 0.554 0.514 0.874 1.114 1.104 1.114
0.000 0.000 0.000 0.000 0.000 0.000 0.000 0.000 0.000 0.000 0.000 0.000 0.000 0.687 0.567 0.000 0.069 0.446 0.406 0.000 0.912 0.493 0.973 0.893 0.000 0.056 0.377 0.727 0.258 0.260 0.471 0.266 0.590 0.552 0.522 0.372 0.462 0.261 0.000 0.828 0.928 0.000 0.796 0.160 0.961 0.291 0.181 0.592 1.632 1.022 0.423 0.825 0.665 0.427 0.468 0.599 0.309 0.270 0.000 1.139 0.536 0.913 0.226 0.409 0.410 0.411 0.000 0.632 0.013 0.703 0.743 0.223 0.424 0.484 0.494 0.114 1.104
0.000 0.000 0.000 0.000 0.000 0.000 0.000 0.000 0.000 0.000 0.000 0.000 0.000 0.456 0.757 0.018 0.437 0.507 0.410 0.920 0.871 0.000 0.322 0.692 0.381 0.461 0.034 0.325 0.295 0.237 0.750 0.263 0.589 0.310 0.460 0.569 0.819 0.000 0.000 0.708 0.928 0.878 0.000 0.781 0.251 0.822 0.892 0.982 0.862 0.483 0.000 0.825 0.095 0.887 0.447 0.000 1.179 1.289 0.390 0.000 0.063 0.884 0.835 0.339 0.290 0.141 0.301 0.142 0.573 0.583 0.583 0.413 0.834 0.754 0.824 0.694 1.014
0.000 0.000 0.000 0.000 0.000 0.000 0.000 0.000 0.000 0.000 0.000 0.000 0.765 0.735 0.000 0.022 0.000 0.010 0.000 0.540 0.109 0.339 0.409 0.771 0.731 0.000 0.391 0.672 0.663 0.553 0.304 0.454 0.227 0.089 0.090 0.500 0.168 0.631 0.841 0.000 0.928 0.979 0.979 0.000 0.762 0.342 0.000 0.962 0.000 0.584 0.955 0.905 0.925 0.226 1.237 0.987 0.678 0.000 0.611 0.000 0.904 0.045 0.337 0.119 0.730 0.631 0.621 0.621 0.482 0.713 0.733 0.613 0.594 0.494 0.444 0.325 0.415
0.000 0.000 0.000 0.000 0.000 0.000 0.000 0.000 0.000 0.000 0.000 0.604 0.565 0.000 0.000 0.083 0.000 0.003 0.014 0.000 0.209 0.000 0.434 0.216 0.781 0.861 0.871 0.741 0.000 0.000 0.610 0.661 0.391 0.611 0.721 0.661 0.611 0.621 1.001 0.541 0.000 0.819 0.999 0.990 0.172 0.682 1.022 0.832 0.343 0.224 0.535 0.345 0.265 1.006 0.097 1.147 0.000 0.568 0.284 1.007 0.364 0.247 0.408 0.299 0.810 0.621 0.621 0.501 0.602 0.452 0.403 0.283 0.294 0.384 0.844 0.535 0.675
0.000 0.000 0.000 0.000 0.000 0.000 0.000 0.000 0.000 0.000 0.564 0.784 0.000 0.000 0.000 0.253 0.000 0.023 0.000 0.000 0.488 0.808 0.678 0.978 0.000 0.000 0.178 0.899 0.629 0.859 0.749 0.079 0.539 0.299 0.469 0.490 0.440 0.020 0.210 0.540 0.420 0.000 0.000 0.991 1.002 0.802 0.822 0.842 0.204 0.545 0.605 0.735 0.466 1.326 1.156 1.137 1.037 0.778 0.124 0.000 1.037 0.767 1.018 0.099 0.700 0.600 0.571 0.501 0.612 0.522 0.603 0.583 0.564 0.564 0.684 0.435 0.405
0.000 0.000 0.000 0.000 0.000 0.000 0.000 0.409 0.000 0.872 0.433 0.000 0.000 0.000 0.000 0.007 0.000 0.000 0.077 0.028 0.378 0.528 0.848 0.798 0.377 0.487 0.289 0.748 0.000 0.000 0.938 0.788 0.638 0.228 0.518 0.658 0.268 0.387 0.407 0.000 0.610 0.700 0.050 0.000 0.912 1.052 0.972 0.000 0.695 0.815 0.305 1.026 1.416 1.026 1.086 0.417 0.667 0.349 1.233 1.243 0.100 0.285 1.049 1.030 0.930 0.580 0.261 0.541 0.502 0.582 0.703 0.173 0.264 0.184 0.365 0.315 0.686
0.000 0.000 0.000 0.000 0.000 0.000 0.000 0.057 0.922 1.132 0.000 0.000 0.000 0.000 0.000 0.002 0.000 0.000 0.363 0.000 0.648 0.688 0.528 0.447 0.606 0.405 0.762 0.145 0.075 0.671 0.411 0.135 0.536 0.695 0.745 0.156 0.376 0.266 0.437 0.017 0.019 1.270 0.940 0.710 0.000 1.062 0.982 0.952 0.000 0.755 1.095 0.675 0.216 1.066 0.046 0.847 1.107 0.547 0.116 1.114 1.174 1.244 0.000 1.130 1.010 0.970 0.091 0.581 0.562 0.562 0.643 0.693 0.244 0.294 0.805 0.725 0.596
0.000 0.000 0.000 0.000 0.000 0.019 0.011 0.791 0.432 0.000 0.000 0.000 0.000 0.000 0.000 0.000 0.000 0.363 0.473 0.000 0.348 0.037 0.186 0.586 0.506 0.202 0.538 0.417 0.307 0.134 0.545 0.000 0.284 0.654 0.574 0.644 0.385 0.446 0.696 0.607 0.817 0.000 1.250 1.140 0.940 0.000 1.062 0.933 0.943 0.325 0.435 0.425 1.015 0.406 1.026 1.066 0.266 0.406 1.156 0.000 1.214 1.234 1.215 0.000 0.000 1.100 0.971 0.941 0.211 0.271 0.043 0.553 0.644 0.524 0.285 0.375 1.006
0.000 0.000 0.000 0.000 0.000 0.001 0.013 0.000 0.000 0.000 0.000 0.000 0.000 0.000 0.000 0.000 0.000 0.613 0.000 0.000 0.000 0.135 0.605 0.605 0.314 0.267 0.854 0.864 0.457 0.351 1.033 0.175 0.400 0.542 0.592 0.554 0.425 0.376 0.096 0.427 0.807 0.517 0.000 1.330 1.170 0.960 0.000 0.113 0.884 0.835 0.925 1.075 0.965 1.025 0.296 0.226 0.216 0.906 0.836 0.000 0.183 0.494 1.195 1.106 1.196 0.000 1.141 0.961 0.991 0.351 0.000 0.493 0.084 0.585 0.605 0.915 0.996
0.000 0.000 0.000 0.000 0.000 0.000 0.000 0.000 0.000 0.000 0.000 0.000 0.000 0.000 0.000 0.000 0.000 0.363 0.038 0.000 0.000 0.000 0.000 0.445 0.020 0.250 0.692 0.843 0.000 0.000 0.783 0.213 0.336 0.510 0.699 0.111 0.585 0.306 0.436 0.767 0.257 0.867 0.977 0.329 1.200 1.170 0.860 0.000 0.000 0.685 0.915 1.005 0.775 0.755 1.096 1.046 1.116 1.016 0.000 1.048 0.288 1.120 0.000 1.246 1.226 1.197 0.000 0.000 1.061 1.011 0.960 0.042 0.193 0.334 0.445 0.515 0.406
0.000 0.000 0.000 0.000 0.000 0.000 0.000 0.000 0.000 0.000 0.000 0.000 0.000 0.000 0.000 0.000 0.000 0.000 0.923 0.733 0.000 0.000 0.255 0.775 0.047 0.664 0.497 0.177 0.361 0.000 0.235 0.495 0.526 0.094 0.707 0.727 0.000 0.000 0.496 0.206 0.837 0.457 0.128 0.419 0.760 0.220 0.781 0.702 0.173 0.000 0.855 0.915 1.175 0.575 0.396 0.486 1.126 0.001 1.046 0.132 0.386 0.810 0.000 0.346 0.000 1.228 1.129 1.209 0.000 0.700 1.050 1.220 1.091 0.484 0.605 0.985 0.705
0.000 0.000 0.000 0.000 0.000 0.000 0.000 0.000 0.000 0.000 0.000 0.000 0.000 0.000 0.000 0.000 0.000 0.000 0.000 0.583 0.233 0.174 0.012 0.054 0.429 0.671 0.631 0.570 0.660 0.392 0.501 0.349 0.272 0.653 0.724 0.099 0.647 0.000 0.326 0.043 0.767 0.287 0.668 0.589 0.319 0.469 0.040 1.093 0.684 0.274 0.000 0.915 0.835 1.045 1.135 0.516 1.116 1.116 1.036 0.248 0.868 0.000 0.880 0.130 0.749 0.000 1.199 1.199 1.190 0.000 0.000 1.080 0.411 1.054 0.985 0.695 0.785
0.000 0.000 0.000 0.000 0.000 0.000 0.000 0.000 0.000 0.000 0.000 0.000 0.000 0.000 0.000 0.000 0.000 0.000 0.000 0.163 0.283 0.244 0.455 0.565 0.437 0.438 0.709 0.589 0.749 0.739 0.195 0.135 0.554 0.227 0.383 0.017 0.716 0.756 0.000 0.562 0.111 0.114 0.658 0.218 0.478 0.108 0.448 0.012 1.115 1.125 1.015 0.234 0.249 0.245 0.925 0.466 0.646 0.926 0.946 0.000 0.938 0.868 0.000 0.729 0.659 0.000 0.000 0.000 1.191 1.252 1.005 0.909 1.049 0.194 0.535 0.755 0.000
0.000 0.000 0.000 0.000 0.000 0.000 0.211 0.143 0.246 0.185 0.364 0.000 0.000 0.000 0.000 0.000 0.000 0.000 0.143 0.473 0.083 0.000 0.324 0.765 0.785 0.736 0.408 0.768 0.738 0.428 0.000 0.337 0.688 0.026 0.243 0.000 0.846 0.068 0.972 0.792 0.108 0.000 0.518 0.128 0.438 0.538 0.718 0.468 0.000 1.235 1.025 0.955 0.000 1.006 0.326 0.296 0.986 0.756 0.507 0.997 0.858 0.000 0.788 0.668 0.179 0.910 0.270 1.021 0.238 1.032 0.085 0.679 0.290 0.204 0.996 0.247 0.649
0.000 0.000 0.000 0.000 0.000 0.000 0.022 0.000 0.005 0.000 0.526 0.254 0.000 0.000 0.000 0.000 0.000 0.000 0.153 0.173 0.623 0.363 0.693 0.723 0.533 0.000 0.000 0.285 0.665 0.525 0.684 0.754 0.625 0.000 0.743 0.000 0.816 0.000 0.921 0.882 0.348 0.773 0.052 0.177 0.087 0.658 0.428 0.708 0.502 1.055 0.895 0.000 0.586 0.956 1.056 1.266 1.036 0.336 0.657 1.217 0.328 0.948 0.000 0.958 0.978 0.000 0.770 0.840 0.216 1.242 0.000 0.000 0.952 0.165 0.387 1.058 0.649
0.000 0.000 0.000 0.000 0.000 0.000 0.006 0.000 0.023 0.117 0.000 0.313 0.538 0.000 0.000 0.000 0.000 0.000 0.000 0.023 0.063 0.000 0.642 0.402 0.762 0.811 0.771 0.792 0.793 0.463 0.703 0.763 0.793 0.433 0.000 0.836 0.886 0.000 0.960 0.000 0.000 0.576 0.786 0.000 0.671 0.135 0.767 0.748 0.252 0.305 0.226 0.000 0.985 0.196 0.936 1.186 1.196 0.146 0.867 0.577 0.408 1.108 1.088 0.000 0.518 0.879 0.690 0.270 0.964 0.107 1.087 1.087 0.147 0.977 0.187 0.288 0.959
0.000 0.000 0.000 0.000 0.000 0.000 0.000 0.000 0.157 0.408 0.438 0.000 0.629 0.510 0.000 0.000 0.000 0.000 0.000 0.000 0.000 0.116 0.324 0.014 0.207 1.061 0.661 0.782 0.712 0.473 0.583 0.723 0.783 0.803 0.435 0.806 0.577 0.758 0.859 0.000 0.047 0.827 0.418 0.430 0.671 0.773 0.705 0.037 0.333 0.575 0.139 0.923 0.218 0.000 0.000 0.000 1.146 1.216 0.857 0.797 0.938 0.239 0.072 1.076 0.976 0.000 0.730 0.900 0.006 0.092 0.807 1.057 1.117 0.957 0.467 0.868 0.260
0.000 0.000 0.000 0.000 0.000 0.000 0.000 0.000 0.167 0.000 0.448 0.469 0.000 0.681 0.000 0.000 0.000 0.000 0.000 0.000 0.000 0.366 0.339 0.399 0.356 0.329 0.322 0.273 0.213 0.000 0.592 0.712 0.472 0.253 0.114 0.786 0.000 0.878 0.948 0.000 0.937 0.387 0.508 0.810 0.830 0.092 0.263 0.283 0.212 0.199 0.708 0.000 0.470 0.925 0.985 1.005 1.206 0.386 0.000 0.000 0.481 1.134 0.834 0.815 0.226 0.966 0.199 0.750 0.880 0.000 0.000 1.037 1.007 1.077 1.187 0.000 0.872
0.000 0.000 0.000 0.000 0.000 0.000 0.000 0.000 0.000 0.014 0.034 0.359 0.480 0.309 0.000 0.000 0.000 0.000 0.000 0.000 0.054 0.310 0.501 0.376 0.319 0.231 0.327 1.027 1.077 0.000 0.478 0.379 0.579 0.011 0.674 0.825 0.000 0.738 0.558 0.000 0.817 0.037 0.218 0.140 0.850 0.451 0.841 0.801 0.281 0.202 0.978 0.329 0.204 0.000 0.335 0.905 0.000 0.190 0.232 0.263 0.000 0.934 0.194 0.555 0.296 0.896 0.000 0.910 1.200 0.000 0.007 0.000 0.000 0.997 1.037 1.187 0.092
