includes/lisflood-fp-604/results/res-0006.wd
ncols         631
nrows         906
xllcorner     364927.146600
yllcorner     6531972.565600
cellsize      20.000000
NODATA_value  -9999.000000
[rows 238 to 271 of 906, columns 462 to 538 of 631]
5.164 5.213 5.262 5.310 5.360 5.410 5.461 5.511 5.561 5.611 5.661 5.711 5.761 5.812 5.828 5.815 5.786 5.758 5.729 5.704 5.678 5.653 5.627 5.602 5.576 5.551 5.525 5.500 5.474 5.449 5.423 5.432 5.444 5.457 5.469 5.477 5.468 5.460 5.451 5.443 5.434 5.426 5.417 5.410 5.411 5.411 5.412 5.413 5.413 5.414 5.420 5.466 5.512 5.557 5.591 5.625 5.659 5.693 5.727 5.761 5.796 5.967 6.169 6.371 6.572 6.774 6.976 7.186 7.409 7.631 7.853 8.075 8.297 8.520 8.687 8.850 9.012
5.139 5.189 5.239 5.290 5.340 5.390 5.440 5.490 5.540 5.591 5.641 5.691 5.741 5.767 5.782 5.785 5.757 5.729 5.700 5.672 5.643 5.615 5.588 5.562 5.537 5.511 5.486 5.460 5.435 5.409 5.384 5.386 5.398 5.410 5.416 5.408 5.399 5.391 5.382 5.374 5.365 5.357 5.348 5.340 5.339 5.339 5.340 5.341 5.341 5.342 5.383 5.429 5.475 5.521 5.563 5.597 5.631 5.665 5.699 5.733 5.798 6.000 6.201 6.403 6.604 6.806 7.008 7.209 7.422 7.645 7.867 8.089 8.311 8.516 8.678 8.840 9.003
5.119 5.169 5.219 5.269 5.319 5.369 5.420 5.470 5.520 5.570 5.620 5.670 5.707 5.722 5.737 5.752 5.728 5.699 5.671 5.642 5.614 5.586 5.557 5.529 5.500 5.472 5.446 5.421 5.395 5.370 5.344 5.339 5.351 5.356 5.347 5.339 5.330 5.322 5.313 5.305 5.296 5.287 5.279 5.270 5.267 5.267 5.268 5.269 5.269 5.301 5.347 5.392 5.438 5.484 5.530 5.568 5.603 5.637 5.671 5.705 5.830 6.032 6.233 6.435 6.637 6.838 7.040 7.242 7.443 7.659 7.881 8.103 8.325 8.507 8.669 8.831 8.993
5.098 5.148 5.198 5.249 5.299 5.349 5.399 5.449 5.500 5.550 5.600 5.647 5.661 5.676 5.691 5.706 5.698 5.670 5.642 5.613 5.585 5.556 5.528 5.500 5.471 5.443 5.414 5.386 5.357 5.331 5.305 5.292 5.295 5.286 5.278 5.269 5.261 5.252 5.244 5.235 5.227 5.218 5.210 5.201 5.195 5.195 5.196 5.197 5.218 5.264 5.310 5.356 5.402 5.448 5.494 5.540 5.574 5.608 5.642 5.677 5.862 6.064 6.266 6.467 6.669 6.870 7.072 7.274 7.475 7.677 7.895 8.117 8.335 8.497 8.660 8.822 8.984
5.087 5.128 5.178 5.228 5.278 5.329 5.379 5.429 5.479 5.529 5.579 5.601 5.616 5.631 5.646 5.660 5.669 5.641 5.613 5.584 5.556 5.527 5.499 5.470 5.442 5.413 5.385 5.357 5.328 5.300 5.271 5.271 5.236 5.217 5.209 5.200 5.192 5.183 5.175 5.166 5.158 5.149 5.141 5.132 5.123 5.123 5.124 5.135 5.181 5.227 5.273 5.319 5.365 5.411 5.457 5.503 5.546 5.580 5.614 5.693 5.894 6.096 6.298 6.499 6.701 6.903 7.104 7.306 7.507 7.709 7.911 8.131 8.326 8.488 8.650 8.813 8.975
5.080 5.107 5.158 5.208 5.258 5.308 5.358 5.408 5.459 5.509 5.541 5.555 5.570 5.585 5.600 5.615 5.630 5.612 5.583 5.555 5.526 5.498 5.470 5.441 5.413 5.384 5.356 5.327 5.299 5.271 5.266 5.307 5.297 5.263 5.229 5.195 5.160 5.126 5.105 5.097 5.088 5.080 5.071 5.063 5.054 5.051 5.053 5.099 5.144 5.190 5.236 5.282 5.328 5.374 5.420 5.466 5.512 5.552 5.586 5.725 5.926 6.128 6.330 6.531 6.733 6.935 7.136 7.338 7.540 7.741 7.943 8.145 8.317 8.478 8.636 8.794 8.952
5.072 5.088 5.137 5.187 5.237 5.288 5.338 5.388 5.438 5.480 5.495 5.510 5.525 5.540 5.555 5.569 5.584 5.582 5.554 5.526 5.497 5.469 5.440 5.412 5.384 5.355 5.327 5.298 5.270 5.256 5.296 5.337 5.358 5.324 5.290 5.255 5.221 5.187 5.152 5.118 5.084 5.050 5.015 4.994 4.985 4.979 5.016 5.062 5.108 5.154 5.200 5.246 5.292 5.338 5.384 5.429 5.475 5.521 5.558 5.757 5.959 6.160 6.362 6.563 6.765 6.959 7.153 7.346 7.540 7.734 7.927 8.107 8.253 8.411 8.569 8.726 8.884
5.065 5.081 5.117 5.167 5.217 5.267 5.317 5.367 5.418 5.435 5.450 5.464 5.479 5.494 5.509 5.524 5.539 5.553 5.525 5.496 5.468 5.440 5.411 5.383 5.354 5.326 5.297 5.269 5.246 5.286 5.326 5.367 5.407 5.385 5.350 5.316 5.282 5.247 5.213 5.179 5.145 5.110 5.076 5.042 5.008 4.980 5.015 5.059 5.103 5.147 5.192 5.236 5.280 5.324 5.369 5.413 5.457 5.501 5.571 5.765 5.958 6.152 6.345 6.539 6.733 6.926 7.120 7.314 7.507 7.701 7.894 8.050 8.192 8.343 8.501 8.659 8.817
5.058 5.073 5.096 5.146 5.197 5.247 5.297 5.347 5.374 5.389 5.404 5.419 5.434 5.449 5.463 5.478 5.493 5.508 5.496 5.467 5.439 5.410 5.382 5.354 5.325 5.297 5.268 5.240 5.276 5.316 5.356 5.396 5.437 5.445 5.411 5.377 5.342 5.308 5.274 5.240 5.206 5.171 5.137 5.103 5.072 5.049 5.048 5.092 5.136 5.180 5.225 5.269 5.313 5.357 5.402 5.446 5.490 5.534 5.607 5.732 5.925 6.119 6.312 6.506 6.700 6.893 7.087 7.280 7.474 7.668 7.852 7.994 8.136 8.278 8.434 8.591 8.749
5.051 5.066 5.082 5.126 5.176 5.226 5.276 5.314 5.329 5.344 5.358 5.373 5.388 5.403 5.418 5.433 5.448 5.462 5.466 5.438 5.410 5.381 5.353 5.324 5.296 5.267 5.239 5.266 5.306 5.346 5.386 5.426 5.466 5.506 5.472 5.437 5.403 5.369 5.335 5.301 5.266 5.232 5.198 5.164 5.141 5.119 5.096 5.125 5.169 5.213 5.258 5.302 5.346 5.390 5.435 5.479 5.523 5.582 5.657 5.732 5.892 6.086 6.279 6.473 6.667 6.860 7.054 7.248 7.441 7.635 7.796 7.938 8.080 8.222 8.366 8.524 8.682
5.044 5.059 5.075 5.105 5.156 5.206 5.253 5.268 5.283 5.298 5.313 5.328 5.343 5.357 5.372 5.387 5.402 5.417 5.432 5.409 5.380 5.352 5.324 5.295 5.267 5.238 5.256 5.296 5.336 5.376 5.416 5.456 5.496 5.537 5.532 5.498 5.464 5.430 5.396 5.361 5.327 5.293 5.258 5.233 5.211 5.188 5.166 5.158 5.202 5.247 5.291 5.335 5.379 5.424 5.468 5.512 5.558 5.632 5.707 5.782 5.859 6.053 6.246 6.440 6.634 6.827 7.021 7.215 7.408 7.598 7.740 7.882 8.024 8.166 8.308 8.457 8.614
5.037 5.052 5.067 5.085 5.135 5.185 5.208 5.223 5.238 5.252 5.267 5.282 5.297 5.312 5.327 5.342 5.356 5.371 5.386 5.380 5.351 5.323 5.294 5.266 5.238 5.245 5.286 5.326 5.366 5.406 5.446 5.486 5.526 5.566 5.593 5.559 5.525 5.491 5.456 5.422 5.388 5.353 5.325 5.303 5.280 5.258 5.235 5.213 5.235 5.280 5.324 5.368 5.412 5.456 5.501 5.545 5.607 5.682 5.757 5.832 5.906 6.020 6.213 6.407 6.601 6.794 6.988 7.182 7.375 7.542 7.684 7.826 7.968 8.110 8.252 8.394 8.547
5.030 5.045 5.060 5.076 5.115 5.147 5.162 5.177 5.192 5.207 5.222 5.237 5.251 5.266 5.281 5.296 5.311 5.326 5.341 5.350 5.322 5.294 5.265 5.237 5.235 5.275 5.316 5.356 5.396 5.436 5.476 5.516 5.556 5.596 5.637 5.620 5.586 5.551 5.517 5.483 5.449 5.417 5.395 5.372 5.350 5.327 5.305 5.282 5.268 5.313 5.357 5.401 5.445 5.490 5.534 5.583 5.657 5.732 5.807 5.882 5.956 6.031 6.180 6.374 6.568 6.761 6.955 7.149 7.342 7.486 7.628 7.770 7.912 8.054 8.196 8.338 8.480
5.015 5.033 5.050 5.068 5.087 5.102 5.117 5.132 5.146 5.161 5.176 5.191 5.206 5.221 5.236 5.251 5.265 5.280 5.295 5.310 5.293 5.264 5.236 5.225 5.265 5.305 5.345 5.386 5.426 5.466 5.506 5.546 5.586 5.626 5.666 5.681 5.646 5.612 5.578 5.544 5.509 5.486 5.464 5.442 5.419 5.397 5.374 5.352 5.329 5.346 5.390 5.434 5.478 5.523 5.567 5.632 5.707 5.782 5.857 5.931 6.006 6.081 6.156 6.341 6.535 6.728 6.922 7.116 7.288 7.430 7.572 7.714 7.856 7.998 8.140 8.282 8.424
5.001 5.018 5.035 5.053 5.073 5.082 5.091 5.100 5.109 5.118 5.131 5.145 5.160 5.175 5.190 5.205 5.220 5.235 5.250 5.264 5.264 5.235 5.215 5.255 5.295 5.335 5.375 5.416 5.456 5.496 5.536 5.576 5.616 5.656 5.696 5.737 5.707 5.673 5.639 5.604 5.578 5.556 5.533 5.511 5.489 5.466 5.444 5.421 5.399 5.379 5.423 5.467 5.511 5.556 5.607 5.682 5.757 5.832 5.906 5.981 6.056 6.131 6.206 6.308 6.502 6.695 6.889 7.083 7.232 7.374 7.516 7.658 7.800 7.942 8.084 8.226 8.368
4.986 5.003 5.021 5.041 5.061 5.073 5.082 5.091 5.100 5.108 5.117 5.126 5.135 5.144 5.153 5.162 5.174 5.189 5.204 5.219 5.234 5.206 5.245 5.285 5.325 5.365 5.405 5.446 5.486 5.526 5.566 5.606 5.646 5.686 5.726 5.767 5.768 5.734 5.699 5.670 5.648 5.625 5.603 5.580 5.558 5.536 5.513 5.491 5.468 5.446 5.456 5.500 5.544 5.589 5.657 5.732 5.807 5.882 5.956 6.031 6.106 6.181 6.255 6.330 6.469 6.662 6.856 7.034 7.176 7.318 7.460 7.602 7.744 7.886 8.028 8.170 8.312
4.971 4.989 5.009 5.029 5.048 5.064 5.072 5.081 5.090 5.099 5.108 5.117 5.126 5.135 5.144 5.153 5.162 5.170 5.179 5.188 5.197 5.230 5.275 5.315 5.355 5.395 5.435 5.475 5.516 5.556 5.596 5.636 5.676 5.716 5.756 5.796 5.829 5.794 5.762 5.740 5.717 5.695 5.672 5.650 5.627 5.605 5.583 5.560 5.538 5.515 5.493 5.533 5.577 5.632 5.707 5.782 5.857 5.931 6.006 6.081 6.156 6.230 6.305 6.380 6.455 6.630 6.823 6.978 7.120 7.262 7.404 7.546 7.688 7.830 7.972 8.114 8.256
4.957 4.977 4.997 5.016 5.036 5.054 5.063 5.072 5.081 5.090 5.099 5.108 5.117 5.126 5.134 5.143 5.152 5.161 5.170 5.179 5.197 5.224 5.268 5.312 5.357 5.401 5.446 5.490 5.534 5.579 5.623 5.666 5.706 5.746 5.786 5.826 5.867 5.855 5.831 5.809 5.787 5.764 5.742 5.719 5.697 5.674 5.652 5.630 5.607 5.585 5.562 5.566 5.610 5.682 5.757 5.832 5.907 5.981 6.056 6.131 6.206 6.280 6.355 6.430 6.505 6.597 6.780 6.922 7.064 7.206 7.348 7.490 7.632 7.774 7.916 8.058 8.200
4.945 4.965 4.984 5.004 5.024 5.043 5.054 5.063 5.072 5.081 5.090 5.099 5.107 5.116 5.125 5.134 5.143 5.152 5.161 5.176 5.200 5.225 5.261 5.306 5.350 5.394 5.439 5.483 5.527 5.572 5.616 5.661 5.705 5.749 5.794 5.838 5.883 5.905 5.886 5.866 5.846 5.827 5.807 5.788 5.766 5.744 5.721 5.699 5.677 5.654 5.632 5.609 5.657 5.732 5.807 5.882 5.956 6.031 6.106 6.181 6.255 6.330 6.402 6.474 6.545 6.617 6.723 6.864 7.006 7.147 7.289 7.431 7.572 7.714 7.855 7.997 8.138
4.933 4.952 4.972 4.992 5.011 5.031 5.045 5.054 5.063 5.072 5.081 5.089 5.098 5.107 5.116 5.125 5.134 5.143 5.154 5.179 5.203 5.228 5.254 5.299 5.343 5.387 5.432 5.476 5.521 5.565 5.609 5.654 5.698 5.743 5.787 5.831 5.871 5.896 5.892 5.873 5.853 5.833 5.814 5.794 5.775 5.755 5.736 5.716 5.696 5.677 5.657 5.638 5.654 5.726 5.798 5.870 5.941 6.013 6.085 6.157 6.229 6.300 6.372 6.444 6.516 6.589 6.676 6.803 6.945 7.086 7.228 7.369 7.511 7.652 7.794 7.935 8.077
4.920 4.940 4.960 4.979 4.999 5.019 5.036 5.045 5.053 5.062 5.071 5.080 5.089 5.098 5.107 5.116 5.125 5.134 5.157 5.182 5.206 5.231 5.256 5.292 5.336 5.381 5.425 5.469 5.514 5.558 5.603 5.647 5.691 5.736 5.780 5.825 5.852 5.877 5.899 5.879 5.860 5.840 5.820 5.801 5.781 5.762 5.742 5.722 5.703 5.683 5.664 5.655 5.655 5.697 5.768 5.840 5.912 5.984 6.055 6.127 6.199 6.271 6.343 6.414 6.486 6.567 6.653 6.742 6.883 7.025 7.166 7.308 7.449 7.591 7.732 7.874 8.015
4.908 4.928 4.947 4.967 4.987 5.006 5.026 5.035 5.044 5.053 5.062 5.071 5.080 5.089 5.098 5.107 5.115 5.135 5.160 5.185 5.209 5.234 5.259 5.285 5.329 5.374 5.418 5.463 5.507 5.551 5.596 5.640 5.685 5.729 5.773 5.807 5.832 5.858 5.883 5.886 5.866 5.847 5.827 5.807 5.788 5.768 5.749 5.729 5.710 5.690 5.673 5.673 5.672 5.672 5.739 5.810 5.882 5.954 6.026 6.098 6.169 6.241 6.313 6.385 6.458 6.545 6.631 6.717 6.822 6.963 7.105 7.246 7.388 7.529 7.671 7.812 7.954
4.896 4.915 4.935 4.955 4.974 4.994 5.014 5.026 5.035 5.044 5.053 5.062 5.071 5.080 5.088 5.097 5.113 5.138 5.163 5.188 5.213 5.237 5.262 5.287 5.323 5.367 5.411 5.456 5.500 5.545 5.589 5.633 5.678 5.722 5.762 5.788 5.813 5.839 5.864 5.890 5.873 5.853 5.834 5.814 5.794 5.775 5.755 5.736 5.716 5.697 5.691 5.690 5.690 5.689 5.709 5.781 5.853 5.924 5.996 6.068 6.140 6.212 6.283 6.355 6.436 6.522 6.608 6.695 6.781 6.902 7.043 7.185 7.326 7.468 7.609 7.751 7.892
4.883 4.903 4.922 4.942 4.962 4.981 5.001 5.017 5.026 5.035 5.044 5.053 5.061 5.070 5.079 5.092 5.116 5.141 5.166 5.191 5.216 5.240 5.265 5.290 5.316 5.360 5.405 5.449 5.493 5.538 5.582 5.627 5.671 5.715 5.743 5.768 5.794 5.819 5.845 5.870 5.879 5.860 5.840 5.821 5.801 5.781 5.762 5.742 5.723 5.709 5.708 5.708 5.707 5.706 5.706 5.751 5.823 5.895 5.967 6.038 6.110 6.182 6.254 6.327 6.413 6.500 6.586 6.672 6.758 6.845 6.982 7.123 7.265 7.406 7.548 7.690 7.831
4.871 4.890 4.910 4.930 4.949 4.969 4.989 5.008 5.017 5.025 5.034 5.043 5.052 5.061 5.070 5.095 5.119 5.144 5.169 5.194 5.219 5.243 5.268 5.293 5.318 5.353 5.398 5.442 5.486 5.531 5.575 5.620 5.664 5.698 5.724 5.749 5.775 5.800 5.826 5.851 5.877 5.866 5.847 5.827 5.808 5.788 5.768 5.749 5.729 5.726 5.726 5.725 5.724 5.724 5.723 5.723 5.793 5.865 5.937 6.009 6.080 6.152 6.224 6.305 6.391 6.477 6.563 6.650 6.736 6.822 6.920 7.062 7.203 7.345 7.486 7.628 7.770
4.858 4.878 4.898 4.917 4.937 4.957 4.976 4.996 5.007 5.016 5.025 5.034 5.043 5.052 5.073 5.098 5.122 5.147 5.172 5.197 5.222 5.246 5.271 5.296 5.321 5.346 5.391 5.435 5.480 5.524 5.568 5.613 5.653 5.679 5.704 5.730 5.755 5.781 5.806 5.832 5.857 5.873 5.853 5.834 5.814 5.794 5.775 5.755 5.744 5.744 5.743 5.742 5.742 5.741 5.741 5.740 5.764 5.835 5.907 5.979 6.051 6.123 6.196 6.282 6.368 6.455 6.541 6.627 6.713 6.800 6.886 7.000 7.142 7.284 7.425 7.567 7.702
4.846 4.866 4.885 4.905 4.925 4.944 4.964 4.984 4.998 5.007 5.016 5.025 5.034 5.051 5.076 5.101 5.125 5.150 5.175 5.200 5.225 5.249 5.274 5.299 5.324 5.348 5.384 5.428 5.473 5.517 5.562 5.606 5.634 5.659 5.685 5.711 5.736 5.762 5.787 5.813 5.838 5.864 5.860 5.840 5.821 5.801 5.782 5.762 5.762 5.761 5.760 5.760 5.759 5.759 5.758 5.757 5.757 5.806 5.878 5.949 6.021 6.093 6.173 6.260 6.346 6.432 6.518 6.605 6.691 6.777 6.863 6.950 7.081 7.222 7.364 7.505 7.633
4.834 4.853 4.873 4.893 4.912 4.932 4.952 4.971 4.989 4.998 5.007 5.016 5.029 5.054 5.079 5.104 5.128 5.153 5.178 5.203 5.228 5.252 5.277 5.302 5.327 5.351 5.377 5.422 5.466 5.510 5.555 5.589 5.615 5.640 5.666 5.691 5.717 5.742 5.768 5.793 5.819 5.844 5.866 5.847 5.827 5.808 5.788 5.780 5.779 5.779 5.778 5.777 5.777 5.776 5.775 5.775 5.774 5.776 5.848 5.920 5.992 6.065 6.151 6.237 6.323 6.410 6.496 6.582 6.668 6.755 6.841 6.927 7.019 7.161 7.302 7.440 7.563
4.822 4.841 4.861 4.880 4.900 4.920 4.939 4.959 4.979 4.989 4.997 5.007 5.032 5.057 5.082 5.107 5.131 5.156 5.181 5.206 5.231 5.255 5.280 5.305 5.330 5.354 5.379 5.415 5.459 5.504 5.544 5.570 5.595 5.621 5.646 5.672 5.698 5.723 5.749 5.774 5.800 5.825 5.851 5.853 5.834 5.814 5.798 5.797 5.797 5.796 5.795 5.795 5.794 5.793 5.793 5.792 5.792 5.791 5.818 5.890 5.962 6.042 6.128 6.215 6.301 6.387 6.473 6.560 6.646 6.732 6.818 6.905 6.991 7.099 7.241 7.370 7.494
4.810 4.830 4.849 4.868 4.888 4.907 4.927 4.947 4.966 4.979 4.988 5.010 5.035 5.060 5.085 5.110 5.134 5.159 5.184 5.209 5.234 5.258 5.283 5.308 5.333 5.357 5.382 5.408 5.452 5.497 5.525 5.551 5.576 5.602 5.627 5.653 5.678 5.704 5.729 5.755 5.780 5.806 5.831 5.857 5.840 5.821 5.815 5.815 5.814 5.813 5.813 5.812 5.811 5.811 5.810 5.810 5.809 5.809 5.808 5.860 5.933 6.020 6.106 6.192 6.278 6.365 6.451 6.537 6.623 6.710 6.796 6.882 6.968 7.055 7.177 7.301 7.424
4.799 4.818 4.838 4.857 4.876 4.896 4.915 4.934 4.954 4.970 4.989 5.014 5.038 5.063 5.088 5.113 5.137 5.162 5.187 5.212 5.237 5.261 5.286 5.311 5.336 5.361 5.385 5.410 5.445 5.480 5.506 5.531 5.557 5.582 5.608 5.634 5.659 5.685 5.710 5.736 5.761 5.787 5.812 5.838 5.847 5.833 5.833 5.832 5.831 5.831 5.830 5.829 5.829 5.828 5.828 5.827 5.826 5.826 5.825 5.831 5.911 5.997 6.083 6.170 6.256 6.342 6.428 6.513 6.597 6.681 6.766 6.850 6.934 7.019 7.119 7.244 7.369
4.787 4.807 4.826 4.845 4.865 4.884 4.903 4.923 4.942 4.970 4.998 5.022 5.047 5.071 5.096 5.120 5.145 5.170 5.194 5.219 5.243 5.268 5.292 5.317 5.342 5.366 5.391 5.415 5.436 5.462 5.487 5.513 5.538 5.564 5.590 5.615 5.640 5.666 5.692 5.717 5.743 5.768 5.794 5.819 5.845 5.847 5.846 5.844 5.843 5.841 5.840 5.838 5.836 5.835 5.833 5.832 5.830 5.829 5.827 5.827 5.871 5.955 6.039 6.124 6.208 6.293 6.377 6.461 6.545 6.630 6.714 6.799 6.883 6.968 7.080 7.195 7.321
4.776 4.795 4.814 4.834 4.853 4.872 4.892 4.912 4.932 4.970 5.020 5.044 5.069 5.093 5.118 5.142 5.167 5.191 5.216 5.241 5.265 5.290 5.314 5.339 5.363 5.388 5.413 5.437 5.444 5.451 5.477 5.502 5.528 5.553 5.579 5.604 5.630 5.655 5.681 5.706 5.732 5.757 5.783 5.808 5.827 5.834 5.833 5.831 5.830 5.828 5.827 5.825 5.823 5.822 5.820 5.819 5.817 5.816 5.814 5.823 5.840 5.904 5.988 6.072 6.157 6.241 6.325 6.410 6.494 6.578 6.663 6.747 6.831 6.929 7.041 7.153 7.272
4.764 4.784 4.803 4.822 4.842 4.862 4.882 4.901 4.921 4.970 5.023 5.066 5.091 5.115 5.140 5.164 5.189 5.213 5.238 5.263 5.287 5.312 5.336 5.361 5.385 5.410 5.434 5.455 5.452 5.449 5.466 5.491 5.517 5.542 5.568 5.593 5.619 5.644 5.670 5.695 5.721 5.746 5.772 5.797 5.807 5.816 5.820 5.818 5.817 5.815 5.813 5.812 5.810 5.809 5.807 5.806 5.804 5.802 5.802 5.819 5.836 5.852 5.936 6.021 6.105 6.189 6.274 6.358 6.442 6.527 6.611 6.695 6.780 6.891 7.003 7.115 7.227
