includes/lisflood-fp-604/results/res-0007.wd
ncols         631
nrows         906
xllcorner     364927.146667
yllcorner     6531972.565556
cellsize      20.000000
NODATA_value  -9999.000000
[rows 748 to 781 of 906, columns 462 to 538 of 631]
1.696 1.697 1.697 1.697 1.697 1.697 1.697 1.697 1.697 1.697 1.698 1.698 1.698 1.698 1.698 1.698 1.698 1.699 1.699 1.699 1.700 1.700 1.700 1.700 6.700 6.700 6.700 6.700 6.700 6.700 6.700 1.700 1.700 1.700 1.699 1.699 1.699 1.698 1.698 1.697 1.696 6.696 6.696 1.695 1.695 1.694 1.694 6.693 6.693 6.693 6.693 6.692 6.692 6.692 6.692 6.692 6.692 6.692 6.692 6.691 6.691 6.691 6.691 6.691 6.691 6.691 6.691 6.691 6.690 6.690 6.690 6.690 6.690 6.690 6.690 6.689 6.689
1.697 1.697 1.697 1.697 1.697 1.698 1.698 1.698 1.698 1.698 1.698 1.698 1.698 1.699 1.699 1.699 1.699 1.699 1.700 1.700 1.700 1.701 1.701 6.701 6.701 6.701 6.701 6.701 6.701 6.701 6.701 6.701 1.701 1.701 1.700 1.700 1.699 1.699 1.698 1.698 1.697 6.697 6.697 1.696 1.696 6.695 6.695 6.694 6.694 6.693 6.693 6.693 6.693 6.693 6.692 6.692 6.692 6.692 6.692 6.692 6.692 6.692 6.692 6.691 6.691 6.691 6.691 6.691 6.691 6.691 6.691 6.690 6.690 6.690 6.690 6.690 6.690
1.697 1.697 1.697 1.698 1.698 1.698 1.698 1.698 1.698 1.698 1.698 1.699 1.699 1.699 1.699 1.700 1.700 1.700 1.700 1.701 1.701 1.701 1.701 1.701 6.701 6.701 6.702 6.702 6.702 6.702 6.702 6.702 1.701 1.701 1.701 1.700 1.700 1.700 1.699 1.699 1.698 6.697 6.697 6.697 6.696 6.696 6.695 6.695 6.694 6.694 6.694 6.693 6.693 6.693 6.693 6.693 6.693 6.692 6.692 6.692 6.692 6.692 6.692 6.692 6.692 6.692 6.692 6.691 6.691 6.691 6.691 6.691 6.691 6.691 6.690 6.690 6.690
1.698 1.698 1.698 1.698 1.698 1.698 1.698 1.698 1.699 1.699 1.699 1.699 1.699 1.700 1.700 1.700 1.700 1.701 1.701 1.701 1.701 1.702 1.702 6.702 6.702 6.702 6.702 6.702 6.702 6.702 6.702 6.702 1.702 1.702 1.702 1.701 1.701 1.700 1.700 1.699 1.699 6.698 6.698 6.697 6.697 6.696 6.696 6.695 6.695 6.694 6.694 6.694 6.694 6.693 6.693 6.693 6.693 6.693 6.693 6.693 6.693 6.692 6.692 6.692 6.692 6.692 6.692 6.692 6.692 6.692 6.691 6.691 6.691 6.691 6.691 6.691 6.691
1.698 1.698 1.698 1.698 1.698 1.698 1.699 1.699 1.699 1.699 1.699 1.700 1.700 1.700 1.700 1.701 1.701 1.701 1.702 1.702 1.702 1.702 1.703 6.703 6.703 6.703 6.703 6.703 6.703 6.703 6.703 6.703 1.703 1.703 1.703 1.702 1.702 1.701 1.701 1.700 1.699 6.699 6.698 6.698 6.697 6.697 6.696 6.696 6.695 6.695 6.694 6.694 6.694 6.694 6.694 6.694 6.693 6.693 6.693 6.693 6.693 6.693 6.693 6.693 6.693 6.693 6.692 6.692 6.692 6.692 6.692 6.692 6.692 6.691 6.691 6.691 6.691
1.698 1.698 1.698 1.698 1.699 1.699 1.699 1.699 1.700 1.700 1.700 1.700 1.700 1.701 1.701 1.701 1.702 1.702 1.702 1.702 1.703 1.703 6.703 6.703 6.703 6.703 6.703 6.703 6.704 6.704 6.704 6.704 1.704 1.704 1.703 1.703 1.703 1.702 1.702 1.701 6.700 6.700 6.699 6.698 6.698 6.697 6.697 6.696 6.695 6.695 6.695 6.694 6.694 6.694 6.694 6.694 6.694 6.694 6.694 6.693 6.693 6.693 6.693 6.693 6.693 6.693 6.693 6.693 6.693 6.692 6.692 6.692 6.692 6.692 6.692 6.692 6.691
1.699 1.699 1.699 1.699 1.699 1.699 1.700 1.700 1.700 1.700 1.700 1.701 1.701 1.701 1.701 1.702 1.702 1.702 1.703 1.703 1.703 1.703 6.704 6.704 6.704 6.704 6.704 6.704 6.704 6.704 6.704 6.705 6.705 1.705 1.704 1.704 1.704 1.703 1.703 6.702 6.701 6.701 6.700 6.699 6.698 6.698 6.697 1.697 1.696 1.695 6.695 6.695 6.695 6.694 6.694 6.694 6.694 6.694 6.694 6.694 6.694 6.694 6.694 6.694 6.693 6.693 6.693 6.693 6.693 6.693 6.693 6.693 6.692 6.692 6.692 6.692 6.692
1.699 1.699 1.699 1.699 1.699 1.700 1.700 1.700 1.700 1.700 1.701 1.701 1.701 1.702 1.702 1.702 1.703 1.703 1.703 1.704 1.704 1.704 6.704 6.704 6.704 6.705 6.705 6.705 6.705 6.705 6.705 6.705 6.706 6.706 1.705 1.705 1.705 1.704 1.703 6.703 6.702 6.702 6.701 1.700 1.699 1.699 1.698 1.698 1.697 1.696 1.696 6.695 6.695 6.695 6.695 6.695 6.695 6.694 6.694 6.694 6.694 6.694 6.694 6.694 6.694 6.694 6.694 6.694 6.693 6.693 6.693 6.693 6.693 6.693 6.693 6.692 6.692
1.699 1.699 1.699 1.700 1.700 1.700 1.700 1.700 1.701 1.701 1.701 1.702 1.702 1.702 1.703 1.703 1.703 1.704 1.704 1.704 1.704 1.704 1.704 6.705 6.705 6.705 6.705 6.705 6.706 6.706 6.706 6.706 6.706 6.706 6.706 1.706 1.705 6.705 6.704 6.704 6.703 6.703 6.702 1.701 1.701 1.700 1.699 1.698 1.698 1.697 1.696 6.695 6.695 6.695 6.695 6.695 6.695 6.695 6.695 6.695 6.695 6.695 6.695 6.694 6.694 6.694 6.694 6.694 6.694 6.694 6.694 6.694 6.693 6.693 6.693 6.693 6.693
1.699 1.699 1.700 1.700 1.700 1.701 1.701 1.701 1.701 1.701 1.702 1.702 1.703 1.703 1.703 1.704 1.704 1.704 1.705 1.705 1.705 1.705 1.705 6.706 6.706 6.706 6.706 6.706 6.706 6.706 6.706 6.707 6.707 6.707 6.707 6.707 6.706 6.706 6.705 6.705 6.704 6.704 1.703 1.702 1.701 1.701 1.700 1.699 1.698 1.698 1.697 1.696 6.696 6.695 6.695 6.695 6.695 6.695 6.695 6.695 6.695 6.695 6.695 6.695 6.695 6.695 6.695 6.694 6.694 6.694 6.694 6.694 6.694 6.694 6.693 6.693 6.693
1.700 1.700 1.700 1.700 1.701 1.701 1.701 1.701 1.702 1.702 1.702 1.703 1.703 1.703 1.704 1.704 1.704 1.705 1.705 1.705 1.706 1.706 1.706 6.706 6.706 6.707 6.707 6.707 6.707 6.707 6.707 6.707 6.707 6.707 6.707 6.707 6.707 6.706 6.706 6.705 6.705 6.704 1.704 1.703 1.702 1.702 1.701 1.700 1.699 1.698 1.698 1.697 6.696 6.696 6.696 6.696 6.696 6.696 6.696 6.696 6.696 6.696 6.695 6.695 6.695 6.695 6.695 6.695 6.695 6.695 6.695 6.694 6.694 6.694 6.694 6.694 6.694
1.700 1.700 1.700 1.701 1.701 1.701 1.702 1.702 1.702 1.703 1.703 1.703 1.703 1.704 1.704 1.705 1.705 1.705 1.706 1.706 1.706 1.707 1.707 6.707 6.707 6.707 6.708 6.708 6.708 6.708 6.708 6.708 6.708 6.708 6.708 6.707 6.707 6.707 6.707 6.706 6.706 1.705 1.704 1.704 1.703 1.702 1.702 1.701 1.700 1.699 1.698 1.697 1.697 6.696 6.696 6.696 6.696 6.696 6.696 6.696 6.696 6.696 6.696 6.696 6.696 6.696 6.696 6.696 6.695 6.695 6.695 6.695 6.695 6.695 6.695 6.694 6.694
1.700 1.700 1.701 1.701 1.701 1.702 1.702 1.702 1.703 1.703 1.704 1.704 1.704 1.705 1.705 1.705 1.706 1.706 1.707 1.707 1.707 1.708 1.708 6.708 6.708 6.708 6.708 6.708 6.708 6.708 6.708 6.708 6.708 6.708 6.708 6.708 6.708 6.708 6.707 6.707 6.707 1.706 1.705 1.705 1.704 1.703 1.702 1.702 1.701 1.700 1.699 1.698 1.698 6.697 6.697 6.697 6.697 6.697 6.697 6.697 6.697 6.696 6.696 6.696 6.696 6.696 6.696 6.696 6.696 6.696 6.696 6.696 6.695 6.695 6.695 6.695 6.695
1.700 1.701 1.701 1.702 1.702 1.702 1.703 1.703 1.704 1.704 1.704 1.704 1.705 1.705 1.706 1.706 1.706 1.707 1.707 1.708 1.708 1.708 1.708 1.709 6.709 6.709 6.709 6.709 6.709 6.709 6.709 6.709 6.709 6.709 6.709 6.709 6.709 6.708 6.708 6.708 6.707 1.707 1.706 1.705 1.705 1.704 1.703 1.702 1.702 1.701 1.700 1.699 1.698 1.698 6.697 6.697 6.697 6.697 6.697 6.697 6.697 6.697 6.697 6.697 6.697 6.697 6.697 6.697 6.696 6.696 6.696 6.696 6.696 6.696 6.696 6.695 6.695
1.701 1.701 1.702 1.702 1.702 1.703 1.703 1.704 1.704 1.705 1.705 1.705 1.706 1.706 1.706 1.707 1.707 1.708 1.708 1.708 1.709 1.709 1.709 1.710 6.709 6.710 6.710 6.710 6.710 6.710 6.710 6.710 6.710 6.710 6.710 6.710 6.709 6.709 6.709 6.709 1.708 1.707 1.707 1.706 1.705 1.705 1.704 1.703 1.702 1.701 1.701 1.700 1.699 1.698 6.698 6.698 6.698 6.698 6.698 6.698 6.698 6.697 6.697 6.697 6.697 6.697 6.697 6.697 6.697 6.697 6.697 6.697 6.696 6.696 6.696 6.696 6.696
1.471 1.542 1.702 1.683 1.673 1.704 1.704 1.705 1.705 1.705 1.706 1.706 1.706 1.707 1.707 1.708 1.708 1.709 1.709 1.710 1.710 1.710 1.710 1.711 1.711 6.711 6.711 6.711 6.711 6.711 6.711 6.711 6.711 6.711 6.710 6.710 6.710 6.710 6.710 6.710 1.709 1.708 1.708 1.707 1.706 1.705 1.705 1.704 1.703 1.702 1.702 1.701 1.700 1.699 1.699 6.698 6.698 6.698 6.698 6.698 6.698 6.698 6.698 6.698 6.698 6.698 6.698 6.698 6.697 6.697 6.697 6.697 6.697 6.697 6.696 6.696 6.696
1.002 1.642 1.703 1.703 1.704 1.704 1.705 1.705 1.706 1.706 1.707 1.707 1.707 1.708 1.708 1.709 1.709 1.710 1.710 1.711 1.711 1.711 1.712 6.712 6.712 6.712 6.712 6.712 6.712 6.712 6.712 6.711 6.711 6.711 6.711 6.711 6.711 6.711 6.710 6.710 1.710 1.709 1.708 1.708 1.707 1.706 1.706 1.705 1.704 1.703 1.702 1.702 1.701 1.700 1.700 6.699 6.699 6.699 6.699 6.699 6.699 6.699 6.699 6.698 6.698 6.698 6.698 6.698 6.698 6.698 6.698 6.697 6.697 6.697 6.697 6.697 6.697
0.432 1.283 1.703 1.704 1.704 1.705 1.705 1.706 1.706 1.707 1.708 1.708 1.709 1.709 1.709 1.710 1.710 1.711 1.711 1.712 1.712 1.712 1.712 6.713 6.713 6.713 6.713 6.713 6.713 6.712 6.712 6.712 6.712 6.712 6.712 6.712 6.712 6.711 6.711 6.711 1.710 1.710 1.709 1.709 1.708 1.707 1.706 1.706 1.705 1.704 1.703 1.703 1.702 1.701 1.700 1.700 6.699 6.699 6.699 6.699 6.699 6.699 6.699 6.699 6.699 6.699 6.699 6.699 6.698 6.698 6.698 6.698 6.698 6.698 6.697 6.697 6.697
0.000 1.014 1.674 1.705 1.705 1.706 1.706 1.707 1.707 1.708 1.708 1.709 1.709 1.710 1.710 1.711 1.711 1.711 1.712 1.712 1.713 1.713 1.713 6.713 6.714 6.714 6.713 6.713 6.713 6.713 6.713 6.713 6.713 6.713 6.713 6.712 6.712 6.712 6.712 1.712 1.711 1.711 1.710 1.710 1.709 1.708 1.707 1.707 1.706 1.705 1.704 1.704 1.703 1.702 1.701 1.701 6.700 6.700 6.700 6.700 6.700 6.700 6.700 6.700 6.699 6.699 6.699 6.699 6.699 6.699 6.699 6.698 6.698 6.698 6.698 6.698 6.697
0.000 0.654 1.305 1.706 1.706 1.707 1.707 1.708 1.708 1.709 1.709 1.710 1.710 1.711 1.711 1.711 1.712 1.713 1.713 1.713 1.714 1.714 6.714 6.714 6.714 6.714 6.714 6.714 6.714 6.714 6.714 6.714 6.714 6.714 6.713 6.713 6.713 6.713 6.713 1.713 1.712 1.712 1.711 1.710 1.710 1.709 1.708 1.708 1.707 1.706 1.705 1.705 1.704 1.703 1.702 1.701 6.700 6.700 6.700 6.700 6.700 6.700 6.700 6.700 6.700 6.700 6.700 6.700 6.699 6.699 6.699 6.699 6.699 6.699 6.698 6.698 6.698
0.000 0.000 0.756 1.587 1.707 1.708 1.708 1.709 1.709 1.710 1.710 1.711 1.711 1.712 1.712 1.712 1.713 1.714 1.714 1.714 1.715 1.715 1.715 6.715 6.715 6.715 6.715 6.715 6.715 6.715 6.715 6.715 6.715 6.714 6.714 6.714 6.714 6.714 6.714 6.714 6.714 1.713 1.712 1.711 1.711 1.710 1.709 1.709 1.708 1.707 1.706 1.706 1.705 1.704 1.703 1.703 1.702 6.701 6.701 6.701 6.701 6.701 6.701 6.701 6.701 6.700 6.700 6.700 6.700 6.700 6.700 6.699 6.699 6.699 6.699 6.699 6.698
0.000 0.000 0.357 1.057 1.698 1.709 1.709 1.710 1.710 1.711 1.711 1.712 1.712 1.713 1.713 1.714 1.714 1.714 1.715 1.715 1.716 1.716 1.716 6.716 6.716 6.716 6.716 6.716 6.716 6.716 6.716 6.715 6.715 6.715 6.715 6.715 6.715 6.714 6.714 6.714 6.714 1.713 1.713 1.712 1.712 1.711 1.710 1.709 1.709 1.708 1.707 1.707 1.706 1.705 1.704 1.704 1.703 6.702 6.702 6.702 6.702 6.701 6.701 6.701 6.701 6.701 6.701 6.701 6.701 6.700 6.700 6.700 6.700 6.700 6.699 6.699 6.699
0.000 0.000 0.000 0.729 1.499 1.710 1.710 1.711 1.711 1.712 1.712 1.713 1.713 1.714 1.714 1.715 1.715 1.715 1.716 1.716 1.717 1.717 6.717 6.717 6.717 6.717 6.717 6.717 6.717 6.717 6.716 6.716 6.716 6.716 6.716 6.716 6.715 6.715 6.715 6.714 1.714 1.714 1.714 1.713 1.713 1.712 1.711 1.711 1.710 1.709 1.708 1.708 1.707 1.706 1.705 1.704 1.703 6.702 6.702 6.702 6.702 6.702 6.702 6.702 6.702 6.702 6.701 6.701 6.701 6.701 6.701 6.701 6.700 6.700 6.700 6.700 6.699
0.000 0.000 0.000 0.380 0.980 1.591 1.711 1.712 1.712 1.713 1.713 1.714 1.714 1.715 1.715 1.716 1.716 1.716 1.717 1.717 1.717 1.718 6.718 6.718 6.718 6.718 6.718 6.717 6.717 6.717 6.717 6.717 6.717 6.717 6.717 6.717 6.716 6.716 1.716 1.715 1.715 1.715 1.715 1.714 1.713 1.713 1.712 1.712 1.711 1.710 1.710 1.709 1.708 1.707 1.706 1.705 1.705 1.704 6.703 6.703 6.703 6.703 6.703 6.702 6.702 6.702 6.702 6.702 6.702 6.702 6.701 6.701 6.701 6.701 6.700 6.700 6.700
0.000 0.000 0.000 0.000 0.821 1.552 1.712 1.713 1.713 1.714 1.714 1.715 1.715 1.716 1.716 1.716 1.717 1.717 1.718 1.718 1.718 6.719 6.719 6.719 6.719 6.718 6.718 6.718 6.718 6.718 6.718 6.718 6.718 6.718 6.718 6.717 6.717 1.717 1.717 1.716 1.716 1.716 1.716 1.715 1.714 1.714 1.713 1.713 1.712 1.711 1.711 1.710 1.709 1.708 1.707 1.706 1.705 1.704 6.703 6.703 6.703 6.703 6.703 6.703 6.703 6.703 6.703 6.703 6.702 6.702 6.702 6.702 6.701 6.701 6.701 6.701 6.700
0.000 0.000 0.000 0.000 0.353 0.893 1.613 1.714 1.714 1.715 1.715 1.716 1.716 1.716 1.717 1.717 1.718 1.718 1.719 1.719 1.719 6.720 6.720 6.719 6.719 6.719 6.719 6.719 6.719 6.719 6.719 6.719 6.719 6.719 6.718 6.718 6.718 1.718 1.718 1.718 1.717 1.717 1.717 1.716 1.716 1.715 1.715 1.714 1.713 1.712 1.712 1.711 1.710 1.709 1.708 1.707 1.706 1.705 6.704 6.704 6.704 6.704 6.704 6.704 6.703 6.703 6.703 6.703 6.703 6.703 6.702 6.702 6.702 6.702 6.701 6.701 6.701
0.000 0.000 0.000 0.000 0.000 0.613 1.284 1.715 1.715 1.716 1.716 1.716 1.717 1.717 1.718 1.718 1.719 1.719 1.720 1.720 6.721 6.720 6.720 6.720 6.720 6.720 6.720 6.720 6.720 6.720 6.720 6.720 6.719 6.719 6.719 6.719 6.719 1.719 1.719 1.719 1.718 1.718 1.718 1.717 1.717 1.716 1.716 1.715 1.714 1.713 1.713 1.712 1.711 1.711 1.709 1.708 1.708 1.706 1.705 6.705 6.705 6.705 6.704 6.704 6.704 6.704 6.704 6.704 6.703 6.703 6.703 6.703 6.702 6.702 6.702 6.702 6.701
0.000 0.000 0.000 0.000 0.000 0.186 0.935 1.556 1.716 1.716 1.717 1.717 1.718 1.718 1.719 1.719 1.720 1.720 1.721 1.721 6.721 6.721 6.721 6.721 6.721 6.721 6.721 6.721 6.721 6.720 6.720 6.720 6.720 6.720 6.720 6.720 6.720 1.720 1.720 1.720 1.720 1.719 1.719 1.719 1.718 1.717 1.717 1.716 1.715 1.714 1.714 1.713 1.712 1.711 1.710 1.709 1.709 1.707 1.706 6.706 6.705 6.705 6.705 6.705 6.705 6.705 6.704 6.704 6.704 6.704 6.703 6.703 6.703 6.703 6.702 6.702 6.702
0.000 0.000 0.000 0.000 0.000 0.000 0.516 1.416 1.717 1.717 1.718 1.718 1.719 1.719 1.720 1.720 1.721 1.721 1.721 6.722 6.722 6.722 6.722 6.722 6.722 6.722 6.721 6.721 6.721 6.721 6.721 6.721 6.721 6.721 6.721 6.721 6.721 1.721 1.721 1.721 1.721 1.720 1.720 1.720 1.719 1.719 1.718 1.717 1.716 1.716 1.715 1.714 1.713 1.712 1.711 1.710 1.709 1.708 1.707 6.706 6.706 6.706 6.706 6.706 6.705 6.705 6.705 6.705 6.705 6.704 6.704 6.704 6.703 6.703 6.703 6.703 6.702
0.000 0.000 0.000 0.000 0.000 0.000 0.158 0.927 1.558 1.718 1.718 1.719 1.720 1.720 1.721 1.721 1.722 1.722 1.722 6.723 6.723 6.723 6.723 6.722 6.722 6.722 6.722 6.722 6.722 6.722 6.722 6.722 6.722 6.722 6.722 6.722 6.722 6.722 1.722 1.722 1.722 1.722 1.721 1.721 1.721 6.721 1.719 1.718 1.717 1.717 1.716 1.715 1.714 1.713 1.712 1.711 1.710 1.709 1.708 6.707 6.707 6.707 6.707 6.706 6.706 6.706 6.706 6.705 6.705 6.705 6.705 6.704 6.704 6.704 6.703 6.703 6.703
0.000 0.000 0.000 0.000 0.000 0.000 0.000 0.578 1.278 1.719 1.719 1.720 1.721 1.721 1.721 1.722 1.722 1.723 6.723 6.723 6.723 6.723 6.723 6.723 6.723 6.723 6.723 6.723 6.723 6.723 6.723 6.723 6.723 6.723 6.723 6.723 6.723 6.723 6.723 6.723 6.723 6.723 1.723 1.722 6.722 6.721 1.720 1.719 1.719 1.718 1.717 1.716 1.715 1.714 1.713 1.712 1.711 1.710 1.709 1.708 6.708 6.707 6.707 6.707 6.707 6.707 6.706 6.706 6.706 6.705 6.705 6.705 6.704 6.704 6.704 6.704 6.703
0.000 0.000 0.000 0.000 0.000 0.000 0.000 0.000 0.859 1.600 1.720 1.721 1.721 1.722 1.722 1.723 1.723 1.724 6.724 6.724 6.724 6.724 6.724 6.724 6.724 6.724 6.724 6.724 6.724 6.724 6.723 6.723 6.723 6.723 6.723 6.723 6.724 6.724 6.724 6.724 6.724 6.724 6.724 6.724 6.723 1.722 1.721 1.720 1.720 1.719 1.718 1.717 1.716 1.715 1.714 1.713 1.712 1.711 1.710 1.709 6.708 6.708 6.708 6.708 6.707 6.707 6.707 6.707 6.706 6.706 6.706 6.705 6.705 6.705 6.704 6.704 6.704
0.000 0.000 0.000 0.000 0.000 0.000 0.000 0.000 0.600 1.200 1.721 1.722 1.722 1.723 1.723 1.724 1.724 1.724 6.725 6.725 6.725 6.725 6.725 6.725 6.725 6.725 6.724 6.724 6.724 6.724 6.724 6.724 6.724 6.724 6.724 6.724 6.724 6.724 6.724 6.724 6.724 6.724 6.724 6.724 1.723 1.723 1.722 1.721 1.721 1.720 1.719 1.718 1.717 1.716 1.715 1.714 1.713 1.712 1.711 1.710 6.709 6.709 6.709 6.708 6.708 6.708 6.708 6.707 6.707 6.707 6.706 6.706 6.706 6.705 6.705 6.705 6.704
0.000 0.000 0.000 0.000 0.000 0.000 0.000 0.000 0.000 0.931 6.722 1.722 1.723 1.724 1.724 1.724 1.725 1.725 6.725 6.725 6.725 6.725 6.725 6.725 6.725 6.725 6.725 6.725 6.725 6.725 6.725 6.725 6.725 6.725 6.725 6.725 6.725 6.725 6.725 6.725 6.725 6.725 6.725 6.725 1.724 1.724 1.723 1.722 1.722 1.721 1.720 1.719 1.718 1.717 1.716 1.715 1.714 1.713 1.712 6.711 6.710 6.710 6.710 6.709 6.709 6.708 6.708 6.708 6.707 6.707 6.707 6.706 6.706 6.706 6.705 6.705 6.705
