includes/lisflood-fp-604/results/res-0008.wd
ncols         631
nrows         906
xllcorner     364927.146600
yllcorner     6531972.565600
cellsize      20.000000
NODATA_value  -9999.000000
[rows 544 to 577 of 906, columns 462 to 538 of 631]
1.130 1.020 0.730 0.870 1.020 0.970 0.000 0.411 0.301 1.580 0.680 0.890 1.311 1.451 1.511 0.681 0.871 0.371 1.591 0.991 1.561 0.222 1.402 1.522 0.892 1.293 0.503 1.103 0.233 0.674 0.874 0.914 1.194 0.874 0.924 1.124 0.374 0.000 0.002 0.274 0.284 0.283 0.242 0.280 0.407 0.335 0.352 0.499 0.538 0.527 0.595 1.044 0.633 0.672 1.161 1.200 1.240 1.280 1.319 1.357 1.395 1.433 1.468 1.500 1.522 1.543 1.565 1.586 1.608 1.629 1.651 1.673 1.694 1.716 1.737 1.759 1.810
0.000 1.260 1.140 0.910 0.739 0.659 0.949 0.071 0.261 0.000 1.619 1.330 0.140 1.421 1.521 0.410 0.660 1.530 0.470 1.251 1.191 1.571 1.012 1.482 1.462 0.702 0.373 0.993 0.000 0.884 1.114 0.724 0.954 0.184 0.364 1.244 0.003 0.000 0.001 0.215 0.404 0.294 0.323 0.331 0.398 0.336 0.434 0.361 0.499 0.568 0.526 0.495 0.594 0.633 1.158 1.198 1.236 1.274 1.312 1.350 1.388 1.426 1.460 1.493 1.526 1.547 1.569 1.591 1.612 1.634 1.655 1.677 1.698 1.720 1.741 1.766 1.823
0.879 0.769 0.519 1.019 1.129 1.049 0.000 0.251 0.000 0.089 2.579 0.759 0.799 0.339 0.299 1.410 1.500 0.970 1.430 0.730 1.541 1.521 0.581 1.432 0.842 0.222 0.173 0.843 0.000 0.363 0.000 0.000 0.213 0.000 0.000 0.213 0.103 0.000 0.000 0.317 0.236 0.335 0.444 0.282 0.429 0.497 0.435 0.513 0.441 0.489 0.537 0.556 0.625 0.614 0.673 1.191 1.229 1.267 1.305 1.343 1.381 1.418 1.452 1.485 1.518 1.551 1.573 1.595 1.616 1.638 1.659 1.681 1.702 1.724 1.746 1.779 1.836
0.429 0.909 0.919 0.719 0.649 0.679 0.769 0.000 1.258 0.049 1.019 0.899 1.428 1.438 1.058 0.599 1.169 1.469 0.610 1.590 1.600 0.840 1.530 0.351 0.101 0.000 0.133 0.293 1.223 1.263 0.113 0.073 0.893 1.003 1.093 0.763 0.903 0.000 0.000 0.517 0.317 0.336 0.385 0.323 0.490 0.308 0.545 0.463 0.572 0.520 0.479 0.567 0.586 1.109 1.147 1.184 1.222 1.260 1.298 1.336 1.374 1.410 1.443 1.476 1.509 1.542 1.576 1.599 1.620 1.642 1.663 1.685 1.707 1.728 1.750 1.791 1.848
0.649 0.909 0.689 0.839 0.729 0.828 0.000 1.288 1.248 0.178 0.000 1.018 0.688 1.198 1.418 1.138 0.578 0.408 1.448 0.509 1.160 1.520 1.520 1.490 0.860 0.000 0.113 0.000 0.543 0.163 0.663 0.633 0.743 0.703 1.003 1.063 0.713 0.000 0.112 0.309 0.289 0.258 0.446 0.264 0.441 0.349 0.505 0.544 0.563 0.501 0.519 0.608 0.646 1.102 1.140 0.684 1.215 1.253 1.291 1.329 1.367 1.402 1.435 1.468 1.501 1.534 1.567 1.600 1.624 1.646 1.668 1.689 1.711 1.732 1.754 1.804 1.861
0.839 0.899 0.499 0.718 0.948 1.248 1.098 1.238 1.318 0.000 0.887 1.577 1.547 0.528 1.478 0.768 1.387 0.607 1.397 1.487 0.389 1.410 1.470 0.000 0.318 0.007 0.044 0.000 0.453 0.853 0.343 0.833 0.893 0.143 0.943 0.943 0.000 0.000 0.252 0.341 0.370 0.339 0.328 0.367 0.313 0.420 0.277 0.674 0.593 0.531 0.640 1.021 0.597 1.095 1.132 1.170 1.208 1.246 1.284 1.322 1.360 1.394 1.427 1.460 1.493 1.526 1.559 1.592 1.625 1.650 1.672 1.693 1.715 1.736 1.760 1.817 1.874
0.808 0.758 0.898 0.618 0.158 1.038 1.178 1.328 0.237 0.987 2.657 0.137 1.377 1.387 0.537 1.457 1.437 0.207 0.287 1.517 1.167 0.538 0.000 0.834 0.125 0.000 0.000 0.000 0.000 0.713 0.643 1.033 0.633 0.723 0.713 0.843 0.000 0.000 0.194 0.273 0.312 0.261 0.359 0.418 0.305 0.371 0.388 0.878 0.474 0.572 0.650 0.668 1.050 1.088 1.126 0.635 1.200 1.239 1.277 1.315 1.352 1.385 1.418 1.451 1.485 1.518 1.551 1.584 1.617 1.650 1.676 1.697 1.719 1.740 1.772 1.829 1.886
0.888 0.848 0.468 0.348 0.607 1.347 1.327 0.056 0.586 0.426 0.196 1.226 0.897 1.377 1.057 1.387 0.927 0.426 1.676 1.636 1.356 0.457 0.000 0.644 1.004 0.000 0.000 0.869 0.116 1.153 0.983 0.483 1.033 0.903 0.833 1.033 0.000 0.069 0.289 0.227 0.344 0.232 0.380 0.429 0.266 0.302 0.469 0.536 0.655 0.453 0.461 0.539 0.628 0.667 1.118 1.156 0.645 1.232 1.270 1.308 1.344 1.377 1.410 1.443 1.476 1.509 1.542 1.576 1.609 1.642 1.675 1.701 1.723 1.744 1.785 1.842 1.899
0.587 0.000 0.357 0.547 1.187 1.127 0.003 0.424 0.284 1.004 0.874 0.826 0.837 0.907 1.477 0.857 0.877 1.176 0.746 1.376 1.445 0.000 0.936 0.994 0.000 0.969 0.979 1.089 0.000 1.013 1.063 0.833 0.423 0.000 0.000 0.000 0.000 0.280 0.206 0.232 0.286 0.413 0.412 0.320 0.418 0.324 0.420 0.578 0.426 0.584 0.493 1.001 1.038 0.588 1.111 0.636 1.187 1.225 1.263 1.301 1.336 1.369 1.402 1.435 1.468 1.501 1.534 1.567 1.600 1.633 1.666 1.700 1.727 1.749 1.797 1.854 1.912
0.846 0.886 0.286 1.316 1.336 0.516 0.454 0.454 1.093 0.393 1.462 0.303 0.144 1.867 0.000 1.066 1.376 1.676 1.386 0.000 0.902 0.887 0.840 0.738 0.562 1.109 0.899 0.939 0.000 0.053 0.000 0.000 0.000 0.000 0.000 0.000 0.068 0.149 0.273 0.307 0.201 0.334 0.392 0.421 0.388 0.396 0.482 0.420 0.567 0.505 0.574 0.612 0.521 1.069 0.598 0.617 0.647 1.218 1.256 1.294 1.327 1.360 1.394 1.427 1.460 1.493 1.526 1.559 1.592 1.625 1.658 1.691 1.724 1.753 1.824 1.959 2.094
0.806 0.586 1.256 1.326 0.826 0.214 0.423 1.063 0.161 1.180 0.820 1.039 0.608 0.001 2.651 0.601 0.000 0.003 0.000 1.420 0.850 0.817 0.853 0.000 0.987 0.967 1.028 0.000 1.307 0.000 0.000 0.000 0.000 0.000 0.007 0.006 0.072 0.178 0.273 0.127 0.157 0.277 0.274 0.361 0.409 0.486 0.454 0.411 0.399 0.576 0.624 0.603 0.542 1.062 0.649 1.136 0.678 1.211 1.249 0.687 1.319 1.352 1.385 1.418 1.451 1.484 1.517 1.550 1.584 1.617 1.650 1.684 1.725 1.821 2.061 2.196 2.331
0.826 0.966 1.136 0.896 0.363 1.152 0.972 0.000 1.289 1.549 0.479 0.708 0.997 0.526 0.000 2.286 0.435 0.000 0.940 1.010 0.650 0.688 0.000 0.950 0.902 0.932 0.005 0.807 1.477 1.437 1.077 1.167 0.000 0.002 0.001 0.124 0.079 0.217 0.289 0.276 0.193 0.320 0.476 0.373 0.409 0.467 0.465 0.432 0.400 0.477 0.565 0.684 0.633 0.521 1.093 0.649 1.167 1.204 1.242 1.278 1.311 1.344 1.377 1.410 1.443 1.476 1.509 1.542 1.576 1.617 1.658 1.699 1.740 1.886 2.166 2.433 2.568
0.260 0.493 0.595 0.000 1.066 0.002 0.569 1.429 1.449 0.188 0.668 0.000 0.806 0.725 0.774 0.684 0.764 1.593 0.000 1.580 0.920 0.000 0.949 0.979 0.898 0.878 1.262 0.997 1.427 1.007 1.077 0.997 0.000 0.017 0.177 0.171 0.143 0.159 0.255 0.227 0.225 0.362 0.298 0.363 0.360 0.417 0.435 0.523 0.521 0.598 0.566 0.575 0.513 0.612 0.650 1.123 1.160 0.609 1.235 1.270 1.303 1.336 1.369 1.402 1.434 1.468 1.509 1.550 1.591 1.632 1.673 1.714 1.755 1.951 2.231 2.510 2.790
1.196 1.386 0.000 1.046 0.956 0.656 0.767 0.587 0.000 0.633 0.223 0.892 0.423 0.714 0.073 0.722 0.000 0.701 1.470 1.610 0.142 1.779 0.779 0.000 0.832 0.062 0.000 0.996 0.977 1.127 1.047 0.000 0.000 0.192 0.415 0.331 0.394 0.151 0.341 0.257 0.285 0.414 0.380 0.325 0.351 0.418 0.415 0.563 0.611 0.589 0.577 0.992 0.544 0.682 0.651 1.121 1.154 1.190 1.228 1.262 1.295 1.328 1.361 1.402 0.658 1.483 1.524 1.566 1.607 1.648 1.689 1.730 1.771 2.016 2.296 2.575 2.855
0.986 1.066 1.015 0.755 0.505 1.665 0.385 0.515 1.403 0.522 0.802 0.772 1.052 0.272 0.830 1.030 1.630 0.060 0.750 0.000 0.000 0.558 0.000 0.048 0.866 1.473 1.913 1.773 0.180 0.000 0.000 0.000 0.382 0.512 0.382 0.283 0.466 0.404 0.298 0.387 0.314 0.286 0.290 0.436 0.332 0.409 0.486 0.444 0.552 0.459 0.617 0.486 0.514 0.582 1.085 1.119 0.590 0.640 1.220 1.253 1.294 1.335 1.376 1.417 1.458 1.499 1.540 1.581 1.622 1.663 1.704 1.745 1.802 2.081 2.361 2.640 2.920
0.000 0.000 1.195 1.104 1.354 0.314 1.433 0.000 0.742 1.432 0.812 0.932 0.531 0.680 1.140 1.020 1.000 0.610 0.690 0.000 0.456 0.716 0.514 0.429 0.846 0.653 0.760 0.543 0.562 0.780 0.462 1.223 0.303 0.190 0.258 0.213 0.215 0.193 0.264 0.206 0.452 0.275 0.439 0.386 0.473 0.450 0.367 0.605 0.483 0.301 0.628 0.516 0.674 0.653 0.611 1.116 0.691 1.182 1.222 1.268 1.309 1.350 1.391 1.432 1.473 1.514 1.555 1.596 1.637 1.678 1.719 1.760 1.867 2.146 2.426 2.705 2.985
1.393 1.053 0.000 1.424 1.354 1.463 1.323 1.283 0.752 0.682 0.862 1.011 0.921 0.970 1.230 1.080 1.300 1.090 0.000 0.508 0.507 0.656 0.594 0.509 0.936 0.553 0.630 0.224 1.010 0.158 0.249 0.193 0.123 0.181 0.165 0.108 0.123 0.207 0.268 0.351 0.371 0.385 0.409 0.496 0.393 0.470 0.447 0.465 0.474 0.442 0.648 0.567 0.395 0.443 1.079 1.112 1.144 1.177 1.223 0.690 1.325 1.366 1.407 1.448 1.489 1.530 1.570 1.611 1.652 1.693 1.734 1.775 1.932 2.211 2.491 2.770 3.050
1.353 1.283 1.033 0.043 0.623 1.483 1.263 1.303 1.212 0.442 0.831 0.881 1.021 1.080 1.120 1.140 1.280 0.000 0.299 0.579 0.597 0.476 0.594 0.409 0.555 0.502 0.293 0.573 0.937 0.827 0.052 0.107 0.090 0.061 0.143 0.142 0.227 0.246 0.235 0.209 0.378 0.354 0.508 0.426 0.513 0.400 0.587 0.595 0.544 0.462 0.439 0.548 0.536 0.595 0.573 1.107 1.139 1.172 1.222 1.277 1.331 1.381 1.422 1.463 1.504 1.545 1.586 1.627 1.668 1.708 1.749 1.790 1.997 2.276 2.556 2.835 3.115
0.292 0.332 1.082 1.272 0.643 0.173 1.513 0.082 1.432 1.472 0.761 0.871 0.821 1.190 1.110 1.179 0.000 0.793 0.548 0.000 0.537 0.627 0.304 0.669 0.585 0.710 0.673 0.626 0.918 0.868 0.000 0.000 0.000 0.000 0.000 0.175 0.218 0.282 0.241 0.373 0.387 0.342 0.468 0.435 0.423 0.470 0.517 0.665 0.514 0.662 0.520 0.628 0.617 0.675 0.644 1.102 0.671 1.168 1.222 1.276 1.331 1.385 1.437 1.478 1.519 1.560 1.601 1.642 1.683 1.724 1.765 1.805 2.062 2.341 2.621 2.900 3.180
1.092 1.012 0.232 0.652 0.842 0.462 0.592 1.462 0.922 0.332 1.151 1.161 0.891 1.180 1.039 1.115 0.939 0.855 0.548 0.145 0.226 0.458 0.684 0.670 0.695 0.660 0.676 0.000 1.128 0.908 0.858 0.000 0.000 0.000 0.000 0.004 0.309 0.099 0.130 0.189 0.294 0.311 0.397 0.354 0.412 0.380 0.377 0.495 0.533 0.681 0.570 0.548 0.697 0.586 0.565 0.613 0.652 1.168 0.691 1.276 1.330 1.385 1.439 1.493 1.534 1.575 1.616 1.657 1.698 1.739 1.780 1.847 2.127 2.406 2.686 2.965 3.245
1.132 0.592 1.022 1.112 0.742 1.492 1.612 1.952 2.012 0.512 1.531 1.431 1.011 1.010 1.070 0.000 0.549 0.576 0.934 0.002 0.683 0.731 0.695 0.572 0.256 0.022 0.000 0.000 0.000 0.000 0.000 0.000 0.000 0.000 0.000 0.006 0.373 0.296 0.142 0.234 0.242 0.239 0.265 0.313 0.342 0.610 0.268 0.315 0.433 0.551 0.660 0.578 0.998 1.030 1.063 0.554 1.124 1.169 1.223 0.661 1.330 1.385 1.439 1.493 1.548 1.590 1.631 1.672 1.713 1.754 1.795 1.912 2.192 2.471 2.751 3.030 3.310
1.162 0.972 0.882 0.862 0.822 0.442 1.552 1.932 1.972 1.812 0.571 1.831 1.481 0.321 0.000 0.726 0.629 0.968 0.687 0.712 0.738 0.000 0.000 0.000 0.028 0.031 0.018 0.011 0.000 0.000 0.000 0.000 0.000 0.000 0.000 0.100 0.067 0.267 0.304 0.222 0.290 0.297 0.434 0.452 0.441 0.359 0.678 0.426 0.564 0.402 0.430 0.578 0.657 0.676 0.596 1.088 0.633 1.168 1.223 1.277 0.621 1.385 1.439 1.493 1.547 1.602 1.646 1.687 1.728 1.769 1.810 1.977 2.257 2.536 2.816 3.095 3.375
0.702 0.642 0.902 0.702 0.702 0.142 0.642 0.782 1.942 2.002 1.892 0.761 0.451 0.000 0.433 1.094 0.367 0.647 0.000 0.000 0.000 0.000 0.000 0.000 0.035 0.029 0.041 0.090 0.000 0.002 0.000 0.000 0.000 0.000 0.000 0.000 0.201 0.242 0.261 0.389 0.228 0.345 0.423 0.431 0.490 0.439 0.447 0.585 0.554 0.593 0.491 0.639 0.988 0.557 0.696 0.635 1.114 1.168 1.222 1.277 1.331 1.385 1.439 1.493 1.547 1.602 1.656 1.702 1.743 1.784 1.825 2.042 2.322 2.601 2.881 3.160 3.440
0.692 0.692 0.802 0.802 0.662 0.722 0.802 0.892 1.142 1.942 1.942 0.352 0.000 0.097 0.302 1.223 0.113 1.486 0.136 0.000 0.000 0.000 0.000 0.000 0.035 0.048 0.219 0.027 0.042 0.024 0.000 0.000 0.000 0.000 0.002 0.063 0.180 0.289 0.328 0.368 0.406 0.274 0.332 0.431 0.669 0.618 0.547 0.395 0.424 0.642 0.681 0.469 0.548 0.687 1.047 1.079 0.564 1.168 1.222 1.276 1.330 1.385 1.439 1.493 1.547 1.601 1.656 1.710 1.758 1.799 1.840 2.107 2.387 2.666 2.946 3.194 3.403
0.672 0.662 0.332 1.202 0.792 0.802 0.462 0.702 1.272 1.142 0.502 0.042 0.000 0.301 0.202 0.442 0.631 0.299 0.000 0.000 0.000 0.013 0.002 0.004 0.045 0.152 0.042 0.039 0.066 0.000 0.073 0.000 0.000 0.030 0.012 0.072 0.129 0.218 0.367 0.266 0.335 0.313 0.381 0.440 0.409 0.598 0.802 0.545 0.554 0.582 0.541 0.540 0.668 0.637 0.676 1.074 0.534 0.593 1.222 1.276 1.330 1.384 1.439 1.493 1.547 1.601 1.655 1.710 1.764 1.814 1.893 2.172 2.444 2.653 2.863 3.072 3.281
1.302 0.252 0.722 0.372 0.652 0.502 0.902 1.092 0.652 1.332 0.332 0.000 0.023 0.208 0.547 0.848 0.888 0.000 0.000 0.008 0.009 0.065 0.064 0.022 0.005 0.057 0.048 0.037 0.054 0.034 0.005 0.003 0.005 0.010 0.073 0.081 0.216 0.286 0.335 0.434 0.393 0.482 0.330 0.429 0.448 0.477 0.386 0.605 0.463 0.702 0.661 0.580 0.508 0.687 0.636 0.636 0.514 0.613 1.221 1.275 1.330 1.384 1.438 1.493 1.547 1.601 1.655 1.710 1.764 1.818 1.904 2.113 2.323 2.532 2.741 2.951 3.160
0.942 0.462 0.752 0.412 0.682 1.342 0.352 1.112 0.922 0.802 0.000 0.377 0.507 0.046 0.715 0.616 0.757 0.000 0.000 0.000 0.003 0.010 0.036 0.101 0.023 0.114 0.036 0.067 0.036 0.041 0.056 0.077 0.031 0.028 0.082 0.217 0.286 0.325 0.374 0.403 0.472 0.471 0.380 0.508 0.447 0.466 0.445 0.454 0.553 0.512 0.551 0.610 0.668 0.647 0.676 1.063 0.575 0.684 0.593 1.275 1.329 1.384 1.438 1.492 1.547 1.601 1.655 1.723 1.809 1.894 1.958 2.006 2.201 2.411 2.620 2.829 3.038
0.442 0.702 0.682 0.602 0.522 0.632 0.742 0.752 1.262 0.000 1.026 0.727 0.677 0.500 0.235 0.415 0.000 0.000 0.092 0.008 0.020 0.060 0.083 0.028 0.045 0.111 0.077 0.099 0.065 0.149 0.058 0.029 0.044 0.087 0.150 0.207 0.395 0.314 0.363 0.342 0.641 0.500 0.529 0.498 0.477 0.546 0.495 0.664 0.563 0.672 0.411 0.620 0.519 0.507 0.686 0.676 0.655 0.614 0.653 0.483 1.329 1.384 1.438 1.492 1.551 1.636 1.721 1.807 1.892 1.977 2.035 2.082 2.129 2.289 2.499 2.708 2.917
0.801 0.621 0.611 0.000 0.572 0.030 0.231 0.682 0.000 0.654 0.476 0.906 0.417 0.549 0.811 0.117 0.000 0.000 0.000 0.000 0.096 0.266 0.140 0.116 0.204 0.079 0.145 0.093 0.054 0.027 0.013 0.081 0.083 0.175 0.229 0.277 0.315 0.444 0.403 0.551 0.490 0.549 0.458 0.557 0.436 0.595 0.444 0.583 0.583 0.652 0.561 0.490 0.609 0.458 0.496 0.526 0.605 0.524 0.614 0.673 0.663 1.384 1.463 1.549 1.634 1.719 1.805 1.890 1.976 2.061 2.111 2.158 2.205 2.253 2.377 2.586 2.796
0.228 0.468 0.072 0.408 0.000 0.322 0.147 0.000 0.000 0.573 0.002 0.292 0.525 0.719 0.570 0.000 0.000 0.090 0.186 0.273 0.106 0.118 0.136 0.239 0.163 0.109 0.141 0.057 0.083 0.109 0.098 0.120 0.102 0.165 0.299 0.297 0.465 0.373 0.452 0.291 0.399 0.388 0.517 0.436 0.545 0.514 0.563 0.593 0.652 0.662 0.601 0.660 0.529 0.447 0.556 0.496 0.635 0.634 0.574 1.291 1.376 1.461 1.547 1.632 1.717 1.803 1.888 1.974 2.059 2.140 2.187 2.234 2.282 2.329 2.376 2.465 2.674
0.433 0.352 0.669 0.758 0.607 0.178 0.162 0.000 0.000 0.293 0.392 0.417 0.392 0.018 0.000 0.000 0.121 0.079 0.108 0.223 0.229 0.165 0.434 0.199 0.183 0.203 0.224 0.138 0.123 0.024 0.106 0.138 0.210 0.078 0.389 0.277 0.314 0.282 0.361 0.419 0.518 0.487 0.436 0.595 0.564 0.683 0.663 0.897 0.911 0.591 0.530 0.479 0.538 0.587 0.476 0.475 0.585 0.584 0.604 1.374 1.459 1.545 1.630 1.715 1.801 1.886 1.971 2.057 2.142 2.216 2.263 2.311 2.358 2.405 2.452 2.499 2.553
0.000 0.000 0.129 0.597 0.536 0.521 0.000 0.000 0.016 0.000 0.314 0.225 0.161 0.821 0.000 0.141 0.179 0.318 0.221 0.257 0.135 0.155 0.175 0.144 0.155 0.174 0.144 0.133 0.144 0.174 0.098 0.226 0.188 0.276 0.260 0.396 0.244 0.331 0.320 0.348 0.407 0.596 0.485 0.664 0.484 0.573 0.552 0.592 0.591 0.581 0.440 0.529 0.518 0.607 0.506 0.675 0.595 1.287 1.372 1.458 1.543 1.628 1.713 1.799 1.884 1.970 2.055 2.140 2.226 2.292 2.340 2.387 2.434 2.481 2.529 2.576 2.623
0.000 0.000 0.000 0.000 0.000 0.201 0.000 0.000 0.033 0.733 0.634 0.036 0.297 0.000 0.287 0.110 0.085 0.216 0.081 0.100 0.118 0.157 0.030 0.130 0.084 0.211 0.142 0.153 0.227 0.121 0.123 0.137 0.225 0.327 0.160 0.356 0.193 0.429 0.458 0.417 0.586 0.545 0.634 0.654 0.663 0.602 0.682 0.591 0.621 0.680 0.539 0.518 0.677 0.566 1.071 0.675 0.684 1.370 1.456 1.541 1.626 1.711 1.797 1.882 1.967 2.053 2.138 2.224 2.309 2.368 2.416 2.463 2.510 2.558 2.605 2.652 2.699
0.000 0.278 0.148 0.348 0.278 0.610 0.003 0.000 0.852 0.872 0.931 0.596 0.434 0.221 0.363 0.040 0.013 0.077 0.101 0.077 0.104 0.088 0.084 0.110 0.114 0.074 0.072 0.164 0.212 0.122 0.204 0.327 0.146 0.183 0.326 0.375 0.251 0.458 0.528 0.447 0.465 0.475 0.654 0.503 0.672 0.672 0.691 0.551 0.620 0.490 0.479 0.548 0.657 0.596 0.625 1.230 1.342 1.454 1.539 1.624 1.709 1.795 1.880 1.965 2.051 2.136 2.221 2.307 2.392 2.445 2.492 2.539 2.586 2.634 2.681 2.728 2.776
