includes/lisflood-fp-604/results/res-0005.wdfp
ncols         631
nrows         906
xllcorner     364927.146667
yllcorner     6531972.565556
cellsize      20.000000
NODATA_value  -9999.000000
[rows 170 to 203 of 906, columns 308 to 384 of 631]
0.355 0.456 1.977 2.627 1.138 0.510 0.612 2.033 0.703 0.534 1.765 1.256 1.427 1.297 0.779 2.050 0.570 1.381 1.451 1.242 1.772 1.103 1.554 1.144 1.185 1.146 0.997 2.407 2.018 1.309 1.079 1.200 1.981 0.912 1.304 1.665 1.995 2.026 2.287 2.188 2.048 2.069 2.020 2.111 2.072 2.102 1.923 1.694 1.875 2.016 2.137 2.068 2.129 2.120 2.231 2.201 2.383 2.464 2.575 2.316 0.738 0.482 0.854 2.136 2.206 2.207 2.158 1.829 1.020 1.241 1.211 0.421 0.597 1.743 1.623 1.903 1.713
1.150 0.760 1.309 1.369 1.250 1.602 1.523 0.594 0.555 0.365 1.806 0.987 1.637 1.028 0.839 2.510 0.701 2.021 1.082 1.572 2.083 1.124 1.274 1.405 1.976 1.966 2.407 2.258 1.308 2.339 1.970 1.361 1.042 1.213 1.154 1.315 1.566 2.237 2.418 2.169 2.129 2.020 2.141 2.022 2.042 1.973 1.974 2.535 2.096 2.107 2.178 2.209 2.230 2.271 2.302 2.173 2.264 2.305 2.446 2.187 0.690 0.803 1.095 1.947 2.128 2.149 2.029 2.090 1.731 1.172 1.163 0.505 0.708 1.302 1.692 1.682 1.652
1.221 0.851 0.821 1.121 0.972 0.854 1.474 1.266 1.097 2.047 0.887 0.788 2.828 1.399 1.210 2.931 1.261 1.202 1.132 1.723 1.213 1.584 2.175 2.135 1.056 1.627 0.727 2.228 2.239 1.380 1.811 1.991 1.252 1.123 0.715 1.246 1.737 2.098 2.069 2.199 2.100 2.021 2.082 2.233 2.123 2.304 2.205 2.176 2.307 2.138 2.189 2.190 2.231 2.152 2.173 2.204 2.285 2.426 2.657 2.618 0.991 1.064 1.356 2.118 2.289 2.220 2.061 1.932 1.622 1.163 1.014 0.438 0.859 0.791 1.552 1.681 1.681
0.383 1.403 1.413 0.983 1.174 1.185 0.876 1.687 2.017 1.548 1.129 1.359 0.909 0.860 0.521 1.911 1.862 1.222 1.903 1.223 1.564 1.574 1.515 1.156 2.237 1.367 1.368 1.249 1.029 2.050 2.141 1.352 2.203 1.454 0.775 0.907 1.738 2.119 2.280 2.460 2.351 2.192 2.223 2.083 2.094 2.055 2.066 1.967 2.208 1.939 2.260 2.301 2.192 2.283 2.424 2.255 2.306 2.258 2.369 2.180 0.873 1.535 3.337 1.859 2.050 1.931 2.043 2.084 0.766 0.399 0.323 0.452 0.939 1.620 1.721 1.761 1.681
1.524 0.784 0.505 1.145 1.155 0.996 1.357 1.088 0.968 0.849 1.670 1.500 1.650 0.821 1.522 0.632 1.892 1.663 1.333 1.364 1.854 1.275 1.496 1.186 1.107 1.498 1.819 2.029 2.240 1.231 1.312 1.532 2.153 0.904 0.846 1.458 2.189 2.290 2.240 2.301 2.182 2.153 2.113 2.024 2.025 2.046 1.967 2.178 2.159 2.200 2.151 2.482 1.953 2.004 1.965 2.067 2.058 2.199 2.320 2.442 2.003 0.496 3.248 1.629 1.151 1.433 1.435 1.477 1.721 1.914 1.687 0.604 1.698 1.729 1.690 1.760 1.650
0.627 1.277 0.797 0.407 1.497 1.357 0.948 1.689 1.209 1.390 1.090 1.851 1.111 1.652 1.082 2.713 0.503 2.524 1.054 0.945 1.065 1.236 1.266 1.727 1.058 1.078 1.459 1.980 2.201 2.441 2.092 1.103 1.464 0.765 0.637 1.439 1.870 2.700 2.661 2.392 2.373 2.303 2.094 2.205 2.076 2.057 2.118 2.199 2.260 2.291 2.302 2.373 2.194 2.286 2.037 1.998 2.069 2.320 2.452 2.563 2.615 2.467 3.618 1.730 1.262 1.225 1.178 1.140 1.803 1.496 0.900 1.525 1.637 1.658 1.749 1.720 1.520
1.149 0.618 1.599 0.949 0.459 1.258 1.209 1.189 1.560 1.270 1.261 1.421 0.772 1.553 1.893 0.684 3.044 2.775 2.125 0.935 1.756 0.896 1.097 1.377 1.888 1.799 1.340 1.120 2.161 2.262 2.252 1.453 0.914 0.596 1.028 1.490 2.151 2.141 2.382 2.253 2.143 2.204 2.265 2.226 2.187 2.268 2.139 2.140 2.171 2.342 2.193 2.224 2.255 2.227 2.248 2.219 2.150 2.091 2.123 2.334 2.546 2.567 0.889 2.341 0.304 1.228 1.830 1.683 1.565 1.668 1.162 1.675 1.657 1.708 1.708 1.729 1.780
2.119 1.519 1.049 1.810 1.230 0.450 1.280 1.360 1.100 1.021 1.552 1.173 1.833 0.734 1.854 1.594 1.225 2.875 2.055 1.296 1.346 1.087 0.908 0.588 1.379 1.909 1.980 1.981 1.162 1.102 2.333 1.194 1.045 0.967 0.619 1.640 2.221 2.382 2.733 2.693 2.614 2.255 2.236 2.067 1.847 1.988 1.989 1.931 1.882 2.083 2.134 2.195 2.267 2.278 2.319 2.340 2.351 2.573 2.564 0.896 2.558 2.449 2.240 1.223 3.426 1.199 1.652 1.574 1.417 1.360 1.733 1.785 1.726 1.737 1.808 1.679 1.760
1.340 0.790 1.740 1.320 2.120 1.690 1.380 0.960 0.592 1.453 0.873 1.474 1.584 0.824 1.505 1.295 1.305 0.995 1.506 2.036 1.117 1.298 1.239 0.979 0.660 0.760 1.811 2.021 1.862 1.853 1.234 1.125 0.906 0.748 1.020 1.461 2.152 2.333 2.383 2.414 2.375 2.236 2.206 2.137 2.118 2.199 2.250 2.272 2.203 2.324 2.415 2.356 2.398 2.439 2.260 2.211 2.292 2.304 2.285 1.047 2.479 2.610 2.551 1.304 1.417 1.420 1.303 1.346 1.359 1.591 1.624 1.745 1.686 1.917 1.648 1.969 1.820
1.570 0.901 0.700 2.490 1.980 1.340 1.010 0.373 1.305 1.135 1.655 1.655 0.775 1.636 1.956 1.126 1.266 0.546 2.806 0.000 1.948 2.239 1.280 1.100 1.411 0.501 1.251 1.812 1.923 1.893 1.274 0.796 0.908 0.979 1.110 1.432 2.263 2.313 2.464 2.325 2.355 2.346 2.217 2.198 2.179 2.160 2.181 2.192 2.194 2.315 2.346 2.357 2.469 2.390 2.371 2.282 2.383 2.355 2.286 2.268 2.409 2.491 2.532 1.145 3.258 0.521 1.305 1.028 1.270 1.633 1.654 1.716 1.817 1.917 1.868 1.839 1.920
1.461 1.292 0.702 0.672 0.942 1.001 0.027 1.266 1.206 1.396 1.596 1.746 0.786 1.616 1.127 1.607 1.758 1.348 0.618 2.879 0.309 1.430 2.100 1.251 1.402 1.123 0.783 0.613 0.984 0.865 0.497 0.908 0.879 1.170 1.071 1.562 2.153 2.334 2.365 2.375 2.436 2.377 2.378 2.289 2.250 2.281 2.242 2.223 2.244 2.206 2.297 2.288 2.359 2.441 2.512 2.363 2.434 2.395 2.567 2.409 2.380 2.421 2.402 0.756 1.610 0.993 1.736 1.219 1.431 1.603 1.715 1.646 1.807 1.848 1.838 1.869 2.050
1.882 1.523 0.884 1.094 1.475 0.435 1.346 1.256 1.366 1.546 1.396 1.426 1.157 1.147 0.837 1.668 1.548 0.949 1.540 0.560 3.150 1.161 1.271 2.452 1.253 1.424 1.625 1.035 0.000 1.759 2.190 2.340 2.311 2.471 0.762 1.273 2.264 2.354 2.275 2.316 2.287 2.308 2.228 2.149 2.190 2.292 2.253 2.344 2.285 2.267 2.258 2.339 2.370 2.411 2.533 2.504 2.305 2.336 0.848 2.450 2.361 2.452 2.463 0.577 1.801 0.864 1.667 1.250 1.412 1.484 1.686 1.887 1.897 1.768 1.729 1.979 1.930
1.583 1.553 1.084 1.585 1.326 1.506 1.417 0.777 1.697 1.547 1.557 0.647 1.398 1.208 0.908 1.648 1.179 1.720 1.640 1.230 0.771 2.971 1.672 1.092 2.103 1.334 1.515 1.156 1.268 2.069 2.240 2.240 2.291 2.461 0.832 1.323 2.164 2.225 2.286 2.276 2.337 2.288 2.289 2.290 2.301 2.212 2.234 2.215 2.376 2.347 2.399 2.450 2.481 2.482 2.493 2.325 2.366 1.288 2.070 2.521 2.412 2.413 2.035 0.768 2.382 1.475 1.488 1.231 1.463 1.365 1.797 1.817 1.848 1.839 1.879 1.840 1.840
0.587 0.487 0.588 0.968 1.018 0.958 0.918 1.427 1.827 1.477 1.327 1.368 1.708 1.039 1.809 1.309 0.840 1.610 1.520 0.971 1.892 1.032 2.652 0.413 1.874 1.135 1.686 1.577 0.868 2.209 2.270 2.291 2.281 2.332 1.153 1.194 2.145 2.235 2.226 2.327 2.288 2.329 2.270 2.381 2.142 2.133 2.314 2.275 2.417 2.368 2.399 2.350 2.402 2.313 2.434 2.365 2.767 1.559 2.471 2.592 2.543 2.505 2.716 1.109 3.523 1.655 1.538 0.972 1.365 1.626 1.777 1.848 1.759 1.899 1.980 1.880 2.160
1.561 1.621 1.461 1.441 1.611 1.451 0.890 1.148 1.417 1.398 0.728 1.419 1.099 1.029 1.559 1.150 1.710 1.580 1.251 1.981 2.052 0.632 1.243 1.194 1.345 0.686 1.357 2.257 1.198 2.299 2.530 2.471 2.421 2.372 0.823 1.574 2.255 2.166 2.197 2.208 2.228 2.329 2.370 2.341 2.733 2.754 2.655 2.476 2.407 2.329 2.380 2.371 2.342 2.364 2.375 2.416 1.019 2.781 2.692 1.973 2.135 2.156 2.537 1.310 1.862 0.816 1.499 0.912 1.346 1.717 1.708 2.079 1.899 2.100 1.920 1.851 1.851
1.172 1.602 1.502 1.672 1.482 1.602 1.682 0.391 0.120 0.659 1.030 1.540 0.830 1.660 1.380 0.730 1.441 1.191 1.971 1.992 0.812 0.753 0.714 3.385 1.115 0.796 1.407 1.488 1.129 1.050 2.360 2.541 2.462 2.352 0.963 1.355 2.306 2.386 2.227 2.338 2.259 2.150 2.161 2.352 2.433 2.394 2.536 2.487 2.388 2.279 2.311 2.272 2.373 2.264 2.056 0.838 1.931 2.812 2.693 2.774 2.716 2.867 2.708 1.311 1.054 3.917 1.160 0.823 1.507 1.828 2.009 2.020 2.180 2.021 1.961 2.041 1.871
1.492 1.652 1.592 1.632 1.622 1.513 1.653 0.233 0.043 0.741 1.271 1.141 0.651 1.681 1.301 1.402 1.251 1.741 2.002 0.382 0.833 2.734 2.195 1.365 1.046 0.937 1.198 1.199 1.449 0.900 1.591 2.611 2.482 2.143 1.494 1.135 1.876 1.957 2.148 1.859 1.860 1.991 2.102 2.263 2.544 2.765 2.896 2.507 2.429 2.440 2.411 2.403 2.394 2.315 1.657 1.640 2.742 2.853 2.784 2.605 1.897 1.978 2.559 1.282 1.244 3.487 1.181 1.144 1.808 2.029 1.990 2.151 2.111 2.051 1.892 2.102 1.992
1.033 1.443 1.643 1.353 1.663 1.663 1.533 1.674 0.323 1.302 1.292 1.192 1.462 1.692 1.332 1.462 0.912 1.422 0.863 2.034 2.044 0.905 1.295 1.336 1.247 1.308 1.328 1.309 1.570 1.721 1.241 1.082 2.292 2.303 0.854 1.136 2.117 2.368 2.268 1.999 1.990 2.111 1.772 2.183 1.984 2.356 2.327 2.218 2.370 2.311 2.512 2.513 2.394 2.605 0.839 1.641 1.953 2.714 2.795 2.726 2.807 2.919 2.710 1.662 2.935 1.208 1.201 1.045 1.859 2.000 1.821 1.962 2.022 2.152 2.222 2.162 1.712
0.943 1.534 1.744 1.634 1.594 1.694 1.554 1.674 0.484 1.402 1.712 2.312 1.593 1.173 1.143 1.703 0.543 0.913 2.833 1.264 1.134 1.245 1.186 1.226 1.287 1.318 1.219 1.269 2.220 1.931 1.482 1.032 1.083 2.424 0.995 1.216 2.057 2.398 2.299 1.790 2.181 2.132 1.893 1.914 1.765 1.906 2.128 2.179 2.230 1.902 2.183 1.814 2.305 0.608 2.131 2.122 2.263 2.325 2.396 2.467 1.968 1.980 2.481 1.813 1.265 1.508 1.042 1.147 1.830 1.941 1.952 2.032 2.343 2.123 2.173 2.023 1.763
2.004 1.404 1.454 1.614 1.394 1.594 1.374 1.224 2.305 0.684 0.494 1.514 0.934 1.464 1.455 0.775 1.015 0.704 1.404 1.444 1.235 1.435 1.426 1.387 1.347 1.368 1.129 1.170 1.411 1.681 1.802 1.423 0.623 2.324 0.915 1.247 2.308 2.419 2.319 2.250 2.281 2.222 2.183 2.224 1.895 2.047 2.028 1.970 2.081 2.033 2.464 2.105 0.548 1.411 2.692 1.673 1.604 1.586 1.837 1.868 2.389 2.540 2.732 3.753 0.845 0.808 0.723 1.349 1.951 1.782 1.863 2.113 2.044 2.014 2.113 1.723 2.403
1.585 0.815 1.495 1.795 1.535 1.635 1.205 1.535 1.615 1.505 1.515 1.635 1.395 1.545 1.475 1.486 1.206 0.615 2.874 0.835 1.215 1.216 1.356 1.077 1.258 1.199 1.179 1.390 1.581 1.392 1.633 1.593 1.134 1.055 1.006 1.437 2.308 2.309 2.400 2.311 2.222 2.273 2.374 2.145 2.236 1.857 1.809 1.970 2.132 2.134 2.706 1.697 0.940 2.392 2.813 2.694 2.825 2.817 2.918 2.858 1.750 1.891 2.852 3.233 1.175 1.157 0.374 1.702 1.873 2.054 1.864 1.974 1.994 1.974 2.194 1.684 1.994
1.556 1.876 1.596 1.326 1.296 0.816 1.366 0.966 1.295 1.245 1.535 1.435 1.446 1.556 1.716 1.516 1.296 0.856 2.184 3.295 0.945 1.066 1.307 1.398 1.248 1.359 1.360 1.151 1.161 1.722 1.513 1.384 1.315 1.116 1.437 1.728 2.259 2.350 2.370 2.331 2.082 2.233 2.224 2.185 2.146 2.147 2.319 2.211 2.133 1.986 2.518 2.019 1.891 0.772 0.000 0.317 0.878 2.138 2.828 2.699 2.750 2.812 2.443 2.384 1.296 1.307 0.645 1.053 1.854 2.025 1.875 1.885 2.145 2.675 2.165 1.935 2.184
1.417 1.707 1.617 1.877 0.877 0.837 1.526 1.426 1.446 1.586 1.666 1.616 1.456 1.386 1.536 1.427 1.187 1.197 0.636 0.786 2.946 1.116 1.237 1.048 1.419 1.680 1.750 1.571 1.602 1.722 1.713 1.804 1.555 1.036 1.157 1.718 2.249 2.420 2.571 2.702 2.663 2.853 3.004 2.815 2.516 2.248 2.169 2.181 2.064 1.738 2.100 2.431 2.033 2.605 2.447 2.128 2.989 2.229 0.970 0.121 0.602 1.933 0.584 3.855 1.376 0.867 0.375 0.965 1.905 1.926 2.096 1.836 1.896 2.326 1.875 2.175 1.955
1.457 1.107 1.668 1.768 2.038 1.648 1.307 1.497 1.487 0.837 1.596 1.406 1.576 1.587 1.307 1.757 1.058 1.078 0.758 0.586 3.046 0.737 1.468 1.148 1.549 1.600 1.560 1.371 1.502 1.633 1.823 1.104 1.155 1.186 1.088 1.449 2.150 2.241 2.171 2.152 2.173 2.084 2.125 2.086 2.176 2.197 2.189 1.830 0.587 1.761 2.372 2.233 2.565 2.296 1.877 2.519 2.180 2.450 2.631 2.143 2.703 2.734 1.215 3.726 1.397 1.068 0.000 1.016 2.156 1.907 2.227 2.117 1.897 2.006 1.986 2.145 2.055
1.408 1.418 1.798 1.428 1.738 1.709 1.729 0.698 1.638 1.608 0.527 1.706 1.447 1.607 1.417 1.228 1.478 1.169 1.809 0.377 1.426 0.457 1.438 1.089 1.420 1.660 1.671 1.661 1.732 1.763 1.814 1.395 1.016 1.037 1.108 1.679 2.180 2.151 2.222 2.173 2.104 2.084 2.315 2.126 2.146 2.137 2.118 0.000 1.774 2.354 2.064 2.555 2.256 1.907 2.428 1.969 2.230 2.441 1.882 2.523 2.224 0.485 1.277 1.208 1.388 1.369 0.000 0.887 2.077 1.917 2.127 2.017 2.527 1.977 2.526 2.236 1.895
1.649 1.319 1.529 1.799 1.489 2.139 1.829 1.550 0.539 1.459 1.599 0.608 1.717 1.378 0.968 0.909 1.169 1.669 1.519 0.001 0.298 3.479 0.439 1.270 1.330 1.581 1.811 1.332 0.762 0.813 1.764 1.375 1.117 0.978 1.189 1.870 2.041 2.152 2.182 2.233 2.254 2.145 2.145 2.186 2.156 2.137 0.000 1.535 2.525 2.085 2.445 2.366 2.137 2.308 2.169 2.060 2.201 2.352 2.433 2.314 2.035 1.307 1.188 2.779 1.250 1.461 0.002 0.797 1.997 2.028 2.118 2.018 2.897 1.967 2.096 1.926 1.615
1.019 1.199 0.619 1.749 1.520 1.700 2.080 1.690 1.720 0.710 1.400 1.670 0.550 0.989 1.050 1.020 1.110 1.410 0.780 0.291 0.330 4.059 3.449 3.610 3.090 3.931 3.721 3.552 3.343 1.244 0.545 0.776 1.058 0.989 0.840 2.010 2.031 2.082 2.253 2.224 2.205 2.115 2.186 2.166 1.756 0.000 1.375 2.566 2.296 2.666 2.356 2.327 2.528 2.239 1.890 1.981 2.242 2.673 2.294 2.195 1.166 1.138 1.839 3.930 1.132 1.233 0.720 0.996 2.077 1.948 2.418 1.988 2.798 2.507 2.127 1.926 0.945
1.020 1.130 1.290 1.820 1.690 1.460 2.160 1.531 1.591 1.681 1.361 0.941 1.712 0.881 1.131 1.041 1.091 1.191 0.382 0.313 0.603 0.592 0.293 0.434 0.494 0.475 0.535 0.656 0.716 0.757 3.457 1.748 0.869 0.620 1.151 1.371 0.253 1.973 2.184 1.984 2.155 2.196 2.077 1.138 0.135 1.345 2.605 2.416 2.066 2.597 2.407 2.508 2.319 1.990 2.281 2.142 2.553 2.494 2.394 1.036 1.128 1.079 1.041 1.022 1.304 1.425 0.580 0.915 1.897 2.048 2.678 2.178 2.398 2.597 2.027 1.976 0.846
1.131 1.731 1.530 1.560 1.850 1.611 1.611 1.921 2.061 1.481 1.682 1.682 1.102 1.282 1.102 1.112 1.262 0.473 0.704 0.434 3.765 0.296 1.548 1.398 1.239 1.109 1.010 0.850 0.940 1.021 0.450 0.550 1.681 4.022 1.213 0.604 1.576 1.595 0.687 0.528 0.480 1.091 0.563 0.676 1.371 2.634 2.625 2.286 2.586 2.257 2.628 2.178 1.820 1.941 2.262 2.533 2.373 2.694 1.196 1.187 1.239 1.031 3.042 1.084 1.385 1.257 1.180 0.884 1.317 2.238 2.609 2.958 2.758 1.957 2.177 1.976 0.996
1.702 1.282 0.000 0.241 1.831 1.871 1.711 1.771 1.422 2.122 1.882 1.162 1.163 1.373 1.023 1.173 1.263 0.553 0.714 0.645 1.046 0.727 1.338 1.229 1.379 1.440 1.260 1.151 1.542 1.292 1.423 1.514 0.244 0.754 1.405 2.926 2.677 0.499 3.161 1.203 0.925 1.945 1.177 0.709 0.682 0.604 0.705 2.806 2.747 2.757 2.788 2.559 2.710 2.431 2.362 2.313 2.264 1.296 1.317 1.289 2.820 1.472 1.054 1.525 1.426 1.508 0.751 0.895 1.438 2.199 2.729 2.879 2.178 2.038 2.177 1.306 1.056
1.633 1.023 0.204 0.000 1.862 1.682 1.552 1.402 1.762 1.552 1.333 1.173 1.363 0.974 1.124 1.104 0.615 0.285 0.486 0.856 0.307 1.408 1.098 1.159 1.320 1.240 1.511 2.022 1.262 1.233 1.534 1.075 0.526 0.946 0.747 0.598 1.639 3.891 1.442 0.805 0.997 1.088 1.829 1.011 0.773 1.214 1.046 1.136 3.517 0.988 0.559 0.540 2.341 2.902 2.723 2.064 1.356 1.017 1.259 1.320 1.122 3.204 1.445 1.606 1.488 1.459 0.771 0.655 1.018 2.269 2.899 2.079 2.158 2.238 1.717 1.077 0.916
1.744 0.924 0.374 0.001 1.662 1.772 1.813 1.873 1.413 1.173 1.484 1.114 0.695 0.725 0.626 1.287 0.687 0.568 0.458 0.528 0.138 0.918 1.049 1.049 1.340 1.421 1.271 1.362 1.293 1.304 1.375 1.445 0.417 0.679 0.860 1.271 1.312 0.593 0.745 9.108 3.549 3.260 2.001 2.792 3.853 3.485 3.836 9.117 9.117 1.410 1.461 1.352 1.353 1.084 0.915 1.376 1.107 1.269 1.080 1.242 3.823 1.934 1.506 1.497 1.609 1.460 1.201 0.575 0.899 2.739 2.959 1.949 1.618 1.237 0.997 1.097 0.996
1.705 1.735 0.135 0.007 0.134 1.624 1.744 1.154 0.115 0.175 1.126 2.006 1.637 1.617 1.728 1.558 1.509 1.659 0.830 0.449 1.819 1.169 1.380 1.210 1.031 1.471 1.522 1.323 1.324 1.614 1.255 1.386 0.628 1.711 1.872 2.233 2.164 1.715 0.597 0.649 1.700 1.931 1.382 0.984 0.725 0.556 0.588 0.609 0.750 9.121 9.122 1.803 1.174 1.135 1.266 1.427 0.879 1.370 1.272 2.003 1.054 0.716 1.457 1.448 1.540 1.481 1.072 0.316 0.989 2.689 2.199 0.919 0.898 0.547 0.606 0.477 0.477
1.546 1.606 0.947 0.557 0.797 1.626 2.006 1.566 1.797 2.127 2.637 1.307 1.347 1.667 1.888 1.588 1.669 1.499 1.260 0.530 3.739 1.510 0.960 0.731 1.131 1.292 1.403 1.393 1.304 1.585 1.236 1.267 0.839 1.531 1.792 1.833 1.824 1.986 0.418 1.561 1.671 2.942 1.254 1.246 1.457 1.499 1.110 0.761 0.722 0.433 1.163 4.034 9.125 1.136 1.737 1.318 1.120 1.022 1.303 3.955 1.606 1.177 1.088 2.320 1.271 1.472 1.723 0.397 1.439 3.179 2.189 0.728 0.858 0.647 0.657 0.627 0.487
