includes/lisflood-fp-604/results/res-0009.wd
ncols         631
nrows         906
xllcorner     364927.146667
yllcorner     6531972.565556
cellsize      20.000000
NODATA_value  -9999.000000
[rows 544 to 577 of 906, columns 385 to 461 of 631]
1.055 0.635 0.605 0.655 0.565 0.665 0.606 0.706 0.486 0.556 0.486 0.216 0.046 0.306 0.276 0.206 0.036 0.000 0.000 0.000 0.003 0.118 0.003 0.013 0.003 0.000 0.000 0.000 0.000 0.000 0.000 0.009 0.000 0.001 0.000 0.002 0.000 0.143 0.000 0.000 0.000 0.000 0.026 0.000 0.000 0.000 0.000 0.073 0.000 0.000 0.263 0.000 0.046 0.000 0.000 0.000 0.000 0.000 0.003 0.000 0.000 0.096 0.246 0.001 0.001 0.144 0.000 0.812 0.000 0.000 0.568 0.578 0.338 1.438 1.018 0.188 1.248
0.925 0.925 0.725 1.005 0.905 0.675 0.636 0.696 0.816 0.426 0.326 0.346 0.156 0.336 0.086 0.066 0.216 0.017 0.177 0.000 0.013 0.168 0.005 0.000 0.000 0.000 0.023 0.000 0.000 0.134 0.164 0.054 0.094 0.002 0.000 0.000 0.015 0.006 0.000 0.001 0.023 0.000 0.002 0.000 0.000 0.044 0.014 0.173 0.043 0.002 0.002 0.025 0.000 0.000 0.000 0.000 0.000 0.000 0.001 0.000 0.000 0.002 0.000 0.076 0.004 0.007 0.003 0.000 0.543 0.002 0.001 0.768 0.758 0.318 0.928 0.837 0.807
0.835 0.795 0.745 0.995 0.945 0.806 0.836 0.786 0.806 0.476 0.576 0.246 0.336 0.076 0.004 0.266 0.246 0.117 0.177 0.248 0.268 0.148 0.005 0.005 0.000 0.093 0.000 0.000 0.124 0.274 0.364 0.114 0.184 0.000 0.003 0.000 0.030 0.000 0.015 0.118 0.000 0.000 0.045 0.000 0.000 0.104 0.014 0.000 0.084 0.003 0.000 0.004 0.156 0.016 0.000 0.000 0.000 0.000 0.001 0.044 0.000 0.000 0.000 0.000 0.000 0.000 0.002 0.094 0.000 0.000 0.000 0.000 0.587 0.767 0.887 0.327 0.937
0.955 0.985 0.795 1.145 0.655 0.696 0.956 0.966 0.936 0.596 0.706 0.626 0.386 0.106 0.266 0.266 0.256 0.127 0.327 0.078 0.138 0.041 0.142 0.000 0.000 0.001 0.002 0.002 0.174 0.264 0.009 0.000 0.264 0.334 0.274 0.000 0.134 0.304 0.027 0.004 0.058 0.000 0.000 0.000 0.000 0.000 0.001 0.000 0.000 0.000 0.000 0.000 0.036 0.000 0.064 0.024 0.000 0.000 0.000 0.000 0.000 0.000 0.000 0.000 0.000 0.000 0.000 0.000 0.000 0.000 0.000 0.000 0.000 0.547 0.527 0.807 1.117
1.035 0.945 0.745 0.955 0.945 0.926 0.626 0.686 0.666 0.826 0.486 0.786 0.716 0.576 0.466 0.366 0.286 0.457 0.207 0.138 0.000 0.232 0.132 0.000 0.000 0.000 0.000 0.054 0.254 0.184 0.334 0.184 0.224 0.334 0.000 0.254 0.064 0.184 0.234 0.000 0.000 0.000 0.242 0.000 0.151 0.000 0.001 0.155 0.002 0.000 0.000 0.000 0.000 0.000 0.000 0.002 0.056 0.002 0.000 0.000 0.000 0.062 0.000 0.000 0.000 0.000 0.062 0.000 0.000 0.146 0.000 0.042 0.000 0.557 0.857 0.497 0.846
0.825 0.965 1.135 1.065 0.966 1.046 0.736 0.656 0.716 0.816 0.596 0.616 0.546 0.626 0.826 0.496 0.256 0.457 0.028 0.308 0.007 0.382 0.142 0.023 0.003 0.000 0.000 0.134 0.404 0.334 0.044 0.254 0.254 0.224 0.384 0.354 0.334 0.274 0.144 0.000 0.001 0.143 0.000 0.000 0.021 0.000 0.001 0.000 0.023 0.000 0.000 0.000 0.000 0.000 0.000 0.000 0.000 0.003 0.000 0.000 0.000 0.000 0.085 0.001 0.000 0.000 0.000 0.000 0.005 0.156 0.000 0.000 0.000 0.002 0.156 0.756 0.746
0.435 1.195 1.055 0.975 0.936 0.946 0.656 0.656 0.696 0.726 0.636 0.786 0.776 0.446 0.576 0.776 0.506 0.377 0.478 0.538 0.280 0.622 0.252 0.302 0.008 0.263 0.753 0.473 0.244 0.004 0.454 0.294 0.264 0.274 0.564 0.124 0.274 0.174 0.003 0.023 0.054 0.000 0.028 0.030 0.081 0.000 0.004 0.000 0.000 0.000 0.011 0.000 0.000 0.000 0.000 0.000 0.038 0.128 0.000 0.078 0.008 0.015 0.000 0.027 0.011 0.002 0.000 0.002 0.017 0.000 0.000 0.382 0.000 0.666 0.256 0.766 0.766
0.000 0.345 1.035 0.895 0.976 0.956 0.626 0.586 0.816 1.186 1.176 0.666 0.726 0.936 0.766 0.566 0.506 0.477 0.438 0.718 0.230 0.552 0.462 0.462 0.643 0.603 0.423 0.254 0.000 0.000 0.404 0.314 0.174 0.264 0.564 0.444 0.314 0.364 0.064 0.000 0.094 0.004 0.005 0.000 0.091 0.101 0.012 0.000 0.000 0.150 0.070 0.030 0.000 0.004 0.000 0.000 0.000 0.188 0.268 0.048 0.000 0.012 0.006 0.071 0.409 0.000 0.000 0.007 0.000 0.007 0.000 0.000 0.336 0.816 0.236 0.596 0.836
0.000 0.000 0.000 0.736 0.866 1.046 0.666 0.626 1.186 1.006 0.986 1.186 1.096 0.916 1.066 0.366 0.696 0.447 0.028 0.648 0.310 0.602 0.482 0.542 0.173 0.183 0.000 0.814 0.734 0.954 1.164 1.644 0.334 0.714 0.634 0.434 0.514 0.234 0.314 0.234 0.000 0.007 0.003 0.000 0.000 0.000 0.000 0.000 0.080 0.150 0.240 0.050 0.060 0.100 0.000 0.000 0.000 0.004 0.000 0.000 0.000 0.000 0.003 0.003 0.066 0.000 0.011 0.191 0.000 0.310 0.220 0.030 0.000 0.286 0.206 0.385 0.385
1.491 0.000 0.000 0.000 0.000 0.206 0.686 0.586 0.936 1.096 1.066 1.156 1.016 0.986 0.616 1.006 0.816 0.417 0.738 0.968 0.230 0.262 0.582 0.462 0.423 0.104 0.634 0.684 0.714 0.614 0.774 1.184 0.894 0.834 0.714 0.644 0.614 0.384 0.334 0.494 0.134 0.045 0.002 0.004 0.000 0.000 0.004 0.003 0.160 0.000 0.080 0.230 0.150 0.020 0.020 0.000 0.092 0.000 0.000 0.000 0.000 0.000 0.105 0.096 0.189 0.013 0.007 0.007 0.025 0.006 0.400 0.330 0.150 0.013 0.125 0.474 0.684
1.071 1.061 1.311 0.991 0.000 0.000 0.000 0.000 1.066 0.996 1.366 1.136 0.986 0.836 0.746 1.056 1.066 0.577 0.998 1.018 0.381 0.182 0.103 0.053 0.584 0.464 0.594 0.654 0.584 0.514 0.844 1.284 0.714 0.904 0.744 0.834 0.000 0.404 0.334 0.394 0.174 0.174 0.013 0.006 0.003 0.006 0.006 0.009 0.007 0.005 0.000 0.000 0.140 0.040 0.001 0.042 0.000 0.000 0.000 0.000 0.000 0.000 0.195 0.104 0.000 0.361 0.521 0.431 0.022 0.330 0.290 0.510 0.380 0.260 0.006 0.033 0.223
1.341 0.111 0.851 0.971 0.951 0.051 0.000 0.000 0.000 0.000 0.586 1.246 1.026 0.036 0.166 0.346 0.000 0.477 0.228 0.189 0.724 0.474 0.324 0.000 0.394 0.574 0.744 0.744 1.164 0.934 0.784 1.364 0.994 1.244 0.984 0.714 0.214 0.144 0.474 0.284 0.454 0.154 0.006 0.005 0.008 0.093 0.009 0.008 0.011 0.003 0.000 0.060 0.280 0.230 0.030 0.000 0.000 0.000 0.000 0.000 0.000 0.000 0.000 0.152 0.391 0.691 0.511 0.000 0.691 0.000 0.550 0.430 0.430 0.141 0.523 1.493 0.000
0.871 0.711 1.731 1.101 1.241 0.000 0.000 0.000 0.000 0.000 0.000 0.000 0.566 1.086 0.646 0.000 0.000 0.000 0.208 0.000 0.714 0.884 1.234 0.694 1.484 0.884 1.774 0.354 0.574 0.964 0.874 1.304 0.904 1.324 0.854 0.684 1.114 0.494 0.414 0.000 0.364 0.000 0.017 0.005 0.006 0.000 0.000 0.068 0.000 0.003 0.000 0.000 0.000 0.320 0.000 0.000 0.000 0.000 0.000 0.000 0.000 0.000 0.000 0.000 0.000 0.151 0.361 0.791 0.641 0.791 0.051 0.810 0.590 0.361 0.973 1.443 1.463
0.951 0.411 0.471 1.251 0.000 2.261 0.000 0.000 0.000 0.000 0.000 0.000 0.000 0.000 0.028 0.878 0.000 0.000 0.148 0.099 0.044 1.184 1.464 0.804 1.064 0.664 0.634 0.594 1.134 0.994 0.894 1.274 1.274 1.054 0.454 0.314 0.394 0.374 0.114 0.654 0.394 0.324 0.314 0.026 0.006 0.000 0.000 0.000 0.000 0.007 0.002 0.002 0.003 0.000 0.000 0.000 0.000 0.000 0.000 0.000 0.000 0.000 0.000 0.000 0.000 0.014 0.351 0.251 0.761 0.401 0.181 0.430 1.000 1.420 0.000 0.000 1.183
0.891 0.961 1.041 0.461 2.081 0.851 2.061 0.000 0.000 0.000 0.014 0.024 0.014 0.000 0.000 0.000 0.031 0.000 0.000 0.033 0.154 1.344 1.484 0.494 1.064 0.454 0.824 0.834 0.914 1.174 1.354 1.294 1.064 1.254 0.464 0.714 0.204 0.000 0.214 1.254 0.334 0.002 0.174 0.174 0.000 0.007 0.003 0.006 0.006 0.008 0.000 0.000 0.004 0.000 0.000 0.000 0.000 0.000 0.000 0.042 0.000 0.000 0.000 0.183 0.000 0.001 0.000 0.421 0.261 1.291 1.221 0.000 0.000 1.180 1.239 1.229 0.000
0.471 0.121 0.821 0.000 0.791 0.000 1.691 1.161 0.004 0.000 0.000 0.024 0.002 0.096 0.000 0.000 0.000 0.000 0.000 0.104 0.584 1.504 1.464 0.394 0.864 0.564 1.404 1.394 1.204 0.964 0.714 0.984 1.254 0.814 1.184 1.174 0.015 0.000 0.000 0.009 0.094 0.334 0.344 0.134 0.000 0.021 0.000 0.003 0.000 0.000 0.000 0.000 0.000 0.000 0.000 0.000 0.000 0.000 0.000 0.000 0.055 0.002 0.003 0.001 0.000 0.000 0.000 0.000 0.221 0.000 1.141 1.091 0.000 0.000 1.139 1.109 1.629
0.741 0.691 0.251 0.161 0.981 0.500 0.000 0.000 2.062 0.332 0.000 0.000 0.000 0.003 0.253 0.000 0.000 0.000 0.000 0.164 0.000 0.704 1.104 0.584 0.724 1.214 1.054 1.304 1.054 1.084 0.864 0.734 0.714 1.444 0.000 0.684 0.854 0.000 0.001 0.174 0.074 0.354 0.104 0.264 0.234 0.264 0.007 0.003 0.000 0.000 0.000 0.124 0.000 0.000 0.000 0.000 0.000 0.000 0.000 0.000 0.002 0.000 0.000 0.002 0.054 0.001 0.000 0.061 0.161 0.071 0.000 0.150 1.118 1.748 0.000 0.000 1.119
0.161 0.371 0.201 0.890 0.011 0.950 0.560 0.370 0.000 2.432 0.852 0.000 0.005 0.488 0.000 0.000 0.000 0.000 0.012 0.000 0.164 0.104 0.000 0.214 0.564 1.474 1.444 1.214 1.044 0.974 0.994 1.244 0.314 0.414 1.414 0.000 1.174 0.444 0.000 0.064 0.104 0.474 0.204 0.244 0.294 0.054 0.074 0.007 0.004 0.030 0.005 0.003 0.000 0.000 0.000 0.000 0.000 0.000 0.000 0.000 0.000 0.063 0.000 0.000 0.000 0.000 0.000 0.000 0.051 0.099 0.468 0.000 0.208 1.498 1.388 1.428 0.000
0.000 0.130 0.740 0.790 0.250 0.950 0.000 0.000 0.077 0.000 1.222 2.142 2.462 0.000 0.000 0.000 0.135 0.000 0.000 0.000 0.000 0.000 0.000 0.000 0.000 0.003 1.154 1.234 1.494 1.394 0.924 1.194 1.824 1.364 0.000 0.794 0.000 1.324 0.104 0.184 0.324 0.494 0.364 0.344 0.494 0.374 0.314 0.234 0.000 0.000 0.000 0.078 0.010 0.000 0.000 0.000 0.000 0.000 0.000 0.123 0.000 0.033 0.000 0.000 0.000 0.000 0.024 0.001 0.131 0.000 0.888 1.308 1.218 0.000 1.168 1.338 1.348
1.256 0.606 0.197 0.029 0.069 0.600 0.359 0.000 0.187 0.000 0.000 0.000 0.000 0.000 0.785 1.275 1.765 1.565 1.905 0.505 0.175 0.000 0.000 0.000 0.067 1.227 0.000 0.000 1.144 0.654 1.024 1.554 0.000 0.994 0.534 0.684 0.000 0.744 0.274 0.244 0.334 0.594 0.574 0.324 0.364 0.434 0.274 0.304 0.002 0.000 0.124 0.000 0.060 0.000 0.000 0.000 0.000 0.000 0.000 0.002 0.023 0.000 0.000 0.000 0.000 0.000 0.001 0.000 0.000 0.158 1.268 1.308 0.588 1.118 0.338 0.508 1.258
0.002 0.786 0.776 0.816 0.856 0.003 0.307 0.167 0.147 0.000 0.102 0.000 0.000 0.000 0.000 0.000 0.000 2.245 1.945 0.615 0.000 0.097 0.507 0.377 0.000 0.000 1.322 1.272 0.000 0.000 0.824 0.224 0.000 0.000 0.934 0.000 1.204 0.614 0.254 0.154 0.324 0.734 0.464 0.384 0.384 0.324 0.324 0.274 0.009 0.000 0.000 0.000 0.050 0.000 0.000 0.000 0.000 0.000 0.000 0.000 0.000 0.000 0.014 0.000 0.014 0.002 0.000 0.133 0.000 0.000 0.268 0.258 0.000 1.218 1.178 1.538 0.288
0.000 0.056 0.376 0.266 0.296 0.446 0.886 0.856 0.000 0.330 0.000 0.000 0.000 0.000 0.897 0.567 0.477 0.000 0.000 0.485 2.175 0.002 0.000 0.000 0.000 0.275 0.000 0.000 0.988 0.828 0.000 0.000 0.000 0.363 0.000 1.204 0.924 0.114 0.454 0.264 0.214 0.144 0.284 0.364 0.514 0.034 0.274 0.025 0.000 0.000 0.083 0.000 0.000 0.000 0.123 0.000 0.000 0.000 0.000 0.000 0.082 0.000 0.014 0.000 0.000 0.000 0.000 0.000 0.000 0.000 0.000 0.139 0.239 0.000 1.248 1.328 1.368
0.000 0.000 0.326 0.716 0.525 0.295 0.074 0.000 0.530 0.430 0.450 0.000 1.247 0.000 0.197 0.047 0.000 0.000 0.000 0.000 0.405 0.975 1.645 0.000 0.000 0.895 0.000 0.000 0.000 0.548 0.118 1.238 0.588 0.000 0.000 1.024 0.002 0.114 0.384 0.294 0.124 0.384 0.284 0.223 0.333 0.140 0.120 0.001 0.000 0.044 0.000 0.001 0.000 0.001 0.001 0.093 0.000 0.000 0.000 0.072 0.000 0.054 0.000 0.000 0.001 0.000 0.071 0.000 0.000 0.000 0.159 0.129 0.139 0.000 0.000 1.288 0.568
0.000 0.000 0.076 0.000 0.242 0.302 0.837 0.089 0.970 0.000 0.000 0.987 0.187 0.467 0.587 0.000 0.414 0.002 0.097 0.707 0.000 0.000 0.825 1.905 0.295 1.485 0.585 0.105 0.000 0.000 0.000 1.258 1.208 1.158 0.558 0.000 0.000 0.001 0.174 0.134 0.104 0.000 0.193 0.273 0.201 0.346 0.093 0.000 0.000 0.000 0.000 0.047 0.000 0.001 0.000 0.000 0.000 0.000 0.000 0.000 0.094 0.002 0.033 0.006 0.097 0.000 0.000 0.000 0.016 0.000 0.059 0.000 0.005 0.748 0.908 0.448 1.268
0.001 0.000 0.012 0.382 0.962 0.942 0.000 0.590 0.600 0.000 0.777 0.527 0.847 0.097 0.447 0.677 0.000 0.000 0.047 0.437 0.817 0.000 0.085 1.715 1.985 2.165 0.000 0.000 0.000 0.000 0.000 0.000 0.000 1.358 1.258 0.828 0.000 0.000 0.000 0.001 0.000 0.118 0.332 0.000 0.046 0.186 0.230 0.003 0.000 0.208 0.006 0.004 0.000 0.000 0.000 0.000 0.003 0.000 0.000 0.000 0.000 0.000 0.103 0.043 0.000 0.000 0.000 0.000 0.046 0.005 0.001 0.206 0.002 0.438 0.418 0.688 0.908
0.000 0.001 0.278 0.000 0.000 0.034 0.315 0.860 0.690 0.016 0.447 1.067 0.577 0.777 0.257 0.257 0.487 0.097 0.637 0.727 0.967 0.000 1.135 0.000 0.000 2.295 1.785 1.755 0.000 2.165 0.000 0.000 0.382 0.000 0.418 0.418 0.718 0.618 0.000 0.050 0.000 0.273 0.001 0.083 0.000 0.000 0.326 0.211 0.022 0.000 0.007 0.000 0.000 0.000 0.002 0.000 0.000 0.000 0.003 0.001 0.002 0.004 0.153 0.000 0.000 0.000 0.003 0.000 0.000 0.000 0.000 0.000 0.000 0.368 0.728 0.628 1.238
0.000 0.000 1.248 0.000 0.000 0.168 0.498 0.000 0.000 0.000 1.217 1.357 0.177 0.000 0.497 0.247 0.557 0.367 0.447 1.217 0.937 0.081 0.000 0.000 1.505 0.155 0.595 1.455 2.235 0.155 0.795 0.295 0.000 0.000 1.308 0.000 0.248 0.498 0.438 0.003 0.003 0.118 0.000 0.163 0.009 0.138 0.098 0.295 0.000 0.001 0.005 0.005 0.001 0.003 0.000 0.011 0.009 0.016 0.017 0.003 0.000 0.000 0.005 0.006 0.213 0.000 0.056 0.026 0.000 0.000 0.000 0.000 0.178 0.698 0.738 0.918 0.698
0.000 0.002 1.108 0.548 0.000 0.000 0.626 0.565 0.694 0.221 1.087 1.217 0.427 0.247 0.817 0.000 0.347 0.167 0.867 0.867 0.000 0.162 0.161 0.271 0.013 0.205 0.465 0.435 0.000 2.245 0.000 0.194 0.000 0.001 0.000 0.722 0.000 0.578 0.248 0.558 0.018 0.027 0.000 0.000 0.000 0.000 0.076 0.027 0.018 0.000 0.003 0.122 0.022 0.000 0.000 0.031 0.000 0.078 0.128 0.000 0.000 0.000 0.004 0.063 0.023 0.039 0.000 0.002 0.000 0.021 0.000 0.000 0.000 0.338 0.388 1.048 0.618
0.000 0.000 0.018 0.398 0.678 0.778 0.000 0.000 0.803 0.000 0.707 0.887 0.997 0.000 0.627 0.777 0.001 0.000 1.367 0.057 0.000 0.013 0.085 0.000 1.305 0.185 0.000 0.355 0.335 0.000 2.064 0.174 1.194 0.544 0.000 0.000 0.748 0.488 0.124 0.228 0.054 0.007 0.529 0.559 0.000 0.142 0.061 0.007 0.034 0.000 0.130 0.062 0.000 0.021 0.012 0.010 0.000 0.000 0.006 0.126 0.106 0.003 0.004 0.000 0.000 0.012 0.000 0.082 0.102 0.040 0.109 0.000 0.000 0.007 0.368 0.308 0.004
0.000 0.000 0.218 0.268 0.348 0.708 0.000 0.000 0.543 0.421 0.338 0.000 0.877 1.136 0.000 0.607 0.197 0.000 0.107 0.047 0.000 0.000 1.236 0.395 0.925 0.865 0.755 0.000 0.375 0.305 0.000 2.324 1.454 0.000 0.608 0.828 0.508 0.000 0.440 0.000 0.489 0.429 0.679 0.719 0.369 0.509 0.199 0.489 0.130 0.000 0.021 0.016 0.212 0.030 0.003 0.000 0.023 0.005 0.014 0.000 0.026 0.008 0.000 0.083 0.000 0.011 0.010 0.013 0.000 0.189 0.169 0.013 0.068 0.007 0.278 0.000 0.464
0.000 0.000 0.000 0.000 0.238 0.488 0.000 0.000 0.000 0.000 0.518 0.538 0.000 0.826 1.136 0.000 0.001 0.000 0.736 0.000 0.001 0.000 1.346 0.000 0.185 0.945 0.805 0.825 0.635 0.085 0.484 0.000 1.074 1.144 0.000 0.198 0.000 0.050 0.610 0.500 0.000 0.479 0.659 0.689 0.809 0.589 0.579 0.269 0.000 0.169 0.369 0.001 0.000 0.201 0.007 0.119 0.031 0.004 0.000 0.000 0.000 0.002 0.002 0.000 0.063 0.001 0.001 0.002 0.000 0.003 0.003 0.113 0.028 0.000 0.000 0.000 0.000
0.000 0.000 0.000 0.888 0.608 0.000 0.000 0.492 0.392 0.008 0.000 0.246 0.456 0.556 0.886 0.976 0.856 0.406 0.606 0.000 0.005 0.656 0.996 0.000 0.725 0.000 1.075 0.515 0.735 0.584 1.034 0.000 0.204 1.774 0.000 0.000 0.244 0.000 0.620 0.460 0.760 0.000 0.549 0.879 0.869 0.719 0.769 0.569 1.459 0.000 0.299 0.199 0.000 0.006 0.000 0.002 0.001 0.000 0.001 0.000 0.074 0.001 0.001 0.244 0.000 0.000 0.043 0.000 0.000 0.199 0.000 0.093 0.000 0.000 0.000 0.000 0.372
0.000 0.000 0.001 0.000 0.000 0.000 0.000 0.000 0.000 0.369 0.000 0.606 0.696 0.000 0.906 0.756 0.226 0.796 0.000 0.103 0.000 1.266 0.000 0.177 0.000 0.745 0.225 0.000 0.704 0.754 0.574 0.074 0.814 0.174 0.744 0.000 1.014 0.000 0.000 0.300 0.670 0.950 0.000 0.709 0.809 0.729 0.329 0.539 0.999 0.929 0.279 0.299 0.179 0.003 0.000 0.000 0.000 0.000 0.073 0.000 0.000 0.000 0.234 0.000 0.000 0.000 0.000 0.000 0.009 0.199 0.000 0.000 0.097 0.027 0.003 0.000 0.000
0.082 0.000 0.000 0.000 0.032 0.000 0.000 0.309 0.829 0.639 0.000 0.426 0.526 0.000 0.886 0.386 0.055 0.736 0.000 0.000 0.686 1.056 0.000 0.097 0.217 0.000 0.856 0.000 0.000 0.514 0.584 0.494 0.774 0.984 1.164 2.434 0.001 0.000 0.000 0.279 0.000 0.570 0.800 0.000 0.719 0.729 0.000 0.409 0.000 1.239 0.279 0.279 0.189 0.049 0.000 0.000 0.000 0.000 0.000 0.000 0.000 0.000 0.000 0.000 0.081 0.000 0.000 0.000 0.000 0.000 0.192 0.011 0.297 0.157 0.107 0.000 0.052
