includes/lisflood-fp-604/results/res-0010.wd
ncols         631
nrows         906
xllcorner     364927.146667
yllcorner     6531972.565556
cellsize      20.000000
NODATA_value  -9999.000000
[rows 136 to 169 of 906, columns 308 to 384 of 631]
0.046 0.377 0.487 0.667 0.000 0.176 0.000 0.402 0.342 0.000 0.282 0.372 0.492 0.000 0.000 0.000 0.852 0.402 0.762 0.912 0.202 0.152 0.892 0.081 0.341 0.971 1.241 1.231 1.141 1.151 1.191 1.121 1.131 0.971 1.441 1.361 1.051 0.781 0.851 1.021 1.111 1.051 0.991 0.881 0.791 0.951 0.991 0.881 0.811 0.000 0.000 0.000 0.000 0.001 0.000 0.000 0.000 0.000 0.000 0.000 0.000 0.000 0.001 0.000 0.000 0.075 0.055 0.095 0.095 0.055 0.094 0.044 0.094 0.093 0.093 0.093 0.093
0.000 0.000 0.000 0.098 0.248 0.000 0.000 0.000 0.932 0.892 0.322 0.902 0.652 1.102 0.802 0.172 1.092 0.000 0.952 0.672 0.812 0.802 0.722 0.031 1.001 1.091 1.221 1.161 1.401 1.121 1.161 1.161 1.181 1.161 0.000 0.000 1.011 0.721 0.751 0.941 1.021 1.041 1.101 0.901 1.091 1.001 1.051 1.011 0.981 1.021 0.000 0.000 0.000 0.000 0.000 0.000 0.000 0.000 0.000 0.031 0.000 0.000 0.072 0.000 0.000 0.002 0.075 0.000 0.045 0.035 0.094 0.094 0.093 0.093 0.093 0.093 0.092
0.000 0.000 0.000 0.228 0.000 0.000 0.000 0.000 0.482 0.422 0.562 0.432 0.302 0.862 0.632 0.632 1.232 0.372 0.962 0.172 0.702 0.812 0.392 0.161 0.711 1.181 1.151 1.181 1.181 1.011 0.701 1.081 1.111 0.861 1.311 1.271 0.001 1.101 1.181 1.061 0.971 0.971 1.051 0.851 0.851 1.001 1.151 1.081 0.331 0.501 0.931 0.032 0.000 0.000 0.001 0.000 0.000 0.000 0.000 0.000 0.031 0.001 0.000 0.061 0.000 0.000 0.095 0.002 0.000 0.015 0.000 0.094 0.093 0.093 0.093 0.093 0.092
0.000 0.000 0.000 0.000 0.000 0.000 0.000 0.000 0.492 0.212 0.182 0.412 0.502 0.152 0.000 1.332 0.702 1.022 0.942 0.002 0.912 0.762 0.702 0.000 0.841 1.111 1.111 1.121 1.111 1.081 1.021 0.971 0.000 0.000 0.681 0.261 0.921 0.000 0.051 1.381 1.371 1.461 1.161 1.011 0.381 0.581 0.991 1.181 0.631 1.071 1.101 0.441 0.821 0.000 0.000 0.001 0.000 0.000 0.000 0.000 0.000 0.000 0.000 0.001 0.075 0.065 0.003 0.002 0.000 0.074 0.074 0.000 0.093 0.093 0.093 0.093 0.092
0.014 0.000 0.000 0.000 0.000 0.000 0.005 0.000 0.522 0.552 0.352 0.202 0.532 0.000 0.000 1.372 0.000 1.142 0.732 0.422 0.882 0.712 0.632 0.672 0.081 0.981 1.011 1.221 0.000 1.331 0.491 0.131 0.141 0.131 1.111 1.201 0.931 1.061 0.011 1.051 0.000 1.501 1.521 0.811 0.601 0.941 0.921 1.161 1.201 1.121 1.051 0.981 1.161 0.711 0.000 0.000 0.001 0.000 0.000 0.000 0.000 0.033 0.013 0.000 0.015 0.105 0.135 0.000 0.112 0.000 0.054 0.063 0.093 0.093 0.093 0.093 0.092
0.000 0.103 0.043 0.153 0.000 0.002 0.463 0.000 0.252 0.482 0.322 0.922 0.722 1.062 0.392 1.282 0.532 0.312 0.532 0.852 0.752 0.812 0.732 0.602 1.071 0.781 0.000 0.021 0.581 1.211 1.251 1.071 0.971 1.071 0.821 1.151 1.081 1.131 0.911 1.291 0.000 0.002 1.361 0.931 0.401 0.571 0.811 0.931 0.981 1.081 1.001 0.971 1.361 1.321 0.171 0.002 0.000 0.000 0.000 0.000 0.000 0.000 0.023 0.000 0.000 0.000 0.075 0.175 0.000 0.024 0.014 5.093 0.093 0.093 0.023 0.092 0.092
0.553 0.603 0.593 0.503 0.283 0.463 0.443 0.143 0.222 0.000 0.992 0.422 0.332 1.062 0.652 0.872 0.862 0.502 1.122 1.222 0.932 0.782 0.662 0.022 0.871 1.171 0.381 1.061 1.191 1.191 1.331 1.161 1.141 1.201 1.021 0.781 0.871 0.671 1.151 1.021 1.371 1.541 1.041 0.961 0.831 0.591 0.491 1.101 1.141 1.071 1.071 0.961 1.001 1.031 0.421 0.000 0.032 0.000 0.000 0.000 0.000 0.000 0.000 0.000 0.000 0.000 0.000 0.000 0.094 0.094 0.054 0.093 5.093 0.023 0.092 0.092 0.092
0.473 0.383 0.153 0.143 0.523 0.653 0.693 0.173 0.000 0.000 0.642 0.152 1.232 0.992 0.812 0.232 0.092 0.152 1.502 1.652 0.432 0.972 0.422 0.041 0.551 1.201 1.031 1.291 1.201 1.231 1.281 1.151 1.161 1.151 1.151 1.071 0.511 1.101 1.201 1.151 1.161 0.171 1.391 1.241 1.311 1.421 1.131 0.821 1.201 1.141 1.241 1.131 1.101 1.051 1.051 1.541 0.731 0.000 0.001 0.000 0.000 0.000 0.000 0.000 0.000 0.000 0.000 0.000 0.000 0.000 0.074 0.014 0.000 0.000 0.012 0.092 0.092
0.000 0.563 0.863 0.683 0.883 0.863 0.123 0.333 0.000 0.452 0.332 1.112 1.122 1.032 0.702 1.062 0.482 1.012 1.302 0.522 0.252 1.152 0.182 0.121 1.301 1.021 1.171 1.021 1.121 1.201 1.151 1.151 1.301 1.081 1.231 1.021 0.721 1.071 1.091 1.101 1.091 1.201 0.181 0.000 1.331 1.371 1.201 1.351 1.051 0.731 1.001 1.161 0.561 0.161 0.481 1.141 0.881 0.321 0.000 0.000 0.000 0.000 0.000 0.000 0.000 0.000 0.000 0.000 0.022 0.000 0.002 0.000 0.052 0.052 0.062 0.092 0.092
0.683 0.753 0.713 0.753 0.000 0.213 0.483 0.000 0.212 0.172 0.000 0.292 0.362 0.005 0.612 0.712 0.000 0.192 1.462 0.332 0.492 1.102 1.112 0.000 0.821 1.121 1.001 0.981 1.061 1.111 1.071 1.161 1.231 1.071 1.071 1.041 1.341 0.911 0.911 1.071 1.001 1.051 1.411 1.361 0.000 0.000 0.031 1.151 0.000 1.251 1.391 1.321 1.261 0.381 0.891 0.511 0.791 0.471 0.391 0.000 0.000 0.000 0.000 0.000 0.000 0.000 0.000 0.001 0.000 0.000 0.034 0.000 0.092 0.092 0.092 0.092 0.092
0.743 0.000 0.000 1.133 1.133 0.983 0.323 0.073 0.000 0.142 0.000 1.172 0.992 0.182 0.802 0.572 1.262 1.242 1.512 1.012 0.000 1.011 0.961 0.981 0.000 1.041 1.311 0.871 1.081 1.091 1.201 1.161 1.071 1.191 1.051 1.081 1.161 0.961 0.991 1.101 1.221 1.021 1.071 0.000 0.002 0.051 0.000 0.211 1.211 0.000 1.291 1.221 1.461 1.481 0.941 0.861 0.000 0.741 0.751 0.511 0.000 0.000 0.000 0.000 0.000 0.000 0.000 0.000 0.071 0.000 0.002 0.000 0.001 0.005 5.092 0.000 5.092
0.893 1.103 1.113 0.933 1.013 0.863 0.323 0.023 0.263 0.223 0.303 0.262 0.252 0.782 0.762 0.000 0.642 1.312 1.472 1.022 0.872 0.000 0.991 1.141 1.171 0.000 0.941 1.171 1.021 1.061 1.111 1.291 1.121 1.021 1.061 1.071 1.061 0.891 0.851 0.941 0.801 0.861 1.141 1.101 1.011 0.971 1.141 1.061 0.004 0.581 0.000 1.211 0.381 0.381 0.581 0.201 0.221 0.000 0.931 0.591 0.321 0.000 0.000 0.000 0.000 0.000 0.000 0.000 0.000 0.000 0.001 0.001 0.000 0.000 0.092 0.000 0.032
0.983 0.823 0.943 0.000 0.213 0.833 0.913 0.253 0.393 0.463 0.473 1.033 0.082 0.832 0.742 1.502 1.222 1.242 1.132 0.822 1.382 1.192 0.000 1.181 1.151 1.201 0.861 0.921 0.961 1.191 1.001 1.011 1.251 1.181 0.951 0.881 1.231 0.621 0.941 1.101 1.021 1.001 1.231 1.131 1.351 1.161 1.171 1.131 1.081 0.061 0.561 0.000 0.000 0.511 1.101 0.481 0.000 0.461 0.381 0.000 0.351 0.431 0.000 0.002 0.000 0.000 0.000 0.082 0.000 0.000 0.000 0.052 0.000 0.000 0.000 0.034 0.092
0.803 0.143 0.373 0.473 0.783 0.993 0.923 0.823 0.353 0.333 0.303 0.193 0.702 0.792 0.000 0.112 0.602 1.072 1.272 1.392 0.352 0.582 1.182 0.000 0.951 1.101 0.871 0.791 0.881 1.131 1.041 1.101 1.151 0.971 1.071 0.681 0.751 0.851 0.951 1.091 1.141 1.081 1.151 1.301 1.131 1.171 1.191 1.081 1.101 0.241 0.000 0.000 0.000 0.381 0.761 0.451 1.491 0.811 0.501 0.771 0.511 0.421 0.000 0.000 0.001 0.000 0.000 0.000 0.011 0.000 0.000 0.000 0.003 0.002 0.005 5.095 0.007
0.563 0.903 0.573 0.943 0.563 0.843 0.883 0.833 0.563 0.613 0.843 0.062 0.652 0.602 1.742 0.472 0.862 0.762 1.192 0.632 1.322 0.462 0.352 1.012 0.000 1.181 1.081 0.000 0.671 0.931 1.171 1.131 1.111 1.321 0.571 0.971 1.011 1.001 1.091 1.051 0.971 1.151 1.111 1.221 1.311 1.041 1.271 1.161 1.231 1.101 0.421 1.081 0.601 0.000 0.051 0.331 1.471 0.461 1.341 0.671 0.291 0.521 0.101 0.000 0.000 0.001 0.000 0.000 0.000 0.000 0.032 0.000 0.000 0.015 0.000 0.055 0.018
0.203 0.953 0.683 0.943 0.983 0.873 0.803 1.063 0.973 0.593 0.006 0.812 0.792 0.352 1.662 0.662 0.672 0.902 0.742 1.222 0.512 1.212 0.912 0.392 0.982 0.172 1.211 1.071 0.000 0.621 0.801 0.761 0.791 1.031 1.071 1.061 1.131 1.131 0.891 1.081 1.171 1.071 0.951 1.211 0.951 1.051 1.121 0.931 0.571 0.581 1.171 1.201 1.211 1.241 0.000 0.401 1.361 0.000 0.871 0.911 0.581 0.681 0.781 0.601 0.000 0.000 0.000 0.000 0.000 0.000 0.000 0.121 0.000 0.001 0.000 0.000 0.080
0.353 0.923 0.993 1.053 0.253 1.063 0.533 0.773 0.693 0.113 0.000 0.902 0.782 0.792 1.432 0.892 0.842 0.712 1.032 0.892 1.222 0.782 1.292 1.292 0.602 1.072 0.811 1.201 1.361 0.000 0.071 0.601 1.061 1.141 0.941 1.251 1.031 1.011 1.171 1.081 1.021 1.001 1.181 0.871 0.691 1.081 1.081 1.151 1.271 1.311 1.271 1.361 1.211 1.201 1.241 0.381 1.511 0.321 0.691 1.271 0.661 0.161 0.731 0.751 0.421 0.000 0.001 0.000 0.000 0.000 0.024 0.000 0.001 0.004 0.000 0.002 0.030
0.183 0.873 1.023 0.883 0.243 0.803 0.663 1.033 0.943 0.000 0.672 0.802 0.182 0.452 1.052 0.332 0.812 1.032 1.002 0.562 0.762 0.502 1.252 0.532 0.732 0.992 0.302 1.231 1.241 1.221 0.951 0.971 1.041 1.031 1.101 0.951 0.991 0.961 0.951 1.001 0.451 0.981 1.101 1.201 1.291 1.241 1.241 1.361 1.291 1.221 1.251 1.301 1.221 1.201 1.291 0.441 0.000 0.231 0.751 0.971 0.961 0.371 0.751 0.841 0.651 0.171 0.000 0.001 0.000 0.000 0.002 0.053 0.001 0.000 0.000 0.004 0.001
0.183 0.533 0.973 1.133 0.005 1.153 0.293 1.023 0.033 0.000 0.552 0.452 0.902 0.952 0.562 0.752 0.902 0.722 0.562 1.332 0.692 0.742 1.112 0.702 1.262 0.682 0.562 0.461 1.301 0.771 0.521 0.721 1.011 0.911 0.881 0.901 0.461 0.501 1.471 1.081 1.071 1.241 1.321 1.251 1.401 1.251 1.271 1.331 1.221 1.241 1.301 1.431 1.541 1.471 1.261 0.000 0.000 1.601 0.000 1.151 1.341 0.671 0.781 0.801 0.631 0.331 0.000 0.000 0.001 0.000 0.000 0.000 0.003 0.000 0.000 0.004 0.072
0.283 0.583 0.143 0.993 0.943 0.353 0.563 0.663 0.203 0.903 0.443 0.152 0.392 0.422 0.152 0.552 0.642 1.192 0.492 1.012 0.682 0.562 0.772 0.892 0.972 1.642 0.522 0.301 0.551 0.901 0.901 0.911 0.841 0.631 1.291 0.881 1.011 1.051 1.151 1.211 1.391 1.231 1.231 1.231 1.331 1.211 1.271 1.311 1.321 1.281 1.501 1.371 1.221 1.211 1.151 0.661 0.000 0.241 1.371 0.000 1.111 1.221 1.201 0.701 0.581 0.431 0.000 0.000 0.000 0.002 0.000 0.000 0.002 0.002 0.106 0.004 0.000
0.933 0.483 0.433 0.883 0.883 0.983 0.000 0.273 0.000 0.933 0.783 0.693 0.903 0.903 0.005 0.342 0.312 0.972 0.502 0.622 0.532 1.162 0.492 0.552 0.402 0.672 0.582 0.711 0.741 0.961 1.211 0.891 0.991 1.101 1.061 1.011 1.141 1.161 1.371 1.261 1.241 1.131 1.131 1.111 1.181 1.121 1.141 1.531 1.451 1.391 1.421 1.291 1.301 1.301 1.291 1.531 0.391 0.421 0.561 1.701 0.061 1.161 0.841 0.441 0.271 0.181 0.000 0.000 0.000 0.000 0.002 0.000 0.002 0.002 0.001 0.006 0.010
0.223 1.203 0.443 0.613 0.313 1.043 0.393 0.173 0.453 0.723 0.063 0.623 0.553 0.383 0.303 0.462 0.522 0.722 0.512 1.102 0.952 0.922 1.022 1.092 0.852 0.642 0.312 0.581 0.481 1.271 0.931 1.021 0.481 1.131 1.131 1.121 1.171 1.151 1.181 1.211 1.221 1.201 1.181 1.121 1.141 1.231 1.301 1.381 1.301 1.681 1.331 1.281 1.201 1.121 1.251 1.211 0.181 0.471 0.461 0.000 1.101 0.991 0.841 0.751 0.270 0.510 0.000 0.000 0.000 0.102 0.000 0.001 0.000 0.080 0.000 0.136 0.000
0.103 0.000 1.793 0.093 0.793 0.473 0.523 0.000 0.663 0.453 0.873 0.683 0.603 0.663 0.513 0.332 0.562 1.312 1.372 0.602 0.332 0.652 0.642 0.352 0.512 0.262 0.462 0.682 0.042 0.161 0.791 0.971 0.741 0.961 1.011 1.181 1.311 1.421 1.271 1.141 1.181 1.031 1.091 1.071 1.161 1.151 1.241 1.201 1.151 1.151 1.191 1.241 1.201 1.271 1.511 1.541 0.000 0.611 0.421 0.521 1.251 0.000 0.851 0.981 0.280 0.490 0.140 0.000 0.000 0.000 0.403 0.000 0.000 0.002 0.005 0.076 0.004
0.443 0.773 0.000 1.943 0.002 0.223 0.623 0.493 0.733 0.133 0.613 0.593 0.833 0.000 0.473 0.703 1.423 1.072 0.812 0.000 1.182 1.162 0.662 0.882 0.062 1.002 0.612 0.000 1.002 0.131 0.921 0.691 1.031 0.511 0.921 0.991 1.031 1.011 1.051 1.211 1.261 1.581 1.521 1.371 1.081 1.201 1.121 1.181 1.201 1.211 1.291 1.281 1.311 1.341 1.361 1.351 1.481 0.511 0.501 0.000 0.000 0.191 0.441 1.360 0.060 0.369 0.179 0.329 0.000 0.000 0.403 0.000 0.003 0.002 0.003 0.009 0.000
0.713 1.103 0.073 0.763 1.173 1.743 0.005 0.983 0.333 0.303 0.773 1.113 0.753 0.000 0.423 0.623 1.103 0.653 0.842 0.522 1.002 0.000 0.782 0.000 0.752 0.352 0.712 0.302 0.922 0.192 0.481 0.821 1.211 0.451 0.911 1.031 1.141 1.131 1.141 1.201 1.241 1.311 1.311 1.291 1.221 1.251 1.231 1.321 1.371 1.341 1.311 1.221 1.321 1.251 1.341 1.441 1.301 0.261 0.111 0.000 0.321 0.751 0.000 0.770 0.109 0.488 0.288 0.003 0.000 0.000 0.001 0.000 0.000 0.013 0.003 0.003 0.010
0.403 0.723 0.473 0.343 0.006 0.000 2.173 0.243 0.000 0.693 0.523 0.683 0.663 0.000 0.523 0.573 0.843 1.023 0.083 0.753 1.042 0.000 0.932 0.000 1.022 0.442 0.462 0.822 0.232 0.642 1.021 0.641 0.871 0.281 1.021 1.081 1.051 1.181 1.121 1.131 1.211 1.191 1.251 1.311 1.211 1.231 1.291 1.231 1.271 1.431 1.261 1.311 1.431 1.411 1.331 1.361 1.281 0.000 0.000 0.000 0.311 1.461 0.000 0.539 0.518 0.568 1.128 0.318 0.000 0.000 0.000 0.000 0.000 0.098 0.013 0.002 0.006
0.353 0.743 1.263 0.903 1.213 0.083 1.283 0.413 2.003 0.633 0.233 0.613 0.623 0.000 0.543 0.643 0.943 0.933 0.043 0.903 0.123 0.843 0.452 0.902 1.082 0.712 0.132 0.252 0.892 0.282 0.672 0.221 0.641 0.171 0.901 0.901 1.211 1.161 1.111 1.021 1.201 1.191 1.241 1.271 1.251 1.181 1.341 1.241 1.271 1.441 1.591 1.421 1.491 1.291 1.401 1.361 1.361 0.881 0.000 0.231 0.371 0.000 0.009 0.000 1.098 0.608 1.038 0.648 0.048 0.000 0.000 0.000 0.218 0.388 0.000 0.004 0.004
0.933 0.453 0.223 0.293 0.383 0.193 0.893 0.293 0.493 0.000 1.933 0.000 0.733 0.000 0.713 0.613 0.823 0.553 0.533 0.983 0.000 1.193 0.000 0.922 0.082 0.332 0.132 0.832 1.422 1.202 1.522 0.252 0.921 0.271 0.601 1.071 1.161 1.101 1.201 1.171 1.221 1.251 1.371 1.161 1.321 1.231 1.191 1.301 1.251 1.251 1.261 1.361 1.331 1.281 1.361 1.331 1.441 1.431 0.381 0.371 0.121 0.000 1.508 0.148 0.958 0.878 0.708 0.688 0.438 0.000 0.000 0.000 0.208 0.298 0.188 0.016 0.004
1.183 1.083 0.813 0.713 0.793 1.203 1.283 0.613 0.193 0.333 0.233 1.983 0.033 0.563 0.643 0.433 0.593 0.943 0.983 0.713 0.673 1.283 0.073 0.992 0.212 0.602 0.922 1.292 1.082 0.032 1.622 0.152 0.301 0.881 0.241 0.561 0.501 0.561 0.691 0.761 0.651 0.781 0.871 0.881 0.821 1.051 1.131 1.071 1.151 1.251 1.291 1.301 1.371 1.281 1.241 1.311 1.251 1.171 0.391 0.111 0.000 0.000 0.000 0.108 0.348 0.868 0.888 0.688 0.708 0.000 0.000 0.000 0.248 0.298 0.088 0.088 0.013
0.383 0.483 1.264 1.014 0.523 0.483 0.733 0.823 0.823 0.453 0.123 0.103 2.163 1.013 0.273 0.233 0.413 0.973 0.983 0.103 1.003 0.000 0.423 0.043 0.763 0.392 1.502 0.672 0.083 1.183 0.423 0.143 0.032 0.401 0.241 0.141 1.191 1.221 1.181 1.211 1.241 1.211 1.091 1.081 1.201 1.251 1.321 1.181 1.181 1.091 1.211 1.361 1.251 1.301 1.411 1.261 1.031 0.651 0.000 0.000 0.000 0.000 2.147 0.000 0.248 0.538 0.578 0.498 0.478 0.118 0.010 0.000 0.008 0.248 0.338 0.168 0.000
0.543 1.134 0.704 0.844 0.394 0.253 0.273 0.183 0.433 0.494 0.804 0.434 0.000 1.983 0.243 0.243 0.583 1.073 1.513 0.353 1.243 0.000 0.993 0.223 0.493 0.343 0.922 0.023 1.173 0.463 0.273 0.473 0.343 0.221 0.411 0.351 1.201 1.221 1.161 1.171 1.141 1.141 1.061 1.311 1.121 1.251 1.331 1.271 1.191 1.171 1.141 1.141 1.211 1.231 1.441 1.491 1.451 1.341 1.471 0.421 0.000 0.117 2.447 1.037 0.357 0.298 0.468 0.438 0.618 0.658 0.000 0.000 0.000 0.228 0.248 0.388 0.268
0.644 1.094 0.574 0.964 0.214 0.002 0.233 0.134 0.234 0.514 0.344 0.714 0.323 0.403 1.083 0.383 0.603 0.883 0.843 1.373 0.283 0.733 0.903 0.393 0.383 0.513 0.103 1.153 0.363 0.313 1.073 1.343 0.093 0.131 0.141 0.731 1.131 1.311 1.201 1.091 1.221 1.221 1.261 1.441 1.171 1.171 1.111 1.181 1.191 1.251 1.181 1.271 1.321 1.351 1.381 1.301 1.261 1.271 1.051 0.371 0.000 0.000 2.217 1.117 0.547 0.517 0.028 0.597 0.507 0.677 0.000 0.000 0.000 0.019 0.005 0.000 0.000
1.094 1.054 1.104 1.134 0.344 0.084 0.001 0.904 1.404 0.324 0.394 0.324 0.654 0.214 0.663 1.823 0.403 0.943 0.000 1.153 0.000 0.794 0.000 0.713 0.633 0.273 0.113 0.443 1.093 1.153 1.123 0.503 0.113 0.005 0.121 0.771 1.041 1.271 1.451 1.241 1.261 1.221 1.171 1.071 1.481 1.081 1.041 1.201 1.231 1.321 1.291 1.371 1.301 1.281 1.321 1.331 1.421 1.301 1.091 0.000 0.763 0.000 1.747 1.167 1.087 0.137 1.117 0.597 0.000 0.527 0.000 0.000 0.000 0.721 0.551 0.501 0.571
0.334 0.314 0.214 1.154 0.000 0.000 0.000 0.000 0.254 0.894 0.434 0.714 0.000 0.275 0.000 0.000 1.773 0.353 0.854 1.223 0.394 0.774 0.714 0.614 1.244 0.164 0.314 0.384 0.163 0.753 1.333 0.443 0.873 0.172 0.311 1.091 0.961 1.091 1.201 1.151 1.171 1.081 1.111 1.211 1.211 1.541 1.251 1.091 1.171 1.251 1.221 1.321 1.221 1.261 1.371 1.371 1.531 1.381 1.361 0.881 0.002 0.000 0.177 1.187 1.097 1.097 0.507 0.407 0.547 0.447 0.507 0.011 0.000 0.581 0.651 0.631 0.771
