includes/lisflood-fp-604/results/res.inittm
ncols         631
nrows         906
xllcorner     364927.146667
yllcorner     6531972.565556
cellsize      20.000000
NODATA_value  -9999.000000
[rows 609 to 637 of 906, columns 335 to 401 of 631]
-9999.000 -9999.000 -9999.000 -9999.000 -9999.000 -9999.000 -9999.000 4.305 -9999.000 4.047 4.103 3.789 3.781 3.764 3.763 3.767 3.731 3.705 3.644 3.640 3.637 3.642 3.655 3.689 3.582 3.774 3.742 3.730 3.731 3.587 3.532 3.517 3.938 3.526 3.654 3.494 3.511 3.483 3.465 3.525 3.428 3.433 3.455 3.329 3.309 3.280 3.267 3.248 3.231 3.227 3.232 3.273 3.267 3.253 3.243 3.234 3.316 3.227 3.190 3.185 3.146 3.130 3.127 3.098 3.078 3.095 3.085
-9999.000 -9999.000 -9999.000 -9999.000 -9999.000 -9999.000 -9999.000 4.315 4.153 4.071 4.106 3.791 3.773 3.760 3.737 3.734 3.702 3.737 3.640 3.628 3.612 3.620 3.633 3.592 3.572 3.773 3.732 3.638 3.585 3.616 3.537 3.503 3.502 3.508 3.572 3.479 3.465 -9999.000 3.462 3.450 3.445 3.462 3.348 3.337 3.440 3.312 3.254 3.234 3.227 3.210 3.355 3.381 3.257 3.295 3.235 3.222 3.195 3.203 3.198 3.141 3.135 3.129 3.155 3.078 3.072 3.190 3.125
-9999.000 -9999.000 -9999.000 -9999.000 -9999.000 -9999.000 -9999.000 4.266 4.164 4.123 4.168 3.919 3.992 3.763 3.741 3.735 3.694 3.694 3.629 3.610 3.604 3.632 3.573 3.564 3.560 3.547 3.535 3.545 3.576 3.558 3.565 3.500 3.471 3.500 3.466 3.466 3.458 3.457 3.448 3.618 3.438 3.423 3.553 3.347 3.359 3.653 3.262 3.276 3.208 3.206 3.199 3.193 3.186 3.183 3.171 3.159 3.189 3.350 3.208 3.456 3.122 3.124 3.095 3.071 3.064 3.067 3.043
-9999.000 -9999.000 -9999.000 -9999.000 -9999.000 -9999.000 4.292 4.261 4.191 4.152 4.305 -9999.000 3.938 4.101 3.768 3.721 3.690 3.673 3.631 3.603 3.600 3.577 3.572 3.565 3.554 3.535 3.532 3.521 3.514 3.547 3.579 3.587 3.467 3.460 3.458 3.459 3.452 3.452 3.442 3.418 3.614 3.417 3.379 3.426 3.347 3.338 3.332 3.223 3.220 3.264 3.440 3.215 3.199 3.179 3.173 3.157 3.151 3.143 3.128 3.123 3.117 3.113 3.082 3.176 3.054 3.074 3.037
-9999.000 -9999.000 -9999.000 -9999.000 -9999.000 -9999.000 4.305 4.288 4.204 4.191 4.180 4.075 3.913 3.813 3.759 3.731 3.687 3.649 3.641 3.716 3.593 3.585 3.576 3.571 3.539 3.532 3.527 3.514 3.509 3.499 3.493 3.485 3.444 3.454 3.448 3.525 3.417 3.428 3.527 3.412 3.395 3.522 3.374 3.380 3.338 3.363 3.236 3.234 3.291 3.259 3.240 3.239 3.218 3.216 3.353 3.257 3.222 3.235 3.148 3.185 3.134 3.094 3.070 3.063 3.047 3.011 2.990
-9999.000 -9999.000 -9999.000 -9999.000 -9999.000 -9999.000 -9999.000 -9999.000 4.244 -9999.000 4.203 -9999.000 3.886 3.772 3.726 3.692 3.683 3.642 3.632 3.625 3.595 3.591 3.585 3.575 3.571 3.536 3.521 3.515 3.504 3.492 3.482 3.481 3.434 3.449 3.439 3.430 3.413 3.423 3.407 3.452 3.385 3.374 3.369 3.722 3.327 3.378 3.273 3.237 3.243 3.262 3.234 3.229 3.214 3.237 3.217 3.226 3.264 3.296 3.152 3.278 3.076 3.086 3.140 3.069 3.064 3.029 2.980
-9999.000 -9999.000 -9999.000 -9999.000 -9999.000 -9999.000 -9999.000 -9999.000 -9999.000 4.230 4.213 4.187 4.226 3.776 3.727 3.709 3.679 3.638 3.625 3.620 3.603 3.591 3.575 3.570 3.558 3.553 3.541 3.532 3.526 3.483 3.476 3.477 3.426 3.417 3.571 3.424 3.409 3.402 3.396 3.372 3.378 3.372 3.341 3.329 3.320 3.282 3.275 3.269 3.264 3.256 3.239 3.338 3.211 3.228 3.210 3.218 3.575 3.220 3.270 3.025 3.069 3.227 3.072 3.074 3.070 3.007 3.133
-9999.000 -9999.000 -9999.000 -9999.000 -9999.000 -9999.000 -9999.000 -9999.000 -9999.000 4.331 -9999.000 4.122 4.097 3.763 3.739 3.700 3.681 3.648 3.697 3.676 3.608 3.619 3.582 3.561 3.557 3.520 3.506 3.487 3.550 3.494 3.471 3.514 3.419 3.412 3.386 3.477 3.404 3.393 3.390 3.360 3.363 3.367 3.361 3.318 3.312 3.288 3.308 3.274 3.304 3.228 3.236 3.197 3.187 3.211 3.199 3.266 3.119 3.213 3.278 3.013 3.204 3.027 3.064 3.066 3.004 2.958 2.963
-9999.000 -9999.000 -9999.000 -9999.000 -9999.000 -9999.000 -9999.000 -9999.000 -9999.000 -9999.000 -9999.000 4.135 4.119 3.845 3.738 3.718 3.680 3.664 3.729 3.657 3.653 3.627 3.625 3.587 3.535 3.525 3.526 3.480 3.474 3.470 3.468 3.434 3.426 3.456 3.382 3.368 3.402 3.365 3.357 3.352 3.357 3.443 3.347 3.325 3.315 3.498 3.316 3.601 3.228 3.225 3.200 3.209 3.174 3.175 3.185 3.185 3.096 3.512 3.049 2.998 2.985 3.012 3.054 2.909 3.059 2.940 2.947
-9999.000 -9999.000 -9999.000 -9999.000 -9999.000 -9999.000 -9999.000 -9999.000 -9999.000 -9999.000 -9999.000 4.115 4.034 3.788 3.729 3.700 3.683 3.657 3.646 3.657 3.640 3.658 3.615 3.564 3.560 3.581 3.572 3.516 3.506 3.502 3.493 3.433 3.437 3.404 3.866 3.347 3.342 3.357 3.368 3.331 3.349 3.457 3.304 3.322 3.562 3.508 3.676 3.246 3.233 3.250 3.189 3.174 3.171 3.133 3.110 3.098 3.087 3.125 3.069 3.134 2.968 2.955 2.908 2.900 2.873 2.928 2.832
-9999.000 -9999.000 -9999.000 -9999.000 -9999.000 -9999.000 -9999.000 -9999.000 -9999.000 -9999.000 -9999.000 4.209 4.208 3.797 3.770 3.762 3.707 3.651 3.643 3.631 3.629 3.620 3.630 3.588 3.611 3.747 3.717 3.506 3.497 3.557 3.435 3.430 3.404 3.401 3.382 3.597 3.329 3.325 3.317 3.325 3.346 3.296 3.299 3.529 3.383 3.603 3.259 3.297 3.323 3.155 3.182 3.191 3.141 3.109 3.100 3.086 3.078 3.069 3.055 3.039 2.910 2.941 2.928 2.947 2.857 2.804 2.825
-9999.000 -9999.000 -9999.000 -9999.000 -9999.000 -9999.000 -9999.000 -9999.000 -9999.000 -9999.000 4.238 4.136 4.088 3.799 3.770 3.744 3.729 3.657 -9999.000 3.620 3.610 3.612 3.602 3.723 3.617 3.670 4.218 3.493 3.487 3.482 3.441 3.404 3.403 3.377 3.379 3.382 3.429 3.332 3.305 3.300 3.297 3.293 3.297 3.300 3.372 3.185 3.255 3.289 3.221 3.028 3.176 3.331 3.240 3.205 3.169 3.102 3.133 3.068 2.985 2.971 2.863 2.855 2.836 2.951 2.786 2.780 2.840
-9999.000 -9999.000 -9999.000 -9999.000 -9999.000 -9999.000 -9999.000 -9999.000 -9999.000 -9999.000 4.216 4.196 4.111 4.088 4.095 3.821 -9999.000 3.684 -9999.000 3.610 3.592 3.584 3.566 3.617 3.644 3.531 3.503 3.798 3.479 3.465 3.523 3.400 3.379 3.375 3.357 3.447 3.338 3.323 3.318 3.292 3.356 3.269 3.276 3.318 3.253 3.176 3.166 3.176 3.081 3.019 2.964 2.951 2.941 2.934 2.922 2.906 2.911 3.107 3.232 3.220 3.052 2.826 2.816 2.808 2.779 2.773 2.780
-9999.000 -9999.000 -9999.000 -9999.000 -9999.000 -9999.000 -9999.000 -9999.000 -9999.000 -9999.000 -9999.000 4.283 4.207 4.020 3.920 3.898 -9999.000 3.688 3.826 3.610 3.584 3.566 3.560 3.538 3.524 3.503 3.499 3.468 3.477 3.461 3.412 3.408 3.386 3.377 3.354 3.365 3.330 3.469 3.343 3.287 3.281 3.266 3.308 3.400 3.178 3.169 3.160 3.087 3.081 3.028 3.668 3.774 3.611 3.763 2.952 2.900 2.881 2.875 2.861 2.848 2.839 2.826 2.833 2.788 2.773 2.768 2.810
-9999.000 -9999.000 -9999.000 -9999.000 -9999.000 -9999.000 -9999.000 -9999.000 -9999.000 -9999.000 -9999.000 -9999.000 4.154 4.126 4.027 4.163 4.091 3.693 -9999.000 3.660 3.620 3.572 3.560 3.541 3.527 3.521 3.467 3.464 3.440 3.435 3.619 3.426 3.556 3.372 3.342 3.337 3.325 3.325 3.297 3.292 3.301 3.250 3.247 3.272 3.309 3.177 3.266 3.152 3.087 3.164 3.013 2.994 2.959 2.947 2.937 2.909 2.948 3.216 3.381 3.345 3.187 2.813 2.804 2.795 2.838 2.758 2.749
-9999.000 -9999.000 -9999.000 -9999.000 -9999.000 -9999.000 -9999.000 -9999.000 -9999.000 -9999.000 -9999.000 -9999.000 4.236 4.138 -9999.000 4.188 4.169 3.688 -9999.000 3.624 3.588 3.578 3.558 3.552 3.524 3.520 3.514 3.467 3.911 3.431 3.406 3.596 3.400 3.374 3.368 3.336 3.319 3.415 3.295 3.307 3.327 3.244 3.242 3.232 3.235 3.258 3.166 3.155 3.195 3.050 3.046 3.322 3.403 3.383 3.255 3.212 3.068 3.077 3.029 2.942 2.924 2.912 2.779 2.773 2.759 2.752 2.742
-9999.000 -9999.000 -9999.000 -9999.000 -9999.000 -9999.000 -9999.000 -9999.000 -9999.000 -9999.000 -9999.000 -9999.000 -9999.000 -9999.000 4.063 4.005 3.733 3.672 4.262 3.683 3.696 3.581 3.578 3.546 3.536 3.528 3.517 3.563 3.487 3.785 3.401 3.395 3.389 3.377 3.358 3.366 3.315 3.300 3.290 3.583 3.281 3.238 3.232 3.207 3.375 3.180 3.157 3.151 3.145 3.084 3.184 3.187 3.161 3.156 3.150 3.089 3.080 2.996 3.172 3.164 3.066 2.889 2.795 3.186 3.035 3.114 3.145
-9999.000 -9999.000 -9999.000 -9999.000 -9999.000 -9999.000 -9999.000 -9999.000 -9999.000 -9999.000 -9999.000 -9999.000 -9999.000 4.256 4.238 4.057 3.702 3.666 3.658 3.642 3.655 3.575 3.558 3.558 3.544 3.536 3.554 3.444 3.483 3.428 3.480 3.575 3.388 3.364 3.352 3.337 3.336 3.294 3.284 3.275 3.299 3.259 3.295 3.197 3.193 3.184 3.289 3.160 3.146 3.090 3.165 3.162 3.152 3.189 3.107 3.184 3.090 2.941 2.954 2.970 2.933 3.137 2.812 2.796 3.073 2.717 2.708
-9999.000 -9999.000 -9999.000 -9999.000 -9999.000 -9999.000 -9999.000 -9999.000 -9999.000 -9999.000 -9999.000 -9999.000 -9999.000 4.172 4.125 3.838 3.758 -9999.000 3.640 3.580 3.563 3.568 3.537 3.573 3.572 3.564 3.443 3.437 3.429 3.426 3.415 3.491 3.390 3.549 3.337 3.331 3.314 3.307 3.278 3.271 3.259 3.252 3.227 3.208 3.199 3.327 3.283 3.845 3.150 3.197 3.140 3.171 3.133 3.044 3.091 3.150 3.211 2.932 2.942 2.960 2.918 3.027 2.989 2.785 2.776 2.727 2.689
-9999.000 -9999.000 -9999.000 -9999.000 -9999.000 -9999.000 -9999.000 -9999.000 -9999.000 -9999.000 -9999.000 -9999.000 -9999.000 -9999.000 4.059 4.036 3.777 3.721 4.065 3.565 3.553 3.524 3.517 3.580 3.593 3.454 3.447 3.446 3.485 3.416 3.413 3.392 3.387 3.382 3.377 3.332 3.321 3.315 3.297 3.277 3.306 3.256 3.247 3.192 3.240 3.172 3.275 3.166 3.158 3.253 3.121 3.131 3.126 3.019 2.996 2.889 2.882 2.887 3.236 2.938 2.867 2.839 3.329 2.838 2.818 2.722 3.713
-9999.000 -9999.000 -9999.000 -9999.000 -9999.000 -9999.000 -9999.000 -9999.000 -9999.000 -9999.000 -9999.000 -9999.000 -9999.000 -9999.000 -9999.000 4.119 3.750 3.710 3.942 3.580 3.542 3.518 3.512 3.571 3.472 3.453 3.447 3.444 3.425 3.588 3.424 3.459 3.387 3.410 3.343 3.337 3.329 3.320 3.315 3.316 3.296 3.292 3.190 3.180 3.172 3.166 3.168 3.171 3.284 3.053 3.110 3.199 3.093 3.108 3.020 2.942 2.865 3.030 2.891 3.155 2.844 2.824 3.253 2.942 2.735 2.657 2.649
-9999.000 -9999.000 -9999.000 -9999.000 -9999.000 -9999.000 -9999.000 -9999.000 -9999.000 -9999.000 -9999.000 -9999.000 -9999.000 -9999.000 -9999.000 4.089 3.713 3.702 3.655 3.763 3.519 3.513 3.508 3.515 3.482 3.461 3.455 3.443 3.422 3.409 3.404 3.473 3.382 3.378 3.372 3.342 3.336 3.353 3.322 3.482 3.292 3.233 3.217 3.215 3.206 3.158 3.137 3.260 3.057 3.045 2.992 2.973 2.966 2.960 2.882 2.961 2.850 2.845 2.878 2.892 3.271 2.809 2.694 2.731 2.744 3.054 2.575
-9999.000 -9999.000 -9999.000 -9999.000 -9999.000 -9999.000 -9999.000 -9999.000 -9999.000 -9999.000 -9999.000 -9999.000 -9999.000 -9999.000 -9999.000 4.121 3.858 3.700 3.621 3.586 3.542 3.557 3.496 3.491 3.474 3.466 3.462 3.451 3.487 3.404 3.400 3.386 3.382 3.370 3.375 3.384 3.376 3.293 3.286 3.293 3.300 3.321 3.218 3.195 3.225 3.104 3.129 3.120 3.071 3.139 3.022 3.044 2.971 2.884 2.869 2.858 2.850 2.813 2.808 3.209 3.003 3.054 2.685 3.257 2.706 2.818 2.586
-9999.000 -9999.000 -9999.000 -9999.000 -9999.000 -9999.000 -9999.000 -9999.000 -9999.000 -9999.000 -9999.000 -9999.000 -9999.000 -9999.000 -9999.000 -9999.000 4.036 3.800 3.655 3.563 3.535 3.513 3.476 3.470 3.469 3.456 3.446 3.439 3.417 3.402 3.390 3.382 3.377 3.365 3.373 3.382 3.296 3.288 3.283 3.363 3.271 3.265 3.194 3.185 3.102 3.097 3.139 3.093 3.275 2.983 2.968 2.950 2.940 2.929 2.919 2.867 2.864 3.050 2.789 2.771 2.986 2.693 2.678 2.645 2.646 2.635 3.521
-9999.000 -9999.000 -9999.000 -9999.000 -9999.000 -9999.000 -9999.000 -9999.000 -9999.000 -9999.000 -9999.000 -9999.000 -9999.000 -9999.000 -9999.000 -9999.000 -9999.000 -9999.000 3.758 3.648 -9999.000 3.541 3.526 3.457 3.445 3.467 3.502 3.497 3.464 3.466 3.405 3.372 3.366 3.360 3.370 3.376 3.339 -9999.000 3.273 3.255 3.264 3.207 3.148 3.144 3.096 3.092 3.046 3.035 3.027 3.021 3.002 2.949 2.942 2.919 2.915 2.853 2.871 2.872 3.137 2.748 2.712 2.702 2.728 2.638 3.178 2.603 2.624
-9999.000 -9999.000 -9999.000 -9999.000 -9999.000 -9999.000 -9999.000 -9999.000 -9999.000 -9999.000 -9999.000 -9999.000 -9999.000 -9999.000 -9999.000 -9999.000 -9999.000 -9999.000 4.234 3.817 3.676 3.555 3.506 3.445 3.441 3.429 3.421 3.411 3.405 3.393 3.388 3.377 3.376 3.357 3.360 3.359 3.325 4.108 3.271 3.232 3.225 3.306 3.153 3.283 3.106 3.097 3.132 3.041 3.030 3.000 3.026 3.241 2.901 2.892 2.969 2.841 2.860 2.838 2.819 2.962 2.744 2.865 2.696 2.614 2.766 2.530 2.523
-9999.000 -9999.000 -9999.000 -9999.000 -9999.000 -9999.000 -9999.000 -9999.000 -9999.000 -9999.000 -9999.000 -9999.000 -9999.000 -9999.000 -9999.000 -9999.000 -9999.000 -9999.000 -9999.000 4.073 3.841 3.537 3.469 3.461 3.455 3.535 3.567 3.524 3.548 3.427 3.414 3.371 3.366 3.340 3.328 3.323 3.318 3.367 3.252 3.244 3.215 3.182 3.171 3.162 3.153 3.077 3.071 3.043 3.034 2.986 2.980 2.904 2.882 2.860 2.843 2.832 2.805 2.831 2.813 2.806 2.788 2.689 2.677 2.606 2.629 2.654 2.459
-9999.000 -9999.000 -9999.000 -9999.000 -9999.000 -9999.000 -9999.000 -9999.000 -9999.000 -9999.000 -9999.000 -9999.000 -9999.000 -9999.000 -9999.000 -9999.000 -9999.000 -9999.000 -9999.000 -9999.000 -9999.000 3.696 3.564 3.545 3.463 3.473 3.504 3.522 3.463 3.457 3.411 3.399 3.370 3.370 3.345 3.318 3.313 3.279 3.264 3.304 3.242 3.196 3.239 3.168 3.206 3.199 3.049 3.070 3.057 2.985 2.978 2.913 2.956 2.921 2.854 2.852 2.774 2.763 2.753 2.738 2.731 2.702 2.814 2.581 2.561 3.065 2.452
-9999.000 -9999.000 -9999.000 -9999.000 -9999.000 -9999.000 -9999.000 -9999.000 -9999.000 -9999.000 -9999.000 -9999.000 -9999.000 -9999.000 -9999.000 -9999.000 -9999.000 -9999.000 -9999.000 -9999.000 -9999.000 4.180 3.594 3.657 3.515 3.561 3.525 3.537 3.496 3.585 3.400 3.394 3.388 3.388 4.123 3.317 3.313 3.290 3.274 3.283 3.243 3.231 3.242 3.239 3.053 3.047 3.041 3.037 3.000 2.991 2.985 2.892 2.873 2.859 2.844 2.834 2.811 2.762 2.742 2.747 2.706 2.731 2.680 2.828 2.555 2.494 2.482
