includes/lisflood-fp-604/results/res.max
ncols         631
nrows         906
xllcorner     364927.146667
yllcorner     6531972.565556
cellsize      20.000000
NODATA_value  -9999.000000
[rows 0 to 33 of 906, columns 385 to 461 of 631]
4.629 4.628 9.628 9.628 9.628 9.628 9.627 9.627 9.627 9.627 9.627 9.626 9.626 9.626 9.626 9.626 9.625 9.625 9.625 9.625 9.625 9.624 9.624 9.624 9.624 9.624 9.623 9.623 9.623 9.623 9.623 9.622 9.622 9.622 9.622 9.621 9.621 9.621 9.621 9.620 9.620 9.620 9.620 9.619 9.619 9.619 9.619 9.618 9.618 9.618 9.617 9.617 9.617 9.616 9.616 9.616 9.615 9.615 9.615 9.614 9.614 9.613 9.613 9.613 9.613 9.612 9.612 9.612 9.611 9.611 9.611 9.611 9.610 9.610 9.610 9.609 9.609
4.629 9.628 9.628 9.628 9.628 9.628 9.627 9.627 9.627 9.627 9.627 9.626 9.626 9.626 9.626 9.626 9.625 9.625 9.625 9.625 9.625 9.624 9.624 9.624 9.624 9.624 9.623 9.623 9.623 9.623 9.623 9.622 9.622 9.622 9.622 9.621 9.621 9.621 9.621 9.620 9.620 9.620 9.620 9.619 9.619 9.619 9.619 9.618 9.618 9.618 9.617 9.617 9.617 9.616 9.616 9.616 9.615 9.615 9.615 9.614 9.614 9.613 9.613 9.613 9.613 9.612 9.612 9.612 9.611 9.611 9.611 9.611 9.610 9.610 9.610 9.609 9.609
9.629 9.628 9.628 9.628 9.628 9.628 9.627 9.627 9.627 9.627 9.627 9.626 9.626 9.626 9.626 9.626 9.625 9.625 9.625 9.625 9.625 9.624 9.624 9.624 9.624 9.624 9.623 9.623 9.623 9.623 9.623 9.622 9.622 9.622 9.622 9.621 9.621 9.621 9.621 9.620 9.620 9.620 9.620 9.619 9.619 9.619 9.619 9.618 9.618 9.618 9.617 9.617 9.617 9.616 9.616 9.616 9.615 9.615 9.615 9.614 9.614 9.613 9.613 9.613 9.612 9.612 9.612 9.612 9.611 9.611 9.611 9.611 9.610 9.610 9.610 9.609 9.609
9.629 9.628 9.628 9.628 9.628 9.628 9.627 9.627 9.627 9.627 9.627 9.626 9.626 9.626 9.626 9.626 9.625 9.625 9.625 9.625 9.625 9.624 9.624 9.624 9.624 9.623 9.623 9.623 9.623 9.623 9.622 9.622 9.622 9.622 9.622 9.621 9.621 9.621 9.621 9.620 9.620 9.620 9.620 9.619 9.619 9.619 9.619 9.618 9.618 9.618 9.617 9.617 9.617 9.616 9.616 9.616 9.615 9.615 9.615 9.614 9.614 9.613 9.613 9.613 9.612 9.612 9.612 9.612 9.611 9.611 9.611 9.611 9.610 9.610 9.610 9.609 9.609
4.629 9.628 9.628 9.628 9.628 9.628 9.627 9.627 9.627 9.627 9.627 9.626 9.626 9.626 9.626 9.625 9.625 9.625 9.625 9.625 9.625 9.624 9.624 9.624 9.624 9.623 9.623 9.623 9.623 9.623 9.622 9.622 9.622 9.622 9.621 9.621 9.621 9.621 9.621 9.620 9.620 9.620 9.620 9.619 9.619 9.619 9.618 9.618 9.618 9.618 9.617 9.617 9.617 9.616 9.616 9.616 9.615 9.615 9.614 9.614 9.614 9.613 9.613 9.613 9.612 9.612 9.612 9.612 9.611 9.611 9.611 9.611 9.610 9.610 9.610 9.609 9.609
9.628 9.628 9.628 9.628 9.628 9.628 9.627 9.627 9.627 9.627 9.627 9.626 9.626 9.626 9.626 9.625 9.625 9.625 9.625 9.625 9.624 9.624 9.624 9.624 9.624 9.623 9.623 9.623 9.623 9.623 9.622 9.622 9.622 9.622 9.621 9.621 9.621 9.621 9.620 9.620 9.620 9.620 9.619 9.619 9.619 9.619 9.618 9.618 9.618 9.617 9.617 9.617 9.617 9.616 9.616 9.616 9.615 9.615 9.614 9.614 9.614 9.613 9.613 9.613 9.612 9.612 9.612 9.612 9.611 9.611 9.611 9.611 9.610 9.610 9.610 9.609 9.609
9.628 9.628 9.628 9.628 9.628 9.628 9.627 9.627 9.627 9.627 9.627 9.626 9.626 9.626 9.626 9.625 9.625 9.625 9.625 9.625 9.624 9.624 9.624 9.624 9.624 9.623 9.623 9.623 9.623 9.623 9.622 9.622 9.622 9.622 9.621 9.621 9.621 9.621 9.620 9.620 9.620 9.620 9.619 9.619 9.619 9.619 9.618 9.618 9.618 9.617 9.617 9.617 9.616 9.616 9.616 9.615 9.615 9.615 9.614 9.614 9.614 9.613 9.613 9.613 9.612 9.612 9.612 9.612 9.611 9.611 9.611 9.610 9.610 9.610 9.610 9.609 9.609
9.628 9.628 9.628 9.628 9.628 9.628 9.627 9.627 9.627 9.627 9.626 9.626 9.626 9.626 9.626 9.625 9.625 9.625 9.625 9.625 9.624 9.624 9.624 9.624 9.623 9.623 9.623 9.623 9.623 9.622 9.622 9.622 9.622 9.621 9.621 9.621 9.621 9.620 9.620 9.620 9.620 9.620 9.619 9.619 9.619 9.619 9.618 9.618 9.618 9.617 9.617 9.617 9.616 9.616 9.616 9.615 9.615 9.615 9.614 9.614 9.614 9.613 9.613 9.613 9.612 9.612 9.612 9.612 9.611 9.611 9.611 9.610 9.610 9.610 9.610 9.609 9.609
9.628 9.628 9.628 9.628 9.628 9.627 9.627 9.627 4.627 9.627 9.626 9.626 9.626 9.626 9.626 9.625 9.625 9.625 9.625 9.624 9.624 9.624 9.624 9.624 9.623 9.623 9.623 9.623 9.623 9.622 9.622 9.622 9.622 9.621 9.621 9.621 9.621 9.620 9.620 9.620 9.620 9.619 9.619 9.619 9.619 9.618 9.618 9.618 9.618 9.617 9.617 9.617 9.616 9.616 9.616 9.615 9.615 9.615 9.614 9.614 9.614 9.613 9.613 9.613 9.612 9.612 9.612 9.611 9.611 9.611 9.611 9.610 9.610 9.610 9.610 9.609 9.609
4.628 9.628 9.628 9.628 9.628 9.627 4.627 4.627 9.627 9.627 9.626 9.626 9.626 9.626 9.626 9.625 9.625 9.625 9.625 9.624 9.624 9.624 9.624 9.624 9.623 9.623 9.623 9.623 9.622 9.622 9.622 9.622 9.622 9.621 9.621 9.621 9.621 9.620 9.620 9.620 9.620 9.619 9.619 9.619 9.619 9.618 9.618 9.618 9.618 9.617 9.617 9.617 9.616 9.616 9.616 9.615 9.615 9.615 9.614 9.614 9.614 9.613 9.613 9.613 9.612 9.612 9.612 9.611 9.611 9.611 9.611 9.610 9.610 9.610 9.609 9.609 9.609
4.628 4.628 4.628 4.628 4.628 9.627 9.627 9.627 9.627 9.626 9.626 9.626 9.626 9.626 9.625 9.625 9.625 9.625 9.625 9.624 9.624 9.624 9.624 9.624 9.623 9.623 9.623 9.623 9.622 9.622 9.622 9.622 9.621 9.621 9.621 9.621 9.620 9.620 9.620 9.620 9.620 9.619 9.619 9.619 9.618 9.618 9.618 9.618 9.617 9.617 9.617 9.617 9.616 9.616 9.616 9.615 9.615 9.615 9.614 9.614 9.614 9.613 9.613 9.613 9.612 9.612 9.612 9.611 9.611 9.611 9.610 9.610 9.610 9.610 9.609 9.609 9.609
4.628 4.628 4.628 4.628 4.627 4.627 9.627 9.627 9.627 9.626 9.626 9.626 9.626 9.626 9.625 9.625 9.625 9.625 9.624 9.624 9.624 9.624 9.624 9.623 9.623 9.623 9.623 9.623 9.622 9.622 9.622 9.622 9.621 9.621 9.621 9.621 9.620 9.620 9.620 9.620 9.619 9.619 9.619 9.619 9.618 9.618 9.618 9.618 9.617 9.617 9.617 9.617 9.616 9.616 9.616 9.615 9.615 9.615 9.614 9.614 9.614 9.613 9.613 9.613 9.612 9.612 9.611 9.611 9.611 9.611 9.610 9.610 9.610 9.610 9.609 9.609 9.609
4.628 4.628 4.628 4.628 9.627 9.627 9.627 9.627 9.626 9.626 9.626 9.626 9.626 9.625 9.625 9.625 9.625 9.625 9.624 9.624 9.624 9.624 9.623 9.623 9.623 9.623 9.623 9.622 9.622 9.622 9.622 9.622 9.621 9.621 9.621 9.621 9.620 9.620 9.620 9.620 9.619 9.619 9.619 9.619 9.618 9.618 9.618 9.618 9.617 9.617 9.617 9.617 9.616 9.616 9.616 9.615 9.615 9.615 9.614 9.614 9.614 9.613 9.613 9.613 9.612 9.612 9.611 9.611 9.611 9.611 9.610 9.610 9.610 9.609 9.609 9.609 9.608
4.628 4.628 4.628 4.627 4.627 4.627 9.627 9.627 9.626 9.626 9.626 9.626 9.626 9.625 9.625 9.625 9.625 9.625 9.624 9.624 9.624 9.624 9.623 9.623 9.623 9.623 9.623 9.622 9.622 9.622 9.622 9.621 9.621 9.621 9.621 9.620 9.620 9.620 9.620 9.619 9.619 9.619 9.619 9.618 9.618 9.618 9.618 9.618 9.617 9.617 9.617 9.616 9.616 9.616 9.616 9.615 9.615 9.615 9.614 9.614 9.614 9.613 9.613 9.613 9.612 9.612 9.611 9.611 9.611 9.610 9.610 9.610 9.610 9.609 9.609 9.609 9.608
4.628 4.628 4.628 4.627 4.627 4.627 4.627 9.627 4.626 9.626 4.626 9.626 9.625 9.625 9.625 9.625 9.625 9.624 9.624 9.624 9.624 9.624 9.623 9.623 9.623 9.623 9.623 9.622 9.622 9.622 9.622 9.621 9.621 9.621 9.621 9.620 9.620 9.620 9.620 9.619 9.619 9.619 9.619 9.618 9.618 9.618 9.618 9.617 9.617 9.617 9.617 9.616 9.616 9.616 9.615 9.615 9.615 9.614 9.614 9.614 9.614 9.613 9.613 9.613 9.612 9.612 9.611 9.611 9.611 9.610 9.610 9.610 9.609 9.609 9.609 9.609 9.608
4.628 4.628 4.628 4.627 4.627 4.627 4.627 4.626 4.626 9.626 9.626 9.626 9.625 9.625 9.625 9.625 9.625 9.624 9.624 9.624 9.624 9.624 9.623 9.623 9.623 9.623 9.622 9.622 9.622 9.622 9.622 9.621 9.621 9.621 9.621 9.620 9.620 9.620 9.620 9.619 9.619 9.619 9.619 9.618 9.618 9.618 9.618 9.617 9.617 9.617 9.617 9.616 9.616 9.616 9.615 9.615 9.615 9.614 9.614 9.614 9.614 9.613 9.613 9.612 9.612 9.612 9.611 9.611 9.611 9.610 9.610 9.610 9.609 9.609 9.609 9.608 9.608
4.628 4.628 4.628 4.627 4.627 4.627 4.627 4.626 4.626 4.626 4.626 4.626 4.625 9.625 4.625 9.625 9.624 9.624 9.624 9.624 9.624 9.623 9.623 9.623 9.623 9.622 9.622 9.622 9.622 9.622 9.621 9.621 9.621 9.621 9.620 9.620 9.620 9.620 9.620 9.619 9.619 9.619 9.619 9.618 9.618 9.618 9.618 9.617 9.617 9.617 9.617 9.616 9.616 9.616 9.615 9.615 9.615 9.614 9.614 9.614 9.613 9.613 9.613 9.612 9.612 9.612 9.611 9.611 9.611 9.610 9.610 9.610 9.609 9.609 9.609 9.608 9.608
4.628 4.628 4.627 4.627 4.627 4.627 4.627 4.626 4.626 4.626 4.626 4.625 4.625 9.625 4.625 9.624 9.624 9.624 9.624 9.624 9.623 9.623 9.623 9.623 9.623 9.622 9.622 9.622 9.622 9.622 9.621 9.621 9.621 9.621 9.620 9.620 9.620 9.620 9.619 9.619 9.619 9.619 9.619 9.618 9.618 9.618 9.618 9.617 9.617 9.617 9.617 9.616 9.616 9.616 9.615 9.615 9.615 9.614 9.614 9.614 9.613 9.613 9.613 9.612 9.612 9.612 9.611 9.611 9.611 9.610 9.610 9.610 9.609 9.609 9.609 9.608 9.608
4.628 4.627 4.627 4.627 4.627 4.627 4.626 4.626 4.626 4.626 4.626 4.625 4.625 4.625 4.625 9.624 9.624 9.624 9.624 9.624 9.623 9.623 9.623 9.623 9.622 9.622 9.622 9.622 9.622 9.621 9.621 9.621 9.621 9.621 9.620 9.620 9.620 9.620 9.619 9.619 9.619 9.619 9.619 9.618 9.618 9.618 9.618 9.617 9.617 9.617 9.616 9.616 9.616 9.616 9.615 9.615 9.615 9.614 9.614 9.614 9.613 9.613 9.613 9.612 9.612 9.612 9.611 9.611 9.611 9.610 9.610 9.610 9.609 9.609 9.609 9.608 9.608
4.628 4.627 4.627 4.627 4.627 4.627 4.626 4.626 4.626 4.626 4.625 4.625 4.625 4.625 4.625 4.624 4.624 9.624 9.624 9.623 9.623 9.623 9.623 9.623 9.622 9.622 9.622 9.622 9.621 9.621 9.621 9.621 9.621 9.620 9.620 9.620 9.620 9.620 9.619 9.619 9.619 9.619 9.618 9.618 9.618 9.618 9.617 9.617 9.617 9.617 9.616 9.616 9.616 9.616 9.615 9.615 9.615 9.614 9.614 9.614 9.613 9.613 9.613 9.612 9.612 9.612 9.611 9.611 9.611 9.610 9.610 9.610 9.609 9.609 9.609 9.608 9.608
4.628 4.627 4.627 4.627 4.627 4.626 4.626 4.626 4.626 4.626 4.625 4.625 4.625 4.625 9.625 4.624 4.624 9.624 9.623 9.623 9.623 9.623 9.623 9.622 9.622 9.622 9.622 9.622 9.621 9.621 9.621 9.621 9.621 9.620 9.620 9.620 9.620 9.620 9.619 9.619 9.619 9.619 9.618 9.618 9.618 9.618 9.617 9.617 9.617 9.617 9.616 9.616 9.616 9.615 9.615 9.615 9.615 9.614 9.614 9.614 9.613 9.613 9.613 9.612 9.612 9.612 9.611 9.611 9.611 9.610 9.610 9.610 9.609 9.609 9.609 9.608 9.608
4.628 4.627 4.627 4.627 4.627 4.626 4.626 4.626 4.626 4.626 4.625 4.625 4.625 4.625 4.624 4.624 4.624 4.624 9.623 9.623 9.623 9.623 9.623 9.622 9.622 9.622 9.622 9.621 9.621 9.621 9.621 9.621 9.620 9.620 9.620 9.620 9.620 9.619 9.619 9.619 9.619 9.619 9.618 9.618 9.618 9.618 9.617 9.617 9.617 9.617 9.616 9.616 9.616 9.615 9.615 9.615 9.614 9.614 9.614 9.614 9.613 9.613 9.613 9.612 9.612 9.612 9.611 9.611 9.611 9.610 9.610 9.610 9.609 9.609 9.609 9.608 9.608
4.588 4.627 4.627 4.627 4.627 4.626 4.626 4.626 4.626 4.625 4.625 4.625 4.625 4.624 4.624 4.624 4.624 4.623 4.623 9.623 9.623 9.623 9.622 9.622 9.622 9.622 9.622 9.621 9.621 9.621 9.621 9.621 9.620 9.620 9.620 9.620 9.620 9.619 9.619 9.619 9.619 9.618 9.618 9.618 9.618 9.618 9.617 9.617 9.617 9.617 9.616 9.616 9.616 9.615 9.615 9.615 9.614 9.614 9.614 9.614 9.613 9.613 9.613 9.612 9.612 9.612 9.611 9.611 9.611 9.610 9.610 9.610 9.609 9.609 9.609 9.608 9.608
4.358 4.627 4.627 4.627 4.627 4.626 4.626 4.626 4.626 4.625 4.625 4.625 4.625 4.624 4.624 4.624 4.624 4.623 4.623 9.623 9.623 9.622 9.622 9.622 9.622 9.622 9.622 9.621 9.621 9.621 9.621 9.620 9.620 9.620 9.620 9.620 9.619 9.619 9.619 9.619 9.619 9.618 9.618 9.618 9.618 9.618 9.617 9.617 9.617 9.616 9.616 9.616 9.616 9.615 9.615 9.615 9.614 9.614 9.614 9.613 9.613 9.613 9.613 9.612 9.612 9.612 9.611 9.611 9.611 9.610 9.610 9.610 9.609 9.609 9.609 9.608 9.608
4.308 4.567 4.627 4.627 4.627 4.626 4.626 4.626 4.626 4.625 4.625 4.625 4.624 4.624 4.624 4.624 4.623 4.623 4.623 9.623 9.622 9.622 9.622 9.622 9.622 9.622 9.621 9.621 9.621 9.621 9.621 9.620 9.620 9.620 9.620 9.619 9.619 9.619 9.619 9.619 9.618 9.618 9.618 9.618 9.618 9.617 9.617 9.617 9.617 9.616 9.616 9.616 9.616 9.615 9.615 9.615 9.614 9.614 9.614 9.613 9.613 9.613 9.612 9.612 9.612 9.612 9.611 9.611 9.611 9.610 9.610 9.610 9.609 9.609 9.609 9.608 9.608
3.958 4.357 4.627 4.627 4.627 4.626 4.626 4.626 4.625 4.625 4.625 4.625 4.624 4.624 4.624 4.624 4.623 4.623 9.623 9.623 9.622 9.622 9.622 9.622 9.622 9.621 9.621 9.621 9.621 9.621 9.621 9.620 9.620 9.620 9.620 9.619 9.619 9.619 9.619 9.619 9.618 9.618 9.618 9.618 9.618 9.617 9.617 9.617 9.617 9.616 9.616 9.616 9.615 9.615 9.615 9.615 9.614 9.614 9.614 9.613 9.613 9.613 9.612 9.612 9.612 9.612 9.611 9.611 9.611 9.610 9.610 9.610 9.609 9.609 9.609 9.608 9.608
3.938 4.227 4.627 4.627 4.627 4.626 4.626 4.626 4.625 4.625 4.625 4.625 4.624 4.624 4.624 4.623 4.623 9.623 9.623 9.622 9.622 9.622 9.622 9.622 9.622 9.621 9.621 9.621 9.621 9.621 9.620 9.620 9.620 9.620 9.619 9.619 9.619 9.619 9.619 9.618 9.618 9.618 9.618 9.618 9.617 9.617 9.617 9.617 9.616 9.616 9.616 9.616 9.615 9.615 9.615 9.615 9.614 9.614 9.614 9.613 9.613 9.613 9.612 9.612 9.612 9.612 9.611 9.611 9.611 9.610 9.610 9.610 9.609 9.609 9.609 9.608 9.608
3.948 4.278 4.507 4.627 4.627 4.626 4.626 4.626 4.625 4.625 4.625 4.624 4.624 4.624 4.624 4.623 9.623 9.623 9.623 9.622 9.622 9.622 9.622 9.622 9.621 9.621 9.621 9.621 9.621 9.620 9.620 9.620 9.620 9.620 9.619 9.619 9.619 9.619 9.618 9.618 9.618 9.618 9.618 9.618 9.617 9.617 9.617 9.617 9.616 9.616 9.616 9.616 9.615 9.615 9.615 9.615 9.614 9.614 9.614 9.613 9.613 9.613 9.612 9.612 9.612 9.611 9.611 9.611 9.610 9.610 9.610 9.610 9.609 9.609 9.609 9.608 9.608
4.078 4.328 4.627 4.627 4.627 4.626 4.626 4.626 4.625 4.625 4.625 4.624 4.624 4.624 4.623 9.623 9.623 9.623 9.622 9.622 9.622 9.622 9.622 9.622 9.621 9.621 9.621 9.621 9.621 9.620 9.620 9.620 9.620 9.619 9.619 9.619 9.619 9.619 9.618 9.618 9.618 9.618 9.618 9.617 9.617 9.617 9.617 9.617 9.616 9.616 9.616 9.616 9.615 9.615 9.615 9.614 9.614 9.614 9.614 9.613 9.613 9.613 9.612 9.612 9.612 9.611 9.611 9.611 9.610 9.610 9.610 9.609 9.609 9.609 9.608 9.608 9.608
4.628 4.628 4.627 4.627 4.627 4.626 4.626 4.626 4.625 4.625 4.625 4.624 4.624 4.623 4.623 9.623 9.623 9.623 9.622 9.622 9.622 9.622 9.622 9.621 9.621 9.621 9.621 9.621 9.620 9.620 9.620 9.620 9.619 9.619 9.619 9.619 9.619 9.618 9.618 9.618 9.618 9.618 9.617 9.617 9.617 9.617 9.617 9.616 9.616 9.616 9.616 9.615 9.615 9.615 9.615 9.614 9.614 9.614 9.613 9.613 9.613 9.613 9.612 9.612 9.612 9.611 9.611 9.611 9.610 9.610 9.610 9.609 9.609 9.609 9.608 9.608 9.608
4.628 4.628 4.627 4.627 4.627 4.626 4.626 4.626 4.625 4.625 4.625 4.624 4.624 9.623 9.623 9.623 9.623 9.623 9.622 9.622 9.622 9.622 9.622 9.621 9.621 9.621 9.621 9.620 9.620 9.620 9.620 9.620 9.619 9.619 9.619 9.619 9.619 9.618 9.618 9.618 9.618 9.618 9.617 9.617 9.617 9.617 9.616 9.616 9.616 9.616 9.616 9.615 9.615 9.615 9.614 9.614 9.614 9.614 9.613 9.613 9.613 9.613 9.612 9.612 9.612 9.611 9.611 9.611 9.610 9.610 9.610 9.609 9.609 9.609 9.608 9.608 9.608
4.628 4.628 4.627 4.627 4.627 4.626 4.626 4.626 4.625 4.625 4.624 4.624 4.624 9.623 9.623 9.623 9.623 9.622 9.622 9.622 9.622 9.622 9.622 9.621 9.621 9.621 9.621 9.620 9.620 9.620 9.620 9.620 9.619 9.619 9.619 9.619 9.618 9.618 9.618 9.618 9.618 9.617 9.617 9.617 9.617 9.617 9.616 9.616 9.616 9.616 9.615 9.615 9.615 9.615 9.614 9.614 9.614 9.614 9.613 9.613 9.613 9.612 9.612 9.612 9.612 9.611 9.611 9.611 9.610 9.610 9.610 9.609 9.609 9.609 9.608 9.608 9.608
4.628 4.628 4.628 4.627 4.627 4.627 4.626 4.626 4.625 4.625 4.624 4.624 4.624 9.623 9.623 9.623 9.623 9.622 9.622 9.622 9.622 9.622 9.621 9.621 9.621 9.621 9.621 9.620 9.620 9.620 9.620 9.619 9.619 9.619 9.619 9.618 9.618 9.618 9.618 9.618 9.617 9.617 9.617 9.617 9.617 9.616 9.616 9.616 9.616 9.615 9.615 9.615 9.615 9.615 9.614 9.614 9.614 9.613 9.613 9.613 9.613 9.612 9.612 9.612 9.611 9.611 9.611 9.611 9.610 9.610 9.610 9.609 9.609 9.609 9.608 9.608 9.608
4.628 4.628 4.628 4.627 4.627 4.626 4.626 4.626 4.625 4.625 4.624 4.624 9.624 9.623 9.623 9.623 9.623 9.622 9.622 9.622 9.622 9.622 9.621 9.621 9.621 9.621 9.621 9.620 9.620 9.620 9.620 9.619 9.619 9.619 9.619 9.618 9.618 9.618 9.618 9.617 9.617 9.617 9.617 9.617 9.616 9.616 9.616 9.616 9.616 9.615 9.615 9.615 9.615 9.614 9.614 9.614 9.614 9.613 9.613 9.613 9.613 9.612 9.612 9.612 9.611 9.611 9.611 9.611 9.610 9.610 9.610 9.609 9.609 9.609 9.608 9.608 9.608
