includes/lisflood-fp-604/results/res.max
ncols         631
nrows         906
xllcorner     364927.146667
yllcorner     6531972.565556
cellsize      20.000000
NODATA_value  -9999.000000
[rows 850 to 883 of 906, columns 385 to 461 of 631]
0.000 0.000 0.000 0.000 0.000 0.909 0.919 1.419 1.459 1.698 2.028 2.138 2.098 2.077 2.176 2.466 2.485 2.455 2.485 2.564 2.614 1.813 2.613 2.262 2.181 0.172 0.281 3.274 4.083 4.393 9.672 9.672 9.672 9.672 9.671 9.671 9.671 9.670 9.670 9.670 9.669 9.669 9.669 9.668 9.668 9.667 9.667 9.667 9.666 9.666 9.665 9.665 9.664 9.664 9.663 9.663 9.662 9.662 9.661 9.660 9.660 9.659 9.659 9.658 9.658 9.657 9.657 9.656 9.656 9.655 9.655 9.654 9.654 9.653 9.652 9.652 9.651
0.000 0.000 0.000 0.000 0.000 0.948 0.859 1.539 1.629 1.768 1.898 1.948 2.207 2.297 2.346 2.486 2.535 2.345 2.665 2.574 2.524 2.863 2.503 1.623 0.249 0.121 3.343 4.153 4.303 4.513 9.672 9.672 9.672 9.672 9.671 9.671 9.671 9.670 9.670 9.670 9.669 9.669 9.669 9.668 9.668 9.667 9.667 9.667 9.666 9.666 9.665 9.665 9.664 9.664 9.663 9.663 9.662 9.662 9.661 9.660 9.660 9.659 9.659 9.658 9.658 9.657 9.657 9.656 9.656 9.655 9.655 9.654 9.654 9.653 9.652 9.652 9.651
0.000 0.000 0.000 0.728 1.000 0.855 1.198 1.378 1.888 2.258 2.168 2.268 2.197 2.367 2.446 2.475 2.505 2.605 2.664 2.574 2.084 1.224 0.000 0.046 0.100 3.513 4.113 4.353 9.673 9.672 9.672 9.672 9.672 9.671 9.671 9.671 9.671 9.670 9.670 9.670 9.669 9.669 9.668 9.668 9.668 9.667 9.667 9.666 9.666 9.666 9.665 9.665 9.664 9.664 9.663 9.663 9.662 9.662 9.661 9.661 9.660 9.659 9.659 9.658 9.658 9.657 9.657 9.656 9.656 9.655 9.655 9.654 9.654 9.653 9.653 9.652 9.651
0.000 0.000 0.745 1.157 1.069 0.844 1.688 1.558 1.958 2.218 2.218 2.338 2.407 2.396 2.396 1.875 1.774 1.404 0.973 0.000 0.000 0.000 0.000 0.000 3.503 4.043 4.363 4.603 9.672 9.672 9.672 9.672 9.672 9.671 9.671 9.671 9.671 9.670 9.670 9.670 9.669 9.669 9.668 9.668 9.668 9.667 9.667 9.666 9.666 9.666 9.665 9.665 9.664 9.664 9.663 9.663 9.662 9.662 9.661 9.661 9.660 9.660 9.659 9.659 9.658 9.657 9.657 9.656 9.656 9.655 9.655 9.654 9.654 9.653 9.653 9.652 9.651
0.000 0.220 1.154 1.305 1.148 0.843 1.447 1.598 1.638 2.108 2.088 1.787 1.407 0.916 1.195 0.874 1.243 0.932 0.631 0.000 0.000 1.031 0.634 3.383 4.033 4.303 4.393 9.673 9.672 9.672 9.672 9.672 9.672 9.671 9.671 9.671 9.670 9.670 9.670 9.670 9.669 9.669 9.668 9.668 9.668 9.667 9.667 9.666 9.666 9.666 9.665 9.665 9.664 9.664 9.663 9.663 9.662 9.662 9.661 9.661 9.660 9.660 9.659 9.659 9.658 9.658 9.657 9.656 9.656 9.655 9.655 9.654 9.654 9.653 9.653 9.652 9.652
0.571 0.735 1.260 1.143 0.988 1.193 1.787 1.977 1.358 1.878 1.577 1.127 0.936 0.775 0.753 0.782 0.761 0.589 0.727 0.664 0.000 1.494 3.344 4.043 4.273 4.303 9.673 9.672 9.672 9.672 9.672 9.672 9.672 9.671 9.671 9.671 9.670 9.670 9.670 9.669 9.669 9.669 9.668 9.668 9.668 9.667 9.667 9.666 9.666 9.666 9.665 9.665 9.664 9.664 9.663 9.663 9.662 9.662 9.661 9.661 9.660 9.660 9.659 9.659 9.658 9.658 9.657 9.657 9.656 9.656 9.655 9.655 9.654 9.653 9.653 9.652 9.652
0.666 1.223 1.596 1.279 0.948 1.063 1.757 1.087 1.107 1.176 1.136 0.975 0.634 0.573 0.731 0.730 0.808 0.776 0.734 0.540 1.595 3.354 3.964 4.193 4.373 9.673 9.673 9.672 9.672 9.672 9.672 9.672 9.671 9.671 9.671 9.671 9.670 9.670 9.670 9.669 9.669 9.669 9.668 9.668 9.668 9.667 9.667 9.666 9.666 9.666 9.665 9.665 9.664 9.664 9.663 9.663 9.662 9.662 9.661 9.661 9.660 9.660 9.659 9.659 9.658 9.658 9.657 9.657 9.656 9.656 9.655 9.655 9.654 9.654 9.653 9.652 9.652
1.154 1.611 1.754 1.647 0.777 0.892 0.000 0.906 1.075 1.035 0.964 0.634 0.792 0.921 0.650 0.808 0.786 0.764 0.752 1.148 2.905 3.884 3.894 4.503 9.673 9.673 9.673 9.672 9.672 9.672 9.672 9.672 9.671 9.671 9.671 9.671 9.670 9.670 9.670 9.669 9.669 9.669 9.668 9.668 9.668 9.667 9.667 9.666 9.666 9.666 9.665 9.665 9.664 9.664 9.663 9.663 9.662 9.662 9.661 9.661 9.660 9.660 9.659 9.659 9.658 9.658 9.657 9.657 9.656 9.656 9.655 9.655 9.654 9.654 9.653 9.652 9.652
1.483 1.475 0.850 0.000 0.670 1.233 1.194 1.084 1.264 1.174 1.093 0.872 1.071 1.210 0.748 0.716 0.645 0.943 0.319 0.626 3.745 4.064 4.464 4.653 9.673 9.673 9.673 9.672 9.672 9.672 9.672 9.672 9.671 9.671 9.671 9.671 9.670 9.670 9.670 9.669 9.669 9.669 9.668 9.668 9.668 9.667 9.667 9.666 9.666 9.666 9.665 9.665 9.664 9.664 9.663 9.663 9.662 9.662 9.661 9.661 9.660 9.660 9.659 9.659 9.658 9.658 9.657 9.657 9.656 9.656 9.655 9.655 9.654 9.654 9.653 9.653 9.652
0.000 0.085 0.722 0.712 0.000 0.913 1.164 1.264 1.004 1.223 1.012 1.151 1.239 0.768 0.956 0.724 0.963 0.329 2.026 3.505 3.784 4.024 4.613 9.673 9.673 9.673 9.673 9.672 9.672 9.672 9.672 9.672 9.671 9.671 9.671 9.670 9.670 9.670 9.670 9.669 9.669 9.669 9.668 9.668 9.668 9.667 9.667 9.666 9.666 9.666 9.665 9.665 9.664 9.664 9.663 9.663 9.662 9.662 9.661 9.661 9.660 9.660 9.659 9.659 9.658 9.658 9.657 9.657 9.656 9.656 9.655 9.655 9.654 9.654 9.653 9.653 9.652
0.000 0.000 1.054 0.561 0.679 1.193 1.184 1.044 1.303 1.393 0.992 0.980 0.998 0.776 0.864 0.912 0.560 1.756 3.105 3.735 4.114 4.324 9.673 9.673 9.673 9.673 9.673 9.672 9.672 9.672 9.672 9.672 9.671 9.671 9.671 9.670 9.670 9.670 9.670 9.669 9.669 9.669 9.668 9.668 9.668 9.667 9.667 9.667 9.666 9.666 9.665 9.665 9.664 9.664 9.663 9.663 9.662 9.662 9.661 9.661 9.660 9.660 9.659 9.659 9.658 9.658 9.657 9.657 9.656 9.656 9.655 9.655 9.654 9.654 9.653 9.653 9.652
0.000 0.000 0.934 0.000 0.000 1.054 1.114 1.134 1.283 1.143 1.052 0.699 0.837 0.844 0.872 0.680 1.327 3.056 3.605 4.184 9.674 9.674 9.673 9.673 9.673 9.673 9.673 9.672 9.672 9.672 9.672 9.672 9.671 9.671 9.671 9.670 9.670 9.670 9.670 9.669 9.669 9.669 9.668 9.668 9.668 9.667 9.667 9.667 9.666 9.666 9.665 9.665 9.664 9.664 9.663 9.663 9.663 9.662 9.662 9.661 9.661 9.660 9.660 9.659 9.659 9.658 9.657 9.657 9.656 9.656 9.655 9.655 9.654 9.654 9.653 9.653 9.652
0.000 0.347 1.115 0.158 0.000 0.924 1.104 1.274 1.173 1.273 1.272 0.819 0.686 0.862 0.780 1.497 2.396 3.485 4.075 9.674 9.674 9.674 9.673 9.673 9.673 9.673 9.673 9.672 9.672 9.672 9.672 9.671 9.671 9.671 9.671 9.670 9.670 9.670 9.670 9.669 9.669 9.669 9.668 9.668 9.668 9.667 9.667 9.667 9.666 9.666 9.665 9.665 9.664 9.664 9.664 9.663 9.663 9.662 9.662 9.661 9.661 9.660 9.660 9.659 9.659 9.658 9.658 9.657 9.657 9.656 9.656 9.655 9.655 9.654 9.653 9.653 9.652
0.000 1.259 1.214 0.065 0.000 0.000 0.924 1.164 1.284 1.013 1.223 0.000 0.202 0.649 0.618 1.836 2.645 3.675 9.674 9.674 9.674 9.674 9.673 9.673 9.673 9.673 9.673 9.672 9.672 9.672 9.672 9.671 9.671 9.671 9.671 9.670 9.670 9.670 9.670 9.669 9.669 9.669 9.668 9.668 9.668 9.667 9.667 9.667 9.666 9.666 9.665 9.665 9.665 9.664 9.664 9.663 9.663 9.662 9.662 9.661 9.661 9.660 9.660 9.659 9.659 9.658 9.658 9.657 9.657 9.656 9.656 9.655 9.655 9.654 9.654 9.653 9.652
0.000 1.089 0.909 0.563 0.123 0.000 0.000 0.594 1.034 1.074 1.093 0.000 0.000 0.567 2.016 3.455 3.865 3.594 9.674 9.674 9.674 9.674 9.673 9.673 9.673 9.673 9.673 9.672 9.672 9.672 9.672 9.671 9.671 9.671 9.671 9.670 9.670 9.670 9.670 9.669 9.669 9.669 9.668 9.668 9.668 9.667 9.667 9.667 9.666 9.666 9.665 9.665 9.665 9.664 9.664 9.663 9.663 9.662 9.662 9.661 9.661 9.660 9.660 9.659 9.659 9.658 9.658 9.657 9.657 9.656 9.656 9.655 9.655 9.654 9.654 9.653 9.653
0.000 0.939 1.128 0.988 0.000 0.000 0.000 0.000 0.324 0.764 0.000 0.000 0.685 2.025 3.455 3.945 4.435 9.674 9.674 9.674 9.674 9.673 9.673 9.673 9.673 9.673 9.673 9.672 9.672 9.672 9.672 9.671 9.671 9.671 9.671 9.670 9.670 9.670 9.670 9.669 9.669 9.669 9.668 9.668 9.668 9.667 9.667 9.667 9.666 9.666 9.665 9.665 9.665 9.664 9.664 9.663 9.663 9.662 9.662 9.661 9.661 9.660 9.660 9.659 9.659 9.658 9.658 9.657 9.657 9.656 9.656 9.655 9.655 9.654 9.654 9.653 9.653
0.442 0.589 0.837 0.792 0.842 0.000 0.000 0.000 0.000 0.000 0.000 0.525 2.065 3.345 3.825 4.374 9.674 9.674 9.674 9.674 9.674 9.673 9.673 9.673 9.673 9.673 9.673 9.672 9.672 9.672 9.672 9.671 9.671 9.671 9.671 9.670 9.670 9.670 9.670 9.669 9.669 9.669 9.668 9.668 9.668 9.667 9.667 9.667 9.666 9.666 9.665 9.665 9.665 9.664 9.664 9.663 9.663 9.662 9.662 9.661 9.661 9.661 9.660 9.659 9.659 9.658 9.658 9.657 9.657 9.656 9.656 9.655 9.655 9.654 9.654 9.653 9.653
0.510 0.236 0.390 0.036 0.000 0.000 0.000 0.000 0.000 0.000 0.495 1.845 3.245 3.825 4.664 9.674 9.674 9.674 9.674 9.674 9.674 9.673 9.673 9.673 9.673 9.673 9.673 9.672 9.672 9.672 9.672 9.671 9.671 9.671 9.671 9.671 9.670 9.670 9.670 9.669 9.669 9.669 9.668 9.668 9.668 9.667 9.667 9.667 9.666 9.666 9.666 9.665 9.665 9.664 9.664 9.663 9.663 9.663 9.662 9.662 9.661 9.661 9.660 9.660 9.659 9.659 9.658 9.658 9.657 9.656 9.656 9.655 9.655 9.654 9.654 9.653 9.653
0.495 0.344 0.481 0.000 0.000 0.000 0.000 0.000 0.000 0.000 1.905 3.205 3.815 4.665 9.674 9.674 9.674 9.674 9.674 9.674 9.674 9.673 9.673 9.673 9.673 9.673 9.673 9.672 9.672 9.672 9.672 9.671 9.671 9.671 9.671 9.671 9.670 9.670 9.670 9.669 9.669 9.669 9.669 9.668 9.668 9.668 9.667 9.667 9.666 9.666 9.666 9.665 9.665 9.664 9.664 9.664 9.663 9.663 9.662 9.662 9.661 9.661 9.660 9.660 9.659 9.659 9.658 9.658 9.657 9.657 9.656 9.656 9.655 9.654 9.654 9.653 9.653
0.792 0.206 0.728 0.000 0.000 0.000 0.000 0.000 0.000 1.555 3.135 3.925 4.205 9.675 9.674 9.674 9.674 9.674 9.674 9.674 9.674 9.673 9.673 9.673 9.673 9.673 9.673 9.672 9.672 9.672 9.672 9.672 9.671 9.671 9.671 9.671 9.670 9.670 9.670 9.669 9.669 9.669 9.669 9.668 9.668 9.668 9.667 9.667 9.666 9.666 9.666 9.665 9.665 9.664 9.664 9.664 9.663 9.663 9.662 9.662 9.661 9.661 9.660 9.660 9.659 9.659 9.658 9.658 9.657 9.657 9.656 9.656 9.655 9.655 9.654 9.654 9.653
0.309 0.000 0.000 0.000 0.000 0.000 0.000 0.000 0.158 2.676 3.765 4.265 9.675 9.675 9.674 9.674 9.674 9.674 9.674 9.674 9.674 9.673 9.673 9.673 9.673 9.673 9.673 9.672 9.672 9.672 9.672 9.672 9.671 9.671 9.671 9.671 9.670 9.670 9.670 9.669 9.669 9.669 9.669 9.668 9.668 9.668 9.667 9.667 9.666 9.666 9.666 9.665 9.665 9.664 9.664 9.664 9.663 9.663 9.662 9.662 9.661 9.661 9.661 9.660 9.660 9.659 9.659 9.658 9.657 9.657 9.656 9.656 9.655 9.655 9.654 9.654 9.653
0.541 0.430 0.039 0.852 1.102 0.422 0.000 0.000 2.026 3.276 4.315 9.675 9.675 9.675 9.675 9.674 9.674 9.674 9.674 9.674 9.674 9.673 9.673 9.673 9.673 9.673 9.673 9.672 9.672 9.672 9.672 9.672 9.671 9.671 9.671 9.671 9.670 9.670 9.670 9.670 9.669 9.669 9.669 9.668 9.668 9.668 9.667 9.667 9.667 9.666 9.666 9.665 9.665 9.665 9.664 9.664 9.663 9.663 9.662 9.662 9.662 9.661 9.661 9.660 9.660 9.659 9.659 9.658 9.658 9.657 9.657 9.656 9.655 9.655 9.654 9.654 9.653
0.148 0.000 1.092 0.572 0.000 0.000 0.000 0.437 2.806 3.966 9.675 9.675 9.675 9.675 9.675 9.674 9.674 9.674 9.674 9.674 9.674 9.673 9.673 9.673 9.673 9.673 9.673 9.672 9.672 9.672 9.672 9.672 9.671 9.671 9.671 9.671 9.670 9.670 9.670 9.670 9.669 9.669 9.669 9.668 9.668 9.668 9.667 9.667 9.667 9.666 9.666 9.665 9.665 9.665 9.664 9.664 9.663 9.663 9.663 9.662 9.662 9.661 9.661 9.660 9.660 9.659 9.659 9.658 9.658 9.657 9.657 9.656 9.656 9.655 9.655 9.654 9.653
0.702 1.152 0.622 0.162 0.000 0.000 0.000 1.797 3.416 4.516 9.675 9.675 9.675 9.675 9.675 9.675 9.674 9.674 9.674 9.674 9.674 9.673 9.673 9.673 9.673 9.673 9.673 9.672 9.672 9.672 9.672 9.672 9.671 9.671 9.671 9.671 9.670 9.670 9.670 9.670 9.669 9.669 9.669 9.668 9.668 9.668 9.667 9.667 9.667 9.666 9.666 9.666 9.665 9.665 9.664 9.664 9.663 9.663 9.663 9.662 9.662 9.661 9.661 9.660 9.660 9.659 9.659 9.658 9.658 9.657 9.657 9.656 9.656 9.655 9.655 9.654 9.653
0.422 0.382 0.062 0.262 0.242 0.000 0.000 2.816 4.036 9.676 9.676 9.675 9.675 9.675 9.675 9.675 9.674 9.674 9.674 9.674 9.674 9.673 9.673 9.673 9.673 9.673 9.673 9.672 9.672 9.672 9.672 9.672 9.671 9.671 9.671 9.671 9.670 9.670 9.670 9.670 9.669 9.669 9.669 9.668 9.668 9.668 9.667 9.667 9.667 9.666 9.666 9.666 9.665 9.665 9.664 9.664 9.664 9.663 9.663 9.662 9.662 9.661 9.661 9.661 9.660 9.660 9.659 9.659 9.658 9.657 9.657 9.656 9.656 9.655 9.655 9.654 9.654
0.000 0.000 0.000 0.582 0.000 0.000 0.000 3.447 4.416 9.676 9.676 9.676 9.675 9.675 9.675 9.675 9.674 9.674 9.674 9.674 9.674 9.673 9.673 9.673 9.673 9.673 9.673 9.672 9.672 9.672 9.672 9.672 9.671 9.671 9.671 9.671 9.670 9.670 9.670 9.670 9.669 9.669 9.669 9.668 9.668 9.668 9.667 9.667 9.667 9.666 9.666 9.666 9.665 9.665 9.664 9.664 9.664 9.663 9.663 9.662 9.662 9.661 9.661 9.661 9.660 9.660 9.659 9.659 9.658 9.658 9.657 9.656 9.656 9.655 9.655 9.654 9.654
0.000 0.000 0.000 0.000 0.301 0.027 2.317 3.717 9.676 9.676 9.676 9.676 9.676 9.675 9.675 9.675 9.675 9.674 9.674 9.674 9.674 9.673 9.673 9.673 9.673 9.673 9.673 9.673 9.672 9.672 9.672 9.672 9.672 9.671 9.671 9.671 9.671 9.670 9.670 9.670 9.669 9.669 9.669 9.668 9.668 9.668 9.667 9.667 9.667 9.666 9.666 9.666 9.665 9.665 9.665 9.664 9.664 9.663 9.663 9.662 9.662 9.662 9.661 9.661 9.660 9.660 9.659 9.659 9.658 9.658 9.657 9.656 9.656 9.655 9.655 9.654 9.654
0.000 0.000 0.000 0.000 0.000 2.191 2.817 4.137 9.677 9.676 9.676 9.676 9.676 9.675 9.675 9.675 9.675 9.674 9.674 9.674 9.674 9.673 9.673 9.673 9.673 9.673 9.673 9.673 9.672 9.672 9.672 9.672 9.672 9.671 9.671 9.671 9.671 9.670 9.670 9.670 9.669 9.669 9.669 9.669 9.668 9.668 9.668 9.667 9.667 9.666 9.666 9.666 9.665 9.665 9.665 9.664 9.664 9.663 9.663 9.663 9.662 9.662 9.661 9.661 9.660 9.660 9.659 9.659 9.658 9.658 9.657 9.657 9.656 9.656 9.655 9.654 9.654
0.000 0.000 0.000 0.000 0.000 0.000 3.017 4.507 9.677 9.677 9.676 9.676 9.676 9.676 9.675 9.675 9.675 9.674 9.674 9.674 9.674 9.674 9.673 9.673 9.673 9.673 9.673 9.673 9.672 9.672 9.672 9.672 9.672 9.671 9.671 9.671 9.671 9.670 9.670 9.670 9.670 9.669 9.669 9.669 9.668 9.668 9.668 9.667 9.667 9.667 9.666 9.666 9.665 9.665 9.665 9.664 9.664 9.663 9.663 9.663 9.662 9.662 9.661 9.661 9.660 9.660 9.659 9.659 9.658 9.658 9.657 9.657 9.656 9.656 9.655 9.654 9.654
0.000 0.000 0.000 0.000 0.000 2.458 3.778 9.678 9.677 9.677 9.677 9.676 9.676 9.676 9.675 9.675 9.675 9.675 9.674 9.674 9.674 9.674 9.673 9.673 9.673 9.673 9.673 9.673 9.672 9.672 9.672 9.672 9.672 9.671 9.671 9.671 9.671 9.670 9.670 9.670 9.670 9.669 9.669 9.669 9.668 9.668 9.668 9.667 9.667 9.667 9.666 9.666 9.665 9.665 9.665 9.664 9.664 9.664 9.663 9.663 9.662 9.662 9.661 9.661 9.660 9.660 9.660 9.659 9.658 9.658 9.657 9.657 9.656 9.656 9.655 9.655 9.654
0.603 1.332 1.681 2.110 3.010 3.789 9.678 9.678 9.678 9.677 9.677 9.677 9.676 9.676 9.676 9.675 9.675 9.675 9.674 9.674 9.674 9.674 9.674 9.673 9.673 9.673 9.673 9.673 9.672 9.672 9.672 9.672 9.672 9.671 9.671 9.671 9.671 9.670 9.670 9.670 9.670 9.669 9.669 9.669 9.668 9.668 9.668 9.667 9.667 9.667 9.666 9.666 9.666 9.665 9.665 9.664 9.664 9.664 9.663 9.663 9.662 9.662 9.661 9.661 9.661 9.660 9.660 9.659 9.658 9.658 9.658 9.657 9.656 9.656 9.655 9.655 9.654
1.683 2.112 2.621 3.501 3.860 4.589 9.679 9.678 9.678 9.677 9.677 9.677 9.676 9.676 9.676 9.675 9.675 9.675 9.674 9.674 9.674 9.674 9.674 9.673 9.673 9.673 9.673 9.673 9.673 9.672 9.672 9.672 9.672 9.671 9.671 9.671 9.671 9.670 9.670 9.670 9.670 9.669 9.669 9.669 9.668 9.668 9.668 9.667 9.667 9.667 9.666 9.666 9.666 9.665 9.665 9.664 9.664 9.664 9.663 9.663 9.662 9.662 9.662 9.661 9.661 9.660 9.660 9.659 9.659 9.658 9.658 9.657 9.656 9.656 9.655 9.655 9.654
2.683 3.552 3.741 3.981 4.410 9.679 9.679 9.679 9.678 9.678 9.677 9.677 9.677 9.676 9.676 9.676 9.675 9.675 9.675 9.674 9.674 9.674 9.674 9.673 9.673 9.673 9.673 9.673 9.673 9.672 9.672 9.672 9.672 9.671 9.671 9.671 9.671 9.670 9.670 9.670 9.670 9.669 9.669 9.669 9.668 9.668 9.668 9.667 9.667 9.667 9.666 9.666 9.666 9.665 9.665 9.665 9.664 9.664 9.663 9.663 9.663 9.662 9.662 9.661 9.661 9.660 9.660 9.659 9.659 9.658 9.658 9.657 9.657 9.656 9.656 9.655 9.654
3.563 3.982 4.051 4.301 9.680 9.680 9.679 9.679 9.678 9.678 9.678 9.677 9.677 9.676 9.676 9.676 9.675 9.675 9.675 9.674 9.674 9.674 9.674 9.674 9.673 9.673 9.673 9.673 9.673 9.672 9.672 9.672 9.672 9.672 9.671 9.671 9.671 9.670 9.670 9.670 9.670 9.669 9.669 9.669 9.668 9.668 9.668 9.667 9.667 9.667 9.666 9.666 9.666 9.665 9.665 9.665 9.664 9.664 9.664 9.663 9.663 9.662 9.662 9.661 9.661 9.660 9.660 9.659 9.659 9.658 9.658 9.657 9.657 9.656 9.656 9.655 9.655
