includes/lisflood-fp-604/results/res.maxtm
ncols         631
nrows         906
xllcorner     364927.146667
yllcorner     6531972.565556
cellsize      20.000000
NODATA_value  -9999.000000
[rows 203 to 231 of 906, columns 201 to 267 of 631]
7.961 7.954 -9999.000 -9999.000 -9999.000 -9999.000 -9999.000 -9999.000 -9999.000 -9999.000 9.556 9.556 9.556 9.555 9.558 9.564 9.566 9.569 9.571 9.577 9.584 9.586 9.589 9.591 -9999.000 9.605 9.609 9.613 9.618 9.621 7.148 6.475 6.471 6.451 6.434 6.426 -9999.000 -9999.000 6.028 5.961 5.953 5.944 5.941 5.928 5.856 5.808 5.799 5.784 5.776 5.761 5.751 5.737 5.718 5.714 5.711 5.706 5.704 5.704 5.703 5.702 5.700 -9999.000 -9999.000 -9999.000 -9999.000 -9999.000 -9999.000
7.964 8.061 -9999.000 -9999.000 -9999.000 -9999.000 -9999.000 -9999.000 -9999.000 9.570 9.569 -9999.000 9.558 9.558 9.558 -9999.000 9.568 9.569 9.573 9.578 9.582 9.586 9.588 9.591 9.596 9.603 9.615 9.627 9.630 9.631 -9999.000 -9999.000 -9999.000 6.461 6.435 6.272 6.090 6.029 6.024 5.967 5.951 5.939 5.935 5.930 5.855 5.800 5.797 5.784 5.766 5.753 5.750 5.733 5.718 5.714 5.711 5.705 5.702 5.701 5.691 5.689 5.692 -9999.000 -9999.000 -9999.000 -9999.000 -9999.000 -9999.000
-9999.000 -9999.000 -9999.000 -9999.000 -9999.000 9.565 -9999.000 -9999.000 9.568 9.569 9.571 9.571 9.566 9.561 -9999.000 9.569 9.569 9.570 9.573 9.577 9.579 9.582 9.585 9.589 9.596 9.603 9.912 9.914 9.915 -9999.000 -9999.000 -9999.000 6.460 6.460 -9999.000 -9999.000 -9999.000 -9999.000 -9999.000 5.962 5.950 5.939 5.933 5.929 -9999.000 5.800 5.797 5.777 5.758 5.753 5.748 5.730 5.718 5.714 5.702 5.693 5.689 5.675 5.656 5.647 4.958 -9999.000 5.570 -9999.000 -9999.000 -9999.000 -9999.000
10.373 10.373 10.372 -9999.000 9.565 9.565 9.566 9.566 9.567 9.568 9.569 9.570 9.570 -9999.000 9.569 9.570 9.570 9.571 9.573 9.576 9.578 9.580 9.581 -9999.000 9.596 -9999.000 10.002 10.007 10.007 10.007 -9999.000 -9999.000 -9999.000 -9999.000 -9999.000 -9999.000 -9999.000 -9999.000 -9999.000 -9999.000 -9999.000 5.938 5.922 5.921 5.905 5.813 5.792 5.760 5.750 5.745 5.728 5.707 5.704 5.695 5.682 5.680 5.672 5.645 4.963 4.950 4.944 4.951 4.997 -9999.000 -9999.000 -9999.000 -9999.000
10.372 10.349 -9999.000 9.566 9.564 9.565 9.565 9.566 9.567 9.568 9.568 9.568 9.570 9.569 9.569 9.570 9.570 9.570 9.571 -9999.000 9.576 9.578 9.579 9.579 -9999.000 -9999.000 10.004 10.007 10.008 -9999.000 -9999.000 -9999.000 10.337 -9999.000 -9999.000 -9999.000 -9999.000 -9999.000 -9999.000 -9999.000 -9999.000 -9999.000 -9999.000 -9999.000 -9999.000 -9999.000 5.758 5.731 5.721 5.721 5.696 5.679 5.677 5.676 5.676 5.675 5.550 4.946 4.939 4.936 4.936 4.937 4.938 -9999.000 -9999.000 -9999.000 -9999.000
10.172 9.616 9.577 9.566 9.564 9.564 9.564 9.565 9.566 9.567 9.567 9.568 9.568 9.568 9.569 9.569 9.569 9.570 9.571 9.573 9.575 9.576 9.578 9.578 -9999.000 -9999.000 -9999.000 10.043 10.008 10.018 10.032 -9999.000 10.333 -9999.000 -9999.000 -9999.000 -9999.000 -9999.000 -9999.000 -9999.000 -9999.000 -9999.000 -9999.000 -9999.000 -9999.000 6.815 5.801 5.718 5.715 5.698 5.675 5.675 5.675 5.673 5.669 5.622 4.941 4.934 4.929 4.928 4.927 4.924 4.928 4.935 5.079 5.020 -9999.000
9.592 9.592 9.574 9.567 9.564 9.563 9.563 9.564 9.564 9.566 9.567 9.567 9.567 9.567 -9999.000 9.568 9.569 9.570 9.570 9.571 9.573 9.575 9.576 -9999.000 -9999.000 -9999.000 10.083 10.084 -9999.000 -9999.000 10.032 10.034 10.273 -9999.000 -9999.000 -9999.000 -9999.000 -9999.000 -9999.000 -9999.000 -9999.000 -9999.000 -9999.000 -9999.000 -9999.000 -9999.000 5.806 5.713 5.693 5.674 5.674 5.672 5.671 5.669 5.658 5.529 4.939 4.924 4.917 4.915 4.910 4.907 4.910 4.921 4.926 4.931 -9999.000
9.844 9.597 9.571 9.564 9.562 9.562 9.561 9.561 9.561 -9999.000 9.566 9.567 9.567 9.567 9.567 9.567 9.568 9.569 9.570 9.570 9.571 -9999.000 -9999.000 -9999.000 -9999.000 -9999.000 10.088 -9999.000 -9999.000 -9999.000 -9999.000 10.035 -9999.000 -9999.000 -9999.000 -9999.000 -9999.000 -9999.000 -9999.000 -9999.000 -9999.000 -9999.000 -9999.000 -9999.000 -9999.000 -9999.000 7.621 -9999.000 5.680 5.672 5.669 5.668 5.667 5.662 5.653 5.521 4.926 4.914 4.907 4.902 4.896 4.892 4.890 4.881 4.876 4.897 4.979
-9999.000 -9999.000 -9999.000 9.561 9.560 9.560 9.559 9.559 9.559 9.558 -9999.000 9.566 9.566 9.566 9.566 9.567 9.567 9.568 9.569 9.569 9.569 -9999.000 -9999.000 -9999.000 -9999.000 -9999.000 10.093 -9999.000 10.114 10.113 -9999.000 -9999.000 -9999.000 -9999.000 -9999.000 -9999.000 -9999.000 -9999.000 -9999.000 -9999.000 -9999.000 -9999.000 -9999.000 -9999.000 -9999.000 -9999.000 -9999.000 -9999.000 5.668 5.664 5.663 5.662 5.661 5.656 5.651 4.928 4.915 4.905 4.898 4.892 4.885 4.884 4.872 4.858 4.850 4.849 -9999.000
-9999.000 -9999.000 -9999.000 9.560 9.559 9.558 9.557 9.557 9.557 9.556 9.557 -9999.000 9.563 9.564 9.565 9.566 9.567 9.567 9.568 9.569 9.569 -9999.000 -9999.000 -9999.000 -9999.000 -9999.000 10.093 10.107 10.114 10.113 10.114 10.113 -9999.000 -9999.000 -9999.000 -9999.000 -9999.000 -9999.000 -9999.000 -9999.000 -9999.000 -9999.000 -9999.000 -9999.000 -9999.000 -9999.000 -9999.000 -9999.000 5.660 5.660 5.659 5.657 5.655 5.649 5.644 4.930 4.911 4.898 4.893 4.883 4.877 4.867 4.857 4.844 4.836 4.828 4.823
-9999.000 -9999.000 -9999.000 -9999.000 9.557 9.556 9.556 9.556 9.556 9.556 9.557 9.558 9.559 9.561 9.563 9.565 9.566 9.567 9.568 9.568 9.569 -9999.000 -9999.000 -9999.000 -9999.000 -9999.000 10.105 10.108 10.113 10.113 10.113 -9999.000 -9999.000 -9999.000 -9999.000 -9999.000 -9999.000 -9999.000 -9999.000 -9999.000 -9999.000 -9999.000 -9999.000 -9999.000 -9999.000 -9999.000 -9999.000 -9999.000 5.660 5.658 5.657 5.654 5.649 5.642 5.626 4.940 4.916 4.897 4.886 4.875 4.867 4.857 4.847 4.838 4.831 4.823 4.814
-9999.000 -9999.000 -9999.000 9.650 9.556 9.554 9.554 9.554 9.554 9.554 9.556 9.558 9.560 9.559 9.562 9.564 9.566 9.567 9.567 9.568 9.569 -9999.000 -9999.000 -9999.000 -9999.000 -9999.000 10.109 10.112 10.113 10.113 10.113 -9999.000 -9999.000 -9999.000 -9999.000 -9999.000 -9999.000 -9999.000 -9999.000 -9999.000 -9999.000 -9999.000 -9999.000 -9999.000 -9999.000 -9999.000 -9999.000 -9999.000 5.660 5.658 5.656 5.647 5.568 5.543 5.424 4.953 4.916 4.896 4.880 4.867 4.858 4.849 4.840 4.833 4.827 4.817 4.807
-9999.000 9.551 9.551 9.551 9.552 9.552 9.553 9.552 9.552 9.553 9.554 9.556 9.560 9.559 9.562 9.564 9.567 9.567 9.567 9.568 -9999.000 -9999.000 -9999.000 -9999.000 -9999.000 -9999.000 10.112 10.112 10.113 10.113 -9999.000 -9999.000 -9999.000 -9999.000 -9999.000 -9999.000 -9999.000 -9999.000 -9999.000 -9999.000 -9999.000 -9999.000 -9999.000 -9999.000 -9999.000 -9999.000 -9999.000 -9999.000 -9999.000 -9999.000 -9999.000 -9999.000 5.399 5.356 5.252 5.186 4.910 4.880 4.867 4.858 4.844 4.838 4.834 4.825 4.817 4.808 4.802
9.551 9.551 9.551 9.551 9.550 9.550 9.550 9.550 9.550 9.551 9.552 9.553 9.747 -9999.000 9.562 -9999.000 9.567 9.567 9.568 9.568 -9999.000 -9999.000 -9999.000 -9999.000 -9999.000 -9999.000 10.112 10.112 10.113 10.113 -9999.000 -9999.000 -9999.000 -9999.000 -9999.000 -9999.000 -9999.000 -9999.000 -9999.000 -9999.000 -9999.000 -9999.000 -9999.000 -9999.000 -9999.000 -9999.000 -9999.000 -9999.000 -9999.000 6.417 -9999.000 -9999.000 5.236 5.192 5.182 4.951 4.904 4.871 4.858 4.842 4.831 4.827 4.816 4.809 4.805 4.799 4.783
9.551 9.551 9.550 9.550 9.549 9.548 9.548 9.548 9.547 9.549 9.550 9.552 -9999.000 -9999.000 -9999.000 9.643 9.568 9.569 9.568 9.568 -9999.000 -9999.000 -9999.000 -9999.000 -9999.000 -9999.000 10.112 10.112 10.113 -9999.000 -9999.000 -9999.000 -9999.000 -9999.000 -9999.000 -9999.000 -9999.000 -9999.000 -9999.000 -9999.000 -9999.000 -9999.000 -9999.000 -9999.000 -9999.000 -9999.000 -9999.000 -9999.000 -9999.000 5.243 5.192 -9999.000 -9999.000 5.173 5.157 4.943 4.895 4.868 4.843 4.827 4.817 4.813 4.804 4.797 4.792 4.783 4.772
9.551 9.550 9.550 9.549 9.548 9.547 9.547 9.546 9.546 9.546 9.549 9.551 -9999.000 12.056 12.056 9.773 -9999.000 -9999.000 -9999.000 -9999.000 -9999.000 -9999.000 -9999.000 -9999.000 -9999.000 -9999.000 10.112 10.113 10.113 -9999.000 -9999.000 -9999.000 -9999.000 -9999.000 -9999.000 -9999.000 -9999.000 -9999.000 -9999.000 -9999.000 -9999.000 -9999.000 -9999.000 -9999.000 -9999.000 -9999.000 -9999.000 -9999.000 -9999.000 -9999.000 5.161 5.186 5.168 5.153 5.151 5.042 4.878 4.850 4.833 4.819 4.808 4.803 4.795 4.790 4.783 4.774 4.769
9.551 9.550 9.549 9.548 9.547 9.546 9.545 9.544 9.544 9.543 -9999.000 -9999.000 -9999.000 -9999.000 -9999.000 -9999.000 -9999.000 -9999.000 -9999.000 -9999.000 -9999.000 -9999.000 -9999.000 -9999.000 -9999.000 -9999.000 -9999.000 10.114 10.114 -9999.000 -9999.000 -9999.000 -9999.000 -9999.000 -9999.000 -9999.000 -9999.000 -9999.000 -9999.000 -9999.000 -9999.000 -9999.000 -9999.000 -9999.000 -9999.000 -9999.000 -9999.000 -9999.000 -9999.000 -9999.000 5.157 5.157 5.155 5.147 5.146 5.081 4.875 4.843 4.827 4.816 4.806 4.798 4.790 4.785 4.778 4.770 4.765
9.551 9.550 9.548 9.547 9.546 9.545 9.544 9.542 9.542 9.540 9.538 9.537 9.651 -9999.000 -9999.000 -9999.000 -9999.000 -9999.000 -9999.000 -9999.000 -9999.000 -9999.000 -9999.000 -9999.000 -9999.000 -9999.000 -9999.000 10.115 10.161 -9999.000 -9999.000 -9999.000 -9999.000 -9999.000 -9999.000 -9999.000 -9999.000 -9999.000 -9999.000 -9999.000 -9999.000 -9999.000 -9999.000 -9999.000 -9999.000 -9999.000 -9999.000 -9999.000 -9999.000 5.159 5.156 5.152 5.148 5.143 5.140 5.098 4.875 4.852 4.828 4.815 4.804 4.796 4.790 4.782 4.774 4.766 4.760
9.551 9.549 9.548 9.547 9.545 9.544 9.542 9.540 9.540 9.538 9.536 9.535 -9999.000 -9999.000 -9999.000 -9999.000 -9999.000 -9999.000 -9999.000 -9999.000 -9999.000 -9999.000 -9999.000 -9999.000 -9999.000 -9999.000 -9999.000 -9999.000 12.056 12.056 12.056 -9999.000 -9999.000 -9999.000 -9999.000 -9999.000 -9999.000 -9999.000 -9999.000 -9999.000 -9999.000 -9999.000 -9999.000 -9999.000 -9999.000 -9999.000 -9999.000 5.221 5.177 5.157 5.151 5.149 5.146 5.142 5.138 5.077 4.875 4.854 4.830 4.815 4.803 4.796 4.788 4.779 4.771 4.764 4.758
9.551 9.549 9.548 9.546 9.544 9.542 9.540 9.539 9.537 9.535 9.533 9.531 -9999.000 -9999.000 -9999.000 -9999.000 -9999.000 -9999.000 -9999.000 -9999.000 -9999.000 -9999.000 -9999.000 -9999.000 -9999.000 -9999.000 -9999.000 -9999.000 -9999.000 -9999.000 -9999.000 -9999.000 -9999.000 -9999.000 -9999.000 -9999.000 -9999.000 -9999.000 -9999.000 -9999.000 -9999.000 -9999.000 -9999.000 -9999.000 -9999.000 -9999.000 -9999.000 -9999.000 -9999.000 -9999.000 5.267 5.147 5.146 5.140 5.125 5.031 4.886 4.862 4.838 4.818 4.804 4.795 4.785 4.775 4.768 4.762 4.756
9.551 9.549 9.547 9.545 9.543 9.541 9.539 9.537 9.535 9.532 9.530 9.528 -9999.000 -9999.000 -9999.000 -9999.000 -9999.000 -9999.000 -9999.000 -9999.000 -9999.000 -9999.000 -9999.000 -9999.000 -9999.000 -9999.000 -9999.000 -9999.000 -9999.000 -9999.000 -9999.000 -9999.000 -9999.000 -9999.000 -9999.000 -9999.000 -9999.000 -9999.000 -9999.000 -9999.000 -9999.000 -9999.000 -9999.000 -9999.000 -9999.000 -9999.000 -9999.000 -9999.000 -9999.000 -9999.000 -9999.000 5.146 5.146 5.135 5.114 5.008 4.884 4.862 4.843 4.824 4.807 4.794 4.783 4.772 4.767 4.761 4.756
9.551 9.549 9.547 9.545 9.542 9.540 9.538 9.535 9.532 9.529 9.526 9.523 9.519 -9999.000 -9999.000 -9999.000 -9999.000 -9999.000 -9999.000 -9999.000 -9999.000 -9999.000 -9999.000 -9999.000 -9999.000 -9999.000 -9999.000 -9999.000 -9999.000 -9999.000 -9999.000 -9999.000 -9999.000 -9999.000 -9999.000 -9999.000 -9999.000 -9999.000 -9999.000 -9999.000 -9999.000 -9999.000 -9999.000 -9999.000 -9999.000 -9999.000 -9999.000 -9999.000 -9999.000 -9999.000 5.159 5.149 5.145 5.134 5.106 5.045 4.885 4.864 4.843 4.825 4.810 4.795 4.782 4.773 4.766 4.761 4.757
9.551 9.549 9.548 9.545 9.542 9.540 9.537 9.534 9.530 9.526 9.523 9.521 9.517 9.516 -9999.000 -9999.000 -9999.000 -9999.000 -9999.000 -9999.000 -9999.000 -9999.000 -9999.000 -9999.000 -9999.000 -9999.000 -9999.000 -9999.000 -9999.000 -9999.000 -9999.000 -9999.000 -9999.000 -9999.000 -9999.000 -9999.000 -9999.000 -9999.000 -9999.000 -9999.000 -9999.000 -9999.000 -9999.000 -9999.000 -9999.000 -9999.000 -9999.000 -9999.000 -9999.000 6.279 5.220 -9999.000 5.144 5.136 5.101 5.077 4.915 4.886 4.855 4.831 4.814 4.797 4.783 4.774 4.765 4.761 4.754
-9999.000 -9999.000 -9999.000 -9999.000 -9999.000 -9999.000 -9999.000 9.531 9.528 9.524 9.519 -9999.000 9.518 -9999.000 -9999.000 -9999.000 -9999.000 -9999.000 -9999.000 -9999.000 -9999.000 -9999.000 -9999.000 -9999.000 -9999.000 -9999.000 -9999.000 -9999.000 -9999.000 -9999.000 -9999.000 -9999.000 -9999.000 -9999.000 -9999.000 -9999.000 -9999.000 -9999.000 -9999.000 -9999.000 -9999.000 -9999.000 -9999.000 -9999.000 -9999.000 -9999.000 -9999.000 -9999.000 -9999.000 -9999.000 -9999.000 6.365 5.247 5.262 -9999.000 5.069 5.021 4.969 4.888 4.840 4.819 4.800 4.784 4.775 4.765 4.761 4.752
-9999.000 -9999.000 -9999.000 -9999.000 -9999.000 -9999.000 -9999.000 -9999.000 -9999.000 -9999.000 9.515 9.515 9.516 -9999.000 -9999.000 -9999.000 -9999.000 -9999.000 -9999.000 -9999.000 -9999.000 -9999.000 -9999.000 -9999.000 -9999.000 -9999.000 -9999.000 -9999.000 -9999.000 -9999.000 -9999.000 -9999.000 -9999.000 -9999.000 -9999.000 -9999.000 -9999.000 -9999.000 -9999.000 -9999.000 -9999.000 -9999.000 -9999.000 -9999.000 -9999.000 -9999.000 -9999.000 -9999.000 -9999.000 -9999.000 -9999.000 -9999.000 -9999.000 -9999.000 -9999.000 5.051 5.029 5.005 4.947 4.847 4.823 4.805 4.791 4.777 4.766 4.759 4.750
-9999.000 -9999.000 -9999.000 -9999.000 -9999.000 -9999.000 -9999.000 -9999.000 -9999.000 -9999.000 9.515 9.516 -9999.000 -9999.000 -9999.000 -9999.000 -9999.000 -9999.000 -9999.000 -9999.000 -9999.000 -9999.000 -9999.000 -9999.000 -9999.000 -9999.000 -9999.000 -9999.000 -9999.000 -9999.000 -9999.000 -9999.000 -9999.000 -9999.000 -9999.000 -9999.000 -9999.000 -9999.000 -9999.000 -9999.000 -9999.000 -9999.000 -9999.000 -9999.000 -9999.000 -9999.000 -9999.000 -9999.000 -9999.000 -9999.000 -9999.000 -9999.000 -9999.000 -9999.000 -9999.000 -9999.000 5.025 5.013 4.963 4.900 4.852 4.816 4.795 4.779 4.768 4.756 4.747
-9999.000 -9999.000 -9999.000 -9999.000 -9999.000 -9999.000 -9999.000 -9999.000 -9999.000 -9999.000 -9999.000 9.518 9.519 -9999.000 -9999.000 -9999.000 -9999.000 -9999.000 -9999.000 -9999.000 -9999.000 -9999.000 -9999.000 -9999.000 -9999.000 -9999.000 -9999.000 -9999.000 -9999.000 -9999.000 -9999.000 -9999.000 -9999.000 -9999.000 -9999.000 -9999.000 -9999.000 -9999.000 -9999.000 -9999.000 -9999.000 -9999.000 -9999.000 -9999.000 -9999.000 -9999.000 -9999.000 -9999.000 -9999.000 -9999.000 -9999.000 -9999.000 -9999.000 -9999.000 -9999.000 -9999.000 5.261 5.071 4.966 4.898 4.855 4.834 4.796 4.781 4.773 4.757 4.747
-9999.000 -9999.000 -9999.000 -9999.000 -9999.000 -9999.000 -9999.000 -9999.000 -9999.000 -9999.000 -9999.000 9.709 9.520 -9999.000 -9999.000 -9999.000 -9999.000 -9999.000 -9999.000 -9999.000 -9999.000 -9999.000 -9999.000 -9999.000 -9999.000 -9999.000 -9999.000 -9999.000 -9999.000 -9999.000 -9999.000 -9999.000 -9999.000 -9999.000 -9999.000 -9999.000 -9999.000 -9999.000 -9999.000 -9999.000 -9999.000 -9999.000 -9999.000 -9999.000 -9999.000 -9999.000 -9999.000 -9999.000 -9999.000 -9999.000 -9999.000 -9999.000 -9999.000 -9999.000 -9999.000 12.056 12.056 4.982 4.940 4.904 4.884 4.870 -9999.000 4.808 4.777 -9999.000 4.745
-9999.000 -9999.000 -9999.000 -9999.000 -9999.000 -9999.000 -9999.000 -9999.000 -9999.000 -9999.000 -9999.000 -9999.000 9.519 -9999.000 -9999.000 -9999.000 -9999.000 -9999.000 -9999.000 -9999.000 -9999.000 -9999.000 -9999.000 -9999.000 -9999.000 -9999.000 -9999.000 -9999.000 -9999.000 -9999.000 -9999.000 -9999.000 -9999.000 -9999.000 -9999.000 -9999.000 -9999.000 -9999.000 -9999.000 -9999.000 -9999.000 -9999.000 -9999.000 -9999.000 -9999.000 -9999.000 -9999.000 -9999.000 -9999.000 -9999.000 -9999.000 -9999.000 -9999.000 -9999.000 -9999.000 -9999.000 5.545 5.462 -9999.000 4.973 4.904 4.892 -9999.000 4.812 4.809 -9999.000 4.747
