includes/lisflood-fp-604/results/res.dem
ncols         631
nrows         906
xllcorner     364927.146667
yllcorner     6531972.565556
cellsize      20.000000
NODATA_value  -9999.000000
[rows 264 to 296 of 906, columns 0 to 73 of 631]
3.340 3.370 3.140 3.340 3.290 3.110 3.140 3.220 3.620 3.300 3.660 2.660 2.980 3.120 3.150 3.170 3.080 3.250 3.470 3.510 3.550 3.700 4.000 3.970 3.920 3.900 4.170 3.790 4.060 3.890 4.060 4.100 4.080 3.940 3.570 3.620 3.920 3.870 3.740 3.550 2.590 1.570 1.910 2.160 2.880 3.280 3.260 4.000 3.670 4.020 3.930 4.070 4.120 4.100 4.030 3.590 3.590 3.330 3.170 3.290 3.410 3.470 3.290 3.280 3.190 3.250 3.390 3.710 4.340 4.060 4.480 4.310 4.800 4.840
3.410 3.240 3.280 2.900 2.860 2.820 3.100 3.050 2.980 3.120 2.940 2.680 3.300 2.960 3.210 3.110 2.990 3.020 3.270 3.330 3.520 3.670 3.750 3.880 3.980 4.000 3.710 3.820 3.730 4.020 3.920 4.040 3.930 3.620 3.470 3.350 3.370 3.750 3.560 3.060 2.500 1.460 2.090 2.430 3.060 3.440 3.380 3.760 4.100 4.010 4.200 4.310 4.250 4.490 4.310 4.150 3.730 3.380 3.440 3.510 3.580 3.770 3.590 3.620 3.110 3.460 3.620 3.610 4.300 4.150 4.580 4.750 4.840 4.780
3.470 3.400 3.040 3.110 2.620 2.680 2.740 2.800 2.890 3.040 2.640 2.500 3.170 3.360 3.210 3.020 2.830 2.840 3.170 3.180 3.310 3.300 3.530 3.610 3.840 3.630 3.820 3.730 3.830 3.880 3.910 3.950 3.460 3.300 3.210 3.210 3.010 3.200 3.170 3.120 2.090 1.800 1.860 2.670 3.450 3.430 3.650 3.750 3.990 4.180 4.240 4.260 4.430 4.400 4.580 4.390 3.900 3.710 3.650 3.750 3.580 3.740 3.660 3.860 3.670 3.500 3.310 3.440 3.970 4.540 4.570 4.630 4.850 4.840
3.560 3.320 3.430 2.930 2.530 2.630 2.700 2.400 2.500 2.490 2.350 2.590 2.840 3.130 3.380 3.010 2.890 2.660 2.800 3.080 3.020 3.200 3.330 3.640 3.580 3.420 3.590 3.700 3.620 3.820 3.820 3.800 3.570 3.190 2.770 2.730 2.660 2.730 2.390 1.590 1.750 2.290 2.230 3.310 3.450 3.260 3.630 3.820 3.990 4.140 4.350 4.330 4.440 4.390 4.380 4.710 4.700 4.030 4.060 3.950 3.990 3.820 3.780 3.760 3.620 3.680 3.620 3.540 3.870 4.230 4.810 4.740 5.020 4.680
3.380 3.530 3.500 2.940 2.720 2.450 2.890 2.720 2.920 2.150 2.350 2.250 2.630 2.720 2.830 3.130 2.820 2.550 2.550 2.610 3.070 3.130 3.200 3.240 3.270 3.320 3.400 3.510 3.510 3.690 3.370 3.510 3.600 3.210 2.670 2.360 1.270 2.020 2.000 1.740 2.300 2.750 3.240 3.250 3.270 3.260 3.390 3.830 3.900 4.110 4.320 4.350 4.310 4.440 4.610 4.780 4.660 4.690 4.230 4.160 4.170 4.160 4.180 3.820 3.700 3.750 4.010 3.550 3.870 4.010 4.550 4.850 4.500 4.840
3.620 3.520 3.350 3.370 2.810 2.890 2.870 3.060 2.820 2.900 2.480 2.570 2.560 2.250 2.600 2.630 3.080 2.980 2.330 2.500 2.730 2.990 2.900 3.000 3.240 3.370 3.290 3.340 3.570 3.370 3.520 3.360 3.390 3.100 2.540 2.140 1.990 1.640 2.000 2.570 3.050 3.490 3.260 3.320 3.120 3.330 3.700 3.820 3.990 4.080 4.070 4.210 4.330 4.680 4.690 4.810 4.630 4.820 4.670 4.450 4.340 4.310 4.090 3.790 4.030 3.940 3.950 3.710 3.730 4.010 4.380 4.330 4.480 4.530
3.560 3.710 3.550 3.700 3.120 3.050 3.060 2.880 2.660 2.540 2.420 2.310 2.550 2.490 2.540 2.550 2.210 2.170 2.140 2.810 2.220 2.830 2.440 2.980 3.140 3.330 3.180 3.430 3.240 3.590 3.400 3.210 2.940 2.960 3.040 1.790 2.080 2.770 2.640 3.290 3.220 3.280 3.350 3.640 3.680 3.390 3.690 3.830 3.840 4.050 4.120 4.140 4.360 4.440 4.710 4.860 4.970 4.860 5.080 4.800 4.670 4.480 4.440 4.090 4.110 3.670 3.690 3.730 3.850 3.900 4.250 4.230 4.360 4.440
3.470 3.640 3.500 3.480 3.220 3.190 3.020 3.190 2.930 2.890 2.740 2.520 2.250 2.630 2.510 2.240 2.030 2.240 2.060 2.020 2.260 2.420 2.230 2.690 3.010 3.010 3.310 3.150 3.370 3.260 3.250 3.060 2.840 2.650 1.720 2.120 2.020 2.980 3.030 3.090 3.600 3.560 3.380 3.620 3.370 3.480 3.640 3.840 4.140 3.990 4.120 4.150 4.290 4.420 4.540 4.910 4.870 4.910 5.080 5.110 4.880 4.680 4.380 4.190 3.920 3.720 3.530 3.670 3.730 4.010 3.710 4.110 4.030 4.150
3.500 3.790 3.480 3.310 4.180 4.120 3.350 3.270 2.960 2.990 2.910 2.440 2.330 2.470 2.600 2.470 2.070 2.320 2.220 2.450 2.230 2.190 2.500 2.500 2.740 3.040 2.900 3.100 3.230 3.130 2.900 2.920 2.740 2.510 2.290 2.230 2.780 3.010 2.880 3.350 3.650 3.820 4.110 3.460 3.460 3.890 3.750 4.010 3.800 3.910 4.010 4.180 4.270 4.340 4.460 4.630 4.680 5.000 5.040 5.070 5.140 5.000 4.780 4.730 4.070 3.850 3.620 3.730 3.750 3.670 4.010 3.920 4.080 3.960
3.900 3.820 3.880 4.240 4.570 3.280 3.400 3.410 3.620 3.120 3.020 3.000 2.620 2.430 2.430 2.200 2.270 2.520 2.360 2.360 2.340 2.060 1.730 1.910 3.050 2.530 2.740 2.730 2.730 2.980 2.940 2.850 2.510 2.170 1.800 2.170 2.910 3.050 3.020 3.410 3.810 3.870 3.820 3.530 3.780 4.070 4.350 3.790 3.860 3.930 3.990 4.140 4.200 4.260 4.500 4.510 4.610 4.790 4.950 5.040 5.190 4.820 4.790 4.640 4.410 3.960 3.820 3.710 3.740 3.750 3.980 3.840 4.060 4.210
3.950 3.740 3.860 4.320 3.940 3.400 3.570 3.360 3.320 3.150 3.090 2.980 2.920 2.680 2.500 2.330 2.350 2.940 2.440 2.530 2.200 2.050 1.300 1.530 2.270 2.520 3.210 2.950 2.560 2.630 2.480 2.660 2.150 2.630 2.090 2.390 2.400 3.340 3.280 3.590 3.810 3.600 3.530 3.480 3.920 4.190 4.140 4.170 3.430 3.950 3.970 4.170 4.090 4.240 4.310 4.500 4.550 4.760 4.840 4.790 5.110 4.860 4.630 4.610 4.550 4.240 4.060 3.820 3.740 3.760 3.820 3.770 3.910 3.860
4.080 3.880 3.840 4.200 4.520 3.770 3.720 3.560 3.330 3.520 3.460 3.230 3.020 2.990 2.650 2.640 3.030 2.810 2.860 2.630 2.660 2.190 2.100 1.640 1.390 2.190 2.360 2.770 3.170 2.980 3.190 2.770 2.690 2.460 2.480 1.970 2.360 3.600 3.300 3.680 3.720 3.450 3.370 4.040 4.100 4.170 4.090 4.230 3.940 3.840 3.830 3.960 4.210 4.160 4.310 4.290 4.540 4.720 4.900 4.720 4.830 4.870 4.450 4.520 4.140 4.400 4.190 3.930 3.800 3.850 3.940 3.910 3.910 3.970
4.200 3.930 4.070 3.870 4.250 4.050 3.950 3.740 3.740 3.630 3.360 3.330 3.210 2.930 2.880 2.690 2.930 2.840 2.830 2.730 2.790 2.560 2.280 1.870 1.870 1.430 2.130 2.020 2.520 2.660 2.490 2.420 2.040 2.070 1.490 2.610 2.850 3.090 4.010 3.410 3.270 2.950 3.460 3.970 3.880 4.110 4.050 3.600 3.760 3.640 3.740 4.020 4.010 4.170 4.160 4.350 4.500 4.670 4.680 4.730 4.670 4.600 4.560 4.260 4.130 4.220 4.510 3.980 4.100 3.970 3.960 4.010 3.950 3.920
4.090 4.320 4.060 3.870 4.180 4.540 4.170 4.160 4.010 3.940 3.600 3.470 3.270 3.030 2.970 3.030 2.830 2.880 2.920 2.840 2.840 2.750 2.730 2.820 2.510 1.890 1.690 1.590 1.990 2.110 2.410 1.790 1.580 1.880 1.570 2.430 2.690 3.120 3.050 3.840 3.410 3.290 3.310 3.470 3.850 4.030 3.580 3.690 3.560 3.730 3.720 4.000 3.900 4.050 4.050 4.300 4.290 4.520 4.320 4.590 4.540 4.610 4.550 4.170 4.210 4.340 4.320 4.740 4.130 4.130 4.110 4.110 4.080 4.010
4.370 4.090 3.930 4.050 4.020 4.120 4.320 4.010 4.000 3.740 3.750 3.420 3.430 3.110 3.170 3.200 2.770 2.700 2.860 2.920 2.720 2.830 2.630 2.500 2.120 2.110 1.740 1.660 2.320 2.300 2.360 1.320 1.900 1.710 1.820 2.040 2.750 2.920 2.760 3.070 3.410 3.530 3.530 3.150 3.320 4.650 3.490 3.640 3.620 3.600 3.650 3.700 3.830 3.930 4.080 4.090 4.060 4.040 4.260 4.450 4.580 4.680 4.360 4.340 4.240 4.260 4.660 4.580 4.640 4.400 4.330 4.340 4.320 4.290
4.150 4.220 4.300 4.340 4.560 4.370 4.160 4.000 4.000 3.930 3.710 3.600 3.770 3.390 3.370 2.930 2.730 3.180 3.060 2.890 3.030 2.790 2.500 2.530 2.420 2.060 2.090 1.930 2.250 2.290 2.420 1.770 1.610 1.710 1.890 2.180 2.640 2.520 2.850 3.060 3.200 2.940 4.120 3.690 3.410 3.140 3.380 3.510 3.460 3.520 3.710 3.710 3.800 3.810 3.770 4.090 3.880 3.910 4.180 4.270 4.490 4.490 4.530 4.550 4.320 4.350 4.880 4.700 4.590 4.880 4.640 4.610 4.440 4.350
4.140 4.350 4.360 4.540 4.390 4.220 4.190 4.130 4.090 4.080 3.770 3.630 3.580 3.670 3.290 3.130 3.150 3.170 2.740 2.920 2.990 2.910 2.660 2.610 2.450 2.390 2.070 2.230 1.470 2.040 2.320 2.320 1.850 1.710 2.100 2.100 2.320 2.530 2.650 2.970 2.700 3.850 3.130 3.250 3.460 3.200 3.380 3.450 3.390 3.460 3.550 3.600 3.780 3.640 3.710 3.610 3.690 3.920 4.040 4.130 4.150 4.510 4.640 4.490 4.490 4.540 4.570 4.550 4.710 4.720 4.870 5.230 4.830 4.630
4.370 4.220 4.390 4.240 4.170 4.060 4.220 4.090 4.080 3.810 3.720 3.610 3.430 3.370 3.390 3.320 3.190 2.760 3.090 2.780 2.890 2.730 2.680 2.630 2.330 2.120 2.490 2.200 2.350 2.310 1.530 1.810 1.930 2.070 2.170 2.320 2.260 2.720 2.880 2.460 4.060 3.170 4.120 4.930 3.840 3.250 3.160 3.210 3.190 3.270 3.470 3.530 3.660 3.560 3.580 3.490 3.670 3.760 3.980 4.150 4.210 4.280 4.460 4.490 4.790 4.630 4.460 4.550 4.700 5.030 5.000 5.330 5.120 4.870
4.230 4.390 4.300 4.350 4.280 4.200 4.200 3.980 4.100 3.920 4.080 3.590 3.630 3.340 3.540 3.150 2.790 2.990 2.640 2.800 2.790 2.770 3.000 2.950 2.430 2.190 2.210 1.850 2.430 1.920 2.020 2.330 1.960 4.080 2.420 2.580 3.020 2.970 2.540 2.550 2.670 4.430 4.750 3.450 3.390 3.880 3.330 3.110 3.190 3.200 3.270 3.560 3.390 3.420 3.340 3.370 3.570 3.790 4.000 4.090 4.100 4.210 4.470 4.430 4.580 4.680 4.410 4.560 4.930 4.880 5.230 5.320 5.240 5.230
4.310 4.440 4.390 4.120 4.320 4.250 4.270 3.940 3.890 3.880 3.960 3.630 3.440 3.330 3.260 3.190 2.910 2.700 2.650 2.510 2.510 3.080 2.790 2.620 2.550 2.310 2.190 2.040 1.970 2.160 1.580 2.200 1.650 2.270 2.560 2.600 2.940 2.780 2.100 2.770 2.780 2.810 3.040 3.380 3.440 3.580 3.450 3.680 3.800 3.850 3.790 3.720 3.390 3.180 3.380 3.390 3.530 3.650 3.920 3.950 4.040 4.040 4.560 4.520 4.730 4.420 4.600 4.840 4.740 4.980 5.100 5.260 5.410 5.360
4.130 4.250 4.150 4.110 3.990 3.940 4.230 4.180 3.900 3.990 3.910 3.720 3.580 3.660 3.120 3.220 2.940 2.830 2.350 2.730 2.150 2.540 2.530 2.500 2.410 2.370 2.310 2.080 2.350 1.920 1.970 1.640 2.250 2.470 2.920 2.600 2.710 2.740 2.460 2.220 2.180 3.440 2.890 3.010 3.110 3.960 3.300 3.580 3.270 2.820 3.080 3.130 3.170 3.540 3.280 3.370 3.590 3.700 3.670 3.870 3.930 3.970 4.000 4.260 4.600 4.570 4.720 4.620 5.030 4.900 5.160 5.000 5.310 5.340
4.010 4.210 4.210 3.950 3.920 3.990 4.090 4.020 4.210 3.950 3.920 3.750 3.590 3.260 3.120 3.070 3.050 2.730 2.730 2.660 2.230 2.390 2.500 2.290 2.350 2.390 2.220 2.250 2.450 2.500 2.190 1.410 2.450 2.410 2.620 2.640 2.550 2.250 2.580 2.520 2.050 2.730 2.870 2.810 2.980 2.870 3.270 3.300 2.910 2.820 2.820 2.570 2.560 2.990 3.660 3.500 3.310 3.450 3.640 3.530 3.690 3.880 3.910 3.890 4.130 4.400 4.850 4.950 4.600 4.850 5.120 5.360 5.160 5.340
3.830 4.100 4.190 4.140 4.060 3.970 4.000 4.210 4.160 3.970 3.870 3.510 3.680 3.350 3.130 3.020 3.190 3.140 2.790 2.760 2.710 2.480 2.560 2.490 2.200 2.490 2.340 2.300 2.350 2.660 1.810 2.540 2.790 2.520 2.680 2.530 2.460 2.500 2.600 2.500 2.560 2.450 3.240 3.100 3.460 3.000 3.040 3.050 3.070 2.980 2.910 2.550 2.420 2.960 3.070 3.680 3.260 3.520 3.530 3.640 3.810 3.510 3.650 3.890 3.830 4.070 4.530 4.830 5.050 4.870 5.050 5.350 5.290 5.600
4.410 3.930 4.060 4.060 4.270 3.970 3.950 4.060 3.910 3.690 3.650 3.570 3.620 3.280 3.290 3.230 3.210 3.140 3.070 3.010 2.780 2.730 2.570 2.300 2.680 2.220 2.310 2.300 2.100 2.620 3.760 2.580 2.330 2.580 2.630 2.650 2.630 2.170 2.530 2.530 2.550 2.680 2.900 2.180 1.870 2.410 2.580 2.720 2.560 2.700 2.420 2.420 2.490 2.640 2.960 3.090 3.530 3.270 3.410 3.400 3.430 3.520 3.570 3.610 3.830 4.070 4.480 4.660 4.720 4.820 5.030 5.540 5.790 5.460
4.180 4.150 4.030 4.060 4.270 4.320 4.040 4.080 3.890 3.720 3.590 3.550 3.470 3.440 3.430 3.350 3.210 3.090 2.990 2.800 2.890 2.810 2.380 2.040 1.880 1.980 1.930 2.060 1.980 2.660 2.630 2.050 2.830 2.460 2.550 -0.000 -0.000 -0.000 2.390 2.310 2.560 2.610 2.270 2.040 2.450 2.290 2.120 2.270 1.920 2.530 2.670 2.180 2.300 2.500 2.940 2.970 2.970 3.450 3.370 3.460 3.370 3.510 3.650 3.650 3.790 4.080 4.310 4.450 4.600 5.270 5.400 5.590 5.260 5.200
4.110 4.200 4.260 3.970 4.230 4.030 3.940 3.990 4.060 4.110 3.770 3.840 3.490 3.440 3.440 3.340 3.170 3.060 2.990 2.940 2.820 2.760 2.080 2.110 2.180 2.090 1.850 1.910 1.930 2.660 1.950 1.710 2.860 2.620 2.570 -0.000 -0.000 -0.000 0.620 2.230 2.550 1.830 1.800 2.420 1.920 1.800 1.900 1.800 2.040 2.210 2.190 1.750 2.000 2.350 2.800 2.820 2.970 3.140 3.290 3.070 3.410 3.520 3.580 3.760 3.910 4.210 4.470 4.460 4.650 5.040 5.390 5.370 5.270 5.210
4.190 4.070 4.120 4.880 4.100 3.900 3.770 3.980 3.800 4.010 3.740 3.850 4.080 3.800 3.350 3.170 3.170 3.000 3.010 2.870 2.360 2.560 2.430 2.360 1.930 2.010 1.650 1.870 1.980 2.580 1.860 1.940 3.020 2.940 2.090 2.520 -0.000 -0.000 -0.000 -0.000 2.290 2.140 2.010 1.890 2.140 1.690 1.650 1.430 1.540 1.750 1.990 1.800 1.990 2.280 2.460 2.610 2.370 2.760 3.240 2.780 2.920 3.430 3.710 3.690 3.910 3.990 4.400 4.710 5.160 4.990 5.210 5.090 5.440 5.280
4.080 4.090 3.970 4.260 3.570 3.830 3.750 3.740 3.870 3.990 3.980 3.910 3.790 3.700 3.350 3.390 3.380 3.020 2.900 2.870 2.420 2.270 2.060 2.470 2.450 1.810 2.100 2.180 1.760 2.670 1.610 1.840 2.760 3.000 1.930 2.030 1.960 -0.000 -0.000 -0.000 2.210 2.120 2.100 2.070 2.350 1.520 1.560 1.530 1.670 2.260 2.190 2.000 1.830 1.650 2.210 2.530 2.470 2.780 2.890 2.730 2.990 3.140 3.630 3.820 3.640 4.090 4.280 4.690 4.720 5.090 5.340 5.090 5.090 5.450
4.190 4.560 4.100 3.590 3.810 3.590 3.720 3.890 3.910 4.070 4.010 3.950 3.880 3.550 3.370 3.400 3.190 3.100 3.070 2.940 2.590 2.630 2.330 2.700 2.390 2.280 2.070 1.880 2.010 2.690 1.980 1.820 2.440 2.540 1.710 1.830 3.430 1.980 2.330 2.190 2.040 2.260 2.010 2.050 1.960 2.470 2.020 2.520 2.300 2.860 2.330 2.260 2.400 2.090 1.680 2.210 2.130 2.510 2.410 3.240 2.840 3.260 3.600 3.790 3.900 3.930 4.210 4.920 4.880 4.710 4.940 5.030 5.010 5.200
4.870 4.290 3.920 4.170 3.640 3.480 3.510 3.630 3.950 3.630 3.830 4.030 3.900 3.820 3.470 3.390 3.220 3.200 3.430 3.280 3.140 3.230 2.800 2.940 2.720 2.400 2.220 2.050 2.050 2.330 1.980 1.710 2.570 2.600 1.740 1.770 3.130 2.340 1.590 1.830 1.910 1.830 2.050 2.090 2.230 2.180 2.060 1.930 2.070 1.680 1.670 1.700 2.510 1.880 2.390 2.040 2.870 1.870 2.470 2.770 2.870 2.990 3.270 3.470 3.600 3.930 4.470 4.460 4.650 4.840 4.810 4.910 5.050 4.920
7.070 5.660 4.560 4.200 3.770 3.580 3.670 3.820 3.910 3.850 3.830 3.890 4.090 3.940 3.470 3.390 3.320 3.230 3.170 3.180 3.260 3.110 3.220 3.310 2.820 2.670 2.690 2.410 1.920 2.170 2.000 1.900 1.800 1.750 1.890 2.050 1.780 1.770 1.590 1.830 1.870 1.860 1.790 2.010 2.070 2.420 2.730 2.680 2.940 2.940 2.850 3.050 2.730 2.420 1.770 2.510 2.070 2.350 2.190 2.870 3.190 3.070 3.170 3.390 3.600 3.970 4.430 4.350 4.490 4.730 4.750 4.800 4.930 5.040
7.390 6.290 5.420 4.860 4.100 3.660 3.530 3.550 3.680 3.640 3.790 3.710 3.910 3.720 3.550 3.620 3.280 3.450 3.500 3.300 3.400 3.370 3.390 3.130 3.320 3.060 3.050 2.660 2.180 2.130 1.700 1.560 1.990 1.680 1.880 1.810 1.770 1.760 1.720 2.930 2.790 2.040 2.580 2.330 2.690 2.980 3.090 3.180 3.250 3.120 3.400 3.570 3.320 2.860 2.710 2.430 2.290 2.110 2.050 2.630 2.960 3.000 3.180 3.310 3.330 3.680 3.840 4.170 4.170 4.300 4.340 4.580 4.590 4.570
8.240 6.950 6.750 5.580 4.680 3.950 3.650 3.630 3.730 3.740 3.820 3.700 3.770 4.020 3.940 3.650 3.590 3.470 3.490 3.490 3.350 3.690 3.450 3.540 3.250 3.060 3.160 2.760 2.900 2.070 1.650 2.040 1.710 1.890 2.810 1.880 1.830 1.780 1.750 3.570 2.620 2.640 2.800 3.000 3.170 3.210 3.470 3.560 3.940 3.920 3.950 3.540 3.640 3.230 3.170 2.830 2.800 2.790 2.880 2.030 2.870 2.880 3.030 3.240 3.650 3.660 3.580 3.690 4.030 4.060 4.100 4.090 4.180 4.320
