includes/lisflood-fp-604/results/res.maxtm
ncols         631
nrows         906
xllcorner     364927.146667
yllcorner     6531972.565556
cellsize      20.000000
NODATA_value  -9999.000000
[rows 87 to 115 of 906, columns 335 to 401 of 631]
4.195 4.197 4.198 4.198 4.196 4.195 4.196 4.196 4.193 4.192 4.192 4.193 4.193 4.193 4.193 4.193 4.194 4.190 4.191 4.190 4.190 4.229 4.229 4.227 4.227 4.227 4.227 4.228 4.228 4.228 4.228 4.227 4.224 4.224 4.224 4.224 4.225 4.225 4.225 4.225 4.220 4.220 4.220 4.220 4.219 4.219 4.220 4.220 4.220 4.220 4.221 4.221 4.222 4.220 4.220 4.220 4.220 4.220 4.220 4.220 4.220 4.220 4.212 4.212 4.215 4.214 4.212
4.196 4.197 4.197 4.197 4.199 4.199 4.195 4.195 4.194 4.194 4.194 4.195 4.192 4.194 4.193 4.193 4.194 4.232 4.232 4.232 4.228 4.228 4.228 4.228 4.228 4.226 4.227 4.228 4.228 4.228 4.228 4.225 4.225 4.224 4.225 4.225 4.225 4.225 4.225 4.222 4.220 4.220 4.220 4.220 4.219 4.219 4.220 4.220 4.220 4.220 4.221 4.219 4.219 4.220 4.220 4.221 4.221 4.220 4.220 4.220 4.220 4.220 4.216 4.215 4.213 4.214 4.214
4.194 4.197 4.198 4.198 4.198 4.199 4.195 4.194 4.194 4.194 4.194 4.195 4.192 4.192 4.194 4.230 4.232 4.232 4.232 4.232 4.232 4.232 4.228 4.228 4.228 4.228 4.229 4.230 4.227 4.228 4.228 4.225 4.225 4.225 4.225 4.225 4.225 4.226 4.226 4.221 4.221 4.221 4.221 4.219 4.219 4.219 4.220 4.220 4.220 4.220 4.220 4.219 4.220 4.220 4.220 4.221 4.221 4.222 4.221 4.221 4.220 4.215 4.216 4.216 4.213 4.214 4.214
4.196 4.197 4.197 4.197 4.198 4.197 4.194 4.194 4.194 4.195 4.194 4.194 4.192 4.192 4.230 4.230 4.233 4.232 4.231 4.231 4.231 4.232 4.230 4.229 4.229 4.229 4.229 4.230 4.227 4.227 4.228 4.226 4.226 4.225 4.226 4.226 4.226 4.226 4.221 4.221 4.220 4.220 4.221 4.221 4.219 4.219 4.220 4.221 4.221 4.220 4.219 4.219 4.220 4.219 4.220 4.220 4.220 4.221 4.221 4.221 4.215 4.215 4.216 4.216 4.214 4.214 4.214
4.195 4.195 4.196 4.196 4.197 4.197 4.194 4.195 4.196 4.195 4.196 4.194 4.232 4.231 4.233 4.233 4.231 4.231 4.232 4.232 4.231 4.231 4.229 4.230 4.230 4.230 4.229 4.230 4.227 4.227 4.226 4.226 4.226 4.226 4.226 4.226 4.226 4.224 4.223 4.222 4.222 4.220 4.221 4.221 4.221 4.220 4.220 4.220 4.220 4.220 4.219 4.219 4.218 4.219 4.219 4.220 4.218 4.218 4.221 4.221 4.215 4.215 4.215 4.216 4.214 4.214 4.214
4.193 4.195 4.196 4.196 4.198 4.194 4.195 4.195 4.196 4.196 4.230 4.230 4.232 4.233 4.233 4.230 4.232 4.231 4.231 4.231 4.231 4.231 4.230 4.230 4.230 4.229 4.228 4.228 4.227 4.227 4.227 4.225 4.226 4.226 4.226 4.226 4.224 4.223 4.223 4.222 4.222 4.222 4.221 4.221 4.221 4.220 4.220 4.220 4.220 4.220 4.219 4.219 4.218 4.218 4.219 4.220 4.218 4.219 4.219 4.216 4.216 4.215 4.215 4.215 4.215 4.214 4.214
4.195 4.194 4.195 4.194 4.194 4.195 4.196 4.196 4.196 4.232 4.232 4.233 4.232 4.230 4.232 4.232 4.232 4.231 4.231 4.231 4.231 4.230 4.230 4.230 4.230 4.228 4.228 4.228 4.228 4.228 4.228 4.225 4.226 4.226 4.225 4.225 4.224 4.224 4.223 4.223 4.221 4.221 4.222 4.221 4.220 4.220 4.220 4.220 4.220 4.220 4.219 4.219 4.218 4.218 4.219 4.218 4.219 4.219 4.219 4.216 4.216 4.216 4.215 4.215 4.215 4.215 4.215
-9999.000 4.194 4.194 4.198 4.195 4.195 4.196 4.231 4.233 4.233 4.232 4.232 4.234 4.231 4.233 4.232 4.232 4.232 4.231 4.231 4.231 4.232 4.231 4.231 4.228 4.228 4.228 4.228 4.228 4.228 4.228 4.226 4.226 4.226 4.224 4.224 4.224 4.224 4.222 4.223 4.221 4.221 4.222 4.222 4.222 4.222 4.220 4.220 4.220 4.220 4.219 4.219 4.218 4.219 4.219 4.218 4.219 4.219 4.220 4.216 4.216 4.216 4.216 4.215 4.215 4.215 4.216
4.195 4.192 4.197 4.233 4.232 4.231 4.231 4.232 4.232 4.233 4.233 4.233 4.232 4.231 4.232 4.232 4.233 4.232 4.232 4.232 4.232 4.232 4.232 4.229 4.230 4.230 4.228 4.227 4.227 4.228 4.228 4.226 4.226 4.226 4.224 4.224 4.224 4.224 4.223 4.223 4.220 4.221 4.222 4.222 4.222 4.222 4.222 4.221 4.220 4.220 4.220 4.219 4.220 4.219 4.219 4.218 4.219 4.218 4.219 4.217 4.217 4.216 4.216 4.216 4.216 4.216 4.216
-9999.000 4.202 4.232 4.232 4.232 4.231 4.231 4.233 4.233 4.233 4.234 4.233 4.232 4.231 4.230 4.231 4.232 4.232 4.232 4.231 4.233 4.232 4.232 4.231 4.229 4.230 4.230 4.227 4.227 4.227 4.225 4.226 4.226 4.226 4.225 4.225 4.224 4.222 4.223 4.223 4.220 4.221 4.222 4.222 4.222 4.222 4.222 4.221 4.221 4.222 4.222 4.219 4.220 4.219 4.220 4.218 4.219 4.218 4.218 4.219 4.217 4.217 4.216 4.216 4.216 4.216 4.216
-9999.000 -9999.000 4.231 4.231 4.233 4.234 4.232 4.233 4.232 4.234 4.234 4.234 4.232 4.231 4.231 4.231 4.231 4.232 4.232 4.233 4.233 4.230 4.230 4.231 4.230 4.230 4.230 4.226 4.229 4.228 4.225 4.226 4.226 4.226 4.223 4.223 4.223 4.222 4.222 4.222 4.222 4.221 4.221 4.221 4.222 4.222 4.222 4.221 4.222 4.222 4.222 4.222 4.218 4.220 4.220 4.220 4.219 4.218 4.218 4.218 4.218 4.218 4.216 4.216 4.216 4.217 4.217
-9999.000 4.234 4.230 4.229 4.229 4.233 4.233 4.233 4.232 4.233 4.234 4.232 4.231 4.232 4.231 4.231 4.231 4.232 4.232 4.233 4.233 4.233 4.232 4.231 4.230 4.230 4.230 4.230 4.228 4.228 4.228 4.225 4.226 4.226 4.224 4.223 4.223 4.222 4.222 4.222 4.222 4.221 4.221 4.222 4.223 4.223 4.223 4.223 4.222 4.222 4.222 4.222 4.221 4.220 4.220 4.220 4.219 4.218 4.218 4.218 4.218 4.218 4.218 4.218 4.216 4.216 4.217
4.244 4.236 -9999.000 4.230 4.230 4.233 4.232 4.232 4.231 4.230 4.233 4.232 4.231 4.232 4.231 4.230 4.231 4.232 4.232 4.232 4.233 4.233 4.231 4.231 4.232 4.231 4.230 4.230 4.228 4.228 4.228 4.225 4.227 4.227 4.224 4.223 4.223 4.223 4.221 4.222 4.222 4.221 4.222 4.222 4.222 4.223 4.223 4.223 4.222 4.222 4.222 4.222 4.222 4.221 4.219 4.220 4.219 4.219 4.218 4.218 4.219 4.218 4.218 4.218 4.219 4.218 4.218
-9999.000 4.236 4.238 4.230 4.230 4.231 4.232 4.232 4.231 4.231 4.232 4.232 4.234 4.233 4.233 4.230 4.231 4.232 4.232 4.232 4.233 4.232 4.232 4.231 4.231 4.231 4.229 4.230 4.228 4.228 4.228 4.227 4.227 4.228 4.223 4.223 4.223 4.223 4.221 4.221 4.221 4.221 4.222 4.222 4.222 4.223 4.223 4.223 4.223 4.222 4.222 4.222 4.222 4.221 4.219 4.218 4.218 4.218 4.218 4.217 4.219 4.219 4.218 4.219 4.220 4.220 4.219
4.690 4.240 4.234 4.232 4.230 4.231 4.231 4.230 4.231 4.230 4.235 4.233 4.233 4.233 4.232 4.232 4.232 4.232 4.233 4.233 4.233 4.232 4.232 4.231 4.231 4.231 4.232 4.229 4.228 4.228 4.227 4.227 4.226 4.228 4.223 4.223 4.223 4.220 4.220 4.220 4.221 4.221 4.221 4.222 4.221 4.221 4.224 4.223 4.223 4.223 4.223 4.222 4.222 4.222 4.221 4.220 4.218 4.218 4.218 4.219 4.219 4.219 4.219 4.219 4.220 4.219 4.219
4.688 4.249 4.242 4.232 4.229 4.229 4.237 4.230 4.236 4.235 4.234 4.233 4.234 4.233 4.233 4.233 4.232 4.232 4.234 4.234 4.233 4.234 4.232 4.233 4.233 4.232 4.232 4.229 4.230 4.227 4.227 4.226 4.226 4.226 4.228 4.229 4.228 4.220 4.220 4.221 4.221 4.221 4.220 4.220 4.221 4.221 4.222 4.222 4.223 4.223 4.222 4.222 4.222 4.222 4.222 4.220 4.218 4.218 4.218 4.218 4.218 4.218 4.219 4.220 4.220 4.221 4.221
4.686 4.680 4.249 4.243 4.231 4.238 4.237 4.236 4.235 4.235 4.234 4.235 4.233 4.234 4.234 4.234 4.234 4.235 4.234 4.234 4.234 4.234 4.234 4.233 4.234 4.234 4.229 4.229 4.229 4.227 4.227 4.226 4.226 4.226 4.228 4.228 4.228 4.228 4.222 4.222 4.221 4.220 4.220 4.220 4.221 4.221 4.222 4.222 4.222 4.222 4.222 4.222 4.222 4.222 4.222 4.222 4.221 4.219 4.219 4.218 4.218 4.218 4.219 4.220 4.220 4.221 4.221
4.685 4.682 4.329 4.251 4.243 4.236 4.234 4.235 4.235 4.234 4.234 4.235 4.235 4.235 4.234 4.236 4.235 4.235 4.235 4.234 4.235 4.234 4.235 4.233 4.234 4.234 4.234 4.228 4.225 4.225 4.226 4.226 4.226 4.227 4.228 4.228 4.228 4.228 4.228 4.222 4.222 4.222 4.220 4.220 4.221 4.221 4.222 4.222 4.223 4.222 4.222 4.221 4.221 4.221 4.221 4.222 4.220 4.221 4.222 4.218 4.218 4.218 4.221 4.220 4.220 4.221 4.221
4.685 4.683 4.677 4.331 4.335 -9999.000 4.234 4.235 4.234 4.233 4.234 4.233 4.234 4.235 4.236 4.236 4.236 4.234 4.234 4.234 4.234 4.235 4.235 4.233 4.233 4.234 4.234 4.228 4.226 4.226 4.226 4.226 4.226 4.227 4.225 4.228 4.228 4.228 4.226 4.226 4.222 4.222 4.222 4.220 4.221 4.221 4.222 4.223 4.223 4.223 4.222 4.222 4.222 4.221 4.221 4.222 4.222 4.223 4.224 4.222 4.222 4.222 4.221 4.220 4.220 4.220 4.221
4.685 4.684 4.681 4.351 4.335 4.244 4.236 4.236 4.237 4.233 4.238 4.238 4.237 4.236 4.236 4.236 4.237 4.234 4.234 4.234 4.234 4.235 4.235 4.236 4.233 4.233 4.230 4.230 4.229 4.227 4.226 4.226 4.226 4.226 4.225 4.226 4.228 4.226 4.227 4.227 4.228 4.228 4.226 4.224 4.224 4.224 4.226 4.226 4.223 4.224 4.221 4.222 4.220 4.220 4.221 4.222 4.222 4.223 4.223 4.223 4.222 4.222 4.222 4.220 4.220 4.220 4.221
4.685 4.683 4.680 4.664 4.653 4.652 -9999.000 4.235 4.234 4.236 4.238 4.238 4.238 4.238 4.237 4.236 4.236 4.238 4.238 4.237 4.235 4.235 4.236 4.236 4.236 4.234 4.235 4.228 4.227 4.229 4.229 4.226 4.226 4.226 4.227 4.227 4.226 4.226 4.227 4.227 4.228 4.228 4.224 4.224 4.225 4.225 4.225 4.225 4.224 4.224 4.221 4.225 4.220 4.220 4.221 4.224 4.223 4.223 4.223 4.223 4.223 4.224 4.224 4.223 4.223 4.220 4.220
4.683 4.681 4.680 4.661 4.655 4.643 4.246 4.236 4.235 4.236 4.236 4.238 4.238 4.238 4.238 4.238 4.238 4.238 4.237 4.237 4.234 4.235 4.235 4.236 4.236 4.234 4.231 4.228 4.228 4.228 4.228 4.229 4.229 4.226 4.227 4.227 4.226 4.226 4.227 4.227 4.228 4.228 4.224 4.225 4.225 4.225 4.225 4.225 4.224 4.225 4.225 4.226 4.226 4.225 4.224 4.224 4.222 4.223 4.223 4.223 4.223 4.223 4.223 4.223 4.223 4.223 4.220
4.675 4.672 4.669 4.660 -9999.000 4.643 4.641 -9999.000 4.234 4.235 4.236 4.237 4.238 4.238 4.238 4.240 4.239 4.237 4.236 4.237 4.236 4.234 4.234 4.236 4.236 4.236 4.231 4.227 4.228 4.228 4.228 4.228 4.229 4.229 4.227 4.231 4.231 4.227 4.227 4.227 4.228 4.229 4.229 4.224 4.226 4.226 4.224 4.224 4.224 4.225 4.225 4.226 4.226 4.226 4.224 4.224 4.225 4.222 4.222 4.222 4.223 4.222 4.223 4.223 4.223 4.224 4.223
4.667 4.662 4.659 4.655 4.651 4.644 4.643 4.645 -9999.000 4.235 4.236 4.236 4.237 4.238 4.238 4.239 4.240 4.240 4.239 4.236 4.237 4.234 4.234 4.235 4.235 4.228 4.227 4.227 4.227 4.228 4.228 4.228 4.229 4.229 4.230 4.231 4.231 4.231 4.230 4.230 4.230 4.230 4.229 4.229 4.229 4.226 4.226 4.228 4.224 4.225 4.225 4.226 4.226 4.225 4.225 4.224 4.225 4.222 4.222 4.222 4.222 4.222 4.222 4.223 4.224 4.224 4.223
4.659 4.658 4.657 4.654 4.647 4.645 4.644 4.643 -9999.000 4.238 4.237 4.236 4.237 4.236 4.238 4.239 4.238 4.238 4.238 4.240 4.240 4.235 4.235 4.234 4.228 4.228 4.230 4.230 4.230 4.228 4.228 4.228 4.229 4.230 4.230 4.231 4.231 4.232 4.230 4.229 4.229 4.230 4.230 4.230 4.227 4.228 4.228 4.228 4.228 4.225 4.226 4.226 4.225 4.225 4.225 4.224 4.225 4.226 4.222 4.222 4.222 4.222 4.222 4.222 4.224 4.224 4.224
4.653 4.653 4.650 4.647 4.646 4.645 4.642 4.639 4.636 -9999.000 4.236 4.236 4.236 4.236 4.237 4.238 4.238 4.239 4.239 4.240 4.239 4.233 4.233 4.234 4.228 4.231 4.229 4.229 4.229 4.229 4.228 4.228 4.229 4.230 4.230 4.231 4.231 4.232 4.230 4.229 4.229 4.229 4.229 4.230 4.227 4.228 4.227 4.227 4.227 4.226 4.226 4.226 4.226 4.225 4.224 4.224 4.225 4.226 4.222 4.222 4.222 4.222 4.221 4.222 4.224 4.224 4.224
4.647 4.645 4.642 4.641 4.639 4.638 4.636 4.634 4.634 -9999.000 4.234 4.236 4.237 4.237 4.237 4.238 4.239 4.239 4.240 4.240 4.240 4.234 4.234 4.232 4.232 4.231 4.231 4.229 4.229 4.229 4.228 4.230 4.230 4.230 4.230 4.232 4.231 4.232 4.230 4.230 4.229 4.229 4.229 4.227 4.227 4.228 4.227 4.227 4.227 4.226 4.226 4.226 4.224 4.224 4.224 4.224 4.225 4.224 4.224 4.225 4.222 4.222 4.221 4.221 4.223 4.223 4.224
4.639 4.637 4.634 4.634 4.632 4.631 4.631 4.631 4.632 4.630 -9999.000 4.239 4.238 4.236 4.238 4.238 4.240 4.240 4.240 4.241 4.242 4.234 4.231 4.236 4.232 4.230 4.231 4.230 4.230 4.230 4.231 4.230 4.230 4.230 4.232 4.232 4.231 4.231 4.230 4.230 4.228 4.229 4.228 4.227 4.227 4.227 4.228 4.228 4.226 4.226 4.225 4.224 4.224 4.224 4.225 4.226 4.224 4.224 4.224 4.224 4.220 4.222 4.222 4.222 4.223 4.223 4.223
4.631 4.631 4.631 4.630 4.629 4.628 4.628 4.628 4.629 4.629 4.625 -9999.000 4.239 4.238 4.238 4.238 4.239 4.239 4.236 4.241 4.241 4.234 4.230 4.236 4.232 4.230 4.231 4.230 4.230 4.230 4.230 4.230 4.230 4.230 4.231 4.231 4.231 4.231 4.230 4.230 4.228 4.229 4.228 4.228 4.227 4.227 4.226 4.226 4.226 4.225 4.225 4.224 4.224 4.224 4.226 4.226 4.225 4.225 4.225 4.224 4.221 4.221 4.222 4.222 4.223 4.223 4.223
