includes/lisflood-fp-604/results/res.mxe
ncols         631
nrows         906
xllcorner     364927.146667
yllcorner     6531972.565556
cellsize      20.000000
NODATA_value  -9999.000000
[rows 522 to 550 of 906, columns 268 to 334 of 631]
-9999.000 -9999.000 -9999.000 -9999.000 -9999.000 -9999.000 -9999.000 -9999.000 -9999.000 -9999.000 -9999.000 -9999.000 -9999.000 -9999.000 -9999.000 -9999.000 -9999.000 -9999.000 -9999.000 -9999.000 -9999.000 -9999.000 -9999.000 -9999.000 -9999.000 -9999.000 -9999.000 -9999.000 -9999.000 -9999.000 -9999.000 -9999.000 -9999.000 3.331 3.368 -9999.000 3.374 3.374 3.375 3.376 3.376 3.376 3.376 3.376 3.376 3.376 3.376 3.376 3.376 3.377 3.377 3.377 3.379 3.381 3.383 3.383 3.384 3.384 3.384 3.385 3.385 3.386 3.386 3.386 3.386 3.386 3.387
-9999.000 -9999.000 -9999.000 -9999.000 -9999.000 -9999.000 -9999.000 -9999.000 -9999.000 -9999.000 -9999.000 -9999.000 -9999.000 -9999.000 -9999.000 -9999.000 -9999.000 -9999.000 -9999.000 -9999.000 -9999.000 -9999.000 -9999.000 -9999.000 -9999.000 -9999.000 -9999.000 -9999.000 -9999.000 -9999.000 3.363 3.357 -9999.000 -9999.000 3.378 -9999.000 3.376 3.377 3.377 3.377 3.377 3.377 3.377 3.377 3.377 3.377 3.377 3.377 3.377 3.377 3.378 -9999.000 3.381 3.382 3.383 3.384 3.384 3.384 3.384 3.384 3.385 3.386 3.386 3.386 3.386 3.387 3.387
-9999.000 -9999.000 -9999.000 -9999.000 -9999.000 -9999.000 -9999.000 -9999.000 -9999.000 -9999.000 -9999.000 -9999.000 -9999.000 -9999.000 -9999.000 -9999.000 -9999.000 -9999.000 -9999.000 -9999.000 -9999.000 -9999.000 -9999.000 -9999.000 -9999.000 -9999.000 -9999.000 -9999.000 -9999.000 3.363 3.363 -9999.000 3.379 3.378 3.378 3.379 3.379 3.379 3.379 3.379 3.379 3.379 3.378 3.378 3.378 -9999.000 3.379 -9999.000 3.379 3.379 3.379 3.381 3.382 -9999.000 3.384 3.384 -9999.000 3.384 3.384 3.385 3.385 3.386 3.386 3.386 3.387 3.387 3.387
-9999.000 -9999.000 -9999.000 -9999.000 -9999.000 -9999.000 -9999.000 -9999.000 -9999.000 -9999.000 -9999.000 -9999.000 -9999.000 -9999.000 -9999.000 -9999.000 -9999.000 -9999.000 -9999.000 -9999.000 -9999.000 -9999.000 -9999.000 -9999.000 -9999.000 -9999.000 -9999.000 -9999.000 3.363 3.363 3.363 3.363 -9999.000 3.378 3.378 3.379 -9999.000 3.379 3.379 3.379 3.379 3.379 3.379 3.379 3.379 3.380 3.381 3.381 3.381 3.380 3.380 3.381 3.383 3.384 3.384 3.384 3.384 3.385 3.385 3.385 -9999.000 3.386 3.386 3.387 3.387 3.387 3.387
-9999.000 -9999.000 -9999.000 -9999.000 -9999.000 -9999.000 -9999.000 -9999.000 -9999.000 -9999.000 -9999.000 -9999.000 -9999.000 -9999.000 -9999.000 -9999.000 -9999.000 -9999.000 -9999.000 -9999.000 -9999.000 -9999.000 -9999.000 -9999.000 -9999.000 -9999.000 -9999.000 -9999.000 -9999.000 -9999.000 3.367 3.367 3.373 3.378 3.378 3.379 3.380 3.380 3.380 3.380 3.380 3.380 3.380 3.379 3.380 3.381 3.381 3.381 3.381 3.381 3.381 -9999.000 3.384 3.384 3.384 3.385 3.385 3.385 3.386 3.386 3.387 3.387 3.387 3.387 3.387 3.387 3.387
-9999.000 -9999.000 -9999.000 -9999.000 -9999.000 -9999.000 -9999.000 -9999.000 -9999.000 -9999.000 -9999.000 -9999.000 -9999.000 -9999.000 -9999.000 -9999.000 -9999.000 -9999.000 -9999.000 -9999.000 -9999.000 -9999.000 -9999.000 -9999.000 -9999.000 -9999.000 -9999.000 -9999.000 -9999.000 3.374 3.371 3.369 3.375 3.378 3.378 3.379 3.380 3.382 3.382 3.381 3.381 3.381 3.382 -9999.000 3.381 3.381 3.381 3.381 3.381 3.382 3.382 3.384 3.384 3.384 3.385 3.385 3.385 3.386 3.386 3.387 3.387 3.387 3.387 3.387 3.387 3.387 3.387
-9999.000 -9999.000 -9999.000 -9999.000 -9999.000 -9999.000 -9999.000 -9999.000 -9999.000 -9999.000 -9999.000 -9999.000 -9999.000 -9999.000 -9999.000 -9999.000 -9999.000 -9999.000 -9999.000 -9999.000 -9999.000 -9999.000 -9999.000 -9999.000 -9999.000 -9999.000 3.376 3.380 3.381 3.380 3.380 3.379 3.380 3.380 -9999.000 -9999.000 -9999.000 3.383 3.383 3.383 3.382 3.382 3.382 3.383 3.383 3.383 3.383 3.383 3.382 3.383 3.383 3.384 3.385 3.385 3.385 3.385 3.385 3.386 3.386 3.387 3.387 3.387 3.387 3.387 3.388 3.388 3.388
-9999.000 -9999.000 -9999.000 -9999.000 -9999.000 -9999.000 -9999.000 -9999.000 -9999.000 -9999.000 -9999.000 -9999.000 -9999.000 -9999.000 -9999.000 -9999.000 -9999.000 -9999.000 -9999.000 -9999.000 -9999.000 -9999.000 -9999.000 -9999.000 -9999.000 -9999.000 3.381 -9999.000 3.381 3.381 3.381 3.381 3.382 3.383 3.385 3.385 3.385 3.384 3.384 3.384 3.384 3.384 3.383 3.383 3.383 3.384 3.384 3.384 3.384 3.384 3.384 3.385 3.385 3.385 3.385 3.385 3.386 3.387 3.387 3.387 3.387 3.387 3.388 3.388 3.388 3.388 3.388
-9999.000 -9999.000 -9999.000 -9999.000 -9999.000 -9999.000 -9999.000 -9999.000 -9999.000 -9999.000 -9999.000 -9999.000 -9999.000 -9999.000 -9999.000 -9999.000 -9999.000 -9999.000 -9999.000 -9999.000 -9999.000 -9999.000 -9999.000 -9999.000 -9999.000 -9999.000 3.381 3.381 3.381 3.381 3.381 3.381 3.382 3.384 3.385 3.385 3.385 3.385 3.385 3.385 3.385 3.385 3.385 3.385 3.385 3.385 3.385 3.385 3.385 3.386 3.386 3.386 3.386 3.386 3.386 -9999.000 3.387 3.387 3.387 3.387 3.388 3.388 3.388 3.388 3.389 3.389 3.389
-9999.000 -9999.000 -9999.000 -9999.000 -9999.000 -9999.000 -9999.000 -9999.000 -9999.000 -9999.000 -9999.000 -9999.000 -9999.000 -9999.000 -9999.000 -9999.000 -9999.000 -9999.000 -9999.000 -9999.000 -9999.000 -9999.000 -9999.000 -9999.000 -9999.000 -9999.000 -9999.000 3.381 3.381 3.381 3.381 3.381 3.383 3.385 3.386 3.386 3.386 3.386 3.386 3.386 3.385 3.385 3.385 3.385 3.385 3.385 3.386 3.386 3.386 3.386 3.386 3.386 3.386 3.387 3.387 3.387 3.387 3.387 3.388 3.388 3.388 3.389 3.389 3.389 3.389 3.389 3.390
-9999.000 -9999.000 -9999.000 -9999.000 -9999.000 -9999.000 -9999.000 -9999.000 -9999.000 -9999.000 -9999.000 -9999.000 -9999.000 -9999.000 -9999.000 -9999.000 -9999.000 -9999.000 -9999.000 -9999.000 -9999.000 -9999.000 -9999.000 -9999.000 -9999.000 -9999.000 -9999.000 -9999.000 3.382 3.382 3.382 3.383 3.385 3.386 3.386 3.386 3.386 3.386 3.386 3.386 3.386 3.386 3.386 3.386 3.386 3.386 3.386 3.386 3.386 3.386 -9999.000 -9999.000 3.387 3.387 3.387 3.387 3.388 3.388 3.388 3.388 3.388 3.389 3.389 3.389 3.390 3.390 3.390
-9999.000 -9999.000 -9999.000 -9999.000 -9999.000 -9999.000 -9999.000 -9999.000 -9999.000 -9999.000 -9999.000 -9999.000 -9999.000 -9999.000 -9999.000 -9999.000 -9999.000 -9999.000 -9999.000 -9999.000 -9999.000 -9999.000 -9999.000 -9999.000 -9999.000 -9999.000 3.374 3.382 3.382 3.382 3.383 3.384 3.385 3.386 3.386 3.386 3.387 3.387 3.387 3.387 3.387 3.386 3.386 3.386 3.386 3.386 3.386 3.386 3.387 3.388 3.389 3.389 3.388 3.388 3.388 3.389 3.389 3.389 3.389 3.389 3.389 3.389 3.389 3.390 3.390 3.390 3.390
-9999.000 -9999.000 -9999.000 -9999.000 -9999.000 -9999.000 -9999.000 -9999.000 -9999.000 -9999.000 -9999.000 -9999.000 -9999.000 -9999.000 -9999.000 -9999.000 -9999.000 -9999.000 -9999.000 -9999.000 -9999.000 -9999.000 -9999.000 -9999.000 -9999.000 -9999.000 -9999.000 -9999.000 3.382 -9999.000 3.385 3.386 3.386 3.387 3.387 3.387 3.387 3.387 3.387 3.387 3.387 3.387 3.387 3.387 3.387 3.387 3.387 3.387 -9999.000 3.389 3.389 3.389 3.389 3.389 3.389 3.389 3.390 3.390 3.390 3.390 3.390 3.390 3.390 3.390 3.390 3.390 3.390
-9999.000 -9999.000 -9999.000 -9999.000 -9999.000 -9999.000 -9999.000 -9999.000 -9999.000 -9999.000 -9999.000 -9999.000 -9999.000 -9999.000 -9999.000 -9999.000 -9999.000 -9999.000 -9999.000 -9999.000 -9999.000 -9999.000 -9999.000 -9999.000 -9999.000 -9999.000 -9999.000 -9999.000 -9999.000 -9999.000 3.387 3.387 3.387 3.387 3.387 3.387 3.387 3.387 3.387 3.387 3.388 3.388 3.388 3.388 3.389 3.389 3.389 3.389 3.390 3.390 3.390 3.390 3.390 3.390 3.389 3.390 3.390 3.390 3.390 3.390 3.390 3.390 3.390 3.390 3.390 3.390 3.390
-9999.000 -9999.000 -9999.000 -9999.000 -9999.000 -9999.000 -9999.000 -9999.000 -9999.000 -9999.000 -9999.000 -9999.000 -9999.000 -9999.000 -9999.000 -9999.000 -9999.000 -9999.000 -9999.000 -9999.000 -9999.000 -9999.000 -9999.000 -9999.000 -9999.000 -9999.000 -9999.000 -9999.000 -9999.000 -9999.000 3.387 3.387 3.387 3.387 3.387 3.387 3.387 3.387 3.388 3.388 3.388 3.388 3.389 3.390 3.390 3.390 3.390 3.390 3.390 3.390 3.390 3.390 3.390 3.390 3.390 3.391 3.391 3.390 3.390 3.390 3.390 3.390 3.390 3.390 3.390 -9999.000 3.392
-9999.000 -9999.000 -9999.000 -9999.000 -9999.000 -9999.000 -9999.000 -9999.000 -9999.000 -9999.000 -9999.000 -9999.000 -9999.000 -9999.000 -9999.000 -9999.000 -9999.000 -9999.000 -9999.000 -9999.000 -9999.000 -9999.000 -9999.000 -9999.000 -9999.000 -9999.000 -9999.000 -9999.000 -9999.000 3.387 3.388 3.387 3.387 3.387 3.387 3.387 3.387 3.388 3.388 3.388 3.389 3.389 3.390 3.390 3.390 3.390 3.390 -9999.000 3.390 3.390 3.390 3.390 3.390 3.390 3.393 3.396 3.396 -9999.000 3.390 3.390 3.390 3.390 3.390 3.391 3.391 3.393 3.393
-9999.000 -9999.000 -9999.000 -9999.000 -9999.000 -9999.000 -9999.000 -9999.000 -9999.000 -9999.000 -9999.000 -9999.000 -9999.000 -9999.000 -9999.000 -9999.000 -9999.000 -9999.000 -9999.000 -9999.000 -9999.000 -9999.000 -9999.000 -9999.000 -9999.000 -9999.000 -9999.000 -9999.000 3.388 3.388 3.388 3.388 3.388 3.388 3.387 3.387 3.387 3.388 3.388 3.389 3.390 3.390 3.390 3.390 3.391 3.391 3.391 3.391 3.391 3.391 3.391 3.391 3.391 3.392 3.395 3.396 3.396 3.396 -9999.000 3.390 3.390 3.390 3.390 3.391 3.392 3.393 3.393
-9999.000 -9999.000 -9999.000 -9999.000 -9999.000 -9999.000 -9999.000 -9999.000 -9999.000 -9999.000 -9999.000 -9999.000 -9999.000 -9999.000 -9999.000 -9999.000 -9999.000 -9999.000 -9999.000 -9999.000 -9999.000 -9999.000 -9999.000 -9999.000 -9999.000 -9999.000 -9999.000 -9999.000 3.388 3.388 3.388 3.388 3.388 3.388 3.388 3.388 3.388 3.388 3.388 3.389 3.391 3.392 3.392 3.392 3.392 3.392 3.392 3.392 3.392 3.392 3.391 3.391 3.391 3.394 3.397 3.397 -9999.000 3.396 3.395 3.391 3.390 3.390 3.390 3.391 3.393 3.393 3.393
-9999.000 -9999.000 -9999.000 -9999.000 -9999.000 -9999.000 -9999.000 -9999.000 -9999.000 -9999.000 -9999.000 -9999.000 -9999.000 -9999.000 -9999.000 -9999.000 -9999.000 -9999.000 -9999.000 -9999.000 -9999.000 -9999.000 -9999.000 -9999.000 -9999.000 -9999.000 -9999.000 -9999.000 -9999.000 3.389 3.390 3.390 3.390 3.389 3.388 3.388 -9999.000 3.393 3.393 3.393 3.394 3.394 3.394 3.393 3.392 3.392 3.392 3.392 3.392 3.392 3.392 3.392 3.394 3.397 3.397 3.397 3.397 3.397 3.397 -9999.000 -9999.000 3.390 3.390 -9999.000 3.394 3.394 3.394
-9999.000 -9999.000 -9999.000 -9999.000 -9999.000 -9999.000 -9999.000 -9999.000 -9999.000 -9999.000 -9999.000 -9999.000 -9999.000 -9999.000 -9999.000 -9999.000 -9999.000 -9999.000 -9999.000 -9999.000 -9999.000 -9999.000 -9999.000 -9999.000 -9999.000 -9999.000 -9999.000 -9999.000 -9999.000 3.392 3.393 3.393 3.393 3.393 3.391 3.393 3.396 3.396 3.395 3.394 3.394 3.394 3.394 3.394 3.393 3.393 3.393 3.393 3.393 3.393 3.393 3.395 3.397 3.397 3.398 3.398 3.398 3.398 3.397 3.397 3.398 3.396 -9999.000 3.395 3.394 3.394 3.394
-9999.000 -9999.000 -9999.000 -9999.000 -9999.000 -9999.000 -9999.000 -9999.000 -9999.000 -9999.000 -9999.000 -9999.000 -9999.000 -9999.000 -9999.000 -9999.000 -9999.000 -9999.000 -9999.000 -9999.000 -9999.000 -9999.000 -9999.000 -9999.000 -9999.000 -9999.000 -9999.000 -9999.000 -9999.000 3.394 3.394 3.394 3.394 3.395 3.395 3.396 3.396 3.396 3.395 3.394 3.394 3.394 3.394 3.394 3.394 3.394 3.394 3.394 3.394 3.394 3.396 3.398 3.398 3.402 3.405 3.405 3.404 3.402 3.398 3.398 3.398 3.398 3.398 3.398 3.397 3.397 3.394
-9999.000 -9999.000 -9999.000 -9999.000 -9999.000 -9999.000 -9999.000 -9999.000 -9999.000 -9999.000 -9999.000 -9999.000 -9999.000 -9999.000 -9999.000 -9999.000 -9999.000 -9999.000 -9999.000 -9999.000 -9999.000 -9999.000 -9999.000 -9999.000 -9999.000 -9999.000 -9999.000 -9999.000 -9999.000 -9999.000 3.394 3.395 3.395 3.396 3.396 3.396 3.396 3.396 3.396 3.395 3.395 3.395 3.395 3.396 3.396 3.395 3.395 3.395 3.395 3.397 3.399 3.398 3.404 3.410 3.410 3.412 3.413 3.411 -9999.000 3.398 3.398 -9999.000 3.399 3.399 3.400 3.400 -9999.000
-9999.000 -9999.000 -9999.000 -9999.000 -9999.000 -9999.000 -9999.000 -9999.000 -9999.000 -9999.000 -9999.000 -9999.000 -9999.000 -9999.000 -9999.000 -9999.000 -9999.000 -9999.000 -9999.000 -9999.000 -9999.000 -9999.000 -9999.000 -9999.000 -9999.000 -9999.000 -9999.000 -9999.000 -9999.000 -9999.000 -9999.000 3.396 3.396 3.396 3.396 3.396 3.396 3.397 3.397 3.397 3.397 3.398 3.398 3.398 3.398 3.398 3.398 3.398 3.398 3.399 3.399 3.400 3.410 3.412 3.413 3.414 3.414 3.414 3.415 3.411 -9999.000 3.413 3.405 -9999.000 3.401 3.401 3.401
-9999.000 -9999.000 -9999.000 -9999.000 -9999.000 -9999.000 -9999.000 -9999.000 -9999.000 -9999.000 -9999.000 -9999.000 -9999.000 -9999.000 -9999.000 -9999.000 -9999.000 -9999.000 -9999.000 -9999.000 -9999.000 -9999.000 -9999.000 -9999.000 -9999.000 -9999.000 -9999.000 -9999.000 -9999.000 -9999.000 3.399 3.399 3.399 3.397 3.397 3.397 3.398 3.399 3.399 3.398 3.398 3.398 3.399 3.401 3.400 3.400 3.399 3.399 3.399 3.399 3.399 3.399 -9999.000 3.415 3.415 3.415 3.415 3.415 3.415 3.415 3.414 3.413 -9999.000 3.406 3.404 3.402 3.401
-9999.000 -9999.000 -9999.000 -9999.000 -9999.000 -9999.000 -9999.000 -9999.000 -9999.000 -9999.000 -9999.000 -9999.000 -9999.000 -9999.000 -9999.000 -9999.000 -9999.000 -9999.000 -9999.000 -9999.000 -9999.000 -9999.000 -9999.000 -9999.000 -9999.000 -9999.000 -9999.000 -9999.000 -9999.000 -9999.000 -9999.000 3.403 3.403 3.402 3.400 3.399 3.399 3.399 3.399 3.399 3.399 3.400 3.402 3.402 3.402 3.401 3.401 3.401 3.401 3.399 -9999.000 -9999.000 3.417 3.416 3.416 3.416 3.416 3.416 3.415 3.415 3.414 3.412 3.409 3.407 3.406 3.405 3.402
-9999.000 -9999.000 -9999.000 -9999.000 -9999.000 -9999.000 -9999.000 -9999.000 -9999.000 -9999.000 -9999.000 -9999.000 -9999.000 -9999.000 -9999.000 -9999.000 -9999.000 -9999.000 -9999.000 -9999.000 -9999.000 -9999.000 -9999.000 -9999.000 -9999.000 -9999.000 -9999.000 -9999.000 -9999.000 3.399 3.403 3.403 3.403 3.402 3.402 3.400 3.399 3.399 3.399 3.399 3.399 3.402 3.403 3.403 3.403 3.403 3.404 3.405 3.407 3.408 3.415 3.417 3.417 3.417 3.416 3.416 3.416 3.416 3.416 3.415 3.414 3.412 3.410 3.408 3.407 3.405 3.403
-9999.000 -9999.000 -9999.000 -9999.000 -9999.000 -9999.000 -9999.000 -9999.000 -9999.000 -9999.000 -9999.000 -9999.000 -9999.000 -9999.000 -9999.000 -9999.000 -9999.000 -9999.000 -9999.000 -9999.000 -9999.000 -9999.000 -9999.000 -9999.000 -9999.000 -9999.000 -9999.000 -9999.000 -9999.000 -9999.000 3.404 3.404 3.404 3.403 3.402 3.402 -9999.000 -9999.000 3.402 3.402 -9999.000 3.405 3.405 3.404 3.405 3.406 3.408 3.410 3.412 3.416 3.417 3.417 3.417 3.417 3.417 3.417 3.417 3.416 3.416 3.415 3.414 3.412 3.411 3.409 3.407 3.405 3.403
-9999.000 -9999.000 -9999.000 -9999.000 -9999.000 -9999.000 -9999.000 -9999.000 -9999.000 -9999.000 -9999.000 -9999.000 -9999.000 -9999.000 -9999.000 -9999.000 -9999.000 -9999.000 -9999.000 -9999.000 -9999.000 -9999.000 -9999.000 -9999.000 -9999.000 -9999.000 -9999.000 -9999.000 -9999.000 3.397 3.405 3.405 3.404 3.404 3.404 3.404 3.405 3.405 3.405 3.405 3.406 3.406 3.406 3.406 3.407 3.408 3.410 3.414 3.417 3.417 3.418 3.418 3.418 3.418 3.417 3.417 3.417 3.417 3.417 3.415 3.414 3.413 3.412 3.411 3.409 3.406 3.403
-9999.000 -9999.000 -9999.000 -9999.000 -9999.000 -9999.000 -9999.000 -9999.000 -9999.000 -9999.000 -9999.000 -9999.000 -9999.000 -9999.000 -9999.000 -9999.000 -9999.000 -9999.000 -9999.000 -9999.000 -9999.000 -9999.000 -9999.000 -9999.000 -9999.000 -9999.000 -9999.000 -9999.000 -9999.000 -9999.000 3.405 3.405 3.405 3.405 3.405 3.405 3.405 -9999.000 3.408 -9999.000 3.407 3.407 3.408 3.409 3.410 3.411 3.413 3.417 3.418 3.418 3.418 3.418 3.418 3.418 3.418 3.418 3.418 3.419 3.420 3.419 3.417 3.415 3.413 3.411 3.410 3.406 3.403
