includes/lisflood-fp-604/results/res.mxe
ncols         631
nrows         906
xllcorner     364927.146667
yllcorner     6531972.565556
cellsize      20.000000
NODATA_value  -9999.000000
[rows 870 to 898 of 906, columns 469 to 535 of 631]
4.671 4.670 4.669 4.668 4.667 4.666 4.665 4.664 4.663 4.662 4.661 4.660 4.659 4.658 4.657 4.656 4.655 4.654 4.653 4.652 4.651 4.650 4.649 4.648 4.647 4.646 4.645 4.644 4.643 4.642 4.641 4.640 4.639 4.638 4.637 4.636 4.635 4.634 4.633 4.632 4.631 4.630 4.629 4.628 4.627 4.626 4.625 4.624 4.623 4.622 4.621 4.620 4.619 4.618 4.617 4.616 4.615 4.614 4.613 4.612 4.610 4.609 4.608 4.607 4.606 4.605 4.604
4.671 4.670 4.669 4.668 4.667 4.666 4.665 4.664 4.663 4.662 4.661 4.660 4.659 4.658 4.657 4.656 4.655 4.654 4.653 4.652 4.651 4.650 4.649 4.648 4.647 4.646 4.645 4.644 4.643 4.642 4.641 4.640 4.639 4.638 4.637 4.636 4.635 4.634 4.633 4.632 4.631 4.630 4.629 4.628 4.627 4.626 4.625 4.624 4.623 4.622 4.621 4.620 4.619 4.618 4.617 4.616 4.615 4.614 4.613 4.612 4.611 4.610 4.608 4.607 4.606 4.605 4.604
4.671 4.670 4.669 4.668 4.667 4.666 4.665 4.664 4.663 4.662 4.661 4.660 4.659 4.658 4.657 4.656 4.655 4.654 4.653 4.652 4.651 4.650 4.649 4.648 4.647 4.646 4.645 4.644 4.643 4.642 4.641 4.640 4.639 4.638 4.637 4.636 4.635 4.634 4.633 4.632 4.631 4.630 4.629 4.628 4.627 4.626 4.625 4.624 4.623 4.622 4.621 4.620 4.619 4.618 4.617 4.616 4.615 4.614 4.613 4.612 4.611 4.610 4.609 4.608 4.607 4.605 4.604
4.671 4.670 4.669 4.668 4.667 4.666 4.665 4.664 4.663 4.663 4.662 4.661 4.660 4.659 4.658 4.657 4.656 4.655 4.653 4.652 4.651 4.650 4.649 4.648 4.647 4.646 4.645 4.644 4.643 4.642 4.641 4.640 4.639 4.638 4.637 4.636 4.635 4.634 4.633 4.632 4.631 4.630 4.629 4.628 4.627 4.626 4.625 4.624 4.623 4.622 4.621 4.620 4.619 4.618 4.617 4.616 4.615 4.614 4.613 4.612 4.611 4.610 4.609 4.608 4.607 4.606 4.605
4.671 4.670 4.669 4.668 4.668 4.666 4.666 4.665 4.663 4.663 4.662 4.661 4.660 4.659 4.658 4.657 4.656 4.655 4.653 4.652 4.651 4.650 4.649 4.648 4.647 4.646 4.645 4.644 4.643 4.642 4.641 4.640 4.639 4.638 4.637 4.636 4.635 4.634 4.633 4.632 4.631 4.630 4.629 4.628 4.627 4.626 4.625 4.625 4.623 4.623 4.621 4.620 4.619 4.618 4.617 4.616 4.615 4.614 4.613 4.612 4.611 4.610 4.609 4.608 4.607 4.606 4.605
4.671 4.670 4.670 4.669 4.668 4.667 4.666 4.665 4.664 4.663 4.662 4.661 4.660 4.659 4.658 4.657 4.656 4.655 4.653 4.652 4.651 4.650 4.649 4.648 4.647 4.646 4.645 4.644 4.643 4.642 4.641 4.640 4.639 4.638 4.637 4.636 4.635 4.634 4.633 4.632 4.631 4.630 4.629 4.628 4.628 4.627 4.626 4.625 4.624 4.623 4.622 4.620 4.619 4.618 4.617 4.616 4.615 4.614 4.613 4.612 4.611 4.610 4.609 4.608 4.607 4.606 4.605
4.671 4.670 4.670 4.669 4.668 4.667 4.666 4.665 4.664 4.663 4.662 4.661 4.660 4.659 4.658 4.657 4.656 4.655 4.654 4.653 4.651 4.650 4.649 4.648 4.647 4.646 4.645 4.644 4.643 4.642 4.641 4.640 4.640 4.638 4.638 4.636 4.635 4.634 4.634 4.633 4.631 4.630 4.630 4.629 4.628 4.627 4.626 4.625 4.624 4.623 4.622 4.621 4.620 4.618 4.617 4.616 4.615 4.614 4.613 4.612 4.611 4.610 4.609 4.608 4.607 4.606 4.605
4.671 4.671 4.670 4.669 4.668 4.667 4.666 4.665 4.664 4.663 4.662 4.661 4.660 4.659 4.658 4.657 4.656 4.655 4.654 4.653 4.651 4.650 4.649 4.648 4.647 4.646 4.645 4.644 4.643 4.642 4.641 4.640 4.640 4.639 4.638 4.636 4.636 4.635 4.634 4.633 4.632 4.631 4.630 4.629 4.628 4.627 4.626 4.625 4.624 4.623 4.622 4.621 4.620 4.619 4.617 4.617 4.615 4.614 4.613 4.612 4.611 4.610 4.609 4.608 4.607 4.606 4.605
4.671 4.671 4.670 4.669 4.668 4.667 4.666 4.665 4.664 4.663 4.662 4.661 4.660 4.659 4.658 4.657 4.656 4.655 4.654 4.653 4.652 4.651 4.649 4.648 4.647 4.646 4.645 4.644 4.643 4.642 4.641 4.641 4.640 4.639 4.638 4.637 4.636 4.635 4.634 4.633 4.632 4.631 4.630 4.629 4.628 4.627 4.626 4.625 4.624 4.623 4.622 4.621 4.620 4.619 4.618 4.617 4.616 4.614 4.613 4.612 4.611 4.610 4.609 4.608 4.607 4.606 4.605
4.672 4.671 4.670 4.669 4.668 4.667 4.666 4.665 4.664 4.663 4.662 4.661 4.660 4.659 4.658 4.657 4.656 4.655 4.654 4.653 4.652 4.651 4.650 4.649 4.648 4.646 4.645 4.644 4.644 4.643 4.642 4.641 4.640 4.639 4.638 4.637 4.636 4.635 4.634 4.633 4.632 4.631 4.630 4.629 4.628 4.627 4.626 4.625 4.624 4.623 4.622 4.621 4.620 4.619 4.618 4.617 4.616 4.614 4.613 4.612 4.611 4.610 4.609 4.608 4.607 4.606 4.605
4.672 4.671 4.670 4.669 4.668 4.667 4.666 4.665 4.664 4.663 4.662 4.661 4.660 4.659 4.658 4.657 4.656 4.655 4.654 4.653 4.652 4.651 4.650 4.649 4.648 4.647 4.646 4.645 4.644 4.643 4.642 4.641 4.640 4.639 4.638 4.637 4.636 4.635 4.634 4.633 4.632 4.631 4.630 4.629 4.628 4.627 4.626 4.625 4.624 4.623 4.622 4.621 4.620 4.619 4.618 4.617 4.616 4.615 4.613 4.612 4.611 4.610 4.609 4.608 4.607 4.606 4.605
4.672 4.671 4.670 4.669 4.668 4.667 4.666 4.665 4.664 4.663 4.662 4.661 4.660 4.659 4.658 4.657 4.656 4.655 4.654 4.653 4.652 4.651 4.650 4.649 4.648 4.647 4.646 4.645 4.644 4.643 4.642 4.641 4.640 4.639 4.638 4.637 4.636 4.635 4.634 4.633 4.632 4.631 4.630 4.629 4.628 4.627 4.626 4.625 4.624 4.623 4.622 4.621 4.620 4.619 4.618 4.617 4.616 4.615 4.614 4.612 4.611 4.610 4.609 4.608 4.607 4.606 4.605
4.672 4.671 4.670 4.669 4.668 4.667 4.666 4.665 4.664 4.663 4.662 4.661 4.660 4.659 4.658 4.657 4.656 4.655 4.654 4.653 4.652 4.651 4.650 4.649 4.648 4.647 4.646 4.645 4.644 4.643 4.642 4.641 4.640 4.639 4.638 4.637 4.636 4.635 4.634 4.633 4.632 4.631 4.630 4.629 4.628 4.627 4.626 4.625 4.624 4.623 4.622 4.621 4.620 4.619 4.618 4.617 4.616 4.615 4.614 4.613 4.612 4.610 4.609 4.608 4.607 4.606 4.605
4.672 4.671 4.670 4.669 4.668 4.667 4.666 4.665 4.664 4.663 4.662 4.661 4.660 4.659 4.658 4.657 4.656 4.655 4.654 4.653 4.652 4.651 4.650 4.649 4.648 4.647 4.646 4.645 4.644 4.643 4.642 4.641 4.640 4.639 4.638 4.637 4.636 4.635 4.634 4.633 4.632 4.631 4.630 4.629 4.628 4.627 4.626 4.625 4.624 4.623 4.622 4.621 4.620 4.619 4.618 4.617 4.616 4.615 4.614 4.613 4.612 4.611 4.610 4.609 4.608 4.607 4.605
4.672 4.671 4.670 4.669 4.668 4.667 4.666 4.665 4.664 4.663 4.662 4.661 4.660 4.659 4.658 4.657 4.656 4.655 4.654 4.653 4.652 4.651 4.650 4.649 4.648 4.647 4.646 4.645 4.644 4.643 4.642 4.641 4.640 4.639 4.638 4.637 4.636 4.635 4.634 4.633 4.632 4.631 4.630 4.629 4.628 4.627 4.626 4.625 4.624 4.623 4.622 4.621 4.620 4.619 4.618 4.617 4.616 4.615 4.614 4.613 4.612 4.611 4.610 4.609 4.608 4.607 4.605
4.672 4.671 4.670 4.669 4.668 4.667 4.666 4.665 4.664 4.663 4.662 4.661 4.660 4.659 4.658 4.657 4.656 4.655 4.654 4.653 4.652 4.651 4.650 4.649 4.648 4.647 4.646 4.645 4.644 4.643 4.642 4.641 4.640 4.639 4.638 4.637 4.636 4.635 4.634 4.633 4.632 4.631 4.630 4.629 4.628 4.627 4.626 4.625 4.624 4.623 4.622 4.621 4.620 4.619 4.618 4.617 4.616 4.615 4.614 4.613 4.612 4.611 4.610 4.609 4.608 4.607 4.606
4.672 4.671 4.670 4.669 4.668 4.667 4.666 4.665 4.664 4.663 4.662 4.661 4.660 4.659 4.658 4.657 4.656 4.655 4.654 4.653 4.652 4.651 4.650 4.649 4.648 4.647 4.646 4.645 4.644 4.643 4.642 4.641 4.640 4.639 4.638 4.637 4.636 4.635 4.634 4.633 4.632 4.631 4.630 4.629 4.628 4.627 4.627 4.625 4.624 4.623 4.622 4.621 4.620 4.619 4.618 4.617 4.616 4.615 4.614 4.613 4.612 4.611 4.610 4.609 4.608 4.607 4.606
4.672 4.671 4.670 4.669 4.668 4.667 4.666 4.665 4.664 4.663 4.662 4.661 4.660 4.659 4.658 4.657 4.656 4.655 4.654 4.653 4.652 4.651 4.650 4.649 4.648 4.647 4.646 4.645 4.644 4.643 4.642 4.641 4.640 4.639 4.638 4.637 4.636 4.635 4.634 4.633 4.632 4.631 4.630 4.629 4.629 4.628 4.627 4.626 4.625 4.624 4.623 4.622 4.621 4.619 4.618 4.617 4.616 4.615 4.614 4.613 4.612 4.611 4.610 4.609 4.608 4.607 4.606
4.672 4.671 4.670 4.669 4.668 4.667 4.666 4.665 4.664 4.663 4.662 4.661 4.660 4.660 4.658 4.657 4.656 4.655 4.654 4.653 4.652 4.651 4.650 4.649 4.648 4.647 4.646 4.645 4.644 4.643 4.642 4.641 4.640 4.639 4.638 4.637 4.636 4.635 4.634 4.633 4.632 4.631 4.630 4.629 4.629 4.628 4.627 4.626 4.625 4.624 4.623 4.622 4.621 4.619 4.618 4.617 4.616 4.615 4.614 4.613 4.612 4.611 4.610 4.609 4.608 4.607 4.606
4.672 4.671 4.670 4.669 4.668 4.667 4.666 4.665 4.664 4.663 4.662 4.661 4.661 4.660 4.659 4.658 4.657 4.655 4.654 4.653 4.652 4.651 4.650 4.649 4.648 4.647 4.646 4.645 4.644 4.643 4.642 4.641 4.640 4.639 4.638 4.637 4.636 4.635 4.634 4.633 4.632 4.631 4.630 4.630 4.629 4.628 4.627 4.626 4.625 4.624 4.623 4.622 4.621 4.619 4.618 4.617 4.616 4.615 4.614 4.613 4.612 4.611 4.610 4.609 4.608 4.607 4.606
4.672 4.671 4.670 4.669 4.668 4.667 4.666 4.665 4.664 4.663 4.662 4.662 4.661 4.660 4.659 4.658 4.657 4.655 4.654 4.653 4.652 4.651 4.650 4.649 4.648 4.647 4.646 4.645 4.644 4.643 4.642 4.641 4.640 4.639 4.638 4.637 4.636 4.635 4.634 4.633 4.632 4.631 4.631 4.630 4.629 4.628 4.627 4.626 4.625 4.624 4.623 4.622 4.621 4.620 4.619 4.618 4.616 4.615 4.614 4.613 4.612 4.611 4.610 4.609 4.608 4.607 4.606
4.672 4.671 4.670 4.669 4.668 4.667 4.666 4.665 4.664 4.663 4.663 4.662 4.661 4.660 4.659 4.658 4.657 4.656 4.654 4.653 4.652 4.651 4.650 4.649 4.648 4.647 4.646 4.645 4.644 4.643 4.642 4.641 4.640 4.639 4.638 4.637 4.636 4.635 4.635 4.634 4.633 4.632 4.631 4.630 4.629 4.628 4.627 4.626 4.625 4.624 4.623 4.622 4.621 4.620 4.619 4.618 4.616 4.615 4.614 4.613 4.612 4.611 4.610 4.609 4.608 4.607 4.606
4.672 4.671 4.670 4.669 4.668 4.667 4.666 4.665 4.665 4.664 4.663 4.662 4.661 4.660 4.659 4.658 4.657 4.656 4.654 4.653 4.652 4.651 4.650 4.649 4.648 4.647 4.646 4.645 4.644 4.643 4.642 4.641 4.640 4.639 4.638 4.637 4.636 4.636 4.635 4.634 4.633 4.632 4.631 4.630 4.629 4.628 4.627 4.626 4.625 4.624 4.623 4.622 4.621 4.620 4.619 4.618 4.617 4.615 4.614 4.613 4.612 4.611 4.610 4.609 4.608 4.607 4.606
4.672 4.671 4.670 4.669 4.668 4.667 4.666 4.665 4.665 4.664 4.663 4.662 4.661 4.660 4.659 4.658 4.657 4.656 4.654 4.653 4.652 4.651 4.650 4.649 4.648 4.647 4.646 4.645 4.644 4.643 4.642 4.641 4.640 4.639 4.638 4.637 4.636 4.636 4.635 4.634 4.633 4.632 4.631 4.630 4.629 4.628 4.627 4.626 4.625 4.624 4.623 4.622 4.621 4.620 4.619 4.618 4.617 4.616 4.614 4.613 4.612 4.611 4.610 4.609 4.608 4.607 4.606
4.672 4.671 4.670 4.669 4.668 4.667 4.666 4.666 4.665 4.664 4.663 4.662 4.661 4.660 4.659 4.658 4.657 4.656 4.654 4.653 4.652 4.651 4.650 4.649 4.648 4.647 4.646 4.645 4.644 4.643 4.642 4.641 4.640 4.639 4.638 4.637 4.637 4.636 4.635 4.634 4.633 4.632 4.631 4.630 4.629 4.628 4.627 4.626 4.625 4.624 4.623 4.622 4.621 4.620 4.619 4.618 4.617 4.616 4.615 4.613 4.612 4.611 4.610 4.609 4.608 4.607 4.606
4.672 4.671 4.670 4.669 4.668 4.667 4.666 4.666 4.665 4.664 4.663 4.662 4.661 4.660 4.659 4.658 4.657 4.656 4.654 4.653 4.652 4.651 4.650 4.649 4.648 4.647 4.646 4.645 4.644 4.643 4.642 4.641 4.640 4.639 4.638 4.637 4.637 4.636 4.635 4.634 4.633 4.632 4.631 4.630 4.629 4.628 4.627 4.626 4.625 4.624 4.623 4.622 4.621 4.620 4.619 4.618 4.617 4.616 4.615 4.614 4.612 4.611 4.610 4.609 4.608 4.607 4.606
4.672 4.671 4.670 4.669 4.668 4.667 4.666 4.666 4.665 4.664 4.663 4.662 4.661 4.660 4.659 4.658 4.657 4.656 4.655 4.653 4.652 4.651 4.650 4.649 4.648 4.647 4.646 4.645 4.644 4.643 4.642 4.641 4.640 4.639 4.638 4.637 4.637 4.636 4.635 4.634 4.633 4.632 4.631 4.630 4.629 4.628 4.627 4.626 4.625 4.624 4.623 4.622 4.621 4.620 4.619 4.618 4.617 4.616 4.615 4.614 4.613 4.611 4.610 4.609 4.608 4.607 4.606
4.672 4.671 4.670 4.669 4.668 4.667 4.667 4.666 4.665 4.664 4.663 4.662 4.661 4.660 4.659 4.658 4.657 4.656 4.655 4.653 4.652 4.651 4.650 4.649 4.648 4.647 4.646 4.645 4.644 4.643 4.642 4.641 4.640 4.639 4.638 4.637 4.637 4.636 4.635 4.634 4.633 4.632 4.631 4.630 4.629 4.628 4.627 4.626 4.625 4.624 4.623 4.622 4.621 4.620 4.619 4.618 4.617 4.616 4.615 4.614 4.613 4.611 4.610 4.609 4.608 4.607 4.606
4.672 4.671 4.670 4.669 4.668 4.667 4.667 4.666 4.665 4.664 4.663 4.662 4.661 4.660 4.659 4.658 4.657 4.656 4.655 4.653 4.652 4.651 4.650 4.649 4.648 4.647 4.646 4.645 4.644 4.643 4.642 4.641 4.640 4.639 4.638 4.637 4.637 4.636 4.635 4.634 4.633 4.632 4.631 4.630 4.629 4.628 4.627 4.626 4.625 4.624 4.623 4.622 4.621 4.620 4.619 4.618 4.617 4.616 4.615 4.614 4.613 4.612 4.610 4.609 4.608 4.607 4.606
