includes/lisflood-fp-604/results/res.totaltm
ncols         631
nrows         906
xllcorner     364927.146667
yllcorner     6531972.565556
cellsize      20.000000
NODATA_value  -9999.000000
[rows 99 to 131 of 906, columns 148 to 221 of 631]
0.000 0.000 0.000 0.000 0.000 0.000 0.000 0.000 0.000 0.000 0.000 0.000 0.000 0.000 0.000 0.000 0.000 0.000 0.000 0.000 0.054 0.000 0.000 0.000 0.000 0.000 0.000 0.000 1.205 0.000 0.000 3.583 0.000 0.000 0.000 3.699 4.471 4.628 4.642 4.681 4.689 4.696 4.498 4.563 4.573 4.601 4.608 4.681 4.688 3.993 4.763 4.773 4.794 0.000 4.906 4.942 4.810 5.414 5.352 5.374 5.206 4.697 4.867 4.450 4.923 4.379 5.530 5.581 5.616 5.600 5.539 5.808 5.750 6.100
0.000 0.000 0.000 0.000 0.000 0.000 0.000 0.000 0.000 0.000 0.000 0.000 0.000 0.000 0.000 0.000 0.000 0.000 0.000 0.000 0.000 0.000 0.000 0.000 0.000 0.000 0.000 0.000 1.254 0.041 3.626 3.631 0.000 4.304 4.322 4.208 4.462 4.358 4.680 4.694 4.699 4.707 4.815 3.799 4.566 4.558 4.571 0.000 4.772 4.780 1.956 4.783 4.831 4.878 0.000 4.950 4.976 0.000 5.338 0.000 5.188 5.018 5.009 4.957 0.000 5.597 5.612 5.621 5.685 5.696 5.707 5.042 5.698 5.836
0.000 0.000 0.000 0.000 0.000 0.000 0.000 0.000 0.000 0.000 0.000 0.000 0.000 0.000 0.000 0.000 0.000 0.000 0.000 0.000 0.000 0.000 0.000 0.000 0.000 0.000 0.000 0.129 3.540 3.607 3.649 3.689 3.727 4.355 4.383 4.441 4.453 4.118 4.694 4.711 4.708 4.831 4.829 4.884 0.000 4.324 4.176 0.000 0.000 4.857 4.867 4.875 4.507 4.887 4.953 0.000 5.024 0.000 5.324 5.269 0.000 5.007 4.951 4.403 5.524 5.536 0.000 5.544 5.587 5.625 5.791 5.662 5.757 5.878
0.000 0.000 0.000 0.000 0.000 0.000 0.000 0.000 0.000 0.000 0.000 0.000 0.000 0.000 0.000 0.000 0.000 0.000 0.000 0.000 0.000 0.000 0.000 0.000 0.000 0.000 0.000 0.137 0.000 0.000 0.000 3.362 2.868 4.382 4.408 4.444 3.933 3.776 3.787 4.871 4.964 4.839 4.842 5.074 5.110 0.000 4.420 4.856 4.905 0.000 4.870 4.964 4.971 0.000 4.961 5.027 5.037 5.054 5.074 5.262 4.347 4.931 5.066 5.064 5.443 0.000 5.002 5.311 5.628 5.667 5.809 5.863 5.811 5.754
0.000 0.000 0.000 0.000 0.000 0.000 0.000 0.000 0.000 0.000 0.000 0.000 0.000 0.000 0.000 0.454 0.000 0.000 0.000 0.000 0.276 0.000 0.000 0.000 0.000 0.000 0.000 0.000 0.000 0.000 0.000 0.000 0.000 4.438 4.451 4.640 4.662 4.678 4.693 4.704 5.004 5.024 5.073 5.100 5.130 5.416 0.000 0.000 5.153 5.158 0.000 0.000 5.045 5.051 4.570 5.023 5.036 5.066 4.593 5.203 5.194 5.182 5.088 5.403 5.433 0.000 4.399 5.407 5.508 5.938 5.947 5.872 6.080 6.165
0.000 0.000 0.000 0.000 0.000 0.000 0.000 0.000 0.000 0.000 0.000 0.000 0.000 0.000 0.101 0.486 0.527 0.913 1.639 1.622 1.641 0.877 0.140 0.000 0.000 0.000 0.000 0.000 0.000 0.000 0.000 0.000 0.000 0.000 4.370 4.123 3.944 4.157 0.000 4.853 4.663 4.958 5.035 5.054 5.009 5.422 5.443 5.451 0.000 5.214 5.222 0.000 0.000 5.114 5.120 4.785 5.107 5.077 5.080 4.978 5.070 5.066 5.175 5.386 0.000 0.000 0.000 5.939 5.948 5.924 5.953 5.947 5.557 6.189
0.000 0.000 0.000 0.000 0.000 0.000 0.000 0.000 0.000 0.000 0.000 0.000 0.000 0.000 0.000 0.000 0.000 0.581 0.270 1.894 0.000 0.000 0.111 0.000 0.000 0.495 0.000 0.000 0.000 0.000 0.000 0.000 0.000 0.000 4.157 4.142 4.641 4.651 4.855 4.867 5.019 5.029 5.042 5.055 5.239 0.000 5.451 5.458 5.476 0.000 5.326 5.336 5.317 0.000 5.190 5.239 5.117 5.095 5.222 5.352 5.329 5.456 5.518 5.375 0.000 0.000 0.000 5.926 6.021 6.032 6.016 5.488 6.044 5.052
0.000 0.000 0.000 0.000 0.000 0.000 0.000 0.000 0.000 0.000 0.000 0.000 0.000 0.000 0.000 0.000 0.591 0.645 1.969 2.138 2.098 2.231 0.000 0.000 0.569 0.599 0.623 0.691 0.000 0.000 0.000 0.000 0.000 4.078 4.145 3.913 4.629 4.642 4.408 5.007 5.044 5.043 5.051 5.241 5.260 5.279 4.425 5.468 5.488 5.504 0.000 5.409 5.428 5.369 0.000 5.253 5.266 5.276 5.429 5.370 5.061 5.362 5.560 0.000 3.495 0.000 5.764 5.945 6.032 6.043 6.023 6.006 5.859 0.000
0.000 0.000 0.000 0.000 0.000 0.000 0.000 0.000 0.000 0.000 0.000 0.000 0.000 0.000 0.000 1.644 0.000 0.000 2.141 2.173 2.721 2.773 2.070 2.037 0.000 0.000 0.684 0.764 0.785 0.800 1.494 0.000 0.000 0.000 0.000 4.595 4.612 0.000 4.378 4.310 5.090 5.044 5.214 5.227 5.247 5.300 5.305 5.432 0.000 5.511 5.536 0.000 5.440 5.428 5.411 4.538 5.184 5.060 5.467 5.702 5.749 5.668 5.704 5.755 2.496 2.374 5.698 6.105 6.086 6.059 6.073 5.879 0.000 6.570
0.000 0.000 0.000 0.000 0.000 0.000 0.000 0.000 0.000 0.000 0.000 0.000 0.000 0.000 0.000 1.681 1.940 2.028 2.099 0.000 2.401 2.842 2.482 0.000 0.000 0.000 0.000 0.000 0.000 0.000 1.512 1.483 0.000 0.000 4.541 4.553 0.000 5.153 3.756 5.247 5.319 4.386 5.230 5.247 5.225 5.401 5.418 5.392 5.333 0.000 5.545 5.560 5.566 0.000 5.469 5.496 5.518 5.538 5.509 5.742 5.776 5.663 0.000 5.818 4.892 6.138 6.182 6.118 6.103 6.069 6.117 6.044 0.000 6.586
0.000 0.000 0.000 0.000 0.000 0.000 0.000 0.000 0.000 0.000 0.000 0.000 0.000 0.000 0.000 0.000 1.916 0.000 2.163 1.307 0.000 2.892 1.957 2.979 3.007 0.000 1.337 2.528 2.559 2.559 2.524 0.000 0.000 4.499 4.527 0.000 5.143 5.180 5.206 5.229 5.336 5.191 5.365 5.257 5.348 5.360 5.432 5.444 5.515 5.098 0.000 5.562 5.604 5.634 4.942 5.487 5.506 5.616 5.161 5.762 5.973 5.689 5.859 5.909 6.035 6.134 6.195 6.248 0.000 6.175 6.167 0.000 6.606 6.593
0.000 0.000 0.000 0.000 0.000 0.000 0.000 0.042 0.000 0.000 0.000 0.000 0.000 0.000 0.000 1.806 1.827 0.000 2.192 1.089 3.214 3.271 3.133 0.000 3.202 3.116 0.000 2.193 2.897 3.376 2.405 0.000 4.380 4.482 0.000 5.061 5.081 4.939 0.000 3.541 5.446 5.173 5.379 4.477 4.544 5.444 5.479 5.515 5.523 5.393 5.523 2.993 5.635 5.651 5.670 5.685 5.794 5.863 5.550 5.467 6.013 6.048 5.671 5.974 6.180 6.291 6.268 6.260 6.249 6.229 0.000 6.360 6.617 6.609
0.000 0.000 0.000 0.000 0.000 0.000 0.000 0.216 0.000 0.640 0.000 0.000 0.000 0.000 0.000 1.744 0.000 2.937 2.969 3.226 3.268 3.305 0.000 3.236 3.220 0.000 3.033 3.224 3.400 3.385 0.000 4.248 4.340 0.000 4.932 4.947 4.803 0.000 4.719 4.779 5.500 5.526 5.539 5.190 4.772 5.429 5.460 5.420 5.568 5.589 5.615 5.643 5.664 5.634 5.580 5.668 5.651 5.879 5.884 5.917 0.000 6.082 5.455 6.061 6.070 6.301 6.118 6.271 6.263 6.219 0.000 6.634 6.624 0.000
0.000 0.000 0.000 0.000 0.000 0.000 0.000 0.242 0.749 0.665 0.000 0.000 0.000 0.000 1.686 1.711 0.000 0.000 0.000 0.000 2.084 3.341 3.402 3.375 0.000 0.000 3.225 3.351 3.449 3.454 4.106 4.127 0.000 4.897 4.915 4.454 4.836 4.869 4.321 0.000 5.320 5.397 5.582 4.816 0.000 5.421 4.972 5.514 5.572 5.595 5.651 5.672 5.696 5.474 5.607 5.668 5.668 5.932 5.951 5.946 6.092 6.120 6.217 6.090 6.336 6.308 0.000 6.375 0.000 3.182 6.618 6.643 6.357 6.626
0.000 0.000 0.000 0.000 0.000 0.000 0.000 0.000 0.779 0.692 0.727 0.000 1.251 1.558 1.623 0.000 0.000 0.000 0.000 3.531 3.689 3.721 3.761 0.000 3.244 3.406 3.232 2.122 0.000 4.134 4.051 0.000 4.793 4.804 4.643 4.648 4.980 5.017 5.062 5.295 5.334 5.347 5.605 4.734 5.528 5.190 5.449 0.000 5.605 5.583 5.672 5.696 5.725 5.750 5.829 5.844 5.716 5.847 6.001 6.006 5.656 6.008 6.407 0.000 6.371 0.000 6.387 6.394 6.475 6.463 6.466 6.655 5.798 6.615
0.000 0.000 0.000 0.000 0.000 0.000 0.021 0.000 0.835 0.000 0.757 0.917 0.000 1.537 0.000 0.000 0.000 0.000 0.000 0.000 0.000 3.747 3.783 0.000 3.722 3.398 3.217 0.000 4.240 4.149 0.000 4.745 4.778 3.686 4.862 4.895 4.932 4.904 5.036 5.018 5.289 4.527 5.617 5.598 5.573 5.491 5.720 5.707 5.693 0.000 0.000 5.690 5.721 5.731 5.597 5.946 5.817 5.905 6.015 6.023 5.496 6.328 6.415 6.396 6.385 0.000 6.369 6.254 6.488 6.574 6.523 6.662 6.660 5.426
0.000 0.000 0.000 0.000 0.000 0.693 0.049 0.891 0.870 0.000 0.000 0.976 1.359 1.461 0.000 0.000 0.000 0.000 0.000 0.000 0.000 3.783 3.803 3.979 3.751 3.569 0.000 4.379 4.307 0.000 4.682 4.704 3.840 3.814 3.692 4.781 4.841 4.984 4.854 5.241 5.273 5.231 5.627 5.676 5.688 5.719 5.731 4.116 5.556 5.683 5.691 5.697 5.630 4.979 5.671 5.957 5.928 5.549 6.103 6.100 6.120 6.451 6.461 6.469 0.000 6.497 0.000 6.324 6.427 6.583 6.457 6.668 6.686 6.691
0.000 0.000 0.000 0.000 0.000 0.732 0.000 1.115 0.000 0.000 0.000 0.000 1.309 0.000 0.000 0.000 0.000 0.000 0.000 2.286 3.789 3.810 3.835 3.992 3.945 3.407 4.377 4.402 4.283 4.594 4.607 3.317 3.955 3.839 4.033 4.730 4.628 5.070 5.090 5.173 5.192 5.207 4.930 5.501 5.544 5.584 5.805 5.606 5.580 5.058 5.053 5.813 5.826 5.838 4.652 5.979 6.060 0.000 6.143 5.755 6.276 6.290 0.000 6.493 6.501 6.509 5.848 6.459 6.536 6.621 6.634 6.646 6.654 6.702
0.000 0.000 0.000 0.000 1.106 1.149 1.195 1.154 0.000 0.000 0.000 1.243 1.267 1.239 0.397 0.326 0.000 0.000 0.000 3.748 3.770 0.000 3.630 4.098 4.119 0.000 4.404 4.421 4.551 4.561 0.000 3.407 4.150 4.444 4.489 4.545 4.870 4.894 5.136 5.156 5.157 5.069 5.044 5.066 0.000 5.811 5.837 0.000 5.552 5.473 5.669 5.682 5.575 5.852 6.065 6.073 6.071 6.178 6.157 6.171 6.262 6.273 6.175 6.188 0.000 6.534 6.541 6.601 6.461 6.610 6.625 6.606 1.534 6.681
0.000 0.000 0.000 0.000 0.000 0.000 1.256 0.000 0.000 0.958 1.166 1.189 0.000 1.017 0.000 0.000 0.000 0.000 0.000 3.517 3.750 3.402 4.074 4.124 4.139 4.331 4.348 0.000 4.280 4.496 4.331 4.313 3.244 4.350 4.438 4.496 4.865 4.891 5.112 4.978 5.105 5.089 5.072 0.000 0.000 5.799 5.850 5.854 0.000 5.639 5.658 5.920 5.959 6.059 6.073 6.082 0.000 6.196 5.546 6.270 6.284 0.000 6.460 6.496 6.502 0.000 6.435 6.614 6.626 6.624 6.635 6.588 6.641 6.595
0.000 0.000 0.000 0.000 0.000 0.000 1.307 1.359 1.167 1.038 1.152 0.000 1.682 1.628 0.175 0.060 0.000 0.000 3.478 3.501 0.000 3.342 0.000 2.966 0.000 4.189 3.745 4.260 4.345 4.485 4.459 0.000 4.336 4.507 4.543 4.567 4.585 4.859 4.817 3.785 3.785 5.012 4.386 4.902 4.930 0.000 5.860 5.879 5.891 0.000 5.703 5.716 0.000 6.012 0.000 6.121 6.280 6.240 6.225 5.999 6.487 6.496 6.362 0.541 6.547 0.000 6.641 6.393 6.633 6.564 6.731 6.744 6.757 6.770
0.000 0.000 0.000 0.000 0.537 0.000 0.000 1.398 1.647 0.000 1.924 1.635 1.741 0.816 0.690 0.000 0.000 3.345 3.364 0.000 0.000 3.265 0.000 2.607 2.673 0.000 3.709 0.000 4.323 4.057 4.448 4.476 4.498 4.508 0.000 0.000 4.726 4.823 4.795 4.921 4.971 4.993 4.944 4.924 5.000 5.017 0.000 5.866 5.908 5.920 5.583 5.878 5.935 5.932 5.784 5.825 6.292 6.192 6.082 6.476 5.586 6.542 0.000 6.547 6.554 6.641 6.648 6.623 6.653 6.637 6.742 6.755 6.770 6.778
0.000 0.000 0.000 0.270 0.689 0.722 0.000 1.442 1.788 1.814 1.946 1.994 2.018 2.033 0.000 0.000 3.230 3.327 0.000 0.000 0.000 3.191 1.547 2.735 1.901 0.000 4.029 4.285 4.305 4.287 0.000 0.000 3.950 4.562 4.572 4.688 4.708 3.541 4.773 4.685 4.865 4.882 4.822 2.962 4.317 5.044 5.063 0.000 0.000 5.933 5.950 5.939 5.946 5.932 5.780 6.294 6.328 6.369 6.284 6.530 6.543 6.559 6.571 6.581 6.518 0.000 6.703 6.709 6.732 6.544 6.747 6.762 6.776 6.787
0.000 0.000 0.000 0.000 0.000 0.754 1.217 1.277 1.200 1.373 1.925 1.677 1.938 2.258 0.000 3.134 3.150 0.000 0.000 0.970 0.000 2.124 0.000 0.000 3.242 3.291 3.920 4.051 4.285 4.209 4.038 4.231 4.261 4.510 0.000 0.000 4.698 4.722 4.747 4.251 4.845 4.863 4.572 4.509 4.468 0.000 5.160 5.216 3.330 0.000 5.960 5.999 6.011 0.000 6.256 6.283 6.141 6.418 6.472 6.478 6.504 6.319 6.581 6.589 6.659 6.669 6.535 6.637 6.744 6.751 6.757 6.729 6.644 6.802
0.000 0.000 0.000 0.000 0.000 0.000 0.000 1.248 1.278 1.809 1.830 0.000 0.000 2.280 3.006 3.114 0.000 0.000 0.000 1.142 1.235 2.078 2.021 0.000 3.192 0.000 4.007 4.039 4.048 3.996 4.047 4.069 4.236 3.859 3.472 4.430 4.453 3.799 4.714 4.767 4.823 3.962 4.508 4.277 4.516 2.839 2.935 5.307 5.316 5.222 0.000 6.022 6.042 6.063 0.000 6.286 6.344 6.354 5.885 6.470 5.252 6.518 6.571 6.580 6.516 6.675 6.688 6.704 0.000 6.766 6.773 6.779 6.553 6.812
0.945 0.976 1.002 1.078 1.111 1.141 1.170 1.201 0.000 1.209 1.821 2.144 2.172 2.768 2.782 0.000 0.000 0.576 0.075 1.111 0.000 2.014 0.000 2.793 3.136 0.000 3.886 3.140 3.678 3.971 3.933 3.692 4.033 3.895 3.842 3.761 4.427 0.000 4.299 4.744 4.739 4.724 4.475 4.522 4.623 4.637 4.719 0.000 5.366 5.373 5.341 0.000 6.067 6.082 6.118 6.145 6.218 6.229 6.286 6.307 6.493 6.511 6.110 6.394 6.501 0.000 6.701 6.713 6.722 0.000 0.000 6.797 6.806 6.814
0.000 0.000 0.000 0.000 0.000 0.000 1.097 0.000 0.000 0.000 0.000 2.064 2.139 0.000 0.000 1.219 1.170 1.112 0.000 1.081 0.746 1.952 0.000 2.934 0.000 0.000 0.000 3.571 3.906 3.936 3.799 3.741 4.086 4.111 4.124 4.137 4.402 4.018 4.494 4.710 4.722 4.677 4.526 4.452 3.629 4.517 4.737 4.748 0.000 5.409 5.418 5.385 0.000 5.534 6.125 6.141 6.209 6.215 6.214 6.286 6.164 5.966 5.879 6.371 6.297 0.000 6.543 6.609 6.730 6.737 6.755 0.000 6.819 6.824
0.000 0.000 0.000 0.000 0.000 0.000 0.000 0.000 0.000 0.000 0.000 0.000 1.723 1.584 0.000 1.273 0.000 0.125 0.000 0.000 0.699 0.000 0.000 2.963 2.986 0.000 0.000 0.000 0.000 3.843 2.927 3.706 4.003 4.082 0.000 0.000 4.250 4.130 4.411 4.673 4.704 3.705 4.497 4.334 4.395 4.503 4.358 4.896 4.985 5.002 5.437 5.450 5.459 0.000 0.000 6.052 6.185 6.178 6.131 6.125 6.222 6.237 6.305 6.340 0.000 6.539 6.545 6.603 0.000 6.760 6.769 6.778 0.000 0.000
0.000 0.000 0.000 0.000 0.000 0.000 0.000 0.000 0.074 0.598 0.672 0.000 0.000 1.595 1.617 1.946 0.000 1.179 0.000 0.000 0.548 0.000 0.000 0.000 3.382 3.403 0.000 0.000 3.727 3.833 3.322 3.919 3.932 3.604 3.689 0.000 4.105 4.317 4.386 3.597 4.683 4.663 0.000 0.000 4.382 4.196 4.772 4.790 3.972 5.065 5.261 4.734 5.469 5.476 4.598 0.000 6.137 6.152 6.144 6.020 5.942 6.008 6.318 1.467 6.402 6.418 6.551 6.575 0.000 6.590 3.280 6.791 6.797 6.814
0.000 0.000 0.000 0.000 0.000 0.000 0.000 0.000 0.000 0.433 0.733 0.801 0.900 0.000 1.945 1.991 1.953 1.664 1.038 0.985 0.032 0.000 0.000 0.000 0.000 3.424 3.441 3.412 2.910 3.373 3.782 3.915 3.954 3.988 4.140 4.152 4.230 4.271 4.309 4.609 4.663 3.635 4.132 0.000 4.300 3.285 4.794 4.812 5.026 5.048 4.986 4.958 3.273 5.542 5.554 5.044 0.000 6.139 6.091 6.080 6.068 6.022 6.343 6.370 6.388 6.391 6.546 0.000 6.514 6.528 6.514 0.000 6.814 6.822
0.000 0.000 0.000 0.000 0.000 0.000 0.000 0.000 0.000 0.584 0.689 1.717 1.971 1.976 0.000 2.035 0.362 1.644 0.000 0.902 0.000 0.000 0.000 0.000 0.000 3.349 3.521 3.550 3.628 3.738 3.762 3.790 3.958 3.980 4.125 4.141 3.658 3.614 4.280 4.211 4.477 2.873 4.179 4.165 0.000 4.300 3.813 3.856 4.994 4.716 5.029 3.806 5.072 2.241 5.740 5.785 5.809 5.826 5.820 5.838 6.028 6.002 6.139 6.386 6.404 0.000 6.539 6.522 0.000 6.514 6.389 0.000 0.000 0.000
0.000 0.000 0.000 0.000 0.000 0.000 0.000 0.000 0.000 0.000 0.598 0.000 2.164 2.181 2.241 2.257 2.330 0.000 0.457 0.825 0.000 0.000 0.000 0.000 3.209 3.420 3.155 0.000 3.596 3.716 3.751 3.772 3.750 4.077 4.096 3.759 0.000 3.717 4.244 3.039 4.227 0.000 4.234 3.119 4.822 4.737 3.726 0.000 4.924 3.989 5.047 5.126 5.255 5.278 0.000 5.768 5.786 5.808 0.000 6.276 5.913 5.887 6.387 6.403 6.416 6.515 6.521 0.000 6.377 6.400 6.249 6.397 6.415 6.616
0.000 0.000 0.000 0.000 0.000 0.000 0.000 0.000 0.000 0.000 0.000 1.152 2.081 1.996 2.084 1.192 2.419 2.436 0.000 0.000 0.000 0.000 0.000 0.000 3.323 3.448 3.595 3.606 3.675 3.703 3.714 0.000 0.000 3.605 4.027 3.854 4.018 4.120 4.138 0.000 4.198 0.000 4.248 0.000 4.842 4.861 4.873 4.975 3.377 3.925 3.608 5.189 5.219 5.467 5.484 5.696 5.643 0.000 6.105 6.287 6.316 6.359 6.361 5.962 6.444 6.506 6.018 5.991 0.000 6.465 6.488 0.000 6.614 6.628
