includes/lisflood-fp-604/results/res.totaltm
ncols         631
nrows         906
xllcorner     364927.146667
yllcorner     6531972.565556
cellsize      20.000000
NODATA_value  -9999.000000
[rows 660 to 692 of 906, columns 370 to 443 of 631]
0.000 0.000 0.000 0.000 0.000 0.000 0.000 0.000 0.000 0.000 0.000 0.000 0.000 0.000 0.000 0.000 1.990 1.091 3.607 2.377 9.057 9.062 9.073 4.472 9.110 4.597 9.178 9.237 9.251 3.458 9.358 9.366 9.387 9.397 9.402 9.411 9.424 5.113 9.511 9.518 9.525 9.653 7.554 9.603 9.629 9.638 5.121 7.334 9.867 9.884 4.717 6.660 10.351 10.077 10.065 6.755 11.591 12.056 5.873 10.558 10.170 10.433 10.360 10.347 10.341 10.104 10.101 10.086 5.722 10.099 10.117 10.131 10.425 10.443
0.000 0.000 0.000 0.000 0.000 0.000 0.000 0.000 0.000 0.000 0.000 0.000 0.000 0.000 0.000 0.000 0.000 1.922 2.296 3.708 8.265 9.058 9.050 5.171 9.075 9.065 4.941 7.018 4.730 2.838 9.353 9.361 7.664 8.022 9.401 9.417 9.433 9.474 9.499 2.576 9.675 9.663 9.547 4.928 9.637 9.644 9.712 3.793 9.884 6.323 9.962 9.972 10.335 9.983 3.801 4.393 11.609 12.056 5.882 10.486 10.472 10.389 10.379 7.016 10.333 10.358 10.359 10.104 10.086 4.774 10.107 10.127 10.032 10.427
0.000 0.000 0.000 0.000 0.000 0.000 0.000 0.000 0.000 0.000 0.000 0.000 0.000 0.000 0.000 0.000 0.000 0.000 1.039 1.908 2.619 3.464 2.702 3.581 4.303 9.056 3.685 7.116 4.195 9.342 9.349 6.569 9.377 9.384 9.392 9.402 4.572 9.488 9.442 6.379 9.685 6.780 9.719 7.058 9.602 7.436 9.727 9.680 4.314 7.074 9.919 9.977 9.981 6.748 4.302 5.313 12.056 11.616 4.641 10.475 7.399 5.605 6.248 10.351 10.358 10.367 10.379 10.408 9.702 10.101 10.114 10.335 10.374 10.409
0.000 0.000 0.000 0.000 0.000 0.000 0.000 0.000 0.000 0.000 0.000 0.000 0.000 0.000 0.000 0.000 0.000 0.000 0.000 0.000 2.964 1.911 2.804 3.374 5.156 9.016 4.258 9.248 9.268 2.046 9.343 4.325 5.229 4.879 9.403 8.342 9.503 9.513 2.393 9.682 9.698 9.708 9.728 9.647 7.030 9.837 9.842 9.862 9.875 9.908 9.914 9.342 9.976 4.250 9.972 4.956 11.645 11.707 10.569 10.526 10.500 8.518 5.915 10.355 10.369 10.384 10.411 10.422 7.200 8.188 9.108 7.771 10.375 10.393
0.000 0.000 0.000 0.000 0.000 0.000 0.000 0.000 0.000 0.000 0.000 0.000 0.000 0.000 0.000 0.000 0.000 0.000 0.000 0.000 0.000 1.067 8.699 3.771 3.618 9.005 4.091 3.612 2.470 9.317 9.320 4.834 4.349 4.118 3.981 4.847 9.513 9.519 9.531 9.674 9.580 9.736 9.743 9.752 9.821 9.831 5.869 7.528 9.842 3.106 9.884 9.921 9.925 7.250 4.544 7.268 11.437 12.056 9.867 6.974 10.492 5.742 5.774 8.126 7.803 10.399 10.420 10.469 10.479 10.419 7.952 8.179 7.911 7.915
0.000 0.000 0.000 0.000 0.000 0.000 0.000 0.000 0.000 0.000 0.000 0.000 0.000 0.000 0.000 0.000 0.000 0.000 0.000 0.000 0.000 0.000 2.474 2.413 5.843 8.998 8.999 3.620 1.246 9.313 9.314 4.035 4.150 6.071 5.391 9.492 9.500 2.604 9.643 9.665 8.083 9.620 9.683 9.690 9.814 9.824 9.825 9.832 9.838 9.838 4.687 9.909 4.072 4.654 6.523 10.561 6.737 12.056 12.056 7.580 7.392 10.467 7.468 6.716 8.410 9.610 10.449 10.490 10.497 5.231 5.143 10.404 6.477 5.737
0.000 0.000 0.000 0.000 0.000 0.000 0.000 0.000 0.000 0.000 0.000 0.000 0.000 0.000 0.000 0.000 0.000 0.000 0.000 0.000 0.000 0.000 0.987 3.087 3.560 6.632 9.016 3.231 4.274 9.304 3.917 3.864 4.593 9.394 7.757 9.500 9.507 9.515 9.635 9.619 9.649 6.966 9.649 7.868 4.116 9.814 9.825 9.672 9.693 9.846 9.852 4.190 4.824 4.852 6.412 5.859 10.429 5.926 12.056 12.056 6.508 3.602 6.635 5.870 7.608 6.704 8.825 10.508 10.511 6.645 6.076 8.370 4.755 5.754
0.000 0.000 0.000 0.000 0.000 0.000 0.000 0.000 0.000 0.000 0.000 0.000 0.000 0.000 0.000 0.000 0.000 0.000 0.000 0.000 0.000 0.000 0.000 1.396 2.288 3.922 6.876 2.102 2.022 2.457 2.281 3.613 9.361 5.886 3.932 9.426 3.014 9.612 9.620 3.567 9.653 9.694 6.379 7.099 9.791 9.826 9.834 9.874 9.891 9.833 9.963 2.769 5.366 5.487 4.484 9.414 7.479 10.578 10.625 12.056 11.807 5.685 10.478 10.472 10.478 10.497 10.516 10.534 10.551 10.569 10.587 10.608 10.630 10.630
0.000 0.000 0.000 0.000 0.000 0.000 0.000 0.000 0.000 0.000 0.000 0.000 0.000 0.000 0.000 0.000 0.000 0.000 0.000 0.000 0.000 0.000 0.000 0.000 2.246 3.055 8.921 2.766 9.360 7.320 9.406 5.603 3.337 4.335 4.694 5.550 9.522 9.599 9.557 6.126 4.854 9.703 9.715 9.795 9.789 9.819 9.835 9.852 9.907 6.005 6.834 10.053 5.612 10.411 10.419 10.517 10.534 10.546 5.808 6.616 12.056 7.561 10.577 5.398 5.410 5.561 4.816 4.389 4.878 4.649 4.739 3.607 10.819 11.330
0.000 0.000 0.000 0.000 0.000 0.000 0.000 0.000 0.000 0.000 0.000 0.000 0.000 0.000 0.000 0.000 0.000 0.000 0.000 0.000 0.000 0.000 0.000 0.000 0.000 2.054 5.036 9.007 2.169 2.826 9.424 9.438 9.450 9.455 5.054 9.509 8.017 9.593 6.162 6.787 9.687 9.741 9.751 9.800 9.795 4.584 8.036 9.870 9.921 10.003 10.015 10.061 3.587 3.922 10.410 6.520 4.757 4.835 4.545 4.555 12.056 12.056 10.587 5.895 8.079 10.512 5.878 5.084 10.445 5.255 5.191 5.794 11.276 11.338
0.000 0.000 0.000 0.000 0.000 0.000 0.000 0.000 0.000 0.000 0.000 0.000 0.000 0.000 0.000 0.000 0.000 0.000 0.000 0.000 0.000 0.000 0.000 0.000 0.000 0.000 1.230 3.534 4.934 9.410 9.418 2.031 1.293 9.477 9.492 9.513 9.571 9.574 7.063 4.432 9.669 5.974 9.845 9.832 4.878 9.814 9.834 9.851 9.995 10.017 9.210 10.260 10.283 10.348 10.361 5.288 4.904 10.531 10.548 10.571 11.680 12.056 6.268 6.067 6.853 5.812 5.085 10.456 7.091 5.322 5.535 6.331 11.347 11.347
0.000 0.000 0.000 0.000 0.000 0.000 0.000 0.000 0.000 0.000 0.000 0.000 0.000 0.000 0.000 0.000 0.000 0.000 0.000 0.000 0.000 0.000 0.000 0.000 0.000 0.000 0.000 0.719 1.753 2.412 2.480 9.234 9.366 2.905 9.521 9.513 9.582 6.682 9.693 9.647 5.393 9.847 9.856 4.768 9.910 9.940 9.950 9.963 9.978 9.995 7.832 7.996 6.333 10.319 10.406 10.415 10.433 10.454 5.978 4.634 5.639 12.056 8.546 8.439 11.026 7.753 9.196 10.020 4.718 5.443 6.290 7.311 11.352 11.360
0.000 0.000 0.000 0.000 0.000 0.000 0.000 0.000 0.000 0.000 0.000 0.000 0.000 0.000 0.000 0.000 0.000 0.000 0.000 0.000 0.000 0.000 0.000 0.000 0.000 0.000 0.000 0.000 0.000 2.297 2.931 4.082 7.500 9.516 9.534 6.001 8.124 9.613 9.707 9.703 9.844 9.854 9.863 9.898 9.903 9.931 9.875 9.941 9.940 9.975 9.979 4.300 5.309 10.283 5.046 10.406 5.948 10.385 10.478 5.379 9.582 12.056 12.056 5.873 5.629 5.648 5.097 10.490 5.588 5.998 7.149 7.319 11.362 11.365
0.000 0.000 0.000 0.000 0.000 0.000 0.000 0.000 0.000 0.000 0.000 0.000 0.000 0.000 0.000 0.000 0.000 0.000 0.000 0.000 0.000 0.000 0.000 0.000 0.000 0.000 0.000 0.000 0.000 0.000 1.940 5.045 4.275 4.196 7.884 9.596 7.643 9.702 9.719 9.821 9.847 9.867 9.873 9.890 9.898 9.901 9.854 9.867 9.921 9.931 9.948 9.959 6.780 9.804 10.034 3.570 5.184 10.090 10.568 10.591 8.564 8.173 12.056 8.229 5.210 5.789 5.597 5.179 5.565 7.126 7.236 7.876 8.818 11.385
0.000 0.000 0.000 0.000 0.000 0.000 0.000 0.000 0.000 0.000 0.000 0.000 0.000 0.000 0.000 0.000 0.000 0.000 0.000 0.000 0.000 0.000 0.000 0.000 0.000 0.000 0.000 0.000 0.000 0.000 0.000 1.987 2.974 5.174 5.265 9.613 9.676 9.735 9.745 9.786 9.775 9.845 9.865 9.806 9.827 9.843 9.859 9.870 9.916 9.947 9.958 9.986 10.014 10.033 10.017 10.001 3.887 10.076 10.092 10.597 10.609 10.629 12.056 12.056 5.520 6.279 5.387 5.409 7.091 7.233 11.383 7.237 7.249 10.446
0.000 0.000 0.000 0.000 0.000 0.000 0.000 0.000 0.000 0.000 0.000 0.000 0.000 0.000 0.000 0.000 0.000 0.000 0.000 0.000 0.000 0.000 0.000 0.000 0.000 0.000 0.000 0.000 0.000 0.000 0.000 1.083 0.839 4.177 6.439 9.652 9.685 9.700 9.726 9.757 9.704 9.761 9.793 9.814 9.832 9.847 9.862 9.873 9.936 9.945 9.959 9.989 10.013 10.034 10.061 3.895 10.035 10.082 10.092 10.478 10.799 11.043 6.055 12.056 8.227 5.976 5.473 6.407 7.403 7.534 11.397 8.348 8.749 11.403
0.000 0.000 0.000 0.000 0.000 0.000 0.000 0.000 0.000 0.000 0.000 0.000 0.000 0.000 0.000 0.000 0.000 0.000 0.000 0.000 0.000 0.000 0.000 0.000 0.000 0.000 0.000 0.000 0.000 0.000 0.000 0.000 0.000 2.721 4.292 7.690 5.212 9.683 9.661 9.666 9.660 9.704 2.670 2.913 3.201 2.578 9.870 9.900 9.925 9.946 9.974 10.010 10.036 10.056 10.074 10.085 10.072 10.077 10.093 10.145 10.850 11.075 11.626 12.056 12.056 6.525 5.752 11.410 7.452 11.434 7.262 10.566 11.414 11.418
0.000 0.000 0.000 0.000 0.000 0.000 0.000 0.000 0.000 0.000 0.000 0.000 0.000 0.000 0.000 0.000 0.000 0.000 0.000 0.000 0.000 0.000 0.000 0.000 0.000 0.000 0.000 0.000 0.000 0.000 0.000 0.000 0.000 0.902 3.158 4.885 6.355 9.665 9.627 9.642 9.637 9.662 6.754 6.963 5.087 9.848 9.272 9.888 9.907 9.926 9.946 10.050 10.054 10.077 10.095 10.095 10.077 10.095 4.275 10.564 11.491 11.511 11.524 11.686 12.056 12.056 7.331 11.432 8.521 11.447 7.312 7.698 11.428 11.424
0.000 0.000 0.000 0.000 0.000 0.000 0.000 0.000 0.000 0.000 0.000 0.000 0.000 0.000 0.000 0.000 0.000 0.000 0.000 0.000 0.000 0.000 0.000 0.000 0.000 0.000 0.000 0.000 0.000 0.000 0.000 0.000 0.000 0.000 2.004 5.013 5.355 9.601 9.597 9.611 9.625 6.944 5.100 9.641 9.799 8.052 9.880 7.413 9.898 9.908 9.928 10.064 10.078 10.095 10.444 10.497 3.674 10.450 10.780 11.016 11.026 8.531 8.375 11.441 12.056 12.056 7.895 7.269 8.108 9.087 9.189 11.467 7.537 11.449
0.000 0.000 0.000 0.000 0.000 0.000 0.000 0.000 0.000 0.000 0.000 0.000 0.000 0.000 0.000 0.000 0.000 0.000 0.000 0.000 0.000 0.000 0.000 0.000 0.000 0.000 0.000 0.000 0.000 0.000 0.000 0.000 0.000 0.000 0.000 3.203 9.434 9.546 9.563 3.111 4.452 4.579 9.751 9.791 9.818 9.873 9.889 9.903 9.922 9.928 10.025 10.058 10.070 10.094 10.404 10.501 10.591 10.600 10.611 10.795 11.076 11.087 11.312 11.387 11.445 12.056 12.056 7.496 11.503 8.568 9.799 10.747 11.476 11.462
0.000 0.000 0.000 0.000 0.000 0.000 0.000 0.000 0.000 0.000 0.000 0.000 0.000 0.000 0.000 0.000 0.000 0.000 0.000 0.000 0.000 0.000 0.000 0.000 0.000 0.000 0.000 0.000 0.000 0.000 0.000 0.000 0.000 0.000 0.000 0.000 2.501 2.002 0.954 1.976 2.985 3.628 9.529 9.758 9.792 3.601 4.094 9.894 9.922 9.932 9.953 2.744 10.050 3.631 3.692 3.693 3.676 6.303 7.679 8.010 8.326 11.319 11.025 11.410 11.430 11.819 12.056 12.056 7.941 11.526 7.565 11.504 11.487 7.913
0.000 0.000 0.000 0.000 0.000 0.000 0.000 0.000 0.000 0.000 0.000 0.000 0.000 0.000 0.000 0.000 0.000 0.000 0.000 0.000 0.000 0.000 0.000 0.000 0.000 0.000 0.000 0.000 0.000 0.000 0.000 0.000 0.000 0.000 0.000 0.000 0.000 0.000 0.838 8.501 2.525 3.940 5.428 9.552 9.550 9.587 9.638 5.940 6.000 9.910 9.901 9.896 9.909 9.893 9.864 9.837 3.812 3.733 1.719 1.775 6.443 11.354 11.380 11.405 11.414 11.575 12.056 12.056 9.439 9.798 11.533 11.518 8.093 9.071
0.000 0.000 0.000 0.000 0.000 0.000 0.000 0.000 0.000 0.000 0.000 0.000 0.000 0.000 0.000 0.000 0.000 0.000 0.000 0.000 0.000 0.000 0.000 0.000 0.000 0.000 0.000 0.000 0.000 0.000 0.000 0.000 0.000 0.000 0.000 0.000 0.000 0.000 0.000 8.460 8.506 5.887 3.953 2.803 2.745 4.001 3.770 8.065 4.427 9.855 3.114 9.868 9.891 9.864 9.753 9.792 9.769 9.751 9.691 1.779 1.791 1.789 11.379 11.397 11.449 11.551 11.576 12.056 12.056 11.823 11.551 9.725 10.277 8.027
0.000 0.000 0.000 0.000 0.000 0.000 0.000 0.000 0.000 0.000 0.000 0.000 0.000 0.000 0.000 0.000 0.000 0.000 0.000 0.000 0.000 0.000 0.000 0.000 0.000 0.000 0.000 0.000 0.000 0.000 0.000 0.000 0.000 0.000 0.000 0.000 0.000 0.000 0.000 0.000 1.404 1.839 2.483 2.541 2.802 5.469 9.546 9.610 9.805 9.840 6.573 4.332 4.016 3.490 3.072 9.610 9.730 9.714 9.644 9.626 9.507 1.789 1.797 1.771 7.617 7.167 12.056 10.656 12.056 12.056 11.415 10.502 11.544 11.525
0.000 0.000 0.000 0.000 0.000 0.000 0.000 0.000 0.000 0.000 0.000 0.000 0.000 0.000 0.000 0.000 0.000 0.000 0.000 0.000 0.000 0.000 0.000 0.000 0.000 0.000 0.000 0.000 0.000 0.000 0.000 0.000 0.000 0.000 0.000 0.000 0.000 0.000 0.000 0.000 0.000 0.000 2.104 1.150 2.277 4.652 4.689 5.186 6.342 9.534 9.524 9.481 8.350 3.416 3.332 3.225 9.509 5.514 9.587 9.608 9.564 9.507 9.470 1.806 7.634 7.848 8.013 7.965 12.056 12.056 10.114 11.632 8.578 7.615
0.000 0.000 0.000 0.000 0.000 0.000 0.000 0.000 0.000 0.000 0.000 0.000 0.000 0.000 0.000 0.000 0.000 0.000 0.000 0.000 0.000 0.000 0.000 0.000 0.000 0.000 0.000 0.000 0.000 0.000 0.000 0.000 0.000 0.000 0.000 0.000 0.000 0.000 0.000 0.000 0.000 0.000 0.000 0.860 2.387 2.656 3.394 5.529 4.359 3.698 9.477 3.635 4.714 4.106 5.233 5.780 5.512 9.502 9.518 9.590 5.767 9.497 9.459 1.812 7.895 11.504 8.778 8.157 8.244 12.056 9.253 7.668 11.588 7.532
0.000 0.000 0.000 0.000 0.000 0.000 0.000 0.000 0.000 0.000 0.000 0.000 0.000 0.000 0.000 0.000 0.000 0.000 0.000 0.000 0.000 0.000 0.000 0.000 0.000 0.000 0.000 0.000 0.000 0.000 0.000 0.000 0.000 0.000 0.000 0.000 0.000 0.000 0.000 0.000 0.000 0.000 0.000 0.000 0.000 1.749 3.283 9.421 9.438 9.460 9.470 5.022 4.164 4.830 4.081 4.504 4.715 9.486 9.455 5.005 9.409 9.481 9.417 1.815 7.389 8.357 11.508 7.812 8.294 12.056 12.056 8.326 8.800 7.752
0.000 0.000 0.000 0.000 0.000 0.000 0.000 0.000 0.000 0.000 0.000 0.000 0.000 0.000 0.000 0.000 0.000 0.000 0.000 0.000 0.000 0.000 0.000 0.000 0.000 0.000 0.000 0.000 0.000 0.000 0.000 0.000 0.000 0.000 0.000 0.000 0.000 0.000 0.000 0.000 0.000 0.000 0.000 0.000 0.000 0.000 2.717 3.983 5.865 9.426 9.456 9.398 7.221 4.748 9.323 9.419 9.431 9.462 9.436 4.054 9.365 9.438 9.426 1.800 1.817 11.453 7.366 8.648 7.890 12.056 12.056 8.145 9.134 7.787
0.000 0.000 0.000 0.000 0.000 0.000 0.000 0.000 0.000 0.000 0.000 0.000 0.000 0.000 0.000 0.000 0.000 0.000 0.000 0.000 0.000 0.000 0.000 0.000 0.000 0.000 0.000 0.000 0.000 0.000 0.000 0.000 0.000 0.000 0.000 0.000 0.000 0.000 0.000 0.000 0.000 0.000 0.000 0.000 0.000 0.000 0.000 2.369 3.325 5.165 5.407 9.006 5.684 9.346 9.337 9.408 9.419 9.453 9.424 9.410 9.355 9.430 9.419 9.406 1.802 1.818 11.456 7.971 7.607 8.200 12.056 12.056 7.703 8.461
0.000 0.000 0.000 0.000 0.000 0.000 0.000 0.000 0.000 0.000 0.000 0.000 0.000 0.000 0.000 0.000 0.000 0.000 0.000 0.000 0.000 0.000 0.000 0.000 0.000 0.000 0.000 0.000 0.000 0.000 0.000 0.000 0.000 0.000 0.000 0.000 0.000 0.000 0.000 0.000 0.000 0.000 0.000 0.000 0.000 0.000 0.000 1.090 3.045 3.931 5.077 9.368 9.361 9.350 9.351 9.392 9.222 9.443 9.412 9.401 9.368 9.417 9.376 9.381 9.364 1.804 1.819 8.124 8.180 8.085 12.056 12.056 8.352 11.722
0.000 0.000 0.000 0.000 0.000 0.000 0.000 0.000 0.000 0.000 0.000 0.000 0.000 0.000 0.000 0.000 0.000 0.000 0.000 0.000 0.000 0.000 0.000 0.000 0.000 0.000 0.000 0.000 0.000 0.000 0.000 0.000 0.000 0.000 0.000 0.000 0.000 0.000 0.000 0.000 0.000 0.000 0.000 0.000 0.000 0.000 0.000 0.994 3.397 4.617 9.330 9.360 9.330 9.074 9.334 9.315 9.396 9.430 9.388 9.382 9.372 9.337 9.351 9.362 9.357 9.345 1.803 1.792 8.140 7.751 8.179 12.056 12.056 7.933
0.000 0.000 0.000 0.000 0.000 0.000 0.000 0.000 0.000 0.000 0.000 0.000 0.000 0.000 0.000 0.000 0.000 0.000 0.000 0.000 0.000 0.000 0.000 0.000 0.000 0.000 0.000 0.000 0.000 0.000 0.000 0.000 0.000 0.000 0.000 0.000 0.000 0.000 0.000 0.000 0.000 0.000 0.000 0.000 0.000 0.000 0.000 0.000 1.753 2.875 5.545 9.015 9.319 9.309 9.057 9.302 6.283 9.095 9.311 9.311 9.094 9.328 9.320 9.332 9.331 9.325 9.318 1.801 1.761 7.888 7.891 12.056 12.056 12.056
0.000 0.000 0.000 0.000 0.000 0.000 0.000 0.000 0.000 0.000 0.000 0.000 0.000 0.000 0.000 0.000 0.000 0.000 0.000 0.000 0.000 0.000 0.000 0.000 0.000 0.000 0.000 0.000 0.000 0.000 0.000 0.000 0.000 0.000 0.000 0.000 0.000 0.000 0.000 0.000 0.000 0.000 0.000 0.000 0.000 0.000 0.000 0.000 0.000 2.450 2.826 9.095 9.134 9.285 9.278 9.260 9.254 9.279 9.298 9.077 9.155 9.170 9.230 9.198 9.163 9.197 9.306 9.237 1.406 7.481 7.828 7.895 8.179 12.056
