includes/lisflood-fp-604/results/res.inittm
ncols         631
nrows         906
xllcorner     364927.146667
yllcorner     6531972.565556
cellsize      20.000000
NODATA_value  -9999.000000
[rows 203 to 231 of 906, columns 268 to 334 of 631]
-9999.000 -9999.000 -9999.000 -9999.000 -9999.000 -9999.000 -9999.000 -9999.000 -9999.000 -9999.000 -9999.000 -9999.000 -9999.000 4.689 4.554 4.566 -9999.000 4.340 4.260 4.247 4.205 4.211 4.160 4.134 4.195 4.051 4.025 4.011 3.998 3.967 3.951 3.939 3.820 3.753 3.742 3.713 3.838 3.807 3.682 3.667 3.565 3.528 3.822 3.926 3.847 3.466 3.447 3.444 3.431 3.403 3.393 3.407 3.389 3.353 3.337 3.332 3.319 3.313 3.329 3.400 3.224 3.223 3.293 3.341 3.237 3.198 3.174
-9999.000 -9999.000 -9999.000 -9999.000 -9999.000 -9999.000 -9999.000 -9999.000 -9999.000 -9999.000 -9999.000 -9999.000 4.556 -9999.000 4.447 4.515 4.321 4.286 4.241 4.245 4.190 4.173 4.214 4.142 4.071 4.053 4.025 3.995 3.985 3.957 3.945 3.933 3.829 3.875 3.740 3.695 3.692 3.906 3.949 3.847 3.795 3.514 3.501 3.471 3.465 3.452 3.443 3.435 3.404 3.397 3.389 3.366 3.354 3.343 3.332 3.323 3.317 3.301 3.320 3.397 3.222 3.198 3.192 3.183 3.167 3.159 3.198
-9999.000 -9999.000 -9999.000 -9999.000 -9999.000 -9999.000 -9999.000 -9999.000 -9999.000 -9999.000 -9999.000 -9999.000 4.471 4.451 4.418 4.390 4.337 4.275 4.213 4.191 4.173 4.151 4.132 4.085 4.077 4.055 4.031 4.003 3.984 3.974 3.962 3.936 3.825 3.812 3.797 3.676 3.676 3.560 3.539 3.524 3.509 3.502 3.490 3.484 3.467 3.462 3.891 3.824 3.464 3.442 3.511 3.419 3.477 4.196 4.058 3.320 3.312 3.291 3.287 3.251 3.347 3.228 3.383 3.172 3.163 3.152 3.144
-9999.000 -9999.000 -9999.000 -9999.000 -9999.000 -9999.000 -9999.000 -9999.000 -9999.000 -9999.000 -9999.000 -9999.000 4.448 4.436 4.357 4.341 4.364 4.326 4.245 4.185 4.163 4.134 4.125 4.100 4.177 4.075 4.036 3.991 3.974 3.954 3.934 3.924 3.872 3.829 3.955 3.657 3.573 3.565 3.551 3.539 3.516 3.511 3.581 3.794 3.519 3.490 3.635 3.798 3.640 3.470 3.443 3.428 3.435 3.509 3.434 3.423 3.472 3.297 3.390 3.247 3.224 3.219 3.215 3.196 3.362 3.332 3.171
-9999.000 -9999.000 -9999.000 -9999.000 -9999.000 -9999.000 -9999.000 -9999.000 -9999.000 -9999.000 -9999.000 -9999.000 -9999.000 -9999.000 4.347 4.313 4.270 4.224 4.197 4.177 4.142 4.141 4.096 4.087 4.030 4.066 4.015 4.004 3.999 3.959 3.956 3.956 3.904 3.851 3.844 3.832 3.888 3.892 3.827 3.796 3.779 3.685 3.591 3.576 3.558 3.736 3.748 3.794 3.847 3.852 3.643 3.575 3.478 3.461 3.447 3.431 3.474 3.456 3.399 3.950 3.389 3.266 3.279 3.193 3.187 3.180 3.171
-9999.000 -9999.000 -9999.000 -9999.000 -9999.000 -9999.000 -9999.000 -9999.000 -9999.000 -9999.000 -9999.000 -9999.000 -9999.000 4.345 4.309 4.266 4.211 4.198 4.167 4.136 4.133 4.102 4.085 4.085 3.971 3.961 4.009 4.183 3.920 3.902 3.888 3.873 3.863 3.843 3.834 3.742 3.735 3.729 3.724 3.685 3.682 3.685 3.707 3.597 3.736 3.609 3.604 3.608 3.607 3.602 3.595 3.586 3.706 3.633 3.559 3.484 3.459 3.453 3.563 3.549 3.253 3.214 3.221 3.195 3.194 3.220 3.145
-9999.000 -9999.000 -9999.000 -9999.000 4.867 4.988 4.989 4.940 -9999.000 -9999.000 -9999.000 -9999.000 4.377 4.378 4.289 4.261 4.209 4.154 4.133 4.120 4.122 4.090 4.077 4.039 4.028 3.957 3.946 3.953 3.927 3.905 3.895 3.861 3.852 3.843 3.827 3.751 3.744 3.760 3.712 3.683 3.626 3.686 3.765 3.910 3.695 3.601 3.585 3.596 3.601 3.597 3.591 3.583 3.578 3.575 3.543 3.538 3.563 3.448 3.439 3.330 3.372 3.206 3.196 3.191 3.185 3.156 3.148
-9999.000 4.983 4.807 4.782 4.789 -9999.000 4.891 4.809 4.684 -9999.000 4.567 4.386 4.330 4.313 4.261 4.245 4.229 4.217 4.139 4.097 4.091 4.083 4.075 4.019 4.010 4.005 3.941 3.936 3.935 3.983 3.894 3.874 3.885 3.854 3.814 3.770 3.780 3.772 3.696 3.689 3.620 3.614 3.609 3.605 3.597 3.580 3.574 3.774 3.805 3.808 3.886 3.798 3.688 3.578 3.581 3.536 3.504 3.479 3.333 3.323 3.220 3.211 3.723 3.217 3.198 3.189 3.160
-9999.000 -9999.000 4.768 4.732 4.745 -9999.000 -9999.000 -9999.000 4.568 -9999.000 -9999.000 4.430 4.323 4.283 4.263 4.211 4.190 4.153 4.125 4.098 4.089 4.084 4.065 4.057 4.017 3.998 3.987 3.915 3.910 4.216 3.962 3.939 3.840 3.882 3.828 3.817 3.806 3.794 3.704 3.709 3.626 3.621 3.645 3.640 3.608 3.584 3.566 3.559 3.553 3.547 3.532 3.558 3.555 3.526 3.518 3.421 3.404 3.393 3.385 3.436 3.396 3.306 3.230 3.173 3.169 3.203 3.182
-9999.000 4.782 4.732 4.686 4.723 -9999.000 -9999.000 -9999.000 4.531 4.452 4.399 4.380 4.356 4.272 4.236 4.195 4.175 4.143 4.125 4.097 4.077 4.075 4.066 4.058 4.021 4.015 4.007 4.065 3.907 3.892 -9999.000 4.216 3.834 3.853 3.826 3.820 3.796 3.785 3.696 3.690 3.638 3.683 3.655 3.646 3.631 3.615 3.603 3.591 3.571 3.612 3.484 3.474 3.460 3.453 3.443 3.418 3.408 3.400 3.392 3.453 3.461 3.436 3.441 3.186 3.165 3.389 3.116
4.572 4.842 4.738 4.647 4.636 -9999.000 -9999.000 -9999.000 4.486 4.453 4.404 4.388 4.331 4.324 4.269 4.270 4.186 4.131 4.120 4.097 4.073 4.067 4.041 4.038 4.028 3.989 3.976 3.966 3.957 3.888 3.867 4.164 3.828 3.814 3.805 3.845 3.801 3.779 3.696 3.690 3.673 3.676 3.688 3.755 3.724 3.626 3.678 3.555 3.552 3.765 3.521 3.554 3.572 3.521 3.553 3.559 3.501 3.482 3.458 3.490 3.866 3.691 3.418 3.174 3.160 3.157 3.200
4.550 4.549 4.565 4.521 4.617 4.564 4.700 4.522 4.444 4.414 4.395 4.343 4.320 4.281 4.261 4.243 4.182 4.151 4.121 4.111 4.096 4.059 4.040 4.026 4.035 4.043 4.044 3.963 3.989 3.984 3.843 3.838 3.809 3.804 3.798 3.798 3.839 3.760 3.710 3.681 3.676 3.681 3.743 3.728 3.602 3.563 3.558 3.550 3.543 3.703 3.670 3.506 3.517 3.503 3.457 3.517 3.453 3.435 3.388 3.401 3.389 3.693 3.667 3.373 3.164 3.145 3.095
4.534 4.536 4.486 4.500 4.496 4.530 4.527 4.456 4.440 4.404 4.361 4.343 4.326 4.285 4.239 4.237 4.204 4.153 4.126 4.120 4.081 4.073 4.022 4.001 4.037 3.965 3.950 3.953 4.015 3.892 3.886 3.836 4.011 3.792 3.792 3.747 3.835 3.755 3.728 3.687 3.740 3.697 3.729 3.758 3.646 3.569 3.621 3.548 3.526 4.162 3.493 3.498 3.559 3.478 3.447 3.442 3.414 3.401 3.351 3.397 3.295 3.301 3.377 3.266 3.251 3.295 3.103
4.501 4.485 4.473 4.455 4.465 4.505 4.482 4.488 4.469 4.413 4.392 4.360 4.343 4.278 4.227 4.177 4.145 4.130 4.115 4.097 4.096 4.086 4.001 3.999 3.973 4.022 3.943 3.924 3.880 3.867 3.836 3.831 3.791 3.789 3.837 3.742 3.727 3.722 3.719 3.709 3.730 3.715 3.700 3.701 3.700 3.576 3.590 3.540 3.522 -9999.000 3.479 3.581 3.498 3.457 3.457 3.487 3.381 3.370 3.321 3.310 3.276 3.370 3.221 3.337 3.146 3.784 3.220
4.464 4.479 4.444 4.430 4.443 4.461 4.466 4.480 4.449 4.430 4.411 4.412 4.427 4.366 -9999.000 4.186 4.165 4.131 4.105 4.092 4.077 4.079 4.071 3.973 3.968 3.990 3.923 3.919 3.882 3.875 3.870 3.836 3.833 3.764 3.758 3.754 3.792 3.769 3.756 3.746 3.740 3.725 3.694 3.683 3.596 3.592 3.598 3.521 3.515 -9999.000 3.470 3.783 3.492 3.449 3.474 3.451 3.435 3.390 3.400 3.426 3.269 3.265 3.213 3.246 3.143 3.125 3.097
4.444 4.431 4.406 4.409 4.389 4.453 4.436 4.453 4.437 4.376 4.405 4.338 4.352 4.249 4.216 4.189 4.179 4.136 4.111 4.088 4.071 4.059 4.065 4.049 3.941 3.934 3.928 3.923 3.923 3.983 3.868 3.829 3.822 3.832 3.805 3.758 3.794 3.771 3.792 3.786 3.805 3.735 3.708 3.607 3.601 3.597 3.685 3.498 3.501 -9999.000 3.464 3.607 3.442 3.418 3.400 3.424 3.574 3.379 3.300 3.282 3.275 3.389 3.208 3.151 3.146 3.141 3.094
4.429 4.407 4.392 4.371 4.370 4.391 4.384 4.384 4.429 4.296 4.338 4.323 4.204 4.194 4.170 4.184 4.165 4.138 4.129 4.094 4.085 4.050 4.045 4.043 3.963 3.941 3.936 3.943 3.937 3.875 3.870 3.867 3.815 3.812 3.800 3.865 3.771 3.768 3.760 3.749 3.743 3.715 3.682 3.620 3.645 3.607 3.721 3.491 3.495 4.230 3.457 3.475 3.449 3.524 3.392 3.359 3.561 3.323 3.302 3.298 3.639 3.300 3.257 3.232 3.227 3.145 3.871
4.376 4.365 4.379 4.343 4.333 4.359 4.370 4.372 4.296 4.281 4.644 4.260 4.192 4.151 4.151 4.153 4.155 4.148 4.135 4.119 4.093 4.086 4.031 4.014 4.007 3.946 4.006 4.061 3.889 3.872 3.868 3.866 3.820 3.817 3.788 3.782 3.779 3.790 3.762 3.747 3.718 3.694 3.688 3.651 3.743 3.614 3.724 3.486 3.472 3.912 3.451 3.589 3.464 3.446 4.017 3.351 3.339 3.332 3.334 3.600 3.333 3.285 3.247 3.240 3.260 3.151 3.158
4.362 4.355 4.346 4.320 4.300 4.346 4.329 4.368 4.346 4.241 4.188 4.177 4.138 4.129 4.127 4.133 4.134 4.133 4.132 4.119 4.113 4.077 4.087 4.018 3.973 3.964 3.957 3.910 3.905 3.912 3.863 3.860 3.848 3.820 3.818 3.822 3.824 3.770 3.751 3.744 3.756 3.733 3.695 3.707 3.757 3.635 3.710 3.472 3.466 3.465 3.436 3.431 3.422 3.414 3.405 3.360 3.346 3.791 3.399 3.381 3.340 3.395 3.271 3.260 3.267 3.276 3.147
4.346 4.331 4.312 4.298 4.282 4.269 4.240 4.232 4.226 4.195 4.189 4.149 4.139 4.092 4.077 4.137 4.061 4.122 4.086 4.124 4.113 4.066 4.054 3.997 3.965 3.963 4.136 3.905 3.897 3.873 3.898 3.863 3.896 3.825 3.821 3.830 3.780 3.805 3.740 3.738 3.736 3.729 3.706 3.790 3.752 3.647 3.665 3.470 3.460 3.455 3.536 3.497 3.414 3.411 3.386 3.370 3.457 3.437 3.368 3.335 3.368 3.289 3.281 3.273 3.261 3.255 3.250
4.374 4.350 4.311 4.285 4.278 4.257 4.249 4.233 4.496 4.228 4.259 4.428 -9999.000 4.073 4.067 4.043 4.032 4.022 4.026 4.110 4.071 4.061 3.984 3.965 3.961 3.931 3.918 3.910 3.918 3.852 3.883 3.838 3.828 3.820 3.816 3.795 3.776 3.741 3.737 3.705 3.726 3.700 3.841 3.717 3.675 3.669 3.664 3.647 3.536 3.448 3.421 3.414 3.409 3.402 3.858 3.667 3.429 3.871 3.412 3.329 3.311 3.289 3.278 3.268 3.246 3.260 3.200
4.396 4.364 4.346 4.293 4.265 4.252 4.233 4.228 4.169 4.147 4.136 4.459 4.075 4.065 4.245 4.087 4.013 3.994 3.978 3.981 3.982 3.922 3.970 3.972 3.966 3.989 3.913 3.906 3.871 3.849 3.828 3.876 3.838 3.805 3.838 3.747 3.812 3.740 3.752 3.702 3.696 3.693 3.684 3.679 3.674 3.670 3.668 3.745 3.542 3.533 3.583 3.749 3.403 3.398 3.390 3.564 3.417 3.329 3.315 3.309 3.323 3.315 3.268 3.261 3.240 3.233 3.195
4.377 4.325 4.296 4.291 4.275 4.268 4.263 4.233 -9999.000 4.139 4.130 4.085 4.064 4.061 4.049 4.044 4.043 4.023 3.972 3.942 3.927 3.915 3.988 3.979 4.011 3.972 3.965 3.861 3.837 3.831 3.821 3.813 3.805 3.798 3.825 3.724 3.708 3.734 3.687 3.820 3.708 3.706 3.687 3.681 3.679 3.666 3.606 3.576 3.553 3.543 3.816 3.993 3.605 3.399 3.387 3.362 3.456 3.354 3.309 3.304 3.293 3.314 3.271 3.253 3.250 3.698 3.178
4.357 4.329 4.319 4.312 4.290 4.293 4.283 4.277 4.233 4.221 4.207 -9999.000 4.171 4.208 4.037 4.027 4.016 4.009 3.977 4.109 3.953 3.909 3.905 3.973 3.867 3.860 3.850 3.840 3.835 3.822 3.816 3.808 3.836 3.794 3.786 3.819 3.701 3.835 3.680 3.676 3.660 3.652 3.683 3.628 3.566 3.568 3.589 3.583 3.603 3.598 3.572 3.696 3.617 3.841 3.382 3.356 3.321 3.352 3.363 3.305 3.273 3.268 3.279 3.267 3.217 3.209 3.619
4.366 4.358 4.336 4.337 4.315 4.294 4.283 4.274 4.257 4.235 4.218 4.205 4.186 4.288 4.386 4.081 4.039 4.033 3.985 3.996 4.154 3.973 3.889 3.876 3.872 3.929 3.972 3.899 3.908 3.818 3.799 3.794 3.790 3.783 3.758 3.755 3.686 3.679 3.759 3.619 3.714 3.645 3.563 3.612 3.561 3.562 3.613 3.631 3.592 3.500 3.566 3.572 3.627 3.500 3.741 3.401 3.315 3.308 3.405 3.395 3.261 3.250 3.239 3.243 3.310 3.203 3.191
4.380 4.366 4.363 4.344 4.335 4.330 4.326 4.291 4.286 4.265 4.281 4.185 4.174 4.153 4.135 4.091 4.130 4.038 4.179 4.008 4.008 4.163 3.969 3.902 3.910 3.918 3.931 3.903 3.913 3.949 3.817 3.794 3.790 3.797 3.778 3.736 3.811 3.675 3.672 3.608 3.602 3.562 3.557 3.545 3.517 3.510 3.503 3.497 3.490 3.491 3.574 3.573 3.583 3.489 3.474 3.458 3.338 3.304 3.278 3.789 3.346 3.239 3.232 3.201 3.192 3.354 3.223
4.413 4.400 4.380 4.376 4.378 4.472 4.343 4.316 4.293 4.285 4.270 4.225 4.183 4.175 4.157 4.145 4.100 4.090 4.100 4.209 4.005 3.999 4.119 3.930 3.914 3.924 3.925 3.918 3.917 3.874 3.862 3.788 3.781 3.773 3.736 3.731 3.750 3.744 3.675 3.674 3.598 3.590 3.579 3.568 3.566 3.659 3.576 3.622 3.487 3.476 3.471 3.461 3.453 3.490 3.556 3.393 3.367 3.452 3.272 3.253 4.103 3.308 3.229 3.193 3.187 3.158 3.376
4.433 4.415 4.419 4.415 4.481 4.458 4.433 4.452 4.417 4.300 4.271 4.231 4.218 4.206 4.170 4.157 4.163 4.170 4.147 4.155 4.179 3.987 3.979 4.065 3.975 3.929 3.934 3.917 3.933 3.947 3.839 3.852 3.758 3.752 3.756 3.727 3.709 3.719 3.681 3.717 3.680 3.625 3.576 3.571 3.546 3.540 3.536 3.551 3.837 3.713 3.485 3.451 3.439 3.426 3.419 3.411 3.391 3.395 3.390 3.245 3.229 3.554 3.245 3.447 3.159 3.148 3.215
4.470 4.501 4.432 -9999.000 4.498 4.488 4.492 4.456 4.418 4.333 4.304 4.247 4.244 4.224 4.219 4.207 4.213 4.256 4.238 4.270 4.106 4.204 3.969 3.962 3.966 3.964 3.917 3.911 3.941 3.845 3.825 3.809 3.784 3.748 3.730 3.728 3.704 3.687 3.685 3.639 3.633 3.711 3.584 3.576 3.599 3.537 3.519 3.515 3.507 3.567 3.708 3.715 3.507 3.437 3.428 3.442 3.406 3.481 3.396 3.444 3.223 3.210 3.428 3.202 3.347 3.141 3.132
