includes/lisflood-fp-604/results/res.totaltm
ncols         631
nrows         906
xllcorner     364927.146667
yllcorner     6531972.565556
cellsize      20.000000
NODATA_value  -9999.000000
[rows 99 to 131 of 906, columns 222 to 295 of 631]
6.289 5.997 6.110 0.000 6.540 6.523 0.000 6.573 6.582 6.609 6.601 6.595 6.570 6.549 6.611 6.630 6.614 6.630 6.629 6.628 6.627 6.556 6.516 6.602 6.611 6.597 6.607 6.612 6.608 6.274 6.652 6.641 6.502 6.572 6.487 6.324 6.610 6.504 6.507 0.000 6.789 6.785 0.000 7.074 0.000 6.753 0.000 0.000 0.000 0.000 5.062 0.000 0.000 0.000 0.000 0.000 4.035 4.102 4.178 0.000 0.000 0.000 0.000 0.000 0.000 7.353 7.392 7.432 7.482 7.490 7.499 6.127 1.975 1.002
6.278 6.249 4.180 0.000 6.548 6.519 6.536 6.547 6.499 6.615 6.608 6.604 6.593 6.608 6.675 6.636 6.631 6.642 6.677 6.640 6.636 6.626 6.567 6.586 6.620 6.642 6.600 6.636 0.000 6.674 6.662 0.000 6.551 6.561 6.475 6.523 6.619 6.411 6.530 6.399 6.796 6.845 5.605 7.082 1.306 6.770 0.000 0.000 0.000 0.000 0.000 0.000 0.000 0.000 0.000 0.000 0.000 0.000 0.000 0.000 0.000 0.000 0.000 0.000 0.000 0.000 7.377 2.698 7.476 7.513 7.507 7.527 7.509 2.348
6.266 6.306 4.158 6.572 6.560 0.000 6.551 6.509 6.498 6.642 6.661 6.664 0.000 6.675 6.687 6.679 6.641 6.573 6.688 6.701 6.644 0.000 6.458 6.664 6.688 6.681 6.657 6.641 6.554 6.686 0.000 6.573 6.557 0.000 6.611 6.619 6.624 0.000 0.000 6.745 6.789 0.000 0.000 7.104 7.108 0.998 6.694 0.000 0.000 0.000 0.000 0.000 0.000 0.000 0.000 0.000 0.000 0.000 0.000 0.000 0.000 0.000 0.000 0.000 0.000 0.000 1.941 7.259 1.070 7.520 7.544 7.538 7.554 7.543
6.372 5.695 6.600 6.578 0.000 6.544 6.565 6.570 6.619 6.619 6.665 6.699 6.707 6.644 6.763 6.687 6.708 6.691 6.696 6.708 6.700 6.691 6.686 6.691 6.694 6.604 0.000 5.722 6.708 6.699 6.665 6.584 5.391 6.602 6.588 0.000 6.683 0.000 6.729 6.736 0.000 7.058 6.964 7.116 7.118 0.000 3.637 6.447 6.411 0.000 0.000 0.000 0.000 0.000 0.000 0.000 0.000 0.000 0.000 0.000 0.000 0.000 0.000 0.000 0.000 0.000 0.000 0.000 7.429 4.378 7.558 7.562 7.566 7.584
6.392 0.000 6.606 6.587 5.062 6.538 0.000 6.569 6.635 6.626 6.660 0.000 6.751 6.761 6.770 6.468 6.723 6.706 6.728 6.732 6.545 0.000 0.000 6.730 6.719 6.720 6.732 6.744 6.764 6.574 0.000 0.000 0.000 6.615 2.055 6.703 6.687 6.756 6.743 6.649 0.026 7.105 7.118 7.124 7.126 0.000 6.440 6.474 6.531 0.000 6.432 0.000 0.000 0.000 0.000 0.000 0.000 0.000 0.000 0.000 0.000 0.000 0.000 0.000 0.000 0.000 0.000 0.000 1.185 2.645 7.564 7.585 7.576 4.084
6.412 6.633 6.612 0.000 6.573 6.549 6.550 6.637 6.646 6.708 6.716 6.689 6.723 0.000 6.792 6.775 6.737 6.754 6.735 6.781 6.792 6.757 6.727 6.741 6.726 2.079 5.088 0.000 6.776 6.766 6.772 6.797 6.805 6.812 6.791 6.780 0.000 6.767 6.756 0.000 7.106 7.117 7.124 7.129 7.145 7.142 0.000 0.000 6.674 6.707 6.585 0.000 0.000 0.000 0.000 0.000 0.000 0.000 0.000 0.000 0.000 0.000 0.000 0.000 0.000 0.000 0.000 0.000 2.055 3.014 6.861 7.603 7.611 7.618
6.496 6.641 6.599 6.557 6.582 6.556 6.578 6.620 6.660 6.662 6.725 6.732 6.716 6.720 6.798 6.744 6.762 6.773 6.752 6.777 6.803 6.764 0.000 6.760 6.785 6.772 6.750 6.776 6.781 3.536 0.000 0.000 6.785 6.818 6.825 0.000 6.811 6.796 0.000 7.038 7.073 7.065 1.213 5.698 7.153 7.164 0.000 7.120 0.886 6.750 1.966 0.000 0.000 0.000 0.000 0.000 0.000 0.000 0.000 0.000 0.000 0.000 0.000 0.000 0.000 0.000 0.000 1.604 7.463 6.022 5.229 7.565 1.917 7.642
6.660 6.648 0.000 6.589 6.594 6.545 6.626 6.626 6.674 6.737 6.754 6.781 6.784 6.762 6.837 6.764 6.763 6.870 6.768 6.822 6.813 6.820 6.791 6.786 6.794 6.712 4.967 0.000 6.802 6.798 6.801 6.806 6.790 4.522 6.829 6.848 6.828 0.000 7.027 7.038 7.048 0.956 6.877 0.000 7.164 7.171 7.166 7.159 1.099 6.789 6.817 6.942 0.000 0.000 0.000 0.000 0.000 0.000 0.000 0.000 0.000 0.000 0.000 0.000 0.000 0.000 0.000 0.000 3.697 1.676 7.560 7.577 7.625 5.276
6.666 6.540 6.600 6.595 6.601 6.625 6.634 6.718 6.724 6.769 6.781 6.787 6.790 6.724 6.846 6.788 6.600 6.881 6.825 6.880 6.885 6.825 6.787 6.808 6.828 6.844 6.826 0.000 6.808 6.824 6.835 6.839 6.809 6.814 5.684 6.853 6.838 0.000 7.010 7.028 6.880 6.877 6.886 6.921 2.201 7.177 7.185 0.397 7.205 0.000 6.903 6.963 3.098 0.000 0.000 0.000 0.000 0.000 0.000 0.000 0.000 0.000 0.000 0.000 0.000 0.000 0.000 0.000 0.000 2.434 7.548 3.227 7.601 2.892
6.705 6.610 6.613 6.503 6.633 6.652 6.633 6.708 6.662 6.673 6.653 6.833 6.842 6.771 6.867 6.822 6.887 6.891 0.000 6.887 6.893 6.785 6.824 6.839 6.803 6.898 6.807 6.725 6.746 6.836 6.841 6.867 0.000 3.922 6.846 6.908 6.880 2.777 7.001 6.990 0.000 6.917 6.894 7.009 7.021 3.166 7.203 7.209 7.212 3.342 0.810 6.981 1.503 0.000 0.000 0.000 0.000 0.000 0.000 0.000 0.000 0.000 0.000 0.000 0.000 0.000 0.000 0.000 0.000 0.000 1.785 2.400 3.951 2.364
0.000 6.718 6.625 6.703 6.615 6.674 6.619 6.672 6.666 6.699 6.714 6.730 6.853 6.870 6.882 6.690 6.895 6.898 6.932 6.879 6.923 6.846 6.796 6.861 6.920 6.935 6.905 6.895 6.811 6.846 6.849 6.876 6.882 6.891 6.875 6.916 2.582 6.923 6.906 6.917 6.935 6.925 6.972 6.972 7.029 0.871 2.420 7.214 7.232 7.244 7.129 7.119 7.022 0.000 0.000 0.000 0.000 0.000 0.000 0.000 0.000 0.000 0.000 0.000 0.000 0.000 0.000 0.000 0.000 0.000 0.000 1.279 2.450 4.805
6.737 6.738 6.568 6.739 6.617 6.696 6.674 6.665 6.676 6.728 6.741 6.756 6.766 6.868 6.889 6.903 6.909 0.000 6.942 6.953 6.931 6.899 6.889 6.917 6.871 6.951 6.915 6.776 6.932 6.953 6.968 6.865 6.906 6.897 6.923 6.923 6.957 6.931 6.967 6.962 6.943 6.973 6.977 7.032 4.168 7.087 1.534 7.206 7.243 7.254 7.261 0.000 0.000 7.054 6.811 0.000 0.000 0.000 0.000 0.000 0.000 0.000 0.000 0.000 0.000 0.000 0.000 0.000 6.955 0.000 0.000 0.000 0.000 7.496
6.772 6.787 5.047 6.763 6.744 6.763 6.740 6.720 6.711 6.737 6.695 6.750 6.748 6.715 0.000 6.902 6.915 6.944 6.811 6.965 6.937 6.885 6.874 6.930 7.000 6.960 6.979 6.972 6.963 6.966 6.973 6.985 6.975 6.963 6.927 6.988 6.961 6.988 6.992 0.000 7.013 6.977 1.295 7.037 7.087 7.091 7.189 7.198 5.243 7.256 7.267 7.277 1.005 3.957 0.000 0.000 0.000 0.000 0.000 0.000 0.000 0.000 0.000 0.000 0.000 0.000 0.000 6.921 7.053 6.932 0.000 0.000 0.000 0.000
6.785 6.803 6.817 6.785 6.765 6.788 6.723 6.704 6.675 6.746 6.710 6.759 6.764 0.000 6.895 6.896 0.000 6.959 6.969 6.978 6.991 7.004 7.012 7.020 7.010 6.926 6.998 6.979 6.974 6.872 7.008 6.993 6.984 6.952 6.886 7.002 7.014 3.581 7.006 7.013 7.019 2.809 7.019 7.047 7.063 3.319 7.176 7.179 7.151 0.000 7.272 7.282 7.306 6.724 2.471 2.376 0.000 0.000 0.000 2.291 0.000 0.000 1.651 0.000 4.089 3.588 7.136 7.111 7.074 7.056 6.928 0.000 0.000 0.000
6.794 6.809 6.901 6.907 0.000 6.805 6.829 6.840 6.827 6.790 6.858 6.871 6.889 6.903 6.906 6.892 6.933 6.870 6.940 6.975 6.983 6.951 7.020 7.024 0.000 6.998 7.011 7.038 6.975 3.054 7.014 7.025 6.395 6.986 6.959 6.913 7.023 6.973 6.973 7.020 7.024 7.054 7.046 7.079 7.075 2.993 7.113 7.121 7.148 7.152 0.000 7.304 7.311 0.000 0.000 0.000 0.000 0.000 0.000 7.289 7.311 7.290 7.280 5.451 7.226 1.065 7.098 0.000 0.000 6.944 6.917 6.717 0.000 0.000
6.749 6.864 6.872 6.921 6.928 6.933 0.000 6.853 6.761 6.797 6.873 6.888 4.439 6.978 6.963 5.928 6.941 6.885 6.986 6.977 6.885 6.943 6.989 7.044 7.052 0.000 7.073 7.047 7.039 6.974 7.021 7.032 7.022 6.997 7.010 6.984 7.031 7.052 6.957 7.014 6.999 7.072 7.078 7.083 7.091 7.130 3.842 7.157 7.149 7.211 7.219 7.311 7.316 7.325 0.000 0.000 0.000 0.000 7.323 7.371 7.359 7.318 0.948 7.227 7.216 0.000 0.000 0.000 6.721 6.795 6.892 0.000 0.000 0.000
6.849 6.853 6.843 6.907 6.891 6.948 6.955 6.865 0.000 6.877 6.887 6.896 3.815 6.985 0.000 7.016 7.031 7.039 7.048 0.000 6.948 6.994 6.966 2.040 7.062 7.069 7.079 7.091 7.023 7.023 7.035 7.054 7.060 7.021 7.020 7.003 6.473 7.068 7.055 7.051 7.037 7.006 2.244 7.078 7.079 7.142 7.155 7.166 7.186 7.201 7.211 0.474 7.324 7.336 7.272 0.000 0.000 4.608 7.359 7.385 7.374 7.317 7.276 7.262 0.625 0.000 0.000 0.000 0.000 6.745 6.749 0.000 0.000 0.000
6.837 6.842 6.872 6.880 6.890 6.940 6.966 6.974 6.983 6.885 0.000 6.920 7.006 6.990 6.802 0.598 6.985 7.047 7.059 7.071 6.952 7.004 6.994 6.849 0.000 7.078 7.090 7.096 7.104 7.093 7.036 7.073 7.071 7.077 7.084 1.893 0.000 7.073 7.053 7.043 7.034 7.030 7.038 7.044 7.086 7.092 7.152 7.192 7.200 7.210 7.201 7.232 7.239 7.343 7.353 0.000 0.000 2.628 7.384 7.393 2.318 0.911 7.322 2.724 0.000 0.000 0.000 0.000 6.400 6.428 6.630 6.057 0.000 0.000
5.150 6.875 6.879 6.820 6.897 6.907 6.910 6.767 6.992 6.999 7.005 0.000 7.014 0.000 6.988 7.014 7.019 0.000 7.017 7.080 7.098 7.107 0.000 6.899 6.922 0.843 7.099 7.104 7.109 7.098 7.089 7.085 7.077 7.093 7.093 7.065 2.318 7.120 7.098 3.117 5.837 7.033 3.740 7.077 6.558 7.134 7.147 0.000 3.740 7.287 2.479 7.205 2.611 7.354 7.360 0.791 5.958 7.427 3.295 7.408 0.000 0.000 7.337 0.000 0.000 0.000 0.000 0.000 6.108 0.000 0.000 0.000 0.000 0.000
6.887 6.882 6.886 6.895 6.950 6.961 6.972 6.957 6.984 6.380 7.024 7.002 7.021 0.000 0.000 7.016 7.060 7.041 7.086 5.526 7.107 7.129 7.142 6.562 6.932 7.025 7.037 7.114 7.117 7.128 6.506 7.095 7.090 7.117 7.124 7.131 7.157 7.125 7.102 7.102 4.661 7.047 7.040 7.071 7.095 3.193 0.000 0.000 7.300 7.293 7.276 0.000 7.235 7.243 7.374 7.381 4.981 7.458 7.435 7.430 7.401 5.278 4.012 7.337 0.000 0.000 0.000 0.000 0.000 0.000 0.000 0.000 0.000 0.000
6.897 6.913 6.928 6.944 6.959 6.970 6.979 6.968 6.992 7.020 7.032 6.957 7.028 7.042 6.858 0.000 7.067 0.000 7.100 6.865 7.060 6.871 7.164 7.175 7.164 0.000 7.095 7.101 7.118 7.132 7.148 7.105 7.101 7.091 7.112 7.100 7.164 7.142 7.180 7.166 7.129 0.408 7.073 7.081 7.102 0.737 1.513 7.316 7.306 1.369 7.271 0.000 7.223 2.450 7.378 7.387 0.971 7.473 7.437 7.414 3.187 7.379 7.390 2.359 0.000 0.000 0.000 0.000 0.000 0.000 0.000 0.000 0.000 0.000
6.921 6.922 6.925 6.899 6.930 6.972 7.020 7.030 7.045 7.053 7.040 7.020 6.941 7.049 7.056 7.077 7.084 7.109 7.109 0.000 0.000 6.989 0.000 7.185 7.175 7.165 7.080 7.093 0.000 7.170 7.164 7.129 7.109 7.118 7.167 7.191 7.185 7.181 7.189 7.181 6.614 7.161 0.000 7.156 7.170 3.126 7.213 7.323 0.928 7.339 0.000 0.000 0.000 7.378 7.386 5.291 7.463 7.484 4.180 1.738 7.408 0.230 7.410 7.398 2.648 0.000 0.000 0.000 0.000 0.000 0.000 0.000 0.000 0.000
6.934 6.942 6.961 6.970 6.980 6.991 7.032 7.043 7.051 7.058 7.047 7.048 7.040 7.053 7.047 1.185 4.933 7.118 7.137 7.146 0.000 7.005 3.171 7.191 7.168 7.173 7.025 0.000 7.194 7.174 7.170 7.162 7.113 7.122 7.117 7.196 7.191 7.155 7.195 7.168 7.233 7.171 7.164 7.098 0.000 7.173 2.402 7.332 7.338 7.345 7.359 0.000 7.179 0.964 7.378 0.000 5.445 7.492 7.457 7.448 7.448 7.440 7.431 7.416 7.390 2.786 1.817 7.156 0.000 0.000 0.000 0.000 0.000 0.000
6.930 6.946 6.964 6.868 6.963 6.963 7.022 7.038 7.065 7.085 6.993 7.054 7.058 7.088 7.051 7.071 7.100 7.100 7.078 7.160 7.182 7.191 7.196 7.197 6.015 6.121 1.050 7.229 7.198 1.037 0.000 7.180 7.183 7.146 2.211 7.204 3.528 7.216 7.239 7.248 7.241 7.264 0.000 0.000 0.000 0.000 1.492 0.000 7.345 7.352 7.363 7.383 2.584 7.427 1.637 5.448 7.494 7.500 7.527 7.454 7.454 7.443 7.436 7.404 7.390 0.000 0.000 7.314 7.343 0.000 0.000 0.000 0.000 0.000
6.944 6.955 6.970 6.983 6.979 7.014 7.052 7.058 7.063 7.091 7.096 7.058 7.030 7.093 7.097 7.110 7.106 7.109 7.135 7.124 0.000 0.000 7.214 7.210 7.229 7.221 1.587 7.234 4.717 7.165 7.136 3.398 7.198 7.159 7.192 7.219 7.225 7.244 7.247 7.254 7.280 7.282 7.287 2.439 7.221 0.000 7.336 7.343 0.000 1.512 7.337 7.389 7.416 7.440 0.795 5.672 6.939 7.526 7.531 7.527 7.518 7.489 7.442 7.435 7.402 7.507 0.000 0.000 7.350 7.451 0.000 0.000 0.000 0.000
6.766 6.821 6.698 6.988 7.004 7.010 7.013 7.022 7.059 7.059 7.100 7.107 7.115 7.057 7.067 7.120 7.124 7.138 7.141 7.148 7.192 7.197 7.242 7.246 7.254 7.245 7.248 7.254 7.260 0.000 7.171 7.182 7.202 7.212 7.133 0.000 7.243 7.259 7.271 7.280 7.287 0.000 7.329 2.409 1.760 7.326 0.000 7.352 7.343 7.301 0.000 1.734 7.440 7.449 2.242 7.522 7.522 7.527 7.565 1.769 7.477 7.479 7.437 7.406 2.061 7.532 1.856 0.000 7.552 0.000 7.337 0.000 0.000 0.000
6.952 6.831 2.406 6.976 6.856 7.021 7.027 7.042 7.052 7.052 7.093 7.039 7.119 7.127 7.142 7.111 7.109 7.149 7.154 7.178 7.182 7.207 7.214 7.258 7.270 7.281 7.247 7.280 7.268 7.196 0.000 7.247 7.207 7.270 0.000 0.000 0.000 7.256 7.269 7.277 7.299 7.330 7.335 7.362 7.366 1.222 7.376 7.370 0.000 7.296 0.000 2.869 2.186 2.815 7.498 7.532 7.538 7.544 7.579 7.583 4.768 7.474 7.433 0.000 0.000 2.971 1.710 7.614 7.591 0.000 4.567 0.000 0.000 0.000
6.964 6.971 6.976 6.724 6.971 6.998 7.017 7.046 7.054 7.064 7.091 7.091 7.120 7.095 7.146 7.171 7.178 7.152 0.000 7.176 7.187 7.204 7.243 7.253 7.227 7.294 7.298 7.302 7.298 7.282 7.238 7.261 7.241 7.285 7.300 0.000 0.000 7.235 7.242 7.286 7.295 0.000 7.378 7.367 2.202 4.024 7.394 0.899 0.577 7.317 0.883 7.321 0.000 7.504 7.510 7.509 7.543 7.574 1.327 7.604 7.547 1.231 3.952 0.000 1.553 6.559 2.466 7.633 3.872 1.422 7.491 0.000 0.000 0.000
0.000 6.961 6.986 6.999 7.003 7.008 7.027 7.056 7.063 7.069 7.096 7.096 7.129 7.121 7.160 7.120 7.182 7.181 7.186 7.208 7.212 7.232 7.261 7.268 7.238 7.283 7.308 7.315 7.322 7.291 7.284 7.267 7.291 0.000 2.809 4.947 0.000 7.230 7.288 7.272 0.000 7.379 7.384 0.020 7.395 7.394 7.398 2.515 2.693 0.000 7.457 0.000 7.501 7.505 7.517 7.526 7.558 7.583 7.591 7.617 7.623 4.780 2.368 7.552 4.582 7.662 7.678 7.647 0.000 7.586 7.568 0.031 7.218 0.000
6.948 0.000 0.000 7.000 7.004 7.030 7.038 7.043 7.070 7.077 7.100 7.100 7.138 7.149 7.179 7.182 7.204 7.134 7.197 7.181 7.207 7.203 7.269 7.278 7.283 7.288 7.301 7.242 7.326 7.337 7.276 7.330 7.298 7.305 7.352 4.615 0.578 7.276 7.320 0.000 7.378 7.384 7.389 7.396 5.079 0.000 7.407 7.431 7.435 7.438 7.465 7.468 7.510 7.513 7.540 2.809 7.526 7.550 7.583 7.550 7.637 7.643 3.262 2.866 7.517 5.571 7.693 7.666 1.821 7.606 7.588 0.000 0.000 0.000
6.955 6.967 6.972 6.977 7.000 6.987 7.030 7.048 2.156 7.098 7.123 7.099 7.129 7.161 7.176 7.181 7.208 7.195 7.206 7.199 7.198 7.246 2.534 7.295 7.294 7.316 7.309 7.302 7.291 7.343 7.350 7.338 7.346 7.362 0.000 7.386 7.391 0.000 7.334 7.359 7.345 0.689 2.032 3.353 7.421 7.421 7.420 7.426 0.000 7.464 7.461 0.802 7.482 7.488 7.545 7.550 7.546 7.567 7.587 7.612 4.763 7.665 7.582 1.400 2.344 5.045 7.726 7.706 7.700 7.625 1.881 0.000 0.000 0.000
6.755 6.947 6.819 6.975 6.988 7.001 7.055 7.053 7.103 7.043 7.133 7.139 7.178 7.184 7.169 7.183 7.219 5.594 7.245 7.206 7.245 7.250 7.296 7.300 7.300 7.323 7.304 7.283 7.337 7.343 7.359 7.364 7.370 7.368 7.367 1.794 7.421 1.853 7.349 7.367 0.891 7.413 0.000 1.439 7.432 7.426 1.761 2.886 7.476 7.470 7.446 3.934 7.467 1.753 7.539 7.596 7.596 7.555 3.599 7.630 7.637 7.680 7.689 2.470 3.376 2.379 7.734 1.771 0.000 7.716 7.701 0.000 0.000 0.000
6.771 6.941 3.968 2.340 7.008 7.019 7.059 7.107 7.113 7.118 7.131 7.135 7.133 7.192 7.198 7.208 7.225 7.229 7.253 7.260 7.219 2.775 7.277 7.327 7.332 7.344 7.349 7.360 0.000 7.320 7.364 7.370 7.374 7.407 7.414 7.420 7.425 7.429 0.782 1.583 2.359 7.419 0.936 7.430 7.448 3.046 1.769 7.477 7.478 7.476 0.000 7.491 7.474 0.871 7.587 7.606 7.606 7.546 7.545 1.179 7.639 4.156 7.694 7.711 7.798 7.812 7.822 7.789 7.785 7.723 7.680 0.000 0.000 0.000
