includes/lisflood-fp-604/results/res.mxe
ncols         631
nrows         906
xllcorner     364927.146667
yllcorner     6531972.565556
cellsize      20.000000
NODATA_value  -9999.000000
[rows 870 to 898 of 906, columns 335 to 401 of 631]
3.144 3.144 -9999.000 -9999.000 -9999.000 -9999.000 -9999.000 -9999.000 -9999.000 -9999.000 -9999.000 -9999.000 -9999.000 -9999.000 -9999.000 -9999.000 -9999.000 -9999.000 -9999.000 -9999.000 -9999.000 -9999.000 -9999.000 -9999.000 -9999.000 -9999.000 -9999.000 -9999.000 -9999.000 -9999.000 -9999.000 -9999.000 -9999.000 -9999.000 -9999.000 -9999.000 -9999.000 -9999.000 -9999.000 3.592 3.592 3.592 3.592 -9999.000 -9999.000 -9999.000 -9999.000 -9999.000 3.913 3.910 3.939 -9999.000 -9999.000 -9999.000 -9999.000 -9999.000 -9999.000 -9999.000 4.678 4.676 4.675 4.675 4.675 4.675 4.674 4.674 4.674
3.144 3.253 3.626 -9999.000 -9999.000 -9999.000 -9999.000 -9999.000 -9999.000 -9999.000 -9999.000 -9999.000 -9999.000 -9999.000 -9999.000 -9999.000 -9999.000 -9999.000 -9999.000 -9999.000 -9999.000 -9999.000 -9999.000 -9999.000 -9999.000 -9999.000 -9999.000 -9999.000 -9999.000 -9999.000 -9999.000 -9999.000 -9999.000 -9999.000 -9999.000 -9999.000 -9999.000 -9999.000 -9999.000 -9999.000 -9999.000 3.592 3.592 3.592 -9999.000 3.592 -9999.000 -9999.000 3.841 3.829 3.831 3.830 3.769 3.592 3.592 3.592 -9999.000 -9999.000 4.676 4.676 4.675 4.675 4.675 4.675 4.675 4.674 4.674
-9999.000 3.667 3.649 -9999.000 -9999.000 -9999.000 -9999.000 -9999.000 -9999.000 -9999.000 -9999.000 -9999.000 -9999.000 -9999.000 -9999.000 -9999.000 -9999.000 -9999.000 -9999.000 -9999.000 -9999.000 -9999.000 -9999.000 -9999.000 -9999.000 -9999.000 -9999.000 -9999.000 -9999.000 -9999.000 -9999.000 -9999.000 -9999.000 -9999.000 -9999.000 -9999.000 -9999.000 -9999.000 -9999.000 -9999.000 -9999.000 3.592 3.592 3.592 3.592 3.592 -9999.000 3.592 3.592 3.605 3.718 -9999.000 3.592 3.592 -9999.000 -9999.000 -9999.000 4.677 4.676 4.676 4.675 4.675 4.675 4.675 4.675 4.674 4.674
-9999.000 3.808 -9999.000 -9999.000 -9999.000 -9999.000 -9999.000 -9999.000 -9999.000 -9999.000 -9999.000 -9999.000 -9999.000 -9999.000 -9999.000 -9999.000 -9999.000 -9999.000 -9999.000 -9999.000 -9999.000 -9999.000 -9999.000 -9999.000 -9999.000 -9999.000 -9999.000 -9999.000 -9999.000 -9999.000 -9999.000 -9999.000 -9999.000 -9999.000 -9999.000 -9999.000 -9999.000 -9999.000 -9999.000 -9999.000 -9999.000 3.592 3.592 3.592 3.592 3.592 -9999.000 3.592 3.592 3.592 3.592 3.592 3.592 3.592 -9999.000 -9999.000 -9999.000 4.677 4.676 4.676 4.675 4.675 4.675 4.675 4.675 4.675 4.674
-9999.000 3.857 -9999.000 -9999.000 -9999.000 -9999.000 -9999.000 -9999.000 -9999.000 -9999.000 -9999.000 -9999.000 -9999.000 -9999.000 -9999.000 -9999.000 -9999.000 -9999.000 -9999.000 -9999.000 -9999.000 -9999.000 -9999.000 -9999.000 -9999.000 -9999.000 -9999.000 -9999.000 -9999.000 -9999.000 -9999.000 -9999.000 -9999.000 -9999.000 -9999.000 -9999.000 -9999.000 -9999.000 -9999.000 -9999.000 -9999.000 3.592 3.592 3.592 3.592 3.592 3.592 3.592 3.592 3.592 3.592 3.592 3.592 3.592 3.592 -9999.000 -9999.000 4.676 4.676 4.676 4.676 4.675 4.675 4.675 4.675 4.675 4.674
-9999.000 4.093 -9999.000 -9999.000 -9999.000 -9999.000 4.286 -9999.000 -9999.000 -9999.000 -9999.000 -9999.000 -9999.000 -9999.000 -9999.000 -9999.000 -9999.000 -9999.000 -9999.000 -9999.000 -9999.000 -9999.000 -9999.000 -9999.000 -9999.000 -9999.000 -9999.000 -9999.000 -9999.000 -9999.000 -9999.000 -9999.000 -9999.000 -9999.000 -9999.000 -9999.000 -9999.000 -9999.000 -9999.000 3.592 3.592 3.592 3.592 3.592 3.592 3.592 3.592 3.592 -9999.000 -9999.000 -9999.000 -9999.000 -9999.000 3.592 -9999.000 -9999.000 -9999.000 4.677 4.676 4.676 4.676 4.676 4.675 4.675 4.675 4.675 4.674
-9999.000 4.196 4.241 -9999.000 -9999.000 -9999.000 4.286 -9999.000 -9999.000 -9999.000 -9999.000 -9999.000 -9999.000 -9999.000 -9999.000 4.442 -9999.000 -9999.000 -9999.000 -9999.000 -9999.000 -9999.000 -9999.000 -9999.000 -9999.000 -9999.000 -9999.000 -9999.000 -9999.000 -9999.000 -9999.000 -9999.000 -9999.000 -9999.000 -9999.000 -9999.000 -9999.000 -9999.000 -9999.000 -9999.000 3.592 3.592 3.592 3.592 3.592 3.592 3.592 -9999.000 -9999.000 -9999.000 -9999.000 -9999.000 -9999.000 -9999.000 4.011 4.652 4.677 4.677 4.676 4.676 4.676 4.676 4.676 4.675 4.675 4.675 4.675
-9999.000 -9999.000 4.241 4.241 -9999.000 4.286 4.286 4.285 -9999.000 -9999.000 -9999.000 -9999.000 -9999.000 -9999.000 -9999.000 4.464 -9999.000 -9999.000 -9999.000 -9999.000 -9999.000 -9999.000 -9999.000 -9999.000 -9999.000 -9999.000 -9999.000 -9999.000 -9999.000 -9999.000 -9999.000 -9999.000 -9999.000 -9999.000 -9999.000 -9999.000 -9999.000 -9999.000 -9999.000 -9999.000 3.592 3.592 3.592 -9999.000 -9999.000 -9999.000 -9999.000 -9999.000 -9999.000 -9999.000 -9999.000 -9999.000 -9999.000 -9999.000 -9999.000 4.677 4.677 4.677 4.677 4.676 4.676 4.676 4.676 4.675 4.675 4.675 4.675
-9999.000 4.241 4.241 -9999.000 4.274 -9999.000 4.285 4.284 -9999.000 -9999.000 -9999.000 -9999.000 -9999.000 4.452 4.453 4.464 -9999.000 -9999.000 -9999.000 -9999.000 -9999.000 -9999.000 -9999.000 -9999.000 -9999.000 -9999.000 -9999.000 -9999.000 -9999.000 -9999.000 -9999.000 -9999.000 -9999.000 -9999.000 -9999.000 -9999.000 -9999.000 -9999.000 -9999.000 -9999.000 -9999.000 -9999.000 -9999.000 -9999.000 -9999.000 -9999.000 -9999.000 -9999.000 -9999.000 -9999.000 -9999.000 -9999.000 -9999.000 -9999.000 -9999.000 -9999.000 4.677 4.677 4.677 4.677 4.676 4.676 4.676 4.676 4.675 4.675 4.675
-9999.000 -9999.000 4.241 4.244 4.286 4.287 -9999.000 4.282 4.282 -9999.000 -9999.000 -9999.000 4.451 4.451 -9999.000 4.506 4.517 4.518 4.518 -9999.000 -9999.000 -9999.000 -9999.000 -9999.000 -9999.000 -9999.000 -9999.000 -9999.000 -9999.000 -9999.000 -9999.000 -9999.000 -9999.000 -9999.000 -9999.000 -9999.000 -9999.000 -9999.000 -9999.000 -9999.000 -9999.000 -9999.000 -9999.000 -9999.000 -9999.000 -9999.000 -9999.000 -9999.000 -9999.000 -9999.000 -9999.000 -9999.000 -9999.000 -9999.000 -9999.000 4.678 4.678 4.678 4.677 4.677 4.677 4.676 4.676 4.676 4.675 4.675 4.675
-9999.000 4.241 4.244 -9999.000 4.277 4.287 4.286 4.285 4.298 -9999.000 -9999.000 -9999.000 4.445 -9999.000 -9999.000 4.516 4.517 4.518 4.518 4.518 -9999.000 -9999.000 -9999.000 -9999.000 -9999.000 -9999.000 -9999.000 -9999.000 -9999.000 -9999.000 -9999.000 -9999.000 -9999.000 -9999.000 -9999.000 -9999.000 -9999.000 -9999.000 -9999.000 -9999.000 -9999.000 -9999.000 -9999.000 -9999.000 -9999.000 -9999.000 -9999.000 -9999.000 4.685 4.684 4.683 4.682 4.681 4.680 4.680 4.679 4.678 4.678 4.678 4.677 4.677 4.677 4.676 4.676 4.676 4.675 4.675
4.253 4.257 4.257 -9999.000 4.290 4.289 -9999.000 4.317 4.360 -9999.000 4.362 -9999.000 4.438 4.475 4.516 4.516 4.517 4.517 4.518 4.518 -9999.000 -9999.000 -9999.000 -9999.000 -9999.000 -9999.000 -9999.000 -9999.000 -9999.000 -9999.000 -9999.000 -9999.000 -9999.000 -9999.000 -9999.000 -9999.000 -9999.000 -9999.000 -9999.000 -9999.000 -9999.000 -9999.000 4.694 4.693 -9999.000 4.687 4.687 4.686 4.685 4.684 4.683 4.682 4.681 4.681 4.680 4.679 4.679 4.678 4.678 4.677 4.677 4.677 4.676 4.676 4.676 4.675 4.675
4.248 -9999.000 4.278 4.287 4.291 4.291 4.291 -9999.000 4.369 4.373 4.377 -9999.000 4.421 -9999.000 4.514 4.516 4.517 4.518 4.519 4.521 4.521 -9999.000 -9999.000 -9999.000 -9999.000 -9999.000 -9999.000 -9999.000 -9999.000 -9999.000 -9999.000 -9999.000 -9999.000 -9999.000 -9999.000 -9999.000 -9999.000 -9999.000 -9999.000 -9999.000 -9999.000 -9999.000 4.692 4.692 4.690 4.688 4.686 4.686 4.684 4.684 4.683 4.682 4.681 4.681 4.680 4.679 4.679 4.679 4.678 4.678 4.677 4.677 4.677 4.676 4.676 4.676 4.675
-9999.000 4.325 4.313 4.310 4.310 4.310 -9999.000 4.370 4.371 4.375 4.381 4.391 4.400 -9999.000 4.503 4.512 4.518 4.519 4.520 4.521 4.522 4.523 4.524 -9999.000 -9999.000 -9999.000 -9999.000 -9999.000 -9999.000 -9999.000 -9999.000 -9999.000 -9999.000 -9999.000 -9999.000 -9999.000 4.701 4.701 -9999.000 4.694 4.694 4.696 4.691 -9999.000 -9999.000 4.687 4.686 4.685 4.684 4.683 4.683 4.682 4.681 4.681 4.680 4.680 4.679 4.679 4.678 4.678 4.678 4.677 4.677 4.676 4.676 4.676 4.675
4.328 4.328 4.328 4.328 4.327 4.329 4.348 4.367 4.371 4.376 4.384 4.391 4.401 4.442 4.476 4.500 4.517 4.519 4.520 4.521 4.522 4.523 4.527 4.530 -9999.000 -9999.000 -9999.000 -9999.000 -9999.000 -9999.000 -9999.000 -9999.000 -9999.000 -9999.000 4.699 4.699 4.699 4.700 -9999.000 4.693 4.693 -9999.000 4.690 4.689 4.688 4.687 4.686 4.685 4.684 4.683 4.683 4.682 4.682 4.681 4.680 4.680 4.680 4.679 4.679 4.678 4.678 4.677 4.677 4.677 4.676 4.676 4.675
4.329 4.330 4.329 4.329 4.333 4.337 4.354 4.368 4.371 4.377 4.386 4.393 4.408 4.445 4.476 4.490 4.510 4.518 4.520 4.521 4.523 4.526 4.530 4.533 4.548 -9999.000 -9999.000 4.628 4.629 -9999.000 4.703 4.706 4.702 4.700 4.699 4.698 4.698 4.698 4.700 4.693 4.691 4.691 4.690 4.689 4.688 4.687 4.686 4.685 4.684 4.684 4.683 4.682 4.682 4.681 4.681 4.680 4.680 4.679 4.679 4.678 4.678 4.678 4.677 4.677 4.676 4.676 4.676
4.330 4.330 4.334 4.340 4.348 4.352 4.364 4.367 4.371 4.376 4.391 4.401 4.411 4.449 4.478 4.497 4.508 4.516 4.520 4.521 4.524 4.526 4.531 4.541 4.563 4.579 4.609 4.627 4.630 4.681 4.701 4.701 4.700 4.700 4.699 4.697 4.697 4.696 4.694 4.693 4.692 4.691 4.690 4.689 4.688 4.687 4.686 4.685 4.685 4.684 4.683 4.683 4.682 4.681 4.681 4.680 4.680 4.680 4.679 4.679 4.678 4.678 4.677 4.677 4.677 4.676 4.676
4.333 4.333 4.343 4.349 4.353 4.357 4.364 4.367 4.376 4.386 4.400 4.401 4.426 4.458 4.478 4.498 4.508 4.517 4.519 4.521 4.524 4.528 4.535 4.542 4.564 4.612 4.634 4.634 4.660 -9999.000 4.700 4.700 4.699 4.698 4.697 4.696 4.695 4.695 4.694 4.693 4.692 4.691 4.690 4.689 4.688 4.687 4.686 4.685 4.685 4.684 4.683 4.683 4.682 4.682 4.681 4.681 4.680 4.680 4.679 4.679 4.678 4.678 4.678 4.677 4.677 4.676 4.676
4.341 4.343 4.347 4.350 4.354 4.359 4.364 4.367 4.382 4.392 4.400 4.408 4.452 4.458 4.478 4.498 4.508 4.516 4.519 4.521 4.525 4.530 4.538 4.560 4.596 4.648 4.658 4.668 4.698 4.698 4.698 4.696 4.698 4.697 4.696 4.695 4.695 4.694 4.693 4.692 4.691 4.691 4.690 4.689 4.688 4.687 4.686 4.685 4.685 4.684 4.684 4.683 4.682 4.682 4.681 4.681 4.680 4.680 4.679 4.679 4.679 4.678 4.678 4.677 4.677 4.676 4.676
4.342 4.348 4.348 4.353 4.358 4.359 4.364 4.375 4.387 4.394 4.400 4.410 4.452 4.457 4.478 4.498 4.507 4.516 4.518 4.522 4.527 4.533 4.548 4.569 4.612 4.667 4.680 -9999.000 4.698 4.697 4.697 4.696 4.696 4.696 4.695 4.695 4.694 4.694 4.693 4.692 4.691 4.690 4.690 4.689 4.688 4.687 4.686 4.685 4.685 4.684 4.684 4.683 4.683 4.682 4.682 4.681 4.681 4.680 4.680 4.679 4.679 4.678 4.678 4.677 4.677 4.677 4.676
4.343 4.350 4.353 4.358 4.358 4.362 4.370 4.382 4.389 4.396 4.400 4.414 4.452 4.457 4.478 4.499 4.507 4.515 4.521 4.525 4.529 4.542 4.555 4.577 4.626 4.683 4.691 4.697 4.697 4.697 4.696 4.696 4.696 4.695 4.695 4.695 4.694 4.693 4.693 4.692 4.691 4.691 4.690 4.689 4.688 4.687 4.686 4.686 4.685 4.684 4.684 4.683 4.683 4.682 4.682 4.681 4.681 4.680 4.680 4.679 4.679 4.678 4.678 4.678 4.677 4.677 4.676
4.345 4.354 4.357 4.358 4.358 4.364 4.375 4.389 4.391 4.396 4.403 4.416 4.449 4.457 4.478 4.498 4.510 4.519 4.526 4.534 4.541 4.552 4.562 4.581 4.603 -9999.000 -9999.000 4.697 4.697 4.696 4.696 4.696 4.695 4.695 4.695 4.694 4.694 4.693 4.693 4.692 4.691 4.690 4.690 4.689 4.688 4.687 4.686 4.686 4.685 4.685 4.684 4.683 4.683 4.682 4.682 4.681 4.681 4.680 4.680 4.679 4.679 4.679 4.678 4.678 4.677 4.677 4.676
4.345 4.354 4.358 4.358 4.364 4.372 4.381 4.389 4.391 4.399 4.406 4.415 4.437 4.457 4.477 4.499 4.515 4.526 4.538 4.546 4.551 4.563 4.565 4.675 -9999.000 -9999.000 4.697 4.697 4.696 4.696 4.696 4.696 4.695 4.695 4.695 4.694 4.694 4.693 4.693 4.692 4.691 4.690 4.690 4.689 4.688 4.687 4.686 4.686 4.685 4.685 4.684 4.684 4.683 4.683 4.682 4.682 4.681 4.681 4.680 4.680 4.679 4.679 4.678 4.678 4.677 4.677 4.676
4.348 4.356 4.359 4.360 4.368 4.374 4.381 4.389 4.396 4.402 4.407 4.415 4.425 4.452 4.476 4.500 4.524 4.545 4.559 4.572 4.605 4.604 4.673 4.692 4.697 4.697 4.697 4.696 4.696 4.696 4.696 4.695 4.695 4.695 4.694 4.694 4.693 4.693 4.693 4.692 4.691 4.690 4.690 4.689 4.688 4.687 4.686 4.686 4.685 4.685 4.684 4.684 4.683 4.683 4.682 4.682 4.681 4.681 4.680 4.680 4.679 4.679 4.678 4.678 4.678 4.677 4.677
4.353 4.360 4.360 4.363 4.369 4.374 4.383 4.395 4.401 4.404 4.408 4.414 4.424 4.447 4.473 4.502 4.544 4.577 4.592 4.638 4.679 4.686 4.690 4.697 4.697 4.697 4.697 4.696 4.696 4.696 4.696 4.695 4.695 4.695 4.694 4.694 4.693 4.693 4.692 4.692 4.691 4.690 4.690 4.689 4.688 4.687 4.687 4.686 4.686 4.685 4.684 4.684 4.683 4.683 4.682 4.682 4.681 4.681 4.680 4.680 4.679 4.679 4.679 4.678 4.678 4.677 4.677
4.355 4.361 4.364 4.367 4.371 4.374 4.385 4.400 4.402 4.404 4.408 4.414 4.425 4.441 4.457 4.515 4.583 4.605 4.648 4.668 4.687 4.698 4.698 4.697 4.697 4.697 4.697 4.696 4.696 4.696 4.696 4.695 4.695 4.695 4.694 4.694 4.693 4.693 4.692 4.692 4.691 4.690 4.690 4.689 4.688 4.687 4.687 4.686 4.686 4.685 4.685 4.684 4.683 4.683 4.682 4.682 4.681 4.681 4.680 4.680 4.680 4.679 4.679 4.678 4.678 4.677 4.677
4.362 4.362 4.368 4.374 4.377 4.384 4.394 4.401 4.402 4.403 4.407 4.414 4.426 4.441 4.457 4.521 4.589 4.643 4.660 4.679 4.698 4.698 4.698 4.697 4.697 4.697 4.697 4.696 4.696 4.696 4.695 4.695 4.695 4.694 4.694 4.694 4.693 4.693 4.692 4.692 4.691 4.690 4.690 4.689 4.688 4.687 4.687 4.686 4.686 4.685 4.685 4.684 4.684 4.683 4.683 4.682 4.682 4.681 4.681 4.680 4.680 4.679 4.679 4.678 4.678 4.677 4.677
4.366 4.367 4.377 4.385 4.388 4.391 4.396 4.401 4.402 4.403 4.405 4.410 4.425 4.443 4.464 4.528 4.626 4.663 4.672 4.689 4.698 4.698 4.698 4.697 4.697 4.697 4.697 4.696 4.696 4.696 4.695 4.695 4.695 4.694 4.694 4.694 4.693 4.693 4.692 4.692 4.691 4.690 4.690 4.689 4.688 4.688 4.687 4.686 4.686 4.685 4.685 4.684 4.684 4.683 4.683 4.682 4.682 4.681 4.681 4.680 4.680 4.679 4.679 4.678 4.678 4.677 4.677
-9999.000 -9999.000 -9999.000 4.386 4.388 4.391 4.396 4.401 4.403 4.403 4.405 4.406 4.418 4.459 4.480 4.544 4.651 4.663 4.681 4.698 4.698 4.698 4.698 4.697 4.697 4.697 4.697 4.696 4.696 4.696 4.695 4.695 4.695 4.694 4.694 4.693 4.693 4.693 4.692 4.691 4.691 4.690 4.690 4.689 4.688 4.688 4.687 4.687 4.686 4.685 4.685 4.684 4.684 4.683 4.683 4.682 4.682 4.681 4.681 4.680 4.680 4.679 4.679 4.678 4.678 4.677 4.677
