includes/lisflood-fp-604/results/res.totaltm
ncols         631
nrows         906
xllcorner     364927.146667
yllcorner     6531972.565556
cellsize      20.000000
NODATA_value  -9999.000000
[rows 99 to 131 of 906, columns 296 to 369 of 631]
0.000 0.000 3.035 1.151 7.770 7.784 7.804 7.831 7.870 5.173 7.871 7.893 7.886 7.887 7.870 7.898 7.917 3.742 7.961 8.002 8.022 8.034 8.091 8.136 8.151 6.287 3.098 8.217 8.242 8.302 8.313 8.374 8.379 6.105 8.444 8.458 8.440 3.819 0.000 0.713 8.949 0.000 5.096 7.331 8.069 7.648 8.587 9.057 9.120 8.614 9.436 8.394 8.019 12.056 7.743 8.084 12.056 12.056 12.056 12.056 12.056 12.056 12.056 12.056 12.056 12.056 12.056 12.056 12.056 12.056 12.056 12.056 12.056 12.056
0.000 0.000 1.698 3.927 7.733 7.289 7.788 7.815 7.804 3.187 1.373 7.839 4.886 7.841 7.857 7.867 7.896 7.921 7.954 7.965 8.024 8.094 8.125 8.127 8.178 8.197 8.213 8.268 8.294 8.309 8.347 8.384 8.388 8.494 8.506 8.518 8.490 5.108 6.608 0.000 8.962 3.548 3.456 6.280 7.623 7.946 7.962 8.001 8.485 7.640 8.016 7.782 8.142 8.526 8.177 8.073 12.056 12.056 12.056 12.056 12.056 12.056 12.056 12.056 12.056 12.056 12.056 12.056 12.056 12.056 12.056 12.056 12.056 12.056
2.851 2.416 2.744 2.165 1.219 4.665 7.758 7.790 7.787 4.685 2.436 3.731 7.805 7.820 7.833 7.854 7.856 5.860 7.963 8.013 8.028 8.119 8.144 8.165 8.181 8.189 8.193 8.246 8.277 8.300 8.356 8.391 8.431 8.442 8.515 8.543 8.508 8.497 7.937 3.613 0.453 8.968 1.338 5.234 7.303 7.873 7.462 7.926 7.789 11.563 7.689 12.056 11.341 9.254 12.056 12.056 12.056 12.056 12.056 12.056 12.056 12.056 12.056 12.056 12.056 12.056 12.056 12.056 12.056 12.056 12.056 12.056 12.056 12.056
7.136 7.418 1.677 2.911 1.595 1.205 2.188 6.043 4.482 5.924 7.649 7.690 7.792 7.807 7.820 7.833 7.840 3.080 4.927 7.965 8.038 8.063 8.157 8.174 8.210 8.220 8.217 8.281 8.304 8.318 8.361 8.371 8.376 8.439 8.513 8.558 8.664 8.692 8.511 8.531 1.519 8.953 2.151 3.475 6.336 7.404 11.643 7.908 7.716 9.425 9.039 11.756 7.850 11.791 7.866 8.160 12.056 12.056 12.056 12.056 12.056 12.056 12.056 12.056 12.056 12.056 12.056 12.056 12.056 12.056 12.056 12.056 12.056 12.056
7.469 1.580 0.800 2.335 3.063 7.515 4.310 4.103 7.661 5.477 6.788 7.381 7.775 7.782 7.767 7.809 7.788 7.739 1.932 7.960 7.993 8.033 8.034 8.197 8.229 8.242 8.285 8.300 8.318 8.328 8.375 8.383 2.957 8.554 8.569 8.590 8.626 8.779 8.817 8.833 4.281 3.725 8.940 2.273 5.314 7.447 7.469 8.279 11.669 8.286 7.949 9.626 7.721 7.754 7.789 8.267 7.899 12.056 12.056 12.056 12.056 12.056 12.056 12.056 12.056 12.056 12.056 12.056 12.056 12.056 12.056 12.056 12.056 12.056
7.479 4.630 5.825 4.118 3.101 2.385 7.534 3.037 7.604 7.599 4.086 7.694 7.749 7.763 7.750 7.795 7.774 7.694 1.503 2.706 7.152 3.216 2.717 5.868 8.087 8.245 8.303 8.319 8.354 8.373 8.389 8.405 8.495 8.510 8.526 8.676 8.701 8.774 8.803 8.820 8.834 3.299 8.927 0.239 3.802 6.337 7.786 7.753 8.120 8.428 11.184 10.543 11.412 11.767 11.559 11.795 12.056 9.472 7.922 7.977 12.056 12.056 12.056 12.056 12.056 12.056 12.056 12.056 12.056 12.056 12.056 12.056 12.056 12.056
7.487 7.494 7.494 7.518 4.253 2.660 6.349 2.576 7.577 3.167 7.659 7.710 7.730 7.741 7.746 7.780 7.744 7.707 2.887 7.820 7.861 7.871 6.840 3.566 5.649 7.168 8.215 8.260 8.263 8.260 8.254 6.752 8.296 8.332 2.691 8.642 8.743 8.763 8.784 8.807 8.822 4.784 4.331 8.798 0.000 5.234 7.364 7.441 11.644 7.484 11.695 7.586 11.728 11.735 7.907 7.882 8.259 12.056 12.056 12.056 12.056 12.056 12.056 12.056 12.056 12.056 12.056 12.056 12.056 12.056 12.056 12.056 12.056 12.056
7.499 7.524 7.530 7.017 7.549 7.577 7.556 7.567 7.580 7.619 7.648 7.692 7.705 7.710 7.736 7.741 7.733 7.647 7.695 1.437 7.837 7.885 7.949 4.859 4.788 8.144 8.164 8.219 8.187 8.222 4.500 3.905 8.276 8.317 8.299 7.766 8.656 8.698 8.729 8.777 8.775 8.809 0.315 8.801 1.776 3.449 6.267 7.711 7.704 7.717 11.684 11.696 8.080 11.724 7.711 11.765 8.163 9.072 12.056 7.901 9.280 12.056 12.056 12.056 12.056 12.056 12.056 12.056 12.056 12.056 12.056 12.056 12.056 12.056
7.506 7.536 7.542 7.552 7.587 7.614 7.602 7.597 7.591 7.620 7.635 7.678 7.673 7.637 7.649 7.730 7.683 7.655 7.690 2.306 4.085 7.904 7.985 8.002 8.015 8.108 8.142 8.206 8.166 0.612 8.124 5.191 8.256 8.302 8.169 3.711 8.596 8.651 8.719 8.753 8.745 8.774 8.627 8.835 7.516 0.000 4.993 7.523 7.550 11.657 8.507 8.632 7.664 11.718 7.958 11.756 7.863 10.855 7.810 7.716 11.801 8.115 12.056 7.992 7.979 12.056 12.056 12.056 12.056 12.056 12.056 12.056 12.056 12.056
7.511 7.548 7.552 7.588 7.587 7.631 7.629 7.614 7.633 7.309 7.697 7.668 7.699 5.062 6.751 7.683 7.702 7.694 7.702 3.100 3.315 7.899 7.930 7.952 4.780 5.665 7.089 8.059 8.137 8.084 8.125 5.233 8.202 8.279 8.216 8.195 3.927 8.602 8.620 8.693 8.714 8.511 2.366 1.617 8.986 2.881 2.688 6.018 7.625 11.643 7.872 7.531 7.673 8.469 9.248 11.736 11.746 11.777 11.038 12.056 12.056 7.894 12.056 8.011 12.056 12.056 12.056 12.056 12.056 12.056 12.056 12.056 12.056 12.056
7.514 7.560 7.587 7.599 7.627 7.640 7.659 7.685 7.652 7.719 7.707 7.736 7.717 4.225 3.223 4.334 7.717 7.070 7.757 4.661 6.186 7.854 7.898 7.928 3.564 2.743 1.575 3.875 7.489 8.076 6.407 3.417 8.204 8.232 8.237 8.184 3.605 8.494 8.640 8.705 8.730 8.685 5.248 0.000 8.965 5.096 0.000 4.300 7.319 7.534 7.619 7.827 11.687 8.710 7.664 9.685 7.725 11.757 7.822 8.301 7.852 8.320 7.814 12.056 12.056 12.056 12.056 7.882 12.056 12.056 12.056 12.056 12.056 12.056
7.516 7.575 7.596 7.612 7.624 7.653 7.690 7.705 7.718 7.731 7.743 7.746 7.747 3.256 4.637 2.430 5.314 4.149 7.774 7.789 7.806 7.839 7.875 7.897 7.846 7.822 3.808 2.129 5.623 3.318 5.028 1.681 6.071 8.243 8.249 8.210 8.283 3.656 8.522 8.640 8.829 8.850 8.868 8.885 8.896 8.965 2.078 0.000 5.591 7.691 7.529 7.677 7.547 8.062 11.688 11.708 7.648 9.911 7.678 7.797 11.771 10.711 10.473 8.862 8.387 12.056 12.056 7.936 12.056 12.056 12.056 12.056 12.056 12.056
7.534 7.557 7.598 7.615 7.624 7.642 7.630 7.700 7.731 7.743 7.754 7.764 7.791 7.799 7.809 7.783 7.777 7.794 3.443 6.080 7.764 7.795 7.781 7.859 7.811 7.801 5.263 1.839 6.115 7.953 3.337 0.392 3.176 8.251 8.262 8.307 8.351 4.756 4.031 8.228 8.756 8.839 8.857 8.874 8.886 2.532 8.032 0.000 3.886 6.377 7.617 10.860 8.118 8.113 9.026 7.982 9.130 11.725 7.620 8.742 9.022 7.745 7.896 11.811 8.435 12.056 12.056 12.056 12.056 12.056 12.056 12.056 12.056 12.056
0.000 4.019 7.547 0.000 1.719 7.655 7.666 7.692 7.703 7.702 7.764 7.776 7.804 7.790 7.829 7.842 4.547 7.810 7.011 2.033 3.510 7.779 2.193 6.060 7.827 7.815 3.862 3.086 6.250 4.070 7.941 0.000 1.917 8.264 8.274 8.361 8.390 8.431 8.471 8.501 8.733 2.976 4.341 8.861 8.873 8.781 3.213 4.575 0.000 5.057 7.337 7.491 8.737 8.246 8.594 8.644 11.696 7.656 11.725 8.631 8.363 8.474 10.424 8.761 12.056 12.056 12.056 12.056 12.056 12.056 12.056 12.056 12.056 12.056
0.000 0.000 0.000 0.000 0.000 7.625 7.690 7.696 7.740 7.727 1.289 7.803 7.815 7.803 7.843 7.851 7.145 6.490 7.867 2.685 3.164 5.529 4.898 3.245 5.399 7.830 7.816 3.962 7.901 4.068 7.536 0.000 8.199 8.283 8.295 8.353 8.384 8.409 8.438 5.373 6.585 4.045 8.203 7.376 5.670 8.474 8.442 8.275 0.000 3.056 6.088 7.427 7.869 7.381 8.180 11.668 7.521 11.717 8.762 11.745 11.762 11.770 9.490 8.592 12.056 12.056 12.056 12.056 12.056 12.056 12.056 12.056 12.056 12.056
0.000 0.000 0.000 0.000 0.000 2.032 7.702 7.740 7.754 7.779 4.089 4.959 7.836 0.000 0.000 7.882 7.877 4.893 7.883 4.887 3.131 2.148 3.382 7.898 4.457 7.843 7.828 7.852 7.876 7.860 6.943 0.000 8.214 8.293 8.303 8.240 8.311 8.349 8.344 4.803 3.704 4.073 4.315 4.435 8.206 3.840 8.411 4.770 8.037 0.000 4.353 6.443 7.441 8.024 11.637 7.499 11.662 7.530 11.718 7.668 7.619 7.864 12.056 8.869 12.056 7.980 8.530 12.056 12.056 7.938 12.056 12.056 12.056 12.056
0.000 0.000 0.000 0.000 0.000 0.000 7.717 7.735 7.780 5.065 7.812 7.840 7.848 7.864 7.877 7.891 7.904 7.896 7.922 7.286 0.850 2.875 7.934 7.929 7.892 4.269 1.872 2.568 7.886 7.866 7.839 0.000 5.756 8.275 8.309 8.302 8.291 8.300 3.025 3.402 5.402 8.137 8.155 8.224 8.242 8.347 8.379 1.653 7.977 3.649 0.000 5.402 7.536 7.717 7.534 11.658 9.392 10.393 11.704 11.704 11.714 7.657 7.952 7.781 8.429 8.381 11.819 8.049 12.056 12.056 12.056 12.056 12.056 12.056
0.000 0.000 0.000 0.000 0.000 0.000 0.000 0.000 7.751 7.781 2.108 7.841 7.870 7.877 7.889 7.899 7.931 7.933 7.941 7.957 7.920 4.913 7.953 7.941 7.124 2.277 0.231 4.049 7.440 7.885 2.927 0.000 2.307 8.304 8.326 1.896 4.404 8.334 8.327 8.247 3.106 2.426 3.571 5.266 8.256 8.320 8.291 7.663 1.707 8.138 0.819 3.329 6.249 7.399 7.647 11.654 7.950 7.934 7.923 8.079 11.718 11.727 7.775 11.767 11.780 7.727 9.882 12.056 8.097 12.056 12.056 12.056 12.056 12.056
0.000 0.000 0.000 0.000 0.000 0.000 0.000 0.000 2.195 7.791 4.383 4.631 7.879 7.909 7.922 7.913 7.941 7.934 7.964 7.983 1.408 1.766 7.973 7.981 4.695 7.845 7.913 2.274 7.421 3.462 2.889 1.669 1.873 1.234 8.346 8.346 8.360 8.347 8.344 8.314 3.939 3.991 8.296 8.327 8.266 3.519 5.389 5.381 4.524 2.577 8.139 0.000 4.563 7.191 7.494 8.086 7.638 7.772 7.741 7.654 11.708 11.717 7.985 7.943 7.818 12.056 8.273 8.249 8.142 12.056 12.056 12.056 12.056 12.056
0.000 0.000 0.000 0.000 0.337 7.717 7.755 7.777 7.791 7.802 7.847 7.860 7.900 7.921 7.933 7.943 7.957 7.965 7.973 7.993 8.003 8.003 7.993 8.016 8.030 1.230 3.043 8.022 5.673 2.485 1.653 0.000 0.000 3.987 8.353 8.363 8.370 8.372 8.351 8.268 8.356 8.260 8.381 8.357 8.354 8.295 4.226 8.189 8.166 5.971 5.417 1.084 0.179 5.442 7.292 11.621 7.552 7.531 8.950 10.421 8.919 11.716 11.723 11.742 11.755 7.888 8.434 12.056 8.151 12.056 12.056 12.056 12.056 12.056
0.000 0.000 0.000 0.000 0.000 0.000 0.000 0.000 2.915 1.050 0.000 6.210 7.896 7.921 7.949 7.959 7.977 7.969 8.002 7.995 8.020 8.033 7.312 8.029 4.955 3.001 2.668 2.686 4.766 1.754 0.777 0.000 0.000 8.324 8.346 8.368 8.376 8.383 8.391 8.397 8.373 8.385 8.389 8.380 8.363 8.336 3.780 5.753 8.202 8.193 8.182 8.173 0.854 3.752 6.258 7.408 7.489 11.648 8.406 9.108 7.951 9.008 7.952 9.650 11.764 8.282 8.408 8.246 12.056 12.056 12.056 12.056 12.056 12.056
0.000 0.000 0.000 0.000 0.000 0.000 0.000 0.000 1.824 7.622 7.639 0.000 3.492 7.919 7.953 7.978 7.985 8.006 8.017 8.036 8.024 8.046 8.056 8.077 6.177 3.495 1.111 8.115 2.024 3.394 1.837 0.000 7.756 0.000 8.345 8.384 8.393 8.403 8.399 8.404 8.330 8.392 8.398 8.389 8.378 8.357 8.349 6.014 8.222 8.233 8.210 0.571 8.135 0.000 4.711 7.232 7.429 11.641 7.632 7.694 7.707 7.752 11.719 8.095 11.773 11.783 10.907 12.056 12.056 12.056 12.056 12.056 12.056 12.056
0.000 0.000 0.000 0.000 0.000 0.000 0.000 0.000 0.995 2.964 7.665 7.673 0.575 7.917 7.957 7.966 7.992 8.018 8.004 8.045 8.040 8.065 8.077 8.087 8.115 8.108 7.091 5.439 7.808 3.085 8.164 2.070 1.302 2.209 8.252 8.390 8.399 8.410 8.414 8.414 8.411 8.407 8.405 8.401 8.379 8.370 8.344 8.301 0.000 8.260 6.141 1.495 8.059 7.976 0.000 5.631 7.355 7.627 7.630 7.703 8.040 8.396 11.705 7.672 10.393 7.705 12.056 8.140 8.058 12.056 12.056 7.917 12.056 12.056
0.000 0.000 0.000 0.000 0.000 0.000 0.000 7.580 2.348 7.666 7.680 7.700 7.678 1.246 7.953 7.983 8.000 8.026 8.044 8.057 8.066 8.065 6.551 8.114 8.123 6.459 5.188 6.669 8.192 3.043 8.193 6.690 2.524 2.312 5.244 8.401 8.408 8.418 8.423 8.424 8.433 8.431 8.414 8.412 8.403 8.387 3.144 8.293 0.000 8.270 8.250 6.331 3.235 8.136 0.868 3.769 6.225 7.705 7.475 7.866 8.091 8.042 11.709 7.779 8.017 8.108 8.249 11.780 7.726 8.570 12.056 12.056 12.056 12.056
0.000 0.000 0.000 0.000 0.000 0.000 7.560 7.605 7.627 7.644 7.714 7.721 7.691 7.744 2.239 7.978 8.002 8.023 8.048 8.074 8.081 4.222 2.788 3.100 8.160 8.183 8.192 8.202 8.211 8.234 6.437 2.638 3.153 2.359 3.784 8.406 8.418 8.426 8.429 8.433 8.441 8.436 8.422 8.421 8.405 8.401 7.019 1.273 8.356 8.312 8.276 4.292 3.762 8.094 8.291 0.000 4.691 7.261 7.775 11.642 7.750 7.608 10.462 10.778 11.739 11.749 11.767 11.510 12.056 9.827 12.056 7.916 12.056 12.056
0.000 0.000 0.000 0.000 0.000 3.824 1.448 7.589 1.836 7.693 7.728 7.740 1.482 1.866 7.991 8.003 8.024 8.038 8.058 8.081 8.086 8.125 8.114 8.159 8.169 6.221 3.405 5.268 3.515 8.246 6.668 6.391 8.230 6.403 8.285 8.414 8.420 8.433 8.445 8.441 8.446 8.451 6.773 8.445 8.287 8.410 8.398 8.361 8.367 8.315 8.287 7.618 6.022 7.185 1.953 1.678 1.138 5.753 7.357 7.540 8.072 8.716 8.141 8.536 11.731 7.634 9.698 10.924 12.056 11.812 9.070 8.362 12.056 12.056
0.000 0.000 0.000 0.000 7.608 7.625 2.615 1.377 0.000 1.747 7.766 7.809 7.033 7.949 7.961 3.883 8.009 6.131 5.081 7.720 8.118 8.133 8.140 8.169 6.308 8.204 8.200 8.229 8.238 8.253 8.249 8.265 8.282 8.282 8.276 6.989 8.436 8.444 8.450 8.446 8.462 8.456 8.461 8.454 8.442 8.443 8.407 8.376 8.391 8.308 8.282 8.296 8.294 8.283 4.817 2.482 0.422 3.712 6.291 7.426 7.510 7.909 8.005 8.269 7.821 11.737 10.088 7.974 11.044 7.945 12.056 12.056 12.056 12.056
0.000 0.000 0.000 0.000 0.000 7.672 7.694 7.713 3.286 7.791 7.816 7.901 7.918 7.935 7.948 7.973 7.990 2.873 5.062 8.126 8.134 8.132 8.156 4.903 3.758 8.224 8.219 6.554 8.248 8.288 8.173 0.000 8.288 8.289 8.283 8.271 8.438 8.452 8.469 8.475 8.470 8.477 8.476 8.465 8.465 8.460 8.452 8.442 8.411 8.354 8.343 8.340 8.336 8.330 8.330 8.318 1.738 0.000 4.793 7.326 8.043 11.651 7.981 7.914 8.748 8.667 9.263 10.100 11.770 7.880 7.952 9.577 12.056 12.056
0.000 0.000 0.000 0.000 0.000 2.406 4.806 7.693 7.719 3.081 3.812 7.873 7.884 7.931 7.960 7.986 4.498 6.581 5.359 8.134 8.143 8.153 8.186 5.861 8.213 8.254 6.036 8.283 8.281 8.298 8.290 8.289 8.315 8.310 8.259 8.280 8.464 8.470 8.475 8.483 8.478 8.485 8.481 8.473 8.471 8.469 8.462 8.342 8.417 8.375 8.375 8.351 8.346 8.355 8.340 7.169 8.265 0.514 1.148 5.493 7.508 7.560 11.652 7.704 11.702 7.613 11.732 7.784 9.320 8.080 8.541 12.056 8.030 7.789
0.000 0.000 0.000 0.000 0.000 1.913 7.684 7.702 2.791 7.789 7.805 7.819 6.521 0.964 7.933 7.971 7.986 2.563 2.553 8.104 8.118 8.184 8.198 8.209 8.219 8.265 8.275 8.292 4.729 8.309 6.799 5.118 8.324 8.335 8.347 8.357 8.369 8.481 8.490 8.491 8.484 8.491 8.489 8.496 8.491 8.483 8.475 8.463 8.427 8.384 8.406 8.340 8.407 8.393 8.362 4.117 8.302 3.075 0.000 3.481 6.227 7.411 7.593 7.855 7.902 9.012 8.956 8.468 8.994 7.910 8.049 12.056 12.056 11.803
0.000 0.000 0.000 0.000 0.000 0.000 7.680 7.704 7.715 2.432 7.792 7.793 7.807 4.920 7.900 7.883 7.961 7.937 2.524 8.084 5.402 8.145 8.205 8.215 8.253 8.254 8.291 8.306 8.302 8.342 8.352 8.332 8.326 8.366 8.357 8.407 8.436 8.475 8.498 8.503 8.476 8.504 8.500 8.503 8.498 8.490 8.476 1.974 8.442 8.423 8.433 8.452 8.422 8.399 8.378 8.362 8.314 8.301 1.393 0.000 4.329 6.492 7.450 7.746 7.729 8.209 8.179 8.145 11.737 7.768 11.775 11.787 12.056 11.796
0.000 0.000 0.000 0.000 0.000 0.000 0.000 7.715 7.723 7.775 7.789 7.811 7.851 7.865 7.996 7.859 7.927 1.842 0.698 8.089 5.596 8.160 4.349 8.247 8.263 8.290 8.298 8.324 4.509 8.318 8.361 8.379 8.393 8.381 8.375 8.346 8.400 8.498 8.503 8.509 8.519 8.511 8.504 8.512 8.508 8.501 4.692 3.513 8.454 8.439 8.461 8.464 8.452 8.433 8.399 8.385 8.364 3.470 1.859 0.000 0.000 5.224 7.362 11.637 7.701 11.076 7.700 8.086 7.600 11.746 9.650 7.862 8.025 11.811
0.000 0.000 0.000 0.000 0.000 0.000 0.000 3.117 0.000 0.000 0.000 1.428 3.678 7.998 8.018 7.856 4.432 1.167 2.407 2.907 2.989 5.221 8.186 5.934 6.030 8.296 8.330 8.336 8.336 8.311 8.321 5.915 8.413 8.388 5.802 8.435 8.446 8.502 8.514 8.524 8.524 8.522 8.526 8.518 8.518 8.509 8.298 4.862 8.471 8.456 8.474 8.485 8.464 8.452 8.420 8.425 8.392 8.368 3.867 1.780 0.000 2.313 5.701 7.417 7.502 8.036 7.608 7.716 11.726 9.031 11.746 7.714 8.231 7.857
