includes/lisflood-fp-604/results/res.inittm
ncols         631
nrows         906
xllcorner     364927.146667
yllcorner     6531972.565556
cellsize      20.000000
NODATA_value  -9999.000000
[rows 493 to 521 of 906, columns 469 to 535 of 631]
-9999.000 -9999.000 -9999.000 -9999.000 -9999.000 -9999.000 -9999.000 -9999.000 -9999.000 -9999.000 -9999.000 -9999.000 -9999.000 -9999.000 -9999.000 -9999.000 -9999.000 -9999.000 -9999.000 -9999.000 4.136 4.102 4.200 4.128 -9999.000 4.174 4.047 4.027 4.012 3.909 3.768 3.740 3.734 3.629 3.622 3.476 0.001 0.001 -9999.000 -9999.000 -9999.000 3.391 3.384 3.775 4.074 -9999.000 -9999.000 -9999.000 -9999.000 -9999.000 -9999.000 -9999.000 0.469 0.001 0.001 0.001 0.001 0.001 0.001 0.001 0.001 0.001 0.001 0.001 0.001 0.001 0.001
-9999.000 -9999.000 -9999.000 -9999.000 -9999.000 -9999.000 -9999.000 -9999.000 -9999.000 -9999.000 -9999.000 -9999.000 -9999.000 -9999.000 -9999.000 -9999.000 -9999.000 4.464 4.195 4.014 3.876 4.020 3.994 4.099 3.882 3.871 4.047 -9999.000 4.060 3.931 3.810 3.907 -9999.000 -9999.000 3.748 0.001 0.001 0.001 0.001 0.001 -9999.000 0.001 3.345 3.449 3.845 3.858 -9999.000 -9999.000 -9999.000 -9999.000 -9999.000 -9999.000 0.765 0.001 0.001 0.001 0.001 0.001 0.001 0.001 0.001 0.001 0.001 0.001 0.001 0.001 0.001
-9999.000 -9999.000 -9999.000 4.528 4.293 4.512 4.230 4.179 4.396 -9999.000 -9999.000 -9999.000 -9999.000 -9999.000 -9999.000 -9999.000 3.955 3.691 3.703 3.676 3.760 3.867 3.957 3.482 3.337 3.377 3.461 3.509 3.516 3.455 4.052 3.954 4.018 3.813 3.721 3.715 0.001 0.001 0.001 0.001 0.001 0.001 3.332 3.336 3.340 3.366 -9999.000 -9999.000 -9999.000 -9999.000 -9999.000 -9999.000 0.964 0.001 0.001 0.001 0.001 0.001 0.001 0.001 0.001 0.001 0.001 0.001 0.001 0.001 0.001
3.965 3.939 3.901 3.884 3.877 3.872 3.869 3.957 4.018 3.924 3.860 3.932 3.825 3.811 3.738 3.744 3.671 3.655 3.614 3.631 3.642 3.615 3.650 3.378 3.306 3.372 3.378 3.410 3.414 3.449 4.088 3.982 4.006 4.000 3.962 -9999.000 3.823 3.711 0.001 3.461 3.444 3.367 0.001 0.001 0.001 3.197 3.366 -9999.000 -9999.000 1.434 0.785 0.544 0.346 0.123 0.001 0.001 0.001 0.001 0.001 0.001 0.001 0.001 0.001 0.001 0.001 0.001 0.001
3.906 3.894 3.882 3.866 3.863 3.850 3.849 3.866 3.865 3.849 3.797 3.832 3.779 3.683 3.683 3.668 3.659 3.612 3.602 3.614 3.606 3.587 3.527 3.292 3.299 3.512 3.505 3.488 3.534 3.950 3.859 3.757 4.075 4.026 4.096 -9999.000 -9999.000 -9999.000 3.846 3.696 3.648 3.347 3.329 0.001 0.001 3.102 3.022 -9999.000 1.482 0.490 0.432 0.371 0.233 0.001 0.001 0.001 0.001 0.001 0.001 0.001 0.001 0.001 0.001 0.001 0.001 0.001 0.001
3.897 3.877 3.871 3.868 3.843 3.845 3.845 3.822 3.828 3.851 3.766 3.725 3.722 3.661 3.685 3.670 3.640 3.617 3.555 3.589 3.589 3.653 3.595 3.275 3.363 3.812 3.569 3.536 3.549 3.668 3.699 3.712 3.902 4.031 4.088 -9999.000 -9999.000 -9999.000 -9999.000 -9999.000 -9999.000 3.380 3.334 0.001 0.001 0.001 2.910 2.515 1.157 0.537 0.373 0.276 0.158 0.001 0.001 0.001 0.001 0.001 0.001 0.001 0.001 0.001 0.001 0.001 0.001 0.001 0.001
3.871 3.879 3.885 3.844 3.840 3.840 3.832 3.817 3.827 3.759 3.726 3.677 3.720 3.656 3.736 3.594 3.620 3.563 3.543 3.556 3.557 3.704 3.607 3.267 3.501 3.807 3.600 3.666 3.830 3.591 3.494 3.586 3.519 3.887 4.023 -9999.000 -9999.000 -9999.000 -9999.000 -9999.000 -9999.000 -9999.000 3.368 3.326 0.001 0.001 2.895 2.079 0.813 0.491 0.364 0.227 0.128 0.001 0.001 0.001 0.001 0.001 0.001 0.001 0.001 0.001 0.001 0.001 0.001 0.001 0.001
3.866 3.879 3.849 3.844 3.837 3.822 3.816 3.813 3.753 3.825 3.767 3.666 3.660 3.631 3.606 3.583 3.570 3.572 3.530 3.514 3.522 3.830 3.770 3.257 3.492 3.947 3.646 3.837 3.465 3.469 3.459 3.472 3.498 3.516 4.044 -9999.000 -9999.000 -9999.000 -9999.000 -9999.000 -9999.000 -9999.000 3.809 3.324 3.195 0.001 0.001 2.896 0.635 0.507 0.278 0.187 0.001 0.001 0.001 0.001 0.001 0.001 0.001 0.001 0.001 0.001 0.001 0.001 0.001 0.001 0.001
3.851 3.861 3.856 3.848 3.848 3.818 3.813 3.754 3.749 3.698 3.691 3.691 3.639 3.879 3.633 3.564 3.544 3.534 3.512 3.494 3.508 3.493 3.820 3.244 3.495 3.683 3.482 3.464 3.445 3.293 3.372 3.420 3.442 3.810 3.837 -9999.000 -9999.000 -9999.000 -9999.000 -9999.000 -9999.000 -9999.000 -9999.000 3.384 3.079 2.990 0.001 2.865 0.577 0.473 0.247 0.156 0.001 0.001 0.001 0.001 0.001 0.001 0.001 0.001 0.001 0.001 0.001 0.001 0.001 0.001 0.001
3.842 3.818 3.823 3.924 3.830 3.814 3.811 3.764 3.753 3.803 3.686 3.636 3.627 4.034 3.630 3.577 3.570 3.559 3.495 3.481 3.516 3.479 3.466 3.239 3.449 3.508 3.391 3.188 3.489 3.232 3.210 3.447 3.564 3.586 -9999.000 2.346 1.926 4.053 1.795 3.979 3.495 4.092 3.978 3.879 3.239 2.879 2.854 2.835 2.818 0.471 0.185 0.127 0.103 0.001 0.001 0.001 0.001 0.001 0.001 0.001 0.001 0.001 0.001 0.001 0.001 0.001 0.001
3.818 3.814 3.821 3.808 3.821 3.820 3.802 3.804 3.750 3.743 3.691 4.204 3.619 3.562 3.537 3.535 3.585 3.570 3.478 3.474 3.437 3.411 3.404 3.221 3.215 3.204 3.180 3.175 3.427 3.407 3.189 3.428 3.535 -9999.000 2.832 2.427 1.819 1.727 1.330 0.578 1.074 1.254 3.823 3.653 3.192 2.893 2.860 2.849 2.869 0.224 0.167 0.124 0.001 0.001 0.001 0.001 0.001 0.001 0.001 0.001 0.001 0.001 0.001 0.001 0.001 0.001 0.001
3.823 3.804 3.789 3.785 4.095 3.785 3.781 3.781 3.778 3.750 4.109 3.676 3.666 3.547 3.532 3.518 3.511 3.505 3.564 3.468 3.441 3.441 3.430 3.390 3.865 3.781 3.174 3.166 3.163 3.264 3.166 3.166 3.496 2.010 1.285 0.001 0.001 0.001 0.001 0.001 0.001 0.001 0.847 1.014 1.009 0.920 0.833 0.001 0.001 0.001 0.001 0.001 0.001 0.001 0.001 0.001 0.001 0.001 0.001 0.001 0.001 0.001 0.001 0.001 0.001 0.001 0.001
3.816 3.813 3.785 3.782 3.827 3.783 3.778 3.779 3.773 4.112 3.839 3.734 3.670 3.661 3.587 3.737 3.508 3.490 3.465 3.454 3.445 3.436 3.428 3.319 3.371 3.046 3.108 3.066 3.149 3.127 3.161 3.154 3.133 3.570 0.936 0.777 0.765 0.654 0.654 0.658 0.001 0.001 0.001 0.001 0.001 0.658 0.583 0.184 0.001 0.001 0.001 0.001 0.001 0.001 0.001 0.001 0.001 0.001 0.001 0.001 0.001 0.001 0.001 0.001 0.001 0.001 0.001
3.817 3.788 3.785 3.769 3.768 3.775 3.759 3.867 3.755 3.886 3.804 3.720 3.660 3.670 3.739 3.521 3.504 3.476 3.463 3.454 3.455 3.415 3.323 3.304 3.043 3.031 2.981 2.950 3.128 3.110 3.148 3.144 3.007 2.999 2.871 0.748 0.807 0.650 0.609 0.586 0.517 0.486 0.596 0.431 0.001 0.001 0.001 0.001 0.001 0.001 0.001 0.001 0.001 0.001 0.001 0.001 0.001 0.001 0.001 0.001 0.001 0.001 0.001 0.001 0.001 0.001 0.001
3.812 3.785 3.783 3.757 3.754 3.753 3.757 3.729 3.750 3.743 3.728 3.713 3.651 3.975 3.603 3.529 3.572 3.460 3.451 3.447 3.403 3.393 3.328 3.311 3.193 3.000 3.004 2.901 2.887 3.090 3.138 2.997 3.010 3.120 2.925 0.694 0.686 0.655 0.635 0.657 0.546 0.529 0.518 0.474 0.411 0.466 0.344 0.114 0.001 0.001 0.001 0.001 0.001 0.001 0.001 0.001 0.001 0.001 0.001 0.001 0.001 0.001 0.001 0.001 0.001 0.001 0.001
3.815 3.890 3.811 3.779 3.736 3.733 3.729 3.717 3.749 3.709 3.714 3.699 3.641 3.703 3.606 3.533 3.521 3.541 3.461 3.451 3.465 3.384 3.332 3.311 3.294 2.934 2.908 2.887 2.878 2.869 2.543 2.930 2.942 3.101 0.802 0.677 0.651 0.632 0.587 0.596 0.541 0.430 0.416 0.465 0.396 0.349 0.249 0.203 0.136 0.108 0.001 0.001 0.001 0.001 0.001 0.001 0.001 0.001 0.001 0.001 0.001 0.001 0.001 0.001 0.001 0.001 0.001
3.829 3.749 3.742 3.735 3.728 3.729 3.730 3.710 3.711 3.647 3.641 3.636 3.632 3.586 3.568 3.517 3.508 3.500 3.444 3.435 3.426 3.460 3.384 3.329 3.179 3.166 3.136 3.118 3.103 2.386 2.264 2.581 3.003 2.449 1.162 0.816 0.631 0.610 0.567 0.473 0.420 0.397 0.361 0.292 0.271 0.250 0.255 0.152 0.140 0.001 0.111 0.001 0.001 0.001 0.001 0.001 0.001 0.001 0.001 0.001 0.001 0.001 0.001 0.001 0.001 0.001 0.001
3.783 3.748 3.743 3.728 3.719 3.706 3.690 3.683 3.663 3.654 3.648 3.608 3.603 3.582 3.577 3.744 3.515 3.508 3.884 3.425 3.417 3.407 3.396 3.426 3.398 3.403 3.157 3.115 3.104 2.437 1.093 0.957 1.256 0.835 0.644 0.622 0.579 0.541 0.529 0.509 0.430 0.389 0.307 0.290 0.266 0.231 0.211 0.151 0.104 0.001 0.001 0.001 0.001 0.001 0.001 0.001 0.001 0.001 0.001 0.001 0.001 0.001 0.001 0.001 0.001 0.001 0.001
3.767 3.763 3.773 3.890 3.733 3.714 3.714 3.689 3.719 3.704 3.658 3.662 3.581 3.576 3.556 3.549 3.529 3.517 3.500 3.796 3.425 3.445 3.455 3.399 3.390 3.388 3.277 3.198 3.283 1.401 1.325 0.704 0.785 0.623 0.642 0.584 0.580 0.567 0.530 0.516 0.408 0.399 0.334 0.262 0.223 0.212 0.183 0.133 0.122 0.001 0.001 0.001 0.001 0.001 0.001 0.001 0.001 0.001 0.001 0.001 0.001 0.001 0.001 0.001 0.001 0.001 0.001
3.784 3.779 3.771 3.733 3.724 3.710 3.708 3.704 3.704 3.689 3.670 3.648 3.662 3.586 3.560 3.541 3.537 3.500 3.495 3.469 3.462 3.455 3.456 3.648 3.370 3.276 3.264 3.254 3.408 0.892 0.720 0.666 0.656 0.614 0.574 0.566 0.577 0.550 0.539 0.417 0.405 0.336 0.282 0.269 0.231 0.157 0.150 0.126 0.120 0.001 0.001 0.001 0.001 0.001 0.001 0.001 0.001 0.001 0.001 0.001 0.001 0.001 0.001 0.001 0.001 0.001 0.001
3.813 3.847 3.750 3.745 3.710 3.702 3.706 3.680 3.673 3.661 3.653 3.617 3.596 3.588 3.579 3.561 3.541 3.550 3.536 3.493 3.674 3.454 3.447 3.393 3.580 3.470 3.328 3.422 3.551 0.809 0.681 0.667 0.612 0.567 0.562 0.542 0.562 0.533 0.536 0.507 0.351 0.325 0.242 0.221 0.203 0.179 0.122 0.001 0.001 0.001 0.001 0.001 0.001 0.001 0.001 0.001 0.001 0.001 0.001 0.001 0.001 0.001 0.001 0.001 0.001 0.001 0.001
3.771 3.781 3.747 3.741 3.705 3.693 3.704 3.699 3.694 3.671 3.661 3.615 3.610 3.593 3.586 3.586 3.560 3.558 4.326 3.498 3.526 3.858 3.394 3.384 3.377 3.362 3.336 3.783 3.686 3.659 0.677 0.653 0.625 0.590 0.565 0.535 0.519 0.512 0.461 0.439 0.401 0.283 0.257 0.252 0.205 0.189 0.184 0.117 0.001 0.101 0.001 0.001 0.001 0.001 0.001 0.001 0.001 0.001 0.001 0.001 0.001 0.001 0.001 0.001 0.001 0.001 0.001
3.754 3.767 3.756 3.755 3.700 3.687 3.705 3.700 3.693 3.678 3.668 3.667 3.615 3.610 3.678 3.585 3.576 3.575 3.587 3.675 3.531 3.546 3.879 3.391 3.383 3.486 3.415 3.817 3.634 3.611 0.664 0.637 0.628 0.598 0.592 0.534 0.505 0.493 0.488 0.462 0.481 0.293 0.253 0.178 0.001 0.154 0.001 0.115 0.001 0.001 0.001 0.001 0.001 0.001 0.001 0.001 0.001 0.001 0.001 0.001 0.001 0.001 0.001 0.001 0.001 0.001 0.001
3.751 3.760 3.764 3.973 3.686 3.656 3.790 3.697 3.663 3.670 3.667 3.661 3.644 3.622 3.643 3.694 3.609 3.586 3.617 3.597 3.574 3.545 3.537 3.529 3.393 3.436 3.456 3.734 3.973 3.823 0.635 0.625 0.602 0.592 0.001 0.537 0.487 0.471 0.425 0.001 0.389 0.303 0.258 0.264 0.001 0.142 0.136 0.118 0.001 0.001 0.001 0.001 0.001 0.001 0.001 0.001 0.001 0.001 0.001 0.001 0.001 0.001 0.001 0.001 0.001 0.001 0.001
3.725 3.762 3.727 3.976 3.689 3.649 3.809 3.695 3.656 3.668 3.646 3.637 3.654 3.642 3.642 3.631 3.625 3.614 3.612 3.604 3.667 3.556 3.546 3.566 3.410 3.439 3.467 3.479 3.941 0.695 0.630 0.643 0.595 0.579 0.001 0.517 0.494 0.450 0.411 0.430 0.424 0.270 0.001 0.197 0.165 0.118 0.001 0.113 0.001 0.001 0.001 0.001 0.001 0.001 0.001 0.001 0.001 0.001 0.001 0.001 0.001 0.001 0.001 0.001 0.001 0.001 0.001
3.721 3.721 3.721 3.935 3.676 3.641 3.710 3.651 3.650 3.648 3.650 3.631 3.637 3.636 3.628 3.620 3.629 3.621 3.622 3.611 3.620 3.678 3.556 3.577 3.649 3.445 3.691 3.551 3.886 0.630 0.620 0.595 0.001 0.509 0.510 0.493 0.418 0.407 0.396 0.313 0.260 0.242 0.199 0.212 0.176 0.144 0.001 0.001 0.001 0.001 0.001 0.001 0.001 0.001 0.001 0.001 0.001 0.001 0.001 0.001 0.001 0.001 0.001 0.001 0.001 0.001 0.001
3.708 3.692 3.687 3.763 3.665 3.633 3.727 3.648 3.644 3.644 3.644 3.625 3.634 3.623 3.650 3.610 3.628 3.675 3.642 3.620 3.681 3.674 3.760 3.589 3.579 3.453 3.899 3.557 4.017 0.664 0.574 0.568 0.503 0.486 0.513 0.451 0.419 0.374 0.296 0.278 0.260 0.252 0.184 0.159 0.122 0.112 0.109 0.001 0.001 0.001 0.001 0.001 0.001 0.001 0.001 0.001 0.001 0.001 0.001 0.001 0.001 0.001 0.001 0.001 0.001 0.001 0.001
3.693 3.672 3.683 3.646 3.641 3.623 3.706 3.696 3.624 3.628 3.638 3.620 3.614 3.612 3.616 3.602 3.608 3.623 3.639 3.608 3.663 3.670 3.658 3.588 3.574 3.563 3.983 3.598 3.960 0.592 0.586 0.568 0.505 0.463 0.449 0.445 0.414 0.323 0.295 0.270 0.256 0.227 0.216 0.159 0.108 0.001 0.001 0.001 0.001 0.001 0.001 0.001 0.001 0.001 0.001 0.001 0.001 0.001 0.001 0.001 0.001 0.001 0.001 0.001 0.001 0.001 0.001
3.679 3.661 3.652 3.646 3.616 3.609 3.670 3.697 3.616 3.601 3.604 3.615 3.592 3.608 3.618 3.594 3.597 3.614 3.608 3.604 3.608 3.659 3.620 3.610 3.590 3.608 3.757 3.581 -9999.000 0.585 0.548 0.544 0.505 0.522 0.438 0.416 0.360 0.347 0.304 0.261 0.240 0.239 0.215 0.191 0.126 0.114 0.113 0.001 0.001 0.001 0.001 0.001 0.001 0.001 0.001 0.001 0.001 0.001 0.001 0.001 0.001 0.001 0.001 0.001 0.001 0.001 0.001
