includes/lisflood-fp-604/results/res.mxe
ncols         631
nrows         906
xllcorner     364927.146667
yllcorner     6531972.565556
cellsize      20.000000
NODATA_value  -9999.000000
[rows 116 to 144 of 906, columns 268 to 334 of 631]
3.219 3.223 3.244 3.260 3.261 3.266 3.266 3.269 3.270 -9999.000 -9999.000 3.530 3.531 3.531 3.531 -9999.000 3.532 3.531 -9999.000 -9999.000 -9999.000 -9999.000 3.130 3.130 3.130 -9999.000 -9999.000 -9999.000 -9999.000 -9999.000 -9999.000 -9999.000 -9999.000 -9999.000 -9999.000 -9999.000 3.978 3.991 4.021 4.045 4.056 4.066 4.072 4.074 4.077 4.079 4.082 4.084 4.085 4.084 4.085 4.085 4.084 4.084 4.092 4.069 4.068 4.068 4.068 -9999.000 4.193 4.197 4.207 4.218 4.229 4.238 4.242
3.217 -9999.000 3.283 3.295 3.277 3.266 3.269 3.270 3.271 -9999.000 3.465 3.527 3.531 3.532 -9999.000 -9999.000 3.534 -9999.000 -9999.000 -9999.000 -9999.000 -9999.000 -9999.000 -9999.000 -9999.000 -9999.000 -9999.000 -9999.000 -9999.000 -9999.000 -9999.000 -9999.000 -9999.000 -9999.000 -9999.000 -9999.000 4.021 4.024 4.043 4.056 4.070 4.078 4.081 4.084 4.087 4.090 4.094 4.095 4.102 4.104 4.104 4.104 4.103 4.102 4.103 4.094 4.084 4.082 4.082 4.159 4.193 4.225 4.242 4.248 4.249 4.249 4.249
-9999.000 -9999.000 3.298 3.297 3.297 -9999.000 3.274 3.274 3.276 3.278 3.420 3.530 3.533 3.533 3.537 3.543 3.544 3.546 -9999.000 -9999.000 -9999.000 -9999.000 -9999.000 -9999.000 -9999.000 -9999.000 -9999.000 -9999.000 -9999.000 -9999.000 -9999.000 -9999.000 4.031 4.042 4.041 4.041 4.041 4.041 4.049 4.066 4.078 4.085 4.090 4.095 4.098 4.102 4.107 4.112 4.123 4.124 4.121 4.120 4.121 4.121 4.118 4.117 4.114 4.107 4.097 -9999.000 -9999.000 4.252 4.251 4.252 4.253 4.254 4.254
3.303 3.303 3.301 3.301 3.297 -9999.000 3.274 3.278 3.278 3.278 3.512 3.533 3.533 3.534 3.543 3.547 3.550 3.551 -9999.000 -9999.000 -9999.000 -9999.000 -9999.000 -9999.000 -9999.000 -9999.000 -9999.000 -9999.000 -9999.000 -9999.000 -9999.000 -9999.000 -9999.000 -9999.000 -9999.000 -9999.000 4.072 4.110 -9999.000 4.075 4.084 4.094 4.100 4.104 4.107 4.114 4.121 4.125 4.130 4.132 4.134 4.136 4.138 4.144 4.142 4.148 4.148 4.161 4.208 -9999.000 -9999.000 4.255 4.256 4.256 4.257 4.258 4.259
3.303 3.305 -9999.000 3.313 -9999.000 -9999.000 -9999.000 3.293 3.294 3.389 3.531 3.534 3.541 3.547 3.556 -9999.000 3.558 3.558 3.560 -9999.000 -9999.000 -9999.000 -9999.000 -9999.000 -9999.000 -9999.000 -9999.000 -9999.000 -9999.000 -9999.000 -9999.000 -9999.000 -9999.000 -9999.000 -9999.000 -9999.000 4.137 4.173 4.175 -9999.000 4.095 4.105 4.109 4.112 4.119 4.127 4.130 4.136 4.140 4.143 4.148 4.151 4.157 4.164 4.188 4.208 4.211 4.230 4.250 -9999.000 4.266 -9999.000 4.259 4.260 4.261 4.261 4.262
3.303 3.308 3.312 3.313 3.313 -9999.000 3.322 3.317 3.295 -9999.000 3.547 3.547 3.552 3.558 3.559 3.560 3.560 3.560 3.561 3.561 -9999.000 3.585 -9999.000 -9999.000 -9999.000 -9999.000 -9999.000 -9999.000 -9999.000 -9999.000 -9999.000 -9999.000 -9999.000 -9999.000 -9999.000 -9999.000 4.172 4.177 4.177 4.178 4.159 4.112 4.117 4.125 4.131 4.135 4.142 4.147 4.150 4.153 4.155 4.165 4.179 4.194 4.214 4.223 4.236 4.251 4.264 4.265 4.266 4.265 4.264 4.264 4.264 4.264 4.264
3.418 -9999.000 3.312 3.313 3.314 3.315 3.322 3.324 3.467 3.560 3.560 3.560 3.560 3.560 3.561 3.561 3.561 3.562 3.562 -9999.000 -9999.000 3.585 3.616 -9999.000 -9999.000 -9999.000 -9999.000 -9999.000 -9999.000 -9999.000 -9999.000 -9999.000 -9999.000 -9999.000 -9999.000 4.184 4.182 4.179 4.179 4.179 4.178 4.155 4.137 4.142 4.146 4.150 4.156 4.158 4.159 4.159 4.166 4.177 4.193 4.206 4.220 4.232 4.242 4.258 4.265 4.266 4.267 4.267 4.266 4.266 4.266 4.266 4.266
3.450 3.451 -9999.000 3.393 3.316 3.318 3.323 3.324 3.555 3.569 3.569 3.568 3.568 3.565 3.564 3.564 3.564 3.564 3.565 3.571 -9999.000 -9999.000 3.666 3.666 -9999.000 -9999.000 -9999.000 -9999.000 -9999.000 -9999.000 -9999.000 -9999.000 -9999.000 -9999.000 4.184 4.184 4.183 4.182 4.181 4.180 4.178 4.175 4.166 4.163 4.164 4.165 4.167 4.169 4.171 4.178 4.188 4.199 4.214 4.218 4.227 4.239 4.250 4.265 4.268 4.269 4.269 4.269 4.269 4.269 4.268 4.268 4.268
-9999.000 3.451 3.450 3.446 -9999.000 3.388 3.324 3.325 3.536 3.582 3.582 3.580 3.579 3.575 3.565 3.565 3.565 3.565 3.567 3.577 3.630 -9999.000 3.670 -9999.000 3.677 -9999.000 -9999.000 -9999.000 -9999.000 -9999.000 -9999.000 -9999.000 -9999.000 4.194 4.189 4.185 4.184 4.185 4.185 4.185 4.184 4.182 4.180 4.176 4.176 4.176 4.176 4.178 4.188 4.201 4.208 4.214 4.219 4.229 4.240 4.251 4.262 4.270 4.271 4.272 4.272 4.272 4.271 4.271 4.271 4.271 4.271
3.467 3.453 -9999.000 3.446 -9999.000 3.429 3.456 3.523 3.584 3.584 3.584 3.584 3.582 3.586 3.580 3.569 3.569 -9999.000 -9999.000 3.633 3.655 3.670 3.670 -9999.000 3.676 -9999.000 -9999.000 -9999.000 -9999.000 -9999.000 -9999.000 -9999.000 4.194 4.194 4.194 4.192 -9999.000 4.190 4.191 4.191 4.191 4.190 4.188 4.186 4.185 4.185 4.189 4.195 4.203 4.205 4.212 4.216 4.228 4.245 4.254 4.262 4.270 4.272 4.273 4.273 4.273 4.273 4.273 4.273 4.273 4.273 4.273
3.485 3.533 -9999.000 3.446 3.550 3.430 -9999.000 3.593 3.593 3.593 3.594 3.595 3.596 3.600 3.601 3.600 3.592 -9999.000 3.665 3.665 3.668 3.670 3.670 3.674 3.675 -9999.000 -9999.000 -9999.000 -9999.000 -9999.000 -9999.000 -9999.000 -9999.000 4.194 4.194 4.194 4.194 4.193 4.193 4.193 4.193 4.192 4.192 4.192 4.191 4.193 4.198 4.208 4.209 4.213 4.217 4.226 4.239 4.253 4.258 4.268 4.273 4.274 4.274 -9999.000 4.275 4.275 4.275 4.275 4.275 4.275 4.275
3.516 3.552 3.559 -9999.000 3.583 -9999.000 3.598 3.597 3.597 3.597 3.599 3.601 3.606 3.606 3.611 3.621 3.627 3.652 3.665 3.669 3.670 3.671 -9999.000 3.674 3.675 -9999.000 -9999.000 -9999.000 -9999.000 -9999.000 -9999.000 -9999.000 -9999.000 4.194 4.194 4.194 4.194 4.194 4.194 4.194 4.193 4.193 4.194 4.195 4.195 4.197 4.202 4.212 4.214 4.220 4.223 4.235 4.250 4.256 4.265 4.274 4.275 4.275 4.276 4.277 4.277 4.276 4.276 4.276 4.276 4.277 4.277
3.559 3.562 3.566 3.579 3.583 3.590 3.598 3.598 3.600 3.605 3.608 3.609 3.610 3.615 3.618 3.626 3.635 3.653 3.666 3.670 3.672 3.672 3.674 3.674 3.674 -9999.000 -9999.000 -9999.000 -9999.000 -9999.000 -9999.000 -9999.000 -9999.000 4.195 4.195 4.195 4.195 4.195 4.195 4.195 4.195 4.197 4.198 4.198 4.198 4.200 4.207 4.219 4.221 4.226 4.229 4.241 4.253 4.262 4.272 4.276 4.276 4.277 4.277 4.278 4.278 4.278 4.278 4.278 4.278 4.278 4.278
3.560 3.562 -9999.000 3.583 3.583 3.593 3.598 3.600 3.605 3.615 3.616 3.617 3.618 3.625 3.629 3.635 3.637 3.660 3.671 3.672 3.674 3.674 3.674 3.675 3.675 -9999.000 -9999.000 -9999.000 -9999.000 -9999.000 -9999.000 -9999.000 -9999.000 -9999.000 4.195 4.195 4.195 4.195 4.196 4.197 4.198 4.200 4.200 4.200 4.201 4.201 4.209 4.226 4.229 4.233 4.236 4.248 4.259 4.267 4.275 4.277 4.278 4.279 4.279 4.279 4.279 4.279 4.279 4.280 4.280 4.280 4.280
3.567 3.577 3.583 3.583 3.584 3.597 3.599 3.605 3.620 3.623 3.623 3.623 3.625 3.630 3.635 3.637 3.639 3.665 3.673 3.675 3.677 3.677 -9999.000 3.679 3.679 -9999.000 -9999.000 -9999.000 -9999.000 -9999.000 -9999.000 -9999.000 -9999.000 -9999.000 -9999.000 4.195 4.195 4.196 4.196 4.197 4.200 4.203 4.203 4.203 4.202 4.202 4.226 4.232 4.235 4.239 4.247 4.257 4.264 4.272 4.277 4.279 4.279 4.280 4.280 4.280 4.280 4.280 4.280 4.281 4.282 4.282 4.282
3.574 3.583 3.583 3.583 -9999.000 3.602 3.601 3.622 3.628 3.628 3.628 3.629 3.629 3.638 3.640 3.645 3.651 3.671 3.677 3.678 3.678 3.678 3.679 3.679 3.679 -9999.000 -9999.000 -9999.000 -9999.000 -9999.000 -9999.000 -9999.000 -9999.000 -9999.000 -9999.000 4.195 -9999.000 -9999.000 -9999.000 4.205 4.208 4.209 4.208 4.208 4.205 4.223 4.243 4.244 4.245 4.251 4.255 4.263 4.270 4.276 4.280 4.281 4.281 4.281 4.281 4.281 4.281 4.281 4.282 4.283 4.283 4.283 4.283
3.583 3.583 3.583 -9999.000 3.603 3.602 3.621 3.634 3.632 3.632 3.632 3.635 3.640 3.649 3.649 3.652 -9999.000 3.677 3.678 3.678 3.679 3.679 3.679 3.679 -9999.000 -9999.000 -9999.000 -9999.000 -9999.000 -9999.000 -9999.000 -9999.000 -9999.000 4.208 4.208 -9999.000 -9999.000 -9999.000 -9999.000 4.215 4.215 4.214 4.213 4.213 -9999.000 4.246 -9999.000 4.257 4.259 4.261 4.266 4.272 4.275 4.279 4.282 4.282 4.282 4.283 4.283 4.283 4.283 4.283 4.284 4.284 4.285 4.285 4.285
3.583 3.588 3.594 3.601 3.603 3.619 3.635 3.636 -9999.000 3.638 3.639 3.642 3.645 3.650 3.653 3.653 3.669 3.678 3.678 3.679 3.679 3.680 3.679 3.682 -9999.000 -9999.000 4.181 -9999.000 -9999.000 -9999.000 -9999.000 -9999.000 4.204 4.207 4.208 -9999.000 -9999.000 -9999.000 -9999.000 4.223 4.220 4.220 4.220 4.227 4.254 4.264 4.266 4.267 4.270 4.271 4.276 4.276 4.279 4.282 4.283 4.283 4.283 4.284 4.284 4.284 4.284 4.285 4.286 4.286 4.286 4.287 4.287
3.586 3.592 3.598 3.601 3.615 3.631 3.635 3.637 3.639 3.640 3.642 3.643 3.646 3.653 3.655 3.655 3.670 3.678 3.680 3.681 3.682 3.682 3.686 3.692 -9999.000 -9999.000 4.181 4.181 4.172 4.179 4.185 4.189 4.200 4.206 4.209 -9999.000 -9999.000 -9999.000 -9999.000 4.227 4.226 4.226 4.228 4.236 4.259 4.264 4.266 4.268 4.272 4.274 4.276 4.278 4.281 4.283 4.284 4.284 4.285 4.285 4.285 4.285 4.285 4.286 4.287 4.287 4.288 4.289 4.290
3.590 3.593 -9999.000 3.620 3.625 3.631 3.635 3.639 3.641 3.641 3.642 3.643 3.646 3.655 3.657 3.658 3.672 3.681 3.682 3.682 3.684 3.686 3.689 3.692 3.696 -9999.000 4.181 4.181 4.182 4.183 4.185 4.187 4.197 4.206 4.212 4.213 -9999.000 -9999.000 4.231 4.230 4.230 4.231 4.231 4.235 4.252 4.264 4.266 4.270 4.274 4.275 4.279 4.282 4.283 4.285 4.285 4.285 4.286 4.286 4.287 4.287 4.287 4.288 4.288 4.289 4.289 4.291 4.291
3.599 3.608 3.623 3.623 3.627 -9999.000 3.640 3.642 3.642 3.643 3.644 3.644 3.646 3.661 3.660 3.667 3.678 3.681 3.682 3.684 3.687 3.689 3.693 3.698 3.699 4.132 4.181 4.181 4.181 4.182 4.185 4.187 4.197 4.207 4.214 4.215 4.226 4.231 4.231 4.231 4.232 4.232 4.233 4.236 4.248 4.263 4.267 4.273 4.275 4.278 4.282 4.284 4.285 4.286 4.286 4.287 4.287 4.287 4.288 4.288 4.289 4.289 4.289 4.290 4.292 4.293 4.293
3.613 3.617 3.623 3.629 3.636 3.640 3.641 3.643 3.643 3.646 3.646 3.654 3.662 3.673 3.672 3.673 3.679 3.681 3.683 3.686 3.690 3.692 3.696 3.699 3.700 4.131 4.181 4.181 4.181 4.182 4.184 4.187 4.198 4.210 4.214 4.219 4.227 4.230 4.232 4.233 4.234 4.236 4.238 4.241 4.245 4.258 4.268 4.275 4.279 4.280 4.283 4.285 4.286 4.287 4.287 4.288 4.288 4.289 4.289 4.289 4.290 4.290 4.290 4.292 4.294 4.294 4.294
3.615 3.621 3.628 3.633 3.637 3.641 3.642 3.643 3.645 3.651 3.654 3.662 3.669 3.674 3.675 3.676 3.682 3.684 3.686 3.688 3.693 3.696 3.699 3.701 3.702 -9999.000 4.181 4.181 4.181 4.182 4.185 4.187 4.197 4.210 4.218 4.222 4.227 4.231 4.234 4.236 4.237 4.238 4.240 4.242 4.245 4.259 4.269 4.276 4.279 4.280 4.283 4.285 4.287 4.287 4.288 4.289 4.289 4.290 4.290 4.290 4.291 4.291 4.292 4.293 4.294 4.295 4.295
3.617 3.623 3.630 3.635 3.639 3.642 3.644 3.645 3.650 3.654 3.655 3.665 3.677 3.678 3.678 -9999.000 3.685 3.685 3.686 3.695 3.698 3.698 3.704 3.705 3.705 -9999.000 4.178 4.179 4.180 4.182 4.186 4.189 4.197 4.211 4.220 4.225 4.228 4.232 4.235 4.237 4.239 4.241 4.246 4.249 4.254 4.263 4.270 4.274 4.279 4.281 4.283 4.286 4.287 4.287 4.288 4.290 4.290 4.291 4.291 4.292 4.292 4.292 4.293 4.294 4.295 4.296 4.296
3.619 3.628 3.635 3.637 3.640 3.644 3.648 3.651 3.654 3.655 3.656 3.665 3.678 3.683 3.685 3.687 3.688 -9999.000 3.700 3.703 3.703 3.710 3.716 3.719 3.719 -9999.000 4.171 4.174 4.176 4.181 4.188 4.190 4.198 4.212 4.222 4.227 4.230 4.232 4.236 4.239 4.243 4.247 4.254 4.257 4.264 4.267 4.269 4.273 4.278 4.281 4.284 4.286 4.287 4.287 4.289 4.290 4.291 4.291 4.292 4.293 4.293 4.294 4.294 4.296 4.297 4.297 4.297
3.624 3.634 3.635 3.640 3.644 3.647 3.650 3.652 3.654 3.659 3.666 3.675 3.682 3.683 3.688 3.690 3.690 3.696 3.704 3.708 3.723 3.729 3.729 3.735 3.734 4.149 4.170 4.171 4.172 4.177 4.188 4.191 4.200 4.215 4.225 4.228 4.230 4.233 4.237 4.241 4.246 4.252 4.256 4.260 4.264 4.266 4.268 4.272 4.277 4.281 4.285 4.287 4.287 4.288 4.290 4.290 4.291 4.292 4.293 4.294 4.294 4.295 4.295 4.297 4.299 4.299 4.301
3.629 3.635 3.639 3.646 3.646 3.649 3.652 3.653 3.659 3.667 3.674 3.681 3.687 3.689 3.693 3.693 3.695 3.703 3.713 3.721 3.732 3.735 3.763 3.786 3.818 4.088 4.165 4.167 4.171 4.171 4.186 4.194 4.205 4.219 4.225 4.228 4.231 4.234 4.239 4.245 4.250 4.254 4.257 4.260 4.264 4.266 4.268 4.271 4.275 4.281 4.285 4.287 4.288 4.289 4.290 4.290 4.291 4.292 4.294 4.294 4.294 4.295 4.296 4.298 4.301 4.302 4.305
3.634 3.636 3.642 3.647 3.648 3.650 3.652 3.656 3.662 3.668 3.679 3.688 3.689 3.692 3.694 3.697 3.701 3.708 3.713 3.723 3.734 3.743 3.793 3.827 4.072 4.112 4.148 4.163 4.170 4.171 4.184 4.196 4.209 4.220 4.224 4.228 4.231 4.235 4.241 4.245 4.250 4.254 4.258 4.261 4.264 4.266 4.268 4.271 4.275 4.281 4.285 4.287 4.288 4.289 4.290 4.291 4.292 4.293 4.294 4.294 4.295 4.296 4.297 4.300 4.303 4.304 4.306
3.640 3.642 3.646 3.648 3.651 3.653 3.657 3.661 3.668 3.677 3.685 3.688 3.691 3.693 3.695 3.699 3.703 3.709 3.713 3.723 3.732 3.753 3.820 3.939 4.056 4.107 4.145 4.160 4.168 4.171 4.176 4.199 4.211 4.219 4.224 4.228 4.232 4.236 4.241 4.245 4.250 4.255 4.258 4.261 4.264 4.266 4.268 4.270 4.276 4.281 4.284 4.287 4.288 4.289 4.290 4.291 4.293 4.294 4.295 4.295 4.296 4.297 4.298 4.300 4.304 4.305 4.307
