includes/lisflood-fp-604/results/res.dem
ncols         631
nrows         906
xllcorner     364927.146667
yllcorner     6531972.565556
cellsize      20.000000
NODATA_value  -9999.000000
[rows 198 to 230 of 906, columns 370 to 443 of 631]
1.090 3.050 2.750 2.880 2.960 3.260 2.887 1.910 1.540 1.190 1.390 2.190 2.887 2.170 3.150 3.480 3.150 2.887 2.887 2.660 1.190 0.430 0.310 0.270 0.210 0.150 0.190 0.180 0.180 0.090 0.030 -0.000 0.090 -0.000 0.070 0.060 0.120 -0.000 -0.000 -0.000 -0.000 -0.000 -0.000 -0.000 -0.000 -0.000 -0.000 -0.000 -0.000 -0.000 -0.000 -0.000 -0.000 -0.000 -0.000 -5.000 -5.000 -5.000 -5.000 -5.000 -5.000 -5.000 -5.000 -5.000 -5.000 -5.000 -5.000 -5.000 -5.000 -5.000 -5.000 -5.000 -5.000 -5.000
3.080 2.610 2.710 2.630 3.390 3.250 2.887 1.950 1.420 1.270 1.970 2.110 2.887 2.840 3.090 3.160 2.887 2.887 3.700 1.810 0.570 0.350 0.390 0.250 0.150 0.200 0.160 0.080 0.090 0.100 0.010 0.010 -0.000 -0.000 0.030 -5.000 0.070 0.020 -0.000 -0.000 -0.000 -0.000 -0.000 -0.000 -0.000 -0.000 -0.000 -0.000 -0.000 -0.000 -0.000 -0.000 -0.000 -0.000 -0.000 -5.000 -5.000 -5.000 -5.000 -5.000 -5.000 -5.000 -5.000 -5.000 -5.000 -5.000 -5.000 -5.000 -5.000 -5.000 -5.000 -5.000 -5.000 -5.000
2.690 2.530 2.650 2.680 3.370 3.490 2.887 1.880 1.250 2.070 1.990 2.887 2.887 3.070 3.230 2.887 2.887 3.400 2.660 1.340 0.500 0.340 0.310 0.260 0.250 0.130 0.140 0.090 0.120 0.050 0.070 -0.000 0.090 -0.000 0.070 -0.000 -0.000 -0.000 -0.000 -0.000 -0.000 -0.000 -0.000 -0.000 -0.000 -0.000 -0.000 -0.000 -0.000 -0.000 -0.000 -0.000 -0.000 -0.000 -0.000 -5.000 -5.000 -5.000 -5.000 -5.000 -5.000 -5.000 -5.000 -5.000 -5.000 -5.000 -5.000 -5.000 -5.000 -5.000 -5.000 -5.000 -5.000 -5.000
2.630 2.640 2.530 2.680 2.940 3.570 2.887 1.410 1.190 2.200 2.887 2.887 3.150 3.050 2.887 2.887 3.360 3.200 1.840 0.520 0.370 0.240 0.300 0.240 0.180 0.090 0.080 0.110 0.040 0.040 0.020 -0.000 0.040 0.060 -0.000 0.020 -0.000 0.020 0.060 -0.000 -0.000 -0.000 -0.000 -0.000 -0.000 -0.000 -0.000 -0.000 -0.000 -0.000 -0.000 -0.000 -0.000 -0.000 -0.000 -0.000 -5.000 -5.000 -5.000 -5.000 -5.000 -5.000 -5.000 -5.000 -5.000 -5.000 -5.000 -5.000 -5.000 -5.000 -5.000 -5.000 -5.000 -5.000
2.680 2.690 2.600 2.660 3.070 3.830 2.887 1.460 1.950 3.230 2.887 2.887 2.887 2.887 2.887 3.630 3.320 2.140 1.100 0.470 0.360 0.340 0.230 0.270 0.240 0.170 0.180 0.140 -0.000 -0.000 0.020 -0.000 0.040 -0.000 0.040 -0.000 -0.000 -0.000 -0.000 -0.000 -0.000 -0.000 -0.000 -0.000 -0.000 -0.000 -0.000 -0.000 -0.000 -0.000 -0.000 -0.000 -0.000 -0.000 -0.000 -0.000 -5.000 -5.000 -5.000 -5.000 -5.000 -5.000 -5.000 -5.000 -5.000 -5.000 -5.000 -5.000 -5.000 -5.000 -5.000 -5.000 -5.000 -5.000
3.050 1.820 2.870 2.670 2.420 2.887 2.887 0.970 1.960 3.420 2.887 2.887 3.490 3.520 3.660 3.000 2.210 1.350 0.480 0.540 0.490 0.220 0.420 0.120 0.230 0.220 0.210 0.300 0.200 0.090 0.160 0.110 0.040 -0.000 -0.000 -0.000 0.020 -0.000 -0.000 -0.000 -0.000 -0.000 -0.000 -0.000 -0.000 -0.000 -0.000 -0.000 -0.000 -0.000 -0.000 -0.000 -0.000 -0.000 -0.000 -0.000 -5.000 -5.000 -5.000 -5.000 -5.000 -5.000 -5.000 -5.000 -5.000 -5.000 -5.000 -5.000 -5.000 -5.000 -5.000 -5.000 -5.000 -5.000
2.310 3.230 2.790 2.780 2.650 2.887 2.150 1.060 1.750 3.050 3.500 3.710 3.630 3.470 2.930 2.150 1.480 0.520 0.410 0.370 0.500 0.380 0.320 0.260 0.290 0.170 0.200 0.140 0.210 0.020 0.090 -0.000 -5.000 -0.000 -0.000 0.070 0.010 0.010 -0.000 -0.000 -0.000 -0.000 -0.000 -0.000 -0.000 -0.000 -0.000 -0.000 -0.000 -0.000 -0.000 -0.000 -0.000 -0.000 -0.000 -0.000 -5.000 -5.000 -5.000 -5.000 -5.000 -5.000 -5.000 -5.000 -5.000 -5.000 -5.000 -5.000 -5.000 -5.000 -5.000 -5.000 -5.000 -5.000
2.480 2.750 3.140 3.010 2.870 2.887 1.680 1.220 1.980 2.650 2.990 3.000 2.850 2.420 2.100 1.350 0.650 0.570 0.590 0.550 0.480 0.340 0.330 0.270 0.240 0.090 0.160 0.150 0.020 0.020 0.080 -0.000 0.070 -0.000 0.020 -0.000 -0.000 -0.000 -0.000 -0.000 -0.000 -0.000 -0.000 -0.000 -0.000 -0.000 -0.000 -0.000 -0.000 -0.000 -0.000 -0.000 -0.000 -0.000 -0.000 -0.000 -0.000 -5.000 -5.000 -5.000 -5.000 -5.000 -5.000 -5.000 -5.000 -5.000 -5.000 -5.000 -5.000 -5.000 -5.000 -5.000 -5.000 -5.000
3.040 3.230 2.860 2.390 2.950 2.887 1.170 1.410 2.200 2.250 2.240 2.220 2.160 1.810 1.170 0.790 0.640 0.680 0.450 0.500 0.480 0.320 0.300 0.170 0.170 0.170 0.140 0.100 -0.000 0.080 0.110 -0.000 0.040 -0.000 -0.000 -0.000 -0.000 -0.000 -0.000 -0.000 -0.000 -0.000 -0.000 -0.000 -0.000 -0.000 -0.000 -0.000 -0.000 -0.000 -0.000 -0.000 -0.000 -0.000 -0.000 -0.000 -0.000 -5.000 -5.000 -5.000 -5.000 -5.000 -5.000 -5.000 -5.000 -5.000 -5.000 -5.000 -5.000 -5.000 -5.000 -5.000 -5.000 -5.000
3.210 2.950 2.680 1.800 2.887 2.887 1.160 1.280 1.870 1.820 1.750 1.710 1.170 0.910 0.620 0.750 0.610 0.560 0.470 0.360 0.320 0.390 0.370 0.340 0.210 0.290 0.220 0.170 0.130 0.160 0.080 -0.000 -0.000 -5.000 0.030 -0.000 -0.000 -0.000 -0.000 -0.000 -0.000 -0.000 -0.000 -0.000 -0.000 -0.000 -0.000 -0.000 -0.000 -0.000 -0.000 -0.000 -0.000 -0.000 -0.000 -0.000 -0.000 -5.000 -5.000 -5.000 -5.000 -5.000 -5.000 -5.000 -5.000 -5.000 -5.000 -5.000 -5.000 -5.000 -5.000 -5.000 -5.000 -5.000
0.060 2.560 3.020 3.320 2.887 2.887 1.240 1.160 1.310 1.210 1.140 1.010 1.000 1.010 0.790 0.690 0.760 0.480 0.590 0.420 0.350 0.470 0.380 0.220 0.330 0.250 0.290 0.100 0.140 0.090 -0.000 0.180 0.020 0.040 -0.000 0.040 -0.000 -0.000 -0.000 -0.000 -0.000 -0.000 -0.000 -0.000 -0.000 -0.000 -0.000 -0.000 -0.000 -0.000 -0.000 -0.000 -0.000 -0.000 -0.000 -0.000 -0.000 -5.000 -5.000 -5.000 -5.000 -5.000 -5.000 -5.000 -5.000 -5.000 -5.000 -5.000 -5.000 -5.000 -5.000 -5.000 -5.000 -5.000
-0.000 -0.000 -0.000 2.680 2.990 2.887 2.887 1.290 1.040 1.030 1.110 0.980 0.980 0.920 0.850 0.770 0.620 0.620 0.520 0.500 0.320 0.450 0.360 0.350 0.270 0.130 0.190 0.190 0.080 0.010 0.060 0.090 0.090 0.020 -0.000 -0.000 -0.000 -0.000 -0.000 -0.000 -0.000 -0.000 -0.000 -0.000 -0.000 -0.000 -0.000 -0.000 -0.000 -0.000 -0.000 -0.000 -0.000 -0.000 -0.000 -0.000 -0.000 -5.000 -5.000 -5.000 -5.000 -5.000 -5.000 -5.000 -5.000 -5.000 -5.000 -5.000 -5.000 -5.000 -5.000 -5.000 -5.000 -5.000
2.620 3.600 -0.000 -0.000 0.020 2.490 2.887 2.887 1.170 1.160 1.080 0.960 0.940 0.830 0.970 0.740 0.540 0.670 0.640 0.610 0.400 0.530 0.370 0.330 0.340 0.290 0.180 0.150 0.170 0.100 0.100 0.030 0.010 -5.000 -0.000 -0.000 -0.000 -0.000 -0.000 -0.000 -0.000 -0.000 -0.000 -0.000 -0.000 -0.000 -0.000 -0.000 -0.000 -0.000 -0.000 -0.000 -0.000 -0.000 -0.000 -0.000 -0.000 -5.000 -5.000 -5.000 -5.000 -5.000 -5.000 -5.000 -5.000 -5.000 -5.000 -5.000 -5.000 -5.000 -5.000 -5.000 -5.000 -5.000
2.460 2.590 2.580 3.530 -0.000 -0.000 -5.000 2.887 2.887 1.190 1.030 0.920 0.880 0.920 0.960 0.840 0.750 0.690 0.700 0.540 0.520 0.400 0.440 0.390 0.300 0.140 0.180 0.190 0.180 0.220 0.060 -0.000 -0.000 0.020 -0.000 -0.000 -0.000 -0.000 -0.000 -0.000 -0.000 -0.000 -0.000 -0.000 -0.000 -0.000 -0.000 -0.000 -0.000 -0.000 -0.000 -0.000 -0.000 -0.000 -0.000 -0.000 -0.000 -5.000 -5.000 -5.000 -5.000 -5.000 -5.000 -5.000 -5.000 -5.000 -5.000 -5.000 -5.000 -5.000 -5.000 -5.000 -5.000 -5.000
2.790 2.590 2.500 2.570 3.280 3.380 -0.000 -0.000 2.887 2.887 1.080 0.970 0.950 0.960 0.930 0.850 0.790 0.760 0.640 0.590 0.600 0.530 0.450 0.470 0.380 0.330 0.180 0.150 0.180 0.080 0.100 0.110 -0.000 -0.000 0.020 -0.000 -0.000 -0.000 -0.000 -0.000 -0.000 -0.000 -0.000 -0.000 -0.000 -0.000 -0.000 -0.000 -0.000 -0.000 -0.000 -0.000 -0.000 -0.000 -0.000 -0.000 -0.000 -5.000 -5.000 -5.000 -5.000 -5.000 -5.000 -5.000 -5.000 -5.000 -5.000 -5.000 -5.000 -5.000 -5.000 -5.000 -5.000 -5.000
2.710 1.620 2.510 3.020 3.230 3.650 1.610 -0.000 -0.000 0.260 1.540 1.000 0.950 0.860 0.820 0.900 0.680 0.710 0.620 0.590 0.570 0.540 0.470 0.180 0.270 0.350 0.350 0.250 0.300 0.150 0.150 0.090 0.020 -0.000 -0.000 -0.000 -0.000 -0.000 -0.000 -0.000 -0.000 -0.000 -0.000 -0.000 -0.000 -0.000 -0.000 -0.000 -0.000 -0.000 -0.000 -0.000 -0.000 -0.000 -0.000 -0.000 -0.000 -5.000 -5.000 -5.000 -5.000 -5.000 -5.000 -5.000 -5.000 -5.000 -5.000 -5.000 -5.000 -5.000 -5.000 -5.000 -5.000 -5.000
2.590 2.470 3.300 3.390 3.047 3.047 3.047 3.047 1.270 0.690 -0.000 0.310 0.990 0.910 0.780 0.850 0.860 0.740 0.680 0.590 0.720 0.510 0.520 0.300 0.370 0.270 0.320 0.190 0.220 0.070 0.060 0.060 0.050 0.050 -0.000 -0.000 -0.000 -0.000 -0.000 -0.000 -0.000 -0.000 -0.000 -0.000 -0.000 -0.000 -0.000 -0.000 -0.000 -0.000 -0.000 -0.000 -0.000 -0.000 -0.000 -0.000 -0.000 -5.000 -5.000 -5.000 -5.000 -5.000 -5.000 -5.000 -5.000 -5.000 -5.000 -5.000 -5.000 -5.000 -5.000 -5.000 -5.000 -5.000
2.640 3.010 3.270 3.047 3.047 4.200 3.890 3.380 2.330 2.100 1.630 0.110 -0.000 0.220 0.870 0.890 0.900 0.810 0.740 0.800 0.680 0.590 0.590 0.500 0.380 0.400 0.280 0.300 0.170 0.130 -0.000 0.130 0.050 -0.000 -0.000 -0.000 -0.000 -0.000 -0.000 -0.000 -0.000 -0.000 -0.000 -0.000 -0.000 -0.000 -0.000 -0.000 -0.000 -0.000 -0.000 -0.000 -0.000 -0.000 -0.000 -0.000 -0.000 -5.000 -5.000 -5.000 -5.000 -5.000 -5.000 -5.000 -5.000 -5.000 -5.000 -5.000 -5.000 -5.000 -5.000 -5.000 -5.000 -5.000
3.047 3.047 3.047 3.047 2.700 2.710 2.970 2.980 2.390 2.260 1.930 1.520 -0.000 -0.000 -0.000 0.540 0.830 0.780 1.090 0.820 0.600 0.570 0.480 0.510 0.380 0.300 0.290 0.290 0.150 0.240 -5.000 0.100 -0.000 -0.000 -0.000 -0.000 -0.000 -0.000 -0.000 -0.000 -0.000 -0.000 -0.000 -0.000 -0.000 -0.000 -0.000 -0.000 -0.000 -0.000 -0.000 -0.000 -0.000 -0.000 -0.000 -0.000 -0.000 -5.000 -5.000 -5.000 -5.000 -5.000 -5.000 -5.000 -5.000 -5.000 -5.000 -5.000 -5.000 -5.000 -5.000 -5.000 -5.000 -5.000
3.047 3.030 2.980 2.890 2.830 2.650 2.640 2.550 2.170 2.060 1.670 1.420 0.680 0.670 -0.000 -0.000 -0.000 0.840 0.830 0.970 0.700 0.470 0.470 0.390 0.360 0.260 0.300 0.100 0.170 0.220 0.040 0.040 0.060 0.010 -0.000 -0.000 -0.000 -0.000 -0.000 -0.000 -0.000 -0.000 -0.000 -0.000 -0.000 -0.000 -0.000 -0.000 -0.000 -0.000 -0.000 -0.000 -0.000 -0.000 -0.000 -0.000 -0.000 -5.000 -5.000 -5.000 -5.000 -5.000 -5.000 -5.000 -5.000 -5.000 -5.000 -5.000 -5.000 -5.000 -5.000 -5.000 -5.000 -5.000
2.800 2.790 2.700 2.330 2.130 2.810 2.310 2.170 1.930 1.730 1.590 1.110 0.910 0.810 0.850 0.030 -0.000 -0.000 -0.000 1.040 0.640 0.580 0.450 0.400 0.400 0.320 0.220 0.280 0.230 0.100 0.140 0.060 -0.000 0.070 -0.000 -0.000 -0.000 -5.000 -0.000 -0.000 -0.000 -0.000 -0.000 -0.000 -0.000 -0.000 -0.000 -0.000 -0.000 -0.000 -0.000 -0.000 -0.000 -0.000 -0.000 -0.000 -0.000 -5.000 -5.000 -5.000 -5.000 -5.000 -5.000 -5.000 -5.000 -5.000 -5.000 -5.000 -5.000 -5.000 -5.000 -5.000 -5.000 -5.000
2.940 2.730 2.760 3.010 3.120 2.370 2.050 2.070 1.980 1.680 1.430 1.220 1.200 1.130 1.330 1.290 0.970 0.150 -0.000 -0.000 -0.000 0.830 0.620 0.420 0.300 0.320 0.290 0.140 0.210 0.150 0.100 -0.000 0.030 -0.000 -0.000 -0.000 -0.000 -0.000 -0.000 -0.000 -0.000 -0.000 -0.000 -0.000 -0.000 -0.000 -0.000 -0.000 -0.000 -0.000 -0.000 -0.000 -0.000 -0.000 -0.000 -0.000 -0.000 -5.000 -5.000 -5.000 -5.000 -5.000 -5.000 -5.000 -5.000 -5.000 -5.000 -5.000 -5.000 -5.000 -5.000 -5.000 -5.000 -5.000
2.770 2.760 2.840 3.050 2.020 2.050 1.800 1.440 1.360 1.240 1.100 1.250 1.220 1.120 1.130 1.140 1.090 0.840 0.810 0.170 -0.000 -0.000 -0.000 -0.000 0.340 0.320 0.230 0.280 0.240 0.070 0.070 -0.000 -0.000 -0.000 -0.000 -0.000 -0.000 -0.000 -0.000 -0.000 -0.000 -0.000 -0.000 -0.000 -0.000 -0.000 -0.000 -0.000 -0.000 -0.000 -0.000 -0.000 -0.000 -0.000 -0.000 -0.000 -0.000 -5.000 -5.000 -5.000 -5.000 -5.000 -5.000 -5.000 -5.000 -5.000 -5.000 -5.000 -5.000 -5.000 -5.000 -5.000 -5.000 -5.000
2.740 2.850 3.350 2.390 2.000 1.870 1.490 1.360 1.260 1.080 0.910 0.970 1.080 0.920 1.010 0.840 0.810 0.780 0.750 0.810 0.640 0.360 -0.000 -0.000 -0.000 -0.000 0.100 0.150 0.170 0.180 0.010 -0.000 -0.000 -0.000 -0.000 -0.000 -0.000 -0.000 -0.000 -0.000 -0.000 -0.000 -0.000 -0.000 -0.000 -0.000 -0.000 -0.000 -0.000 -0.000 -0.000 -0.000 -0.000 -0.000 -0.000 -0.000 -0.000 -5.000 -5.000 -5.000 -5.000 -5.000 -5.000 -5.000 -5.000 -5.000 -5.000 -5.000 -5.000 -5.000 -5.000 -5.000 -5.000 -5.000
2.670 3.280 2.960 1.890 1.580 1.400 1.260 1.140 1.190 1.030 1.030 0.950 1.040 1.000 0.890 0.950 0.800 0.790 0.640 0.810 0.580 0.480 0.500 0.420 -0.000 -0.000 -0.000 -0.000 -0.000 0.040 0.090 0.050 -0.000 -0.000 -0.000 -0.000 -0.000 -0.000 -0.000 -0.000 -0.000 -0.000 -0.000 -0.000 -0.000 -0.000 -0.000 -0.000 -0.000 -0.000 -0.000 -0.000 -0.000 -0.000 -0.000 -0.000 -0.000 -5.000 -5.000 -5.000 -5.000 -5.000 -5.000 -5.000 -5.000 -5.000 -5.000 -5.000 -5.000 -5.000 -5.000 -5.000 -5.000 -5.000
2.790 3.320 1.980 1.450 1.150 1.200 1.250 1.270 1.220 1.030 0.980 0.910 0.790 0.830 0.870 0.800 0.760 0.700 0.660 0.570 0.640 0.560 0.530 0.410 0.460 0.310 -0.000 -0.000 -0.000 -0.000 0.190 0.080 0.120 -0.000 -0.000 -5.000 0.020 -0.000 -0.000 -0.000 -0.000 -0.000 -0.000 -0.000 -0.000 -0.000 -0.000 -0.000 -0.000 -0.000 -0.000 -0.000 -0.000 -0.000 -0.000 -0.000 -5.000 -5.000 -5.000 -5.000 -5.000 -5.000 -5.000 -5.000 -5.000 -5.000 -5.000 -5.000 -5.000 -5.000 -5.000 -5.000 -5.000 -5.000
2.300 1.970 1.640 1.330 1.210 1.060 1.030 0.980 1.070 0.980 0.990 0.900 0.860 0.890 0.930 0.730 0.830 0.750 0.680 0.690 0.570 0.570 0.550 0.450 0.470 0.280 0.270 0.210 0.050 -0.000 -0.000 -0.000 -0.000 0.140 -0.000 -0.000 -0.000 -0.000 -0.000 -0.000 -0.000 -0.000 -0.000 -0.000 -0.000 -0.000 -0.000 -0.000 -0.000 -0.000 -0.000 -0.000 -0.000 -0.000 -0.000 -0.000 -5.000 -5.000 -5.000 -5.000 -5.000 -5.000 -5.000 -5.000 -5.000 -5.000 -5.000 -5.000 -5.000 -5.000 -5.000 -5.000 -5.000 -5.000
1.610 1.410 1.340 1.390 1.230 1.120 1.090 1.130 1.160 1.070 0.920 0.910 0.890 0.880 0.780 0.750 0.710 0.630 0.620 0.560 0.590 0.470 0.440 0.490 0.360 0.400 0.470 0.350 0.190 0.220 0.220 -0.000 -0.000 -0.000 -0.000 -0.000 -0.000 -0.000 -0.000 -0.000 -0.000 -0.000 -0.000 -0.000 -0.000 -0.000 -0.000 -0.000 -0.000 -0.000 -0.000 -0.000 -0.000 -0.000 -0.000 -0.000 -5.000 -5.000 -5.000 -5.000 -5.000 -5.000 -5.000 -5.000 -5.000 -5.000 -5.000 -5.000 -5.000 -5.000 -5.000 -5.000 -5.000 -5.000
1.640 1.390 1.280 1.290 1.130 1.140 0.930 1.040 0.940 1.030 0.840 0.870 0.840 0.850 0.630 0.700 0.670 0.640 0.590 0.540 0.560 0.500 0.450 0.360 0.380 0.370 0.220 0.330 -0.000 -0.000 0.280 0.240 0.090 -0.000 -0.000 -0.000 -0.000 -0.000 -0.000 -0.000 -0.000 -0.000 -0.000 -0.000 -0.000 -0.000 -0.000 -0.000 -0.000 -0.000 -0.000 -0.000 -0.000 -0.000 -0.000 -0.000 -5.000 -5.000 -5.000 -5.000 -5.000 -5.000 -5.000 -5.000 -5.000 -5.000 -5.000 -5.000 -5.000 -5.000 -5.000 -5.000 -5.000 -5.000
1.680 1.460 1.080 1.240 1.060 1.110 0.990 1.040 0.990 0.990 0.900 0.930 0.930 0.820 0.800 0.680 0.610 0.580 0.570 0.520 0.500 0.320 0.350 0.290 0.320 0.350 0.360 0.280 0.260 0.160 0.100 0.190 0.190 0.060 0.100 -0.000 -0.000 -0.000 -0.000 -0.000 -0.000 -0.000 -0.000 -0.000 -0.000 -0.000 -0.000 -0.000 -0.000 -0.000 -0.000 -0.000 -0.000 -0.000 -0.000 -0.000 -5.000 -5.000 -5.000 -5.000 -5.000 -5.000 -5.000 -5.000 -5.000 -5.000 -5.000 -5.000 -5.000 -5.000 -5.000 -5.000 -5.000 -5.000
1.490 1.270 1.150 1.000 1.160 1.080 1.070 1.030 1.020 0.910 0.980 0.980 0.830 0.800 0.760 0.750 0.650 0.610 0.530 0.500 0.470 0.400 0.370 0.330 0.340 0.280 0.410 0.490 0.300 0.260 0.110 0.210 0.090 0.260 0.200 0.040 0.130 -0.000 -0.000 -0.000 -0.000 -0.000 -0.000 -0.000 -0.000 -0.000 -0.000 -0.000 -0.000 -0.000 -0.000 -0.000 -0.000 -0.000 -0.000 -5.000 -5.000 -5.000 -5.000 -5.000 -5.000 -5.000 -5.000 -5.000 -5.000 -5.000 -5.000 -5.000 -5.000 -5.000 -5.000 -5.000 -5.000 -5.000
1.340 1.210 1.000 1.060 1.050 1.070 1.010 1.030 0.960 0.840 0.820 0.840 0.720 0.770 0.650 0.650 0.680 0.550 0.460 0.370 0.530 0.560 0.450 0.380 0.250 0.390 0.280 0.400 0.440 0.380 0.260 0.280 0.270 0.130 0.170 0.060 0.040 -0.000 -0.000 -0.000 -0.000 -0.000 -5.000 -0.000 -0.000 -0.000 -0.000 -0.000 -0.000 -0.000 -0.000 -0.000 -0.000 -0.000 -0.000 -5.000 -5.000 -5.000 -5.000 -5.000 -5.000 -5.000 -5.000 -5.000 -5.000 -5.000 -5.000 -5.000 -5.000 -5.000 -5.000 -5.000 -5.000 -5.000
1.220 1.170 1.170 1.010 1.010 1.000 0.960 0.870 0.860 0.780 0.700 0.700 0.820 0.760 0.690 0.750 0.510 0.610 0.540 0.520 0.410 0.400 0.470 0.320 0.330 0.230 0.230 0.350 0.410 0.370 0.300 0.230 0.290 0.090 0.160 -0.000 0.010 -0.000 -0.000 -0.000 -0.000 -0.000 -0.000 -0.000 -0.000 -0.000 -0.000 -0.000 -0.000 -0.000 -0.000 -0.000 -0.000 -0.000 -0.000 -5.000 -5.000 -5.000 -5.000 -5.000 -5.000 -5.000 -5.000 -5.000 -5.000 -5.000 -5.000 -5.000 -5.000 -5.000 -5.000 -5.000 -5.000 -5.000
