includes/lisflood-fp-604/results/res.max
ncols         631
nrows         906
xllcorner     364927.146667
yllcorner     6531972.565556
cellsize      20.000000
NODATA_value  -9999.000000
[rows 612 to 645 of 906, columns 539 to 615 of 631]
9.562 9.561 9.560 9.560 9.559 9.559 9.558 9.557 9.557 9.556 9.556 9.555 9.555 9.554 9.553 9.553 9.552 9.552 9.551 9.550 9.550 9.549 9.549 9.548 9.547 9.547 9.546 9.545 9.545 9.544 9.544 9.543 9.542 9.542 9.541 9.540 9.540 9.539 9.538 9.538 9.537 9.536 9.536 9.535 9.534 9.534 9.533 9.532 9.532 9.531 9.530 9.530 9.529 9.528 9.528 9.527 9.526 9.526 9.525 9.524 9.523 9.523 9.522 9.521 9.521 9.520 9.519 9.519 9.518 9.517 9.517 9.516 9.515 9.514 9.514 9.513 9.512
9.562 9.561 9.561 9.560 9.559 9.559 9.558 9.558 9.557 9.556 9.556 9.555 9.555 9.554 9.553 9.553 9.552 9.552 9.551 9.550 9.550 9.549 9.549 9.548 9.547 9.547 9.546 9.545 9.545 9.544 9.544 9.543 9.542 9.542 9.541 9.540 9.540 9.539 9.538 9.538 9.537 9.536 9.535 9.535 9.534 9.534 9.533 9.532 9.532 9.531 9.530 9.530 9.529 9.528 9.528 9.527 9.526 9.526 9.525 9.524 9.523 9.523 9.522 9.521 9.521 9.520 9.519 9.519 9.518 9.517 9.517 9.516 9.515 9.514 9.514 9.513 9.512
9.562 9.562 9.561 9.560 9.559 9.559 9.558 9.558 9.557 9.556 9.556 9.555 9.555 9.554 9.553 9.553 9.552 9.552 9.551 9.550 9.550 9.549 9.548 9.548 9.547 9.547 9.546 9.545 9.545 9.544 9.543 9.543 9.542 9.542 9.541 9.540 9.540 9.539 9.538 9.538 9.537 9.536 9.535 9.535 9.534 9.533 9.533 9.532 9.531 9.531 9.530 9.530 9.529 9.528 9.528 9.527 9.526 9.526 9.525 9.524 9.523 9.523 9.522 9.521 9.521 9.520 9.519 9.519 9.518 9.517 9.517 9.516 9.515 9.514 9.514 9.513 9.512
9.562 9.562 9.561 9.560 9.560 9.559 9.558 9.558 9.557 9.556 9.556 9.555 9.555 9.554 9.553 9.553 9.552 9.552 9.551 9.550 9.550 9.549 9.548 9.548 9.547 9.547 9.546 9.545 9.545 9.544 9.543 9.543 9.542 9.541 9.541 9.540 9.539 9.539 9.538 9.537 9.537 9.536 9.535 9.535 9.534 9.533 9.533 9.532 9.531 9.531 9.530 9.529 9.529 9.528 9.528 9.527 9.526 9.525 9.525 9.524 9.523 9.523 9.522 9.521 9.521 9.520 9.519 9.519 9.518 9.517 9.516 9.516 9.515 9.514 9.514 9.513 9.512
9.563 9.562 9.561 9.560 9.560 9.559 9.558 9.558 9.557 9.556 9.556 9.555 9.555 9.554 9.553 9.553 9.552 9.552 9.551 9.550 9.550 9.549 9.549 9.548 9.547 9.547 9.546 9.545 9.545 9.544 9.543 9.543 9.542 9.541 9.541 9.540 9.539 9.539 9.538 9.537 9.537 9.536 9.535 9.535 9.534 9.533 9.533 9.532 9.531 9.531 9.530 9.529 9.529 9.528 9.527 9.527 9.526 9.525 9.525 9.524 9.523 9.523 9.522 9.521 9.521 9.520 9.519 9.519 9.518 9.517 9.516 9.516 9.515 9.514 9.514 9.513 9.512
9.563 9.562 9.561 9.561 9.560 9.559 9.559 9.558 9.557 9.557 9.556 9.555 9.555 9.554 9.554 9.553 9.552 9.552 9.551 9.550 9.550 9.549 9.548 9.548 9.547 9.547 9.546 9.545 9.545 9.544 9.543 9.543 9.542 9.541 9.541 9.540 9.539 9.539 9.538 9.537 9.537 9.536 9.535 9.535 9.534 9.533 9.533 9.532 9.531 9.531 9.530 9.529 9.529 9.528 9.527 9.527 9.526 9.525 9.525 9.524 9.523 9.523 9.522 9.521 9.521 9.520 9.519 9.519 9.518 9.517 9.516 9.516 9.515 9.514 9.514 9.513 9.512
9.563 9.562 9.561 9.561 9.560 9.559 9.559 9.558 9.557 9.557 9.556 9.555 9.555 9.554 9.554 9.553 9.552 9.552 9.551 9.550 9.550 9.549 9.548 9.548 9.547 9.547 9.546 9.545 9.545 9.544 9.543 9.543 9.542 9.541 9.541 9.540 9.539 9.539 9.538 9.537 9.537 9.536 9.535 9.535 9.534 9.533 9.533 9.532 9.531 9.531 9.530 9.529 9.529 9.528 9.527 9.527 9.526 9.525 9.525 9.524 9.523 9.523 9.522 9.521 9.521 9.520 9.519 9.519 9.518 9.517 9.516 9.516 9.515 9.514 9.514 9.513 9.512
9.563 9.562 9.562 9.561 9.560 9.560 9.559 9.558 9.558 9.557 9.556 9.556 9.555 9.554 9.554 9.553 9.552 9.552 9.551 9.550 9.550 9.549 9.549 9.548 9.547 9.547 9.546 9.545 9.545 9.544 9.543 9.543 9.542 9.541 9.541 9.540 9.539 9.539 9.538 9.537 9.537 9.536 9.535 9.535 9.534 9.533 9.533 9.532 9.531 9.531 9.530 9.529 9.529 9.528 9.527 9.527 9.526 9.525 9.525 9.524 9.523 9.523 9.522 9.521 9.521 9.520 9.519 9.518 9.518 9.517 9.516 9.516 9.515 9.514 9.514 9.513 9.512
9.563 9.562 9.562 9.561 9.560 9.560 9.559 9.558 9.558 9.557 9.556 9.556 9.555 9.554 9.554 9.553 9.552 9.552 9.551 9.550 9.550 9.549 9.548 9.548 9.547 9.547 9.546 9.545 9.545 9.544 9.543 9.543 9.542 9.542 9.541 9.540 9.539 9.539 9.538 9.538 9.537 9.536 9.536 9.535 9.534 9.533 9.533 9.532 9.531 9.531 9.530 9.529 9.529 9.528 9.527 9.527 9.526 9.525 9.525 9.524 9.523 9.523 9.522 9.521 9.521 9.520 9.519 9.518 9.518 9.517 9.516 9.516 9.515 9.514 9.514 9.513 9.512
9.563 9.563 9.562 9.561 9.561 9.560 9.559 9.559 9.558 9.557 9.557 9.556 9.555 9.554 9.554 9.553 9.552 9.552 9.551 9.550 9.550 9.549 9.549 9.548 9.547 9.547 9.546 9.545 9.545 9.544 9.543 9.543 9.542 9.542 9.541 9.540 9.539 9.539 9.538 9.538 9.537 9.536 9.536 9.535 9.534 9.534 9.533 9.532 9.531 9.531 9.530 9.530 9.529 9.528 9.527 9.527 9.526 9.525 9.525 9.524 9.523 9.523 9.522 9.521 9.521 9.520 9.519 9.518 9.518 9.517 9.516 9.516 9.515 9.514 9.514 9.513 9.512
9.564 9.563 9.562 9.562 9.561 9.560 9.559 9.559 9.558 9.557 9.557 9.556 9.555 9.555 9.554 9.553 9.553 9.552 9.551 9.551 9.550 9.549 9.549 9.548 9.547 9.547 9.546 9.546 9.545 9.544 9.544 9.543 9.542 9.542 9.541 9.540 9.540 9.539 9.538 9.538 9.537 9.536 9.536 9.535 9.534 9.534 9.533 9.532 9.532 9.531 9.530 9.530 9.529 9.528 9.528 9.527 9.526 9.526 9.525 9.524 9.523 9.523 9.522 9.521 9.521 9.520 9.519 9.519 9.518 9.517 9.517 9.516 9.515 9.514 9.514 9.513 9.512
9.564 9.563 9.562 9.562 9.561 9.560 9.560 9.559 9.558 9.558 9.557 9.556 9.556 9.555 9.554 9.553 9.553 9.552 9.551 9.551 9.550 9.549 9.549 9.548 9.548 9.547 9.546 9.546 9.545 9.544 9.544 9.543 9.542 9.542 9.541 9.540 9.540 9.539 9.538 9.538 9.537 9.536 9.536 9.535 9.534 9.534 9.533 9.532 9.532 9.531 9.530 9.530 9.529 9.528 9.528 9.527 9.526 9.526 9.525 9.524 9.524 9.523 9.522 9.521 9.521 9.520 9.519 9.519 9.518 9.517 9.517 9.516 9.515 9.515 9.514 9.513 9.512
9.564 9.563 9.563 9.562 9.561 9.561 9.560 9.559 9.558 9.558 9.557 9.556 9.556 9.555 9.554 9.554 9.553 9.552 9.552 9.551 9.550 9.550 9.549 9.548 9.548 9.547 9.546 9.546 9.545 9.545 9.544 9.543 9.542 9.542 9.541 9.540 9.540 9.539 9.539 9.538 9.537 9.537 9.536 9.535 9.535 9.534 9.533 9.532 9.532 9.531 9.530 9.530 9.529 9.528 9.528 9.527 9.526 9.526 9.525 9.524 9.524 9.523 9.522 9.522 9.521 9.520 9.519 9.519 9.518 9.517 9.517 9.516 9.515 9.515 9.514 9.513 9.513
9.564 9.563 9.563 9.562 9.561 9.561 9.560 9.559 9.559 9.558 9.557 9.557 9.556 9.555 9.555 9.554 9.553 9.553 9.552 9.551 9.550 9.550 9.549 9.548 9.548 9.547 9.547 9.546 9.545 9.545 9.544 9.543 9.543 9.542 9.541 9.541 9.540 9.539 9.539 9.538 9.537 9.537 9.536 9.535 9.535 9.534 9.533 9.533 9.532 9.531 9.530 9.530 9.529 9.528 9.528 9.527 9.527 9.526 9.525 9.524 9.524 9.523 9.522 9.522 9.521 9.520 9.520 9.519 9.518 9.518 9.517 9.516 9.515 9.515 9.514 9.513 9.513
9.564 9.564 9.563 9.562 9.562 9.561 9.560 9.559 9.559 9.558 9.557 9.557 9.556 9.555 9.555 9.554 9.553 9.553 9.552 9.551 9.551 9.550 9.549 9.549 9.548 9.547 9.547 9.546 9.545 9.545 9.544 9.543 9.543 9.542 9.541 9.541 9.540 9.539 9.539 9.538 9.537 9.537 9.536 9.535 9.535 9.534 9.533 9.533 9.532 9.531 9.531 9.530 9.529 9.529 9.528 9.527 9.527 9.526 9.525 9.525 9.524 9.523 9.522 9.522 9.521 9.520 9.520 9.519 9.518 9.518 9.517 9.516 9.516 9.515 9.514 9.513 9.513
9.564 9.564 9.563 9.562 9.562 9.561 9.560 9.560 9.559 9.558 9.558 9.557 9.556 9.556 9.555 9.554 9.554 9.553 9.552 9.552 9.551 9.550 9.550 9.549 9.548 9.548 9.547 9.546 9.546 9.545 9.544 9.544 9.543 9.542 9.542 9.541 9.540 9.540 9.539 9.538 9.538 9.537 9.536 9.536 9.535 9.534 9.533 9.533 9.532 9.531 9.531 9.530 9.529 9.529 9.528 9.527 9.527 9.526 9.525 9.525 9.524 9.523 9.522 9.522 9.521 9.520 9.520 9.519 9.518 9.518 9.517 9.516 9.516 9.515 9.514 9.514 9.513
9.565 9.564 9.563 9.563 9.562 9.561 9.560 9.560 9.559 9.558 9.558 9.557 9.556 9.556 9.555 9.555 9.554 9.553 9.552 9.552 9.551 9.550 9.550 9.549 9.548 9.548 9.547 9.546 9.546 9.545 9.544 9.544 9.543 9.542 9.542 9.541 9.540 9.540 9.539 9.538 9.538 9.537 9.536 9.536 9.535 9.534 9.534 9.533 9.532 9.532 9.531 9.530 9.529 9.529 9.528 9.527 9.527 9.526 9.525 9.525 9.524 9.523 9.523 9.522 9.521 9.521 9.520 9.519 9.518 9.518 9.517 9.516 9.516 9.515 9.514 9.514 9.513
9.565 9.564 9.563 9.563 9.562 9.561 9.561 9.560 9.559 9.559 9.558 9.557 9.557 9.556 9.555 9.555 9.554 9.553 9.553 9.552 9.551 9.550 9.550 9.549 9.548 9.548 9.547 9.546 9.546 9.545 9.544 9.544 9.543 9.542 9.542 9.541 9.540 9.540 9.539 9.538 9.538 9.537 9.536 9.536 9.535 9.534 9.534 9.533 9.532 9.532 9.531 9.530 9.529 9.529 9.528 9.527 9.527 9.526 9.525 9.525 9.524 9.523 9.523 9.522 9.521 9.521 9.520 9.519 9.519 9.518 9.517 9.517 9.516 9.515 9.514 9.514 9.513
9.565 9.564 9.563 9.563 9.562 9.561 9.561 9.560 9.559 9.559 9.558 9.557 9.557 9.556 9.555 9.555 9.554 9.553 9.553 9.552 9.551 9.551 9.550 9.549 9.549 9.548 9.547 9.546 9.546 9.545 9.544 9.544 9.543 9.542 9.542 9.541 9.540 9.540 9.539 9.539 9.538 9.537 9.537 9.536 9.535 9.534 9.534 9.533 9.532 9.532 9.531 9.530 9.530 9.529 9.528 9.528 9.527 9.526 9.526 9.525 9.524 9.524 9.523 9.522 9.522 9.521 9.520 9.519 9.519 9.518 9.517 9.517 9.516 9.515 9.515 9.514 9.513
9.565 9.564 9.564 9.563 9.562 9.562 9.561 9.560 9.560 9.559 9.558 9.558 9.557 9.556 9.556 9.555 9.554 9.554 9.553 9.552 9.551 9.551 9.550 9.549 9.549 9.548 9.547 9.547 9.546 9.545 9.545 9.544 9.543 9.543 9.542 9.541 9.541 9.540 9.539 9.539 9.538 9.537 9.537 9.536 9.535 9.534 9.534 9.533 9.532 9.532 9.531 9.530 9.530 9.529 9.528 9.528 9.527 9.526 9.526 9.525 9.524 9.524 9.523 9.522 9.522 9.521 9.520 9.519 9.519 9.518 9.517 9.517 9.516 9.515 9.515 9.514 9.513
9.565 9.565 9.564 9.563 9.562 9.562 9.561 9.560 9.560 9.559 9.558 9.558 9.557 9.556 9.556 9.555 9.554 9.554 9.553 9.552 9.552 9.551 9.550 9.550 9.549 9.548 9.547 9.547 9.546 9.545 9.545 9.544 9.543 9.543 9.542 9.541 9.541 9.540 9.539 9.539 9.538 9.537 9.537 9.536 9.535 9.535 9.534 9.533 9.533 9.532 9.531 9.531 9.530 9.529 9.529 9.528 9.527 9.527 9.526 9.525 9.524 9.524 9.523 9.522 9.522 9.521 9.520 9.520 9.519 9.518 9.518 9.517 9.516 9.515 9.515 9.514 9.513
9.565 9.565 9.564 9.563 9.563 9.562 9.561 9.561 9.560 9.559 9.558 9.558 9.557 9.556 9.556 9.555 9.554 9.554 9.553 9.552 9.552 9.551 9.550 9.550 9.549 9.548 9.547 9.547 9.546 9.546 9.545 9.544 9.544 9.543 9.542 9.541 9.541 9.540 9.539 9.539 9.538 9.537 9.537 9.536 9.535 9.535 9.534 9.533 9.533 9.532 9.532 9.531 9.530 9.529 9.529 9.528 9.527 9.527 9.526 9.525 9.525 9.524 9.523 9.523 9.522 9.521 9.520 9.520 9.519 9.518 9.518 9.517 9.516 9.515 9.515 9.514 9.513
9.566 9.565 9.564 9.564 9.563 9.562 9.561 9.561 9.560 9.559 9.559 9.558 9.557 9.557 9.556 9.555 9.555 9.554 9.553 9.553 9.552 9.551 9.550 9.550 9.549 9.548 9.548 9.547 9.546 9.546 9.545 9.544 9.544 9.543 9.542 9.542 9.541 9.540 9.540 9.539 9.538 9.538 9.537 9.536 9.536 9.535 9.534 9.534 9.533 9.532 9.532 9.531 9.530 9.530 9.529 9.528 9.528 9.527 9.526 9.525 9.525 9.524 9.523 9.523 9.522 9.521 9.520 9.520 9.519 9.518 9.518 9.517 9.516 9.515 9.515 9.514 9.513
9.566 9.565 9.564 9.564 9.563 9.562 9.562 9.561 9.560 9.559 9.559 9.558 9.557 9.557 9.556 9.555 9.555 9.554 9.553 9.553 9.552 9.551 9.551 9.550 9.549 9.548 9.548 9.547 9.546 9.546 9.545 9.544 9.544 9.543 9.542 9.542 9.541 9.540 9.540 9.539 9.538 9.538 9.537 9.536 9.536 9.535 9.535 9.534 9.533 9.533 9.532 9.531 9.530 9.530 9.529 9.528 9.528 9.527 9.526 9.526 9.525 9.524 9.523 9.523 9.522 9.521 9.521 9.520 9.519 9.518 9.518 9.517 9.516 9.516 9.515 9.514 9.513
9.566 9.565 9.565 9.564 9.563 9.562 9.562 9.561 9.560 9.560 9.559 9.558 9.558 9.557 9.556 9.556 9.555 9.554 9.553 9.553 9.552 9.551 9.551 9.550 9.549 9.549 9.548 9.547 9.547 9.546 9.545 9.545 9.544 9.543 9.543 9.542 9.541 9.541 9.540 9.539 9.539 9.538 9.537 9.537 9.536 9.535 9.535 9.534 9.533 9.533 9.532 9.531 9.531 9.530 9.529 9.529 9.528 9.527 9.526 9.526 9.525 9.524 9.523 9.523 9.522 9.521 9.521 9.520 9.519 9.519 9.518 9.517 9.516 9.516 9.515 9.514 9.513
9.566 9.566 9.565 9.564 9.563 9.563 9.562 9.561 9.561 9.560 9.559 9.558 9.558 9.557 9.556 9.556 9.555 9.554 9.554 9.553 9.552 9.552 9.551 9.550 9.550 9.549 9.548 9.547 9.547 9.546 9.545 9.545 9.544 9.543 9.543 9.542 9.541 9.541 9.540 9.539 9.539 9.538 9.537 9.537 9.536 9.535 9.535 9.534 9.533 9.533 9.532 9.531 9.531 9.530 9.529 9.529 9.528 9.527 9.526 9.526 9.525 9.524 9.524 9.523 9.522 9.521 9.521 9.520 9.519 9.519 9.518 9.517 9.516 9.516 9.515 9.514 9.513
9.566 9.566 9.565 9.564 9.563 9.563 9.562 9.561 9.561 9.560 9.559 9.559 9.558 9.557 9.557 9.556 9.555 9.555 9.554 9.553 9.552 9.552 9.551 9.550 9.550 9.549 9.548 9.548 9.547 9.546 9.546 9.545 9.544 9.544 9.543 9.542 9.542 9.541 9.540 9.540 9.539 9.538 9.538 9.537 9.536 9.536 9.535 9.534 9.534 9.533 9.532 9.531 9.531 9.530 9.529 9.529 9.528 9.527 9.527 9.526 9.525 9.524 9.524 9.523 9.522 9.521 9.521 9.520 9.519 9.519 9.518 9.517 9.516 9.516 9.515 9.514 9.513
9.566 9.566 9.565 9.564 9.564 9.563 9.562 9.562 9.561 9.560 9.560 9.559 9.558 9.558 9.557 9.556 9.555 9.555 9.554 9.553 9.553 9.552 9.551 9.551 9.550 9.549 9.548 9.548 9.547 9.546 9.546 9.545 9.544 9.544 9.543 9.542 9.542 9.541 9.540 9.540 9.539 9.538 9.538 9.537 9.536 9.536 9.535 9.534 9.534 9.533 9.532 9.532 9.531 9.530 9.530 9.529 9.528 9.527 9.527 9.526 9.525 9.524 9.524 9.523 9.522 9.522 9.521 9.520 9.519 9.519 9.518 9.517 9.516 9.516 9.515 9.514 9.513
9.567 9.566 9.565 9.565 9.564 9.563 9.562 9.562 9.561 9.560 9.560 9.559 9.558 9.558 9.557 9.556 9.556 9.555 9.554 9.554 9.553 9.552 9.551 9.551 9.550 9.549 9.549 9.548 9.547 9.547 9.546 9.545 9.545 9.544 9.543 9.543 9.542 9.541 9.541 9.540 9.539 9.539 9.538 9.537 9.537 9.536 9.535 9.534 9.534 9.533 9.532 9.532 9.531 9.530 9.530 9.529 9.528 9.527 9.527 9.526 9.525 9.525 9.524 9.523 9.522 9.522 9.521 9.520 9.519 9.519 9.518 9.517 9.516 9.515 9.515 9.514 9.513
9.567 9.566 9.565 9.565 9.564 9.563 9.563 9.562 9.561 9.561 9.560 9.559 9.558 9.558 9.557 9.556 9.556 9.555 9.554 9.554 9.553 9.552 9.552 9.551 9.550 9.549 9.549 9.548 9.547 9.547 9.546 9.545 9.545 9.544 9.543 9.543 9.542 9.541 9.541 9.540 9.539 9.539 9.538 9.537 9.537 9.536 9.535 9.535 9.534 9.533 9.532 9.532 9.531 9.530 9.530 9.529 9.528 9.528 9.527 9.526 9.525 9.525 9.524 9.523 9.522 9.522 9.521 9.520 9.519 9.519 9.518 9.517 9.516 9.515 9.515 9.514 9.513
9.567 9.566 9.566 9.565 9.564 9.564 9.563 9.562 9.561 9.561 9.560 9.559 9.559 9.558 9.557 9.557 9.556 9.555 9.554 9.554 9.553 9.552 9.552 9.551 9.550 9.550 9.549 9.548 9.548 9.547 9.546 9.546 9.545 9.544 9.544 9.543 9.542 9.542 9.541 9.540 9.540 9.539 9.538 9.538 9.537 9.536 9.535 9.535 9.534 9.533 9.533 9.532 9.531 9.530 9.530 9.529 9.528 9.528 9.527 9.526 9.525 9.525 9.524 9.523 9.522 9.522 9.521 9.520 9.519 9.519 9.518 9.517 9.516 9.516 9.515 9.514 9.513
9.567 9.566 9.566 9.565 9.564 9.564 9.563 9.562 9.562 9.561 9.560 9.559 9.559 9.558 9.557 9.557 9.556 9.555 9.555 9.554 9.553 9.552 9.552 9.551 9.550 9.550 9.549 9.548 9.548 9.547 9.546 9.546 9.545 9.544 9.544 9.543 9.542 9.542 9.541 9.540 9.540 9.539 9.538 9.538 9.537 9.536 9.536 9.535 9.534 9.533 9.533 9.532 9.531 9.531 9.530 9.529 9.528 9.528 9.527 9.526 9.526 9.525 9.524 9.523 9.522 9.522 9.521 9.520 9.519 9.519 9.518 9.517 9.516 9.516 9.515 9.514 9.513
9.567 9.567 9.566 9.565 9.564 9.564 9.563 9.562 9.562 9.561 9.560 9.560 9.559 9.558 9.558 9.557 9.556 9.555 9.555 9.554 9.553 9.553 9.552 9.551 9.551 9.550 9.549 9.549 9.548 9.547 9.547 9.546 9.545 9.545 9.544 9.543 9.543 9.542 9.541 9.541 9.540 9.539 9.538 9.538 9.537 9.536 9.536 9.535 9.534 9.534 9.533 9.532 9.531 9.531 9.530 9.529 9.529 9.528 9.527 9.526 9.526 9.525 9.524 9.523 9.523 9.522 9.521 9.520 9.519 9.519 9.518 9.517 9.516 9.516 9.515 9.514 9.513
9.567 9.567 9.566 9.565 9.565 9.564 9.563 9.562 9.562 9.561 9.560 9.560 9.559 9.558 9.558 9.557 9.556 9.556 9.555 9.554 9.553 9.553 9.552 9.551 9.551 9.550 9.549 9.549 9.548 9.547 9.547 9.546 9.545 9.545 9.544 9.543 9.543 9.542 9.541 9.541 9.540 9.539 9.539 9.538 9.537 9.537 9.536 9.535 9.534 9.534 9.533 9.532 9.532 9.531 9.530 9.529 9.529 9.528 9.527 9.526 9.526 9.525 9.524 9.523 9.523 9.522 9.521 9.520 9.520 9.519 9.518 9.517 9.516 9.516 9.515 9.514 9.513
