includes/lisflood-fp-604/results/res.maxtm
ncols         631
nrows         906
xllcorner     364927.146667
yllcorner     6531972.565556
cellsize      20.000000
NODATA_value  -9999.000000
[rows 290 to 318 of 906, columns 536 to 602 of 631]
4.158 4.156 4.156 4.156 4.156 4.156 4.156 4.156 4.154 4.154 4.154 4.154 4.153 4.153 4.152 4.152 4.154 4.154 4.154 4.153 4.152 4.152 4.153 4.153 4.153 4.154 4.153 4.153 4.152 4.152 4.150 4.151 4.154 4.150 4.155 4.155 4.154 4.154 4.158 4.158 4.158 4.144 4.144 4.144 4.144 4.151 4.151 4.146 4.146 4.146 4.151 4.149 4.149 4.148 4.149 4.149 4.148 4.148 4.149 4.149 4.150 4.150 4.143 4.144 4.144 4.143 4.143
4.158 4.156 4.156 4.156 4.157 4.156 4.156 4.155 4.155 4.152 4.152 4.154 4.153 4.153 4.152 4.152 4.152 4.154 4.155 4.155 4.155 4.154 4.153 4.153 4.153 4.153 4.153 4.152 4.152 4.152 4.151 4.154 4.150 4.150 4.155 4.148 4.154 4.147 4.147 4.147 4.146 4.144 4.144 4.144 4.144 4.144 4.146 4.146 4.146 4.150 4.145 4.145 4.148 4.148 4.149 4.149 4.149 4.148 4.149 4.149 4.150 4.150 4.143 4.144 4.144 4.143 4.145
4.159 4.159 4.156 4.156 4.156 4.156 4.150 4.155 4.155 4.152 4.153 4.153 4.153 4.153 4.153 4.152 4.152 4.154 4.154 4.155 4.155 4.154 4.154 4.154 4.153 4.153 4.153 4.152 4.152 4.152 4.151 4.151 4.154 4.155 4.148 4.148 4.146 4.147 4.147 4.146 4.146 4.145 4.145 4.145 4.144 4.142 4.142 4.143 4.132 4.132 4.132 4.132 4.133 4.149 4.149 4.147 4.148 4.135 4.135 4.135 4.135 4.150 4.144 4.144 4.144 4.142 4.142
4.160 4.160 4.151 4.152 4.150 4.150 4.154 4.154 4.152 4.152 4.153 4.153 4.153 4.153 4.153 4.153 4.152 4.154 4.154 4.155 4.155 4.154 4.154 4.154 4.154 4.152 4.152 4.152 4.152 4.152 4.151 4.151 4.155 4.155 4.148 4.146 4.146 4.146 4.146 4.146 4.145 4.145 4.144 4.144 4.143 4.142 4.143 4.143 4.132 4.132 4.132 4.133 4.133 4.133 4.132 4.135 4.134 4.136 4.136 4.135 4.134 4.145 4.144 4.144 4.143 4.142 4.142
4.160 4.160 4.151 4.149 4.149 4.150 4.150 4.154 4.154 4.152 4.153 4.153 4.154 4.154 4.153 4.153 4.153 4.154 4.154 4.153 4.155 4.154 4.154 4.150 4.150 4.150 4.152 4.152 4.152 4.152 4.150 4.147 4.147 4.146 4.146 4.146 4.146 4.146 4.146 4.146 4.145 4.144 4.144 4.144 4.143 4.143 4.142 4.133 4.132 4.132 4.132 4.132 4.132 4.132 4.132 4.135 4.136 4.136 4.136 4.135 4.135 4.146 4.136 4.136 4.143 4.143 4.142
4.152 4.151 4.151 4.150 4.150 4.150 4.150 4.153 4.153 4.153 4.153 4.152 4.152 4.154 4.153 4.153 4.153 4.154 4.154 4.153 4.153 4.150 4.150 4.151 4.151 4.150 4.151 4.151 4.150 4.150 4.147 4.147 4.147 4.147 4.147 4.147 4.147 4.146 4.146 4.146 4.146 4.147 4.144 4.144 4.143 4.143 4.131 4.131 4.131 4.132 4.132 4.132 4.132 4.132 4.135 4.135 4.136 4.136 4.136 4.136 4.137 4.137 4.138 4.138 4.138 4.142 4.142
4.152 4.151 4.150 4.150 4.150 4.150 4.150 4.151 4.151 4.153 4.151 4.151 4.151 4.154 4.153 4.153 4.154 4.154 4.152 4.153 4.152 4.150 4.150 4.151 4.150 4.150 4.150 4.151 4.150 4.148 4.149 4.149 4.146 4.147 4.147 4.147 4.147 4.146 4.146 4.146 4.146 4.146 4.144 4.143 4.132 4.132 4.131 4.131 4.131 4.132 4.132 4.132 4.133 4.134 4.134 4.136 4.136 4.136 4.136 4.138 4.138 4.138 4.138 4.138 4.138 4.138 4.140
4.151 4.151 4.150 4.150 4.150 4.150 4.148 4.152 4.152 4.152 4.151 4.151 4.151 4.151 4.150 4.150 4.152 4.152 4.152 4.152 4.152 4.152 4.152 4.149 4.150 4.150 4.150 4.150 4.149 4.149 4.149 4.149 4.149 4.148 4.148 4.148 4.146 4.146 4.146 4.146 4.146 4.146 4.133 4.132 4.132 4.132 4.132 4.131 4.131 4.132 4.132 4.133 4.134 4.134 4.134 4.135 4.136 4.136 4.136 4.138 4.138 4.138 4.138 4.138 4.138 4.138 4.139
4.151 4.151 4.150 4.150 4.150 4.150 4.148 4.151 4.152 4.152 4.151 4.151 4.151 4.150 4.150 4.150 4.150 4.148 4.152 4.152 4.147 4.147 4.148 4.148 4.149 4.150 4.150 4.150 4.148 4.148 4.148 4.149 4.149 4.148 4.148 4.145 4.146 4.146 4.146 4.146 4.146 4.134 4.133 4.132 4.132 4.132 4.131 4.131 4.132 4.132 4.135 4.134 4.134 4.134 4.134 4.135 4.137 4.137 4.137 4.138 4.138 4.138 4.138 4.138 4.139 4.139 4.139
4.152 4.152 4.150 4.150 4.150 4.150 4.151 4.151 4.152 4.150 4.151 4.151 4.151 4.150 4.150 4.150 4.150 4.148 4.147 4.147 4.147 4.147 4.148 4.148 4.148 4.149 4.149 4.148 4.148 4.148 4.148 4.149 4.149 4.148 4.145 4.145 4.137 4.137 4.138 4.137 4.137 4.137 4.134 4.133 4.133 4.133 4.131 4.131 4.132 4.135 4.135 4.134 4.134 4.134 4.135 4.135 4.134 4.137 4.137 4.138 4.138 4.138 4.138 4.138 4.138 4.139 4.140
4.152 4.152 4.150 4.150 4.150 4.150 4.151 4.151 4.150 4.150 4.150 4.152 4.150 4.150 4.150 4.149 4.149 4.147 4.147 4.147 4.147 4.147 4.147 4.148 4.148 4.149 4.149 4.148 4.148 4.148 4.148 4.150 4.147 4.144 4.138 4.138 4.137 4.138 4.138 4.138 4.137 4.138 4.138 4.138 4.139 4.136 4.134 4.134 4.134 4.134 4.134 4.134 4.134 4.134 4.133 4.135 4.134 4.137 4.137 4.138 4.138 4.138 4.138 4.138 4.139 4.140 4.140
4.148 4.148 4.149 4.149 4.150 4.150 4.151 4.151 4.150 4.150 4.149 4.149 4.149 4.149 4.150 4.149 4.148 4.146 4.146 4.146 4.146 4.146 4.147 4.147 4.146 4.147 4.147 4.147 4.148 4.148 4.147 4.147 4.147 4.144 4.139 4.138 4.138 4.138 4.138 4.139 4.139 4.138 4.138 4.138 4.139 4.139 4.137 4.137 4.132 4.134 4.133 4.134 4.134 4.134 4.135 4.135 4.134 4.134 4.137 4.138 4.138 4.138 4.139 4.138 4.137 4.139 4.140
4.148 4.148 4.148 4.146 4.146 4.146 4.144 4.151 4.150 4.150 4.149 4.149 4.149 4.149 4.150 4.150 4.148 4.148 4.146 4.146 4.146 4.146 4.147 4.147 4.148 4.148 4.148 4.148 4.148 4.147 4.147 4.140 4.140 4.140 4.139 4.138 4.138 4.138 4.139 4.139 4.139 4.138 4.138 4.138 4.139 4.137 4.137 4.137 4.133 4.133 4.133 4.134 4.134 4.134 4.134 4.135 4.135 4.134 4.134 4.136 4.138 4.138 4.138 4.137 4.137 4.137 4.140
4.147 4.148 4.144 4.144 4.145 4.145 4.145 4.146 4.146 4.142 4.142 4.144 4.144 4.144 4.144 4.144 4.147 4.148 4.148 4.146 4.146 4.146 4.147 4.147 4.148 4.148 4.148 4.148 4.148 4.141 4.141 4.140 4.140 4.140 4.139 4.138 4.138 4.138 4.137 4.136 4.136 4.139 4.138 4.138 4.138 4.138 4.138 4.137 4.137 4.138 4.133 4.134 4.134 4.134 4.135 4.135 4.135 4.135 4.134 4.136 4.136 4.138 4.137 4.137 4.138 4.138 4.138
4.143 4.145 4.144 4.145 4.145 4.145 4.145 4.146 4.146 4.142 4.142 4.144 4.144 4.144 4.144 4.144 4.144 4.148 4.148 4.145 4.146 4.146 4.145 4.145 4.147 4.147 4.148 4.148 4.141 4.141 4.141 4.140 4.140 4.139 4.138 4.138 4.138 4.137 4.137 4.136 4.136 4.137 4.137 4.138 4.138 4.138 4.138 4.138 4.137 4.137 4.135 4.136 4.136 4.136 4.136 4.135 4.135 4.135 4.136 4.135 4.136 4.136 4.137 4.137 4.138 4.138 4.139
4.144 4.144 4.144 4.144 4.145 4.145 4.145 4.143 4.143 4.143 4.144 4.144 4.144 4.144 4.144 4.144 4.144 4.144 4.144 4.144 4.144 4.145 4.145 4.145 4.145 4.144 4.147 4.147 4.141 4.141 4.141 4.140 4.139 4.139 4.139 4.138 4.138 4.137 4.137 4.136 4.136 4.137 4.137 4.137 4.138 4.138 4.138 4.138 4.137 4.137 4.136 4.136 4.136 4.136 4.135 4.135 4.135 4.136 4.136 4.136 4.136 4.136 4.137 4.137 4.138 4.138 4.139
4.144 4.144 4.146 4.145 4.145 4.145 4.144 4.143 4.143 4.143 4.144 4.144 4.144 4.145 4.146 4.145 4.144 4.144 4.144 4.144 4.144 4.145 4.145 4.145 4.146 4.144 4.144 4.140 4.140 4.140 4.140 4.139 4.139 4.139 4.140 4.140 4.140 4.137 4.136 4.136 4.137 4.137 4.137 4.137 4.137 4.137 4.137 4.138 4.138 4.138 4.136 4.136 4.136 4.136 4.136 4.135 4.136 4.136 4.136 4.136 4.136 4.137 4.137 4.138 4.138 4.138 4.139
4.144 4.144 4.145 4.145 4.145 4.144 4.144 4.144 4.144 4.144 4.144 4.144 4.145 4.145 4.145 4.145 4.145 4.144 4.144 4.144 4.144 4.144 4.144 4.144 4.146 4.146 4.144 4.140 4.140 4.140 4.140 4.139 4.140 4.140 4.140 4.140 4.136 4.137 4.137 4.137 4.137 4.137 4.137 4.137 4.138 4.138 4.138 4.138 4.138 4.136 4.136 4.136 4.136 4.136 4.136 4.135 4.135 4.136 4.136 4.136 4.137 4.137 4.138 4.138 4.138 4.140 4.139
4.144 4.144 4.145 4.145 4.145 4.144 4.144 4.144 4.144 4.144 4.144 4.145 4.146 4.146 4.145 4.145 4.145 4.144 4.144 4.143 4.143 4.144 4.144 4.144 4.145 4.145 4.142 4.142 4.140 4.140 4.140 4.139 4.140 4.140 4.140 4.139 4.139 4.139 4.139 4.138 4.136 4.136 4.136 4.137 4.138 4.138 4.137 4.137 4.136 4.136 4.136 4.136 4.136 4.136 4.136 4.137 4.135 4.138 4.138 4.138 4.138 4.138 4.138 4.139 4.140 4.140 4.140
4.144 4.145 4.145 4.145 4.145 4.144 4.144 4.144 4.144 4.144 4.144 4.145 4.143 4.144 4.144 4.144 4.145 4.146 4.145 4.145 4.144 4.144 4.144 4.145 4.145 4.142 4.142 4.142 4.140 4.140 4.140 4.141 4.141 4.138 4.137 4.139 4.138 4.138 4.139 4.138 4.139 4.139 4.139 4.139 4.138 4.138 4.137 4.136 4.136 4.135 4.135 4.135 4.134 4.133 4.133 4.138 4.138 4.138 4.138 4.138 4.138 4.138 4.139 4.139 4.140 4.140 4.140
4.146 4.146 4.145 4.145 4.144 4.144 4.143 4.143 4.144 4.145 4.142 4.142 4.143 4.143 4.144 4.144 4.145 4.145 4.145 4.145 4.144 4.144 4.144 4.144 4.142 4.142 4.142 4.142 4.140 4.140 4.140 4.141 4.141 4.138 4.137 4.138 4.138 4.138 4.139 4.139 4.139 4.139 4.139 4.138 4.138 4.138 4.136 4.136 4.136 4.136 4.134 4.134 4.134 4.134 4.134 4.138 4.138 4.138 4.138 4.138 4.138 4.137 4.139 4.139 4.140 4.140 4.140
4.143 4.145 4.145 4.145 4.145 4.144 4.144 4.143 4.143 4.143 4.142 4.142 4.143 4.143 4.144 4.144 4.143 4.145 4.145 4.145 4.144 4.144 4.144 4.143 4.143 4.142 4.142 4.141 4.141 4.140 4.140 4.142 4.138 4.138 4.138 4.138 4.138 4.138 4.139 4.138 4.139 4.139 4.138 4.138 4.138 4.138 4.137 4.136 4.136 4.136 4.135 4.134 4.134 4.134 4.134 4.139 4.138 4.138 4.138 4.137 4.137 4.137 4.138 4.140 4.141 4.140 4.140
4.144 4.144 4.144 4.146 4.141 4.142 4.144 4.144 4.143 4.143 4.142 4.142 4.143 4.143 4.144 4.144 4.144 4.146 4.146 4.145 4.144 4.144 4.144 4.143 4.143 4.143 4.143 4.142 4.140 4.123 4.139 4.136 4.138 4.138 4.137 4.138 4.137 4.137 4.134 4.134 4.138 4.138 4.138 4.138 4.138 4.137 4.137 4.136 4.137 4.135 4.135 4.135 4.135 4.134 4.134 4.138 4.138 4.138 4.137 4.137 4.137 4.137 4.138 4.138 4.140 4.140 4.140
4.144 4.144 4.144 4.141 4.141 4.142 4.142 4.144 4.144 4.144 4.142 4.142 4.142 4.143 4.143 4.144 4.144 4.146 4.146 4.146 4.145 4.145 4.144 4.144 4.143 4.143 4.123 4.123 4.120 4.123 4.121 4.121 4.121 4.121 4.136 4.136 4.138 4.137 4.134 4.134 4.133 4.133 4.137 4.137 4.137 4.137 4.136 4.136 4.136 4.137 4.136 4.135 4.135 4.136 4.135 4.135 4.138 4.137 4.136 4.136 4.137 4.137 4.137 4.138 4.140 4.140 4.140
4.144 4.142 4.142 4.143 4.142 4.142 4.142 4.141 4.140 4.144 4.144 4.142 4.142 4.142 4.143 4.143 4.145 4.146 4.146 4.146 4.145 4.145 4.124 4.124 4.121 4.121 4.123 4.120 4.120 4.119 4.120 4.121 4.121 4.121 4.122 4.123 4.136 4.136 4.133 4.133 4.133 4.133 4.136 4.136 4.136 4.136 4.136 4.136 4.137 4.137 4.136 4.136 4.135 4.136 4.136 4.135 4.137 4.137 4.136 4.136 4.136 4.137 4.137 4.138 4.138 4.140 4.139
4.143 4.142 4.142 4.142 4.142 4.142 4.142 4.141 4.141 4.140 4.141 4.142 4.142 4.142 4.144 4.145 4.145 4.146 4.146 4.146 4.146 4.124 4.124 4.124 4.121 4.121 4.122 4.120 4.120 4.120 4.120 4.120 4.121 4.121 4.122 4.123 4.123 4.132 4.132 4.133 4.132 4.132 4.137 4.136 4.136 4.136 4.136 4.136 4.137 4.137 4.136 4.136 4.135 4.136 4.136 4.136 4.136 4.136 4.136 4.136 4.136 4.137 4.138 4.138 4.138 4.138 4.139
4.144 4.139 4.139 4.138 4.138 4.138 4.138 4.140 4.140 4.140 4.140 4.142 4.149 4.147 4.144 4.144 4.145 4.145 4.145 4.146 4.123 4.123 4.124 4.124 4.125 4.125 4.121 4.120 4.120 4.121 4.120 4.120 4.121 4.121 4.122 4.123 4.123 4.122 4.132 4.132 4.132 4.132 4.133 4.135 4.136 4.136 4.136 4.137 4.137 4.137 4.137 4.134 4.135 4.136 4.136 4.136 4.136 4.136 4.136 4.136 4.136 4.135 4.138 4.138 4.138 4.138 4.138
4.139 4.139 4.139 4.139 4.139 4.139 4.138 4.138 4.138 4.140 4.140 4.140 4.147 4.147 4.147 4.144 4.144 4.144 4.122 4.123 4.123 4.123 4.123 4.125 4.125 4.125 4.121 4.121 4.121 4.121 4.121 4.121 4.121 4.121 4.122 4.122 4.122 4.122 4.123 4.131 4.132 4.132 4.131 4.131 4.132 4.132 4.131 4.131 4.132 4.132 4.132 4.132 4.132 4.135 4.135 4.135 4.136 4.136 4.136 4.136 4.136 4.135 4.136 4.138 4.138 4.138 4.138
4.140 4.140 4.139 4.140 4.139 4.139 4.139 4.138 4.138 4.137 4.139 4.141 4.140 4.147 4.147 4.127 4.124 4.124 4.123 4.123 4.123 4.123 4.123 4.125 4.125 4.125 4.125 4.121 4.121 4.121 4.121 4.122 4.121 4.121 4.124 4.122 4.122 4.122 4.123 4.131 4.131 4.132 4.131 4.132 4.130 4.131 4.131 4.131 4.132 4.132 4.133 4.132 4.132 4.135 4.135 4.135 4.134 4.135 4.136 4.136 4.136 4.135 4.136 4.137 4.137 4.138 4.137
