includes/lisflood-fp-604/results/res.inittm
ncols         631
nrows         906
xllcorner     364927.146667
yllcorner     6531972.565556
cellsize      20.000000
NODATA_value  -9999.000000
[rows 580 to 608 of 906, columns 469 to 535 of 631]
2.583 2.569 2.539 2.226 2.211 2.149 2.138 2.128 2.120 2.322 1.980 1.968 1.961 1.944 0.960 0.820 0.746 0.725 0.689 0.682 0.646 0.634 0.587 0.573 0.546 0.522 0.502 0.495 0.443 0.430 0.408 0.400 0.375 0.363 0.356 0.339 0.328 0.001 0.309 0.300 0.293 0.285 0.277 0.269 0.263 0.249 0.240 0.232 0.223 0.213 0.204 0.195 0.184 0.174 0.164 0.152 0.141 0.130 0.118 0.104 0.089 0.001 0.001 0.001 0.001 0.001 0.001
2.578 2.543 2.308 2.296 2.417 2.201 2.167 2.155 2.344 2.449 1.997 1.981 1.970 1.961 1.944 0.753 0.726 0.688 0.675 0.657 0.641 0.609 0.603 0.577 0.550 0.513 0.500 0.471 0.441 0.433 0.410 0.389 0.381 0.370 0.348 0.001 0.327 0.001 0.308 0.300 0.292 0.285 0.271 0.263 0.254 0.245 0.236 0.227 0.218 0.209 0.199 0.190 0.180 0.169 0.158 0.147 0.135 0.123 0.112 0.100 0.089 0.001 0.001 0.001 0.001 0.001 0.001
2.574 2.455 2.537 2.466 2.163 2.162 2.149 2.186 2.317 2.038 2.016 1.999 1.986 1.970 1.960 1.944 0.706 0.692 0.661 0.636 0.626 0.584 0.571 0.560 0.525 0.514 0.493 0.469 0.465 0.425 0.396 0.385 0.367 0.355 0.346 0.328 0.320 0.311 0.302 0.294 0.285 0.276 0.267 0.258 0.249 0.240 0.231 0.222 0.213 0.204 0.194 0.185 0.174 0.164 0.153 0.141 0.128 0.115 0.101 0.089 0.001 0.001 0.001 0.001 0.001 0.001 0.001
2.573 2.439 2.354 2.164 2.155 2.150 2.139 2.108 2.057 2.048 2.030 2.012 2.003 1.992 1.960 1.946 0.771 0.677 0.641 0.646 0.619 0.609 0.584 0.551 0.525 0.521 0.498 0.455 0.438 0.418 0.402 0.378 0.373 0.355 0.341 0.330 0.324 0.001 0.299 0.290 0.281 0.272 0.263 0.254 0.245 0.235 0.226 0.217 0.208 0.198 0.189 0.179 0.170 0.159 0.148 0.136 0.122 0.106 0.091 0.001 0.001 0.001 0.001 0.001 0.001 0.001 0.001
2.573 2.454 2.583 2.864 2.127 2.118 2.114 2.073 2.065 2.040 2.047 2.046 1.991 1.976 1.962 1.944 0.667 0.646 0.627 0.617 0.606 0.596 0.556 0.543 0.497 0.477 0.456 0.447 0.419 0.413 0.398 0.389 0.376 0.357 0.354 0.333 0.326 0.311 0.295 0.286 0.277 0.268 0.258 0.249 0.240 0.231 0.221 0.212 0.203 0.193 0.184 0.174 0.164 0.154 0.144 0.133 0.120 0.106 0.092 0.001 0.001 0.001 0.001 0.001 0.001 0.001 0.001
2.967 2.516 2.141 2.136 2.114 2.109 2.077 2.067 2.042 2.032 2.012 2.000 1.998 1.962 1.947 0.728 0.713 0.629 0.615 0.598 0.611 0.576 0.548 0.535 0.484 0.474 0.467 0.432 0.415 0.407 0.390 0.385 0.376 0.352 0.335 0.323 0.313 0.300 0.291 0.281 0.272 0.263 0.254 0.245 0.235 0.226 0.217 0.207 0.198 0.188 0.178 0.168 0.158 0.147 0.137 0.127 0.115 0.103 0.091 0.001 0.001 0.001 0.001 0.001 0.001 0.001 0.001
2.939 2.902 2.850 2.128 2.100 2.084 2.072 2.040 2.028 2.025 2.010 1.987 1.972 1.960 1.945 0.778 0.657 0.617 0.598 0.582 0.575 0.573 0.536 0.537 0.483 0.468 0.447 0.421 0.408 0.398 0.375 0.370 0.356 0.349 0.345 0.329 0.313 0.296 0.287 0.279 0.268 0.258 0.249 0.240 0.231 0.221 0.212 0.202 0.192 0.183 0.172 0.162 0.151 0.140 0.129 0.118 0.106 0.093 0.001 0.001 0.001 0.001 0.001 0.001 0.001 0.001 0.001
2.445 2.903 2.857 2.126 2.105 2.089 2.040 2.031 2.021 2.003 1.998 1.977 1.963 1.945 0.736 0.698 0.651 0.638 0.614 0.576 0.542 0.534 0.515 0.506 0.485 0.452 0.441 0.420 0.404 0.396 0.380 0.374 0.349 0.342 0.333 0.311 0.001 0.292 0.283 0.273 0.264 0.254 0.245 0.235 0.226 0.217 0.207 0.197 0.187 0.177 0.167 0.156 0.144 0.132 0.120 0.106 0.094 0.092 0.001 0.001 0.001 0.001 0.001 0.001 0.001 0.001 0.001
2.196 2.343 2.134 2.123 2.117 2.044 2.034 2.021 2.011 1.989 1.978 1.963 1.947 0.711 0.699 0.668 0.659 0.624 0.614 0.574 0.556 0.520 0.508 0.487 0.466 0.457 0.451 0.413 0.405 0.386 0.374 0.357 0.342 0.001 0.001 0.311 0.299 0.289 0.281 0.269 0.260 0.250 0.241 0.231 0.221 0.212 0.202 0.192 0.182 0.172 0.161 0.150 0.138 0.124 0.109 0.094 0.001 0.001 0.001 0.001 0.001 0.001 0.001 0.001 0.001 0.001 0.001
2.167 2.159 2.148 2.375 2.117 2.100 2.018 2.010 2.002 1.973 1.969 1.963 1.945 0.720 0.694 0.681 0.663 0.641 0.611 0.574 0.558 0.532 0.515 0.508 0.467 0.451 0.414 0.406 0.397 0.374 0.364 0.350 0.340 0.326 0.319 0.303 0.293 0.284 0.275 0.265 0.256 0.246 0.237 0.227 0.217 0.207 0.197 0.187 0.177 0.166 0.155 0.145 0.134 0.122 0.109 0.094 0.001 0.001 0.001 0.001 0.001 0.001 0.001 0.001 0.001 0.001 0.001
2.161 2.153 2.146 2.129 2.090 2.074 2.036 2.013 1.887 1.870 1.896 1.947 0.793 0.817 0.674 0.664 0.647 0.635 0.625 0.608 0.554 0.534 0.528 0.503 0.486 0.485 0.418 0.407 0.389 0.377 0.367 0.349 0.334 0.001 0.310 0.300 0.290 0.280 0.271 0.261 0.252 0.242 0.232 0.223 0.213 0.203 0.192 0.182 0.171 0.160 0.150 0.138 0.127 0.116 0.104 0.093 0.001 0.001 0.001 0.001 0.001 0.001 0.001 0.001 0.001 0.001 0.001
2.257 2.161 2.148 2.449 2.084 2.077 2.024 2.009 1.990 1.088 1.945 1.945 0.732 0.715 0.680 0.667 0.639 0.613 0.609 0.606 0.536 0.527 0.493 0.479 0.456 0.444 0.432 0.395 0.382 0.372 0.351 0.344 0.328 0.320 0.315 0.296 0.286 0.277 0.267 0.257 0.248 0.238 0.228 0.218 0.209 0.198 0.187 0.177 0.166 0.155 0.143 0.131 0.118 0.106 0.093 0.001 0.001 0.001 0.001 0.001 0.001 0.001 0.001 0.001 0.001 0.001 0.001
2.389 2.148 2.124 2.103 2.087 2.074 2.040 1.977 1.988 0.899 0.836 0.820 0.783 0.758 0.684 0.665 0.644 0.604 0.597 0.579 0.569 0.506 0.498 0.483 0.455 0.452 0.430 0.409 0.385 0.373 0.355 0.330 0.324 0.311 0.302 0.293 0.283 0.273 0.264 0.254 0.244 0.234 0.225 0.214 0.204 0.194 0.183 0.172 0.161 0.150 0.137 0.124 0.110 0.095 0.001 0.001 0.001 0.001 0.001 0.001 0.001 0.001 0.001 0.001 0.001 0.001 0.001
3.110 2.240 2.145 2.124 2.538 2.050 2.022 1.964 0.959 0.945 0.855 0.900 0.806 0.686 0.667 0.658 0.628 0.616 0.580 0.547 0.540 0.523 0.487 0.455 0.447 0.440 0.420 0.401 0.379 0.376 0.360 0.349 0.339 0.308 0.299 0.289 0.279 0.270 0.260 0.250 0.241 0.231 0.221 0.211 0.200 0.190 0.179 0.168 0.157 0.145 0.132 0.119 0.106 0.094 0.001 0.001 0.001 0.001 0.001 0.001 0.001 0.001 0.001 0.001 0.001 0.001 0.001
3.143 2.257 2.183 2.304 2.120 2.111 2.050 3.847 0.972 0.874 0.856 0.782 0.766 0.681 0.646 0.636 0.624 0.598 0.577 0.561 0.539 0.514 0.478 0.469 0.425 0.417 0.410 0.384 0.373 0.356 0.345 0.339 0.319 0.313 0.295 0.286 0.276 0.267 0.257 0.247 0.237 0.227 0.217 0.206 0.196 0.186 0.175 0.164 0.152 0.140 0.126 0.111 0.096 0.001 0.001 0.001 0.001 0.001 0.001 0.001 0.001 0.001 0.001 0.001 0.001 0.001 0.001
3.539 2.850 2.193 2.174 2.166 2.287 2.335 3.853 3.847 3.845 0.858 0.771 0.731 0.687 0.670 0.611 0.601 0.600 0.561 0.539 0.529 0.509 0.475 0.449 0.421 0.414 0.393 0.383 0.377 0.357 0.341 0.333 0.326 0.317 0.292 0.283 0.273 0.263 0.254 0.244 0.234 0.224 0.213 0.203 0.192 0.182 0.171 0.160 0.148 0.136 0.124 0.110 0.096 0.001 0.001 0.001 0.001 0.001 0.001 0.001 0.001 0.001 0.001 0.001 0.001 0.001 0.001
3.414 3.091 2.204 2.222 2.425 2.305 2.329 2.623 2.628 3.851 3.843 0.819 0.821 0.687 0.643 0.601 0.592 0.565 0.560 0.548 0.527 0.499 0.480 0.460 0.433 0.423 0.402 0.386 0.368 0.361 0.336 0.330 0.314 0.308 0.289 0.280 0.270 0.260 0.250 0.241 0.231 0.220 0.210 0.199 0.189 0.178 0.166 0.155 0.144 0.132 0.120 0.107 0.095 0.001 0.001 0.001 0.001 0.001 0.001 0.001 0.001 0.001 0.001 0.001 0.001 0.001 0.001
3.871 3.522 3.091 2.575 2.418 2.329 2.538 2.560 2.610 2.626 3.850 3.843 0.806 0.697 0.679 0.607 0.585 0.559 0.537 0.532 0.529 0.485 0.478 0.456 0.480 0.397 0.389 0.378 0.360 0.362 0.336 0.322 0.309 0.296 0.286 0.277 0.267 0.257 0.248 0.238 0.227 0.217 0.206 0.196 0.185 0.173 0.162 0.151 0.138 0.125 0.111 0.097 0.001 0.001 0.001 0.001 0.001 0.001 0.001 0.001 0.001 0.001 0.001 0.001 0.001 0.001 0.001
3.888 3.986 3.593 3.236 3.079 2.862 2.558 2.587 2.608 2.667 2.878 3.843 0.918 0.861 0.683 0.618 0.790 0.620 0.531 0.499 0.488 0.479 0.455 0.425 0.412 0.405 0.376 0.368 0.352 0.340 0.332 0.317 0.302 0.293 0.283 0.273 0.264 0.254 0.245 0.234 0.224 0.214 0.203 0.192 0.181 0.170 0.158 0.146 0.133 0.120 0.108 0.096 0.001 0.001 0.001 0.001 0.001 0.001 0.001 0.001 0.001 0.001 0.001 0.001 0.001 0.001 0.001
3.907 3.984 3.965 3.587 3.483 3.397 3.324 2.910 2.626 2.655 3.630 3.845 1.333 1.111 0.744 0.675 0.584 0.574 0.543 0.516 0.481 0.474 0.445 0.440 0.431 0.407 0.374 0.359 0.346 0.341 0.324 0.309 0.299 0.290 0.280 0.271 0.261 0.252 0.242 0.232 0.221 0.211 0.200 0.189 0.178 0.166 0.154 0.141 0.127 0.112 0.098 0.001 0.001 0.001 0.001 0.001 0.001 0.001 0.001 0.001 0.001 0.001 0.001 0.001 0.001 0.001 0.001
4.189 3.998 3.984 3.989 3.530 3.409 3.628 3.980 2.921 2.885 3.402 3.840 1.441 1.345 1.165 0.693 0.603 0.555 0.540 0.557 0.476 0.468 0.437 0.418 0.402 0.384 0.376 0.347 0.339 0.331 0.335 0.305 0.296 0.287 0.278 0.268 0.258 0.249 0.239 0.229 0.219 0.208 0.197 0.186 0.174 0.163 0.151 0.138 0.126 0.112 0.098 0.001 0.001 0.001 0.001 0.001 0.001 0.001 0.001 0.001 0.001 0.001 0.001 0.001 0.001 0.001 0.001
-9999.000 4.136 4.075 4.003 -9999.000 3.592 3.528 3.513 3.494 3.402 3.457 3.852 3.842 1.375 1.336 0.906 0.570 0.554 0.516 0.514 0.563 0.473 0.437 0.428 0.418 0.407 0.368 0.358 0.331 0.324 0.316 0.303 0.294 0.284 0.275 0.265 0.256 0.246 0.236 0.226 0.216 0.205 0.195 0.183 0.172 0.159 0.147 0.134 0.121 0.109 0.097 0.001 0.001 0.001 0.001 0.001 0.001 0.001 0.001 0.001 0.001 0.001 0.001 0.001 0.001 0.001 0.001
-9999.000 -9999.000 -9999.000 3.702 3.637 3.613 3.849 3.529 4.068 3.616 3.516 3.891 3.865 3.841 0.757 0.718 0.723 0.517 0.509 0.502 0.489 0.460 0.450 0.428 0.387 0.381 0.361 0.343 0.330 0.324 0.309 0.300 0.291 0.281 0.272 0.263 0.253 0.243 0.233 0.224 0.213 0.203 0.192 0.180 0.169 0.157 0.143 0.128 0.113 0.098 0.001 0.001 0.001 0.001 0.001 0.001 0.001 0.001 0.001 0.001 0.001 0.001 0.001 0.001 0.001 0.001 0.001
-9999.000 4.099 4.087 -9999.000 3.665 3.637 3.863 3.844 3.867 4.090 3.989 3.912 4.031 3.845 0.671 0.552 0.543 0.511 0.506 0.495 0.488 0.474 0.452 0.443 0.417 0.390 0.350 0.336 0.326 0.319 0.306 0.297 0.288 0.279 0.269 0.260 0.250 0.241 0.231 0.221 0.210 0.200 0.189 0.178 0.167 0.155 0.142 0.128 0.113 0.098 0.001 0.001 0.001 0.001 0.001 0.001 0.001 0.001 0.001 0.001 0.001 0.001 0.001 0.001 0.001 0.001 0.001
-9999.000 4.075 4.067 -9999.000 -9999.000 3.673 3.881 3.869 3.894 4.063 4.040 3.938 3.863 3.845 0.733 0.546 0.513 0.507 0.493 0.486 0.477 0.465 0.444 0.433 0.427 0.384 0.366 0.347 0.331 0.323 0.309 0.294 0.285 0.276 0.267 0.257 0.248 0.238 0.228 0.218 0.207 0.197 0.186 0.176 0.164 0.153 0.141 0.128 0.113 0.099 0.001 0.001 0.001 0.001 0.001 0.001 0.001 0.001 0.001 0.001 0.001 0.001 0.001 0.001 0.001 0.001 0.001
3.419 3.444 3.521 -9999.000 4.155 4.065 3.903 3.900 4.125 4.108 4.077 3.956 3.889 -9999.000 1.168 0.607 0.513 0.505 0.480 0.472 0.470 0.457 0.449 0.425 0.396 0.388 0.368 0.351 0.334 0.317 0.301 0.293 0.284 0.276 0.264 0.255 0.245 0.235 0.225 0.215 0.205 0.194 0.183 0.172 0.161 0.150 0.139 0.127 0.113 0.099 0.001 0.001 0.001 0.001 0.001 0.001 0.001 0.001 0.001 0.001 0.001 0.001 0.001 0.001 0.001 0.001 0.001
3.321 3.365 3.467 3.500 -9999.000 4.065 -9999.000 4.076 4.093 -9999.000 -9999.000 4.017 4.025 -9999.000 1.216 0.786 0.565 0.484 0.478 0.464 0.466 0.443 0.436 0.411 0.403 0.393 0.376 0.412 0.337 0.318 0.311 0.289 0.282 0.270 0.261 0.252 0.242 0.233 0.223 0.212 0.202 0.191 0.180 0.169 0.158 0.146 0.134 0.122 0.110 0.098 0.001 0.001 0.001 0.001 0.001 0.001 0.001 0.001 0.001 0.001 0.001 0.001 0.001 0.001 0.001 0.001 0.001
3.224 3.244 3.397 3.442 3.480 4.045 4.066 4.102 -9999.000 -9999.000 -9999.000 4.121 -9999.000 -9999.000 1.307 0.899 0.658 0.478 0.456 0.449 0.444 0.446 0.433 0.420 0.412 0.386 0.371 0.349 0.408 0.319 0.294 0.285 0.277 0.268 0.258 0.249 0.240 0.230 0.220 0.209 0.199 0.187 0.176 0.165 0.153 0.141 0.128 0.114 0.099 0.001 0.001 0.001 0.001 0.001 0.001 0.001 0.001 0.001 0.001 0.001 0.001 0.001 0.001 0.001 0.001 0.001 0.001
3.218 3.222 3.242 3.269 3.450 3.496 4.053 -9999.000 4.063 -9999.000 -9999.000 -9999.000 -9999.000 3.347 1.178 0.681 0.626 0.565 0.459 0.436 0.424 0.430 0.435 0.418 0.407 0.388 0.352 0.344 0.322 0.314 0.292 0.283 0.273 0.265 0.256 0.247 0.237 0.227 0.217 0.206 0.196 0.184 0.173 0.161 0.148 0.136 0.123 0.110 0.098 0.001 0.001 0.001 0.001 0.001 0.001 0.001 0.001 0.001 0.001 0.001 0.001 0.001 0.001 0.001 0.001 0.001 0.001
