includes/lisflood-fp-604/results/res.max
ncols         631
nrows         906
xllcorner     364927.146667
yllcorner     6531972.565556
cellsize      20.000000
NODATA_value  -9999.000000
[rows 816 to 849 of 906, columns 385 to 461 of 631]
1.840 1.738 1.836 2.134 2.182 2.250 2.489 2.307 2.505 1.784 0.822 1.300 1.011 2.252 2.002 2.232 1.892 2.612 2.671 2.681 2.770 1.649 2.549 2.598 2.197 2.236 2.445 2.514 2.573 2.492 2.201 2.150 2.599 2.328 2.227 2.176 2.495 2.284 2.813 2.381 2.520 2.649 2.388 2.427 2.895 2.294 2.453 2.981 3.230 3.319 3.288 2.327 2.945 2.474 0.983 0.982 0.980 3.856 3.805 3.794 3.823 3.801 3.820 4.019 3.868 3.977 3.756 3.984 3.953 4.022 3.881 3.980 3.979 3.967 3.986 4.215 4.123
1.578 1.736 1.774 1.902 1.891 2.349 2.357 2.635 2.394 1.142 1.310 1.179 1.190 1.411 2.611 1.871 2.031 2.211 2.591 2.290 2.079 2.599 2.468 2.507 2.556 2.456 2.375 2.404 3.043 3.232 3.220 3.119 2.728 2.607 2.816 2.755 2.774 2.363 2.252 2.311 2.110 2.319 2.557 2.866 2.575 2.604 2.432 2.861 2.600 2.519 3.058 2.526 2.585 0.984 0.982 3.709 3.598 3.856 3.695 3.614 3.733 3.871 3.930 4.059 3.928 3.857 3.846 3.965 4.093 4.202 4.021 4.070 4.109 3.947 4.276 4.285 4.253
1.657 1.755 1.943 2.031 2.429 2.478 2.196 2.434 2.632 2.830 1.048 1.287 2.569 1.929 2.230 2.070 2.061 2.610 2.380 2.519 2.209 2.338 2.038 2.417 2.526 2.685 2.425 2.674 1.253 0.191 1.849 2.929 2.608 2.657 2.596 1.945 2.074 1.583 1.652 1.540 1.509 1.398 1.177 1.565 1.404 2.133 2.512 2.791 2.760 2.918 2.787 3.196 0.985 0.983 4.080 3.979 3.808 4.086 3.945 3.864 3.883 4.032 4.010 3.829 3.938 4.097 3.896 3.895 4.053 4.032 3.981 4.080 4.099 4.237 4.466 4.475 4.213
1.625 2.133 2.301 2.210 2.138 2.256 2.384 2.382 2.471 2.649 2.887 2.795 1.698 2.469 1.919 2.350 2.470 2.610 2.589 2.529 2.558 2.488 2.357 1.856 2.435 2.725 0.654 0.273 1.111 3.270 2.999 2.908 2.907 3.086 3.096 2.074 2.013 2.772 2.861 2.850 2.848 2.827 2.846 2.815 2.874 2.883 2.871 2.830 2.959 2.868 2.687 0.986 0.984 3.971 4.040 4.049 3.867 4.006 3.935 4.044 3.863 3.981 3.820 3.959 4.098 3.967 3.976 4.055 4.224 4.082 4.281 4.280 4.409 4.347 4.386 4.665 4.494
1.864 1.262 2.140 2.128 2.037 1.895 2.263 2.401 2.649 2.387 2.346 1.915 2.258 2.248 2.449 2.589 2.199 2.519 2.769 2.668 2.568 2.477 2.486 2.586 1.735 1.894 2.363 2.542 2.021 2.999 2.959 2.748 3.057 2.896 3.105 2.454 2.813 2.432 1.690 2.329 2.768 2.707 2.756 2.824 2.893 2.902 2.911 2.950 2.899 2.918 2.796 0.985 3.862 4.021 3.870 3.828 3.947 3.866 4.265 3.964 3.953 3.921 3.990 4.019 4.228 4.107 4.116 4.075 4.203 4.282 4.241 4.390 4.289 4.488 4.546 4.615 4.654
1.192 1.290 2.068 1.847 2.095 2.154 2.102 2.260 2.408 2.517 2.116 1.756 2.087 2.518 2.498 2.529 2.669 2.629 2.628 2.508 2.617 2.607 2.606 2.466 2.015 2.534 2.673 2.301 2.270 1.509 3.008 2.947 3.086 2.825 2.464 2.743 2.672 2.501 2.390 2.229 2.927 2.766 2.715 2.824 2.893 2.952 2.941 2.860 2.838 2.887 0.986 0.984 4.241 4.030 3.729 3.948 3.947 3.896 3.925 3.814 3.933 3.981 3.720 4.149 4.148 4.177 4.146 4.215 4.223 4.502 4.451 4.340 4.519 4.548 4.586 4.675 4.584
1.760 1.879 1.827 1.806 1.864 1.913 2.031 2.149 1.948 2.177 1.986 1.987 1.987 2.038 2.428 2.608 2.388 2.598 2.608 2.737 2.757 2.706 2.666 3.155 2.454 2.253 2.352 2.281 2.870 2.599 1.398 2.697 3.056 2.945 3.024 2.703 2.732 2.061 2.779 2.728 3.017 2.896 2.795 2.824 2.873 2.972 2.980 2.299 2.958 0.987 0.985 4.212 4.091 4.100 4.049 3.798 3.907 3.856 3.875 3.914 3.983 4.171 4.110 4.089 4.358 4.167 4.216 4.575 4.403 4.523 4.431 4.460 4.679 4.498 4.676 4.565 4.674
1.619 1.707 2.056 2.044 2.103 1.782 2.000 1.799 1.818 1.457 1.967 2.297 2.007 2.277 2.468 2.568 2.638 2.678 2.757 2.577 2.757 2.796 2.586 1.695 1.814 1.802 2.551 2.740 2.809 2.859 2.487 1.926 3.115 3.144 2.643 2.782 2.741 2.420 2.769 2.648 3.157 3.036 2.924 2.863 2.922 2.901 2.080 2.928 0.988 0.986 4.283 4.182 4.121 3.960 3.929 4.068 3.887 4.076 4.065 3.874 3.972 4.031 4.170 4.199 4.378 4.287 4.426 4.615 4.464 4.593 4.611 4.580 4.589 4.678 4.626 4.675 4.674
1.428 1.586 1.925 1.913 1.942 1.751 1.699 1.798 1.728 2.358 2.137 2.297 2.347 2.537 2.487 2.567 2.687 2.717 2.617 2.837 2.826 2.256 2.705 1.964 2.043 2.852 2.681 2.850 2.829 2.598 2.437 2.626 2.185 2.674 2.583 2.352 3.041 2.960 2.719 2.767 2.906 3.175 3.064 2.943 2.972 2.171 2.929 0.988 0.987 4.064 4.173 4.102 3.971 3.940 3.909 4.108 4.047 4.116 3.974 4.123 4.072 4.231 4.500 4.399 4.588 4.607 9.686 4.685 4.614 4.562 4.641 4.680 4.679 4.678 4.676 4.675 4.674
1.447 1.695 1.764 1.842 1.911 2.010 1.949 1.828 2.078 2.267 2.437 2.457 2.487 2.627 2.577 2.577 2.647 2.626 2.686 2.656 2.586 2.656 1.605 2.163 2.252 2.521 2.690 2.769 2.768 2.787 2.957 2.185 2.634 2.733 2.942 2.931 2.980 2.689 2.318 2.877 2.876 2.905 2.844 3.062 2.571 2.930 0.989 0.988 3.895 4.324 4.223 3.982 3.941 3.720 3.838 4.007 3.976 4.025 3.864 4.073 4.372 4.591 4.640 4.689 4.668 4.687 4.686 4.685 4.673 4.682 4.681 4.680 4.679 4.677 4.676 4.675 4.674
1.356 1.554 1.833 1.922 2.040 1.799 1.698 1.817 1.907 2.197 1.967 2.326 2.546 2.326 2.446 2.546 2.556 2.536 2.636 2.666 2.596 2.505 1.594 2.213 2.212 2.651 2.680 2.629 2.778 2.807 2.546 2.615 2.574 2.613 2.622 2.671 2.900 2.799 2.868 2.837 2.695 2.914 2.853 2.782 2.971 2.879 0.989 4.055 4.624 3.993 4.162 4.121 3.950 3.979 3.738 4.107 4.126 3.925 4.124 4.383 4.502 4.581 4.680 4.689 4.688 4.687 4.686 4.684 4.683 4.682 4.681 4.680 4.679 4.677 4.676 4.675 4.674
0.444 1.093 1.222 1.381 1.449 1.438 1.337 1.777 1.687 2.176 2.206 2.326 2.406 2.446 2.456 2.616 2.556 2.596 2.646 2.576 2.495 2.884 1.793 2.232 2.481 2.540 2.629 2.718 2.747 2.467 2.476 2.814 2.563 2.652 3.071 3.420 2.899 2.808 2.857 2.906 2.635 2.304 2.933 3.001 2.990 0.989 0.988 4.555 4.204 4.193 4.212 4.241 4.000 3.819 3.748 4.087 4.176 4.015 4.264 4.613 4.582 4.691 4.690 4.689 4.688 4.686 4.685 4.684 4.683 4.682 4.681 4.680 4.679 4.677 4.676 4.675 4.674
0.883 1.102 1.181 1.270 1.569 0.998 1.747 1.747 1.916 2.216 2.236 2.096 2.325 2.215 2.525 2.435 2.445 2.585 2.555 2.595 2.495 1.444 1.813 2.262 2.611 2.600 2.719 2.728 2.347 2.696 2.815 2.604 3.193 3.392 3.391 3.320 2.679 2.808 2.827 2.756 2.914 2.983 1.782 2.901 0.990 0.988 4.706 4.445 4.144 4.103 4.222 4.161 3.900 4.029 3.988 4.147 4.256 4.185 4.574 4.663 4.672 9.691 4.689 4.689 4.687 4.686 4.685 4.684 4.683 4.682 4.681 4.680 4.678 4.677 4.676 4.675 4.674
0.482 0.631 0.900 0.989 0.898 1.287 1.526 1.736 1.926 1.925 2.095 2.325 2.305 2.255 2.355 2.505 2.485 2.575 2.495 2.445 2.584 2.253 2.092 2.041 2.000 2.679 2.808 2.387 2.636 2.245 3.334 3.303 3.432 3.391 3.330 3.069 2.948 2.747 2.666 2.675 2.904 1.803 2.941 0.991 0.989 4.336 4.385 4.254 4.234 4.083 4.082 4.211 3.860 4.129 3.978 4.236 4.395 4.454 4.543 4.692 4.691 4.690 4.689 4.688 4.687 4.686 4.685 4.684 4.683 4.682 4.681 4.679 4.678 4.677 4.676 4.675 9.673
0.212 0.431 0.559 1.028 0.907 1.186 0.976 1.266 1.595 1.665 1.935 2.085 2.365 2.395 2.284 2.394 2.204 2.364 2.025 2.204 1.573 2.082 1.981 2.300 2.389 2.388 2.447 2.697 3.226 3.155 3.114 2.393 3.112 3.051 2.940 2.969 2.918 2.727 2.525 2.764 2.983 3.012 0.991 0.990 4.127 4.706 4.325 4.444 4.193 4.442 4.051 4.290 4.089 4.178 4.057 4.206 4.235 4.564 4.693 4.692 4.691 4.690 4.689 4.688 4.687 4.686 4.685 4.684 4.683 4.682 4.680 4.679 4.678 9.677 9.676 9.675 9.674
0.000 0.000 0.259 0.577 1.006 0.625 0.605 1.065 1.175 1.205 1.935 2.055 2.154 2.424 2.224 2.424 2.114 2.214 2.374 2.343 1.832 2.031 1.921 2.200 2.439 2.298 2.597 2.196 3.075 3.254 1.983 3.152 3.041 3.180 2.929 2.948 2.937 2.766 2.875 2.924 2.973 0.992 0.990 3.538 4.116 4.625 4.475 4.544 4.373 4.402 4.281 4.220 4.239 4.158 4.297 4.436 4.525 4.694 4.693 4.692 4.691 4.690 4.689 4.688 4.687 4.686 4.685 4.684 4.683 4.681 9.680 9.679 9.678 9.677 9.676 9.675 9.674
0.000 0.000 0.000 0.176 0.845 0.525 0.575 1.235 1.015 1.305 1.744 1.964 2.324 2.054 2.304 2.303 1.794 1.844 2.393 2.023 1.902 1.871 2.590 2.229 2.598 2.337 2.626 2.855 3.094 2.653 3.242 3.222 3.271 3.240 3.129 2.858 2.917 2.785 2.914 2.443 2.962 0.991 3.288 4.467 4.306 4.705 4.634 4.394 4.303 4.492 4.391 4.300 4.399 4.428 4.547 4.556 4.695 4.694 4.693 4.692 4.691 4.690 4.689 4.688 4.687 4.686 9.684 9.683 9.682 9.681 9.680 9.679 9.678 9.677 9.676 9.675 9.674
0.000 0.000 0.000 0.295 0.275 0.775 0.885 1.325 1.214 1.394 1.694 1.974 2.264 2.164 2.173 2.143 2.173 2.073 2.223 1.642 1.941 1.810 2.429 2.138 2.637 2.716 2.656 2.115 3.094 2.963 3.082 3.161 3.180 3.159 3.128 3.007 2.876 2.745 2.924 3.002 0.992 0.990 4.057 4.397 4.706 4.675 4.704 4.423 4.372 4.481 4.540 4.539 4.678 4.697 4.697 4.696 4.695 4.693 4.693 4.692 4.691 4.690 4.689 4.688 4.686 9.685 9.684 9.683 9.682 9.681 9.680 9.679 9.678 9.677 9.676 9.675 9.674
0.000 0.000 0.000 0.236 0.265 0.865 1.044 1.144 1.064 1.224 1.684 1.904 2.154 2.263 2.043 2.083 2.123 2.263 3.522 1.491 1.580 2.089 2.179 2.548 2.527 2.656 2.635 1.854 3.133 3.222 3.311 3.140 3.159 3.078 3.047 3.006 2.885 2.904 2.953 0.992 0.991 3.688 9.707 4.706 4.705 9.705 4.704 4.703 4.632 4.651 4.680 4.699 4.448 4.697 4.696 4.695 4.694 4.693 4.692 4.691 4.690 4.689 4.688 9.687 9.686 9.685 9.684 9.683 9.682 9.681 9.680 9.679 9.678 9.677 9.676 9.675 9.674
0.915 0.000 0.000 0.000 0.000 0.684 0.764 0.644 0.974 1.484 2.074 2.074 1.993 2.173 2.333 2.163 2.363 2.322 3.152 1.631 1.470 1.999 2.198 2.447 2.506 2.665 2.664 2.663 2.432 2.382 2.971 3.120 3.109 3.068 2.987 2.926 2.384 2.933 0.993 0.991 3.629 4.218 4.707 4.706 4.705 4.704 4.623 4.653 4.702 4.701 4.700 4.599 4.668 4.697 4.696 4.695 4.694 4.693 4.692 4.691 9.690 9.689 9.688 9.687 9.686 9.685 9.685 9.683 9.682 9.682 9.680 9.679 9.678 9.677 9.676 9.675 9.674
1.335 0.555 0.000 0.000 0.632 0.752 0.583 0.674 0.864 1.824 1.803 2.223 1.913 2.033 2.122 2.072 2.412 2.202 2.311 1.540 1.679 2.278 2.138 2.357 1.946 2.515 2.644 2.903 2.992 2.431 2.820 2.919 3.008 3.017 2.956 2.895 2.904 0.993 0.992 3.179 3.888 4.207 4.706 4.706 4.705 4.704 4.703 4.702 4.701 4.700 4.700 4.699 4.698 4.697 4.696 4.695 4.694 4.693 9.692 9.691 9.690 9.689 9.688 9.687 9.687 9.686 9.685 9.684 9.683 9.682 9.681 9.680 9.679 9.678 9.677 9.676 9.675
1.035 0.965 0.068 0.185 1.471 1.222 0.523 0.834 1.454 1.743 1.803 2.683 1.943 1.862 1.782 1.562 1.942 2.251 2.180 1.709 2.199 2.188 1.797 2.336 1.885 2.794 2.453 2.722 2.781 2.750 2.659 2.638 2.797 2.886 2.905 2.794 2.893 0.992 3.029 3.888 3.998 4.287 4.706 4.705 4.704 4.704 4.703 4.702 4.701 4.670 4.699 4.698 4.697 4.697 4.695 4.695 4.694 9.693 9.692 9.691 9.690 9.689 9.688 9.688 9.687 9.686 9.685 9.684 9.683 9.682 9.681 9.680 9.679 9.678 9.677 9.676 9.675
0.875 0.915 0.087 0.754 0.667 0.931 0.983 1.063 1.293 1.503 1.823 1.883 2.162 2.132 2.302 2.201 2.101 2.240 2.100 1.629 2.038 1.577 1.536 2.285 2.394 2.603 2.072 2.331 2.100 2.699 2.719 2.908 2.887 2.845 2.794 2.903 0.993 0.991 3.749 4.128 4.537 4.686 4.706 4.705 4.704 4.703 4.702 4.701 4.701 4.700 4.699 4.698 4.697 4.696 4.695 9.694 9.693 9.693 9.692 9.691 9.690 9.689 9.689 9.688 9.687 9.686 9.685 9.684 9.683 9.682 9.681 9.680 9.679 9.678 9.677 9.676 9.675
0.475 0.845 0.389 0.598 1.268 1.071 1.013 1.393 1.733 1.893 2.163 2.102 1.812 2.142 2.161 2.011 2.360 2.160 2.439 1.748 1.897 1.967 1.496 2.485 2.224 2.053 2.212 2.611 2.670 2.659 2.888 2.237 2.936 2.255 2.923 0.993 0.992 3.469 4.048 4.227 4.647 4.706 4.705 4.704 4.704 4.703 4.702 4.701 4.700 4.699 4.699 4.698 4.697 9.696 9.695 9.694 9.693 9.693 9.692 9.691 9.690 9.689 9.689 9.688 9.687 9.686 9.685 9.684 9.683 9.682 9.681 9.680 9.679 9.678 9.677 9.676 9.675
0.585 0.445 0.167 0.000 1.161 0.822 1.133 1.353 1.543 1.993 2.002 1.902 1.982 2.041 2.201 2.320 2.290 2.339 2.249 3.078 1.937 2.026 2.465 2.854 2.513 2.692 2.421 2.240 2.509 2.758 2.507 2.696 2.585 2.894 0.993 0.992 3.539 4.088 4.498 4.707 4.706 4.705 4.705 4.704 4.703 4.702 4.702 4.701 4.700 4.699 4.698 9.697 9.697 9.696 9.695 9.694 9.693 9.693 9.692 9.691 9.690 9.690 9.689 9.688 9.687 9.686 9.685 9.684 9.683 9.682 9.681 9.680 9.679 9.678 9.677 9.676 9.675
0.000 0.000 0.000 0.000 0.973 0.763 0.923 1.393 1.443 1.782 2.012 1.802 2.131 2.041 2.060 2.110 2.239 2.129 2.078 2.247 1.556 2.045 2.634 2.363 2.042 1.791 2.040 2.129 2.568 2.517 2.856 2.835 2.514 0.994 0.992 3.170 4.009 4.198 4.707 4.706 4.706 4.705 4.704 4.703 4.703 4.702 4.701 4.701 4.700 9.699 9.698 9.697 9.697 9.696 9.695 9.694 9.693 9.693 9.692 9.691 9.690 9.690 9.689 9.688 9.687 9.686 9.685 9.684 9.683 9.682 9.681 9.680 9.679 9.678 9.677 9.676 9.675
0.000 0.000 0.000 0.000 1.383 0.913 0.903 1.433 1.682 1.762 1.942 2.051 2.441 1.870 2.250 1.929 2.339 2.338 2.198 2.237 1.496 2.575 1.434 2.503 1.832 1.921 1.880 2.578 2.607 2.616 2.575 2.744 0.994 0.993 3.100 3.869 4.218 4.627 4.707 4.706 4.705 9.704 9.704 4.703 4.702 9.702 9.701 9.700 9.700 9.699 9.698 9.697 9.697 9.696 9.695 9.694 9.694 9.693 9.692 9.691 9.690 9.690 9.689 9.688 9.687 9.686 9.685 9.684 9.683 9.682 9.681 9.680 9.679 9.678 9.677 9.676 9.675
0.000 0.000 0.000 0.353 1.193 0.963 1.183 1.222 1.652 1.782 1.981 2.001 2.341 2.090 2.210 2.179 2.189 2.318 2.457 2.356 1.405 1.914 1.803 1.922 1.981 1.930 1.879 2.088 2.437 2.696 2.215 3.004 0.993 3.150 3.909 3.898 4.348 9.707 4.706 4.705 4.705 4.704 9.703 9.703 9.702 9.701 9.701 9.700 9.699 9.699 9.698 9.697 9.697 9.696 9.695 9.694 9.694 9.693 9.692 9.691 9.690 9.690 9.689 9.688 9.687 9.686 9.685 9.684 9.683 9.683 9.681 9.681 9.680 9.678 9.678 9.677 9.676
0.000 0.000 0.000 0.484 0.593 0.763 0.892 1.492 1.692 1.811 2.001 2.131 2.090 2.130 2.079 2.319 2.398 2.338 2.177 2.186 1.685 1.704 2.153 1.602 1.590 1.709 2.288 2.197 2.296 2.265 2.684 0.994 0.992 3.919 4.198 4.138 4.707 4.706 4.706 4.705 4.704 9.704 9.703 9.702 9.702 9.701 9.701 9.700 9.699 9.699 9.698 9.697 9.697 9.696 9.695 9.694 9.694 9.693 9.692 9.691 9.690 9.690 9.689 9.688 9.687 9.686 9.685 9.685 9.684 9.683 9.682 9.681 9.680 9.679 9.678 9.677 9.676
0.000 0.000 0.000 0.114 0.723 0.802 1.232 1.452 1.791 1.811 1.891 1.980 1.970 2.150 2.079 2.369 2.338 2.277 2.436 2.175 2.714 1.753 1.812 2.101 2.340 2.489 2.458 2.647 2.435 2.114 0.994 0.992 3.519 4.109 4.238 4.627 4.707 4.706 4.705 4.705 9.704 9.703 9.703 9.702 9.702 9.701 9.701 9.700 9.699 9.699 9.698 9.697 9.697 9.696 9.695 9.694 9.694 9.693 9.692 9.691 9.691 9.690 9.689 9.688 9.687 9.686 9.685 9.685 9.684 9.683 9.682 9.681 9.680 9.679 9.678 9.677 9.676
0.000 0.000 0.000 0.000 0.742 1.022 1.272 1.571 1.711 1.731 2.010 1.790 1.680 2.149 2.069 2.258 2.328 2.247 2.336 2.185 2.074 1.833 1.602 2.290 2.389 2.688 2.607 2.746 2.515 0.994 0.993 3.270 3.879 4.108 4.557 4.707 4.706 4.705 4.705 9.704 9.704 9.703 9.703 9.702 9.702 9.701 9.700 9.700 9.699 9.699 9.698 9.697 9.697 9.696 9.695 9.694 9.694 9.693 9.692 9.691 9.691 9.690 9.689 9.688 9.687 9.686 9.686 9.685 9.684 9.683 9.682 9.681 9.680 9.679 9.678 9.677 9.676
0.000 0.000 0.000 0.000 0.762 1.262 1.021 1.441 1.731 1.830 1.930 2.230 2.159 2.039 2.089 2.378 2.117 2.286 2.256 2.285 2.824 2.012 2.421 2.390 2.549 2.538 2.467 2.566 0.794 0.792 3.269 4.289 4.358 4.707 4.707 4.706 4.706 9.705 9.704 9.704 9.704 9.703 9.703 9.702 9.702 9.701 9.700 9.700 9.699 9.699 9.698 9.697 9.697 9.696 9.695 9.694 9.694 9.693 9.692 9.691 9.691 9.690 9.689 9.688 9.687 9.687 9.686 9.685 9.684 9.683 9.682 9.681 9.680 9.679 9.678 9.677 9.676
0.000 0.000 0.000 0.038 0.552 1.251 0.901 1.471 1.920 1.540 1.860 2.329 2.209 2.529 2.178 2.188 2.467 2.296 2.315 2.324 2.453 1.152 2.480 2.539 2.708 2.847 2.726 0.795 0.792 3.079 3.839 4.358 4.618 4.707 4.706 4.706 9.705 9.705 9.704 9.704 9.703 9.703 9.702 9.702 9.701 9.701 9.700 9.700 9.699 9.698 9.698 9.697 9.696 9.696 9.695 9.694 9.694 9.693 9.692 9.691 9.691 9.690 9.689 9.688 9.687 9.687 9.686 9.685 9.684 9.683 9.682 9.681 9.680 9.679 9.678 9.677 9.676
0.000 0.000 0.000 0.000 0.831 0.921 0.971 1.560 1.900 1.990 1.819 2.059 2.029 2.199 2.278 2.337 2.447 2.576 2.605 2.614 2.583 1.392 2.580 2.439 2.378 2.617 0.795 0.793 3.259 4.099 4.488 4.708 4.707 4.706 9.706 9.705 9.705 9.705 9.704 9.704 9.703 9.703 9.702 9.702 9.701 9.701 9.700 9.700 9.699 9.698 9.698 9.697 9.696 9.696 9.695 9.694 9.694 9.693 9.692 9.691 9.691 9.690 9.689 9.688 9.688 9.687 9.686 9.685 9.684 9.683 9.682 9.681 9.680 9.679 9.678 9.677 9.676
