includes/lisflood-fp-604/results/res.maxtm
ncols         631
nrows         906
xllcorner     364927.146667
yllcorner     6531972.565556
cellsize      20.000000
NODATA_value  -9999.000000
[rows 203 to 231 of 906, columns 268 to 334 of 631]
-9999.000 -9999.000 -9999.000 -9999.000 -9999.000 -9999.000 -9999.000 -9999.000 -9999.000 -9999.000 -9999.000 -9999.000 -9999.000 4.794 4.716 4.723 -9999.000 4.538 4.544 4.542 4.540 4.540 4.539 4.538 4.537 4.536 4.536 4.537 4.536 4.535 4.532 4.530 4.528 4.526 4.525 4.523 4.518 4.519 4.519 4.519 4.518 4.517 4.516 4.515 4.510 4.509 4.509 4.508 4.507 4.502 4.501 4.500 4.500 4.499 4.497 4.496 4.495 4.493 4.492 4.489 4.481 4.480 4.479 4.478 4.475 4.474 4.473
-9999.000 -9999.000 -9999.000 -9999.000 -9999.000 -9999.000 -9999.000 -9999.000 -9999.000 -9999.000 -9999.000 -9999.000 4.709 -9999.000 4.692 4.650 4.552 4.546 4.544 4.542 4.541 4.541 4.540 4.538 4.538 4.538 4.537 4.537 4.536 4.535 4.533 4.531 4.528 4.527 4.526 4.524 4.523 4.522 4.521 4.519 4.519 4.518 4.516 4.513 4.512 4.511 4.509 4.509 4.507 4.505 4.502 4.501 4.501 4.499 4.498 4.496 4.495 4.494 4.492 4.489 4.481 4.480 4.479 4.477 4.475 4.474 4.473
-9999.000 -9999.000 -9999.000 -9999.000 -9999.000 -9999.000 -9999.000 -9999.000 -9999.000 -9999.000 -9999.000 -9999.000 4.708 4.703 4.661 4.583 4.555 4.547 4.544 4.542 4.541 4.540 4.539 4.539 4.538 4.538 4.538 4.538 4.538 4.536 4.534 4.532 4.529 4.527 4.526 4.525 4.524 4.522 4.521 4.520 4.519 4.518 4.516 4.514 4.512 4.511 4.511 4.509 4.508 4.506 4.504 4.502 4.502 4.501 4.500 4.497 4.495 4.494 4.492 4.488 4.483 4.480 4.480 4.476 4.475 4.474 4.473
-9999.000 -9999.000 -9999.000 -9999.000 -9999.000 -9999.000 -9999.000 -9999.000 -9999.000 -9999.000 -9999.000 -9999.000 4.708 4.701 4.649 4.578 4.554 4.548 4.544 4.542 4.541 4.540 4.539 4.541 4.541 4.540 4.540 4.539 4.538 4.537 4.535 4.533 4.530 4.529 4.527 4.525 4.524 4.522 4.521 4.520 4.519 4.518 4.517 4.515 4.513 4.511 4.510 4.509 4.508 4.506 4.504 4.503 4.502 4.502 4.500 4.498 4.496 4.495 4.492 4.487 4.484 4.484 4.483 4.482 4.481 4.473 4.472
-9999.000 -9999.000 -9999.000 -9999.000 -9999.000 -9999.000 -9999.000 -9999.000 -9999.000 -9999.000 -9999.000 -9999.000 -9999.000 -9999.000 4.577 4.571 4.564 4.548 4.546 4.544 4.542 4.541 4.545 4.544 4.543 4.542 4.541 4.540 4.539 4.538 4.536 4.534 4.531 4.530 4.529 4.527 4.525 4.524 4.522 4.521 4.520 4.518 4.517 4.516 4.514 4.512 4.511 4.509 4.508 4.507 4.505 4.504 4.502 4.502 4.501 4.500 4.498 4.496 4.495 4.489 4.486 4.484 4.483 4.482 4.481 4.479 4.478
-9999.000 -9999.000 -9999.000 -9999.000 -9999.000 -9999.000 -9999.000 -9999.000 -9999.000 -9999.000 -9999.000 -9999.000 -9999.000 4.577 4.573 4.569 4.565 4.549 4.547 4.546 4.550 4.549 4.548 4.546 4.544 4.544 4.543 4.541 4.541 4.540 4.539 4.538 4.531 4.530 4.529 4.527 4.526 4.524 4.523 4.521 4.520 4.519 4.517 4.516 4.515 4.514 4.513 4.511 4.510 4.509 4.507 4.505 4.504 4.502 4.501 4.500 4.499 4.499 4.498 4.490 4.486 4.484 4.484 4.482 4.482 4.480 4.478
-9999.000 -9999.000 -9999.000 -9999.000 5.093 5.260 8.787 4.955 -9999.000 -9999.000 -9999.000 -9999.000 4.581 4.578 4.571 4.569 4.565 4.560 4.557 4.555 4.554 4.554 4.552 4.551 4.550 4.548 4.547 4.546 4.544 4.541 4.540 4.539 4.538 4.531 4.529 4.527 4.526 4.524 4.523 4.522 4.521 4.520 4.518 4.517 4.515 4.514 4.513 4.512 4.511 4.509 4.507 4.507 4.506 4.505 4.503 4.500 4.500 4.500 4.498 4.497 4.487 4.486 4.484 4.483 4.482 4.480 4.480
-9999.000 12.056 12.056 4.995 4.965 -9999.000 5.243 4.957 4.868 -9999.000 4.672 4.583 4.579 4.576 4.571 4.569 4.565 4.561 4.558 4.556 4.556 4.554 4.552 4.551 4.550 4.549 4.548 4.547 4.546 4.543 4.540 4.539 4.538 4.536 4.531 4.528 4.527 4.525 4.524 4.522 4.521 4.521 4.520 4.519 4.517 4.515 4.514 4.513 4.512 4.511 4.508 4.508 4.507 4.506 4.506 4.504 4.500 4.500 4.499 4.497 4.488 4.488 4.486 4.484 4.483 4.482 4.480
-9999.000 -9999.000 4.923 4.863 4.910 -9999.000 -9999.000 -9999.000 4.763 -9999.000 -9999.000 4.591 4.577 4.575 4.572 4.568 4.565 4.562 4.559 4.557 4.556 4.554 4.553 4.552 4.550 4.549 4.548 4.547 4.546 4.544 4.540 4.539 4.538 4.537 4.534 4.533 4.530 4.527 4.526 4.525 4.523 4.521 4.521 4.519 4.517 4.516 4.515 4.514 4.513 4.510 4.508 4.508 4.507 4.506 4.506 4.504 4.503 4.500 4.500 4.498 4.491 4.489 4.487 4.485 4.484 4.482 4.481
-9999.000 6.093 4.867 4.831 4.827 -9999.000 -9999.000 -9999.000 4.704 4.678 4.665 4.652 4.583 4.575 4.572 4.568 4.565 4.562 4.560 4.557 4.556 4.554 4.553 4.551 4.551 4.550 4.548 4.548 4.547 4.546 -9999.000 4.541 4.538 4.537 4.535 4.533 4.531 4.529 4.527 4.526 4.524 4.523 4.521 4.519 4.518 4.517 4.515 4.514 4.513 4.510 4.509 4.507 4.507 4.506 4.505 4.504 4.503 4.501 4.500 4.500 4.492 4.490 4.488 4.486 4.485 4.483 4.481
4.805 4.860 4.832 4.800 4.797 -9999.000 -9999.000 -9999.000 4.692 4.681 4.669 4.651 4.583 4.576 4.572 4.568 4.564 4.562 4.560 4.558 4.556 4.554 4.553 4.552 4.550 4.549 4.550 4.548 4.546 4.544 4.544 4.541 4.538 4.537 4.535 4.533 4.531 4.529 4.527 4.526 4.525 4.524 4.523 4.521 4.519 4.517 4.516 4.515 4.513 4.511 4.509 4.508 4.507 4.506 4.505 4.504 4.502 4.501 4.500 4.497 4.494 4.491 4.488 4.486 4.486 4.485 4.482
4.793 4.782 4.772 4.768 4.772 4.758 4.766 4.714 4.695 4.686 4.668 4.649 4.584 4.576 4.572 4.568 4.564 4.562 4.560 4.558 4.556 4.554 4.553 4.552 4.552 4.550 4.548 4.548 4.546 4.545 4.544 4.542 4.539 4.538 4.535 4.533 4.531 4.529 4.528 4.527 4.525 4.524 4.523 4.521 4.520 4.519 4.517 4.515 4.514 4.511 4.510 4.509 4.507 4.506 4.505 4.503 4.502 4.500 4.499 4.498 4.496 4.495 4.491 4.489 4.486 4.485 4.484
4.784 4.775 4.768 4.765 4.760 4.756 4.745 4.729 4.700 4.685 4.672 4.650 4.586 4.576 4.572 4.567 4.564 4.562 4.560 4.559 4.557 4.555 4.554 4.553 4.552 4.550 4.549 4.548 4.546 4.545 4.544 4.542 4.540 4.538 4.535 4.533 4.531 4.529 4.528 4.527 4.526 4.525 4.523 4.522 4.520 4.519 4.518 4.517 4.516 4.511 4.510 4.509 4.507 4.506 4.505 4.503 4.502 4.500 4.499 4.498 4.496 4.494 4.492 4.490 4.488 4.486 4.484
4.774 4.769 4.765 4.761 4.757 4.753 4.745 4.734 4.705 4.690 4.674 4.653 4.589 4.575 4.571 4.567 4.564 4.562 4.561 4.559 4.558 4.556 4.554 4.553 4.552 4.551 4.550 4.548 4.546 4.545 4.544 4.542 4.540 4.538 4.535 4.533 4.532 4.530 4.529 4.527 4.526 4.525 4.523 4.522 4.521 4.519 4.518 4.517 4.517 -9999.000 4.510 4.510 4.507 4.506 4.505 4.504 4.502 4.500 4.499 4.498 4.497 4.494 4.492 4.491 4.489 4.488 4.485
4.769 4.764 4.759 4.757 4.753 4.750 4.742 4.732 4.705 4.693 4.686 4.669 4.649 4.581 -9999.000 4.567 4.565 4.563 4.561 4.559 4.558 4.556 4.554 4.552 4.552 4.551 4.550 4.548 4.547 4.546 4.544 4.542 4.540 4.537 4.535 4.534 4.532 4.530 4.529 4.528 4.527 4.525 4.524 4.522 4.521 4.520 4.518 4.517 4.517 -9999.000 4.510 4.510 4.508 4.506 4.506 4.505 4.502 4.500 4.499 4.498 4.497 4.494 4.492 4.490 4.489 4.488 4.486
4.764 4.759 4.756 4.752 4.748 4.742 4.737 4.731 4.705 4.692 4.687 4.679 4.643 4.638 4.581 4.569 4.566 4.563 4.561 4.559 4.558 4.556 4.554 4.553 4.552 4.551 4.550 4.549 4.548 4.546 4.544 4.542 4.540 4.538 4.536 4.534 4.532 4.531 4.529 4.529 4.527 4.525 4.524 4.523 4.521 4.520 4.518 4.517 4.517 -9999.000 4.510 4.510 4.509 4.507 4.506 4.505 4.504 4.501 4.500 4.499 4.498 4.494 4.492 4.491 4.489 4.488 4.486
4.760 4.755 4.751 4.745 4.742 4.736 4.733 4.729 4.707 4.692 4.689 4.647 4.639 4.637 4.581 4.574 4.568 4.565 4.562 4.560 4.558 4.556 4.555 4.553 4.552 4.551 4.550 4.549 4.547 4.545 4.544 4.542 4.540 4.538 4.536 4.534 4.532 4.531 4.529 4.529 4.528 4.526 4.525 4.523 4.521 4.521 4.518 4.517 4.516 4.514 4.510 4.510 4.510 4.508 4.506 4.506 4.504 4.502 4.500 4.499 4.498 4.494 4.493 4.492 4.490 4.488 4.486
4.755 4.751 4.746 4.740 4.737 4.734 4.732 4.729 4.714 4.692 4.671 4.642 4.638 4.636 4.580 4.578 4.574 4.568 4.564 4.560 4.558 4.557 4.555 4.554 4.552 4.551 4.550 4.548 4.546 4.545 4.544 4.542 4.540 4.538 4.536 4.535 4.533 4.531 4.530 4.529 4.528 4.527 4.525 4.523 4.522 4.521 4.519 4.517 4.516 4.512 4.511 4.510 4.510 4.509 4.508 4.506 4.504 4.502 4.501 4.499 4.497 4.495 4.494 4.493 4.490 4.488 4.487
4.751 4.746 4.741 4.737 4.735 4.733 4.731 4.728 4.696 4.672 4.657 4.643 4.638 4.635 4.580 4.577 4.575 4.573 4.570 4.562 4.560 4.558 4.556 4.554 4.553 4.552 4.550 4.548 4.546 4.545 4.544 4.542 4.540 4.539 4.537 4.535 4.533 4.531 4.530 4.529 4.528 4.526 4.525 4.524 4.522 4.521 4.519 4.517 4.515 4.513 4.511 4.511 4.510 4.509 4.508 4.507 4.506 4.502 4.500 4.499 4.497 4.495 4.494 4.493 4.492 4.489 4.487
4.748 4.743 4.739 4.737 4.735 4.732 4.730 4.727 4.693 4.672 4.659 4.644 4.638 4.634 4.580 4.577 4.575 4.573 4.571 4.569 4.563 4.560 4.558 4.555 4.554 4.552 4.550 4.548 4.547 4.546 4.544 4.543 4.541 4.539 4.538 4.535 4.533 4.532 4.531 4.529 4.527 4.526 4.525 4.523 4.522 4.521 4.519 4.517 4.515 4.513 4.512 4.511 4.511 4.509 4.508 4.507 4.506 4.502 4.501 4.500 4.498 4.496 4.494 4.493 4.492 4.490 4.488
4.747 4.742 4.739 4.737 4.734 4.731 4.729 4.727 4.693 4.677 4.673 4.659 -9999.000 4.633 4.580 4.576 4.574 4.573 4.571 4.569 4.567 4.564 4.562 4.561 4.559 4.558 4.557 4.556 4.548 4.546 4.545 4.544 4.542 4.541 4.538 4.535 4.534 4.533 4.531 4.529 4.527 4.526 4.525 4.523 4.522 4.521 4.519 4.517 4.515 4.514 4.513 4.512 4.511 4.510 4.509 4.507 4.505 4.503 4.501 4.500 4.498 4.497 4.495 4.494 4.492 4.490 4.488
4.746 4.739 4.738 4.736 4.733 4.731 4.728 4.724 4.689 4.685 4.684 4.645 4.634 4.633 4.579 4.576 4.574 4.573 4.571 4.568 4.567 4.565 4.563 4.562 4.560 4.558 4.557 4.556 4.554 4.552 4.551 4.544 4.543 4.542 4.539 4.536 4.535 4.533 4.532 4.529 4.528 4.527 4.525 4.523 4.522 4.521 4.519 4.517 4.516 4.515 4.514 4.513 4.511 4.511 4.509 4.507 4.505 4.503 4.502 4.500 4.499 4.497 4.496 4.495 4.493 4.490 4.488
4.743 4.738 4.737 4.735 4.733 4.730 4.727 4.724 -9999.000 4.685 4.672 4.636 4.634 4.633 4.579 4.577 4.575 4.572 4.570 4.568 4.567 4.565 4.563 4.562 4.560 4.559 4.557 4.555 4.554 4.553 4.552 4.550 4.548 4.544 4.540 4.536 4.535 4.534 4.533 4.530 4.528 4.527 4.525 4.523 4.522 4.521 4.519 4.518 4.517 4.516 4.514 4.513 4.512 4.511 4.510 4.509 4.506 4.503 4.502 4.501 4.499 4.498 4.496 4.496 4.494 4.491 4.488
4.741 4.738 4.737 4.735 4.733 4.730 4.726 4.720 4.703 4.689 4.681 -9999.000 4.636 4.634 4.578 4.577 4.575 4.573 4.571 4.569 4.566 4.564 4.563 4.562 4.560 4.558 4.557 4.556 4.554 4.553 4.551 4.550 4.549 4.547 4.545 4.538 4.536 4.535 4.533 4.530 4.529 4.528 4.526 4.524 4.522 4.521 4.519 4.518 4.517 4.517 4.515 4.514 4.513 4.511 4.510 4.510 4.509 4.508 4.502 4.501 4.499 4.498 4.496 4.496 4.498 4.497 4.490
4.741 4.737 4.736 4.735 4.732 4.729 4.724 4.718 4.702 4.690 4.681 4.671 4.658 4.643 4.638 4.584 4.575 4.573 4.571 4.569 4.567 4.564 4.563 4.562 4.561 4.559 4.558 4.556 4.555 4.553 4.552 4.550 4.548 4.547 4.545 4.543 4.537 4.539 4.537 4.533 4.529 4.527 4.526 4.524 4.523 4.521 4.520 4.519 4.518 4.517 4.515 4.515 4.514 4.516 4.514 4.512 4.511 4.509 4.507 4.501 4.499 4.500 4.501 4.500 4.498 4.497 4.493
4.741 4.737 4.736 4.734 4.732 4.729 4.722 4.716 4.701 4.691 4.681 4.668 4.658 4.650 4.636 4.631 4.627 4.575 4.571 4.569 4.568 4.565 4.562 4.562 4.560 4.559 4.558 4.556 4.556 4.554 4.552 4.550 4.548 4.547 4.545 4.544 4.542 4.540 4.539 4.533 4.532 4.530 4.526 4.525 4.523 4.522 4.521 4.520 4.519 4.518 4.517 4.517 4.517 4.516 4.515 4.513 4.511 4.510 4.509 4.507 4.500 4.500 4.501 4.500 4.499 4.498 4.494
4.742 4.737 4.735 4.733 4.732 4.727 4.721 4.715 4.701 4.691 4.680 4.666 4.659 4.651 4.638 4.632 4.629 4.582 4.574 4.570 4.567 4.565 4.563 4.561 4.560 4.559 4.558 4.557 4.555 4.555 4.552 4.550 4.548 4.547 4.545 4.544 4.542 4.540 4.539 4.536 4.533 4.531 4.527 4.525 4.524 4.523 4.522 4.521 4.519 4.519 4.518 4.518 4.517 4.517 4.515 4.513 4.512 4.511 4.510 4.510 4.507 4.501 4.501 4.500 4.499 4.498 4.496
4.742 4.737 4.733 4.732 4.732 4.727 4.722 4.717 4.703 4.686 4.677 4.666 4.659 4.651 4.639 4.633 4.630 4.626 4.575 4.571 4.567 4.564 4.563 4.562 4.560 4.558 4.557 4.556 4.556 4.554 4.552 4.550 4.548 4.547 4.546 4.544 4.542 4.540 4.539 4.537 4.535 4.532 4.529 4.527 4.525 4.525 4.525 4.524 4.523 4.520 4.519 4.518 4.517 4.517 4.515 4.514 4.513 4.511 4.510 4.509 4.508 4.505 4.502 4.501 4.499 4.498 4.497
4.745 4.738 4.736 -9999.000 4.732 4.729 4.724 4.718 4.703 4.685 4.676 4.666 4.660 4.651 4.644 4.636 4.633 4.628 4.585 4.573 4.567 4.564 4.563 4.562 4.561 4.560 4.558 4.557 4.556 4.554 4.552 4.551 4.549 4.548 4.546 4.544 4.542 4.540 4.539 4.537 4.536 4.534 4.530 4.529 4.527 4.526 4.525 4.525 4.524 4.523 4.521 4.519 4.518 4.517 4.515 4.514 4.513 4.511 4.510 4.509 4.508 4.507 4.503 4.503 4.500 4.500 4.499
