includes/overflow_coast/floodfiles/results/res-0006.wd
ncols         906
nrows         631
xllcorner     362177.146667
yllcorner     6534725.688020
cellsize      20.000000
NODATA_value  -9999.000000
[rows 510 to 543 of 631, columns 77 to 153 of 906]
7.798 7.710 7.623 7.535 7.463 7.390 7.317 7.245 7.172 7.099 7.026 6.953 6.808 6.641 6.439 6.236 6.034 5.831 5.629 5.426 5.224 5.234 5.274 5.294 5.305 5.317 5.329 5.341 5.353 5.365 5.377 5.273 5.120 5.079 5.069 5.060 5.050 5.040 5.031 5.021 5.012 5.001 4.979 4.956 4.903 4.841 4.780 4.718 4.657 4.595 4.533 4.472 4.489 4.507 4.525 4.542 4.558 4.574 4.590 4.606 4.622 4.637 4.642 4.648 4.654 4.659 4.665 4.668 4.670 4.673 4.675 4.677 4.676 4.676 4.675 4.675 4.674
7.873 7.759 7.644 7.533 7.437 7.361 7.288 7.215 7.142 7.069 6.996 6.898 6.737 6.575 6.393 6.191 5.988 5.786 5.583 5.381 5.304 5.344 5.384 5.419 5.431 5.443 5.455 5.467 5.479 5.490 5.438 5.285 5.131 5.010 5.001 4.991 4.982 4.972 4.962 4.953 4.943 4.926 4.903 4.881 4.856 4.795 4.733 4.672 4.610 4.548 4.487 4.463 4.481 4.499 4.517 4.535 4.551 4.567 4.583 4.599 4.615 4.625 4.631 4.637 4.642 4.648 4.654 4.659 4.661 4.664 4.666 4.667 4.666 4.666 4.665 4.665 4.664
7.866 7.752 7.638 7.529 7.433 7.337 7.258 7.185 7.113 7.040 6.967 6.827 6.665 6.504 6.342 6.146 5.943 5.741 5.538 5.374 5.414 5.454 5.494 5.534 5.557 5.569 5.580 5.592 5.604 5.603 5.450 5.296 5.143 4.990 4.932 4.923 4.913 4.903 4.894 4.884 4.873 4.850 4.828 4.805 4.783 4.748 4.687 4.625 4.564 4.502 4.440 4.455 4.473 4.491 4.509 4.527 4.544 4.561 4.577 4.593 4.608 4.614 4.620 4.625 4.631 4.637 4.642 4.648 4.652 4.655 4.657 4.657 4.656 4.656 4.655 4.655 4.654
7.859 7.745 7.631 7.526 7.429 7.333 7.237 7.156 7.083 7.010 6.918 6.756 6.594 6.432 6.271 6.100 5.898 5.696 5.493 5.484 5.524 5.564 5.604 5.644 5.682 5.694 5.706 5.718 5.730 5.614 5.461 5.308 5.155 5.002 4.864 4.854 4.844 4.835 4.825 4.815 4.797 4.775 4.752 4.730 4.707 4.685 4.640 4.579 4.517 4.456 4.429 4.447 4.464 4.482 4.500 4.518 4.536 4.554 4.570 4.586 4.597 4.603 4.608 4.614 4.619 4.625 4.631 4.636 4.642 4.646 4.647 4.647 4.646 4.645 4.645 4.657 4.685
7.853 7.738 7.624 7.522 7.426 7.329 7.233 7.137 7.053 6.980 6.847 6.685 6.523 6.361 6.199 6.038 5.853 5.650 5.554 5.594 5.634 5.674 5.714 5.754 5.794 5.820 5.832 5.844 5.779 5.626 5.473 5.320 5.166 5.013 4.860 4.785 4.776 4.766 4.756 4.745 4.722 4.700 4.677 4.655 4.632 4.610 4.587 4.532 4.471 4.409 4.420 4.438 4.456 4.474 4.492 4.510 4.528 4.546 4.563 4.579 4.585 4.591 4.597 4.602 4.608 4.614 4.619 4.625 4.631 4.642 4.673 4.700 4.728 4.755 4.783 4.811 4.838
7.846 7.731 7.617 7.518 7.422 7.326 7.230 7.133 7.037 6.937 6.775 6.613 6.452 6.290 6.128 5.966 5.804 5.623 5.663 5.703 5.744 5.784 5.824 5.864 5.904 5.944 5.958 5.944 5.791 5.638 5.485 5.331 5.178 5.025 4.872 4.718 4.707 4.698 4.688 4.669 4.647 4.624 4.602 4.579 4.557 4.534 4.512 4.486 4.424 4.394 4.412 4.430 4.448 4.466 4.484 4.502 4.520 4.538 4.556 4.568 4.574 4.584 4.603 4.622 4.640 4.659 4.677 4.696 4.714 4.750 4.825 4.853 4.881 4.908 4.936 4.964 4.991
7.839 7.724 7.611 7.515 7.418 7.322 7.226 7.130 7.041 6.956 6.791 6.622 6.453 6.283 6.114 5.945 5.776 5.635 5.702 5.769 5.836 5.894 5.934 5.974 6.014 6.054 6.083 5.956 5.803 5.649 5.496 5.343 5.190 5.037 4.883 4.730 4.639 4.629 4.616 4.594 4.571 4.549 4.526 4.504 4.481 4.459 4.436 4.414 4.378 4.386 4.404 4.422 4.445 4.475 4.505 4.535 4.565 4.596 4.626 4.639 4.657 4.676 4.694 4.713 4.731 4.750 4.768 4.787 4.806 4.866 4.941 5.006 5.034 5.062 5.089 5.117 5.144
7.832 7.717 7.607 7.511 7.415 7.319 7.226 7.142 7.057 6.973 6.835 6.666 6.497 6.328 6.159 5.990 5.750 5.466 5.487 5.554 5.621 5.688 5.755 5.822 5.889 5.956 6.000 5.889 5.764 5.640 5.508 5.355 5.201 5.048 4.895 4.742 4.588 4.560 4.541 4.518 4.496 4.473 4.451 4.429 4.404 4.373 4.343 4.312 4.360 4.461 4.491 4.521 4.552 4.582 4.612 4.642 4.672 4.703 4.726 4.736 4.748 4.767 4.785 4.804 4.822 4.841 4.860 4.878 4.908 4.982 5.057 5.132 5.187 5.215 5.242 5.270 5.298
7.825 7.710 7.604 7.507 7.412 7.327 7.243 7.158 7.074 6.989 6.880 6.710 6.541 6.372 6.203 5.983 5.699 5.414 5.272 5.339 5.406 5.473 5.540 5.607 5.673 5.725 5.756 5.706 5.581 5.457 5.332 5.207 5.082 4.958 4.833 4.708 4.583 4.486 4.456 4.425 4.395 4.364 4.334 4.303 4.273 4.242 4.212 4.181 4.333 4.543 4.598 4.629 4.659 4.689 4.719 4.749 4.779 4.810 4.823 4.833 4.843 4.858 4.876 4.895 4.913 4.932 4.951 4.969 5.024 5.099 5.173 5.248 5.323 5.368 5.396 5.423 5.451
7.958 7.704 7.600 7.513 7.428 7.344 7.259 7.175 7.090 7.005 6.921 6.755 6.586 6.417 6.216 5.932 5.647 5.363 5.078 5.124 5.190 5.257 5.324 5.391 5.450 5.480 5.511 5.523 5.398 5.274 5.149 5.024 4.899 4.775 4.650 4.525 4.430 4.376 4.325 4.294 4.264 4.233 4.203 4.172 4.142 4.111 4.081 4.097 4.306 4.516 4.705 4.736 4.766 4.796 4.826 4.856 4.886 4.910 4.920 4.930 4.940 4.951 4.968 4.986 5.005 5.023 5.042 5.065 5.140 5.215 5.289 5.364 5.439 5.513 5.549 5.576 5.604
8.248 7.986 7.627 7.529 7.445 7.360 7.275 7.191 7.106 7.022 6.937 6.799 6.630 6.449 6.164 5.880 5.596 5.311 5.027 4.908 4.975 5.042 5.109 5.175 5.205 5.235 5.266 5.296 5.215 5.091 4.966 4.841 4.716 4.592 4.467 4.381 4.328 4.274 4.215 4.163 4.133 4.102 4.072 4.041 4.011 3.980 3.949 4.069 4.279 4.488 4.698 4.843 4.873 4.903 4.933 4.963 4.993 5.007 5.017 5.027 5.038 5.048 5.059 5.077 5.096 5.114 5.133 5.181 5.256 5.331 5.405 5.480 5.555 5.629 5.702 5.729 5.757
8.789 8.304 7.694 7.596 7.498 7.400 7.302 7.207 7.122 7.038 6.953 6.844 6.675 6.397 6.113 5.828 5.544 5.259 4.975 4.693 4.760 4.827 4.894 4.930 4.960 4.991 5.021 5.052 5.033 4.908 4.783 4.658 4.534 4.409 4.331 4.279 4.227 4.172 4.113 4.054 4.002 3.971 3.941 3.910 3.880 3.849 3.833 4.042 4.252 4.461 4.671 4.880 4.980 5.010 5.040 5.070 5.094 5.104 5.115 5.125 5.135 5.145 5.155 5.168 5.187 5.205 5.224 5.297 5.372 5.447 5.521 5.596 5.671 5.746 5.820 5.882 5.910
9.264 8.612 7.960 7.663 7.565 7.467 7.368 7.270 7.172 7.074 6.976 6.885 6.630 6.346 6.061 5.777 5.492 5.208 4.923 4.639 4.545 4.612 4.654 4.685 4.715 4.746 4.776 4.807 4.837 4.725 4.600 4.475 4.351 4.282 4.229 4.177 4.125 4.070 4.011 3.952 3.894 3.840 3.810 3.779 3.749 3.718 3.805 4.015 4.224 4.434 4.643 4.853 5.062 5.117 5.147 5.177 5.191 5.202 5.212 5.222 5.232 5.242 5.252 5.262 5.278 5.297 5.339 5.413 5.488 5.563 5.638 5.712 5.787 5.862 5.936 6.011 6.063
9.572 8.920 8.268 7.729 7.631 7.533 7.435 7.337 7.239 7.141 7.043 6.904 6.665 6.363 6.061 5.759 5.457 5.156 4.872 4.587 4.330 4.379 4.409 4.440 4.470 4.501 4.531 4.562 4.592 4.542 4.417 4.292 4.232 4.180 4.128 4.075 4.023 3.968 3.910 3.851 3.792 3.733 3.679 3.648 3.617 3.587 3.778 3.988 4.197 4.407 4.616 4.826 5.035 5.224 5.254 5.279 5.289 5.299 5.309 5.319 5.329 5.339 5.349 5.360 5.370 5.388 5.455 5.530 5.604 5.679 5.754 5.828 5.905 6.024 6.143 6.262 6.387
9.880 9.228 8.576 7.924 7.698 7.600 7.502 7.404 7.306 7.208 7.077 6.915 6.736 6.433 6.131 5.829 5.527 5.225 4.923 4.621 4.338 4.246 4.238 4.231 4.225 4.256 4.286 4.317 4.347 4.359 4.235 4.183 4.130 4.078 4.026 3.974 3.922 3.867 3.808 3.749 3.690 3.631 3.572 3.517 3.486 3.541 3.751 3.960 4.170 4.379 4.589 4.798 5.008 5.217 5.361 5.376 5.386 5.396 5.406 5.416 5.426 5.437 5.447 5.457 5.475 5.538 5.657 5.776 5.895 6.014 6.133 6.251 6.370 6.489 6.608 6.727 6.861
10.187 9.536 8.884 8.232 7.765 7.667 7.569 7.471 7.373 7.250 7.088 6.926 6.765 6.504 6.202 5.900 5.597 5.295 4.993 4.698 4.463 4.271 4.263 4.256 4.248 4.241 4.234 4.226 4.219 4.213 4.143 4.081 4.029 3.977 3.924 3.872 3.820 3.765 3.706 3.647 3.588 3.529 3.470 3.412 3.355 3.514 3.724 3.934 4.165 4.396 4.626 4.857 5.088 5.318 5.517 5.569 5.588 5.607 5.625 5.644 5.663 5.682 5.701 5.720 5.739 5.952 6.122 6.241 6.360 6.479 6.597 6.716 6.835 6.954 7.073 7.194 7.335
10.495 9.844 9.192 8.540 7.888 7.734 7.636 7.538 7.422 7.261 7.099 6.938 6.776 6.574 6.272 5.970 5.668 5.366 5.063 4.823 4.588 4.354 4.288 4.281 4.273 4.266 4.259 4.251 4.244 4.261 4.240 4.136 4.033 3.929 3.825 3.770 3.718 3.663 3.604 3.545 3.494 3.511 3.529 3.546 3.586 3.733 3.964 4.194 4.425 4.656 4.886 5.117 5.348 5.578 5.717 5.833 5.852 5.871 5.890 5.909 5.928 5.947 5.966 5.985 6.107 6.342 6.577 6.706 6.825 6.944 7.062 7.181 7.300 7.419 7.538 7.668 7.809
10.803 10.151 9.500 8.848 8.196 7.801 7.703 7.595 7.433 7.272 7.110 6.949 6.787 6.625 6.342 6.040 5.738 5.436 5.183 4.948 4.714 4.479 4.313 4.306 4.299 4.291 4.284 4.276 4.289 4.310 4.331 4.233 4.130 4.026 3.922 3.818 3.715 3.746 3.763 3.781 3.798 3.815 3.832 3.849 3.932 4.035 4.224 4.455 4.685 4.916 5.147 5.377 5.608 5.793 5.916 6.040 6.116 6.135 6.154 6.173 6.192 6.211 6.230 6.261 6.496 6.731 6.966 7.171 7.290 7.409 7.527 7.646 7.765 7.884 8.003 8.141 8.283
11.111 10.459 9.807 9.156 8.504 7.868 7.768 7.606 7.445 7.283 7.121 6.960 6.798 6.636 6.413 6.111 5.808 5.543 5.308 5.073 4.839 4.604 4.369 4.331 4.324 4.316 4.309 4.316 4.337 4.358 4.379 4.331 4.227 4.123 4.019 3.915 3.921 4.021 4.067 4.084 4.101 4.118 4.135 4.175 4.278 4.381 4.484 4.715 4.946 5.176 5.407 5.637 5.868 5.993 6.116 6.239 6.363 6.400 6.419 6.438 6.457 6.476 6.494 6.650 6.885 7.120 7.355 7.590 7.755 7.874 7.992 8.111 8.230 8.349 8.474 8.615 8.757
11.609 10.933 10.256 9.579 8.902 8.225 7.852 7.617 7.456 7.294 7.132 6.971 6.809 6.648 6.483 6.181 5.903 5.668 5.433 5.198 4.963 4.729 4.494 4.356 4.349 4.341 4.344 4.364 4.385 4.406 4.427 4.428 4.324 4.220 4.116 4.073 4.173 4.273 4.370 4.388 4.405 4.422 4.439 4.521 4.624 4.727 4.829 4.975 5.206 5.436 5.667 5.898 6.069 6.192 6.316 6.439 6.562 6.664 6.683 6.702 6.721 6.740 6.804 7.039 7.274 7.509 7.744 7.979 8.214 8.338 8.457 8.576 8.695 8.814 8.948 9.089 9.231
12.160 11.483 10.806 10.130 9.453 8.918 8.479 8.212 7.945 7.679 7.412 7.145 6.878 6.659 6.497 6.263 6.028 5.793 5.558 5.323 5.089 4.854 4.619 4.384 4.374 4.371 4.392 4.413 4.434 4.455 4.476 4.497 4.421 4.317 4.225 4.325 4.425 4.525 4.625 4.691 4.708 4.725 4.764 4.867 4.970 5.073 5.175 5.278 5.466 5.697 5.927 6.145 6.269 6.392 6.515 6.639 6.762 6.885 6.947 6.966 6.985 7.004 7.193 7.428 7.663 7.898 8.133 8.368 8.603 8.803 8.922 9.041 9.160 9.280 9.421 9.563 9.705
12.711 12.034 11.357 10.681 10.115 9.631 9.146 8.840 8.573 8.306 8.039 7.772 7.506 7.239 6.972 6.365 6.135 5.905 5.674 5.444 5.214 4.979 4.744 4.509 4.399 4.419 4.440 4.461 4.482 4.503 4.524 4.545 4.518 4.414 4.477 4.577 4.677 4.777 4.877 4.978 5.012 5.029 5.110 5.213 5.316 5.419 5.521 5.624 5.726 5.957 6.187 6.345 6.468 6.592 6.715 6.838 6.962 7.085 7.208 7.231 7.250 7.348 7.583 7.818 8.053 8.288 8.523 8.758 8.993 9.228 9.387 9.506 9.625 9.754 9.895 10.037 10.179
13.262 12.585 11.908 11.313 10.828 10.344 9.859 9.467 9.200 8.933 8.667 8.400 8.133 7.866 7.261 6.585 6.222 5.991 5.761 5.531 5.301 5.070 4.840 4.610 4.503 4.512 4.521 4.530 4.539 4.552 4.572 4.593 4.614 4.629 4.729 4.829 4.929 5.029 5.130 5.230 5.315 5.354 5.456 5.559 5.662 5.764 5.867 5.970 6.072 6.217 6.422 6.545 6.668 6.792 6.915 7.038 7.162 7.285 7.408 7.495 7.514 7.737 7.972 8.207 8.442 8.677 8.912 9.147 9.382 9.617 9.852 9.971 10.090 10.228 10.369 10.511 10.653
13.813 13.136 12.510 12.026 11.541 11.057 10.572 10.094 9.828 9.561 9.294 9.027 8.760 8.226 7.550 6.874 6.308 6.078 5.848 5.617 5.387 5.157 4.927 4.770 4.698 4.672 4.681 4.690 4.699 4.708 4.717 4.726 4.748 4.829 4.934 5.039 5.144 5.250 5.355 5.460 5.565 5.671 5.774 5.878 5.982 6.085 6.189 6.293 6.396 6.500 6.637 6.755 6.874 6.993 7.115 7.238 7.361 7.485 7.608 7.731 7.891 8.126 8.361 8.596 8.831 9.066 9.301 9.536 9.771 10.006 10.241 10.436 10.560 10.702 10.843 10.985 11.010
14.364 13.707 13.223 12.739 12.254 11.770 11.285 10.801 10.455 10.188 9.921 9.655 9.190 8.515 7.839 7.163 6.487 6.165 5.934 5.704 5.474 5.244 5.042 4.970 4.899 4.832 4.841 4.850 4.859 4.868 4.877 4.886 4.938 4.992 5.097 5.203 5.308 5.413 5.518 5.624 5.731 5.842 5.946 6.050 6.153 6.257 6.361 6.464 6.568 6.751 6.990 7.109 7.228 7.347 7.466 7.584 7.703 7.822 7.941 8.036 8.114 8.365 8.617 8.868 9.119 9.371 9.622 9.874 10.125 10.376 10.628 10.865 10.982 10.949 10.915 10.882 10.848
14.915 14.420 13.936 13.452 12.967 12.483 11.998 11.514 11.082 10.816 10.549 10.155 9.479 8.803 8.127 7.451 6.775 6.251 6.021 5.791 5.560 5.330 5.243 5.171 5.099 5.028 5.001 5.010 5.019 5.028 5.037 5.076 5.128 5.181 5.261 5.366 5.471 5.577 5.682 5.788 5.899 6.010 6.118 6.221 6.325 6.428 6.532 6.636 6.767 7.031 7.294 7.463 7.581 7.700 7.819 7.938 8.057 8.176 8.294 8.314 8.329 8.541 8.792 9.043 9.295 9.546 9.797 10.049 10.300 10.551 10.803 10.741 10.695 10.787 10.753 10.720 10.687
14.857 14.641 14.422 14.165 13.680 13.196 12.711 12.227 11.742 11.443 11.120 10.444 9.768 9.092 8.416 7.740 7.064 6.388 6.108 5.877 5.647 5.516 5.444 5.372 5.300 5.229 5.161 5.170 5.179 5.188 5.214 5.266 5.318 5.371 5.424 5.530 5.635 5.740 5.845 5.956 6.067 6.178 6.289 6.393 6.496 6.600 6.704 6.807 7.047 7.310 7.574 7.816 7.935 8.054 8.173 8.292 8.410 8.529 8.577 8.592 8.606 8.716 8.967 9.218 9.470 9.721 9.973 10.224 10.475 10.727 10.689 10.318 10.234 10.435 10.592 10.558 10.525
14.271 14.250 14.031 13.811 13.592 13.373 13.153 12.934 12.455 12.070 11.409 10.733 10.057 9.381 8.705 8.029 7.353 6.677 6.194 5.964 5.788 5.716 5.645 5.573 5.501 5.429 5.358 5.330 5.339 5.352 5.404 5.456 5.509 5.561 5.613 5.693 5.798 5.903 6.012 6.123 6.235 6.346 6.457 6.564 6.668 6.772 6.875 7.063 7.326 7.590 7.854 8.118 8.289 8.408 8.526 8.645 8.764 8.840 8.855 8.869 8.884 8.898 9.142 9.394 9.645 9.897 10.148 10.399 10.651 10.637 10.265 9.894 9.772 9.973 10.174 10.375 10.363
13.685 13.859 13.640 13.421 13.201 12.982 12.762 12.543 12.323 12.395 11.714 11.032 10.351 9.670 8.994 8.318 7.642 6.966 6.290 6.061 5.989 5.917 5.846 5.774 5.702 5.630 5.559 5.490 5.499 5.542 5.594 5.647 5.699 5.751 5.803 5.856 5.962 6.068 6.180 6.291 6.402 6.513 6.625 6.736 6.840 6.943 7.079 7.342 7.606 7.870 8.134 8.397 8.642 8.761 8.880 8.999 9.103 9.118 9.132 9.147 9.161 9.176 9.318 9.569 9.820 10.072 10.323 10.574 10.584 10.213 9.842 9.471 9.310 9.511 9.712 9.913 10.114
13.098 13.469 13.249 13.030 12.810 12.591 12.372 12.175 12.342 12.509 12.042 11.361 10.679 9.997 9.316 8.634 7.953 7.271 6.590 6.333 6.252 6.171 6.090 6.009 5.928 5.847 5.766 5.688 5.680 5.732 5.785 5.837 5.889 5.941 5.993 6.045 6.125 6.236 6.347 6.459 6.570 6.681 6.792 6.904 7.011 7.115 7.358 7.622 7.886 8.150 8.413 8.677 8.941 9.115 9.234 9.352 9.380 9.395 9.410 9.424 9.439 9.454 9.493 9.744 9.996 10.247 10.498 10.532 10.161 9.790 9.419 9.048 8.848 9.049 9.250 9.451 9.652
12.512 13.078 12.859 12.639 12.420 12.200 12.044 12.210 12.377 12.544 12.370 11.689 11.007 10.326 9.644 8.963 8.281 7.599 7.132 6.909 6.804 6.722 6.641 6.560 6.479 6.398 6.317 6.235 6.066 6.088 6.129 6.171 6.212 6.254 6.295 6.337 6.366 6.462 6.558 6.654 6.749 6.849 6.960 7.071 7.183 7.375 7.638 7.902 8.166 8.429 8.693 8.957 9.221 9.468 9.587 9.643 9.658 9.673 9.687 9.702 9.716 9.731 9.746 9.920 10.171 10.422 10.480 10.109 9.738 9.367 8.996 8.624 8.387 8.587 8.788 8.989 9.190
11.926 12.492 12.468 12.248 12.029 11.912 12.079 12.245 12.412 12.579 12.699 12.017 11.336 10.654 9.972 9.291 8.609 7.998 7.776 7.552 7.355 7.274 7.193 7.112 7.031 6.950 6.869 6.742 6.574 6.463 6.504 6.546 6.587 6.629 6.670 6.700 6.713 6.783 6.878 6.974 7.070 7.166 7.262 7.358 7.510 7.770 8.015 8.260 8.505 8.750 8.995 9.240 9.501 9.764 9.906 9.921 9.936 9.950 9.965 9.979 9.994 10.009 10.023 10.095 10.346 10.428 10.057 9.685 9.314 8.943 8.572 8.201 7.925 8.126 8.327 8.528 8.728
11.340 11.906 12.077 11.858 11.780 11.947 12.114 12.281 12.447 12.614 12.781 12.345 11.664 10.982 10.301 9.619 8.938 8.642 8.419 8.196 7.973 7.825 7.744 7.663 7.582 7.501 7.418 7.249 7.081 6.912 6.879 6.921 6.962 7.004 7.041 7.053 7.066 7.103 7.199 7.295 7.391 7.487 7.583 7.701 7.976 8.250 8.495 8.740 8.985 9.230 9.475 9.720 9.965 10.157 9.976 10.025 10.075 10.124 10.174 10.223 10.272 10.286 10.301 10.316 10.375 10.004 9.633 9.262 8.891 8.520 8.149 7.778 7.463 7.664 7.865 8.066 8.267
10.801 11.320 11.686 11.649 11.816 11.982 12.149 12.316 12.482 12.649 12.816 12.674 11.992 11.311 10.629 9.948 9.509 9.286 9.063 8.840 8.617 8.394 8.296 8.215 8.134 8.053 7.925 7.757 7.588 7.419 7.254 7.296 7.337 7.379 7.394 7.407 7.420 7.433 7.520 7.616 7.712 7.808 7.904 8.167 8.443 8.719 8.974 9.219 9.464 9.709 9.954 10.199 10.444 10.259 10.031 10.015 10.064 10.114 10.163 10.213 10.262 10.312 10.361 10.373 10.047 9.627 9.210 8.839 8.468 8.097 7.726 7.354 7.001 7.202 7.403 7.604 7.805
