includes/overflow_coast/floodfiles/results/res-0004.wd
ncols         906
nrows         631
xllcorner     362177.146667
yllcorner     6534725.688020
cellsize      20.000000
NODATA_value  -9999.000000
[rows 476 to 509 of 631, columns 231 to 307 of 906]
3.560 3.540 3.520 3.962 3.570 3.530 3.590 3.580 3.410 3.500 3.580 3.500 4.001 4.014 4.027 4.040 4.053 4.067 3.632 4.067 4.060 4.056 4.051 3.552 3.592 3.612 3.502 3.652 3.612 4.020 3.583 4.012 3.613 3.623 3.604 3.564 3.534 3.554 3.544 3.414 3.474 3.887 3.873 3.644 3.454 3.493 3.283 3.373 3.363 3.143 3.163 3.323 3.313 3.213 3.183 3.013 0.000 0.000 0.000 0.000 0.000 0.000 0.000 0.000 0.142 0.000 0.000 0.000 0.000 0.000 0.000 0.000 0.000 0.000 0.000 0.120 0.749
4.026 3.490 3.560 3.530 3.610 3.530 3.620 3.600 3.960 3.973 3.590 3.999 4.012 4.026 3.611 4.052 4.065 4.079 4.092 3.611 4.102 3.652 3.612 4.089 3.652 3.642 4.076 3.472 3.582 4.063 3.513 4.054 3.523 3.483 4.020 3.534 3.644 3.514 3.564 3.394 3.942 3.929 3.916 3.484 3.413 3.353 3.223 3.293 3.223 3.302 3.212 3.252 3.342 3.222 3.262 3.172 0.000 0.166 0.225 0.008 0.000 0.000 0.000 0.000 0.000 0.000 0.000 0.000 0.000 0.000 0.000 0.000 0.000 0.000 0.057 0.849 0.819
4.042 3.530 3.540 3.480 3.560 3.590 3.600 3.570 3.972 3.500 3.550 3.460 4.024 4.038 4.051 4.064 4.077 3.641 3.591 3.621 4.110 4.140 4.136 4.131 4.127 4.122 3.582 3.612 4.109 4.105 3.642 4.096 3.613 3.573 3.583 3.644 3.484 3.424 3.564 3.564 3.985 3.972 3.958 3.414 3.383 3.413 3.423 3.342 3.352 3.412 3.282 3.272 3.222 3.262 3.052 3.092 0.000 0.000 0.000 0.000 0.000 0.000 0.000 0.000 0.000 0.000 0.000 0.000 0.000 0.000 0.000 0.000 0.000 0.000 0.309 0.719 0.599
3.650 3.540 3.590 4.011 3.520 3.500 3.600 3.570 3.560 3.540 3.500 3.520 3.540 3.550 4.063 3.631 4.075 4.064 4.052 4.055 4.086 4.118 4.150 4.174 4.169 4.165 4.160 4.156 4.151 4.147 4.143 4.139 4.131 3.593 4.105 3.593 3.483 4.067 4.053 4.040 4.027 3.634 3.593 3.573 3.373 3.463 3.423 3.382 3.302 3.302 3.292 3.222 3.202 3.212 3.132 3.082 1.681 0.000 0.064 0.000 0.000 0.000 0.000 0.000 0.000 0.000 0.000 0.000 0.000 0.000 0.000 0.000 0.000 0.000 0.000 0.000 0.359
3.440 3.560 3.480 3.520 3.520 3.540 3.540 3.550 3.550 3.600 3.520 3.500 3.430 3.570 3.580 3.560 3.611 3.641 4.032 4.031 4.063 4.095 4.127 4.158 4.190 4.207 3.621 4.198 4.194 4.189 3.642 4.181 4.174 4.161 3.643 3.543 4.122 4.109 4.096 4.080 4.047 3.433 3.383 3.513 3.503 3.382 3.372 3.562 3.252 3.212 3.302 3.282 3.262 3.132 3.112 3.131 2.981 0.000 0.000 0.000 0.000 0.000 0.000 0.000 0.000 0.000 0.000 0.000 0.000 0.000 0.000 0.000 0.000 0.000 0.000 0.000 0.000
3.569 3.589 4.059 3.530 3.540 3.510 3.630 3.590 3.510 3.550 3.490 3.490 3.400 3.470 3.420 3.610 3.390 3.401 3.511 4.008 4.040 4.072 4.103 4.135 4.167 4.198 4.230 4.240 4.236 4.231 4.227 4.223 4.216 4.203 3.602 4.177 4.164 3.613 4.120 4.087 4.054 3.593 3.463 3.403 3.463 3.422 3.362 3.402 3.432 3.272 3.251 3.281 3.151 3.222 3.121 3.221 3.151 0.000 0.002 0.000 0.000 0.000 0.000 0.000 0.000 0.000 0.000 0.000 0.000 0.000 0.000 0.000 0.000 0.000 1.758 1.938 2.477
3.539 4.091 3.510 3.610 3.520 3.560 3.590 3.510 3.590 3.430 3.600 3.450 3.560 3.440 3.460 3.420 3.520 3.360 3.520 3.640 4.017 4.048 4.080 4.112 4.143 3.651 4.207 4.239 4.270 4.274 4.269 4.265 3.532 3.632 4.233 3.652 4.192 4.159 4.126 4.093 4.060 3.583 3.523 3.523 3.562 3.352 3.412 3.402 3.351 3.381 3.361 3.181 3.221 3.141 3.131 3.221 3.051 0.000 0.002 0.007 0.000 0.000 0.000 0.000 0.000 0.000 0.000 0.000 0.000 0.000 0.000 0.000 0.000 1.868 1.918 2.277 2.547
4.121 3.619 3.470 3.630 3.620 3.610 3.580 3.610 3.450 3.560 3.400 3.550 4.038 3.340 3.550 3.390 3.520 3.310 3.480 3.510 3.993 3.610 4.056 3.590 3.651 3.631 4.183 4.215 4.247 4.279 4.311 4.307 4.301 4.288 4.264 4.231 4.199 4.166 4.133 4.100 4.067 3.652 4.001 3.392 3.532 3.412 3.402 3.331 3.321 3.251 3.281 3.351 3.221 3.211 3.151 3.081 3.191 0.000 0.196 0.009 0.000 0.000 0.000 0.000 0.000 2.289 2.129 1.969 2.069 2.149 2.719 2.779 2.709 1.928 2.158 2.717 2.787
3.639 4.118 3.509 3.520 3.590 4.060 3.570 3.630 3.570 3.580 3.430 3.340 3.430 3.349 3.310 3.350 3.370 3.560 3.370 3.440 3.970 4.001 3.630 4.065 4.097 3.640 3.600 4.192 4.224 4.255 4.287 3.651 4.336 4.303 4.270 4.238 4.205 4.172 4.139 4.106 4.073 3.562 3.442 3.642 3.502 3.452 3.371 3.321 3.391 3.371 3.371 3.271 3.181 3.151 3.211 3.151 3.161 0.000 0.000 0.011 0.000 0.000 0.000 0.000 2.559 2.949 2.769 2.489 2.649 2.869 3.079 3.099 2.729 2.478 2.758 2.778 3.027
4.143 3.599 3.489 3.590 4.088 3.600 4.059 4.044 3.520 3.650 3.490 3.419 3.469 3.429 3.399 3.459 3.390 3.430 3.490 3.420 3.946 3.978 4.010 4.041 4.073 3.640 4.137 3.590 4.200 4.232 4.264 4.326 3.591 4.313 4.277 4.244 4.211 4.179 4.146 4.113 4.080 3.502 3.532 3.482 3.948 3.461 3.421 3.481 3.421 3.451 3.311 3.411 3.371 3.231 3.171 3.231 3.160 3.160 0.000 0.000 0.000 0.000 0.000 2.689 2.889 3.029 2.839 2.789 2.989 3.229 3.249 3.088 2.718 3.018 2.898 3.107 2.647
4.155 4.141 3.619 3.519 3.609 3.579 4.071 4.080 4.040 3.529 3.479 3.469 3.499 3.419 3.409 3.519 3.350 3.390 3.390 3.410 3.923 3.955 3.986 4.018 4.050 4.082 4.113 4.145 3.440 3.500 4.290 4.355 4.386 3.630 4.293 4.251 4.218 4.185 4.152 3.571 4.086 3.461 4.020 3.987 3.954 3.551 3.571 3.521 3.441 3.401 3.421 3.301 3.281 3.261 3.241 3.260 3.230 3.270 3.029 0.000 0.000 0.000 3.078 3.088 2.988 3.248 2.979 3.229 3.288 3.188 3.199 3.258 3.248 3.038 3.098 2.987 2.857
4.167 3.589 4.139 3.599 3.599 4.096 3.609 3.609 3.579 3.529 3.995 3.499 3.489 3.379 3.429 3.399 3.309 3.349 3.279 3.469 3.900 3.931 3.963 3.995 4.026 3.650 4.090 4.127 4.191 4.255 4.319 4.383 3.600 3.580 4.319 4.272 4.225 4.192 3.620 4.126 3.581 4.060 3.641 3.994 3.451 3.630 3.570 3.530 3.570 3.380 3.530 3.390 3.310 3.270 3.450 3.340 3.370 3.279 3.199 2.709 0.388 3.188 3.418 3.198 3.359 3.049 3.289 3.398 3.228 3.409 3.288 3.218 3.228 3.308 3.148 3.067 3.167
4.178 4.164 4.150 4.136 3.509 4.144 3.519 4.177 3.589 3.569 3.639 3.539 3.459 3.469 3.399 3.499 3.389 3.309 3.289 3.389 3.876 3.908 3.609 3.529 4.003 3.559 4.091 4.155 4.219 4.283 4.348 4.412 4.438 3.640 3.640 4.298 4.251 4.204 4.165 3.510 4.099 3.530 3.620 3.650 3.967 3.480 3.480 3.590 3.540 3.510 3.500 3.380 3.440 3.390 3.310 3.480 3.408 3.229 2.929 3.038 3.029 3.348 3.468 3.398 3.468 3.388 3.478 3.388 3.308 3.338 3.288 3.258 3.218 3.188 3.017 3.187 3.297
4.190 3.629 3.629 4.159 3.559 4.192 3.649 4.225 3.499 3.579 3.498 3.489 3.429 3.319 3.469 3.359 3.459 3.289 3.329 3.309 3.619 3.885 3.529 3.589 3.992 4.056 4.120 4.184 4.248 4.312 4.376 4.440 4.465 3.639 4.371 4.324 4.277 4.231 4.184 3.580 4.105 3.570 4.040 3.580 3.390 3.490 3.609 3.489 3.479 3.529 3.579 3.519 3.589 3.499 3.579 3.461 3.409 3.059 2.869 3.128 3.648 3.408 3.648 3.538 3.538 3.548 3.538 3.378 3.268 3.328 3.308 3.238 3.278 2.987 3.417 3.307 3.237
4.201 4.187 3.588 3.618 4.223 4.240 4.257 3.558 3.608 3.618 4.158 3.408 3.408 3.549 3.389 3.269 3.379 3.439 3.309 3.339 3.579 3.861 3.893 3.519 4.020 3.559 3.579 4.212 4.276 4.341 4.405 4.469 4.491 3.649 4.397 4.351 4.304 4.257 4.210 3.649 4.116 3.550 3.649 3.639 3.399 3.599 3.479 3.509 3.589 3.599 3.599 3.539 3.607 3.599 3.513 3.449 3.249 2.898 3.138 3.598 3.618 3.339 3.578 3.538 3.558 3.538 3.438 3.358 3.458 3.428 3.327 3.297 3.357 3.237 3.267 3.247 3.237
4.213 4.223 4.239 4.255 4.272 4.288 4.305 4.321 4.311 4.262 3.478 3.458 3.488 3.638 3.498 3.498 3.389 3.438 3.469 3.379 3.559 3.599 3.921 3.985 4.049 4.113 3.569 4.241 4.305 4.369 4.433 4.497 4.517 4.470 4.424 4.377 4.330 4.283 4.236 4.189 4.143 3.479 4.053 3.579 3.589 3.519 3.599 3.848 3.599 3.754 3.609 3.664 3.633 3.602 3.571 3.468 3.348 3.528 3.618 3.417 3.390 3.396 3.558 3.558 3.338 3.428 3.358 3.438 3.368 3.307 3.387 3.397 3.277 3.367 3.337 3.447 3.286
4.254 3.598 3.628 4.304 4.320 3.628 3.608 4.370 4.366 3.538 3.558 3.478 3.528 3.478 3.418 3.488 3.970 3.388 3.548 3.826 3.628 3.608 3.950 4.014 3.588 3.608 3.568 3.628 4.334 3.628 3.648 4.526 4.544 4.497 4.450 4.403 4.356 4.309 4.262 4.216 3.649 4.122 4.075 3.569 3.649 3.539 3.639 3.859 3.828 3.797 3.765 3.734 3.703 3.648 3.538 3.438 3.648 3.548 3.517 3.490 3.462 3.648 3.473 3.498 3.418 3.448 3.398 3.447 3.437 3.357 3.377 3.267 3.347 3.357 3.366 3.317 3.436
4.303 4.319 4.335 3.648 4.368 4.385 4.401 4.418 4.420 3.528 3.588 3.518 3.338 4.172 4.123 3.378 3.628 3.975 3.638 3.438 3.926 3.588 3.978 4.042 3.608 3.628 3.518 4.298 4.362 4.427 3.608 4.555 4.570 4.523 4.476 4.429 4.382 4.336 4.289 4.242 3.648 4.148 3.598 3.588 4.018 3.638 3.961 3.929 3.898 3.867 3.836 3.805 3.774 3.743 3.608 3.578 3.649 3.618 3.590 3.562 3.535 3.638 3.578 3.408 3.478 3.428 3.388 3.357 3.427 3.527 3.297 3.337 3.627 3.356 3.406 3.286 3.436
4.351 4.367 4.384 4.400 4.417 4.433 4.450 4.466 4.474 3.597 4.375 4.326 3.647 4.227 3.627 3.598 3.648 3.538 3.298 3.588 4.025 4.046 4.068 4.089 4.135 3.548 3.528 3.608 3.538 4.455 4.519 4.583 4.596 4.549 4.502 4.455 4.409 4.362 4.315 3.638 4.221 4.174 4.139 4.108 4.078 4.057 4.031 4.000 3.969 3.938 3.906 3.875 3.844 3.813 3.618 3.751 3.720 3.689 3.662 3.558 3.607 3.558 3.498 3.628 3.497 3.447 3.397 3.447 3.447 3.417 3.407 3.367 3.427 3.326 3.466 3.336 3.356
4.399 4.415 4.432 4.448 4.465 4.482 4.498 4.514 4.529 4.479 4.430 4.380 3.627 4.281 4.231 4.200 3.567 3.568 3.627 3.577 3.598 4.144 3.627 3.607 4.209 4.231 4.291 3.638 4.420 4.484 4.548 4.612 4.622 4.575 4.529 4.482 4.435 4.388 4.341 4.294 3.628 4.228 4.197 4.166 4.137 4.117 4.096 4.070 4.039 4.008 3.977 3.946 3.368 3.884 3.853 3.822 3.791 3.762 3.647 3.647 3.597 3.537 3.517 3.487 3.447 3.487 3.507 3.477 3.527 3.467 3.486 3.616 3.517 3.506 3.446 3.456 3.516
4.421 4.453 4.480 4.497 4.513 4.530 4.546 4.563 4.579 4.533 4.484 4.434 4.385 4.337 4.318 3.517 3.627 4.260 4.241 4.222 4.221 4.243 4.264 3.617 4.307 4.329 4.351 4.384 4.448 4.512 4.576 4.641 4.649 4.602 4.555 4.508 4.461 4.414 4.379 4.348 4.317 4.286 4.255 4.224 4.197 4.176 4.156 4.135 4.110 4.079 4.047 4.016 3.647 3.954 3.923 3.892 3.862 3.834 3.807 3.617 3.627 3.457 3.627 3.507 3.497 3.507 3.506 3.799 3.287 3.496 3.536 3.879 3.626 3.516 3.939 3.606 3.506
4.435 4.467 4.500 4.532 4.561 4.578 4.594 4.611 4.627 4.588 4.538 4.489 4.456 4.436 4.417 4.398 4.378 4.359 4.340 4.321 4.319 4.341 4.363 4.384 3.627 4.427 4.449 4.471 4.492 4.541 4.605 4.669 4.675 4.628 4.581 4.534 4.499 4.468 4.437 4.407 4.376 4.345 4.314 4.283 4.256 4.236 4.215 4.195 4.175 4.149 4.118 4.087 4.056 4.025 3.994 3.962 3.934 3.647 3.557 3.607 3.637 3.798 3.547 3.637 3.506 3.516 3.566 3.286 3.506 3.526 3.566 3.936 3.956 3.976 3.996 3.636 3.536
4.450 4.482 4.514 4.546 4.578 4.611 4.643 4.659 4.676 4.642 4.594 4.574 4.555 4.535 4.516 4.497 4.478 4.458 4.439 4.420 4.418 4.439 4.461 4.482 4.504 4.526 4.547 4.569 4.591 4.612 4.634 4.698 4.701 4.654 4.620 4.589 4.558 4.527 4.496 4.465 4.434 4.403 4.372 4.341 4.315 4.295 4.274 4.254 4.234 4.214 4.189 4.158 4.126 4.095 4.064 4.034 4.006 3.567 3.617 3.587 3.606 3.870 3.626 3.486 3.636 3.546 3.546 3.496 3.606 3.596 3.566 3.626 3.606 3.636 4.039 3.505 3.545
4.464 4.496 4.529 4.561 4.593 4.625 4.658 4.690 4.722 4.712 4.693 4.673 4.654 4.634 4.615 4.596 4.577 4.557 4.538 4.519 4.516 4.538 4.559 4.581 4.602 4.624 4.646 4.667 4.689 4.710 4.732 4.754 4.740 4.709 4.678 4.647 4.616 4.585 4.554 4.523 4.492 4.461 4.430 4.399 4.375 4.354 4.334 4.314 4.294 4.273 4.253 4.228 4.197 4.166 4.135 4.106 4.079 4.052 4.024 3.997 3.970 3.576 3.606 3.626 3.646 3.566 3.949 3.969 3.546 4.009 3.606 4.049 4.069 3.625 3.485 3.595 3.535
4.479 4.511 4.543 4.575 4.607 4.640 4.672 4.704 4.757 4.784 4.792 4.772 4.753 4.734 4.714 4.695 4.676 4.656 4.637 4.618 4.614 4.636 4.658 4.679 4.701 4.722 4.744 4.766 4.787 4.809 4.830 4.851 4.826 4.769 4.737 4.705 4.674 4.643 4.612 4.581 4.550 4.519 4.488 4.457 4.434 4.414 4.393 4.373 3.586 4.333 4.312 4.292 4.267 4.236 4.206 4.179 4.151 4.124 4.097 3.646 3.636 3.626 3.546 3.536 3.966 3.465 4.006 4.026 3.645 4.066 4.086 4.106 4.107 4.106 4.104 4.102 3.605
4.493 4.526 4.558 4.590 4.622 4.654 4.695 4.749 4.803 4.831 4.841 4.852 4.852 4.833 4.814 4.794 4.775 4.756 4.736 4.717 4.713 4.734 4.756 4.777 4.799 4.821 4.842 4.864 4.885 4.906 4.928 4.949 4.921 4.865 4.808 4.764 4.733 4.702 4.671 4.640 4.609 4.578 4.547 4.516 4.493 4.473 4.453 4.433 4.412 4.392 4.372 4.351 4.331 4.307 4.278 4.251 4.224 4.197 4.169 4.142 4.115 4.087 4.060 3.645 3.535 3.625 4.062 4.082 3.635 4.122 4.142 4.141 4.140 4.138 4.137 4.135 4.133
4.508 4.540 4.572 4.604 4.637 4.686 4.741 4.795 4.849 4.878 4.888 4.899 4.909 4.920 4.913 4.893 4.874 4.855 4.835 4.816 4.811 4.833 4.854 4.876 4.897 4.919 4.941 4.962 4.983 5.004 5.025 5.046 5.016 4.960 4.903 4.847 4.791 4.760 4.729 4.698 4.667 4.636 4.605 4.574 4.553 4.533 4.512 4.492 4.472 4.452 4.431 4.411 4.393 4.393 4.359 4.324 4.297 4.269 4.242 4.214 4.187 4.160 3.575 4.105 3.615 4.099 4.119 4.139 4.159 3.635 4.175 4.174 4.172 4.171 4.169 4.167 4.166
4.523 4.555 4.587 4.624 4.678 4.732 4.786 4.840 4.894 4.924 4.935 4.945 4.956 4.966 4.977 4.988 4.973 4.954 4.935 4.915 4.909 4.931 4.952 4.974 4.996 5.017 5.038 5.059 5.080 5.101 5.123 5.144 5.111 5.055 4.999 4.942 4.885 4.829 4.787 4.756 4.726 4.694 4.663 4.633 4.612 4.592 4.572 4.552 4.531 4.511 4.493 4.493 4.493 4.493 4.462 4.425 4.387 4.350 4.314 3.625 4.260 4.232 3.595 3.625 4.150 4.156 4.176 4.196 4.211 4.209 4.208 4.206 4.205 4.203 4.201 4.200 4.198
4.537 4.569 4.616 4.670 4.724 4.778 4.832 4.886 4.940 4.971 4.982 4.992 5.003 5.013 5.024 5.035 5.045 5.053 5.034 5.014 5.008 5.029 5.051 5.072 5.093 5.114 5.136 5.157 5.178 5.199 5.220 5.241 5.206 5.150 5.094 5.037 4.981 4.924 4.868 4.815 4.784 4.753 4.722 4.692 4.672 4.651 4.631 4.611 4.594 4.593 4.593 4.593 4.593 4.593 4.565 4.527 4.490 4.453 4.416 4.378 3.635 3.625 3.345 4.250 4.222 4.213 4.233 4.245 4.243 4.242 4.240 4.238 4.237 4.235 4.234 4.232 4.230
4.553 4.608 4.662 4.716 4.770 4.824 4.878 4.932 4.986 5.018 5.029 5.039 5.050 5.060 5.071 5.081 5.092 5.102 5.113 5.114 5.106 5.127 5.149 5.170 5.191 5.212 5.233 5.254 5.275 5.296 5.318 5.339 5.302 5.245 5.189 5.132 5.076 5.019 4.963 4.906 4.850 4.811 4.780 4.752 4.731 4.711 4.693 4.693 4.693 4.693 4.693 4.693 4.693 4.693 4.667 4.630 4.593 4.556 4.518 4.481 4.444 3.594 4.369 4.332 4.295 4.269 4.279 4.277 4.276 4.274 4.272 4.271 4.269 4.267 4.266 4.264 4.263
4.599 4.653 4.707 4.762 4.816 4.870 4.924 4.978 5.032 5.065 5.075 5.086 5.097 5.107 5.118 5.128 5.139 5.149 5.160 5.170 5.201 5.225 5.246 5.267 5.288 5.310 5.331 5.352 5.373 5.394 5.415 5.436 5.397 5.340 5.284 5.227 5.171 5.115 5.058 5.002 4.945 4.889 4.839 4.811 4.794 4.794 4.793 4.793 4.793 4.793 4.793 4.793 4.792 4.792 4.770 4.733 4.695 4.658 4.621 4.584 4.546 4.509 4.471 4.434 4.397 4.401 4.338 4.310 4.308 4.306 4.305 4.303 4.301 4.300 4.298 4.296 4.295
4.645 4.699 4.753 4.807 4.861 4.915 4.969 5.023 5.077 5.112 5.122 5.133 5.143 5.154 5.164 5.175 5.186 5.196 5.220 5.253 5.284 5.314 5.344 5.365 5.386 5.407 5.428 5.449 5.470 5.491 5.513 5.534 5.492 5.435 5.379 5.322 5.266 5.210 5.153 5.097 5.041 4.984 4.932 4.906 4.893 4.893 4.893 4.893 4.893 4.893 4.893 4.892 4.892 4.892 4.872 4.835 4.798 4.761 4.723 4.686 4.649 4.611 4.574 4.542 4.560 4.578 4.524 4.448 4.372 4.338 4.337 4.335 4.334 4.332 4.330 4.329 4.327
4.703 4.749 4.799 4.853 4.907 4.961 5.015 5.069 5.123 5.159 5.169 5.180 5.190 5.201 5.211 5.222 5.239 5.272 5.304 5.336 5.368 5.398 5.428 5.458 5.483 5.504 5.526 5.547 5.568 5.589 5.610 5.631 5.587 5.530 5.474 5.417 5.361 5.305 5.248 5.192 5.136 5.118 5.103 5.077 5.033 4.993 4.993 4.993 4.993 4.993 4.992 4.992 4.992 4.992 4.975 4.938 4.900 4.863 4.826 4.788 4.751 4.714 4.702 4.720 4.738 4.756 4.709 4.633 4.557 4.482 4.406 4.367 4.366 4.364 4.362 4.361 4.359
4.764 4.809 4.855 4.900 4.953 5.007 5.061 5.115 5.169 5.205 5.216 5.227 5.237 5.248 5.258 5.291 5.323 5.355 5.387 5.420 5.451 5.481 5.511 5.542 5.572 5.602 5.623 5.644 5.666 5.686 5.708 5.729 5.682 5.626 5.569 5.513 5.456 5.400 5.344 5.321 5.306 5.290 5.275 5.248 5.204 5.160 5.116 5.093 5.093 5.092 5.092 5.092 5.092 5.092 5.077 5.040 5.003 4.966 4.928 4.891 4.853 4.861 4.879 4.898 4.916 4.934 4.894 4.818 4.743 4.667 4.591 4.516 4.440 4.396 4.394 4.393 4.391
