includes/overflow_coast/floodfiles/results/res-0006.wd
ncols         906
nrows         631
xllcorner     362177.146667
yllcorner     6534725.688020
cellsize      20.000000
NODATA_value  -9999.000000
[rows 306 to 339 of 631, columns 616 to 692 of 906]
0.000 0.000 0.000 0.000 0.000 0.000 0.000 0.000 0.000 0.000 0.000 0.000 0.000 0.000 0.000 0.000 0.000 0.000 0.000 0.000 0.000 0.000 0.000 0.000 0.000 0.000 0.000 0.000 0.000 0.000 0.000 0.000 0.000 0.000 0.000 0.082 0.547 0.516 0.000 0.000 0.000 0.000 0.000 0.000 0.000 0.000 0.000 0.000 0.000 0.000 0.000 0.000 0.000 0.680 0.730 1.000 0.000 0.800 0.090 1.420 1.430 0.210 0.000 1.170 1.320 0.000 0.101 1.641 1.461 0.321 1.181 0.131 0.581 1.051 0.731 1.091 1.571
0.000 0.000 0.000 0.000 0.000 0.000 0.000 0.000 0.000 0.000 0.000 0.000 0.000 0.000 0.000 0.000 0.000 0.000 0.000 0.000 0.000 0.000 0.000 0.000 0.000 0.000 0.000 0.000 0.000 0.000 0.000 0.000 0.000 0.000 0.000 0.822 0.000 0.576 0.000 0.000 0.000 0.000 0.000 0.000 0.000 0.000 0.000 0.000 0.000 0.000 0.000 0.000 0.300 0.610 0.860 1.420 0.530 0.020 1.270 0.000 0.010 1.420 1.510 0.030 0.000 1.381 1.451 0.061 0.281 0.551 1.381 0.141 0.601 1.281 1.591 1.391 0.751
0.000 0.000 0.000 0.000 0.000 0.000 0.000 0.000 0.000 0.000 0.000 0.000 0.000 0.000 0.000 0.000 0.000 0.000 0.000 0.000 0.000 0.000 0.000 0.000 0.000 0.000 0.000 0.000 0.000 0.000 0.000 0.000 0.000 0.000 0.000 1.052 1.102 0.000 0.612 0.562 0.115 0.415 0.000 0.000 0.000 0.000 0.000 0.000 0.000 0.000 0.000 0.000 0.420 0.000 0.700 1.550 0.370 0.220 0.910 0.000 0.950 0.510 0.000 1.280 0.110 1.441 0.441 0.081 0.000 1.131 0.321 0.000 0.341 0.491 0.451 1.251 0.931
0.000 0.000 0.000 0.000 0.000 0.000 0.000 0.000 0.000 0.000 0.000 0.000 0.000 0.000 0.000 0.000 0.000 0.000 0.000 0.000 0.000 0.000 0.000 0.000 0.000 0.000 0.000 0.000 0.000 0.000 0.000 0.000 0.000 0.000 0.382 1.172 1.062 1.132 0.482 0.000 0.068 0.000 0.398 0.268 0.000 0.000 0.000 0.000 0.000 0.000 0.000 0.000 0.230 0.000 0.789 0.540 0.499 1.009 0.000 0.300 0.650 1.070 0.140 0.950 0.170 1.421 1.241 0.351 0.431 1.311 0.361 0.261 0.361 0.631 1.271 1.781 1.791
0.000 0.000 0.000 0.000 0.000 0.000 0.000 0.000 0.000 0.000 0.000 0.000 0.000 0.000 0.000 0.000 0.000 0.000 0.000 0.000 0.000 0.000 0.000 0.000 0.000 0.000 0.000 0.000 0.000 0.000 0.000 0.000 0.000 0.000 0.000 1.122 0.882 1.062 0.017 0.000 0.518 0.308 0.338 0.000 0.000 0.000 0.000 0.000 0.000 0.000 0.000 0.000 0.000 0.000 0.729 0.000 0.579 1.279 1.319 1.239 0.310 0.420 0.530 0.000 0.280 1.590 0.000 1.001 0.891 0.541 0.621 0.371 0.561 0.701 0.401 0.181 0.461
0.000 0.000 0.000 0.000 0.000 0.000 0.000 0.000 0.000 0.000 0.000 0.000 0.000 0.000 0.000 0.000 0.000 0.000 0.000 0.000 0.000 0.000 0.000 0.000 0.000 0.000 0.000 0.000 0.000 0.000 0.000 0.000 0.000 0.000 0.000 0.000 0.000 0.323 0.087 0.391 0.109 0.148 0.000 0.000 0.000 0.000 0.000 0.000 0.000 0.000 0.000 0.000 0.458 0.678 0.589 0.000 0.849 1.549 1.359 0.969 0.259 0.469 0.120 0.650 0.000 1.480 0.440 0.000 0.401 0.911 1.451 1.641 0.591 0.461 0.031 0.161 0.061
0.000 0.000 0.000 0.000 0.000 0.000 0.000 0.000 0.000 0.000 0.000 0.000 0.000 0.000 0.000 0.000 0.000 0.000 0.000 0.000 0.000 0.000 0.000 0.000 0.000 0.000 0.000 0.000 0.000 0.000 0.000 0.000 0.000 0.000 0.003 0.313 0.053 0.006 0.466 0.145 0.000 0.000 0.000 0.000 0.000 0.000 0.000 0.000 0.000 0.000 0.000 0.488 0.498 0.728 0.000 0.000 1.599 0.000 0.489 1.449 0.219 1.419 0.270 1.510 0.000 1.460 0.940 0.000 0.000 0.121 0.961 1.581 1.591 0.351 0.681 0.891 0.161
0.000 0.000 0.000 0.000 0.000 0.000 0.000 0.000 0.000 0.000 0.000 0.000 0.000 0.000 0.000 0.000 0.000 0.000 0.000 0.000 0.000 0.000 0.000 0.000 0.000 0.000 0.000 0.000 0.000 0.000 0.000 0.000 0.000 0.144 0.274 0.000 0.000 0.000 0.188 0.136 0.000 0.000 0.000 0.000 0.000 0.000 0.000 0.000 0.000 0.052 0.000 0.588 0.818 0.698 0.088 0.000 1.489 0.000 1.289 1.409 0.000 1.489 0.250 1.680 0.190 1.200 0.810 1.181 1.281 1.441 1.391 1.461 1.451 1.671 1.501 1.291 0.751
0.000 0.000 0.000 0.000 0.000 0.000 0.000 0.000 0.000 0.000 0.000 0.000 0.000 0.000 0.000 0.000 0.000 0.000 0.000 0.000 0.000 0.000 0.000 0.000 0.000 0.000 0.000 0.000 0.000 0.000 0.000 0.000 0.474 0.484 0.444 0.000 1.042 0.000 0.342 0.000 0.000 0.000 0.000 0.000 0.000 0.297 0.347 0.147 0.000 0.000 0.238 0.908 0.718 1.418 0.000 0.269 1.429 0.249 1.669 1.299 0.139 1.559 0.040 1.530 1.170 0.170 0.130 0.000 0.000 0.000 0.000 0.031 0.241 0.331 0.271 0.891 0.201
0.000 0.000 0.000 0.000 0.000 0.000 0.000 0.000 0.000 0.000 0.000 0.000 0.000 0.000 0.000 0.000 0.000 0.000 0.000 0.000 0.000 0.000 0.000 0.000 0.000 0.000 0.000 0.000 0.000 0.000 0.000 0.434 0.444 0.324 0.284 0.243 1.202 0.391 0.078 0.000 0.007 0.000 0.000 0.000 0.467 0.577 0.267 0.357 0.227 1.507 1.318 1.368 0.548 0.000 0.000 0.000 1.639 1.199 1.469 1.009 0.003 1.559 0.002 1.460 1.400 0.000 0.020 0.910 1.050 0.950 1.090 1.090 0.790 0.641 0.691 0.961 0.951
0.000 0.000 0.000 0.000 0.000 0.000 0.000 0.000 0.000 0.000 0.000 0.000 0.000 0.000 0.000 0.000 0.000 0.000 0.000 0.000 0.000 0.000 0.000 0.000 0.000 0.000 0.000 0.000 0.000 0.135 0.002 0.000 0.000 0.224 0.924 1.264 0.000 0.401 0.221 0.000 0.000 0.000 0.000 0.067 0.377 0.137 0.097 1.517 1.587 1.547 1.578 0.228 0.648 0.328 0.708 0.228 1.189 1.309 1.499 0.000 1.339 1.609 0.059 0.530 1.460 1.230 0.240 0.960 1.010 1.060 0.820 1.120 1.030 1.011 1.381 1.021 0.901
0.000 0.000 0.000 0.000 0.000 0.000 0.000 0.000 0.000 0.000 0.000 0.000 0.000 0.000 0.000 0.000 0.000 0.000 0.000 0.000 0.000 0.000 0.000 0.000 0.000 0.000 0.000 0.000 0.165 0.275 0.172 0.188 0.275 1.034 1.264 0.000 0.261 0.451 0.000 0.000 0.000 0.000 0.001 0.397 0.257 1.527 1.637 1.507 1.557 0.107 0.000 1.037 0.808 0.518 0.628 0.000 0.379 1.379 0.629 0.000 1.539 1.139 1.109 0.049 1.250 0.250 0.830 0.800 0.670 0.000 0.000 0.000 0.000 0.000 0.000 0.000 0.000
0.000 0.000 0.000 0.000 0.000 0.000 0.000 0.000 0.000 0.000 0.000 0.000 0.000 0.000 0.000 0.000 0.000 0.000 0.000 0.007 0.000 0.000 0.000 0.000 0.000 0.014 0.000 0.000 0.087 0.158 0.000 0.178 0.000 0.434 1.194 1.154 0.002 0.000 0.000 0.227 0.277 0.000 1.247 1.607 1.517 1.447 1.637 0.117 0.357 0.347 0.617 0.647 0.347 0.758 0.708 0.000 0.000 1.259 0.000 1.089 1.549 0.119 0.209 1.729 0.000 0.030 1.570 0.180 1.230 1.000 0.990 0.970 0.990 0.960 0.780 0.000 1.031
0.000 0.000 0.000 0.000 0.000 0.000 0.000 0.000 0.000 0.000 0.000 0.000 0.000 0.000 0.000 0.000 0.000 0.005 0.000 0.002 0.009 0.000 0.000 0.000 0.000 0.000 0.000 0.327 0.033 0.272 0.000 0.000 0.000 0.304 0.000 0.002 1.057 0.807 0.597 0.000 1.227 1.577 1.517 1.557 1.637 0.127 0.137 0.757 0.287 0.607 0.517 0.457 0.657 0.567 0.000 0.000 1.159 1.419 0.000 1.579 1.599 0.129 1.329 0.000 0.000 0.000 1.570 0.300 1.100 0.000 0.720 0.000 0.000 0.020 0.860 0.850 0.110
0.000 0.000 0.000 0.000 0.000 0.000 0.000 0.000 0.000 0.000 0.000 0.000 0.000 0.000 0.000 0.000 0.000 0.000 0.004 0.003 0.000 0.000 0.000 0.004 0.000 0.035 0.000 0.397 0.184 0.602 0.000 0.002 0.154 0.000 0.000 0.936 0.000 0.127 1.327 1.527 1.507 1.557 1.467 0.097 0.637 0.767 0.777 0.217 0.567 0.357 0.667 0.617 0.867 0.000 0.000 0.000 1.439 1.039 0.569 1.549 1.549 0.069 0.000 1.347 0.000 0.860 0.910 1.180 1.080 0.570 0.890 0.690 0.460 0.600 0.080 0.430 0.060
0.000 0.000 0.000 0.000 0.000 0.000 0.000 0.000 0.000 0.000 0.000 0.000 0.000 0.000 0.000 0.000 0.000 0.000 0.062 0.000 1.002 0.000 0.000 0.000 0.000 0.000 0.199 0.507 0.000 0.000 0.423 0.000 0.011 0.476 1.076 0.436 1.386 1.546 1.487 1.627 1.207 0.008 0.167 0.597 0.627 0.657 1.007 0.477 0.317 0.837 0.667 0.627 0.187 0.000 0.000 0.248 1.149 0.448 1.439 1.549 0.829 0.219 1.709 0.000 0.489 0.810 1.060 0.590 0.860 0.700 0.220 0.860 0.610 0.980 0.750 0.540 0.360
0.000 0.000 0.000 0.000 0.000 0.000 0.000 0.000 0.000 0.000 0.000 0.000 0.000 0.000 0.000 0.000 0.000 0.592 0.452 0.000 0.102 0.832 0.000 0.000 0.000 0.242 0.491 0.000 0.000 0.343 0.001 0.115 0.695 0.425 0.000 0.716 1.066 1.526 0.656 0.000 0.000 0.000 0.817 0.367 0.747 0.537 0.627 0.677 0.737 0.677 0.827 0.577 0.457 0.657 0.000 0.278 0.000 1.398 0.578 0.318 0.000 0.000 0.000 0.449 0.669 0.829 0.000 0.810 0.520 0.000 0.850 0.900 0.390 0.890 0.890 0.900 0.120
0.000 0.000 0.000 0.000 0.000 0.000 0.000 0.000 0.000 0.000 0.361 0.121 0.000 0.000 0.000 0.000 0.000 0.000 0.112 0.062 0.742 1.222 0.792 0.000 0.332 0.085 0.000 0.000 0.046 0.000 0.008 0.655 0.745 0.000 0.706 0.506 0.676 0.456 0.766 0.146 0.796 0.777 0.307 0.777 0.737 0.767 0.487 0.787 0.567 0.867 0.567 0.247 0.427 0.127 0.778 1.168 0.798 1.028 0.048 0.138 0.188 0.000 0.109 0.619 1.129 0.000 0.000 0.860 0.740 0.590 0.980 0.630 0.490 0.240 0.560 0.150 0.090
0.000 0.000 0.000 0.000 0.000 0.000 0.000 0.000 0.000 1.121 1.151 0.000 0.414 0.000 0.000 0.000 0.000 0.000 1.002 1.242 0.272 0.932 0.972 0.792 1.302 0.262 0.172 0.000 0.065 0.000 1.094 0.514 0.095 0.736 0.316 0.616 0.776 0.416 0.706 0.666 0.466 0.636 0.317 0.677 0.797 0.487 0.787 0.517 0.907 0.497 0.897 0.767 0.327 0.727 1.227 0.000 1.038 1.008 0.198 0.218 0.488 0.718 1.178 1.279 0.000 0.000 0.434 0.000 0.850 0.610 0.000 0.000 0.510 0.910 0.750 0.440 0.190
0.000 0.000 0.000 0.000 0.000 0.000 0.000 0.000 0.000 0.531 0.561 0.573 0.564 0.444 0.000 0.000 0.000 1.152 0.000 0.982 0.152 0.302 1.102 0.000 0.000 0.342 0.000 0.000 0.034 1.044 1.214 0.134 0.836 0.166 0.836 0.726 0.056 0.506 0.376 0.646 0.486 0.496 0.207 0.877 0.527 0.777 0.467 0.557 0.557 0.987 0.377 0.257 0.747 0.000 0.000 0.498 0.728 0.908 0.000 1.228 0.000 1.068 1.168 0.669 0.077 0.666 0.000 0.000 0.000 0.570 0.600 0.200 0.640 0.750 0.650 0.510 0.250
0.000 0.000 0.000 0.000 0.000 0.000 0.000 0.000 1.069 0.800 0.000 0.000 0.804 0.725 0.285 0.000 1.232 1.142 0.582 0.332 1.022 0.502 0.762 1.082 0.000 0.192 0.000 0.383 1.183 0.584 0.544 0.564 0.166 0.746 0.816 0.026 0.636 0.766 0.316 0.726 0.906 0.366 0.636 0.867 0.587 0.297 0.697 0.807 0.617 0.697 0.567 0.687 0.000 0.197 0.627 0.758 0.568 0.628 0.948 0.178 1.108 1.428 0.000 0.000 0.676 0.716 0.000 0.338 0.000 0.430 0.860 0.510 0.140 0.810 0.800 0.720 0.370
0.000 0.000 0.000 0.002 0.174 0.355 0.275 0.000 1.029 0.789 0.000 0.000 0.000 0.885 0.785 0.765 0.000 1.312 0.062 0.792 1.152 0.000 0.000 0.222 0.000 0.000 0.161 0.453 1.823 0.094 0.714 0.003 0.856 0.726 0.017 0.246 0.256 0.666 0.596 0.226 0.446 0.536 0.706 0.756 0.177 0.777 0.267 0.507 0.457 0.977 0.567 0.197 0.387 1.147 0.727 0.917 0.958 0.518 0.000 1.208 1.228 0.000 0.000 0.236 0.376 0.586 0.047 0.748 0.023 0.000 0.550 0.640 0.000 0.150 0.000 0.460 0.000
0.000 0.000 0.000 0.000 0.000 0.285 0.406 0.000 0.879 0.909 0.000 0.000 0.000 0.000 1.075 0.835 0.486 0.000 1.222 0.682 0.343 0.475 0.000 0.012 0.000 0.000 0.410 1.652 0.000 0.754 0.000 0.846 0.556 0.036 0.477 1.567 0.000 0.000 0.766 0.356 0.626 0.856 0.186 0.186 0.216 0.456 0.426 0.257 0.187 0.087 0.000 0.207 0.367 0.667 0.947 0.967 0.837 0.000 1.148 1.268 0.000 0.000 0.686 0.656 0.416 0.156 0.346 0.000 0.484 0.000 0.000 0.510 0.379 0.469 0.289 0.000 0.000
0.000 0.000 0.000 0.000 0.000 0.033 0.038 0.659 0.929 0.349 0.369 0.000 0.000 0.000 0.000 0.986 0.656 0.256 0.000 0.142 0.000 0.695 0.466 0.000 0.000 0.456 1.588 0.000 0.098 0.000 0.726 0.636 0.003 0.417 0.937 0.017 1.656 1.146 1.006 0.606 0.356 0.656 0.746 0.746 0.946 0.366 0.706 0.416 0.416 0.126 0.386 0.000 0.907 0.387 0.287 0.487 0.000 1.067 1.188 0.000 0.136 0.616 0.686 0.606 0.146 0.196 0.706 0.756 0.000 0.426 0.000 0.000 0.209 0.000 0.699 0.000 0.000
0.000 0.000 0.000 0.000 0.000 0.000 0.000 0.099 0.749 0.269 0.639 0.132 0.000 0.000 0.000 0.000 1.017 0.717 1.117 0.499 0.489 0.107 0.397 0.000 0.504 1.655 0.007 0.709 0.000 0.786 0.476 0.076 0.337 1.057 0.000 1.476 1.456 1.296 0.036 0.676 0.466 0.356 0.646 0.256 0.536 0.646 0.566 0.466 0.176 0.046 0.000 1.147 0.197 1.097 0.387 0.497 1.057 1.357 0.000 0.516 0.576 0.546 0.716 0.136 0.356 0.776 0.746 0.676 0.586 1.056 0.000 0.238 0.678 0.798 0.000 0.000 0.000
0.000 0.000 0.000 0.000 0.000 0.000 0.899 0.409 1.169 0.000 0.000 0.225 0.415 0.000 0.000 0.000 0.000 0.247 0.817 0.058 0.000 1.158 0.135 0.622 0.803 0.000 0.649 0.000 0.417 0.497 0.127 0.297 1.007 0.003 1.256 1.386 1.066 0.436 0.386 0.286 0.576 0.516 0.916 0.886 0.296 0.206 0.876 0.626 1.716 1.106 1.116 0.157 1.197 0.097 1.197 0.867 0.947 0.097 0.767 0.000 0.906 0.916 0.446 0.000 0.736 0.356 0.656 0.536 0.536 0.606 0.057 0.897 0.000 0.000 0.552 0.000 0.468
0.000 0.000 0.000 0.000 0.000 0.000 0.839 0.719 0.439 0.000 0.000 0.535 0.000 0.187 0.000 0.000 0.000 1.998 0.000 1.281 0.391 0.000 1.242 0.502 0.883 1.383 0.000 0.527 0.317 0.187 0.327 1.007 0.000 1.006 1.036 1.456 0.206 0.606 0.606 0.656 0.496 0.526 0.000 0.616 0.626 0.746 0.876 0.866 0.046 0.976 0.276 1.106 0.127 1.047 0.017 0.008 0.257 0.176 0.000 1.016 0.876 1.166 0.000 0.776 0.266 0.446 1.936 1.656 0.646 0.000 0.087 0.737 0.597 2.187 0.000 0.238 0.708
0.000 0.000 0.000 0.000 0.000 0.659 0.839 0.749 1.719 1.489 0.000 0.575 0.000 0.767 0.000 0.898 0.648 1.138 0.061 2.341 0.000 0.000 1.232 0.072 1.033 0.000 0.807 0.757 0.277 0.237 0.847 0.000 0.926 0.786 1.106 0.316 0.356 0.416 0.386 0.356 0.001 0.686 0.596 0.246 0.596 0.476 0.756 0.656 1.836 0.066 0.556 0.416 1.116 0.000 0.876 1.146 0.716 0.226 0.356 0.976 1.126 0.000 0.506 0.726 0.000 0.096 0.000 1.156 0.000 1.187 1.137 0.567 0.977 0.000 0.000 0.638 0.508
0.000 0.000 0.000 0.000 0.000 1.129 1.959 1.729 0.989 0.000 0.000 0.000 1.087 0.187 0.137 0.000 1.568 0.000 0.053 1.581 0.551 0.000 0.009 1.572 0.000 0.867 0.737 0.517 0.057 0.997 0.000 0.846 0.336 0.346 0.326 0.336 0.316 0.696 0.596 0.526 0.496 0.396 0.686 0.556 0.796 0.866 0.676 0.116 0.000 0.000 0.046 0.716 0.246 1.066 1.106 0.796 0.766 0.586 0.346 0.004 0.000 0.266 0.576 0.000 1.876 1.306 1.246 0.000 1.357 1.227 0.000 1.207 1.087 0.000 1.218 1.358 0.000
0.000 0.000 0.000 0.000 0.000 1.119 0.000 1.009 0.000 0.000 0.000 0.000 1.337 0.267 0.058 0.193 0.009 0.261 0.000 1.721 1.741 1.701 0.074 0.000 0.547 0.000 0.987 0.107 1.057 0.000 1.142 0.000 0.796 0.746 1.356 0.666 1.496 0.246 0.466 0.426 0.546 0.506 0.656 0.646 0.066 0.746 0.836 0.406 0.686 0.276 1.946 0.856 0.000 0.636 1.106 0.026 0.306 0.736 0.816 0.226 0.996 1.056 1.196 0.476 1.376 0.056 0.276 1.467 1.047 0.000 1.177 1.197 0.000 0.188 1.338 1.018 0.478
0.000 0.000 0.000 0.000 0.000 0.000 0.000 0.000 0.000 0.000 0.057 1.187 0.167 1.437 0.000 1.033 0.653 0.000 1.731 1.831 1.631 0.000 1.457 2.107 0.887 0.807 1.037 1.127 0.857 0.907 0.000 1.036 0.586 0.826 0.566 0.126 1.146 1.046 0.656 0.616 0.376 0.186 0.000 0.556 0.816 0.286 0.296 0.946 0.686 1.306 0.246 0.126 0.000 1.246 0.315 0.514 0.000 0.236 0.696 0.616 0.366 2.226 0.000 0.536 1.556 1.486 0.746 0.047 0.447 1.367 0.817 0.002 0.000 0.003 0.000 0.000 0.988
0.000 0.000 0.000 0.000 0.000 0.000 0.000 0.000 0.000 0.197 1.227 0.257 0.127 0.457 0.229 1.213 0.107 1.301 1.801 1.771 0.021 0.000 0.967 2.267 0.247 1.087 0.000 1.057 0.096 0.086 0.395 0.506 0.456 0.936 1.036 1.716 0.886 1.456 0.001 0.636 0.706 0.636 0.726 0.007 1.036 0.906 0.786 0.000 1.456 0.046 1.365 1.435 0.155 0.000 1.204 0.784 0.934 0.035 0.000 1.596 0.000 1.406 1.506 1.426 1.456 0.696 1.406 1.586 0.307 0.000 0.657 0.002 0.007 0.175 0.000 0.000 0.000
0.000 0.000 0.000 0.000 0.000 0.000 0.000 0.000 0.000 1.207 0.000 0.000 0.634 0.116 0.217 0.130 0.000 1.671 1.781 1.721 0.000 1.380 0.000 0.000 0.627 0.727 0.817 0.000 1.045 0.155 0.425 1.005 0.405 0.456 0.666 0.576 0.136 1.366 1.406 0.806 0.436 0.386 0.286 0.156 1.546 0.216 1.546 1.226 0.116 1.425 0.265 1.315 0.264 1.154 1.484 0.000 0.144 0.764 0.624 0.214 0.564 0.000 0.646 0.000 0.000 1.506 1.646 0.326 1.466 1.416 0.000 0.115 0.225 0.045 0.435 0.435 0.000
0.000 0.000 0.000 0.000 0.000 0.000 0.000 0.000 0.000 0.000 0.241 0.251 0.263 0.274 0.625 0.000 1.731 1.931 1.631 0.000 0.420 0.200 0.000 1.547 0.867 0.000 0.000 1.065 0.345 1.315 0.055 0.365 0.975 1.055 0.635 1.055 1.705 0.956 1.486 0.000 0.495 0.605 0.495 0.056 1.546 0.266 1.446 0.626 1.566 0.145 1.585 0.205 1.524 1.354 1.784 1.754 1.224 0.154 0.773 0.683 0.000 1.416 0.726 1.326 0.000 0.000 0.000 1.356 1.406 0.000 0.265 0.735 0.385 0.355 0.445 0.595 0.345
