includes/overflow_coast/floodfiles/results/res-0004.wd
ncols         906
nrows         631
xllcorner     362177.146667
yllcorner     6534725.688020
cellsize      20.000000
NODATA_value  -9999.000000
[rows 306 to 339 of 631, columns 616 to 692 of 906]
0.000 0.000 0.000 0.000 0.000 0.000 0.000 0.000 0.000 0.000 0.000 0.000 0.000 0.000 0.000 0.000 0.000 0.000 0.000 0.000 0.000 0.000 0.000 0.000 0.000 0.000 0.000 0.000 0.000 0.000 0.000 0.000 0.000 0.000 0.000 0.000 0.000 0.000 0.000 0.000 0.000 0.000 0.000 0.000 0.000 0.000 0.000 0.000 0.000 0.000 0.000 0.000 0.000 0.748 0.802 1.073 0.001 0.117 0.040 0.293 0.305 0.094 0.000 0.016 0.003 0.000 0.000 0.000 0.000 0.000 0.000 0.000 0.000 0.000 0.000 0.000 0.000
0.000 0.000 0.000 0.000 0.000 0.000 0.000 0.000 0.000 0.000 0.000 0.000 0.000 0.000 0.000 0.000 0.000 0.000 0.000 0.000 0.000 0.000 0.000 0.000 0.000 0.000 0.000 0.000 0.000 0.000 0.000 0.000 0.000 0.000 0.000 0.000 0.000 0.000 0.000 0.000 0.000 0.000 0.000 0.000 0.000 0.000 0.000 0.000 0.000 0.000 0.000 0.000 0.366 0.680 0.936 1.497 0.608 0.064 1.335 0.000 0.026 1.459 1.549 0.017 0.000 0.000 0.000 0.000 0.000 0.000 0.000 0.000 0.000 0.000 0.000 0.002 0.000
0.000 0.000 0.000 0.000 0.000 0.000 0.000 0.000 0.000 0.000 0.000 0.000 0.000 0.000 0.000 0.000 0.000 0.000 0.000 0.000 0.000 0.000 0.000 0.000 0.000 0.000 0.000 0.000 0.000 0.000 0.000 0.000 0.000 0.000 0.000 0.000 0.000 0.000 0.000 0.000 0.000 0.000 0.000 0.000 0.000 0.000 0.000 0.000 0.000 0.000 0.000 0.000 0.484 0.046 0.782 1.629 0.452 0.301 0.974 0.000 1.007 0.563 0.000 0.576 0.000 0.002 0.000 0.000 0.000 0.000 0.000 0.000 0.000 0.000 0.000 0.029 0.086
0.000 0.000 0.000 0.000 0.000 0.000 0.000 0.000 0.000 0.000 0.000 0.000 0.000 0.000 0.000 0.000 0.000 0.000 0.000 0.000 0.000 0.000 0.000 0.000 0.000 0.000 0.000 0.000 0.000 0.000 0.000 0.000 0.000 0.000 0.000 0.000 0.000 0.000 0.000 0.000 0.000 0.000 0.000 0.000 0.000 0.000 0.000 0.000 0.000 0.000 0.000 0.000 0.292 0.000 0.888 0.629 0.590 1.102 0.000 0.376 0.710 1.128 0.138 0.266 0.000 0.050 0.000 0.000 0.000 0.005 0.000 0.000 0.000 0.000 0.000 0.005 0.056
0.000 0.000 0.000 0.000 0.000 0.000 0.000 0.000 0.000 0.000 0.000 0.000 0.000 0.000 0.000 0.000 0.000 0.000 0.000 0.000 0.000 0.000 0.000 0.000 0.000 0.000 0.000 0.000 0.000 0.000 0.000 0.000 0.000 0.000 0.000 0.000 0.000 0.000 0.000 0.000 0.000 0.000 0.000 0.000 0.000 0.000 0.000 0.000 0.000 0.000 0.000 0.000 0.006 0.050 0.858 0.000 0.672 1.372 1.411 1.332 0.383 0.485 0.586 0.000 0.000 0.338 0.000 0.000 0.004 0.020 0.139 0.000 0.023 0.002 0.000 0.000 0.000
0.000 0.000 0.000 0.000 0.000 0.000 0.000 0.000 0.000 0.000 0.000 0.000 0.000 0.000 0.000 0.000 0.000 0.000 0.000 0.000 0.000 0.000 0.000 0.000 0.000 0.000 0.000 0.000 0.000 0.000 0.000 0.000 0.000 0.000 0.000 0.000 0.000 0.000 0.000 0.000 0.000 0.000 0.000 0.000 0.000 0.000 0.000 0.000 0.000 0.000 0.000 0.000 0.677 0.890 0.763 0.000 0.942 1.642 1.452 1.062 0.341 0.546 0.155 0.589 0.000 0.286 0.000 0.000 0.000 0.440 0.981 1.171 0.111 0.000 0.000 0.000 0.000
0.000 0.000 0.000 0.000 0.000 0.000 0.000 0.000 0.000 0.000 0.000 0.000 0.000 0.000 0.000 0.000 0.000 0.000 0.000 0.000 0.000 0.000 0.000 0.000 0.000 0.000 0.000 0.000 0.000 0.000 0.000 0.000 0.000 0.000 0.000 0.000 0.000 0.000 0.000 0.000 0.000 0.000 0.000 0.000 0.000 0.000 0.000 0.000 0.000 0.000 0.000 0.716 0.723 0.952 0.000 0.000 1.694 0.000 0.584 1.544 0.305 1.506 0.300 1.446 0.000 0.330 0.131 0.000 0.000 0.000 0.490 1.111 1.122 0.000 0.232 0.448 0.000
0.000 0.000 0.000 0.000 0.000 0.000 0.000 0.000 0.000 0.000 0.000 0.000 0.000 0.000 0.000 0.000 0.000 0.000 0.000 0.000 0.000 0.000 0.000 0.000 0.000 0.000 0.000 0.000 0.000 0.000 0.000 0.000 0.000 0.000 0.000 0.000 0.000 0.000 0.000 0.000 0.000 0.000 0.000 0.000 0.000 0.000 0.000 0.000 0.067 0.185 0.134 0.818 1.048 0.927 0.317 0.000 1.585 0.000 1.385 1.505 0.000 1.577 0.279 1.613 0.038 0.214 0.170 0.681 0.793 0.962 0.917 0.991 0.984 1.212 1.048 0.849 0.303
0.000 0.000 0.000 0.000 0.000 0.000 0.000 0.000 0.000 0.000 0.000 0.000 0.000 0.000 0.000 0.000 0.000 0.000 0.000 0.000 0.000 0.000 0.000 0.000 0.000 0.000 0.000 0.000 0.000 0.000 0.000 0.000 0.013 0.085 0.101 0.000 0.471 0.000 0.000 0.000 0.000 0.000 0.000 0.000 0.000 0.538 0.588 0.388 0.187 0.136 0.474 1.142 0.950 1.648 0.000 0.363 1.525 0.345 1.766 1.396 0.232 1.650 0.076 1.460 1.096 0.012 0.000 0.000 0.000 0.000 0.000 0.000 0.023 0.072 0.004 0.536 0.000
0.000 0.000 0.000 0.000 0.000 0.000 0.000 0.000 0.000 0.000 0.000 0.000 0.000 0.000 0.000 0.000 0.000 0.000 0.000 0.000 0.000 0.000 0.000 0.000 0.000 0.000 0.000 0.000 0.000 0.000 0.000 0.001 0.041 0.078 0.106 0.072 0.633 0.120 0.000 0.000 0.000 0.000 0.000 0.000 0.708 0.818 0.508 0.597 0.467 1.746 1.556 1.604 0.784 0.000 0.044 0.000 1.735 1.296 1.566 1.106 0.093 1.653 0.050 1.388 1.326 0.000 0.000 0.796 0.932 0.820 0.940 0.926 0.605 0.424 0.440 0.668 0.657
0.000 0.000 0.000 0.000 0.000 0.000 0.000 0.000 0.000 0.000 0.000 0.000 0.000 0.000 0.000 0.000 0.000 0.000 0.000 0.000 0.000 0.000 0.000 0.000 0.000 0.000 0.000 0.000 0.000 0.000 0.000 0.000 0.000 0.103 0.827 1.166 0.000 0.201 0.022 0.000 0.000 0.000 0.000 0.309 0.618 0.378 0.338 1.757 1.827 1.786 1.816 0.465 0.884 0.563 0.941 0.407 1.287 1.406 1.596 0.000 1.437 1.705 0.127 0.457 1.385 1.152 0.148 0.850 0.894 0.930 0.670 0.953 0.844 0.794 1.131 0.741 0.607
0.000 0.000 0.000 0.000 0.000 0.000 0.000 0.000 0.000 0.000 0.000 0.000 0.000 0.000 0.000 0.000 0.000 0.000 0.000 0.000 0.000 0.000 0.000 0.000 0.000 0.000 0.000 0.000 0.000 0.000 0.000 0.026 0.172 0.942 1.171 0.000 0.181 0.287 0.014 0.000 0.000 0.000 0.219 0.639 0.498 1.768 1.878 1.747 1.797 0.347 0.206 1.275 1.044 0.754 0.863 0.000 0.477 1.478 0.727 0.000 1.639 1.237 1.207 0.100 1.175 0.164 0.766 0.718 0.588 0.000 0.000 0.000 0.000 0.000 0.000 0.000 0.000
0.000 0.000 0.000 0.000 0.000 0.000 0.000 0.000 0.000 0.000 0.000 0.000 0.000 0.000 0.000 0.000 0.000 0.000 0.000 0.000 0.000 0.000 0.000 0.000 0.000 0.000 0.000 0.000 0.000 0.000 0.000 0.000 0.000 0.342 1.103 1.066 0.119 0.006 0.019 0.469 0.519 0.000 1.489 1.849 1.759 1.688 1.878 0.358 0.597 0.587 0.856 0.886 0.585 0.994 0.944 0.000 0.000 1.361 0.000 1.194 1.653 0.218 0.306 1.823 0.000 0.000 1.525 0.133 1.185 0.955 0.944 0.924 0.944 0.914 0.734 0.000 0.804
0.000 0.000 0.000 0.000 0.000 0.000 0.000 0.000 0.000 0.000 0.000 0.000 0.000 0.000 0.000 0.000 0.000 0.000 0.000 0.000 0.000 0.000 0.000 0.000 0.000 0.000 0.000 0.000 0.000 0.044 0.000 0.000 0.003 0.210 0.000 0.188 1.293 1.045 0.837 0.000 1.469 1.819 1.759 1.799 1.879 0.369 0.379 0.998 0.528 0.847 0.757 0.696 0.896 0.805 0.000 0.000 1.265 1.524 0.000 1.685 1.705 0.229 1.425 0.000 0.000 0.000 1.527 0.259 1.059 0.000 0.676 0.000 0.000 0.000 0.813 0.803 0.030
0.000 0.000 0.000 0.000 0.000 0.000 0.000 0.000 0.000 0.000 0.000 0.000 0.000 0.000 0.000 0.000 0.000 0.000 0.000 0.000 0.000 0.000 0.000 0.000 0.000 0.000 0.000 0.000 0.001 0.459 0.087 0.199 0.383 0.018 0.108 1.178 0.000 0.369 1.570 1.769 1.749 1.799 1.709 0.340 0.880 1.010 1.020 0.459 0.808 0.597 0.907 0.856 1.106 0.056 0.000 0.094 1.546 1.146 0.677 1.656 1.656 0.175 0.016 0.008 0.000 0.841 0.879 1.145 1.043 0.531 0.847 0.647 0.416 0.555 0.035 0.383 0.007
0.000 0.000 0.000 0.000 0.000 0.000 0.000 0.000 0.000 0.000 0.000 0.000 0.000 0.000 0.000 0.000 0.000 0.000 0.000 0.000 0.000 0.000 0.000 0.000 0.000 0.000 0.000 0.000 0.000 0.043 0.549 0.121 0.245 0.717 1.318 0.679 1.630 1.790 1.730 1.870 1.449 0.250 0.410 0.840 0.870 0.900 1.250 0.720 0.559 1.078 0.907 0.866 0.425 0.056 0.000 0.391 1.257 0.564 1.549 1.658 0.937 0.326 1.815 0.000 0.518 0.804 1.035 0.557 0.823 0.662 0.178 0.817 0.566 0.934 0.703 0.491 0.255
0.000 0.000 0.000 0.000 0.000 0.000 0.000 0.000 0.000 0.000 0.000 0.000 0.000 0.000 0.000 0.000 0.000 0.000 0.000 0.000 0.000 0.000 0.000 0.000 0.000 0.000 0.000 0.000 0.000 0.476 0.139 0.355 0.935 0.667 0.070 0.961 1.310 1.770 0.900 0.171 0.000 0.000 1.061 0.611 0.991 0.781 0.870 0.920 0.979 0.918 1.067 0.816 0.694 0.892 0.078 0.453 0.000 1.563 0.717 0.454 0.000 0.059 0.000 0.540 0.726 0.848 0.000 0.776 0.485 0.000 0.808 0.857 0.345 0.844 0.843 0.853 0.042
0.000 0.000 0.000 0.000 0.000 0.000 0.000 0.000 0.000 0.000 0.000 0.000 0.000 0.000 0.000 0.000 0.000 0.000 0.000 0.000 0.000 0.000 0.000 0.000 0.000 0.000 0.000 0.000 0.275 0.000 0.242 0.895 0.985 0.209 0.952 0.751 0.921 0.701 1.012 0.393 1.044 1.024 0.553 1.022 0.982 1.011 0.730 1.030 0.809 1.108 0.807 0.486 0.663 0.351 0.982 1.362 0.989 1.212 0.223 0.312 0.366 0.029 0.262 0.739 1.216 0.000 0.000 0.826 0.706 0.555 0.938 0.587 0.445 0.194 0.513 0.102 0.021
0.000 0.000 0.000 0.000 0.000 0.000 0.000 0.000 0.000 0.000 0.000 0.000 0.000 0.000 0.000 0.000 0.000 0.000 0.000 0.000 0.000 0.000 0.000 0.000 0.084 0.049 0.071 0.000 0.295 0.179 1.331 0.753 0.337 0.981 0.562 0.862 1.021 0.663 0.953 0.914 0.714 0.884 0.563 0.922 1.042 0.732 1.031 0.760 1.149 0.738 1.137 1.006 0.562 0.942 1.437 0.005 1.230 1.199 0.384 0.402 0.669 0.897 1.354 1.451 0.000 0.005 0.433 0.001 0.817 0.580 0.000 0.000 0.464 0.863 0.702 0.390 0.095
0.000 0.000 0.000 0.000 0.000 0.000 0.000 0.000 0.000 0.000 0.000 0.000 0.000 0.000 0.000 0.000 0.000 0.000 0.000 0.000 0.000 0.000 0.000 0.000 0.000 0.170 0.060 0.109 0.264 1.280 1.450 0.373 1.078 0.411 1.082 0.972 0.304 0.755 0.625 0.895 0.735 0.744 0.454 1.124 0.773 1.022 0.711 0.801 0.800 1.229 0.618 0.496 0.984 0.000 0.057 0.701 0.925 1.104 0.043 1.417 0.046 1.249 1.346 0.845 0.349 0.957 0.000 0.003 0.000 0.555 0.590 0.187 0.594 0.703 0.602 0.459 0.149
0.000 0.000 0.000 0.000 0.000 0.000 0.000 0.000 0.000 0.000 0.000 0.000 0.000 0.000 0.000 0.000 0.000 0.000 0.000 0.000 0.000 0.000 0.000 0.000 0.000 0.000 0.000 0.604 1.409 0.818 0.780 0.802 0.409 0.992 1.062 0.275 0.887 1.017 0.566 0.976 1.156 0.616 0.886 1.115 0.834 0.544 0.942 1.051 0.860 0.939 0.808 0.926 0.000 0.411 0.839 0.967 0.773 0.830 1.149 0.373 1.300 1.615 0.007 0.125 0.968 1.008 0.003 0.632 0.008 0.420 0.855 0.508 0.110 0.762 0.751 0.669 0.266
0.000 0.000 0.000 0.000 0.000 0.000 0.000 0.000 0.000 0.000 0.000 0.000 0.000 0.000 0.000 0.000 0.000 0.000 0.000 0.000 0.000 0.000 0.000 0.000 0.000 0.000 0.364 0.669 2.049 0.327 0.950 0.238 1.103 0.973 0.265 0.497 0.507 0.917 0.849 0.479 0.699 0.789 0.957 1.006 0.427 1.027 0.515 0.752 0.701 1.219 0.808 0.431 0.609 1.363 0.941 1.129 1.168 0.724 0.062 1.406 1.423 0.000 0.007 0.529 0.669 0.879 0.342 1.042 0.312 0.000 0.551 0.647 0.002 0.187 0.014 0.409 0.000
0.000 0.000 0.000 0.000 0.000 0.000 0.000 0.000 0.000 0.000 0.000 0.000 0.000 0.000 0.000 0.000 0.000 0.000 0.000 0.000 0.000 0.000 0.000 0.000 0.000 0.015 0.598 1.856 0.016 0.987 0.015 1.094 0.804 0.285 0.727 1.817 0.093 0.055 1.024 0.614 0.883 1.113 0.442 0.441 0.471 0.710 0.680 0.509 0.438 0.336 0.201 0.437 0.589 0.884 1.161 1.180 1.049 0.000 1.354 1.470 0.000 0.240 0.980 0.950 0.709 0.451 0.642 0.045 0.772 0.232 0.000 0.543 0.459 0.546 0.367 0.035 0.000
0.000 0.000 0.000 0.000 0.000 0.000 0.000 0.000 0.000 0.000 0.000 0.000 0.000 0.000 0.000 0.000 0.000 0.000 0.000 0.000 0.000 0.000 0.000 0.000 0.000 0.575 1.739 0.000 0.049 0.000 0.974 0.884 0.245 0.667 1.187 0.274 1.920 1.410 1.268 0.867 0.616 0.915 1.005 1.005 1.205 0.624 0.964 0.673 0.673 0.381 0.640 0.000 1.130 0.609 0.507 0.707 0.105 1.282 1.398 0.000 0.430 0.910 0.980 0.900 0.441 0.492 1.002 1.052 0.004 0.722 0.151 0.002 0.400 0.004 0.777 0.000 0.000
0.000 0.000 0.000 0.000 0.000 0.000 0.000 0.000 0.000 0.000 0.000 0.000 0.000 0.000 0.000 0.000 0.000 0.000 0.000 0.000 0.000 0.000 0.012 0.000 0.543 1.736 0.147 0.864 0.003 1.034 0.724 0.325 0.586 1.307 0.175 1.740 1.720 1.560 0.299 0.938 0.727 0.617 0.907 0.517 0.796 0.906 0.826 0.726 0.435 0.305 0.000 1.389 0.432 1.323 0.612 0.721 1.280 1.577 0.000 0.810 0.870 0.840 1.010 0.431 0.652 1.073 1.042 0.972 0.882 1.352 0.270 0.518 0.935 1.055 0.005 0.000 0.006
0.000 0.000 0.000 0.000 0.000 0.000 0.000 0.000 0.000 0.000 0.000 0.000 0.000 0.000 0.000 0.000 0.000 0.000 0.000 0.000 0.000 0.022 0.058 0.612 0.795 0.046 0.795 0.114 0.663 0.744 0.374 0.545 1.256 0.254 1.520 1.650 1.330 0.700 0.650 0.549 0.839 0.779 1.178 1.148 0.558 0.468 1.138 0.888 1.977 1.367 1.376 0.409 1.442 0.336 1.423 1.093 1.173 0.332 1.002 0.000 1.200 1.210 0.740 0.202 1.033 0.652 0.952 0.832 0.832 0.901 0.351 1.190 0.236 0.015 0.654 0.005 0.790
0.000 0.000 0.000 0.000 0.000 0.000 0.000 0.000 0.000 0.000 0.000 0.000 0.000 0.000 0.000 0.000 0.000 0.000 0.000 0.836 0.000 0.000 1.243 0.497 0.873 1.373 0.068 0.773 0.563 0.434 0.574 1.254 0.048 1.271 1.301 1.721 0.471 0.871 0.871 0.921 0.760 0.790 0.200 0.880 0.890 1.009 1.139 1.129 0.308 1.237 0.537 1.366 0.383 1.301 0.274 0.266 0.517 0.439 0.086 1.311 1.171 1.460 0.065 1.074 0.563 0.742 2.232 1.952 0.942 0.152 0.382 1.032 0.892 2.482 0.101 0.560 1.030
0.000 0.000 0.000 0.000 0.000 0.000 0.000 0.000 0.000 0.000 0.000 0.000 0.000 0.000 0.000 0.000 0.000 0.000 0.000 1.898 0.000 0.000 1.236 0.043 1.022 0.027 1.053 1.003 0.523 0.483 1.094 0.004 1.191 1.051 1.371 0.582 0.622 0.682 0.652 0.622 0.252 0.952 0.862 0.511 0.861 0.740 1.020 0.920 2.099 0.329 0.820 0.680 1.380 0.180 1.159 1.429 0.998 0.509 0.645 1.271 1.421 0.006 0.805 1.024 0.000 0.394 0.143 1.452 0.074 1.483 1.433 0.862 1.272 0.000 0.031 0.960 0.830
0.000 0.000 0.000 0.000 0.000 0.000 0.000 0.000 0.000 0.000 0.000 0.000 0.000 0.000 0.000 0.000 0.000 0.000 0.000 1.138 0.065 0.000 0.070 1.591 0.000 1.112 0.982 0.762 0.303 1.243 0.104 1.114 0.603 0.613 0.593 0.603 0.583 0.963 0.863 0.793 0.763 0.663 0.953 0.822 1.062 1.132 0.941 0.382 0.192 0.133 0.313 0.984 0.516 1.349 1.389 1.079 1.049 0.872 0.635 0.289 0.003 0.565 0.875 0.000 2.175 1.604 1.544 0.204 1.653 1.523 0.000 1.502 1.382 0.126 1.540 1.680 0.160
0.000 0.000 0.000 0.000 0.000 0.000 0.000 0.000 0.000 0.000 0.000 0.000 0.000 0.000 0.000 0.000 0.000 0.000 0.000 1.280 1.300 1.261 0.184 0.056 0.787 0.200 1.232 0.352 1.303 0.175 1.359 0.224 1.065 1.015 1.625 0.935 1.765 0.514 0.734 0.694 0.813 0.773 0.923 0.913 0.333 1.012 1.102 0.674 0.955 0.545 2.215 1.124 0.001 0.919 1.389 0.311 0.592 1.024 1.106 0.519 1.295 1.355 1.495 0.775 1.675 0.354 0.574 1.764 1.344 0.074 1.473 1.492 0.231 0.507 1.660 1.340 0.800
0.000 0.000 0.000 0.000 0.000 0.000 0.000 0.000 0.000 0.000 0.000 0.000 0.000 0.000 0.000 0.000 0.000 0.000 1.293 1.392 1.191 0.000 1.696 2.346 1.127 1.048 1.281 1.372 1.103 1.154 0.220 1.305 0.855 1.095 0.835 0.395 1.415 1.315 0.925 0.885 0.645 0.454 0.194 0.824 1.086 0.555 0.565 1.215 0.955 1.575 0.517 0.397 0.000 1.530 0.601 0.802 0.253 0.525 0.986 0.908 0.665 2.526 0.145 0.835 1.855 1.784 1.044 0.344 0.743 1.663 1.113 0.276 0.213 0.312 0.259 0.239 1.310
0.000 0.000 0.000 0.000 0.000 0.000 0.000 0.000 0.000 0.000 0.000 0.000 0.000 0.000 0.000 0.000 0.000 0.866 1.364 1.334 0.040 0.084 1.206 2.506 0.487 1.328 0.061 1.302 0.352 0.347 0.665 0.775 0.725 1.205 1.305 1.985 1.155 1.725 0.255 0.905 0.975 0.905 0.995 0.276 1.306 1.176 1.056 0.216 1.725 0.318 1.643 1.713 0.437 0.012 1.494 1.073 1.223 0.326 0.248 1.889 0.023 1.706 1.806 1.725 1.755 0.994 1.704 1.884 0.604 0.153 0.953 0.289 0.323 0.504 0.006 0.233 0.043
0.000 0.000 0.000 0.000 0.000 0.000 0.000 0.000 0.000 0.000 0.000 0.000 0.000 0.000 0.000 0.000 0.000 1.236 1.345 1.284 0.000 1.536 0.000 0.116 0.867 0.968 1.058 0.000 1.314 0.424 0.695 1.275 0.676 0.726 0.936 0.846 0.406 1.636 1.676 1.076 0.706 0.656 0.556 0.426 1.816 0.486 1.817 1.496 0.387 1.700 0.543 1.593 0.550 1.444 1.774 0.254 0.435 1.059 0.919 0.509 0.859 0.196 0.946 0.000 0.003 1.804 1.944 0.624 1.763 1.713 0.140 0.443 0.553 0.373 0.763 0.763 0.050
0.000 0.000 0.000 0.000 0.000 0.000 0.000 0.000 0.000 0.000 0.000 0.000 0.000 0.000 0.000 0.000 1.298 1.497 1.196 0.000 0.575 0.355 0.006 1.786 1.106 0.000 0.191 1.336 0.616 1.586 0.326 0.636 1.246 1.326 0.906 1.326 1.976 1.226 1.756 0.206 0.766 0.876 0.766 0.326 1.816 0.536 1.717 0.896 1.837 0.420 1.862 0.486 1.814 1.644 2.074 2.044 1.515 0.449 1.069 0.979 0.024 1.717 1.027 1.627 0.048 0.000 0.031 1.654 1.704 0.092 0.594 1.064 0.713 0.683 0.773 0.923 0.673
