includes/overflow_coast/floodfiles/results/res.max
ncols         906
nrows         631
xllcorner     362177.146667
yllcorner     6534725.688020
cellsize      20.000000
NODATA_value  -9999.000000
[rows 510 to 543 of 631, columns 0 to 76 of 906]
7.175 7.067 6.959 6.851 6.634 6.411 6.560 6.687 6.801 6.915 7.030 7.144 7.258 7.373 7.487 7.601 7.716 7.701 7.670 7.638 7.607 7.576 7.584 7.611 7.638 7.664 7.661 7.617 7.573 7.528 7.484 7.440 7.396 7.352 7.334 7.371 7.400 7.430 7.459 7.501 7.565 7.628 7.691 7.755 7.818 7.944 8.102 8.295 8.488 8.681 8.874 9.067 9.260 9.453 9.627 9.797 9.967 10.137 10.261 10.373 10.486 10.598 10.710 10.656 10.542 10.427 10.313 10.199 10.085 9.932 9.687 9.441 9.294 9.207 9.119 9.032 8.945
7.415 7.307 7.199 6.952 6.662 6.403 6.551 6.700 6.840 6.954 7.069 7.183 7.297 7.412 7.526 7.640 7.744 7.713 7.682 7.650 7.619 7.588 7.557 7.559 7.586 7.613 7.590 7.546 7.502 7.458 7.414 7.370 7.326 7.281 7.240 7.253 7.317 7.380 7.443 7.507 7.570 7.633 7.697 7.760 7.842 7.968 8.094 8.252 8.445 8.638 8.831 9.024 9.217 9.407 9.577 9.747 9.917 10.087 10.257 10.380 10.493 10.605 10.706 10.591 10.477 10.363 10.249 10.135 10.021 9.906 9.751 9.505 9.407 9.319 9.232 9.145 9.047
7.656 7.548 7.270 6.980 6.690 6.400 6.542 6.691 6.839 6.988 7.108 7.222 7.336 7.451 7.565 7.679 7.756 7.725 7.694 7.662 7.631 7.600 7.569 7.537 7.534 7.561 7.520 7.476 7.432 7.387 7.355 7.340 7.325 7.310 7.294 7.297 7.322 7.385 7.449 7.512 7.575 7.639 7.702 7.765 7.866 7.992 8.118 8.244 8.402 8.595 8.788 8.981 9.174 9.357 9.527 9.697 9.867 10.037 10.207 10.377 10.500 10.612 10.641 10.527 10.413 10.299 10.185 10.070 9.956 9.842 9.728 9.606 9.495 9.381 9.268 9.154 9.040
7.879 7.588 7.299 7.008 6.718 6.428 6.533 6.682 6.830 6.979 7.128 7.261 7.375 7.490 7.604 7.718 7.768 7.737 7.706 7.675 7.643 7.612 7.581 7.550 7.518 7.493 7.471 7.456 7.440 7.425 7.410 7.395 7.379 7.364 7.350 7.358 7.366 7.391 7.454 7.517 7.581 7.644 7.707 7.771 7.889 8.015 8.141 8.267 8.393 8.552 8.745 8.938 9.131 9.307 9.477 9.647 9.817 9.987 10.157 10.327 10.497 10.619 10.577 10.463 10.349 10.234 10.133 10.081 10.029 9.977 9.926 9.730 9.488 9.375 9.261 9.147 9.033
7.907 7.617 7.326 7.036 6.746 6.456 6.525 6.673 6.822 6.970 7.119 7.267 7.415 7.529 7.643 7.758 7.780 7.749 7.718 7.687 7.655 7.624 7.595 7.591 7.586 7.563 7.525 7.510 7.495 7.480 7.464 7.449 7.434 7.419 7.411 7.419 7.427 7.435 7.459 7.523 7.586 7.649 7.713 7.787 7.913 8.039 8.165 8.291 8.417 8.543 8.701 8.895 9.087 9.257 9.427 9.597 9.767 9.937 10.107 10.277 10.447 10.624 10.611 10.559 10.508 10.456 10.404 10.352 10.301 10.249 10.197 9.916 9.611 9.368 9.254 9.140 9.026
7.935 7.645 7.354 7.064 6.775 6.484 6.516 6.664 6.813 6.961 7.110 7.258 7.407 7.556 7.682 7.797 7.792 7.761 7.730 7.707 7.702 7.697 7.693 7.688 7.683 7.652 7.604 7.565 7.549 7.534 7.519 7.504 7.488 7.473 7.472 7.480 7.487 7.495 7.503 7.528 7.591 7.655 7.718 7.810 7.936 8.062 8.188 8.314 8.440 8.567 8.693 8.851 9.037 9.207 9.377 9.547 9.722 9.905 10.089 10.272 10.456 10.646 10.851 10.831 10.779 10.727 10.676 10.624 10.572 10.520 10.406 10.102 9.797 9.493 9.247 9.133 9.019
7.963 7.673 7.383 7.092 6.802 6.512 6.507 6.655 6.804 6.953 7.101 7.250 7.398 7.547 7.695 7.836 7.819 7.814 7.809 7.804 7.799 7.795 7.790 7.785 7.780 7.740 7.693 7.645 7.604 7.588 7.573 7.558 7.543 7.528 7.533 7.540 7.548 7.556 7.564 7.572 7.597 7.660 7.723 7.834 7.960 8.086 8.212 8.338 8.464 8.590 8.716 8.841 9.002 9.186 9.369 9.553 9.737 9.920 10.104 10.287 10.471 10.667 10.872 11.078 11.050 10.999 10.947 10.895 10.844 10.792 10.592 10.287 9.983 9.679 9.374 9.126 9.013
7.991 7.701 7.411 7.121 6.830 6.540 6.498 6.647 6.795 6.944 7.092 7.241 7.389 7.538 7.687 7.832 7.908 7.911 7.906 7.901 7.896 7.892 7.887 7.882 7.876 7.829 7.782 7.734 7.687 7.643 7.628 7.613 7.597 7.585 7.593 7.601 7.609 7.617 7.625 7.633 7.641 7.665 7.731 7.857 7.983 8.109 8.235 8.353 8.469 8.584 8.699 8.815 9.008 9.201 9.384 9.568 9.752 9.935 10.119 10.302 10.486 10.689 10.894 11.099 11.304 11.270 11.218 11.167 11.115 11.063 10.778 10.473 10.169 9.865 9.560 9.256 9.006
8.019 7.729 7.439 7.149 6.859 6.569 6.489 6.638 6.786 6.935 7.083 7.232 7.381 7.529 7.678 7.822 7.898 7.974 8.004 7.999 7.994 7.989 7.984 7.979 7.965 7.918 7.870 7.823 7.775 7.728 7.682 7.667 7.652 7.646 7.654 7.662 7.670 7.678 7.686 7.694 7.702 7.710 7.750 7.865 7.981 8.096 8.212 8.327 8.442 8.558 8.673 8.804 9.005 9.206 9.399 9.583 9.766 9.950 10.134 10.317 10.505 10.710 10.916 11.121 11.326 11.531 11.490 11.438 11.386 11.268 10.964 10.659 10.355 10.051 9.746 9.442 9.137
8.031 7.757 7.467 7.177 6.887 6.597 6.480 6.629 6.778 6.926 7.075 7.223 7.372 7.521 7.669 7.812 7.888 7.964 8.040 8.096 8.091 8.086 8.081 8.076 8.054 8.006 7.959 7.912 7.864 7.817 7.769 7.722 7.706 7.707 7.715 7.723 7.731 7.736 7.733 7.730 7.728 7.725 7.762 7.839 7.955 8.070 8.185 8.301 8.416 8.532 8.647 8.802 9.003 9.203 9.404 9.598 9.782 9.965 10.149 10.332 10.527 10.732 10.937 11.142 11.347 11.553 11.758 11.710 11.658 11.454 11.150 10.845 10.541 10.236 9.932 9.627 9.323
7.888 7.662 7.436 7.205 6.915 6.625 6.472 6.620 6.769 6.917 7.066 7.215 7.363 7.512 7.661 7.803 7.879 7.955 8.031 8.107 8.183 8.183 8.179 8.174 8.142 8.095 8.048 8.000 7.953 7.905 7.858 7.810 7.762 7.756 7.754 7.751 7.748 7.745 7.742 7.740 7.737 7.734 7.790 7.851 7.928 8.044 8.159 8.275 8.390 8.506 8.621 8.799 9.000 9.201 9.402 9.602 9.797 9.980 10.164 10.347 10.548 10.753 10.959 11.164 11.369 11.574 11.779 11.981 11.929 11.640 11.336 11.031 10.727 10.422 10.118 9.832 9.570
7.745 7.520 7.294 7.068 6.842 6.617 6.463 6.612 6.760 6.909 7.058 7.206 7.355 7.503 7.652 7.793 7.869 7.945 8.021 8.097 8.173 8.249 8.276 8.271 8.231 8.184 8.137 8.089 8.039 7.976 7.914 7.852 7.797 7.766 7.763 7.760 7.757 7.754 7.752 7.749 7.746 7.757 7.818 7.879 7.940 8.018 8.133 8.249 8.364 8.479 8.596 8.796 8.997 9.198 9.399 9.600 9.800 9.995 10.179 10.364 10.570 10.775 10.980 11.185 11.390 11.596 11.801 12.004 12.204 11.942 11.681 11.419 11.158 10.896 10.634 10.373 10.111
7.603 7.377 7.151 6.925 6.700 6.522 6.458 6.604 6.752 6.900 7.049 7.198 7.346 7.495 7.644 7.783 7.859 7.935 8.011 8.087 8.163 8.239 8.315 8.367 8.315 8.253 8.191 8.128 8.066 8.003 7.941 7.879 7.834 7.803 7.772 7.769 7.767 7.764 7.761 7.758 7.755 7.785 7.846 7.907 7.969 8.030 8.107 8.222 8.338 8.453 8.593 8.794 8.995 9.195 9.396 9.597 9.798 9.998 10.194 10.386 10.591 10.797 11.000 11.193 11.386 11.579 11.772 11.966 12.281 12.484 12.222 11.960 11.699 11.437 11.175 10.914 10.652
7.460 7.234 7.008 6.783 6.636 6.551 6.465 6.600 6.746 6.893 7.040 7.189 7.338 7.486 7.635 7.773 7.849 7.925 8.001 8.077 8.153 8.229 8.348 8.431 8.342 8.280 8.218 8.155 8.093 8.030 7.968 7.906 7.870 7.839 7.808 7.779 7.776 7.773 7.770 7.767 7.765 7.813 7.875 7.936 7.997 8.058 8.119 8.196 8.312 8.427 8.590 8.791 8.992 9.193 9.393 9.594 9.795 9.996 10.162 10.381 10.575 10.768 10.961 11.154 11.347 11.540 11.734 11.927 12.310 12.695 12.763 12.501 12.239 11.978 11.716 11.454 11.193
7.317 7.091 6.866 6.750 6.665 6.579 6.494 6.595 6.742 6.888 7.035 7.181 7.329 7.478 7.626 7.763 7.839 7.915 7.991 8.075 8.198 8.321 8.444 8.493 8.397 8.307 8.245 8.182 8.120 8.057 7.995 7.938 7.907 7.875 7.844 7.813 7.785 7.782 7.779 7.777 7.781 7.842 7.903 7.964 8.025 8.086 8.147 8.208 8.285 8.401 8.588 8.788 8.989 9.190 9.361 9.519 9.677 9.835 9.994 10.270 10.536 10.729 10.922 11.115 11.308 11.502 11.695 11.955 12.340 12.725 13.109 13.042 12.780 12.519 12.257 11.995 11.591
7.175 6.949 6.864 6.779 6.693 6.608 6.523 6.591 6.737 6.884 7.030 7.177 7.323 7.470 7.618 7.753 7.829 7.925 8.048 8.171 8.294 8.417 8.540 8.554 8.458 8.362 8.272 8.209 8.147 8.085 8.022 7.975 7.943 7.912 7.881 7.849 7.818 7.791 7.789 7.786 7.809 7.870 7.931 7.992 8.053 8.114 8.175 8.237 8.297 8.384 8.560 8.718 8.877 9.035 9.193 9.351 9.509 9.667 9.843 10.131 10.419 10.690 10.883 11.077 11.270 11.463 11.656 11.985 12.369 12.754 13.139 13.524 13.321 13.060 12.798 12.536 11.899
7.064 6.978 6.893 6.807 6.722 6.637 6.552 6.586 6.733 6.880 7.026 7.172 7.319 7.466 7.612 7.760 7.898 8.021 8.144 8.267 8.391 8.514 8.637 8.616 8.519 8.423 8.327 8.236 8.174 8.112 8.049 8.011 7.980 7.948 7.917 7.886 7.854 7.823 7.798 7.795 7.837 7.898 7.959 8.020 8.081 8.137 8.173 8.209 8.245 8.298 8.392 8.550 8.709 8.867 9.025 9.183 9.341 9.499 9.705 9.992 10.280 10.568 10.844 11.038 11.231 11.424 11.630 12.014 12.399 12.784 13.168 13.553 13.862 13.601 13.339 12.858 12.207
7.092 7.007 6.921 6.836 6.751 6.665 6.580 6.582 6.728 6.875 7.022 7.168 7.315 7.461 7.588 7.715 7.914 8.114 8.241 8.364 8.487 8.610 8.733 8.677 8.581 8.484 8.388 8.292 8.201 8.138 8.079 8.048 8.016 7.985 7.954 7.922 7.891 7.859 7.828 7.804 7.865 7.901 7.937 7.973 8.009 8.045 8.081 8.117 8.154 8.217 8.301 8.384 8.540 8.699 8.857 9.015 9.173 9.331 9.566 9.854 10.142 10.429 10.717 10.999 11.192 11.385 11.659 12.044 12.428 12.813 13.198 13.583 13.967 14.142 13.818 13.166 12.515
7.121 7.035 6.950 6.865 6.779 6.694 6.609 6.578 6.724 6.871 7.017 7.164 7.303 7.429 7.555 7.681 7.869 8.069 8.268 8.460 8.583 8.706 8.829 8.739 8.642 8.546 8.449 8.353 8.257 8.165 8.116 8.084 8.053 8.021 7.984 7.941 7.899 7.857 7.815 7.778 7.773 7.809 7.846 7.882 7.918 7.954 7.990 8.026 8.062 8.137 8.220 8.304 8.387 8.530 8.689 8.847 9.005 9.163 9.427 9.715 10.003 10.291 10.579 10.866 11.153 11.346 11.688 12.073 12.458 12.843 13.227 13.612 13.996 14.364 14.148 13.474 12.823
7.093 7.042 6.979 6.893 6.808 6.723 6.637 6.573 6.719 6.866 7.013 7.143 7.269 7.395 7.521 7.647 7.824 8.023 8.223 8.422 8.621 8.803 8.897 8.800 8.704 8.607 8.511 8.411 8.312 8.212 8.113 8.070 8.028 7.986 7.944 7.902 7.859 7.817 7.775 7.744 7.715 7.718 7.754 7.790 7.827 7.863 7.899 7.935 7.974 8.057 8.140 8.224 8.307 8.390 8.521 8.679 8.837 9.001 9.289 9.576 9.864 10.152 10.440 10.728 11.015 11.310 11.680 12.047 12.414 12.781 13.148 13.515 13.882 14.305 14.699 14.023 13.346
7.029 6.978 6.928 6.877 6.826 6.751 6.666 6.581 6.715 6.857 6.983 7.109 7.235 7.361 7.487 7.613 7.779 7.978 8.177 8.377 8.576 8.775 8.937 8.845 8.746 8.646 8.546 8.446 8.347 8.240 8.117 8.030 7.988 7.946 7.904 7.862 7.819 7.777 7.738 7.709 7.681 7.653 7.663 7.699 7.735 7.771 7.807 7.843 7.894 7.977 8.060 8.143 8.227 8.310 8.393 8.510 8.669 8.862 9.150 9.438 9.726 10.013 10.282 10.540 10.798 11.109 11.559 11.932 12.299 12.665 13.032 13.399 13.766 14.288 14.823 14.574 13.897
6.966 6.915 6.864 6.814 6.763 6.712 6.662 6.609 6.697 6.823 6.949 7.075 7.201 7.327 7.453 7.579 7.734 7.933 8.132 8.331 8.531 8.690 8.837 8.881 8.781 8.681 8.581 8.482 8.382 8.264 8.141 8.018 7.948 7.906 7.864 7.822 7.779 7.737 7.703 7.675 7.647 7.619 7.590 7.608 7.644 7.680 7.716 7.752 7.814 7.897 7.980 8.063 8.146 8.229 8.313 8.396 8.500 8.724 9.011 9.274 9.533 9.791 10.050 10.308 10.567 10.907 11.358 11.809 12.183 12.550 12.917 13.284 13.734 14.270 14.807 15.125 14.448
6.902 6.851 6.801 6.750 6.699 6.649 6.597 6.533 6.624 6.778 6.916 7.042 7.168 7.294 7.420 7.546 7.689 7.888 8.087 8.286 8.442 8.589 8.736 8.884 8.816 8.716 8.617 8.517 8.411 8.288 8.165 8.041 7.918 7.866 7.824 7.782 7.739 7.698 7.669 7.641 7.613 7.584 7.556 7.528 7.552 7.589 7.625 7.661 7.734 7.817 7.900 7.983 8.066 8.149 8.233 8.316 8.393 8.527 8.784 9.042 9.301 9.559 9.818 10.076 10.335 10.707 11.157 11.608 12.059 12.434 12.801 13.180 13.716 14.252 14.789 15.325 14.999
6.839 6.788 6.737 6.687 6.636 6.578 6.515 6.451 6.521 6.675 6.830 6.984 7.134 7.260 7.386 7.512 7.644 7.843 8.042 8.194 8.341 8.488 8.636 8.783 8.851 8.751 8.652 8.552 8.435 8.312 8.188 8.065 7.942 7.826 7.784 7.742 7.700 7.663 7.635 7.607 7.578 7.550 7.522 7.493 7.465 7.497 7.533 7.570 7.653 7.737 7.820 7.903 7.986 8.067 8.142 8.217 8.292 8.429 8.596 8.811 9.069 9.327 9.586 9.844 10.103 10.505 10.956 11.407 11.858 12.308 12.686 13.163 13.699 14.235 14.771 15.307 15.550
6.775 6.724 6.674 6.623 6.560 6.497 6.433 6.369 6.419 6.573 6.727 6.881 7.035 7.189 7.343 7.478 7.604 7.798 7.946 8.093 8.241 8.388 8.535 8.683 8.830 8.787 8.687 8.582 8.459 8.335 8.212 8.088 7.965 7.842 7.744 7.702 7.660 7.629 7.601 7.572 7.544 7.516 7.488 7.459 7.431 7.406 7.442 7.490 7.573 7.657 7.740 7.817 7.892 7.967 8.042 8.117 8.192 8.332 8.498 8.665 8.837 9.096 9.354 9.612 9.871 10.304 10.755 11.206 11.656 12.107 12.505 13.145 13.681 14.217 14.754 15.290 15.826
6.944 6.661 6.605 6.542 6.478 6.414 6.351 6.287 6.317 6.471 6.625 6.779 6.933 7.087 7.241 7.395 7.562 7.724 7.845 7.993 8.140 8.288 8.435 8.582 8.730 8.822 8.722 8.606 8.482 8.359 8.236 8.112 7.989 7.865 7.742 7.662 7.623 7.595 7.566 7.538 7.510 7.481 7.453 7.425 7.397 7.368 7.350 7.410 7.492 7.567 7.642 7.717 7.792 7.866 7.941 8.016 8.091 8.235 8.401 8.567 8.734 8.900 9.122 9.381 9.653 10.103 10.554 11.005 11.359 11.696 12.032 12.649 13.290 13.930 14.571 15.212 15.809
7.082 6.587 6.523 6.460 6.396 6.332 6.269 6.205 6.215 6.369 6.523 6.677 6.831 6.985 7.139 7.333 7.673 7.926 8.019 8.112 8.205 8.298 8.391 8.484 8.629 8.777 8.752 8.629 8.506 8.383 8.259 8.136 8.013 7.889 7.766 7.642 7.589 7.560 7.532 7.505 7.477 7.449 7.422 7.394 7.367 7.339 7.311 7.319 7.391 7.466 7.541 7.616 7.691 7.766 7.841 7.916 7.991 8.137 8.304 8.470 8.636 8.803 8.969 9.149 9.452 9.895 10.231 10.567 10.904 11.240 11.576 12.152 12.793 13.433 14.074 14.715 15.352
7.103 6.783 6.479 6.378 6.314 6.250 6.187 6.123 6.112 6.267 6.421 6.575 6.729 6.883 7.104 7.444 7.783 8.123 8.221 8.314 8.407 8.500 8.593 8.686 8.779 8.872 8.809 8.688 8.567 8.446 8.324 8.203 8.082 7.961 7.840 7.717 7.569 7.540 7.512 7.484 7.457 7.429 7.402 7.374 7.346 7.318 7.271 7.254 7.311 7.368 7.441 7.516 7.591 7.666 7.741 7.815 7.890 8.040 8.206 8.373 8.539 8.705 8.872 9.027 9.162 9.439 9.776 10.112 10.448 10.784 11.121 11.655 12.296 12.937 13.577 14.198 14.766
7.314 7.009 6.704 6.399 6.232 6.168 6.105 6.041 6.010 6.164 6.318 6.473 6.627 6.876 7.215 7.554 7.894 8.233 8.424 8.517 8.609 8.703 8.795 8.888 8.981 8.960 8.874 8.770 8.648 8.528 8.406 8.285 8.164 8.043 7.922 7.787 7.639 7.519 7.492 7.464 7.436 7.409 7.381 7.354 7.326 7.283 7.229 7.189 7.246 7.303 7.360 7.417 7.490 7.565 7.640 7.715 7.790 7.943 8.109 8.275 8.442 8.603 8.701 8.798 8.928 9.149 9.369 9.656 9.993 10.329 10.665 11.158 11.799 12.440 13.046 13.613 14.179
7.539 7.234 6.930 6.625 6.320 6.086 6.022 5.959 5.908 6.062 6.216 6.370 6.647 6.986 7.326 7.665 8.004 8.344 8.626 8.719 8.812 8.905 8.998 9.091 9.109 9.022 8.935 8.848 8.730 8.609 8.488 8.367 8.246 8.125 8.004 7.858 7.710 7.562 7.471 7.444 7.416 7.388 7.361 7.333 7.295 7.242 7.188 7.135 7.181 7.238 7.295 7.352 7.409 7.466 7.539 7.614 7.689 7.845 8.012 8.178 8.276 8.374 8.472 8.570 8.693 8.914 9.135 9.356 9.576 9.873 10.209 10.661 11.302 11.893 12.460 13.027 13.593
7.765 7.460 7.155 6.850 6.545 6.240 5.940 5.877 5.813 5.960 6.114 6.418 6.757 7.097 7.436 7.776 8.115 8.455 8.794 8.921 9.014 9.107 9.200 9.257 9.170 9.083 8.996 8.910 8.812 8.691 8.570 8.449 8.328 8.207 8.077 7.929 7.781 7.633 7.485 7.423 7.396 7.368 7.340 7.308 7.254 7.200 7.147 7.093 7.116 7.173 7.230 7.286 7.343 7.400 7.457 7.514 7.589 7.748 7.851 7.949 8.047 8.145 8.243 8.341 8.459 8.680 8.901 9.121 9.342 9.563 9.783 10.164 10.741 11.307 11.874 12.440 13.007
7.990 7.685 7.381 7.076 6.771 6.466 6.161 5.857 5.732 5.858 6.189 6.528 6.868 7.207 7.547 7.886 8.226 8.565 8.905 9.123 9.216 9.309 9.402 9.318 9.232 9.145 9.058 8.971 8.884 8.773 8.652 8.531 8.410 8.289 8.147 7.999 7.851 7.703 7.556 7.408 7.375 7.348 7.320 7.266 7.213 7.159 7.106 7.052 7.050 7.107 7.164 7.221 7.278 7.335 7.392 7.449 7.488 7.526 7.623 7.721 7.818 7.916 8.014 8.112 8.225 8.446 8.666 8.887 9.108 9.329 9.530 9.745 10.211 10.721 11.288 11.854 12.421
8.216 7.911 7.606 7.301 6.996 6.692 6.387 6.047 5.691 5.927 6.299 6.639 6.978 7.318 7.657 7.997 8.336 8.676 9.015 9.325 9.418 9.511 9.467 9.380 9.293 9.206 9.119 9.033 8.946 8.855 8.734 8.613 8.492 8.366 8.218 8.070 7.922 7.774 7.626 7.478 7.355 7.327 7.278 7.225 7.171 7.118 7.064 7.011 6.985 7.042 7.099 7.156 7.213 7.270 7.326 7.353 7.380 7.416 7.457 7.497 7.590 7.688 7.785 7.883 7.990 8.211 8.432 8.653 8.872 9.043 9.215 9.406 9.872 10.338 10.804 11.269 11.834
8.395 8.038 7.681 7.325 6.969 6.612 6.256 5.899 5.682 5.708 6.114 6.520 6.926 7.332 7.737 8.107 8.447 8.786 9.126 9.465 9.620 9.615 9.528 9.441 9.354 9.268 9.181 9.094 9.007 8.920 8.816 8.695 8.574 8.436 8.288 8.140 7.992 7.845 7.697 7.549 7.401 7.291 7.237 7.184 7.130 7.076 7.023 6.969 6.920 6.977 7.034 7.091 7.148 7.191 7.218 7.244 7.272 7.306 7.347 7.387 7.428 7.468 7.557 7.654 7.756 7.977 8.198 8.385 8.556 8.728 8.900 9.072 9.533 9.999 10.465 10.930 11.396
