includes/overflow_coast/floodfiles/results/res.max
ncols         906
nrows         631
xllcorner     362177.146667
yllcorner     6534725.688020
cellsize      20.000000
NODATA_value  -9999.000000
[rows 544 to 577 of 631, columns 77 to 153 of 906]
11.523 11.989 12.349 12.746 12.913 13.080 13.247 13.415 13.581 13.748 13.916 14.067 13.386 12.705 12.024 11.443 11.220 10.997 10.775 10.552 10.330 10.107 9.916 9.836 9.755 9.671 9.503 9.335 9.166 8.998 8.830 8.743 8.785 8.808 8.821 8.835 8.848 8.861 8.916 9.012 9.109 9.205 9.434 9.710 9.986 10.262 10.531 10.777 11.022 11.267 11.512 11.758 11.669 11.441 11.213 11.084 11.133 11.183 11.233 11.282 11.332 11.382 11.431 11.185 10.920 10.500 10.079 9.658 9.238 8.817 8.397 8.014 7.643 7.824 8.105 8.416 8.727
11.123 11.446 11.774 12.182 12.590 12.999 13.283 13.450 13.617 13.784 13.951 14.117 13.714 13.033 12.352 12.087 11.864 11.641 11.419 11.196 10.974 10.751 10.529 10.387 10.306 10.179 10.010 9.842 9.673 9.505 9.337 9.169 9.148 9.161 9.175 9.188 9.201 9.214 9.237 9.333 9.429 9.624 9.900 10.176 10.452 10.728 11.004 11.256 11.501 11.746 11.992 11.999 11.771 11.544 11.316 11.088 11.122 11.172 11.222 11.271 11.321 11.371 11.176 10.917 10.657 10.291 9.870 9.449 9.029 8.608 8.188 7.767 7.495 7.647 7.959 8.270 8.581
10.551 10.875 11.199 11.607 12.015 12.423 12.832 13.240 13.648 13.819 13.986 14.153 14.042 13.361 12.953 12.730 12.508 12.285 12.063 11.840 11.618 11.395 11.172 10.950 10.854 10.686 10.517 10.349 10.203 10.081 9.958 9.836 9.735 9.648 9.561 9.541 9.554 9.567 9.581 9.653 9.814 10.090 10.366 10.642 10.918 11.194 11.470 11.735 11.980 12.226 12.330 12.102 11.874 11.646 11.418 11.190 11.111 11.161 11.211 11.260 11.310 11.166 10.907 10.647 10.388 10.082 9.661 9.241 8.820 8.399 7.979 7.599 7.586 7.572 7.812 8.123 8.435
9.980 10.304 10.628 11.032 11.440 11.848 12.257 12.665 13.073 13.481 13.889 14.188 14.354 13.820 13.597 13.374 13.152 12.929 12.707 12.484 12.261 12.016 11.740 11.464 11.438 11.316 11.193 11.071 10.948 10.826 10.703 10.581 10.479 10.392 10.305 10.218 10.131 10.044 9.957 10.004 10.281 10.556 10.833 11.109 11.384 11.661 11.937 12.212 12.460 12.660 12.432 12.204 11.976 11.748 11.521 11.293 11.100 11.150 11.199 11.249 11.157 10.897 10.638 10.378 10.119 9.859 9.452 9.032 8.611 8.190 7.770 7.691 7.677 7.663 7.665 7.977 8.288
9.409 9.733 10.057 10.457 10.865 11.273 11.681 12.090 12.498 12.906 13.314 13.722 14.114 14.210 13.934 13.658 13.382 13.106 12.830 12.554 12.278 12.002 11.726 11.450 11.718 12.061 11.938 11.816 11.693 11.571 11.448 11.325 11.224 11.137 11.050 10.963 10.876 10.789 10.655 10.355 10.624 10.927 11.231 11.535 11.838 12.127 12.403 12.679 12.939 12.762 12.534 12.307 12.079 11.851 11.623 11.395 11.167 11.139 11.188 11.147 10.887 10.628 10.369 10.109 9.850 9.590 9.243 8.823 8.402 7.982 7.796 7.782 7.768 7.754 7.741 7.830 8.141
8.838 9.162 9.486 9.881 10.290 10.698 11.106 11.514 11.923 12.331 12.724 13.091 13.458 13.831 13.920 13.644 13.368 13.092 12.816 12.540 12.264 11.988 11.712 11.559 11.922 12.285 12.647 12.560 12.438 12.315 12.193 12.070 11.968 11.881 11.794 11.707 11.620 11.468 11.168 10.869 10.909 11.213 11.516 11.820 12.124 12.427 12.731 13.034 12.967 12.782 12.596 12.409 12.181 11.953 11.725 11.497 11.270 11.127 11.137 10.878 10.618 10.359 10.099 9.840 9.580 9.321 9.034 8.614 8.193 7.900 7.887 7.873 7.859 7.845 7.832 7.818 7.995
8.267 8.591 8.915 9.306 9.715 10.123 10.531 10.939 11.334 11.700 12.067 12.434 12.802 13.175 13.548 13.630 13.354 13.078 12.802 12.526 12.250 11.974 11.698 11.763 12.126 12.488 12.851 13.214 13.183 13.060 12.938 12.815 12.712 12.625 12.538 12.451 12.282 11.982 11.682 11.382 11.194 11.498 11.801 12.105 12.409 12.712 13.016 13.015 12.802 12.609 12.424 12.238 12.053 11.868 11.682 11.497 11.312 11.127 10.868 10.609 10.349 10.090 9.830 9.571 9.311 9.052 8.792 8.405 8.005 7.992 7.978 7.964 7.950 7.937 7.923 7.909 7.895
7.696 8.020 8.344 8.731 9.139 9.548 9.943 10.310 10.677 11.044 11.411 11.777 12.146 12.520 12.893 13.266 13.340 13.064 12.788 12.512 12.236 11.960 11.684 11.967 12.330 12.692 13.055 13.418 13.780 13.805 13.682 13.560 13.457 13.370 13.283 13.095 12.795 12.496 12.196 11.896 11.596 11.783 12.087 12.390 12.694 12.998 13.066 12.853 12.639 12.436 12.251 12.065 11.880 11.695 11.509 11.324 11.139 10.732 10.409 10.185 9.961 9.737 9.512 9.288 9.042 8.783 8.523 8.196 8.096 8.083 8.069 8.055 8.041 8.028 8.014 8.000 7.986
7.418 7.478 7.773 8.156 8.553 8.920 9.287 9.653 10.020 10.387 10.754 11.121 11.491 11.864 12.237 12.611 12.984 13.050 12.774 12.498 12.222 11.946 11.809 12.171 12.534 12.896 13.259 13.621 13.984 14.346 14.427 14.305 14.202 14.114 13.909 13.609 13.309 13.009 12.710 12.410 12.110 12.068 12.372 12.675 12.979 13.118 12.904 12.691 12.477 12.263 12.078 11.892 11.707 11.522 11.337 11.151 10.778 10.329 9.928 9.704 9.480 9.256 9.032 8.807 8.583 8.359 8.135 8.074 8.089 8.103 8.117 8.131 8.133 8.119 8.105 8.091 8.078
7.304 7.364 7.422 7.529 7.896 8.263 8.630 8.997 9.364 9.730 10.097 10.464 10.835 11.208 11.582 11.955 12.328 12.701 12.760 12.484 12.208 11.932 12.013 12.375 12.738 13.100 13.463 13.825 14.188 14.550 14.913 15.049 14.946 14.723 14.423 14.123 13.823 13.523 13.223 12.923 12.623 12.353 12.657 12.961 13.169 12.955 12.742 12.528 12.315 12.101 11.905 11.720 11.534 11.349 11.164 10.823 10.374 9.926 9.478 9.223 8.999 8.775 8.551 8.327 8.103 7.878 7.792 7.846 7.871 7.886 7.900 7.914 7.928 7.942 7.957 7.971 7.985
7.188 7.245 7.302 7.302 7.289 7.606 7.973 8.340 8.707 9.074 9.441 9.807 10.179 10.553 10.926 11.299 11.672 12.046 12.419 12.470 12.194 11.918 12.217 12.579 12.942 13.304 13.667 14.030 14.392 14.754 15.117 15.387 15.387 15.237 14.937 14.637 14.336 14.036 13.737 13.437 13.137 12.837 12.942 13.220 13.006 12.793 12.579 12.366 12.152 11.939 11.732 11.547 11.361 11.176 10.868 10.419 9.971 9.523 9.074 8.742 8.518 8.294 8.070 7.846 7.622 7.507 7.562 7.616 7.654 7.668 7.682 7.697 7.711 7.725 7.739 7.753 7.768
7.067 7.124 7.181 7.174 7.161 7.148 7.316 7.683 8.050 8.417 8.784 9.151 9.524 9.897 10.270 10.644 11.017 11.390 11.763 12.137 12.180 12.058 12.421 12.783 13.146 13.508 13.735 13.878 14.021 14.164 14.307 14.437 14.299 14.217 14.146 14.075 14.004 13.934 13.863 13.793 13.651 13.351 13.227 13.058 12.844 12.631 12.417 12.203 11.990 11.776 11.563 11.374 11.188 10.913 10.465 10.016 9.568 9.120 8.671 8.262 8.038 7.813 7.589 7.365 7.222 7.277 7.331 7.385 7.437 7.451 7.465 7.479 7.494 7.508 7.522 7.536 7.546
6.946 7.003 7.059 7.046 7.033 7.019 7.006 7.027 7.393 7.760 8.127 8.495 8.868 9.241 9.615 9.988 10.361 10.734 11.108 11.481 11.854 12.083 12.226 12.369 12.512 12.655 12.798 12.941 13.084 13.226 13.369 13.378 13.240 13.116 13.046 12.975 12.905 12.834 12.763 12.693 12.622 12.551 12.585 12.539 12.469 12.399 12.255 12.041 11.827 11.614 11.400 11.201 10.958 10.510 10.061 9.613 9.165 8.716 8.268 7.820 7.557 7.333 7.108 6.938 6.992 7.046 7.100 7.154 7.208 7.234 7.248 7.262 7.276 7.290 7.305 7.315 7.312
6.826 6.883 6.930 6.917 6.904 6.891 6.878 6.865 6.852 7.103 7.470 7.839 8.212 8.586 8.959 9.332 9.705 10.089 10.479 10.869 11.259 11.230 11.289 11.432 11.574 11.717 11.860 12.003 12.146 12.289 12.432 12.319 12.181 12.043 11.946 11.875 11.804 11.734 11.663 11.592 11.522 11.497 11.592 11.623 11.553 11.483 11.413 11.344 11.274 11.204 11.134 11.003 10.555 10.106 9.658 9.210 8.761 8.313 7.865 7.417 7.076 6.852 6.653 6.707 6.761 6.815 6.869 6.923 6.978 7.016 7.030 7.045 7.059 7.073 7.084 7.081 7.078
6.705 6.762 6.802 6.789 6.776 6.763 6.750 6.737 6.723 6.710 6.813 7.183 7.556 7.938 8.328 8.718 9.109 9.499 9.889 10.279 10.581 10.496 10.411 10.494 10.637 10.780 10.923 11.065 11.208 11.351 11.398 11.260 11.122 10.984 10.846 10.775 10.704 10.634 10.563 10.492 10.422 10.504 10.599 10.694 10.638 10.568 10.498 10.428 10.358 10.288 10.259 10.498 10.133 9.690 9.246 8.803 8.358 7.910 7.461 7.013 6.595 6.371 6.422 6.476 6.530 6.584 6.639 6.693 6.747 6.799 6.813 6.827 6.841 6.854 6.850 6.847 6.843
6.585 6.642 6.674 6.661 6.648 6.634 6.621 6.608 6.595 6.582 6.575 6.567 6.958 7.348 7.738 8.128 8.518 8.908 9.298 9.688 9.846 9.762 9.677 9.593 9.699 9.842 9.985 10.128 10.271 10.413 10.340 10.202 10.064 9.926 9.788 9.675 9.604 9.534 9.463 9.392 9.416 9.511 9.607 9.702 9.722 9.652 9.582 9.512 9.442 9.426 9.666 9.906 9.704 9.261 8.818 8.375 7.932 7.488 7.045 6.602 6.159 6.137 6.191 6.245 6.299 6.354 6.408 6.462 6.516 6.571 6.596 6.610 6.623 6.620 6.616 6.613 6.609
6.464 6.521 6.546 6.532 6.519 6.506 6.493 6.484 6.478 6.472 6.467 6.417 6.367 6.757 7.147 7.537 7.928 8.318 8.708 9.098 9.112 9.028 8.943 8.858 8.774 8.904 9.047 9.190 9.333 9.419 9.281 9.143 9.005 8.867 8.729 8.591 8.504 8.433 8.363 8.328 8.423 8.519 8.614 8.709 8.804 8.736 8.666 8.596 8.594 8.834 9.073 9.313 9.276 8.833 8.390 7.946 7.503 7.060 6.617 6.173 6.136 6.189 6.174 6.159 6.144 6.130 6.177 6.231 6.286 6.340 6.378 6.392 6.389 6.386 6.382 6.378 6.375
6.347 6.400 6.417 6.404 6.393 6.387 6.381 6.376 6.370 6.364 6.355 6.298 6.240 6.183 6.557 6.947 7.337 7.727 8.117 8.463 8.378 8.294 8.209 8.124 8.040 7.967 8.110 8.252 8.395 8.360 8.222 8.084 7.946 7.808 7.670 7.532 7.404 7.333 7.262 7.335 7.430 7.526 7.621 7.716 7.811 7.820 7.750 7.762 8.001 8.241 8.481 8.720 8.848 8.404 7.961 7.518 7.075 6.631 6.188 6.075 6.176 6.272 6.257 6.242 6.227 6.212 6.198 6.183 6.168 6.153 6.161 6.158 6.155 6.151 6.148 6.144 6.141
6.304 6.305 6.296 6.290 6.284 6.279 6.273 6.267 6.262 6.256 6.237 6.179 6.122 6.065 6.007 6.356 6.747 7.137 7.527 7.729 7.644 7.559 7.475 7.390 7.305 7.221 7.172 7.315 7.439 7.301 7.163 7.025 6.887 6.749 6.611 6.473 6.335 6.233 6.247 6.342 6.438 6.533 6.628 6.723 6.818 6.904 6.929 7.169 7.409 7.648 7.888 8.128 8.367 7.976 7.533 7.089 6.646 6.203 6.013 6.115 6.217 6.319 6.340 6.325 6.310 6.295 6.280 6.266 6.251 6.218 6.055 6.003 5.962 5.921 5.913 5.910 5.906
6.228 6.204 6.191 6.182 6.176 6.171 6.165 6.159 6.153 6.148 6.118 6.061 6.003 5.946 5.889 5.831 6.156 6.546 6.936 6.994 6.910 6.825 6.740 6.656 6.571 6.487 6.402 6.377 6.380 6.242 6.104 5.966 5.828 5.690 5.552 5.447 5.388 5.330 5.438 5.564 5.690 5.816 5.942 6.068 6.194 6.321 6.354 6.576 6.816 7.056 7.295 7.535 7.775 7.547 7.104 6.661 6.218 5.951 6.053 6.155 6.257 6.359 6.422 6.408 6.393 6.378 6.363 6.348 6.289 6.127 5.964 5.894 5.854 5.813 5.772 5.732 5.691
6.124 6.101 6.089 6.078 6.068 6.062 6.057 6.051 6.045 6.039 6.000 5.942 5.885 5.827 5.770 5.712 5.655 5.955 6.345 6.260 6.175 6.091 6.006 5.922 5.837 5.762 5.797 5.831 5.801 5.741 5.681 5.622 5.562 5.502 5.443 5.383 5.324 5.275 5.251 5.377 5.503 5.629 5.755 5.881 6.007 6.108 6.139 6.171 6.223 6.463 6.703 6.942 7.182 7.119 6.676 6.233 5.890 5.991 6.093 6.195 6.297 6.399 6.501 6.490 6.476 6.461 6.446 6.361 6.198 6.035 5.873 5.786 5.745 5.704 5.664 5.623 5.583
6.021 5.997 5.987 5.976 5.966 5.955 5.948 5.943 5.937 5.931 5.881 5.824 5.766 5.709 5.651 5.594 5.536 5.479 5.610 5.526 5.514 5.548 5.582 5.616 5.650 5.684 5.718 5.738 5.722 5.677 5.617 5.558 5.498 5.438 5.379 5.319 5.260 5.219 5.178 5.189 5.315 5.442 5.568 5.694 5.820 5.893 5.924 5.956 5.987 6.018 6.110 6.350 6.589 6.690 6.247 5.828 5.930 6.032 6.134 6.236 6.338 6.440 6.541 6.573 6.558 6.544 6.432 6.269 6.107 5.944 5.782 5.677 5.637 5.596 5.555 5.515 5.474
5.917 5.895 5.884 5.874 5.863 5.853 5.843 5.834 5.829 5.820 5.762 5.705 5.648 5.590 5.533 5.476 5.434 5.392 5.375 5.401 5.435 5.469 5.503 5.538 5.572 5.606 5.640 5.640 5.624 5.609 5.553 5.494 5.434 5.374 5.314 5.255 5.204 5.163 5.122 5.081 5.128 5.254 5.380 5.506 5.632 5.678 5.709 5.741 5.772 5.803 5.835 5.866 5.997 6.236 5.819 5.868 5.970 6.072 6.174 6.276 6.378 6.480 6.582 6.656 6.641 6.503 6.341 6.178 6.016 5.853 5.690 5.569 5.528 5.488 5.447 5.406 5.366
5.813 5.792 5.782 5.772 5.761 5.751 5.740 5.730 5.720 5.701 5.644 5.586 5.544 5.502 5.460 5.418 5.376 5.334 5.329 5.327 5.357 5.391 5.425 5.459 5.493 5.527 5.558 5.542 5.526 5.511 5.489 5.429 5.370 5.310 5.250 5.191 5.148 5.107 5.066 5.025 4.984 5.067 5.193 5.319 5.431 5.462 5.494 5.525 5.557 5.588 5.620 5.651 5.683 5.714 5.796 5.896 5.997 6.098 6.198 6.299 6.399 6.500 6.600 6.701 6.575 6.412 6.250 6.087 5.924 5.762 5.599 5.460 5.420 5.379 5.339 5.298 5.257
5.710 5.690 5.680 5.669 5.659 5.648 5.638 5.628 5.628 5.612 5.570 5.528 5.486 5.444 5.402 5.359 5.317 5.285 5.283 5.282 5.280 5.312 5.346 5.381 5.415 5.449 5.460 5.444 5.429 5.413 5.398 5.365 5.306 5.246 5.186 5.133 5.092 5.051 5.010 4.969 4.928 4.887 5.005 5.131 5.216 5.247 5.279 5.310 5.342 5.373 5.404 5.476 5.549 5.619 5.597 5.676 5.777 5.877 5.978 6.078 6.179 6.280 6.380 6.444 6.394 6.321 6.158 5.996 5.833 5.670 5.508 5.352 5.311 5.271 5.230 5.189 5.149
5.606 5.588 5.577 5.567 5.556 5.546 5.562 5.577 5.592 5.563 5.512 5.470 5.427 5.385 5.343 5.301 5.259 5.239 5.237 5.236 5.234 5.234 5.268 5.302 5.336 5.370 5.362 5.347 5.331 5.315 5.300 5.284 5.241 5.182 5.122 5.077 5.037 4.995 4.954 4.913 4.872 4.831 4.818 4.944 5.001 5.032 5.064 5.096 5.170 5.244 5.317 5.391 5.465 5.507 5.484 5.461 5.557 5.657 5.758 5.858 5.959 6.060 6.160 6.177 6.127 6.077 6.027 5.904 5.742 5.579 5.416 5.254 5.203 5.162 5.122 5.081 5.090
5.502 5.485 5.475 5.480 5.496 5.511 5.527 5.542 5.557 5.514 5.463 5.411 5.369 5.327 5.285 5.242 5.200 5.193 5.191 5.190 5.188 5.187 5.190 5.224 5.258 5.280 5.265 5.249 5.233 5.218 5.202 5.186 5.171 5.117 5.063 5.022 4.981 4.939 4.898 4.857 4.816 4.775 4.734 4.754 4.790 4.864 4.938 5.012 5.085 5.159 5.233 5.306 5.380 5.394 5.371 5.348 5.337 5.437 5.538 5.638 5.739 5.840 5.940 5.910 5.860 5.810 5.759 5.709 5.651 5.488 5.325 5.163 5.095 5.054 5.015 5.024 5.032
5.426 5.414 5.430 5.445 5.461 5.476 5.491 5.507 5.517 5.465 5.414 5.362 5.310 5.268 5.226 5.184 5.148 5.147 5.146 5.144 5.142 5.141 5.139 5.145 5.179 5.182 5.167 5.151 5.136 5.120 5.104 5.089 5.073 5.053 5.007 4.966 4.925 4.887 4.851 4.814 4.778 4.741 4.705 4.678 4.706 4.780 4.853 4.927 5.001 5.074 5.148 5.222 5.296 5.281 5.258 5.235 5.212 5.217 5.317 5.418 5.519 5.619 5.693 5.643 5.593 5.543 5.492 5.442 5.392 5.342 5.234 5.071 4.986 4.949 4.958 4.966 4.975
5.429 5.411 5.403 5.410 5.426 5.441 5.456 5.472 5.469 5.417 5.365 5.313 5.261 5.210 5.168 5.125 5.102 5.101 5.099 5.098 5.097 5.095 5.094 5.092 5.100 5.085 5.069 5.059 5.049 5.039 5.029 5.019 5.009 5.002 4.986 4.950 4.913 4.877 4.840 4.804 4.767 4.731 4.694 4.678 4.666 4.695 4.769 4.842 4.916 4.990 5.064 5.137 5.191 5.168 5.145 5.122 5.099 5.076 5.097 5.198 5.298 5.399 5.426 5.376 5.326 5.275 5.225 5.175 5.125 5.075 5.024 4.974 4.884 4.892 4.900 4.909 4.917
5.431 5.414 5.405 5.396 5.390 5.406 5.421 5.437 5.420 5.368 5.316 5.264 5.212 5.160 5.109 5.067 5.057 5.055 5.054 5.052 5.050 5.050 5.049 5.049 5.047 5.039 5.030 5.020 5.010 5.000 4.990 4.980 4.970 4.969 4.971 4.939 4.902 4.866 4.830 4.793 4.756 4.720 4.689 4.677 4.665 4.653 4.684 4.758 4.831 4.905 4.979 5.053 5.078 5.055 5.032 5.009 4.986 4.963 4.940 4.977 5.078 5.179 5.159 5.108 5.058 5.008 4.958 4.908 4.857 4.807 4.818 4.829 4.857 4.858 4.859 4.860 4.861
5.434 5.416 5.407 5.398 5.390 5.381 5.386 5.401 5.370 5.318 5.267 5.215 5.163 5.111 5.059 5.012 5.011 5.011 5.010 5.010 5.009 5.009 5.008 5.008 5.004 4.998 4.991 4.981 4.971 4.961 4.951 4.941 4.935 4.937 4.938 4.928 4.892 4.855 4.819 4.782 4.746 4.709 4.689 4.677 4.664 4.652 4.640 4.673 4.747 4.820 4.894 4.968 4.965 4.942 4.919 4.896 4.873 4.850 4.827 4.805 4.858 4.942 4.891 4.841 4.791 4.741 4.736 4.747 4.757 4.768 4.779 4.793 4.832 4.851 4.852 4.853 4.854
5.437 5.418 5.409 5.400 5.392 5.383 5.375 5.366 5.323 5.276 5.229 5.182 5.134 5.087 5.039 4.999 4.970 4.970 4.969 4.969 4.968 4.968 4.967 4.966 4.961 4.956 4.950 4.942 4.932 4.922 4.912 4.902 4.903 4.904 4.905 4.906 4.881 4.845 4.808 4.772 4.735 4.700 4.688 4.676 4.664 4.652 4.639 4.627 4.662 4.736 4.809 4.875 4.852 4.829 4.806 4.783 4.760 4.737 4.714 4.691 4.668 4.674 4.653 4.664 4.675 4.685 4.696 4.707 4.718 4.728 4.739 4.765 4.804 4.842 4.845 4.846 4.847
5.439 5.420 5.411 5.403 5.394 5.385 5.373 5.346 5.310 5.262 5.215 5.168 5.120 5.073 5.026 4.990 4.955 4.928 4.928 4.927 4.927 4.926 4.926 4.924 4.918 4.913 4.908 4.902 4.893 4.883 4.873 4.869 4.870 4.871 4.873 4.874 4.871 4.834 4.798 4.761 4.725 4.700 4.688 4.676 4.663 4.651 4.639 4.627 4.614 4.651 4.725 4.761 4.739 4.716 4.693 4.670 4.647 4.624 4.614 4.612 4.611 4.605 4.614 4.624 4.635 4.646 4.657 4.667 4.678 4.689 4.699 4.737 4.775 4.814 4.838 4.839 4.840
5.442 5.422 5.413 5.405 5.396 5.376 5.350 5.323 5.296 5.249 5.201 5.154 5.107 5.059 5.017 4.982 4.947 4.912 4.887 4.886 4.886 4.885 4.884 4.881 4.876 4.870 4.865 4.859 4.854 4.844 4.835 4.836 4.837 4.839 4.840 4.841 4.842 4.824 4.787 4.751 4.714 4.700 4.687 4.675 4.663 4.650 4.638 4.626 4.614 4.602 4.640 4.648 4.625 4.602 4.598 4.596 4.595 4.593 4.592 4.591 4.589 4.582 4.575 4.585 4.595 4.606 4.617 4.628 4.638 4.649 4.670 4.708 4.747 4.786 4.824 4.832 4.833
