includes/lisflood/oleron/results_R2_t1.56079001071E12/res-0006.wdfp
ncols         631
nrows         906
xllcorner     364927.146667
yllcorner     6531972.565556
cellsize      20.000000
NODATA_value  -9999.000000
[rows 646 to 679 of 906, columns 0 to 76 of 631]
15.260 15.192 15.127 15.064 15.000 14.937 14.874 14.811 14.748 14.685 14.622 14.559 14.496 14.433 14.369 14.306 14.243 14.180 14.117 14.054 13.991 13.928 13.865 13.802 13.738 13.675 13.612 13.559 13.519 13.479 13.439 13.399 13.359 13.319 13.279 13.239 13.198 13.158 13.118 13.075 13.031 12.987 12.943 12.899 12.855 12.812 12.768 12.724 12.680 12.636 12.592 12.548 12.504 12.460 12.416 12.372 12.328 12.284 12.240 12.197 12.153 12.109 12.065 12.021 11.977 11.933 11.889 11.845 11.801 11.757 11.713 11.669 11.625 11.581 11.551 11.526 11.502
15.251 15.188 15.125 15.062 14.999 14.936 14.873 14.810 14.747 14.683 14.620 14.557 14.494 14.431 14.368 14.305 14.242 14.179 14.116 14.052 13.989 13.926 13.863 13.800 13.737 13.674 13.611 13.562 13.522 13.482 13.442 13.402 13.362 13.322 13.282 13.242 13.202 13.162 13.121 13.081 13.038 12.994 12.951 12.907 12.863 12.819 12.775 12.731 12.687 12.643 12.599 12.555 12.511 12.467 12.423 12.379 12.335 12.292 12.248 12.204 12.160 12.116 12.072 12.028 11.984 11.940 11.896 11.852 11.808 11.764 11.720 11.676 11.633 11.589 11.564 11.540 11.515
15.250 15.187 15.124 15.061 14.997 14.934 14.871 14.808 14.745 14.682 14.619 14.556 14.493 14.430 14.366 14.303 14.240 14.177 14.114 14.051 13.988 13.925 13.862 13.799 13.735 13.672 13.609 13.565 13.525 13.485 13.445 13.405 13.365 13.325 13.285 13.245 13.205 13.165 13.125 13.085 13.044 13.002 12.958 12.914 12.870 12.826 12.782 12.738 12.694 12.650 12.606 12.562 12.518 12.474 12.430 12.387 12.343 12.299 12.255 12.211 12.167 12.123 12.079 12.035 11.991 11.947 11.903 11.859 11.815 11.771 11.728 11.684 11.640 11.601 11.577 11.553 11.529
15.248 15.185 15.122 15.059 14.996 14.933 14.870 14.807 14.744 14.680 14.617 14.554 14.491 14.428 14.365 14.302 14.239 14.176 14.113 14.049 13.986 13.923 13.860 13.797 13.734 13.671 13.609 13.569 13.528 13.488 13.448 13.408 13.368 13.328 13.288 13.248 13.208 13.168 13.128 13.088 13.048 13.008 12.965 12.921 12.877 12.833 12.789 12.745 12.701 12.657 12.613 12.569 12.525 12.482 12.438 12.394 12.350 12.306 12.262 12.218 12.174 12.130 12.086 12.042 11.998 11.954 11.910 11.867 11.823 11.779 11.735 11.691 11.647 11.615 11.590 11.566 11.542
15.247 15.184 15.121 15.058 14.994 14.931 14.868 14.805 14.742 14.679 14.616 14.553 14.490 14.427 14.363 14.300 14.237 14.174 14.111 14.048 13.985 13.922 13.859 13.796 13.732 13.669 13.612 13.572 13.532 13.492 13.451 13.411 13.371 13.331 13.291 13.251 13.211 13.171 13.131 13.091 13.051 13.011 12.971 12.928 12.884 12.840 12.796 12.752 12.708 12.664 12.621 12.577 12.533 12.489 12.445 12.401 12.357 12.313 12.269 12.225 12.181 12.137 12.093 12.049 12.005 11.962 11.918 11.874 11.830 11.786 11.742 11.698 11.654 11.628 11.604 11.580 11.555
15.245 15.182 15.119 15.056 14.993 14.930 14.867 14.804 14.741 14.677 14.614 14.551 14.488 14.425 14.362 14.299 14.236 14.173 14.110 14.046 13.983 13.920 13.857 13.794 13.731 13.668 13.615 13.575 13.535 13.495 13.455 13.415 13.374 13.334 13.294 13.254 13.214 13.174 13.134 13.094 13.054 13.014 12.974 12.934 12.891 12.847 12.803 12.759 12.716 12.672 12.628 12.584 12.540 12.496 12.452 12.408 12.364 12.320 12.276 12.232 12.188 12.144 12.100 12.057 12.013 11.969 11.925 11.881 11.837 11.793 11.749 11.705 11.666 11.641 11.617 11.593 11.569
15.244 15.181 15.118 15.055 14.991 14.928 14.865 14.802 14.739 14.676 14.613 14.550 14.487 14.424 14.360 14.297 14.234 14.171 14.108 14.045 13.982 13.919 13.856 13.793 13.729 13.666 13.618 13.578 13.538 13.498 13.458 13.418 13.378 13.338 13.297 13.257 13.217 13.177 13.137 13.097 13.057 13.017 12.977 12.937 12.897 12.854 12.811 12.767 12.723 12.679 12.635 12.591 12.547 12.503 12.459 12.415 12.371 12.327 12.283 12.239 12.196 12.152 12.108 12.064 12.020 11.976 11.932 11.888 11.844 11.800 11.756 11.712 11.679 11.655 11.630 11.606 11.582
15.242 15.179 15.116 15.053 14.990 14.927 14.864 14.801 14.738 14.674 14.611 14.548 14.485 14.422 14.359 14.296 14.233 14.170 14.107 14.043 13.980 13.917 13.854 13.791 13.728 13.665 13.621 13.581 13.541 13.501 13.461 13.421 13.381 13.341 13.301 13.261 13.221 13.180 13.140 13.100 13.060 13.020 12.980 12.940 12.900 12.860 12.818 12.774 12.730 12.686 12.642 12.598 12.554 12.510 12.466 12.422 12.378 12.334 12.291 12.247 12.203 12.159 12.115 12.071 12.027 11.983 11.939 11.895 11.851 11.807 11.763 11.719 11.692 11.668 11.644 11.619 11.595
15.241 15.178 15.115 15.052 14.988 14.925 14.862 14.799 14.736 14.673 14.610 14.547 14.484 14.421 14.357 14.294 14.231 14.168 14.105 14.042 13.979 13.916 13.853 13.790 13.726 13.664 13.624 13.584 13.544 13.504 13.464 13.424 13.384 13.344 13.304 13.264 13.224 13.184 13.144 13.103 13.063 13.023 12.983 12.943 12.903 12.863 12.823 12.781 12.737 12.693 12.649 12.605 12.561 12.517 12.473 12.429 12.386 12.342 12.298 12.254 12.210 12.166 12.122 12.078 12.034 11.990 11.946 11.902 11.858 11.814 11.771 11.730 11.706 11.681 11.657 11.633 11.609
15.239 15.176 15.113 15.050 14.987 14.924 14.861 14.798 14.735 14.671 14.608 14.545 14.482 14.419 14.356 14.293 14.230 14.167 14.104 14.040 13.977 13.914 13.851 13.788 13.725 13.668 13.627 13.587 13.547 13.507 13.467 13.427 13.387 13.347 13.307 13.267 13.227 13.187 13.147 13.107 13.067 13.026 12.986 12.946 12.906 12.866 12.826 12.786 12.744 12.700 12.656 12.612 12.568 12.525 12.481 12.437 12.393 12.349 12.305 12.261 12.217 12.173 12.129 12.085 12.041 11.997 11.953 11.909 11.866 11.822 11.778 11.743 11.719 11.695 11.670 11.646 11.622
15.238 15.175 15.112 15.049 14.985 14.922 14.859 14.796 14.733 14.670 14.607 14.544 14.481 14.418 14.354 14.291 14.228 14.165 14.102 14.039 13.976 13.913 13.850 13.787 13.723 13.671 13.631 13.591 13.550 13.510 13.470 13.430 13.390 13.350 13.310 13.270 13.230 13.190 13.150 13.110 13.070 13.030 12.990 12.949 12.909 12.869 12.829 12.789 12.749 12.707 12.663 12.620 12.576 12.532 12.488 12.444 12.400 12.356 12.312 12.268 12.224 12.180 12.136 12.092 12.048 12.004 11.961 11.917 11.873 11.829 11.785 11.757 11.732 11.708 11.684 11.659 11.635
15.236 15.173 15.110 15.047 14.984 14.921 14.858 14.795 14.732 14.668 14.605 14.542 14.479 14.416 14.353 14.290 14.227 14.164 14.101 14.037 13.974 13.911 13.848 13.785 13.722 13.674 13.634 13.594 13.554 13.514 13.473 13.433 13.393 13.353 13.313 13.273 13.233 13.193 13.153 13.113 13.073 13.033 12.993 12.953 12.913 12.872 12.832 12.792 12.752 12.712 12.671 12.627 12.583 12.539 12.495 12.451 12.407 12.363 12.319 12.275 12.231 12.187 12.143 12.099 12.056 12.012 11.968 11.924 11.880 11.836 11.794 11.770 11.746 11.721 11.697 11.673 11.648
15.235 15.172 15.109 15.046 14.982 14.919 14.856 14.793 14.730 14.667 14.604 14.541 14.478 14.415 14.351 14.288 14.225 14.162 14.099 14.036 13.973 13.910 13.847 13.784 13.720 13.677 13.637 13.597 13.557 13.517 13.477 13.437 13.397 13.356 13.316 13.276 13.236 13.196 13.156 13.116 13.076 13.036 12.996 12.956 12.916 12.876 12.836 12.796 12.755 12.715 12.675 12.634 12.590 12.546 12.502 12.458 12.414 12.370 12.326 12.282 12.238 12.195 12.151 12.107 12.063 12.019 11.975 11.931 11.887 11.843 11.807 11.783 11.759 11.735 11.710 11.686 11.662
15.233 15.170 15.107 15.044 14.981 14.918 14.855 14.792 14.729 14.665 14.602 14.539 14.476 14.413 14.350 14.287 14.224 14.161 14.098 14.034 13.971 13.908 13.845 13.782 13.720 13.680 13.640 13.600 13.560 13.520 13.480 13.440 13.400 13.360 13.320 13.279 13.239 13.199 13.159 13.119 13.079 13.039 12.999 12.959 12.919 12.879 12.839 12.799 12.759 12.719 12.678 12.638 12.597 12.553 12.509 12.465 12.421 12.377 12.333 12.290 12.246 12.202 12.158 12.114 12.070 12.026 11.982 11.938 11.894 11.850 11.821 11.796 11.772 11.748 11.724 11.699 11.675
15.232 15.169 15.106 15.043 14.979 14.916 14.853 14.790 14.727 14.664 14.601 14.538 14.475 14.412 14.348 14.285 14.222 14.159 14.096 14.033 13.970 13.907 13.844 13.781 13.723 13.683 13.643 13.603 13.563 13.523 13.483 13.443 13.403 13.363 13.323 13.283 13.243 13.202 13.162 13.122 13.082 13.042 13.002 12.962 12.922 12.882 12.842 12.802 12.762 12.722 12.682 12.642 12.601 12.560 12.516 12.472 12.428 12.385 12.341 12.297 12.253 12.209 12.165 12.121 12.077 12.033 11.989 11.945 11.901 11.858 11.834 11.810 11.785 11.761 11.737 11.713 11.688
15.230 15.167 15.104 15.041 14.978 14.915 14.852 14.789 14.726 14.662 14.599 14.536 14.473 14.410 14.347 14.284 14.221 14.158 14.095 14.031 13.968 13.905 13.842 13.779 13.726 13.686 13.646 13.606 13.566 13.526 13.486 13.446 13.406 13.366 13.326 13.286 13.246 13.206 13.166 13.125 13.085 13.045 13.005 12.965 12.925 12.885 12.845 12.805 12.765 12.725 12.685 12.645 12.605 12.565 12.524 12.480 12.436 12.392 12.348 12.304 12.260 12.216 12.172 12.128 12.084 12.040 11.996 11.952 11.908 11.872 11.847 11.823 11.799 11.775 11.750 11.726 11.702
15.229 15.166 15.103 15.040 14.976 14.913 14.850 14.787 14.724 14.661 14.598 14.535 14.472 14.409 14.345 14.282 14.219 14.156 14.093 14.030 13.967 13.904 13.841 13.778 13.730 13.690 13.650 13.609 13.569 13.529 13.489 13.449 13.409 13.369 13.329 13.289 13.249 13.209 13.169 13.129 13.089 13.049 13.008 12.968 12.928 12.888 12.848 12.808 12.768 12.728 12.688 12.648 12.608 12.568 12.528 12.487 12.443 12.399 12.355 12.311 12.267 12.223 12.179 12.135 12.091 12.047 12.003 11.960 11.916 11.885 11.861 11.836 11.812 11.788 11.764 11.739 11.715
15.227 15.164 15.101 15.038 14.975 14.912 14.849 14.786 14.723 14.659 14.596 14.533 14.470 14.407 14.344 14.281 14.218 14.155 14.092 14.028 13.965 13.902 13.839 13.776 13.733 13.693 13.653 13.613 13.573 13.532 13.492 13.452 13.412 13.372 13.332 13.292 13.252 13.212 13.172 13.132 13.092 13.052 13.012 12.972 12.931 12.891 12.851 12.811 12.771 12.731 12.691 12.651 12.611 12.571 12.531 12.491 12.450 12.406 12.362 12.318 12.274 12.230 12.186 12.142 12.099 12.055 12.011 11.967 11.923 11.898 11.874 11.850 11.825 11.801 11.777 11.753 11.728
15.226 15.163 15.100 15.037 14.973 14.910 14.847 14.784 14.721 14.658 14.595 14.532 14.469 14.406 14.342 14.279 14.216 14.153 14.090 14.027 13.964 13.901 13.838 13.776 13.736 13.696 13.656 13.616 13.576 13.536 13.496 13.455 13.415 13.375 13.335 13.295 13.255 13.215 13.175 13.135 13.095 13.055 13.015 12.975 12.935 12.895 12.854 12.814 12.774 12.734 12.694 12.654 12.614 12.574 12.534 12.494 12.454 12.413 12.369 12.325 12.281 12.237 12.194 12.150 12.106 12.062 12.018 11.974 11.936 11.912 11.887 11.863 11.839 11.814 11.790 11.766 11.742
15.224 15.161 15.098 15.035 14.972 14.909 14.846 14.783 14.720 14.656 14.593 14.530 14.467 14.404 14.341 14.278 14.215 14.152 14.089 14.025 13.962 13.899 13.836 13.779 13.739 13.699 13.659 13.619 13.579 13.539 13.499 13.459 13.419 13.378 13.338 13.298 13.258 13.218 13.178 13.138 13.098 13.058 13.018 12.978 12.938 12.898 12.858 12.818 12.777 12.737 12.697 12.657 12.617 12.577 12.537 12.497 12.457 12.417 12.376 12.332 12.289 12.245 12.201 12.157 12.113 12.069 12.025 11.981 11.949 11.925 11.901 11.876 11.852 11.828 11.804 11.779 11.755
15.223 15.160 15.097 15.034 14.970 14.907 14.844 14.781 14.718 14.655 14.592 14.529 14.466 14.403 14.339 14.276 14.213 14.150 14.087 14.024 13.961 13.898 13.835 13.782 13.742 13.702 13.662 13.622 13.582 13.542 13.502 13.462 13.422 13.382 13.342 13.301 13.261 13.221 13.181 13.141 13.101 13.061 13.021 12.981 12.941 12.901 12.861 12.821 12.781 12.741 12.700 12.660 12.620 12.580 12.540 12.500 12.460 12.420 12.380 12.340 12.296 12.252 12.208 12.164 12.120 12.076 12.032 11.988 11.962 11.938 11.914 11.890 11.865 11.841 11.817 11.793 11.768
15.221 15.158 15.095 15.032 14.969 14.906 14.843 14.780 14.717 14.653 14.590 14.527 14.464 14.401 14.338 14.275 14.212 14.149 14.086 14.022 13.959 13.896 13.833 13.785 13.745 13.705 13.665 13.625 13.585 13.545 13.505 13.465 13.425 13.385 13.345 13.305 13.265 13.225 13.184 13.144 13.104 13.064 13.024 12.984 12.944 12.904 12.864 12.824 12.784 12.744 12.704 12.664 12.624 12.583 12.543 12.503 12.463 12.423 12.383 12.343 12.303 12.259 12.215 12.171 12.127 12.083 12.039 12.000 11.976 11.952 11.927 11.903 11.879 11.854 11.830 11.806 11.782
15.220 15.157 15.094 15.031 14.967 14.904 14.841 14.778 14.715 14.652 14.589 14.526 14.463 14.400 14.336 14.273 14.210 14.147 14.084 14.021 13.958 13.895 13.832 13.789 13.749 13.708 13.668 13.628 13.588 13.548 13.508 13.468 13.428 13.388 13.348 13.308 13.268 13.228 13.188 13.148 13.107 13.067 13.027 12.987 12.947 12.907 12.867 12.827 12.787 12.747 12.707 12.667 12.627 12.587 12.547 12.506 12.466 12.426 12.386 12.346 12.306 12.266 12.222 12.178 12.134 12.090 12.046 12.013 11.989 11.965 11.941 11.916 11.892 11.868 11.843 11.819 11.795
15.218 15.155 15.092 15.029 14.966 14.903 14.840 14.777 14.714 14.650 14.587 14.524 14.461 14.398 14.335 14.272 14.209 14.146 14.083 14.019 13.956 13.893 13.832 13.792 13.752 13.712 13.672 13.631 13.591 13.551 13.511 13.471 13.431 13.391 13.351 13.311 13.271 13.231 13.191 13.151 13.111 13.071 13.030 12.990 12.950 12.910 12.870 12.830 12.790 12.750 12.710 12.670 12.630 12.590 12.550 12.510 12.470 12.429 12.389 12.349 12.309 12.269 12.229 12.185 12.141 12.098 12.054 12.027 12.002 11.978 11.954 11.930 11.905 11.881 11.857 11.832 11.808
15.217 15.154 15.091 15.028 14.964 14.901 14.838 14.775 14.712 14.649 14.586 14.523 14.460 14.397 14.333 14.270 14.207 14.144 14.081 14.018 13.955 13.892 13.835 13.795 13.755 13.715 13.675 13.635 13.595 13.554 13.514 13.474 13.434 13.394 13.354 13.314 13.274 13.234 13.194 13.154 13.114 13.074 13.034 12.994 12.953 12.913 12.873 12.833 12.793 12.753 12.713 12.673 12.633 12.593 12.553 12.513 12.473 12.433 12.393 12.352 12.312 12.272 12.232 12.192 12.149 12.105 12.064 12.040 12.016 11.991 11.967 11.943 11.919 11.894 11.870 11.844 11.818
15.215 15.152 15.089 15.026 14.963 14.900 14.837 14.774 14.711 14.647 14.584 14.521 14.458 14.395 14.332 14.269 14.206 14.143 14.080 14.016 13.953 13.890 13.838 13.798 13.758 13.718 13.678 13.638 13.598 13.558 13.518 13.478 13.437 13.397 13.357 13.317 13.277 13.237 13.197 13.157 13.117 13.077 13.037 12.997 12.957 12.917 12.876 12.836 12.796 12.756 12.716 12.676 12.636 12.596 12.556 12.516 12.476 12.436 12.396 12.356 12.316 12.275 12.235 12.195 12.155 12.112 12.078 12.053 12.029 12.005 11.980 11.954 11.929 11.903 11.877 11.852 11.826
15.214 15.151 15.088 15.025 14.961 14.898 14.835 14.772 14.709 14.646 14.583 14.520 14.457 14.394 14.330 14.267 14.204 14.141 14.078 14.015 13.952 13.889 13.841 13.801 13.761 13.721 13.681 13.641 13.601 13.561 13.521 13.481 13.441 13.401 13.360 13.320 13.280 13.240 13.200 13.160 13.120 13.080 13.040 13.000 12.960 12.920 12.880 12.840 12.800 12.759 12.719 12.679 12.639 12.599 12.559 12.519 12.479 12.439 12.399 12.359 12.319 12.279 12.239 12.199 12.158 12.118 12.090 12.064 12.039 12.013 11.988 11.962 11.936 11.911 11.885 11.860 11.834
15.212 15.149 15.086 15.023 14.960 14.897 14.834 14.771 14.708 14.644 14.581 14.518 14.455 14.392 14.329 14.266 14.203 14.140 14.077 14.013 13.950 13.887 13.844 13.804 13.764 13.724 13.684 13.644 13.604 13.564 13.524 13.484 13.444 13.404 13.364 13.324 13.283 13.243 13.203 13.163 13.123 13.083 13.043 13.003 12.963 12.923 12.883 12.843 12.803 12.763 12.723 12.682 12.642 12.602 12.562 12.522 12.482 12.442 12.402 12.362 12.322 12.282 12.242 12.203 12.164 12.126 12.098 12.072 12.047 12.021 11.996 11.970 11.944 11.919 11.893 11.868 11.842
15.211 15.148 15.085 15.022 14.958 14.895 14.832 14.769 14.706 14.643 14.580 14.517 14.454 14.391 14.327 14.264 14.201 14.138 14.075 14.012 13.949 13.888 13.848 13.807 13.767 13.727 13.687 13.647 13.607 13.567 13.527 13.487 13.447 13.407 13.367 13.327 13.287 13.247 13.206 13.166 13.126 13.086 13.046 13.006 12.966 12.926 12.886 12.846 12.806 12.766 12.726 12.686 12.646 12.605 12.565 12.525 12.485 12.445 12.405 12.365 12.326 12.287 12.249 12.211 12.173 12.135 12.108 12.081 12.055 12.029 12.003 11.978 11.952 11.927 11.901 11.876 11.850
15.189 15.146 15.083 15.020 14.957 14.894 14.831 14.768 14.705 14.641 14.578 14.515 14.452 14.389 14.326 14.263 14.200 14.137 14.074 14.010 13.947 13.891 13.851 13.811 13.771 13.730 13.690 13.650 13.610 13.570 13.530 13.490 13.450 13.410 13.370 13.330 13.290 13.250 13.210 13.170 13.129 13.089 13.049 13.009 12.969 12.929 12.889 12.849 12.809 12.769 12.729 12.689 12.649 12.609 12.569 12.528 12.488 12.448 12.410 12.372 12.334 12.296 12.258 12.220 12.181 12.144 12.117 12.090 12.063 12.037 12.011 11.986 11.960 11.935 11.909 11.883 11.858
15.159 15.120 15.080 15.019 14.955 14.892 14.829 14.766 14.703 14.640 14.577 14.514 14.451 14.388 14.324 14.261 14.198 14.135 14.072 14.009 13.946 13.894 13.854 13.814 13.774 13.734 13.694 13.654 13.613 13.573 13.533 13.493 13.453 13.413 13.373 13.333 13.293 13.253 13.213 13.173 13.133 13.093 13.053 13.012 12.972 12.932 12.892 12.852 12.812 12.772 12.732 12.692 12.652 12.612 12.572 12.533 12.495 12.457 12.419 12.381 12.343 12.304 12.266 12.228 12.190 12.154 12.127 12.100 12.073 12.046 12.019 11.994 11.968 11.942 11.917 11.891 11.866
15.129 15.090 15.050 15.011 14.954 14.891 14.828 14.765 14.702 14.638 14.575 14.512 14.449 14.386 14.323 14.260 14.197 14.134 14.071 14.007 13.944 13.897 13.857 13.817 13.777 13.737 13.697 13.657 13.617 13.577 13.536 13.496 13.456 13.416 13.376 13.336 13.296 13.256 13.216 13.176 13.136 13.096 13.056 13.016 12.976 12.935 12.895 12.855 12.815 12.775 12.735 12.695 12.656 12.618 12.580 12.542 12.504 12.465 12.427 12.389 12.351 12.313 12.275 12.237 12.198 12.163 12.136 12.109 12.082 12.055 12.029 12.002 11.976 11.950 11.925 11.899 11.874
15.099 15.060 15.020 14.981 14.941 14.889 14.826 14.763 14.700 14.637 14.574 14.511 14.448 14.385 14.321 14.258 14.195 14.132 14.069 14.006 13.943 13.900 13.860 13.820 13.780 13.740 13.700 13.660 13.620 13.580 13.540 13.500 13.459 13.419 13.379 13.339 13.299 13.259 13.219 13.179 13.139 13.099 13.059 13.019 12.979 12.939 12.899 12.858 12.818 12.779 12.741 12.703 12.665 12.626 12.588 12.550 12.512 12.474 12.436 12.398 12.360 12.321 12.283 12.245 12.207 12.172 12.146 12.119 12.092 12.065 12.038 12.011 11.984 11.958 11.933 11.907 11.882
15.069 15.030 14.990 14.951 14.911 14.872 14.825 14.762 14.699 14.635 14.572 14.509 14.446 14.383 14.320 14.257 14.194 14.131 14.068 14.004 13.943 13.903 13.863 13.823 13.783 13.743 13.703 13.663 13.623 13.583 13.543 13.503 13.463 13.423 13.382 13.342 13.302 13.262 13.222 13.182 13.142 13.102 13.062 13.022 12.982 12.942 12.902 12.864 12.826 12.787 12.749 12.711 12.673 12.635 12.597 12.559 12.521 12.482 12.444 12.406 12.368 12.330 12.292 12.254 12.215 12.182 12.155 12.128 12.101 12.074 12.047 12.021 11.994 11.967 11.941 11.915 11.889
