includes/lisflood/oleron/results_R2_t1.56079001071E12/res-0006.wdfp
ncols         631
nrows         906
xllcorner     364927.146667
yllcorner     6531972.565556
cellsize      20.000000
NODATA_value  -9999.000000
[rows 544 to 577 of 906, columns 539 to 615 of 631]
4.282 4.312 4.361 4.399 4.457 4.536 4.637 4.706 4.761 4.821 4.874 4.916 4.956 4.994 5.046 5.097 5.126 5.139 5.159 5.212 5.265 5.302 5.344 5.374 5.372 5.375 5.369 5.342 5.286 5.243 5.233 5.208 5.146 5.082 5.049 5.026 5.193 5.456 5.725 5.937 5.921 5.899 5.873 5.844 5.809 5.776 5.745 5.715 5.693 5.684 5.665 5.668 5.718 5.787 5.876 5.969 6.160 6.347 6.405 6.461 6.513 6.557 6.604 6.663 6.733 6.809 6.881 6.948 7.004 7.054 7.208 7.418 7.646 7.865 8.052 8.216 8.385
4.325 4.369 4.405 4.429 4.466 4.520 4.623 4.711 4.777 4.845 4.901 4.942 4.982 5.030 5.104 5.174 5.214 5.223 5.223 5.251 5.327 5.417 5.509 5.529 5.489 5.458 5.423 5.369 5.315 5.275 5.273 5.269 5.234 5.182 5.145 5.117 5.127 5.369 5.621 5.721 5.717 5.698 5.664 5.628 5.594 5.563 5.530 5.505 5.560 5.633 5.704 5.761 5.817 5.888 5.977 6.072 6.270 6.454 6.637 6.741 6.802 6.855 6.904 6.956 7.014 7.080 7.154 7.229 7.293 7.339 7.495 7.690 7.914 8.144 8.349 8.525 8.695
4.353 4.388 4.424 4.462 4.502 4.553 4.652 4.736 4.800 4.861 4.917 4.966 5.014 5.065 5.142 5.218 5.270 5.310 5.358 5.417 5.501 5.594 5.686 5.693 5.636 5.599 5.571 5.526 5.461 5.397 5.358 5.327 5.306 5.274 5.243 5.219 5.183 5.300 5.527 5.529 5.530 5.503 5.454 5.412 5.451 5.510 5.562 5.607 5.661 5.736 5.813 5.878 5.937 6.012 6.098 6.202 6.391 6.569 6.745 6.926 7.068 7.128 7.183 7.234 7.285 7.345 7.420 7.502 7.577 7.630 7.798 7.978 8.187 8.413 8.626 8.815 8.994
4.364 4.390 4.429 4.474 4.515 4.572 4.670 4.745 4.800 4.857 4.908 4.966 5.022 5.073 5.145 5.257 5.360 5.456 5.533 5.606 5.692 5.779 5.860 5.850 5.781 5.742 5.727 5.701 5.654 5.594 5.535 5.477 5.429 5.387 5.347 5.310 5.274 5.239 5.346 5.344 5.376 5.422 5.455 5.498 5.556 5.617 5.668 5.711 5.765 5.843 5.926 5.994 6.054 6.130 6.216 6.331 6.515 6.688 6.855 7.024 7.204 7.391 7.456 7.512 7.561 7.616 7.686 7.767 7.846 7.930 8.104 8.277 8.471 8.684 8.894 9.090 9.278
4.373 4.418 4.469 4.504 4.524 4.576 4.669 4.742 4.798 4.856 4.907 4.954 5.041 5.132 5.240 5.348 5.456 5.566 5.673 5.774 5.871 5.953 6.025 6.008 5.939 5.896 5.879 5.859 5.823 5.774 5.708 5.630 5.566 5.520 5.482 5.443 5.393 5.332 5.339 5.419 5.490 5.539 5.584 5.633 5.689 5.743 5.785 5.820 5.870 5.945 6.026 6.092 6.152 6.228 6.309 6.439 6.625 6.804 6.972 7.134 7.311 7.505 7.704 7.805 7.856 7.904 7.962 8.030 8.103 8.212 8.395 8.572 8.759 8.960 9.163 9.359 9.552
4.378 4.442 4.503 4.528 4.529 4.577 4.666 4.735 4.796 4.913 5.044 5.087 5.157 5.240 5.350 5.467 5.574 5.675 5.783 5.895 6.002 6.089 6.167 6.158 6.101 6.051 6.013 5.978 5.941 5.903 5.845 5.765 5.691 5.633 5.586 5.541 5.509 5.472 5.483 5.526 5.606 5.661 5.711 5.758 5.804 5.847 5.883 5.917 5.967 6.040 6.116 6.180 6.241 6.311 6.382 6.525 6.714 6.907 7.085 7.250 7.424 7.620 7.824 8.017 8.149 8.195 8.242 8.294 8.356 8.482 8.675 8.861 9.049 9.243 9.439 9.633 9.729
4.389 4.447 4.500 4.523 4.536 4.602 4.733 4.871 5.005 5.150 5.281 5.306 5.327 5.375 5.485 5.605 5.707 5.795 5.891 5.995 6.101 6.197 6.290 6.296 6.254 6.197 6.131 6.070 6.025 5.994 5.948 5.878 5.806 5.739 5.684 5.643 5.619 5.598 5.625 5.665 5.691 5.745 5.795 5.838 5.876 5.914 5.952 5.996 6.052 6.123 6.196 6.264 6.332 6.399 6.456 6.606 6.794 6.997 7.189 7.360 7.531 7.721 7.923 8.119 8.304 8.471 8.517 8.562 8.614 8.756 8.954 9.150 9.344 9.537 9.567 9.515 9.466
4.408 4.452 4.489 4.552 4.674 4.841 5.009 5.138 5.264 5.401 5.511 5.536 5.557 5.579 5.626 5.737 5.833 5.917 6.010 6.110 6.212 6.310 6.407 6.416 6.384 6.333 6.255 6.179 6.129 6.097 6.052 5.988 5.924 5.868 5.812 5.771 5.756 5.751 5.780 5.805 5.812 5.804 5.854 5.907 5.947 5.987 6.032 6.083 6.141 6.204 6.273 6.346 6.422 6.488 6.537 6.697 6.882 7.090 7.294 7.475 7.644 7.825 8.017 8.210 8.401 8.584 8.759 8.837 8.886 9.046 9.247 9.451 9.426 9.378 9.325 9.273 9.226
4.426 4.551 4.669 4.799 4.950 5.123 5.282 5.404 5.526 5.657 5.748 5.775 5.800 5.819 5.846 5.883 5.952 6.037 6.134 6.235 6.333 6.428 6.520 6.523 6.498 6.462 6.394 6.318 6.266 6.227 6.173 6.117 6.070 6.028 5.981 5.944 5.929 5.929 5.951 5.958 5.946 5.936 5.945 5.995 6.043 6.090 6.142 6.197 6.250 6.304 6.368 6.443 6.519 6.581 6.640 6.807 6.994 7.204 7.415 7.606 7.778 7.950 8.130 8.315 8.506 8.695 8.877 9.050 9.172 9.307 9.265 9.230 9.194 9.150 9.101 9.053 9.008
4.629 4.755 4.886 5.039 5.204 5.371 5.521 5.645 5.769 5.898 5.973 6.010 6.047 6.072 6.091 6.113 6.132 6.171 6.264 6.362 6.457 6.549 6.639 6.635 6.614 6.590 6.536 6.467 6.414 6.374 6.323 6.268 6.232 6.204 6.170 6.135 6.109 6.104 6.120 6.123 6.108 6.097 6.104 6.113 6.146 6.205 6.265 6.320 6.366 6.412 6.475 6.551 6.621 6.675 6.756 6.936 7.130 7.339 7.546 7.740 7.919 8.091 8.262 8.438 8.622 8.812 8.998 9.154 9.159 9.066 9.024 8.992 8.961 8.922 8.879 8.835 8.792
4.867 4.974 5.105 5.268 5.435 5.590 5.730 5.857 5.984 6.116 6.180 6.228 6.281 6.323 6.347 6.364 6.373 6.386 6.414 6.504 6.599 6.690 6.780 6.772 6.750 6.724 6.673 6.609 6.569 6.539 6.490 6.438 6.405 6.382 6.352 6.316 6.280 6.270 6.283 6.288 6.277 6.265 6.264 6.267 6.270 6.311 6.381 6.435 6.471 6.510 6.573 6.650 6.715 6.763 6.869 7.066 7.269 7.470 7.665 7.857 8.044 8.225 8.397 8.565 8.741 8.927 8.959 8.970 8.977 8.883 8.800 8.746 8.714 8.677 8.637 8.597 8.556
5.139 5.234 5.362 5.518 5.671 5.810 5.938 6.062 6.192 6.328 6.379 6.430 6.494 6.552 6.588 6.608 6.619 6.627 6.648 6.683 6.755 6.848 6.939 6.927 6.899 6.864 6.814 6.762 6.731 6.712 6.671 6.622 6.586 6.558 6.523 6.485 6.446 6.438 6.448 6.451 6.442 6.434 6.431 6.429 6.434 6.451 6.485 6.539 6.573 6.611 6.672 6.747 6.807 6.851 6.980 7.187 7.394 7.586 7.769 7.957 8.151 8.342 8.521 8.688 8.739 8.752 8.770 8.783 8.789 8.694 8.608 8.528 8.448 8.408 8.369 8.331 8.290
5.377 5.485 5.624 5.775 5.915 6.042 6.162 6.285 6.421 6.555 6.594 6.640 6.701 6.762 6.808 6.839 6.861 6.872 6.888 6.918 6.955 7.001 7.093 7.078 7.050 7.017 6.968 6.920 6.896 6.884 6.849 6.802 6.762 6.726 6.683 6.640 6.604 6.605 6.614 6.616 6.612 6.614 6.617 6.612 6.608 6.613 6.620 6.632 6.677 6.720 6.779 6.848 6.903 6.948 7.098 7.305 7.510 7.696 7.872 8.056 8.252 8.449 8.552 8.553 8.554 8.568 8.587 8.599 8.602 8.503 8.413 8.326 8.237 8.151 8.092 8.055 8.015
5.537 5.710 5.865 6.021 6.158 6.281 6.399 6.524 6.669 6.795 6.836 6.871 6.917 6.970 7.019 7.062 7.096 7.116 7.131 7.155 7.186 7.218 7.254 7.235 7.212 7.176 7.126 7.081 7.060 7.044 7.008 6.962 6.922 6.881 6.829 6.778 6.741 6.750 6.764 6.768 6.773 6.789 6.802 6.797 6.781 6.770 6.767 6.772 6.775 6.827 6.880 6.938 6.991 7.043 7.216 7.420 7.620 7.806 7.985 8.171 8.318 8.343 8.359 8.364 8.370 8.388 8.409 8.420 8.419 8.319 8.224 8.131 8.037 7.947 7.867 7.790 7.750
5.589 5.867 6.095 6.252 6.391 6.513 6.629 6.757 6.909 7.027 7.071 7.100 7.133 7.178 7.226 7.272 7.312 7.342 7.365 7.390 7.377 7.252 7.134 7.292 7.380 7.339 7.284 7.236 7.210 7.186 7.144 7.101 7.068 7.028 6.970 6.910 6.867 6.882 6.898 6.904 6.914 6.939 6.960 6.959 6.943 6.929 6.924 6.929 6.933 6.928 6.969 7.017 7.068 7.130 7.329 7.531 7.728 7.917 8.096 8.117 8.138 8.156 8.167 8.172 8.183 8.206 8.229 8.242 8.239 8.139 8.045 7.948 7.851 7.759 7.678 7.598 7.510
5.669 5.942 6.233 6.482 6.621 6.744 6.859 6.983 7.132 7.232 7.276 7.303 7.334 7.380 7.431 7.475 7.515 7.552 7.493 7.367 7.240 7.115 7.033 7.194 7.354 7.492 7.436 7.380 7.345 7.310 7.265 7.227 7.203 7.171 7.114 7.051 7.010 7.024 7.038 7.041 7.048 7.073 7.097 7.102 7.096 7.091 7.089 7.092 7.090 7.080 7.065 7.097 7.151 7.240 7.444 7.642 7.835 7.883 7.911 7.936 7.956 7.969 7.975 7.979 7.992 8.019 8.045 8.059 8.057 7.958 7.865 7.769 7.669 7.574 7.488 7.402 7.307
5.748 6.024 6.305 6.592 6.859 6.987 7.102 7.220 7.357 7.426 7.462 7.488 7.524 7.580 7.638 7.685 7.581 7.467 7.350 7.225 7.092 6.960 6.910 7.072 7.235 7.372 7.491 7.520 7.477 7.432 7.384 7.349 7.331 7.306 7.259 7.201 7.168 7.182 7.194 7.191 7.192 7.213 7.237 7.246 7.246 7.245 7.245 7.246 7.240 7.228 7.218 7.213 7.254 7.367 7.568 7.652 7.669 7.692 7.720 7.746 7.765 7.777 7.784 7.788 7.801 7.828 7.855 7.870 7.867 7.770 7.679 7.585 7.481 7.379 7.288 7.199 7.103
5.818 6.101 6.377 6.661 6.951 7.230 7.356 7.471 7.597 7.636 7.661 7.683 7.724 7.748 7.656 7.548 7.433 7.322 7.208 7.083 6.944 6.802 6.779 6.939 7.100 7.238 7.363 7.498 7.620 7.570 7.516 7.477 7.456 7.434 7.396 7.349 7.326 7.342 7.353 7.347 7.344 7.361 7.386 7.398 7.395 7.387 7.384 7.387 7.385 7.381 7.381 7.386 7.397 7.429 7.456 7.472 7.486 7.506 7.532 7.554 7.571 7.586 7.597 7.604 7.616 7.639 7.663 7.678 7.674 7.579 7.492 7.398 7.289 7.179 7.085 6.996 6.905
5.888 6.172 6.445 6.730 7.022 7.304 7.571 7.724 7.837 7.865 7.884 7.817 7.698 7.599 7.499 7.387 7.274 7.167 7.057 6.934 6.797 6.656 6.667 6.823 6.977 7.111 7.241 7.385 7.534 7.667 7.668 7.622 7.593 7.569 7.536 7.496 7.483 7.501 7.514 7.510 7.502 7.513 7.536 7.549 7.541 7.523 7.516 7.524 7.535 7.543 7.541 7.539 7.539 7.357 7.330 7.295 7.304 7.328 7.353 7.371 7.386 7.405 7.422 7.433 7.443 7.460 7.479 7.492 7.487 7.395 7.311 7.217 7.104 6.990 6.894 6.807 6.721
5.954 6.229 6.504 6.792 7.085 7.369 7.641 7.910 8.075 7.967 7.830 7.692 7.567 7.454 7.339 7.220 7.107 7.005 6.898 6.777 6.648 6.521 6.576 6.731 6.874 7.000 7.131 7.280 7.431 7.567 7.694 7.783 7.750 7.722 7.692 7.656 7.649 7.667 7.683 7.683 7.669 7.668 7.684 7.697 7.691 7.670 7.657 7.657 7.664 7.669 7.670 7.666 7.588 7.367 7.266 7.234 7.208 7.190 7.178 7.195 7.210 7.229 7.251 7.266 7.275 7.286 7.298 7.309 7.304 7.216 7.135 7.042 6.930 6.818 6.724 6.636 6.619
6.006 6.275 6.555 6.849 7.142 7.427 7.672 7.882 7.951 7.844 7.707 7.568 7.440 7.319 7.194 7.070 6.959 6.857 6.746 6.623 6.499 6.385 6.487 6.642 6.779 6.903 7.036 7.182 7.329 7.466 7.598 7.738 7.890 7.896 7.868 7.832 7.825 7.838 7.857 7.861 7.845 7.831 7.837 7.839 7.829 7.804 7.783 7.778 7.780 7.783 7.780 7.773 7.597 7.377 7.197 7.169 7.147 7.131 7.112 7.081 7.046 7.038 7.060 7.080 7.092 7.100 7.106 7.116 7.113 7.030 6.951 6.859 6.751 6.648 6.630 6.627 6.621
6.054 6.326 6.611 6.895 7.114 7.328 7.545 7.767 7.790 7.692 7.580 7.442 7.316 7.197 7.073 6.950 6.838 6.732 6.614 6.483 6.357 6.249 6.390 6.546 6.685 6.816 6.954 7.095 7.234 7.369 7.506 7.653 7.810 7.972 8.054 8.013 8.003 8.009 8.028 8.032 8.007 7.975 7.960 7.960 7.958 7.940 7.917 7.898 7.887 7.881 7.876 7.820 7.598 7.381 7.165 7.101 7.079 7.059 7.038 7.006 6.967 6.930 6.902 6.879 6.890 6.897 6.898 6.906 6.905 6.827 6.748 6.656 6.621 6.615 6.621 6.621 6.612
6.121 6.343 6.556 6.767 6.973 7.185 7.410 7.640 7.616 7.523 7.417 7.309 7.194 7.079 6.960 6.838 6.726 6.616 6.492 6.354 6.226 6.131 6.293 6.444 6.588 6.728 6.871 7.009 7.143 7.278 7.420 7.569 7.728 7.891 8.043 8.178 8.157 8.146 8.152 8.156 8.139 8.111 8.092 8.089 8.087 8.070 8.042 8.012 7.991 7.982 7.977 7.829 7.608 7.393 7.178 7.033 7.008 6.984 6.962 6.930 6.887 6.844 6.817 6.800 6.779 6.741 6.698 6.699 6.695 6.619 6.611 6.608 6.599 6.600 6.610 6.611 6.598
6.030 6.242 6.443 6.638 6.834 7.044 7.270 7.499 7.424 7.337 7.245 7.148 7.052 6.948 6.827 6.706 6.596 6.491 6.370 6.230 6.101 6.041 6.195 6.338 6.483 6.633 6.780 6.915 7.047 7.186 7.330 7.477 7.631 7.796 7.990 8.155 8.252 8.249 8.257 8.267 8.260 8.240 8.224 8.218 8.214 8.195 8.163 8.129 8.107 8.100 8.078 7.859 7.637 7.416 7.195 6.972 6.935 6.911 6.894 6.867 6.822 6.778 6.752 6.740 6.725 6.694 6.643 6.591 6.577 6.582 6.597 6.602 6.598 6.600 6.609 6.605 6.586
5.915 6.125 6.316 6.507 6.706 6.919 7.141 7.311 7.222 7.137 7.056 6.969 6.872 6.770 6.665 6.546 6.443 6.351 6.239 6.100 5.972 5.944 6.086 6.221 6.370 6.530 6.681 6.814 6.947 7.089 7.232 7.391 7.585 7.781 7.967 8.116 8.214 8.332 8.358 8.370 8.369 8.357 8.344 8.338 8.332 8.315 8.288 8.259 8.240 8.237 8.121 7.901 7.675 7.447 7.221 6.993 6.870 6.847 6.836 6.815 6.773 6.729 6.701 6.687 6.676 6.652 6.606 6.587 6.602 6.587 6.589 6.601 6.599 6.595 6.595 6.586 6.564
5.787 5.985 6.176 6.381 6.597 6.818 7.034 7.137 7.034 6.938 6.856 6.771 6.673 6.565 6.460 6.370 6.279 6.193 6.086 5.952 5.830 5.833 5.968 6.097 6.250 6.419 6.573 6.707 6.842 7.014 7.204 7.388 7.575 7.763 7.944 8.078 8.181 8.305 8.443 8.474 8.474 8.464 8.453 8.445 8.440 8.430 8.415 8.398 8.386 8.382 8.166 7.939 7.706 7.476 7.250 7.023 6.819 6.796 6.788 6.771 6.732 6.686 6.650 6.627 6.613 6.594 6.594 6.603 6.618 6.597 6.594 6.586 6.573 6.562 6.556 6.549 6.533
5.663 5.849 6.044 6.266 6.500 6.725 6.936 6.979 6.865 6.759 6.664 6.571 6.471 6.364 6.264 6.178 6.103 6.015 5.903 5.780 5.671 5.714 5.848 5.974 6.129 6.300 6.455 6.629 6.814 7.006 7.195 7.380 7.567 7.753 7.930 8.052 8.158 8.285 8.423 8.557 8.582 8.574 8.563 8.554 8.549 8.544 8.541 8.537 8.533 8.434 8.205 7.968 7.729 7.498 7.275 7.053 6.829 6.753 6.747 6.732 6.696 6.648 6.602 6.568 6.548 6.570 6.596 6.609 6.626 6.605 6.595 6.584 6.555 6.522 6.515 6.515 6.511
5.538 5.724 5.927 6.159 6.397 6.621 6.827 6.818 6.708 6.597 6.491 6.388 6.286 6.185 6.094 6.014 5.928 5.827 5.717 5.596 5.499 5.585 5.728 5.857 6.008 6.222 6.425 6.611 6.794 6.983 7.173 7.364 7.557 7.744 7.922 8.033 8.143 8.269 8.405 8.538 8.664 8.691 8.686 8.679 8.672 8.667 8.667 8.668 8.666 8.469 8.233 7.992 7.751 7.520 7.298 7.079 6.858 6.701 6.693 6.681 6.652 6.606 6.556 6.516 6.537 6.572 6.600 6.620 6.640 6.620 6.604 6.590 6.565 6.533 6.509 6.506 6.511
5.397 5.596 5.814 6.048 6.278 6.494 6.701 6.649 6.551 6.446 6.333 6.223 6.120 6.021 5.933 5.858 5.774 5.664 5.545 5.439 5.337 5.459 5.624 5.806 5.993 6.196 6.400 6.591 6.774 6.957 7.149 7.347 7.545 7.735 7.916 8.021 8.135 8.262 8.392 8.520 8.647 8.776 8.817 8.816 8.809 8.800 8.795 8.792 8.720 8.490 8.253 8.013 7.777 7.550 7.331 7.112 6.888 6.666 6.627 6.616 6.592 6.550 6.499 6.510 6.545 6.577 6.606 6.630 6.652 6.636 6.617 6.602 6.582 6.555 6.533 6.523 6.512
5.256 5.466 5.691 5.921 6.142 6.355 6.561 6.475 6.391 6.289 6.173 6.061 5.958 5.856 5.757 5.674 5.599 5.508 5.396 5.281 5.260 5.412 5.617 5.801 5.979 6.172 6.380 6.580 6.765 6.946 7.137 7.338 7.539 7.731 7.903 8.017 8.140 8.268 8.393 8.512 8.634 8.764 8.899 8.946 8.941 8.931 8.923 8.915 8.742 8.509 8.271 8.036 7.807 7.588 7.372 7.152 6.919 6.686 6.559 6.548 6.526 6.483 6.488 6.517 6.553 6.584 6.608 6.629 6.653 6.646 6.629 6.615 6.596 6.568 6.543 6.529 6.515
5.131 5.336 5.556 5.780 5.998 6.212 6.370 6.292 6.216 6.118 6.000 5.890 5.793 5.693 5.580 5.475 5.400 5.330 5.377 5.410 5.458 5.526 5.615 5.798 5.972 6.161 6.373 6.584 6.775 6.957 7.145 7.344 7.540 7.730 7.893 8.017 8.150 8.282 8.403 8.514 8.627 8.751 8.883 9.012 9.057 9.050 9.044 8.996 8.770 8.536 8.298 8.064 7.839 7.624 7.411 7.188 6.950 6.711 6.499 6.488 6.463 6.475 6.493 6.530 6.572 6.602 6.620 6.634 6.658 6.663 6.650 6.635 6.611 6.578 6.548 6.528 6.511
5.052 5.215 5.419 5.632 5.848 6.064 6.166 6.089 6.018 5.929 5.819 5.713 5.621 5.525 5.412 5.360 5.421 5.495 5.546 5.585 5.646 5.722 5.791 5.843 5.978 6.165 6.376 6.593 6.792 6.977 7.162 7.355 7.545 7.729 7.879 8.007 8.146 8.286 8.410 8.519 8.626 8.743 8.865 8.987 9.106 9.154 9.154 9.017 8.797 8.567 8.329 8.093 7.865 7.648 7.433 7.210 6.975 6.739 6.522 6.433 6.466 6.485 6.510 6.552 6.596 6.624 6.638 6.652 6.679 6.694 6.684 6.668 6.639 6.601 6.567 6.542 6.488
5.161 5.179 5.298 5.496 5.708 5.922 5.968 5.888 5.822 5.746 5.652 5.553 5.451 5.480 5.516 5.552 5.608 5.669 5.707 5.746 5.819 5.909 5.987 6.045 6.089 6.174 6.373 6.586 6.791 6.982 7.170 7.361 7.548 7.730 7.863 7.988 8.129 8.273 8.404 8.519 8.629 8.742 8.855 8.965 9.077 9.195 9.238 9.026 8.811 8.586 8.351 8.105 7.862 7.628 7.397 7.163 6.923 6.685 6.461 6.422 6.462 6.494 6.531 6.574 6.610 6.631 6.644 6.661 6.692 6.713 6.702 6.684 6.656 6.598 6.528 6.472 6.419
5.258 5.281 5.297 5.385 5.591 5.804 5.795 5.711 5.645 5.581 5.557 5.613 5.647 5.680 5.715 5.753 5.807 5.867 5.902 5.934 6.000 6.087 6.171 6.241 6.291 6.333 6.386 6.564 6.768 6.967 7.164 7.360 7.553 7.737 7.854 7.973 8.110 8.255 8.391 8.513 8.628 8.741 8.849 8.953 9.052 9.089 9.081 8.905 8.679 8.445 8.204 7.957 7.713 7.473 7.236 6.998 6.760 6.529 6.379 6.387 6.417 6.458 6.509 6.558 6.591 6.612 6.633 6.658 6.689 6.710 6.691 6.635 6.574 6.506 6.440 6.387 6.335
