includes/lisflood/oleron/results_R2_t1.56079001071E12/res-0004.wdfp
ncols         631
nrows         906
xllcorner     364927.146667
yllcorner     6531972.565556
cellsize      20.000000
NODATA_value  -9999.000000
[rows 714 to 747 of 906, columns 462 to 538 of 631]
4.186 4.203 4.204 4.215 4.256 4.282 4.291 4.315 4.328 4.363 4.415 4.451 4.468 4.463 4.491 4.570 4.608 4.619 4.623 4.644 4.655 4.664 4.683 4.714 4.763 4.808 4.828 4.791 4.746 4.690 4.610 4.541 4.483 4.444 4.411 4.389 4.364 4.319 4.294 4.270 4.225 4.157 4.108 4.068 4.104 4.136 4.182 4.255 4.308 4.338 4.377 4.423 4.469 4.635 4.812 4.983 5.164 5.341 5.512 5.770 6.070 6.360 6.653 6.955 7.256 7.555 7.852 8.151 8.449 8.747 9.063 9.379 9.703 9.871 9.910 9.921 9.849
4.194 4.216 4.232 4.249 4.285 4.309 4.326 4.360 4.367 4.387 4.427 4.455 4.476 4.478 4.492 4.558 4.599 4.609 4.613 4.646 4.684 4.707 4.739 4.779 4.828 4.861 4.880 4.854 4.813 4.757 4.674 4.602 4.544 4.501 4.445 4.412 4.382 4.337 4.313 4.278 4.224 4.157 4.105 4.067 4.122 4.166 4.205 4.263 4.316 4.361 4.412 4.452 4.486 4.641 4.817 4.994 5.183 5.365 5.656 5.954 6.251 6.542 6.835 7.133 7.433 7.736 8.037 8.335 8.629 8.921 9.212 9.504 9.816 10.017 9.984 9.919 9.846
4.217 4.257 4.277 4.291 4.302 4.305 4.333 4.384 4.410 4.432 4.455 4.474 4.500 4.522 4.541 4.589 4.612 4.621 4.666 4.712 4.743 4.771 4.816 4.865 4.904 4.925 4.951 4.939 4.890 4.822 4.742 4.676 4.620 4.573 4.507 4.427 4.355 4.305 4.274 4.223 4.176 4.138 4.098 4.062 4.113 4.160 4.202 4.260 4.314 4.374 4.435 4.481 4.523 4.670 4.833 5.000 5.228 5.539 5.838 6.135 6.432 6.726 7.019 7.314 7.611 7.914 8.215 8.512 8.806 9.100 9.396 9.693 9.976 10.035 9.981 9.912 9.840
4.259 4.290 4.295 4.312 4.326 4.330 4.357 4.396 4.430 4.463 4.487 4.508 4.538 4.572 4.590 4.616 4.629 4.642 4.719 4.776 4.793 4.821 4.873 4.926 4.960 4.981 5.017 5.014 4.956 4.885 4.816 4.757 4.702 4.646 4.557 4.470 4.395 4.320 4.273 4.221 4.172 4.138 4.088 4.059 4.105 4.154 4.206 4.266 4.322 4.383 4.442 4.486 4.541 4.695 4.851 5.097 5.398 5.712 6.019 6.317 6.614 6.912 7.208 7.500 7.793 8.091 8.390 8.687 8.981 9.277 9.577 9.819 9.925 10.003 9.947 9.891 9.833
4.276 4.301 4.305 4.338 4.369 4.387 4.405 4.421 4.446 4.481 4.509 4.533 4.562 4.601 4.615 4.621 4.635 4.654 4.715 4.762 4.808 4.870 4.927 4.975 5.004 5.027 5.071 5.079 5.018 4.953 4.897 4.839 4.764 4.699 4.614 4.527 4.455 4.384 4.327 4.249 4.183 4.145 4.082 4.053 4.092 4.149 4.208 4.267 4.324 4.381 4.429 4.462 4.518 4.691 4.979 5.271 5.574 5.886 6.192 6.488 6.788 7.093 7.395 7.689 7.977 8.271 8.568 8.864 9.158 9.454 9.654 9.763 9.868 9.968 9.912 9.856 9.801
4.296 4.322 4.338 4.370 4.397 4.425 4.443 4.447 4.461 4.495 4.529 4.554 4.580 4.617 4.623 4.631 4.653 4.664 4.706 4.756 4.815 4.880 4.955 5.025 5.060 5.087 5.130 5.141 5.072 5.009 4.950 4.876 4.796 4.727 4.647 4.558 4.482 4.408 4.346 4.280 4.206 4.144 4.084 4.066 4.094 4.149 4.210 4.265 4.316 4.374 4.430 4.465 4.509 4.842 5.157 5.457 5.766 6.071 6.367 6.658 6.959 7.270 7.577 7.873 8.160 8.452 8.748 9.044 9.337 9.488 9.598 9.707 9.812 9.916 9.881 9.826 9.771
4.309 4.356 4.395 4.410 4.417 4.448 4.477 4.485 4.492 4.513 4.541 4.566 4.589 4.619 4.625 4.638 4.661 4.670 4.711 4.776 4.842 4.904 4.971 5.043 5.105 5.160 5.200 5.202 5.124 5.046 4.980 4.904 4.819 4.746 4.668 4.577 4.504 4.432 4.376 4.325 4.246 4.168 4.096 4.067 4.095 4.157 4.229 4.280 4.315 4.367 4.433 4.478 4.478 4.687 5.093 5.511 5.940 6.251 6.541 6.831 7.132 7.444 7.754 8.051 8.340 8.632 8.928 9.224 9.331 9.438 9.547 9.654 9.758 9.864 9.852 9.798 9.742
4.323 4.362 4.402 4.420 4.439 4.481 4.507 4.514 4.530 4.559 4.592 4.602 4.611 4.627 4.629 4.642 4.672 4.691 4.740 4.807 4.862 4.915 4.974 5.045 5.113 5.170 5.221 5.236 5.157 5.092 5.031 4.957 4.870 4.786 4.694 4.603 4.542 4.475 4.411 4.355 4.268 4.185 4.119 4.068 4.116 4.173 4.241 4.291 4.327 4.368 4.430 4.440 4.438 4.529 4.939 5.351 5.772 6.185 6.594 7.007 7.311 7.621 7.929 8.226 8.517 8.810 9.063 9.171 9.280 9.390 9.499 9.604 9.707 9.813 9.826 9.772 9.714
4.338 4.354 4.387 4.413 4.445 4.494 4.523 4.541 4.568 4.602 4.624 4.620 4.617 4.631 4.644 4.667 4.696 4.709 4.749 4.815 4.867 4.918 4.966 5.029 5.103 5.168 5.212 5.244 5.185 5.137 5.080 5.007 4.924 4.835 4.731 4.644 4.585 4.504 4.423 4.369 4.304 4.237 4.170 4.123 4.152 4.191 4.237 4.284 4.334 4.379 4.407 4.396 4.389 4.408 4.789 5.204 5.613 6.015 6.426 6.846 7.269 7.694 8.107 8.404 8.696 8.901 9.007 9.115 9.227 9.341 9.450 9.552 9.654 9.761 9.799 9.747 9.689
4.339 4.346 4.386 4.430 4.469 4.497 4.511 4.533 4.568 4.601 4.624 4.616 4.614 4.634 4.664 4.695 4.716 4.716 4.738 4.807 4.868 4.925 4.971 5.028 5.099 5.158 5.204 5.251 5.201 5.147 5.086 5.028 4.968 4.884 4.782 4.704 4.641 4.549 4.451 4.406 4.356 4.290 4.208 4.162 4.156 4.196 4.242 4.285 4.341 4.383 4.379 4.366 4.363 4.379 4.634 5.051 5.456 5.853 6.265 6.688 7.110 7.532 7.952 8.369 8.700 8.848 8.951 9.059 9.173 9.288 9.396 9.497 9.598 9.707 9.770 9.721 9.665
4.328 4.347 4.394 4.435 4.470 4.485 4.498 4.523 4.551 4.575 4.601 4.610 4.622 4.647 4.679 4.706 4.717 4.720 4.741 4.816 4.884 4.945 4.991 5.037 5.099 5.153 5.193 5.238 5.203 5.150 5.089 5.034 4.979 4.906 4.816 4.736 4.671 4.587 4.509 4.474 4.427 4.354 4.268 4.213 4.159 4.201 4.254 4.291 4.336 4.345 4.349 4.342 4.345 4.351 4.466 4.878 5.290 5.694 6.109 6.531 6.948 7.365 7.784 8.140 8.467 8.639 8.804 8.976 9.118 9.232 9.339 9.439 9.540 9.649 9.737 9.692 9.640
4.310 4.342 4.389 4.417 4.451 4.469 4.485 4.518 4.547 4.565 4.585 4.610 4.641 4.673 4.706 4.720 4.727 4.741 4.767 4.830 4.887 4.953 4.998 5.044 5.098 5.146 5.186 5.230 5.208 5.153 5.085 5.018 4.958 4.894 4.815 4.742 4.690 4.625 4.562 4.526 4.472 4.394 4.316 4.258 4.205 4.207 4.263 4.304 4.297 4.307 4.319 4.315 4.314 4.315 4.297 4.697 5.115 5.533 5.956 6.377 6.790 7.203 7.549 7.880 8.207 8.413 8.578 8.752 8.931 9.108 9.276 9.381 9.482 9.592 9.704 9.660 9.611
4.307 4.343 4.384 4.402 4.429 4.453 4.484 4.517 4.541 4.557 4.582 4.627 4.669 4.694 4.717 4.727 4.742 4.768 4.788 4.824 4.866 4.934 4.991 5.034 5.081 5.135 5.186 5.231 5.217 5.158 5.092 5.015 4.949 4.895 4.830 4.768 4.716 4.649 4.592 4.550 4.496 4.421 4.358 4.304 4.245 4.193 4.247 4.277 4.263 4.269 4.289 4.285 4.274 4.269 4.251 4.526 4.943 5.365 5.791 6.214 6.631 6.968 7.298 7.627 7.953 8.192 8.358 8.532 8.711 8.886 9.053 9.215 9.379 9.539 9.654 9.653 9.793
4.325 4.371 4.414 4.424 4.430 4.463 4.506 4.527 4.539 4.552 4.581 4.635 4.670 4.681 4.695 4.706 4.727 4.753 4.770 4.795 4.849 4.925 4.981 5.019 5.066 5.130 5.196 5.248 5.239 5.171 5.114 5.037 4.961 4.907 4.870 4.815 4.760 4.693 4.634 4.579 4.522 4.451 4.392 4.349 4.305 4.222 4.239 4.259 4.249 4.235 4.245 4.243 4.239 4.240 4.220 4.369 4.782 5.197 5.620 6.044 6.379 6.711 7.044 7.376 7.703 7.978 8.143 8.315 8.491 8.664 8.833 8.998 9.163 9.333 9.570 9.832 10.006
4.326 4.364 4.410 4.427 4.420 4.453 4.509 4.533 4.542 4.555 4.577 4.622 4.652 4.665 4.676 4.687 4.708 4.739 4.785 4.831 4.882 4.930 4.963 5.000 5.051 5.115 5.187 5.252 5.254 5.174 5.120 5.054 4.979 4.928 4.889 4.836 4.782 4.725 4.671 4.610 4.552 4.488 4.429 4.381 4.337 4.261 4.224 4.239 4.221 4.182 4.185 4.203 4.216 4.220 4.193 4.212 4.621 5.024 5.440 5.779 6.114 6.446 6.780 7.116 7.449 7.761 7.924 8.091 8.263 8.438 8.613 8.784 8.951 9.202 9.539 9.820 10.044
4.322 4.340 4.385 4.416 4.414 4.445 4.498 4.524 4.531 4.546 4.558 4.593 4.630 4.658 4.674 4.689 4.725 4.770 4.818 4.879 4.927 4.959 4.975 5.001 5.042 5.097 5.164 5.239 5.267 5.182 5.120 5.067 5.009 4.951 4.907 4.857 4.807 4.755 4.699 4.640 4.585 4.526 4.471 4.416 4.361 4.281 4.227 4.239 4.216 4.172 4.162 4.174 4.173 4.158 4.139 4.134 4.465 4.851 5.182 5.518 5.849 6.178 6.508 6.846 7.185 7.513 7.696 7.859 8.030 8.207 8.388 8.566 8.842 9.175 9.508 9.808 10.030
4.320 4.328 4.352 4.379 4.400 4.442 4.482 4.504 4.516 4.539 4.555 4.588 4.627 4.659 4.681 4.719 4.767 4.809 4.847 4.900 4.937 4.966 4.996 5.038 5.077 5.104 5.141 5.210 5.263 5.195 5.144 5.100 5.043 4.982 4.936 4.886 4.835 4.784 4.727 4.670 4.614 4.551 4.499 4.452 4.407 4.337 4.260 4.247 4.226 4.199 4.191 4.188 4.162 4.126 4.103 4.101 4.286 4.594 4.923 5.262 5.593 5.922 6.250 6.585 6.920 7.246 7.462 7.627 7.799 7.977 8.161 8.469 8.810 9.143 9.474 9.796 10.017
4.329 4.345 4.350 4.365 4.404 4.451 4.479 4.504 4.523 4.548 4.573 4.604 4.630 4.657 4.704 4.745 4.794 4.836 4.871 4.918 4.946 4.978 5.027 5.086 5.126 5.143 5.163 5.208 5.251 5.213 5.163 5.119 5.060 5.006 4.966 4.912 4.861 4.816 4.761 4.703 4.651 4.581 4.518 4.469 4.435 4.386 4.308 4.271 4.252 4.235 4.221 4.196 4.165 4.144 4.128 4.141 4.210 4.435 4.677 5.013 5.342 5.672 6.004 6.337 6.662 6.981 7.235 7.406 7.582 7.758 8.084 8.432 8.773 9.106 9.438 9.772 10.008
4.307 4.341 4.350 4.372 4.415 4.447 4.462 4.501 4.533 4.552 4.574 4.605 4.635 4.683 4.727 4.759 4.801 4.846 4.888 4.940 4.974 5.011 5.066 5.120 5.153 5.171 5.189 5.216 5.243 5.214 5.166 5.125 5.072 5.027 4.992 4.939 4.887 4.843 4.790 4.738 4.694 4.620 4.551 4.495 4.454 4.402 4.324 4.283 4.282 4.274 4.256 4.223 4.192 4.170 4.157 4.184 4.196 4.430 4.679 4.938 5.176 5.421 5.754 6.088 6.407 6.722 7.016 7.197 7.374 7.712 8.053 8.396 8.734 9.068 9.402 9.739 10.002
4.281 4.321 4.341 4.380 4.428 4.446 4.446 4.480 4.516 4.539 4.559 4.603 4.654 4.708 4.748 4.774 4.812 4.861 4.913 4.970 5.002 5.035 5.084 5.124 5.149 5.180 5.201 5.223 5.250 5.230 5.180 5.137 5.088 5.049 5.017 4.971 4.918 4.867 4.811 4.763 4.720 4.649 4.588 4.540 4.493 4.431 4.354 4.306 4.309 4.292 4.272 4.246 4.212 4.194 4.195 4.216 4.226 4.407 4.664 4.924 5.159 5.407 5.674 5.928 6.159 6.461 6.794 6.999 7.343 7.678 8.016 8.356 8.693 9.029 9.366 9.708 9.997
4.237 4.308 4.332 4.380 4.433 4.448 4.447 4.477 4.513 4.538 4.553 4.618 4.687 4.739 4.775 4.804 4.844 4.891 4.940 4.998 5.028 5.055 5.099 5.133 5.160 5.184 5.212 5.239 5.263 5.257 5.213 5.173 5.120 5.068 5.025 4.989 4.942 4.888 4.829 4.785 4.740 4.672 4.619 4.579 4.532 4.472 4.399 4.338 4.333 4.299 4.278 4.267 4.258 4.264 4.262 4.278 4.287 4.408 4.660 4.911 5.146 5.399 5.668 5.922 6.149 6.377 6.697 6.983 7.297 7.633 7.972 8.314 8.653 8.991 9.332 9.675 9.988
4.209 4.318 4.337 4.375 4.423 4.445 4.452 4.476 4.507 4.530 4.544 4.607 4.693 4.753 4.797 4.832 4.874 4.914 4.959 5.018 5.054 5.082 5.123 5.155 5.170 5.194 5.220 5.242 5.256 5.264 5.226 5.193 5.142 5.079 5.023 4.989 4.949 4.900 4.867 4.822 4.767 4.695 4.634 4.586 4.536 4.479 4.419 4.361 4.340 4.297 4.276 4.288 4.306 4.316 4.322 4.348 4.361 4.416 4.651 4.892 5.132 5.391 5.656 5.907 6.137 6.464 7.019 7.388 7.584 7.777 7.975 8.277 8.617 8.957 9.300 9.642 9.976
4.173 4.324 4.333 4.363 4.403 4.442 4.458 4.476 4.502 4.532 4.547 4.594 4.672 4.728 4.779 4.833 4.890 4.938 4.978 5.033 5.075 5.105 5.132 5.153 5.175 5.196 5.217 5.238 5.250 5.256 5.228 5.195 5.151 5.094 5.033 4.992 4.963 4.943 4.914 4.867 4.809 4.736 4.673 4.614 4.557 4.493 4.438 4.387 4.354 4.320 4.324 4.343 4.352 4.361 4.373 4.394 4.404 4.407 4.641 4.885 5.135 5.394 5.644 5.888 6.248 6.796 7.353 7.807 8.003 8.197 8.393 8.589 8.783 8.978 9.266 9.607 9.944
4.122 4.327 4.340 4.362 4.390 4.429 4.447 4.466 4.494 4.528 4.545 4.573 4.631 4.686 4.756 4.829 4.890 4.932 4.980 5.048 5.106 5.122 5.132 5.152 5.177 5.197 5.218 5.237 5.249 5.252 5.235 5.202 5.164 5.116 5.053 5.010 5.000 4.983 4.955 4.912 4.854 4.791 4.737 4.679 4.614 4.531 4.467 4.417 4.374 4.370 4.396 4.399 4.391 4.390 4.406 4.421 4.430 4.433 4.637 4.895 5.152 5.403 5.638 6.024 6.581 7.138 7.696 8.236 8.431 8.623 8.816 9.007 9.198 9.390 9.586 9.781 9.972
4.063 4.315 4.337 4.355 4.378 4.409 4.421 4.441 4.470 4.500 4.521 4.545 4.600 4.649 4.727 4.816 4.881 4.922 4.963 5.028 5.111 5.132 5.133 5.152 5.184 5.207 5.229 5.243 5.251 5.250 5.241 5.205 5.167 5.131 5.087 5.059 5.048 5.022 4.987 4.945 4.881 4.822 4.773 4.717 4.652 4.567 4.504 4.449 4.411 4.411 4.438 4.447 4.442 4.441 4.452 4.449 4.458 4.480 4.646 4.908 5.159 5.395 5.796 6.352 6.918 7.478 8.036 8.593 8.854 9.045 9.235 9.423 9.610 9.801 9.997 10.193 10.147
4.004 4.259 4.335 4.351 4.370 4.401 4.413 4.434 4.462 4.483 4.504 4.536 4.600 4.643 4.701 4.779 4.844 4.891 4.941 5.028 5.111 5.143 5.145 5.166 5.190 5.201 5.220 5.234 5.250 5.256 5.259 5.218 5.176 5.156 5.129 5.107 5.093 5.062 5.023 4.983 4.912 4.857 4.807 4.751 4.691 4.618 4.551 4.518 4.489 4.488 4.504 4.504 4.500 4.514 4.520 4.500 4.501 4.522 4.624 4.878 5.133 5.570 6.118 6.683 7.250 7.807 8.361 8.918 9.267 9.458 9.648 9.836 10.024 10.216 10.413 10.374 10.207
3.946 4.203 4.333 4.346 4.369 4.404 4.412 4.436 4.465 4.479 4.490 4.520 4.592 4.648 4.688 4.748 4.817 4.882 4.960 5.048 5.123 5.164 5.166 5.183 5.194 5.196 5.209 5.229 5.254 5.270 5.282 5.237 5.215 5.204 5.179 5.155 5.133 5.101 5.062 5.021 4.953 4.903 4.853 4.795 4.735 4.664 4.633 4.609 4.586 4.583 4.598 4.588 4.579 4.582 4.578 4.561 4.569 4.585 4.616 4.859 5.339 5.894 6.447 7.011 7.573 8.124 8.677 9.235 9.673 9.867 10.058 10.248 10.439 10.635 10.599 10.435 10.268
4.048 4.244 4.336 4.338 4.359 4.394 4.403 4.426 4.453 4.466 4.470 4.493 4.561 4.634 4.681 4.739 4.821 4.901 4.981 5.061 5.128 5.187 5.193 5.203 5.206 5.209 5.225 5.248 5.271 5.279 5.286 5.272 5.259 5.245 5.219 5.192 5.164 5.138 5.106 5.069 5.011 4.960 4.904 4.848 4.786 4.748 4.716 4.694 4.684 4.681 4.689 4.668 4.651 4.655 4.659 4.656 4.660 4.665 4.667 5.120 5.682 6.233 6.783 7.339 7.893 8.442 8.995 9.555 10.082 10.277 10.469 10.660 10.854 10.820 10.658 10.494 10.326
4.113 4.217 4.329 4.339 4.361 4.385 4.393 4.406 4.428 4.451 4.467 4.489 4.535 4.601 4.660 4.736 4.821 4.894 4.971 5.050 5.120 5.193 5.215 5.226 5.230 5.243 5.260 5.271 5.275 5.272 5.274 5.281 5.282 5.273 5.246 5.213 5.177 5.156 5.142 5.123 5.076 5.010 4.941 4.891 4.870 4.832 4.799 4.783 4.779 4.767 4.762 4.742 4.736 4.752 4.757 4.740 4.738 4.745 4.824 5.259 5.911 6.561 7.116 7.670 8.222 8.772 9.326 9.884 10.442 10.690 10.881 11.073 11.038 10.874 10.711 10.546 10.379
4.063 4.176 4.295 4.318 4.348 4.367 4.384 4.400 4.422 4.452 4.482 4.503 4.523 4.573 4.662 4.746 4.823 4.888 4.964 5.048 5.120 5.191 5.230 5.243 5.250 5.267 5.285 5.286 5.273 5.262 5.272 5.287 5.284 5.271 5.251 5.229 5.198 5.180 5.177 5.167 5.123 5.042 4.983 4.977 4.968 4.939 4.908 4.889 4.879 4.854 4.840 4.827 4.831 4.846 4.845 4.829 4.834 4.912 4.988 5.297 5.948 6.605 7.258 7.910 8.559 9.112 9.665 10.218 10.772 11.105 11.295 11.260 11.092 10.927 10.762 10.596 10.429
4.038 4.153 4.257 4.308 4.351 4.365 4.377 4.393 4.413 4.433 4.458 4.484 4.501 4.572 4.662 4.742 4.818 4.888 4.968 5.054 5.122 5.195 5.251 5.263 5.265 5.280 5.299 5.296 5.278 5.271 5.281 5.292 5.280 5.270 5.264 5.253 5.228 5.218 5.222 5.215 5.172 5.105 5.077 5.070 5.055 5.028 5.004 4.985 4.970 4.948 4.934 4.929 4.925 4.917 4.910 4.932 5.024 5.097 5.162 5.347 5.997 6.653 7.309 7.965 8.617 9.265 9.909 10.549 11.100 11.520 11.489 11.320 11.151 10.984 10.816 10.648 10.481
4.019 4.131 4.235 4.315 4.355 4.367 4.370 4.383 4.410 4.423 4.442 4.464 4.481 4.547 4.649 4.737 4.819 4.892 4.971 5.050 5.120 5.203 5.279 5.294 5.296 5.307 5.312 5.312 5.299 5.295 5.304 5.307 5.289 5.276 5.270 5.265 5.246 5.234 5.232 5.223 5.201 5.186 5.180 5.161 5.132 5.106 5.087 5.063 5.033 5.013 5.010 5.016 5.006 4.983 5.003 5.106 5.206 5.278 5.342 5.411 6.060 6.710 7.361 8.014 8.666 9.314 9.957 10.598 11.243 11.706 11.546 11.383 11.216 11.047 10.877 10.706 10.538
3.979 4.101 4.225 4.325 4.349 4.364 4.368 4.388 4.425 4.436 4.441 4.450 4.471 4.524 4.627 4.710 4.789 4.875 4.968 5.049 5.125 5.211 5.300 5.319 5.328 5.324 5.321 5.326 5.320 5.318 5.322 5.317 5.298 5.279 5.266 5.256 5.239 5.228 5.223 5.226 5.215 5.212 5.221 5.217 5.202 5.184 5.171 5.148 5.110 5.087 5.090 5.100 5.089 5.106 5.183 5.287 5.379 5.447 5.518 5.598 6.132 6.773 7.413 8.058 8.706 9.354 9.998 10.641 11.155 11.633 11.583 11.428 11.269 11.105 10.938 10.767 10.597
3.929 4.055 4.196 4.312 4.336 4.357 4.366 4.385 4.419 4.422 4.425 4.427 4.442 4.480 4.588 4.678 4.747 4.829 4.927 5.018 5.114 5.212 5.297 5.320 5.325 5.314 5.300 5.307 5.315 5.321 5.324 5.313 5.297 5.278 5.268 5.255 5.238 5.230 5.239 5.245 5.236 5.234 5.240 5.227 5.213 5.220 5.238 5.244 5.204 5.174 5.169 5.179 5.220 5.285 5.366 5.461 5.539 5.603 5.680 5.767 6.182 6.820 7.456 8.099 8.747 9.395 10.041 10.534 11.008 11.489 11.615 11.463 11.307 11.144 10.977 10.809 10.644
