includes/lisflood/oleron/results_R2_t1.56079001071E12/res-0013.wdfp
ncols         631
nrows         906
xllcorner     364927.146667
yllcorner     6531972.565556
cellsize      20.000000
NODATA_value  -9999.000000
[rows 136 to 169 of 906, columns 308 to 384 of 631]
0.197 0.578 0.699 0.795 0.000 0.309 0.003 0.763 0.458 0.064 0.671 0.634 0.749 0.150 0.112 0.000 0.983 0.724 1.162 1.281 0.618 0.417 1.188 0.360 0.491 1.230 1.499 1.501 1.479 1.403 1.496 1.268 1.304 1.335 1.664 1.746 1.069 1.231 1.079 1.133 1.625 1.392 1.008 1.267 1.179 1.356 1.426 1.192 1.205 0.020 0.000 0.000 0.000 0.000 0.000 0.000 0.000 0.000 0.000 0.000 0.000 0.000 0.000 0.000 0.000 0.115 0.038 0.000 0.000 0.000 0.127 0.001 0.433 0.557 0.552 0.592 0.673
0.005 0.000 0.011 0.168 0.390 0.000 0.000 0.000 1.086 1.201 0.510 1.362 0.848 1.042 0.990 0.454 1.333 0.000 1.024 0.887 1.117 1.219 1.004 0.180 1.507 1.194 1.268 1.339 1.528 1.158 1.495 1.307 1.534 1.318 0.124 0.084 1.215 1.012 1.156 1.033 1.302 1.103 1.367 0.989 1.402 1.354 1.192 1.500 1.103 1.420 0.083 0.000 0.000 0.000 0.000 0.000 0.000 0.000 0.000 0.031 0.000 0.000 0.061 0.000 0.000 0.031 0.144 0.002 0.014 0.001 0.000 0.158 0.337 0.287 0.499 0.684 0.473
0.000 0.000 0.026 0.349 0.000 0.000 0.000 0.007 0.861 0.650 0.894 0.604 0.500 1.295 0.932 0.856 1.491 0.519 1.374 0.555 1.016 0.795 0.606 0.565 1.007 1.324 1.389 1.507 1.140 1.436 0.980 1.370 1.312 1.157 1.621 1.545 0.260 1.463 1.507 1.490 1.167 1.466 1.401 1.150 1.279 1.400 1.382 1.297 0.663 0.823 1.205 0.517 0.138 0.000 0.000 0.000 0.000 0.000 0.000 0.000 0.023 0.000 0.000 0.021 0.000 0.000 0.000 0.000 0.000 0.000 0.000 0.028 0.314 0.234 0.557 0.547 0.652
0.019 0.000 0.000 0.000 0.000 0.000 0.000 0.000 0.802 0.434 0.490 0.701 0.643 0.419 0.000 1.726 0.937 1.309 1.292 0.286 1.199 0.999 1.002 0.000 0.998 1.292 1.493 1.180 1.623 1.292 1.168 1.263 0.007 0.070 0.733 0.543 1.427 0.256 0.207 1.831 1.732 1.651 1.311 1.466 0.631 1.094 1.312 1.723 0.925 1.239 1.708 0.636 1.181 0.098 0.000 0.000 0.000 0.000 0.000 0.000 0.000 0.000 0.000 0.000 0.054 0.041 0.000 0.000 0.000 0.003 0.021 0.000 0.143 0.375 0.303 0.445 0.630
0.197 0.087 0.000 0.000 0.112 0.003 0.259 0.074 0.786 0.777 0.576 0.561 0.993 0.327 0.000 1.734 0.227 1.413 0.922 0.686 1.245 0.827 0.917 0.768 0.412 1.391 1.398 1.478 0.162 1.505 0.807 0.398 0.391 0.262 1.526 1.331 1.006 1.328 0.277 1.142 0.376 1.886 1.738 0.828 1.218 1.150 1.322 1.257 1.684 1.325 1.367 1.552 1.374 1.019 0.021 0.000 0.000 0.000 0.000 0.000 0.000 0.024 0.012 0.001 0.006 0.038 0.135 0.000 0.053 0.000 0.001 0.000 0.018 0.183 0.338 0.564 0.506
0.099 0.224 0.227 0.375 0.075 0.268 0.448 0.046 0.408 0.520 0.601 1.021 1.101 1.367 0.742 1.385 0.812 0.518 0.918 1.201 1.051 1.080 1.047 0.865 1.165 1.005 0.167 0.235 0.707 1.433 1.551 1.185 1.125 1.215 1.043 1.368 1.235 1.326 1.176 1.638 0.000 0.367 1.575 1.342 0.589 1.040 1.019 1.212 1.373 1.350 1.485 1.109 1.543 1.567 0.471 0.197 0.000 0.000 0.000 0.000 0.000 0.000 0.009 0.000 0.000 0.000 0.053 0.000 0.000 0.010 0.000 0.000 0.000 0.062 0.000 0.384 0.392
0.644 0.858 0.839 0.792 0.426 0.820 0.691 0.277 0.607 0.001 1.458 0.557 0.306 1.300 0.954 1.220 1.108 0.756 1.078 1.699 1.050 0.898 0.826 0.306 0.925 1.325 0.697 1.226 1.284 1.515 1.580 1.509 1.139 1.514 1.363 1.032 0.870 0.926 1.757 1.238 1.595 1.884 1.475 1.264 1.444 0.825 0.832 1.435 1.376 1.737 1.127 1.093 1.375 1.345 0.586 0.236 0.257 0.000 0.000 0.000 0.000 0.000 0.000 0.000 0.000 0.000 0.000 0.026 0.000 0.000 0.042 0.000 0.000 0.000 0.055 0.233 0.431
0.837 0.638 0.144 0.287 0.810 0.811 0.988 0.424 0.158 0.421 0.659 0.584 1.329 1.391 1.045 0.495 0.377 0.390 1.842 1.750 0.674 1.090 0.673 0.235 1.103 1.509 1.338 1.653 1.387 1.496 1.554 1.375 1.522 1.418 1.489 1.375 0.559 1.420 1.312 1.443 1.370 0.036 1.658 1.633 1.482 1.688 1.432 0.968 1.701 1.465 1.534 1.489 1.398 1.476 1.279 1.809 0.970 0.000 0.000 0.000 0.000 0.000 0.000 0.000 0.000 0.000 0.000 0.000 0.000 0.000 0.059 0.001 0.000 0.000 0.000 0.247 0.201
0.026 0.555 0.978 0.944 1.122 0.677 0.376 0.596 0.003 0.883 0.641 1.267 1.469 1.251 1.142 1.333 0.751 1.366 1.600 0.757 0.638 1.474 0.367 0.442 1.554 1.193 1.257 1.350 1.463 1.320 1.427 1.353 1.499 1.324 1.537 1.093 1.160 1.116 1.304 1.319 1.484 1.518 0.537 0.117 1.625 1.860 1.260 1.844 1.272 1.122 1.252 1.457 1.037 0.528 0.682 1.261 1.382 0.567 0.000 0.000 0.000 0.000 0.000 0.000 0.000 0.000 0.000 0.000 0.002 0.000 0.000 0.000 0.000 0.007 0.002 0.014 0.217
0.820 1.297 1.009 1.073 0.073 0.352 0.769 0.089 0.622 0.608 0.078 0.785 0.673 0.500 0.886 1.007 0.287 0.555 1.743 0.717 0.827 1.343 1.357 0.000 1.135 1.444 1.249 1.077 1.461 1.335 1.194 1.300 1.314 1.173 1.393 1.238 1.387 1.292 1.176 1.317 1.180 1.497 1.696 1.646 0.000 0.040 0.399 1.495 0.134 1.605 1.688 1.545 1.295 0.657 1.047 0.861 1.043 0.581 0.696 0.080 0.000 0.000 0.000 0.000 0.000 0.000 0.000 0.000 0.000 0.000 0.031 0.000 0.000 0.000 0.000 0.000 0.099
0.819 0.001 0.000 1.303 1.526 1.113 0.517 0.410 0.063 0.269 0.211 1.503 1.217 0.381 1.152 0.828 1.530 1.345 1.992 1.314 0.117 1.126 1.392 1.165 0.014 1.114 1.732 0.728 1.343 1.335 1.405 1.431 1.224 1.639 1.566 1.160 1.511 1.050 1.090 1.486 1.430 1.155 1.205 0.167 0.344 0.373 0.160 0.502 1.551 0.124 1.619 1.659 1.837 1.793 1.348 1.318 0.068 1.065 1.042 0.668 0.209 0.000 0.000 0.000 0.000 0.000 0.000 0.000 0.063 0.000 0.000 0.000 0.118 0.108 0.000 0.000 0.003
1.338 1.357 1.097 1.450 1.150 1.333 0.599 0.231 0.482 0.634 0.751 0.464 0.611 1.199 1.133 0.005 1.078 1.643 1.874 1.347 1.248 0.000 1.004 1.849 1.250 0.062 0.992 1.516 1.342 1.353 1.347 1.571 1.166 1.076 1.094 1.531 1.161 1.267 1.028 1.331 1.100 1.021 1.558 1.400 1.288 1.135 1.600 1.355 0.328 0.827 0.147 1.650 0.628 0.876 0.651 0.459 0.394 0.094 1.299 0.836 0.463 0.137 0.000 0.000 0.000 0.000 0.000 0.000 0.000 0.000 0.000 0.001 0.062 0.027 0.000 0.000 0.000
0.944 1.188 1.273 0.177 0.540 0.980 1.186 0.558 0.604 0.806 0.700 1.361 0.487 1.095 1.119 1.872 1.795 1.434 1.357 0.991 1.809 1.253 0.027 1.564 1.439 1.354 1.179 1.346 1.131 1.231 1.137 1.181 1.373 1.467 1.138 0.784 1.513 0.894 1.193 1.486 1.264 1.163 1.205 1.580 1.662 1.352 1.573 1.485 1.284 0.410 0.820 0.000 0.077 0.996 1.297 0.564 0.000 0.687 0.581 0.000 0.592 0.648 0.000 0.000 0.000 0.000 0.000 0.080 0.000 0.000 0.000 0.045 0.000 0.000 0.000 0.061 0.000
0.952 0.423 0.715 0.796 1.006 1.202 1.061 1.118 0.747 0.662 0.545 0.495 1.148 1.084 0.044 0.486 0.709 1.345 1.588 1.708 0.513 1.029 1.665 0.256 1.114 1.405 1.198 1.017 0.887 1.420 1.373 1.375 1.492 1.482 1.299 0.809 0.850 0.877 1.408 1.196 1.305 1.363 1.397 1.732 1.367 1.407 1.410 1.313 1.219 0.543 0.017 0.005 0.000 0.728 0.806 0.836 1.640 1.135 0.671 0.949 0.649 0.586 0.000 0.000 0.000 0.000 0.000 0.000 0.004 0.000 0.000 0.000 0.000 0.000 0.070 0.000 0.004
0.835 1.132 0.810 1.119 0.705 1.139 0.897 1.316 0.962 0.758 1.181 0.457 0.840 1.163 1.999 0.859 1.408 1.162 1.708 0.859 1.656 0.666 0.677 1.450 0.024 1.346 1.282 0.041 1.055 1.146 1.531 1.424 1.354 1.527 0.858 1.346 1.174 1.406 1.401 1.008 1.228 1.380 1.405 1.395 1.715 1.147 1.533 1.280 1.464 1.271 0.702 1.388 0.777 0.000 0.390 0.554 1.756 0.405 1.420 1.073 0.319 0.800 0.279 0.000 0.000 0.000 0.000 0.000 0.000 0.000 0.000 0.000 0.000 0.007 0.000 0.054 0.018
0.486 1.249 0.948 1.268 1.005 1.236 0.882 1.206 1.216 0.908 0.306 1.325 0.930 0.722 1.778 0.910 0.914 1.107 0.948 1.413 0.806 1.410 1.136 0.453 1.531 0.297 1.577 1.231 0.003 0.761 1.062 1.133 1.002 1.201 1.168 1.131 1.535 1.217 0.985 1.408 1.350 1.291 1.271 1.433 1.330 1.123 1.409 1.096 0.609 1.004 1.390 1.496 1.550 1.355 0.003 0.799 1.562 0.000 1.007 1.056 0.744 0.942 0.812 0.879 0.000 0.000 0.000 0.000 0.000 0.000 0.000 0.061 0.000 0.000 0.000 0.000 0.081
0.313 1.323 0.867 1.197 0.683 1.288 0.863 0.942 0.976 0.294 0.000 1.046 1.137 1.032 1.784 1.243 0.947 1.048 1.443 1.083 1.392 1.059 1.353 1.470 0.843 1.440 1.144 1.326 1.637 0.002 0.117 0.742 1.245 1.422 0.964 1.476 1.298 1.218 1.366 1.194 1.202 1.390 1.347 1.014 0.961 1.098 1.417 1.266 1.605 1.603 1.543 1.473 1.636 1.288 1.618 0.648 1.742 0.520 0.847 1.511 0.708 0.347 1.042 0.736 0.439 0.000 0.000 0.000 0.000 0.000 0.004 0.000 0.000 0.000 0.000 0.000 0.013
0.380 1.059 1.491 0.945 0.469 1.060 0.819 1.174 1.174 0.000 1.075 1.086 0.455 0.730 1.360 0.600 1.108 1.373 1.211 1.004 0.970 0.920 1.530 0.871 1.011 1.209 0.520 1.363 1.699 1.539 1.255 1.042 1.226 1.401 0.990 1.222 1.272 1.339 1.302 1.174 0.736 1.114 1.361 1.440 1.569 1.549 1.302 1.650 1.363 1.482 1.285 1.385 1.461 1.592 1.687 0.541 0.000 0.235 1.029 1.038 1.220 0.461 0.973 1.028 0.891 0.119 0.000 0.000 0.000 0.000 0.000 0.029 0.000 0.000 0.000 0.000 0.000
0.191 0.901 1.101 1.353 0.241 1.480 0.551 1.250 0.433 0.094 0.907 0.771 1.221 1.286 0.891 1.159 1.325 0.900 0.766 1.370 1.058 1.121 1.355 0.895 1.400 0.981 0.708 0.576 1.533 0.915 0.757 1.064 1.097 1.279 0.963 1.183 0.786 0.652 1.758 1.259 1.424 1.286 1.372 1.667 1.268 1.680 1.438 1.260 1.404 1.373 1.544 1.668 1.861 1.788 1.098 0.013 0.000 1.698 0.012 1.531 1.578 0.655 0.803 1.051 0.954 0.575 0.000 0.000 0.000 0.000 0.000 0.000 0.000 0.000 0.000 0.000 0.046
0.848 0.776 0.415 1.140 1.100 0.907 0.731 1.103 0.530 1.172 0.777 0.593 0.524 0.818 0.524 0.672 1.044 1.684 0.899 1.342 0.657 0.810 1.030 1.357 1.509 1.607 0.659 0.479 0.769 0.975 1.180 0.977 1.258 0.915 1.444 0.944 1.182 1.066 1.446 1.374 1.722 1.488 1.462 1.514 1.672 1.251 1.881 1.677 1.678 1.636 1.822 1.288 1.296 1.302 1.292 0.848 0.053 0.521 1.406 0.000 1.491 1.580 1.193 0.894 0.674 0.561 0.000 0.000 0.000 0.000 0.000 0.000 0.000 0.000 0.101 0.000 0.000
1.036 0.757 0.722 1.051 1.249 0.943 0.029 0.554 0.010 1.121 1.109 0.939 1.021 1.190 0.353 0.542 0.452 0.986 0.765 0.665 0.789 1.509 0.827 0.721 0.640 0.799 0.896 0.871 0.832 1.263 1.461 1.067 1.229 1.533 1.032 1.288 1.330 1.565 1.537 1.545 1.300 1.313 1.185 1.207 1.405 1.240 1.557 1.903 1.355 1.792 1.625 1.769 1.213 1.528 1.428 1.835 0.378 0.367 0.733 1.846 0.445 0.955 0.921 0.587 0.410 0.361 0.000 0.000 0.000 0.000 0.000 0.000 0.000 0.000 0.000 0.000 0.000
0.308 1.465 0.433 0.970 0.520 1.511 0.731 0.641 0.740 1.059 0.413 0.988 0.833 0.716 0.662 0.768 0.883 1.056 0.729 1.594 1.234 1.186 1.359 1.086 1.245 0.788 0.549 0.783 0.733 1.579 1.315 1.153 0.600 1.120 1.575 1.128 1.568 1.348 1.429 1.479 1.437 1.507 1.328 1.386 1.366 1.537 1.449 1.728 1.479 1.849 1.580 1.435 1.477 1.339 1.532 1.650 0.386 0.678 0.612 0.041 1.204 1.125 1.177 0.829 0.444 0.608 0.000 0.000 0.000 0.064 0.000 0.000 0.000 0.040 0.000 0.067 0.000
0.410 0.000 2.092 0.313 1.083 0.498 0.810 0.160 1.132 0.670 1.068 0.982 0.854 0.972 0.812 0.628 0.800 1.606 1.347 0.956 0.685 0.865 0.766 0.468 0.770 0.607 0.461 0.986 0.131 0.433 1.050 0.787 0.924 1.201 1.304 1.437 1.558 1.576 1.666 1.237 1.319 1.167 1.295 1.537 1.308 0.854 1.757 1.237 1.326 1.324 1.359 1.313 1.553 1.344 1.711 1.873 0.249 0.860 0.604 0.743 1.505 0.000 0.988 1.196 0.541 0.433 0.465 0.000 0.000 0.000 0.389 0.000 0.000 0.000 0.000 0.056 0.000
0.948 0.878 0.000 2.108 0.382 0.503 0.932 0.705 1.082 0.342 1.116 0.793 1.053 0.347 0.510 1.110 1.839 1.349 1.085 0.103 1.328 1.128 0.959 1.232 0.239 1.159 0.722 0.007 1.018 0.374 1.217 0.712 1.340 0.570 1.101 1.315 1.136 1.088 1.150 1.656 1.535 1.770 1.853 1.776 0.951 1.660 1.219 1.423 1.423 1.334 1.699 1.459 1.335 1.810 1.300 1.514 1.662 0.784 0.869 0.000 0.000 0.247 0.735 1.647 0.114 0.644 0.340 0.449 0.000 0.000 0.382 0.000 0.000 0.000 0.000 0.000 0.000
0.933 1.349 0.272 1.090 1.465 2.156 0.248 1.294 0.592 0.649 1.075 1.326 1.056 0.041 0.820 1.014 1.112 0.963 0.930 0.578 1.335 0.095 1.199 0.171 0.875 0.674 1.062 0.582 1.253 0.365 0.682 1.028 1.556 0.676 1.300 1.294 1.378 1.454 1.156 1.286 1.509 1.243 1.618 1.538 1.666 1.137 1.485 1.615 1.506 1.386 1.322 1.399 1.715 1.581 1.512 1.822 1.411 0.424 0.329 0.000 0.441 1.013 0.000 0.861 0.178 0.758 0.338 0.303 0.000 0.000 0.000 0.000 0.000 0.000 0.000 0.000 0.000
0.643 1.025 0.563 0.526 0.241 0.000 2.506 0.542 0.212 1.038 0.917 1.081 1.073 0.007 0.835 0.884 1.110 1.378 0.258 1.047 1.272 0.000 1.179 0.000 1.293 0.539 0.608 1.069 0.380 1.019 1.042 0.860 1.050 0.272 1.336 1.324 1.070 1.524 1.456 1.354 1.592 1.418 1.641 1.560 1.405 1.482 1.550 1.367 1.746 1.863 1.565 1.720 1.515 1.583 1.358 1.625 1.523 0.184 0.000 0.081 0.520 1.816 0.000 0.521 0.812 0.820 1.260 0.412 0.000 0.000 0.000 0.000 0.157 0.550 0.000 0.000 0.000
0.614 0.972 1.872 1.258 1.576 0.323 1.689 0.687 2.158 0.886 0.360 0.969 0.779 0.021 0.853 0.881 1.335 1.012 0.569 1.066 0.497 1.007 0.674 0.855 1.481 0.789 0.438 0.467 1.192 0.479 0.825 0.457 0.764 0.400 1.100 1.435 1.171 1.255 1.359 1.220 1.435 1.589 1.341 1.605 1.481 1.204 1.491 1.561 1.397 1.606 1.670 1.735 1.753 1.325 1.822 1.677 1.582 1.105 0.000 0.489 0.579 0.000 0.157 0.001 1.093 0.831 1.315 0.494 0.361 0.000 0.000 0.000 0.584 0.627 0.000 0.000 0.000
1.056 0.732 0.542 0.425 0.791 0.520 1.308 0.783 0.598 0.155 2.230 0.184 1.127 0.002 1.020 0.689 1.128 0.911 0.715 1.195 0.078 1.453 0.000 1.228 0.264 0.666 0.232 1.205 1.760 1.271 1.884 0.289 1.293 0.438 0.758 1.350 1.353 1.385 1.392 1.485 1.297 1.458 1.842 1.150 1.609 1.714 1.426 1.346 1.592 1.478 1.587 1.703 1.315 1.511 1.895 1.426 1.877 1.704 0.558 0.586 0.292 0.003 1.763 0.470 1.032 1.125 0.648 0.892 0.587 0.000 0.000 0.000 0.557 0.453 0.660 0.000 0.000
1.470 1.502 1.013 1.138 1.002 1.546 1.609 0.894 0.507 0.559 0.544 2.217 0.372 0.829 1.069 0.694 0.963 1.168 1.108 0.932 1.100 1.457 0.276 1.167 0.430 0.739 0.994 1.408 1.307 0.324 1.954 0.383 0.368 0.918 0.663 0.526 0.746 0.666 1.108 1.019 1.028 0.890 0.971 1.353 0.989 1.294 1.482 1.197 1.423 1.623 1.359 1.562 1.506 1.443 1.482 1.473 1.277 1.547 0.817 0.344 0.285 0.000 0.014 0.214 0.489 1.068 1.192 0.777 0.858 0.044 0.000 0.000 0.595 0.807 0.440 0.517 0.000
0.631 0.522 1.419 0.985 1.031 0.615 1.081 1.091 1.038 0.775 0.431 0.455 2.625 1.039 0.606 0.478 0.512 1.281 1.210 0.232 1.256 0.028 0.538 0.113 0.953 0.656 1.741 0.995 0.278 1.415 0.492 0.379 0.270 0.521 0.457 0.272 1.426 1.554 1.178 1.589 1.529 1.739 1.545 1.243 1.359 1.597 1.526 1.749 1.237 1.296 1.620 1.552 1.358 1.150 1.731 1.597 1.259 0.985 0.181 0.141 0.011 0.111 2.222 0.124 0.432 0.741 0.638 0.731 0.691 0.234 0.158 0.000 0.472 0.711 0.658 0.593 0.270
0.768 1.328 0.953 1.241 0.753 0.693 0.464 0.521 0.783 0.481 1.192 0.647 0.014 2.135 0.418 0.560 0.803 1.298 1.841 0.382 1.396 0.198 1.295 0.467 0.577 0.771 0.916 0.365 1.177 0.727 0.639 0.688 0.434 0.351 0.635 0.674 1.302 1.448 1.446 1.295 1.067 1.372 1.255 1.594 1.057 1.329 1.707 1.630 1.523 1.520 1.403 1.487 1.808 1.562 1.926 1.779 1.691 1.602 1.577 0.460 0.145 0.247 2.780 0.985 0.701 0.467 0.579 0.668 0.796 1.033 0.104 0.000 0.000 0.434 0.577 0.826 0.636
0.998 1.346 0.721 1.340 0.582 0.381 0.616 0.674 0.584 0.603 0.766 0.917 0.605 0.706 1.362 0.857 0.711 1.209 1.140 1.663 0.475 0.912 0.967 0.528 0.639 0.424 0.441 1.268 0.610 0.558 1.418 1.468 0.098 0.324 0.324 0.879 1.646 1.644 1.280 1.649 1.351 1.530 1.292 1.777 1.617 1.641 1.538 1.131 1.615 1.537 1.470 1.261 1.802 1.811 1.381 1.563 1.424 1.780 1.704 0.617 0.087 0.000 2.601 1.340 0.873 0.885 0.164 0.657 0.800 0.899 0.135 0.000 0.000 0.400 0.406 0.330 0.420
1.252 1.239 1.337 1.391 0.538 0.427 0.405 1.323 1.585 0.566 0.677 0.532 0.824 0.480 0.855 2.020 0.759 1.134 0.117 1.215 0.005 0.771 0.015 1.054 0.881 0.342 0.306 0.710 1.226 1.690 1.020 0.814 0.305 0.208 0.145 0.940 1.444 1.464 1.630 1.347 1.453 1.737 1.405 1.232 1.661 1.434 1.318 1.578 1.323 1.586 1.503 1.564 1.123 1.166 1.701 1.549 1.662 1.630 0.931 0.047 0.905 0.096 2.068 1.399 1.392 0.356 1.474 0.915 0.160 0.929 0.002 0.026 0.000 1.041 1.028 0.728 0.876
0.557 0.558 0.285 1.422 0.267 0.005 0.000 0.032 0.540 1.160 0.900 0.871 0.257 0.429 0.000 0.057 2.022 0.522 1.130 1.540 0.659 0.993 0.754 0.777 1.328 0.391 0.548 0.511 0.557 0.679 1.494 0.453 1.013 0.394 0.569 1.191 1.219 1.390 1.296 1.417 1.492 1.302 1.691 1.700 1.297 1.758 1.481 1.321 1.684 1.312 1.572 1.571 1.601 1.510 1.386 1.512 1.792 1.387 1.483 1.157 0.113 0.000 0.407 1.214 1.345 1.424 0.766 0.549 0.926 0.450 0.541 0.170 0.000 0.979 0.877 1.001 1.097
