includes/lisflood/oleron/results_R2_t1.56079001071E12/res-0002.wdfp
ncols         631
nrows         906
xllcorner     364927.146667
yllcorner     6531972.565556
cellsize      20.000000
NODATA_value  -9999.000000
[rows 68 to 101 of 906, columns 539 to 615 of 631]
14.230 14.339 14.446 14.552 14.657 14.766 14.858 14.950 15.042 15.135 15.226 15.316 15.407 15.499 15.590 15.682 15.774 15.820 15.814 15.808 15.802 15.794 15.788 15.763 15.731 15.700 15.670 15.640 15.609 15.577 15.545 15.437 15.301 15.166 15.030 14.896 14.762 14.629 14.495 14.362 14.229 14.096 13.962 13.839 13.722 13.610 13.533 13.455 13.361 13.256 13.151 13.047 12.942 12.840 12.739 12.639 12.536 12.433 12.328 12.256 12.235 12.215 12.196 12.177 12.158 12.137 12.115 12.092 12.070 12.050 12.032 12.015 12.002 12.008 12.012 12.016 12.019
14.216 14.324 14.431 14.528 14.597 14.696 14.834 14.973 15.094 15.186 15.277 15.368 15.459 15.550 15.642 15.734 15.826 15.900 15.895 15.890 15.883 15.877 15.854 15.821 15.788 15.757 15.726 15.695 15.664 15.632 15.600 15.511 15.374 15.238 15.103 14.968 14.833 14.699 14.566 14.433 14.299 14.167 14.034 13.901 13.767 13.654 13.565 13.460 13.356 13.251 13.145 13.039 12.936 12.834 12.734 12.632 12.531 12.428 12.323 12.251 12.230 12.210 12.192 12.175 12.156 12.136 12.114 12.091 12.068 12.046 12.028 12.011 11.999 12.003 12.006 12.009 12.005
14.200 14.308 14.393 14.462 14.531 14.619 14.758 14.896 15.034 15.173 15.311 15.419 15.510 15.601 15.693 15.785 15.878 15.970 15.976 15.971 15.965 15.944 15.911 15.878 15.845 15.813 15.782 15.750 15.719 15.687 15.654 15.584 15.448 15.312 15.176 15.041 14.906 14.772 14.637 14.503 14.370 14.238 14.104 13.972 13.840 13.709 13.558 13.455 13.350 13.244 13.138 13.032 12.929 12.828 12.727 12.627 12.526 12.422 12.317 12.247 12.226 12.206 12.189 12.172 12.154 12.134 12.112 12.089 12.066 12.045 12.026 12.008 11.996 12.000 11.994 11.982 11.970
14.184 14.255 14.326 14.396 14.465 14.540 14.679 14.818 14.956 15.095 15.232 15.370 15.508 15.646 15.745 15.836 15.929 16.022 16.056 16.052 16.034 16.001 15.968 15.935 15.902 15.869 15.837 15.805 15.774 15.741 15.709 15.658 15.522 15.387 15.252 15.116 14.981 14.846 14.711 14.575 14.441 14.308 14.176 14.045 13.918 13.790 13.635 13.480 13.343 13.237 13.131 13.026 12.922 12.821 12.721 12.621 12.520 12.416 12.311 12.242 12.222 12.203 12.186 12.169 12.151 12.130 12.108 12.085 12.063 12.043 12.024 12.005 11.982 11.972 11.961 11.949 11.937
14.117 14.188 14.258 14.328 14.398 14.468 14.601 14.740 14.878 15.016 15.153 15.291 15.430 15.569 15.707 15.847 15.981 16.074 16.137 16.121 16.089 16.057 16.024 15.991 15.958 15.925 15.893 15.861 15.829 15.797 15.764 15.733 15.598 15.462 15.327 15.192 15.057 14.920 14.785 14.649 14.515 14.381 14.252 14.124 13.997 13.868 13.715 13.559 13.403 13.245 13.126 13.020 12.918 12.816 12.716 12.615 12.513 12.410 12.305 12.238 12.218 12.200 12.182 12.165 12.146 12.125 12.102 12.079 12.058 12.038 12.010 11.979 11.955 11.940 11.927 11.917 11.905
14.050 14.121 14.191 14.262 14.332 14.401 14.521 14.660 14.799 14.937 15.074 15.212 15.351 15.490 15.630 15.768 15.908 16.048 16.184 16.175 16.143 16.111 16.078 16.045 16.012 15.980 15.948 15.916 15.884 15.853 15.821 15.788 15.673 15.538 15.403 15.267 15.132 14.996 14.860 14.723 14.591 14.461 14.331 14.203 14.075 13.947 13.794 13.640 13.483 13.327 13.170 13.016 12.914 12.813 12.711 12.610 12.507 12.403 12.299 12.232 12.213 12.195 12.177 12.159 12.139 12.117 12.094 12.072 12.042 12.010 11.979 11.949 11.925 11.911 11.897 11.882 11.872
13.984 14.055 14.124 14.195 14.265 14.335 14.442 14.581 14.719 14.857 14.995 15.132 15.271 15.411 15.551 15.691 15.830 15.973 16.120 16.145 16.148 16.151 16.131 16.099 16.066 16.034 16.003 15.971 15.940 15.909 15.877 15.845 15.748 15.612 15.477 15.342 15.206 15.070 14.934 14.804 14.673 14.542 14.412 14.283 14.154 14.025 13.875 13.719 13.565 13.409 13.254 13.099 12.945 12.808 12.707 12.605 12.501 12.396 12.291 12.226 12.207 12.189 12.171 12.153 12.132 12.109 12.077 12.043 12.009 11.978 11.947 11.917 11.894 11.880 11.866 11.852 11.837
13.918 13.988 14.059 14.129 14.198 14.268 14.364 14.502 14.640 14.778 14.915 15.054 15.192 15.332 15.472 15.612 15.757 15.903 16.049 16.101 16.104 16.107 16.109 16.113 16.117 16.088 16.057 16.027 15.996 15.965 15.933 15.900 15.821 15.686 15.550 15.414 15.279 15.146 15.016 14.886 14.754 14.624 14.494 14.363 14.233 14.104 13.955 13.800 13.645 13.491 13.336 13.182 13.029 12.874 12.721 12.599 12.495 12.389 12.284 12.220 12.201 12.183 12.165 12.146 12.116 12.080 12.045 12.010 11.977 11.946 11.915 11.885 11.863 11.849 11.835 11.820 11.805
13.852 13.921 13.992 14.062 14.132 14.202 14.285 14.424 14.561 14.698 14.836 14.974 15.112 15.253 15.393 15.540 15.687 15.833 15.978 16.058 16.059 16.062 16.066 16.069 16.073 16.079 16.084 16.082 16.051 16.020 15.988 15.955 15.894 15.758 15.622 15.486 15.357 15.226 15.097 14.968 14.837 14.706 14.576 14.444 14.314 14.184 14.035 13.880 13.726 13.571 13.417 13.263 13.110 12.957 12.802 12.647 12.490 12.383 12.277 12.214 12.195 12.177 12.151 12.118 12.084 12.048 12.012 11.978 11.946 11.915 11.885 11.855 11.832 11.818 11.803 11.788 11.772
13.785 13.855 13.925 13.994 14.064 14.134 14.205 14.344 14.482 14.619 14.757 14.895 15.035 15.176 15.323 15.470 15.617 15.763 15.907 16.014 16.016 16.018 16.022 16.026 16.030 16.036 16.041 16.047 16.053 16.057 16.043 16.010 15.967 15.830 15.696 15.565 15.435 15.306 15.177 15.048 14.919 14.789 14.657 14.525 14.394 14.263 14.116 13.962 13.806 13.652 13.498 13.344 13.191 13.037 12.883 12.727 12.571 12.413 12.270 12.208 12.182 12.151 12.120 12.087 12.053 12.017 11.982 11.948 11.916 11.886 11.856 11.826 11.804 11.789 11.773 11.757 11.741
13.718 13.787 13.857 13.926 13.996 14.065 14.136 14.264 14.402 14.540 14.678 14.817 14.958 15.106 15.253 15.400 15.547 15.692 15.837 15.972 15.973 15.976 15.979 15.983 15.989 15.993 15.999 16.004 16.010 16.015 16.018 16.021 16.021 15.907 15.775 15.644 15.514 15.386 15.257 15.129 15.000 14.869 14.739 14.607 14.475 14.344 14.198 14.043 13.888 13.733 13.579 13.424 13.270 13.117 12.963 12.808 12.652 12.495 12.328 12.199 12.152 12.121 12.090 12.057 12.022 11.987 11.952 11.919 11.888 11.858 11.829 11.799 11.778 11.763 11.746 11.729 11.712
13.652 13.720 13.788 13.857 13.927 13.998 14.068 14.183 14.323 14.462 14.600 14.743 14.889 15.036 15.183 15.330 15.477 15.622 15.768 15.912 15.932 15.935 15.939 15.942 15.947 15.952 15.957 15.962 15.967 15.971 15.975 15.988 16.039 15.964 15.852 15.724 15.594 15.465 15.337 15.209 15.080 14.951 14.821 14.689 14.558 14.427 14.283 14.127 13.971 13.815 13.659 13.504 13.350 13.196 13.043 12.888 12.730 12.551 12.371 12.241 12.163 12.092 12.060 12.027 11.993 11.958 11.924 11.892 11.861 11.831 11.802 11.772 11.752 11.737 11.721 11.704 11.686
13.623 13.665 13.721 13.790 13.859 13.930 14.000 14.104 14.244 14.383 14.528 14.674 14.820 14.967 15.113 15.260 15.407 15.553 15.698 15.844 15.891 15.895 15.898 15.903 15.906 15.911 15.916 15.919 15.924 15.928 15.955 16.007 16.059 16.005 15.894 15.782 15.671 15.545 15.417 15.289 15.160 15.031 14.902 14.771 14.641 14.510 14.367 14.211 14.055 13.898 13.742 13.585 13.431 13.277 13.123 12.950 12.773 12.594 12.415 12.284 12.205 12.127 12.049 11.997 11.963 11.929 11.896 11.864 11.833 11.802 11.772 11.743 11.724 11.710 11.695 11.679 11.661
13.628 13.669 13.711 13.755 13.798 13.864 13.935 14.026 14.166 14.313 14.460 14.606 14.752 14.898 15.044 15.190 15.336 15.483 15.630 15.776 15.851 15.855 15.859 15.863 15.867 15.870 15.874 15.878 15.881 15.919 15.972 16.025 16.077 16.047 15.935 15.825 15.714 15.603 15.493 15.368 15.239 15.111 14.982 14.853 14.724 14.593 14.453 14.296 14.139 13.983 13.825 13.668 13.512 13.345 13.168 12.991 12.815 12.636 12.458 12.326 12.247 12.169 12.090 12.011 11.934 11.901 11.868 11.836 11.804 11.772 11.741 11.711 11.693 11.681 11.667 11.651 11.634
13.632 13.674 13.718 13.761 13.804 13.848 13.892 13.950 14.097 14.245 14.392 14.539 14.684 14.830 14.975 15.121 15.267 15.413 15.560 15.708 15.812 15.815 15.819 15.822 15.826 15.829 15.831 15.834 15.883 15.936 15.989 16.042 16.096 16.089 15.978 15.867 15.756 15.645 15.534 15.424 15.314 15.190 15.062 14.935 14.806 14.677 14.538 14.381 14.224 14.066 13.909 13.745 13.566 13.387 13.210 13.033 12.857 12.679 12.501 12.368 12.289 12.210 12.131 12.052 11.973 11.895 11.840 11.807 11.774 11.740 11.708 11.677 11.660 11.649 11.636 11.621 11.604
13.637 13.681 13.724 13.767 13.812 13.855 13.886 13.879 14.020 14.174 14.325 14.471 14.616 14.761 14.906 15.051 15.198 15.345 15.492 15.639 15.771 15.775 15.778 15.782 15.784 15.786 15.797 15.849 15.901 15.954 16.007 16.061 16.114 16.130 16.020 15.909 15.797 15.686 15.575 15.464 15.355 15.246 15.138 15.015 14.887 14.759 14.622 14.464 14.306 14.149 13.968 13.789 13.610 13.431 13.253 13.075 12.898 12.722 12.543 12.409 12.331 12.252 12.173 12.094 12.016 11.938 11.859 11.780 11.745 11.709 11.675 11.643 11.626 11.615 11.602 11.588 11.571
13.644 13.687 13.730 13.775 13.818 13.841 13.834 13.827 13.933 14.087 14.240 14.393 14.545 14.691 14.836 14.982 15.128 15.276 15.423 15.570 15.717 15.733 15.736 15.738 15.741 15.763 15.815 15.866 15.919 15.971 16.024 16.078 16.131 16.169 16.061 15.950 15.839 15.728 15.616 15.505 15.395 15.286 15.179 15.071 14.964 14.839 14.703 14.546 14.371 14.191 14.010 13.832 13.654 13.475 13.297 13.118 12.941 12.763 12.585 12.450 12.372 12.294 12.215 12.137 12.059 11.981 11.903 11.823 11.742 11.680 11.644 11.611 11.594 11.581 11.568 11.556 11.546
13.651 13.693 13.737 13.780 13.797 13.789 13.781 13.774 13.845 13.999 14.152 14.304 14.456 14.607 14.760 14.912 15.059 15.206 15.354 15.501 15.647 15.689 15.692 15.695 15.728 15.780 15.832 15.885 15.938 15.990 16.043 16.096 16.149 16.202 16.100 15.991 15.881 15.769 15.658 15.546 15.435 15.327 15.219 15.112 15.004 14.895 14.780 14.594 14.412 14.232 14.054 13.875 13.698 13.519 13.341 13.161 12.983 12.805 12.627 12.492 12.414 12.336 12.258 12.180 12.102 12.025 11.947 11.867 11.786 11.703 11.621 11.582 11.564 11.553 11.546 11.537 11.527
13.658 13.701 13.743 13.751 13.743 13.735 13.728 13.720 13.756 13.910 14.063 14.215 14.366 14.518 14.670 14.823 14.978 15.132 15.284 15.431 15.577 15.647 15.648 15.694 15.746 15.799 15.852 15.905 15.957 16.010 16.061 16.114 16.166 16.219 16.140 16.030 15.922 15.811 15.700 15.588 15.477 15.367 15.260 15.152 15.044 14.965 14.882 14.665 14.454 14.274 14.096 13.918 13.741 13.563 13.385 13.206 13.026 12.847 12.669 12.532 12.455 12.378 12.300 12.223 12.146 12.069 11.991 11.912 11.831 11.748 11.666 11.575 11.546 11.538 11.529 11.520 11.511
13.666 13.707 13.707 13.698 13.689 13.681 13.672 13.665 13.668 13.821 13.974 14.125 14.276 14.427 14.580 14.733 14.888 15.043 15.198 15.352 15.504 15.608 15.659 15.711 15.763 15.817 15.871 15.925 15.978 16.030 16.081 16.133 16.185 16.238 16.180 16.071 15.961 15.852 15.742 15.631 15.520 15.409 15.300 15.202 15.130 15.057 14.982 14.768 14.552 14.337 14.138 13.960 13.784 13.607 13.429 13.249 13.069 12.890 12.711 12.573 12.496 12.419 12.342 12.265 12.188 12.112 12.034 11.955 11.875 11.786 11.681 11.578 11.546 11.525 11.515 11.506 11.497
13.673 13.665 13.654 13.644 13.634 13.626 13.618 13.611 13.604 13.732 13.884 14.036 14.187 14.338 14.490 14.643 14.798 14.953 15.109 15.263 15.415 15.558 15.650 15.729 15.783 15.838 15.893 15.947 16.001 16.052 16.103 16.153 16.204 16.255 16.220 16.111 16.002 15.893 15.783 15.673 15.562 15.451 15.368 15.295 15.222 15.149 15.075 14.871 14.655 14.441 14.227 14.014 13.827 13.651 13.472 13.293 13.112 12.932 12.752 12.613 12.536 12.459 12.383 12.306 12.229 12.153 12.076 11.992 11.890 11.787 11.683 11.580 11.550 11.528 11.507 11.493 11.485
13.623 13.613 13.602 13.591 13.581 13.572 13.565 13.558 13.550 13.644 13.796 13.947 14.098 14.249 14.401 14.554 14.709 14.864 15.020 15.175 15.327 15.479 15.573 15.666 15.761 15.857 15.914 15.969 16.022 16.073 16.123 16.173 16.223 16.275 16.260 16.152 16.043 15.935 15.825 15.715 15.613 15.538 15.462 15.388 15.315 15.242 15.168 14.975 14.760 14.545 14.331 14.118 13.907 13.695 13.516 13.336 13.155 12.974 12.795 12.653 12.575 12.498 12.422 12.345 12.268 12.189 12.090 11.990 11.888 11.786 11.684 11.580 11.553 11.531 11.510 11.490 11.472
13.570 13.560 13.549 13.538 13.528 13.519 13.511 13.504 13.497 13.555 13.708 13.859 14.010 14.161 14.314 14.467 14.621 14.776 14.931 15.086 15.239 15.392 15.497 15.591 15.686 15.782 15.878 15.974 16.043 16.094 16.144 16.193 16.243 16.294 16.302 16.192 16.085 15.976 15.867 15.782 15.708 15.632 15.556 15.481 15.408 15.335 15.261 15.080 14.865 14.650 14.435 14.222 14.010 13.798 13.585 13.379 13.198 13.017 12.837 12.693 12.614 12.537 12.460 12.383 12.284 12.184 12.085 11.985 11.885 11.784 11.682 11.579 11.554 11.533 11.511 11.492 11.474
13.516 13.507 13.496 13.485 13.474 13.465 13.457 13.450 13.443 13.467 13.620 13.772 13.923 14.075 14.226 14.379 14.533 14.688 14.843 14.998 15.151 15.304 15.421 15.515 15.610 15.706 15.801 15.896 15.990 16.082 16.162 16.212 16.262 16.313 16.344 16.234 16.125 16.023 15.950 15.877 15.802 15.727 15.651 15.575 15.501 15.428 15.355 15.183 14.969 14.755 14.539 14.325 14.113 13.901 13.689 13.474 13.260 13.061 12.880 12.734 12.655 12.577 12.479 12.379 12.279 12.179 12.080 11.980 11.881 11.780 11.679 11.577 11.555 11.533 11.512 11.492 11.475
13.461 13.451 13.441 13.431 13.421 13.412 13.404 13.397 13.389 13.381 13.532 13.684 13.836 13.987 14.139 14.292 14.446 14.600 14.755 14.910 15.065 15.218 15.345 15.439 15.534 15.629 15.723 15.817 15.911 16.003 16.095 16.186 16.278 16.333 16.385 16.276 16.189 16.117 16.044 15.971 15.897 15.822 15.746 15.670 15.595 15.522 15.449 15.287 15.073 14.857 14.643 14.429 14.216 14.005 13.792 13.578 13.364 13.147 12.931 12.777 12.680 12.578 12.477 12.376 12.275 12.175 12.075 11.976 11.877 11.777 11.676 11.576 11.555 11.534 11.513 11.493 11.475
13.408 13.397 13.387 13.377 13.368 13.359 13.352 13.344 13.336 13.328 13.443 13.595 13.747 13.899 14.052 14.205 14.359 14.514 14.668 14.823 14.977 15.131 15.269 15.363 15.457 15.551 15.644 15.738 15.831 15.924 16.016 16.108 16.201 16.292 16.390 16.356 16.283 16.210 16.138 16.065 15.991 15.917 15.841 15.765 15.690 15.616 15.542 15.391 15.176 14.961 14.747 14.533 14.319 14.108 13.895 13.681 13.466 13.252 13.022 12.814 12.681 12.579 12.477 12.375 12.273 12.172 12.073 11.974 11.875 11.775 11.674 11.576 11.555 11.534 11.513 11.493 11.475
13.392 13.370 13.348 13.326 13.315 13.307 13.299 13.292 13.283 13.274 13.355 13.506 13.658 13.811 13.964 14.118 14.272 14.427 14.581 14.735 14.889 15.043 15.192 15.286 15.379 15.472 15.565 15.658 15.751 15.844 15.938 16.030 16.123 16.246 16.420 16.426 16.369 16.303 16.231 16.159 16.086 16.012 15.937 15.860 15.785 15.711 15.636 15.494 15.280 15.065 14.851 14.637 14.423 14.211 13.997 13.784 13.563 13.324 13.083 12.874 12.734 12.593 12.478 12.375 12.273 12.172 12.072 11.974 11.875 11.775 11.674 11.578 11.557 11.535 11.514 11.494 11.476
13.374 13.353 13.331 13.309 13.289 13.268 13.249 13.238 13.230 13.221 13.266 13.417 13.569 13.723 13.876 14.030 14.184 14.339 14.493 14.647 14.800 14.955 15.108 15.208 15.301 15.394 15.487 15.580 15.673 15.765 15.859 15.953 16.100 16.275 16.450 16.485 16.428 16.373 16.317 16.252 16.180 16.106 16.032 15.956 15.880 15.805 15.731 15.598 15.383 15.169 14.955 14.741 14.527 14.313 14.100 13.862 13.622 13.383 13.144 12.934 12.795 12.654 12.512 12.376 12.273 12.172 12.073 11.975 11.876 11.776 11.675 11.580 11.559 11.538 11.517 11.497 11.478
13.358 13.336 13.315 13.293 13.272 13.253 13.233 13.213 13.192 13.169 13.178 13.328 13.480 13.633 13.787 13.941 14.096 14.250 14.405 14.559 14.713 14.866 15.020 15.131 15.224 15.317 15.410 15.502 15.595 15.689 15.783 15.955 16.130 16.305 16.479 16.544 16.487 16.432 16.376 16.322 16.266 16.200 16.126 16.050 15.975 15.900 15.825 15.702 15.487 15.272 15.058 14.844 14.630 14.401 14.161 13.921 13.681 13.442 13.205 12.993 12.855 12.714 12.573 12.430 12.289 12.173 12.074 11.976 11.877 11.777 11.676 11.583 11.561 11.540 11.519 11.499 11.480
13.341 13.319 13.297 13.276 13.256 13.237 13.217 13.197 13.176 13.153 13.098 13.234 13.390 13.543 13.697 13.852 14.008 14.162 14.316 14.470 14.624 14.778 14.932 15.054 15.147 15.240 15.333 15.426 15.520 15.634 15.810 15.985 16.160 16.335 16.509 16.604 16.546 16.491 16.435 16.380 16.325 16.270 16.213 16.145 16.069 15.994 15.918 15.804 15.590 15.376 15.161 14.940 14.701 14.460 14.221 13.981 13.741 13.502 13.264 13.052 12.913 12.773 12.631 12.489 12.348 12.208 12.073 11.976 11.877 11.777 11.675 11.585 11.563 11.541 11.521 11.502 11.483
13.324 13.302 13.281 13.260 13.240 13.221 13.202 13.181 13.160 13.103 13.043 13.131 13.288 13.446 13.606 13.764 13.919 14.074 14.228 14.382 14.536 14.690 14.845 14.976 15.070 15.164 15.257 15.351 15.489 15.665 15.841 16.016 16.191 16.365 16.539 16.663 16.606 16.550 16.494 16.439 16.383 16.328 16.271 16.214 16.156 16.087 16.011 15.907 15.693 15.478 15.240 15.000 14.761 14.521 14.281 14.041 13.801 13.562 13.325 13.111 12.972 12.831 12.689 12.547 12.406 12.266 12.128 11.991 11.874 11.774 11.672 11.584 11.563 11.542 11.522 11.503 11.478
13.308 13.287 13.265 13.244 13.225 13.205 13.185 13.164 13.107 13.048 12.989 13.029 13.186 13.345 13.505 13.665 13.826 13.985 14.140 14.294 14.449 14.603 14.757 14.899 14.993 15.087 15.181 15.344 15.520 15.696 15.872 16.047 16.221 16.395 16.569 16.723 16.667 16.610 16.554 16.498 16.441 16.385 16.328 16.272 16.214 16.156 16.098 16.009 15.778 15.538 15.298 15.060 14.821 14.582 14.342 14.102 13.862 13.624 13.385 13.170 13.030 12.890 12.748 12.605 12.464 12.323 12.185 12.047 11.908 11.769 11.668 11.582 11.561 11.540 11.514 11.487 11.460
13.294 13.272 13.252 13.231 13.210 13.191 13.166 13.109 13.052 12.994 12.935 12.928 13.086 13.245 13.405 13.565 13.725 13.884 14.044 14.203 14.362 14.515 14.669 14.822 14.915 15.020 15.196 15.372 15.549 15.725 15.900 16.075 16.250 16.425 16.600 16.776 16.727 16.670 16.614 16.556 16.500 16.443 16.386 16.329 16.271 16.214 16.162 16.126 15.842 15.597 15.358 15.119 14.881 14.642 14.403 14.163 13.924 13.684 13.446 13.228 13.088 12.947 12.806 12.664 12.522 12.382 12.242 12.103 11.964 11.823 11.682 11.579 11.551 11.522 11.494 11.467 11.441
13.280 13.260 13.239 13.218 13.197 13.169 13.113 13.056 12.999 12.941 12.883 12.827 12.987 13.146 13.307 13.466 13.626 13.785 13.944 14.102 14.261 14.419 14.578 14.733 14.872 15.047 15.223 15.399 15.576 15.752 15.928 16.103 16.279 16.454 16.630 16.806 16.788 16.730 16.674 16.616 16.559 16.501 16.444 16.388 16.330 16.296 16.275 16.256 15.974 15.693 15.417 15.179 14.941 14.703 14.464 14.225 13.985 13.745 13.505 13.286 13.146 13.005 12.864 12.723 12.582 12.441 12.301 12.161 12.020 11.879 11.725 11.594 11.531 11.502 11.475 11.448 11.422
