includes/lisflood/oleron/results_R2_t1.56079001071E12/res-0010.wdfp
ncols         631
nrows         906
xllcorner     364927.146667
yllcorner     6531972.565556
cellsize      20.000000
NODATA_value  -9999.000000
[rows 68 to 101 of 906, columns 231 to 307 of 631]
0.421 0.466 1.047 0.822 0.704 0.786 0.414 0.828 0.546 1.955 0.593 0.691 0.715 0.813 1.020 0.548 0.897 0.897 0.385 0.252 0.000 0.000 0.118 1.719 1.952 1.626 1.454 0.316 0.048 0.933 0.207 0.000 0.000 0.000 0.177 0.004 0.348 0.356 1.581 1.449 1.473 0.412 1.210 1.234 0.455 1.048 0.962 1.103 0.923 0.001 1.035 1.279 0.882 1.149 1.037 1.225 1.166 1.025 0.940 0.828 0.430 1.855 1.941 2.013 1.649 0.537 0.962 0.940 1.451 1.323 0.767 1.596 1.348 1.594 0.632 1.447 1.619
0.511 0.994 1.495 1.949 0.958 0.697 0.666 0.879 0.570 1.122 0.623 0.917 0.831 0.831 0.754 0.962 0.928 0.363 0.263 0.561 0.389 0.000 0.175 1.717 0.546 1.617 1.540 1.235 0.959 0.520 0.392 0.000 0.000 0.000 0.084 0.000 0.111 0.356 1.132 1.138 1.644 0.629 0.836 0.091 1.059 1.171 1.302 1.154 0.016 0.579 1.086 1.034 1.507 0.901 0.963 1.051 1.059 0.775 1.252 1.057 0.999 0.593 0.904 1.586 1.781 1.640 1.825 0.650 0.870 1.272 0.613 1.076 1.120 0.801 0.561 1.319 2.175
1.031 0.924 1.000 1.639 1.320 0.639 0.207 0.693 0.619 0.361 0.787 0.741 0.707 0.798 0.685 0.944 1.225 0.641 1.505 0.167 0.611 0.581 0.670 1.207 1.306 1.772 1.551 0.893 0.285 1.002 0.219 0.000 0.000 0.316 0.000 0.000 0.000 0.030 0.216 1.473 1.456 1.653 0.639 0.911 1.265 0.985 1.083 0.073 1.130 0.661 1.184 1.163 1.591 1.095 1.870 0.819 0.993 0.985 1.257 1.042 1.056 0.866 0.819 0.644 1.249 1.806 1.731 1.631 0.882 0.519 1.556 0.524 1.198 1.060 0.923 1.492 1.330
0.770 0.685 1.250 0.798 1.037 0.000 0.220 0.655 0.779 0.608 2.118 0.718 0.192 0.269 0.281 0.147 0.249 0.452 0.123 1.111 1.143 1.432 0.940 0.546 0.561 0.730 0.379 1.326 0.424 0.071 0.183 0.002 0.000 0.264 0.508 0.000 0.008 0.000 0.000 0.569 1.265 1.382 0.347 1.031 0.862 0.562 0.126 0.702 1.099 1.111 0.880 1.174 1.166 1.816 1.124 1.763 0.976 0.976 1.027 1.100 0.728 1.001 0.995 0.941 2.162 0.558 1.934 1.536 1.594 1.399 0.121 0.652 1.110 1.604 0.858 1.243 1.876
0.949 1.128 0.435 0.548 0.788 0.000 0.000 0.351 1.008 0.814 0.432 0.716 1.346 1.145 1.113 1.306 1.427 1.052 1.133 0.544 1.117 0.454 0.000 0.780 0.341 1.451 1.661 1.093 0.796 0.528 0.386 0.090 0.184 0.181 0.174 0.182 0.161 0.000 0.073 0.080 0.673 1.259 1.351 1.009 0.510 0.756 0.809 1.013 0.763 1.097 0.685 0.353 1.004 0.853 1.571 1.540 1.228 1.887 0.987 0.846 0.965 0.859 0.734 0.933 1.073 0.724 0.596 1.635 1.666 1.864 1.820 1.203 0.021 1.458 1.191 1.218 1.437
1.085 1.146 0.000 1.117 0.853 0.669 0.000 0.002 0.051 0.688 0.409 1.011 0.000 0.000 0.021 0.274 0.393 0.958 1.052 1.176 0.567 0.504 1.672 0.950 0.013 1.369 1.041 1.989 1.140 0.560 0.000 0.066 0.032 0.335 0.000 0.000 0.031 0.000 0.004 0.010 0.328 1.251 1.326 0.157 0.963 0.696 1.029 0.953 0.758 1.309 1.233 1.368 0.426 0.939 0.952 0.837 1.546 1.079 1.919 1.339 1.136 1.263 1.136 0.580 0.855 1.107 1.108 0.654 0.559 1.985 1.810 1.571 1.710 0.482 1.536 1.405 1.657
0.796 0.787 1.016 1.182 1.301 1.026 0.910 1.002 0.714 0.936 0.598 0.536 0.997 0.923 0.604 1.015 1.348 1.670 1.660 1.960 1.002 0.079 0.316 1.290 0.643 1.265 1.638 1.607 1.624 0.160 0.000 0.074 0.274 0.740 0.639 0.051 0.004 0.251 0.371 0.488 0.290 0.682 0.344 1.237 1.288 1.169 1.056 0.804 1.342 0.726 1.365 1.459 1.540 1.441 0.494 1.043 1.030 1.097 1.897 1.467 1.986 0.870 0.992 0.819 0.962 0.575 1.189 1.153 0.696 0.529 1.469 1.659 1.644 1.721 1.456 1.447 1.295
0.652 1.175 1.159 0.811 0.444 0.000 0.000 1.249 0.851 1.035 1.064 1.060 1.545 1.077 1.641 1.347 1.598 1.683 1.531 1.333 1.504 0.972 0.130 0.308 0.000 1.342 1.887 0.732 0.642 1.021 0.091 0.233 0.495 0.606 0.538 0.225 0.147 0.042 0.144 0.455 0.227 0.054 0.001 0.917 0.783 0.903 1.040 0.898 0.518 1.399 0.866 1.125 1.710 1.513 1.268 0.223 1.048 0.987 1.039 1.221 1.151 1.749 0.688 0.770 1.016 0.697 0.468 1.268 0.814 0.887 0.607 0.543 1.683 1.785 1.710 1.346 1.431
0.828 0.855 0.960 0.482 0.450 1.386 1.596 1.123 0.539 0.641 0.696 0.898 0.574 0.767 0.924 0.709 0.807 0.491 0.573 0.404 0.215 0.552 0.650 0.373 0.000 0.968 1.272 1.308 1.328 1.555 0.129 0.000 0.405 0.655 0.691 0.998 0.130 0.000 0.000 0.000 0.000 0.001 0.347 0.705 0.636 0.664 0.827 0.844 0.733 1.041 0.778 1.129 0.461 1.462 1.708 1.246 1.473 0.778 1.220 0.565 0.588 1.437 1.540 1.371 0.633 1.045 1.000 1.214 0.276 1.340 1.389 0.900 0.454 1.715 1.585 1.511 1.309
0.448 0.645 0.979 0.190 0.741 0.409 0.107 0.029 0.653 0.515 0.643 0.793 0.582 1.437 1.412 1.566 1.280 1.095 1.332 1.107 1.436 1.548 0.661 0.953 0.000 1.409 1.150 0.897 0.877 1.370 0.344 0.014 0.423 0.697 0.623 0.029 0.066 0.026 0.000 0.116 0.000 0.000 0.088 0.840 1.020 0.964 0.764 0.588 0.759 1.161 1.181 0.364 1.409 0.591 0.699 1.583 1.637 1.302 0.888 0.933 1.073 0.397 1.653 1.379 1.456 0.799 1.341 0.901 1.301 0.000 1.143 0.984 0.871 0.977 1.554 1.219 1.522
0.941 0.972 0.935 0.904 0.221 0.516 0.232 0.343 0.381 1.086 1.871 0.438 0.577 0.688 0.832 0.546 1.367 0.219 0.014 0.008 0.821 0.893 0.361 1.183 0.000 1.434 1.042 0.833 0.889 1.423 0.925 0.148 0.873 0.995 0.910 0.189 0.768 0.569 0.259 0.492 0.253 0.215 0.047 0.532 0.712 0.847 0.981 0.910 0.621 1.153 0.865 0.787 1.026 0.857 1.198 0.923 1.714 1.618 1.185 0.712 0.449 1.120 0.403 1.675 1.394 1.367 1.429 0.374 1.051 1.027 1.272 0.365 1.095 0.966 0.733 0.806 1.253
0.344 1.304 0.936 0.361 0.757 0.196 1.175 0.956 0.742 0.938 0.665 0.747 0.613 0.724 0.640 0.850 0.888 0.586 0.718 0.519 0.947 0.707 0.451 0.000 0.577 0.619 0.964 1.217 1.111 1.365 1.085 0.098 0.812 0.720 0.409 0.312 0.312 1.024 0.581 0.466 0.547 0.000 0.000 0.000 0.012 0.796 0.650 1.189 1.204 0.922 0.985 1.275 0.893 0.653 1.178 0.540 1.215 0.818 1.256 1.176 0.879 0.658 1.131 1.249 0.667 1.179 1.344 1.286 0.813 0.962 0.705 0.830 0.447 0.059 0.715 1.198 1.206
1.039 0.982 0.748 0.388 0.976 1.283 0.643 1.104 0.718 0.880 1.440 1.175 0.470 1.165 0.755 0.886 0.900 0.806 0.508 0.559 1.553 0.888 0.478 0.133 0.501 0.300 0.781 0.875 1.048 1.278 0.754 0.080 0.303 0.763 0.577 0.035 0.573 0.697 0.547 0.510 0.000 0.002 0.182 0.000 0.000 0.295 0.682 0.730 0.973 0.985 0.959 0.796 1.044 1.390 1.241 1.234 0.811 0.955 0.557 1.579 0.875 1.345 0.725 0.566 1.300 0.591 1.415 1.812 1.497 1.597 0.276 0.000 0.152 0.136 0.546 0.858 1.092
1.048 0.686 0.404 1.432 0.752 0.631 1.054 0.741 1.083 1.309 0.674 0.455 0.588 1.028 1.099 1.204 0.773 1.054 1.667 1.328 1.146 1.304 0.355 0.848 0.925 0.307 0.281 1.034 1.432 1.384 1.360 0.777 0.519 0.770 0.549 0.319 0.210 0.137 0.002 0.130 0.000 0.000 0.135 0.074 0.000 0.000 0.871 1.002 1.320 1.141 1.066 1.027 1.225 0.987 1.156 1.104 0.538 0.635 0.893 1.431 0.712 1.297 1.103 1.338 0.364 1.134 1.048 0.426 1.671 1.600 1.254 1.251 0.124 0.285 0.000 0.111 0.903
1.046 0.294 0.659 0.784 0.891 0.933 1.178 1.056 0.864 0.646 0.948 1.239 1.350 0.958 0.950 1.203 0.977 0.954 1.265 0.345 0.285 1.434 0.823 1.274 0.603 0.362 0.327 0.858 0.877 1.559 1.632 1.676 0.679 0.397 0.439 0.000 0.000 0.100 0.000 0.378 0.000 0.000 0.528 0.037 0.000 0.000 0.107 0.509 0.398 1.038 1.440 0.832 0.871 0.706 0.840 0.944 1.008 1.304 1.181 0.451 0.748 1.230 0.787 1.249 1.117 1.285 0.665 1.278 0.327 1.527 1.107 1.418 1.029 0.604 0.307 0.359 0.535
0.860 0.542 0.843 0.365 0.623 1.079 1.196 1.318 1.376 0.577 1.507 1.158 1.356 0.646 0.213 0.579 0.867 0.006 1.670 0.012 0.339 1.555 1.280 1.232 0.679 0.613 0.846 0.640 1.245 0.944 0.874 1.008 0.260 0.474 0.894 0.168 0.007 0.015 0.016 0.054 0.000 0.000 0.000 0.100 0.000 0.000 0.000 0.604 0.724 1.016 0.994 1.411 1.279 0.710 0.971 1.150 1.162 1.134 1.033 0.792 0.144 0.612 0.686 0.349 1.046 1.014 1.337 0.605 1.077 0.863 0.562 1.572 0.604 0.834 0.713 0.420 0.486
0.599 0.627 0.678 0.899 1.552 0.921 0.968 1.365 1.108 1.235 1.551 0.362 1.364 1.540 1.106 0.453 0.613 0.480 1.213 0.874 0.473 1.210 1.002 0.801 0.964 0.933 0.633 0.866 1.445 1.012 0.924 1.075 0.629 1.404 0.744 0.012 0.042 0.086 0.000 0.420 0.000 0.000 0.223 0.509 0.000 0.000 0.000 0.466 0.733 0.920 1.049 1.252 1.420 1.129 0.422 1.042 1.286 0.528 1.185 0.965 0.068 0.024 0.522 0.444 0.740 0.609 1.500 1.262 1.172 0.769 1.452 0.521 1.352 1.168 1.467 0.793 0.523
1.385 0.508 0.752 1.031 1.013 1.136 0.749 0.967 0.512 1.303 1.260 1.190 0.367 1.464 1.505 1.474 1.083 1.593 0.009 0.767 0.415 1.444 1.156 0.652 0.984 0.545 1.058 0.997 0.792 0.515 1.633 1.040 0.948 0.723 0.923 0.901 0.583 0.267 0.012 0.774 0.489 0.626 0.315 0.000 0.000 0.000 0.000 0.637 1.018 1.261 1.237 0.924 1.069 0.882 1.166 0.910 0.412 0.917 0.720 0.235 0.038 0.077 0.013 0.441 0.281 0.706 0.660 1.278 1.237 1.210 0.488 1.025 1.035 0.495 1.592 0.645 0.265
1.444 0.649 1.285 1.087 1.543 1.077 1.176 0.905 0.979 1.166 0.899 0.870 1.014 0.434 0.032 1.155 0.030 1.012 1.065 0.789 1.004 1.355 1.338 0.378 0.411 1.051 1.064 0.898 0.847 1.381 1.201 1.070 0.504 1.220 0.741 0.970 1.012 0.606 0.210 0.141 0.011 0.000 0.000 0.000 0.000 0.000 0.000 0.320 0.603 1.034 0.546 1.159 0.550 0.792 1.370 0.771 0.466 0.561 0.260 0.543 0.294 0.000 0.006 0.082 0.632 0.756 0.612 0.942 0.802 1.104 1.321 1.368 0.404 0.986 0.702 0.908 0.336
1.205 1.459 1.573 0.570 0.876 1.317 1.357 1.378 1.080 0.870 0.990 0.225 1.344 0.715 1.048 0.085 0.980 0.335 0.778 0.918 1.075 1.463 1.147 0.025 0.632 1.165 1.062 0.796 0.620 0.654 0.965 0.650 2.091 1.053 0.765 1.145 0.015 0.708 0.288 0.000 0.000 0.000 0.000 0.000 0.000 0.000 0.000 0.067 0.631 0.836 1.149 0.567 0.992 0.311 0.519 0.986 0.934 0.822 0.628 0.584 0.181 0.481 0.000 0.000 0.190 0.693 0.235 0.976 0.937 0.393 1.406 1.342 1.114 0.396 1.176 0.893 0.604
0.012 0.488 1.502 1.555 1.476 0.992 1.110 0.862 0.837 0.849 1.300 0.676 1.355 0.252 1.294 1.400 1.027 0.711 0.817 0.210 1.114 1.749 1.268 0.000 0.344 0.373 0.581 0.947 0.671 0.612 0.957 0.923 0.817 0.904 0.903 1.213 0.563 0.160 0.000 0.000 0.160 0.249 0.000 0.000 0.000 0.000 0.000 0.077 0.145 0.106 0.755 0.858 0.912 0.777 0.750 0.648 0.736 0.986 0.650 0.815 0.608 0.602 0.248 0.128 0.000 0.000 0.985 0.895 0.991 0.690 0.767 0.763 0.963 0.999 1.333 0.650 1.049
1.665 1.371 0.840 0.647 1.593 1.369 0.980 1.117 0.858 0.897 0.527 0.703 0.814 1.672 1.380 1.390 0.731 0.014 1.428 0.419 0.773 1.371 0.987 0.274 0.815 1.265 1.609 0.139 0.751 0.655 0.540 1.608 1.660 0.594 1.563 0.990 0.797 0.211 0.303 0.330 0.000 0.000 0.000 0.000 0.000 0.000 0.000 0.056 0.000 0.000 0.596 0.991 0.617 0.660 0.266 0.271 0.413 0.411 1.038 0.868 0.815 0.670 1.024 0.530 0.104 0.000 0.000 0.231 1.014 0.732 1.582 1.205 0.835 1.554 1.569 0.600 1.259
0.669 1.606 1.459 1.484 0.448 0.339 1.513 1.005 1.401 1.522 0.675 1.374 0.669 1.475 1.611 1.303 0.626 1.449 0.152 1.522 0.499 0.643 0.536 0.597 1.530 1.236 0.824 0.506 0.544 0.931 0.368 0.582 0.939 1.531 0.101 0.295 1.181 0.492 0.406 0.825 0.294 0.000 0.020 0.126 0.000 0.000 0.004 0.000 0.000 0.195 0.550 0.509 1.046 0.857 0.226 0.081 0.000 0.287 0.735 1.005 1.144 1.050 0.755 1.087 0.616 0.158 0.000 0.100 0.031 0.021 0.425 1.065 0.926 1.780 1.135 0.458 2.118
1.353 0.576 1.298 1.444 1.640 1.559 1.172 1.674 0.544 0.179 1.247 1.467 1.512 0.605 1.753 1.570 1.306 0.506 1.518 0.344 1.236 1.520 0.566 1.060 0.856 0.329 0.963 1.141 1.175 0.371 0.821 0.719 1.669 1.175 1.417 1.055 0.021 1.263 0.807 0.454 0.160 0.181 0.000 0.000 0.106 0.267 1.012 0.596 0.000 0.013 0.000 0.500 0.377 1.340 0.892 0.478 0.007 0.000 0.130 1.158 1.291 0.928 1.326 0.786 1.038 0.422 0.000 0.000 0.008 0.776 0.336 0.904 0.728 1.162 0.989 0.090 0.362
1.178 1.264 0.815 0.591 1.527 1.729 1.339 1.523 1.898 1.481 1.458 0.805 0.185 1.309 1.869 0.728 0.902 1.041 0.328 1.488 1.389 0.857 1.365 0.745 0.614 1.083 1.153 1.295 0.766 1.023 0.618 0.577 0.466 1.257 1.075 1.404 1.659 0.368 0.116 1.145 0.781 0.805 0.815 0.522 0.455 0.801 1.290 0.596 0.009 0.000 0.000 0.000 0.282 0.393 1.404 0.505 0.299 0.067 0.094 0.529 1.248 0.933 1.070 1.112 1.002 0.531 0.288 0.134 0.001 0.198 0.096 0.642 0.955 1.198 0.385 0.586 1.000
0.900 0.825 1.141 1.072 1.084 0.591 1.528 0.695 0.248 1.416 1.832 1.529 1.645 1.567 0.688 1.956 0.380 1.118 0.959 0.757 0.446 0.854 0.523 1.390 1.006 1.096 1.130 0.759 0.926 1.118 1.072 0.696 0.672 0.418 0.439 1.090 1.151 1.147 1.440 0.356 1.304 0.992 0.503 0.950 0.688 0.882 0.865 0.631 0.317 0.032 0.000 0.000 0.006 0.000 0.762 1.052 0.180 0.054 0.000 0.040 0.939 0.990 1.151 1.269 0.474 0.144 0.476 0.478 0.162 0.209 0.370 0.230 0.575 1.196 0.062 0.985 1.185
1.342 1.053 0.993 1.042 1.010 1.189 1.279 1.242 1.041 1.164 0.705 0.504 1.276 1.715 0.675 0.757 1.364 0.484 1.360 0.743 1.563 0.396 1.394 0.902 1.584 1.351 0.903 1.621 0.392 0.468 0.999 0.840 0.636 0.675 1.282 0.320 0.395 1.213 1.123 1.553 0.000 0.592 1.542 1.121 0.984 0.920 1.342 0.762 0.226 0.001 0.000 0.000 0.088 0.000 0.000 1.392 0.728 0.225 0.057 0.005 0.005 0.751 0.989 0.819 0.902 0.359 0.787 0.531 0.501 0.161 0.200 0.362 0.031 0.002 1.011 1.243 1.139
0.792 1.424 0.901 1.123 0.940 0.601 0.584 0.924 0.884 1.198 0.919 1.189 1.240 1.191 1.146 1.180 0.994 0.519 0.638 0.910 0.916 0.929 0.468 1.129 0.697 0.743 0.421 1.094 0.576 0.413 1.500 1.028 0.410 0.739 1.003 0.742 1.223 0.270 1.227 1.090 1.007 0.455 0.716 0.201 0.493 0.878 0.853 0.966 0.570 0.144 0.000 0.000 0.000 0.000 0.000 0.362 1.231 0.347 0.204 0.232 0.000 0.045 0.356 0.959 0.766 0.846 0.791 0.511 0.559 0.232 0.000 0.000 0.000 0.542 0.987 0.960 1.057
0.935 1.434 0.934 1.128 0.775 0.421 0.416 1.706 1.197 1.588 1.492 1.659 1.573 1.405 1.298 1.284 1.511 0.921 0.915 1.443 0.711 1.384 0.806 0.737 0.581 1.091 1.211 0.756 0.172 1.669 1.016 0.774 0.901 0.193 0.799 0.823 0.850 0.826 1.055 0.216 0.704 0.287 0.390 0.036 0.948 0.763 1.347 0.713 0.555 0.299 0.000 0.000 0.000 0.000 0.000 0.278 1.052 1.232 0.632 0.523 0.285 0.000 0.103 0.065 0.884 0.946 0.881 0.906 0.338 0.499 0.639 0.000 0.000 0.125 0.850 0.858 1.073
1.393 1.227 0.850 0.805 1.320 0.566 0.753 0.612 0.719 0.936 0.657 0.511 0.768 0.754 1.087 1.201 1.280 0.785 1.162 1.082 0.965 0.649 1.178 1.411 0.744 1.902 1.590 0.391 1.289 1.438 0.443 0.202 0.074 1.086 0.853 1.731 0.467 0.497 0.368 0.417 0.692 0.483 0.000 0.000 0.145 0.000 0.774 1.154 0.627 0.787 0.019 0.000 0.000 0.000 0.000 0.250 0.000 0.957 1.116 0.697 0.137 0.693 0.112 0.010 0.000 0.336 0.620 0.618 0.663 0.768 0.000 0.004 0.001 0.710 0.855 0.950 1.212
1.246 1.157 1.015 1.382 0.820 0.585 1.338 0.989 1.101 1.395 1.484 1.359 1.157 1.015 0.882 0.865 0.825 0.685 0.738 0.388 1.474 0.538 1.022 1.212 1.478 0.763 0.793 0.182 1.242 1.029 0.233 0.034 0.838 0.794 0.491 1.577 1.285 0.654 0.477 0.477 0.432 0.533 0.164 0.000 0.000 0.397 0.037 0.555 0.649 0.606 0.167 0.000 0.000 0.000 0.000 0.000 0.149 0.000 0.905 0.901 0.633 0.656 0.162 0.000 0.000 0.000 0.000 0.274 0.677 0.000 0.326 0.341 0.591 0.634 0.806 0.909 1.020
1.332 1.168 1.257 0.579 0.905 0.746 1.167 0.865 1.193 0.890 0.978 1.162 1.038 0.741 1.098 0.845 0.476 1.035 0.932 1.371 0.546 1.566 1.412 0.848 1.459 0.957 0.662 1.656 0.971 0.867 0.000 1.209 1.077 0.005 1.698 0.000 1.745 0.273 0.213 0.000 0.011 0.665 0.141 0.000 0.000 0.000 0.449 0.684 0.632 0.554 0.522 0.003 0.042 0.000 0.000 0.000 0.144 0.208 0.352 0.978 0.607 1.375 0.238 0.000 0.000 0.000 0.000 0.000 0.000 0.491 0.611 0.636 0.865 1.012 0.167 0.506 0.533
0.814 0.875 0.791 0.776 0.891 1.086 1.104 0.953 1.135 1.090 0.670 0.867 1.282 0.772 0.555 0.819 1.026 0.475 1.261 0.030 1.402 1.268 0.315 1.522 1.689 0.760 1.048 1.307 0.655 0.737 0.454 1.060 1.070 0.518 1.494 0.291 1.471 0.000 0.020 0.041 0.182 0.000 0.045 0.923 0.000 0.005 0.004 0.025 0.304 0.239 0.271 0.005 0.000 0.107 0.000 0.000 0.000 0.340 0.000 0.448 0.852 0.345 1.164 0.554 0.000 0.000 0.000 0.000 0.000 0.446 0.474 0.417 0.644 0.437 0.026 0.000 0.479
1.341 1.429 0.798 0.462 1.154 0.874 1.597 0.701 0.527 0.807 1.543 0.667 0.425 0.502 0.920 1.412 1.474 1.273 0.944 0.526 1.207 0.164 1.025 1.367 0.435 1.731 1.886 0.569 0.128 0.176 0.968 1.107 0.000 0.090 1.682 1.556 0.121 0.257 0.276 0.003 0.000 0.000 0.192 0.756 0.839 0.062 0.000 0.396 0.467 0.123 0.147 0.188 0.269 0.009 0.000 0.000 0.000 0.000 0.028 0.000 0.735 1.173 0.429 1.273 0.351 0.000 0.000 0.000 0.000 0.000 0.134 0.422 0.547 0.406 0.028 0.000 0.045
