includes/lisflood/oleron/results_R2_t1.56079001071E12/res-0001.wd
ncols         631
nrows         906
xllcorner     364927.146667
yllcorner     6531972.565556
cellsize      20.000000
NODATA_value  -9999.000000
[rows 748 to 781 of 906, columns 154 to 230 of 631]
10.468 10.449 10.430 10.410 10.391 10.371 10.352 10.333 10.313 10.292 10.270 10.247 10.225 10.202 10.180 10.157 10.127 10.090 10.052 10.015 9.977 9.940 9.903 9.865 9.828 9.790 9.753 9.715 9.678 9.640 9.603 9.565 9.528 9.491 9.453 9.416 9.378 9.339 9.301 9.262 9.224 9.185 9.147 9.108 9.069 9.031 8.992 8.954 8.915 8.877 8.838 8.800 8.762 8.724 8.686 8.647 8.609 8.571 8.533 8.495 8.457 8.419 8.381 8.343 8.305 8.267 8.229 8.140 8.036 7.932 7.827 7.723 7.619 7.515 7.411 7.307 7.203
10.475 10.456 10.436 10.417 10.398 10.378 10.359 10.339 10.320 10.301 10.279 10.256 10.234 10.211 10.189 10.163 10.126 10.088 10.051 10.013 9.976 9.939 9.901 9.864 9.826 9.789 9.751 9.714 9.676 9.639 9.602 9.564 9.527 9.489 9.452 9.414 9.377 9.338 9.300 9.261 9.223 9.184 9.145 9.107 9.068 9.030 8.991 8.953 8.914 8.876 8.837 8.799 8.761 8.723 8.685 8.647 8.609 8.571 8.533 8.495 8.457 8.419 8.381 8.343 8.305 8.266 8.228 8.146 8.042 7.938 7.834 7.730 7.626 7.521 7.417 7.313 7.209
10.482 10.463 10.443 10.424 10.404 10.385 10.366 10.346 10.327 10.307 10.288 10.265 10.243 10.220 10.198 10.162 10.124 10.087 10.050 10.012 9.975 9.937 9.900 9.862 9.825 9.787 9.750 9.712 9.675 9.638 9.600 9.563 9.525 9.488 9.450 9.413 9.375 9.337 9.299 9.260 9.222 9.183 9.144 9.106 9.067 9.029 8.990 8.952 8.913 8.875 8.837 8.799 8.761 8.723 8.684 8.646 8.608 8.570 8.532 8.494 8.456 8.418 8.380 8.342 8.304 8.266 8.228 8.152 8.048 7.944 7.840 7.736 7.632 7.528 7.424 7.320 7.215
10.489 10.470 10.450 10.431 10.411 10.392 10.372 10.353 10.334 10.314 10.295 10.274 10.252 10.229 10.198 10.161 10.123 10.086 10.048 10.011 9.973 9.936 9.898 9.861 9.824 9.786 9.749 9.711 9.674 9.636 9.599 9.561 9.524 9.486 9.449 9.411 9.374 9.336 9.298 9.259 9.221 9.182 9.144 9.105 9.066 9.028 8.989 8.951 8.912 8.874 8.836 8.798 8.760 8.722 8.684 8.646 8.608 8.570 8.532 8.494 8.456 8.418 8.380 8.342 8.303 8.266 8.227 8.158 8.054 7.950 7.846 7.742 7.638 7.534 7.430 7.326 7.222
10.496 10.476 10.457 10.438 10.418 10.399 10.379 10.360 10.340 10.321 10.302 10.282 10.261 10.234 10.197 10.159 10.122 10.084 10.047 10.009 9.972 9.934 9.897 9.860 9.822 9.785 9.747 9.710 9.672 9.635 9.597 9.560 9.523 9.485 9.448 9.410 9.373 9.335 9.297 9.258 9.220 9.181 9.143 9.104 9.065 9.027 8.988 8.950 8.912 8.874 8.836 8.798 8.760 8.722 8.684 8.645 8.607 8.569 8.531 8.493 8.455 8.417 8.379 8.341 8.303 8.265 8.227 8.164 8.060 7.956 7.852 7.748 7.644 7.540 7.436 7.332 7.228
10.503 10.483 10.464 10.444 10.425 10.406 10.386 10.367 10.347 10.328 10.309 10.289 10.270 10.233 10.195 10.158 10.120 10.083 10.045 10.008 9.971 9.933 9.896 9.858 9.821 9.783 9.746 9.708 9.671 9.634 9.596 9.559 9.521 9.484 9.446 9.409 9.371 9.334 9.296 9.257 9.219 9.180 9.142 9.103 9.064 9.026 8.987 8.949 8.911 8.873 8.835 8.797 8.759 8.721 8.683 8.645 8.607 8.569 8.531 8.493 8.455 8.417 8.379 8.341 8.303 8.264 8.227 8.171 8.066 7.962 7.858 7.754 7.650 7.546 7.442 7.338 7.234
10.509 10.490 10.471 10.451 10.432 10.412 10.393 10.374 10.354 10.335 10.314 10.288 10.262 10.228 10.191 10.155 10.118 10.082 10.044 10.007 9.969 9.932 9.894 9.857 9.819 9.782 9.745 9.707 9.670 9.632 9.595 9.557 9.520 9.482 9.445 9.407 9.370 9.332 9.295 9.256 9.218 9.179 9.141 9.102 9.063 9.025 8.987 8.949 8.911 8.873 8.835 8.797 8.759 8.721 8.683 8.645 8.607 8.568 8.530 8.492 8.454 8.416 8.378 8.340 8.302 8.264 8.226 8.177 8.073 7.969 7.865 7.760 7.656 7.552 7.448 7.344 7.240
10.516 10.497 10.477 10.458 10.439 10.419 10.400 10.380 10.359 10.333 10.307 10.281 10.255 10.222 10.186 10.149 10.113 10.076 10.040 10.003 9.967 9.930 9.893 9.856 9.818 9.781 9.743 9.706 9.668 9.631 9.593 9.556 9.518 9.481 9.444 9.406 9.369 9.331 9.294 9.255 9.217 9.178 9.140 9.101 9.063 9.025 8.987 8.949 8.911 8.872 8.834 8.796 8.758 8.720 8.682 8.644 8.606 8.568 8.530 8.492 8.454 8.416 8.378 8.340 8.302 8.264 8.226 8.183 8.079 7.975 7.871 7.767 7.663 7.559 7.454 7.350 7.246
10.523 10.504 10.484 10.465 10.445 10.426 10.403 10.377 10.352 10.326 10.300 10.274 10.248 10.217 10.180 10.144 10.107 10.071 10.034 9.998 9.961 9.925 9.888 9.852 9.815 9.779 9.742 9.704 9.667 9.629 9.592 9.555 9.517 9.480 9.442 9.405 9.367 9.330 9.292 9.254 9.216 9.177 9.139 9.100 9.062 9.024 8.986 8.948 8.910 8.872 8.834 8.796 8.758 8.720 8.682 8.644 8.606 8.568 8.530 8.492 8.453 8.415 8.377 8.339 8.301 8.263 8.225 8.187 8.085 7.981 7.877 7.773 7.669 7.565 7.461 7.357 7.253
10.530 10.511 10.491 10.472 10.448 10.422 10.396 10.370 10.344 10.318 10.292 10.267 10.241 10.211 10.174 10.138 10.101 10.065 10.028 9.992 9.955 9.919 9.883 9.846 9.810 9.773 9.737 9.700 9.664 9.627 9.590 9.553 9.516 9.478 9.441 9.403 9.366 9.329 9.291 9.253 9.215 9.176 9.138 9.100 9.062 9.024 8.986 8.948 8.910 8.871 8.833 8.795 8.757 8.719 8.681 8.643 8.605 8.567 8.529 8.491 8.453 8.415 8.377 8.339 8.301 8.263 8.225 8.187 8.091 7.987 7.883 7.779 7.675 7.571 7.467 7.363 7.259
10.537 10.517 10.492 10.466 10.441 10.415 10.389 10.363 10.337 10.311 10.285 10.259 10.233 10.205 10.169 10.132 10.096 10.059 10.023 9.986 9.950 9.913 9.877 9.840 9.804 9.767 9.731 9.694 9.658 9.621 9.585 9.548 9.512 9.475 9.439 9.402 9.365 9.327 9.290 9.252 9.214 9.176 9.137 9.099 9.061 9.023 8.985 8.947 8.909 8.871 8.833 8.795 8.757 8.719 8.681 8.643 8.605 8.567 8.529 8.490 8.453 8.414 8.376 8.338 8.300 8.262 8.224 8.186 8.097 7.993 7.889 7.785 7.681 7.577 7.473 7.369 7.265
10.537 10.511 10.485 10.459 10.433 10.407 10.382 10.356 10.330 10.304 10.278 10.252 10.226 10.200 10.163 10.127 10.090 10.054 10.017 9.981 9.944 9.908 9.871 9.835 9.798 9.762 9.725 9.689 9.652 9.616 9.579 9.543 9.506 9.470 9.433 9.397 9.360 9.324 9.287 9.251 9.213 9.175 9.137 9.099 9.061 9.023 8.985 8.947 8.909 8.871 8.833 8.794 8.756 8.718 8.680 8.642 8.604 8.566 8.528 8.490 8.452 8.414 8.376 8.338 8.300 8.262 8.224 8.186 8.103 7.999 7.895 7.791 7.687 7.583 7.479 7.375 7.271
10.530 10.504 10.478 10.452 10.426 10.400 10.374 10.348 10.322 10.297 10.271 10.245 10.219 10.193 10.157 10.121 10.084 10.048 10.011 9.975 9.939 9.902 9.865 9.829 9.792 9.756 9.719 9.683 9.647 9.610 9.573 9.537 9.501 9.464 9.427 9.391 9.355 9.318 9.282 9.249 9.218 9.177 9.137 9.098 9.060 9.022 8.984 8.946 8.908 8.870 8.832 8.794 8.756 8.718 8.680 8.642 8.604 8.566 8.528 8.490 8.452 8.414 8.375 8.337 8.299 8.261 8.223 8.185 8.110 8.006 7.902 7.797 7.693 7.589 7.485 7.381 7.277
10.522 10.496 10.471 10.445 10.419 10.393 10.367 10.341 10.315 10.289 10.263 10.237 10.212 10.186 10.152 10.115 10.079 10.042 10.006 9.969 9.933 9.896 9.860 9.823 9.787 9.750 9.714 9.677 9.641 9.604 9.568 9.531 9.495 9.458 9.422 9.385 9.349 9.312 9.280 9.252 9.223 9.183 9.143 9.103 9.063 9.023 8.984 8.946 8.908 8.870 8.832 8.794 8.755 8.717 8.679 8.641 8.603 8.565 8.527 8.489 8.451 8.413 8.375 8.337 8.299 8.261 8.223 8.185 8.116 8.012 7.908 7.804 7.700 7.596 7.492 7.387 7.283
10.515 10.489 10.463 10.437 10.411 10.386 10.360 10.334 10.308 10.282 10.256 10.230 10.204 10.178 10.146 10.110 10.073 10.037 10.000 9.964 9.927 9.891 9.854 9.818 9.781 9.745 9.708 9.672 9.635 9.599 9.562 9.526 9.489 9.453 9.416 9.380 9.343 9.311 9.283 9.255 9.227 9.189 9.149 9.109 9.069 9.029 8.989 8.949 8.909 8.869 8.831 8.793 8.755 8.717 8.679 8.641 8.603 8.565 8.527 8.489 8.451 8.412 8.375 8.336 8.298 8.260 8.222 8.184 8.122 8.018 7.914 7.810 7.706 7.602 7.498 7.394 7.290
10.508 10.482 10.456 10.430 10.404 10.378 10.352 10.327 10.301 10.275 10.249 10.223 10.197 10.171 10.140 10.104 10.067 10.031 9.995 9.958 9.922 9.885 9.849 9.812 9.775 9.739 9.703 9.666 9.629 9.593 9.556 9.520 9.483 9.447 9.410 9.374 9.342 9.314 9.286 9.258 9.230 9.195 9.155 9.115 9.075 9.035 8.995 8.954 8.914 8.874 8.834 8.794 8.755 8.716 8.678 8.640 8.602 8.564 8.526 8.488 8.450 8.412 8.374 8.336 8.298 8.260 8.222 8.184 8.128 8.024 7.920 7.816 7.712 7.608 7.504 7.400 7.290
10.501 10.475 10.449 10.423 10.397 10.371 10.345 10.319 10.293 10.267 10.242 10.216 10.190 10.164 10.135 10.098 10.062 10.025 9.989 9.952 9.916 9.879 9.843 9.806 9.770 9.733 9.697 9.660 9.624 9.587 9.551 9.514 9.478 9.441 9.405 9.373 9.345 9.317 9.289 9.261 9.233 9.201 9.161 9.121 9.080 9.040 9.000 8.960 8.920 8.880 8.840 8.800 8.760 8.720 8.680 8.640 8.602 8.564 8.526 8.488 8.450 8.412 8.374 8.335 8.297 8.259 8.221 8.183 8.134 8.030 7.926 7.822 7.718 7.614 7.510 7.397 7.282
10.493 10.467 10.441 10.416 10.390 10.364 10.338 10.312 10.286 10.260 10.234 10.208 10.182 10.157 10.129 10.093 10.056 10.020 9.983 9.947 9.910 9.874 9.837 9.801 9.764 9.728 9.691 9.655 9.618 9.582 9.545 9.509 9.472 9.436 9.404 9.377 9.348 9.320 9.292 9.264 9.236 9.207 9.166 9.126 9.086 9.046 9.006 8.966 8.926 8.886 8.846 8.806 8.766 8.726 8.686 8.645 8.605 8.565 8.525 8.487 8.449 8.411 8.373 8.335 8.297 8.259 8.221 8.183 8.140 8.036 7.932 7.828 7.724 7.618 7.503 7.388 7.273
10.486 10.460 10.434 10.408 10.382 10.357 10.331 10.305 10.279 10.253 10.227 10.201 10.175 10.149 10.123 10.087 10.050 10.014 9.977 9.941 9.904 9.868 9.832 9.795 9.759 9.722 9.686 9.649 9.613 9.576 9.539 9.503 9.466 9.436 9.408 9.380 9.351 9.323 9.295 9.267 9.239 9.211 9.172 9.132 9.092 9.052 9.012 8.972 8.932 8.892 8.852 8.812 8.772 8.732 8.691 8.651 8.611 8.571 8.531 8.491 8.451 8.411 8.373 8.335 8.297 8.258 8.220 8.182 8.144 8.043 7.939 7.834 7.724 7.609 7.494 7.379 7.264
10.479 10.453 10.427 10.401 10.375 10.349 10.323 10.297 10.272 10.246 10.220 10.194 10.168 10.142 10.116 10.081 10.045 10.008 9.972 9.935 9.899 9.862 9.826 9.789 9.753 9.716 9.680 9.643 9.607 9.570 9.534 9.497 9.467 9.439 9.411 9.383 9.355 9.327 9.299 9.270 9.243 9.214 9.178 9.138 9.098 9.058 9.018 8.978 8.938 8.898 8.858 8.817 8.777 8.737 8.697 8.657 8.617 8.577 8.537 8.497 8.457 8.417 8.377 8.337 8.296 8.258 8.220 8.182 8.144 8.049 7.945 7.830 7.715 7.600 7.486 7.370 7.256
10.471 10.446 10.420 10.394 10.368 10.342 10.316 10.290 10.264 10.238 10.212 10.187 10.161 10.135 10.109 10.076 10.039 10.003 9.966 9.930 9.893 9.857 9.820 9.784 9.747 9.711 9.674 9.638 9.601 9.565 9.528 9.498 9.470 9.442 9.414 9.386 9.358 9.330 9.302 9.274 9.246 9.217 9.184 9.144 9.104 9.064 9.024 8.984 8.944 8.904 8.863 8.823 8.783 8.743 8.703 8.663 8.623 8.583 8.543 8.503 8.463 8.422 8.382 8.342 8.302 8.262 8.222 8.182 8.143 8.052 7.937 7.822 7.707 7.592 7.477 7.362 7.247
10.464 10.438 10.412 10.386 10.361 10.335 10.309 10.283 10.257 10.231 10.205 10.179 10.153 10.127 10.102 10.070 10.033 9.997 9.961 9.924 9.888 9.851 9.814 9.778 9.742 9.705 9.668 9.632 9.595 9.559 9.529 9.501 9.473 9.445 9.417 9.389 9.361 9.333 9.305 9.277 9.249 9.221 9.190 9.150 9.110 9.070 9.030 8.990 8.949 8.909 8.869 8.829 8.789 8.749 8.709 8.669 8.629 8.589 8.549 8.509 8.468 8.428 8.388 8.348 8.308 8.268 8.228 8.188 8.142 8.048 7.928 7.813 7.698 7.583 7.468 7.353 7.238
10.457 10.431 10.405 10.379 10.353 10.327 10.302 10.276 10.250 10.224 10.198 10.172 10.146 10.120 10.094 10.064 10.028 9.991 9.955 9.918 9.882 9.845 9.809 9.772 9.736 9.699 9.663 9.626 9.590 9.560 9.532 9.504 9.476 9.448 9.420 9.392 9.364 9.336 9.308 9.280 9.252 9.224 9.196 9.156 9.115 9.075 9.035 8.995 8.955 8.915 8.875 8.835 8.795 8.755 8.715 8.675 8.635 8.595 8.554 8.514 8.474 8.434 8.394 8.354 8.314 8.274 8.234 8.187 8.134 8.053 7.932 7.812 7.691 7.575 7.460 7.345 7.230
10.450 10.424 10.398 10.372 10.346 10.320 10.294 10.268 10.242 10.217 10.191 10.165 10.139 10.113 10.087 10.059 10.022 9.986 9.949 9.913 9.876 9.840 9.803 9.767 9.730 9.694 9.657 9.621 9.592 9.563 9.535 9.507 9.479 9.451 9.423 9.395 9.367 9.339 9.311 9.283 9.255 9.227 9.199 9.162 9.121 9.081 9.041 9.001 8.961 8.921 8.881 8.841 8.801 8.761 8.721 8.680 8.640 8.600 8.560 8.520 8.480 8.440 8.400 8.360 8.320 8.280 8.233 8.180 8.127 8.057 7.937 7.817 7.696 7.575 7.455 7.336 7.221
10.442 10.416 10.391 10.365 10.339 10.313 10.287 10.261 10.235 10.209 10.183 10.157 10.132 10.106 10.080 10.053 10.016 9.980 9.944 9.907 9.871 9.834 9.797 9.761 9.724 9.688 9.652 9.623 9.595 9.567 9.539 9.511 9.482 9.454 9.426 9.398 9.370 9.342 9.314 9.286 9.258 9.230 9.202 9.167 9.127 9.087 9.047 9.007 8.967 8.927 8.887 8.847 8.807 8.767 8.726 8.686 8.646 8.606 8.566 8.526 8.486 8.446 8.406 8.366 8.326 8.278 8.225 8.172 8.119 8.062 7.942 7.821 7.701 7.580 7.460 7.339 7.219
10.435 10.409 10.383 10.357 10.331 10.306 10.280 10.254 10.228 10.202 10.176 10.150 10.124 10.098 10.072 10.047 10.011 9.974 9.938 9.901 9.865 9.828 9.792 9.755 9.719 9.682 9.654 9.626 9.598 9.570 9.542 9.514 9.486 9.457 9.430 9.401 9.373 9.345 9.317 9.289 9.261 9.233 9.205 9.173 9.133 9.093 9.053 9.013 8.973 8.933 8.893 8.852 8.812 8.772 8.732 8.692 8.652 8.612 8.572 8.532 8.492 8.452 8.412 8.371 8.324 8.271 8.217 8.164 8.111 8.058 7.947 7.826 7.705 7.585 7.465 7.344 7.223
10.428 10.402 10.376 10.350 10.324 10.298 10.272 10.247 10.221 10.195 10.169 10.143 10.117 10.091 10.065 10.039 10.005 9.969 9.932 9.896 9.859 9.823 9.786 9.750 9.713 9.685 9.657 9.629 9.601 9.573 9.545 9.517 9.489 9.461 9.433 9.404 9.376 9.348 9.320 9.292 9.264 9.236 9.208 9.179 9.139 9.099 9.059 9.019 8.979 8.938 8.898 8.858 8.818 8.778 8.738 8.698 8.658 8.618 8.578 8.538 8.498 8.457 8.417 8.369 8.316 8.263 8.210 8.157 8.103 8.050 7.951 7.831 7.710 7.590 7.469 7.349 7.228
10.421 10.395 10.369 10.343 10.317 10.291 10.265 10.239 10.213 10.187 10.162 10.136 10.110 10.084 10.058 10.032 10.000 9.963 9.926 9.890 9.854 9.817 9.781 9.744 9.716 9.688 9.660 9.632 9.604 9.576 9.548 9.520 9.492 9.464 9.436 9.408 9.380 9.351 9.324 9.295 9.267 9.239 9.211 9.183 9.145 9.105 9.065 9.024 8.984 8.944 8.904 8.864 8.824 8.784 8.744 8.704 8.664 8.624 8.584 8.543 8.503 8.463 8.415 8.361 8.308 8.255 8.202 8.149 8.096 8.043 7.956 7.835 7.715 7.594 7.474 7.353 7.233
10.431 10.398 10.365 10.336 10.310 10.284 10.258 10.232 10.206 10.180 10.154 10.128 10.102 10.077 10.051 10.025 9.994 9.957 9.921 9.884 9.848 9.811 9.775 9.747 9.719 9.691 9.663 9.635 9.607 9.579 9.551 9.523 9.495 9.467 9.439 9.411 9.383 9.355 9.327 9.299 9.270 9.243 9.214 9.186 9.151 9.111 9.070 9.030 8.990 8.950 8.910 8.870 8.830 8.790 8.750 8.710 8.670 8.629 8.589 8.549 8.509 8.460 8.407 8.354 8.301 8.248 8.194 8.141 8.088 8.035 7.961 7.840 7.720 7.599 7.479 7.358 7.238
10.443 10.410 10.376 10.343 10.310 10.277 10.251 10.225 10.199 10.173 10.147 10.121 10.095 10.069 10.043 10.017 9.988 9.952 9.915 9.879 9.842 9.807 9.779 9.750 9.722 9.694 9.666 9.638 9.610 9.582 9.554 9.526 9.498 9.470 9.442 9.414 9.386 9.358 9.330 9.302 9.274 9.246 9.218 9.189 9.156 9.116 9.076 9.036 8.996 8.956 8.916 8.876 8.836 8.796 8.756 8.716 8.675 8.635 8.595 8.555 8.506 8.452 8.399 8.346 8.293 8.240 8.187 8.133 8.080 8.027 7.965 7.845 7.724 7.604 7.483 7.363 7.242
10.455 10.421 10.388 10.355 10.322 10.288 10.255 10.222 10.192 10.166 10.140 10.114 10.088 10.062 10.036 10.010 9.983 9.946 9.909 9.873 9.838 9.810 9.782 9.754 9.726 9.698 9.669 9.641 9.613 9.585 9.557 9.529 9.501 9.473 9.445 9.417 9.389 9.361 9.333 9.305 9.277 9.249 9.221 9.193 9.162 9.122 9.082 9.042 9.002 8.962 8.922 8.882 8.842 8.802 8.761 8.721 8.681 8.641 8.601 8.551 8.498 8.445 8.391 8.338 8.285 8.232 8.179 8.126 8.073 8.019 7.966 7.850 7.729 7.609 7.488 7.368 7.247
10.466 10.433 10.400 10.367 10.333 10.300 10.267 10.234 10.200 10.167 10.134 10.107 10.081 10.055 10.029 10.003 9.977 9.940 9.904 9.869 9.841 9.813 9.785 9.757 9.729 9.701 9.673 9.644 9.616 9.588 9.560 9.532 9.504 9.476 9.448 9.420 9.392 9.364 9.336 9.308 9.280 9.252 9.224 9.196 9.168 9.128 9.088 9.048 9.008 8.968 8.928 8.887 8.847 8.807 8.767 8.727 8.687 8.647 8.596 8.543 8.490 8.437 8.384 8.331 8.278 8.224 8.171 8.118 8.065 8.012 7.959 7.854 7.734 7.613 7.493 7.372 7.252
10.478 10.445 10.412 10.378 10.345 10.312 10.279 10.245 10.212 10.179 10.146 10.112 10.079 10.047 10.022 9.996 9.970 9.935 9.900 9.872 9.844 9.816 9.788 9.760 9.732 9.704 9.676 9.648 9.620 9.591 9.563 9.535 9.507 9.479 9.451 9.423 9.395 9.367 9.339 9.311 9.283 9.255 9.227 9.199 9.171 9.134 9.094 9.054 9.014 8.974 8.933 8.893 8.853 8.813 8.773 8.733 8.693 8.642 8.589 8.536 8.482 8.429 8.376 8.323 8.270 8.217 8.163 8.110 8.057 8.004 7.951 7.859 7.739 7.618 7.498 7.377 7.257
10.490 10.457 10.423 10.390 10.357 10.324 10.290 10.257 10.224 10.191 10.157 10.124 10.091 10.058 10.024 9.991 9.963 9.931 9.903 9.875 9.847 9.819 9.791 9.763 9.735 9.707 9.679 9.651 9.623 9.595 9.567 9.539 9.510 9.482 9.454 9.426 9.398 9.370 9.342 9.314 9.286 9.258 9.230 9.202 9.174 9.140 9.100 9.059 9.019 8.979 8.939 8.899 8.859 8.819 8.779 8.739 8.687 8.634 8.581 8.528 8.475 8.422 8.368 8.315 8.262 8.209 8.156 8.103 8.049 7.996 7.943 7.864 7.743 7.623 7.502 7.382 7.261
