includes/lisflood/oleron/results_R2_t1.56079001071E12/res-0013.wdfp
ncols         631
nrows         906
xllcorner     364927.146667
yllcorner     6531972.565556
cellsize      20.000000
NODATA_value  -9999.000000
[rows 510 to 543 of 906, columns 462 to 538 of 631]
0.000 0.000 0.000 0.551 0.205 0.526 0.172 0.000 0.686 0.477 0.621 0.656 0.686 0.635 0.680 0.719 0.705 0.000 0.324 0.198 0.347 0.293 0.000 0.657 0.384 0.000 0.905 0.840 0.792 0.166 0.000 0.131 0.000 0.581 0.612 0.000 0.000 0.000 0.000 0.000 0.000 0.000 0.000 0.000 0.000 0.000 0.000 0.000 0.000 0.000 0.000 0.000 0.000 0.000 0.000 0.025 0.378 0.299 0.513 0.367 0.373 0.376 0.471 0.665 0.686 0.781 0.555 0.679 0.795 0.873 0.750 0.975 0.998 0.799 0.900 0.856 1.065
0.000 0.000 0.000 0.840 0.493 0.837 0.889 0.397 0.360 0.002 0.000 0.250 0.821 0.541 0.705 0.000 0.002 0.412 0.000 0.730 0.337 0.389 0.351 0.504 0.443 0.562 0.000 0.826 0.341 0.000 0.169 0.000 0.000 0.093 0.378 0.000 0.000 0.000 0.000 0.000 0.000 0.000 0.000 0.000 0.000 0.009 0.000 0.160 0.000 0.000 0.000 0.049 0.000 0.000 0.038 0.018 0.164 0.055 0.370 0.338 0.466 0.473 0.561 0.623 0.498 0.712 0.794 0.858 0.788 0.879 0.799 0.934 0.828 1.144 0.781 0.931 1.046
0.293 0.000 0.000 0.250 0.464 0.000 0.135 0.101 0.004 0.000 0.336 0.509 0.771 0.673 0.037 0.000 0.059 0.096 0.425 0.000 0.136 0.357 0.541 0.586 0.929 0.651 0.600 0.486 0.381 0.723 0.000 0.000 0.458 0.397 0.164 0.000 0.000 0.000 0.110 0.000 0.000 0.000 0.000 0.000 0.000 0.000 0.070 0.000 0.000 0.000 0.000 0.000 0.080 0.000 0.093 0.017 0.563 0.209 0.445 0.366 0.564 0.527 0.617 0.329 0.667 0.612 0.811 0.669 0.770 0.772 0.861 0.874 1.040 0.871 0.839 0.877 0.931
0.000 0.000 0.000 0.129 0.000 0.277 0.000 0.000 0.000 0.282 0.000 0.607 0.480 0.014 0.242 0.290 0.287 0.353 0.472 0.544 0.208 0.202 0.456 0.636 0.110 0.264 0.530 0.000 1.188 0.371 0.568 0.000 0.000 0.116 0.000 0.000 0.000 0.000 0.000 0.000 0.133 0.000 0.002 0.000 0.000 0.000 0.000 0.000 0.000 0.000 0.001 0.000 0.000 0.100 0.459 0.361 0.435 0.356 0.582 0.435 0.448 0.448 0.698 0.395 0.697 0.552 0.654 0.866 0.772 0.795 0.930 1.171 0.777 0.786 1.038 0.931 0.820
0.796 0.737 0.328 0.365 0.957 0.155 0.010 0.101 0.139 0.574 0.000 0.332 0.311 0.239 0.099 0.075 0.194 0.200 1.105 0.445 0.571 0.375 0.099 0.355 0.544 0.000 0.746 0.414 0.000 0.353 0.528 0.116 0.140 0.213 0.000 0.000 0.000 0.000 0.000 0.000 0.000 0.000 0.000 0.000 0.000 0.061 0.000 0.000 0.000 0.001 0.000 0.000 0.000 0.000 0.118 0.256 0.036 0.402 0.536 0.486 0.458 0.463 0.545 0.622 0.718 0.675 0.622 0.692 0.841 0.813 0.863 0.929 0.940 0.890 0.925 0.843 1.098
0.709 0.690 0.516 0.275 0.002 0.182 0.863 0.423 0.089 0.622 0.000 0.128 0.239 0.000 0.000 0.049 0.634 0.621 0.065 0.884 0.491 0.000 0.361 0.193 0.409 0.372 0.000 0.653 0.414 0.000 0.740 0.529 0.000 0.000 0.000 0.118 0.000 0.000 0.008 0.000 0.029 0.000 0.000 0.013 0.000 0.000 0.010 0.000 0.001 0.000 0.000 0.201 0.000 0.390 0.046 0.354 0.250 0.310 0.618 0.454 0.601 0.690 0.522 0.672 0.527 0.564 0.943 0.537 0.568 0.913 0.632 1.190 0.705 1.007 0.932 0.981 1.126
0.619 0.721 0.579 0.319 0.024 0.090 0.012 0.302 0.135 0.000 0.000 0.283 0.706 0.000 0.000 0.962 0.656 0.170 0.258 0.361 0.457 0.347 0.000 0.098 0.342 0.010 0.018 0.312 0.573 0.703 0.097 0.678 0.529 0.000 0.000 0.000 0.000 0.105 0.000 0.001 0.000 0.509 0.000 0.171 0.000 0.069 0.606 0.001 0.000 0.001 0.000 0.249 0.007 0.073 0.000 0.577 0.324 0.463 0.511 0.435 0.556 0.561 0.622 0.614 0.657 0.582 0.691 0.758 0.619 0.873 0.770 0.845 0.934 0.706 1.060 0.760 0.886
0.733 0.454 0.701 0.515 0.032 0.029 0.172 0.885 0.000 0.329 0.000 0.229 0.530 0.000 0.000 0.187 0.165 0.710 0.870 0.167 0.115 0.499 0.367 0.003 0.054 0.105 0.143 0.000 0.624 0.543 0.000 0.647 0.536 0.068 0.852 0.000 0.000 0.008 0.000 0.000 0.000 0.507 0.000 0.000 0.000 0.014 0.000 0.000 0.000 0.390 0.000 0.000 0.106 0.290 0.022 0.346 0.283 0.312 0.300 0.673 0.658 0.630 0.852 0.617 0.653 0.549 0.791 0.615 0.758 0.798 0.909 0.818 0.797 0.815 1.225 0.743 1.078
0.793 0.772 0.839 0.788 0.094 0.037 0.204 0.131 0.002 0.012 0.000 0.164 0.547 0.000 0.929 0.124 0.488 0.385 0.502 0.639 0.065 1.157 0.515 0.462 0.393 0.300 0.283 0.370 0.000 0.657 0.320 0.000 1.119 0.000 0.432 0.000 0.026 0.000 0.000 0.439 0.039 0.000 0.000 0.019 0.000 0.000 0.000 0.000 0.001 0.001 0.000 0.000 0.000 0.397 0.480 0.236 0.426 0.396 0.536 0.534 0.652 0.473 0.498 0.674 0.672 0.787 0.626 0.719 0.964 0.652 0.707 1.082 0.875 0.818 0.870 1.024 1.049
0.711 0.747 0.590 0.564 0.119 0.076 0.141 0.113 0.392 0.437 0.000 0.261 0.490 0.000 0.156 0.172 0.121 0.203 0.394 0.173 0.400 0.000 0.287 0.338 0.000 0.161 0.327 0.000 0.188 0.000 0.305 0.000 1.355 0.000 1.082 0.000 0.000 0.055 0.000 0.069 0.028 0.000 0.000 0.000 0.000 0.001 0.000 0.000 0.000 0.000 0.000 0.024 0.090 0.019 0.524 0.227 0.316 0.440 0.626 0.619 0.598 0.589 0.488 0.723 0.599 0.656 0.807 0.686 0.984 0.840 0.933 0.720 1.119 0.802 0.781 1.248 0.911
0.560 0.766 0.626 0.000 0.208 0.090 0.181 0.326 0.628 0.147 0.698 0.253 0.488 0.000 0.000 0.909 0.258 0.024 0.364 0.332 0.559 0.336 0.397 0.483 0.390 0.045 0.369 0.000 0.000 0.000 0.179 0.014 0.000 0.000 0.036 0.000 0.068 0.000 0.000 0.010 0.055 0.056 0.000 0.000 0.001 0.000 0.001 0.001 0.046 0.000 0.000 0.103 0.000 0.630 0.416 0.447 0.458 0.514 0.705 0.685 0.503 0.754 0.590 0.724 0.433 0.676 0.804 0.772 0.825 0.850 0.960 0.791 1.030 0.826 0.728 1.087 1.010
0.610 0.598 0.849 0.000 0.137 0.278 0.363 0.357 0.638 0.471 0.216 0.717 0.628 0.002 0.000 0.466 0.936 0.229 0.184 0.612 0.268 0.026 0.303 0.921 0.165 0.467 0.212 0.295 0.000 0.235 0.054 0.015 0.000 0.000 0.371 0.000 0.000 0.077 0.000 0.000 0.000 0.000 0.000 0.031 0.001 0.000 0.001 0.021 0.000 0.000 0.000 0.091 0.035 0.194 0.225 0.595 0.629 0.460 0.696 0.581 0.667 0.759 0.710 0.634 0.643 0.652 0.758 0.846 0.864 0.952 0.822 0.928 0.812 1.039 0.583 1.174 0.585
0.000 0.561 0.805 0.000 0.194 0.202 0.276 0.482 0.561 0.191 0.000 0.228 0.556 0.179 0.000 0.077 0.974 0.039 0.471 0.381 0.770 0.306 0.700 0.097 0.002 0.111 0.270 0.175 0.007 0.280 0.056 0.657 0.034 0.779 0.585 0.000 0.000 0.034 0.000 0.031 0.000 0.000 0.000 0.001 0.001 0.000 0.000 0.001 0.016 0.000 0.000 0.055 0.438 0.177 0.531 0.582 0.392 0.356 0.450 0.526 0.732 0.443 0.754 0.461 0.658 0.653 0.643 0.865 0.645 0.773 0.950 0.877 0.827 0.981 1.097 0.967 0.769
0.270 0.000 0.000 0.021 0.354 0.363 0.288 0.581 0.505 0.194 0.478 0.232 0.576 0.436 0.000 0.390 0.274 1.073 0.235 0.209 0.945 0.237 0.942 0.218 0.207 0.000 0.264 0.000 0.492 0.000 0.017 0.011 0.000 0.611 0.000 0.000 0.000 0.000 0.000 0.000 0.000 0.000 0.001 0.013 0.001 0.131 0.000 0.000 0.000 0.000 0.000 0.029 0.000 0.169 0.254 0.326 0.574 0.593 0.472 0.598 0.695 0.526 0.788 0.646 0.505 0.751 0.663 0.771 1.043 0.378 0.891 0.852 0.964 1.045 0.967 0.915 1.055
0.000 0.000 0.000 0.002 0.737 0.827 0.645 0.819 0.000 0.405 0.000 0.000 0.666 0.681 0.492 0.544 0.552 0.535 0.797 0.242 0.146 0.575 0.309 0.298 0.718 0.344 0.269 1.272 0.000 0.004 0.305 0.145 0.000 0.409 0.411 0.000 0.000 0.000 0.000 0.000 0.008 0.000 0.000 0.000 0.012 0.083 0.000 0.000 0.001 0.052 0.048 0.571 0.118 0.541 0.407 0.098 0.434 0.624 0.583 0.392 0.689 0.538 0.714 0.780 0.648 0.835 0.606 0.740 0.841 0.807 0.761 0.950 0.907 0.944 1.142 1.032 1.078
0.950 0.944 0.362 0.513 0.660 0.389 0.216 0.539 0.290 0.497 0.000 0.000 0.199 0.298 0.000 0.791 0.370 0.241 1.130 0.707 0.200 0.370 0.405 0.237 0.606 0.856 0.568 1.121 0.855 0.000 0.308 0.000 0.000 0.733 0.477 0.000 0.000 0.006 0.000 0.000 0.000 0.000 0.080 0.000 0.101 0.001 0.001 0.002 0.051 0.000 0.047 0.105 0.518 0.021 0.566 0.282 0.320 0.476 0.403 0.571 0.662 0.566 0.622 0.672 0.569 0.880 0.905 0.658 1.065 0.896 0.728 0.923 0.914 0.963 1.034 0.799 1.065
0.000 0.909 0.000 0.000 0.000 1.123 0.169 0.030 0.080 0.286 0.319 0.000 0.000 0.000 0.000 0.106 0.062 0.000 0.122 1.005 0.301 0.330 0.517 0.429 0.616 0.661 0.085 0.067 0.307 0.149 0.004 0.000 0.000 0.445 0.667 0.000 0.026 0.000 0.000 0.001 0.000 0.000 0.003 0.060 0.000 0.001 0.031 0.000 0.001 0.017 0.124 0.020 0.087 0.002 0.448 0.335 0.362 0.485 0.444 0.667 0.547 0.585 0.635 0.534 0.626 0.667 0.734 0.999 0.768 0.757 0.997 0.878 1.012 0.806 1.058 0.730 1.078
0.000 0.000 0.000 0.000 0.035 0.000 0.201 0.084 0.128 0.295 0.000 0.000 0.000 0.000 0.139 0.334 0.055 0.217 0.820 0.000 0.945 0.256 0.317 0.372 0.251 0.307 0.229 0.269 0.000 0.012 0.169 0.196 0.381 0.699 0.550 0.000 0.000 0.000 0.000 0.000 0.000 0.031 0.000 0.000 0.121 0.000 0.000 0.000 0.004 0.020 0.000 0.049 0.068 0.637 0.564 0.376 0.510 0.698 0.351 0.601 0.748 0.662 0.588 0.646 0.620 0.671 0.805 0.869 0.770 1.040 1.011 0.878 0.826 0.989 0.774 1.081 1.030
0.000 0.000 0.000 0.279 0.043 0.000 1.116 0.542 0.824 0.000 0.000 0.063 0.000 1.029 0.558 0.168 0.579 0.118 0.343 0.593 0.148 0.831 0.369 0.347 0.546 0.218 0.784 0.639 0.389 0.000 0.000 0.033 0.509 0.000 0.658 0.000 0.000 0.000 0.033 0.000 0.000 0.000 0.000 0.000 0.000 0.000 0.000 0.000 0.001 0.045 0.108 0.363 0.630 0.544 0.053 0.501 0.553 0.736 0.416 0.721 0.647 0.412 0.748 0.544 0.769 0.638 0.700 0.904 0.808 0.919 0.738 0.946 0.849 1.039 0.920 0.836 1.041
0.000 0.000 0.140 0.296 0.000 0.000 0.000 0.000 0.000 0.251 0.324 0.324 0.117 0.957 0.000 0.758 0.074 0.951 0.226 0.344 0.078 0.976 0.261 0.310 0.480 0.024 0.413 0.509 0.574 0.428 0.000 0.000 0.000 0.491 0.374 0.000 0.000 0.000 0.000 0.121 0.000 0.000 0.032 0.000 0.011 0.000 0.000 0.000 0.000 0.022 0.089 0.000 0.027 0.516 0.549 0.515 0.502 0.553 0.384 0.838 0.634 0.467 0.721 0.466 0.682 0.780 0.752 0.844 0.813 0.941 0.767 0.880 0.857 0.895 1.092 0.812 0.738
0.342 0.284 0.340 0.425 0.000 0.000 0.496 0.618 0.000 1.029 0.719 0.059 0.804 0.251 0.247 0.037 0.676 0.094 0.728 0.309 0.198 0.026 0.806 0.327 0.336 0.000 0.012 0.553 0.553 0.313 0.000 0.000 0.318 0.584 0.000 0.000 0.000 0.069 0.000 0.000 0.000 0.000 0.000 0.000 0.000 0.000 0.000 0.026 0.000 0.061 0.093 0.512 0.405 0.525 0.363 0.397 0.408 0.519 0.507 0.813 0.667 0.606 0.660 0.643 0.606 0.792 0.776 0.752 0.841 0.842 0.874 0.953 0.702 0.892 1.049 1.111 0.707
0.294 0.305 0.177 0.000 0.000 0.000 0.661 0.481 0.748 0.000 0.886 0.749 0.000 0.572 0.603 0.702 0.178 0.012 0.374 0.613 0.460 0.100 0.233 0.679 0.549 0.219 0.144 0.627 0.206 0.038 0.685 0.000 0.000 0.126 0.000 0.000 0.000 0.000 0.000 0.046 0.000 0.000 0.000 0.019 0.000 0.000 0.087 0.000 0.002 0.052 0.002 0.006 0.028 0.601 0.271 0.554 0.645 0.682 0.407 0.771 0.472 0.860 0.538 0.676 0.684 0.593 0.759 0.923 0.901 0.792 0.740 0.854 0.878 0.992 1.041 1.023 0.827
0.000 0.404 0.487 0.000 0.000 0.000 0.017 0.081 0.911 0.831 0.000 0.651 0.733 0.000 0.533 0.482 0.704 0.264 0.163 0.116 0.003 0.380 0.677 0.000 0.507 0.071 0.087 0.119 0.041 0.000 0.015 0.306 0.211 0.390 0.000 0.000 0.000 0.022 0.107 0.000 0.000 0.000 0.000 0.000 0.000 0.000 0.007 0.000 0.000 0.004 0.032 0.691 0.409 0.567 0.284 0.475 0.725 0.813 0.499 0.759 0.344 0.768 0.547 0.715 0.624 0.669 0.874 0.856 0.801 0.709 0.901 0.911 0.870 0.986 1.054 0.831 0.731
0.535 0.000 0.000 0.000 0.000 0.204 0.088 0.053 0.000 0.905 0.920 0.000 1.034 0.752 0.048 0.916 0.577 0.131 0.273 0.489 0.220 0.809 0.276 0.699 0.357 0.003 0.354 0.000 0.000 0.126 0.000 0.003 0.481 0.029 0.000 0.000 0.000 0.001 0.000 0.000 0.010 0.033 0.000 0.000 0.026 0.000 0.000 0.000 0.000 0.082 0.335 0.538 0.001 0.627 0.559 0.536 0.640 0.734 0.538 0.653 0.479 0.697 0.546 0.768 0.749 0.823 0.756 0.881 0.808 0.842 0.974 0.806 0.914 0.880 0.990 1.046 0.882
0.003 0.000 0.000 0.000 0.000 0.000 0.420 0.105 0.019 0.000 0.770 0.830 0.000 0.965 0.936 0.234 0.851 0.705 0.972 0.000 0.417 0.087 0.808 0.000 0.663 0.362 0.000 0.333 0.000 0.000 0.000 0.215 0.263 0.000 0.000 0.000 0.000 0.000 0.000 0.000 0.000 0.037 0.000 0.000 0.009 0.000 0.000 0.051 0.046 0.091 0.004 0.065 0.108 0.480 0.500 0.384 0.508 0.365 0.445 0.819 0.572 0.737 0.719 0.719 0.745 0.697 0.766 0.940 0.857 0.628 0.909 0.843 0.791 0.919 1.125 0.678 0.945
0.053 0.511 0.508 0.208 0.945 0.316 0.072 0.287 0.308 0.094 0.000 0.959 0.794 0.000 0.787 0.890 0.988 0.000 0.892 0.805 0.019 0.474 0.361 0.944 0.107 0.673 0.045 0.000 0.141 0.000 0.000 0.563 0.262 0.570 0.000 0.000 0.000 0.000 0.000 0.091 0.061 0.000 0.000 0.000 0.001 0.067 0.153 0.000 0.000 0.447 0.001 0.095 0.521 0.269 0.589 0.544 0.636 0.345 0.589 0.641 0.702 0.776 0.815 0.730 0.597 0.793 0.799 0.961 0.747 0.793 0.773 1.228 0.753 0.964 1.016 0.807 1.067
0.074 1.337 0.060 0.000 0.919 0.320 0.668 0.011 0.373 0.273 0.211 0.000 0.931 0.677 0.012 0.189 0.591 0.742 0.000 0.827 0.757 0.479 0.314 1.024 0.948 0.960 0.400 0.227 0.000 0.000 0.000 0.011 0.000 0.017 0.000 0.000 0.000 0.000 0.000 0.033 0.000 0.000 0.001 0.001 0.000 0.000 0.000 0.000 0.038 0.012 0.415 0.056 0.671 0.389 0.548 0.681 0.855 0.585 0.513 0.649 0.801 0.752 0.902 0.729 0.885 0.721 0.794 0.843 0.747 0.903 0.967 1.125 0.737 0.847 0.989 0.876 1.042
0.000 0.000 0.000 0.000 0.543 0.306 0.517 0.633 0.000 0.398 0.291 0.220 0.000 0.762 0.419 0.000 0.605 0.197 0.687 0.394 0.890 0.300 0.511 0.133 0.773 0.564 0.804 0.000 0.038 0.000 0.000 0.192 0.134 0.383 0.234 0.000 0.000 0.033 0.000 0.000 0.037 0.000 0.000 0.086 0.000 0.000 0.000 0.000 0.000 0.062 0.049 0.070 0.715 0.280 0.332 0.593 0.698 0.237 0.664 0.643 0.744 0.694 0.839 0.684 0.649 0.909 0.894 0.644 0.999 0.805 0.884 0.790 0.971 0.830 0.842 0.834 1.093
0.000 0.000 0.000 0.000 0.665 0.088 0.530 0.601 0.558 0.000 0.428 0.328 0.414 0.000 0.000 0.602 0.000 0.605 0.758 0.000 0.708 1.030 0.066 0.427 0.029 1.001 0.028 0.470 0.378 0.000 0.078 0.000 0.267 0.079 0.000 0.000 0.000 0.000 0.000 0.000 0.000 0.000 0.000 0.000 0.000 0.000 0.000 0.000 0.000 0.106 0.086 0.010 0.053 0.133 0.420 0.487 0.562 0.322 0.630 0.793 0.712 0.774 0.845 0.733 0.752 0.787 0.929 0.713 1.009 0.667 0.801 0.893 0.603 0.856 1.095 0.882 1.014
0.000 0.000 0.000 0.000 0.000 0.494 0.000 0.704 0.769 0.513 0.000 0.352 0.425 0.000 0.947 0.894 1.041 0.000 0.824 0.682 0.000 0.783 0.578 0.000 0.232 0.413 0.000 0.922 0.000 0.000 0.000 0.059 0.138 0.261 0.000 0.000 0.000 0.000 0.000 0.000 0.000 0.027 0.017 0.000 0.000 0.044 0.000 0.000 0.051 0.015 0.000 0.122 0.224 0.333 0.334 0.385 0.634 0.418 0.631 0.862 0.636 0.738 0.822 0.806 0.792 0.788 0.923 0.802 0.764 0.664 0.913 0.928 0.897 1.008 0.875 0.944 0.808
0.000 0.000 0.000 0.000 0.000 0.000 0.000 0.000 0.443 0.691 0.699 0.000 0.239 0.000 0.000 0.974 0.781 1.026 0.000 0.621 0.780 0.000 0.783 0.959 0.000 0.417 0.000 0.000 0.000 0.000 0.000 0.000 0.000 0.093 0.192 0.000 0.000 0.000 0.000 0.000 0.000 0.038 0.000 0.000 0.000 0.000 0.000 0.000 0.006 0.030 0.371 0.470 0.515 0.221 0.088 0.672 0.865 0.575 0.752 0.580 0.666 0.739 0.795 0.744 0.744 0.909 0.806 0.794 0.890 0.760 0.895 0.999 0.923 0.820 0.883 0.712 1.147
0.000 0.000 0.000 0.000 0.000 0.000 0.000 0.000 0.346 0.605 0.745 0.699 0.000 0.000 0.800 0.000 0.793 0.365 1.208 0.774 0.423 0.996 0.009 0.694 0.000 0.000 0.000 0.088 0.000 0.000 0.080 0.131 0.047 0.000 0.000 0.000 0.000 0.000 0.000 0.000 0.031 0.000 0.000 0.010 0.000 0.000 0.000 0.000 0.000 0.011 0.005 0.000 0.112 0.550 0.335 0.408 0.572 0.555 0.662 0.630 0.709 0.822 0.698 0.755 0.736 0.871 0.874 0.736 0.890 0.761 0.881 0.928 0.681 1.083 0.798 0.746 0.989
0.000 0.000 0.000 0.000 0.000 0.000 0.000 0.000 0.000 0.374 0.228 0.881 0.724 0.000 0.678 0.500 1.113 0.794 0.690 0.000 0.863 0.316 0.513 0.558 0.884 0.000 0.000 0.506 0.184 0.000 0.097 0.000 0.059 0.167 0.000 0.000 0.000 0.000 0.000 0.000 0.000 0.001 0.082 0.035 0.000 0.000 0.000 0.000 0.000 0.001 0.038 0.000 0.583 0.012 0.370 0.422 0.682 0.521 0.719 0.605 0.683 0.626 0.614 0.622 0.534 0.808 0.777 0.848 0.850 0.729 0.885 0.984 0.885 0.893 0.902 0.904 1.010
0.000 0.000 0.000 0.000 0.000 0.000 0.000 0.000 0.000 0.000 0.319 0.495 0.565 0.613 0.000 0.717 0.000 0.964 0.825 0.850 0.000 0.685 0.834 0.090 0.468 0.748 0.000 0.611 0.280 0.547 0.002 0.025 0.000 0.000 0.000 0.000 0.000 0.000 0.000 0.009 0.053 0.000 0.000 0.000 0.044 0.000 0.000 0.000 0.015 0.000 0.138 0.032 0.126 0.343 0.337 0.303 0.486 0.431 0.686 0.396 0.707 0.537 0.731 0.519 0.531 0.829 0.898 0.706 0.705 0.896 0.784 0.768 0.816 0.913 0.968 0.854 0.852
