includes/lisflood/oleron/results_R2_t1.56079001071E12/res-0014.wd
ncols         631
nrows         906
xllcorner     364927.146667
yllcorner     6531972.565556
cellsize      20.000000
NODATA_value  -9999.000000
[rows 238 to 271 of 906, columns 375 to 449 of 631]
3.640 1.267 4.965 3.074 2.804 2.067 0.192 3.201 3.497 3.322 2.778 2.897 2.948 3.821 1.214 4.271 2.878 0.659 1.756 2.989 3.301 2.724 1.022 3.412 2.675 2.473 1.613 3.351 3.004 1.345 1.947 3.171 2.166 1.600 2.497 2.890 3.344 2.911 1.456 1.864 3.518 3.733 1.557 0.782 2.448 2.748 1.728 1.130 2.936 2.040 2.168 1.857 2.427 2.718 2.326 2.311 2.899 3.235 3.222 1.382 1.459 0.685 1.241 1.558 3.642 3.229 4.131 2.621 1.810 2.292 2.549 3.199 4.304 4.886 3.589
1.430 1.251 2.694 3.691 3.166 4.141 1.991 3.659 1.968 3.605 1.108 1.030 3.492 3.686 2.471 2.819 3.131 1.854 2.562 2.760 3.886 1.499 1.684 1.768 2.808 1.367 2.432 2.651 2.534 1.959 2.042 1.277 2.173 1.776 1.579 1.515 1.732 3.186 3.173 1.416 3.082 2.721 2.889 2.250 1.210 2.770 2.386 1.002 2.300 2.053 3.074 2.512 3.740 3.994 2.470 4.002 3.244 2.496 3.562 2.677 1.701 1.375 2.064 2.096 3.333 2.603 4.277 3.317 2.934 2.381 2.501 3.140 4.041 4.116 4.769
2.649 1.440 1.998 5.147 4.033 1.910 2.268 2.708 1.859 2.494 2.681 3.067 3.172 2.727 2.254 2.921 3.105 2.709 0.163 2.979 2.411 2.080 1.474 2.578 2.626 0.957 1.378 2.088 1.427 2.082 2.010 3.604 2.914 3.513 2.448 1.396 2.622 2.325 3.202 3.175 2.474 0.856 2.276 1.684 1.413 1.370 2.153 0.843 1.229 1.238 2.797 2.744 1.374 1.588 2.438 1.538 3.695 1.271 4.908 3.936 3.108 3.689 1.123 2.680 2.857 3.707 4.669 4.895 3.016 2.769 2.856 3.853 3.523 4.414 5.245
1.738 0.508 2.775 3.890 2.722 1.311 1.929 4.197 3.110 2.026 0.031 2.486 2.437 2.707 1.503 3.070 3.300 2.770 2.792 1.887 2.492 3.333 3.419 1.507 1.646 1.546 1.771 2.643 2.516 2.069 2.970 2.833 3.631 1.553 3.296 2.435 1.715 2.984 2.339 1.727 2.684 1.261 1.543 2.550 2.392 2.893 1.545 2.271 1.558 2.892 2.438 2.516 1.111 2.253 1.966 3.403 2.960 2.184 2.222 3.085 3.772 2.795 3.670 3.256 2.463 0.685 3.492 3.694 5.034 3.977 2.494 3.332 4.528 3.696 3.813
1.812 2.376 2.266 1.906 3.854 2.095 2.518 3.119 3.175 1.712 1.574 1.757 2.284 1.375 1.805 1.982 2.151 2.003 1.680 2.759 3.250 3.046 3.197 2.330 1.365 2.421 1.083 3.001 2.624 3.302 1.547 2.086 3.414 2.794 2.859 2.524 2.426 2.138 2.093 2.624 2.842 2.463 2.410 2.651 2.243 1.387 1.886 2.216 1.969 2.366 3.860 2.236 2.465 1.907 1.147 2.046 3.346 2.329 2.065 2.782 4.163 3.707 3.338 3.875 1.735 2.054 3.899 3.783 3.917 2.609 5.135 3.411 3.581 3.313 3.187
2.952 1.357 2.783 1.290 2.511 2.891 4.047 1.365 1.650 0.437 3.162 2.400 1.577 2.652 0.255 0.375 1.784 2.522 1.379 1.992 3.151 2.979 1.144 2.467 2.260 1.826 3.361 2.381 3.351 2.131 2.365 0.363 3.838 2.815 2.388 1.277 1.644 2.524 1.471 2.093 1.917 2.698 2.726 2.720 2.534 2.283 1.990 2.340 3.079 4.029 1.506 2.363 3.466 0.039 0.342 2.892 1.624 3.095 1.841 2.586 4.469 3.519 2.829 1.894 1.052 4.157 3.278 2.251 1.443 2.696 4.120 3.985 3.532 2.235 1.262
2.049 1.937 2.520 1.630 2.659 2.258 2.897 2.010 2.403 1.570 2.830 2.986 1.265 0.332 1.484 1.586 2.848 1.352 3.179 1.960 2.719 3.331 2.685 3.141 4.209 4.224 3.436 2.126 2.336 1.495 3.366 3.186 3.427 3.929 1.835 2.732 1.483 2.243 3.531 1.571 0.150 2.138 2.487 2.005 2.133 1.971 3.222 2.929 5.555 3.401 3.158 3.199 2.040 1.973 2.643 2.031 2.948 1.864 1.343 1.970 2.826 5.598 3.149 2.164 2.105 2.105 2.252 2.002 1.506 2.846 4.124 4.608 4.036 3.098 0.887
2.354 2.835 1.179 1.941 3.404 3.188 2.205 3.271 2.253 2.727 1.692 2.179 2.141 2.650 2.380 1.594 0.548 2.740 3.331 3.581 0.785 3.254 3.741 3.889 1.965 2.964 1.847 1.039 3.325 3.851 4.295 2.733 2.650 3.767 2.353 3.076 2.127 3.223 2.516 2.503 2.214 2.640 2.916 3.924 2.039 1.946 3.772 2.765 3.275 3.461 3.079 3.463 4.024 2.482 2.206 2.915 1.712 1.641 0.992 2.164 3.365 4.664 4.630 3.338 2.715 4.085 2.902 2.968 2.251 2.707 4.189 4.842 5.033 3.449 1.289
1.232 2.087 2.468 1.927 3.038 1.577 2.252 2.261 1.589 0.625 1.825 2.430 2.327 0.842 3.618 1.465 1.302 2.472 2.795 1.226 1.366 1.983 2.425 1.650 1.750 2.615 0.707 1.052 2.178 2.960 1.348 0.283 3.081 2.168 2.046 1.186 2.538 3.112 1.771 2.171 2.515 2.759 1.376 3.266 2.137 3.167 2.492 3.059 2.392 3.716 3.279 1.978 1.960 1.740 3.747 1.531 3.869 0.313 2.718 1.526 3.739 3.251 2.965 5.037 3.875 4.671 4.584 1.891 0.012 2.830 5.226 4.881 2.396 3.661 2.677
1.708 0.000 3.289 1.744 2.556 1.728 3.297 1.760 1.872 3.216 2.232 2.193 0.597 2.647 3.720 1.376 0.884 3.325 2.502 2.389 2.401 0.154 3.155 2.806 2.554 1.814 3.317 2.531 1.429 1.614 1.860 1.911 2.517 3.659 1.640 3.161 3.031 2.094 2.537 1.455 2.248 1.710 2.415 1.420 2.781 3.231 1.857 1.322 0.039 1.787 2.996 2.958 1.091 0.000 3.423 2.872 1.415 1.118 2.364 3.426 3.200 2.654 3.214 3.336 5.479 3.050 3.204 2.539 2.027 4.136 4.717 3.321 3.628 3.777 4.303
1.200 1.726 2.838 2.579 1.567 1.503 3.572 2.556 1.647 2.592 1.525 2.274 2.933 2.551 1.973 1.407 3.923 2.816 2.876 2.822 2.957 1.200 2.740 2.709 1.985 3.724 2.576 3.606 2.050 1.783 0.772 3.470 1.302 2.167 0.000 1.446 1.941 1.851 2.402 1.614 1.818 3.258 0.362 0.000 2.304 2.089 1.798 1.314 2.518 1.943 1.452 1.951 0.077 2.347 1.714 3.221 2.122 3.055 0.636 2.626 1.397 3.679 2.612 4.944 6.668 3.910 4.034 2.710 2.414 4.217 3.306 3.667 2.603 1.356 3.696
3.247 2.467 1.573 0.995 1.366 2.814 3.347 0.707 2.543 1.421 3.119 2.900 0.969 2.699 0.000 1.423 3.130 2.847 3.435 2.868 2.043 3.165 1.647 3.465 4.251 1.141 2.783 0.000 1.614 1.514 2.068 2.086 2.248 0.407 2.708 3.813 1.031 1.392 2.652 0.948 2.710 1.588 2.339 1.156 1.266 2.701 1.281 2.409 1.926 2.618 3.661 2.004 0.942 2.261 3.553 0.700 1.668 1.780 1.500 3.502 2.395 0.191 2.695 3.675 4.382 5.114 4.090 1.734 2.090 2.504 3.249 2.872 2.233 1.083 4.022
2.641 1.001 0.711 2.440 1.240 2.301 0.516 1.475 2.659 1.303 1.281 2.850 0.789 0.567 2.536 2.330 1.925 2.681 2.175 2.824 1.671 1.895 2.606 2.313 3.428 3.062 2.897 2.920 1.906 1.260 0.000 2.737 0.990 2.177 0.616 1.911 2.644 2.597 2.708 1.278 3.009 1.575 0.849 0.679 3.018 1.145 2.102 2.047 2.537 2.577 2.173 3.484 2.400 1.685 3.485 3.374 2.201 2.644 3.197 3.493 1.852 1.921 2.484 4.463 4.461 3.445 3.542 3.643 3.337 2.370 2.240 0.826 3.450 2.746 4.991
2.394 1.796 0.275 0.905 2.881 2.804 0.909 2.820 1.107 0.726 2.345 0.309 1.977 1.833 1.435 1.529 2.416 2.551 2.391 2.248 0.648 2.669 2.236 3.599 3.874 2.626 4.980 0.615 1.549 1.655 3.807 1.133 0.000 2.138 2.232 2.579 2.091 1.665 2.330 3.675 2.332 1.476 1.334 2.562 3.750 0.000 1.053 0.619 3.366 3.055 2.864 3.740 1.796 3.868 2.692 2.709 2.329 3.868 2.693 4.317 2.151 2.290 3.460 3.342 3.717 3.217 3.458 4.849 3.155 2.050 2.984 0.014 0.000 1.896 5.273
3.402 1.500 0.049 0.853 2.609 1.529 3.048 1.471 1.209 2.764 2.729 2.426 0.732 2.473 1.342 0.795 3.034 2.001 0.863 3.504 2.288 0.000 4.055 0.000 1.798 3.697 2.092 2.088 5.138 1.644 1.665 2.793 3.108 2.365 2.384 3.504 2.268 2.542 3.356 3.435 1.228 0.000 1.631 2.769 2.500 2.341 0.982 0.728 3.895 3.280 2.956 2.687 1.983 3.525 1.348 3.387 3.185 2.793 1.378 1.366 2.856 2.181 3.827 3.898 3.107 3.069 2.759 2.447 5.326 4.184 2.411 2.430 2.624 2.692 4.109
2.075 1.989 2.865 2.486 2.372 1.474 1.459 0.091 2.805 2.127 1.847 0.953 2.137 2.295 2.013 2.663 5.003 3.622 2.221 2.622 4.035 2.000 1.794 1.621 1.687 3.008 2.296 3.602 0.000 0.601 1.810 2.480 3.864 2.328 2.628 2.776 2.657 2.113 2.825 2.883 0.184 2.207 1.855 2.478 3.704 2.929 2.100 0.598 1.442 2.113 2.632 2.643 2.814 4.196 4.460 4.453 2.833 1.111 3.356 2.487 2.964 2.611 2.454 3.426 1.509 1.875 2.729 2.075 3.284 3.664 3.790 2.452 3.577 4.035 3.368
1.337 1.695 1.730 2.881 3.073 1.480 2.754 1.856 2.484 2.621 2.259 3.239 2.523 1.453 1.889 2.697 1.287 2.557 2.673 3.467 1.753 1.561 4.131 3.373 2.563 2.902 2.740 1.113 1.460 0.000 2.218 2.340 1.728 0.050 1.456 2.711 1.011 0.000 2.916 2.945 1.730 0.212 1.461 3.338 2.286 2.003 2.367 1.844 1.907 2.549 1.481 1.754 1.065 2.873 3.826 3.677 2.657 3.730 3.661 3.073 2.987 2.791 1.649 2.333 1.289 2.605 2.568 3.327 3.133 4.045 5.260 1.958 3.537 4.546 3.491
2.507 1.909 1.979 1.227 2.666 1.055 3.252 0.937 2.145 1.973 1.479 3.942 2.927 2.820 1.962 1.725 3.392 0.519 2.597 2.192 3.793 2.866 3.585 2.545 3.002 0.715 3.827 1.743 1.634 1.358 1.032 1.637 1.325 2.349 1.639 2.349 1.940 1.906 2.590 1.618 0.680 0.000 2.674 2.641 1.201 2.037 1.930 1.738 3.159 3.381 0.967 1.077 1.274 1.852 2.754 2.993 3.129 4.022 0.408 3.885 2.317 1.826 2.640 2.362 2.845 3.342 2.657 2.212 1.764 2.424 3.813 4.136 4.829 5.627 4.293
2.563 1.735 2.559 2.165 3.382 2.611 1.206 0.874 3.245 3.240 2.209 2.438 1.420 1.185 0.316 1.967 0.874 3.230 1.903 1.214 1.704 2.523 3.294 3.904 2.747 1.782 0.850 3.530 2.491 0.474 2.563 0.000 0.000 1.900 2.178 0.902 1.953 2.015 2.066 0.864 1.527 0.559 3.296 1.410 0.937 2.160 2.023 1.249 2.614 2.517 2.458 1.765 1.841 1.287 4.390 4.339 2.119 1.283 1.473 3.144 3.198 0.380 1.136 0.961 3.420 2.694 2.990 2.689 0.136 1.285 2.740 2.437 5.403 4.408 2.206
3.686 0.705 1.679 4.347 3.803 1.945 1.098 0.027 2.652 2.442 2.080 2.697 0.595 1.479 0.671 2.421 3.909 2.608 2.780 1.023 1.134 2.873 1.778 0.979 1.596 1.731 1.506 1.219 1.524 2.057 0.455 1.099 1.976 1.475 2.047 2.255 2.297 2.476 0.795 1.678 1.567 1.356 2.052 0.027 2.238 1.061 1.917 1.213 2.463 1.240 1.389 2.086 2.243 1.892 4.923 3.011 3.022 2.622 2.896 3.543 3.173 2.802 2.880 3.002 4.179 2.181 1.471 2.535 2.222 1.676 1.988 4.309 4.155 4.186 4.140
1.147 1.163 2.317 2.730 3.603 0.893 0.374 2.584 2.726 2.924 1.193 1.413 3.945 3.103 1.485 2.856 1.732 3.291 2.491 1.218 1.001 1.812 1.806 2.253 1.167 1.048 3.040 1.870 2.446 0.173 1.971 2.569 2.283 0.000 0.714 1.971 1.880 2.084 2.441 2.291 3.023 2.160 1.670 2.178 2.197 1.143 1.090 1.876 1.036 0.356 2.166 1.970 2.284 2.609 2.401 2.392 2.159 0.728 3.055 1.801 1.346 2.531 2.388 3.594 3.581 3.205 2.770 3.252 2.426 1.673 2.735 2.852 2.854 2.934 4.094
3.492 1.466 3.968 2.556 2.632 1.546 1.622 1.432 3.828 1.335 1.906 0.994 2.429 2.587 2.068 1.620 2.013 2.816 2.042 2.230 2.159 1.512 0.409 0.649 3.045 2.133 2.643 1.964 1.054 1.739 2.790 2.510 1.916 0.432 0.000 1.547 0.923 1.998 2.021 1.599 0.351 0.650 2.393 2.713 1.279 0.770 0.761 1.272 2.719 2.453 2.212 1.228 2.549 3.459 2.053 2.683 2.131 2.605 2.502 0.934 2.482 2.714 1.598 2.749 4.504 3.754 3.135 3.163 2.150 2.479 2.692 1.926 2.187 3.428 2.940
1.090 3.174 0.669 1.472 2.963 3.197 2.644 3.130 2.403 3.584 1.905 2.166 2.551 1.343 3.418 2.402 2.241 2.836 1.364 1.585 2.263 2.037 2.621 2.956 1.953 2.911 2.013 1.610 1.849 1.970 3.197 3.309 1.511 1.839 1.463 1.622 0.937 0.394 0.204 1.700 0.478 2.796 3.259 1.670 2.134 1.602 1.706 0.799 1.878 1.042 0.753 1.890 2.615 2.462 2.138 0.430 1.964 3.065 1.558 1.705 2.557 1.464 0.986 3.399 4.122 2.259 3.053 4.996 2.473 3.963 2.868 1.708 2.068 2.373 2.485
1.086 2.836 2.741 2.281 0.381 4.185 4.974 1.213 3.434 2.541 2.939 3.087 2.048 1.729 2.726 3.029 3.408 2.916 1.849 1.028 2.482 1.385 3.028 3.794 2.382 1.699 1.948 2.680 2.989 0.298 1.306 2.641 2.063 1.388 1.099 1.171 0.000 1.716 1.759 1.286 2.421 0.500 1.559 1.591 0.100 2.017 2.168 1.603 1.842 0.702 0.883 2.035 1.668 0.989 2.498 2.684 3.080 1.998 0.654 2.214 0.025 1.489 1.526 2.870 2.192 1.123 3.329 2.798 3.632 4.550 2.467 1.889 2.745 2.246 3.500
1.901 2.326 0.999 2.182 2.409 3.352 2.484 2.797 2.635 1.833 1.008 3.332 3.731 1.707 1.765 2.422 3.730 2.254 2.702 1.488 2.282 3.014 2.895 2.291 0.897 1.988 0.921 1.477 0.496 0.818 1.456 1.588 1.692 1.795 3.181 1.190 1.993 2.054 2.174 1.528 3.245 2.213 1.792 1.722 0.000 1.090 1.189 1.620 2.747 1.903 2.312 1.280 1.751 1.724 3.153 2.928 2.130 2.017 2.076 1.416 1.146 3.062 3.303 1.999 2.721 0.623 3.476 3.220 2.457 3.564 1.644 1.383 1.737 3.225 4.788
2.249 1.736 2.564 2.420 1.660 1.178 3.863 2.353 0.695 0.000 1.982 1.653 1.980 3.252 1.656 0.671 1.749 1.708 0.740 2.442 0.898 1.700 2.846 0.956 2.920 2.550 0.650 1.638 1.533 2.162 2.464 1.718 0.492 2.826 2.118 2.895 2.463 2.611 2.254 0.027 2.379 1.202 2.042 1.568 0.933 2.264 2.238 2.077 3.277 0.867 2.974 2.494 0.754 2.856 2.097 3.112 0.669 1.095 0.754 1.747 2.196 3.400 2.635 2.943 2.715 3.555 4.139 2.587 2.628 2.763 2.603 1.848 4.169 3.346 4.573
1.251 1.211 1.968 3.151 2.785 1.523 0.119 2.193 3.486 1.770 2.117 2.320 1.225 2.360 2.036 1.906 2.501 2.045 0.867 0.432 3.455 2.886 4.286 1.448 0.000 1.799 0.979 1.338 0.606 1.094 0.373 1.525 2.236 1.831 2.392 1.870 2.055 2.494 1.819 0.457 1.346 1.638 1.650 2.219 1.466 2.860 2.646 2.813 3.129 2.506 1.113 2.258 2.809 3.585 2.521 3.003 2.869 2.045 2.890 2.733 3.399 1.808 0.840 1.822 2.935 4.099 4.094 1.388 1.959 2.204 0.910 2.872 3.898 4.999 2.777
2.657 0.518 0.629 0.985 2.624 2.159 1.774 1.138 0.950 1.787 2.195 2.209 2.156 0.083 2.878 2.065 2.093 2.606 1.665 1.194 1.400 3.754 4.344 3.365 1.918 1.701 1.678 1.592 0.000 1.509 0.802 0.039 1.797 2.921 1.494 0.334 1.791 2.189 1.200 2.662 1.737 0.506 2.465 1.699 1.771 1.182 2.029 0.749 1.337 2.282 2.177 2.527 3.288 2.255 1.994 1.616 2.064 2.372 3.297 1.971 3.372 3.144 2.872 4.850 3.497 3.303 3.154 2.840 3.319 3.000 2.190 2.632 3.260 1.314 2.078
3.088 0.956 2.359 0.807 2.089 2.379 1.709 1.615 2.579 2.491 2.319 1.812 1.009 1.281 1.449 2.234 1.354 3.234 0.327 1.798 1.445 1.634 2.266 3.227 1.293 0.253 1.879 0.191 1.200 1.015 1.145 0.842 0.507 1.943 2.684 1.031 1.318 1.577 2.533 1.499 2.555 1.624 1.445 1.814 1.886 0.907 1.529 1.119 1.582 1.843 2.158 1.027 1.616 2.075 1.296 2.859 2.549 3.792 2.263 2.517 2.274 2.478 4.335 3.924 3.011 1.112 0.054 3.028 3.700 2.704 4.286 4.483 1.512 1.255 2.775
2.337 1.103 1.941 2.260 0.508 2.087 1.838 0.764 1.477 2.041 2.107 1.904 2.197 2.376 2.796 2.797 2.343 2.047 1.598 2.187 2.809 0.137 2.071 1.081 1.366 2.455 1.474 1.090 2.281 2.046 2.018 1.658 1.859 1.336 2.310 2.285 0.580 2.681 3.465 1.797 1.414 2.880 2.234 2.657 1.964 1.979 1.766 3.823 2.347 0.770 0.675 2.248 1.642 2.291 0.872 2.839 1.743 3.198 2.521 1.942 1.420 2.343 1.884 4.192 1.872 1.555 1.163 1.955 1.438 2.681 5.386 3.913 3.284 3.083 2.742
1.208 1.582 1.403 2.162 1.065 1.694 1.757 1.833 2.652 1.720 2.292 2.715 2.039 2.719 2.729 0.409 1.766 0.000 2.549 0.761 0.721 2.550 2.381 2.124 1.417 0.830 1.328 1.234 0.683 0.429 2.073 1.971 2.420 1.908 1.234 1.787 0.917 1.655 1.973 0.854 5.149 0.000 0.905 1.935 1.798 1.741 2.918 2.991 2.677 0.241 1.046 2.077 3.055 1.499 2.038 2.422 2.287 3.546 0.592 1.871 2.903 2.071 1.901 4.766 3.084 1.199 0.500 1.890 2.872 3.506 3.885 3.864 3.513 0.000 4.202
0.969 2.747 0.141 1.464 0.557 1.238 1.091 0.000 0.000 1.170 1.303 2.188 3.509 2.190 2.159 2.046 1.827 1.586 0.901 2.638 2.223 1.961 2.230 0.962 1.438 1.609 2.535 2.402 1.431 0.490 2.068 0.987 1.254 2.605 0.892 0.152 3.134 2.437 1.226 1.995 2.633 0.000 1.946 1.905 2.406 3.419 3.478 2.837 1.297 1.098 2.384 3.015 3.370 1.327 1.362 2.635 2.256 0.899 2.201 1.882 3.792 4.623 2.655 3.224 2.443 1.721 2.854 2.320 2.839 2.808 2.886 1.275 3.555 2.682 2.179
1.831 1.574 0.704 0.985 0.923 1.723 1.362 1.318 1.437 1.938 1.313 2.323 2.524 3.146 2.341 1.815 1.275 0.277 2.722 0.631 2.435 3.061 1.064 2.151 0.971 3.230 2.221 2.456 1.750 1.025 1.287 2.019 1.756 1.395 2.047 1.945 0.870 1.607 0.849 3.018 1.451 0.774 1.814 2.532 2.299 2.793 1.715 3.448 0.538 0.595 1.130 1.731 2.606 2.403 3.685 3.340 0.466 0.000 2.604 3.661 3.993 2.909 1.265 2.279 2.050 1.739 1.441 1.467 4.707 2.715 1.117 1.938 2.176 2.877 3.501
1.999 1.962 1.670 2.294 1.689 0.390 1.373 1.728 2.001 1.227 0.660 2.024 2.275 2.937 1.110 0.572 2.692 2.129 0.695 0.000 2.406 2.865 2.799 2.531 0.541 1.908 1.538 2.312 2.497 1.690 1.264 1.581 1.798 1.378 1.240 1.850 1.964 2.956 0.038 1.357 1.478 1.169 2.059 1.444 3.205 1.693 3.026 3.918 2.544 1.270 2.634 2.864 3.815 2.105 2.381 1.429 1.704 1.412 2.494 2.570 2.412 1.301 1.118 0.940 1.527 1.767 2.715 4.198 3.396 1.898 0.255 1.348 1.953 3.128 2.511
