includes/lisflood/oleron/results_R2_t1.56079001071E12/res-0003.wd
ncols         631
nrows         906
xllcorner     364927.146667
yllcorner     6531972.565556
cellsize      20.000000
NODATA_value  -9999.000000
[rows 102 to 135 of 906, columns 539 to 615 of 631]
14.342 14.323 14.306 14.289 14.261 14.205 14.147 14.089 14.030 13.972 13.915 13.858 13.969 14.127 14.288 14.450 14.613 14.775 14.936 15.093 15.249 15.404 15.560 15.681 15.895 16.165 16.343 16.521 16.697 16.873 17.047 17.222 17.397 17.573 17.751 17.930 17.944 17.888 17.831 17.772 17.714 17.656 17.600 17.548 17.533 17.516 17.501 17.483 17.224 16.941 16.658 16.375 16.110 15.870 15.632 15.393 15.153 14.912 14.671 14.450 14.311 14.172 14.032 13.889 13.744 13.600 13.459 13.321 13.172 13.022 12.872 12.750 12.685 12.618 12.581 12.552 12.524
14.327 14.309 14.291 14.260 14.205 14.148 14.090 14.032 13.974 13.917 13.861 13.805 13.870 14.029 14.190 14.350 14.512 14.671 14.831 14.989 15.146 15.302 15.413 15.514 15.697 15.974 16.252 16.530 16.726 16.902 17.077 17.251 17.426 17.602 17.780 17.958 18.002 17.946 17.889 17.831 17.773 17.714 17.680 17.662 17.646 17.631 17.614 17.597 17.355 17.072 16.789 16.505 16.222 15.941 15.689 15.451 15.211 14.971 14.730 14.508 14.369 14.230 14.090 13.948 13.804 13.660 13.506 13.352 13.200 13.050 12.899 12.782 12.718 12.652 12.585 12.533 12.502
14.313 14.294 14.260 14.207 14.151 14.093 14.035 13.976 13.919 13.863 13.808 13.754 13.772 13.932 14.093 14.252 14.411 14.568 14.727 14.884 15.043 15.144 15.246 15.348 15.500 15.776 16.052 16.329 16.605 16.881 17.106 17.281 17.455 17.631 17.808 17.986 18.060 18.005 17.949 17.891 17.833 17.813 17.794 17.777 17.760 17.744 17.727 17.709 17.485 17.203 16.919 16.635 16.353 16.071 15.792 15.511 15.271 15.030 14.789 14.565 14.425 14.286 14.147 14.005 13.852 13.694 13.536 13.382 13.229 13.077 12.926 12.814 12.750 12.684 12.616 12.547 12.480
14.297 14.259 14.205 14.151 14.095 14.038 13.979 13.921 13.864 13.808 13.754 13.701 13.672 13.835 13.996 14.154 14.311 14.466 14.622 14.770 14.871 14.974 15.078 15.181 15.302 15.578 15.852 16.128 16.403 16.679 16.954 17.230 17.485 17.661 17.838 18.016 18.119 18.065 18.008 17.969 17.950 17.930 17.911 17.892 17.875 17.858 17.839 17.821 17.615 17.332 17.048 16.765 16.483 16.203 15.923 15.643 15.362 15.090 14.849 14.623 14.483 14.343 14.192 14.037 13.880 13.723 13.566 13.411 13.258 13.105 12.953 12.845 12.780 12.714 12.645 12.576 12.506
14.257 14.202 14.149 14.095 14.040 13.984 13.926 13.868 13.811 13.755 13.700 13.648 13.597 13.735 13.896 14.054 14.209 14.363 14.498 14.598 14.700 14.803 14.908 15.012 15.114 15.377 15.651 15.925 16.201 16.476 16.752 17.027 17.303 17.579 17.856 18.044 18.177 18.124 18.104 18.086 18.067 18.048 18.028 18.010 17.990 17.971 17.952 17.932 17.745 17.461 17.178 16.895 16.615 16.334 16.054 15.775 15.494 15.212 14.929 14.681 14.529 14.375 14.220 14.066 13.910 13.753 13.597 13.442 13.288 13.134 12.981 12.876 12.811 12.743 12.675 12.605 12.536
14.193 14.144 14.091 14.040 13.986 13.930 13.873 13.815 13.758 13.702 13.647 13.594 13.542 13.631 13.792 13.950 14.106 14.229 14.327 14.426 14.528 14.632 14.736 14.840 14.943 15.175 15.448 15.722 15.998 16.274 16.550 16.825 17.101 17.377 17.654 17.932 18.213 18.235 18.219 18.201 18.183 18.164 18.146 18.126 18.107 18.087 18.065 18.044 17.875 17.592 17.309 17.028 16.747 16.467 16.188 15.908 15.627 15.345 15.060 14.779 14.560 14.404 14.250 14.095 13.940 13.784 13.628 13.473 13.319 13.165 13.010 12.909 12.842 12.774 12.706 12.638 12.570
14.128 14.087 14.034 13.984 13.930 13.876 13.819 13.764 13.707 13.650 13.594 13.539 13.485 13.525 13.685 13.843 13.959 14.057 14.156 14.256 14.357 14.460 14.564 14.668 14.770 14.971 15.245 15.519 15.796 16.072 16.348 16.624 16.900 17.175 17.452 17.759 18.082 18.196 18.294 18.316 18.298 18.281 18.262 18.243 18.223 18.202 18.180 18.157 18.007 17.723 17.441 17.161 16.880 16.601 16.321 16.040 15.759 15.471 15.183 14.904 14.684 14.464 14.279 14.124 13.969 13.814 13.659 13.504 13.350 13.195 13.040 12.942 12.875 12.807 12.740 12.674 12.608
14.064 14.030 13.979 13.927 13.874 13.819 13.763 13.708 13.653 13.597 13.540 13.483 13.427 13.417 13.577 13.684 13.786 13.887 13.988 14.089 14.190 14.291 14.393 14.496 14.598 14.767 15.042 15.317 15.594 15.871 16.147 16.423 16.698 16.974 17.291 17.613 17.935 18.079 18.177 18.275 18.372 18.394 18.377 18.358 18.338 18.317 18.294 18.272 18.139 17.856 17.575 17.295 17.016 16.735 16.454 16.169 15.882 15.594 15.308 15.028 14.807 14.587 14.369 14.153 13.999 13.845 13.690 13.535 13.380 13.225 13.069 12.976 12.909 12.842 12.776 12.711 12.647
14.002 13.977 13.924 13.871 13.816 13.761 13.705 13.651 13.597 13.541 13.484 13.426 13.369 13.312 13.407 13.510 13.614 13.718 13.821 13.922 14.022 14.122 14.223 14.324 14.425 14.564 14.839 15.115 15.391 15.670 15.947 16.223 16.509 16.828 17.147 17.467 17.788 17.961 18.059 18.157 18.256 18.352 18.450 18.471 18.450 18.430 18.408 18.385 18.272 17.990 17.709 17.430 17.150 16.868 16.581 16.294 16.006 15.718 15.431 15.151 14.931 14.712 14.492 14.273 14.055 13.875 13.721 13.565 13.410 13.253 13.097 13.010 12.943 12.878 12.812 12.748 12.683
13.941 13.915 13.870 13.815 13.759 13.703 13.648 13.594 13.540 13.484 13.427 13.369 13.308 13.230 13.273 13.356 13.444 13.550 13.654 13.756 13.856 13.954 14.053 14.153 14.253 14.361 14.636 14.913 15.190 15.469 15.747 16.047 16.366 16.684 17.003 17.322 17.643 17.845 17.942 18.039 18.137 18.234 18.332 18.427 18.522 18.542 18.520 18.498 18.405 18.123 17.844 17.563 17.279 16.993 16.705 16.417 16.129 15.841 15.554 15.275 15.055 14.835 14.615 14.397 14.179 13.961 13.750 13.595 13.438 13.281 13.125 13.043 12.978 12.913 12.848 12.782 12.717
13.879 13.854 13.816 13.759 13.702 13.645 13.590 13.537 13.483 13.428 13.370 13.306 13.227 13.149 13.159 13.242 13.327 13.412 13.496 13.589 13.689 13.786 13.884 13.982 14.082 14.182 14.434 14.711 14.989 15.268 15.581 15.904 16.223 16.542 16.860 17.178 17.497 17.728 17.825 17.922 18.019 18.115 18.212 18.309 18.404 18.498 18.591 18.611 18.537 18.257 17.971 17.687 17.402 17.117 16.829 16.542 16.253 15.966 15.679 15.399 15.179 14.958 14.738 14.520 14.303 14.085 13.867 13.646 13.467 13.310 13.154 13.078 13.013 12.948 12.881 12.809 12.729
13.816 13.792 13.762 13.704 13.646 13.589 13.534 13.481 13.428 13.372 13.307 13.226 13.146 13.070 13.045 13.129 13.214 13.298 13.382 13.464 13.542 13.618 13.714 13.812 13.911 14.012 14.232 14.509 14.792 15.114 15.437 15.759 16.080 16.399 16.717 17.035 17.353 17.614 17.710 17.805 17.902 17.998 18.095 18.191 18.285 18.380 18.475 18.569 18.650 18.380 18.095 17.811 17.526 17.240 16.953 16.665 16.377 16.090 15.803 15.524 15.303 15.082 14.862 14.644 14.427 14.211 13.992 13.771 13.548 13.340 13.184 13.113 13.049 12.972 12.892 12.809 12.727
13.752 13.728 13.703 13.650 13.591 13.533 13.479 13.426 13.372 13.308 13.227 13.146 13.067 12.991 12.932 13.015 13.099 13.182 13.266 13.347 13.426 13.503 13.580 13.656 13.742 13.842 14.031 14.325 14.646 14.969 15.292 15.616 15.937 16.256 16.574 16.891 17.209 17.498 17.594 17.690 17.786 17.882 17.977 18.073 18.169 18.264 18.358 18.526 18.677 18.446 18.217 17.932 17.648 17.362 17.075 16.787 16.500 16.213 15.928 15.648 15.427 15.206 14.986 14.767 14.551 14.335 14.117 13.896 13.674 13.452 13.221 13.134 13.057 12.978 12.896 12.812 12.728
13.688 13.665 13.640 13.595 13.536 13.478 13.422 13.369 13.306 13.228 13.147 13.067 12.988 12.911 12.836 12.900 12.982 13.065 13.147 13.229 13.309 13.388 13.465 13.543 13.620 13.698 13.861 14.180 14.501 14.824 15.148 15.471 15.793 16.112 16.431 16.748 17.065 17.383 17.479 17.575 17.670 17.766 17.862 17.958 18.053 18.178 18.350 18.523 18.696 18.473 18.244 18.014 17.770 17.485 17.198 16.911 16.624 16.337 16.051 15.771 15.552 15.330 15.109 14.891 14.674 14.458 14.240 14.021 13.784 13.521 13.271 13.156 13.064 12.985 12.902 12.817 12.733
13.622 13.601 13.577 13.541 13.481 13.421 13.364 13.299 13.224 13.147 13.068 12.988 12.909 12.831 12.755 12.783 12.865 12.947 13.029 13.110 13.191 13.271 13.350 13.428 13.506 13.606 13.739 14.049 14.361 14.677 15.001 15.325 15.647 15.967 16.285 16.602 16.919 17.237 17.363 17.459 17.555 17.652 17.747 17.844 18.002 18.175 18.348 18.520 18.692 18.499 18.269 18.040 17.811 17.583 17.320 17.033 16.746 16.460 16.174 15.895 15.675 15.453 15.232 15.013 14.795 14.579 14.344 14.083 13.821 13.559 13.323 13.207 13.092 12.989 12.907 12.822 12.739
13.558 13.537 13.514 13.487 13.426 13.364 13.292 13.215 13.140 13.065 12.988 12.910 12.830 12.752 12.674 12.666 12.747 12.829 12.911 12.993 13.074 13.155 13.234 13.314 13.418 13.522 13.626 13.927 14.237 14.549 14.862 15.176 15.498 15.818 16.138 16.456 16.773 17.092 17.248 17.343 17.439 17.536 17.650 17.825 17.999 18.173 18.346 18.517 18.689 18.527 18.296 18.067 17.838 17.608 17.379 17.148 16.869 16.583 16.297 16.018 15.798 15.576 15.355 15.135 14.894 14.637 14.378 14.119 13.857 13.595 13.372 13.256 13.140 13.021 12.909 12.826 12.744
13.496 13.473 13.451 13.424 13.371 13.293 13.210 13.132 13.058 12.984 12.909 12.831 12.752 12.672 12.594 12.550 12.631 12.713 12.795 12.877 12.958 13.039 13.125 13.230 13.334 13.438 13.542 13.804 14.114 14.426 14.738 15.049 15.360 15.671 15.989 16.307 16.626 16.944 17.130 17.226 17.323 17.470 17.646 17.821 17.995 18.170 18.342 18.514 18.686 18.554 18.324 18.094 17.865 17.636 17.405 17.174 16.944 16.705 16.419 16.140 15.921 15.700 15.453 15.190 14.929 14.671 14.412 14.154 13.892 13.631 13.420 13.302 13.184 13.065 12.946 12.826 12.746
13.463 13.434 13.404 13.371 13.300 13.214 13.131 13.052 12.977 12.904 12.830 12.753 12.674 12.594 12.515 12.437 12.517 12.599 12.680 12.761 12.843 12.936 13.043 13.148 13.252 13.356 13.460 13.684 13.993 14.302 14.612 14.922 15.233 15.545 15.856 16.166 16.480 16.799 17.014 17.116 17.290 17.465 17.641 17.816 17.991 18.164 18.338 18.510 18.682 18.582 18.352 18.123 17.893 17.664 17.433 17.202 16.969 16.739 16.510 16.263 16.015 15.752 15.489 15.225 14.965 14.705 14.447 14.189 13.928 13.666 13.467 13.347 13.227 13.108 12.988 12.869 12.751
13.429 13.399 13.370 13.310 13.227 13.141 13.056 12.975 12.899 12.825 12.751 12.674 12.596 12.517 12.438 12.360 12.405 12.485 12.565 12.646 12.744 12.853 12.961 13.067 13.172 13.276 13.381 13.565 13.873 14.181 14.489 14.797 15.108 15.420 15.732 16.044 16.354 16.663 16.938 17.110 17.284 17.460 17.634 17.810 17.985 18.159 18.333 18.505 18.679 18.610 18.380 18.151 17.922 17.691 17.460 17.228 16.997 16.765 16.549 16.340 16.052 15.788 15.525 15.261 15.000 14.740 14.483 14.225 13.965 13.702 13.515 13.393 13.272 13.151 13.031 12.913 12.796
13.394 13.364 13.311 13.234 13.154 13.070 12.987 12.906 12.827 12.749 12.670 12.593 12.516 12.439 12.361 12.284 12.293 12.371 12.450 12.551 12.660 12.769 12.878 12.986 13.093 13.198 13.302 13.448 13.755 14.061 14.367 14.674 14.984 15.297 15.611 15.924 16.235 16.512 16.773 17.027 17.280 17.454 17.629 17.805 17.979 18.154 18.328 18.502 18.676 18.638 18.409 18.180 17.951 17.720 17.489 17.256 17.028 16.824 16.624 16.413 16.125 15.836 15.560 15.296 15.035 14.775 14.518 14.260 14.001 13.738 13.564 13.442 13.319 13.198 13.078 12.959 12.842
13.359 13.309 13.234 13.157 13.080 12.999 12.918 12.837 12.756 12.675 12.594 12.514 12.435 12.358 12.282 12.206 12.180 12.257 12.360 12.466 12.574 12.684 12.795 12.904 13.012 13.117 13.221 13.329 13.635 13.940 14.246 14.553 14.864 15.178 15.493 15.805 16.076 16.339 16.600 16.852 17.107 17.362 17.618 17.800 17.975 18.149 18.323 18.498 18.672 18.666 18.438 18.209 17.978 17.748 17.516 17.307 17.103 16.900 16.698 16.487 16.199 15.909 15.619 15.332 15.070 14.811 14.553 14.294 14.036 13.774 13.615 13.493 13.371 13.249 13.128 13.009 12.891
13.308 13.232 13.157 13.081 13.005 12.927 12.847 12.766 12.684 12.600 12.517 12.435 12.357 12.280 12.205 12.127 12.069 12.172 12.275 12.381 12.489 12.600 12.710 12.820 12.927 13.032 13.136 13.240 13.513 13.819 14.126 14.435 14.746 15.060 15.370 15.638 15.903 16.165 16.427 16.680 16.934 17.189 17.446 17.702 17.958 18.146 18.320 18.495 18.670 18.695 18.465 18.236 18.006 17.789 17.586 17.382 17.178 16.976 16.773 16.562 16.273 15.984 15.693 15.403 15.114 14.847 14.587 14.330 14.070 13.809 13.665 13.544 13.423 13.302 13.181 13.062 12.943
13.232 13.156 13.081 13.006 12.930 12.854 12.774 12.693 12.610 12.525 12.440 12.358 12.278 12.202 12.127 12.068 12.040 12.117 12.201 12.297 12.406 12.516 12.626 12.734 12.840 12.944 13.048 13.152 13.389 13.697 14.006 14.316 14.629 14.929 15.198 15.465 15.729 15.990 16.251 16.507 16.761 17.018 17.274 17.530 17.785 18.041 18.296 18.492 18.667 18.723 18.493 18.267 18.066 17.863 17.660 17.456 17.254 17.050 16.849 16.637 16.349 16.059 15.769 15.479 15.190 14.902 14.623 14.364 14.104 13.844 13.713 13.593 13.473 13.353 13.233 13.114 12.995
13.156 13.082 13.007 12.932 12.855 12.778 12.699 12.618 12.535 12.451 12.366 12.283 12.203 12.125 12.075 12.050 12.023 12.081 12.167 12.255 12.344 12.435 12.543 12.649 12.753 12.856 12.960 13.065 13.266 13.577 13.887 14.199 14.488 14.757 15.025 15.291 15.553 15.814 16.075 16.333 16.588 16.845 17.103 17.359 17.614 17.869 18.124 18.380 18.636 18.749 18.544 18.342 18.139 17.936 17.733 17.530 17.328 17.125 16.924 16.712 16.424 16.135 15.846 15.556 15.267 14.978 14.689 14.402 14.138 13.879 13.760 13.641 13.521 13.401 13.279 13.158 13.038
13.082 13.008 12.934 12.858 12.780 12.702 12.622 12.542 12.461 12.379 12.296 12.213 12.131 12.085 12.059 12.033 12.008 12.046 12.135 12.224 12.314 12.403 12.490 12.576 12.669 12.771 12.875 12.982 13.146 13.458 13.770 14.048 14.315 14.584 14.851 15.115 15.376 15.636 15.898 16.158 16.416 16.674 16.932 17.189 17.444 17.698 17.952 18.207 18.471 18.712 18.603 18.416 18.213 18.010 17.806 17.603 17.401 17.200 16.998 16.787 16.499 16.210 15.921 15.633 15.343 15.054 14.765 14.476 14.188 13.926 13.806 13.683 13.561 13.439 13.318 13.198 13.078
13.008 12.935 12.860 12.784 12.705 12.626 12.546 12.466 12.388 12.309 12.229 12.147 12.106 12.074 12.044 12.018 11.993 12.013 12.103 12.194 12.283 12.371 12.457 12.542 12.626 12.710 12.797 12.903 13.029 13.341 13.608 13.875 14.142 14.409 14.675 14.938 15.199 15.460 15.722 15.986 16.245 16.504 16.762 17.018 17.272 17.525 17.778 18.055 18.348 18.624 18.515 18.406 18.287 18.083 17.880 17.676 17.475 17.274 17.073 16.862 16.574 16.286 15.997 15.708 15.419 15.129 14.840 14.551 14.262 13.998 13.845 13.723 13.600 13.478 13.357 13.238 13.117
12.936 12.862 12.786 12.709 12.630 12.550 12.471 12.392 12.315 12.238 12.161 12.132 12.099 12.064 12.031 12.003 11.979 11.979 12.071 12.162 12.250 12.337 12.423 12.507 12.593 12.680 12.767 12.856 12.935 13.171 13.435 13.700 13.966 14.233 14.499 14.763 15.024 15.285 15.549 15.816 16.075 16.333 16.591 16.847 17.100 17.352 17.641 17.932 18.226 18.519 18.428 18.319 18.210 18.098 17.955 17.751 17.549 17.348 17.148 16.937 16.650 16.361 16.072 15.784 15.494 15.204 14.916 14.628 14.340 14.089 13.922 13.766 13.642 13.519 13.398 13.278 13.157
12.864 12.788 12.711 12.633 12.555 12.476 12.398 12.319 12.242 12.174 12.150 12.123 12.090 12.054 12.019 11.990 11.965 11.944 12.037 12.127 12.215 12.302 12.387 12.473 12.560 12.649 12.738 12.805 12.841 13.023 13.274 13.527 13.790 14.057 14.323 14.588 14.851 15.114 15.378 15.645 15.905 16.164 16.421 16.675 16.937 17.227 17.518 17.809 18.103 18.398 18.342 18.233 18.123 18.013 17.902 17.791 17.624 17.423 17.223 17.013 16.726 16.437 16.149 15.859 15.570 15.282 14.994 14.706 14.418 14.181 14.015 13.848 13.686 13.563 13.440 13.319 13.197
12.789 12.711 12.633 12.556 12.480 12.403 12.325 12.246 12.183 12.159 12.136 12.110 12.079 12.043 12.008 11.977 11.952 11.929 12.000 12.090 12.178 12.265 12.351 12.438 12.526 12.616 12.670 12.708 12.744 12.876 13.126 13.378 13.634 13.891 14.150 14.416 14.680 14.944 15.209 15.476 15.736 15.993 16.249 16.524 16.815 17.105 17.396 17.688 17.981 18.276 18.256 18.148 18.039 17.928 17.816 17.705 17.596 17.488 17.299 17.088 16.802 16.515 16.226 15.937 15.647 15.358 15.071 14.784 14.498 14.273 14.107 13.940 13.770 13.605 13.482 13.360 13.238
12.711 12.631 12.552 12.476 12.402 12.328 12.252 12.198 12.168 12.143 12.119 12.094 12.066 12.032 11.998 11.966 11.939 11.913 11.960 12.050 12.138 12.227 12.315 12.403 12.491 12.532 12.571 12.608 12.643 12.727 12.978 13.231 13.487 13.746 14.004 14.262 14.517 14.774 15.039 15.304 15.564 15.819 16.109 16.400 16.691 16.983 17.274 17.567 17.861 18.155 18.172 18.064 17.954 17.843 17.731 17.619 17.510 17.401 17.295 17.165 16.879 16.592 16.304 16.014 15.725 15.436 15.148 14.861 14.575 14.363 14.198 14.030 13.859 13.690 13.523 13.400 13.280
12.634 12.552 12.472 12.396 12.323 12.251 12.210 12.191 12.158 12.127 12.101 12.078 12.051 12.021 11.989 11.957 11.926 11.897 11.920 12.008 12.098 12.189 12.280 12.358 12.395 12.432 12.469 12.505 12.541 12.578 12.830 13.085 13.342 13.600 13.860 14.117 14.373 14.627 14.880 15.133 15.397 15.689 15.982 16.275 16.566 16.859 17.152 17.445 17.740 18.034 18.086 17.977 17.868 17.757 17.645 17.532 17.422 17.314 17.246 17.167 16.938 16.668 16.381 16.091 15.800 15.511 15.223 14.937 14.651 14.452 14.286 14.117 13.946 13.776 13.609 13.445 13.321
12.558 12.475 12.395 12.319 12.246 12.215 12.200 12.181 12.149 12.118 12.090 12.064 12.037 12.009 11.979 11.947 11.914 11.881 11.880 11.968 12.059 12.152 12.221 12.261 12.297 12.332 12.367 12.403 12.439 12.475 12.684 12.940 13.197 13.455 13.713 13.970 14.226 14.479 14.731 14.985 15.256 15.555 15.853 16.147 16.442 16.735 17.029 17.323 17.618 17.913 17.999 17.890 17.780 17.668 17.556 17.444 17.357 17.297 17.238 17.161 16.931 16.701 16.455 16.165 15.875 15.586 15.298 15.011 14.725 14.539 14.372 14.203 14.031 13.862 13.695 13.531 13.370
12.486 12.404 12.324 12.246 12.221 12.206 12.189 12.171 12.141 12.110 12.083 12.057 12.030 12.001 11.969 11.936 11.902 11.867 11.843 11.931 12.023 12.081 12.125 12.164 12.199 12.233 12.267 12.303 12.339 12.377 12.538 12.795 13.051 13.308 13.565 13.821 14.075 14.329 14.580 14.848 15.116 15.409 15.710 16.013 16.315 16.612 16.907 17.202 17.495 17.790 17.911 17.802 17.690 17.579 17.474 17.411 17.349 17.290 17.232 17.154 16.925 16.693 16.461 16.227 15.948 15.659 15.371 15.086 14.801 14.626 14.459 14.290 14.118 13.949 13.782 13.619 13.457
12.416 12.336 12.256 12.234 12.216 12.198 12.179 12.160 12.134 12.104 12.077 12.051 12.023 11.994 11.963 11.928 11.891 11.855 11.822 11.898 11.941 11.986 12.029 12.067 12.102 12.135 12.169 12.205 12.241 12.278 12.392 12.647 12.903 13.159 13.414 13.670 13.924 14.177 14.444 14.712 14.981 15.267 15.568 15.871 16.175 16.479 16.781 17.079 17.373 17.666 17.821 17.711 17.600 17.528 17.465 17.403 17.342 17.283 17.226 17.150 16.919 16.687 16.454 16.219 15.985 15.733 15.447 15.160 14.879 14.714 14.547 14.378 14.207 14.038 13.871 13.695 13.518
