includes/lisflood/oleron/results_R2_t1.56079001071E12/res-0003.wd
ncols         631
nrows         906
xllcorner     364927.146667
yllcorner     6531972.565556
cellsize      20.000000
NODATA_value  -9999.000000
[rows 510 to 543 of 906, columns 77 to 153 of 631]
9.112 9.062 9.012 8.962 8.911 8.861 8.811 8.761 8.711 8.661 8.611 8.561 8.511 8.461 8.411 8.361 8.311 8.260 8.210 8.160 8.110 8.060 8.010 7.960 7.910 7.860 7.810 7.760 7.710 7.659 7.609 7.559 7.511 7.478 7.444 7.411 7.375 7.328 7.281 7.234 7.187 7.141 7.107 7.083 7.059 7.035 7.011 6.988 6.964 6.940 6.916 6.892 6.868 6.844 6.821 6.797 6.773 6.749 6.725 6.701 6.678 6.654 6.630 6.606 6.582 6.558 6.534 6.511 6.487 6.463 6.439 6.415 6.391 6.367 6.344 6.320 6.284
9.152 9.101 9.052 9.001 8.951 8.901 8.851 8.801 8.751 8.701 8.651 8.601 8.551 8.501 8.451 8.401 8.350 8.300 8.250 8.200 8.150 8.100 8.050 8.000 7.950 7.900 7.850 7.799 7.749 7.699 7.649 7.599 7.549 7.499 7.466 7.432 7.393 7.346 7.299 7.252 7.223 7.200 7.176 7.152 7.128 7.104 7.080 7.056 7.033 7.009 6.985 6.961 6.937 6.913 6.890 6.866 6.842 6.818 6.794 6.770 6.746 6.723 6.699 6.675 6.651 6.627 6.603 6.579 6.556 6.532 6.508 6.484 6.460 6.436 6.413 6.389 6.351
9.192 9.141 9.091 9.041 8.991 8.941 8.891 8.841 8.791 8.741 8.691 8.641 8.591 8.541 8.490 8.440 8.390 8.340 8.290 8.240 8.190 8.140 8.090 8.040 7.990 7.939 7.890 7.839 7.789 7.739 7.689 7.639 7.589 7.539 7.489 7.454 7.411 7.364 7.340 7.316 7.292 7.268 7.244 7.221 7.197 7.173 7.149 7.125 7.101 7.078 7.054 7.030 7.006 6.982 6.958 6.934 6.911 6.887 6.863 6.839 6.815 6.791 6.767 6.744 6.720 6.696 6.672 6.648 6.624 6.600 6.577 6.553 6.529 6.505 6.481 6.457 6.419
9.231 9.181 9.131 9.081 9.031 8.981 8.931 8.881 8.831 8.781 8.731 8.681 8.630 8.580 8.530 8.480 8.430 8.380 8.330 8.280 8.230 8.180 8.130 8.080 8.029 7.979 7.929 7.879 7.829 7.779 7.729 7.679 7.629 7.579 7.529 7.478 7.456 7.433 7.409 7.385 7.361 7.337 7.313 7.290 7.266 7.242 7.218 7.194 7.170 7.146 7.122 7.099 7.075 7.051 7.027 7.003 6.979 6.956 6.932 6.908 6.884 6.860 6.836 6.812 6.789 6.765 6.741 6.717 6.693 6.669 6.645 6.622 6.598 6.574 6.550 6.525 6.487
9.271 9.221 9.171 9.121 9.071 9.021 8.971 8.921 8.871 8.820 8.770 8.720 8.670 8.620 8.570 8.520 8.470 8.420 8.370 8.320 8.270 8.220 8.169 8.119 8.069 8.019 7.969 7.919 7.869 7.819 7.769 7.719 7.668 7.614 7.561 7.510 7.507 7.501 7.477 7.454 7.430 7.406 7.382 7.358 7.334 7.311 7.287 7.263 7.239 7.215 7.191 7.167 7.144 7.120 7.096 7.072 7.048 7.024 7.001 6.977 6.953 6.929 6.905 6.881 6.857 6.834 6.810 6.786 6.762 6.738 6.714 6.690 6.667 6.643 6.619 6.592 6.554
9.311 9.261 9.211 9.161 9.111 9.061 9.011 8.960 8.910 8.860 8.810 8.760 8.710 8.660 8.610 8.560 8.510 8.460 8.410 8.360 8.309 8.259 8.209 8.159 8.109 8.059 8.009 7.959 7.909 7.857 7.804 7.751 7.697 7.644 7.591 7.546 7.543 7.540 7.536 7.523 7.499 7.475 7.451 7.427 7.403 7.379 7.355 7.332 7.308 7.284 7.260 7.236 7.212 7.189 7.165 7.141 7.117 7.093 7.069 7.045 7.022 6.998 6.974 6.950 6.926 6.902 6.879 6.855 6.831 6.807 6.783 6.759 6.735 6.712 6.688 6.660 6.622
9.351 9.301 9.251 9.201 9.151 9.101 9.050 9.000 8.950 8.900 8.850 8.800 8.750 8.700 8.650 8.600 8.550 8.500 8.450 8.399 8.349 8.299 8.249 8.199 8.149 8.099 8.047 7.994 7.941 7.887 7.834 7.781 7.727 7.674 7.621 7.582 7.579 7.575 7.572 7.569 7.566 7.544 7.520 7.496 7.472 7.448 7.424 7.400 7.377 7.353 7.329 7.305 7.281 7.257 7.233 7.210 7.186 7.162 7.138 7.114 7.090 7.067 7.043 7.019 6.995 6.971 6.947 6.923 6.900 6.876 6.852 6.828 6.804 6.780 6.756 6.727 6.689
9.391 9.341 9.291 9.240 9.190 9.140 9.090 9.040 8.990 8.940 8.890 8.840 8.790 8.740 8.690 8.640 8.590 8.539 8.489 8.439 8.389 8.339 8.289 8.237 8.184 8.130 8.077 8.024 7.970 7.917 7.864 7.811 7.757 7.704 7.651 7.618 7.614 7.611 7.608 7.605 7.601 7.598 7.588 7.565 7.541 7.517 7.493 7.469 7.445 7.422 7.398 7.374 7.350 7.326 7.302 7.278 7.255 7.231 7.207 7.183 7.159 7.135 7.112 7.088 7.064 7.040 7.016 6.992 6.968 6.944 6.921 6.897 6.873 6.849 6.825 6.795 6.757
9.431 9.381 9.330 9.280 9.230 9.180 9.130 9.080 9.030 8.980 8.930 8.880 8.830 8.780 8.729 8.679 8.629 8.579 8.529 8.479 8.427 8.373 8.320 8.267 8.214 8.160 8.107 8.054 8.000 7.947 7.894 7.841 7.787 7.734 7.681 7.653 7.650 7.647 7.644 7.640 7.637 7.634 7.631 7.627 7.610 7.586 7.562 7.538 7.514 7.490 7.466 7.443 7.419 7.395 7.371 7.347 7.323 7.299 7.276 7.252 7.228 7.204 7.180 7.156 7.133 7.109 7.085 7.061 7.037 7.013 6.990 6.966 6.942 6.918 6.894 6.862 6.824
9.471 9.420 9.370 9.320 9.270 9.220 9.170 9.120 9.070 9.020 8.970 8.920 8.869 8.820 8.769 8.719 8.669 8.617 8.563 8.510 8.457 8.403 8.350 8.297 8.243 8.190 8.137 8.084 8.030 7.977 7.924 7.870 7.817 7.764 7.710 7.689 7.686 7.683 7.679 7.676 7.673 7.670 7.666 7.663 7.660 7.655 7.631 7.607 7.583 7.559 7.535 7.511 7.488 7.464 7.440 7.416 7.392 7.368 7.344 7.321 7.297 7.273 7.249 7.225 7.201 7.178 7.154 7.130 7.106 7.082 7.058 7.034 7.011 6.987 6.963 6.930 6.892
9.510 9.460 9.410 9.360 9.310 9.260 9.210 9.160 9.110 9.060 9.010 8.959 8.909 8.859 8.806 8.753 8.700 8.647 8.593 8.540 8.487 8.433 8.380 8.327 8.273 8.220 8.167 8.114 8.060 8.007 7.954 7.900 7.847 7.794 7.740 7.725 7.722 7.718 7.715 7.712 7.709 7.705 7.702 7.699 7.696 7.692 7.689 7.676 7.652 7.628 7.604 7.580 7.556 7.532 7.509 7.485 7.461 7.437 7.413 7.389 7.366 7.342 7.318 7.294 7.270 7.246 7.222 7.199 7.175 7.151 7.127 7.103 7.079 7.055 7.032 6.997 6.959
9.550 9.500 9.450 9.400 9.350 9.300 9.250 9.200 9.150 9.100 9.049 8.996 8.943 8.890 8.836 8.783 8.730 8.676 8.623 8.570 8.517 8.463 8.410 8.357 8.303 8.250 8.197 8.144 8.090 8.037 7.984 7.930 7.877 7.824 7.770 7.761 7.757 7.754 7.751 7.748 7.744 7.741 7.738 7.735 7.731 7.728 7.725 7.722 7.718 7.697 7.673 7.649 7.625 7.601 7.578 7.554 7.530 7.506 7.482 7.458 7.434 7.410 7.387 7.363 7.339 7.315 7.291 7.267 7.244 7.220 7.196 7.172 7.148 7.124 7.100 7.065 7.027
9.590 9.540 9.490 9.440 9.390 9.340 9.290 9.240 9.186 9.133 9.080 9.026 8.973 8.920 8.866 8.813 8.760 8.706 8.653 8.600 8.547 8.493 8.440 8.387 8.333 8.280 8.227 8.173 8.120 8.067 8.014 7.960 7.907 7.854 7.800 7.796 7.793 7.790 7.787 7.783 7.780 7.777 7.774 7.770 7.767 7.764 7.761 7.757 7.754 7.751 7.742 7.718 7.694 7.670 7.646 7.622 7.599 7.575 7.551 7.527 7.503 7.479 7.456 7.432 7.408 7.384 7.360 7.336 7.312 7.288 7.265 7.241 7.217 7.193 7.169 7.132 7.094
9.630 9.580 9.530 9.480 9.429 9.376 9.323 9.269 9.216 9.163 9.110 9.056 9.003 8.950 8.896 8.843 8.790 8.736 8.683 8.630 8.577 8.523 8.470 8.417 8.363 8.310 8.257 8.203 8.150 8.097 8.043 7.990 7.937 7.884 7.835 7.832 7.829 7.826 7.822 7.819 7.816 7.813 7.809 7.806 7.803 7.800 7.796 7.793 7.790 7.787 7.783 7.780 7.763 7.739 7.715 7.691 7.667 7.644 7.620 7.596 7.572 7.548 7.524 7.500 7.477 7.453 7.429 7.405 7.381 7.357 7.333 7.310 7.286 7.262 7.238 7.200 7.162
9.670 9.619 9.566 9.513 9.459 9.406 9.353 9.299 9.246 9.193 9.139 9.086 9.033 8.979 8.926 8.873 8.820 8.766 8.713 8.660 8.606 8.553 8.500 8.447 8.393 8.340 8.287 8.233 8.180 8.127 8.073 8.020 7.967 7.914 7.871 7.868 7.865 7.861 7.858 7.855 7.852 7.848 7.845 7.842 7.839 7.835 7.832 7.829 7.826 7.822 7.819 7.816 7.813 7.808 7.784 7.760 7.736 7.712 7.688 7.665 7.641 7.617 7.593 7.569 7.545 7.521 7.498 7.474 7.450 7.426 7.402 7.378 7.355 7.331 7.306 7.267 7.229
9.702 9.649 9.596 9.542 9.489 9.436 9.383 9.329 9.276 9.223 9.169 9.116 9.063 9.009 8.956 8.903 8.850 8.796 8.743 8.690 8.636 8.583 8.530 8.476 8.423 8.370 8.317 8.263 8.210 8.157 8.103 8.050 7.997 7.943 7.907 7.904 7.900 7.897 7.894 7.891 7.887 7.884 7.881 7.878 7.874 7.871 7.868 7.865 7.861 7.858 7.855 7.852 7.848 7.845 7.842 7.829 7.805 7.781 7.757 7.733 7.710 7.686 7.662 7.638 7.614 7.590 7.566 7.543 7.519 7.495 7.471 7.447 7.423 7.399 7.373 7.335 7.297
9.732 9.679 9.626 9.572 9.519 9.466 9.413 9.359 9.306 9.253 9.199 9.146 9.093 9.039 8.986 8.933 8.880 8.826 8.773 8.720 8.666 8.613 8.560 8.506 8.453 8.400 8.346 8.293 8.240 8.187 8.133 8.080 8.027 7.973 7.943 7.939 7.936 7.933 7.930 7.926 7.923 7.920 7.917 7.913 7.910 7.907 7.904 7.900 7.897 7.894 7.891 7.887 7.884 7.881 7.878 7.874 7.871 7.850 7.826 7.802 7.778 7.754 7.731 7.707 7.683 7.659 7.635 7.611 7.588 7.564 7.540 7.516 7.492 7.468 7.441 7.402 7.364
9.762 9.709 9.656 9.602 9.549 9.496 9.442 9.389 9.336 9.282 9.229 9.176 9.123 9.069 9.016 8.963 8.909 8.856 8.803 8.749 8.696 8.643 8.590 8.536 8.483 8.430 8.376 8.323 8.270 8.217 8.163 8.110 8.057 8.003 7.978 7.975 7.972 7.969 7.965 7.962 7.959 7.956 7.952 7.949 7.946 7.943 7.939 7.936 7.933 7.930 7.926 7.923 7.920 7.917 7.913 7.910 7.907 7.904 7.895 7.871 7.847 7.823 7.800 7.776 7.752 7.728 7.704 7.680 7.656 7.633 7.609 7.585 7.561 7.537 7.508 7.470 7.432
9.792 9.739 9.686 9.632 9.579 9.526 9.472 9.419 9.366 9.312 9.259 9.206 9.152 9.099 9.046 8.993 8.939 8.886 8.833 8.779 8.726 8.673 8.619 8.566 8.513 8.460 8.406 8.353 8.300 8.246 8.193 8.140 8.086 8.033 8.014 8.011 8.008 8.004 8.001 7.998 7.995 7.991 7.988 7.985 7.982 7.978 7.975 7.972 7.969 7.965 7.962 7.959 7.956 7.952 7.949 7.946 7.943 7.939 7.936 7.933 7.916 7.892 7.868 7.844 7.821 7.797 7.773 7.749 7.725 7.701 7.678 7.654 7.630 7.606 7.576 7.537 7.499
9.822 9.769 9.715 9.662 9.609 9.556 9.502 9.449 9.396 9.342 9.289 9.236 9.182 9.129 9.076 9.023 8.969 8.916 8.863 8.809 8.756 8.703 8.649 8.596 8.543 8.489 8.436 8.383 8.330 8.276 8.223 8.170 8.116 8.063 8.050 8.047 8.043 8.040 8.037 8.034 8.030 8.027 8.024 8.021 8.017 8.014 8.011 8.008 8.004 8.001 7.998 7.995 7.991 7.988 7.985 7.982 7.978 7.975 7.972 7.969 7.965 7.961 7.937 7.913 7.889 7.866 7.842 7.818 7.794 7.770 7.746 7.722 7.699 7.675 7.643 7.605 7.567
9.852 9.799 9.745 9.692 9.639 9.586 9.532 9.479 9.426 9.372 9.319 9.266 9.212 9.159 9.106 9.053 8.999 8.946 8.893 8.839 8.786 8.733 8.679 8.626 8.573 8.520 8.466 8.413 8.360 8.306 8.253 8.200 8.146 8.093 8.085 8.082 8.079 8.076 8.073 8.069 8.066 8.063 8.060 8.056 8.053 8.050 8.047 8.043 8.040 8.037 8.034 8.030 8.027 8.024 8.021 8.017 8.014 8.011 8.008 8.004 8.001 7.998 7.995 7.982 7.958 7.934 7.910 7.887 7.863 7.839 7.815 7.791 7.767 7.744 7.711 7.672 7.634
9.882 9.829 9.775 9.722 9.669 9.615 9.562 9.509 9.455 9.402 9.349 9.296 9.242 9.189 9.136 9.082 9.029 8.976 8.923 8.869 8.816 8.763 8.709 8.656 8.603 8.549 8.496 8.443 8.390 8.336 8.283 8.230 8.176 8.124 8.121 8.118 8.115 8.112 8.108 8.105 8.102 8.099 8.095 8.092 8.089 8.086 8.082 8.079 8.076 8.073 8.069 8.066 8.063 8.060 8.056 8.053 8.050 8.047 8.043 8.040 8.037 8.034 8.030 8.027 8.024 8.003 7.979 7.955 7.932 7.908 7.884 7.860 7.836 7.812 7.778 7.740 7.702
9.912 9.859 9.805 9.752 9.699 9.645 9.592 9.539 9.486 9.432 9.379 9.326 9.272 9.219 9.166 9.112 9.059 9.006 8.952 8.899 8.846 8.792 8.739 8.686 8.633 8.579 8.526 8.473 8.419 8.366 8.313 8.259 8.206 8.160 8.157 8.154 8.151 8.147 8.144 8.141 8.138 8.134 8.131 8.128 8.125 8.121 8.118 8.115 8.112 8.108 8.105 8.102 8.099 8.095 8.092 8.089 8.086 8.082 8.079 8.076 8.073 8.069 8.066 8.063 8.060 8.056 8.048 8.024 8.000 7.977 7.953 7.929 7.905 7.881 7.846 7.807 7.769
9.942 9.889 9.835 9.782 9.729 9.675 9.622 9.569 9.515 9.462 9.409 9.355 9.302 9.249 9.196 9.142 9.089 9.036 8.982 8.929 8.876 8.822 8.769 8.716 8.663 8.609 8.556 8.503 8.449 8.396 8.343 8.289 8.236 8.196 8.193 8.190 8.186 8.183 8.180 8.176 8.173 8.170 8.167 8.163 8.160 8.157 8.154 8.151 8.147 8.144 8.141 8.138 8.134 8.131 8.128 8.125 8.121 8.118 8.115 8.112 8.108 8.105 8.102 8.099 8.095 8.092 8.089 8.086 8.069 8.045 8.021 7.998 7.974 7.950 7.913 7.875 7.837
9.972 9.919 9.865 9.812 9.759 9.705 9.652 9.599 9.545 9.492 9.439 9.385 9.332 9.279 9.226 9.172 9.119 9.066 9.012 8.959 8.906 8.852 8.799 8.746 8.692 8.639 8.586 8.533 8.479 8.426 8.373 8.319 8.266 8.232 8.228 8.225 8.222 8.219 8.215 8.212 8.209 8.206 8.202 8.199 8.196 8.193 8.189 8.186 8.183 8.180 8.177 8.173 8.170 8.167 8.164 8.160 8.157 8.154 8.151 8.147 8.144 8.141 8.138 8.134 8.131 8.128 8.125 8.121 8.118 8.114 8.090 8.066 8.043 8.019 7.981 7.943 7.903
10.002 9.948 9.895 9.842 9.788 9.735 9.682 9.629 9.575 9.522 9.469 9.415 9.362 9.309 9.255 9.202 9.149 9.095 9.042 8.989 8.936 8.882 8.829 8.776 8.722 8.669 8.616 8.562 8.509 8.456 8.403 8.349 8.296 8.267 8.264 8.261 8.258 8.255 8.251 8.248 8.245 8.242 8.238 8.235 8.232 8.229 8.225 8.222 8.219 8.216 8.212 8.209 8.206 8.203 8.199 8.196 8.193 8.190 8.186 8.183 8.180 8.177 8.173 8.170 8.167 8.164 8.160 8.157 8.154 8.151 8.147 8.135 8.111 8.086 8.048 8.003 7.946
10.032 9.978 9.925 9.872 9.818 9.765 9.712 9.659 9.605 9.552 9.499 9.445 9.392 9.339 9.285 9.232 9.179 9.126 9.072 9.019 8.966 8.912 8.859 8.806 8.752 8.699 8.646 8.592 8.539 8.486 8.432 8.379 8.326 8.303 8.300 8.297 8.293 8.290 8.287 8.284 8.280 8.277 8.274 8.271 8.267 8.264 8.261 8.258 8.255 8.251 8.248 8.245 8.242 8.238 8.235 8.232 8.229 8.225 8.222 8.219 8.216 8.212 8.209 8.206 8.203 8.199 8.196 8.193 8.190 8.186 8.183 8.180 8.177 8.154 8.103 8.046 7.989
10.062 10.008 9.955 9.902 9.848 9.795 9.742 9.688 9.635 9.582 9.528 9.475 9.422 9.369 9.315 9.262 9.209 9.155 9.102 9.049 8.995 8.942 8.889 8.836 8.782 8.729 8.676 8.622 8.569 8.516 8.462 8.409 8.356 8.339 8.336 8.333 8.329 8.326 8.323 8.319 8.316 8.313 8.310 8.307 8.303 8.300 8.297 8.294 8.290 8.287 8.284 8.280 8.277 8.274 8.271 8.268 8.264 8.261 8.258 8.255 8.251 8.248 8.245 8.242 8.238 8.235 8.232 8.229 8.225 8.222 8.219 8.216 8.212 8.192 8.140 8.088 8.031
10.091 10.038 9.985 9.932 9.878 9.825 9.772 9.718 9.665 9.612 9.558 9.505 9.452 9.398 9.345 9.292 9.239 9.185 9.132 9.079 9.025 8.972 8.919 8.866 8.812 8.759 8.706 8.652 8.599 8.546 8.492 8.439 8.386 8.375 8.371 8.368 8.365 8.362 8.359 8.355 8.352 8.349 8.346 8.342 8.339 8.336 8.333 8.329 8.326 8.323 8.320 8.316 8.313 8.310 8.307 8.303 8.300 8.297 8.294 8.290 8.287 8.284 8.281 8.277 8.274 8.271 8.268 8.264 8.261 8.258 8.255 8.246 8.229 8.211 8.164 8.112 8.059
10.121 10.068 10.015 9.961 9.908 9.855 9.802 9.748 9.695 9.642 9.588 9.535 9.482 9.429 9.375 9.322 9.269 9.215 9.162 9.109 9.055 9.002 8.949 8.895 8.842 8.789 8.735 8.682 8.629 8.576 8.522 8.469 8.416 8.411 8.407 8.404 8.401 8.397 8.394 8.391 8.388 8.385 8.381 8.378 8.375 8.371 8.368 8.365 8.362 8.358 8.355 8.352 8.349 8.345 8.342 8.339 8.336 8.333 8.329 8.326 8.323 8.320 8.316 8.313 8.310 8.307 8.303 8.300 8.297 8.294 8.280 8.263 8.245 8.228 8.188 8.136 8.083
10.151 10.098 10.045 9.991 9.938 9.885 9.831 9.778 9.725 9.672 9.618 9.565 9.512 9.458 9.405 9.352 9.299 9.245 9.192 9.139 9.085 9.032 8.979 8.925 8.872 8.819 8.765 8.712 8.659 8.606 8.552 8.499 8.449 8.446 8.443 8.440 8.436 8.433 8.430 8.427 8.424 8.420 8.417 8.414 8.410 8.407 8.404 8.401 8.397 8.394 8.391 8.388 8.385 8.381 8.378 8.375 8.371 8.368 8.365 8.362 8.359 8.355 8.352 8.349 8.346 8.342 8.339 8.336 8.332 8.314 8.297 8.279 8.262 8.244 8.212 8.160 8.107
10.181 10.128 10.075 10.021 9.968 9.915 9.861 9.808 9.755 9.701 9.648 9.595 9.542 9.488 9.435 9.382 9.328 9.275 9.222 9.169 9.115 9.062 9.009 8.955 8.902 8.849 8.795 8.742 8.689 8.636 8.582 8.529 8.485 8.482 8.479 8.475 8.472 8.469 8.466 8.462 8.459 8.456 8.453 8.449 8.446 8.443 8.440 8.437 8.433 8.430 8.427 8.424 8.420 8.417 8.414 8.411 8.407 8.404 8.401 8.397 8.394 8.391 8.388 8.385 8.381 8.378 8.375 8.366 8.348 8.331 8.313 8.296 8.278 8.260 8.236 8.184 8.131
10.211 10.158 10.105 10.051 9.998 9.945 9.891 9.838 9.785 9.731 9.678 9.625 9.572 9.518 9.465 9.412 9.358 9.305 9.252 9.198 9.145 9.092 9.038 8.985 8.932 8.879 8.825 8.772 8.719 8.665 8.612 8.559 8.521 8.518 8.514 8.511 8.508 8.505 8.502 8.498 8.495 8.492 8.489 8.485 8.482 8.479 8.475 8.472 8.469 8.466 8.463 8.459 8.456 8.453 8.450 8.446 8.443 8.440 8.436 8.433 8.430 8.427 8.424 8.420 8.417 8.414 8.400 8.382 8.365 8.347 8.330 8.312 8.294 8.277 8.259 8.208 8.155
10.238 10.188 10.135 10.081 10.028 9.975 9.921 9.868 9.815 9.761 9.708 9.655 9.601 9.548 9.495 9.442 9.388 9.335 9.282 9.228 9.175 9.122 9.069 9.015 8.962 8.908 8.855 8.802 8.749 8.695 8.642 8.589 8.557 8.553 8.550 8.547 8.544 8.540 8.537 8.534 8.531 8.527 8.524 8.521 8.518 8.515 8.511 8.508 8.505 8.502 8.498 8.495 8.492 8.489 8.485 8.482 8.479 8.476 8.472 8.469 8.466 8.462 8.459 8.456 8.452 8.434 8.416 8.399 8.381 8.364 8.346 8.329 8.311 8.293 8.276 8.232 8.180
