includes/lisflood/oleron/results_R2_t1.56079001071E12/res-0012.wd
ncols         631
nrows         906
xllcorner     364927.146667
yllcorner     6531972.565556
cellsize      20.000000
NODATA_value  -9999.000000
[rows 68 to 101 of 906, columns 231 to 307 of 631]
0.561 0.474 1.041 0.771 0.486 0.983 0.349 0.947 0.472 2.123 0.675 0.831 0.717 0.811 1.028 0.626 0.593 0.959 0.270 0.119 0.000 0.000 0.081 1.937 1.719 1.874 1.523 0.228 0.157 1.021 0.217 0.000 0.000 0.000 0.114 0.000 0.356 0.231 1.732 1.259 1.512 0.361 1.353 1.433 0.246 0.836 0.991 0.975 1.005 0.000 0.954 1.022 0.958 1.085 1.046 1.118 0.996 1.321 1.134 0.977 0.756 1.762 1.879 1.778 1.676 0.525 1.061 0.741 1.328 1.363 1.117 1.847 1.498 1.608 0.678 1.488 1.422
0.461 0.848 1.472 1.809 0.955 0.793 0.534 0.664 0.500 0.984 0.375 0.751 0.728 0.676 0.753 0.928 0.884 0.343 0.633 0.457 0.510 0.021 0.322 1.944 0.336 1.490 1.388 0.987 1.039 0.534 0.172 0.000 0.000 0.000 0.036 0.000 0.117 0.321 1.021 1.270 1.167 0.670 0.813 0.000 1.231 1.193 0.938 1.061 0.054 0.558 0.993 1.214 1.444 1.243 1.148 1.005 1.105 0.753 1.300 1.082 1.040 0.768 0.859 1.734 1.821 1.402 1.883 0.423 0.738 1.473 0.771 1.177 0.812 1.091 0.584 1.478 1.995
1.102 0.872 0.975 1.438 0.910 0.817 0.191 0.615 0.744 0.306 0.845 0.732 0.833 0.586 0.771 0.715 1.046 0.511 1.336 0.165 0.774 0.646 0.619 0.863 1.470 1.641 1.411 1.143 0.260 1.042 0.277 0.000 0.000 0.163 0.000 0.000 0.000 0.000 0.441 1.277 1.420 1.643 0.614 0.851 1.365 1.148 1.244 0.067 1.044 0.848 1.130 1.103 1.485 1.167 1.957 0.854 1.555 1.007 1.248 1.026 0.834 0.996 0.831 0.715 1.663 2.038 1.597 2.077 0.927 0.770 1.360 0.707 0.792 1.311 0.987 1.766 1.487
0.726 0.589 1.140 0.928 1.268 0.007 0.253 0.598 0.696 0.358 2.179 0.392 0.088 0.212 0.210 0.255 0.334 0.341 0.071 1.139 1.378 1.088 0.726 0.595 0.674 0.746 0.782 1.300 0.411 0.092 0.102 0.030 0.000 0.237 0.315 0.000 0.000 0.000 0.000 0.449 1.492 1.298 0.515 0.862 1.030 0.510 0.413 0.878 0.970 0.965 0.881 1.086 0.923 1.726 1.259 1.712 1.191 0.746 0.747 1.126 0.719 0.917 0.964 1.098 1.811 0.630 1.562 1.644 1.715 1.727 0.108 0.522 1.564 1.462 0.787 1.507 1.547
0.802 1.170 0.342 0.642 0.790 0.000 0.000 0.075 0.843 0.889 0.445 0.493 1.311 1.038 1.333 1.269 1.059 1.069 1.191 0.265 1.083 0.622 0.000 0.694 0.444 1.490 1.482 1.078 0.710 0.605 0.465 0.000 0.132 0.113 0.071 0.097 0.092 0.000 0.000 0.259 0.664 1.378 1.150 0.925 0.339 0.697 0.789 1.176 0.654 1.159 0.804 0.648 1.121 0.848 1.117 1.618 1.078 2.041 1.127 0.859 1.084 1.016 0.560 0.974 0.993 0.816 0.539 1.414 1.490 1.656 1.825 1.314 0.124 1.540 0.972 1.291 1.609
1.180 1.097 0.000 1.105 1.022 0.622 0.040 0.000 0.267 0.855 0.362 0.899 0.000 0.001 0.150 0.375 0.351 0.807 1.254 1.225 0.692 0.484 1.683 0.982 0.026 1.447 1.129 1.647 1.258 0.434 0.000 0.026 0.006 0.233 0.000 0.000 0.004 0.000 0.000 0.070 0.142 1.294 1.507 0.376 1.262 0.984 0.968 1.038 0.741 1.216 1.481 1.531 0.258 0.877 1.130 0.802 1.563 0.925 1.972 1.264 1.048 1.214 1.061 0.535 1.035 1.096 0.759 0.845 0.615 1.567 1.948 1.767 1.533 0.335 1.475 1.466 1.507
0.961 0.496 0.774 1.150 1.221 0.970 0.895 0.936 0.748 0.634 0.692 0.327 0.727 0.883 0.492 0.770 1.177 1.963 1.968 1.668 0.852 0.064 0.357 1.426 0.389 1.167 1.256 1.909 1.485 0.148 0.000 0.079 0.387 0.587 0.642 0.009 0.000 0.176 0.443 0.296 0.533 0.577 0.237 0.955 1.399 0.914 1.107 0.768 1.294 0.639 1.126 1.494 1.571 1.351 0.444 1.035 0.835 0.999 1.954 1.229 1.852 1.045 0.900 0.736 0.673 0.554 1.340 1.120 0.785 0.604 1.708 1.698 1.646 1.593 1.803 1.702 1.326
0.690 1.112 1.228 0.723 0.347 0.000 0.000 1.090 0.796 0.968 1.094 1.279 1.749 1.463 1.537 1.543 1.496 1.596 1.272 1.457 1.516 0.770 0.090 0.089 0.000 1.208 2.063 0.817 0.556 0.832 0.145 0.147 0.377 0.689 0.423 0.211 0.175 0.127 0.098 0.365 0.078 0.000 0.000 0.911 0.837 1.038 1.033 0.988 0.870 1.512 0.774 0.923 1.771 1.481 1.245 0.256 0.959 1.037 1.178 1.301 0.967 1.715 0.542 1.057 0.890 0.785 0.303 1.211 1.075 0.754 0.435 0.585 1.719 1.758 1.552 1.706 1.293
0.788 0.763 0.799 0.360 0.290 1.401 1.420 1.257 0.477 0.689 0.754 0.824 0.721 0.987 0.875 0.585 0.667 0.800 0.588 0.307 0.404 0.650 0.582 0.568 0.000 1.126 1.336 1.240 1.696 1.323 0.187 0.040 0.390 0.750 0.957 0.936 0.087 0.015 0.000 0.000 0.000 0.000 0.242 0.866 0.872 0.704 0.647 0.769 1.150 1.006 0.696 1.047 0.430 1.364 1.517 1.050 1.572 0.991 0.964 0.867 0.636 1.444 1.424 1.487 0.652 1.094 1.379 0.782 0.413 1.456 1.241 0.777 0.275 1.720 1.681 1.527 1.380
0.276 0.651 0.922 0.278 0.553 0.308 0.200 0.177 0.486 0.815 0.553 0.618 0.552 1.265 1.346 1.381 1.119 1.264 1.171 1.367 1.309 1.270 0.732 1.013 0.000 1.430 0.985 0.825 0.741 1.694 0.326 0.061 0.490 0.517 0.497 0.002 0.067 0.018 0.000 0.003 0.000 0.000 0.015 0.373 0.810 1.097 0.803 0.652 0.980 1.017 1.126 0.362 1.081 0.768 0.701 1.616 1.566 1.371 0.544 0.812 1.006 0.412 1.731 1.513 1.493 0.666 1.094 1.025 1.011 0.154 0.900 1.101 0.882 0.982 1.666 0.751 1.287
1.071 0.809 1.077 0.631 0.302 0.427 0.407 0.017 0.407 1.004 1.949 0.430 0.672 0.428 0.979 0.567 1.349 0.057 0.020 0.000 0.864 0.999 0.350 1.046 0.000 1.295 0.994 1.118 0.757 1.055 0.893 0.329 0.674 0.911 0.837 0.116 0.649 0.497 0.177 0.404 0.443 0.134 0.095 0.453 0.654 1.114 0.990 1.122 0.560 0.899 0.946 0.929 0.823 0.998 1.414 0.898 1.653 1.421 1.260 0.921 0.626 1.014 0.184 1.376 1.315 1.688 1.343 0.398 1.183 1.101 1.298 0.213 1.238 1.165 0.890 1.221 1.324
0.354 1.300 0.954 0.334 0.831 0.226 1.237 0.759 0.900 0.823 0.495 0.684 0.759 0.791 0.468 0.852 0.450 0.494 0.516 0.535 0.869 0.452 0.515 0.000 0.521 0.656 0.874 1.336 1.178 1.298 1.143 0.000 0.922 0.695 0.345 0.244 0.321 0.568 0.408 0.344 0.427 0.000 0.000 0.000 0.003 0.756 0.749 1.102 1.321 0.891 0.842 1.324 1.046 0.507 1.314 0.655 1.175 0.715 1.223 1.364 1.062 0.560 1.084 1.070 0.550 1.344 1.406 1.216 0.837 0.998 0.869 0.792 0.300 0.305 0.869 0.978 0.993
1.138 0.849 0.589 0.258 0.920 0.907 0.609 1.207 0.574 1.101 1.491 1.203 0.352 0.948 0.836 0.822 0.890 0.635 0.522 0.655 1.538 0.868 0.460 0.072 0.337 0.462 0.789 0.825 0.899 1.466 0.604 0.031 0.099 0.541 0.568 0.000 0.470 0.653 0.504 0.436 0.000 0.006 0.202 0.000 0.000 0.232 0.827 0.929 0.778 1.291 1.226 1.083 1.110 1.134 1.111 1.114 0.736 0.980 0.644 1.602 0.934 1.075 1.029 0.684 1.232 0.519 1.140 1.345 1.812 1.548 0.167 0.000 0.210 0.210 0.567 1.188 1.146
1.075 0.936 0.477 1.225 0.792 0.679 1.372 0.950 0.994 0.980 0.826 0.444 0.322 0.915 1.182 0.769 0.632 0.677 1.642 1.359 1.102 1.125 0.479 0.869 0.902 0.173 0.382 0.795 1.878 1.143 1.500 0.856 0.532 0.809 0.653 0.186 0.200 0.070 0.000 0.031 0.000 0.000 0.028 0.080 0.000 0.000 0.772 0.825 1.171 1.348 1.053 0.975 0.927 1.136 1.156 1.133 0.843 0.675 0.484 1.469 0.567 1.322 1.166 1.312 0.719 1.340 1.156 0.652 1.622 1.256 1.358 1.260 0.173 0.069 0.090 0.042 0.798
1.036 0.161 0.766 0.934 1.113 0.943 1.069 1.126 1.281 0.263 1.064 1.004 1.625 0.758 1.039 1.093 0.981 0.939 1.276 0.381 0.127 1.605 0.545 1.103 0.597 0.290 0.410 0.481 1.023 1.435 1.369 1.448 0.775 0.566 0.642 0.000 0.000 0.070 0.000 0.337 0.000 0.000 0.555 0.015 0.000 0.000 0.046 0.605 0.542 0.752 1.159 1.033 1.335 0.672 0.970 0.781 0.825 1.347 1.099 0.635 0.828 1.293 0.717 1.022 1.051 1.226 0.837 1.116 0.493 1.450 1.448 1.431 1.042 0.273 0.562 0.500 0.654
0.953 0.377 0.912 0.433 0.412 1.213 0.904 1.221 1.337 0.776 1.227 1.357 1.421 0.801 0.371 0.505 0.913 0.007 1.528 0.000 0.253 1.295 1.281 1.281 0.636 0.607 0.503 0.861 1.030 0.967 1.122 0.989 0.164 0.442 0.820 0.188 0.002 0.003 0.000 0.016 0.000 0.000 0.000 0.007 0.000 0.000 0.000 0.624 0.634 1.085 0.962 1.124 1.339 0.641 0.774 1.312 1.252 1.092 1.120 0.627 0.144 0.335 1.099 0.541 1.292 1.346 1.204 0.704 1.200 1.217 0.488 1.707 1.074 0.732 0.739 0.451 0.708
0.413 0.731 0.740 1.200 1.505 0.966 0.855 1.086 1.228 1.188 1.176 0.458 1.247 1.301 1.220 0.517 0.621 0.316 1.005 1.062 0.527 1.130 1.219 0.517 0.932 0.614 0.744 0.887 1.500 1.055 0.897 0.951 0.567 1.120 0.887 0.007 0.000 0.126 0.000 0.472 0.000 0.009 0.171 0.403 0.000 0.000 0.000 0.629 1.023 1.255 1.240 1.223 1.281 1.073 0.683 1.015 1.004 0.366 0.959 0.975 0.379 0.384 0.374 0.543 0.776 0.573 1.376 1.436 1.003 0.777 1.169 0.594 1.314 1.122 1.353 0.885 0.430
1.597 1.077 0.342 0.881 1.344 1.068 1.131 1.081 0.649 1.302 1.602 1.018 0.202 1.442 1.351 1.265 1.156 1.531 0.004 0.660 0.242 1.411 0.822 0.650 0.949 0.691 0.783 0.951 0.737 0.376 1.723 0.894 1.159 0.564 0.916 0.665 0.614 0.093 0.000 0.838 0.418 0.746 0.248 0.000 0.000 0.000 0.000 0.461 1.031 1.304 1.262 0.983 1.281 1.029 1.329 0.958 0.480 1.022 0.921 0.370 0.177 0.245 0.209 0.535 0.388 0.882 0.622 1.393 1.633 1.111 0.608 1.138 0.982 0.487 1.622 0.619 0.197
1.250 0.525 1.543 0.782 1.468 1.019 1.102 1.027 0.795 1.129 0.686 0.988 1.025 0.422 0.003 1.207 0.004 1.047 0.854 0.869 0.996 1.419 1.425 0.407 0.409 1.110 1.077 0.920 0.891 1.771 1.189 1.179 0.622 1.150 0.788 0.912 1.175 0.656 0.277 0.109 0.031 0.000 0.000 0.000 0.000 0.000 0.000 0.351 0.836 0.806 0.881 0.765 0.374 0.752 1.024 0.716 0.659 0.395 0.270 0.693 0.272 0.143 0.085 0.388 0.378 0.767 0.996 1.046 0.872 0.945 1.221 1.402 0.633 0.722 0.809 1.074 0.227
1.402 1.414 1.385 0.538 0.812 1.307 1.381 1.356 1.133 0.790 1.003 0.254 1.319 0.644 1.193 0.119 1.090 0.408 0.696 0.908 1.332 1.530 1.047 0.031 0.608 1.309 1.179 1.010 0.680 0.655 0.631 0.585 1.894 1.271 0.899 1.200 0.017 0.768 0.230 0.000 0.000 0.000 0.000 0.000 0.000 0.000 0.000 0.000 0.635 0.692 1.170 0.507 0.900 0.641 0.641 0.892 1.157 0.813 0.710 0.656 0.608 0.309 0.152 0.000 0.509 0.955 0.252 1.048 1.030 0.701 1.420 1.018 0.828 0.498 1.395 1.002 0.629
0.000 0.473 1.514 1.435 1.683 0.978 0.855 0.842 0.892 0.571 1.314 0.509 1.417 0.272 1.066 1.248 1.257 0.649 0.853 0.120 0.917 1.374 1.197 0.090 0.256 0.247 0.601 0.665 0.764 0.620 1.019 0.592 0.813 0.717 1.023 1.320 0.419 0.011 0.000 0.000 0.050 0.262 0.000 0.000 0.000 0.000 0.000 0.029 0.004 0.104 0.693 0.953 0.573 0.816 0.729 0.496 0.717 1.128 0.722 0.800 0.578 0.519 0.386 0.015 0.000 0.112 1.059 0.918 0.976 0.727 0.831 0.733 0.883 1.009 1.072 0.766 0.994
1.728 1.437 0.925 0.701 1.419 1.494 0.646 0.880 0.815 0.773 0.448 0.802 0.624 1.566 1.229 1.217 0.823 0.051 1.388 0.473 0.912 1.623 0.968 0.189 0.926 0.789 1.362 0.119 0.581 0.591 0.603 1.607 1.695 0.562 1.665 0.605 0.835 0.330 0.212 0.250 0.008 0.000 0.000 0.000 0.000 0.000 0.000 0.000 0.000 0.000 0.758 0.797 0.675 0.583 0.262 0.319 0.295 0.657 0.771 0.951 0.690 0.684 0.948 0.367 0.018 0.000 0.002 0.584 0.999 0.805 1.486 1.100 0.817 1.776 1.462 0.576 1.318
0.611 1.632 1.211 1.257 0.407 0.451 1.476 0.967 1.381 1.480 0.791 1.064 0.545 1.431 1.558 1.390 0.425 1.374 0.187 1.460 0.657 0.311 0.624 0.643 1.638 1.483 1.008 0.387 0.707 0.767 0.125 0.546 0.827 1.399 0.260 0.502 1.067 0.575 0.400 0.879 0.343 0.000 0.001 0.119 0.000 0.000 0.000 0.000 0.000 0.011 0.353 0.474 1.130 0.710 0.121 0.126 0.000 0.332 0.850 1.254 0.882 0.828 0.849 1.072 0.688 0.098 0.000 0.081 0.038 0.001 0.400 0.915 0.995 1.722 0.969 0.206 1.946
1.583 0.587 1.297 1.601 1.498 1.306 1.300 1.497 0.455 0.022 1.178 1.305 1.489 0.580 1.511 1.773 1.239 0.577 1.433 0.414 1.172 1.547 0.702 1.049 0.927 0.374 0.786 1.177 1.132 0.526 0.595 0.831 1.323 1.290 1.316 0.940 0.056 1.246 0.532 0.625 0.164 0.006 0.008 0.000 0.056 0.339 0.747 0.473 0.000 0.000 0.000 0.378 0.268 1.265 0.881 0.284 0.000 0.000 0.106 0.998 1.467 0.682 1.138 0.981 0.926 0.400 0.000 0.000 0.000 0.815 0.352 0.754 0.768 1.212 1.060 0.010 0.590
0.960 1.315 0.822 0.546 1.345 1.365 1.546 1.570 1.291 1.485 1.528 0.628 0.012 1.322 1.631 0.870 0.915 1.086 0.560 1.513 1.161 0.537 1.414 0.730 0.321 0.700 1.065 1.253 0.805 1.082 0.658 0.494 0.496 1.094 1.231 1.283 1.609 0.398 0.240 0.770 0.776 0.604 0.604 0.627 0.400 1.007 1.313 0.732 0.000 0.000 0.000 0.000 0.150 0.135 1.154 0.358 0.167 0.000 0.000 0.450 1.262 0.960 0.989 1.066 0.744 0.422 0.490 0.141 0.029 0.107 0.095 0.682 0.919 0.753 0.144 0.664 0.927
1.218 0.929 1.161 1.178 1.010 0.183 1.423 0.426 0.044 1.421 1.702 1.532 1.243 1.586 0.608 1.751 0.261 1.300 0.719 0.530 0.886 0.651 0.591 1.440 1.081 0.975 0.852 1.149 0.588 1.097 0.771 0.708 0.547 0.410 0.192 1.253 0.735 1.387 1.565 0.301 1.339 1.237 0.613 0.964 0.786 0.472 1.005 0.508 0.225 0.024 0.000 0.000 0.000 0.000 0.940 1.030 0.031 0.000 0.000 0.013 0.872 0.752 0.834 1.260 0.558 0.087 0.465 0.379 0.206 0.112 0.386 0.011 0.478 1.247 0.060 1.024 1.127
1.042 1.347 0.943 1.011 1.206 1.388 1.109 1.201 0.965 1.328 0.640 0.472 1.664 1.594 0.586 0.603 1.271 0.618 1.265 0.909 1.275 0.909 1.200 0.791 1.585 1.482 1.022 1.395 0.548 0.275 1.024 0.710 0.516 0.541 1.381 0.246 0.401 1.204 1.178 1.688 0.000 0.505 1.322 0.914 1.024 1.138 1.223 0.600 0.146 0.001 0.000 0.000 0.088 0.000 0.000 1.061 0.602 0.096 0.000 0.021 0.000 0.565 1.104 0.713 0.777 0.558 0.861 0.715 0.508 0.259 0.202 0.346 0.000 0.000 0.909 1.041 1.059
0.815 1.547 0.570 0.848 0.931 0.598 0.583 0.663 0.816 0.809 1.285 0.979 1.377 1.177 1.322 1.024 1.010 0.453 0.778 0.795 0.761 0.869 0.671 0.933 0.678 0.560 0.543 1.165 0.290 0.544 1.684 0.790 0.386 0.733 0.706 0.782 1.091 0.191 1.048 0.994 1.236 0.646 0.592 0.050 0.735 0.825 0.605 1.190 0.491 0.198 0.000 0.000 0.000 0.000 0.000 0.288 1.091 0.083 0.161 0.150 0.000 0.017 0.392 1.037 0.872 0.861 0.700 0.667 0.515 0.369 0.000 0.000 0.000 0.484 0.991 0.977 1.071
0.992 1.396 0.821 0.984 0.675 0.251 0.265 1.716 1.394 1.584 1.379 1.586 1.251 1.670 1.278 1.077 1.418 1.135 0.792 1.081 0.612 1.099 0.693 0.744 0.568 0.946 1.161 0.600 0.157 1.822 1.045 0.795 0.700 0.534 0.923 0.747 1.001 0.914 1.000 0.111 0.501 0.182 0.490 0.016 0.780 0.591 1.329 0.565 0.588 0.315 0.000 0.000 0.000 0.000 0.000 0.121 1.085 1.040 0.399 0.546 0.227 0.000 0.144 0.000 0.757 0.843 0.969 0.704 0.477 0.469 0.721 0.000 0.000 0.088 1.003 0.937 1.084
1.375 1.255 1.037 1.211 0.999 0.535 0.850 0.445 0.782 0.722 0.952 0.602 0.794 0.778 0.943 1.090 1.132 0.843 1.193 1.157 1.199 0.741 1.124 1.463 0.869 1.503 1.422 0.450 0.983 1.271 0.469 0.188 0.027 1.003 0.892 1.804 0.331 0.496 0.803 0.390 0.494 0.482 0.000 0.000 0.065 0.000 0.999 1.181 0.859 0.521 0.014 0.000 0.000 0.000 0.000 0.170 0.000 0.859 1.253 0.610 0.228 0.401 0.091 0.044 0.000 0.576 0.599 0.831 0.782 0.784 0.000 0.001 0.002 0.556 0.862 0.902 1.141
1.403 1.086 0.881 1.410 1.165 0.855 1.339 1.023 1.255 1.024 1.680 1.072 1.087 0.889 0.801 0.841 0.709 0.512 0.753 0.417 1.707 0.220 1.121 1.283 1.340 0.804 0.730 0.070 1.431 0.922 0.194 0.014 0.895 0.458 0.329 1.533 0.997 0.635 0.290 0.485 0.287 0.683 0.039 0.000 0.000 0.368 0.004 0.571 0.352 0.531 0.017 0.000 0.000 0.000 0.000 0.000 0.094 0.000 0.652 0.754 0.585 0.836 0.238 0.000 0.000 0.000 0.000 0.375 0.796 0.000 0.385 0.366 0.574 0.776 0.774 0.795 0.880
0.969 1.207 1.070 0.682 0.656 0.582 1.162 0.709 1.183 1.056 1.101 1.160 0.945 0.649 0.945 0.838 0.552 0.934 0.841 1.362 0.543 1.601 1.545 0.628 1.520 0.866 0.727 1.603 1.124 1.032 0.000 0.966 0.775 0.000 1.761 0.000 1.833 0.239 0.221 0.000 0.011 0.564 0.172 0.000 0.000 0.000 0.290 0.655 0.791 0.587 0.243 0.000 0.026 0.000 0.000 0.000 0.123 0.156 0.459 1.051 0.443 1.248 0.272 0.000 0.000 0.000 0.000 0.006 0.000 0.650 0.368 0.473 0.785 1.015 0.170 0.418 0.778
0.873 0.765 0.858 0.689 0.740 1.275 1.092 0.830 1.044 0.952 0.765 1.005 1.212 0.816 0.684 0.736 0.882 0.574 1.312 0.017 1.067 1.375 0.258 1.627 1.515 0.701 1.202 1.585 0.708 0.506 0.531 0.991 0.917 0.529 1.481 0.293 1.432 0.015 0.038 0.149 0.090 0.000 0.000 0.834 0.000 0.004 0.000 0.093 0.119 0.160 0.325 0.000 0.000 0.023 0.000 0.000 0.000 0.326 0.000 0.428 0.987 0.482 1.272 0.495 0.000 0.000 0.000 0.000 0.005 0.349 0.448 0.365 0.641 0.415 0.005 0.000 0.491
1.181 1.348 0.763 0.316 0.868 1.136 1.479 0.746 0.540 0.778 1.240 0.686 0.395 0.503 0.770 1.141 1.228 1.270 1.029 0.423 1.065 0.254 1.264 1.258 0.220 1.454 1.382 0.659 0.104 0.134 0.902 1.080 0.000 0.039 1.715 1.481 0.202 0.379 0.221 0.000 0.000 0.000 0.138 0.788 0.895 0.077 0.000 0.158 0.420 0.057 0.054 0.098 0.240 0.046 0.000 0.000 0.000 0.000 0.029 0.000 0.790 1.211 0.413 1.351 0.286 0.024 0.000 0.000 0.000 0.000 0.128 0.446 0.480 0.482 0.167 0.000 0.043
