includes/lisflood/oleron/results_R2_t1.56079001071E12/res-0010.wdfp
ncols         631
nrows         906
xllcorner     364927.146667
yllcorner     6531972.565556
cellsize      20.000000
NODATA_value  -9999.000000
[rows 68 to 101 of 906, columns 77 to 153 of 631]
1.328 1.066 0.705 1.405 0.933 1.051 0.853 0.961 1.617 1.471 1.212 1.471 1.190 1.334 0.496 1.122 0.464 0.464 1.129 0.758 0.849 0.715 0.651 1.326 1.565 1.463 1.202 0.546 1.019 0.914 1.014 2.190 0.799 1.020 1.307 1.838 1.560 1.013 1.102 0.733 0.807 0.338 1.233 1.306 1.068 1.305 0.960 0.799 0.643 0.419 0.241 0.391 0.543 0.600 0.425 0.701 1.250 1.090 0.000 1.861 1.090 1.489 0.082 0.914 1.112 0.956 0.658 1.380 1.298 1.849 1.708 1.684 1.746 1.723 2.061 0.910 0.417
0.766 1.308 0.865 1.328 0.890 1.299 0.674 1.528 1.121 1.290 1.265 1.493 1.297 0.845 1.061 1.946 1.387 1.494 1.472 1.215 0.822 0.404 0.602 0.833 1.020 0.913 0.731 1.259 1.257 1.477 0.835 1.561 1.832 0.969 0.843 1.800 0.649 1.153 1.836 1.257 1.156 0.831 1.416 1.307 1.532 0.623 1.149 0.644 0.458 0.589 0.793 0.361 0.914 0.701 1.034 1.250 0.007 0.513 1.371 1.663 0.337 0.367 0.966 1.258 0.656 0.405 1.639 0.367 0.006 0.006 0.003 0.000 0.000 0.190 1.240 1.026 1.371
0.998 0.895 1.122 1.175 1.235 0.967 1.019 1.297 1.347 1.448 1.384 1.426 1.369 0.540 1.316 0.624 0.106 0.175 1.040 1.259 1.592 1.840 1.408 0.807 0.488 0.377 0.673 0.976 0.897 0.493 1.578 1.713 0.918 0.902 1.825 1.025 1.253 1.790 1.390 0.766 0.473 1.166 1.834 1.052 1.591 1.408 0.830 0.535 1.002 0.627 0.637 0.699 0.761 0.873 0.604 0.307 1.488 1.790 1.333 0.234 1.117 0.944 1.177 0.794 1.319 0.629 0.000 0.131 0.500 0.559 1.662 0.831 0.936 1.012 1.478 1.569 1.736
0.862 0.910 0.928 1.319 1.241 0.817 1.420 1.582 0.000 0.000 1.344 1.556 0.578 0.417 1.989 1.653 1.638 1.469 1.307 1.085 0.332 0.233 0.601 1.506 1.497 1.724 0.534 0.439 0.172 0.938 1.701 1.128 0.935 1.568 2.106 1.637 1.218 0.955 1.673 1.289 0.759 1.489 1.632 1.359 1.673 1.200 0.867 0.490 0.776 0.539 0.829 0.631 0.725 0.677 0.670 1.411 1.279 0.101 0.732 0.561 0.583 0.625 0.624 0.684 0.517 1.781 0.965 1.183 1.353 1.447 1.922 1.867 1.769 0.623 0.336 0.398 0.846
1.133 1.138 1.231 1.263 0.814 0.799 1.119 0.000 0.000 0.000 0.000 0.000 0.000 0.136 0.676 1.208 0.615 1.486 1.673 1.544 1.685 1.793 1.216 1.492 1.783 0.602 0.518 0.679 0.462 1.042 0.546 1.866 0.810 1.302 1.512 1.498 0.711 1.148 1.797 0.888 0.852 1.872 0.848 0.884 1.408 1.221 1.283 0.917 0.790 0.915 0.764 0.769 0.392 0.354 0.378 0.270 0.503 1.060 0.806 1.681 0.846 0.545 0.985 0.837 1.301 1.789 1.924 1.419 0.249 0.104 0.545 0.752 0.883 1.289 1.102 0.654 0.927
1.457 1.488 1.268 1.200 0.897 1.122 1.014 0.000 0.000 0.000 0.000 0.000 0.020 0.844 1.007 0.842 0.017 0.991 1.141 1.058 0.583 0.459 1.526 1.523 1.868 0.261 0.483 0.538 0.506 0.838 1.362 0.881 0.361 1.100 1.912 0.892 0.922 1.200 1.007 1.006 1.090 2.084 1.228 1.635 1.321 0.987 1.180 1.336 0.887 0.910 0.923 0.891 1.644 0.962 0.944 0.640 0.735 1.424 1.045 1.081 0.990 0.809 0.956 1.056 0.802 0.990 0.872 0.560 0.753 0.715 0.562 0.881 1.003 1.322 1.277 0.900 0.849
1.560 1.140 1.385 1.402 1.225 1.050 1.445 0.038 0.000 0.000 0.040 0.125 0.259 0.708 0.861 0.840 1.778 1.027 0.855 0.851 0.996 1.799 1.323 1.313 0.479 0.178 0.521 0.400 1.016 1.012 0.949 1.853 2.167 1.839 1.649 0.164 0.950 1.336 0.497 0.476 1.053 0.888 1.363 1.580 1.229 1.309 1.461 0.958 1.325 1.225 2.054 0.734 1.933 0.634 1.010 1.004 1.105 1.261 0.872 1.007 1.271 1.265 0.935 0.962 1.133 0.742 1.167 0.593 0.973 0.757 0.763 1.109 1.110 1.125 0.602 1.091 1.448
0.947 1.221 1.173 1.386 0.852 1.987 0.271 0.626 0.809 0.000 0.000 0.131 1.190 2.005 1.077 1.784 0.984 0.765 0.752 0.676 0.238 0.471 0.396 0.112 0.391 0.360 0.577 0.527 1.046 0.731 0.854 0.838 1.656 1.611 2.039 1.831 1.571 1.132 1.083 1.294 0.936 1.076 1.162 0.888 1.418 1.390 0.986 0.788 1.094 1.129 1.817 0.899 0.830 0.828 1.619 1.339 1.184 1.195 1.016 1.264 0.866 1.292 1.165 0.935 1.199 1.198 1.277 1.090 0.764 1.209 0.903 0.311 0.418 1.017 1.328 0.844 0.611
1.338 1.252 1.218 1.359 0.856 1.051 0.526 0.000 0.000 0.000 0.000 0.086 1.495 1.546 1.260 1.854 1.298 0.877 0.382 0.264 0.254 0.159 0.206 0.321 0.279 0.499 0.482 0.391 0.610 0.615 0.528 0.768 0.741 1.164 0.761 0.982 1.434 1.059 0.982 0.644 0.798 0.879 0.805 1.060 1.430 1.380 1.461 1.565 1.522 0.933 0.805 1.538 0.737 0.924 0.818 1.396 0.742 1.108 0.963 1.059 0.817 0.773 0.940 0.705 1.019 1.035 0.594 0.591 1.429 1.458 1.242 0.810 1.352 1.513 1.347 0.609 0.563
1.475 1.307 1.218 0.779 0.706 0.724 0.836 0.000 0.000 0.000 0.000 0.357 1.130 1.218 1.179 1.056 0.957 0.476 0.000 0.185 0.194 0.000 0.006 0.000 0.000 0.251 0.334 0.221 0.487 0.554 0.661 0.712 0.941 0.838 0.681 0.727 0.880 1.200 1.221 0.501 1.039 1.557 1.192 1.240 1.115 0.317 0.383 0.855 0.978 1.091 1.025 0.778 1.469 0.714 0.867 0.898 1.040 0.785 0.982 1.054 0.781 1.136 0.821 0.654 1.095 1.419 1.317 0.893 1.174 1.477 0.823 0.621 0.121 0.734 0.652 0.987 0.611
1.066 1.211 1.305 0.813 0.645 0.750 0.687 0.000 0.000 0.470 0.000 0.667 0.745 0.943 1.073 1.139 0.925 0.000 0.000 0.000 0.000 0.000 0.000 0.000 0.000 0.000 0.001 0.000 0.139 0.370 0.376 0.799 0.825 0.674 0.590 0.749 0.529 1.017 1.177 0.685 0.986 1.220 1.357 0.084 0.455 0.301 0.180 0.113 1.501 0.626 0.892 0.454 0.455 1.323 0.672 0.920 1.097 1.094 1.073 0.779 0.995 0.593 1.065 1.024 0.988 0.646 0.000 0.319 1.169 1.487 1.017 1.030 1.129 0.944 0.805 0.886 0.491
1.245 1.237 0.849 0.474 0.289 0.351 0.274 0.000 0.000 0.000 0.000 0.518 0.864 0.836 0.899 0.668 0.128 0.036 0.000 0.000 0.000 0.000 0.000 0.000 0.000 0.000 0.000 0.000 0.021 0.037 0.135 0.415 0.532 0.622 0.448 0.487 0.805 0.714 1.091 1.431 1.088 0.143 0.000 0.138 0.338 0.018 0.872 0.280 0.855 2.067 1.171 0.151 1.481 1.056 1.160 0.558 0.879 1.334 1.220 0.863 1.203 1.278 1.017 0.827 1.045 1.165 0.910 1.121 1.122 0.663 0.851 0.515 0.972 0.291 0.915 0.424 0.325
1.500 1.211 0.503 0.372 0.363 0.291 0.306 0.154 0.230 0.000 0.043 0.500 0.756 1.141 0.713 0.000 0.000 0.000 0.000 0.000 0.000 0.000 0.000 0.000 0.000 0.000 0.000 0.000 0.000 0.022 0.296 0.211 0.373 0.534 0.460 0.675 0.495 0.750 0.651 0.470 0.386 0.524 0.075 0.001 0.484 0.044 1.372 1.023 0.976 1.019 0.810 0.705 1.252 1.009 0.774 0.775 0.773 0.610 0.645 0.647 0.497 0.692 0.556 0.767 1.373 0.034 0.000 0.000 0.633 0.430 0.926 0.654 1.380 0.400 0.372 0.246 0.247
1.304 0.186 0.420 0.287 0.064 0.020 0.095 0.086 0.075 0.058 0.266 0.321 0.467 0.440 0.000 0.000 0.216 0.000 0.000 0.000 0.000 0.000 0.000 0.000 0.000 0.000 0.000 0.000 0.000 0.179 0.609 0.466 0.742 0.734 0.565 0.443 0.215 0.048 0.615 0.358 0.854 0.426 0.273 0.859 0.992 0.656 1.744 0.916 1.086 0.635 1.383 0.668 1.387 1.112 1.198 0.980 0.718 1.289 0.715 0.648 0.969 1.176 0.617 0.412 0.036 0.582 1.005 0.964 1.140 0.085 0.553 0.321 0.718 1.042 1.070 0.464 0.590
0.810 0.376 0.173 0.000 0.000 0.000 0.000 0.000 0.012 0.233 0.062 0.000 0.285 0.000 0.000 0.029 0.000 0.000 0.000 0.000 0.000 0.000 0.000 0.000 0.000 0.000 0.000 0.000 0.106 0.405 0.721 0.719 0.426 0.477 0.587 0.121 0.927 0.272 0.000 0.726 0.287 1.519 0.940 1.359 2.252 0.829 0.674 1.202 1.261 0.725 1.591 1.140 1.018 1.105 1.075 0.945 0.796 0.667 0.357 0.698 0.712 1.229 0.365 0.608 0.859 0.706 0.983 1.328 0.698 0.149 0.547 0.409 0.478 0.777 0.856 1.201 0.247
1.027 0.398 0.051 0.000 0.000 0.000 0.000 0.000 0.000 0.000 0.026 0.000 0.000 0.000 0.066 0.000 0.000 0.000 0.000 0.000 0.000 0.000 0.000 0.000 0.000 0.000 0.087 0.000 0.000 0.345 0.869 0.372 1.070 0.128 0.724 0.676 0.906 0.570 0.449 0.999 0.661 2.087 0.858 0.810 0.683 1.449 0.797 0.623 0.879 1.365 0.860 0.782 0.727 0.911 0.797 1.263 1.282 0.786 0.458 0.523 1.047 1.219 0.826 0.201 0.996 0.076 0.193 0.006 1.156 0.000 0.619 0.258 0.615 0.898 0.549 0.859 0.898
1.607 0.389 0.043 0.000 0.000 0.000 0.000 0.000 0.000 0.000 0.000 0.000 0.000 0.132 0.000 0.000 0.000 0.000 0.000 0.000 0.000 0.000 0.000 0.000 0.000 0.000 0.000 0.090 0.022 0.409 0.486 0.739 0.953 0.798 1.186 0.229 1.038 1.218 0.847 1.101 0.660 1.173 0.730 0.439 0.702 1.243 0.914 0.983 1.169 1.482 0.801 0.742 0.795 0.609 1.092 0.962 1.003 1.106 1.037 0.974 1.132 0.503 1.024 0.431 1.259 0.342 0.468 0.000 0.868 0.105 0.453 0.461 0.353 0.551 0.622 0.479 1.123
1.052 0.531 0.008 0.000 0.000 0.000 0.000 0.000 0.000 0.036 0.000 0.000 0.000 0.000 0.000 0.000 0.000 0.029 0.000 0.000 0.000 0.000 0.000 0.000 0.000 0.009 0.000 0.289 0.421 0.793 0.842 0.949 0.794 0.267 0.891 1.183 0.810 0.574 0.595 1.322 1.180 0.900 0.719 1.303 1.287 1.185 0.778 0.526 0.761 0.642 0.583 0.579 1.049 1.259 0.863 0.993 1.234 0.332 0.406 1.216 1.174 0.617 0.998 0.909 1.021 0.563 0.342 0.114 0.892 0.482 1.271 0.916 0.379 0.961 1.259 0.404 0.755
0.879 0.040 0.016 0.000 0.000 0.000 0.000 0.000 0.077 0.000 0.000 0.000 0.000 0.000 0.000 0.000 0.000 0.000 0.000 0.000 0.000 0.000 0.000 0.008 0.552 0.480 0.879 0.393 0.523 0.706 0.333 0.758 0.963 0.798 0.853 1.168 0.663 1.444 1.230 0.470 1.535 0.739 0.927 0.399 0.802 0.632 0.537 0.795 0.914 1.575 1.517 1.173 1.316 1.198 0.531 0.652 0.684 1.265 1.052 0.994 1.002 1.010 1.071 0.544 0.849 0.758 0.375 0.464 0.929 0.027 0.039 0.511 1.089 0.374 0.642 1.074 0.707
1.436 0.474 0.046 0.000 0.000 0.000 0.000 0.000 0.000 0.000 0.000 0.000 0.000 0.000 0.000 0.000 0.000 0.000 0.000 0.000 0.065 0.000 0.551 0.821 0.973 0.851 0.805 0.904 0.194 1.079 1.112 1.704 1.868 0.783 1.296 0.649 1.729 1.030 0.620 1.293 0.409 1.072 1.004 0.796 0.997 1.236 0.601 0.842 0.817 0.363 1.650 1.321 0.361 0.534 0.730 0.967 1.726 0.718 0.390 0.376 0.250 0.095 0.291 0.888 0.880 1.344 1.009 0.972 0.982 0.745 0.955 0.927 0.171 1.341 0.389 1.209 1.129
1.191 0.848 0.203 0.000 0.000 0.000 0.000 0.000 0.000 0.000 0.000 0.000 0.000 0.000 0.000 0.000 0.000 0.000 0.000 0.000 0.000 0.059 0.406 1.779 0.756 0.675 0.736 0.817 1.450 1.067 1.437 0.765 1.878 0.905 1.264 0.391 1.042 0.861 1.125 1.386 0.590 1.383 1.413 1.086 0.800 0.269 0.412 1.060 1.197 0.975 1.084 0.803 0.737 1.292 1.262 1.488 1.718 0.599 1.266 0.889 1.152 1.065 0.282 1.325 0.634 0.130 0.847 0.445 0.994 0.835 0.190 0.253 0.375 0.000 1.268 0.972 1.112
0.621 0.000 0.372 0.000 0.000 0.000 0.000 0.000 0.000 0.000 0.000 0.000 0.000 0.000 0.000 0.000 0.000 0.000 0.000 0.000 0.000 0.402 0.283 0.954 1.828 0.655 0.821 1.274 0.915 0.667 1.733 0.263 0.951 1.051 1.116 0.858 1.467 1.207 0.592 1.609 1.478 1.357 0.706 0.608 1.364 1.204 1.262 0.597 0.111 0.260 0.180 1.815 1.506 1.578 0.455 0.788 1.393 0.701 0.788 0.676 1.454 1.304 0.901 0.725 0.638 0.908 0.515 0.958 0.760 0.901 0.296 0.507 1.187 0.689 1.154 0.937 1.054
0.000 0.206 0.388 0.110 0.000 0.000 0.000 0.000 0.000 0.000 0.000 0.000 0.000 0.000 0.000 0.000 0.000 0.000 0.000 0.000 0.000 0.000 0.186 1.265 0.634 0.120 0.885 0.870 1.388 1.186 0.832 2.033 1.278 0.894 1.433 0.939 1.032 1.366 0.742 0.661 1.160 0.916 1.469 0.920 0.749 1.121 0.064 0.993 1.677 1.491 1.661 0.762 0.556 0.640 1.074 1.097 0.399 0.549 1.374 0.621 1.017 1.654 0.833 0.985 0.316 0.848 1.626 0.286 1.031 0.328 0.497 0.619 0.580 0.642 1.164 0.198 0.167
0.165 0.121 0.171 0.000 0.000 0.000 0.000 0.000 0.000 0.000 0.000 0.000 0.000 0.000 0.000 0.000 0.000 0.000 0.000 0.000 0.000 0.000 0.540 0.960 0.772 1.849 1.340 0.945 1.104 0.970 1.813 1.214 1.045 0.868 1.210 0.588 1.070 1.339 1.487 1.328 0.973 1.073 1.359 1.130 1.278 1.138 0.677 1.298 1.511 1.642 1.379 1.401 0.508 1.177 1.487 1.500 0.876 0.699 0.893 1.039 1.200 0.920 1.639 1.347 0.986 0.557 0.859 0.042 0.664 0.740 0.965 0.463 0.542 0.376 0.941 1.181 1.116
0.000 0.000 0.000 0.000 0.000 0.000 0.000 0.000 0.000 0.000 0.000 0.000 0.000 0.000 0.000 0.000 0.000 0.000 0.000 0.000 0.000 0.000 0.627 0.771 0.710 0.944 1.054 0.615 1.039 1.077 2.089 0.749 1.111 1.060 1.288 1.126 0.725 1.244 0.769 0.949 0.145 0.749 1.130 1.036 0.386 1.120 0.741 0.604 1.779 1.613 1.408 1.771 0.108 0.990 0.503 0.804 0.006 1.165 0.852 0.660 0.788 1.412 1.425 1.650 0.960 0.687 0.517 0.588 0.655 0.217 0.430 0.331 0.303 0.661 1.066 0.685 0.005
0.684 0.000 0.000 0.000 0.000 0.000 0.000 0.000 0.000 0.000 0.000 0.000 0.000 0.000 0.000 0.000 0.000 0.000 0.000 0.000 0.000 0.000 0.471 0.404 0.831 0.606 0.000 1.132 1.373 1.751 2.026 0.857 0.761 0.094 0.023 0.370 0.567 0.818 1.127 1.250 0.623 0.375 1.009 0.242 0.977 0.902 1.474 0.624 1.052 0.447 0.570 0.445 1.569 1.552 0.179 0.376 0.147 0.929 1.197 0.684 1.198 0.999 0.725 0.718 0.811 0.486 0.723 0.429 0.412 0.919 0.796 0.740 0.685 0.765 0.800 0.735 0.829
0.876 0.978 0.000 0.000 0.000 0.000 0.000 0.000 0.000 0.000 0.000 0.000 0.000 0.000 0.000 0.000 0.000 0.000 0.000 0.000 0.000 0.000 0.128 0.439 0.761 0.704 0.962 1.909 2.047 1.445 0.941 0.639 0.079 0.178 0.014 0.485 0.183 0.197 0.645 0.890 0.634 0.484 0.650 0.716 0.675 0.827 1.303 1.227 1.312 1.495 1.310 0.820 0.384 0.871 1.150 0.604 1.050 0.738 1.541 0.978 1.042 1.094 0.631 0.667 0.556 0.349 0.423 0.694 0.819 0.508 0.634 1.040 1.221 0.675 1.027 1.061 0.646
0.000 0.603 0.632 0.000 0.000 0.000 0.000 0.000 0.000 0.000 0.000 0.000 0.000 0.000 0.000 0.000 0.000 0.000 0.000 0.000 0.000 0.000 0.000 0.334 0.504 0.647 0.448 2.196 1.665 0.970 0.569 0.479 0.374 0.001 0.000 0.000 0.000 0.040 0.030 0.000 0.348 0.014 1.347 1.087 1.103 1.229 1.206 1.020 0.433 0.668 0.293 0.207 0.768 0.770 0.442 1.650 1.754 0.573 1.309 0.837 0.850 0.870 0.517 0.255 0.278 0.322 0.814 0.773 0.919 0.757 0.762 0.546 1.034 0.869 0.570 0.337 0.974
0.000 0.608 0.000 0.000 0.000 0.000 0.000 0.000 0.000 0.000 0.000 0.000 0.000 0.000 0.000 0.000 0.000 0.000 0.000 0.000 0.000 0.107 0.000 0.861 0.792 1.091 0.537 1.679 1.035 0.420 0.074 0.045 0.000 0.000 0.000 0.000 0.000 0.000 0.000 0.176 0.378 0.280 0.001 0.444 0.554 0.935 0.395 1.511 0.625 0.841 0.589 0.443 0.568 0.542 0.343 1.945 1.484 1.258 1.390 1.535 0.399 0.321 0.410 0.263 0.872 0.808 0.912 0.969 0.602 1.102 0.899 0.827 0.803 1.059 1.526 1.026 1.049
0.000 0.000 0.000 0.000 0.000 0.000 0.000 0.000 0.000 0.000 0.000 0.000 0.000 0.000 0.000 0.000 0.000 0.000 0.000 0.000 0.084 0.000 0.000 0.000 0.000 0.636 1.122 0.685 0.894 0.683 0.124 0.000 0.021 0.000 0.000 0.204 0.195 0.115 0.150 1.025 0.785 0.380 0.861 0.869 1.744 0.752 0.126 0.426 0.164 0.151 0.799 1.447 0.974 1.460 1.439 1.409 1.298 0.919 1.261 0.805 0.548 0.388 0.439 0.926 0.831 1.028 0.804 0.618 0.611 0.694 1.016 0.960 0.967 1.228 1.057 0.899 1.271
0.000 0.000 0.000 0.000 0.000 0.000 0.000 0.000 0.000 0.000 0.000 0.000 0.000 0.000 0.000 0.000 0.000 0.000 0.000 0.000 0.041 0.000 0.000 0.243 0.162 0.049 0.775 0.430 0.777 0.154 0.360 0.000 0.000 0.806 0.675 0.408 1.705 1.313 0.842 1.636 0.013 0.580 0.819 1.514 0.840 0.927 0.922 1.605 1.652 1.489 1.741 1.708 1.450 2.104 1.557 1.787 0.914 0.656 0.717 0.486 0.738 0.698 0.953 0.827 0.850 0.938 1.009 0.813 0.774 0.948 0.560 0.394 1.156 1.757 1.385 0.879 0.417
0.000 0.000 0.000 0.000 0.000 0.000 0.000 0.000 0.000 0.000 0.000 0.000 0.000 0.000 0.000 0.000 0.000 0.000 0.000 0.000 0.000 0.000 0.000 0.000 0.045 0.595 0.789 0.580 0.081 0.010 0.334 0.335 0.425 0.320 0.125 0.513 0.270 0.339 0.646 1.374 0.399 0.700 1.214 0.895 0.674 0.821 0.988 0.845 0.672 0.220 0.622 0.692 1.331 1.850 1.780 0.701 0.546 0.568 0.449 0.801 1.015 1.200 0.838 1.029 0.881 1.031 0.965 0.953 0.675 0.541 2.029 0.383 1.173 0.858 0.524 0.782 0.280
0.000 0.000 0.000 0.000 0.000 0.000 0.000 0.000 0.000 0.000 0.000 0.000 0.000 0.000 0.000 0.000 0.000 0.000 0.000 0.000 0.000 0.000 0.000 0.000 0.000 0.353 0.007 0.139 0.359 0.401 0.128 0.148 0.286 0.257 0.431 0.357 0.427 0.031 0.695 0.944 0.611 1.531 0.972 0.865 0.570 1.190 0.853 0.998 0.607 0.408 0.322 0.507 0.493 0.922 1.394 0.994 0.775 0.939 0.827 0.962 0.616 0.744 0.573 0.859 0.965 0.907 0.862 0.845 0.695 0.472 0.485 0.666 0.908 0.902 0.847 0.963 1.079
0.000 0.000 0.000 0.000 0.000 0.000 0.000 0.000 0.000 0.000 0.000 0.000 0.000 0.000 0.000 0.000 0.000 0.000 0.000 0.000 0.000 0.000 0.000 0.000 0.196 0.674 0.249 0.392 0.007 0.330 0.106 0.213 0.016 0.055 0.122 0.213 0.440 0.576 0.332 0.924 1.216 1.630 0.939 0.354 0.817 0.542 0.207 0.528 0.400 0.400 0.109 1.123 1.016 1.247 0.984 0.956 0.628 0.413 0.977 0.246 0.876 0.920 0.946 0.805 0.656 0.489 0.887 0.955 0.792 1.656 0.041 1.167 1.577 1.696 0.984 0.548 1.284
