includes/lisflood/oleron/results_R2_t1.56079001071E12/res-0009.wd
ncols         631
nrows         906
xllcorner     364927.146667
yllcorner     6531972.565556
cellsize      20.000000
NODATA_value  -9999.000000
[rows 306 to 339 of 906, columns 539 to 615 of 631]
0.843 0.820 0.812 0.721 0.692 0.722 0.595 0.696 0.783 0.666 0.674 0.885 0.871 0.988 1.188 1.405 1.684 1.953 2.002 1.862 1.826 2.027 2.273 2.377 2.363 2.392 2.510 2.735 2.912 3.036 3.134 3.205 3.306 3.468 3.642 3.815 4.003 4.186 4.350 4.477 4.581 4.683 4.802 4.953 5.082 5.162 5.241 5.322 5.396 5.462 5.528 5.603 5.689 5.774 5.857 5.938 6.014 6.082 6.146 6.215 6.291 6.373 6.432 6.486 6.364 6.214 6.055 5.900 5.756 5.622 5.500 5.391 5.307 5.248 5.184 5.127 5.062
0.637 0.449 0.601 0.641 0.754 0.801 0.656 0.644 0.794 0.788 0.827 1.112 1.021 1.075 1.152 1.241 1.428 1.657 1.802 1.811 1.794 1.950 2.159 2.235 2.261 2.335 2.447 2.572 2.737 2.921 3.086 3.194 3.308 3.449 3.588 3.736 3.909 4.092 4.255 4.382 4.495 4.615 4.749 4.906 5.071 5.179 5.236 5.298 5.366 5.435 5.509 5.592 5.682 5.761 5.831 5.899 5.968 6.034 6.098 6.167 6.244 6.331 6.422 6.439 6.320 6.178 6.021 5.870 5.735 5.611 5.502 5.410 5.338 5.273 5.192 5.133 5.067
0.786 0.513 0.489 0.585 1.063 0.928 0.488 0.451 0.529 0.872 0.837 0.911 0.832 0.888 0.879 0.938 1.028 1.230 1.489 1.688 1.823 1.975 2.114 2.212 2.284 2.371 2.454 2.496 2.561 2.750 2.963 3.134 3.284 3.418 3.522 3.632 3.780 3.965 4.141 4.278 4.404 4.548 4.708 4.877 5.039 5.178 5.252 5.295 5.351 5.413 5.483 5.567 5.656 5.733 5.795 5.856 5.919 5.983 6.047 6.117 6.197 6.285 6.386 6.400 6.302 6.178 6.034 5.889 5.756 5.636 5.531 5.443 5.370 5.295 5.211 5.137 5.064
0.701 1.176 0.996 0.856 1.003 0.797 0.493 0.554 0.527 0.669 0.656 0.659 0.481 0.664 1.002 1.037 0.955 1.059 1.395 1.687 1.814 1.957 2.120 2.254 2.361 2.465 2.515 2.473 2.462 2.582 2.769 2.975 3.147 3.286 3.377 3.466 3.614 3.818 4.014 4.170 4.307 4.467 4.646 4.825 4.989 5.120 5.235 5.299 5.344 5.394 5.454 5.534 5.623 5.700 5.762 5.820 5.880 5.942 6.007 6.081 6.163 6.255 6.359 6.366 6.307 6.192 6.053 5.910 5.781 5.666 5.560 5.469 5.387 5.298 5.224 5.144 5.067
0.583 0.861 0.977 0.857 0.838 0.821 0.602 0.660 0.764 0.570 0.537 0.755 0.744 0.686 0.940 1.091 1.076 1.261 1.510 1.655 1.619 1.724 1.937 2.130 2.267 2.406 2.466 2.453 2.472 2.500 2.578 2.765 2.955 3.091 3.174 3.254 3.418 3.647 3.872 4.047 4.194 4.355 4.539 4.724 4.892 5.026 5.144 5.268 5.334 5.376 5.429 5.505 5.591 5.670 5.734 5.793 5.854 5.918 5.988 6.066 6.151 6.244 6.348 6.336 6.281 6.198 6.061 5.920 5.792 5.677 5.570 5.473 5.379 5.286 5.218 5.145 5.077
0.792 0.633 0.770 0.686 0.707 0.847 0.633 0.565 0.731 0.518 0.624 0.845 0.867 0.661 0.698 1.025 1.210 1.310 1.368 1.413 1.363 1.457 1.654 1.862 2.051 2.156 2.229 2.365 2.504 2.480 2.431 2.584 2.778 2.900 2.956 3.030 3.214 3.470 3.724 3.919 4.068 4.221 4.401 4.587 4.758 4.901 5.028 5.158 5.290 5.350 5.403 5.477 5.561 5.641 5.710 5.775 5.842 5.912 5.989 6.071 6.158 6.251 6.352 6.314 6.248 6.158 6.048 5.904 5.776 5.661 5.554 5.452 5.350 5.270 5.201 5.137 5.080
0.693 0.385 0.851 0.968 0.869 0.650 0.483 0.619 0.818 0.695 0.833 0.928 1.029 0.833 0.599 0.875 1.199 1.237 1.234 1.288 1.192 1.223 1.446 1.695 1.896 1.967 2.034 2.182 2.371 2.407 2.378 2.480 2.675 2.785 2.812 2.873 3.067 3.336 3.600 3.803 3.956 4.103 4.273 4.456 4.626 4.775 4.905 5.034 5.168 5.306 5.379 5.453 5.536 5.613 5.684 5.758 5.835 5.915 5.998 6.084 6.171 6.260 6.348 6.286 6.205 6.102 5.984 5.869 5.740 5.625 5.520 5.419 5.320 5.259 5.198 5.142 5.090
0.848 0.797 0.734 0.881 0.850 0.553 0.604 0.926 1.378 1.424 1.092 0.765 0.851 1.002 0.708 0.794 1.096 1.181 1.328 1.366 1.275 1.285 1.521 1.810 1.966 1.996 2.025 2.035 2.138 2.270 2.392 2.544 2.695 2.773 2.769 2.818 3.003 3.261 3.517 3.717 3.872 4.016 4.172 4.348 4.516 4.670 4.820 4.967 5.124 5.290 5.360 5.437 5.516 5.589 5.660 5.741 5.830 5.919 6.006 6.091 6.176 6.260 6.320 6.245 6.154 6.043 5.920 5.801 5.698 5.586 5.484 5.389 5.319 5.271 5.220 5.168 5.115
0.702 0.614 0.719 0.366 0.569 0.694 0.845 1.214 1.365 1.283 0.989 0.736 0.717 0.882 0.741 0.763 1.093 1.273 1.323 1.455 1.434 1.454 1.756 2.013 2.029 2.048 2.008 1.899 1.916 2.061 2.297 2.535 2.698 2.742 2.752 2.808 2.968 3.202 3.451 3.643 3.796 3.949 4.122 4.315 4.505 4.677 4.825 4.966 5.119 5.267 5.338 5.417 5.496 5.568 5.640 5.726 5.825 5.921 6.008 6.089 6.169 6.247 6.279 6.196 6.101 5.992 5.869 5.747 5.640 5.556 5.463 5.376 5.339 5.304 5.262 5.209 5.148
0.673 0.934 0.984 0.529 0.504 0.662 1.034 1.121 0.741 0.690 0.717 0.735 0.661 0.793 0.865 0.655 0.841 1.148 1.199 1.348 1.487 1.587 1.876 1.983 1.923 1.929 1.844 1.740 1.751 1.885 2.107 2.347 2.556 2.607 2.652 2.739 2.899 3.143 3.402 3.613 3.782 3.942 4.114 4.307 4.504 4.683 4.834 4.972 5.116 5.239 5.309 5.389 5.472 5.552 5.630 5.721 5.824 5.921 6.004 6.080 6.153 6.223 6.229 6.144 6.052 5.949 5.832 5.711 5.604 5.518 5.453 5.395 5.369 5.343 5.305 5.249 5.177
0.660 1.016 1.250 0.964 0.976 0.897 1.023 0.907 0.626 0.527 0.669 0.758 0.645 0.802 0.877 0.845 0.870 0.952 0.883 1.051 1.311 1.577 1.732 1.603 1.621 1.764 1.773 1.758 1.781 1.874 2.029 2.176 2.373 2.449 2.561 2.743 2.928 3.149 3.373 3.570 3.730 3.884 4.056 4.254 4.467 4.665 4.829 4.969 5.105 5.202 5.271 5.355 5.445 5.534 5.626 5.723 5.824 5.914 5.993 6.065 6.133 6.195 6.178 6.092 6.005 5.909 5.801 5.688 5.584 5.497 5.425 5.373 5.355 5.338 5.305 5.253 5.183
0.351 0.765 0.580 0.831 1.243 1.124 0.931 0.912 0.646 0.738 0.584 0.811 0.877 0.970 0.975 1.033 1.060 1.056 0.835 0.926 1.177 1.549 1.540 1.398 1.534 1.735 1.866 1.922 1.898 1.957 2.051 2.157 2.270 2.322 2.494 2.736 2.932 3.120 3.312 3.495 3.654 3.809 3.981 4.184 4.410 4.623 4.802 4.950 5.086 5.163 5.234 5.326 5.425 5.524 5.624 5.723 5.817 5.899 5.973 6.044 6.107 6.163 6.123 6.037 5.953 5.863 5.766 5.667 5.569 5.476 5.400 5.339 5.316 5.292 5.255 5.201 5.132
0.647 0.538 0.000 0.838 1.110 0.805 0.773 0.698 0.683 0.681 0.522 0.639 0.845 0.856 0.991 0.997 1.041 1.183 1.109 1.044 1.236 1.482 1.367 1.382 1.487 1.546 1.718 1.857 1.867 1.930 2.046 2.185 2.240 2.275 2.441 2.674 2.902 3.084 3.262 3.436 3.597 3.759 3.935 4.138 4.367 4.587 4.770 4.922 5.063 5.126 5.203 5.306 5.417 5.524 5.624 5.716 5.802 5.878 5.949 6.017 6.077 6.131 6.072 5.987 5.905 5.821 5.736 5.645 5.556 5.469 5.393 5.327 5.287 5.249 5.199 5.138 5.072
0.330 0.323 0.376 0.924 1.113 0.834 0.718 0.639 0.459 0.452 0.359 0.689 0.721 0.412 0.736 0.776 0.926 1.098 1.121 1.220 1.486 1.577 1.460 1.551 1.446 1.296 1.350 1.538 1.641 1.749 1.914 2.110 2.119 2.175 2.323 2.554 2.794 3.022 3.224 3.420 3.597 3.764 3.938 4.128 4.342 4.551 4.730 4.885 5.035 5.094 5.182 5.295 5.415 5.525 5.617 5.696 5.774 5.850 5.924 5.992 6.051 6.108 6.034 5.952 5.873 5.789 5.705 5.627 5.548 5.464 5.388 5.314 5.251 5.197 5.132 5.063 4.997
0.545 0.330 0.622 0.957 0.841 1.013 0.522 0.562 0.398 0.468 0.522 0.857 0.715 0.425 0.779 0.903 0.938 0.886 0.851 0.991 1.396 1.416 1.416 1.631 1.486 1.275 1.199 1.377 1.513 1.658 1.806 1.949 1.960 2.077 2.247 2.487 2.729 2.974 3.220 3.447 3.641 3.806 3.967 4.133 4.319 4.507 4.679 4.843 4.990 5.068 5.170 5.293 5.415 5.519 5.597 5.664 5.737 5.817 5.898 5.969 6.031 6.090 6.006 5.923 5.840 5.759 5.686 5.617 5.536 5.446 5.358 5.272 5.188 5.126 5.057 4.987 4.920
0.408 0.740 0.521 0.749 0.550 0.773 0.739 0.612 0.414 0.381 0.385 0.741 0.785 0.786 1.037 1.227 1.156 0.805 0.576 0.619 1.170 1.013 1.080 1.442 1.498 1.373 1.304 1.461 1.695 1.821 1.842 1.830 1.890 2.066 2.278 2.522 2.750 2.979 3.256 3.522 3.722 3.868 3.995 4.132 4.291 4.464 4.639 4.816 4.961 5.051 5.162 5.289 5.409 5.504 5.570 5.628 5.699 5.786 5.873 5.947 6.013 6.058 5.970 5.886 5.806 5.732 5.668 5.602 5.512 5.402 5.296 5.197 5.102 5.040 4.983 4.918 4.848
0.000 0.260 0.812 0.496 0.421 0.524 0.622 0.511 0.492 0.657 0.499 0.679 0.919 0.954 1.104 0.922 0.913 0.890 0.797 0.782 1.136 0.874 0.807 1.065 1.206 1.232 1.344 1.513 1.785 1.885 1.871 1.813 1.939 2.172 2.408 2.624 2.801 2.998 3.290 3.584 3.783 3.897 3.992 4.109 4.256 4.426 4.615 4.809 4.950 5.053 5.168 5.288 5.399 5.488 5.552 5.609 5.684 5.775 5.862 5.936 5.955 5.968 5.902 5.840 5.771 5.703 5.643 5.574 5.468 5.335 5.207 5.096 5.004 4.947 4.905 4.852 4.783
0.000 0.326 0.679 0.658 0.666 0.602 0.516 0.357 0.573 0.623 0.658 0.733 0.651 0.643 0.521 0.294 0.488 0.696 0.880 0.964 1.211 1.081 0.841 0.897 1.041 1.107 1.388 1.456 1.552 1.587 1.707 1.820 2.036 2.321 2.595 2.754 2.861 3.016 3.287 3.567 3.762 3.869 3.958 4.072 4.220 4.397 4.599 4.809 4.947 5.064 5.184 5.294 5.391 5.475 5.546 5.612 5.694 5.785 5.836 5.846 5.849 5.860 5.810 5.750 5.696 5.649 5.603 5.522 5.402 5.249 5.101 4.980 4.894 4.844 4.822 4.785 4.737
0.000 0.572 0.463 0.721 0.605 0.441 0.371 0.411 0.686 0.591 0.567 0.722 0.605 0.579 0.423 0.067 0.468 0.437 0.599 0.816 0.913 0.821 0.762 0.891 1.078 1.251 1.446 1.340 1.276 1.292 1.502 1.799 2.145 2.433 2.685 2.774 2.841 2.983 3.240 3.498 3.686 3.807 3.912 4.034 4.192 4.381 4.593 4.816 4.949 5.074 5.191 5.290 5.374 5.453 5.532 5.613 5.691 5.725 5.743 5.743 5.739 5.748 5.714 5.658 5.606 5.557 5.502 5.424 5.311 5.160 5.001 4.872 4.784 4.736 4.730 4.722 4.717
0.000 0.017 0.218 0.227 0.645 0.579 0.435 0.163 0.367 0.313 0.387 0.520 0.470 0.657 0.364 0.447 0.803 0.696 0.733 0.858 0.892 0.694 0.623 0.727 0.948 1.227 1.334 1.338 1.291 1.278 1.442 1.731 2.133 2.414 2.619 2.664 2.730 2.900 3.174 3.441 3.641 3.773 3.898 4.025 4.187 4.383 4.601 4.828 4.952 5.070 5.174 5.258 5.328 5.402 5.488 5.534 5.584 5.621 5.635 5.629 5.619 5.624 5.606 5.555 5.508 5.458 5.393 5.305 5.186 5.044 4.904 4.789 4.700 4.648 4.649 4.692 4.704
0.262 0.033 0.191 0.131 0.267 0.392 0.544 0.395 0.432 0.226 0.479 0.767 0.618 0.780 0.556 0.675 0.722 0.940 0.834 0.822 0.795 0.702 0.692 0.688 0.837 1.069 1.001 1.125 1.216 1.276 1.471 1.738 2.036 2.270 2.472 2.532 2.616 2.831 3.132 3.422 3.644 3.789 3.907 4.044 4.203 4.401 4.622 4.830 4.945 5.046 5.130 5.200 5.261 5.295 5.330 5.388 5.451 5.495 5.507 5.498 5.482 5.483 5.479 5.432 5.390 5.342 5.275 5.183 5.067 4.936 4.805 4.691 4.617 4.581 4.615 4.663 4.683
0.438 0.510 0.432 0.458 0.262 0.574 0.986 0.506 0.312 0.670 0.657 0.615 0.848 1.044 0.760 0.795 0.649 0.697 0.715 0.353 0.500 0.703 0.625 0.692 0.980 1.175 1.043 1.070 1.182 1.306 1.482 1.725 1.949 2.169 2.365 2.476 2.608 2.840 3.141 3.432 3.661 3.805 3.910 4.040 4.215 4.412 4.635 4.820 4.926 5.011 5.079 5.120 5.121 5.133 5.170 5.237 5.310 5.357 5.368 5.356 5.335 5.330 5.337 5.289 5.248 5.204 5.144 5.059 4.953 4.836 4.718 4.614 4.545 4.537 4.561 4.603 4.626
0.495 0.608 0.580 0.998 0.753 0.780 0.844 0.801 0.515 0.785 0.921 0.648 0.880 0.974 0.530 0.641 0.701 0.588 0.446 0.098 0.420 0.832 0.949 0.949 1.093 1.162 1.082 1.100 1.041 1.277 1.512 1.819 2.074 2.285 2.452 2.550 2.681 2.893 3.160 3.437 3.658 3.789 3.887 4.021 4.203 4.415 4.633 4.795 4.899 4.978 4.985 4.988 4.989 5.000 5.034 5.096 5.168 5.214 5.223 5.210 5.190 5.184 5.200 5.146 5.095 5.049 4.998 4.928 4.836 4.731 4.622 4.532 4.510 4.515 4.522 4.538 4.538
0.294 0.448 0.938 0.737 0.126 0.622 0.506 0.592 0.929 0.528 0.766 0.791 0.644 0.884 0.667 0.748 0.886 0.495 0.335 0.336 0.782 0.963 0.736 0.650 0.695 0.708 0.774 0.972 0.947 1.238 1.526 1.894 2.216 2.422 2.533 2.622 2.740 2.911 3.135 3.386 3.592 3.724 3.838 3.993 4.189 4.403 4.625 4.766 4.834 4.874 4.885 4.891 4.893 4.900 4.923 4.970 5.029 5.068 5.078 5.069 5.057 5.058 5.074 5.024 4.961 4.907 4.860 4.797 4.715 4.623 4.530 4.487 4.479 4.483 4.473 4.451 4.427
0.259 0.733 0.768 0.504 0.000 0.627 0.668 1.298 0.760 0.374 0.381 0.688 0.593 0.751 0.797 0.996 0.870 0.412 0.436 0.608 0.774 0.843 0.848 0.604 0.222 0.263 0.518 0.747 0.985 1.293 1.623 1.907 2.161 2.349 2.476 2.602 2.747 2.892 3.069 3.289 3.498 3.653 3.804 3.987 4.193 4.402 4.616 4.664 4.712 4.766 4.794 4.805 4.810 4.813 4.824 4.852 4.893 4.925 4.936 4.931 4.930 4.939 4.962 4.928 4.859 4.798 4.747 4.684 4.608 4.532 4.492 4.459 4.444 4.434 4.403 4.352 4.313
0.515 0.521 0.688 0.539 0.650 0.288 0.094 0.000 0.390 0.401 0.543 0.650 0.526 0.934 0.869 1.096 1.132 0.707 0.783 0.902 0.706 0.774 0.713 0.709 0.426 0.226 0.544 0.752 0.982 1.277 1.619 1.871 2.082 2.245 2.379 2.548 2.732 2.892 3.059 3.264 3.476 3.656 3.837 4.035 4.238 4.434 4.585 4.683 4.691 4.704 4.699 4.715 4.723 4.721 4.723 4.739 4.766 4.791 4.799 4.794 4.793 4.808 4.842 4.834 4.771 4.708 4.645 4.576 4.499 4.468 4.447 4.423 4.403 4.376 4.325 4.253 4.201
0.601 0.173 0.763 0.320 0.467 0.158 0.501 0.198 0.250 0.515 0.556 0.757 0.430 0.506 0.751 0.846 0.951 0.849 0.928 1.056 0.673 0.521 0.570 0.798 0.720 0.512 0.706 0.957 1.208 1.391 1.624 1.762 1.991 2.140 2.305 2.493 2.703 2.905 3.101 3.311 3.525 3.718 3.905 4.098 4.285 4.435 4.549 4.683 4.692 4.712 4.723 4.711 4.673 4.618 4.613 4.621 4.638 4.655 4.660 4.651 4.644 4.656 4.694 4.713 4.667 4.611 4.545 4.470 4.419 4.389 4.380 4.371 4.355 4.319 4.253 4.169 4.098
0.873 0.130 0.198 0.881 0.000 0.293 1.342 0.106 0.362 0.278 0.250 0.823 0.961 0.574 0.520 0.762 0.743 0.595 0.665 0.950 0.714 0.450 0.371 0.629 0.822 0.622 0.930 0.973 1.195 1.391 1.592 1.690 1.921 2.068 2.234 2.444 2.694 2.950 3.194 3.426 3.644 3.827 3.990 4.162 4.329 4.418 4.517 4.635 4.692 4.708 4.723 4.723 4.700 4.657 4.605 4.556 4.517 4.529 4.531 4.519 4.505 4.509 4.542 4.578 4.542 4.497 4.440 4.394 4.335 4.297 4.291 4.299 4.298 4.262 4.189 4.100 4.015
0.720 0.249 1.019 0.000 0.175 0.441 0.000 0.362 0.324 0.535 0.421 0.699 0.925 0.617 0.773 0.827 0.747 0.621 0.578 0.641 0.604 0.502 0.424 0.407 0.565 0.651 1.175 1.191 1.420 1.584 1.622 1.619 1.808 1.992 2.172 2.400 2.689 3.004 3.310 3.557 3.755 3.909 4.046 4.208 4.325 4.410 4.498 4.600 4.700 4.702 4.713 4.720 4.712 4.686 4.646 4.603 4.563 4.519 4.467 4.408 4.392 4.389 4.405 4.443 4.406 4.376 4.362 4.319 4.255 4.206 4.191 4.201 4.207 4.178 4.109 4.025 3.940
0.651 0.318 0.334 0.251 0.727 0.000 0.193 0.396 0.146 0.356 0.850 0.877 0.770 0.593 0.443 0.696 0.784 0.744 0.656 0.577 0.641 0.563 0.618 0.509 0.624 0.725 1.199 1.356 1.521 1.615 1.616 1.663 1.853 2.044 2.191 2.409 2.717 3.058 3.378 3.614 3.785 3.918 4.055 4.208 4.318 4.417 4.502 4.589 4.698 4.710 4.713 4.727 4.736 4.728 4.700 4.659 4.618 4.577 4.530 4.469 4.402 4.340 4.299 4.317 4.293 4.296 4.287 4.248 4.183 4.121 4.086 4.084 4.090 4.071 4.016 3.946 3.868
0.432 0.662 0.553 0.883 0.651 0.408 0.586 0.275 0.543 0.658 0.626 0.931 0.958 0.910 0.457 0.665 0.948 0.609 0.623 0.634 0.654 0.808 0.944 0.907 0.969 1.029 1.147 1.201 1.397 1.617 1.725 1.843 2.052 2.219 2.333 2.499 2.778 3.079 3.353 3.557 3.714 3.861 4.031 4.167 4.310 4.434 4.527 4.602 4.689 4.741 4.735 4.754 4.776 4.780 4.759 4.721 4.674 4.630 4.584 4.528 4.467 4.412 4.354 4.312 4.278 4.243 4.222 4.189 4.132 4.063 4.005 3.981 3.983 3.974 3.938 3.881 3.809
0.414 0.243 0.426 0.475 0.000 0.436 0.262 0.298 0.415 0.519 0.327 0.651 0.565 0.767 0.334 0.804 0.945 0.667 0.610 0.723 0.746 0.845 0.947 0.860 0.854 0.915 1.004 1.118 1.288 1.576 1.786 1.978 2.200 2.380 2.504 2.622 2.828 3.073 3.298 3.475 3.633 3.808 3.973 4.140 4.314 4.457 4.554 4.619 4.688 4.783 4.768 4.791 4.823 4.833 4.815 4.775 4.722 4.671 4.621 4.565 4.513 4.471 4.427 4.395 4.368 4.319 4.266 4.208 4.130 4.031 3.950 3.912 3.912 3.916 3.897 3.844 3.765
0.201 0.329 0.697 0.677 0.230 0.511 0.243 0.439 0.640 0.174 0.459 0.592 0.482 0.725 0.610 0.799 0.751 0.546 0.597 0.815 0.940 0.905 0.786 0.797 1.066 1.010 1.022 1.100 1.211 1.474 1.769 1.987 2.202 2.445 2.617 2.727 2.884 3.072 3.261 3.422 3.583 3.759 3.921 4.114 4.306 4.453 4.546 4.608 4.671 4.775 4.809 4.834 4.869 4.878 4.859 4.817 4.758 4.699 4.642 4.583 4.538 4.509 4.489 4.471 4.455 4.402 4.338 4.277 4.208 4.117 4.025 3.959 3.929 3.908 3.875 3.818 3.732
0.330 0.146 0.423 0.404 0.447 0.401 0.467 0.500 0.505 0.589 0.700 0.609 0.693 0.592 0.414 0.430 0.537 0.680 0.887 0.935 0.752 0.759 0.669 0.646 0.951 1.019 1.108 1.217 1.389 1.555 1.735 1.930 2.146 2.402 2.606 2.746 2.917 3.094 3.265 3.420 3.583 3.716 3.889 4.086 4.276 4.419 4.511 4.574 4.641 4.748 4.849 4.876 4.906 4.909 4.885 4.840 4.779 4.712 4.647 4.589 4.549 4.536 4.530 4.524 4.519 4.481 4.417 4.355 4.291 4.212 4.136 4.079 4.042 4.006 3.948 3.856 3.744
