includes/lisflood/oleron/results_R2_t1.56079001071E12/res-0008.wdfp
ncols         631
nrows         906
xllcorner     364927.146667
yllcorner     6531972.565556
cellsize      20.000000
NODATA_value  -9999.000000
[rows 136 to 169 of 906, columns 154 to 230 of 631]
0.000 0.000 0.000 0.000 0.000 0.184 0.299 0.316 0.365 0.937 0.977 0.798 1.363 1.089 0.998 0.447 0.490 0.383 0.550 0.741 1.086 0.861 1.541 0.908 1.033 0.971 0.899 1.087 1.213 1.294 1.205 0.572 1.279 1.014 1.082 1.669 1.605 1.646 0.097 1.432 1.392 1.037 0.685 1.504 1.538 1.294 1.430 1.282 0.865 0.933 1.088 1.097 1.067 0.449 0.408 0.456 0.269 0.994 0.713 1.308 1.349 1.410 0.546 0.914 0.746 1.126 0.742 0.728 1.217 0.076 1.863 0.490 0.000 0.536 0.915 1.631 0.258
0.000 0.000 0.000 0.000 0.000 0.000 0.006 0.178 0.293 0.745 0.823 0.922 0.985 1.742 1.184 0.705 0.767 0.454 0.677 1.086 1.105 1.028 1.241 1.059 0.897 1.148 1.295 0.910 0.726 0.920 0.953 1.298 1.149 1.244 1.453 0.000 1.458 1.703 0.037 1.435 1.078 1.389 0.765 1.509 0.998 0.795 1.186 0.727 0.898 1.750 0.915 0.832 1.365 0.648 0.661 0.518 1.092 0.700 0.929 0.851 1.510 1.548 1.380 0.874 1.761 0.597 0.877 1.390 0.337 1.652 1.540 0.522 1.620 0.020 0.025 0.149 0.143
0.000 0.000 0.000 0.000 0.000 0.000 0.000 0.000 0.019 0.386 0.615 0.656 0.790 1.157 0.997 1.073 0.899 1.003 0.854 1.088 1.346 1.058 1.227 1.300 1.389 1.374 0.881 1.000 0.935 1.234 0.912 1.250 1.318 1.047 1.301 0.303 1.476 1.636 0.556 1.499 1.260 0.822 1.269 1.259 1.047 1.405 1.368 0.171 0.975 0.959 1.479 1.164 1.466 0.000 1.225 1.004 0.785 0.889 1.167 0.917 1.218 0.454 0.874 0.796 0.966 1.481 0.796 0.620 1.232 1.555 0.582 0.078 1.555 1.587 1.642 0.433 0.306
0.000 0.000 0.000 0.000 0.000 0.000 0.000 0.000 0.000 0.173 0.538 0.577 0.711 0.639 1.421 1.556 0.829 0.321 0.774 1.149 1.330 0.725 1.174 1.398 1.065 1.156 1.387 1.283 0.956 1.336 0.978 1.329 0.659 0.938 0.807 0.243 1.405 1.231 0.506 0.843 1.243 0.774 1.511 1.093 0.981 0.775 0.613 0.397 0.869 1.311 1.458 0.940 0.633 1.272 0.779 0.965 0.887 0.588 0.879 1.144 0.991 0.864 1.521 0.884 1.010 0.839 0.166 0.529 1.736 1.237 1.355 1.251 0.006 0.000 0.978 1.405 1.660
0.000 0.000 0.000 0.000 0.000 0.000 0.000 0.000 0.000 0.000 0.024 0.318 0.593 0.908 1.119 1.543 1.440 0.437 0.675 0.944 1.222 1.035 1.311 1.166 1.450 1.194 1.175 1.397 1.321 1.096 1.337 1.142 1.066 0.887 0.472 1.060 0.434 1.094 1.452 1.540 0.100 0.667 0.809 1.030 1.278 1.273 0.715 0.577 0.857 0.913 1.346 1.083 0.566 0.476 0.814 0.402 0.826 1.112 1.293 1.335 1.080 0.600 1.262 0.544 0.880 0.637 0.540 1.975 1.793 0.058 0.038 1.238 1.330 1.423 0.008 0.155 1.487
0.000 0.000 0.000 0.000 0.000 0.000 0.000 0.000 0.000 0.000 0.075 0.369 0.603 0.819 1.142 1.164 1.478 1.297 1.033 1.014 1.410 1.457 1.057 0.919 1.469 1.608 1.336 1.124 0.915 1.287 1.293 0.550 1.201 1.003 0.666 1.058 0.794 0.731 1.052 1.515 1.504 1.514 0.210 1.171 1.498 0.261 0.802 0.550 0.787 0.087 0.739 0.430 0.892 0.636 0.626 1.404 1.066 1.236 1.033 0.858 1.492 1.168 1.366 0.800 0.949 0.331 0.868 1.875 1.969 1.004 0.578 0.267 0.013 1.304 1.333 1.335 0.779
0.000 0.000 0.000 0.000 0.000 0.000 0.000 0.038 0.078 0.250 0.498 0.754 0.667 0.783 1.061 1.509 1.493 1.666 1.588 1.372 0.995 1.106 0.878 1.347 1.399 0.803 1.374 1.261 1.050 1.360 1.355 1.228 1.204 1.284 0.846 0.733 1.608 0.845 0.732 0.681 0.078 1.337 1.534 1.602 0.000 0.514 0.860 1.289 0.351 1.115 0.181 0.000 0.955 0.614 0.880 1.077 0.029 0.768 1.277 1.030 1.237 0.788 0.595 0.784 1.410 0.447 1.806 1.830 0.481 0.810 1.137 0.964 1.161 0.951 0.736 1.377 0.613
0.000 0.000 0.000 0.006 0.000 0.011 0.029 0.241 0.150 0.704 0.375 0.745 0.789 0.938 1.462 1.327 1.379 1.638 0.326 1.610 1.294 0.019 1.585 1.429 1.024 1.645 1.270 1.341 1.235 0.871 0.898 0.776 0.477 0.762 1.179 0.751 0.975 1.207 0.814 1.168 1.376 0.000 0.481 1.385 1.546 1.661 0.131 0.988 0.709 0.150 0.000 0.539 0.300 0.726 0.173 0.774 1.378 1.255 0.418 0.869 0.121 0.817 1.090 0.874 0.451 1.117 1.634 1.216 0.686 0.953 1.107 1.297 0.922 1.221 1.234 0.526 0.022
0.046 0.128 0.166 0.097 0.349 0.089 0.489 0.423 0.749 0.647 0.682 0.788 0.788 1.306 1.366 1.700 1.105 0.969 0.613 1.304 0.274 1.457 0.867 0.189 1.376 1.279 0.471 1.308 0.944 0.709 1.071 1.244 1.240 0.900 1.041 1.069 1.258 1.524 0.933 1.081 0.326 1.519 0.709 0.000 1.258 1.797 1.681 0.876 0.220 0.987 1.142 0.202 0.000 0.000 0.435 0.737 0.415 0.528 0.350 1.176 0.379 0.120 0.452 0.496 0.413 1.783 1.755 0.687 0.594 1.016 0.840 0.952 0.814 1.328 1.152 0.245 0.651
0.351 0.483 0.204 0.536 0.482 0.652 0.667 0.653 0.841 1.046 1.379 0.902 1.202 1.220 1.502 1.476 1.311 0.603 1.440 1.473 0.002 1.565 1.180 0.028 1.184 0.000 1.498 0.827 1.076 0.853 1.420 1.290 1.456 1.130 1.237 0.908 1.351 0.524 1.332 0.895 0.949 0.498 1.067 1.713 1.439 0.000 1.268 1.372 1.376 0.062 0.000 0.443 1.086 0.170 0.000 0.036 0.375 0.354 0.325 0.529 1.340 0.611 1.235 0.705 1.818 1.768 0.644 0.855 0.429 0.644 0.709 1.014 0.920 1.070 0.720 0.415 1.320
0.743 0.528 0.568 0.662 0.683 0.785 0.834 0.803 0.964 1.266 1.282 1.342 1.482 1.333 1.493 1.333 0.845 1.551 1.415 0.119 1.738 1.225 0.000 1.156 1.545 0.249 1.139 0.930 1.232 1.494 1.386 0.822 0.679 0.602 1.494 0.736 1.372 0.918 0.943 0.822 0.751 0.944 0.005 0.239 1.350 1.606 1.534 0.000 0.711 1.223 1.124 0.000 0.080 1.168 1.010 0.000 0.007 0.560 0.825 0.908 1.085 0.865 1.055 0.865 1.026 0.978 0.790 0.468 0.715 1.433 0.894 1.066 0.708 0.838 0.948 0.916 1.150
0.581 0.529 0.701 0.736 0.934 0.893 0.767 0.861 1.274 1.010 1.160 1.120 1.358 1.373 1.442 1.484 0.615 1.119 1.059 1.092 1.204 1.067 0.693 1.426 0.000 1.572 0.569 0.264 0.769 1.279 1.410 1.413 1.154 0.937 0.933 1.433 1.027 1.378 0.648 1.118 0.462 0.935 1.390 0.515 0.770 0.083 1.567 1.405 0.776 0.239 0.700 0.941 0.577 0.000 0.593 0.886 0.542 0.220 1.221 0.997 1.359 0.499 0.995 0.353 0.569 0.995 1.118 0.826 1.162 0.872 0.755 0.593 0.480 1.001 0.239 0.803 0.425
0.612 0.742 0.857 0.945 1.131 0.822 0.930 0.747 1.526 1.447 1.474 0.949 1.123 1.633 1.328 0.324 1.516 1.282 0.047 1.392 1.490 0.500 0.589 1.057 1.411 1.197 1.034 1.391 1.611 1.496 1.056 0.727 0.532 1.083 0.940 1.319 0.732 0.976 0.626 0.845 1.047 0.772 1.122 0.131 0.924 0.939 0.449 0.207 1.287 1.405 0.081 0.000 1.357 1.377 1.474 0.000 0.976 1.181 0.611 0.713 0.537 1.291 0.850 0.767 1.101 0.882 0.931 1.013 1.013 0.968 0.968 0.640 0.366 0.320 1.287 1.312 0.172
1.588 1.805 1.305 1.692 1.925 1.364 0.792 1.138 0.370 1.178 1.342 0.976 1.325 1.644 0.823 1.130 1.049 0.013 1.226 1.317 0.289 1.317 1.622 0.469 1.580 1.211 1.672 1.000 0.986 1.178 1.343 1.302 1.303 1.318 0.645 0.674 1.443 0.935 0.484 0.894 1.038 0.831 0.701 0.537 0.642 0.261 1.097 1.514 0.000 0.378 1.368 1.579 0.000 0.536 1.355 1.351 0.000 0.000 0.459 1.334 0.689 1.261 0.560 0.908 1.084 0.786 0.461 1.057 0.768 1.036 0.870 0.576 0.574 1.017 1.575 0.074 0.662
1.706 0.652 0.401 0.495 2.289 1.376 1.661 1.805 1.499 1.404 1.013 1.471 1.577 0.851 0.226 1.616 1.697 0.642 1.493 1.362 0.468 1.262 1.400 0.890 1.239 1.568 0.752 1.419 1.359 0.730 1.146 0.777 0.686 1.285 1.192 1.369 0.677 1.298 0.740 0.392 1.509 0.848 1.174 0.868 0.374 1.466 0.088 0.003 1.400 1.461 0.005 0.657 1.783 1.499 0.000 0.887 1.196 1.103 0.503 1.132 0.629 0.917 1.004 1.265 0.611 0.646 0.763 0.879 0.561 1.191 0.861 1.125 0.518 1.564 0.746 0.491 0.378
1.630 1.075 1.503 1.764 1.394 0.866 0.685 0.861 1.458 1.597 1.306 1.346 1.107 1.669 1.330 1.434 0.013 1.044 1.092 0.357 0.851 1.100 0.900 1.349 1.899 0.218 1.351 1.497 1.249 1.412 1.180 1.399 1.306 0.840 1.101 1.273 1.488 1.218 0.946 1.120 0.723 1.358 0.701 0.875 0.812 0.771 0.402 0.439 0.002 0.024 1.193 0.983 0.043 0.521 1.669 0.666 0.000 0.296 0.732 0.198 1.058 0.630 1.016 0.963 1.105 1.072 0.919 0.946 0.877 1.160 0.522 0.790 1.822 1.603 1.167 0.791 1.242
0.914 0.332 1.485 0.737 1.556 1.602 1.144 1.570 1.423 1.234 1.380 0.948 0.791 1.224 1.222 0.716 0.560 1.517 0.713 1.457 0.986 1.047 1.406 1.691 0.144 0.979 0.859 1.283 0.507 1.251 0.768 1.098 1.542 1.298 1.517 0.113 1.368 0.040 1.389 1.182 1.024 1.093 0.814 0.534 0.046 0.581 0.930 0.537 1.450 0.314 0.203 1.186 0.998 0.643 0.697 1.011 0.161 0.915 0.007 0.569 0.635 0.427 1.443 1.360 0.937 1.363 0.633 0.593 0.753 0.165 0.794 1.680 1.443 0.719 1.497 1.487 1.080
1.313 1.456 1.195 1.090 0.796 1.119 1.088 0.980 1.591 1.175 1.405 1.205 1.482 0.981 1.231 1.484 0.972 0.589 1.326 1.236 1.506 1.100 1.490 0.923 0.695 1.378 1.366 1.155 1.381 0.961 1.240 0.884 0.875 1.093 1.284 0.930 1.262 0.063 1.229 0.000 0.579 1.061 0.557 0.435 0.774 0.575 0.604 1.200 0.132 0.339 0.224 0.083 0.139 0.192 0.845 0.873 1.006 0.378 0.539 0.209 0.324 0.700 1.302 0.394 1.162 0.353 0.769 0.328 0.654 0.716 0.477 1.565 0.536 1.263 0.598 0.495 0.513
1.138 0.852 1.231 1.180 1.708 1.682 0.986 1.785 1.154 1.017 1.427 1.115 1.575 1.246 1.190 1.330 1.517 1.373 0.978 1.516 0.928 0.836 1.416 0.000 1.359 1.530 1.293 1.424 1.092 1.500 0.932 1.281 1.703 1.110 0.381 1.223 0.687 1.032 1.203 0.942 0.843 0.825 0.549 0.530 0.283 0.348 0.898 1.080 0.448 0.767 0.308 0.316 0.448 0.500 0.834 0.881 0.836 0.803 0.529 0.422 0.530 0.823 0.206 1.463 0.123 0.298 0.148 0.332 1.012 0.207 1.624 1.007 0.792 0.716 0.602 0.365 1.051
1.122 1.092 1.343 1.406 1.093 1.035 1.183 1.126 1.542 1.162 0.685 0.745 2.021 1.595 1.368 0.964 0.934 0.724 1.085 1.290 1.498 1.297 1.774 0.503 1.174 0.552 0.697 1.061 1.054 1.457 0.994 1.273 1.210 1.229 0.657 1.224 0.228 1.194 0.558 0.671 1.197 1.117 0.860 1.099 0.763 0.738 0.610 0.807 0.813 0.566 0.363 0.548 0.472 0.314 0.359 0.396 0.236 0.574 0.384 0.498 0.755 0.163 0.941 1.125 0.132 0.000 1.415 1.232 0.411 1.636 1.417 1.068 1.335 1.356 0.920 0.710 1.561
1.124 1.630 1.041 0.946 1.251 0.741 1.797 1.364 1.737 1.406 1.481 1.418 1.537 1.669 1.513 1.468 0.974 1.380 0.863 1.524 1.663 1.148 1.538 0.666 1.416 0.829 1.165 1.553 1.088 1.397 0.832 1.266 0.878 0.781 0.958 1.219 0.942 1.139 0.761 0.603 1.535 1.280 1.204 0.854 0.878 0.533 0.565 0.611 0.398 0.158 0.469 0.678 0.352 0.607 0.533 0.345 0.604 0.549 0.544 0.236 0.105 0.253 1.264 0.090 0.358 0.299 0.632 0.368 1.146 1.394 0.897 1.104 0.703 0.797 0.875 0.466 0.373
1.191 1.606 0.151 0.413 1.258 1.136 1.198 1.079 0.776 0.287 0.074 0.738 1.200 1.611 1.565 1.580 1.748 2.104 1.592 1.135 1.310 1.304 1.804 0.865 0.839 0.467 0.411 0.632 1.351 1.404 0.852 0.942 1.550 0.428 1.259 0.119 1.182 0.685 1.233 0.755 1.006 1.141 0.724 0.664 0.309 0.511 0.650 0.547 0.748 0.252 0.660 0.484 0.617 0.698 0.561 0.254 0.398 0.498 0.335 0.253 0.879 0.893 0.928 1.156 0.200 0.043 0.316 0.892 1.626 0.743 0.415 1.439 0.630 0.853 0.630 0.681 1.390
0.663 0.518 0.000 0.125 0.301 0.835 1.083 1.503 0.890 1.387 1.588 1.130 0.776 0.791 0.648 0.377 0.741 1.718 1.949 1.644 1.541 1.692 1.202 0.893 0.879 0.384 0.437 1.441 0.815 0.935 0.740 0.748 0.231 0.694 0.979 1.427 1.501 0.733 0.543 1.076 0.537 0.820 0.715 0.544 0.470 0.233 0.447 0.719 0.236 0.424 0.802 0.413 0.581 0.530 0.617 0.530 0.507 0.431 0.493 0.373 0.311 0.164 0.773 0.589 0.701 0.683 0.000 1.628 0.342 0.951 1.037 0.523 1.406 0.394 1.217 1.320 1.568
0.727 0.083 0.016 0.005 0.094 0.082 0.723 1.042 1.807 1.536 1.833 0.950 1.000 1.284 1.116 1.142 1.759 1.247 1.647 1.053 1.795 1.404 1.157 0.938 0.971 0.959 0.494 0.651 0.515 0.246 1.417 1.425 1.475 1.149 1.410 1.421 1.317 1.376 1.228 1.314 1.183 0.816 0.585 0.401 0.519 0.295 0.249 0.292 0.610 0.538 0.568 0.822 0.606 0.567 0.250 0.178 0.322 0.331 0.602 0.416 0.247 0.509 0.344 0.400 0.720 0.409 0.749 0.786 0.648 0.897 1.104 1.035 0.094 1.465 1.500 1.559 1.490
0.668 0.002 0.000 0.000 0.000 0.038 0.189 1.566 1.162 1.476 1.816 1.747 1.192 1.374 1.370 1.255 1.300 1.509 1.610 1.794 1.615 0.967 1.021 1.035 0.627 0.881 0.788 0.906 0.362 0.492 0.332 1.181 1.417 0.986 1.459 1.204 1.385 1.008 1.389 1.134 1.244 0.827 0.701 0.737 0.315 0.412 0.143 0.418 0.341 0.686 0.375 0.497 0.355 0.499 0.552 0.306 0.242 0.475 0.424 0.423 0.542 0.339 0.455 0.323 0.359 0.386 0.182 0.474 0.724 0.893 1.091 0.952 0.329 0.024 0.000 1.289 0.286
0.714 0.053 0.048 0.000 0.000 0.002 0.296 1.119 0.934 0.946 1.232 1.604 1.573 1.172 1.672 1.621 1.600 1.605 1.440 1.673 1.297 1.192 0.597 0.899 0.849 0.712 0.594 0.636 0.909 0.712 0.675 0.980 0.914 0.891 1.240 0.989 1.037 0.943 0.899 0.868 0.776 1.439 0.797 0.428 0.421 0.208 0.103 0.062 0.113 0.248 0.366 0.175 0.318 0.310 0.296 0.526 0.172 0.300 0.602 0.586 0.296 0.542 0.422 0.447 0.311 0.023 0.419 0.301 0.635 0.915 1.196 0.879 0.794 0.399 0.496 0.909 1.137
1.229 1.247 0.084 0.000 0.078 0.013 0.152 1.638 1.128 0.800 0.922 0.787 1.263 1.043 1.123 1.462 1.331 0.800 0.825 1.260 0.963 0.894 0.761 0.762 0.649 0.665 0.874 0.622 0.786 0.760 0.662 0.773 1.015 0.818 0.956 1.490 1.293 0.676 1.235 0.906 0.795 1.085 0.889 0.459 0.161 0.149 0.004 0.000 0.226 0.075 0.224 0.662 0.328 0.427 0.318 0.366 0.410 0.258 0.315 0.354 0.377 0.232 0.223 0.343 0.392 0.318 0.323 0.031 0.466 0.441 0.440 0.473 0.940 0.118 0.000 1.256 1.536
1.065 1.158 0.944 1.016 0.208 0.401 0.806 0.784 0.720 1.209 1.320 1.229 0.592 0.985 1.560 1.261 1.198 1.284 1.678 1.581 1.726 1.009 0.714 0.768 0.581 0.491 0.425 0.659 0.455 0.917 0.698 0.782 0.364 0.712 0.425 1.343 1.380 1.233 1.205 1.258 1.035 1.063 0.467 0.465 0.202 0.000 0.000 0.000 0.126 0.167 0.206 0.388 0.283 0.516 0.836 0.201 0.469 0.244 0.209 0.202 0.123 0.163 0.249 0.239 0.204 0.282 0.085 0.295 0.456 0.467 0.409 0.286 0.000 0.000 1.319 0.068 0.000
1.716 0.795 0.636 0.799 0.994 0.797 1.265 0.942 0.703 0.937 0.947 1.248 0.875 0.656 0.901 1.093 1.399 1.122 1.611 0.867 1.124 0.915 0.581 0.513 0.535 0.432 0.329 0.416 0.327 0.630 0.480 0.793 1.261 0.881 0.505 1.036 1.328 1.125 1.418 1.199 1.036 0.937 0.511 0.267 0.022 0.003 0.000 0.000 0.000 0.195 0.161 0.253 0.140 0.538 0.530 0.386 0.385 0.510 0.206 0.000 0.006 0.063 0.213 0.440 0.241 0.161 0.192 0.233 0.230 0.223 0.491 0.045 0.277 0.470 1.452 1.415 0.292
1.095 1.144 0.923 1.934 0.819 0.943 0.686 0.636 0.653 0.711 0.868 0.531 0.416 0.658 1.089 1.113 0.955 1.003 0.884 0.589 0.777 0.736 0.463 0.621 0.199 0.430 0.200 0.262 0.710 0.526 0.640 1.164 1.071 1.173 0.313 1.056 1.107 1.028 1.055 1.689 1.304 0.673 0.451 0.145 0.000 0.000 0.000 0.000 0.000 0.002 0.200 0.300 0.501 0.654 0.363 0.494 0.500 0.376 0.276 0.192 0.087 0.241 0.348 0.131 0.231 0.144 0.235 0.422 0.329 0.338 0.199 0.592 0.419 0.000 1.036 0.205 1.418
1.190 0.799 2.118 0.479 1.232 1.108 0.518 0.342 0.742 0.706 0.991 0.826 0.365 0.762 0.639 0.978 0.856 0.238 0.535 0.527 0.654 0.681 0.394 0.505 0.000 0.471 0.289 0.266 0.399 0.347 0.838 1.355 1.456 1.526 0.377 1.310 0.954 1.302 1.020 1.078 1.179 1.071 0.407 0.072 0.000 0.000 0.000 0.000 0.000 0.000 0.101 0.000 0.255 0.456 0.314 0.370 0.620 0.399 0.330 0.074 0.156 0.243 0.192 0.173 0.246 0.319 0.278 0.529 0.036 0.529 0.395 0.734 0.700 0.000 1.682 1.301 1.625
0.465 1.767 0.674 1.344 1.358 1.386 0.824 0.483 0.141 0.509 0.347 0.413 0.029 0.594 0.625 0.554 0.692 0.680 0.106 0.000 0.200 0.255 0.000 0.271 0.176 0.361 0.521 0.504 0.410 0.466 1.127 1.547 1.164 1.083 1.016 1.404 0.554 1.551 0.752 1.304 1.434 0.900 0.532 0.160 0.000 0.000 0.000 0.000 0.000 0.000 0.000 0.000 0.607 0.085 0.369 0.305 0.426 0.514 0.246 0.454 0.288 0.260 0.257 0.343 0.294 0.351 0.308 0.299 0.363 0.379 0.574 0.991 0.000 1.248 1.028 0.000 0.055
1.810 0.850 0.836 0.949 0.986 1.425 1.386 0.512 0.082 0.498 0.380 0.190 0.100 0.095 0.244 0.185 0.317 0.067 0.000 0.075 0.000 0.000 0.000 0.000 0.071 0.409 0.303 0.686 0.671 0.909 0.813 1.561 1.522 1.172 1.059 1.639 0.415 1.294 0.706 1.103 1.375 1.302 0.569 0.017 0.000 0.000 0.000 0.000 0.000 0.000 0.000 0.000 0.000 0.002 0.351 0.452 0.416 0.686 0.726 0.398 0.316 0.319 0.267 0.329 0.289 0.488 0.373 0.252 0.389 0.467 0.738 0.832 0.000 1.083 1.023 0.000 1.397
1.369 1.045 0.686 0.390 0.806 1.106 1.111 0.687 0.214 0.004 0.014 0.008 0.000 0.000 0.000 0.000 0.000 0.000 0.000 0.000 0.000 0.000 0.000 0.000 0.000 0.083 0.380 0.522 0.579 0.660 0.880 1.088 0.851 0.777 0.989 1.444 0.108 1.151 1.530 1.551 1.172 0.862 0.269 0.080 0.000 0.000 0.000 0.000 0.000 0.000 0.000 0.538 0.000 0.000 0.081 0.489 0.446 0.518 0.928 0.912 0.534 0.578 0.505 0.537 0.571 0.326 0.423 0.259 0.006 0.421 0.891 0.726 0.952 0.000 1.632 1.123 1.561
