includes/lisflood/oleron/results_R2_t1.56079001071E12/res-0007.wdfp
ncols         631
nrows         906
xllcorner     364927.146667
yllcorner     6531972.565556
cellsize      20.000000
NODATA_value  -9999.000000
[rows 306 to 339 of 906, columns 385 to 461 of 631]
0.276 0.486 0.689 0.580 0.694 0.667 0.907 0.824 0.712 0.803 1.062 1.036 0.789 1.004 0.790 0.830 1.009 1.131 1.198 0.928 0.822 1.105 0.972 1.004 0.983 0.875 0.838 1.041 1.051 1.045 1.074 0.893 1.176 1.132 1.404 1.522 1.307 1.284 1.463 1.440 1.332 1.656 1.418 1.429 1.482 1.683 1.700 1.656 1.513 1.719 1.543 1.558 1.730 2.286 1.859 2.306 2.316 2.339 2.314 2.352 2.239 2.338 2.417 2.369 2.435 2.401 2.446 2.421 2.478 2.398 2.347 2.372 2.422 2.431 2.426 2.413 2.383
0.307 0.097 0.496 0.775 0.615 0.649 0.606 0.775 0.893 0.773 0.859 1.103 1.189 0.903 0.848 0.872 0.954 1.217 1.454 0.957 1.058 1.096 1.178 0.955 1.080 0.943 0.625 1.063 1.189 1.209 1.123 1.055 1.205 1.176 1.093 1.296 1.222 1.491 1.373 1.263 1.261 1.752 1.709 1.589 1.547 1.649 1.740 1.659 1.666 1.476 1.666 1.480 1.531 1.546 1.638 2.247 2.232 2.203 2.300 2.361 2.217 2.402 2.360 2.359 2.353 2.312 2.313 2.309 2.333 2.264 2.235 2.226 2.319 2.326 2.425 2.463 2.463
0.000 0.254 0.418 0.568 0.716 0.538 0.860 0.674 0.651 0.929 0.830 1.009 0.832 0.877 0.936 0.849 1.013 0.960 1.042 1.160 1.279 1.136 0.954 0.974 1.268 1.166 1.006 1.138 1.174 1.012 1.233 1.182 0.986 1.120 1.181 1.370 1.298 1.448 1.585 1.373 1.386 1.448 1.420 1.550 1.490 1.578 1.468 1.534 1.502 1.624 1.505 1.652 1.570 2.316 1.780 1.749 2.259 2.312 2.371 2.303 2.229 2.308 2.311 2.342 2.290 2.289 2.361 2.384 2.337 2.300 2.345 2.356 2.436 2.395 2.490 2.527 2.499
0.235 0.216 0.343 0.555 0.612 0.686 0.519 0.817 0.804 0.882 0.960 0.982 0.696 0.858 0.829 0.965 1.116 0.768 0.898 1.039 1.099 1.193 1.300 1.289 1.174 1.185 1.205 1.218 1.247 1.280 1.195 1.093 1.190 1.352 1.506 1.431 1.444 1.397 1.329 1.226 1.347 1.519 1.493 1.457 1.349 1.406 1.364 1.436 1.459 1.604 1.611 1.639 1.790 1.884 1.745 1.800 1.651 2.384 2.428 2.352 2.313 2.250 2.190 2.263 2.281 2.319 2.377 2.374 2.343 2.350 2.462 2.439 2.340 2.279 2.349 2.458 2.461
0.151 0.686 0.737 0.543 0.647 0.494 0.720 0.668 0.804 0.935 0.931 0.809 0.688 0.954 0.867 0.956 1.134 0.843 1.018 0.986 0.984 1.240 1.248 1.258 1.397 1.637 1.786 1.460 1.513 1.526 1.366 1.228 1.146 1.184 1.326 1.401 1.380 1.305 1.480 1.328 1.476 1.449 1.391 1.596 1.378 1.438 1.269 1.390 1.610 1.466 1.616 1.563 1.644 1.711 1.791 1.766 2.289 2.323 2.307 2.285 2.315 2.223 2.123 2.211 2.201 2.292 2.289 2.385 2.347 2.366 2.421 2.403 2.321 2.338 2.358 2.502 2.538
0.000 0.474 0.448 0.344 0.692 0.642 0.802 0.863 0.707 0.662 0.964 0.782 1.017 1.261 0.868 0.921 0.873 1.336 1.192 1.043 1.129 0.992 0.946 1.144 1.116 1.140 1.252 1.240 1.337 1.273 1.163 1.665 1.315 1.406 1.265 1.432 1.408 1.377 1.310 1.348 1.300 1.306 1.390 1.355 1.435 1.567 1.540 1.482 1.451 1.423 1.470 1.762 1.549 2.220 1.720 1.688 2.214 2.157 2.180 2.171 2.205 2.188 2.173 2.226 2.214 2.305 2.272 2.346 2.369 2.322 2.327 2.420 2.463 2.516 2.475 2.471 2.548
0.000 0.344 0.374 0.756 0.313 0.538 0.733 0.700 0.878 0.934 0.723 0.778 1.085 0.859 1.318 1.062 0.837 1.071 0.980 1.116 0.943 0.957 1.086 1.002 1.023 1.185 1.248 1.324 1.207 1.321 1.210 1.118 1.196 1.086 1.693 1.319 1.318 1.433 1.284 1.663 1.627 1.731 1.557 1.527 1.679 1.704 1.635 1.526 1.523 1.716 1.459 1.497 1.431 1.455 1.621 2.315 2.177 2.120 2.159 2.210 2.161 2.212 2.244 2.181 2.177 2.308 2.321 2.276 2.358 2.333 2.422 2.477 2.443 2.393 2.444 2.387 2.440
0.000 0.541 0.319 0.127 0.456 0.230 0.534 0.689 0.576 0.726 0.541 0.850 0.896 0.790 0.903 1.088 1.124 1.059 0.986 1.162 1.106 1.167 1.215 1.128 1.221 1.413 1.199 1.094 1.248 1.125 1.105 1.416 1.440 1.569 1.730 1.551 1.435 1.233 1.403 1.956 1.329 1.352 1.494 2.000 1.602 1.765 2.271 2.293 2.278 2.404 2.346 2.399 2.403 2.170 2.177 2.271 2.231 1.722 1.724 1.684 2.187 2.210 2.244 2.278 2.248 2.362 2.353 2.257 2.348 2.383 2.438 2.426 2.365 2.354 2.463 2.440 2.436
0.000 0.000 0.338 0.743 0.684 0.632 0.522 0.629 0.791 0.636 0.542 0.618 0.779 0.856 1.018 1.002 1.000 0.922 0.952 1.013 0.880 1.142 1.233 1.092 1.187 1.366 1.299 0.938 1.214 1.129 1.008 1.122 1.249 1.397 1.244 1.534 1.472 1.184 1.362 1.886 1.411 1.701 1.318 1.526 1.434 1.698 1.561 1.619 2.283 1.757 2.414 2.495 1.798 1.664 2.163 2.223 1.683 1.790 1.733 2.225 2.233 2.281 2.230 2.310 2.361 2.412 2.387 2.350 2.274 2.230 2.230 2.245 2.322 2.395 2.453 2.405 2.341
0.000 0.000 0.000 0.315 0.499 0.493 0.581 0.782 0.740 0.856 0.680 0.866 0.881 0.996 0.754 1.061 0.716 1.000 0.958 0.849 0.994 1.042 1.194 1.013 1.120 1.028 1.219 1.319 1.257 1.371 1.142 1.076 1.406 1.467 1.241 1.289 1.294 1.075 1.307 1.204 1.374 1.361 1.382 1.456 1.410 1.688 1.730 2.396 1.673 1.784 1.750 1.798 1.762 1.759 1.729 2.214 1.657 1.680 2.206 2.290 2.287 2.260 2.174 2.338 2.380 2.344 2.343 2.347 2.224 2.152 2.151 2.198 2.295 2.422 2.468 2.409 2.357
0.000 0.000 0.176 0.387 0.595 0.756 0.766 0.685 0.705 0.793 0.881 0.783 0.868 0.978 1.041 1.074 1.090 1.226 1.198 1.001 1.001 1.046 1.107 1.345 1.184 1.053 0.992 1.199 1.208 1.323 1.295 1.256 1.210 1.220 1.421 1.269 1.095 1.411 1.316 1.457 1.713 1.501 1.666 1.480 1.439 1.521 1.560 1.458 1.420 1.524 1.681 1.770 1.712 2.406 1.800 1.697 2.240 1.566 1.651 1.768 2.350 2.392 2.283 2.351 2.346 2.310 2.286 2.282 2.206 2.227 2.221 2.307 2.347 2.421 2.476 2.442 2.427
0.000 0.000 0.000 0.252 0.177 0.593 0.745 0.798 0.740 0.757 0.671 0.883 0.913 0.820 0.875 1.058 1.121 1.003 1.113 0.984 0.992 1.031 1.096 0.935 1.157 1.171 1.369 1.188 1.373 1.191 1.137 1.235 1.306 1.225 1.312 1.552 1.300 1.316 1.464 1.639 2.088 1.452 2.183 1.403 1.603 1.462 1.748 1.587 1.479 1.611 1.606 2.348 1.735 1.735 1.684 1.760 1.800 2.200 1.667 1.788 1.891 2.467 2.349 2.299 2.328 2.222 2.190 2.311 2.254 2.345 2.366 2.411 2.303 2.317 2.430 2.474 2.517
0.000 0.000 0.000 0.106 0.352 0.420 0.428 0.703 0.690 0.688 0.801 0.943 0.781 1.100 0.860 0.907 0.863 0.834 1.036 1.115 1.066 1.107 1.038 1.005 1.275 0.981 1.138 1.390 1.364 1.177 1.421 1.239 1.366 1.276 1.284 1.365 1.285 1.340 1.585 1.433 1.210 1.523 1.539 1.475 1.432 1.407 2.361 1.773 1.497 1.593 1.523 1.676 1.822 1.651 2.206 1.645 1.756 1.604 2.128 1.715 2.227 1.896 2.323 2.259 2.172 2.197 2.249 2.307 2.256 2.405 2.476 2.458 2.368 2.287 2.393 2.389 2.389
0.189 0.000 0.000 0.222 0.329 0.548 0.900 0.540 0.646 0.604 0.730 0.648 0.763 0.952 0.640 1.006 0.976 1.130 1.084 1.148 1.170 1.085 1.101 1.068 1.083 0.875 1.079 1.089 1.390 1.287 1.442 1.315 1.395 1.388 1.246 1.286 1.387 1.352 1.407 1.416 1.343 1.465 1.402 1.997 1.422 1.415 1.728 1.498 1.520 1.635 1.629 1.585 1.698 1.687 1.710 1.703 1.699 1.596 2.142 1.612 1.651 2.208 2.191 2.256 2.090 2.184 2.178 2.262 2.303 2.371 2.393 2.347 2.338 2.305 2.243 2.284 2.388
0.098 0.000 0.000 0.000 0.552 0.860 0.695 0.775 0.810 0.734 0.891 0.692 0.802 0.828 0.910 0.955 1.057 1.004 0.835 1.096 1.091 1.227 1.259 1.176 1.019 1.075 0.805 0.977 1.162 1.072 1.239 1.194 1.383 1.161 1.222 1.255 1.652 1.218 1.435 1.350 1.438 1.381 1.405 1.369 1.629 1.543 1.640 1.492 1.513 1.352 1.495 1.561 1.650 1.639 1.662 1.598 1.694 1.669 1.667 1.788 2.193 2.213 2.149 2.219 2.113 2.150 2.147 2.161 2.205 2.254 2.323 2.399 2.364 2.337 2.321 2.343 2.469
0.020 0.000 0.000 0.000 0.431 0.761 0.658 0.712 0.792 0.702 0.685 0.899 0.952 0.962 0.898 0.664 0.977 1.019 1.189 1.094 1.001 0.955 0.944 1.189 0.944 1.094 1.076 1.208 1.071 1.271 1.287 1.265 1.205 1.355 1.421 1.496 1.295 1.438 1.678 1.522 1.468 1.428 1.210 1.471 1.732 1.649 1.739 1.567 1.501 1.673 1.638 1.542 1.590 1.682 1.602 1.657 2.240 1.694 1.752 1.792 2.165 2.212 1.836 1.841 2.218 1.663 2.185 2.214 2.174 2.178 2.266 2.296 2.312 2.291 2.315 2.388 2.510
0.000 0.000 0.000 0.000 0.000 0.587 0.346 0.925 0.744 0.710 0.589 0.568 0.884 0.883 0.955 1.084 1.011 0.977 1.084 1.160 0.835 0.949 1.088 1.112 1.061 1.173 1.134 1.294 1.095 1.038 1.449 1.248 1.157 1.521 1.227 1.400 1.533 1.439 1.679 1.552 1.428 1.421 1.716 1.425 1.592 1.668 1.698 1.647 1.768 1.775 1.647 1.500 1.490 1.747 1.698 1.712 2.347 1.831 1.650 2.187 2.129 2.143 2.229 2.287 2.220 2.178 2.165 2.180 2.139 2.092 2.195 2.161 2.176 2.265 2.318 2.338 2.480
0.000 0.000 0.000 0.000 0.000 0.000 0.234 0.618 0.651 0.707 0.681 0.783 0.561 0.774 0.959 0.755 0.842 1.082 0.891 0.985 1.048 0.966 1.178 1.118 0.989 1.006 1.268 1.139 1.064 0.825 1.113 1.178 1.347 1.382 1.190 1.209 1.431 1.438 1.553 1.463 1.447 1.544 1.414 1.495 1.633 1.579 1.669 1.697 1.509 1.594 1.582 1.732 1.657 1.658 1.826 1.738 1.643 1.731 1.690 2.231 2.112 2.081 2.175 2.259 2.195 2.222 2.135 2.130 2.167 2.231 2.282 2.265 2.247 2.315 2.391 2.350 2.457
0.000 0.000 0.000 0.000 0.000 0.000 0.749 0.877 0.747 0.613 0.867 0.697 0.950 0.700 0.772 1.127 1.038 0.941 0.647 0.803 0.976 0.939 1.193 1.123 1.004 1.133 1.042 1.086 1.166 1.056 0.976 1.061 0.885 1.283 1.314 1.279 1.285 1.336 1.480 1.535 1.524 1.623 1.515 1.598 1.636 1.602 1.650 1.656 1.446 1.491 2.041 1.733 1.950 1.776 1.756 1.625 1.545 2.239 2.238 1.800 2.190 1.668 2.088 1.680 2.199 2.286 2.257 2.158 2.134 2.257 2.298 2.298 2.306 2.243 2.347 2.285 2.393
0.000 0.000 0.000 0.000 0.000 0.000 0.000 0.674 0.718 0.702 0.364 0.420 0.742 0.886 0.911 0.925 0.870 0.910 0.787 1.209 1.053 1.030 0.873 0.983 1.122 0.864 1.147 0.898 1.074 1.188 1.128 1.237 1.100 1.594 1.310 1.205 1.472 1.637 1.484 1.528 1.741 1.321 1.394 1.571 1.476 1.339 1.521 1.616 1.681 1.399 1.685 1.828 1.889 1.739 1.633 1.744 2.199 1.870 1.824 1.883 1.843 2.061 2.187 1.772 2.256 1.750 2.239 2.227 2.289 2.381 2.258 2.269 2.285 2.208 2.321 2.293 2.389
0.000 0.000 0.000 0.000 0.000 0.000 0.000 0.000 0.832 0.777 0.700 0.741 0.451 0.605 0.701 0.960 0.948 0.763 0.820 1.169 0.859 0.696 1.102 1.166 0.989 1.134 1.212 1.033 1.082 1.113 1.119 1.191 1.209 1.295 1.379 1.330 1.328 1.322 1.515 1.467 1.749 1.197 1.584 1.626 1.591 1.606 1.516 1.574 1.450 1.424 1.789 1.894 1.743 1.670 1.551 1.684 1.626 1.721 1.752 1.860 1.803 1.762 2.153 2.111 2.199 2.202 2.218 2.161 2.334 2.380 2.202 2.206 2.265 2.245 2.237 2.228 2.303
0.000 0.000 0.000 0.000 0.000 0.000 0.000 0.000 0.327 0.542 0.612 0.847 0.726 0.785 0.662 0.672 0.762 0.662 0.757 0.896 0.866 0.889 0.965 0.958 0.919 1.035 1.135 0.960 1.183 1.207 1.189 1.090 1.223 1.062 1.257 1.382 1.357 1.517 1.435 1.312 1.161 1.294 1.409 1.531 1.599 1.598 1.575 1.628 1.618 1.531 1.707 2.328 1.860 1.580 1.410 1.569 1.628 1.716 1.676 1.699 1.710 1.828 1.749 2.102 2.159 2.182 2.192 2.108 2.171 2.236 2.130 2.141 2.302 2.308 2.249 2.181 2.262
0.000 0.000 0.000 0.000 0.000 0.000 0.000 0.000 0.000 0.210 0.737 0.758 0.385 0.637 0.826 0.787 0.794 0.799 0.720 0.677 0.934 1.126 0.993 0.904 0.815 1.179 1.068 1.142 1.172 1.194 1.159 1.111 1.183 1.204 1.197 1.416 1.319 1.347 1.209 1.352 1.373 1.441 1.239 1.576 1.578 1.577 1.612 1.564 1.631 1.671 1.590 1.719 1.766 1.700 1.607 1.580 1.676 1.685 2.150 1.830 1.713 1.724 2.088 1.637 1.755 2.160 2.223 1.814 2.164 2.172 1.747 2.410 2.486 2.413 2.366 2.266 2.325
0.000 0.000 0.000 0.000 0.000 0.000 0.000 0.000 0.000 0.000 0.411 0.221 0.474 0.684 0.684 0.745 0.600 0.791 0.907 0.894 0.823 0.891 1.012 1.139 1.035 1.083 1.043 1.150 1.351 1.339 1.148 1.135 1.247 1.239 1.101 1.216 1.480 1.565 1.289 1.362 1.540 1.275 1.485 1.697 1.682 1.686 1.642 1.366 1.602 1.575 1.510 1.706 1.768 1.803 1.782 1.707 1.744 1.819 1.845 1.785 1.709 1.623 1.747 1.821 1.814 2.139 2.202 2.281 2.211 1.649 2.248 1.914 2.470 2.437 2.353 2.237 2.402
0.000 0.000 0.000 0.000 0.000 0.000 0.000 0.000 0.000 0.000 0.000 0.766 0.423 0.526 0.704 0.794 0.851 0.851 0.850 0.910 0.689 0.923 1.300 1.136 1.067 0.842 1.139 1.042 1.218 1.114 1.075 1.238 1.185 1.220 1.333 1.387 1.233 1.353 1.175 1.391 1.305 1.399 1.583 1.664 1.495 1.696 1.644 1.578 1.434 1.664 1.563 1.747 1.796 1.799 1.645 1.686 1.718 1.858 1.925 1.740 1.780 1.690 1.794 1.738 1.675 2.077 2.084 1.752 1.658 1.550 2.308 2.270 2.281 2.327 2.229 2.164 2.355
0.000 0.000 0.000 0.000 0.000 0.000 0.000 0.000 0.000 0.000 0.000 0.597 0.667 0.632 0.100 0.446 0.935 0.732 0.743 0.833 0.864 0.942 0.863 0.875 0.609 0.875 0.985 0.820 0.994 1.128 0.999 1.282 1.206 1.252 1.302 1.400 1.417 1.370 1.450 1.272 1.263 1.529 1.612 1.588 1.405 1.533 1.698 1.668 1.650 1.767 1.718 1.789 1.809 1.670 1.661 2.050 1.684 1.621 1.806 1.814 1.810 1.729 1.632 1.614 2.082 1.554 2.022 1.648 2.147 2.252 2.258 2.244 2.168 2.238 2.222 2.269 2.421
0.000 0.000 0.000 0.000 0.000 0.000 0.000 0.000 0.000 0.000 0.000 0.000 0.344 0.461 0.373 0.548 0.741 0.527 0.640 0.879 0.968 1.066 0.982 0.968 0.707 1.075 1.023 1.074 1.178 0.999 1.095 1.108 1.229 1.109 1.221 1.194 1.164 1.265 1.497 1.368 1.289 1.411 1.463 1.558 1.576 1.356 1.504 1.543 1.571 1.723 1.712 1.698 1.865 1.818 1.852 1.589 1.539 1.607 1.560 1.669 1.592 1.726 2.083 1.571 1.540 1.624 2.129 1.792 1.716 2.154 1.706 2.296 2.186 2.249 2.314 2.287 2.380
0.148 0.000 0.000 0.000 0.000 0.000 0.000 0.000 0.000 0.000 0.000 0.000 0.000 0.242 0.280 0.159 0.691 0.559 0.587 0.682 0.736 0.678 0.992 0.740 1.099 0.863 0.972 0.888 1.038 1.015 1.040 1.049 1.117 1.300 1.285 1.040 1.173 1.183 1.399 1.240 1.434 1.399 1.427 1.496 1.484 1.568 1.557 1.555 1.483 1.740 1.634 1.693 1.664 1.794 1.658 1.704 1.626 2.082 1.694 1.789 1.635 1.551 1.706 1.631 1.671 1.628 1.695 1.709 1.702 1.681 2.155 2.290 2.311 2.297 2.318 2.158 2.207
0.199 0.000 0.000 0.000 0.000 0.000 0.000 0.000 0.000 0.000 0.000 0.000 0.000 0.000 0.310 0.358 0.236 0.581 0.484 0.462 0.592 0.725 0.823 0.703 0.865 0.889 0.994 0.833 0.990 0.706 0.869 0.992 1.188 1.212 1.396 1.334 1.331 1.247 1.099 1.296 1.370 1.420 1.284 1.334 1.534 1.578 1.619 1.626 1.601 1.756 1.588 1.467 1.678 1.594 1.674 1.782 1.726 1.676 1.618 1.696 1.707 1.663 1.820 1.666 1.751 1.709 1.674 1.763 1.594 2.162 2.258 2.389 1.847 2.171 2.229 2.228 2.216
0.002 0.000 0.000 0.000 0.000 0.000 0.000 0.000 0.000 0.000 0.000 0.000 0.000 0.000 0.000 0.279 0.293 0.154 0.459 0.604 0.552 1.038 1.095 0.810 0.910 0.952 0.816 1.003 1.273 1.033 1.116 0.948 1.273 1.367 1.098 1.295 1.368 1.232 1.163 1.426 1.325 1.455 1.252 1.654 1.414 1.487 1.526 1.478 1.489 1.569 1.417 1.409 1.702 1.611 1.397 1.453 1.580 1.681 1.719 1.641 1.859 1.666 1.672 1.731 1.586 1.765 1.791 1.694 2.022 1.763 1.749 1.792 2.311 1.786 2.219 2.254 2.165
0.429 0.214 0.113 0.000 0.000 0.000 0.000 0.000 0.000 0.000 0.000 0.000 0.000 0.000 0.000 0.000 0.497 0.341 0.574 0.012 0.415 0.710 0.817 0.839 0.959 0.998 1.030 0.839 1.141 1.024 0.898 0.874 0.962 1.134 1.017 1.240 1.154 1.249 1.318 1.430 1.108 1.347 1.127 1.253 1.532 1.505 1.404 1.444 1.620 1.554 1.507 1.250 1.415 1.723 1.529 1.496 1.566 1.760 1.623 1.442 1.715 1.791 1.728 1.490 1.736 1.802 1.684 1.730 1.833 1.799 2.137 1.765 2.232 1.796 2.094 2.156 2.147
0.426 0.445 0.206 0.000 0.000 0.000 0.000 0.000 0.000 0.000 0.000 0.000 0.000 0.000 0.000 0.000 0.000 0.315 0.280 0.314 0.590 0.604 0.681 0.785 0.731 0.760 0.990 0.885 0.880 0.859 1.182 1.004 1.062 1.095 1.134 1.134 1.175 1.186 1.070 1.199 1.155 1.413 1.494 1.259 1.376 1.302 1.445 1.358 1.610 1.736 1.435 1.644 1.531 1.567 1.486 1.482 1.637 1.523 1.630 1.570 1.625 1.710 1.622 1.584 1.794 1.853 1.723 1.655 1.768 1.843 1.874 2.116 2.170 2.200 2.128 2.131 2.082
0.800 0.402 0.152 0.003 0.000 0.000 0.000 0.000 0.000 0.000 0.000 0.000 0.000 0.000 0.000 0.000 0.000 0.000 0.127 0.465 0.430 0.512 0.405 0.676 0.831 0.650 0.758 0.699 1.029 0.862 1.020 1.131 1.017 1.095 1.081 1.153 1.018 1.011 1.075 1.144 1.194 1.305 1.472 1.298 1.232 1.340 1.351 1.450 1.480 1.539 1.599 1.594 1.522 1.706 1.522 1.722 1.737 1.614 1.627 1.544 1.833 1.605 1.566 1.740 1.696 1.730 2.058 1.645 1.762 2.234 1.959 2.272 2.287 2.144 2.141 2.094 2.057
0.673 0.377 0.207 0.000 0.000 0.000 0.000 0.000 0.000 0.000 0.000 0.000 0.000 0.000 0.000 0.000 0.000 0.000 0.000 0.267 0.214 0.360 0.409 0.506 0.496 0.794 0.834 0.667 0.955 0.793 0.922 1.041 0.947 1.087 0.982 1.088 0.973 1.147 1.158 1.288 1.174 1.309 1.368 1.704 1.290 1.217 1.347 1.511 1.269 1.427 1.382 1.453 1.287 1.542 1.665 1.714 1.364 1.669 1.642 1.658 1.659 1.699 1.668 1.669 1.634 1.428 1.960 1.689 1.779 2.082 2.129 2.137 2.121 1.937 1.489 1.515 1.882
