includes/lisflood/oleron/results_R2_t1.56079001071E12/res-0014.wd
ncols         631
nrows         906
xllcorner     364927.146667
yllcorner     6531972.565556
cellsize      20.000000
NODATA_value  -9999.000000
[rows 680 to 713 of 906, columns 450 to 524 of 631]
1.725 1.723 0.000 1.521 0.330 1.683 0.999 1.623 1.537 0.184 0.398 1.945 3.060 3.006 1.378 0.468 1.184 1.677 0.871 2.196 1.210 0.219 2.313 2.534 0.436 1.175 0.942 2.071 1.542 1.245 1.108 1.292 1.536 2.085 1.941 1.018 1.674 1.721 2.349 1.908 1.853 1.217 1.456 2.248 2.408 1.858 2.006 1.879 1.906 2.194 2.535 1.259 2.172 2.253 2.579 3.368 2.713 3.115 2.499 2.758 2.557 3.017 2.575 2.630 1.569 2.908 3.085 2.357 2.607 2.267 2.994 3.412 4.042 2.862 4.552
0.000 1.127 0.576 0.562 1.800 0.000 0.584 1.382 1.141 1.865 1.590 2.795 1.349 0.000 0.000 1.989 1.546 1.129 2.152 0.775 2.301 2.577 1.691 1.425 2.308 1.798 0.683 2.255 1.940 2.138 2.552 1.791 2.627 0.698 1.439 0.831 1.862 1.875 1.450 1.910 1.921 2.055 1.720 1.581 2.407 2.596 2.465 2.126 1.867 0.157 2.156 1.902 1.127 2.560 2.754 2.369 2.407 3.353 1.773 2.640 2.309 1.829 1.549 2.604 3.146 1.994 3.566 2.270 2.384 2.904 2.680 2.900 2.704 3.220 3.650
2.789 1.526 0.000 0.617 1.733 0.871 2.247 1.563 1.361 2.493 2.002 2.233 0.620 1.148 1.474 1.880 1.438 1.276 1.847 1.260 0.626 1.574 0.941 1.425 1.411 1.328 0.757 1.355 1.000 2.520 1.367 1.669 1.781 1.784 1.459 1.423 3.074 2.789 1.809 1.352 1.777 1.852 2.285 2.754 2.396 3.294 1.574 2.042 2.100 2.118 2.056 1.910 1.738 1.843 1.877 3.678 1.370 2.131 1.856 3.547 2.573 2.626 2.772 3.065 2.552 3.051 3.291 1.864 2.807 2.561 3.177 2.270 3.084 2.643 2.116
2.563 2.492 0.669 0.915 1.980 2.703 1.263 1.980 1.935 1.671 1.376 1.488 1.832 1.564 0.576 0.850 1.126 1.054 1.357 1.744 0.773 0.787 1.313 1.493 0.493 1.207 1.297 1.937 1.088 1.226 1.934 0.701 1.239 2.005 2.013 1.749 1.828 1.360 1.850 1.952 2.197 2.860 2.266 1.469 2.007 1.887 1.867 1.199 2.469 2.429 2.196 1.347 2.347 1.355 2.399 2.700 2.009 2.190 2.363 1.811 1.355 2.468 2.642 2.611 3.094 3.044 2.656 3.066 3.200 2.228 2.721 2.641 2.730 3.800 3.746
1.924 1.558 0.000 1.405 1.776 1.741 1.594 2.200 1.896 1.549 1.722 2.203 1.788 0.000 0.690 1.285 0.000 0.786 1.066 2.402 1.531 2.394 0.000 1.117 1.851 0.169 2.423 1.979 1.986 1.751 2.597 1.370 1.104 1.902 2.737 1.563 1.863 2.099 1.777 2.258 3.020 2.646 2.316 2.412 2.564 2.101 1.704 1.700 1.911 2.617 1.384 1.705 0.905 2.445 1.828 1.120 2.214 0.996 2.213 2.956 3.185 2.678 2.492 2.691 2.410 1.996 2.274 1.692 2.211 2.545 2.539 2.663 3.353 2.605 3.690
2.257 2.391 2.208 1.987 1.619 1.728 0.810 1.628 1.627 1.701 1.095 2.139 0.000 0.711 1.541 0.495 1.829 0.799 0.034 1.029 2.091 2.854 3.072 1.894 1.187 1.611 0.507 1.070 2.176 2.503 1.945 2.279 2.026 2.417 1.978 2.221 1.635 2.632 3.009 2.291 1.963 2.540 1.816 3.064 1.665 2.143 2.678 2.382 1.596 1.564 1.442 1.442 1.477 1.216 1.874 1.211 1.115 0.991 1.105 1.747 2.069 2.402 2.378 2.136 1.742 2.631 2.922 2.833 2.357 3.254 2.548 3.020 3.277 2.973 3.452
1.762 0.668 1.688 3.296 1.486 0.067 2.135 1.032 1.575 0.536 0.915 0.436 0.231 0.000 1.033 1.596 1.627 1.764 1.902 2.285 1.678 2.348 2.071 1.735 1.183 2.244 0.963 0.070 1.856 0.915 2.843 2.266 2.493 1.888 2.373 2.325 2.827 2.941 2.134 2.015 2.737 2.210 1.507 1.601 3.027 2.535 2.154 1.970 1.930 0.224 1.927 1.496 1.785 0.593 2.122 1.985 0.829 1.672 1.947 1.533 2.041 2.101 1.687 1.965 1.636 2.843 2.402 1.461 1.305 2.931 2.614 2.156 3.856 2.716 3.642
2.356 0.883 2.129 0.958 2.139 1.784 0.000 1.989 2.140 0.938 1.378 1.676 0.468 0.647 0.939 0.574 1.782 2.252 0.000 0.552 1.151 1.433 1.357 0.929 0.000 1.407 1.554 1.641 1.777 1.248 1.218 0.652 1.620 1.590 2.369 2.894 2.372 2.353 2.325 1.026 2.011 0.938 2.104 2.359 3.111 2.619 1.953 1.910 0.760 1.816 2.420 0.969 1.782 2.060 2.309 1.714 1.499 1.229 1.933 1.267 0.921 1.602 1.487 1.933 1.429 1.876 1.976 1.780 1.709 3.160 2.730 1.862 2.610 3.697 2.623
1.759 0.920 0.108 1.867 0.000 0.997 1.157 1.423 0.876 1.125 1.819 0.671 1.486 1.024 1.317 0.650 1.170 1.834 1.815 1.588 0.845 0.000 2.107 1.849 0.000 0.576 0.429 1.400 1.891 2.844 2.242 2.473 2.470 1.598 3.010 1.381 2.251 2.192 1.424 1.991 2.303 1.541 0.677 2.229 1.984 1.366 2.180 2.305 1.914 1.993 1.079 1.687 2.664 1.816 1.985 1.506 1.697 2.575 2.032 1.758 2.704 1.390 2.701 2.730 2.083 1.867 2.209 1.751 3.616 0.957 1.743 2.707 3.454 3.339 3.246
1.792 1.698 1.150 2.442 1.213 0.562 1.738 2.248 0.000 1.607 0.444 0.000 0.614 2.075 2.591 1.118 2.269 2.179 1.580 2.298 1.238 0.659 1.342 1.702 1.714 0.768 1.900 0.870 2.219 1.975 2.125 1.929 2.334 2.317 1.052 0.953 1.190 2.477 1.811 1.273 1.741 1.516 2.319 0.954 2.879 2.096 2.656 2.180 1.258 2.128 1.681 0.000 1.483 1.925 0.929 1.786 1.531 2.185 1.872 2.153 1.676 1.746 1.654 1.983 1.973 1.933 2.466 1.077 2.845 2.776 2.896 2.007 2.561 3.155 2.634
2.288 1.920 0.269 2.182 2.426 0.491 2.151 0.577 3.121 1.475 1.817 0.364 0.890 3.132 2.173 1.128 2.451 0.649 2.234 2.387 2.106 1.174 1.674 1.284 0.502 1.234 3.064 2.680 1.894 2.557 2.033 1.554 1.249 1.111 1.569 1.917 1.730 0.952 1.519 1.936 1.845 1.683 1.108 1.728 1.429 1.972 3.124 1.982 1.926 1.711 2.268 1.807 2.302 2.391 2.183 2.928 1.600 2.298 1.922 2.066 2.287 1.074 2.093 1.519 2.867 2.374 2.712 2.421 1.218 2.934 1.656 3.053 2.960 3.431 2.879
2.320 2.436 1.027 1.865 1.000 0.754 2.295 1.770 0.000 2.592 0.652 2.422 1.840 1.709 2.949 1.538 1.242 0.053 2.597 2.319 0.644 0.285 1.888 0.440 0.222 2.897 0.436 1.240 0.861 1.953 1.582 1.687 0.466 2.171 0.938 2.075 2.521 1.863 1.802 1.543 1.267 1.778 2.476 2.052 2.046 0.987 2.713 1.265 2.337 2.560 1.090 2.430 1.909 2.537 2.369 1.742 1.990 2.798 2.331 2.922 2.626 2.568 1.476 2.607 2.324 2.378 2.699 2.782 1.615 2.653 2.055 3.245 3.250 2.390 3.352
2.751 2.255 1.930 1.353 1.871 2.998 0.000 1.567 2.100 1.947 1.105 1.534 0.370 2.413 1.714 1.163 0.735 1.292 2.683 1.868 1.092 1.081 0.904 1.925 1.846 1.355 0.788 2.013 1.875 2.122 1.881 1.772 0.000 1.505 1.270 1.957 1.851 1.634 2.195 2.284 2.396 2.450 2.156 2.711 1.229 1.596 2.301 0.685 1.534 2.087 1.762 2.275 2.217 3.012 2.016 3.087 2.625 1.250 2.048 1.452 2.497 2.154 2.016 2.244 1.864 0.616 2.322 2.268 1.558 2.655 2.242 2.674 3.265 2.675 3.893
1.589 2.688 2.455 3.227 2.126 2.338 0.963 1.288 1.107 2.006 1.472 0.772 0.056 2.264 2.163 0.351 0.904 0.305 0.544 1.757 1.721 2.765 2.237 0.963 0.499 2.182 2.343 1.903 2.005 2.456 1.623 1.286 1.149 1.262 1.958 1.029 1.043 1.477 2.017 2.564 2.231 1.321 2.834 2.319 1.696 1.678 1.451 1.449 2.158 2.467 2.439 2.120 2.786 1.969 1.663 2.338 1.756 1.414 0.062 1.088 2.348 1.757 2.500 2.189 0.981 1.541 2.155 1.761 2.096 2.244 1.802 3.042 3.090 4.046 2.780
3.625 4.709 3.229 4.051 3.096 3.729 2.109 1.082 0.394 2.216 1.340 0.000 0.828 2.934 0.539 2.234 1.266 2.219 1.073 1.981 1.418 1.516 1.441 1.936 2.060 0.513 1.770 1.268 2.004 2.627 1.817 0.706 1.439 2.113 1.910 1.349 0.589 2.305 1.004 1.629 2.340 2.626 1.643 2.202 2.586 1.692 2.167 1.802 1.559 1.183 1.655 2.224 1.537 0.666 1.408 1.668 1.192 1.331 0.026 1.377 0.930 1.831 1.665 1.784 0.963 1.461 1.589 1.493 1.744 2.543 1.571 2.516 2.520 2.585 2.523
3.077 0.200 0.768 2.283 4.752 3.004 2.144 1.460 2.988 0.935 1.956 2.925 1.952 2.310 1.235 2.232 1.121 0.916 2.783 3.184 1.766 1.533 1.648 0.864 2.876 1.841 1.110 2.540 0.973 2.113 1.774 0.932 1.528 2.227 2.432 1.784 1.772 2.135 2.281 3.276 3.117 1.699 2.135 1.681 2.526 1.490 1.606 0.597 2.504 1.766 2.563 1.778 1.325 0.509 1.468 1.322 0.037 0.389 0.886 2.008 2.075 2.449 1.821 1.322 1.312 1.827 1.106 2.049 2.290 2.398 2.664 2.939 1.413 2.483 2.416
3.237 0.394 0.457 1.200 3.201 3.176 1.068 1.294 0.522 2.446 2.057 1.279 1.106 2.256 1.212 0.732 1.412 1.654 0.879 1.305 2.033 0.124 2.105 2.514 0.000 2.407 1.545 2.439 1.331 1.679 1.856 1.587 1.974 1.668 2.707 1.817 1.071 1.139 2.109 1.585 1.399 1.956 2.472 1.540 1.597 0.366 1.541 2.461 1.288 2.478 2.666 1.727 1.355 1.840 1.186 0.744 1.688 1.353 2.206 1.546 2.484 1.821 1.553 1.746 2.200 2.115 2.239 1.662 1.677 2.352 2.885 1.612 3.781 2.767 3.579
2.209 0.699 2.968 3.014 1.935 1.081 0.342 0.731 0.714 0.911 0.441 1.225 1.844 1.841 0.330 1.193 1.171 0.642 2.081 0.635 1.978 0.686 0.645 1.270 1.142 1.843 3.196 2.591 1.632 1.943 2.113 1.899 2.222 1.608 2.411 1.136 2.720 2.073 1.553 1.352 2.235 1.859 1.337 2.153 1.805 2.660 1.364 1.195 0.527 1.706 1.076 2.317 2.434 1.253 1.365 2.178 1.692 2.007 1.648 2.221 1.990 2.488 0.906 1.547 1.293 1.958 3.490 1.331 3.321 2.713 3.740 2.816 2.294 2.374 3.016
3.942 0.288 1.522 0.000 1.518 1.316 1.224 0.442 1.705 1.019 0.141 2.439 0.601 2.161 2.112 2.922 1.058 2.980 1.332 1.999 1.594 1.155 0.933 1.011 1.848 1.667 1.591 2.021 2.412 1.679 2.046 2.349 2.019 2.635 1.959 2.481 1.779 1.097 1.501 1.243 1.426 1.570 2.009 1.143 2.536 0.857 1.071 1.254 2.225 0.539 1.465 2.328 1.412 2.000 0.777 2.703 1.634 1.921 0.892 1.532 1.653 3.474 1.572 2.062 1.637 2.424 2.865 1.412 2.812 2.761 2.588 2.423 3.265 2.255 2.483
1.488 1.392 0.000 0.382 0.630 1.589 0.916 1.171 0.871 2.921 1.389 2.026 1.388 1.140 1.446 1.429 1.552 2.221 1.672 2.515 2.051 1.792 1.217 0.131 1.732 1.934 1.443 1.019 1.377 1.443 1.985 1.246 3.008 1.915 1.620 2.065 2.043 2.416 1.397 1.739 2.029 1.557 2.128 1.404 2.794 1.874 1.196 2.271 1.849 2.264 1.772 2.329 2.291 2.267 1.613 1.804 1.397 1.306 1.565 1.020 1.511 1.311 0.987 2.742 1.275 2.163 2.233 1.712 1.819 2.247 2.475 2.197 3.461 3.381 3.732
1.344 1.595 0.777 0.042 1.209 1.796 1.446 1.103 1.190 1.948 0.163 1.960 1.844 1.692 1.036 2.897 2.101 1.954 1.668 0.800 1.410 4.233 1.806 1.330 2.451 1.197 1.937 1.492 1.948 2.057 1.497 1.718 1.177 1.643 1.717 2.881 2.358 0.967 2.336 1.504 2.045 1.632 1.548 2.251 2.310 3.275 1.251 2.292 1.478 2.527 2.709 2.212 1.812 1.524 2.300 1.903 1.817 1.041 2.077 2.174 2.084 1.776 1.623 1.276 0.617 2.305 2.437 1.341 2.720 1.949 2.966 1.585 3.307 2.058 3.980
0.612 0.000 2.240 1.307 0.000 1.809 1.762 2.406 1.493 1.790 1.488 2.789 2.864 1.578 3.130 0.928 0.000 1.683 2.489 0.036 2.071 0.000 1.501 1.604 1.710 1.358 2.258 2.589 2.118 2.208 1.777 1.180 1.208 0.395 2.204 2.164 2.010 1.859 2.077 1.324 1.405 2.265 2.831 2.011 1.688 2.497 0.716 1.742 2.287 1.368 2.119 2.268 2.206 2.858 1.857 1.219 1.173 2.056 1.441 1.675 2.452 2.406 1.435 2.208 2.495 2.210 2.255 1.972 2.756 2.332 2.822 1.773 2.585 3.170 3.255
2.767 1.893 0.992 0.225 0.752 3.187 1.868 2.713 2.918 1.461 1.995 2.795 1.973 3.593 2.948 1.422 0.529 2.500 1.555 0.769 0.718 0.562 1.080 2.439 1.993 0.928 2.077 2.176 2.350 1.911 0.902 2.089 1.324 2.008 2.204 1.782 1.737 1.623 2.509 1.794 1.328 1.334 1.855 1.640 1.658 1.290 1.120 1.087 2.779 0.940 1.803 2.046 0.708 2.203 2.122 0.897 1.903 0.709 1.350 1.816 2.259 1.919 1.952 1.557 2.745 2.770 2.230 2.861 1.957 2.828 2.428 2.251 3.175 2.943 2.112
0.000 1.682 1.437 0.851 1.436 1.583 3.735 2.065 1.223 1.594 2.096 2.860 3.661 3.614 4.070 2.204 1.080 1.773 1.062 2.030 1.381 0.000 1.330 1.326 0.373 1.397 0.692 1.326 2.618 1.478 1.056 0.894 1.720 2.377 2.363 0.989 1.381 2.084 1.036 1.811 2.705 2.337 1.349 0.834 1.225 1.272 1.382 2.337 1.485 0.833 1.128 1.999 2.367 1.171 1.609 2.043 1.317 2.009 1.413 2.569 1.169 1.659 2.044 1.531 1.795 1.554 2.435 2.507 2.599 1.631 2.535 3.485 2.416 3.452 2.081
1.657 0.189 1.958 1.736 3.265 2.429 1.541 0.889 2.387 2.271 1.284 2.419 1.423 1.745 2.849 4.127 1.340 1.061 0.000 0.445 2.006 1.058 2.109 1.185 0.481 0.877 2.120 1.486 2.203 1.210 1.594 0.995 1.665 1.901 1.706 1.721 1.710 1.639 1.270 0.572 2.374 1.934 1.856 2.178 2.141 0.490 1.908 2.171 2.420 2.446 1.724 2.136 2.343 2.009 2.145 1.192 1.154 1.826 2.031 1.460 1.265 0.271 2.191 1.024 1.640 1.431 2.154 2.532 2.596 1.620 2.595 1.990 2.905 3.216 3.187
0.259 0.000 0.318 1.932 2.097 2.942 1.765 1.810 1.160 0.760 1.180 1.165 2.699 2.836 2.087 2.746 2.368 1.547 2.161 1.364 0.516 2.144 3.048 2.308 1.025 1.776 2.352 0.803 1.388 0.823 1.637 0.851 1.283 0.988 2.114 1.214 1.628 1.053 1.758 1.532 1.667 1.248 1.116 1.982 2.392 1.158 1.116 1.749 0.864 0.880 0.304 1.435 0.604 2.395 1.426 1.528 1.155 1.241 1.254 2.887 2.014 2.793 1.999 1.311 2.558 1.973 1.996 1.817 1.119 2.999 2.636 2.931 2.292 3.473 3.948
0.000 1.437 1.452 1.286 2.291 2.124 0.859 0.808 2.106 0.840 2.262 0.355 2.075 3.489 2.166 1.762 1.654 0.356 0.638 2.129 0.000 0.825 0.000 0.387 2.309 1.782 0.980 1.932 1.588 1.532 2.053 1.013 1.735 1.181 1.359 0.149 1.952 1.665 1.763 1.814 2.172 1.583 1.951 1.691 1.369 1.795 1.122 1.660 1.894 0.692 1.001 1.105 0.895 2.085 0.811 2.673 2.850 0.878 2.237 1.473 2.306 1.236 2.022 2.000 1.804 1.842 1.900 2.182 1.942 2.622 1.763 2.457 3.341 3.479 3.718
0.156 0.676 0.779 0.747 0.495 1.481 2.408 1.254 0.901 0.969 1.508 2.447 1.506 3.492 2.901 2.575 1.463 2.542 0.594 1.334 2.843 0.000 0.000 1.207 1.377 1.040 0.231 1.412 2.108 2.374 1.832 1.727 1.521 1.745 1.373 1.533 1.100 2.235 1.997 3.206 1.368 1.375 1.328 0.537 1.728 0.107 2.736 1.960 1.754 2.195 1.790 1.566 2.109 2.118 1.885 1.795 2.104 0.419 1.345 0.959 1.821 1.486 1.734 1.658 1.568 1.396 0.849 1.406 2.613 1.955 2.806 2.813 3.231 3.158 1.149
1.718 2.781 2.909 1.262 1.741 1.656 1.269 3.053 0.060 0.870 2.352 0.379 1.754 1.908 3.063 1.268 1.089 2.053 1.939 1.937 0.000 1.633 0.616 0.430 1.426 2.139 0.235 1.304 2.253 2.448 2.144 2.253 2.116 2.369 1.625 2.972 2.018 2.905 1.678 1.169 1.443 2.004 1.266 1.516 1.005 0.700 1.763 2.152 0.990 2.596 1.491 0.951 1.730 2.012 1.599 2.456 1.971 2.475 1.018 1.351 0.443 2.277 1.155 1.018 2.035 2.107 1.596 1.241 3.464 2.571 3.186 1.939 2.888 2.942 3.766
2.620 2.189 0.299 0.670 0.014 2.034 2.535 2.112 2.724 1.894 1.292 1.450 1.186 0.025 1.349 0.530 2.368 2.213 1.992 2.006 1.407 1.279 0.164 1.784 1.798 0.565 1.242 2.574 2.039 1.589 1.695 1.877 1.692 1.666 1.922 1.857 2.769 2.231 1.721 2.031 1.843 2.298 2.438 2.319 2.356 2.011 0.358 1.847 1.180 1.066 1.868 1.946 1.154 1.129 0.430 1.275 1.359 0.688 1.973 1.913 0.644 0.844 1.713 0.437 1.930 1.619 1.639 1.616 2.553 1.080 2.838 2.485 1.789 3.643 3.939
0.435 0.000 1.407 0.526 0.645 1.039 1.698 2.543 1.791 1.480 1.659 2.190 0.520 1.438 1.218 0.940 1.838 0.915 0.832 1.001 1.757 1.955 0.558 1.698 0.300 0.813 1.107 2.121 1.359 1.601 1.609 1.732 0.558 1.668 2.054 3.007 2.429 2.057 2.272 1.669 1.409 1.979 2.686 0.949 1.241 2.580 2.161 1.716 0.860 2.422 1.858 2.266 2.140 1.633 1.912 1.486 2.361 2.435 1.079 1.320 1.903 0.930 2.314 1.272 0.860 1.341 2.296 0.985 1.701 3.436 2.048 3.383 2.762 4.338 3.248
1.893 1.545 0.562 1.443 0.014 1.939 0.763 1.546 3.445 0.976 1.991 1.369 1.478 1.798 0.583 1.647 1.131 1.179 1.048 1.263 1.346 1.515 1.406 1.365 0.450 1.439 1.750 1.900 1.121 2.350 2.188 1.898 2.026 1.342 2.941 2.295 1.160 2.200 2.200 1.850 1.860 1.546 0.973 1.415 1.602 0.438 1.405 2.395 0.950 1.771 2.520 0.826 1.876 1.904 2.203 1.293 0.742 1.807 1.171 0.675 0.750 1.784 1.754 2.153 0.890 0.623 1.260 1.550 2.302 3.256 2.784 2.277 3.338 4.219 3.204
0.008 1.649 1.024 1.084 0.000 0.048 0.000 1.730 1.887 2.254 1.485 2.060 1.401 2.032 1.543 2.202 2.112 1.413 1.170 1.335 1.446 2.082 1.885 0.930 0.890 2.027 2.241 2.188 1.654 1.481 1.722 0.606 2.001 1.764 1.090 0.627 1.152 2.386 1.547 2.449 1.408 1.911 1.733 1.038 1.168 1.264 1.018 2.088 0.824 1.403 1.338 1.064 1.395 2.115 1.572 1.602 1.967 1.340 2.108 1.386 0.843 1.380 2.027 1.329 1.781 1.993 1.023 2.674 2.195 3.237 1.867 3.926 3.308 3.416 3.892
0.000 1.077 0.040 0.498 0.007 0.000 0.927 0.995 2.461 1.657 2.098 1.529 2.333 2.036 1.724 1.098 1.568 2.395 1.673 1.569 0.092 1.299 1.130 0.954 1.554 0.531 2.680 1.284 1.880 1.273 1.064 1.434 1.296 1.623 1.752 2.883 1.658 1.397 1.952 2.028 0.887 0.907 2.019 0.100 1.425 0.672 2.830 1.208 2.910 2.848 2.146 2.413 1.579 1.360 1.327 1.424 1.187 1.315 1.023 0.933 2.059 1.622 2.020 1.654 2.108 2.421 1.876 2.477 2.149 1.981 4.268 3.184 3.498 3.396 4.679
