includes/lisflood/oleron/results_R2_t1.56079001071E12/res-0008.wdfp
ncols         631
nrows         906
xllcorner     364927.146667
yllcorner     6531972.565556
cellsize      20.000000
NODATA_value  -9999.000000
[rows 442 to 475 of 906, columns 0 to 76 of 631]
9.600 9.544 9.488 9.433 9.377 9.321 9.265 9.209 9.154 9.098 9.042 8.986 8.930 8.874 8.819 8.763 8.707 8.651 8.595 8.539 8.484 8.428 8.372 8.316 8.260 8.204 8.149 8.093 8.037 7.992 7.990 7.988 7.985 7.983 7.981 7.978 7.976 7.974 7.972 7.969 7.967 7.965 7.962 7.960 7.938 7.915 7.892 7.869 7.846 7.823 7.800 7.778 7.755 7.732 7.709 7.686 7.663 7.640 7.617 7.594 7.572 7.549 7.526 7.503 7.480 7.457 7.434 7.411 7.388 7.365 7.343 7.318 7.293 7.267 7.242 7.216 7.191
9.711 9.655 9.599 9.544 9.488 9.432 9.376 9.320 9.264 9.209 9.153 9.097 9.041 8.985 8.929 8.874 8.818 8.762 8.706 8.650 8.594 8.539 8.483 8.427 8.371 8.315 8.260 8.204 8.148 8.092 8.036 8.021 8.019 8.017 8.014 8.012 8.009 8.007 8.005 8.003 8.000 7.998 7.996 7.990 7.967 7.944 7.921 7.898 7.875 7.852 7.829 7.807 7.784 7.761 7.738 7.715 7.692 7.669 7.646 7.624 7.601 7.578 7.555 7.532 7.509 7.486 7.463 7.440 7.415 7.390 7.364 7.338 7.313 7.287 7.262 7.236 7.211
9.822 9.766 9.710 9.654 9.599 9.543 9.487 9.431 9.375 9.319 9.264 9.208 9.152 9.096 9.040 8.984 8.929 8.873 8.817 8.761 8.705 8.649 8.594 8.538 8.482 8.426 8.370 8.315 8.259 8.203 8.147 8.091 8.052 8.050 8.048 8.045 8.043 8.041 8.038 8.036 8.034 8.031 8.029 8.019 7.996 7.973 7.950 7.927 7.904 7.882 7.859 7.836 7.813 7.790 7.767 7.744 7.721 7.698 7.675 7.653 7.630 7.607 7.584 7.561 7.537 7.512 7.486 7.461 7.435 7.410 7.384 7.359 7.333 7.308 7.282 7.256 7.231
9.933 9.877 9.821 9.765 9.709 9.654 9.598 9.542 9.486 9.430 9.374 9.318 9.263 9.207 9.151 9.095 9.039 8.984 8.928 8.872 8.816 8.760 8.704 8.649 8.593 8.537 8.481 8.425 8.369 8.314 8.258 8.202 8.146 8.090 8.081 8.078 8.076 8.074 8.071 8.069 8.067 8.065 8.062 8.048 8.025 8.002 7.979 7.956 7.933 7.911 7.888 7.865 7.842 7.819 7.796 7.773 7.750 7.727 7.705 7.682 7.659 7.634 7.609 7.583 7.557 7.532 7.506 7.481 7.455 7.430 7.404 7.379 7.353 7.328 7.302 7.277 7.251
10.043 9.988 9.932 9.876 9.820 9.764 9.709 9.653 9.597 9.541 9.485 9.429 9.373 9.318 9.262 9.206 9.150 9.094 9.038 8.983 8.927 8.871 8.815 8.759 8.704 8.648 8.592 8.536 8.480 8.424 8.369 8.313 8.257 8.201 8.145 8.112 8.110 8.107 8.105 8.102 8.100 8.098 8.096 8.077 8.054 8.031 8.008 7.985 7.963 7.940 7.917 7.894 7.871 7.848 7.825 7.802 7.779 7.756 7.731 7.705 7.680 7.654 7.629 7.603 7.578 7.552 7.527 7.501 7.476 7.450 7.424 7.399 7.373 7.348 7.322 7.297 7.271
10.154 10.098 10.043 9.987 9.931 9.875 9.819 9.764 9.708 9.652 9.596 9.540 9.484 9.429 9.373 9.317 9.261 9.205 9.149 9.094 9.038 8.982 8.926 8.870 8.814 8.759 8.703 8.647 8.591 8.535 8.479 8.424 8.368 8.312 8.256 8.200 8.144 8.140 8.138 8.136 8.133 8.131 8.129 8.106 8.083 8.060 8.038 8.015 7.992 7.969 7.946 7.923 7.900 7.877 7.853 7.827 7.802 7.776 7.751 7.725 7.700 7.674 7.649 7.623 7.598 7.572 7.547 7.521 7.496 7.470 7.445 7.419 7.394 7.368 7.343 7.317 7.292
10.265 10.209 10.153 10.098 10.042 9.986 9.930 9.874 9.819 9.763 9.707 9.651 9.595 9.539 9.483 9.428 9.372 9.316 9.260 9.204 9.149 9.093 9.037 8.981 8.925 8.869 8.813 8.758 8.702 8.646 8.590 8.534 8.479 8.423 8.367 8.311 8.255 8.199 8.171 8.169 8.167 8.164 8.158 8.135 8.112 8.089 8.066 8.044 8.021 7.998 7.975 7.950 7.924 7.899 7.873 7.848 7.822 7.797 7.771 7.746 7.720 7.695 7.669 7.643 7.618 7.592 7.567 7.541 7.516 7.490 7.465 7.439 7.414 7.388 7.363 7.337 7.312
10.376 10.320 10.264 10.208 10.153 10.097 10.041 9.985 9.929 9.873 9.818 9.762 9.706 9.650 9.594 9.538 9.483 9.427 9.371 9.315 9.259 9.203 9.148 9.092 9.036 8.980 8.924 8.868 8.813 8.757 8.701 8.645 8.589 8.534 8.478 8.422 8.366 8.310 8.254 8.202 8.200 8.198 8.187 8.164 8.141 8.118 8.096 8.072 8.047 8.021 7.995 7.970 7.944 7.919 7.893 7.868 7.842 7.817 7.791 7.766 7.740 7.715 7.689 7.664 7.638 7.613 7.587 7.562 7.536 7.511 7.485 7.460 7.434 7.409 7.383 7.357 7.332
10.487 10.431 10.375 10.319 10.263 10.208 10.152 10.096 10.040 9.984 9.928 9.873 9.817 9.761 9.705 9.649 9.593 9.538 9.482 9.426 9.370 9.314 9.258 9.203 9.147 9.091 9.035 8.979 8.923 8.868 8.812 8.756 8.700 8.644 8.588 8.533 8.477 8.421 8.365 8.309 8.254 8.231 8.216 8.193 8.169 8.143 8.118 8.092 8.067 8.041 8.016 7.990 7.965 7.939 7.914 7.888 7.862 7.837 7.811 7.786 7.760 7.735 7.709 7.684 7.658 7.633 7.607 7.582 7.556 7.531 7.505 7.480 7.454 7.429 7.403 7.378 7.352
10.598 10.542 10.486 10.430 10.374 10.318 10.263 10.207 10.151 10.095 10.039 9.983 9.928 9.872 9.816 9.760 9.704 9.648 9.593 9.537 9.481 9.425 9.369 9.313 9.258 9.202 9.146 9.090 9.034 8.978 8.923 8.867 8.811 8.755 8.699 8.643 8.588 8.532 8.476 8.420 8.364 8.297 8.240 8.214 8.189 8.163 8.138 8.112 8.087 8.061 8.036 8.010 7.985 7.959 7.934 7.908 7.883 7.857 7.832 7.806 7.781 7.755 7.730 7.704 7.679 7.653 7.627 7.602 7.576 7.551 7.525 7.500 7.474 7.449 7.423 7.398 7.372
10.708 10.652 10.597 10.541 10.485 10.429 10.373 10.318 10.262 10.206 10.150 10.094 10.038 9.983 9.927 9.871 9.815 9.759 9.703 9.648 9.592 9.536 9.480 9.424 9.368 9.313 9.257 9.201 9.145 9.089 9.033 8.978 8.922 8.866 8.810 8.754 8.699 8.643 8.587 8.519 8.442 8.364 8.297 8.235 8.209 8.184 8.158 8.133 8.107 8.082 8.056 8.030 8.005 7.979 7.954 7.928 7.903 7.877 7.852 7.826 7.801 7.775 7.750 7.724 7.699 7.673 7.648 7.622 7.597 7.571 7.546 7.520 7.495 7.469 7.444 7.418 7.393
10.819 10.763 10.707 10.652 10.596 10.540 10.484 10.428 10.373 10.317 10.261 10.205 10.149 10.093 10.038 9.982 9.926 9.870 9.814 9.758 9.703 9.647 9.591 9.535 9.479 9.423 9.368 9.312 9.256 9.200 9.144 9.088 9.033 8.977 8.921 8.865 8.809 8.741 8.664 8.586 8.508 8.432 8.365 8.299 8.232 8.204 8.178 8.153 8.127 8.102 8.076 8.051 8.025 8.000 7.974 7.949 7.923 7.898 7.872 7.846 7.821 7.795 7.770 7.744 7.719 7.693 7.668 7.642 7.617 7.591 7.566 7.540 7.515 7.489 7.464 7.438 7.413
10.930 10.874 10.818 10.762 10.707 10.651 10.595 10.539 10.483 10.427 10.372 10.316 10.260 10.204 10.148 10.093 10.037 9.981 9.925 9.869 9.813 9.758 9.702 9.646 9.590 9.534 9.478 9.423 9.367 9.311 9.255 9.199 9.143 9.088 9.032 8.963 8.886 8.808 8.730 8.653 8.575 8.500 8.433 8.367 8.300 8.234 8.198 8.173 8.147 8.122 8.096 8.071 8.045 8.020 7.994 7.969 7.943 7.918 7.892 7.867 7.841 7.816 7.790 7.765 7.739 7.714 7.688 7.663 7.637 7.612 7.586 7.560 7.535 7.509 7.484 7.458 7.433
11.041 10.985 10.929 10.873 10.817 10.762 10.706 10.650 10.594 10.538 10.482 10.427 10.371 10.315 10.259 10.203 10.148 10.092 10.036 9.980 9.924 9.868 9.813 9.757 9.701 9.645 9.589 9.533 9.478 9.422 9.366 9.310 9.254 9.185 9.108 9.030 8.953 8.875 8.797 8.720 8.642 8.568 8.502 8.435 8.369 8.302 8.236 8.193 8.168 8.142 8.116 8.091 8.066 8.040 8.015 7.989 7.963 7.938 7.912 7.887 7.861 7.836 7.810 7.785 7.759 7.734 7.708 7.683 7.657 7.632 7.606 7.581 7.555 7.530 7.504 7.478 7.453
11.152 11.096 11.040 10.984 10.928 10.872 10.817 10.761 10.705 10.649 10.593 10.537 10.482 10.426 10.370 10.314 10.258 10.202 10.147 10.091 10.035 9.979 9.923 9.867 9.812 9.756 9.700 9.644 9.588 9.533 9.477 9.407 9.330 9.252 9.175 9.097 9.019 8.942 8.864 8.787 8.709 8.637 8.570 8.504 8.437 8.371 8.304 8.237 8.188 8.162 8.137 8.111 8.086 8.060 8.035 8.009 7.984 7.958 7.933 7.907 7.881 7.856 7.830 7.805 7.779 7.754 7.728 7.703 7.677 7.652 7.626 7.601 7.575 7.550 7.524 7.499 7.473
11.262 11.207 11.151 11.095 11.039 10.983 10.927 10.872 10.816 10.760 10.704 10.648 10.592 10.537 10.481 10.425 10.369 10.313 10.257 10.202 10.146 10.090 10.034 9.978 9.922 9.867 9.811 9.755 9.699 9.630 9.552 9.474 9.397 9.319 9.241 9.164 9.086 9.009 8.931 8.853 8.776 8.705 8.639 8.572 8.505 8.439 8.372 8.306 8.239 8.182 8.157 8.131 8.106 8.080 8.055 8.029 8.004 7.978 7.953 7.927 7.902 7.876 7.851 7.825 7.800 7.774 7.749 7.723 7.697 7.672 7.646 7.621 7.595 7.570 7.544 7.519 7.493
11.373 11.317 11.262 11.206 11.150 11.094 11.038 10.982 10.927 10.871 10.815 10.759 10.703 10.647 10.592 10.536 10.480 10.424 10.368 10.312 10.257 10.201 10.145 10.089 10.033 9.978 9.922 9.852 9.774 9.696 9.619 9.541 9.463 9.386 9.308 9.231 9.153 9.075 8.998 8.920 8.843 8.774 8.707 8.640 8.574 8.507 8.441 8.374 8.308 8.241 8.177 8.152 8.126 8.101 8.075 8.050 8.024 7.998 7.973 7.947 7.922 7.896 7.871 7.845 7.820 7.794 7.769 7.743 7.718 7.692 7.667 7.641 7.616 7.590 7.565 7.539 7.513
11.484 11.428 11.372 11.317 11.261 11.205 11.149 11.093 11.037 10.982 10.926 10.870 10.814 10.758 10.702 10.647 10.591 10.535 10.479 10.423 10.367 10.312 10.256 10.200 10.144 10.074 9.996 9.918 9.841 9.763 9.686 9.608 9.530 9.453 9.375 9.297 9.220 9.142 9.065 8.987 8.909 8.842 8.775 8.709 8.642 8.576 8.509 8.443 8.376 8.310 8.243 8.176 8.146 8.121 8.095 8.070 8.044 8.019 7.993 7.968 7.942 7.917 7.891 7.866 7.840 7.814 7.789 7.763 7.738 7.712 7.687 7.661 7.636 7.610 7.585 7.559 7.534
11.595 11.539 11.483 11.427 11.372 11.316 11.260 11.204 11.148 11.092 11.037 10.981 10.925 10.869 10.813 10.757 10.702 10.646 10.590 10.534 10.478 10.422 10.367 10.296 10.218 10.140 10.063 9.985 9.908 9.830 9.752 9.675 9.597 9.519 9.442 9.364 9.287 9.209 9.131 9.054 8.977 8.910 8.844 8.777 8.711 8.644 8.578 8.511 8.444 8.378 8.311 8.245 8.178 8.141 8.115 8.090 8.064 8.039 8.013 7.988 7.962 7.937 7.911 7.886 7.860 7.835 7.809 7.784 7.758 7.733 7.707 7.681 7.656 7.630 7.605 7.579 7.554
11.706 11.650 11.594 11.538 11.482 11.426 11.371 11.315 11.259 11.203 11.147 11.092 11.036 10.980 10.924 10.868 10.812 10.757 10.701 10.645 10.589 10.518 10.440 10.362 10.285 10.207 10.130 10.052 9.974 9.897 9.819 9.741 9.664 9.586 9.509 9.431 9.353 9.276 9.198 9.121 9.045 8.978 8.912 8.845 8.779 8.712 8.646 8.579 8.513 8.446 8.380 8.313 8.247 8.180 8.136 8.110 8.085 8.059 8.033 8.008 7.982 7.957 7.931 7.906 7.880 7.855 7.829 7.804 7.778 7.753 7.727 7.702 7.676 7.651 7.625 7.600 7.574
11.816 11.761 11.705 11.649 11.593 11.537 11.481 11.426 11.370 11.314 11.258 11.202 11.147 11.091 11.035 10.979 10.923 10.867 10.812 10.740 10.662 10.584 10.507 10.429 10.352 10.274 10.196 10.119 10.041 9.964 9.886 9.808 9.731 9.653 9.575 9.498 9.420 9.343 9.265 9.187 9.113 9.047 8.980 8.914 8.847 8.781 8.714 8.648 8.581 8.515 8.448 8.381 8.315 8.248 8.182 8.130 8.105 8.079 8.054 8.028 8.003 7.977 7.951 7.926 7.901 7.875 7.849 7.824 7.798 7.773 7.747 7.722 7.696 7.671 7.645 7.620 7.594
11.927 11.871 11.816 11.760 11.704 11.648 11.592 11.536 11.481 11.425 11.369 11.313 11.257 11.201 11.146 11.090 11.034 10.962 10.884 10.807 10.729 10.651 10.574 10.496 10.418 10.341 10.263 10.186 10.108 10.030 9.953 9.875 9.798 9.720 9.642 9.565 9.487 9.409 9.332 9.254 9.182 9.115 9.049 8.982 8.916 8.849 8.783 8.716 8.650 8.583 8.516 8.450 8.383 8.317 8.250 8.184 8.125 8.099 8.074 8.048 8.023 7.997 7.972 7.946 7.921 7.895 7.870 7.844 7.819 7.793 7.768 7.742 7.716 7.691 7.665 7.640 7.614
12.038 11.982 11.926 11.871 11.815 11.759 11.703 11.647 11.591 11.536 11.480 11.424 11.368 11.312 11.256 11.184 11.106 11.029 10.951 10.873 10.796 10.718 10.640 10.563 10.485 10.408 10.330 10.252 10.175 10.097 10.020 9.942 9.864 9.787 9.709 9.631 9.554 9.476 9.399 9.321 9.250 9.184 9.117 9.050 8.984 8.918 8.851 8.784 8.718 8.651 8.585 8.518 8.452 8.385 8.319 8.252 8.186 8.119 8.094 8.068 8.043 8.017 7.992 7.966 7.941 7.915 7.890 7.864 7.839 7.813 7.788 7.762 7.737 7.711 7.686 7.660 7.635
12.149 12.093 12.037 11.981 11.926 11.870 11.814 11.758 11.702 11.646 11.591 11.535 11.479 11.406 11.328 11.251 11.173 11.095 11.018 10.940 10.863 10.785 10.707 10.630 10.552 10.474 10.397 10.319 10.242 10.164 10.086 10.009 9.931 9.854 9.776 9.698 9.621 9.543 9.465 9.388 9.319 9.252 9.185 9.119 9.052 8.986 8.919 8.853 8.786 8.720 8.653 8.587 8.520 8.454 8.387 8.320 8.254 8.187 8.121 8.089 8.063 8.038 8.012 7.987 7.961 7.936 7.910 7.884 7.859 7.833 7.808 7.782 7.757 7.731 7.706 7.680 7.655
12.260 12.204 12.148 12.092 12.036 11.981 11.925 11.869 11.813 11.757 11.701 11.628 11.550 11.473 11.395 11.317 11.240 11.162 11.085 11.007 10.929 10.852 10.774 10.696 10.619 10.541 10.464 10.386 10.308 10.231 10.153 10.076 9.998 9.920 9.843 9.765 9.687 9.610 9.532 9.455 9.387 9.320 9.254 9.187 9.121 9.054 8.988 8.921 8.855 8.788 8.721 8.655 8.588 8.522 8.455 8.389 8.322 8.256 8.189 8.123 8.083 8.058 8.032 8.007 7.981 7.956 7.930 7.905 7.879 7.854 7.828 7.803 7.777 7.751 7.726 7.700 7.675
12.371 12.315 12.259 12.203 12.147 12.091 12.036 11.980 11.924 11.850 11.772 11.695 11.617 11.539 11.462 11.384 11.307 11.229 11.151 11.074 10.996 10.919 10.841 10.763 10.686 10.608 10.530 10.453 10.375 10.298 10.220 10.142 10.065 9.987 9.910 9.832 9.754 9.677 9.599 9.522 9.455 9.389 9.322 9.256 9.189 9.122 9.056 8.989 8.923 8.856 8.790 8.723 8.657 8.590 8.524 8.457 8.391 8.324 8.257 8.191 8.124 8.078 8.052 8.027 8.001 7.976 7.950 7.925 7.899 7.874 7.848 7.823 7.797 7.772 7.746 7.721 7.695
12.481 12.425 12.370 12.314 12.258 12.202 12.146 12.072 11.994 11.917 11.839 11.761 11.684 11.606 11.529 11.451 11.373 11.296 11.218 11.141 11.063 10.985 10.908 10.830 10.752 10.675 10.597 10.520 10.442 10.364 10.287 10.209 10.132 10.054 9.976 9.899 9.821 9.743 9.666 9.590 9.524 9.457 9.391 9.324 9.257 9.191 9.124 9.058 8.991 8.925 8.858 8.792 8.725 8.659 8.592 8.526 8.459 8.392 8.326 8.259 8.193 8.126 8.073 8.047 8.022 7.996 7.971 7.945 7.919 7.894 7.868 7.843 7.817 7.792 7.766 7.741 7.715
12.592 12.536 12.480 12.425 12.369 12.294 12.216 12.139 12.061 11.984 11.906 11.828 11.751 11.673 11.595 11.518 11.440 11.363 11.285 11.207 11.130 11.052 10.975 10.897 10.819 10.742 10.664 10.586 10.509 10.431 10.354 10.276 10.198 10.121 10.043 9.966 9.888 9.810 9.733 9.659 9.592 9.525 9.459 9.392 9.326 9.259 9.193 9.126 9.060 8.993 8.927 8.860 8.793 8.727 8.660 8.594 8.527 8.461 8.394 8.328 8.261 8.195 8.128 8.067 8.042 8.016 7.991 7.965 7.940 7.914 7.889 7.863 7.838 7.812 7.787 7.761 7.735
12.703 12.647 12.591 12.516 12.438 12.361 12.283 12.206 12.128 12.050 11.973 11.895 11.817 11.740 11.662 11.585 11.507 11.429 11.352 11.274 11.197 11.119 11.041 10.964 10.886 10.808 10.731 10.653 10.576 10.498 10.420 10.343 10.265 10.188 10.110 10.032 9.955 9.877 9.799 9.727 9.660 9.594 9.527 9.461 9.394 9.328 9.261 9.194 9.128 9.061 8.995 8.928 8.862 8.795 8.729 8.662 8.596 8.529 8.463 8.396 8.329 8.263 8.196 8.130 8.063 8.036 8.011 7.985 7.960 7.934 7.909 7.883 7.858 7.832 7.807 7.781 7.756
12.814 12.738 12.660 12.583 12.505 12.428 12.350 12.272 12.195 12.117 12.040 11.962 11.884 11.807 11.729 11.651 11.574 11.496 11.419 11.341 11.263 11.186 11.108 11.031 10.953 10.875 10.798 10.720 10.642 10.565 10.487 10.410 10.332 10.254 10.177 10.099 10.021 9.944 9.866 9.795 9.729 9.662 9.596 9.529 9.463 9.396 9.329 9.263 9.196 9.130 9.063 8.997 8.930 8.864 8.797 8.731 8.664 8.597 8.531 8.464 8.398 8.331 8.265 8.198 8.132 8.065 8.031 8.005 7.980 7.955 7.929 7.904 7.878 7.852 7.827 7.801 7.776
12.883 12.805 12.727 12.650 12.572 12.494 12.417 12.339 12.262 12.184 12.106 12.029 11.951 11.873 11.796 11.718 11.641 11.563 11.485 11.408 11.330 11.253 11.175 11.097 11.020 10.942 10.864 10.787 10.709 10.632 10.554 10.476 10.399 10.321 10.244 10.166 10.088 10.011 9.933 9.864 9.797 9.731 9.664 9.597 9.531 9.464 9.398 9.331 9.265 9.198 9.132 9.065 8.999 8.932 8.866 8.799 8.732 8.666 8.599 8.533 8.466 8.400 8.333 8.267 8.200 8.134 8.067 8.026 8.000 7.975 7.949 7.924 7.898 7.873 7.847 7.822 7.796
12.949 12.872 12.794 12.716 12.639 12.561 12.484 12.406 12.328 12.251 12.173 12.096 12.018 11.940 11.863 11.785 11.707 11.630 11.552 11.475 11.397 11.319 11.242 11.164 11.087 11.009 10.931 10.854 10.776 10.698 10.621 10.543 10.466 10.388 10.310 10.233 10.155 10.077 10.000 9.932 9.865 9.799 9.732 9.666 9.599 9.533 9.466 9.400 9.333 9.267 9.200 9.133 9.067 9.000 8.934 8.867 8.801 8.734 8.668 8.601 8.535 8.468 8.402 8.335 8.268 8.202 8.135 8.069 8.020 7.995 7.969 7.944 7.918 7.893 7.867 7.842 7.816
13.016 12.939 12.861 12.783 12.706 12.628 12.550 12.473 12.395 12.318 12.240 12.162 12.085 12.007 11.929 11.852 11.774 11.697 11.619 11.541 11.464 11.386 11.309 11.231 11.153 11.076 10.998 10.920 10.843 10.765 10.688 10.610 10.532 10.455 10.377 10.300 10.222 10.144 10.067 10.000 9.934 9.867 9.801 9.734 9.668 9.601 9.534 9.468 9.401 9.335 9.268 9.202 9.135 9.069 9.002 8.936 8.869 8.803 8.736 8.670 8.603 8.536 8.470 8.403 8.337 8.270 8.204 8.137 8.071 8.015 7.990 7.964 7.938 7.913 7.887 7.862 7.836
13.083 13.005 12.928 12.850 12.772 12.695 12.617 12.540 12.462 12.384 12.307 12.229 12.152 12.074 11.996 11.919 11.841 11.763 11.686 11.608 11.531 11.453 11.375 11.298 11.220 11.142 11.065 10.987 10.910 10.832 10.754 10.677 10.599 10.522 10.444 10.366 10.289 10.211 10.135 10.069 10.002 9.936 9.869 9.803 9.736 9.669 9.603 9.536 9.470 9.403 9.337 9.270 9.204 9.137 9.071 9.004 8.938 8.871 8.804 8.738 8.671 8.605 8.538 8.472 8.405 8.339 8.272 8.206 8.139 8.072 8.010 7.984 7.959 7.933 7.908 7.882 7.857
