includes/lisflood/oleron/results_R2_t1.56079001071E12/res-0012.wd
ncols         631
nrows         906
xllcorner     364927.146667
yllcorner     6531972.565556
cellsize      20.000000
NODATA_value  -9999.000000
[rows 578 to 611 of 906, columns 154 to 230 of 631]
8.800 8.783 8.765 8.747 8.730 8.707 8.655 8.602 8.550 8.485 8.413 8.340 8.268 8.196 8.124 8.051 7.979 7.907 7.835 7.762 7.690 7.618 7.546 7.473 7.401 7.329 7.256 7.184 7.112 7.040 6.967 6.895 6.823 6.750 6.678 6.606 6.534 6.461 6.389 6.317 6.245 6.172 6.100 6.028 5.955 5.883 5.811 5.739 5.666 5.522 5.357 5.191 5.025 4.860 4.695 4.529 4.363 4.198 4.033 3.884 3.742 3.599 3.457 3.315 3.172 3.030 2.887 2.745 2.603 2.460 2.318 2.175 2.033 1.890 1.748 1.605 1.463
8.817 8.799 8.782 8.764 8.746 8.729 8.679 8.627 8.564 8.492 8.420 8.348 8.275 8.203 8.131 8.059 7.986 7.914 7.842 7.770 7.697 7.625 7.553 7.480 7.408 7.336 7.264 7.191 7.119 7.047 6.974 6.902 6.830 6.758 6.685 6.613 6.541 6.468 6.396 6.324 6.252 6.179 6.107 6.035 5.963 5.890 5.818 5.746 5.673 5.568 5.403 5.237 5.072 4.907 4.741 4.576 4.410 4.245 4.083 3.941 3.798 3.656 3.514 3.371 3.229 3.086 2.944 2.801 2.659 2.517 2.374 2.232 2.089 1.947 1.804 1.662 1.520
8.833 8.816 8.798 8.780 8.763 8.745 8.703 8.644 8.572 8.499 8.427 8.355 8.282 8.210 8.138 8.066 7.993 7.921 7.849 7.777 7.704 7.632 7.560 7.487 7.415 7.343 7.271 7.198 7.126 7.054 6.982 6.909 6.837 6.765 6.692 6.620 6.548 6.476 6.403 6.331 6.259 6.187 6.114 6.042 5.970 5.897 5.825 5.753 5.681 5.608 5.450 5.284 5.119 4.953 4.788 4.622 4.457 4.291 4.140 3.997 3.855 3.712 3.570 3.428 3.285 3.143 3.000 2.858 2.715 2.573 2.431 2.288 2.146 2.003 1.861 1.718 1.576
8.862 8.842 8.821 8.800 8.780 8.762 8.723 8.651 8.579 8.506 8.434 8.362 8.290 8.217 8.145 8.073 8.001 7.928 7.856 7.784 7.711 7.639 7.567 7.495 7.422 7.350 7.278 7.206 7.133 7.061 6.989 6.916 6.844 6.772 6.700 6.627 6.555 6.483 6.410 6.338 6.266 6.194 6.121 6.049 5.977 5.905 5.832 5.760 5.688 5.615 5.496 5.331 5.165 5.000 4.834 4.669 4.503 4.339 4.196 4.054 3.911 3.769 3.626 3.484 3.342 3.199 3.057 2.914 2.772 2.629 2.487 2.345 2.202 2.060 1.917 1.775 1.632
8.893 8.872 8.852 8.831 8.810 8.790 8.750 8.672 8.594 8.516 8.441 8.369 8.297 8.224 8.152 8.080 8.008 7.935 7.863 7.791 7.719 7.646 7.574 7.502 7.429 7.357 7.285 7.213 7.140 7.068 6.996 6.923 6.851 6.779 6.707 6.634 6.562 6.490 6.418 6.345 6.273 6.201 6.128 6.056 5.984 5.912 5.839 5.767 5.695 5.623 5.543 5.377 5.212 5.046 4.881 4.715 4.550 4.395 4.253 4.110 3.968 3.825 3.683 3.541 3.398 3.256 3.113 2.971 2.828 2.686 2.543 2.401 2.259 2.116 1.974 1.831 1.689
8.923 8.903 8.882 8.861 8.841 8.812 8.780 8.710 8.633 8.555 8.477 8.399 8.321 8.243 8.165 8.087 8.015 7.943 7.870 7.798 7.726 7.653 7.581 7.509 7.437 7.364 7.292 7.220 7.147 7.075 7.003 6.931 6.858 6.786 6.714 6.642 6.569 6.497 6.425 6.352 6.280 6.208 6.136 6.063 5.991 5.919 5.847 5.774 5.702 5.630 5.557 5.424 5.258 5.093 4.927 4.762 4.596 4.451 4.309 4.167 4.024 3.882 3.739 3.597 3.455 3.312 3.170 3.027 2.885 2.742 2.600 2.458 2.315 2.173 2.021 1.864 1.708
8.954 8.933 8.913 8.892 8.866 8.834 8.801 8.749 8.671 8.593 8.515 8.437 8.360 8.282 8.204 8.126 8.048 7.970 7.892 7.815 7.737 7.660 7.588 7.516 7.444 7.371 7.299 7.227 7.155 7.082 7.010 6.938 6.865 6.793 6.721 6.649 6.576 6.504 6.432 6.360 6.287 6.215 6.143 6.070 5.998 5.926 5.854 5.781 5.709 5.637 5.565 5.470 5.305 5.139 4.974 4.808 4.650 4.508 4.365 4.223 4.081 3.938 3.796 3.653 3.511 3.369 3.226 3.084 2.941 2.799 2.657 2.505 2.348 2.192 2.036 1.880 1.723
8.984 8.964 8.943 8.920 8.887 8.855 8.823 8.787 8.709 8.632 8.554 8.476 8.398 8.320 8.242 8.165 8.087 8.009 7.931 7.853 7.775 7.698 7.620 7.542 7.464 7.386 7.308 7.234 7.162 7.089 7.017 6.945 6.873 6.800 6.728 6.656 6.584 6.511 6.439 6.367 6.294 6.222 6.150 6.077 6.005 5.933 5.861 5.788 5.716 5.644 5.572 5.499 5.352 5.186 5.020 4.855 4.707 4.564 4.422 4.280 4.137 3.995 3.852 3.710 3.568 3.425 3.283 3.140 2.989 2.833 2.676 2.520 2.364 2.208 2.051 1.895 1.739
9.015 8.994 8.973 8.941 8.909 8.877 8.845 8.813 8.748 8.670 8.592 8.515 8.437 8.359 8.281 8.203 8.125 8.047 7.970 7.892 7.814 7.736 7.658 7.580 7.503 7.425 7.347 7.269 7.191 7.113 7.035 6.958 6.880 6.807 6.735 6.663 6.591 6.518 6.446 6.374 6.302 6.229 6.157 6.085 6.012 5.940 5.868 5.796 5.723 5.651 5.579 5.506 5.398 5.232 5.067 4.906 4.763 4.621 4.479 4.336 4.194 4.051 3.909 3.766 3.624 3.473 3.317 3.160 3.004 2.848 2.692 2.535 2.379 2.223 2.067 1.910 1.754
9.045 9.024 8.995 8.963 8.931 8.899 8.867 8.834 8.787 8.709 8.631 8.553 8.475 8.397 8.319 8.242 8.164 8.086 8.008 7.930 7.852 7.775 7.697 7.619 7.541 7.463 7.385 7.307 7.230 7.152 7.074 6.996 6.918 6.840 6.763 6.685 6.607 6.529 6.453 6.381 6.309 6.236 6.164 6.092 6.019 5.947 5.875 5.803 5.730 5.658 5.586 5.514 5.441 5.279 5.114 4.962 4.820 4.677 4.535 4.392 4.250 4.108 3.957 3.801 3.644 3.488 3.332 3.176 3.019 2.863 2.707 2.551 2.395 2.238 2.082 1.926 1.770
9.076 9.049 9.017 8.985 8.953 8.921 8.888 8.856 8.824 8.747 8.669 8.592 8.514 8.436 8.358 8.280 8.202 8.124 8.047 7.969 7.891 7.813 7.735 7.657 7.580 7.502 7.424 7.346 7.268 7.190 7.112 7.035 6.957 6.879 6.801 6.723 6.645 6.568 6.490 6.412 6.334 6.256 6.178 6.101 6.027 5.954 5.882 5.810 5.738 5.665 5.593 5.521 5.448 5.326 5.161 5.019 4.876 4.734 4.591 4.441 4.285 4.129 3.972 3.816 3.660 3.504 3.347 3.191 3.035 2.879 2.722 2.566 2.410 2.254 2.097 1.941 1.785
9.103 9.071 9.039 9.007 8.974 8.942 8.910 8.878 8.846 8.786 8.708 8.630 8.552 8.474 8.397 8.319 8.241 8.163 8.085 8.007 7.929 7.852 7.774 7.696 7.618 7.540 7.462 7.384 7.307 7.229 7.151 7.073 6.995 6.918 6.840 6.762 6.684 6.606 6.528 6.450 6.373 6.295 6.217 6.139 6.061 5.983 5.906 5.828 5.750 5.672 5.600 5.528 5.455 5.372 5.218 5.075 4.925 4.769 4.613 4.456 4.300 4.144 3.988 3.832 3.675 3.519 3.363 3.207 3.050 2.894 2.738 2.582 2.425 2.269 2.113 1.956 1.800
9.125 9.093 9.061 9.028 8.996 8.964 8.932 8.900 8.867 8.824 8.746 8.669 8.591 8.513 8.435 8.357 8.279 8.202 8.124 8.046 7.968 7.890 7.812 7.734 7.657 7.579 7.501 7.423 7.345 7.267 7.189 7.112 7.034 6.956 6.878 6.800 6.722 6.645 6.567 6.489 6.411 6.333 6.255 6.177 6.100 6.022 5.944 5.866 5.788 5.711 5.633 5.555 5.477 5.399 5.253 5.097 4.941 4.784 4.628 4.472 4.316 4.159 4.003 3.847 3.691 3.534 3.378 3.222 3.066 2.909 2.753 2.597 2.441 2.284 2.128 1.972 1.816
9.147 9.114 9.082 9.050 9.018 8.986 8.953 8.921 8.889 8.857 8.785 8.707 8.629 8.551 8.474 8.396 8.318 8.240 8.162 8.084 8.006 7.929 7.851 7.773 7.695 7.617 7.539 7.462 7.384 7.306 7.228 7.150 7.072 6.995 6.917 6.839 6.761 6.683 6.605 6.527 6.450 6.372 6.294 6.216 6.138 6.060 5.983 5.905 5.827 5.749 5.671 5.593 5.515 5.428 5.293 5.116 4.956 4.800 4.644 4.487 4.331 4.175 4.019 3.862 3.706 3.550 3.394 3.237 3.081 2.925 2.769 2.612 2.456 2.300 2.144 1.987 1.831
9.168 9.136 9.104 9.072 9.040 9.007 8.975 8.943 8.911 8.879 8.823 8.746 8.668 8.590 8.512 8.434 8.356 8.278 8.201 8.123 8.045 7.967 7.889 7.811 7.734 7.656 7.578 7.500 7.422 7.344 7.267 7.189 7.111 7.033 6.955 6.877 6.799 6.722 6.644 6.566 6.488 6.410 6.332 6.255 6.177 6.099 6.021 5.943 5.865 5.787 5.710 5.632 5.546 5.458 5.341 5.164 4.987 4.815 4.659 4.503 4.346 4.190 4.034 3.878 3.722 3.565 3.409 3.253 3.097 2.940 2.784 2.628 2.472 2.315 2.159 2.003 1.847
9.190 9.158 9.126 9.094 9.061 9.029 8.997 8.965 8.932 8.900 8.862 8.784 8.706 8.628 8.551 8.473 8.395 8.317 8.239 8.161 8.084 8.006 7.928 7.850 7.772 7.694 7.617 7.539 7.461 7.383 7.305 7.227 7.149 7.072 6.994 6.916 6.838 6.760 6.682 6.605 6.527 6.449 6.371 6.293 6.215 6.137 6.060 5.982 5.904 5.826 5.748 5.664 5.575 5.487 5.389 5.213 5.036 4.859 4.682 4.518 4.362 4.206 4.049 3.893 3.737 3.581 3.424 3.268 3.112 2.956 2.799 2.643 2.487 2.331 2.174 2.018 1.862
9.212 9.180 9.147 9.115 9.083 9.051 9.019 8.987 8.954 8.922 8.890 8.823 8.745 8.667 8.589 8.511 8.433 8.356 8.278 8.200 8.122 8.044 7.966 7.888 7.811 7.733 7.655 7.577 7.499 7.421 7.344 7.266 7.188 7.110 7.032 6.954 6.876 6.799 6.721 6.643 6.565 6.487 6.410 6.332 6.254 6.176 6.098 6.020 5.942 5.865 5.781 5.693 5.605 5.516 5.428 5.261 5.084 4.907 4.730 4.553 4.377 4.221 4.065 3.909 3.752 3.596 3.440 3.283 3.127 2.971 2.815 2.659 2.502 2.346 2.190 2.033 1.877
9.233 9.201 9.169 9.137 9.105 9.073 9.040 9.008 8.976 8.944 8.912 8.861 8.783 8.706 8.628 8.550 8.472 8.394 8.316 8.238 8.161 8.083 8.005 7.927 7.849 7.771 7.693 7.616 7.538 7.460 7.382 7.304 7.226 7.149 7.071 6.993 6.915 6.837 6.759 6.681 6.604 6.526 6.448 6.370 6.292 6.214 6.137 6.059 5.981 5.899 5.810 5.722 5.634 5.546 5.458 5.309 5.132 4.955 4.778 4.602 4.425 4.248 4.080 3.924 3.768 3.611 3.455 3.299 3.143 2.986 2.830 2.674 2.518 2.361 2.205 2.049 1.893
9.255 9.223 9.191 9.159 9.126 9.094 9.062 9.030 8.998 8.966 8.933 8.900 8.822 8.744 8.666 8.588 8.511 8.433 8.355 8.277 8.199 8.121 8.043 7.966 7.888 7.810 7.732 7.654 7.576 7.498 7.421 7.343 7.265 7.187 7.109 7.031 6.954 6.876 6.798 6.720 6.642 6.564 6.487 6.409 6.331 6.253 6.175 6.097 6.016 5.928 5.840 5.752 5.663 5.575 5.487 5.357 5.180 5.004 4.827 4.650 4.473 4.296 4.119 3.943 3.783 3.627 3.470 3.314 3.158 3.002 2.846 2.689 2.533 2.377 2.221 2.064 1.908
9.277 9.245 9.213 9.180 9.148 9.116 9.084 9.052 9.020 8.987 8.955 8.923 8.860 8.782 8.705 8.627 8.549 8.471 8.393 8.316 8.238 8.160 8.082 8.004 7.926 7.848 7.771 7.693 7.615 7.537 7.459 7.381 7.304 7.226 7.148 7.070 6.992 6.914 6.836 6.759 6.681 6.603 6.525 6.447 6.369 6.291 6.214 6.134 6.046 5.957 5.869 5.781 5.693 5.604 5.516 5.405 5.229 5.052 4.875 4.698 4.521 4.344 4.168 3.991 3.814 3.642 3.486 3.330 3.173 3.017 2.861 2.705 2.548 2.392 2.236 2.080 1.923
9.299 9.267 9.234 9.202 9.170 9.138 9.106 9.073 9.041 9.009 8.977 8.945 8.899 8.821 8.743 8.665 8.587 8.510 8.432 8.354 8.276 8.198 8.121 8.043 7.965 7.887 7.809 7.731 7.653 7.575 7.498 7.420 7.342 7.264 7.186 7.108 7.031 6.953 6.875 6.797 6.719 6.641 6.564 6.486 6.408 6.330 6.252 6.163 6.075 5.987 5.899 5.810 5.722 5.634 5.546 5.454 5.277 5.100 4.923 4.746 4.569 4.393 4.216 4.039 3.862 3.686 3.509 3.345 3.189 3.033 2.876 2.720 2.564 2.407 2.251 2.095 1.939
9.320 9.288 9.256 9.224 9.192 9.159 9.127 9.095 9.063 9.031 8.998 8.966 8.934 8.860 8.782 8.704 8.626 8.548 8.470 8.393 8.315 8.237 8.159 8.081 8.003 7.925 7.848 7.770 7.692 7.614 7.536 7.458 7.380 7.303 7.225 7.147 7.069 6.991 6.913 6.836 6.758 6.680 6.602 6.524 6.446 6.368 6.281 6.193 6.105 6.016 5.928 5.840 5.751 5.663 5.575 5.487 5.325 5.148 4.971 4.795 4.618 4.441 4.264 4.087 3.911 3.734 3.557 3.380 3.204 3.048 2.892 2.735 2.579 2.423 2.267 2.110 1.954
9.342 9.310 9.278 9.246 9.213 9.181 9.149 9.117 9.085 9.052 9.020 8.988 8.956 8.898 8.820 8.742 8.665 8.587 8.509 8.431 8.353 8.275 8.198 8.120 8.042 7.964 7.886 7.808 7.730 7.653 7.575 7.497 7.419 7.341 7.263 7.185 7.108 7.030 6.952 6.874 6.796 6.718 6.641 6.563 6.485 6.399 6.310 6.222 6.134 6.046 5.957 5.869 5.781 5.693 5.604 5.516 5.373 5.196 5.020 4.843 4.666 4.489 4.312 4.135 3.959 3.782 3.605 3.428 3.252 3.075 2.907 2.751 2.595 2.438 2.282 2.126 1.970
9.364 9.332 9.299 9.267 9.235 9.203 9.171 9.139 9.106 9.074 9.042 9.010 8.978 8.937 8.859 8.781 8.703 8.625 8.547 8.470 8.392 8.314 8.236 8.158 8.080 8.003 7.925 7.847 7.769 7.691 7.613 7.535 7.458 7.380 7.302 7.224 7.146 7.068 6.991 6.913 6.835 6.757 6.679 6.601 6.516 6.428 6.340 6.251 6.163 6.075 5.987 5.898 5.810 5.722 5.634 5.545 5.421 5.245 5.068 4.891 4.714 4.537 4.360 4.184 4.007 3.830 3.653 3.477 3.300 3.123 2.946 2.769 2.610 2.454 2.298 2.141 1.985
9.386 9.353 9.321 9.289 9.257 9.225 9.193 9.160 9.128 9.096 9.064 9.031 8.999 8.967 8.897 8.820 8.742 8.664 8.586 8.508 8.430 8.352 8.274 8.197 8.119 8.041 7.963 7.885 7.808 7.730 7.652 7.574 7.496 7.418 7.340 7.263 7.185 7.107 7.029 6.951 6.873 6.796 6.718 6.634 6.546 6.457 6.369 6.281 6.192 6.104 6.016 5.928 5.840 5.751 5.663 5.575 5.470 5.293 5.116 4.939 4.762 4.586 4.409 4.232 4.055 3.878 3.702 3.525 3.348 3.171 2.994 2.818 2.641 2.469 2.313 2.157 2.000
9.407 9.375 9.343 9.311 9.279 9.246 9.214 9.182 9.150 9.118 9.085 9.053 9.021 8.989 8.936 8.858 8.780 8.702 8.624 8.547 8.469 8.391 8.313 8.235 8.157 8.079 8.002 7.924 7.846 7.768 7.690 7.613 7.535 7.457 7.379 7.301 7.223 7.145 7.068 6.990 6.912 6.834 6.751 6.663 6.575 6.487 6.398 6.310 6.222 6.134 6.045 5.957 5.869 5.781 5.692 5.604 5.516 5.341 5.164 4.987 4.811 4.634 4.457 4.280 4.103 3.927 3.750 3.573 3.396 3.219 3.043 2.866 2.689 2.512 2.335 2.172 2.016
9.429 9.397 9.365 9.332 9.300 9.268 9.236 9.204 9.172 9.139 9.107 9.075 9.043 9.011 8.974 8.897 8.819 8.741 8.663 8.585 8.507 8.429 8.352 8.274 8.196 8.118 8.040 7.962 7.884 7.807 7.729 7.651 7.573 7.495 7.417 7.340 7.262 7.184 7.106 7.028 6.950 6.869 6.781 6.693 6.604 6.516 6.428 6.340 6.251 6.163 6.075 5.987 5.898 5.810 5.722 5.633 5.545 5.389 5.212 5.036 4.859 4.682 4.505 4.328 4.152 3.975 3.798 3.621 3.444 3.268 3.091 2.914 2.737 2.560 2.384 2.207 2.031
9.451 9.419 9.386 9.354 9.322 9.290 9.258 9.225 9.193 9.161 9.129 9.097 9.065 9.032 9.000 8.935 8.857 8.779 8.702 8.624 8.546 8.468 8.390 8.312 8.234 8.157 8.079 8.001 7.923 7.845 7.767 7.690 7.612 7.534 7.456 7.378 7.300 7.222 7.145 7.067 6.987 6.898 6.810 6.722 6.634 6.545 6.457 6.369 6.281 6.192 6.104 6.016 5.928 5.839 5.751 5.663 5.575 5.437 5.261 5.084 4.907 4.730 4.553 4.377 4.200 4.023 3.846 3.669 3.493 3.316 3.139 2.962 2.785 2.609 2.432 2.255 2.078
9.473 9.440 9.408 9.376 9.344 9.312 9.279 9.247 9.215 9.183 9.151 9.118 9.086 9.054 9.022 8.973 8.896 8.818 8.740 8.662 8.584 8.507 8.429 8.351 8.273 8.195 8.117 8.039 7.962 7.884 7.806 7.728 7.650 7.572 7.494 7.417 7.339 7.261 7.183 7.104 7.016 6.928 6.839 6.751 6.663 6.575 6.486 6.398 6.310 6.222 6.134 6.045 5.957 5.869 5.780 5.692 5.604 5.485 5.309 5.132 4.955 4.778 4.601 4.425 4.248 4.071 3.894 3.718 3.541 3.364 3.187 3.010 2.834 2.657 2.480 2.303 2.126
9.494 9.462 9.430 9.398 9.365 9.333 9.301 9.269 9.237 9.205 9.172 9.140 9.108 9.076 9.044 9.011 8.934 8.856 8.779 8.701 8.623 8.545 8.467 8.389 8.312 8.234 8.156 8.078 8.000 7.922 7.844 7.767 7.689 7.611 7.533 7.455 7.377 7.299 7.222 7.134 7.045 6.957 6.869 6.781 6.692 6.604 6.516 6.428 6.339 6.251 6.163 6.075 5.986 5.898 5.810 5.722 5.633 5.534 5.357 5.180 5.003 4.826 4.650 4.473 4.296 4.119 3.943 3.766 3.589 3.412 3.235 3.059 2.882 2.705 2.528 2.351 2.175
9.516 9.484 9.452 9.419 9.387 9.355 9.323 9.291 9.258 9.226 9.194 9.162 9.130 9.098 9.065 9.033 8.973 8.895 8.817 8.739 8.661 8.584 8.506 8.428 8.350 8.272 8.194 8.117 8.039 7.961 7.883 7.805 7.727 7.649 7.571 7.494 7.416 7.338 7.251 7.163 7.075 6.987 6.898 6.810 6.722 6.633 6.545 6.457 6.369 6.280 6.192 6.104 6.016 5.927 5.839 5.751 5.663 5.574 5.405 5.228 5.052 4.875 4.698 4.521 4.344 4.168 3.991 3.814 3.637 3.460 3.284 3.107 2.930 2.753 2.576 2.400 2.223
9.538 9.506 9.473 9.441 9.409 9.377 9.344 9.312 9.280 9.248 9.216 9.184 9.151 9.119 9.087 9.055 9.011 8.933 8.856 8.778 8.700 8.622 8.544 8.466 8.388 8.311 8.233 8.155 8.077 7.999 7.921 7.844 7.766 7.688 7.610 7.532 7.454 7.369 7.281 7.192 7.104 7.016 6.928 6.839 6.751 6.663 6.575 6.486 6.398 6.310 6.221 6.133 6.045 5.957 5.869 5.780 5.692 5.604 5.453 5.277 5.100 4.923 4.746 4.569 4.393 4.216 4.039 3.862 3.685 3.509 3.332 3.155 2.978 2.801 2.625 2.448 2.271
9.559 9.527 9.495 9.463 9.431 9.398 9.366 9.334 9.302 9.270 9.238 9.205 9.173 9.141 9.109 9.076 9.044 8.972 8.894 8.816 8.738 8.661 8.583 8.505 8.427 8.349 8.271 8.194 8.116 8.038 7.960 7.882 7.804 7.726 7.649 7.571 7.486 7.398 7.310 7.222 7.133 7.045 6.957 6.869 6.780 6.692 6.604 6.516 6.427 6.339 6.251 6.163 6.074 5.986 5.898 5.810 5.721 5.633 5.502 5.325 5.148 4.971 4.794 4.618 4.441 4.264 4.087 3.910 3.734 3.557 3.380 3.203 3.026 2.850 2.673 2.496 2.319
9.581 9.549 9.517 9.485 9.452 9.420 9.388 9.356 9.324 9.291 9.259 9.227 9.195 9.163 9.131 9.098 9.066 9.010 8.933 8.855 8.777 8.699 8.621 8.543 8.466 8.388 8.310 8.232 8.154 8.076 7.999 7.921 7.843 7.765 7.687 7.604 7.516 7.428 7.339 7.251 7.163 7.074 6.986 6.898 6.810 6.721 6.633 6.545 6.457 6.368 6.280 6.192 6.104 6.016 5.927 5.839 5.751 5.662 5.550 5.373 5.196 5.019 4.843 4.666 4.489 4.312 4.135 3.959 3.782 3.605 3.428 3.251 3.075 2.898 2.721 2.544 2.367
