includes/lisflood/oleron/results_R2_t1.56079001071E12/res-0005.wdfp
ncols         631
nrows         906
xllcorner     364927.146667
yllcorner     6531972.565556
cellsize      20.000000
NODATA_value  -9999.000000
[rows 34 to 67 of 906, columns 77 to 153 of 631]
1.939 1.902 1.818 2.067 1.871 1.865 1.630 2.024 1.573 1.750 1.267 1.401 1.542 1.978 1.999 0.866 2.758 3.075 1.874 1.568 1.280 1.553 1.323 0.899 1.684 1.281 1.080 2.002 1.398 1.661 1.394 1.694 1.826 1.821 1.820 1.909 1.558 1.575 1.896 1.719 1.485 1.582 1.801 1.487 1.739 1.372 1.582 1.531 0.729 2.075 0.962 1.204 1.533 2.121 1.196 1.312 2.257 2.142 2.248 1.287 1.035 1.437 0.916 1.464 1.833 1.599 1.198 1.142 1.301 1.764 1.482 0.412 1.209 2.378 1.220 1.510 0.921
1.943 1.971 2.215 1.471 1.487 1.542 1.792 1.913 1.810 1.250 1.306 1.558 1.455 1.400 1.955 1.053 1.250 1.350 1.378 0.904 1.321 1.100 1.607 1.331 1.650 1.230 1.411 2.095 1.286 1.432 1.376 2.074 1.911 1.836 1.716 1.893 1.547 2.029 1.737 1.589 1.536 1.482 1.666 1.679 1.319 0.983 1.483 1.935 0.931 1.796 1.863 0.846 1.511 1.968 1.165 1.981 0.806 0.914 2.421 2.268 2.103 1.254 0.758 2.250 0.846 1.652 1.816 1.671 0.961 1.149 1.531 1.634 1.743 1.305 1.695 1.480 1.501
2.172 1.331 1.529 1.527 1.691 1.849 1.952 2.167 1.893 2.046 2.377 1.257 1.667 1.591 1.411 1.440 1.432 1.512 1.248 1.574 1.373 1.701 1.504 1.542 1.730 0.911 1.546 1.440 2.164 1.781 1.893 1.939 1.574 1.430 2.217 1.275 1.805 1.843 1.871 1.542 2.034 0.932 1.669 1.387 1.554 0.945 0.808 1.910 1.196 1.678 1.138 0.962 1.892 0.965 1.031 1.131 1.687 1.599 0.806 0.521 2.320 2.001 2.068 1.735 2.159 1.251 1.114 1.068 1.650 1.837 0.674 1.183 2.610 1.316 0.820 0.507 1.526
1.397 1.702 1.696 1.805 1.951 1.710 1.744 1.765 1.354 1.411 1.596 1.954 2.495 2.498 2.540 1.703 1.782 1.699 1.583 1.864 1.196 1.115 1.115 1.827 1.683 1.278 2.355 1.849 2.125 2.022 1.508 1.756 1.910 2.341 1.785 1.798 1.487 2.110 1.561 1.457 0.925 1.491 1.436 1.298 1.548 0.990 1.041 2.086 1.092 0.919 1.072 0.678 1.887 0.829 1.517 1.014 1.178 1.652 1.806 1.372 1.440 0.724 1.719 1.033 2.573 1.215 2.259 1.279 1.367 1.883 2.007 1.591 1.995 1.398 1.631 1.725 1.691
1.814 1.655 1.989 2.169 1.779 1.876 1.924 1.630 1.571 2.227 1.190 1.524 1.716 1.630 1.216 1.539 1.463 1.456 1.421 1.405 1.389 1.234 1.555 1.744 1.162 1.650 2.058 1.938 2.006 1.968 1.968 2.151 2.001 1.753 1.956 1.517 2.403 1.482 2.013 2.002 1.882 1.398 0.762 0.861 1.185 1.347 0.962 1.847 1.262 1.033 1.225 1.488 1.545 1.984 1.401 0.788 0.915 1.698 1.667 1.770 0.885 0.780 1.168 0.704 1.303 1.396 2.466 2.535 2.085 0.547 2.306 1.996 1.675 1.229 2.186 1.029 1.734
1.242 1.368 2.426 1.354 1.810 1.608 1.891 1.805 1.788 2.245 1.597 2.023 1.318 1.809 1.390 1.568 0.936 1.242 1.084 1.349 1.250 1.151 1.527 1.893 1.739 1.908 1.606 1.881 2.335 1.463 2.112 1.704 1.928 1.514 1.744 1.944 2.219 0.919 0.874 1.537 1.813 1.930 1.988 2.018 1.139 1.776 1.529 1.960 1.141 1.141 1.521 1.208 1.264 2.015 1.516 1.118 0.913 1.783 1.859 1.993 1.785 1.813 0.977 0.632 1.066 1.671 1.342 1.513 1.247 1.407 0.981 0.964 2.149 1.637 2.076 0.329 0.995
1.571 1.517 1.886 1.565 2.018 1.089 1.589 2.199 1.679 2.047 1.841 2.088 2.007 1.565 1.397 1.657 1.605 0.966 1.299 1.607 1.673 1.647 1.511 1.295 1.966 1.950 1.683 1.948 2.273 1.907 1.867 1.942 1.973 1.900 1.806 1.950 1.336 1.744 2.237 1.680 0.909 1.216 1.237 2.109 1.625 1.779 1.287 1.513 1.208 1.194 0.960 1.889 1.713 1.727 1.839 1.371 1.178 1.211 1.468 1.771 2.243 2.140 1.457 0.914 1.870 1.999 1.539 2.158 1.680 1.790 2.272 1.915 0.673 1.865 2.171 2.120 1.240
1.584 2.114 1.689 1.671 1.866 1.742 1.641 1.864 1.803 2.093 1.667 1.998 1.231 1.471 1.436 2.057 1.739 1.600 1.611 1.344 0.580 1.383 1.493 1.001 1.788 1.785 1.852 2.034 1.960 2.034 1.781 1.828 0.867 2.161 0.986 1.715 1.578 1.199 1.361 1.925 2.241 1.982 1.114 1.445 0.934 1.488 1.407 1.567 1.485 1.595 1.074 0.345 1.170 2.089 1.706 1.927 1.914 1.856 1.879 2.027 1.031 2.092 1.794 2.495 2.421 1.308 2.178 1.727 1.718 1.756 1.801 1.544 1.515 2.516 1.047 2.634 2.293
1.998 1.982 1.428 1.942 1.328 1.658 1.993 1.628 1.747 1.946 1.938 1.186 1.042 1.711 1.475 1.410 1.007 2.122 1.521 1.493 1.378 1.397 1.805 1.719 2.115 1.850 2.307 1.542 1.903 1.802 2.117 1.966 0.982 2.434 1.608 1.668 1.337 1.903 2.125 1.662 1.083 1.843 2.068 2.148 1.068 1.225 1.620 1.427 1.205 1.415 1.116 1.555 0.864 1.068 0.984 1.190 1.178 1.358 1.406 1.971 1.310 1.783 2.090 1.562 1.955 1.500 1.988 2.350 1.756 2.138 1.404 1.690 1.722 1.789 1.605 1.285 1.030
1.923 1.543 1.431 1.989 1.614 1.576 1.910 1.627 1.717 1.711 1.813 0.819 1.424 1.479 1.718 1.890 1.632 1.299 1.099 1.989 1.658 1.465 0.415 2.006 1.957 2.264 1.942 1.636 2.017 1.905 1.491 1.764 1.365 2.088 2.315 0.895 2.300 1.135 1.500 1.394 2.165 1.739 1.927 1.405 2.198 1.619 1.499 2.030 2.008 1.425 1.328 1.151 1.223 1.361 1.602 1.051 1.475 1.869 1.315 1.563 1.859 1.964 1.242 1.580 1.173 1.379 2.377 1.385 2.521 2.329 2.434 1.656 1.835 1.317 1.523 1.306 1.371
1.993 1.652 1.887 1.289 1.646 1.878 2.259 1.715 1.568 1.994 0.908 1.415 1.512 1.288 2.189 1.272 1.324 1.719 2.034 2.019 1.111 1.315 1.065 1.902 1.938 1.736 1.932 1.655 1.580 1.656 1.302 1.578 2.164 0.813 2.141 0.226 2.017 0.886 1.384 1.296 1.108 0.944 1.825 1.063 1.320 0.545 0.683 1.334 1.882 1.626 1.083 1.148 1.281 1.224 1.626 1.794 1.464 1.711 1.381 2.120 1.264 1.296 1.923 1.293 2.356 2.086 2.234 1.416 1.139 1.246 1.062 1.354 2.007 1.331 1.499 1.961 1.665
1.682 1.618 1.679 1.634 1.898 1.597 1.524 1.993 1.766 1.435 1.347 2.063 1.459 1.683 1.245 1.073 2.099 1.434 1.500 1.452 1.709 1.375 2.277 1.959 2.248 2.392 1.776 2.006 1.903 1.810 1.892 1.656 1.768 0.949 2.274 0.902 1.986 1.590 1.299 1.491 1.295 1.426 1.349 0.755 2.334 2.111 2.338 2.492 2.272 2.035 1.813 0.805 0.587 0.860 1.563 1.309 1.450 1.749 1.411 1.921 1.777 1.810 1.604 2.156 1.977 2.068 2.119 2.063 2.128 2.287 1.947 2.497 1.574 1.235 2.348 1.153 1.951
2.034 1.702 1.898 1.990 1.747 1.950 1.967 1.807 1.854 1.181 1.587 1.710 1.481 2.014 1.872 1.795 2.531 0.666 2.154 1.268 1.365 0.872 1.461 1.961 1.801 1.712 2.020 1.930 1.865 2.012 1.797 1.605 2.114 1.800 2.413 2.320 1.080 2.473 1.053 1.691 1.477 0.617 1.118 1.343 0.207 0.555 0.850 1.673 2.284 2.353 1.969 2.123 2.213 1.923 1.945 1.407 1.484 1.532 1.647 1.344 1.543 1.978 1.672 1.298 1.187 0.643 0.777 0.651 1.412 2.449 2.313 2.340 2.359 2.655 1.549 2.584 2.005
1.626 1.856 1.768 1.817 1.577 1.940 1.686 1.625 1.895 1.102 1.970 1.870 2.125 1.463 1.623 2.147 1.643 1.659 0.928 1.635 0.989 1.143 1.478 1.870 2.189 2.132 1.295 2.185 1.945 1.623 2.063 1.240 1.822 2.129 1.342 2.309 0.253 2.195 1.292 1.822 1.415 1.274 1.091 1.200 2.089 1.469 0.619 0.585 0.712 0.829 0.797 0.930 1.015 1.967 2.049 2.095 1.191 1.449 1.323 1.429 1.386 0.779 1.422 1.505 2.024 1.997 2.101 2.044 2.149 1.910 2.012 1.375 0.983 1.579 2.141 1.733 1.731
1.914 1.790 1.705 2.178 1.921 1.319 1.794 1.798 1.049 1.845 1.452 1.668 1.821 1.773 2.082 1.565 1.285 0.851 1.726 1.567 1.410 1.571 2.016 1.168 1.134 1.701 2.337 1.314 1.918 1.655 1.663 1.453 1.813 1.807 0.836 2.206 0.776 2.202 0.914 1.299 1.537 1.324 1.530 1.555 1.463 1.698 2.217 2.341 2.422 2.696 2.715 2.485 2.707 2.062 1.360 1.010 1.209 2.028 1.703 2.143 2.212 1.931 0.798 1.757 2.372 2.375 2.052 1.550 0.774 1.087 0.944 1.229 1.147 0.688 1.645 1.451 1.015
1.773 1.241 1.233 1.646 1.653 1.588 1.624 1.451 1.643 1.932 1.682 1.736 1.852 1.185 1.726 1.459 2.039 1.202 1.472 0.909 1.880 1.823 2.006 1.562 1.858 1.396 1.603 1.427 1.750 0.942 0.785 0.758 1.575 1.597 1.609 1.842 1.578 1.837 1.842 2.256 1.671 1.333 1.947 1.579 1.705 1.308 0.881 0.832 0.837 0.978 1.598 2.505 2.388 2.432 2.215 2.346 2.311 1.385 0.000 1.095 1.082 1.225 2.094 0.983 2.416 2.147 2.307 2.319 2.392 2.344 2.364 2.430 2.334 2.352 2.515 2.346 2.379
1.541 1.424 1.771 1.293 1.521 1.233 1.940 1.235 1.911 1.262 1.724 1.871 1.663 1.941 1.700 1.489 1.142 1.902 1.674 1.789 1.038 1.661 2.132 1.636 2.152 2.001 1.546 2.174 1.149 1.008 1.094 0.680 0.894 1.434 1.674 0.636 1.806 1.788 1.660 1.368 1.812 1.444 2.157 1.618 1.506 1.336 1.617 1.266 1.464 1.536 1.725 2.054 1.380 0.929 0.777 0.723 1.298 1.279 2.288 2.356 2.157 0.711 2.290 1.453 2.145 1.900 1.446 1.406 1.329 1.256 1.088 1.123 1.566 1.687 2.426 2.432 2.435
1.714 1.540 1.487 1.352 1.520 1.295 2.075 1.457 1.259 1.315 1.029 1.904 1.087 1.945 1.126 1.947 1.761 1.556 1.734 1.321 1.866 2.137 1.996 1.716 1.471 1.763 1.871 2.235 1.506 1.127 1.169 1.256 0.985 1.127 1.932 1.391 2.052 1.667 1.447 1.332 1.449 1.689 2.155 1.633 1.794 2.018 1.330 1.141 1.525 1.841 1.974 1.898 1.915 1.408 1.379 1.149 1.209 1.958 0.359 0.952 2.367 2.399 2.258 2.279 2.408 2.400 1.615 2.035 1.752 1.901 1.331 1.264 1.473 1.427 1.827 1.874 1.463
1.104 1.765 1.489 1.459 1.647 1.360 1.579 1.665 1.610 1.720 1.075 1.137 1.886 1.913 1.345 1.126 1.425 1.340 1.161 1.601 1.591 1.908 1.570 1.859 2.071 1.830 2.101 1.474 1.361 1.019 1.150 1.290 0.897 1.422 1.369 0.948 1.960 1.956 0.812 1.333 1.570 1.843 1.377 1.792 2.027 1.927 1.503 1.689 1.572 1.618 2.100 1.720 1.709 2.270 1.905 2.017 2.161 2.234 1.217 1.837 2.204 1.635 0.917 1.146 1.943 2.126 2.306 1.414 2.907 1.439 1.357 1.410 1.571 1.498 1.621 1.408 2.023
1.476 1.247 1.232 1.473 1.317 1.045 1.314 1.654 2.030 1.321 2.025 1.521 2.086 1.341 1.277 2.366 1.162 1.642 0.224 1.368 1.437 1.485 2.214 1.843 1.965 1.991 1.580 2.221 1.165 1.141 1.201 0.933 1.339 2.342 2.078 1.778 1.150 0.872 1.194 1.588 1.795 1.951 1.796 1.657 1.697 1.901 1.493 1.523 1.542 1.429 1.903 1.477 2.139 1.305 1.415 1.653 2.374 1.922 1.334 2.059 1.252 1.898 2.175 1.146 1.217 2.339 1.121 1.522 2.355 2.375 1.995 2.154 1.706 1.540 1.891 2.157 2.134
1.430 1.514 1.017 1.044 1.142 1.635 1.576 1.854 1.593 1.148 1.303 1.167 1.404 1.302 1.266 1.407 1.357 1.714 1.120 2.352 1.566 1.233 1.558 1.398 1.923 2.187 2.343 2.001 1.118 2.079 1.909 1.138 1.657 1.539 1.401 2.170 2.398 1.911 1.994 2.187 2.243 2.334 2.322 1.921 2.282 2.243 2.343 2.421 2.200 1.940 2.193 2.435 2.209 2.153 1.912 1.940 1.855 1.138 1.738 1.748 1.873 2.203 1.346 1.236 1.960 1.951 2.010 1.317 2.032 1.402 0.932 0.706 1.027 1.208 1.151 1.541 1.453
1.419 1.377 1.328 1.215 1.073 1.456 1.372 2.117 1.239 2.123 1.592 1.630 1.599 1.792 1.399 1.896 1.847 1.724 1.374 1.577 1.633 1.447 1.824 1.977 1.752 1.435 1.836 2.036 1.151 1.321 1.447 1.356 1.998 1.675 1.684 1.894 1.238 1.003 1.078 1.008 1.802 1.868 1.982 1.822 1.631 2.004 2.105 1.903 2.008 1.919 2.044 1.853 1.551 2.051 1.104 1.389 2.158 1.727 1.484 1.283 1.446 1.810 1.107 1.079 1.066 1.099 1.394 1.328 1.722 1.849 1.623 1.528 1.637 1.590 1.690 1.718 1.886
2.105 2.259 1.008 1.301 1.613 1.480 1.663 1.884 1.654 1.305 1.313 1.233 1.275 1.487 1.368 1.790 1.503 1.701 1.037 1.470 1.847 1.510 1.664 1.908 1.740 1.182 0.909 0.876 2.208 0.787 1.768 1.469 1.684 1.488 2.045 1.835 1.953 1.520 1.671 1.635 1.591 2.125 1.892 1.509 1.318 0.650 1.066 0.904 0.948 1.001 1.125 1.682 2.100 1.946 2.463 1.454 1.414 1.112 0.797 0.850 0.936 1.078 0.924 1.130 1.043 0.859 0.762 0.741 0.850 0.601 0.593 0.705 1.184 1.090 1.029 1.108 1.662
1.662 1.482 2.117 1.981 0.964 1.476 2.085 1.041 2.073 1.277 1.698 1.670 1.566 1.750 1.692 1.656 1.588 1.210 1.221 1.199 2.128 1.732 1.523 2.084 1.779 2.125 2.634 1.996 2.053 1.144 0.697 1.212 1.815 1.934 2.050 1.609 1.237 1.304 1.640 1.807 1.927 1.887 2.166 1.530 1.511 1.465 1.390 1.458 2.340 1.989 2.354 1.997 1.628 2.274 1.506 2.035 2.035 1.918 2.201 1.931 2.376 2.149 2.011 2.061 2.140 2.422 2.219 2.258 2.293 1.492 2.194 2.145 1.640 1.667 1.083 0.904 0.026
1.336 1.608 1.517 1.845 1.795 1.975 1.496 1.455 1.515 1.321 1.746 1.869 1.763 1.827 1.536 1.078 1.143 1.030 1.301 1.815 1.507 2.152 0.726 2.091 0.762 0.537 0.649 0.563 2.096 2.185 2.050 1.942 2.182 1.719 1.396 2.217 1.736 2.079 2.418 2.303 2.068 1.827 1.475 1.300 1.316 1.795 1.709 1.603 1.860 1.793 1.954 0.815 1.110 1.708 1.631 1.257 1.787 1.484 1.807 1.205 1.638 1.572 1.733 2.037 2.019 2.220 2.229 2.278 2.193 1.446 2.320 2.245 1.957 1.680 2.312 2.062 2.437
1.032 1.249 1.144 1.370 1.376 1.355 1.628 1.688 1.481 1.889 2.078 1.640 1.976 1.711 1.641 1.799 1.740 0.769 2.082 2.100 1.599 1.826 0.154 1.986 1.214 1.249 2.198 2.037 0.774 0.570 0.257 0.669 1.283 1.713 1.861 2.119 2.326 1.750 1.527 2.303 1.775 2.024 1.379 1.154 0.996 1.271 1.475 1.575 1.822 2.066 1.116 1.876 1.157 1.383 1.572 2.145 1.378 0.715 0.612 0.632 1.368 1.213 0.519 0.801 0.710 0.850 0.790 0.668 0.764 0.975 0.770 0.798 0.955 1.153 0.994 0.802 0.977
1.484 1.704 1.319 1.409 1.421 1.276 1.168 1.230 1.761 1.617 1.511 1.839 1.756 2.012 1.441 1.769 0.955 1.904 2.199 1.470 1.552 2.292 0.217 0.359 1.157 1.252 0.459 2.161 1.925 1.267 1.390 1.262 1.060 0.436 0.749 1.501 1.344 1.817 1.401 1.169 2.255 1.989 1.517 1.682 1.983 2.136 1.839 1.363 1.962 1.135 2.138 1.189 1.382 1.881 1.762 1.443 1.557 1.457 1.755 1.709 1.412 1.302 1.411 1.317 1.507 1.749 1.866 1.363 1.318 2.074 2.016 1.451 2.146 0.783 1.152 1.153 1.390
1.075 1.044 1.232 1.337 1.432 1.718 1.885 1.652 1.526 1.743 1.596 1.551 1.406 1.907 1.625 2.039 1.017 1.376 1.146 2.126 1.367 2.111 2.317 2.471 2.139 2.476 1.321 0.769 0.551 1.243 2.374 1.725 2.041 1.634 1.509 1.760 1.297 0.821 0.598 1.363 1.481 1.917 1.544 1.146 2.046 1.597 1.877 1.324 2.121 1.649 1.266 1.684 1.755 2.124 1.759 2.003 1.709 2.101 1.816 1.593 1.820 1.364 1.340 1.645 2.043 1.900 1.787 1.528 0.866 1.397 1.802 1.342 2.086 1.491 1.957 0.993 1.716
0.537 0.885 0.731 1.073 1.011 1.066 1.239 1.411 1.847 1.366 1.751 1.667 1.604 1.632 1.918 1.578 0.946 1.433 2.099 1.419 1.607 0.514 0.243 0.849 2.356 1.866 2.296 2.039 2.506 2.014 0.955 0.992 0.773 1.240 2.405 2.303 2.051 1.776 1.659 1.238 1.264 1.102 0.996 1.198 1.542 1.645 2.529 2.256 2.403 1.391 0.749 0.797 1.043 1.039 1.590 1.733 1.579 2.071 1.844 1.662 1.626 1.626 0.873 1.339 1.451 1.307 1.804 1.526 1.130 0.973 1.155 1.030 1.484 1.071 1.631 1.366 2.536
1.149 1.167 1.046 0.796 1.171 0.669 0.730 1.117 0.934 1.133 1.149 1.312 1.278 1.187 1.960 1.565 1.421 1.615 1.549 1.202 1.818 2.035 1.995 1.774 0.952 0.652 0.915 0.889 1.575 2.637 2.001 2.040 1.701 2.191 1.674 1.346 0.789 0.814 2.096 2.545 2.034 2.169 1.683 1.636 2.008 1.119 2.249 1.660 2.257 2.151 2.180 2.170 2.003 2.363 2.179 1.412 1.487 1.964 1.318 1.890 1.852 1.864 1.383 2.037 1.281 1.688 1.191 1.016 1.354 1.224 1.732 0.763 2.146 2.101 0.939 1.473 1.256
1.628 1.460 1.776 1.459 1.577 1.389 1.253 1.231 0.939 0.861 0.997 0.912 0.927 1.303 1.428 1.733 1.873 1.653 1.853 2.659 0.767 1.061 1.386 1.544 1.827 2.137 2.124 2.105 0.962 1.012 1.119 1.330 1.868 2.434 2.264 2.042 2.034 1.897 1.627 1.673 1.157 0.760 2.314 2.186 2.193 0.736 2.609 1.219 1.358 1.105 0.916 0.813 1.018 2.334 2.081 1.724 1.665 2.024 1.822 1.904 1.749 1.916 1.648 1.660 2.149 1.557 1.069 0.738 0.857 0.839 0.878 0.934 0.621 0.640 0.714 0.912 1.369
1.434 1.422 1.627 1.752 1.605 1.576 1.831 1.655 1.755 1.880 1.454 1.485 1.420 1.488 1.647 1.069 1.613 2.088 1.137 1.571 1.953 1.697 2.155 1.962 1.456 1.391 1.529 1.929 1.307 2.065 1.830 1.339 1.343 1.498 1.243 1.238 1.464 2.668 2.258 2.017 2.087 1.679 1.562 1.748 1.994 1.672 2.421 0.228 0.332 0.632 1.290 1.727 2.187 1.379 1.632 1.594 1.815 1.919 2.122 1.689 1.871 1.825 1.796 2.103 2.157 2.198 2.263 2.081 2.114 2.243 2.136 2.344 2.160 2.173 2.104 2.306 2.191
1.511 1.397 1.469 1.555 1.997 1.647 1.481 1.844 1.848 2.044 2.065 2.076 2.009 1.786 2.140 1.115 1.496 2.326 1.448 2.314 1.200 0.967 0.902 1.201 2.182 1.758 2.328 1.871 1.769 2.344 1.731 2.451 1.386 1.480 1.780 1.421 1.082 1.962 1.296 1.253 1.461 2.225 2.478 2.118 1.376 1.481 2.420 1.965 2.061 2.141 2.231 1.782 1.683 1.410 1.262 1.753 1.863 1.936 1.371 1.260 1.750 2.198 1.461 1.416 1.715 1.199 0.865 1.093 1.239 1.215 0.904 0.669 0.582 0.649 0.894 2.422 1.215
1.462 1.624 1.404 1.331 1.547 1.502 1.584 1.775 1.531 1.781 2.024 1.913 1.644 2.035 1.970 2.182 1.058 1.518 1.252 1.788 1.273 1.338 1.477 2.002 1.569 1.404 1.108 1.094 2.467 1.659 1.732 1.762 2.326 1.506 2.229 1.248 1.336 1.182 2.565 1.092 0.946 2.088 1.147 1.072 1.923 1.518 1.156 1.040 1.089 1.089 1.833 1.940 2.054 1.517 1.832 1.721 1.370 1.871 1.655 1.875 1.487 2.229 2.322 1.274 1.913 2.183 1.698 1.700 0.708 1.052 1.292 0.913 0.819 1.066 1.186 1.220 1.819
