includes/lisflood/oleron/results_R2_t1.56079001071E12/res-0007.wdfp
ncols         631
nrows         906
xllcorner     364927.146667
yllcorner     6531972.565556
cellsize      20.000000
NODATA_value  -9999.000000
[rows 34 to 67 of 906, columns 385 to 461 of 631]
2.832 2.967 3.092 3.076 3.232 3.370 3.464 3.516 3.588 3.780 3.949 4.097 4.163 4.137 4.225 4.436 4.625 4.775 4.901 4.957 5.055 5.203 5.330 5.414 5.467 5.548 5.642 6.026 6.457 6.901 7.344 7.765 8.153 8.535 8.883 9.147 9.397 9.717 10.200 10.702 11.218 11.733 12.200 12.628 13.047 13.464 13.886 14.235 14.423 14.612 14.798 14.978 15.166 15.376 15.590 15.810 16.036 16.265 16.394 16.396 16.394 16.394 16.398 16.406 16.390 16.375 16.355 16.329 16.297 16.265 16.197 16.122 16.051 15.981 15.909 15.832 15.751
2.959 3.083 3.237 3.260 3.429 3.458 3.466 3.484 3.594 3.833 4.027 4.166 4.237 4.236 4.329 4.535 4.707 4.845 4.950 5.032 5.132 5.246 5.345 5.416 5.464 5.543 5.651 5.970 6.391 6.811 7.230 7.641 8.027 8.347 8.603 8.873 9.142 9.452 9.953 10.469 10.992 11.508 12.010 12.497 12.941 13.355 13.773 14.123 14.310 14.501 14.700 14.918 15.129 15.334 15.540 15.755 15.979 16.209 16.326 16.335 16.337 16.338 16.343 16.356 16.378 16.379 16.367 16.348 16.323 16.293 16.221 16.141 16.063 15.985 15.908 15.829 15.753
3.034 3.110 3.217 3.291 3.495 3.543 3.556 3.558 3.646 3.868 4.042 4.163 4.242 4.284 4.408 4.608 4.760 4.830 4.931 5.051 5.164 5.263 5.357 5.425 5.458 5.524 5.645 5.907 6.325 6.724 7.121 7.524 7.846 8.089 8.346 8.625 8.911 9.207 9.722 10.245 10.771 11.287 11.786 12.268 12.742 13.215 13.664 14.014 14.207 14.436 14.663 14.882 15.092 15.293 15.494 15.704 15.925 16.157 16.262 16.275 16.283 16.285 16.290 16.300 16.322 16.350 16.374 16.360 16.338 16.309 16.232 16.149 16.065 15.984 15.908 15.836 15.765
3.027 3.120 3.144 3.221 3.429 3.571 3.649 3.701 3.785 3.976 4.117 4.200 4.285 4.360 4.501 4.687 4.775 4.815 4.895 5.022 5.140 5.239 5.352 5.438 5.476 5.539 5.662 5.855 6.275 6.661 7.042 7.363 7.621 7.871 8.136 8.424 8.719 9.010 9.507 10.028 10.549 11.060 11.554 12.033 12.503 12.976 13.457 13.904 14.169 14.397 14.622 14.841 15.050 15.250 15.450 15.657 15.877 16.109 16.198 16.215 16.227 16.232 16.235 16.245 16.265 16.293 16.322 16.347 16.341 16.311 16.229 16.144 16.065 15.988 15.914 15.845 15.776
3.077 3.233 3.231 3.268 3.451 3.631 3.743 3.857 3.925 4.058 4.185 4.266 4.370 4.478 4.618 4.721 4.792 4.841 4.907 5.024 5.128 5.221 5.343 5.443 5.505 5.579 5.690 5.833 6.230 6.613 6.902 7.155 7.417 7.677 7.953 8.249 8.549 8.838 9.297 9.808 10.318 10.819 11.306 11.782 12.254 12.740 13.232 13.658 14.023 14.352 14.575 14.792 15.000 15.202 15.404 15.611 15.831 16.063 16.135 16.154 16.167 16.174 16.178 16.188 16.207 16.236 16.265 16.288 16.301 16.304 16.223 16.142 16.064 15.988 15.918 15.851 15.785
3.063 3.306 3.376 3.385 3.524 3.682 3.793 3.940 3.975 4.045 4.186 4.313 4.451 4.590 4.679 4.722 4.777 4.849 4.936 5.056 5.150 5.223 5.334 5.443 5.534 5.624 5.711 5.836 6.159 6.454 6.689 6.936 7.200 7.471 7.756 8.056 8.356 8.643 9.064 9.568 10.069 10.560 11.042 11.527 12.014 12.508 13.005 13.412 13.773 14.135 14.495 14.734 14.944 15.150 15.354 15.565 15.787 16.018 16.073 16.092 16.104 16.112 16.119 16.130 16.152 16.180 16.209 16.232 16.258 16.270 16.210 16.138 16.059 15.986 15.919 15.855 15.791
3.037 3.339 3.439 3.444 3.574 3.699 3.806 3.991 4.056 4.076 4.202 4.361 4.512 4.606 4.671 4.694 4.745 4.852 4.961 5.074 5.150 5.196 5.281 5.390 5.514 5.625 5.702 5.817 5.994 6.236 6.464 6.706 6.972 7.248 7.533 7.824 8.117 8.400 8.791 9.297 9.796 10.293 10.784 11.274 11.771 12.274 12.778 13.163 13.521 13.874 14.229 14.583 14.882 15.092 15.303 15.520 15.743 15.976 16.013 16.029 16.042 16.049 16.057 16.071 16.096 16.132 16.179 16.214 16.238 16.238 16.174 16.113 16.056 15.984 15.919 15.857 15.795
3.032 3.366 3.495 3.502 3.643 3.765 3.856 4.031 4.135 4.162 4.284 4.447 4.551 4.600 4.657 4.675 4.716 4.837 4.953 5.064 5.150 5.208 5.285 5.386 5.506 5.611 5.681 5.785 5.921 6.155 6.378 6.596 6.837 7.088 7.344 7.604 7.866 8.138 8.498 9.018 9.528 10.028 10.522 11.019 11.525 12.038 12.547 12.912 13.265 13.612 13.960 14.313 14.669 15.027 15.252 15.474 15.703 15.937 15.954 15.969 15.980 15.987 15.996 16.022 16.067 16.119 16.165 16.198 16.217 16.206 16.141 16.078 16.023 15.975 15.920 15.858 15.795
3.103 3.390 3.533 3.557 3.705 3.845 3.921 4.051 4.157 4.220 4.366 4.498 4.567 4.603 4.660 4.690 4.730 4.827 4.929 5.024 5.127 5.234 5.336 5.430 5.525 5.610 5.675 5.778 5.916 6.078 6.299 6.510 6.750 7.002 7.257 7.514 7.767 8.015 8.325 8.752 9.264 9.765 10.261 10.763 11.275 11.793 12.289 12.653 13.004 13.350 13.697 14.049 14.407 14.769 15.135 15.433 15.666 15.883 15.899 15.912 15.920 15.939 15.966 16.002 16.049 16.100 16.146 16.177 16.194 16.174 16.109 16.046 15.991 15.942 15.900 15.859 15.795
3.172 3.417 3.562 3.604 3.725 3.884 3.985 4.107 4.201 4.259 4.358 4.460 4.534 4.586 4.659 4.714 4.754 4.814 4.892 4.963 5.071 5.219 5.356 5.465 5.556 5.631 5.703 5.809 5.927 6.017 6.190 6.396 6.643 6.912 7.182 7.444 7.690 7.946 8.264 8.596 9.004 9.504 10.002 10.504 11.017 11.537 12.015 12.384 12.741 13.091 13.444 13.800 14.159 14.522 14.891 15.265 15.632 15.831 15.845 15.872 15.896 15.918 15.943 15.979 16.024 16.076 16.120 16.150 16.166 16.142 16.077 16.017 15.961 15.912 15.866 15.826 15.784
3.301 3.537 3.649 3.678 3.749 3.900 4.000 4.117 4.226 4.275 4.328 4.421 4.501 4.553 4.626 4.709 4.758 4.786 4.849 4.906 5.010 5.168 5.317 5.454 5.563 5.645 5.732 5.830 5.917 5.981 6.072 6.285 6.543 6.825 7.105 7.373 7.615 7.900 8.208 8.535 8.864 9.250 9.747 10.248 10.759 11.277 11.736 12.112 12.480 12.842 13.204 13.566 13.928 14.290 14.658 15.029 15.411 15.751 15.828 15.854 15.876 15.895 15.919 15.953 15.998 16.046 16.089 16.118 16.136 16.107 16.046 15.988 15.934 15.881 15.833 15.787 15.743
3.366 3.567 3.679 3.730 3.805 3.948 4.059 4.155 4.253 4.280 4.328 4.440 4.528 4.564 4.605 4.671 4.727 4.766 4.815 4.885 4.996 5.135 5.260 5.403 5.531 5.622 5.716 5.804 5.871 5.938 6.009 6.220 6.483 6.756 7.036 7.309 7.577 7.865 8.167 8.490 8.818 9.138 9.508 10.005 10.510 11.025 11.465 11.850 12.228 12.602 12.974 13.344 13.708 14.068 14.458 14.854 15.251 15.546 15.708 15.831 15.851 15.871 15.894 15.928 15.970 16.017 16.057 16.086 16.105 16.072 16.015 15.959 15.905 15.850 15.797 15.747 15.697
3.367 3.566 3.710 3.835 3.950 4.064 4.172 4.230 4.285 4.326 4.379 4.486 4.558 4.574 4.601 4.671 4.758 4.828 4.885 4.975 5.096 5.202 5.284 5.405 5.528 5.621 5.711 5.789 5.847 5.925 6.027 6.186 6.446 6.705 6.987 7.266 7.572 7.853 8.147 8.464 8.791 9.112 9.426 9.782 10.282 10.795 11.218 11.607 11.992 12.371 12.749 13.140 13.536 13.925 14.311 14.698 15.088 15.336 15.495 15.655 15.814 15.846 15.872 15.905 15.947 15.990 16.028 16.055 16.077 16.040 15.987 15.933 15.877 15.819 15.760 15.704 15.651
3.385 3.596 3.756 3.896 4.029 4.128 4.228 4.258 4.313 4.381 4.453 4.529 4.565 4.575 4.620 4.722 4.857 4.954 5.018 5.108 5.225 5.315 5.370 5.463 5.579 5.674 5.748 5.808 5.861 5.942 6.051 6.162 6.379 6.633 6.928 7.251 7.568 7.850 8.139 8.450 8.771 9.095 9.414 9.726 10.077 10.592 10.995 11.384 11.772 12.178 12.585 12.990 13.386 13.772 14.155 14.536 14.919 15.123 15.279 15.439 15.601 15.764 15.854 15.889 15.929 15.969 16.004 16.030 16.053 16.012 15.961 15.907 15.850 15.787 15.725 15.665 15.610
3.489 3.672 3.826 3.949 4.079 4.172 4.226 4.272 4.337 4.415 4.495 4.552 4.581 4.612 4.688 4.812 4.965 5.046 5.080 5.124 5.227 5.322 5.393 5.481 5.604 5.714 5.776 5.820 5.870 5.945 6.045 6.138 6.265 6.523 6.827 7.199 7.528 7.823 8.115 8.424 8.747 9.079 9.405 9.722 10.042 10.392 10.808 11.221 11.621 12.017 12.417 12.821 13.218 13.604 13.985 14.364 14.745 14.908 15.064 15.227 15.394 15.562 15.731 15.880 15.917 15.953 15.983 16.009 16.032 15.986 15.936 15.883 15.822 15.758 15.693 15.632 15.577
3.600 3.738 3.901 4.027 4.152 4.179 4.213 4.253 4.305 4.362 4.429 4.491 4.552 4.632 4.726 4.845 4.985 5.036 5.033 5.031 5.119 5.234 5.352 5.466 5.600 5.718 5.768 5.794 5.847 5.927 6.032 6.120 6.198 6.423 6.759 7.132 7.470 7.778 8.079 8.390 8.714 9.035 9.349 9.649 9.952 10.286 10.659 11.063 11.451 11.836 12.231 12.633 13.031 13.421 13.803 14.184 14.542 14.694 14.854 15.023 15.195 15.367 15.540 15.713 15.884 15.939 15.965 15.988 16.008 15.960 15.910 15.856 15.794 15.729 15.669 15.615 15.565
3.644 3.779 3.956 4.109 4.167 4.185 4.208 4.242 4.285 4.322 4.361 4.419 4.504 4.626 4.706 4.791 4.901 4.949 4.953 4.971 5.062 5.194 5.342 5.463 5.596 5.711 5.753 5.772 5.838 5.932 6.046 6.140 6.223 6.375 6.736 7.081 7.395 7.685 7.971 8.267 8.581 8.905 9.216 9.514 9.815 10.165 10.534 10.889 11.265 11.646 12.038 12.440 12.840 13.232 13.619 14.004 14.327 14.485 14.652 14.825 15.003 15.179 15.353 15.522 15.687 15.848 15.945 15.967 15.979 15.931 15.882 15.827 15.772 15.715 15.659 15.607 15.559
3.652 3.827 4.023 4.130 4.191 4.195 4.230 4.283 4.348 4.389 4.412 4.467 4.544 4.658 4.718 4.767 4.831 4.882 4.912 4.976 5.073 5.193 5.332 5.432 5.549 5.658 5.711 5.754 5.838 5.938 6.046 6.143 6.236 6.375 6.632 6.958 7.259 7.545 7.838 8.142 8.457 8.770 9.068 9.356 9.654 10.020 10.389 10.745 11.086 11.458 11.852 12.254 12.657 13.052 13.441 13.831 14.119 14.282 14.454 14.633 14.813 14.991 15.163 15.327 15.484 15.638 15.793 15.939 15.945 15.900 15.859 15.812 15.759 15.704 15.650 15.601 15.554
3.724 3.891 3.968 4.082 4.140 4.138 4.213 4.308 4.395 4.438 4.445 4.513 4.597 4.691 4.742 4.777 4.800 4.851 4.902 4.997 5.093 5.182 5.318 5.414 5.513 5.609 5.672 5.737 5.822 5.909 6.009 6.114 6.231 6.391 6.547 6.811 7.112 7.409 7.714 8.025 8.333 8.630 8.911 9.189 9.502 9.870 10.243 10.605 10.954 11.301 11.683 12.088 12.491 12.887 13.276 13.666 13.917 14.084 14.258 14.438 14.618 14.795 14.962 15.120 15.270 15.420 15.571 15.734 15.878 15.881 15.842 15.796 15.744 15.690 15.639 15.592 15.546
3.850 3.925 3.956 4.016 4.049 4.026 4.137 4.271 4.346 4.380 4.386 4.460 4.566 4.653 4.700 4.720 4.733 4.793 4.869 4.973 5.062 5.142 5.303 5.428 5.531 5.614 5.664 5.722 5.791 5.858 5.958 6.083 6.236 6.386 6.518 6.655 6.951 7.268 7.584 7.896 8.195 8.479 8.752 9.030 9.363 9.733 10.110 10.480 10.838 11.193 11.553 11.937 12.339 12.732 13.120 13.508 13.719 13.884 14.057 14.235 14.413 14.584 14.746 14.898 15.046 15.202 15.366 15.537 15.673 15.764 15.821 15.775 15.723 15.669 15.619 15.574 15.531
3.829 3.899 3.937 3.978 4.000 3.977 4.106 4.265 4.321 4.328 4.320 4.379 4.507 4.590 4.623 4.630 4.665 4.760 4.874 4.984 5.047 5.120 5.284 5.436 5.547 5.631 5.681 5.726 5.774 5.829 5.938 6.088 6.256 6.380 6.482 6.608 6.781 7.113 7.434 7.738 8.028 8.311 8.592 8.884 9.241 9.613 9.991 10.364 10.729 11.090 11.452 11.815 12.187 12.576 12.959 13.344 13.512 13.676 13.847 14.022 14.194 14.359 14.522 14.683 14.841 15.000 15.167 15.341 15.469 15.560 15.645 15.722 15.695 15.640 15.590 15.546 15.508
3.787 3.865 3.916 3.956 3.999 4.006 4.107 4.244 4.311 4.337 4.331 4.367 4.482 4.540 4.565 4.584 4.655 4.778 4.917 5.016 5.042 5.087 5.228 5.370 5.474 5.570 5.648 5.713 5.765 5.830 5.945 6.117 6.270 6.372 6.450 6.568 6.733 6.943 7.263 7.556 7.840 8.130 8.434 8.763 9.129 9.500 9.872 10.241 10.609 10.974 11.337 11.698 12.051 12.403 12.782 13.138 13.292 13.455 13.626 13.798 13.976 14.147 14.312 14.473 14.635 14.801 14.973 15.150 15.267 15.356 15.438 15.513 15.582 15.608 15.557 15.514 15.479
3.756 3.832 3.887 3.932 4.013 4.079 4.133 4.213 4.294 4.358 4.366 4.387 4.478 4.512 4.528 4.561 4.653 4.771 4.898 4.978 4.986 5.012 5.133 5.245 5.335 5.436 5.552 5.660 5.743 5.821 5.937 6.103 6.240 6.338 6.418 6.542 6.707 6.876 7.097 7.383 7.662 7.961 8.286 8.650 9.021 9.382 9.742 10.103 10.467 10.834 11.200 11.559 11.908 12.247 12.588 12.905 13.061 13.236 13.419 13.599 13.773 13.940 14.102 14.267 14.436 14.609 14.786 14.964 15.067 15.152 15.232 15.305 15.372 15.439 15.510 15.482 15.449
3.826 3.889 3.915 3.950 4.042 4.147 4.160 4.180 4.245 4.319 4.347 4.384 4.471 4.511 4.534 4.583 4.683 4.779 4.851 4.894 4.908 4.944 5.065 5.175 5.242 5.331 5.459 5.596 5.709 5.793 5.903 6.035 6.161 6.275 6.385 6.528 6.696 6.861 7.008 7.227 7.510 7.816 8.152 8.539 8.908 9.259 9.604 9.954 10.315 10.684 11.051 11.410 11.757 12.095 12.411 12.680 12.855 13.038 13.224 13.404 13.576 13.740 13.902 14.071 14.245 14.424 14.603 14.779 14.867 14.948 15.027 15.100 15.168 15.235 15.305 15.387 15.425
3.827 3.873 3.893 3.915 3.988 4.080 4.079 4.099 4.176 4.264 4.308 4.358 4.446 4.519 4.568 4.633 4.738 4.816 4.861 4.891 4.933 4.982 5.095 5.210 5.263 5.333 5.437 5.565 5.686 5.781 5.873 5.974 6.095 6.228 6.368 6.521 6.684 6.841 6.986 7.117 7.370 7.683 8.033 8.420 8.785 9.128 9.465 9.812 10.173 10.541 10.891 11.220 11.538 11.850 12.163 12.412 12.646 12.849 13.038 13.218 13.388 13.550 13.712 13.883 14.061 14.243 14.421 14.587 14.667 14.745 14.823 14.900 14.972 15.040 15.111 15.191 15.282
3.737 3.792 3.842 3.864 3.942 4.020 4.020 4.058 4.172 4.287 4.318 4.332 4.393 4.501 4.584 4.664 4.751 4.813 4.871 4.914 4.986 5.042 5.148 5.285 5.359 5.391 5.460 5.560 5.675 5.788 5.862 5.951 6.076 6.224 6.376 6.524 6.671 6.816 6.959 7.100 7.240 7.549 7.907 8.284 8.643 8.986 9.318 9.643 9.980 10.318 10.652 10.979 11.299 11.615 11.932 12.161 12.397 12.644 12.861 13.040 13.208 13.369 13.532 13.704 13.883 14.064 14.240 14.391 14.467 14.543 14.624 14.704 14.780 14.852 14.924 15.003 15.092
3.620 3.718 3.846 3.903 3.985 4.058 4.079 4.117 4.221 4.318 4.326 4.313 4.348 4.460 4.562 4.659 4.735 4.793 4.863 4.911 4.978 5.025 5.122 5.272 5.363 5.384 5.432 5.530 5.664 5.789 5.859 5.951 6.087 6.247 6.401 6.537 6.668 6.805 6.943 7.090 7.239 7.415 7.770 8.101 8.425 8.746 9.073 9.410 9.749 10.086 10.420 10.751 11.078 11.401 11.701 11.927 12.162 12.407 12.650 12.867 13.032 13.191 13.354 13.526 13.704 13.884 14.057 14.194 14.268 14.345 14.428 14.513 14.592 14.666 14.739 14.817 14.904
3.626 3.683 3.815 3.881 3.945 4.002 4.063 4.135 4.243 4.290 4.306 4.335 4.381 4.444 4.508 4.617 4.710 4.791 4.869 4.909 4.959 4.999 5.082 5.207 5.288 5.318 5.358 5.479 5.659 5.792 5.868 5.967 6.113 6.274 6.417 6.542 6.667 6.801 6.935 7.076 7.222 7.372 7.547 7.860 8.175 8.498 8.833 9.173 9.510 9.846 10.183 10.525 10.865 11.196 11.476 11.701 11.935 12.175 12.414 12.640 12.854 13.010 13.174 13.346 13.522 13.699 13.869 13.994 14.068 14.148 14.235 14.322 14.405 14.480 14.553 14.629 14.714
3.649 3.660 3.773 3.844 3.898 3.920 3.974 4.075 4.204 4.223 4.281 4.409 4.496 4.506 4.513 4.603 4.687 4.783 4.874 4.926 4.983 5.042 5.126 5.205 5.250 5.286 5.336 5.474 5.671 5.802 5.880 5.973 6.110 6.258 6.384 6.496 6.626 6.775 6.920 7.059 7.202 7.354 7.491 7.647 7.954 8.275 8.606 8.936 9.262 9.595 9.938 10.292 10.645 10.988 11.250 11.476 11.708 11.945 12.177 12.397 12.607 12.819 12.991 13.161 13.336 13.510 13.678 13.791 13.867 13.951 14.040 14.130 14.215 14.291 14.364 14.485 14.630
3.673 3.679 3.771 3.837 3.895 3.866 3.917 4.049 4.177 4.182 4.249 4.384 4.492 4.508 4.533 4.628 4.703 4.793 4.885 4.952 5.018 5.087 5.161 5.203 5.228 5.277 5.336 5.446 5.613 5.735 5.820 5.919 6.058 6.207 6.335 6.452 6.593 6.761 6.918 7.053 7.185 7.333 7.474 7.597 7.761 8.080 8.399 8.711 9.021 9.347 9.690 10.051 10.414 10.766 11.015 11.247 11.480 11.713 11.938 12.153 12.360 12.570 12.789 12.979 13.150 13.320 13.486 13.587 13.665 13.750 13.843 13.935 14.020 14.151 14.288 14.425 14.567
3.681 3.727 3.838 3.930 3.988 3.927 3.975 4.119 4.207 4.199 4.228 4.311 4.371 4.402 4.468 4.585 4.679 4.780 4.884 4.960 5.026 5.086 5.144 5.177 5.207 5.259 5.314 5.406 5.507 5.621 5.714 5.826 5.976 6.127 6.266 6.400 6.555 6.732 6.892 7.021 7.147 7.295 7.445 7.581 7.716 7.896 8.206 8.506 8.805 9.118 9.452 9.808 10.172 10.519 10.771 11.014 11.249 11.477 11.696 11.906 12.114 12.325 12.544 12.767 12.967 13.132 13.293 13.384 13.462 13.548 13.641 13.796 13.947 14.090 14.228 14.363 14.503
3.669 3.740 3.862 3.967 4.018 3.965 4.043 4.191 4.234 4.228 4.259 4.297 4.299 4.312 4.379 4.479 4.587 4.713 4.812 4.879 4.945 5.008 5.087 5.155 5.205 5.254 5.302 5.366 5.439 5.507 5.615 5.747 5.902 6.043 6.181 6.329 6.495 6.667 6.818 6.940 7.066 7.219 7.383 7.538 7.686 7.829 8.007 8.309 8.608 8.911 9.231 9.574 9.932 10.260 10.523 10.773 11.008 11.230 11.443 11.652 11.861 12.077 12.298 12.520 12.739 12.946 13.103 13.182 13.264 13.416 13.574 13.732 13.883 14.028 14.167 14.303 14.441
3.686 3.743 3.846 3.946 3.988 3.958 4.070 4.215 4.221 4.244 4.311 4.336 4.320 4.301 4.361 4.437 4.545 4.688 4.744 4.753 4.799 4.875 5.000 5.117 5.186 5.246 5.314 5.380 5.441 5.503 5.582 5.726 5.874 5.993 6.111 6.259 6.427 6.587 6.721 6.840 6.972 7.131 7.304 7.469 7.624 7.776 7.919 8.106 8.414 8.717 9.028 9.355 9.703 10.004 10.269 10.519 10.750 10.966 11.176 11.385 11.597 11.817 12.042 12.266 12.487 12.701 12.919 13.060 13.202 13.353 13.511 13.669 13.822 13.970 14.111 14.248 14.385
3.796 3.835 3.876 3.951 3.972 3.965 4.091 4.218 4.220 4.267 4.337 4.342 4.338 4.328 4.396 4.476 4.575 4.715 4.727 4.690 4.706 4.777 4.908 5.022 5.082 5.166 5.282 5.389 5.476 5.558 5.636 5.754 5.889 5.986 6.079 6.207 6.366 6.520 6.651 6.778 6.915 7.072 7.238 7.399 7.554 7.713 7.871 8.021 8.213 8.523 8.829 9.144 9.477 9.743 10.000 10.246 10.474 10.689 10.900 11.110 11.324 11.546 11.776 12.015 12.262 12.500 12.730 12.948 13.146 13.297 13.454 13.611 13.765 13.914 14.058 14.196 14.333
