includes/lisflood/oleron/results_R2_t1.56079001071E12/res.inittm
ncols         631
nrows         906
xllcorner     364927.146667
yllcorner     6531972.565556
cellsize      20.000000
NODATA_value  -9999.000000
[rows 858 to 890 of 906, columns 300 to 374 of 631]
13.821 13.825 13.831 14.251 13.844 13.844 13.847 13.846 14.254 14.255 14.256 13.921 14.055 13.872 13.869 13.869 13.869 13.869 13.869 13.870 13.869 13.869 13.869 13.869 13.869 13.869 13.869 13.871 13.871 13.871 13.872 13.873 13.873 13.874 13.876 13.925 14.269 14.270 14.270 14.271 14.271 14.036 14.033 14.032 14.273 14.274 14.274 14.274 14.275 14.276 14.276 14.277 14.277 14.277 14.096 14.072 14.057 14.072 14.059 14.071 14.054 14.068 14.007 13.988 13.987 13.981 13.980 13.974 13.972 13.967 13.965 13.964 13.964 13.961 13.959
13.819 13.825 14.250 14.251 13.848 13.845 13.847 13.847 14.254 14.255 14.255 13.919 14.257 13.873 13.871 13.871 13.870 13.871 13.870 13.871 13.870 13.871 13.870 13.870 13.870 13.872 13.871 13.871 13.871 13.873 13.873 13.874 13.875 13.875 13.877 14.269 14.269 14.270 14.270 14.271 14.271 14.040 14.033 14.029 14.273 14.274 14.274 14.275 14.275 14.276 14.276 14.277 14.277 14.277 14.103 14.064 14.061 14.058 14.057 14.048 14.050 14.062 14.038 13.984 13.982 13.980 13.978 13.973 13.972 13.971 13.964 13.961 13.959 13.957 13.956
13.818 13.830 14.250 14.251 13.852 13.851 13.851 13.850 14.255 14.255 14.256 13.884 13.892 13.874 13.873 13.872 13.873 13.872 13.873 13.873 13.871 13.873 13.873 13.873 13.872 13.873 13.873 13.873 13.874 13.874 13.875 13.875 13.876 13.877 13.878 13.880 13.881 14.270 14.270 14.271 14.271 14.034 14.030 14.025 14.031 14.274 14.274 14.275 14.275 14.276 14.276 14.277 14.277 14.277 14.078 14.076 14.061 14.056 14.048 14.045 14.006 14.063 13.994 13.987 13.984 13.981 13.978 13.972 13.971 13.967 13.966 13.959 13.958 13.956 13.952
13.830 13.831 13.835 14.251 13.854 13.852 13.852 13.855 14.255 14.255 13.890 13.879 13.878 13.875 13.874 13.873 13.874 13.874 13.874 13.874 13.873 13.873 13.874 13.874 13.874 13.875 13.874 13.875 13.875 13.875 13.876 13.877 13.877 13.878 13.879 13.880 13.883 13.934 13.932 14.042 14.041 14.043 14.037 14.024 14.055 14.274 14.274 14.275 14.275 14.276 14.276 14.277 14.277 14.278 14.108 14.104 14.054 14.067 14.047 14.064 14.003 14.001 13.995 13.995 13.992 13.986 13.972 13.971 13.967 13.964 13.962 13.960 13.959 13.954 13.949
13.813 13.833 14.249 14.251 13.860 13.856 13.855 13.858 14.255 14.255 14.256 13.880 13.880 13.877 13.876 13.876 13.876 13.875 13.875 13.875 13.874 13.875 13.875 13.876 13.875 13.875 13.876 13.876 13.877 13.876 13.878 13.878 13.879 13.879 13.880 13.881 13.883 13.885 13.886 14.271 14.036 14.040 14.043 14.022 14.022 14.274 14.274 14.275 14.275 14.276 14.276 14.277 14.277 14.277 14.128 14.104 14.022 14.020 14.014 14.009 14.005 14.002 13.999 13.997 14.116 14.258 14.250 14.127 13.965 13.962 13.960 13.958 13.957 13.955 13.951
13.809 13.815 14.249 14.251 13.862 13.858 13.857 13.859 14.255 14.255 14.256 13.882 13.882 13.879 13.878 13.877 13.877 13.877 13.876 13.877 13.876 13.877 13.876 13.878 13.878 13.877 13.877 13.877 13.878 13.879 13.879 13.879 13.880 13.881 13.882 13.883 13.884 14.270 13.930 14.271 14.033 14.272 14.272 14.021 14.020 14.020 14.274 14.275 14.275 14.276 14.276 14.277 14.277 14.277 14.154 14.247 14.248 14.119 14.065 14.048 14.011 14.054 14.002 13.999 14.003 14.013 14.257 14.284 14.255 14.082 13.962 13.960 13.959 13.957 13.955
13.808 13.835 14.248 14.251 13.869 13.859 13.858 13.861 13.865 14.256 13.887 13.883 13.887 13.880 13.879 13.878 13.878 13.878 13.878 13.877 13.878 13.878 13.877 13.878 13.879 13.879 13.878 13.879 13.879 13.880 13.881 13.881 13.882 13.882 13.883 13.884 13.886 13.887 13.889 14.271 14.026 14.025 14.021 14.020 14.016 14.014 14.274 14.275 14.275 14.276 14.276 14.276 14.262 14.249 14.248 14.248 14.270 14.279 14.116 14.058 14.051 14.024 14.009 14.012 14.014 14.017 14.019 14.029 14.087 14.085 13.965 13.963 13.963 13.960 13.955
13.806 13.809 14.248 14.251 13.866 13.862 13.861 13.862 14.255 14.256 13.879 13.880 13.889 13.882 13.882 13.880 13.880 13.879 13.879 13.879 13.879 13.879 13.880 13.879 13.880 13.880 13.881 13.881 13.880 13.881 13.881 13.882 13.883 13.883 13.884 13.886 13.887 13.889 13.890 13.903 14.271 14.272 14.272 14.022 14.015 14.011 14.011 14.275 14.275 14.276 14.276 14.262 14.255 14.251 14.249 14.249 14.274 14.279 14.280 14.088 14.052 14.021 14.014 14.017 14.022 14.025 14.033 14.120 14.254 13.971 13.967 13.965 13.963 13.958 13.956
13.803 13.807 14.248 14.251 14.252 13.865 13.865 13.864 13.881 14.256 13.878 13.879 14.258 13.885 13.883 13.881 13.882 13.880 13.881 13.880 13.881 13.881 13.881 13.882 13.883 13.883 13.882 13.882 13.883 13.883 13.883 13.883 13.884 13.885 13.885 13.887 13.889 13.890 13.890 13.911 13.908 14.272 14.272 14.273 14.011 14.010 14.008 14.011 14.275 14.275 14.276 14.272 14.267 14.274 14.252 14.254 14.279 14.279 14.280 14.152 14.034 14.031 14.011 14.031 14.077 14.035 14.042 14.047 14.249 14.049 13.970 13.966 13.964 13.960 13.959
13.801 13.804 14.248 14.251 14.252 13.868 13.866 13.865 13.869 13.873 13.873 13.877 14.258 13.887 13.884 13.883 13.883 13.883 13.883 13.882 13.883 13.883 13.882 13.883 13.884 13.884 13.883 13.883 13.884 13.884 13.884 13.885 13.886 13.887 13.887 13.888 13.889 13.891 13.902 13.897 13.903 14.272 14.012 14.273 14.011 14.009 14.004 14.006 14.275 14.275 14.276 14.276 14.277 14.277 14.278 14.274 14.279 14.279 14.280 14.280 14.257 14.097 14.002 13.999 14.075 14.046 14.078 14.043 14.092 13.972 13.970 13.965 13.963 13.962 13.959
13.801 13.802 13.805 14.251 14.252 13.869 13.868 13.868 13.871 13.871 13.873 13.877 14.258 13.888 13.886 13.884 13.884 13.884 13.884 13.883 13.885 13.885 13.884 13.884 13.885 13.885 13.884 13.884 13.885 13.886 13.886 13.887 13.887 13.888 13.888 13.889 13.890 13.892 13.893 13.896 13.904 14.012 13.971 14.017 14.012 14.011 14.002 14.005 14.275 14.276 14.276 14.276 14.277 14.277 14.278 14.278 14.279 14.110 14.280 14.280 14.091 14.093 14.000 13.998 13.991 13.990 14.106 13.981 13.977 13.974 13.972 13.970 13.966 13.964 13.960
13.799 13.801 14.248 14.251 14.252 13.874 13.872 13.871 13.873 13.874 13.876 13.883 14.258 13.889 13.887 13.887 13.886 13.886 13.885 13.885 13.886 13.887 13.886 13.888 13.886 13.887 13.885 13.887 13.886 13.887 13.887 13.887 13.888 13.889 13.889 13.890 13.891 13.893 13.894 13.900 13.900 13.909 13.910 14.007 14.273 14.004 14.000 13.996 13.999 14.275 14.276 14.276 14.277 14.277 14.105 14.076 14.075 14.060 14.057 14.257 14.086 14.166 14.105 14.000 13.999 13.985 13.983 13.982 13.979 13.977 13.976 13.974 13.970 13.966 13.964
13.798 13.799 13.802 14.251 14.251 13.877 13.874 13.877 13.874 13.876 13.878 13.890 14.258 13.891 13.889 13.888 13.887 13.886 13.887 13.887 13.887 13.888 13.887 13.889 13.890 13.890 13.888 13.888 13.888 13.888 13.888 13.889 13.889 13.891 13.891 13.891 13.892 13.894 13.895 13.897 13.899 14.014 13.911 13.939 13.944 13.947 13.999 13.995 13.998 14.001 14.276 14.276 14.277 14.277 14.277 14.042 14.038 14.034 14.032 14.032 14.082 14.263 14.249 14.068 14.028 13.991 13.985 13.985 13.981 13.980 13.977 13.985 13.972 14.020 13.965
13.795 13.798 13.804 14.250 14.251 13.879 13.876 13.878 13.882 13.878 13.884 13.885 14.258 13.892 13.890 13.890 13.890 13.889 13.888 13.888 13.888 13.889 13.889 13.890 13.891 13.891 13.889 13.889 13.889 13.890 13.890 13.891 13.890 13.892 13.892 13.893 13.894 13.895 13.897 13.911 13.900 14.012 13.939 14.273 13.946 13.948 13.950 13.991 13.991 13.997 14.276 14.276 14.277 14.277 14.278 14.082 14.037 14.032 14.030 14.030 14.033 14.083 14.281 14.067 14.025 13.993 14.030 13.987 14.040 13.987 13.984 13.976 13.974 14.091 14.068
13.794 13.797 13.851 14.250 14.251 13.880 13.879 14.255 13.883 14.256 13.885 13.886 14.258 13.893 13.891 13.891 13.891 13.892 13.891 13.891 13.890 13.892 13.892 13.892 13.892 13.892 13.891 13.891 13.891 13.892 13.892 13.892 13.893 13.893 13.894 13.895 13.895 13.896 13.898 13.898 13.899 13.907 14.006 14.000 14.273 13.993 13.973 13.975 13.980 13.996 13.997 14.276 14.277 14.277 14.278 14.278 14.069 14.031 14.029 14.029 14.031 14.034 14.066 14.025 14.023 14.028 14.093 14.203 14.052 13.989 13.988 13.999 14.056 14.244 14.287
13.792 13.794 13.872 14.250 14.251 13.886 13.881 13.883 13.887 14.256 13.886 13.889 14.258 14.258 13.893 13.893 13.893 13.893 13.894 13.893 13.892 13.893 13.895 13.893 13.896 13.895 13.892 13.892 13.893 13.893 13.893 13.894 13.894 13.894 13.895 13.896 13.896 13.898 13.898 13.901 13.902 14.003 14.003 13.998 13.994 13.990 13.975 13.977 13.982 13.988 13.991 13.993 14.277 14.277 14.277 14.278 14.278 14.029 14.027 14.026 14.062 14.281 14.065 14.024 14.021 14.034 14.283 14.284 14.284 14.278 14.169 14.241 14.268 14.286 14.286
13.791 13.792 13.793 14.250 14.250 13.888 13.883 13.900 14.255 14.255 13.889 13.890 14.258 13.898 13.895 13.894 13.895 13.895 13.895 13.894 13.894 13.894 13.896 13.897 13.898 13.898 13.895 13.894 13.894 13.894 13.894 13.894 13.895 13.896 13.897 13.898 13.898 13.899 13.900 13.901 13.903 13.906 14.272 14.001 13.990 13.988 13.977 13.983 13.981 13.989 13.989 13.990 14.277 14.277 14.277 14.278 14.278 14.279 14.029 14.023 14.021 14.015 14.013 14.012 14.011 14.014 14.283 14.283 14.284 14.284 14.285 14.275 14.286 14.286 14.107
13.789 13.790 13.792 14.249 14.250 13.890 14.252 14.253 14.254 14.256 14.256 14.257 14.258 13.899 13.895 13.895 13.896 13.897 13.896 13.895 13.895 13.896 13.897 13.898 13.901 13.898 13.895 13.895 13.897 13.896 13.897 13.897 13.897 13.898 13.898 13.900 13.900 13.900 13.903 13.904 13.906 13.907 13.917 14.272 13.990 13.984 13.983 13.968 13.964 13.961 13.979 13.981 13.985 14.277 13.996 14.075 14.278 14.279 14.028 14.016 14.008 14.006 14.007 14.005 14.008 14.010 14.283 14.283 14.284 14.284 14.284 14.285 14.015 14.002 13.991
13.788 13.789 13.790 14.249 14.250 13.891 14.252 14.254 14.254 14.255 14.256 14.257 14.258 13.900 13.898 13.898 13.898 13.898 13.900 13.899 13.898 13.898 13.900 13.901 13.902 13.899 13.898 13.896 13.897 13.898 13.898 13.898 13.899 13.899 13.900 13.901 13.901 13.901 13.904 13.905 13.908 13.908 13.911 13.995 13.993 13.984 13.982 13.972 13.977 13.950 13.952 13.958 13.959 13.985 13.995 13.996 14.003 14.279 14.279 14.019 14.006 14.004 14.006 14.003 14.005 14.007 14.016 14.283 14.284 14.284 14.111 14.009 14.009 13.996 13.991
13.786 13.786 13.787 14.249 14.250 13.894 13.896 14.253 14.254 14.255 14.256 14.257 14.258 13.902 13.900 13.899 13.900 13.901 13.901 13.899 13.899 13.899 13.900 13.902 13.904 13.902 13.899 13.899 13.899 13.899 13.899 13.899 13.900 13.900 13.901 13.903 13.903 13.903 13.905 13.907 13.908 13.909 13.912 13.952 13.957 13.995 14.006 13.974 13.947 13.948 13.948 13.976 13.980 13.978 13.993 13.994 14.018 14.050 14.028 14.026 14.023 14.003 14.001 14.002 14.003 14.006 14.014 14.050 14.051 14.050 14.284 14.007 14.006 14.000 13.994
13.786 13.786 13.786 14.249 14.250 13.896 13.800 14.253 14.254 14.255 14.256 14.257 14.257 13.902 13.901 13.910 13.903 13.902 13.902 13.901 13.908 13.900 13.905 13.904 13.905 13.902 13.900 13.900 13.900 13.901 13.902 13.902 13.901 13.901 13.902 13.904 13.904 13.904 13.907 13.908 13.912 13.912 13.913 13.916 13.964 13.965 13.951 13.947 13.942 13.944 13.946 13.968 13.968 13.976 13.988 14.278 14.011 14.009 14.011 14.028 14.001 14.001 14.000 14.001 14.001 14.003 14.007 14.009 14.008 14.006 14.005 14.005 14.004 14.008 14.003
13.784 13.783 13.784 13.788 14.250 13.900 13.799 14.253 14.254 14.255 14.255 14.257 14.257 13.904 13.904 13.912 13.914 13.904 13.903 13.904 13.908 13.907 13.906 13.905 13.906 13.906 13.901 13.901 13.901 13.902 13.903 13.903 13.903 13.904 13.904 13.906 13.908 13.907 13.908 13.909 13.910 13.914 13.914 13.916 13.986 13.980 13.979 13.937 13.939 13.968 13.944 13.945 13.946 13.948 13.969 13.983 14.278 13.992 13.993 14.000 13.997 13.996 13.994 13.998 14.001 14.003 14.006 13.996 13.997 13.998 14.000 14.002 14.001 14.006 14.006
13.781 13.782 13.783 13.785 14.251 13.997 13.796 14.253 14.254 14.255 14.256 14.257 14.257 14.258 13.907 13.910 14.260 13.909 13.907 13.905 13.910 13.908 13.907 13.906 13.907 13.905 13.904 13.903 13.904 13.903 13.905 13.905 13.904 13.906 13.905 13.908 13.909 13.908 13.910 13.912 13.912 13.914 13.916 13.918 13.920 13.979 13.939 13.936 13.938 13.941 13.941 13.944 13.944 13.947 13.950 13.968 13.974 13.991 13.992 13.995 13.994 13.993 13.991 13.991 13.989 13.997 13.995 13.995 13.996 13.997 14.008 14.000 13.998 14.000 14.002
13.780 13.781 13.780 13.784 14.251 14.251 13.793 13.913 14.254 14.255 14.256 14.257 14.258 14.258 14.258 13.911 13.915 14.260 13.908 13.909 13.912 14.262 13.911 13.908 13.909 13.907 13.905 13.905 13.905 13.906 13.906 13.906 13.907 13.907 13.907 13.909 13.910 13.909 13.912 13.913 13.914 13.917 13.918 13.919 13.922 13.923 13.987 13.932 13.935 13.936 13.937 13.941 13.942 13.944 13.948 13.954 13.970 13.973 14.279 14.030 13.993 13.992 13.990 13.995 13.987 13.996 13.992 13.991 13.994 13.995 13.998 13.998 13.997 13.999 14.001
13.780 13.779 13.779 13.783 14.251 14.251 13.790 14.253 14.255 14.255 14.256 14.257 14.257 14.258 14.259 13.916 13.916 13.921 13.909 13.910 13.912 13.915 13.912 13.912 13.911 13.910 13.907 13.907 13.907 13.907 13.908 13.907 13.908 13.909 13.909 13.910 13.913 13.911 13.913 13.914 13.916 13.918 13.920 13.921 13.922 13.924 13.929 13.930 13.974 13.936 13.936 13.938 13.943 13.945 13.946 13.950 13.955 13.971 13.975 14.279 14.038 13.986 13.984 13.982 13.983 13.986 13.987 13.988 13.990 13.994 14.005 13.997 13.996 13.998 13.999
13.774 13.777 13.778 13.786 14.251 14.251 13.789 13.791 14.254 14.256 14.256 14.256 14.257 14.258 14.259 14.259 13.922 13.924 13.911 13.911 13.913 13.916 13.915 13.913 13.913 13.911 13.908 13.908 13.908 13.908 13.909 13.909 13.910 13.910 13.911 13.913 13.913 13.914 13.915 13.916 13.918 13.920 13.921 13.922 13.923 13.925 13.926 13.927 13.931 13.933 13.935 13.936 13.940 13.942 13.944 13.947 13.950 13.953 13.972 14.279 14.280 14.280 13.981 13.980 13.981 13.984 13.985 13.987 13.989 13.992 13.993 13.993 13.993 13.996 13.996
13.772 13.773 13.777 13.778 14.251 14.251 13.785 14.253 14.255 14.256 14.256 14.257 14.258 14.258 14.258 14.259 14.259 14.260 14.261 13.914 13.914 13.920 13.918 13.916 13.914 13.912 13.910 13.909 13.910 13.910 13.910 13.910 13.911 13.911 13.912 13.913 13.915 13.915 13.916 13.917 13.919 13.921 13.922 13.924 13.925 13.925 13.927 13.929 13.931 13.932 13.936 13.937 13.938 13.940 13.944 13.947 13.949 13.953 13.955 13.972 13.976 14.280 14.280 13.978 13.975 13.983 13.985 13.986 13.987 13.988 13.989 13.990 13.991 13.995 13.996
13.771 13.772 13.775 13.777 14.251 14.251 13.784 13.785 14.255 14.256 14.256 14.257 14.257 14.258 14.259 14.259 14.260 14.260 13.934 13.932 13.915 13.919 13.922 13.918 13.916 13.915 13.912 13.912 13.912 13.911 13.912 13.912 13.912 13.913 13.913 13.916 13.916 13.918 13.918 13.920 13.921 13.923 13.924 13.925 13.926 13.927 13.928 13.930 13.931 13.932 13.935 13.938 13.940 13.941 13.945 13.948 13.949 13.951 13.953 13.956 13.967 13.971 13.963 13.968 13.973 13.975 13.980 13.982 13.983 13.985 13.987 13.989 13.991 13.993 14.035
13.775 13.774 13.774 13.776 14.251 14.252 13.782 13.785 13.788 13.790 13.791 13.874 13.905 14.258 13.920 14.259 14.260 14.260 13.936 13.921 13.917 13.920 14.263 13.921 13.922 13.916 13.915 13.914 13.913 13.912 13.913 13.914 13.916 13.914 13.915 13.916 13.918 13.920 13.921 13.921 13.922 13.923 13.925 13.926 13.927 13.929 13.930 13.930 13.933 13.934 13.935 13.937 13.939 13.940 13.942 13.945 13.947 13.950 13.953 13.954 13.956 13.960 13.962 13.965 13.971 13.972 13.976 13.978 13.980 13.985 13.986 13.992 14.000 14.042 14.037
13.773 13.771 13.771 13.772 14.251 14.252 13.780 13.889 14.255 14.256 13.839 13.843 13.857 13.907 13.909 14.259 14.259 14.260 14.261 13.921 13.920 13.921 13.931 13.923 13.924 13.922 13.917 13.915 13.916 13.915 13.916 13.916 13.917 13.916 13.917 13.919 13.919 13.921 13.921 13.922 13.923 13.925 13.926 13.928 13.929 13.930 13.931 13.933 13.933 13.935 13.936 13.939 13.940 13.941 13.943 13.945 13.947 13.949 13.951 13.954 13.958 13.961 13.964 13.967 13.974 13.975 13.976 14.030 14.004 14.044 13.992 14.043 2.361 2.347 2.313
13.772 13.769 13.769 13.771 14.251 14.252 13.777 13.840 14.255 14.256 14.257 14.257 14.258 14.258 13.912 13.917 13.918 14.260 14.261 14.261 13.921 13.923 13.925 13.930 13.932 13.934 13.919 13.917 13.919 13.918 13.917 13.918 13.918 13.918 13.919 13.920 13.921 13.921 13.922 13.924 13.925 13.926 13.927 13.929 13.930 13.931 13.933 13.933 13.934 13.936 13.937 13.939 13.940 13.942 13.944 13.946 13.948 13.949 13.952 13.954 13.955 13.960 13.963 13.979 13.996 14.032 14.030 14.047 14.005 3.178 2.504 2.383 2.428 2.278 2.113
13.771 13.768 13.768 13.770 14.252 14.252 13.775 13.780 14.255 14.256 14.256 14.257 14.258 14.258 13.944 14.259 13.922 13.920 13.919 14.261 14.262 13.925 13.929 14.263 13.934 13.925 13.921 13.919 13.919 13.919 13.918 13.919 13.920 13.919 13.920 13.922 13.922 13.923 13.925 13.925 13.926 13.928 13.929 13.930 13.931 13.932 13.934 13.934 13.936 13.937 13.938 13.940 13.941 13.943 13.945 13.946 13.948 13.950 13.952 13.954 13.983 13.986 13.979 13.996 13.997 14.013 2.929 2.396 2.147 1.634 1.365 1.394 1.204 1.172 1.112
13.766 13.767 13.767 13.768 14.252 14.252 13.774 13.778 14.255 14.256 14.256 14.257 14.258 14.258 14.259 14.259 13.954 13.914 13.915 14.261 14.262 14.262 13.930 14.263 14.263 14.264 13.924 13.922 13.921 13.921 13.920 13.920 13.921 13.920 13.923 13.924 13.923 13.925 13.925 13.926 13.928 13.928 13.930 13.931 13.932 13.934 13.935 13.936 13.937 13.939 13.939 13.941 13.942 13.944 13.945 13.947 13.949 13.950 13.953 13.954 14.279 13.987 2.289 1.786 1.342 1.082 0.753 0.713 0.605 0.495 0.476 0.525 0.482 0.614 0.563
