includes/lisflood/oleron/results_R2_t1.56079001071E12/res.inittm
ncols         631
nrows         906
xllcorner     364927.146667
yllcorner     6531972.565556
cellsize      20.000000
NODATA_value  -9999.000000
[rows 363 to 395 of 906, columns 225 to 299 of 631]
13.348 13.348 13.347 13.346 13.345 13.345 13.344 13.343 13.342 13.342 13.341 13.341 13.340 13.340 13.339 13.338 13.338 13.337 13.337 13.336 13.335 13.335 13.334 13.334 13.333 13.332 13.332 13.331 13.330 13.330 13.329 13.329 13.328 13.328 13.328 13.327 13.326 13.326 13.325 13.325 5.250 5.243 13.323 11.235 13.322 13.322 13.321 13.321 13.321 13.320 13.320 13.319 13.319 13.319 13.318 13.318 13.317 5.306 13.317 5.276 3.878 3.868 3.881 3.884 3.946 3.911 3.913 3.913 3.934 3.933 3.901 3.939 3.944 3.945 3.953
13.349 13.348 13.347 13.346 13.346 13.345 13.345 13.344 13.343 13.343 13.342 13.342 13.341 13.340 13.340 13.339 13.338 13.338 13.337 13.337 13.336 13.336 13.335 13.335 13.334 13.333 13.333 13.332 13.331 13.331 13.330 13.330 13.329 13.329 13.328 13.328 13.327 13.326 13.326 5.267 5.252 5.252 5.329 13.323 13.323 13.322 13.322 13.322 13.322 13.321 13.321 13.320 13.320 13.319 13.319 13.319 13.318 13.318 13.318 5.274 5.221 4.178 5.215 5.215 3.949 3.913 3.944 3.997 3.940 3.940 3.953 3.946 3.948 3.951 3.956
13.349 13.348 13.348 13.347 13.346 13.345 13.345 13.345 13.344 13.343 13.343 13.342 13.342 13.341 13.340 13.340 13.339 13.339 13.338 13.338 13.337 13.336 13.336 13.335 13.335 13.334 13.333 13.333 13.332 13.332 13.331 13.330 13.330 13.329 13.329 13.328 13.328 13.327 13.326 5.264 5.255 5.264 13.324 13.324 13.324 13.323 13.323 13.322 13.322 13.322 13.321 13.321 13.321 13.320 13.320 13.320 13.319 13.319 13.318 13.318 5.381 13.317 13.317 9.269 5.220 4.022 4.009 4.032 4.002 3.942 3.949 3.948 3.960 3.979 3.973
13.350 13.349 13.348 13.348 13.347 13.346 13.346 13.345 13.345 13.344 13.343 13.343 13.342 13.342 13.341 13.340 13.340 13.340 13.339 13.338 13.338 13.337 13.336 13.336 13.335 13.335 13.334 13.334 13.333 13.332 13.332 13.331 13.331 13.330 13.329 13.329 13.328 13.328 13.327 13.327 5.319 13.326 13.325 13.325 13.324 13.324 13.324 13.323 13.323 13.323 13.322 13.322 13.322 13.321 13.321 13.320 13.320 13.319 13.319 13.319 13.318 13.318 13.318 13.318 5.332 5.219 4.182 4.153 3.962 3.951 3.962 3.956 3.959 3.976 3.976
13.351 13.350 13.349 13.348 13.348 13.347 13.347 13.346 13.345 13.345 13.344 13.343 13.343 13.342 13.342 13.341 13.341 13.340 13.340 13.339 13.338 13.338 13.337 13.337 13.336 13.336 13.335 13.335 13.334 13.333 13.332 13.332 13.331 13.331 13.330 13.329 13.329 13.328 13.328 13.327 13.327 13.327 13.326 13.326 13.325 13.325 13.325 13.324 13.324 13.323 13.323 13.323 13.322 13.322 13.321 13.321 13.321 13.320 13.320 13.319 13.319 13.319 13.319 13.318 13.318 5.329 5.275 5.285 5.287 5.239 3.972 3.970 3.966 3.967 5.225
13.351 13.351 13.350 13.349 13.348 13.348 13.347 13.347 13.346 13.345 13.345 13.344 13.344 13.343 13.343 13.342 13.342 13.341 13.340 13.340 13.339 13.339 13.338 13.338 13.337 13.336 13.336 13.335 13.335 13.334 13.333 13.333 13.332 13.331 13.331 13.330 13.330 13.329 13.329 13.328 13.328 13.327 13.327 13.327 13.326 13.326 13.325 13.325 13.325 13.324 13.324 13.323 13.323 13.322 13.322 13.322 13.321 13.321 13.320 13.320 13.320 13.319 13.319 13.319 13.318 13.318 13.318 13.318 5.363 5.342 5.272 4.193 3.980 3.975 5.280
13.352 13.351 13.351 13.350 13.349 13.349 13.348 13.347 13.347 13.346 13.345 13.345 13.345 13.344 13.343 13.343 13.342 13.342 13.342 13.341 13.340 13.340 13.339 13.339 13.338 13.337 13.337 13.336 13.335 13.335 13.334 13.333 13.333 13.332 13.331 13.331 13.330 13.330 13.329 13.329 13.329 13.328 13.328 13.328 13.327 13.327 13.327 13.326 13.326 13.325 13.325 13.324 13.324 13.323 13.323 13.322 13.322 13.322 13.321 13.321 13.321 13.320 13.320 13.319 13.319 13.319 13.319 13.318 13.318 13.318 5.354 5.296 4.171 3.980 4.211
13.352 13.352 13.351 13.350 13.350 13.349 13.349 13.348 13.347 13.347 13.346 13.346 13.345 13.345 13.344 13.344 13.343 13.343 13.342 13.342 13.341 13.341 13.340 13.340 13.339 13.338 13.337 13.337 13.336 13.335 13.335 13.334 13.333 13.333 13.332 13.331 13.331 13.330 13.330 13.330 13.329 13.329 13.329 13.329 13.328 13.328 13.327 13.327 13.326 13.326 13.325 13.325 13.325 13.324 13.324 13.323 13.323 13.322 13.322 13.322 13.321 13.321 13.321 13.320 13.320 13.320 13.319 13.319 13.319 13.319 13.318 5.385 5.351 4.168 4.095
13.353 13.353 13.352 13.351 13.351 13.350 13.350 13.349 13.348 13.348 13.347 13.347 13.346 13.346 13.345 13.345 13.345 13.344 13.343 13.343 13.342 13.342 13.341 13.340 13.340 13.339 13.338 13.338 13.337 13.336 13.335 13.335 13.334 13.334 13.333 13.332 13.332 13.331 13.331 13.331 13.331 13.330 13.330 13.329 13.329 13.329 13.328 13.328 13.327 13.327 13.326 13.326 13.325 13.325 13.324 13.324 13.323 13.323 13.323 13.322 13.322 13.322 13.321 13.321 13.321 13.321 13.320 13.320 13.320 13.319 13.319 13.319 13.318 5.382 5.282
13.354 13.353 13.353 13.352 13.351 13.351 13.350 13.350 13.349 13.348 13.348 13.348 13.347 13.347 13.346 13.346 13.345 13.345 13.345 13.344 13.343 13.342 13.342 13.341 13.341 13.340 13.339 13.339 13.338 13.337 13.336 13.335 13.335 13.335 13.334 13.333 13.333 13.332 13.332 13.332 13.331 13.331 13.331 13.331 13.330 13.329 13.329 13.329 13.328 13.328 13.327 13.327 13.326 13.326 13.325 13.325 13.324 13.324 13.323 13.323 13.323 13.322 13.322 13.322 13.321 13.321 13.321 13.321 13.320 13.320 13.320 13.320 13.319 13.319 13.319
13.355 13.354 13.353 13.353 13.352 13.352 13.351 13.351 13.350 13.350 13.349 13.349 13.348 13.348 13.347 13.347 13.346 13.346 13.345 13.345 13.344 13.343 13.343 13.342 13.341 13.341 13.340 13.339 13.339 13.338 13.337 13.337 13.336 13.335 13.335 13.334 13.334 13.333 13.333 13.333 13.332 13.332 13.332 13.331 13.331 13.330 13.330 13.329 13.329 13.329 13.328 13.328 13.327 13.326 13.326 13.325 13.325 13.325 13.324 13.324 13.323 13.323 13.323 13.322 13.322 13.322 13.322 13.321 13.321 13.321 13.321 13.320 13.320 13.320 5.385
13.356 13.355 13.354 13.354 13.353 13.352 13.352 13.352 13.351 13.351 13.350 13.350 13.349 13.349 13.348 13.348 13.348 13.347 13.346 13.346 13.345 13.345 13.343 13.343 13.342 13.342 13.341 13.340 13.340 13.339 13.338 13.337 13.337 13.336 13.336 13.335 13.335 13.335 13.334 13.334 13.333 13.333 13.333 13.332 13.332 13.331 13.331 13.330 13.330 13.329 13.329 13.328 13.328 13.327 13.327 13.326 13.326 13.325 13.325 13.325 13.324 13.324 13.324 13.323 13.323 13.323 13.322 13.322 13.322 13.321 13.321 13.321 13.321 13.320 5.329
13.356 13.356 13.355 13.355 13.354 13.354 13.353 13.352 13.352 13.352 13.351 13.351 13.351 13.350 13.349 13.349 13.349 13.348 13.347 13.347 13.346 13.346 13.345 13.344 13.343 13.342 13.342 13.341 13.340 13.340 13.339 13.338 13.338 13.337 13.337 13.336 13.336 13.335 13.335 13.335 13.334 13.334 13.334 13.333 13.332 13.332 13.331 13.331 13.330 13.330 13.330 13.329 13.329 13.328 13.328 13.327 13.327 13.326 13.326 13.325 13.325 13.325 13.324 13.324 13.324 13.323 13.323 13.323 13.322 13.322 13.322 13.322 13.321 5.440 5.342
13.357 13.357 13.356 13.356 13.355 13.354 13.354 13.354 13.353 13.353 13.352 13.352 13.351 13.351 13.351 13.350 13.349 13.349 13.348 13.348 13.347 13.346 13.346 13.345 13.344 13.343 13.343 13.342 13.341 13.341 13.340 13.339 13.339 13.338 13.338 13.337 13.337 13.337 13.336 13.336 13.336 13.335 13.335 13.334 13.334 13.333 13.332 13.332 13.331 13.331 13.330 13.330 13.329 13.329 13.328 13.328 13.328 13.327 13.327 13.326 13.326 13.325 13.325 13.325 13.324 13.324 13.324 13.323 13.323 13.323 5.436 13.322 13.322 13.322 5.396
13.358 13.358 13.357 13.356 13.356 13.355 13.355 13.355 13.354 13.354 13.353 13.353 13.353 13.352 13.351 13.351 13.351 13.350 13.349 13.349 13.348 13.348 13.347 13.346 13.346 13.345 13.344 13.343 13.342 13.342 13.341 13.340 13.340 13.339 13.339 13.338 13.338 13.338 13.337 13.337 13.336 13.336 13.335 13.335 13.334 13.334 13.333 13.333 13.332 13.332 13.331 13.331 13.330 13.330 13.329 13.329 13.329 13.328 13.328 13.327 13.327 13.326 13.326 13.326 13.325 13.325 13.324 13.324 13.324 5.436 5.434 5.429 5.427 5.406 5.403
13.359 13.359 13.358 13.358 13.357 13.356 13.356 13.356 13.356 13.355 13.355 13.354 13.354 13.353 13.353 13.352 13.351 13.351 13.351 13.350 13.349 13.349 13.348 13.347 13.347 13.346 13.345 13.344 13.344 13.343 13.342 13.341 13.341 13.340 13.340 13.339 13.339 13.338 13.338 13.338 13.337 13.337 13.336 13.336 13.335 13.335 13.334 13.333 13.333 13.333 13.332 13.332 13.331 13.330 13.330 13.329 13.329 13.329 13.328 13.328 13.328 13.327 13.327 13.327 13.326 13.326 13.325 13.325 13.324 5.445 5.433 5.431 5.423 5.409 5.409
13.360 13.359 13.359 13.359 13.358 13.358 13.357 13.357 13.356 13.356 13.356 13.356 13.355 13.354 13.354 13.353 13.353 13.352 13.351 13.351 13.350 13.349 13.349 13.349 13.348 13.347 13.346 13.345 13.344 13.344 13.343 13.342 13.342 13.341 13.341 13.340 13.340 13.340 13.339 13.339 13.338 13.337 13.337 13.336 13.336 13.335 13.335 13.334 13.334 13.333 13.333 13.332 13.332 13.331 13.331 13.330 13.330 13.329 13.329 13.329 13.329 13.328 13.328 13.327 13.327 13.327 13.326 13.326 13.325 13.325 13.324 13.324 5.422 5.417 5.410
13.361 13.360 13.360 13.360 13.359 13.359 13.359 13.358 13.358 13.357 13.357 13.356 13.356 13.356 13.355 13.354 13.354 13.353 13.353 13.352 13.351 13.351 13.350 13.349 13.349 13.348 13.347 13.346 13.345 13.345 13.344 13.343 13.343 13.342 13.342 13.341 13.341 13.340 13.340 13.339 13.339 13.338 13.338 13.337 13.336 13.336 13.335 13.335 13.335 13.334 13.334 13.333 13.333 13.332 13.332 13.331 13.331 13.330 13.330 13.330 13.329 13.329 13.328 13.328 13.327 13.327 13.327 13.326 13.326 13.325 13.325 13.324 5.436 13.323 13.323
13.362 13.361 13.361 13.360 13.360 13.360 13.359 13.359 13.359 13.358 13.358 13.358 13.357 13.357 13.356 13.355 13.355 13.354 13.354 13.353 13.353 13.352 13.351 13.350 13.350 13.349 13.348 13.347 13.346 13.346 13.345 13.344 13.344 13.343 13.343 13.342 13.342 13.341 13.340 13.340 13.340 13.339 13.339 13.338 13.337 13.337 13.336 13.336 13.335 13.335 13.335 13.334 13.334 13.333 13.333 13.332 13.331 13.331 13.331 13.330 13.330 13.329 13.329 13.329 13.328 13.328 13.327 13.327 13.326 13.326 13.325 13.325 13.324 13.324 13.324
13.363 13.362 13.362 13.362 13.361 13.361 13.361 13.360 13.360 13.359 13.359 13.359 13.358 13.357 13.357 13.357 13.356 13.356 13.355 13.354 13.354 13.353 13.352 13.352 13.351 13.350 13.349 13.348 13.347 13.347 13.346 13.345 13.345 13.344 13.343 13.343 13.342 13.342 13.341 13.341 13.340 13.340 13.339 13.339 13.338 13.338 13.337 13.337 13.336 13.336 13.335 13.335 13.334 13.334 13.333 13.333 13.332 13.332 13.331 13.331 13.330 13.330 13.329 13.329 13.329 13.328 13.328 13.327 13.327 13.326 13.326 13.325 13.325 13.325 13.324
13.364 13.363 13.363 13.363 13.362 13.362 13.362 13.361 13.361 13.361 13.360 13.359 13.359 13.358 13.358 13.357 13.357 13.356 13.356 13.355 13.355 13.354 13.353 13.352 13.351 13.351 13.350 13.349 13.348 13.347 13.347 13.346 13.345 13.345 13.344 13.344 13.343 13.343 13.342 13.342 13.341 13.341 13.340 13.340 13.339 13.339 13.338 13.338 13.337 13.337 13.336 13.335 13.335 13.334 13.334 13.333 13.333 13.332 13.332 13.331 13.331 13.330 13.330 13.329 13.329 13.328 13.328 13.328 13.327 13.327 13.326 13.326 13.325 13.325 13.325
13.365 13.365 13.365 13.364 13.364 13.363 13.363 13.362 13.362 13.361 13.361 13.361 13.360 13.360 13.359 13.359 13.358 13.358 13.357 13.356 13.356 13.355 13.354 13.354 13.352 13.351 13.351 13.350 13.349 13.348 13.348 13.347 13.346 13.346 13.345 13.344 13.344 13.343 13.343 13.342 13.342 13.341 13.341 13.340 13.340 13.340 13.339 13.338 13.338 13.337 13.336 13.336 13.335 13.335 13.335 13.334 13.333 13.333 13.332 13.332 13.331 13.331 13.330 13.330 13.329 13.329 13.329 13.328 13.328 13.327 13.327 13.326 13.326 13.326 13.325
13.366 13.366 13.365 13.365 13.365 13.364 13.364 13.363 13.363 13.363 13.362 13.362 13.361 13.361 13.360 13.360 13.359 13.359 13.358 13.357 13.357 13.356 13.355 13.354 13.353 13.352 13.352 13.351 13.350 13.349 13.348 13.348 13.347 13.346 13.346 13.345 13.345 13.344 13.344 13.343 13.343 13.342 13.342 13.341 13.341 13.340 13.340 13.339 13.338 13.338 13.337 13.337 13.336 13.335 13.335 13.335 13.334 13.333 13.333 13.332 13.332 13.331 13.331 13.330 13.330 13.329 13.329 13.329 13.328 13.328 13.327 13.327 13.326 13.326 13.326
13.367 13.367 13.366 13.366 13.366 13.365 13.365 13.365 13.364 13.364 13.363 13.363 13.362 13.362 13.361 13.361 13.360 13.360 13.359 13.359 13.358 13.357 13.356 13.355 13.354 13.353 13.352 13.351 13.351 13.350 13.349 13.348 13.348 13.347 13.347 13.346 13.345 13.345 13.345 13.344 13.343 13.343 13.343 13.342 13.341 13.341 13.340 13.340 13.339 13.338 13.338 13.337 13.337 13.336 13.336 13.335 13.335 13.334 13.334 13.333 13.332 13.332 13.331 13.331 13.330 13.330 13.329 13.329 13.329 13.328 13.328 13.327 13.327 13.327 13.326
13.368 13.368 13.367 13.367 13.367 13.366 13.366 13.366 13.365 13.365 13.365 13.364 13.363 13.363 13.363 13.362 13.361 13.361 13.360 13.359 13.359 13.358 13.357 13.356 13.356 13.354 13.354 13.353 13.352 13.351 13.350 13.350 13.349 13.348 13.348 13.347 13.347 13.346 13.345 13.345 13.344 13.344 13.343 13.342 13.342 13.341 13.341 13.340 13.339 13.339 13.338 13.338 13.337 13.337 13.336 13.335 13.335 13.335 13.334 13.334 13.333 13.333 13.332 13.331 13.331 13.330 13.330 13.330 13.329 13.329 13.328 13.328 13.328 13.327 13.327
13.369 13.369 13.369 13.368 13.368 13.368 13.367 13.367 13.366 13.366 13.366 13.365 13.365 13.364 13.364 13.363 13.362 13.362 13.361 13.360 13.360 13.359 13.358 13.357 13.356 13.356 13.355 13.354 13.353 13.352 13.351 13.351 13.350 13.349 13.349 13.348 13.347 13.347 13.346 13.345 13.345 13.344 13.344 13.343 13.342 13.342 13.341 13.340 13.340 13.339 13.339 13.338 13.338 13.337 13.337 13.336 13.335 13.335 13.335 13.334 13.334 13.333 13.333 13.332 13.332 13.331 13.331 13.330 13.330 13.329 13.329 13.329 13.328 13.328 13.327
13.370 13.370 13.369 13.369 13.369 13.369 13.368 13.368 13.367 13.367 13.366 13.366 13.366 13.365 13.365 13.364 13.363 13.363 13.362 13.361 13.361 13.360 13.359 13.358 13.357 13.356 13.356 13.355 13.354 13.353 13.353 13.352 13.351 13.350 13.350 13.349 13.348 13.348 13.347 13.346 13.346 13.345 13.344 13.344 13.343 13.342 13.342 13.341 13.341 13.340 13.339 13.339 13.338 13.338 13.337 13.337 13.336 13.336 13.335 13.335 13.334 13.334 13.333 13.333 13.332 13.332 13.331 13.331 13.330 13.330 13.329 13.329 13.329 13.329 13.329
13.371 13.371 13.370 13.370 13.370 13.370 13.369 13.369 13.369 13.368 13.368 13.367 13.367 13.366 13.365 13.365 13.364 13.364 13.363 13.362 13.361 13.361 13.360 13.359 13.359 13.358 13.356 13.356 13.355 13.354 13.353 13.352 13.352 13.351 13.350 13.350 13.349 13.348 13.348 13.347 13.346 13.346 13.345 13.344 13.343 13.343 13.342 13.342 13.341 13.340 13.340 13.339 13.339 13.338 13.338 13.337 13.337 13.336 13.336 13.335 13.335 13.334 13.334 13.333 13.333 13.332 13.332 13.331 13.331 13.331 13.330 13.330 13.329 13.329 13.329
13.372 13.372 13.371 13.371 13.371 13.371 13.370 13.370 13.370 13.369 13.369 13.368 13.368 13.367 13.367 13.366 13.365 13.365 13.364 13.363 13.363 13.362 13.361 13.361 13.359 13.359 13.358 13.357 13.356 13.355 13.354 13.353 13.352 13.352 13.351 13.350 13.350 13.349 13.348 13.347 13.347 13.346 13.345 13.345 13.344 13.343 13.343 13.342 13.342 13.341 13.340 13.340 13.340 13.339 13.339 13.338 13.337 13.337 13.336 13.336 13.335 13.335 13.334 13.334 13.333 13.333 13.333 13.332 13.332 13.331 13.331 13.331 13.330 13.330 13.330
13.373 13.372 13.372 13.372 13.372 13.372 13.371 13.371 13.370 13.370 13.370 13.369 13.369 13.368 13.367 13.367 13.366 13.366 13.365 13.364 13.364 13.363 13.363 13.362 13.361 13.360 13.359 13.357 13.356 13.356 13.355 13.354 13.353 13.352 13.351 13.351 13.350 13.349 13.349 13.348 13.347 13.346 13.346 13.345 13.345 13.344 13.343 13.343 13.342 13.342 13.341 13.340 13.340 13.340 13.339 13.339 13.338 13.337 13.337 13.336 13.336 13.335 13.335 13.335 13.334 13.334 13.333 13.333 13.332 13.332 13.331 13.331 13.331 13.331 13.330
13.374 13.374 13.373 13.373 13.373 13.372 13.372 13.372 13.372 13.371 13.371 13.370 13.370 13.369 13.369 13.368 13.367 13.367 13.366 13.366 13.365 13.364 13.363 13.362 13.361 13.360 13.359 13.358 13.357 13.356 13.355 13.354 13.354 13.353 13.352 13.351 13.351 13.350 13.349 13.349 13.348 13.347 13.346 13.346 13.345 13.344 13.344 13.343 13.343 13.342 13.342 13.341 13.341 13.340 13.340 13.339 13.338 13.338 13.338 13.337 13.337 13.336 13.335 13.335 13.335 13.334 13.334 13.334 13.333 13.333 13.332 13.332 13.332 13.331 13.331
13.375 13.374 13.374 13.374 13.374 13.374 13.373 13.372 13.372 13.372 13.372 13.371 13.370 13.370 13.370 13.369 13.369 13.368 13.367 13.366 13.366 13.365 13.364 13.363 13.362 13.361 13.360 13.359 13.358 13.357 13.356 13.355 13.354 13.353 13.353 13.352 13.351 13.351 13.350 13.349 13.348 13.348 13.347 13.346 13.346 13.345 13.344 13.344 13.343 13.343 13.342 13.342 13.341 13.341 13.340 13.340 13.339 13.339 13.338 13.338 13.337 13.337 13.336 13.336 13.335 13.335 13.335 13.334 13.334 13.334 13.333 13.333 13.333 13.332 13.332
13.376 13.376 13.375 13.375 13.375 13.375 13.374 13.373 13.373 13.373 13.372 13.372 13.371 13.371 13.371 13.370 13.370 13.369 13.368 13.367 13.366 13.365 13.364 13.363 13.362 13.361 13.360 13.359 13.358 13.357 13.356 13.356 13.355 13.354 13.353 13.353 13.352 13.351 13.351 13.350 13.349 13.348 13.348 13.347 13.346 13.345 13.345 13.344 13.344 13.343 13.343 13.342 13.342 13.341 13.341 13.340 13.340 13.339 13.339 13.338 13.338 13.337 13.337 13.336 13.336 13.336 13.335 13.335 13.335 13.334 13.334 13.334 13.333 13.333 13.333
