includes/lisflood/oleron/results_R2_t1.56079001071E12/res.totaltm
ncols         631
nrows         906
xllcorner     364927.146667
yllcorner     6531972.565556
cellsize      20.000000
NODATA_value  -9999.000000
[rows 462 to 494 of 906, columns 444 to 517 of 631]
7.224 8.169 7.045 1.180 1.172 1.172 5.372 8.014 7.714 8.098 8.097 8.102 8.099 8.108 8.109 7.848 1.182 1.173 1.170 1.143 1.140 1.113 0.994 0.833 0.880 0.768 0.774 0.837 1.169 1.175 1.176 1.167 1.133 0.972 0.432 0.283 0.262 1.179 1.180 1.181 1.181 1.180 1.180 0.445 0.464 0.496 1.179 1.179 1.179 1.181 1.181 1.179 1.177 1.175 1.179 1.178 0.146 0.139 10.002 8.241 8.544 8.870 13.732 9.012 9.821 14.417 13.974 10.154 10.432 11.232 12.577 12.526 12.585 12.469
7.910 6.861 1.179 1.171 1.170 1.171 1.171 7.012 8.046 8.095 8.094 8.098 8.098 8.097 8.091 1.173 1.173 1.171 1.158 0.859 0.944 0.812 0.564 0.539 0.636 0.550 0.758 1.146 1.173 1.172 1.176 1.154 1.079 0.694 0.355 0.258 0.800 1.179 0.190 1.178 0.260 0.895 0.776 0.783 1.049 1.176 1.179 1.180 1.180 1.180 1.180 1.180 1.181 1.180 1.179 1.178 1.176 0.144 0.139 8.398 8.701 9.036 9.112 9.244 13.195 9.474 9.654 9.586 10.223 9.524 11.802 12.205 11.988 11.886
7.177 2.292 1.170 1.169 1.168 1.170 1.170 2.509 7.044 3.586 8.052 8.095 8.083 8.093 8.087 1.169 1.169 1.158 1.085 0.724 0.562 0.614 0.431 0.538 0.567 0.484 0.605 1.121 1.170 1.169 1.163 1.139 1.055 0.631 0.338 0.256 1.069 1.177 1.160 0.253 1.117 1.139 0.215 0.239 0.249 1.175 1.179 1.179 1.179 1.179 1.179 1.179 1.179 1.178 1.177 1.177 1.175 1.169 0.148 0.141 0.139 13.637 8.755 9.026 9.216 14.102 10.788 10.991 10.655 12.856 14.069 11.099 11.605 11.571
5.089 1.170 1.169 1.166 1.166 1.166 1.169 1.170 6.608 7.155 7.609 7.419 7.825 8.070 7.187 1.170 1.170 1.140 0.963 0.617 0.487 0.394 0.405 0.363 0.394 0.432 1.115 1.117 1.147 1.134 1.118 1.147 0.976 0.537 0.303 0.249 1.175 1.172 0.199 0.525 1.000 0.775 0.254 0.241 0.222 0.256 1.176 1.178 1.179 1.178 1.177 1.177 1.178 1.177 1.176 1.175 1.169 1.160 1.139 0.991 0.149 0.139 0.143 9.058 9.366 13.769 9.861 13.367 12.432 13.082 12.806 14.102 11.301 11.145
1.168 1.166 1.166 1.157 1.142 1.162 1.166 1.168 1.170 7.189 7.194 7.185 7.567 7.179 4.177 1.169 1.170 1.151 1.028 0.618 0.592 0.451 0.394 0.359 0.537 0.854 1.068 1.062 1.084 1.121 0.899 0.979 0.809 0.498 0.536 0.469 1.176 1.156 0.473 1.164 1.117 0.553 0.281 0.234 0.201 0.188 0.403 1.072 1.177 1.177 1.171 1.170 1.174 1.175 1.174 1.170 1.131 1.135 1.144 0.901 1.158 1.024 0.140 0.143 0.144 0.140 13.976 9.993 10.649 14.070 10.939 11.699 9.363 9.473
1.167 1.166 1.161 1.133 1.124 1.103 1.154 1.166 1.167 7.190 6.904 7.075 6.839 6.489 3.790 1.168 1.167 1.158 0.794 0.866 0.599 0.417 0.312 0.355 0.421 0.829 1.073 0.869 0.920 0.733 0.548 0.513 0.363 0.283 0.264 0.514 1.175 1.157 0.554 1.171 1.165 0.421 0.230 0.239 0.202 0.172 0.214 0.222 0.357 1.158 1.104 1.162 1.171 0.282 1.160 1.159 0.473 0.215 0.274 0.187 0.926 1.009 1.163 1.157 0.143 0.141 0.138 8.507 13.994 13.460 8.828 8.934 9.010 9.108
1.162 1.164 1.153 1.104 1.063 1.060 1.133 1.155 1.165 1.166 1.167 6.961 5.088 2.252 1.169 1.169 1.168 1.165 1.012 0.859 0.525 0.450 0.382 0.359 0.518 0.852 1.021 0.913 0.699 0.346 0.298 0.259 0.246 0.243 0.226 0.978 1.173 0.336 1.162 1.163 1.011 0.416 0.259 0.238 0.236 0.214 0.212 0.223 0.228 0.256 0.296 0.284 0.237 0.248 0.237 0.311 0.316 0.337 0.249 0.689 0.652 1.157 1.160 1.161 1.157 0.141 0.143 9.936 11.243 13.798 8.392 8.562 8.644 8.669
1.137 1.088 1.115 0.900 1.023 0.969 1.071 1.148 1.167 1.168 7.009 6.982 2.515 1.168 1.169 1.168 1.167 1.153 1.134 0.867 0.565 0.435 0.352 0.333 0.525 1.111 0.563 0.829 0.692 0.527 0.297 0.220 0.264 0.277 0.475 1.165 1.169 0.291 1.164 1.170 0.526 0.223 0.210 0.218 0.203 0.190 0.187 0.186 0.191 0.210 0.221 0.211 0.193 0.197 0.208 0.207 0.248 0.311 0.599 1.112 1.138 1.147 0.937 1.092 1.152 1.152 0.143 8.925 7.937 11.201 14.167 8.171 8.261 8.338
0.664 0.810 0.976 0.826 0.881 0.840 1.126 1.149 1.167 1.167 7.006 6.762 1.520 1.167 1.166 1.166 1.166 1.165 1.150 0.910 0.633 0.428 0.431 0.360 0.561 1.088 0.920 0.555 0.685 0.375 0.273 0.320 0.371 0.895 0.477 1.090 0.950 1.012 1.164 1.093 1.102 0.222 0.222 0.203 0.186 0.176 0.182 0.170 0.184 0.196 0.185 0.171 0.175 0.230 0.186 0.205 0.196 0.286 1.165 1.164 1.161 1.090 0.215 0.489 0.989 1.150 0.144 0.139 9.723 11.279 7.776 7.904 14.027 8.028
0.612 0.634 0.546 0.471 0.549 0.692 1.077 1.140 1.166 1.165 6.903 4.075 1.165 1.164 1.164 1.166 1.166 1.160 1.149 0.903 0.667 0.515 1.147 0.436 0.466 0.524 0.416 0.380 1.156 0.508 0.423 0.295 0.271 0.297 0.740 1.170 0.245 1.139 1.163 1.114 1.005 0.266 0.245 0.237 0.197 0.179 0.170 0.170 0.179 0.183 0.182 0.206 1.159 0.261 0.262 0.226 0.256 1.162 1.162 1.161 1.157 0.308 0.173 0.175 0.213 0.940 1.148 0.143 0.137 14.098 11.322 7.579 14.009 7.734
0.529 0.517 0.498 0.705 0.863 1.007 1.052 1.132 1.164 1.163 1.166 1.166 1.162 1.164 1.163 1.166 1.163 1.152 1.135 0.984 0.822 0.544 0.438 0.390 0.419 0.458 0.466 1.155 1.143 1.115 0.382 0.474 0.416 0.291 1.168 1.165 0.212 1.163 1.166 1.043 0.409 0.249 0.232 0.219 0.194 0.194 0.178 1.141 0.178 0.183 0.192 0.189 0.203 0.273 0.261 0.233 1.160 1.160 1.156 1.155 1.149 0.601 0.168 0.165 0.375 0.357 1.131 1.141 0.143 9.342 13.719 14.099 14.079 14.050
0.546 0.553 0.475 0.974 0.761 0.898 1.097 1.146 1.155 1.159 1.161 1.159 1.159 1.159 1.160 1.158 1.157 1.146 1.099 1.111 0.892 0.450 0.370 0.485 0.967 0.553 0.418 1.158 1.122 1.139 0.776 0.639 0.308 0.518 1.168 0.192 0.507 1.167 1.160 1.157 0.372 0.233 0.239 0.221 0.196 0.183 0.186 0.178 0.203 0.199 0.191 0.213 0.216 1.153 0.278 1.145 1.157 1.155 1.153 1.147 1.144 0.299 0.169 0.160 0.159 0.420 1.081 1.100 0.144 0.140 10.659 7.113 13.975 12.122
0.591 0.982 0.448 0.532 0.693 0.711 0.820 1.017 1.093 1.122 1.142 1.126 1.112 1.070 1.112 1.108 1.148 1.134 0.963 0.596 0.568 0.541 0.415 0.367 0.401 0.670 1.159 1.154 1.043 0.352 1.130 0.353 0.231 1.166 1.161 0.201 1.164 1.165 1.138 1.073 0.790 0.339 0.315 0.230 0.228 0.199 0.187 0.173 0.203 0.177 0.254 0.181 0.220 0.226 1.131 1.151 1.157 1.145 1.150 0.972 0.265 0.273 0.169 0.161 0.159 0.159 0.547 0.921 0.976 0.138 0.140 10.083 14.019 14.010
0.416 0.541 0.410 0.508 0.586 0.809 1.129 0.910 0.989 1.095 1.050 0.966 0.983 1.021 1.034 1.065 1.103 1.111 0.755 0.603 0.557 0.423 0.404 0.409 0.343 0.761 1.156 1.153 0.418 0.916 1.130 0.209 0.757 1.165 1.166 0.215 1.162 1.163 1.164 1.161 0.480 0.285 0.315 0.358 0.324 0.314 0.228 1.055 1.136 0.174 0.271 0.179 0.202 0.282 0.951 1.145 1.004 0.621 0.683 0.277 0.211 0.182 0.164 0.842 0.801 0.160 0.364 0.702 1.084 1.072 0.137 9.000 12.131 14.151
1.100 0.521 1.109 0.448 0.521 0.659 0.594 0.846 0.783 1.021 0.935 0.843 0.886 0.940 0.801 0.667 0.989 0.982 0.667 0.500 0.494 0.854 0.356 0.442 0.468 0.552 1.156 1.148 0.317 1.151 0.332 0.226 1.163 1.158 0.249 1.144 1.162 1.162 1.103 0.493 0.537 0.845 0.449 0.214 0.303 0.334 0.393 0.402 0.172 0.172 0.242 0.221 0.211 0.226 0.969 0.347 0.349 0.298 0.222 0.192 0.185 0.168 0.160 1.114 1.123 1.034 0.164 0.467 0.546 1.129 0.140 0.142 8.784 14.158
0.376 0.556 0.538 0.355 0.409 0.584 0.512 0.582 0.803 0.953 0.670 0.785 0.680 0.544 0.418 0.552 0.722 0.607 0.550 0.365 0.460 0.413 0.557 0.484 1.145 1.128 1.109 0.446 1.141 0.521 0.221 0.630 1.163 1.161 0.348 1.142 1.159 0.678 1.156 1.047 0.380 0.356 0.377 0.641 1.156 0.361 0.421 0.206 0.189 0.198 0.222 0.228 0.223 0.255 1.139 0.656 0.176 0.170 0.161 0.170 0.167 0.161 0.894 1.123 0.156 1.124 1.099 0.232 1.000 1.132 0.520 0.142 6.090 7.274
0.623 1.130 0.548 0.371 0.375 0.440 0.634 0.717 0.728 0.840 0.706 0.623 0.554 1.124 0.573 1.150 0.404 0.402 0.423 0.452 0.741 0.452 0.583 0.536 1.147 1.152 1.144 0.534 0.534 0.238 0.226 1.157 1.161 0.249 0.363 1.066 1.155 1.134 0.394 0.302 0.315 1.149 0.539 0.274 0.315 0.368 0.202 0.177 0.189 0.201 0.255 0.232 0.244 0.493 1.148 0.987 0.231 0.167 0.671 0.813 1.132 0.162 1.096 1.118 0.159 0.159 1.125 1.096 1.118 1.131 0.226 0.142 0.142 5.376
0.433 0.587 0.682 0.536 0.448 0.546 0.598 0.576 0.483 0.481 0.496 0.384 0.367 0.473 0.449 1.151 0.535 0.411 0.369 1.144 0.989 0.405 0.575 0.613 1.098 1.150 1.090 0.938 0.472 0.260 0.242 0.547 1.161 1.145 0.291 0.511 1.091 0.983 1.143 1.112 0.400 0.322 0.230 0.219 0.227 0.234 0.240 0.228 0.178 0.188 0.192 1.135 0.217 1.150 1.116 1.102 0.216 0.178 0.696 1.137 0.179 0.159 1.123 1.120 0.161 0.159 0.159 1.128 1.126 1.128 1.013 1.078 0.146 0.146
0.703 0.672 0.685 0.438 0.519 0.604 0.532 0.635 0.530 0.415 0.438 0.453 0.426 1.083 0.455 0.874 0.475 0.444 0.374 0.667 0.478 0.473 0.690 1.043 1.132 1.136 0.859 0.594 0.816 0.451 0.263 0.222 1.112 1.158 1.149 0.271 0.468 1.109 0.427 0.366 0.330 0.273 0.268 0.241 0.239 0.187 0.200 1.143 0.191 0.222 0.217 0.219 1.148 1.149 1.141 0.939 0.258 0.208 0.172 1.137 0.161 0.229 1.128 1.122 0.159 0.905 0.159 0.469 1.127 1.118 1.039 1.107 1.105 0.145
0.687 0.637 0.660 0.774 0.575 0.654 0.632 1.127 0.520 0.415 0.443 0.516 0.445 0.558 0.576 0.909 0.848 0.413 0.604 0.637 0.564 0.570 0.772 1.039 0.573 0.744 0.429 0.466 0.462 0.451 0.402 0.256 0.242 1.157 1.155 0.237 0.359 0.615 0.519 0.349 0.273 0.278 0.262 0.233 0.221 0.227 0.214 0.192 0.213 0.206 0.228 0.230 0.632 1.145 1.037 1.142 0.290 0.214 0.171 1.132 0.160 0.854 1.130 1.119 0.160 0.973 0.960 0.158 0.393 1.120 1.049 1.104 1.089 0.148
0.685 0.676 0.445 0.758 0.535 0.661 0.697 0.591 0.510 0.440 0.351 0.486 0.677 0.773 0.780 0.901 0.999 0.936 0.586 1.129 0.682 0.506 0.802 1.114 1.117 0.830 1.065 0.571 0.325 0.279 0.389 0.334 0.257 0.336 1.157 1.088 0.251 0.316 1.090 0.575 0.606 1.151 0.247 0.211 1.135 0.178 0.191 0.181 0.181 0.185 0.202 0.219 0.227 0.293 0.380 1.142 0.199 0.178 0.168 0.947 1.110 1.123 1.125 0.160 0.161 0.983 0.956 0.961 0.171 0.699 1.086 1.103 0.153 0.157
1.071 0.467 0.740 0.740 0.742 1.074 0.728 0.667 0.696 0.485 0.521 0.493 0.657 0.798 1.122 1.056 1.134 0.909 0.866 1.088 1.109 0.798 1.003 1.149 1.132 0.487 1.090 1.130 0.925 0.397 0.232 0.405 0.266 0.240 0.663 1.155 0.248 0.301 0.356 0.323 0.297 1.000 0.242 0.220 0.216 0.197 0.203 0.189 0.178 0.181 0.213 0.223 0.242 0.210 1.141 1.138 0.297 0.173 0.168 1.125 1.003 1.114 0.162 0.161 0.985 0.998 1.009 1.038 1.014 1.062 1.103 0.157 0.156 0.155
0.648 0.687 0.774 0.588 0.738 0.784 0.816 0.869 0.704 0.749 0.617 0.663 0.656 0.989 1.092 1.049 0.833 0.859 1.077 1.089 0.864 1.106 1.028 1.145 0.601 1.115 1.128 1.114 0.592 0.383 0.352 0.382 0.307 0.270 0.244 1.143 1.151 0.277 0.262 0.245 0.699 0.241 0.228 0.547 0.213 0.206 0.211 0.182 0.179 0.178 0.180 1.094 1.115 1.046 0.206 0.227 0.201 0.167 1.135 0.698 0.161 0.161 0.162 0.984 0.982 0.997 0.157 0.158 0.159 0.158 1.102 0.151 0.152 0.157
0.640 0.700 0.756 0.649 0.759 0.787 0.840 0.986 0.868 0.783 0.570 0.836 0.811 1.053 0.809 1.136 1.024 0.912 1.047 1.075 0.996 1.042 1.095 1.009 0.510 1.052 1.101 1.134 1.091 0.465 0.464 0.471 0.324 0.252 0.240 0.322 1.150 0.275 0.344 0.847 0.290 1.132 0.999 0.211 0.182 0.197 0.216 0.188 0.180 0.182 0.190 1.133 1.130 0.305 0.206 0.186 0.171 0.281 1.135 0.438 0.161 0.162 0.162 0.977 0.974 0.974 0.986 0.160 0.178 0.329 1.105 0.151 0.154 0.157
0.730 0.776 0.786 0.829 0.756 0.937 1.006 1.086 1.063 0.978 0.950 0.983 1.010 1.062 1.060 1.137 1.107 1.042 1.010 0.681 1.131 0.987 0.936 0.919 0.947 1.006 1.139 1.145 1.133 0.569 0.680 0.474 0.379 0.306 0.258 0.246 1.133 1.150 0.317 0.343 0.258 1.133 0.232 0.221 0.202 0.204 0.235 0.191 0.178 0.190 0.190 1.132 0.355 0.213 0.240 0.187 0.172 0.169 0.170 0.178 0.306 0.650 0.162 0.161 0.162 0.961 0.984 0.160 0.685 1.107 1.106 0.154 0.157 0.157
0.796 0.674 0.824 0.928 0.802 1.074 1.083 1.069 1.037 1.071 1.032 1.012 1.050 1.090 1.071 1.137 1.054 1.106 1.014 0.562 0.877 1.057 0.609 1.082 1.136 1.138 1.140 1.141 1.135 1.100 0.644 0.512 0.382 0.315 0.287 0.261 0.330 1.149 0.186 0.648 1.106 1.145 0.277 0.236 0.230 0.281 0.247 0.235 0.228 0.209 0.185 1.117 1.122 0.415 0.337 0.360 0.440 0.921 0.177 0.170 0.264 0.979 1.034 1.073 0.162 0.160 0.170 1.110 1.108 1.108 1.101 0.154 0.157 0.157
0.790 0.829 0.737 1.004 1.083 1.086 1.058 1.094 1.054 1.047 1.063 1.029 1.043 0.908 0.801 1.116 1.017 0.745 0.590 0.670 1.029 1.108 1.059 1.102 1.052 1.142 1.140 1.142 1.140 1.115 1.129 1.008 0.389 0.401 0.367 0.363 0.336 1.148 1.146 0.585 0.283 0.457 0.429 0.267 0.287 0.307 0.361 0.352 0.308 0.276 0.189 0.386 0.816 0.805 0.451 1.083 0.514 0.333 0.292 0.231 0.168 0.985 1.044 1.096 1.109 1.109 1.111 1.106 1.107 1.079 0.156 0.158 0.158 0.157
1.042 1.040 1.037 1.040 1.076 1.084 1.084 1.062 1.054 1.023 1.038 1.039 1.023 0.986 0.508 1.005 0.765 0.536 0.569 0.535 0.855 1.123 1.102 1.133 1.132 1.140 1.136 1.138 1.128 1.087 1.107 0.902 1.101 0.955 0.432 0.333 0.521 0.450 1.147 1.031 0.302 0.451 0.481 0.628 0.652 0.413 1.091 0.530 0.606 0.428 0.338 0.410 0.581 0.781 0.783 0.587 0.664 0.452 0.380 1.124 0.662 0.179 1.048 1.110 1.109 1.114 1.116 0.158 0.157 0.153 0.157 0.158 0.157 0.157
1.069 1.089 1.093 1.077 1.062 1.070 1.051 1.033 0.965 0.852 0.852 0.822 0.817 0.780 0.610 0.442 0.635 0.573 0.520 0.584 1.119 1.112 1.104 1.138 1.123 1.096 1.138 1.138 1.124 1.050 1.125 0.989 1.016 1.042 0.628 0.548 0.584 0.459 1.145 1.144 0.210 0.470 0.607 0.570 0.675 0.609 0.541 0.645 0.878 0.456 0.591 0.474 0.582 0.895 0.927 0.891 0.885 0.545 0.316 0.519 1.047 1.118 0.164 1.014 1.114 1.117 0.152 0.154 0.159 0.158 0.160 0.159 0.158 0.158
1.111 1.119 1.113 1.107 1.094 1.055 1.043 0.933 0.828 0.671 0.631 0.575 0.454 0.397 1.111 0.604 0.467 0.474 0.760 0.437 0.471 0.593 1.086 1.138 0.992 1.048 1.086 0.674 1.020 0.615 0.541 0.969 0.605 1.027 0.672 0.541 0.494 0.478 0.493 1.144 1.142 0.197 0.322 1.045 1.111 5.014 1.112 1.084 1.061 5.054 5.061 5.064 5.066 4.999 0.848 0.256 1.122 1.069 1.119 1.076 1.097 0.168 0.163 0.163 1.115 1.116 1.114 0.157 0.155 0.158 0.158 0.159 0.159 0.159
1.128 1.129 1.130 1.118 1.096 1.086 1.054 0.921 0.867 0.765 0.520 0.448 1.002 0.425 0.419 0.529 0.523 0.408 0.416 0.454 0.471 0.668 0.337 0.725 1.067 0.848 0.981 0.977 0.997 0.901 0.677 0.949 0.655 0.971 0.917 0.571 0.482 0.246 0.308 1.143 0.205 1.129 1.140 1.140 1.133 1.129 1.125 1.122 1.084 1.303 1.326 4.214 1.305 4.671 5.078 0.434 0.204 0.202 0.243 0.169 0.163 0.162 0.162 0.162 0.164 1.056 0.160 0.155 0.161 0.161 0.161 0.158 0.160 0.159
1.138 1.139 1.127 1.124 1.123 1.082 1.055 0.776 0.616 0.545 0.498 0.420 0.531 0.540 0.619 0.631 0.706 0.420 0.678 0.572 0.692 0.667 0.538 0.896 0.916 0.781 1.006 0.931 1.004 1.020 0.880 0.903 0.892 1.039 0.921 0.649 0.594 0.455 0.368 0.932 0.997 1.018 1.083 1.055 1.097 1.123 1.139 1.129 1.145 1.120 1.332 4.704 1.376 1.322 4.898 5.092 5.094 5.086 5.093 0.164 0.162 0.165 0.162 0.161 0.162 0.985 0.160 0.159 0.162 0.161 0.161 0.160 0.159 0.158
1.138 1.138 1.134 1.131 1.115 1.098 1.001 0.781 0.587 0.440 0.483 0.554 0.454 0.445 0.476 0.682 0.765 0.791 0.818 0.720 0.806 0.780 0.824 1.023 0.941 0.815 1.001 1.045 1.062 1.037 1.046 1.051 1.048 1.057 1.023 0.909 0.748 0.848 0.849 0.804 0.868 0.998 1.098 1.120 1.130 1.140 1.133 1.193 1.146 1.259 3.325 3.926 1.115 1.170 2.204 5.094 4.836 1.169 0.164 0.160 0.161 0.165 0.165 0.164 0.162 0.161 0.158 0.158 0.162 0.161 0.161 0.158 0.155 0.158
