includes/lisflood/oleron/results_R2_t1.56079001071E12/res.totaltm
ncols         631
nrows         906
xllcorner     364927.146667
yllcorner     6531972.565556
cellsize      20.000000
NODATA_value  -9999.000000
[rows 99 to 131 of 906, columns 296 to 369 of 631]
2.262 1.839 6.825 3.360 11.456 11.456 11.471 11.484 11.581 11.246 11.480 11.528 11.499 11.499 11.476 11.519 11.565 10.819 11.523 11.556 11.547 11.548 11.567 11.581 11.576 11.373 10.056 11.483 11.454 11.495 11.484 11.516 11.502 11.383 11.475 11.475 11.457 10.635 1.037 1.213 10.451 0.708 0.665 7.816 8.641 8.682 8.991 9.034 9.124 9.180 14.092 13.907 9.282 9.134 9.110 9.406 9.694 9.749 9.842 9.889 9.991 10.149 10.283 10.379 10.531 10.553 10.637 10.680 10.667 10.869 11.109 11.281 11.408 11.628
1.469 2.560 3.753 9.321 11.409 11.382 11.462 11.477 11.460 9.909 3.461 11.413 11.212 11.417 11.471 11.425 11.484 11.501 11.521 11.493 11.525 11.555 11.564 11.542 11.571 11.537 11.511 11.511 11.496 11.458 11.477 11.496 11.478 11.482 11.487 11.483 11.475 11.243 11.336 1.064 3.083 2.776 0.679 7.050 8.581 8.778 8.879 8.983 9.054 9.008 9.179 9.099 9.226 9.383 9.381 9.385 9.651 9.739 9.780 9.895 9.939 10.134 10.242 10.327 10.460 10.569 10.583 10.610 10.632 10.965 11.144 11.293 11.435 11.651
7.975 4.277 3.854 3.660 3.222 11.111 11.404 11.468 11.459 10.939 6.190 10.504 11.391 11.399 11.442 11.442 11.373 11.320 11.514 11.535 11.533 11.550 11.553 11.547 11.537 11.514 11.451 11.457 11.448 11.444 11.461 11.487 11.486 11.483 11.487 11.486 11.480 11.460 11.391 10.381 1.165 10.590 0.708 0.663 7.940 8.693 8.690 8.873 8.934 8.996 9.033 8.904 9.234 9.304 9.129 9.317 9.634 9.713 9.737 9.842 9.950 10.054 10.188 10.289 10.442 10.550 10.552 10.601 10.764 11.145 11.302 11.491 11.615 11.749
11.300 11.356 3.504 3.802 3.183 3.018 5.389 11.255 10.956 11.082 11.308 11.318 11.418 11.429 11.438 11.451 11.408 9.768 11.200 11.491 11.531 11.536 11.549 11.532 11.532 11.518 11.457 11.456 11.461 11.462 11.478 11.468 11.457 11.482 11.492 11.488 11.489 11.480 11.465 11.428 1.940 10.650 1.970 0.677 7.232 8.332 14.011 8.739 8.829 9.024 9.044 14.136 9.081 14.163 9.149 14.152 9.385 9.632 9.689 9.752 9.930 9.950 10.071 10.206 10.334 10.432 10.528 10.654 11.075 11.331 11.461 11.525 11.705 11.910
11.370 3.659 2.754 3.983 5.821 10.928 7.500 10.043 11.292 11.124 11.299 11.306 11.420 11.394 11.346 11.433 11.384 11.329 4.356 11.486 11.515 11.529 11.463 11.526 11.524 11.514 11.511 11.489 11.483 11.472 11.488 11.488 10.117 11.505 11.489 11.491 11.482 11.479 11.475 11.469 9.853 3.934 10.848 0.719 0.646 8.315 8.631 8.812 14.053 8.889 8.918 9.212 9.029 9.106 9.101 10.316 9.336 9.225 9.365 9.619 9.734 9.852 9.869 9.985 10.188 10.389 10.686 11.033 11.328 11.495 11.576 11.689 11.899 12.056
11.372 11.139 11.151 10.776 7.352 5.934 10.941 8.687 11.212 11.109 10.947 11.352 11.410 11.409 11.360 11.437 11.398 11.320 3.337 7.324 11.353 10.125 7.762 11.341 11.410 11.508 11.510 11.500 11.493 11.489 11.479 11.489 11.505 11.500 11.490 11.498 11.494 11.490 11.483 11.467 11.458 4.830 11.036 1.112 0.684 7.250 8.624 8.693 8.839 8.941 9.367 9.297 9.435 14.151 9.478 14.117 8.976 14.074 9.285 9.291 9.738 9.749 9.763 9.793 9.988 10.309 10.838 11.255 11.488 11.601 11.757 11.925 12.109 12.236
11.351 11.347 11.284 11.310 10.921 7.455 10.690 7.262 11.149 10.038 11.342 11.394 11.402 11.405 11.401 11.432 11.379 11.347 8.352 11.362 11.369 11.363 11.276 10.228 11.314 11.391 11.449 11.476 11.481 11.479 11.480 11.463 11.482 11.489 8.875 11.498 11.502 11.492 11.491 11.471 11.471 10.724 5.850 11.356 0.707 0.669 8.140 8.592 13.979 8.769 13.145 8.967 14.108 14.090 9.119 9.261 14.160 8.990 9.036 9.060 9.441 9.480 9.690 9.718 9.858 10.129 10.716 11.471 11.675 11.775 11.864 12.026 12.207 12.311
11.350 11.358 11.347 11.253 11.288 11.305 11.285 11.270 11.181 11.325 11.338 11.389 11.392 11.398 11.406 11.403 11.405 11.303 11.322 3.238 11.334 11.363 11.383 11.062 11.106 11.428 11.429 11.447 11.434 11.428 11.159 10.865 11.505 11.511 11.512 11.461 11.499 11.500 11.479 11.473 11.465 11.447 1.712 11.415 1.587 0.673 7.078 8.561 8.674 8.810 14.051 14.095 9.032 13.887 9.033 14.122 13.953 14.144 8.924 12.675 14.146 9.213 9.371 9.664 9.719 10.100 10.671 11.601 11.771 11.856 11.994 12.131 12.317 12.333
11.354 11.354 11.334 11.298 11.315 11.314 11.308 11.310 11.306 11.320 11.320 11.384 11.323 11.329 11.338 11.405 11.341 11.314 11.319 5.341 10.726 11.365 11.397 11.393 11.357 11.425 11.430 11.445 11.432 2.368 11.478 11.298 11.516 11.523 11.510 10.817 11.501 11.495 11.494 11.473 11.477 11.466 11.409 11.397 11.345 0.731 0.658 8.489 8.678 14.010 8.950 8.950 8.948 14.068 9.152 14.128 9.852 14.094 11.035 9.123 14.133 14.119 9.377 9.378 9.347 10.154 10.852 11.268 11.855 11.930 12.147 12.219 12.299 12.308
11.316 11.347 11.331 11.334 11.314 11.319 11.315 11.309 11.319 11.302 11.329 11.317 11.328 11.200 11.310 11.340 11.336 11.325 11.326 9.050 9.912 11.358 11.365 11.327 11.092 11.320 11.377 11.407 11.423 11.406 11.497 11.356 11.520 11.527 11.520 11.511 10.864 11.484 11.477 11.479 11.483 11.455 4.793 2.646 11.438 3.141 0.703 6.920 8.686 8.904 8.810 8.800 8.949 9.054 13.910 14.082 14.109 14.098 14.127 8.697 8.814 9.164 9.155 9.351 10.178 10.386 11.131 11.060 11.835 12.008 12.116 12.174 12.238 12.270
11.274 11.338 11.334 11.331 11.327 11.321 11.320 11.323 11.316 11.330 11.331 11.333 11.320 10.854 9.771 10.957 11.303 11.282 11.337 11.086 11.253 11.349 11.359 11.349 10.211 6.421 3.189 10.432 11.377 11.404 11.332 10.194 11.521 11.528 11.526 11.520 10.615 11.465 11.475 11.481 11.486 11.464 11.276 1.177 11.439 10.518 0.741 0.678 7.935 8.572 8.712 8.855 14.077 9.030 9.004 9.413 9.059 14.136 10.275 14.092 10.714 10.451 9.158 9.236 10.285 10.497 11.411 9.198 10.623 11.596 11.892 12.047 12.081 12.159
11.266 11.338 11.335 11.329 11.323 11.320 11.325 11.328 11.329 11.333 11.334 11.332 11.325 10.036 10.743 5.991 11.158 10.943 11.335 11.339 11.339 11.342 11.359 11.350 11.325 11.305 9.558 4.100 10.830 9.578 10.749 2.978 11.451 11.532 11.532 11.522 11.519 10.552 11.466 11.474 11.492 11.484 11.472 11.464 11.436 11.433 3.204 0.712 0.670 8.472 8.550 8.765 8.764 8.939 13.367 14.115 8.924 10.898 9.034 9.123 14.135 11.950 11.609 11.136 10.938 10.807 11.213 9.265 10.716 11.775 12.018 12.055 12.122 12.179
11.304 11.314 11.330 11.327 11.319 11.317 11.311 11.327 11.333 11.336 11.338 11.340 11.345 11.349 11.348 11.299 11.297 11.334 10.362 11.270 11.314 11.331 11.309 11.346 11.333 11.329 10.944 3.646 10.480 10.990 8.829 1.818 9.299 11.533 11.535 11.533 11.517 11.193 10.827 11.436 11.487 11.491 11.481 11.475 11.457 5.391 11.120 1.079 0.682 7.324 8.578 8.737 8.819 8.876 8.996 8.966 9.005 14.098 8.988 9.079 9.161 9.090 9.188 14.117 10.972 10.313 10.276 10.677 10.931 11.332 12.008 12.084 12.161 12.225
1.241 10.717 11.297 1.233 3.685 11.316 11.320 11.326 11.327 11.316 11.337 11.330 11.343 11.341 11.354 11.358 11.083 11.319 11.255 4.506 9.465 11.322 5.008 11.294 11.331 11.327 10.570 7.583 10.883 10.067 10.886 1.127 3.787 11.538 11.534 11.535 11.527 11.518 11.511 11.494 11.511 8.699 10.897 11.472 11.475 11.450 5.608 9.471 0.701 0.651 8.022 8.609 8.847 8.824 8.946 8.976 14.047 9.009 14.098 9.067 9.128 9.196 9.606 9.951 9.078 9.227 9.732 10.432 10.906 11.058 11.945 12.065 12.178 12.133
1.234 1.150 1.214 1.152 1.191 11.300 11.317 11.319 11.334 11.303 3.058 11.347 11.339 11.346 11.358 11.360 11.307 11.276 11.338 5.947 6.649 10.970 10.323 9.350 11.170 11.319 11.316 10.635 11.273 10.373 10.976 1.103 11.508 11.541 11.543 11.539 11.538 11.532 11.525 11.310 11.359 10.294 11.435 11.230 11.254 11.418 11.429 11.401 1.071 0.681 6.942 8.432 8.801 8.559 8.875 14.050 8.852 13.968 9.107 14.003 14.095 14.118 9.467 9.686 9.013 9.110 9.506 10.776 11.152 10.929 11.266 12.021 12.012 11.913
1.226 1.188 1.192 1.111 1.187 4.357 11.313 11.334 11.326 11.334 10.727 11.127 11.347 1.954 2.012 11.368 11.362 11.088 11.240 10.928 6.289 4.493 9.253 11.292 10.895 11.270 11.305 11.350 11.291 11.317 11.155 1.080 11.520 11.542 11.540 11.526 11.531 11.532 11.526 11.135 10.165 10.371 10.850 10.950 11.466 10.623 11.496 6.660 11.108 0.731 0.667 7.424 8.541 8.766 14.029 8.816 14.056 8.885 14.060 9.007 8.959 9.124 8.576 14.172 8.950 9.229 11.668 11.203 11.458 9.263 10.443 11.186 11.422 11.467
1.562 1.240 1.245 1.217 1.124 2.143 11.320 11.332 11.342 11.118 11.309 11.355 11.355 11.364 11.366 11.367 11.369 11.351 11.367 11.304 2.381 5.970 11.356 11.309 11.281 10.673 3.759 6.054 11.254 11.334 11.264 1.127 11.389 11.532 11.537 11.540 11.540 11.540 9.317 9.808 10.914 11.437 11.377 11.525 11.533 11.534 11.507 2.921 10.966 3.708 0.702 0.668 8.471 8.708 8.708 8.979 9.015 9.089 14.047 14.066 13.930 9.021 9.100 9.113 9.724 9.482 12.741 9.418 9.953 10.456 10.577 10.855 11.492 11.555
2.942 1.876 1.674 1.203 1.078 1.074 1.167 1.202 11.308 11.339 4.794 11.338 11.364 11.366 11.373 11.372 11.386 11.383 11.380 11.388 11.305 10.904 11.356 11.283 11.180 4.502 1.883 8.086 11.172 11.248 6.022 1.164 4.459 11.546 11.541 4.051 11.192 11.546 11.547 11.481 7.768 4.785 10.147 11.313 11.523 11.544 11.505 11.376 2.853 10.823 1.176 0.694 7.116 8.474 8.755 14.006 8.969 8.993 9.009 9.127 14.089 14.110 9.075 14.116 14.153 9.093 11.491 9.274 9.812 10.494 10.595 10.751 11.254 11.498
5.411 9.971 2.708 1.408 1.215 1.126 1.038 1.158 5.089 11.285 10.818 10.990 11.368 11.381 11.385 11.367 11.387 11.375 11.396 11.396 2.791 3.354 11.361 11.360 8.715 7.831 11.091 4.607 10.852 7.804 5.063 2.493 2.698 2.352 11.547 11.546 11.547 11.547 11.556 11.534 10.592 10.651 11.540 11.535 11.526 10.379 11.185 11.141 10.783 3.730 11.398 0.715 0.663 7.694 8.611 8.777 8.738 8.904 8.952 8.984 14.063 10.058 9.129 9.123 9.154 8.824 11.086 11.363 10.756 10.775 10.620 10.591 10.679 11.314
3.695 3.324 1.524 1.884 2.129 11.319 11.334 11.339 11.304 11.116 11.349 11.330 11.377 11.384 11.387 11.390 11.393 11.393 11.392 11.399 11.401 11.396 11.317 11.392 11.306 2.613 5.504 11.137 8.320 4.334 2.778 1.152 1.085 10.740 11.544 11.555 11.551 11.545 11.551 11.517 11.543 11.501 11.558 11.545 11.548 11.536 10.857 11.490 11.390 11.324 10.594 1.459 0.710 0.647 7.901 13.959 8.748 8.743 9.233 9.656 9.357 13.288 10.876 14.080 13.971 9.311 14.142 9.075 9.391 9.696 9.759 9.904 10.115 10.653
4.259 10.402 1.248 1.417 1.388 1.759 1.304 1.518 5.168 2.428 1.617 11.223 11.372 11.385 11.394 11.397 11.402 11.380 11.408 11.385 11.407 11.408 11.315 11.342 10.928 5.500 4.629 5.236 6.674 2.838 1.573 1.127 1.097 11.540 11.554 11.555 11.550 11.557 11.557 11.565 11.564 11.561 11.562 11.565 11.555 11.549 10.584 11.337 11.509 11.490 11.475 11.478 1.170 0.696 7.120 8.411 8.670 13.436 9.123 9.292 9.035 9.170 9.118 13.118 14.148 11.544 14.118 14.137 9.225 9.392 9.739 9.837 10.205 10.473
1.541 10.578 1.253 1.218 1.153 1.122 1.120 1.614 3.277 11.052 10.691 1.230 9.288 11.381 11.396 11.401 11.404 11.410 11.414 11.418 11.410 11.412 11.416 11.424 11.224 7.872 2.210 11.340 3.619 4.350 2.723 1.247 9.734 1.146 11.550 11.550 11.563 11.562 11.564 11.557 11.552 11.565 11.564 11.566 11.561 11.562 11.558 11.409 11.536 11.534 11.510 1.396 10.739 0.714 0.671 7.766 8.529 14.042 8.824 8.871 8.932 9.017 14.104 9.157 14.131 14.122 14.150 8.912 9.096 9.272 9.682 9.755 10.246 10.617
10.556 0.879 1.220 1.137 1.100 1.111 1.153 1.244 2.163 5.185 10.924 11.049 1.811 11.382 11.393 11.386 11.406 11.414 11.360 11.421 11.417 11.420 11.423 11.409 11.440 11.366 11.138 10.676 11.349 5.997 11.214 3.523 1.765 3.844 11.466 11.562 11.557 11.569 11.565 11.563 11.565 11.567 11.562 11.562 11.557 11.564 11.536 11.530 1.214 11.547 11.377 2.268 10.900 6.404 0.732 0.664 8.099 8.655 8.736 8.819 8.980 9.094 13.692 9.019 13.917 9.064 8.697 14.051 14.107 9.258 9.428 9.345 10.421 10.759
10.936 1.036 1.297 1.159 1.123 1.042 1.234 10.943 3.963 10.941 10.640 11.112 11.027 2.641 11.364 11.385 11.390 11.413 11.422 11.426 11.427 11.426 11.286 11.424 11.430 11.351 11.015 11.295 11.404 7.599 11.424 10.583 4.793 4.402 11.290 11.566 11.564 11.566 11.565 11.567 11.574 11.572 11.570 11.568 11.570 11.558 9.794 11.550 1.274 11.517 11.496 11.235 4.003 10.976 1.195 0.701 7.102 8.586 8.670 8.837 8.931 9.006 14.071 9.093 9.379 10.450 14.076 14.145 9.204 14.119 9.348 9.825 10.674 10.920
1.278 1.145 1.177 1.306 1.165 1.205 10.714 10.932 10.786 4.803 11.121 11.042 10.060 11.095 4.893 11.347 11.384 11.405 11.423 11.431 11.434 10.788 6.663 8.223 11.454 11.474 11.473 11.471 11.470 11.490 10.988 6.651 7.495 4.907 10.682 11.564 11.562 11.569 11.565 11.571 11.568 11.570 11.571 11.563 11.564 11.568 11.428 2.068 11.558 11.535 11.516 10.595 4.253 5.101 10.894 0.725 0.666 7.869 8.773 14.038 8.838 8.882 9.738 10.443 14.077 14.078 14.133 14.125 8.856 13.360 9.156 9.493 11.046 11.099
1.235 1.256 1.166 1.139 1.180 6.467 2.805 10.833 3.006 5.801 9.005 9.741 2.790 3.656 11.398 11.402 11.414 11.419 11.425 11.435 11.434 11.443 11.429 11.445 11.445 11.301 9.587 11.096 10.118 11.485 11.406 11.404 11.492 11.364 11.528 11.563 11.570 11.573 11.577 11.574 11.569 11.570 11.456 11.572 11.492 11.569 11.559 11.545 11.561 11.548 11.544 11.421 10.494 5.730 2.212 1.407 0.702 0.657 8.274 8.725 8.923 8.964 9.022 9.202 14.073 9.028 14.067 14.132 8.788 14.136 12.652 12.592 11.428 11.227
1.820 1.275 1.139 1.067 11.072 11.129 5.113 2.533 1.508 3.079 10.857 11.276 11.149 11.373 11.382 10.579 11.337 11.144 10.942 11.355 11.442 11.447 11.449 11.456 11.310 11.459 11.448 11.488 11.475 11.501 11.507 11.510 11.520 11.521 11.524 11.446 11.572 11.576 11.580 11.581 11.577 11.573 11.578 11.574 11.572 11.563 11.575 11.558 11.567 11.526 11.480 11.529 11.526 11.455 10.912 3.266 1.177 0.671 7.199 8.527 8.771 8.861 8.926 9.030 9.056 14.068 13.256 10.101 14.129 11.455 8.983 9.146 9.286 9.644
2.339 1.182 1.016 1.068 1.146 11.176 11.152 10.922 8.473 11.284 11.338 11.369 11.374 11.376 11.377 11.368 11.341 6.676 10.594 11.445 11.447 11.444 11.452 10.900 10.296 11.473 11.462 11.399 11.472 11.520 11.483 1.299 11.491 11.509 11.532 11.494 11.573 11.577 11.585 11.583 11.581 11.585 11.587 11.584 11.585 11.581 11.574 11.575 11.572 11.553 11.549 11.561 11.559 11.521 11.531 11.445 2.271 0.719 0.651 8.147 8.799 14.031 8.907 8.912 9.034 9.173 9.543 14.123 14.167 9.472 14.107 14.143 9.263 9.362
10.113 1.272 1.018 1.115 1.199 4.523 10.247 11.204 11.214 8.322 10.314 11.362 11.358 11.370 11.376 11.355 10.584 10.494 10.699 11.446 11.449 11.452 11.460 11.274 11.465 11.481 11.382 11.508 11.512 11.523 11.520 11.511 11.535 11.515 11.466 11.497 11.584 11.583 11.588 11.588 11.589 11.586 11.586 11.584 11.586 11.583 11.583 11.539 11.585 11.545 11.564 11.554 11.543 11.562 11.530 11.414 11.426 1.193 0.725 0.649 8.597 8.729 13.951 8.817 9.063 9.000 14.094 9.144 14.021 11.160 14.132 8.960 14.106 9.202
10.239 10.118 5.818 2.893 1.065 3.163 11.246 11.237 7.062 11.335 11.325 11.345 11.180 2.141 11.376 11.372 11.342 4.923 4.636 11.439 11.405 11.456 11.459 11.460 11.452 11.480 11.485 11.490 11.230 11.529 11.446 11.328 11.538 11.541 11.540 11.525 11.536 11.588 11.582 11.593 11.590 11.587 11.592 11.590 11.584 11.585 11.588 11.588 11.576 11.563 11.592 11.531 11.582 11.575 11.563 10.731 11.482 6.517 1.098 0.682 7.087 8.494 8.776 8.876 8.959 9.081 9.115 9.228 9.317 9.279 14.102 8.879 8.963 14.147
10.238 8.675 1.142 1.255 1.327 1.249 11.238 11.260 11.252 5.598 11.336 11.290 11.285 10.943 11.357 11.342 11.348 11.267 4.506 11.416 11.109 11.408 11.462 11.430 11.474 11.466 11.492 11.511 11.517 11.545 11.549 11.540 11.534 11.557 11.523 11.557 11.582 11.584 11.594 11.599 11.581 11.593 11.598 11.599 11.599 11.592 11.585 3.651 11.595 11.590 11.596 11.602 11.603 11.598 11.569 11.555 11.405 11.474 1.745 0.722 0.654 7.511 8.555 8.738 8.807 8.952 9.038 9.098 14.091 9.185 14.160 14.161 8.918 14.102
2.537 1.230 1.306 1.319 1.275 1.234 1.217 11.260 10.991 11.271 11.286 11.299 11.333 11.327 11.400 11.338 11.344 2.917 1.609 11.407 11.057 11.412 10.844 11.468 11.483 11.493 11.493 11.517 11.146 11.531 11.553 11.559 11.565 11.558 11.556 11.507 11.551 11.590 11.598 11.599 11.601 11.594 11.594 11.602 11.600 11.598 11.042 9.998 11.600 11.593 11.605 11.612 11.611 11.594 11.574 11.570 11.544 9.759 2.570 1.168 0.700 0.665 8.207 13.940 8.786 9.001 8.938 9.061 9.017 13.566 13.518 9.346 9.320 14.090
1.220 1.251 1.297 1.287 1.248 1.206 1.223 4.627 1.186 1.355 1.179 2.221 10.152 11.401 11.385 11.300 10.524 1.833 2.907 4.950 5.488 10.536 11.446 11.130 11.333 11.497 11.513 11.517 11.506 11.492 11.480 11.390 11.570 11.561 11.383 11.576 11.571 11.594 11.601 11.609 11.604 11.604 11.600 11.601 11.606 11.591 11.442 11.059 11.600 11.606 11.613 11.615 11.604 11.611 11.601 11.585 11.553 11.538 9.863 2.324 1.105 0.691 0.629 8.471 8.678 8.914 8.873 8.943 14.087 9.340 13.725 9.150 9.331 9.171
