includes/lisflood/oleron/results_R2_t1.56079001071E12/res.maxtm
ncols         631
nrows         906
xllcorner     364927.146667
yllcorner     6531972.565556
cellsize      20.000000
NODATA_value  -9999.000000
[rows 128 to 159 of 906, columns 213 to 283 of 631]
14.493 14.498 14.498 14.493 14.493 14.493 14.494 14.494 14.494 14.494 14.496 14.483 14.493 14.483 14.493 14.499 14.499 14.499 14.493 14.499 14.499 14.492 14.499 14.496 14.496 14.496 14.482 14.483 14.483 14.478 14.484 14.497 14.499 14.478 14.481 14.481 14.479 14.498 14.498 14.498 14.498 14.500 14.497 14.486 14.496 14.496 14.496 14.496 14.488 14.500 14.488 14.497 14.487 14.487 14.487 14.487 14.500 14.485 14.499 14.486 14.499 14.495 14.499 14.499 14.497 14.488 14.488 14.496 14.489 14.484 14.484
14.495 14.484 14.493 14.498 14.493 14.481 14.481 14.494 14.494 14.493 14.493 14.493 14.493 14.497 14.499 14.499 14.499 14.500 14.499 14.499 14.499 14.499 14.492 14.496 14.492 14.496 14.483 14.496 14.496 14.478 14.497 14.497 14.478 14.478 14.500 14.498 14.498 14.498 14.500 14.500 14.497 14.500 14.486 14.486 14.496 14.499 14.499 14.500 14.488 14.497 14.488 14.488 14.494 14.487 14.487 14.487 14.485 14.485 14.487 14.499 14.499 14.499 14.495 14.488 14.488 14.488 14.496 14.498 14.487 14.500 14.492
14.481 14.481 14.498 14.492 14.492 14.497 14.494 14.499 14.499 14.500 14.499 14.499 14.499 14.499 14.499 14.499 14.498 14.492 14.499 14.499 14.499 14.499 14.492 14.492 14.500 14.498 14.498 14.483 14.483 14.483 14.478 14.481 14.481 14.481 14.478 14.497 14.498 14.498 14.500 14.489 14.485 14.495 14.482 14.482 14.488 14.483 14.499 14.496 14.500 14.487 14.486 14.500 14.500 14.500 14.500 14.487 14.487 14.478 14.496 14.487 14.499 14.498 14.499 14.488 14.495 14.484 14.487 14.480 14.500 14.500 14.500
14.481 14.481 14.481 14.481 14.493 14.493 14.482 14.482 14.492 14.482 14.493 14.498 14.498 14.500 14.500 14.476 14.498 14.491 14.474 14.474 14.498 14.499 14.495 14.489 14.498 14.489 14.495 14.495 14.496 14.477 14.496 14.499 14.478 14.497 14.496 14.500 14.499 14.499 14.500 14.488 14.485 14.485 14.499 14.498 14.499 14.486 14.487 14.500 14.500 14.496 14.500 14.498 14.486 14.486 14.500 14.500 14.500 14.498 14.499 14.487 14.487 14.496 14.495 14.483 14.495 14.487 14.499 14.499 14.500 14.497 14.496
14.494 14.494 14.500 14.492 14.493 14.500 14.500 14.497 14.492 14.498 14.481 14.496 14.498 14.498 14.474 14.496 14.491 14.492 14.496 14.481 14.499 14.495 14.499 14.498 14.495 14.499 14.499 14.499 14.499 14.485 14.499 14.480 14.497 14.497 14.500 14.499 14.500 14.497 14.499 14.488 14.500 14.499 14.497 14.499 14.499 14.499 14.498 14.500 14.500 14.498 14.495 14.498 14.498 14.500 14.485 14.485 14.500 14.498 14.493 14.487 14.496 14.500 14.487 14.494 14.487 14.498 14.499 14.485 14.490 14.485 14.486
14.491 14.491 14.498 14.492 14.493 14.492 14.492 14.497 14.492 14.498 14.498 14.492 14.498 14.475 14.493 14.474 14.496 14.491 14.491 14.498 14.494 14.499 14.494 14.498 14.499 14.499 14.499 14.500 14.498 14.499 14.499 14.500 14.496 14.490 14.500 14.496 14.499 14.497 14.500 14.500 14.500 14.498 14.499 14.499 14.499 14.499 14.496 14.499 14.498 14.498 14.500 14.500 14.493 14.485 14.477 14.493 14.487 14.487 14.487 14.500 14.494 14.494 14.494 14.494 14.500 14.498 14.498 14.485 14.497 14.485 14.485
14.491 14.491 14.499 14.491 14.498 14.492 14.492 14.492 14.492 14.497 14.498 14.499 14.473 14.473 14.493 14.491 14.495 14.491 14.497 14.499 14.499 14.499 14.499 14.499 14.499 14.498 14.499 14.499 14.499 14.499 14.500 14.495 14.495 14.498 14.499 14.495 14.500 14.498 14.499 14.499 14.500 14.499 14.498 14.499 14.499 14.498 14.499 14.485 14.499 14.500 14.499 14.500 14.500 14.497 14.497 14.489 14.486 14.497 14.499 14.499 14.494 14.494 14.494 14.494 14.500 14.498 14.500 14.485 14.485 14.498 14.489
14.490 14.491 14.497 14.497 14.491 14.498 14.491 14.492 14.497 14.497 14.497 14.492 14.473 14.493 14.493 14.495 14.491 14.500 14.499 14.496 14.499 14.476 14.499 14.499 14.498 14.498 14.499 14.499 14.499 14.500 14.495 14.499 14.498 14.496 14.498 14.483 14.483 14.499 14.499 14.499 14.500 14.500 14.499 14.497 14.499 14.499 14.496 14.499 14.497 14.499 14.499 14.500 14.500 14.486 14.492 14.492 14.496 14.496 14.499 14.498 14.493 14.497 14.494 14.494 14.498 14.485 14.500 14.500 14.500 14.479 14.499
14.490 14.490 14.491 14.496 14.497 14.497 14.498 14.495 14.497 14.497 14.499 14.499 14.495 14.498 14.495 14.498 14.488 14.496 14.498 14.498 14.499 14.499 14.480 14.498 14.498 14.498 14.494 14.494 14.499 14.499 14.500 14.495 14.498 14.484 14.497 14.498 14.499 14.499 14.479 14.499 14.499 14.499 14.497 14.497 14.499 14.496 14.498 14.500 14.499 14.499 14.499 14.499 14.490 14.500 14.492 14.484 14.485 14.485 14.485 14.493 14.499 14.497 14.499 14.496 14.485 14.484 14.484 14.484 14.497 14.497 14.499
14.491 14.490 14.490 14.500 14.497 14.498 14.497 14.496 14.498 14.496 14.495 14.495 14.495 14.495 14.495 14.495 14.495 14.495 14.500 14.498 14.498 14.498 14.498 14.497 14.497 14.498 14.493 14.499 14.493 14.494 14.494 14.494 14.500 14.496 14.497 14.487 14.498 14.500 14.498 14.499 14.499 14.496 14.496 14.496 14.500 14.496 14.499 14.496 14.496 14.499 14.499 14.500 14.500 14.500 14.500 14.484 14.484 14.500 14.485 14.500 14.496 14.499 14.500 14.500 14.496 14.484 14.484 14.484 14.500 14.500 14.499
14.490 14.489 14.489 14.491 14.494 14.497 14.496 14.496 14.498 14.499 14.496 14.498 14.480 14.494 14.495 14.495 14.495 14.495 14.496 14.497 14.498 14.499 14.500 14.480 14.497 14.484 14.500 14.499 14.500 14.498 14.494 14.498 14.496 14.498 14.498 14.483 14.500 14.498 14.498 14.496 14.496 14.496 14.496 14.496 14.495 14.495 14.499 14.493 14.500 14.498 14.500 14.498 14.500 14.500 14.484 14.484 14.484 14.500 14.499 14.500 14.499 14.499 14.500 14.499 14.483 14.498 14.496 14.480 14.499 14.498 14.489
14.479 14.490 14.490 14.498 14.499 14.496 14.496 14.498 14.489 14.499 14.497 14.489 14.494 14.474 14.494 14.494 14.499 14.495 14.498 14.495 14.499 14.494 14.496 14.499 14.492 14.480 14.499 14.500 14.499 14.500 14.500 14.493 14.496 14.496 14.499 14.497 14.497 14.498 14.496 14.496 14.496 14.496 14.492 14.496 14.495 14.499 14.495 14.495 14.488 14.500 14.500 14.498 14.500 14.500 14.499 14.497 14.498 14.499 14.499 14.499 14.499 14.499 14.500 14.500 14.500 14.499 14.478 14.491 14.499 14.489 14.489
14.489 14.497 14.499 14.494 14.489 14.496 14.496 14.500 14.499 14.499 14.496 14.499 14.496 14.495 14.493 14.493 14.493 14.495 14.494 14.495 14.494 14.499 14.486 14.499 14.480 14.500 14.498 14.498 14.498 14.500 14.499 14.500 14.496 14.499 14.496 14.496 14.496 14.495 14.495 14.495 14.496 14.495 14.499 14.499 14.498 14.499 14.499 14.495 14.497 14.500 14.500 14.497 14.497 14.498 14.496 14.499 14.498 14.499 14.499 14.499 14.499 14.499 14.500 14.500 14.479 14.497 14.482 14.488 14.498 14.498 14.497
14.499 14.498 14.499 14.499 14.493 14.497 14.499 14.499 14.499 14.479 14.491 14.479 14.500 14.493 14.491 14.494 14.498 14.494 14.485 14.500 14.495 14.495 14.479 14.497 14.500 14.498 14.498 14.498 14.498 14.498 14.498 14.499 14.498 14.498 14.496 14.493 14.495 14.499 14.498 14.495 14.500 14.498 14.495 14.498 14.483 14.482 14.494 14.495 14.499 14.496 14.496 14.496 14.495 14.498 14.498 14.498 14.497 14.500 14.498 14.499 14.499 14.499 14.500 14.499 14.499 14.498 14.482 14.488 14.495 14.489 14.483
14.499 14.498 14.499 14.499 14.493 14.498 14.493 14.473 14.499 14.492 14.479 14.490 14.493 14.493 14.495 14.497 14.496 14.485 14.497 14.500 14.500 14.479 14.499 14.479 14.497 14.500 14.497 14.497 14.497 14.499 14.481 14.497 14.500 14.478 14.495 14.499 14.494 14.499 14.498 14.498 14.498 14.498 14.497 14.498 14.500 14.494 14.494 14.499 14.500 14.496 14.500 14.495 14.497 14.498 14.498 14.495 14.491 14.495 14.498 14.499 14.498 14.499 14.499 14.499 14.499 14.499 14.488 14.494 14.488 14.499 14.500
14.497 14.498 14.497 14.495 14.498 14.499 14.499 14.492 14.492 14.492 14.479 14.479 14.493 14.493 14.493 14.499 14.493 14.500 14.498 14.493 14.479 14.479 14.498 14.497 14.491 14.497 14.497 14.497 14.499 14.497 14.496 14.500 14.500 14.499 14.499 14.499 14.499 14.499 14.499 14.498 14.499 14.498 14.497 14.497 14.481 14.493 14.500 14.500 14.500 14.494 14.494 14.494 14.498 14.483 14.500 14.494 14.491 14.496 14.498 14.498 14.498 14.498 14.498 14.498 14.499 14.487 14.492 14.487 14.500 14.498 14.486
14.499 14.487 14.498 14.495 14.498 14.472 14.478 14.500 14.478 14.490 14.490 14.492 14.496 14.497 14.498 14.499 14.495 14.496 14.497 14.496 14.497 14.479 14.479 14.495 14.495 14.497 14.497 14.497 14.497 14.496 14.496 14.500 14.497 14.499 14.499 14.499 14.499 14.499 14.499 14.498 14.498 14.498 14.498 14.497 14.498 14.498 14.499 14.500 14.500 14.494 14.494 14.493 14.494 14.499 14.500 14.500 14.496 14.500 14.499 14.498 14.500 14.498 14.498 14.492 14.498 14.498 14.487 14.500 14.497 14.486 14.486
14.496 14.487 14.498 14.497 14.497 14.497 14.499 14.491 14.490 14.490 14.496 14.496 14.473 14.498 14.496 14.498 14.497 14.496 14.498 14.499 14.499 14.497 14.495 14.495 14.497 14.498 14.491 14.498 14.496 14.500 14.499 14.493 14.497 14.493 14.497 14.497 14.499 14.499 14.480 14.500 14.490 14.498 14.481 14.498 14.499 14.499 14.499 14.497 14.497 14.493 14.493 14.494 14.493 14.499 14.494 14.498 14.499 14.499 14.497 14.500 14.498 14.499 14.499 14.487 14.498 14.499 14.487 14.485 14.485 14.485 14.485
14.497 14.498 14.498 14.495 14.495 14.495 14.476 14.497 14.498 14.491 14.498 14.497 14.497 14.496 14.499 14.500 14.496 14.499 14.498 14.499 14.498 14.498 14.496 14.498 14.493 14.482 14.499 14.491 14.499 14.500 14.497 14.492 14.493 14.493 14.497 14.498 14.495 14.499 14.497 14.480 14.480 14.498 14.497 14.498 14.499 14.499 14.499 14.499 14.493 14.492 14.492 14.499 14.498 14.497 14.498 14.499 14.499 14.497 14.498 14.499 14.493 14.478 14.494 14.486 14.486 14.486 14.500 14.500 14.500 14.499 14.485
14.471 14.497 14.497 14.495 14.495 14.497 14.496 14.496 14.496 14.497 14.497 14.497 14.497 14.499 14.495 14.499 14.498 14.498 14.492 14.498 14.496 14.498 14.493 14.496 14.499 14.499 14.496 14.499 14.499 14.498 14.492 14.492 14.492 14.492 14.499 14.496 14.499 14.494 14.494 14.480 14.492 14.497 14.496 14.498 14.490 14.498 14.499 14.493 14.481 14.492 14.498 14.498 14.498 14.497 14.500 14.498 14.497 14.497 14.497 14.500 14.490 14.500 14.485 14.486 14.485 14.484 14.484 14.500 14.484 14.484 14.485
14.498 14.496 14.495 14.499 14.498 14.495 14.493 14.486 14.497 14.497 14.497 14.483 14.498 14.494 14.496 14.499 14.498 14.497 14.496 14.493 14.493 14.496 14.483 14.498 14.492 14.492 14.498 14.499 14.499 14.491 14.498 14.491 14.498 14.494 14.480 14.498 14.498 14.493 14.499 14.498 14.497 14.497 14.496 14.498 14.499 14.499 14.480 14.480 14.492 14.497 14.498 14.498 14.499 14.497 14.498 14.494 14.497 14.490 14.490 14.490 14.486 14.500 14.485 14.484 14.484 14.484 14.484 14.499 14.499 14.499 14.489
14.488 14.495 14.499 14.498 14.495 14.495 14.497 14.495 14.496 14.496 14.495 14.483 14.490 14.495 14.499 14.499 14.499 14.499 14.495 14.499 14.496 14.496 14.496 14.499 14.496 14.497 14.491 14.496 14.491 14.491 14.492 14.492 14.492 14.483 14.479 14.498 14.498 14.496 14.496 14.497 14.497 14.497 14.496 14.489 14.480 14.480 14.480 14.498 14.490 14.497 14.498 14.496 14.498 14.498 14.489 14.494 14.497 14.499 14.477 14.485 14.485 14.485 14.483 14.484 14.484 14.484 14.484 14.500 14.499 14.500 14.483
14.497 14.497 14.499 14.498 14.496 14.491 14.495 14.496 14.496 14.495 14.483 14.483 14.494 14.494 14.498 14.497 14.498 14.497 14.497 14.498 14.497 14.498 14.498 14.499 14.498 14.499 14.499 14.491 14.491 14.491 14.489 14.499 14.499 14.483 14.498 14.498 14.498 14.498 14.497 14.497 14.497 14.499 14.497 14.499 14.496 14.491 14.498 14.490 14.498 14.498 14.476 14.496 14.492 14.498 14.495 14.489 14.489 14.486 14.486 14.499 14.483 14.485 14.498 14.499 14.499 14.499 14.499 14.499 14.499 14.483 14.483
14.497 14.499 14.497 14.497 14.484 14.496 14.495 14.495 14.484 14.495 14.496 14.488 14.495 14.497 14.497 14.498 14.494 14.498 14.496 14.498 14.498 14.498 14.497 14.497 14.498 14.498 14.496 14.491 14.496 14.496 14.499 14.479 14.494 14.497 14.497 14.498 14.498 14.497 14.496 14.497 14.496 14.496 14.496 14.496 14.497 14.496 14.498 14.499 14.498 14.498 14.500 14.498 14.499 14.498 14.499 14.483 14.485 14.483 14.483 14.483 14.483 14.497 14.498 14.499 14.499 14.499 14.483 14.483 14.499 14.483 14.492
14.497 14.497 14.495 14.496 14.484 14.484 14.484 14.484 14.496 14.498 14.498 14.488 14.494 14.497 14.497 14.496 14.482 14.497 14.497 14.497 14.498 14.498 14.497 14.497 14.496 14.489 14.487 14.471 14.498 14.489 14.492 14.498 14.493 14.500 14.483 14.497 14.496 14.496 14.499 14.496 14.500 14.495 14.496 14.495 14.496 14.489 14.489 14.498 14.499 14.498 14.499 14.496 14.499 14.493 14.498 14.483 14.483 14.483 14.483 14.483 14.497 14.499 14.482 14.499 14.482 14.482 14.500 14.500 14.499 14.488 14.499
14.496 14.484 14.496 14.496 14.489 14.496 14.495 14.496 14.496 14.498 14.494 14.498 14.496 14.497 14.497 14.497 14.497 14.497 14.497 14.495 14.498 14.497 14.497 14.489 14.489 14.489 14.494 14.489 14.498 14.497 14.500 14.497 14.497 14.498 14.498 14.476 14.495 14.496 14.496 14.496 14.497 14.493 14.499 14.495 14.495 14.478 14.500 14.475 14.496 14.497 14.487 14.498 14.496 14.485 14.499 14.483 14.483 14.483 14.482 14.498 14.482 14.482 14.482 14.482 14.482 14.497 14.498 14.498 14.491 14.488 14.488
14.483 14.483 14.483 14.489 14.494 14.495 14.494 14.496 14.496 14.496 14.497 14.481 14.481 14.496 14.496 14.496 14.496 14.495 14.489 14.489 14.496 14.495 14.489 14.489 14.489 14.489 14.489 14.486 14.499 14.500 14.485 14.486 14.486 14.497 14.498 14.498 14.497 14.494 14.498 14.496 14.496 14.499 14.499 14.490 14.498 14.498 14.499 14.497 14.487 14.497 14.487 14.487 14.482 14.485 14.482 14.482 14.482 14.478 14.497 14.498 14.481 14.482 14.482 14.484 14.499 14.485 14.496 14.497 14.488 14.500 14.481
14.485 14.483 14.494 14.489 14.494 14.495 14.497 14.494 14.492 14.496 14.496 14.496 14.497 14.496 14.494 14.498 14.495 14.500 14.497 14.489 14.496 14.495 14.489 14.489 14.489 14.489 14.496 14.489 14.497 14.499 14.496 14.496 14.497 14.495 14.497 14.498 14.493 14.499 14.482 14.477 14.477 14.499 14.478 14.500 14.498 14.495 14.499 14.500 14.497 14.500 14.487 14.483 14.484 14.482 14.499 14.482 14.500 14.497 14.497 14.481 14.481 14.496 14.494 14.500 14.497 14.498 14.491 14.496 14.481 14.500 14.481
14.494 14.494 14.494 14.499 14.496 14.496 14.497 14.494 14.480 14.487 14.496 14.496 14.489 14.498 14.494 14.496 14.494 14.495 14.494 14.495 14.488 14.488 14.488 14.489 14.489 14.498 14.495 14.500 14.497 14.495 14.481 14.484 14.499 14.495 14.497 14.497 14.490 14.477 14.482 14.477 14.477 14.477 14.499 14.499 14.496 14.496 14.498 14.496 14.496 14.486 14.498 14.499 14.481 14.499 14.487 14.499 14.500 14.497 14.500 14.480 14.496 14.499 14.491 14.498 14.496 14.498 14.487 14.494 14.480 14.481 14.481
14.494 14.494 14.494 14.492 14.496 14.496 14.496 14.496 14.500 14.496 14.487 14.487 14.496 14.493 14.498 14.494 14.495 14.495 14.495 14.469 14.497 14.488 14.488 14.499 14.488 14.497 14.495 14.485 14.497 14.483 14.495 14.494 14.495 14.494 14.496 14.496 14.482 14.496 14.477 14.477 14.477 14.493 14.494 14.497 14.497 14.483 14.496 14.496 14.498 14.483 14.481 14.482 14.481 14.498 14.480 14.480 14.499 14.481 14.481 14.491 14.491 14.498 14.498 14.500 14.498 14.487 14.500 14.480 14.480 14.484 14.484
14.493 14.493 14.488 14.492 14.496 14.488 14.495 14.495 14.495 14.495 14.496 14.498 14.492 14.495 14.492 14.492 14.495 14.495 14.494 14.494 14.488 14.488 14.496 14.488 14.488 14.484 14.495 14.494 14.499 14.494 14.494 14.495 14.495 14.482 14.476 14.489 14.484 14.497 14.488 14.497 14.498 14.500 14.500 14.491 14.500 14.496 14.496 14.497 14.495 14.480 14.498 14.481 14.497 14.497 14.480 14.498 14.498 14.480 14.498 14.500 14.499 14.498 14.498 14.477 14.498 14.496 14.486 14.499 14.499 14.484 14.484
14.469 14.496 14.493 14.500 14.494 14.494 14.480 14.480 14.495 14.487 14.496 14.496 14.497 14.494 14.497 14.492 14.494 14.495 14.497 14.494 14.494 14.494 14.488 14.488 14.488 14.488 14.495 14.494 14.500 14.483 14.496 14.495 14.476 14.480 14.476 14.476 14.482 14.497 14.477 14.497 14.500 14.500 14.500 14.500 14.497 14.496 14.493 14.493 14.497 14.498 14.498 14.499 14.496 14.480 14.480 14.498 14.480 14.500 14.499 14.500 14.499 14.479 14.479 14.497 14.480 14.480 14.486 14.499 14.499 14.484 14.484
