includes/lisflood/oleron/results_R2_t1.56079001071E12/res.maxtm
ncols         631
nrows         906
xllcorner     364927.146667
yllcorner     6531972.565556
cellsize      20.000000
NODATA_value  -9999.000000
[rows 416 to 447 of 906, columns 284 to 354 of 631]
14.438 14.439 14.434 14.440 14.439 14.440 14.444 14.443 14.443 14.440 14.442 14.429 14.439 14.441 14.432 14.432 14.432 14.432 14.432 14.432 14.434 14.437 14.436 14.435 14.435 14.434 14.435 14.434 14.434 14.434 14.434 14.435 14.435 14.436 14.436 14.441 14.441 14.441 14.436 14.435 14.440 14.436 14.436 14.444 14.441 14.443 14.445 14.436 14.436 14.436 14.446 14.437 14.437 14.446 14.447 14.436 14.438 14.446 14.446 14.446 14.437 14.438 14.445 14.445 14.438 14.442 14.447 14.448 14.448 14.439 14.439
14.438 14.438 14.435 14.439 14.440 14.441 14.440 14.438 14.430 14.428 14.431 14.434 14.434 14.434 14.431 14.432 14.432 14.433 14.437 14.438 14.438 14.434 14.435 14.435 14.435 14.439 14.439 14.434 14.434 14.436 14.436 14.436 14.432 14.432 14.443 14.441 14.441 14.441 14.436 14.435 14.435 14.436 14.435 14.435 14.435 14.435 14.443 14.442 14.436 14.436 14.436 14.436 14.437 14.447 14.444 14.437 14.437 14.438 14.438 14.444 14.444 14.437 14.441 14.449 14.441 14.435 14.435 14.447 14.448 14.439 14.439
14.438 14.430 14.438 14.439 14.441 14.430 14.430 14.430 14.430 14.440 14.446 14.441 14.430 14.431 14.431 14.431 14.437 14.431 14.435 14.435 14.435 14.434 14.434 14.433 14.433 14.439 14.433 14.434 14.436 14.436 14.435 14.435 14.442 14.435 14.443 14.441 14.434 14.438 14.438 14.436 14.434 14.435 14.435 14.435 14.435 14.434 14.435 14.442 14.436 14.436 14.436 14.436 14.443 14.447 14.444 14.437 14.437 14.435 14.444 14.444 14.444 14.437 14.448 14.448 14.449 14.446 14.438 14.452 14.438 14.439 14.439
14.430 14.437 14.429 14.429 14.429 14.430 14.430 14.430 14.430 14.445 14.440 14.431 14.431 14.431 14.431 14.431 14.448 14.435 14.434 14.434 14.444 14.434 14.433 14.433 14.438 14.433 14.433 14.433 14.436 14.434 14.434 14.434 14.442 14.440 14.441 14.443 14.438 14.438 14.435 14.436 14.434 14.434 14.435 14.435 14.435 14.434 14.434 14.436 14.435 14.436 14.435 14.435 14.443 14.437 14.437 14.437 14.437 14.436 14.435 14.435 14.448 14.448 14.448 14.445 14.441 14.438 14.438 14.446 14.438 14.438 14.439
14.437 14.429 14.429 14.429 14.429 14.429 14.430 14.433 14.433 14.446 14.433 14.431 14.431 14.431 14.431 14.430 14.434 14.439 14.442 14.437 14.432 14.438 14.438 14.433 14.433 14.435 14.433 14.433 14.433 14.441 14.442 14.440 14.446 14.442 14.437 14.437 14.434 14.434 14.434 14.434 14.434 14.434 14.434 14.439 14.439 14.435 14.435 14.435 14.436 14.435 14.435 14.442 14.443 14.445 14.437 14.447 14.436 14.436 14.436 14.435 14.445 14.445 14.445 14.443 14.448 14.438 14.446 14.446 14.446 14.438 14.438
14.437 14.429 14.438 14.429 14.439 14.432 14.432 14.432 14.447 14.432 14.432 14.430 14.431 14.431 14.433 14.430 14.430 14.436 14.437 14.437 14.433 14.432 14.432 14.433 14.433 14.433 14.435 14.433 14.441 14.441 14.442 14.442 14.442 14.433 14.433 14.433 14.433 14.434 14.434 14.434 14.434 14.439 14.439 14.434 14.435 14.434 14.435 14.435 14.434 14.443 14.435 14.435 14.438 14.443 14.435 14.436 14.436 14.436 14.436 14.444 14.444 14.441 14.441 14.441 14.445 14.446 14.446 14.446 14.438 14.438 14.438
14.438 14.435 14.429 14.429 14.429 14.432 14.432 14.439 14.431 14.432 14.432 14.430 14.430 14.431 14.429 14.433 14.428 14.441 14.432 14.442 14.433 14.438 14.438 14.432 14.433 14.433 14.433 14.433 14.441 14.441 14.438 14.438 14.433 14.433 14.433 14.433 14.433 14.433 14.433 14.434 14.441 14.439 14.439 14.443 14.434 14.443 14.434 14.441 14.434 14.434 14.438 14.436 14.436 14.435 14.435 14.435 14.436 14.436 14.444 14.444 14.440 14.440 14.445 14.445 14.445 14.437 14.438 14.438 14.446 14.438 14.435
14.435 14.435 14.429 14.429 14.432 14.438 14.438 14.438 14.431 14.431 14.432 14.430 14.429 14.429 14.429 14.432 14.440 14.432 14.432 14.432 14.438 14.438 14.438 14.432 14.432 14.430 14.430 14.435 14.441 14.437 14.434 14.434 14.433 14.433 14.433 14.433 14.433 14.433 14.433 14.441 14.434 14.433 14.433 14.434 14.434 14.434 14.434 14.434 14.433 14.438 14.438 14.436 14.435 14.435 14.435 14.435 14.435 14.434 14.434 14.440 14.440 14.445 14.445 14.437 14.437 14.445 14.437 14.438 14.438 14.435 14.448
14.434 14.431 14.431 14.431 14.438 14.438 14.431 14.431 14.433 14.430 14.429 14.430 14.429 14.429 14.438 14.432 14.440 14.432 14.432 14.439 14.437 14.431 14.432 14.432 14.446 14.440 14.440 14.441 14.437 14.432 14.434 14.432 14.432 14.433 14.433 14.433 14.433 14.433 14.441 14.433 14.440 14.440 14.442 14.434 14.434 14.433 14.434 14.434 14.437 14.433 14.433 14.435 14.435 14.435 14.435 14.435 14.434 14.437 14.434 14.444 14.435 14.436 14.437 14.434 14.437 14.437 14.437 14.449 14.434 14.434 14.440
14.431 14.431 14.431 14.438 14.438 14.430 14.431 14.432 14.429 14.430 14.430 14.429 14.430 14.431 14.430 14.431 14.431 14.430 14.437 14.437 14.434 14.432 14.444 14.445 14.429 14.440 14.434 14.431 14.448 14.433 14.434 14.432 14.432 14.432 14.433 14.433 14.433 14.440 14.441 14.433 14.440 14.440 14.434 14.434 14.433 14.433 14.433 14.434 14.433 14.433 14.433 14.434 14.435 14.435 14.435 14.434 14.434 14.434 14.434 14.433 14.444 14.433 14.445 14.437 14.449 14.437 14.434 14.439 14.434 14.434 14.434
14.431 14.431 14.428 14.430 14.429 14.429 14.429 14.429 14.433 14.429 14.430 14.430 14.430 14.441 14.430 14.436 14.431 14.437 14.433 14.430 14.430 14.430 14.444 14.430 14.431 14.439 14.434 14.431 14.431 14.438 14.433 14.432 14.432 14.432 14.432 14.433 14.433 14.433 14.433 14.441 14.442 14.442 14.434 14.433 14.433 14.433 14.433 14.432 14.433 14.448 14.434 14.434 14.434 14.435 14.433 14.433 14.434 14.434 14.434 14.433 14.446 14.438 14.433 14.445 14.433 14.439 14.434 14.434 14.434 14.434 14.434
14.435 14.434 14.428 14.428 14.432 14.429 14.427 14.429 14.429 14.429 14.429 14.430 14.430 14.430 14.430 14.440 14.429 14.429 14.433 14.430 14.444 14.430 14.430 14.430 14.430 14.433 14.433 14.437 14.433 14.433 14.430 14.431 14.432 14.442 14.432 14.432 14.433 14.433 14.443 14.441 14.433 14.433 14.433 14.433 14.433 14.433 14.433 14.432 14.432 14.434 14.434 14.434 14.434 14.449 14.443 14.433 14.433 14.432 14.434 14.432 14.433 14.444 14.433 14.399 14.433 14.433 14.433 14.434 14.434 14.434 14.434
14.428 14.433 14.428 14.430 14.430 14.429 14.429 14.427 14.429 14.429 14.429 14.429 14.438 14.440 14.436 14.440 14.429 14.433 14.433 14.430 14.430 14.430 14.430 14.430 14.430 14.432 14.431 14.433 14.430 14.430 14.430 14.432 14.442 14.432 14.432 14.432 14.432 14.437 14.431 14.433 14.433 14.432 14.432 14.433 14.433 14.432 14.432 14.432 14.433 14.434 14.434 14.434 14.433 14.433 14.433 14.433 14.432 14.435 14.436 14.434 14.446 14.433 14.433 14.433 14.433 14.433 14.433 14.433 14.434 14.434 14.434
14.431 14.428 14.428 14.430 14.430 14.428 14.429 14.429 14.429 14.429 14.429 14.437 14.438 14.429 14.438 14.429 14.429 14.429 14.429 14.429 14.430 14.430 14.432 14.432 14.436 14.430 14.432 14.432 14.433 14.430 14.431 14.442 14.432 14.432 14.432 14.432 14.432 14.445 14.446 14.433 14.432 14.432 14.432 14.432 14.431 14.433 14.433 14.433 14.433 14.433 14.434 14.433 14.433 14.433 14.433 14.433 14.435 14.435 14.435 14.436 14.438 14.432 14.433 14.433 14.433 14.433 14.433 14.433 14.433 14.434 14.434
14.431 14.429 14.429 14.428 14.428 14.428 14.428 14.429 14.429 14.429 14.426 14.426 14.428 14.428 14.429 14.438 14.429 14.429 14.429 14.429 14.429 14.430 14.432 14.436 14.429 14.429 14.429 14.429 14.431 14.430 14.441 14.431 14.432 14.432 14.432 14.432 14.432 14.432 14.430 14.432 14.432 14.432 14.432 14.432 14.431 14.433 14.433 14.430 14.433 14.432 14.432 14.432 14.432 14.433 14.433 14.433 14.435 14.435 14.432 14.432 14.432 14.432 14.432 14.433 14.433 14.433 14.433 14.433 14.433 14.433 14.434
14.427 14.428 14.435 14.425 14.425 14.428 14.428 14.428 14.429 14.429 14.437 14.428 14.428 14.438 14.428 14.429 14.429 14.429 14.441 14.429 14.429 14.431 14.432 14.430 14.429 14.429 14.429 14.429 14.429 14.431 14.431 14.431 14.431 14.432 14.432 14.432 14.432 14.432 14.431 14.432 14.432 14.432 14.432 14.431 14.431 14.430 14.431 14.432 14.430 14.432 14.432 14.432 14.432 14.432 14.433 14.433 14.435 14.432 14.432 14.432 14.432 14.432 14.432 14.432 14.433 14.433 14.433 14.433 14.433 14.433 14.433
14.430 14.435 14.425 14.425 14.428 14.428 14.428 14.428 14.436 14.437 14.437 14.437 14.437 14.428 14.428 14.428 14.429 14.441 14.429 14.429 14.429 14.429 14.429 14.430 14.429 14.429 14.430 14.429 14.429 14.429 14.431 14.431 14.431 14.431 14.432 14.439 14.432 14.431 14.431 14.431 14.432 14.432 14.432 14.431 14.429 14.431 14.431 14.433 14.432 14.432 14.432 14.432 14.432 14.432 14.431 14.431 14.433 14.433 14.433 14.432 14.432 14.432 14.432 14.432 14.432 14.433 14.433 14.433 14.433 14.433 14.433
14.424 14.428 14.425 14.428 14.428 14.428 14.432 14.437 14.437 14.425 14.426 14.437 14.437 14.428 14.428 14.446 14.428 14.440 14.431 14.429 14.429 14.429 14.429 14.428 14.429 14.429 14.429 14.432 14.431 14.431 14.431 14.431 14.440 14.429 14.429 14.429 14.441 14.431 14.431 14.431 14.431 14.430 14.430 14.434 14.429 14.431 14.431 14.431 14.432 14.432 14.432 14.434 14.432 14.432 14.431 14.433 14.431 14.431 14.431 14.432 14.432 14.432 14.432 14.432 14.432 14.432 14.433 14.433 14.433 14.433 14.433
14.424 14.424 14.424 14.427 14.436 14.436 14.436 14.427 14.427 14.427 14.427 14.427 14.428 14.428 14.428 14.427 14.427 14.430 14.430 14.429 14.429 14.437 14.429 14.428 14.428 14.429 14.429 14.429 14.430 14.431 14.431 14.431 14.430 14.429 14.429 14.429 14.443 14.431 14.431 14.431 14.431 14.429 14.430 14.430 14.443 14.431 14.431 14.434 14.431 14.432 14.432 14.432 14.432 14.434 14.431 14.431 14.433 14.431 14.431 14.431 14.432 14.432 14.432 14.432 14.432 14.432 14.432 14.433 14.433 14.433 14.436
14.424 14.424 14.424 14.426 14.424 14.436 14.434 14.427 14.391 14.427 14.441 14.427 14.427 14.428 14.427 14.427 14.428 14.428 14.428 14.439 14.429 14.428 14.428 14.428 14.428 14.428 14.429 14.430 14.429 14.433 14.438 14.428 14.438 14.429 14.429 14.430 14.430 14.431 14.431 14.431 14.431 14.430 14.430 14.429 14.431 14.431 14.431 14.431 14.433 14.431 14.432 14.432 14.432 14.430 14.430 14.431 14.431 14.431 14.431 14.431 14.431 14.432 14.432 14.432 14.432 14.432 14.432 14.432 14.433 14.433 14.433
14.433 14.424 14.426 14.426 14.426 14.426 14.436 14.426 14.436 14.437 14.427 14.441 14.427 14.427 14.428 14.428 14.428 14.430 14.428 14.428 14.429 14.429 14.428 14.428 14.428 14.428 14.427 14.432 14.433 14.429 14.441 14.428 14.428 14.429 14.427 14.430 14.430 14.431 14.442 14.430 14.430 14.428 14.430 14.430 14.430 14.431 14.431 14.431 14.431 14.431 14.431 14.432 14.430 14.430 14.430 14.430 14.397 14.431 14.431 14.431 14.431 14.431 14.432 14.432 14.432 14.432 14.432 14.432 14.432 14.433 14.433
14.425 14.425 14.425 14.426 14.426 14.436 14.436 14.425 14.425 14.426 14.426 14.426 14.427 14.427 14.426 14.430 14.430 14.428 14.434 14.435 14.429 14.427 14.428 14.428 14.428 14.428 14.432 14.432 14.432 14.429 14.429 14.427 14.444 14.434 14.427 14.432 14.430 14.429 14.428 14.429 14.430 14.428 14.432 14.430 14.430 14.430 14.431 14.431 14.431 14.431 14.430 14.430 14.430 14.430 14.430 14.430 14.430 14.431 14.431 14.431 14.431 14.434 14.431 14.432 14.432 14.432 14.432 14.432 14.432 14.432 14.432
14.425 14.425 14.425 14.425 14.433 14.436 14.426 14.440 14.425 14.425 14.425 14.427 14.427 14.427 14.427 14.428 14.428 14.432 14.434 14.434 14.427 14.427 14.427 14.428 14.428 14.428 14.432 14.428 14.429 14.428 14.428 14.433 14.433 14.427 14.444 14.427 14.430 14.427 14.429 14.429 14.429 14.428 14.428 14.430 14.430 14.430 14.430 14.431 14.431 14.431 14.433 14.430 14.430 14.430 14.430 14.434 14.430 14.430 14.431 14.431 14.433 14.434 14.431 14.431 14.432 14.432 14.432 14.432 14.435 14.432 14.432
14.425 14.425 14.425 14.425 14.425 14.440 14.425 14.440 14.425 14.425 14.427 14.425 14.441 14.426 14.426 14.427 14.428 14.425 14.428 14.429 14.427 14.427 14.427 14.428 14.431 14.428 14.428 14.428 14.428 14.427 14.433 14.433 14.427 14.428 14.431 14.427 14.427 14.427 14.429 14.431 14.431 14.430 14.428 14.430 14.430 14.434 14.430 14.429 14.433 14.429 14.429 14.429 14.430 14.430 14.442 14.430 14.430 14.430 14.430 14.433 14.433 14.431 14.431 14.431 14.431 14.431 14.432 14.432 14.432 14.432 14.432
14.425 14.425 14.425 14.425 14.433 14.433 14.425 14.425 14.425 14.425 14.427 14.425 14.425 14.436 14.441 14.441 14.434 14.426 14.428 14.428 14.429 14.429 14.427 14.431 14.428 14.428 14.428 14.428 14.432 14.427 14.433 14.426 14.428 14.428 14.428 14.427 14.428 14.429 14.431 14.427 14.428 14.429 14.430 14.430 14.428 14.430 14.428 14.429 14.429 14.429 14.429 14.429 14.441 14.430 14.430 14.430 14.430 14.430 14.430 14.430 14.433 14.433 14.431 14.431 14.431 14.431 14.431 14.432 14.432 14.432 14.432
14.425 14.425 14.431 14.433 14.424 14.424 14.424 14.425 14.425 14.425 14.426 14.437 14.425 14.425 14.440 14.440 14.428 14.428 14.428 14.428 14.427 14.427 14.426 14.427 14.427 14.428 14.427 14.432 14.427 14.427 14.437 14.426 14.429 14.428 14.428 14.428 14.428 14.430 14.427 14.427 14.429 14.428 14.440 14.432 14.430 14.428 14.428 14.428 14.429 14.429 14.429 14.429 14.429 14.429 14.430 14.430 14.430 14.430 14.430 14.433 14.430 14.431 14.431 14.431 14.431 14.431 14.434 14.431 14.432 14.432 14.432
14.424 14.425 14.425 14.440 14.424 14.424 14.424 14.424 14.425 14.426 14.434 14.434 14.425 14.443 14.435 14.427 14.428 14.428 14.428 14.430 14.425 14.426 14.426 14.427 14.427 14.426 14.427 14.427 14.427 14.427 14.427 14.427 14.428 14.428 14.426 14.428 14.427 14.427 14.427 14.427 14.393 14.427 14.428 14.428 14.428 14.432 14.428 14.428 14.428 14.429 14.429 14.429 14.429 14.429 14.429 14.430 14.430 14.430 14.430 14.430 14.430 14.430 14.431 14.431 14.431 14.431 14.431 14.431 14.431 14.450 14.450
14.432 14.425 14.425 14.425 14.424 14.424 14.424 14.426 14.424 14.425 14.425 14.425 14.425 14.427 14.427 14.427 14.428 14.425 14.425 14.430 14.425 14.427 14.426 14.425 14.425 14.427 14.426 14.427 14.427 14.439 14.427 14.427 14.431 14.426 14.430 14.426 14.428 14.427 14.439 14.427 14.427 14.427 14.431 14.428 14.428 14.430 14.430 14.432 14.428 14.429 14.429 14.429 14.429 14.395 14.429 14.429 14.430 14.430 14.430 14.430 14.430 14.430 14.430 14.430 14.431 14.431 14.431 14.450 14.450 14.450 14.431
14.435 14.424 14.427 14.424 14.424 14.424 14.424 14.424 14.424 14.425 14.425 14.425 14.427 14.427 14.427 14.426 14.426 14.430 14.426 14.425 14.428 14.425 14.427 14.426 14.425 14.426 14.426 14.433 14.436 14.427 14.427 14.427 14.427 14.426 14.426 14.426 14.426 14.439 14.427 14.427 14.431 14.427 14.427 14.427 14.430 14.428 14.428 14.428 14.428 14.428 14.429 14.431 14.429 14.429 14.429 14.429 14.429 14.430 14.430 14.430 14.430 14.430 14.430 14.430 14.430 14.431 14.431 14.449 14.450 14.431 14.336
14.431 14.422 14.422 14.423 14.424 14.424 14.425 14.424 14.424 14.424 14.425 14.425 14.427 14.427 14.427 14.425 14.426 14.426 14.425 14.428 14.425 14.426 14.425 14.426 14.429 14.429 14.426 14.430 14.430 14.427 14.427 14.425 14.426 14.426 14.426 14.426 14.438 14.426 14.430 14.427 14.427 14.429 14.429 14.429 14.427 14.428 14.428 14.428 14.428 14.428 14.394 14.429 14.429 14.429 14.429 14.429 14.429 14.429 14.445 14.446 14.430 14.430 14.430 14.430 14.430 14.430 14.431 14.397 14.431 14.449 14.398
14.423 14.423 14.423 14.423 14.423 14.424 14.424 14.424 14.435 14.424 14.424 14.426 14.425 14.425 14.425 14.425 14.424 14.428 14.428 14.428 14.426 14.424 14.424 14.429 14.429 14.429 14.429 14.426 14.426 14.425 14.425 14.425 14.425 14.426 14.426 14.426 14.430 14.426 14.426 14.427 14.429 14.429 14.427 14.429 14.427 14.427 14.428 14.442 14.428 14.428 14.431 14.443 14.429 14.429 14.429 14.429 14.429 14.429 14.429 14.429 14.430 14.430 14.430 14.430 14.430 14.430 14.430 14.397 14.445 14.443 14.448
14.421 14.423 14.423 14.423 14.423 14.423 14.424 14.426 14.426 14.424 14.424 14.424 14.425 14.424 14.425 14.427 14.427 14.426 14.425 14.442 14.425 14.425 14.429 14.429 14.429 14.426 14.424 14.425 14.425 14.425 14.425 14.425 14.429 14.425 14.426 14.426 14.426 14.426 14.428 14.426 14.427 14.429 14.427 14.427 14.429 14.427 14.427 14.428 14.428 14.428 14.428 14.429 14.430 14.429 14.429 14.431 14.440 14.440 14.429 14.429 14.429 14.430 14.445 14.446 14.396 14.396 14.397 14.397 14.448 14.445 14.400
