includes/camargue/floodfiles/inputs/camargue_dem_R3_t1.562344836599E12.asc
ncols         906
nrows         631
xllcorner     362177.14666668
yllcorner     6534725.6880196
cellsize      20
NODATA_value  -9999
[rows 0 to 37 of 631, columns 595 to 679 of 906]
-9999.0 -9999.0 -9999.0 -9999.0 -9999.0 4.576 4.38 4.87 4.79 4.79 5.34 6.03 9.38 8.89 8.24 7.39 7.07 4.87 4.19 4.08 4.19 4.11 4.18 4.41 3.83 4.13 4.13 4.31 4.23 4.37 4.14 4.15 4.37 4.09 4.2 4.08 3.95 3.9 3.5 3.47 3.56 3.38 3.38 3.56 3.47 3.41 3.34 3.42 3.6 3.75 3.22 3.25 3.6 3.83 3.78 3.63 4.43 4.03 4.03 3.63 3.68 3.82 4.41 3.92 4.12 4.26 4.1 4.09 4.25 4.47 4.48 4.57 4.46 4.78 4.78 5.01 5.07 5.3 5.57 5.79 5.92 5.99 5.98 6.14 6.01
-9999.0 -9999.0 -9999.0 -9999.0 -9999.0 -9999.0 4.489 4.77 4.82 4.82 5.72 8.22 8.98 8.47 6.95 6.29 5.66 4.29 4.56 4.09 4.07 4.2 4.15 3.93 4.1 4.25 4.25 4.44 4.39 4.22 4.35 4.22 4.09 4.32 3.93 3.88 3.74 3.82 3.79 3.64 3.71 3.53 3.53 3.32 3.4 3.24 3.37 3.34 3.2 3.32 3.26 3.49 3.56 4.16 4.47 3.93 3.68 3.99 3.99 3.61 3.66 3.69 3.9 4.44 4.21 4.1 4.16 4.16 4.57 4.57 4.34 4.66 4.72 4.88 4.88 4.99 5.24 5.48 5.65 5.69 5.92 5.99 6.05 6.0 5.84
-9999.0 -9999.0 -9999.0 -9999.0 -9999.0 -9999.0 -9999.0 4.657 5.12 5.12 8.6 8.59 8.47 7.49 6.75 5.42 4.56 3.92 4.1 3.97 4.12 4.26 4.03 4.06 4.19 4.15 4.15 4.39 4.3 4.39 4.36 4.3 3.93 4.06 4.07 3.84 3.86 3.88 3.48 3.5 3.55 3.5 3.5 3.43 3.04 3.28 3.14 3.2 3.01 3.16 3.46 3.69 3.77 4.24 3.52 3.6 3.65 3.79 3.79 3.96 3.69 3.73 3.89 4.0 4.62 3.99 4.21 4.36 4.49 4.26 4.4 4.54 4.53 5.04 5.04 5.25 5.37 5.49 5.66 5.8 5.79 5.83 5.97 5.88 5.87
-9999.0 -9999.0 -9999.0 -9999.0 -9999.0 -9999.0 -9999.0 5.085 5.58 5.58 8.45 8.57 8.51 6.43 5.58 4.86 4.2 4.17 3.59 4.26 4.88 3.97 4.06 4.06 4.14 4.11 4.11 4.12 4.35 4.24 4.54 4.34 4.05 3.87 3.87 4.2 4.32 4.24 3.31 3.48 3.7 2.94 2.94 2.93 3.11 2.9 3.34 3.07 3.23 4.32 3.59 3.91 3.74 3.59 3.58 3.49 3.69 3.87 3.87 4.12 3.93 4.17 3.91 4.02 4.29 4.53 4.09 4.28 4.48 4.49 4.54 4.45 4.59 5.12 5.12 5.23 5.47 5.46 5.67 5.57 5.63 5.76 5.87 5.85 5.86
-9999.0 -9999.0 -9999.0 -9999.0 -9999.0 -9999.0 -9999.0 4.57 5.16 5.16 9.13 8.5 8.49 6.04 4.68 4.1 3.77 3.64 3.81 3.57 4.1 4.23 4.27 4.27 4.06 3.99 3.99 4.32 4.28 4.17 4.39 4.56 4.02 4.18 4.25 4.52 3.94 4.57 4.18 3.22 3.12 2.72 2.72 2.53 2.62 2.86 3.29 3.07 3.26 3.37 4.1 3.92 3.7 3.54 3.52 3.76 3.48 4.01 4.01 4.02 3.92 4.07 4.04 4.12 4.26 4.1 4.75 4.24 4.31 4.57 4.49 4.58 4.69 4.94 4.94 4.96 5.55 5.4 5.5 5.55 5.47 5.62 5.66 5.74 5.7
-9999.0 -9999.0 -9999.0 -9999.0 -9999.0 -9999.0 4.21 4.8 6.22 6.22 10.0 7.71 6.41 5.29 3.95 3.66 3.58 3.48 3.59 3.83 3.9 4.03 4.32 3.97 3.97 3.94 3.94 4.25 4.2 4.06 4.22 4.37 4.12 4.54 4.05 3.77 3.4 3.28 4.12 3.19 3.05 2.45 2.45 2.63 2.68 2.82 3.11 3.43 3.51 3.7 3.68 3.35 3.66 3.52 3.92 3.38 3.57 3.88 3.88 3.93 3.76 3.78 3.91 4.0 4.05 4.03 4.15 4.7 4.74 4.54 4.77 4.66 4.77 5.0 5.0 5.17 5.23 5.45 5.37 5.36 5.51 5.54 5.56 5.53 5.65
-9999.0 -9999.0 -9999.0 -9999.0 -9999.0 -9999.0 5.2 6.27 7.79 7.79 9.74 6.87 6.13 4.11 3.65 3.53 3.67 3.51 3.72 3.75 3.77 3.94 4.04 3.95 4.0 4.23 4.23 4.27 4.2 4.22 4.19 4.16 4.32 4.17 3.95 3.72 3.57 3.4 3.35 3.02 3.06 2.89 2.89 2.7 2.74 3.1 3.14 3.32 3.68 3.55 3.36 3.4 3.4 3.76 3.75 3.8 3.59 3.86 3.86 3.87 3.63 3.72 3.64 4.2 4.14 4.02 4.18 4.25 4.98 4.89 4.67 5.09 4.96 5.05 5.05 5.13 5.54 5.21 5.33 5.46 5.53 5.52 5.49 5.57 5.7
-9999.0 -9999.0 -9999.0 -9999.0 -9999.0 5.19 6.38 7.52 7.38 7.38 7.61 5.17 3.87 3.66 3.63 3.55 3.82 3.63 3.89 3.74 3.98 3.99 4.08 4.06 4.21 4.18 4.18 3.94 3.98 4.09 4.13 4.0 4.01 4.16 3.74 3.56 3.36 3.41 3.27 3.19 2.88 2.72 2.72 2.4 2.8 3.05 3.22 3.29 4.09 3.19 3.42 3.54 3.43 3.43 3.59 3.58 3.64 3.71 3.71 4.2 3.96 3.66 3.49 4.18 4.02 3.98 4.14 4.38 4.46 5.07 5.08 5.0 5.03 5.12 5.12 5.62 5.22 5.34 5.26 5.33 5.46 5.53 5.48 5.54 5.41
-9999.0 -9999.0 -9999.0 -9999.0 3.45 5.19 6.38 7.52 7.38 7.38 7.61 5.17 3.87 3.66 3.63 3.55 3.82 3.63 3.89 3.74 3.98 3.99 4.08 4.06 4.21 4.18 4.18 3.94 3.98 4.09 4.13 4.0 4.01 4.16 3.74 3.56 3.36 3.41 3.27 3.19 2.88 2.72 2.72 2.4 2.8 3.05 3.22 3.29 4.09 3.19 3.42 3.54 3.43 3.43 3.59 3.58 3.64 3.71 3.71 4.2 3.96 3.66 3.49 4.18 4.02 3.98 4.14 4.38 4.46 5.07 5.08 5.0 5.03 5.12 5.12 5.62 5.22 5.34 5.26 5.33 5.46 5.53 5.48 5.54 5.41
-9999.0 -9999.0 -9999.0 3.12 4.96 5.91 7.03 7.64 7.25 7.25 5.76 4.23 3.79 3.8 3.73 3.68 3.91 3.95 3.91 3.87 3.8 4.06 3.89 3.91 4.16 3.9 3.9 3.89 4.1 4.08 4.09 4.0 4.0 4.01 3.74 3.33 3.32 3.62 2.96 2.93 2.66 2.92 2.92 2.5 2.89 2.98 3.62 3.72 3.47 3.36 3.13 3.16 3.34 3.43 3.46 3.68 3.92 3.37 3.37 3.6 3.93 3.8 3.93 4.01 4.01 4.04 4.17 4.39 4.66 5.04 5.18 5.31 5.33 5.33 5.33 5.25 5.56 5.32 5.21 5.2 5.37 5.43 5.61 5.78 5.45
-9999.0 -9999.0 3.08 4.77 6.82 8.24 8.32 7.14 7.21 7.21 4.35 3.68 3.51 3.66 3.74 3.64 3.85 3.63 4.07 3.99 4.01 4.11 3.72 3.69 3.97 3.99 3.99 3.88 3.92 3.81 4.08 3.93 3.74 3.94 3.63 3.52 3.15 3.12 2.99 2.89 2.54 2.15 2.15 2.49 3.04 3.12 3.3 3.02 3.1 3.26 3.4 3.49 3.44 3.45 3.6 3.64 3.49 3.6 3.6 3.55 3.9 3.9 4.0 4.12 4.13 4.05 4.26 4.36 4.43 5.36 5.43 5.26 5.34 5.29 5.29 5.27 5.35 5.47 5.14 5.32 5.34 5.62 5.36 5.59 5.51
-9999.0 -9999.0 6.84 7.48 6.49 6.32 5.7 4.82 3.77 3.77 3.77 3.69 3.74 3.63 3.7 3.71 3.89 4.03 3.95 3.91 3.85 3.84 3.55 3.57 3.51 3.72 3.72 3.63 3.59 3.61 3.63 3.6 3.42 3.47 3.33 3.23 2.98 3.0 2.44 2.52 2.31 2.25 2.25 2.59 2.5 2.68 2.66 3.03 3.33 3.6 3.7 3.46 3.37 3.49 3.7 3.74 3.9 3.78 3.78 3.7 3.79 3.78 3.89 3.96 4.15 4.2 4.28 4.48 4.9 4.77 5.05 4.98 5.11 5.11 5.11 4.87 5.05 5.54 5.11 5.28 5.21 5.09 5.15 5.08 4.88
-9999.0 6.63 6.95 5.78 5.03 5.55 4.78 4.16 3.67 3.67 3.54 3.57 3.66 3.62 3.77 3.91 4.09 3.9 3.88 3.79 4.08 3.49 3.47 3.62 3.68 3.58 3.58 3.44 3.63 3.43 3.58 3.77 3.43 3.27 3.21 3.02 2.92 2.62 2.33 2.25 2.55 2.63 2.63 2.84 3.17 3.3 2.98 3.22 3.68 3.51 3.79 3.85 3.72 3.77 3.76 3.96 4.03 3.67 3.67 3.74 3.82 3.72 3.92 4.24 4.28 4.26 4.34 4.52 5.0 4.88 4.8 4.99 4.79 4.67 4.67 4.96 5.14 5.17 5.22 5.34 5.1 4.93 4.9 4.86 5.04
6.35 6.08 6.61 6.13 5.37 5.12 4.45 3.64 3.29 3.29 3.33 3.54 3.93 3.69 4.02 3.72 3.94 3.82 3.55 3.7 3.8 3.44 3.44 3.28 3.35 3.66 3.66 3.33 3.34 3.37 3.67 3.39 3.11 3.03 2.93 2.99 2.68 2.43 2.47 2.63 2.49 2.72 2.72 3.13 3.36 2.96 3.12 3.1 3.27 3.81 3.82 4.04 3.99 3.77 3.89 3.95 3.7 3.75 3.75 3.81 3.92 3.83 3.8 4.04 4.33 4.33 4.55 4.63 4.9 4.79 4.65 5.01 4.88 4.81 4.81 5.01 4.83 5.12 5.22 5.33 4.78 4.94 4.71 4.63 4.61
6.08 5.87 6.9 5.97 5.39 4.61 4.17 3.45 3.7 3.7 3.51 3.39 3.61 4.06 3.94 3.55 3.47 3.47 3.37 3.35 3.35 3.44 3.43 3.29 3.13 3.12 3.12 3.26 3.54 3.39 3.29 3.37 3.17 2.97 2.88 2.65 2.5 2.43 2.6 2.51 2.54 2.83 2.83 3.38 3.21 3.21 3.15 3.19 3.3 3.48 4.0 4.03 4.08 4.02 3.86 3.72 3.93 3.9 3.9 3.93 4.17 4.01 4.0 4.19 4.36 4.57 4.73 4.85 5.21 4.78 4.87 4.89 5.03 4.96 4.96 5.18 5.09 4.83 4.85 4.76 4.84 4.68 4.79 4.53 4.45
5.99 5.66 6.15 5.24 4.3 3.9 4.04 3.68 3.73 3.73 3.52 3.57 3.58 3.95 3.65 3.62 3.39 3.39 3.4 3.39 3.17 3.34 3.35 3.23 3.02 3.22 3.22 3.19 3.15 3.32 3.13 2.93 3.2 3.03 2.69 2.64 2.33 2.2 2.47 2.24 2.55 3.13 3.13 3.01 3.02 3.11 3.17 3.16 3.37 3.52 3.61 4.05 4.11 3.98 3.9 3.8 3.84 3.96 3.96 4.04 4.27 4.08 4.26 4.44 4.44 4.59 4.72 4.68 4.6 4.74 4.99 4.85 4.99 4.87 4.87 4.7 4.88 4.99 5.03 4.82 4.75 4.46 4.5 4.54 4.64
5.96 5.85 5.33 4.76 4.09 3.91 3.7 3.78 3.74 3.74 3.46 3.65 3.81 3.54 3.59 3.28 3.32 3.22 3.19 3.38 3.17 3.17 3.21 3.21 3.19 2.94 2.94 2.91 2.79 3.19 3.15 2.73 2.77 2.83 2.93 3.03 2.35 2.27 2.07 2.03 2.21 2.82 2.82 2.89 2.83 2.99 3.08 3.24 3.38 3.47 3.67 3.67 4.02 4.04 3.98 3.86 4.03 4.42 4.42 4.15 4.17 4.26 4.11 4.26 4.48 4.72 4.97 4.7 4.65 4.76 4.73 4.94 4.75 5.09 5.09 4.89 4.83 4.78 4.93 4.67 4.7 4.73 4.37 4.42 4.33
5.76 5.27 4.9 4.66 4.15 4.07 4.0 3.91 3.66 3.66 3.55 3.65 3.55 3.51 3.47 3.45 3.23 3.2 3.1 3.02 3.0 3.06 3.09 3.14 3.14 2.83 2.83 2.7 2.99 2.76 3.17 3.18 2.7 2.88 2.84 2.81 2.94 2.52 2.32 2.24 2.17 2.55 2.55 2.66 2.84 3.02 3.25 3.35 3.51 3.43 3.52 3.68 3.71 3.88 3.95 3.96 4.04 4.49 4.49 4.34 4.24 4.18 4.38 4.34 4.64 4.5 4.52 4.51 4.54 4.73 4.73 4.8 4.8 4.79 4.79 4.84 4.87 4.51 4.71 4.55 4.57 4.94 4.31 4.13 4.28
5.19 5.26 5.14 4.24 4.15 4.19 4.36 4.05 3.7 3.7 3.88 3.79 3.65 3.46 3.49 3.5 3.17 3.43 3.07 2.9 3.01 2.99 2.99 3.07 2.79 2.35 2.35 2.65 2.64 3.09 2.74 3.06 2.86 2.92 2.83 2.86 2.44 2.36 2.22 2.06 2.14 2.55 2.55 2.8 3.17 3.27 3.47 3.57 3.46 3.62 3.69 3.74 3.78 3.85 3.88 4.0 4.18 4.6 4.6 4.14 4.18 4.32 4.43 4.43 4.64 4.49 4.41 4.61 4.54 4.6 4.63 4.88 4.97 5.24 5.24 4.86 4.63 4.37 4.44 4.31 4.13 4.29 4.05 4.18 4.39
4.89 4.67 4.36 4.22 4.18 4.15 4.16 4.08 3.89 3.89 3.96 3.68 3.54 3.74 3.49 3.3 3.18 3.28 2.94 2.87 2.87 2.94 2.8 3.01 2.76 2.73 2.73 2.51 2.8 2.78 2.92 2.89 2.92 2.84 2.73 2.63 2.53 2.36 2.45 2.02 2.81 2.61 2.61 3.08 3.18 3.33 3.51 3.68 3.63 3.69 3.74 3.78 3.88 3.8 3.91 3.94 4.19 4.6 4.6 4.65 4.27 4.4 4.5 4.5 4.65 4.49 4.68 4.55 4.64 4.67 4.74 5.04 5.32 4.86 4.86 4.86 4.85 4.42 4.27 4.12 4.25 3.96 3.94 4.16 4.44
5.04 4.63 4.35 4.34 4.18 4.15 4.26 4.12 3.85 3.85 3.92 3.77 3.62 3.59 3.35 3.4 3.26 3.14 2.59 2.42 2.36 2.82 2.89 2.78 2.71 2.15 2.15 2.51 2.79 2.89 2.99 3.03 2.72 2.84 2.79 2.66 2.2 2.34 2.23 2.26 2.22 3.07 3.07 3.02 3.31 3.52 3.55 3.76 3.8 3.81 3.84 3.74 3.88 3.86 4.16 3.94 4.16 4.7 4.7 4.21 4.56 4.49 4.69 4.33 4.33 4.52 4.41 4.65 4.77 4.97 4.92 5.2 4.95 4.62 4.62 4.62 4.71 4.57 4.0 4.13 4.14 3.75 4.17 4.71 4.66
4.52 4.37 4.42 3.97 4.02 4.07 4.14 4.01 4.02 4.02 4.08 3.66 3.66 3.69 3.69 3.37 3.11 3.23 2.63 2.27 2.56 2.76 2.81 2.73 2.48 2.54 2.54 3.08 2.77 2.73 2.91 2.79 2.83 2.75 2.56 2.19 2.05 2.06 2.19 2.42 2.83 3.13 3.13 3.2 3.3 3.67 3.7 3.92 3.97 3.99 3.93 3.89 3.93 4.07 4.05 4.25 4.15 4.58 4.58 4.53 4.7 4.54 4.28 4.66 4.53 4.5 4.58 4.58 4.53 4.78 4.89 4.95 4.49 4.5 4.5 4.32 4.13 3.93 4.1 4.05 4.37 4.16 4.46 5.15 4.95
4.68 4.24 4.02 4.03 4.11 4.07 4.2 4.08 3.96 3.96 3.79 3.71 3.74 3.62 3.45 3.39 3.22 2.8 2.33 2.06 2.43 2.08 2.38 2.57 2.56 2.53 2.53 2.79 3.0 2.68 2.66 2.5 2.63 2.73 2.28 2.1 1.3 1.73 2.5 2.23 2.44 3.2 3.2 3.33 3.53 3.75 4.0 3.95 4.03 4.01 4.0 3.99 3.96 4.09 4.1 4.28 4.3 4.25 4.25 4.43 4.25 4.29 4.22 4.31 4.49 4.63 4.65 4.51 4.92 4.94 4.86 4.45 4.48 4.12 4.12 4.07 3.66 3.98 4.19 4.17 4.06 4.51 4.42 4.92 5.4
4.28 3.75 3.73 3.99 3.93 4.19 4.46 4.01 4.36 4.36 3.76 3.69 3.6 3.41 3.54 3.13 3.31 2.94 2.7 2.47 2.36 2.11 2.04 2.3 2.49 2.5 2.5 2.62 2.95 2.63 2.61 2.53 2.5 2.82 1.87 1.64 1.53 1.91 2.5 2.69 2.98 3.24 3.24 3.64 3.61 3.88 3.97 4.03 4.18 4.16 4.07 4.04 4.07 4.17 4.16 4.18 4.44 4.43 4.43 4.12 4.22 4.23 4.18 4.42 4.45 4.65 4.69 4.91 4.53 4.59 4.32 4.44 4.31 3.84 3.84 3.53 3.63 3.74 3.92 4.35 4.25 4.07 4.84 4.98 5.29
4.28 3.75 3.73 3.99 3.93 4.19 4.46 4.01 4.36 4.36 3.76 3.69 3.6 3.41 3.54 3.13 3.31 2.94 2.7 2.47 2.36 2.11 2.04 2.3 2.49 2.5 2.5 2.62 2.95 2.63 2.61 2.53 2.5 2.82 1.87 1.64 1.53 1.91 2.5 2.69 2.98 3.24 3.24 3.64 3.61 3.88 3.97 4.03 4.18 4.16 4.07 4.04 4.07 4.17 4.16 4.18 4.44 4.43 4.43 4.12 4.22 4.23 4.18 4.42 4.45 4.65 4.69 4.91 4.53 4.59 4.32 4.44 4.31 3.84 3.84 3.53 3.63 3.74 3.92 4.35 4.25 4.07 4.84 4.98 5.29
4.29 3.6 3.78 3.78 3.85 4.15 3.86 3.91 3.99 3.99 3.71 3.6 3.42 3.33 3.25 3.32 2.82 2.72 2.39 2.45 1.93 2.18 1.88 2.68 2.2 2.41 2.41 2.55 2.43 2.33 2.45 2.42 2.12 2.51 1.87 1.39 2.27 3.05 2.74 3.01 3.14 3.27 3.27 3.58 3.84 3.98 3.92 4.02 4.12 4.13 4.1 4.09 4.12 4.09 4.2 4.19 4.27 4.31 4.31 4.14 4.09 4.26 4.26 4.15 4.23 4.22 4.36 4.66 4.82 4.84 4.28 4.2 3.98 3.62 3.62 3.49 3.22 3.55 3.75 4.13 4.66 4.85 5.06 5.31 5.68
3.93 3.77 3.66 3.61 3.9 4.01 3.79 3.98 3.79 3.79 3.49 3.62 3.56 3.19 3.06 3.06 2.67 2.4 2.28 1.81 2.01 2.09 1.98 2.22 2.49 2.37 2.37 2.31 2.19 2.12 2.39 2.06 2.11 1.89 1.43 2.19 2.52 2.53 3.04 3.01 3.33 3.32 3.32 3.42 3.63 4.0 3.9 4.05 4.09 4.14 4.09 4.06 4.06 4.19 4.17 4.14 4.24 4.05 4.05 4.12 4.17 4.16 4.33 4.11 4.09 4.17 4.3 4.63 4.72 4.62 4.15 4.18 3.76 3.4 3.4 3.73 3.76 3.63 3.86 4.52 4.56 5.1 5.27 5.33 6.34
2.6 2.43 2.94 2.97 3.16 3.42 3.21 3.54 3.35 3.35 3.22 3.0 3.11 3.05 2.76 2.66 2.41 2.05 1.88 2.18 1.87 1.91 2.06 2.3 2.3 2.08 2.08 2.04 1.85 2.2 2.23 1.93 1.66 1.59 2.02 2.77 2.95 2.73 3.1 3.15 3.43 3.51 3.51 3.7 3.73 3.82 3.79 4.29 4.15 4.17 4.21 4.14 4.28 4.18 4.1 4.07 4.18 3.9 3.9 3.88 4.03 4.12 4.11 4.05 4.05 4.16 4.14 4.19 4.45 4.12 4.13 3.91 3.45 3.63 3.63 4.08 3.71 3.9 4.1 4.43 5.22 5.29 5.52 5.92 6.24
2.69 2.56 2.51 2.75 2.78 3.08 3.26 3.38 3.28 3.28 3.0 2.68 2.38 2.8 2.9 2.18 1.92 2.05 2.01 1.76 1.98 1.93 1.98 2.1 2.35 2.35 2.35 1.97 2.43 2.35 1.47 2.25 2.32 1.99 2.52 3.17 2.56 2.73 3.23 3.37 3.24 3.51 3.51 3.62 3.83 3.73 4.06 4.0 4.2 4.07 4.19 4.16 4.16 4.19 4.02 4.05 3.96 3.83 3.83 3.83 3.84 3.88 3.73 3.99 4.04 3.95 4.09 4.11 3.94 3.79 3.67 3.53 3.54 3.11 3.11 3.36 3.8 3.86 4.11 4.46 4.71 5.33 5.28 5.82 6.05
2.15 2.14 2.11 2.34 2.43 2.32 2.39 3.1 3.12 3.12 2.37 2.43 2.62 1.57 2.07 2.13 2.17 2.33 2.69 2.67 2.58 2.66 2.66 2.62 2.66 1.92 1.92 2.16 1.92 2.31 2.04 2.29 2.3 2.11 2.66 2.98 2.63 2.98 3.13 3.26 3.59 3.69 3.69 3.82 3.88 4.02 3.89 4.05 3.96 4.26 4.14 4.23 4.13 4.13 4.0 4.02 3.86 3.78 3.78 3.83 3.76 3.73 3.75 3.78 4.05 3.97 4.03 3.81 3.9 3.5 3.59 3.63 3.48 3.93 3.93 3.8 3.98 4.36 4.27 4.44 4.91 4.89 5.38 5.67 6.05
2.44 1.82 2.08 2.0 2.46 2.35 2.44 2.11 2.67 2.67 2.07 2.44 2.3 2.64 1.65 1.7 2.0 1.98 1.98 1.61 1.86 1.95 2.63 3.76 1.81 1.97 1.97 1.58 2.02 1.53 2.32 2.42 2.36 2.41 2.49 3.19 2.48 2.94 2.9 3.25 3.4 3.37 3.37 3.82 3.91 3.92 4.06 3.93 4.06 4.13 4.34 4.27 4.06 4.08 4.02 4.17 3.88 3.74 3.74 3.73 3.68 3.69 3.75 3.79 3.8 3.93 4.2 4.04 3.39 3.64 3.54 3.28 2.9 3.44 3.44 4.47 4.24 4.52 4.71 4.6 5.1 5.05 5.32 5.71 6.11
2.11 2.38 2.09 2.05 2.08 2.26 2.24 1.94 2.33 2.33 2.53 2.08 2.08 2.07 2.04 1.56 1.9 1.71 1.82 1.84 1.94 1.71 2.05 2.58 2.54 1.64 1.64 2.2 2.33 1.81 2.32 1.77 1.32 1.79 2.42 2.77 2.66 2.85 2.92 3.06 3.21 3.51 3.51 3.8 3.95 4.04 4.1 3.81 3.96 4.12 4.15 4.12 3.97 4.0 3.93 3.76 3.84 3.65 3.65 3.6 3.73 3.7 3.61 3.53 4.0 3.94 3.56 3.52 3.7 3.4 3.25 3.04 3.01 3.2 3.2 4.49 4.17 4.57 4.16 4.27 5.09 5.14 5.28 5.46 5.69
2.24 2.37 1.88 1.89 1.97 2.29 1.82 1.82 1.65 1.65 1.77 1.88 1.92 1.86 1.71 1.99 1.8 2.57 2.44 2.76 3.02 2.86 2.83 2.33 2.79 2.25 2.25 1.65 1.96 1.93 1.85 1.61 1.9 1.58 2.04 2.69 2.15 2.51 2.74 2.84 2.94 3.6 3.6 3.57 3.46 3.93 4.08 4.22 3.93 4.0 4.1 3.99 4.0 3.96 3.95 3.62 3.56 3.61 3.61 3.64 3.61 3.59 3.5 3.81 3.52 3.82 3.94 3.68 4.01 3.05 3.31 2.92 3.02 3.56 3.56 3.68 3.85 3.9 4.37 4.25 4.51 5.42 5.31 5.4 5.75
2.11 2.19 1.88 1.74 1.85 1.98 1.81 1.81 1.55 1.55 1.68 2.06 2.05 1.68 1.89 1.68 1.75 2.6 2.54 3.0 2.94 2.62 2.46 2.58 2.52 2.47 2.47 2.27 4.08 2.07 1.71 1.71 1.71 1.88 2.07 2.46 2.63 2.17 2.51 2.65 2.96 3.21 3.21 3.19 3.3 3.62 3.94 4.14 3.94 4.16 3.89 3.82 3.83 3.78 3.79 3.69 3.53 3.52 3.52 3.66 3.51 3.56 3.81 3.7 3.42 3.55 3.73 4.0 3.21 3.15 3.02 3.17 3.52 4.6 4.6 3.96 4.26 4.05 4.04 4.52 4.91 5.26 5.6 5.6 5.85
1.36 2.01 1.83 1.74 1.64 1.82 1.98 1.89 1.76 1.76 1.66 1.64 1.98 2.89 2.81 1.88 1.89 1.74 1.71 1.93 2.09 2.57 2.55 2.63 2.68 2.92 2.92 2.56 2.42 2.17 2.1 1.89 1.82 1.57 1.49 2.48 2.09 1.8 2.29 1.72 3.04 2.67 2.67 2.77 3.21 3.47 3.57 4.06 4.4 4.17 4.02 3.6 3.62 3.65 3.71 3.25 3.35 3.37 3.37 3.49 3.47 3.41 3.24 3.3 3.44 3.13 3.13 2.88 2.69 2.93 3.08 3.19 4.06 4.29 4.29 3.99 4.25 4.91 4.25 4.51 5.2 5.4 5.72 5.85 6.18
2.6 1.85 1.66 2.44 1.79 1.79 1.85 2.28 1.79 1.79 1.6 1.62 1.93 2.77 1.88 1.81 2.05 1.77 1.83 2.03 2.52 -0.6784 -0.66577 2.65 2.53 2.6 2.6 2.6 2.58 2.32 2.1 2.18 2.04 2.43 2.61 1.97 2.39 2.17 2.23 2.12 1.79 2.36 2.36 2.73 3.21 3.35 3.62 4.3 4.15 3.99 4.19 3.88 3.45 3.47 3.41 3.15 3.17 3.31 3.31 3.34 3.35 3.38 3.15 3.02 2.92 3.09 2.66 2.65 2.84 2.69 3.04 3.53 3.61 4.37 4.37 4.36 4.54 4.65 4.76 4.98 5.29 5.47 5.72 6.01 6.54
2.63 1.74 1.61 2.6 2.05 2.0 2.93 2.91 2.8 2.8 3.12 1.67 1.76 1.77 1.83 1.77 1.78 3.13 3.43 1.96 -0.69682 -0.68419 -0.67156 2.63 2.46 2.71 2.71 2.94 3.02 2.26 2.32 2.64 2.75 2.69 2.85 2.36 2.4 2.91 2.78 2.02 2.08 1.27 1.27 2.66 3.01 3.37 3.92 4.1 4.07 3.91 3.88 3.7 3.48 3.13 3.08 2.96 3.18 3.11 3.11 3.16 3.33 3.66 3.43 3.26 3.04 2.96 2.55 2.67 2.77 3.27 3.21 3.41 3.84 4.33 4.33 4.34 4.59 5.14 5.22 5.41 5.4 5.84 5.69 6.01 6.37
2.64 2.73 1.92 2.9 2.8 2.21 2.8 3.15 3.02 3.02 2.65 2.99 1.83 1.72 1.78 1.76 1.77 2.34 1.98 -0.71524 -0.70261 -0.68998 -0.67735 2.17 2.5 2.74 2.74 2.78 2.97 2.72 2.53 2.52 2.92 3.12 3.09 3.6 3.34 3.05 3.01 2.98 2.77 2.02 2.02 2.73 3.2 3.75 3.87 4.0 3.85 3.96 3.59 3.29 3.38 3.39 3.29 3.06 3.46 3.13 3.13 3.08 3.12 3.53 3.46 3.29 2.98 2.97 3.43 2.64 3.01 2.77 3.02 3.51 3.92 4.54 4.54 4.71 4.8 5.03 5.13 5.55 5.86 5.64 6.02 6.23 6.47
