includes/camargue/floodfiles/inputs/camargue_dem_R3_t1.562344836599E12.asc
ncols         906
nrows         631
xllcorner     362177.14666668
yllcorner     6534725.6880196
cellsize      20
NODATA_value  -9999
[rows 342 to 379 of 631, columns 255 to 339 of 906]
9.69 9.6 9.3 9.8 9.69 9.43 9.18 10.0 10.0 10.0 10.0 10.0 10.0 10.0 9.27 9.26 10.0 10.0 8.09 7.51 7.17 7.56 6.27 6.3 5.8 5.88 5.81 5.81 4.98 5.4 5.36 5.03 5.15 4.79 4.8 4.81 4.43 4.35 4.28 4.31 4.4 4.15 4.37 4.37 4.13 3.79 3.66 3.43 3.4 3.29 3.24 2.7 2.76 2.71 2.97 2.81 3.02 3.19 3.12 3.12 2.86 3.15 2.99 4.15 3.74 4.6 2.55 3.32 2.43 2.21 2.47 2.05 3.94 1.65 1.89 1.89 2.8 3.03 2.14 2.57 2.82 2.36 2.02 2.16 2.38
9.33 8.9 9.62 9.7 9.8 9.35 8.96 9.59 10.0 9.27 10.0 10.0 10.0 9.49 9.62 9.21 9.99 8.09 7.49 7.05 6.08 6.24 6.19 5.83 5.8 5.73 5.51 5.51 4.85 4.84 5.1 5.16 4.82 4.75 4.86 4.88 4.19 4.07 4.1 4.07 4.09 4.45 4.18 4.18 4.04 3.94 3.53 3.53 3.66 3.22 3.11 2.72 2.81 2.83 3.07 2.82 3.08 3.18 2.9 2.9 2.97 3.05 3.0 2.69 3.69 4.27 3.76 4.32 3.54 2.38 2.91 2.68 4.26 1.58 3.92 3.92 2.47 2.27 2.86 2.32 3.27 2.28 2.78 2.16 2.12
8.62 9.03 8.66 9.46 9.77 9.65 8.99 9.49 8.57 8.65 9.63 9.63 9.17 9.44 9.73 10.0 8.58 7.91 7.04 6.51 6.03 5.86 6.17 5.47 5.33 5.17 4.87 4.87 4.81 4.72 4.75 4.62 4.62 4.79 4.45 4.29 4.83 4.1 4.03 4.01 3.97 4.07 3.88 3.88 3.57 3.81 3.73 3.96 3.25 3.16 2.67 2.81 2.89 3.04 3.27 3.14 3.23 3.18 3.17 3.17 2.88 3.08 3.08 2.96 3.5 1.69 2.26 3.91 4.27 2.62 4.02 2.93 1.7 1.59 4.5 4.5 2.08 3.7 2.95 2.89 2.94 2.23 4.11 2.18 2.53
9.38 8.46 9.44 9.5 9.35 9.7 9.31 9.1 8.7 8.86 9.13 9.13 9.31 8.69 10.0 10.0 10.0 7.0 6.55 6.35 6.33 5.71 5.65 5.25 5.17 5.02 4.81 4.81 5.0 4.32 4.41 4.93 4.67 4.75 4.51 4.31 4.2 4.35 4.42 4.28 4.19 4.18 3.57 3.57 3.42 3.35 3.36 3.17 2.94 2.98 3.04 3.12 2.87 3.2 3.42 3.12 3.49 3.47 3.19 3.19 3.06 3.12 2.79 2.68 3.47 3.05 2.87 3.17 2.71 2.41 4.2 4.21 2.56 3.48 2.77 2.77 1.98 1.87 1.94 3.37 2.51 2.37 3.4 2.16 3.75
9.14 8.67 10.0 9.1 9.54 9.48 9.09 9.41 9.71 8.76 7.9 7.9 8.61 8.62 8.62 10.0 10.0 6.77 6.61 6.32 5.74 5.64 5.12 5.29 5.09 4.73 4.52 4.52 4.47 4.35 4.26 4.37 4.26 4.23 4.2 4.29 4.55 4.2 4.53 3.98 3.67 3.54 3.61 3.61 3.39 3.12 3.09 3.04 2.91 2.71 3.21 3.06 3.43 3.12 3.34 3.39 3.51 3.41 3.59 3.59 3.14 2.81 2.99 2.6 3.98 2.2 2.24 2.17 2.73 3.4 3.65 2.28 2.58 4.16 4.06 4.06 3.63 3.68 1.62 1.98 2.24 3.29 3.12 2.32 3.12
9.14 8.67 10.0 9.1 9.54 9.48 9.09 9.41 9.71 8.76 7.9 7.9 8.61 8.62 8.62 10.0 10.0 6.77 6.61 6.32 5.74 5.64 5.12 5.29 5.09 4.73 4.52 4.52 4.47 4.35 4.26 4.37 4.26 4.23 4.2 4.29 4.55 4.2 4.53 3.98 3.67 3.54 3.61 3.61 3.39 3.12 3.09 3.04 2.91 2.71 3.21 3.06 3.43 3.12 3.34 3.39 3.51 3.41 3.59 3.59 3.14 2.81 2.99 2.6 3.98 2.2 2.24 2.17 2.73 3.4 3.65 2.28 2.58 4.16 4.06 4.06 3.63 3.68 1.62 1.98 2.24 3.29 3.12 2.32 3.12
9.17 9.06 10.0 9.71 9.5 9.4 9.49 8.96 9.09 8.56 9.0 9.0 8.52 8.68 10.0 10.0 9.43 6.83 6.41 5.84 5.45 5.16 5.1 4.66 4.76 4.76 4.43 4.43 4.37 4.22 4.24 4.4 4.18 4.28 4.25 4.42 4.05 4.07 3.78 4.1 3.59 3.55 3.06 3.06 3.3 3.05 3.07 3.07 2.88 3.03 3.19 3.17 3.27 3.2 3.37 3.43 3.64 3.65 3.37 3.37 3.03 2.99 2.7 2.49 4.03 2.28 4.68 3.91 4.32 2.4 2.17 3.48 2.8 2.12 2.58 2.58 4.11 3.57 4.53 4.0 2.34 2.19 2.16 1.97 2.61
8.58 8.83 8.81 8.98 9.91 9.22 9.61 9.98 9.3 9.34 8.74 8.74 8.54 8.8 8.16 7.66 6.28 5.83 5.02 4.88 4.91 4.83 4.13 4.31 4.46 4.2 4.64 4.64 3.72 4.25 3.73 3.75 3.51 3.56 3.57 3.46 3.48 3.68 3.73 3.37 2.71 3.59 3.82 3.82 2.72 2.49 2.43 2.51 3.65 2.48 3.09 3.08 3.17 3.28 3.54 3.63 3.74 3.43 3.39 3.39 3.13 2.99 2.78 3.29 2.25 3.36 2.56 2.17 2.38 3.71 3.85 2.86 2.11 2.88 3.77 3.77 2.27 3.69 4.39 3.84 3.35 2.64 2.97 2.85 1.98
8.77 9.36 8.37 8.58 8.72 9.08 9.35 9.53 9.28 8.94 9.14 9.14 8.83 8.63 7.65 6.18 5.55 5.13 4.91 4.31 4.27 4.31 4.21 4.02 4.23 4.17 4.4 4.4 4.06 3.97 3.62 3.74 3.29 3.45 3.29 3.37 3.09 3.51 3.35 3.37 3.28 3.73 3.59 3.59 3.07 2.82 3.28 4.59 4.39 2.99 2.95 3.07 3.21 3.27 3.58 3.52 3.83 3.79 3.54 3.54 3.01 2.98 3.06 3.17 2.24 3.38 2.19 2.2 2.49 4.34 2.2 2.28 2.14 2.13 2.27 2.27 2.43 3.93 2.48 2.17 3.91 3.69 3.35 2.11 5.12
9.04 9.16 8.28 8.04 8.06 7.74 7.78 9.45 9.43 8.96 8.34 8.34 8.33 7.54 6.53 5.98 5.19 4.99 4.21 4.06 3.58 3.64 3.78 3.8 3.48 3.66 4.38 4.38 4.56 4.73 3.57 3.42 3.16 3.09 3.07 2.98 3.07 3.14 3.15 2.48 2.38 3.28 2.6 2.6 3.49 3.46 3.41 3.16 3.66 3.37 2.43 2.97 3.27 3.11 3.33 3.71 3.67 3.59 3.64 3.64 2.85 2.93 3.18 3.02 2.31 3.43 2.27 4.03 3.03 2.23 3.02 2.49 2.13 2.12 3.87 3.87 2.43 2.2 2.25 3.14 2.94 4.21 3.42 4.55 2.0
8.56 8.43 8.14 8.54 8.93 9.02 9.15 10.0 9.31 8.93 8.08 8.08 7.95 6.68 6.1 5.47 4.89 4.5 3.93 3.63 3.64 3.21 3.05 4.7 3.21 2.97 3.06 3.06 2.9 3.14 2.71 2.81 2.71 2.64 2.22 2.14 2.53 2.54 2.92 3.23 3.5 3.18 2.1 2.1 1.69 3.65 4.54 4.11 3.7 5.01 3.19 3.12 3.11 3.17 3.46 3.65 3.51 3.37 3.18 3.18 3.1 3.2 3.12 2.54 2.44 3.6 2.29 2.39 2.89 2.4 2.45 2.57 4.35 2.25 2.19 2.19 2.35 3.74 2.5 2.05 2.72 1.97 4.52 3.03 2.02
7.98 8.15 8.76 8.77 8.47 9.51 9.96 9.59 9.34 8.88 7.86 7.86 6.85 6.18 5.44 4.76 4.46 3.85 3.45 3.26 3.35 4.13 4.25 3.17 3.22 4.48 4.59 4.59 4.0 4.64 4.66 2.77 2.4 3.6 3.35 2.09 2.54 2.53 2.45 2.35 2.54 2.42 2.83 2.83 1.77 1.94 2.02 3.43 4.39 3.54 3.29 2.58 2.97 3.26 3.44 3.62 3.53 3.28 3.6 3.6 3.72 3.02 3.4 2.81 2.52 2.78 3.05 3.04 2.15 2.6 2.58 2.55 2.81 2.69 3.89 3.89 2.14 2.11 2.1 2.78 1.64 3.0 2.56 4.19 2.32
8.0 9.99 9.45 8.12 7.29 9.87 10.0 9.62 9.37 9.29 7.53 7.53 6.34 5.87 5.34 4.26 4.0 3.43 3.25 3.23 3.87 2.81 2.62 2.59 3.18 3.48 2.91 2.91 2.51 2.43 2.47 2.6 3.12 2.79 3.15 2.6 2.7 3.47 1.7 1.88 2.29 2.51 2.21 2.21 2.0 2.26 2.24 2.18 2.45 4.28 3.57 2.83 2.82 3.52 3.37 3.55 3.43 3.27 3.18 3.18 3.04 3.22 3.29 2.38 2.34 2.81 3.29 2.17 3.96 2.79 2.64 2.63 2.7 2.39 2.17 2.17 3.52 4.16 2.43 2.05 1.6 2.99 2.13 2.59 4.29
7.38 7.21 9.23 8.75 9.9 10.0 9.97 9.36 9.47 8.75 6.33 6.33 5.41 5.01 4.58 4.04 3.71 5.29 3.21 2.86 2.61 2.68 2.66 2.5 3.28 3.58 2.38 2.38 2.43 2.37 2.43 2.63 2.69 2.98 2.26 2.43 1.95 2.07 2.29 2.2 2.15 2.42 2.27 2.27 3.11 3.04 2.34 2.22 2.08 2.06 3.09 2.85 2.89 3.1 3.22 3.36 3.27 3.15 3.05 3.05 2.85 3.03 3.02 2.29 2.33 2.09 2.49 2.42 3.03 2.43 1.84 3.02 2.18 3.01 2.26 2.26 2.67 2.76 2.95 3.51 3.12 2.2 2.78 1.96 2.44
7.89 9.1 9.29 10.0 10.0 10.0 10.0 9.36 8.16 6.42 5.87 5.87 5.17 4.41 3.78 3.22 3.32 3.26 3.11 3.32 2.93 2.57 2.12 2.51 2.47 2.31 2.3 2.3 2.4 2.44 2.58 2.58 3.15 2.61 2.75 2.13 2.2 2.23 1.99 2.88 2.05 2.46 1.94 1.94 1.79 1.76 2.15 2.15 3.53 2.46 2.8 3.23 3.31 3.28 3.04 3.2 3.01 3.5 2.95 2.95 2.83 2.71 2.34 2.18 2.55 2.43 2.97 2.9 2.16 3.01 3.87 2.62 2.62 2.75 2.23 2.23 2.55 2.37 2.25 1.69 2.85 2.21 2.19 2.87 2.34
9.19 9.66 10.0 10.0 10.0 10.0 9.77 8.64 7.03 6.64 4.86 4.86 4.33 3.45 3.35 2.33 3.05 3.23 2.72 2.86 2.98 2.8 2.08 2.17 2.32 2.47 2.06 2.06 2.47 2.41 2.55 2.94 2.81 2.91 2.43 1.81 2.22 2.27 2.34 2.13 2.9 2.99 2.03 2.03 1.84 1.88 1.97 3.17 3.32 3.59 3.16 2.86 2.96 3.02 3.17 3.09 3.06 3.44 2.96 2.96 2.79 2.66 2.15 2.43 4.33 2.56 2.53 2.07 2.03 2.23 3.08 2.46 2.52 2.51 2.64 2.64 2.85 3.58 2.65 3.32 3.05 2.4 2.5 2.26 2.72
9.95 10.0 10.0 10.0 10.0 9.74 9.14 8.48 6.87 6.47 4.36 4.36 3.78 3.71 3.27 2.73 2.61 2.67 2.79 2.96 3.27 3.45 2.76 2.52 2.04 2.03 2.37 2.37 2.21 2.86 3.68 2.27 1.97 2.72 2.25 2.26 2.14 2.51 2.33 2.11 2.58 3.27 3.26 3.26 3.26 1.94 1.95 3.66 2.5 2.93 3.19 2.96 3.1 2.98 2.95 2.93 2.85 3.35 3.12 3.12 3.0 2.33 2.5 2.36 3.78 3.56 2.99 1.96 2.67 2.12 2.68 2.68 3.45 3.51 2.38 2.38 2.82 2.77 2.16 2.77 3.19 2.17 2.25 2.58 2.25
10.0 10.0 10.0 10.0 10.0 9.33 8.56 7.52 6.39 5.46 3.69 3.69 3.16 2.62 2.37 2.83 2.71 2.6 2.82 2.53 2.98 2.78 3.53 2.38 1.99 2.3 2.14 2.14 2.04 3.17 2.65 2.8 2.45 1.89 2.41 1.83 2.57 2.11 2.27 2.34 2.44 2.46 2.64 2.64 2.31 2.46 3.11 2.97 3.16 2.89 3.19 2.99 2.84 2.72 2.83 4.14 3.6 3.48 3.07 3.07 2.77 2.5 2.71 2.09 3.01 3.09 1.91 1.9 2.1 3.34 2.11 2.31 3.98 2.64 3.19 3.19 2.0 3.15 2.11 2.82 2.79 2.73 2.29 2.23 2.34
10.0 10.0 10.0 10.0 9.77 9.53 7.63 6.37 5.69 4.96 3.53 3.53 3.54 3.32 2.24 3.31 2.5 3.04 2.74 2.69 2.32 2.15 2.16 3.44 2.11 2.7 2.69 2.69 1.83 2.42 3.39 3.76 2.71 1.85 2.04 2.45 2.35 2.16 2.0 2.11 3.83 3.8 3.9 3.9 3.58 3.27 3.04 3.01 2.74 2.8 3.24 3.24 3.15 3.44 3.3 2.98 3.11 2.77 2.47 2.47 3.13 3.03 2.42 2.51 3.01 3.22 2.2 2.81 2.66 1.91 2.03 2.8 2.02 1.3 2.96 2.96 2.91 2.05 2.16 2.23 2.28 2.99 2.74 2.16 2.48
9.85 10.0 10.0 9.87 9.39 8.39 7.2 5.72 4.95 4.23 2.7 2.7 3.54 2.6 2.38 3.43 2.42 3.19 2.75 2.87 2.77 2.1 2.1 2.19 3.41 2.25 2.66 2.66 2.64 2.03 4.44 3.62 2.71 2.21 1.84 2.43 2.3 2.28 2.27 1.91 3.66 3.6 3.59 3.59 3.8 4.04 3.09 2.97 2.95 2.81 2.84 3.17 2.92 2.86 2.81 3.01 2.43 2.47 2.74 2.74 3.08 2.58 2.81 3.24 3.2 1.91 3.05 2.58 2.12 2.74 1.01 2.61 2.65 1.98 3.35 3.35 2.72 2.41 3.05 2.15 2.26 2.15 2.79 2.5 2.4
10.0 10.0 9.53 8.59 7.57 7.75 6.1 5.13 4.29 3.23 2.49 2.49 2.86 3.29 3.19 3.29 2.34 3.19 2.85 2.87 2.68 2.45 2.33 2.08 2.23 3.48 1.57 1.57 2.32 3.96 2.17 2.34 2.33 1.62 1.6 2.44 2.33 2.19 2.17 2.54 3.1 3.65 3.68 3.68 3.38 2.92 2.85 2.98 3.03 2.81 2.84 2.8 3.08 2.94 2.66 2.77 2.95 2.72 2.81 2.81 3.1 2.61 2.96 3.49 2.73 2.83 2.51 2.67 2.03 2.63 2.0 2.77 2.5 2.86 2.89 2.89 2.9 2.63 2.43 2.36 2.09 2.39 2.11 2.53 2.38
10.0 10.0 9.53 8.59 7.57 7.75 6.1 5.13 4.29 3.23 2.49 2.49 2.86 3.29 3.19 3.29 2.34 3.19 2.85 2.87 2.68 2.45 2.33 2.08 2.23 3.48 1.57 1.57 2.32 3.96 2.17 2.34 2.33 1.62 1.6 2.44 2.33 2.19 2.17 2.54 3.1 3.65 3.68 3.68 3.38 2.92 2.85 2.98 3.03 2.81 2.84 2.8 3.08 2.94 2.66 2.77 2.95 2.72 2.81 2.81 3.1 2.61 2.96 3.49 2.73 2.83 2.51 2.67 2.03 2.63 2.0 2.77 2.5 2.86 2.89 2.89 2.9 2.63 2.43 2.36 2.09 2.39 2.11 2.53 2.38
9.16 9.5 8.54 7.71 6.97 6.55 5.36 4.52 3.67 2.74 2.69 2.69 2.33 3.0 2.87 3.4 2.37 3.1 2.74 3.18 2.37 1.88 3.18 1.87 3.14 1.13 4.11 4.11 2.93 2.7 2.96 2.91 2.59 1.88 2.81 2.65 2.28 2.23 2.08 2.76 2.4 3.71 3.67 3.67 3.1 3.06 3.03 3.2 2.89 3.09 2.98 2.68 2.92 3.26 2.91 2.79 3.06 3.11 2.96 2.96 3.09 3.25 3.31 2.88 2.53 2.64 1.87 2.15 2.82 2.44 3.15 2.59 2.28 2.64 2.92 2.92 3.44 3.23 2.35 2.38 2.14 2.08 2.96 2.12 2.4
8.29 9.02 7.74 7.32 6.69 5.58 5.02 4.04 3.09 2.81 2.57 2.57 2.38 3.56 3.04 2.87 2.32 3.16 2.54 2.28 2.15 3.54 1.98 2.32 1.3 3.97 2.68 2.68 2.76 2.53 3.07 3.34 2.34 1.97 2.7 2.32 2.27 2.22 2.73 2.71 3.34 3.22 3.07 3.07 3.2 3.0 3.0 2.94 2.9 2.76 2.62 2.64 3.51 2.47 2.13 2.76 3.05 2.86 2.94 2.94 2.54 3.35 3.36 2.57 3.44 3.09 2.5 3.29 3.14 3.07 2.37 2.43 2.77 3.73 2.94 2.94 3.04 2.99 3.12 2.68 2.85 2.11 2.16 2.93 2.14
8.29 7.38 6.58 6.26 5.58 4.83 4.07 3.29 2.93 2.43 2.56 2.56 2.71 2.57 2.98 2.87 2.38 2.32 2.39 2.01 3.24 3.16 1.05 3.27 3.51 2.53 3.56 3.56 2.78 2.62 2.25 2.79 1.17 1.88 3.21 2.83 2.77 2.75 3.33 2.62 1.93 2.3 2.7 2.7 3.09 3.03 3.23 3.31 2.88 2.73 2.68 2.83 2.19 3.02 3.14 2.99 3.07 3.2 3.24 3.24 3.25 3.76 2.54 2.9 1.66 2.97 2.85 2.69 2.48 2.39 3.22 3.59 3.74 2.96 2.27 2.27 2.76 2.46 3.63 2.28 2.33 2.35 3.04 2.08 2.31
7.62 7.24 6.37 5.46 4.96 4.97 4.0 3.29 3.21 2.52 2.7 2.7 2.75 2.55 2.25 2.99 3.09 2.47 2.54 2.21 2.34 2.2 1.91 0.44 2.59 2.56 2.84 2.84 2.63 2.25 2.73 1.25 2.49 2.55 2.67 2.52 2.27 2.26 2.48 1.7 2.74 4.11 2.92 2.92 2.92 2.98 3.1 3.0 2.81 2.77 2.61 3.36 2.25 3.32 3.82 3.32 3.13 3.52 3.3 3.3 3.82 2.44 2.78 1.03 3.11 2.44 2.98 2.47 2.74 3.41 3.28 3.48 3.15 3.54 2.97 2.97 3.35 3.47 2.58 2.26 2.25 3.56 3.24 2.84 2.92
7.45 6.73 5.95 5.05 5.0 4.54 3.72 3.24 3.14 3.23 3.72 3.72 3.33 3.24 3.17 2.21 2.76 2.53 2.29 1.96 2.41 3.03 1.91 3.46 2.41 2.45 2.36 2.36 2.56 2.25 1.25 2.66 1.91 3.08 2.67 2.43 2.7 2.49 1.78 2.9 2.9 2.97 3.4 3.4 2.68 2.68 2.97 3.36 2.82 2.76 2.86 3.42 2.3 3.63 2.12 4.4 2.97 3.23 3.08 3.08 3.26 2.29 2.76 3.0 2.37 3.28 2.91 2.57 3.13 2.94 3.16 3.34 3.6 3.18 3.73 3.73 3.28 4.12 2.3 2.38 4.23 2.46 2.69 2.43 3.33
6.68 6.1 5.23 4.96 4.86 4.35 3.34 3.4 4.1 2.48 3.74 3.74 4.36 4.37 2.77 2.06 2.89 3.0 2.43 2.25 2.29 1.25 2.66 2.3 2.37 2.2 2.72 2.72 2.13 1.09 2.54 1.84 4.07 2.68 2.35 3.43 2.65 2.63 2.65 2.62 3.39 3.62 3.27 3.27 2.75 2.85 2.62 2.86 2.84 2.69 3.37 3.9 1.88 1.75 1.97 3.86 3.06 3.31 3.4 3.4 3.8 2.37 3.16 2.66 3.7 1.9 3.56 2.2 3.08 2.75 3.13 3.37 3.89 3.43 2.88 2.88 3.9 2.41 2.26 2.49 2.52 2.48 3.26 3.4 3.21
6.02 5.51 4.79 4.8 4.55 3.28 3.48 2.79 2.88 2.74 2.39 2.39 2.29 2.44 2.44 2.31 2.91 3.24 3.29 3.13 0.96 2.15 2.37 2.43 2.31 2.85 2.3 2.3 2.69 3.19 1.89 3.55 2.19 2.55 3.21 2.83 2.71 3.28 2.8 2.71 2.72 2.75 2.61 2.61 3.18 3.55 3.29 2.73 2.73 3.03 3.23 2.27 2.04 2.62 3.66 3.77 2.98 3.22 3.04 3.04 3.43 2.53 2.78 3.14 2.82 2.38 2.45 2.34 3.51 2.05 2.77 3.6 3.44 3.46 3.35 3.35 2.29 2.31 2.29 4.15 3.01 3.34 3.46 2.81 3.22
5.7 4.97 4.67 4.42 3.96 2.25 2.04 2.07 3.02 4.37 4.32 4.32 2.95 2.54 2.58 2.42 2.42 2.51 2.04 3.24 1.12 2.41 2.44 2.35 2.76 2.37 2.13 2.13 1.48 2.1 3.13 2.19 2.34 2.94 2.63 2.64 2.53 1.65 2.94 2.71 2.47 3.15 3.07 3.07 2.65 2.56 2.97 3.22 3.1 3.25 3.58 2.59 2.68 2.45 3.23 2.71 2.81 2.88 3.41 3.41 2.77 2.54 1.5 3.7 2.08 2.39 2.25 2.57 1.98 3.5 2.21 3.68 3.76 3.54 3.21 3.21 2.57 2.28 4.16 3.19 2.68 2.48 3.13 2.99 3.27
4.72 4.25 4.38 3.92 3.27 2.53 1.83 2.0 1.96 1.8 1.85 1.85 1.73 1.97 2.27 3.29 4.36 4.65 2.17 0.7 2.79 2.41 2.64 2.55 2.18 2.17 3.18 3.18 3.31 1.9 2.59 2.34 2.68 2.33 2.5 2.56 2.9 2.69 2.87 2.82 4.64 2.27 1.33 1.33 2.13 2.66 2.65 2.65 2.96 3.71 2.69 2.32 2.84 3.01 1.97 2.77 3.2 1.91 3.59 3.59 2.65 2.6 1.2 3.48 2.23 2.66 2.43 5.46 1.83 2.05 1.66 3.48 3.03 3.56 4.18 4.18 2.48 2.32 3.99 3.21 3.36 2.76 2.9 3.43 3.22
4.37 4.12 3.36 3.24 3.21 3.36 2.34 2.89 3.14 2.95 2.05 2.05 1.98 1.89 2.28 2.35 2.38 2.42 2.46 0.51 2.58 2.65 2.51 2.28 2.13 2.09 1.64 1.64 2.86 2.45 2.02 2.25 2.81 1.76 2.6 2.56 2.66 3.34 2.65 2.63 2.75 1.75 3.64 3.64 2.87 2.48 3.95 3.4 2.68 2.27 2.71 2.81 2.16 2.58 2.87 2.03 3.3 3.88 2.58 2.58 3.2 2.86 3.28 2.39 2.32 2.29 2.57 2.05 1.79 3.62 2.22 3.51 2.38 2.14 3.82 3.82 2.41 4.3 3.17 3.27 3.1 2.98 3.05 3.01 3.24
4.46 3.27 3.12 3.03 2.69 3.27 3.17 2.59 2.69 2.56 2.73 2.73 2.72 2.77 3.05 2.53 1.66 2.03 3.25 0.4 3.5 2.72 2.24 2.25 2.0 3.64 2.07 2.07 2.27 1.99 2.07 2.54 2.37 2.55 2.52 2.45 3.12 2.66 2.41 3.59 2.03 3.32 1.61 1.61 2.5 2.57 2.56 2.61 2.81 2.02 2.34 3.16 2.07 3.3 2.54 2.74 2.26 4.71 1.9 1.9 3.17 1.66 2.07 1.84 2.48 2.36 3.51 2.14 2.03 2.18 2.31 3.16 1.83 2.44 3.23 3.23 3.92 3.91 3.47 2.49 2.82 2.79 3.46 3.06 3.24
3.66 3.59 3.14 2.44 2.38 2.79 3.14 2.86 2.19 2.28 2.34 2.34 2.09 2.45 2.54 2.38 2.06 3.05 2.25 2.61 3.0 0.9 3.01 2.14 2.9 2.66 3.12 3.12 2.34 3.11 2.48 2.84 2.5 2.51 2.3 2.79 2.57 2.59 3.59 1.86 2.12 1.92 1.75 1.75 2.59 2.57 2.49 2.44 1.89 2.65 2.25 2.59 2.42 2.04 2.27 2.74 2.46 4.33 2.06 2.06 3.11 2.11 2.08 2.07 2.4 2.34 3.13 2.1 3.48 2.24 3.51 2.32 2.19 2.27 4.69 4.69 2.28 3.48 3.46 2.72 2.98 2.74 3.22 3.5 3.26
3.2 1.74 1.6 2.95 2.81 2.59 2.29 2.8 2.64 2.43 2.3 2.3 2.44 2.34 2.22 2.35 3.21 2.38 3.06 3.24 1.7 3.01 2.45 2.34 2.13 1.86 1.82 1.82 1.97 1.15 2.54 2.39 3.27 3.2 2.67 2.83 2.53 3.34 1.96 1.66 3.13 1.76 3.85 3.85 2.5 2.36 2.36 2.99 1.96 1.97 2.0 2.84 2.0 3.31 2.32 2.92 2.67 2.28 2.29 2.29 2.62 3.17 2.32 2.12 2.03 1.78 1.99 2.08 2.42 2.01 3.24 1.72 1.99 3.8 2.7 2.7 4.22 1.83 2.95 3.03 2.88 2.89 2.98 3.56 3.55
2.94 2.9 2.0 1.51 1.41 2.92 2.92 2.57 2.47 3.53 2.35 2.35 2.32 2.46 2.84 2.51 0.34 1.37 2.0 2.65 1.44 1.38 2.28 1.78 2.94 1.84 1.95 1.95 3.01 1.26 2.78 2.32 1.51 2.57 2.88 2.61 2.77 2.59 1.71 3.44 1.73 3.11 2.44 2.44 2.13 2.28 2.23 2.38 3.25 2.1 1.87 1.9 2.47 3.05 2.42 2.84 4.1 1.86 3.78 3.78 2.53 2.95 2.31 2.02 1.89 1.71 3.26 1.87 2.4 1.77 2.96 2.44 1.82 3.09 3.19 3.19 4.29 2.26 2.74 2.84 3.16 3.08 3.36 3.06 3.4
2.45 2.76 2.33 3.05 2.02 1.76 1.49 2.56 2.79 1.71 2.81 2.81 3.42 3.13 0.92 2.62 3.25 2.38 2.79 2.3 2.53 1.93 1.77 1.73 1.07 1.14 1.84 1.84 3.42 3.18 2.43 3.51 1.87 2.48 2.58 2.62 3.89 2.23 2.84 1.66 1.91 2.47 2.3 2.3 2.36 2.16 2.39 2.13 2.46 2.73 3.32 1.93 1.93 2.85 2.84 2.4 3.19 2.09 2.68 2.68 2.77 1.0 3.27 2.13 2.04 1.63 3.21 1.97 3.45 2.15 3.64 2.03 3.79 3.87 3.15 3.15 3.03 4.92 3.14 2.86 2.82 2.86 3.28 3.05 3.33
2.45 2.76 2.33 3.05 2.02 1.76 1.49 2.56 2.79 1.71 2.81 2.81 3.42 3.13 0.92 2.62 3.25 2.38 2.79 2.3 2.53 1.93 1.77 1.73 1.07 1.14 1.84 1.84 3.42 3.18 2.43 3.51 1.87 2.48 2.58 2.62 3.89 2.23 2.84 1.66 1.91 2.47 2.3 2.3 2.36 2.16 2.39 2.13 2.46 2.73 3.32 1.93 1.93 2.85 2.84 2.4 3.19 2.09 2.68 2.68 2.77 1.0 3.27 2.13 2.04 1.63 3.21 1.97 3.45 2.15 3.64 2.03 3.79 3.87 3.15 3.15 3.03 4.92 3.14 2.86 2.82 2.86 3.28 3.05 3.33
