includes/oleron/floodfiles/results_R2_t1.562608441572E12/res-0004.wdfp
ncols         631
nrows         906
xllcorner     364927.146667
yllcorner     6531972.565556
cellsize      20.000000
NODATA_value  -9999.000000
[rows 408 to 441 of 906, columns 462 to 538 of 631]
0.000 0.000 0.000 0.000 0.000 0.000 0.000 0.000 0.000 0.000 3.010 3.270 3.170 3.150 3.340 3.310 3.310 3.440 3.380 3.910 3.571 3.641 3.631 3.592 3.552 3.692 3.713 3.713 3.884 3.904 3.864 3.925 3.865 3.886 3.856 3.837 3.887 4.403 4.433 4.458 4.484 4.510 4.535 4.561 4.587 4.613 4.639 4.664 4.690 4.716 4.742 4.768 4.793 4.820 4.847 4.873 4.900 4.927 4.953 4.969 4.979 4.990 5.000 5.011 5.021 5.032 5.042 5.053 5.063 5.074 5.096 5.128 5.161 5.194 5.227 5.259 5.280
0.000 0.000 0.000 0.000 0.000 0.000 0.000 0.000 0.000 0.000 3.061 3.171 3.200 3.340 3.160 3.290 3.310 3.420 3.461 3.341 3.331 3.861 3.902 3.682 3.782 3.803 3.693 3.663 3.874 3.774 4.170 3.955 4.236 3.956 3.836 3.887 4.370 4.404 3.958 4.459 4.484 4.510 4.536 4.561 4.587 4.613 4.639 4.664 4.690 4.716 4.742 4.768 4.793 4.820 4.846 4.873 4.900 4.926 4.948 4.958 4.969 4.980 4.990 5.001 5.011 5.022 5.032 5.043 5.053 5.064 5.074 5.105 5.138 5.170 5.203 5.233 5.244
0.000 0.000 0.000 0.000 0.000 0.000 0.000 0.000 0.000 2.831 2.911 3.161 3.041 3.151 3.151 3.301 3.341 3.461 3.471 3.381 3.521 3.432 3.552 3.562 3.612 3.623 3.763 3.734 3.694 3.874 3.785 3.845 3.916 4.265 4.298 3.917 3.907 4.402 4.434 4.460 4.485 4.510 4.536 4.562 4.587 4.613 4.639 4.665 4.690 4.716 4.742 4.768 4.793 4.819 4.846 4.873 4.899 4.926 4.938 4.948 4.959 4.969 4.980 4.990 5.001 5.011 5.022 5.032 5.043 5.053 5.064 5.081 5.114 5.147 5.179 5.198 5.209
0.000 0.000 0.000 0.000 0.000 0.000 0.000 0.000 0.000 2.971 3.051 3.061 3.141 3.121 3.181 3.251 3.301 3.301 3.361 3.421 3.382 3.412 3.592 3.562 3.633 3.603 3.763 3.724 3.774 3.875 3.895 3.945 4.226 4.260 3.956 4.327 4.362 3.888 4.436 4.461 4.486 4.512 4.537 4.562 4.588 4.613 4.639 4.665 4.690 4.716 4.742 4.768 4.794 4.819 4.846 4.872 4.899 4.917 4.927 4.938 4.948 4.959 4.969 4.980 4.990 5.001 5.011 5.022 5.032 5.043 5.053 5.064 5.090 5.123 5.151 5.163 5.174
0.000 0.000 0.000 0.000 0.000 0.000 0.000 0.000 0.000 2.991 3.021 3.011 3.051 3.251 3.121 3.241 3.301 3.391 3.442 3.572 3.412 3.572 3.632 3.653 3.603 3.753 3.764 3.734 3.754 3.745 3.845 4.188 3.936 3.926 3.947 3.807 3.917 4.397 3.938 4.462 4.488 4.513 4.538 4.564 4.589 4.614 4.640 4.665 4.691 4.716 4.742 4.768 4.794 4.819 4.845 4.872 4.896 4.906 4.917 4.927 4.938 4.948 4.959 4.969 4.980 4.990 5.001 5.011 5.022 5.032 5.043 5.053 5.067 5.099 5.116 5.127 5.138
0.000 0.000 0.000 0.000 0.000 0.000 0.000 0.000 2.831 2.961 2.751 3.101 3.211 3.171 3.141 3.302 3.392 3.252 3.402 3.492 3.432 3.522 3.603 3.693 3.703 3.684 3.694 3.734 3.755 3.745 3.935 4.183 3.856 3.866 4.284 3.917 4.357 3.948 3.938 4.463 4.489 4.514 4.539 4.565 4.590 4.616 4.641 4.666 4.692 4.717 4.743 4.768 4.794 4.819 4.845 4.872 4.885 4.896 4.906 4.917 4.927 4.938 4.949 4.959 4.970 4.980 4.991 5.001 5.011 5.022 5.032 5.043 5.053 5.070 5.081 5.092 5.103
0.000 0.000 0.000 0.000 0.000 0.000 0.000 0.000 2.811 2.951 3.071 3.001 3.172 3.152 3.302 3.272 3.182 3.362 3.352 3.473 3.473 3.593 3.523 3.643 3.674 3.704 3.654 3.674 3.775 3.755 3.875 3.816 4.212 3.906 4.281 4.318 4.355 3.938 3.958 4.465 4.490 4.515 4.541 4.566 4.591 4.617 4.642 4.667 4.693 4.718 4.744 4.769 4.795 4.820 4.845 4.865 4.875 4.886 4.896 4.907 4.918 4.929 4.940 4.951 4.961 4.972 4.983 4.994 5.005 5.015 5.026 5.037 5.048 5.087 5.106 5.119 5.132
0.000 0.000 0.000 0.000 0.000 0.000 0.000 0.000 2.711 2.871 2.881 2.982 3.052 3.112 3.152 3.302 3.302 3.363 3.343 3.353 3.553 3.503 3.643 3.614 3.574 3.664 3.744 3.695 3.665 3.725 3.816 3.796 3.876 3.786 3.927 4.316 4.352 4.389 3.958 4.463 4.491 4.516 4.542 4.567 4.593 4.618 4.643 4.669 4.694 4.719 4.745 4.770 4.796 4.821 4.839 4.858 4.871 4.882 4.892 4.903 4.914 4.925 4.936 4.947 4.958 4.968 4.979 4.990 5.001 5.012 5.022 5.033 5.048 5.099 5.144 5.157 5.170
0.000 0.000 0.000 0.000 0.000 0.000 0.000 0.000 0.000 2.751 3.132 2.962 3.142 3.132 3.192 3.113 3.253 3.313 3.433 3.413 3.393 3.473 3.564 3.554 3.624 3.754 3.685 3.715 3.785 3.785 3.776 3.906 4.202 4.239 4.276 4.313 4.350 4.387 3.938 4.461 4.492 4.518 4.543 4.568 4.594 4.619 4.644 4.670 4.695 4.721 4.746 4.771 4.793 4.810 4.827 4.846 4.866 4.878 4.889 4.900 4.910 4.921 4.932 4.943 4.954 4.965 4.975 4.986 4.997 5.008 5.019 5.029 5.060 5.111 5.161 5.195 5.209
0.000 0.000 0.000 0.000 0.000 0.000 0.000 0.000 0.000 2.722 2.972 3.062 3.152 3.112 3.203 3.193 3.283 3.283 3.373 3.553 3.484 3.664 3.674 3.564 3.724 3.625 3.705 3.755 3.775 3.785 3.756 3.726 3.816 3.897 3.927 4.311 3.918 4.384 4.421 4.458 4.493 4.519 4.544 4.570 4.595 4.620 4.646 4.671 4.696 4.722 4.746 4.764 4.781 4.798 4.815 4.835 4.854 4.874 4.885 4.896 4.907 4.917 4.928 4.939 4.950 4.961 4.972 4.982 4.993 5.004 5.015 5.026 5.072 5.123 5.173 5.224 5.247
0.000 0.000 0.000 0.000 0.000 0.000 0.000 0.000 0.000 2.752 2.932 2.962 3.152 3.063 3.153 3.143 3.153 3.324 3.384 3.374 3.454 3.464 3.454 3.604 3.555 3.585 3.685 3.735 3.675 3.726 3.886 3.776 3.907 3.877 3.947 3.817 4.345 4.382 4.419 4.456 4.493 4.520 4.545 4.571 4.596 4.621 4.647 4.672 4.698 4.717 4.734 4.751 4.768 4.785 4.803 4.823 4.843 4.863 4.881 4.892 4.903 4.914 4.924 4.935 4.946 4.957 4.968 4.979 4.989 5.000 5.011 5.033 5.084 5.134 5.185 5.236 5.285
0.000 0.000 0.000 0.000 0.000 0.000 0.000 0.000 0.000 0.000 2.992 2.982 3.112 3.013 3.263 3.253 3.174 3.234 3.334 3.414 3.464 3.484 3.605 3.595 3.625 3.625 3.675 3.745 3.786 3.796 3.886 3.756 3.797 3.927 3.877 3.827 4.343 4.379 4.416 3.939 3.959 4.521 4.547 4.572 4.597 4.623 4.648 4.671 4.688 4.705 4.722 4.739 4.756 4.773 4.791 4.811 4.831 4.851 4.871 4.888 4.899 4.910 4.921 4.932 4.942 4.953 4.964 4.975 4.986 4.996 5.007 5.045 5.096 5.146 5.197 5.247 5.298
0.000 0.000 0.000 0.000 0.000 0.000 0.000 0.000 0.000 0.000 3.042 2.982 2.993 2.993 3.213 3.234 3.194 3.234 3.324 3.304 3.325 3.445 3.545 3.565 3.585 3.655 3.705 3.706 3.726 3.706 3.806 3.817 3.877 3.957 3.897 4.303 4.340 4.377 4.414 4.451 4.487 3.959 4.548 4.573 4.598 4.624 4.641 4.658 4.676 4.693 4.710 4.727 4.744 4.761 4.779 4.799 4.819 4.839 4.859 4.879 4.895 4.906 4.917 4.928 4.939 4.949 4.960 4.971 4.982 4.993 5.006 5.057 5.108 5.158 5.209 5.259 5.310
0.000 0.000 0.000 0.000 0.000 0.000 0.000 0.000 0.000 0.000 2.952 3.073 2.903 2.973 3.053 3.164 3.274 3.244 3.335 3.375 3.345 3.565 3.495 3.395 3.545 3.636 3.666 3.716 3.736 3.756 3.717 3.807 3.777 3.927 4.264 3.948 4.338 4.374 4.411 4.448 4.485 4.522 4.549 4.574 4.595 4.612 4.629 4.646 4.663 4.680 4.697 4.714 4.731 4.749 4.767 4.787 4.807 4.827 4.847 4.867 4.887 4.902 4.913 4.924 4.935 4.946 4.956 4.967 4.978 4.989 5.018 5.069 5.119 5.170 5.220 5.271 5.322
0.000 0.000 0.000 0.000 0.000 0.000 0.000 0.000 0.000 0.000 0.000 3.093 3.023 2.953 3.034 3.164 3.284 3.265 3.255 3.335 3.425 3.405 3.445 3.606 3.666 3.646 3.626 3.726 3.866 3.797 3.717 3.887 3.887 3.867 3.857 3.908 4.335 3.908 3.949 4.446 4.482 4.519 4.549 4.566 4.583 4.600 4.617 4.634 4.651 4.668 4.685 4.702 4.719 4.736 4.756 4.776 4.795 4.815 4.836 4.856 4.876 4.896 4.910 4.920 4.931 4.942 4.953 4.963 4.974 4.985 5.030 5.081 5.131 5.182 5.232 5.283 5.334
0.000 0.000 0.000 0.000 0.000 0.000 0.000 0.000 0.000 0.000 0.000 2.893 3.153 2.934 3.124 3.214 3.235 3.325 3.295 3.275 3.256 3.386 3.426 3.536 3.616 3.576 3.656 3.676 3.797 3.777 3.717 3.847 3.817 3.837 4.258 4.295 3.918 3.858 3.939 4.442 4.479 4.516 4.537 4.554 4.571 4.588 4.605 4.622 4.639 4.656 4.673 4.690 4.707 4.724 4.744 4.764 4.784 4.804 4.824 4.844 4.864 4.884 4.904 4.917 4.927 4.938 4.949 4.960 4.970 4.991 5.042 5.093 5.143 5.194 5.244 5.295 5.345
0.000 0.000 0.000 0.000 0.000 0.000 0.000 0.000 0.000 0.000 0.000 0.000 2.974 3.004 3.024 3.155 3.205 3.305 3.266 3.276 3.386 3.376 3.436 3.546 3.627 3.467 3.677 3.547 3.677 3.747 3.747 3.807 3.787 3.808 3.918 4.292 3.948 4.366 3.809 3.929 4.476 4.510 4.526 4.542 4.558 4.575 4.592 4.609 4.626 4.643 4.660 4.677 4.695 4.712 4.732 4.752 4.772 4.792 4.812 4.832 4.852 4.872 4.892 4.912 4.924 4.934 4.945 4.956 4.967 5.003 5.054 5.104 5.155 5.206 5.256 5.307 5.357
0.000 0.000 0.000 0.000 0.000 0.000 0.000 0.000 0.000 0.000 0.000 0.000 2.844 3.054 3.015 3.105 3.175 3.266 3.346 3.236 3.286 3.387 3.437 3.417 3.507 3.527 3.587 3.707 3.767 3.707 3.727 3.728 3.848 3.808 3.858 4.289 4.326 4.362 4.399 4.436 4.473 4.498 4.514 4.530 4.546 4.563 4.580 4.597 4.614 4.631 4.648 4.665 4.682 4.700 4.720 4.740 4.760 4.780 4.800 4.820 4.840 4.860 4.880 4.900 4.920 4.931 4.941 4.952 4.965 5.015 5.066 5.116 5.167 5.217 5.268 5.319 5.369
0.000 0.000 0.000 0.000 0.000 0.000 0.000 0.000 0.000 0.000 0.000 0.000 0.000 2.915 3.015 3.025 3.126 3.196 3.346 3.427 3.347 3.317 3.397 3.477 3.657 3.537 3.567 3.607 3.697 3.677 3.878 3.808 3.808 3.918 3.848 3.908 3.908 4.359 4.396 4.433 4.470 4.487 4.503 4.519 4.535 4.551 4.568 4.585 4.602 4.619 4.636 4.653 4.670 4.688 4.708 4.728 4.748 4.768 4.788 4.808 4.828 4.848 4.868 4.888 4.908 4.927 4.938 4.948 4.977 5.027 5.078 5.128 5.179 5.229 5.280 5.330 5.381
0.000 0.000 0.000 0.000 0.000 0.000 0.000 0.000 0.000 0.000 0.000 0.000 0.000 2.835 3.025 2.986 3.046 3.236 3.207 3.417 3.277 3.447 3.357 3.498 3.588 3.628 3.658 3.658 3.688 3.848 3.888 3.778 3.938 3.798 3.828 3.858 4.319 3.949 4.393 4.430 4.460 4.476 4.492 4.508 4.524 4.540 4.556 4.572 4.589 4.607 4.624 4.641 4.658 4.676 4.696 4.716 4.736 4.756 4.776 4.796 4.816 4.836 4.856 4.876 4.896 4.916 4.934 4.945 4.989 5.039 5.090 5.140 5.191 5.241 5.292 5.342 5.392
0.000 0.000 0.000 0.000 0.000 0.000 0.000 0.000 0.000 0.000 0.000 0.000 0.000 0.000 3.076 2.946 3.106 3.137 3.267 3.327 3.417 3.408 3.478 3.398 3.498 3.498 3.678 3.598 3.668 3.678 3.728 3.718 3.748 3.828 3.929 3.839 3.919 3.799 4.390 4.427 4.449 4.465 4.481 4.497 4.513 4.529 4.545 4.561 4.577 4.594 4.611 4.628 4.645 4.665 4.684 4.704 4.724 4.744 4.764 4.784 4.804 4.824 4.845 4.865 4.885 4.905 4.925 4.950 5.000 5.048 5.095 5.143 5.191 5.239 5.286 5.334 5.382
0.000 0.000 0.000 0.000 0.000 0.000 0.000 0.000 0.000 0.000 0.000 0.000 0.000 0.000 2.606 2.916 3.037 2.987 3.237 3.318 3.368 3.538 3.348 3.478 3.428 3.558 3.588 3.578 3.668 3.848 3.788 3.678 3.659 3.809 4.240 3.919 4.313 3.919 4.387 4.422 4.438 4.453 4.469 4.485 4.501 4.517 4.533 4.549 4.566 4.582 4.599 4.616 4.633 4.653 4.673 4.693 4.712 4.732 4.752 4.772 4.793 4.813 4.833 4.853 4.874 4.895 4.917 4.946 4.989 5.037 5.085 5.132 5.180 5.228 5.276 5.323 5.371
0.000 0.000 0.000 0.000 0.000 0.000 0.000 0.000 0.000 0.000 0.000 0.000 0.000 0.000 0.000 2.887 3.077 3.117 3.208 3.218 3.328 3.478 3.399 3.399 3.479 3.409 3.419 3.519 3.579 3.669 3.629 3.809 3.869 3.789 3.889 3.859 3.939 4.347 4.384 4.410 4.426 4.442 4.458 4.474 4.490 4.506 4.522 4.538 4.554 4.570 4.587 4.604 4.621 4.641 4.661 4.681 4.701 4.721 4.741 4.761 4.782 4.804 4.825 4.847 4.868 4.889 4.911 4.944 4.982 5.026 5.074 5.122 5.169 5.217 5.265 5.312 5.360
0.000 0.000 0.000 0.000 0.000 0.000 0.000 0.000 0.000 0.000 0.000 0.000 0.000 0.000 0.000 2.107 3.067 3.018 3.078 3.138 3.299 3.419 3.269 3.409 3.399 3.529 3.469 3.649 3.619 3.659 3.639 3.759 3.849 3.779 3.799 3.839 3.859 4.344 4.381 3.890 3.930 4.431 4.447 4.463 4.479 4.495 4.511 4.527 4.543 4.559 4.575 4.591 4.609 4.629 4.649 4.669 4.690 4.712 4.733 4.755 4.776 4.798 4.819 4.841 4.862 4.883 4.905 4.942 4.980 5.018 5.063 5.111 5.159 5.206 5.254 5.302 5.349
0.000 0.000 0.000 0.000 0.000 0.000 0.000 0.000 0.000 0.000 0.000 0.000 0.000 0.000 0.000 0.000 2.508 3.148 3.108 3.139 3.259 3.289 3.389 3.449 3.539 3.469 3.639 3.609 3.619 3.619 3.689 3.799 3.729 3.729 3.849 3.870 4.304 3.850 3.890 4.388 4.404 4.420 4.436 3.941 4.468 4.484 4.500 4.516 4.532 4.548 4.564 4.580 4.599 4.620 4.642 4.663 4.684 4.706 4.727 4.749 4.770 4.792 4.813 4.835 4.856 4.877 4.903 4.940 4.978 5.016 5.054 5.100 5.148 5.196 5.243 5.291 5.339
0.000 0.000 0.000 0.000 0.000 0.000 0.000 0.000 0.000 0.000 0.000 0.000 0.000 0.000 0.000 0.000 0.000 2.929 3.159 3.139 3.219 3.260 3.470 3.440 3.350 3.390 3.450 3.450 3.600 3.640 3.710 3.710 3.680 3.750 3.900 3.890 3.900 3.960 3.930 4.377 4.393 4.409 4.425 4.441 4.457 4.473 4.489 4.506 4.523 4.540 4.557 4.574 4.594 4.614 4.636 4.657 4.678 4.700 4.721 4.743 4.764 4.786 4.807 4.829 4.850 4.872 4.900 4.938 4.976 5.014 5.052 5.090 5.137 5.185 5.233 5.280 5.328
0.000 0.000 0.000 0.000 0.000 0.000 0.000 0.000 0.000 0.000 0.000 0.000 0.000 0.000 0.000 0.000 0.000 2.109 3.119 3.149 3.240 3.310 3.320 3.360 3.530 3.390 3.520 3.500 3.480 3.560 3.720 3.670 3.750 3.810 3.790 3.810 3.710 4.334 3.930 3.920 3.931 4.398 4.414 4.431 4.448 4.465 4.482 4.499 4.517 4.534 4.551 4.568 4.588 4.609 4.630 4.651 4.673 4.694 4.715 4.737 4.758 4.780 4.801 4.823 4.844 4.866 4.898 4.936 4.974 5.012 5.050 5.087 5.126 5.174 5.222 5.270 5.317
0.000 0.000 0.000 0.000 0.000 0.000 0.000 0.000 0.000 0.000 0.000 0.000 0.000 0.000 0.000 0.000 0.000 0.000 2.560 3.000 3.160 3.270 3.250 3.260 3.380 3.410 3.400 3.540 3.590 3.620 3.630 3.700 3.670 3.650 3.740 3.910 3.811 3.941 4.340 3.921 4.374 4.391 4.408 4.425 4.442 4.459 4.476 4.494 4.511 4.528 4.545 4.563 4.583 4.604 4.624 4.645 4.667 4.688 4.709 4.731 4.752 4.774 4.795 4.817 4.838 4.860 4.896 4.934 4.972 5.010 5.048 5.085 5.123 5.163 5.211 5.259 5.306
0.000 0.000 0.000 0.000 0.000 0.000 0.000 0.000 0.000 0.000 0.000 0.000 0.000 0.000 0.000 0.000 0.000 0.000 0.000 2.970 3.101 3.211 3.321 3.391 3.231 3.341 3.471 3.451 3.521 3.501 3.641 3.731 3.801 3.821 3.851 3.921 3.831 3.941 3.941 3.881 3.941 4.385 4.402 4.419 4.436 4.453 4.470 4.488 4.505 4.522 4.539 4.558 4.578 4.599 4.619 4.640 4.661 4.682 4.703 4.725 4.746 4.768 4.789 4.811 4.832 4.857 4.895 4.932 4.970 5.008 5.046 5.083 5.121 5.159 5.200 5.248 5.296
0.000 0.000 0.000 0.000 0.000 0.000 0.000 0.000 0.000 0.000 0.000 0.000 0.000 0.000 0.000 0.000 0.000 0.000 0.000 1.991 2.961 3.071 3.181 3.281 3.331 3.441 3.561 3.501 3.501 3.481 3.591 3.601 3.711 3.721 3.731 3.811 3.791 3.881 4.310 4.345 3.912 4.379 4.396 4.413 4.430 4.447 4.465 4.482 4.499 4.516 4.533 4.553 4.573 4.594 4.614 4.635 4.655 4.676 4.698 4.719 4.740 4.762 4.783 4.805 4.826 4.855 4.893 4.930 4.968 5.006 5.044 5.081 5.119 5.157 5.195 5.237 5.285
0.000 0.000 0.000 0.000 0.000 0.000 0.000 0.000 0.000 0.000 0.000 0.000 0.000 0.000 0.000 0.000 0.000 0.000 0.000 0.000 2.351 3.121 3.041 3.071 3.321 3.421 3.431 3.501 3.471 3.591 3.571 3.541 3.661 3.711 3.792 3.782 3.842 3.782 3.832 4.332 3.912 4.373 4.390 4.407 4.425 4.442 4.459 4.476 4.493 4.510 4.527 4.547 4.568 4.588 4.609 4.630 4.650 4.671 4.692 4.713 4.735 4.756 4.778 4.799 4.820 4.853 4.891 4.928 4.966 5.004 5.042 5.079 5.117 5.155 5.193 5.230 5.274
0.000 0.000 0.000 0.000 0.000 0.000 0.000 0.000 0.000 0.000 0.000 0.000 0.000 0.000 0.000 0.000 0.000 0.000 0.000 0.000 1.321 2.891 3.131 3.131 3.261 3.331 3.422 3.362 3.412 3.552 3.582 3.582 3.662 3.692 3.792 3.722 3.917 3.882 3.932 4.245 4.351 3.922 3.963 4.402 4.419 4.436 4.453 4.470 4.487 4.504 4.522 4.542 4.563 4.583 4.604 4.624 4.645 4.666 4.686 4.707 4.729 4.750 4.772 4.793 4.815 4.851 4.889 4.926 4.964 5.002 5.040 5.077 5.115 5.153 5.191 5.228 5.266
0.000 0.000 0.000 0.000 0.000 0.000 0.000 0.000 0.000 0.000 0.000 0.000 0.000 0.000 0.000 0.000 0.000 0.000 0.000 0.000 0.000 1.861 3.131 3.002 3.162 3.372 3.382 3.442 3.502 3.342 3.612 3.512 3.682 3.772 3.722 3.822 3.792 3.939 3.953 3.953 3.963 4.362 4.379 3.963 4.413 4.430 4.447 4.464 4.481 4.498 4.517 4.537 4.558 4.578 4.599 4.619 4.640 4.661 4.681 4.702 4.723 4.744 4.766 4.787 4.811 4.849 4.887 4.924 4.962 5.000 5.038 5.075 5.113 5.151 5.189 5.226 5.261
0.000 0.000 0.000 0.000 0.000 0.000 0.000 0.000 0.000 0.000 0.000 0.000 0.000 0.000 0.000 0.000 0.000 0.000 0.000 0.000 0.000 0.000 2.212 3.132 3.072 3.332 3.312 3.372 3.492 3.462 3.432 3.662 3.603 3.633 3.693 3.833 3.723 3.803 3.923 3.883 3.883 4.289 4.373 4.390 3.934 4.424 4.441 4.458 4.475 4.492 4.512 4.532 4.553 4.573 4.594 4.614 4.635 4.655 4.676 4.697 4.717 4.739 4.760 4.781 4.809 4.847 4.885 4.923 4.960 4.998 5.036 5.073 5.111 5.142 5.169 5.197 5.224
