includes/oleron/floodfiles/results_R2_t1.562608441572E12/res-0008.wd
ncols         631
nrows         906
xllcorner     364927.146667
yllcorner     6531972.565556
cellsize      20.000000
NODATA_value  -9999.000000
[rows 204 to 237 of 906, columns 385 to 461 of 631]
0.000 0.000 0.015 0.117 0.157 0.011 0.016 0.049 0.084 0.047 0.154 0.118 0.168 0.086 0.268 0.187 0.637 0.663 0.687 0.714 0.173 0.229 0.226 0.806 0.833 0.859 0.886 0.912 0.941 0.976 1.011 1.038 1.046 1.054 1.061 1.069 1.077 1.085 1.092 1.100 1.107 1.114 1.134 1.176 1.217 1.259 1.301 1.342 1.384 1.424 1.460 1.497 1.533 1.570 1.606 1.604 1.597 1.590 1.582 1.575 1.567 1.560 1.553 1.545 1.534 1.519 1.503 1.495 1.506 1.516 1.519 1.521 1.524 1.526 1.529 1.531 1.533
0.000 0.002 0.005 0.000 0.001 0.010 0.053 0.046 0.073 0.096 0.234 0.157 0.157 0.274 0.268 0.196 0.630 0.182 0.680 0.226 0.725 0.751 0.777 0.802 0.828 0.854 0.880 0.906 0.938 0.973 1.007 1.042 1.067 1.075 1.083 1.091 1.099 1.106 1.114 1.122 1.129 1.137 1.165 1.206 1.248 1.290 1.331 1.373 1.415 1.457 1.497 1.534 1.570 1.607 1.643 1.636 1.629 1.622 1.614 1.607 1.599 1.592 1.579 1.563 1.548 1.532 1.517 1.511 1.522 1.534 1.545 1.550 1.552 1.555 1.557 1.560 1.562
0.000 0.012 0.000 0.075 0.014 0.010 0.076 0.078 0.172 0.167 0.156 0.176 0.205 0.576 0.208 0.165 0.623 0.212 0.672 0.696 0.719 0.744 0.770 0.796 0.822 0.848 0.874 0.900 0.935 0.969 1.004 1.039 1.074 1.097 1.105 1.113 1.121 1.128 1.136 1.144 1.151 1.159 1.195 1.237 1.279 1.320 1.362 1.404 1.446 1.488 1.530 1.571 1.607 1.644 1.675 1.668 1.661 1.653 1.646 1.639 1.623 1.608 1.592 1.577 1.562 1.546 1.531 1.528 1.539 1.550 1.561 1.572 1.581 1.583 1.586 1.588 1.591
0.027 0.040 0.045 0.055 0.128 0.164 0.059 0.040 0.035 0.128 0.040 0.095 0.133 0.165 0.127 0.194 0.616 0.641 0.666 0.214 0.711 0.738 0.764 0.790 0.816 0.842 0.868 0.897 0.931 0.966 1.001 1.036 1.071 1.106 1.127 1.135 1.142 1.150 1.158 1.166 1.173 1.184 1.226 1.268 1.309 1.351 1.393 1.435 1.476 1.518 1.560 1.602 1.644 1.681 1.707 1.700 1.692 1.683 1.667 1.652 1.637 1.621 1.606 1.591 1.575 1.560 1.544 1.543 1.555 1.566 1.577 1.588 1.599 1.610 1.614 1.617 1.619
0.095 0.007 0.131 0.007 0.068 0.136 0.008 0.028 0.157 0.028 0.079 0.032 0.202 0.154 0.195 0.603 0.083 0.230 0.207 0.681 0.200 0.731 0.758 0.784 0.810 0.836 0.863 0.893 0.928 0.963 0.998 1.033 1.068 1.102 1.137 1.156 1.164 1.172 1.180 1.187 1.195 1.215 1.256 1.298 1.340 1.381 1.423 1.465 1.507 1.549 1.591 1.633 1.675 1.717 1.738 1.726 1.711 1.696 1.681 1.665 1.650 1.635 1.619 1.604 1.589 1.573 1.558 1.559 1.570 1.581 1.592 1.604 1.615 1.626 1.637 1.645 1.647
0.022 0.058 0.031 0.045 0.029 0.167 0.025 0.048 0.038 0.076 0.196 0.126 0.116 0.213 0.274 0.216 0.172 0.163 0.224 0.673 0.700 0.725 0.752 0.778 0.804 0.830 0.857 0.890 0.925 0.960 0.995 1.029 1.064 1.099 1.134 1.169 1.186 1.194 1.201 1.209 1.217 1.245 1.287 1.328 1.370 1.412 1.454 1.495 1.537 1.579 1.621 1.663 1.700 1.723 1.742 1.739 1.724 1.709 1.694 1.678 1.663 1.648 1.633 1.617 1.602 1.587 1.571 1.575 1.586 1.597 1.608 1.619 1.630 1.642 1.653 1.664 1.675
0.023 0.143 0.011 0.007 0.003 0.089 0.000 0.040 0.059 0.028 0.038 0.134 0.158 0.128 0.184 0.173 0.227 0.241 0.641 0.666 0.693 0.719 0.746 0.772 0.798 0.824 0.852 0.887 0.922 0.957 0.991 1.026 1.061 1.096 1.131 1.166 1.201 1.215 1.223 1.231 1.239 1.275 1.317 1.359 1.400 1.442 1.484 1.526 1.568 1.607 1.630 1.653 1.676 1.699 1.716 1.729 1.737 1.722 1.707 1.692 1.676 1.661 1.646 1.631 1.615 1.600 1.585 1.591 1.602 1.613 1.624 1.635 1.646 1.657 1.668 1.679 1.690
0.011 0.011 0.016 0.002 0.045 0.029 0.091 0.031 0.025 0.053 0.179 0.134 0.119 0.121 0.065 0.208 0.569 0.606 0.226 0.659 0.686 0.713 0.739 0.766 0.792 0.818 0.849 0.884 0.918 0.953 0.988 1.023 1.058 1.093 1.128 1.163 1.197 1.232 1.245 1.253 1.264 1.305 1.347 1.389 1.431 1.472 1.514 1.538 1.560 1.583 1.606 1.629 1.652 1.675 1.691 1.704 1.717 1.730 1.720 1.705 1.689 1.674 1.659 1.644 1.628 1.613 1.598 1.606 1.617 1.628 1.639 1.651 1.662 1.673 1.684 1.695 1.706
0.015 0.010 0.005 0.027 0.041 0.014 0.018 0.035 0.005 0.015 0.028 0.134 0.160 0.120 0.198 0.170 0.149 0.588 0.625 0.223 0.680 0.707 0.733 0.760 0.786 0.813 0.845 0.880 0.915 0.950 0.985 1.020 1.055 1.090 1.124 1.159 1.194 1.229 1.264 1.274 1.294 1.336 1.377 1.419 1.445 1.468 1.491 1.513 1.536 1.559 1.582 1.605 1.628 1.651 1.665 1.678 1.691 1.705 1.718 1.718 1.702 1.687 1.672 1.657 1.642 1.626 1.611 1.622 1.633 1.644 1.655 1.666 1.677 1.688 1.699 1.711 1.722
0.011 0.086 0.042 0.056 0.054 0.046 0.027 0.024 0.224 0.134 0.034 0.018 0.069 0.017 0.127 0.121 0.169 0.229 0.606 0.643 0.675 0.701 0.727 0.754 0.780 0.807 0.842 0.877 0.912 0.947 0.982 1.017 1.051 1.086 1.121 1.156 1.191 1.226 1.261 1.296 1.324 1.352 1.375 1.398 1.421 1.444 1.466 1.489 1.512 1.535 1.558 1.581 1.604 1.627 1.640 1.653 1.666 1.679 1.692 1.706 1.715 1.700 1.685 1.670 1.655 1.639 1.626 1.637 1.648 1.659 1.670 1.682 1.693 1.704 1.715 1.729 1.750
0.063 0.024 0.029 0.028 0.059 0.000 0.039 0.012 0.104 0.033 0.109 0.045 0.128 0.086 0.206 0.210 0.201 0.199 0.195 0.626 0.664 0.695 0.721 0.748 0.774 0.804 0.839 0.874 0.909 0.943 0.978 1.013 1.048 1.083 1.118 1.153 1.188 1.223 1.265 1.306 1.309 1.328 1.351 1.374 1.397 1.420 1.442 1.465 1.488 1.511 1.534 1.557 1.580 1.601 1.614 1.628 1.641 1.654 1.667 1.680 1.693 1.706 1.698 1.683 1.668 1.652 1.641 1.652 1.663 1.675 1.686 1.697 1.708 1.724 1.745 1.765 1.786
0.023 0.005 0.019 0.021 0.000 0.000 0.001 0.000 0.002 0.029 0.007 0.083 0.043 0.135 0.151 0.478 0.131 0.197 0.571 0.609 0.648 0.686 0.715 0.742 0.768 0.801 0.835 0.870 0.905 0.940 0.975 1.010 1.045 1.080 1.120 1.161 1.202 1.244 1.285 1.326 1.320 1.314 1.327 1.350 1.373 1.395 1.418 1.441 1.464 1.487 1.510 1.533 1.556 1.576 1.589 1.602 1.615 1.628 1.641 1.654 1.668 1.681 1.694 1.696 1.680 1.665 1.656 1.668 1.679 1.690 1.701 1.718 1.739 1.760 1.781 1.802 1.823
0.345 0.039 0.069 0.000 0.000 0.003 0.003 0.017 0.001 0.029 0.080 0.075 0.053 0.163 0.057 0.461 0.161 0.517 0.554 0.593 0.631 0.670 0.709 0.736 0.762 0.797 0.832 0.867 0.902 0.937 0.974 1.016 1.057 1.099 1.140 1.181 1.223 1.264 1.305 1.337 1.331 1.325 1.319 1.326 1.349 1.371 1.394 1.417 1.440 1.463 1.486 1.509 1.532 1.550 1.564 1.577 1.590 1.603 1.616 1.629 1.642 1.655 1.668 1.682 1.693 1.678 1.671 1.683 1.694 1.713 1.734 1.755 1.776 1.796 1.817 1.838 1.859
0.391 0.412 0.009 0.007 0.000 0.000 0.031 0.021 0.053 0.057 0.123 0.067 0.228 0.148 0.077 0.227 0.221 0.192 0.235 0.576 0.615 0.654 0.692 0.729 0.759 0.794 0.829 0.870 0.912 0.953 0.995 1.036 1.077 1.119 1.160 1.202 1.243 1.284 1.326 1.348 1.342 1.336 1.330 1.324 1.325 1.347 1.370 1.393 1.416 1.439 1.462 1.485 1.508 1.525 1.538 1.551 1.564 1.577 1.590 1.603 1.617 1.630 1.643 1.656 1.669 1.682 1.687 1.708 1.728 1.749 1.770 1.791 1.812 1.833 1.854 1.874 1.895
0.827 0.402 0.382 0.401 0.000 0.022 0.013 0.031 0.052 0.033 0.071 0.148 0.063 0.088 0.189 0.133 0.199 0.492 0.177 0.560 0.599 0.637 0.676 0.718 0.766 0.808 0.849 0.891 0.932 0.973 1.015 1.056 1.098 1.139 1.181 1.222 1.263 1.305 1.346 1.359 1.353 1.347 1.341 1.335 1.329 1.323 1.346 1.369 1.392 1.415 1.438 1.461 1.484 1.500 1.513 1.526 1.539 1.552 1.565 1.578 1.591 1.604 1.617 1.631 1.649 1.684 1.717 1.744 1.765 1.785 1.806 1.827 1.848 1.869 1.890 1.911 1.931
0.000 0.000 0.622 0.390 0.362 0.394 0.000 0.000 0.052 0.133 0.085 0.081 0.201 0.112 0.138 0.173 0.439 0.222 0.509 0.550 0.592 0.635 0.677 0.720 0.775 0.828 0.869 0.911 0.952 0.994 1.035 1.076 1.118 1.159 1.201 1.242 1.284 1.325 1.366 1.370 1.364 1.358 1.352 1.346 1.340 1.334 1.328 1.345 1.368 1.391 1.414 1.437 1.459 1.474 1.487 1.500 1.513 1.526 1.539 1.552 1.566 1.579 1.602 1.638 1.674 1.709 1.741 1.770 1.800 1.822 1.842 1.863 1.884 1.905 1.926 1.947 1.968
0.000 0.000 0.000 0.000 0.505 0.366 0.342 0.337 0.349 0.106 0.085 0.140 0.069 0.084 0.217 0.203 0.433 0.472 0.511 0.552 0.594 0.636 0.679 0.724 0.780 0.836 0.889 0.931 0.972 1.014 1.055 1.097 1.138 1.179 1.221 1.262 1.304 1.345 1.386 1.380 1.375 1.369 1.363 1.357 1.351 1.345 1.339 1.333 1.344 1.367 1.390 1.412 1.435 1.449 1.462 1.475 1.488 1.501 1.514 1.527 1.556 1.592 1.627 1.663 1.699 1.734 1.766 1.795 1.824 1.853 1.879 1.899 1.920 1.941 1.962 1.983 2.004
0.002 0.002 0.004 0.004 0.000 0.008 0.195 0.314 0.324 0.303 0.312 0.269 0.198 0.160 0.127 0.262 0.434 0.472 0.512 0.554 0.596 0.638 0.680 0.730 0.785 0.841 0.897 0.951 0.992 1.034 1.075 1.117 1.158 1.200 1.241 1.283 1.324 1.366 1.397 1.391 1.386 1.380 1.374 1.368 1.362 1.356 1.350 1.344 1.338 1.343 1.365 1.388 1.410 1.423 1.436 1.449 1.462 1.475 1.510 1.545 1.581 1.617 1.652 1.688 1.724 1.759 1.790 1.819 1.848 1.877 1.907 1.935 1.956 1.977 1.998 2.019 2.040
0.000 0.002 0.000 0.047 0.000 0.017 0.073 0.033 0.060 0.290 0.310 0.324 0.349 0.378 0.275 0.195 0.213 0.473 0.513 0.555 0.598 0.639 0.682 0.735 0.791 0.847 0.902 0.958 1.012 1.054 1.095 1.137 1.178 1.220 1.261 1.303 1.344 1.386 1.408 1.402 1.396 1.391 1.385 1.379 1.373 1.367 1.361 1.355 1.349 1.343 1.341 1.364 1.385 1.398 1.411 1.428 1.463 1.499 1.535 1.570 1.606 1.642 1.677 1.713 1.749 1.784 1.815 1.844 1.873 1.902 1.931 1.960 1.989 2.013 2.034 2.055 2.076
0.014 0.014 0.018 0.026 0.098 0.010 0.012 0.010 0.071 0.011 0.066 0.317 0.349 0.377 0.409 0.102 0.188 0.140 0.514 0.557 0.600 0.224 0.684 0.740 0.796 0.852 0.908 0.964 1.019 1.074 1.115 1.157 1.198 1.240 1.281 1.323 1.364 1.406 1.418 1.413 1.407 1.401 1.396 1.390 1.384 1.378 1.372 1.366 1.360 1.354 1.347 1.341 1.359 1.382 1.417 1.453 1.488 1.524 1.560 1.595 1.631 1.666 1.702 1.738 1.774 1.809 1.839 1.868 1.897 1.926 1.955 1.984 2.013 2.042 2.070 2.091 2.112
0.042 0.000 0.000 0.005 0.000 0.020 0.008 0.004 0.032 0.006 0.090 0.085 0.129 0.272 0.405 0.429 0.453 0.492 0.114 0.558 0.601 0.643 0.690 0.746 0.802 0.857 0.913 0.969 1.025 1.081 1.135 1.177 1.218 1.260 1.301 1.343 1.385 1.426 1.429 1.424 1.418 1.412 1.406 1.401 1.395 1.389 1.383 1.377 1.371 1.365 1.358 1.345 1.362 1.407 1.442 1.478 1.513 1.549 1.584 1.620 1.656 1.691 1.727 1.763 1.798 1.834 1.864 1.893 1.922 1.951 1.980 2.009 2.038 2.067 2.096 2.125 2.148
0.011 0.008 0.016 0.011 0.021 0.001 0.026 0.045 0.003 0.082 0.033 0.001 0.021 0.133 0.097 0.080 0.451 0.490 0.522 0.560 0.602 0.644 0.696 0.751 0.807 0.863 0.919 0.974 1.030 1.086 1.142 1.197 1.238 1.280 1.322 1.363 1.405 1.445 1.440 1.434 1.429 1.423 1.417 1.411 1.405 1.399 1.394 1.387 1.380 1.364 1.348 1.332 1.354 1.411 1.467 1.502 1.538 1.574 1.609 1.645 1.681 1.716 1.752 1.788 1.823 1.859 1.888 1.917 1.946 1.975 2.004 2.033 2.062 2.091 2.120 2.149 2.178
0.020 0.015 0.010 0.014 0.029 0.005 0.005 0.023 0.084 0.061 0.064 0.190 0.052 0.379 0.423 0.039 0.056 0.172 0.522 0.562 0.603 0.645 0.701 0.756 0.812 0.868 0.924 0.980 1.036 1.091 1.147 1.203 1.258 1.300 1.342 1.383 1.425 1.456 1.451 1.445 1.439 1.434 1.428 1.422 1.416 1.410 1.399 1.383 1.367 1.351 1.335 1.319 1.346 1.403 1.460 1.517 1.563 1.599 1.634 1.670 1.705 1.741 1.777 1.812 1.848 1.883 1.912 1.941 1.970 1.999 2.028 2.057 2.086 2.115 2.144 2.173 2.202
0.019 0.035 0.039 0.025 0.033 0.024 0.136 0.102 0.154 0.121 0.086 0.056 0.088 0.079 0.165 0.221 0.120 0.101 0.192 0.149 0.603 0.650 0.706 0.762 0.818 0.873 0.929 0.985 1.041 1.097 1.153 1.209 1.264 1.320 1.362 1.403 1.445 1.467 1.461 1.456 1.450 1.444 1.438 1.433 1.418 1.402 1.386 1.370 1.354 1.338 1.322 1.306 1.338 1.395 1.452 1.509 1.566 1.623 1.659 1.695 1.730 1.766 1.802 1.837 1.873 1.908 1.937 1.966 1.995 2.024 2.053 2.082 2.111 2.139 2.168 2.197 2.208
0.002 0.008 0.007 0.028 0.045 0.045 0.061 0.082 0.114 0.100 0.157 0.023 0.000 0.040 0.066 0.211 0.103 0.213 0.034 0.070 0.213 0.121 0.711 0.767 0.823 0.879 0.935 0.990 1.046 1.102 1.158 1.214 1.270 1.326 1.382 1.423 1.465 1.477 1.472 1.466 1.461 1.452 1.436 1.420 1.404 1.389 1.373 1.357 1.341 1.325 1.309 1.293 1.330 1.387 1.444 1.501 1.558 1.616 1.673 1.719 1.755 1.791 1.826 1.862 1.898 1.932 1.961 1.990 2.019 2.048 2.077 2.106 2.135 2.164 2.168 2.168 2.167
0.055 0.008 0.021 0.088 0.177 0.010 0.000 0.016 0.058 0.185 0.042 0.137 0.024 0.003 0.011 0.067 0.044 0.044 0.161 0.112 0.201 0.215 0.716 0.773 0.829 0.884 0.940 0.996 1.052 1.107 1.163 1.219 1.275 1.331 1.387 1.443 1.485 1.488 1.482 1.469 1.454 1.438 1.423 1.407 1.391 1.376 1.360 1.344 1.328 1.312 1.296 1.280 1.322 1.379 1.436 1.493 1.550 1.607 1.665 1.722 1.779 1.815 1.851 1.887 1.922 1.956 1.985 2.014 2.043 2.072 2.101 2.129 2.128 2.128 2.127 2.127 2.126
0.000 0.041 0.000 0.008 0.017 0.085 0.095 0.015 0.112 0.098 0.187 0.186 0.067 0.013 0.025 0.043 0.093 0.028 0.201 0.123 0.635 0.248 0.723 0.778 0.834 0.890 0.946 1.001 1.057 1.113 1.169 1.224 1.281 1.336 1.393 1.449 1.501 1.487 1.472 1.456 1.441 1.425 1.410 1.394 1.378 1.363 1.347 1.331 1.315 1.299 1.283 1.267 1.314 1.371 1.428 1.485 1.542 1.599 1.657 1.714 1.771 1.829 1.876 1.912 1.947 1.980 2.009 2.038 2.067 2.089 2.089 2.088 2.088 2.087 2.087 2.086 2.086
0.000 0.039 0.032 0.017 0.027 0.075 0.094 0.008 0.017 0.151 0.127 0.271 0.270 0.239 0.055 0.066 0.149 0.140 0.146 0.202 0.640 0.199 0.730 0.784 0.840 0.896 0.951 1.007 1.062 1.118 1.174 1.230 1.286 1.334 1.378 1.423 1.459 1.464 1.458 1.443 1.428 1.412 1.396 1.381 1.365 1.349 1.334 1.318 1.302 1.286 1.270 1.253 1.306 1.363 1.420 1.477 1.534 1.591 1.649 1.706 1.763 1.820 1.878 1.935 1.972 2.005 2.034 2.049 2.049 2.049 2.048 2.048 2.047 2.047 2.046 2.046 2.045
0.004 0.013 0.079 0.157 0.027 0.044 0.040 0.100 0.060 0.061 0.105 0.241 0.189 0.258 0.000 0.095 0.159 0.544 0.178 0.263 0.645 0.693 0.741 0.226 0.845 0.901 0.956 1.012 1.068 1.121 1.165 1.209 1.254 1.298 1.343 1.387 1.417 1.422 1.426 1.430 1.414 1.399 1.383 1.368 1.352 1.336 1.321 1.305 1.289 1.273 1.257 1.241 1.298 1.355 1.412 1.469 1.526 1.583 1.640 1.698 1.755 1.812 1.870 1.927 1.984 2.010 2.009 2.009 2.008 2.008 2.007 2.007 2.006 2.006 2.005 2.005 2.004
0.001 0.007 0.000 0.027 0.033 0.015 0.079 0.059 0.142 0.177 0.233 0.250 0.208 0.545 0.144 0.098 0.075 0.197 0.578 0.611 0.658 0.157 0.223 0.796 0.852 0.909 0.203 0.999 1.044 0.201 1.128 0.228 1.218 1.263 1.307 1.351 1.375 1.380 1.384 1.389 1.393 1.386 1.370 1.355 1.339 1.323 1.307 1.291 1.276 1.260 1.243 1.233 1.290 1.347 1.404 1.461 1.518 1.575 1.632 1.690 1.747 1.804 1.861 1.913 1.955 1.976 1.970 1.968 1.968 1.967 1.967 1.966 1.966 1.965 1.965 1.964 1.964
0.018 0.042 0.002 0.042 0.120 0.059 0.118 0.106 0.212 0.147 0.163 0.298 0.395 0.566 0.205 0.096 0.536 0.556 0.587 0.190 0.110 0.142 0.752 0.219 0.833 0.878 0.088 0.964 1.009 1.054 0.222 1.140 1.184 1.228 1.272 1.316 1.333 1.338 1.342 1.347 1.351 1.355 1.357 1.341 1.326 1.310 1.294 1.278 1.262 1.246 1.230 1.225 1.282 1.339 1.396 1.453 1.510 1.567 1.624 1.681 1.739 1.794 1.836 1.878 1.920 1.944 1.939 1.933 1.928 1.927 1.926 1.926 1.925 1.925 1.924 1.924 1.923
0.065 0.003 0.035 0.036 0.079 0.136 0.083 0.132 0.192 0.287 0.193 0.158 0.333 0.163 0.063 0.538 0.558 0.577 0.597 0.214 0.215 0.168 0.208 0.755 0.799 0.844 0.219 0.928 0.973 1.018 1.062 1.105 1.149 1.192 1.236 1.281 1.291 1.296 1.300 1.305 1.309 1.313 1.318 1.322 1.313 1.297 1.281 1.265 1.249 1.233 1.217 1.217 1.274 1.331 1.388 1.445 1.502 1.559 1.616 1.673 1.717 1.759 1.801 1.843 1.885 1.912 1.907 1.901 1.896 1.890 1.886 1.885 1.885 1.884 1.884 1.883 1.882
0.151 0.032 0.096 0.110 0.031 0.136 0.085 0.162 0.152 0.532 0.303 0.246 0.580 0.600 0.615 0.189 0.256 0.112 0.162 0.218 0.157 0.138 0.218 0.719 0.210 0.810 0.210 0.894 0.938 0.982 1.026 1.070 1.113 1.157 1.201 1.245 1.250 1.254 1.258 1.263 1.267 1.272 1.276 1.280 1.284 1.284 1.268 1.252 1.236 1.220 1.204 1.209 1.266 1.323 1.380 1.437 1.494 1.551 1.598 1.640 1.682 1.724 1.766 1.808 1.850 1.881 1.875 1.870 1.864 1.859 1.853 1.848 1.844 1.844 1.843 1.843 1.842
0.129 0.195 0.119 0.079 0.161 0.109 0.136 0.069 0.132 0.548 0.293 0.572 0.389 0.599 0.213 0.065 0.172 0.200 0.141 0.255 0.119 0.196 0.175 0.169 0.733 0.776 0.819 0.860 0.903 0.947 0.991 1.034 1.078 1.122 1.166 1.203 1.208 1.212 1.217 1.221 1.225 1.230 1.234 1.238 1.242 1.247 1.251 1.239 1.223 1.207 1.191 1.201 1.258 1.315 1.372 1.429 1.479 1.521 1.563 1.605 1.647 1.689 1.731 1.773 1.815 1.849 1.844 1.838 1.833 1.827 1.822 1.816 1.810 1.805 1.803 1.802 1.801
