includes/oleron/floodfiles/results_R2_t1.562608441572E12/res-0003.wdfp
ncols         631
nrows         906
xllcorner     364927.146667
yllcorner     6531972.565556
cellsize      20.000000
NODATA_value  -9999.000000
[rows 170 to 203 of 906, columns 462 to 538 of 631]
5.875 5.885 5.894 5.922 5.952 5.982 6.012 6.042 6.072 6.102 6.132 6.162 6.192 6.222 6.240 6.260 6.331 6.401 6.472 6.543 6.601 6.656 6.712 6.767 6.822 6.878 6.933 7.055 7.275 7.495 7.714 7.933 8.090 8.246 8.403 8.559 8.715 8.872 9.028 9.285 9.587 9.890 10.192 10.494 10.797 11.099 11.401 11.703 11.898 12.093 12.288 12.293 12.191 12.089 12.010 11.998 11.986 11.974 11.962 11.949 11.937 11.925 11.913 11.870 11.814 11.758 11.702 11.645 11.590 11.533 11.518 11.576 11.635 11.693 11.736 11.708 11.681
5.821 5.830 5.840 5.863 5.893 5.923 5.953 5.983 6.013 6.043 6.073 6.103 6.133 6.153 6.171 6.188 6.244 6.315 6.385 6.456 6.527 6.598 6.669 6.724 6.780 6.835 6.891 6.987 7.207 7.426 7.618 7.774 7.930 8.087 8.243 8.400 8.556 8.712 8.869 9.116 9.418 9.720 10.023 10.325 10.627 10.930 11.232 11.534 11.836 12.123 12.318 12.331 12.235 12.223 12.211 12.199 12.187 12.174 12.162 12.150 12.138 12.126 12.114 12.070 12.014 11.958 11.902 11.846 11.790 11.734 11.678 11.622 11.656 11.714 11.755 11.728 11.700
5.766 5.776 5.785 5.803 5.833 5.863 5.893 5.923 5.953 5.983 6.013 6.043 6.065 6.083 6.101 6.118 6.157 6.228 6.299 6.370 6.440 6.511 6.582 6.653 6.724 6.793 6.848 6.919 7.139 7.302 7.458 7.615 7.771 7.927 8.084 8.240 8.397 8.553 8.709 8.946 9.249 9.551 9.853 10.156 10.458 10.760 11.062 11.365 11.667 11.969 12.272 12.448 12.436 12.424 12.412 12.399 12.387 12.375 12.363 12.351 12.339 12.327 12.315 12.271 12.215 12.159 12.103 12.047 11.991 11.935 11.879 11.823 11.767 11.736 11.775 11.746 11.711
5.712 5.721 5.731 5.744 5.774 5.804 5.834 5.864 5.894 5.924 5.954 5.978 5.995 6.013 6.031 6.049 6.070 6.141 6.212 6.283 6.354 6.424 6.495 6.566 6.637 6.708 6.779 6.858 6.986 7.142 7.299 7.455 7.611 7.768 7.924 8.081 8.237 8.394 8.550 8.777 9.079 9.382 9.684 9.986 10.289 10.591 10.893 11.195 11.498 11.803 12.110 12.358 12.558 12.624 12.612 12.600 12.588 12.576 12.564 12.552 12.540 12.527 12.515 12.472 12.416 12.360 12.304 12.248 12.192 12.136 12.080 12.024 11.968 11.912 11.816 11.751 11.716
5.657 5.667 5.676 5.686 5.714 5.744 5.774 5.804 5.834 5.864 5.890 5.908 5.925 5.943 5.961 5.979 5.996 6.054 6.125 6.196 6.267 6.338 6.409 6.479 6.550 6.621 6.710 6.808 6.908 7.009 7.139 7.296 7.452 7.608 7.765 7.921 8.078 8.234 8.391 8.608 8.910 9.212 9.515 9.817 10.119 10.422 10.724 11.027 11.335 11.642 11.950 12.200 12.400 12.600 12.800 12.801 12.789 12.777 12.765 12.753 12.740 12.728 12.716 12.673 12.617 12.561 12.505 12.449 12.393 12.337 12.281 12.225 12.140 12.047 11.949 11.835 11.721
5.603 5.612 5.622 5.631 5.655 5.685 5.715 5.745 5.775 5.802 5.820 5.838 5.855 5.873 5.891 5.909 5.926 5.968 6.039 6.109 6.180 6.251 6.322 6.393 6.464 6.562 6.660 6.757 6.858 6.959 7.060 7.161 7.293 7.449 7.605 7.762 7.918 8.075 8.231 8.438 8.741 9.043 9.345 9.648 9.950 10.252 10.559 10.867 11.174 11.482 11.789 12.042 12.242 12.442 12.642 12.842 12.990 12.978 12.965 12.953 12.941 12.929 12.917 12.874 12.818 12.762 12.706 12.650 12.594 12.538 12.460 12.367 12.273 12.180 12.082 11.968 11.853
5.548 5.558 5.567 5.577 5.595 5.625 5.655 5.685 5.715 5.732 5.750 5.768 5.786 5.803 5.821 5.839 5.856 5.881 5.952 6.023 6.094 6.164 6.235 6.316 6.414 6.512 6.609 6.707 6.807 6.908 7.010 7.111 7.212 7.313 7.446 7.602 7.759 7.915 8.072 8.269 8.571 8.874 9.176 9.478 9.783 10.091 10.398 10.706 11.014 11.321 11.629 11.885 12.085 12.285 12.485 12.685 12.885 13.085 13.166 13.154 13.142 13.130 13.118 13.075 13.019 12.963 12.907 12.851 12.779 12.686 12.593 12.500 12.406 12.313 12.216 12.101 11.987
5.494 5.503 5.513 5.522 5.536 5.566 5.596 5.626 5.645 5.662 5.680 5.698 5.716 5.733 5.751 5.769 5.787 5.804 5.865 5.936 6.007 6.078 6.168 6.266 6.364 6.461 6.559 6.657 6.757 6.858 6.959 7.060 7.162 7.263 7.364 7.465 7.599 7.756 7.912 8.100 8.402 8.704 9.008 9.315 9.623 9.930 10.238 10.545 10.853 11.161 11.468 11.727 11.927 12.127 12.327 12.527 12.727 12.927 13.127 13.327 13.343 13.331 13.318 13.276 13.220 13.164 13.098 13.005 12.912 12.819 12.726 12.633 12.540 12.446 12.349 12.234 12.120
5.439 5.449 5.458 5.468 5.477 5.506 5.536 5.557 5.575 5.592 5.610 5.628 5.646 5.663 5.681 5.699 5.717 5.734 5.778 5.849 5.922 6.020 6.118 6.216 6.313 6.411 6.509 6.606 6.706 6.807 6.909 7.010 7.111 7.212 7.314 7.415 7.516 7.617 7.753 7.930 8.233 8.539 8.847 9.154 9.462 9.770 10.077 10.385 10.693 11.000 11.308 11.570 11.770 11.970 12.170 12.370 12.569 12.769 12.969 13.169 13.369 13.531 13.519 13.477 13.417 13.324 13.231 13.138 13.045 12.952 12.859 12.766 12.673 12.580 12.482 12.368 12.253
5.448 5.430 5.411 5.413 5.423 5.447 5.469 5.487 5.505 5.522 5.540 5.558 5.576 5.593 5.611 5.629 5.647 5.664 5.691 5.774 5.872 5.970 6.068 6.165 6.263 6.361 6.458 6.556 6.656 6.757 6.858 6.959 7.061 7.162 7.263 7.364 7.466 7.567 7.668 7.769 8.071 8.379 8.686 8.994 9.302 9.609 9.917 10.224 10.532 10.840 11.147 11.412 11.612 11.812 12.012 12.212 12.412 12.612 12.812 13.012 13.212 13.411 13.611 13.643 13.550 13.457 13.364 13.271 13.178 13.085 12.992 12.899 12.806 12.713 12.615 12.501 12.386
5.457 5.438 5.420 5.402 5.384 5.383 5.403 5.424 5.444 5.464 5.484 5.504 5.525 5.545 5.565 5.585 5.605 5.625 5.652 5.724 5.822 5.919 6.017 6.115 6.213 6.310 6.408 6.506 6.605 6.706 6.808 6.909 7.010 7.111 7.213 7.314 7.415 7.510 7.567 7.639 7.929 8.219 8.526 8.833 9.141 9.449 9.756 10.064 10.371 10.679 10.987 11.255 11.455 11.655 11.854 12.054 12.254 12.454 12.654 12.854 13.054 13.321 13.624 13.703 13.671 13.590 13.497 13.404 13.311 13.218 13.125 13.032 12.939 12.846 12.749 12.634 12.520
5.466 5.447 5.429 5.408 5.379 5.375 5.392 5.412 5.432 5.453 5.473 5.493 5.513 5.533 5.554 5.574 5.594 5.614 5.649 5.718 5.787 5.869 5.967 6.064 6.162 6.260 6.357 6.455 6.555 6.656 6.757 6.858 6.960 7.061 7.162 7.263 7.328 7.386 7.444 7.509 7.799 8.090 8.380 8.673 8.980 9.288 9.596 9.903 10.211 10.519 10.826 11.097 11.297 11.497 11.697 11.897 12.097 12.297 12.497 12.738 13.040 13.343 13.645 13.732 13.701 13.669 13.630 13.537 13.444 13.351 13.258 13.165 13.072 12.979 12.882 12.767 12.653
5.475 5.456 5.428 5.399 5.370 5.369 5.384 5.401 5.421 5.441 5.461 5.482 5.502 5.522 5.542 5.562 5.583 5.603 5.647 5.716 5.785 5.854 5.922 6.014 6.112 6.210 6.307 6.405 6.504 6.605 6.706 6.808 6.909 7.010 7.089 7.147 7.205 7.262 7.320 7.379 7.669 7.960 8.250 8.540 8.831 9.128 9.435 9.743 10.050 10.358 10.666 10.939 11.139 11.339 11.539 11.739 11.939 12.154 12.457 12.759 13.062 13.365 13.667 13.761 13.730 13.699 13.667 13.636 13.577 13.484 13.391 13.298 13.205 13.112 13.015 12.901 12.786
5.476 5.447 5.418 5.389 5.360 5.364 5.379 5.393 5.410 5.430 5.450 5.470 5.490 5.511 5.531 5.551 5.571 5.591 5.644 5.713 5.782 5.851 5.920 5.989 6.061 6.159 6.257 6.354 6.453 6.555 6.656 6.757 6.849 6.907 6.965 7.023 7.081 7.139 7.197 7.254 7.539 7.830 8.120 8.410 8.701 8.991 9.281 9.582 9.890 10.197 10.505 10.782 10.982 11.182 11.382 11.582 11.873 12.176 12.478 12.781 13.084 13.386 13.689 13.791 13.759 13.728 13.696 13.665 13.634 13.602 13.524 13.431 13.338 13.245 13.148 13.034 12.919
5.466 5.437 5.408 5.379 5.350 5.358 5.373 5.388 5.403 5.418 5.439 5.459 5.479 5.499 5.519 5.540 5.560 5.580 5.641 5.710 5.779 5.848 5.917 5.986 6.055 6.124 6.206 6.304 6.403 6.504 6.605 6.668 6.726 6.784 6.841 6.899 6.957 7.015 7.073 7.131 7.410 7.700 7.990 8.281 8.571 8.861 9.152 9.442 9.732 10.037 10.344 10.624 10.824 11.024 11.290 11.592 11.895 12.197 12.500 12.803 13.105 13.408 13.710 13.820 13.788 13.757 13.726 13.694 13.663 13.632 13.600 13.564 13.471 13.378 13.282 13.167 13.053
5.456 5.427 5.398 5.369 5.340 5.352 5.367 5.382 5.397 5.412 5.427 5.447 5.468 5.488 5.508 5.528 5.548 5.569 5.638 5.707 5.776 5.845 5.914 5.983 6.052 6.121 6.190 6.259 6.352 6.428 6.486 6.544 6.602 6.660 6.718 6.776 6.833 6.891 6.949 7.007 7.280 7.570 7.860 8.151 8.441 8.731 9.022 9.312 9.602 9.893 10.184 10.467 10.706 11.009 11.311 11.614 11.917 12.219 12.522 12.824 13.127 13.430 13.732 13.849 13.818 13.786 13.755 13.723 13.692 13.661 13.629 13.598 13.567 13.511 13.415 13.300 13.163
5.446 5.417 5.388 5.359 5.332 5.347 5.361 5.376 5.391 5.406 5.421 5.436 5.456 5.476 5.497 5.517 5.537 5.566 5.635 5.704 5.773 5.842 5.911 5.980 6.049 6.118 6.187 6.234 6.267 6.305 6.363 6.420 6.478 6.536 6.594 6.652 6.710 6.768 6.825 6.883 7.150 7.440 7.730 8.021 8.311 8.601 8.892 9.182 9.472 9.763 10.048 10.335 10.728 11.030 11.333 11.636 11.938 12.241 12.543 12.846 13.149 13.451 13.754 13.878 13.847 13.816 13.784 13.753 13.721 13.690 13.659 13.627 13.596 13.565 13.529 13.390 13.248
5.436 5.407 5.378 5.349 5.326 5.341 5.356 5.371 5.385 5.400 5.415 5.430 5.445 5.465 5.485 5.505 5.526 5.563 5.632 5.701 5.770 5.839 5.908 5.977 6.046 6.086 6.119 6.151 6.184 6.218 6.252 6.297 6.355 6.413 6.470 6.528 6.586 6.644 6.702 6.760 7.020 7.310 7.600 7.891 8.181 8.471 8.762 9.052 9.342 9.598 9.849 10.132 10.564 10.997 11.355 11.657 11.960 12.262 12.565 12.868 13.170 13.473 13.775 13.907 13.876 13.845 13.813 13.782 13.751 13.719 13.688 13.656 13.630 13.617 13.593 13.462 13.331
5.427 5.398 5.369 5.340 5.320 5.335 5.350 5.365 5.380 5.395 5.410 5.424 5.439 5.454 5.474 5.494 5.514 5.560 5.629 5.698 5.767 5.836 5.904 5.937 5.970 6.003 6.036 6.068 6.101 6.135 6.169 6.203 6.237 6.289 6.347 6.405 6.463 6.520 6.578 6.636 6.890 7.180 7.470 7.761 8.051 8.342 8.632 8.898 9.149 9.399 9.649 9.928 10.361 10.793 11.226 11.659 11.981 12.284 12.587 12.889 13.192 13.494 13.797 13.937 13.905 13.874 13.843 13.811 13.780 13.748 13.717 13.704 13.690 13.677 13.658 13.527 13.396
5.417 5.388 5.359 5.330 5.315 5.330 5.344 5.359 5.374 5.389 5.404 5.419 5.434 5.448 5.463 5.483 5.503 5.557 5.626 5.695 5.756 5.788 5.821 5.854 5.887 5.920 5.953 5.985 6.019 6.053 6.087 6.120 6.154 6.188 6.223 6.281 6.339 6.397 6.455 6.513 6.760 7.050 7.341 7.631 7.921 8.198 8.449 8.699 8.949 9.200 9.450 9.724 10.157 10.590 11.022 11.455 11.888 12.306 12.608 12.911 13.214 13.516 13.819 13.966 13.935 13.903 13.872 13.840 13.809 13.791 13.777 13.763 13.750 13.736 13.723 13.592 13.461
5.407 5.378 5.349 5.320 5.309 5.324 5.339 5.353 5.368 5.383 5.398 5.413 5.428 5.443 5.458 5.472 5.491 5.555 5.607 5.640 5.673 5.705 5.738 5.771 5.804 5.837 5.870 5.902 5.936 5.970 6.004 6.037 6.072 6.105 6.139 6.173 6.215 6.273 6.331 6.389 6.630 6.920 7.211 7.498 7.749 7.999 8.250 8.500 8.750 9.001 9.251 9.521 9.953 10.386 10.819 11.251 11.684 12.116 12.549 12.933 13.235 13.538 13.840 13.995 13.964 13.932 13.901 13.877 13.864 13.850 13.837 13.823 13.810 13.796 13.783 13.656 13.525
5.397 5.368 5.339 5.310 5.303 5.318 5.333 5.348 5.363 5.378 5.392 5.407 5.422 5.437 5.452 5.467 5.486 5.491 5.524 5.557 5.590 5.622 5.655 5.688 5.721 5.754 5.787 5.819 5.853 5.887 5.921 5.955 5.989 6.023 6.056 6.090 6.124 6.158 6.207 6.265 6.500 6.790 7.049 7.299 7.550 7.800 8.050 8.301 8.551 8.801 9.052 9.317 9.749 10.182 10.615 11.048 11.480 11.913 12.345 12.778 13.211 13.559 13.862 14.024 13.993 13.964 13.951 13.937 13.924 13.910 13.897 13.883 13.870 13.856 13.843 13.721 13.590
5.387 5.358 5.329 5.300 5.298 5.312 5.327 5.342 5.357 5.372 5.387 5.402 5.416 5.432 5.454 5.476 5.494 5.465 5.441 5.474 5.507 5.539 5.572 5.605 5.638 5.671 5.704 5.736 5.770 5.804 5.838 5.872 5.906 5.940 5.974 6.008 6.041 6.075 6.109 6.143 6.349 6.599 6.849 7.100 7.350 7.601 7.851 8.101 8.352 8.602 8.853 9.113 9.546 9.978 10.411 10.844 11.276 11.709 12.142 12.574 13.007 13.440 13.872 14.054 14.038 14.024 14.011 13.997 13.984 13.970 13.957 13.943 13.930 13.916 13.903 13.785 13.654
5.377 5.348 5.319 5.290 5.292 5.307 5.321 5.336 5.351 5.366 5.381 5.399 5.421 5.443 5.465 5.487 5.502 5.473 5.444 5.415 5.424 5.456 5.489 5.522 5.555 5.588 5.621 5.653 5.687 5.721 5.755 5.789 5.823 5.857 5.891 5.925 5.959 5.992 6.032 6.082 6.216 6.400 6.650 6.901 7.151 7.401 7.652 7.902 8.153 8.403 8.653 8.909 9.342 9.775 10.207 10.640 11.073 11.505 11.938 12.371 12.803 13.236 13.661 13.979 14.098 14.084 14.071 14.057 14.044 14.030 14.017 14.003 13.990 13.976 13.963 13.850 13.719
5.367 5.338 5.309 5.280 5.286 5.301 5.316 5.331 5.345 5.366 5.388 5.410 5.432 5.454 5.476 5.498 5.509 5.481 5.452 5.423 5.394 5.373 5.406 5.439 5.472 5.505 5.538 5.570 5.604 5.638 5.672 5.706 5.740 5.774 5.808 5.842 5.879 5.929 5.979 6.029 6.162 6.329 6.496 6.701 6.952 7.202 7.453 7.703 7.953 8.204 8.454 8.706 9.138 9.571 10.004 10.436 10.869 11.302 11.734 12.167 12.595 13.015 13.434 13.762 13.904 14.047 14.130 14.118 14.104 14.090 14.077 14.063 14.050 14.036 14.022 13.915 13.784
5.347 5.327 5.299 5.270 5.280 5.295 5.312 5.333 5.356 5.378 5.400 5.422 5.444 5.466 5.488 5.510 5.517 5.489 5.460 5.431 5.402 5.373 5.345 5.356 5.389 5.422 5.455 5.487 5.521 5.555 5.589 5.623 5.657 5.691 5.725 5.776 5.826 5.876 5.926 5.976 6.107 6.274 6.441 6.608 6.775 7.003 7.253 7.504 7.754 8.005 8.255 8.505 8.935 9.367 9.800 10.233 10.665 11.098 11.530 11.949 12.369 12.788 13.208 13.544 13.687 13.830 13.973 14.115 14.163 14.150 14.136 14.123 14.109 14.096 14.082 13.979 13.848
5.324 5.304 5.283 5.261 5.279 5.301 5.323 5.345 5.367 5.389 5.411 5.433 5.455 5.477 5.499 5.521 5.525 5.496 5.468 5.439 5.410 5.381 5.353 5.324 5.306 5.339 5.372 5.404 5.438 5.472 5.506 5.540 5.574 5.622 5.672 5.722 5.772 5.822 5.872 5.922 6.052 6.219 6.386 6.553 6.720 6.887 7.054 7.304 7.555 7.805 8.056 8.306 8.731 9.164 9.596 10.029 10.462 10.884 11.303 11.723 12.142 12.562 12.981 13.327 13.470 13.613 13.755 13.898 14.041 14.184 14.196 14.183 14.169 14.156 14.142 14.044 13.913
5.301 5.281 5.277 5.281 5.292 5.312 5.334 5.356 5.378 5.400 5.422 5.444 5.466 5.488 5.510 5.532 5.533 5.504 5.476 5.447 5.418 5.389 5.361 5.332 5.303 5.274 5.288 5.321 5.355 5.389 5.423 5.469 5.519 5.569 5.619 5.669 5.719 5.769 5.819 5.869 5.997 6.164 6.331 6.498 6.665 6.832 6.999 7.166 7.356 7.606 7.856 8.107 8.527 8.960 9.392 9.819 10.238 10.657 11.077 11.496 11.916 12.335 12.754 13.110 13.253 13.395 13.538 13.681 13.824 13.967 14.109 14.243 14.229 14.216 14.202 14.108 13.977
5.296 5.300 5.303 5.308 5.319 5.330 5.345 5.367 5.389 5.411 5.433 5.455 5.477 5.499 5.521 5.543 5.541 5.512 5.484 5.455 5.426 5.397 5.368 5.340 5.311 5.282 5.253 5.238 5.272 5.315 5.365 5.415 5.465 5.515 5.565 5.615 5.665 5.715 5.766 5.816 5.942 6.109 6.276 6.443 6.610 6.777 6.944 7.111 7.278 7.445 7.657 7.908 8.323 8.753 9.172 9.592 10.011 10.431 10.850 11.270 11.689 12.108 12.528 12.893 13.035 13.178 13.321 13.464 13.607 13.749 13.892 14.035 14.178 14.276 14.262 14.173 14.045
5.323 5.326 5.330 5.335 5.346 5.357 5.367 5.378 5.400 5.422 5.444 5.466 5.488 5.510 5.532 5.554 5.549 5.520 5.491 5.463 5.434 5.405 5.376 5.348 5.319 5.290 5.261 5.242 5.232 5.262 5.312 5.362 5.412 5.462 5.512 5.562 5.612 5.662 5.712 5.762 5.887 6.054 6.221 6.388 6.555 6.722 6.889 7.056 7.223 7.390 7.557 7.724 8.107 8.526 8.946 9.365 9.785 10.204 10.624 11.043 11.462 11.882 12.301 12.675 12.818 12.961 13.104 13.247 13.389 13.532 13.675 13.818 13.961 14.103 14.246 14.258 14.157
5.349 5.353 5.356 5.362 5.372 5.383 5.394 5.405 5.416 5.433 5.456 5.478 5.500 5.522 5.543 5.566 5.557 5.528 5.499 5.471 5.442 5.413 5.384 5.355 5.327 5.307 5.297 5.287 5.277 5.269 5.260 5.308 5.358 5.408 5.458 5.508 5.559 5.609 5.659 5.709 5.832 5.999 6.166 6.333 6.500 6.667 6.834 7.002 7.169 7.336 7.493 7.648 7.958 8.300 8.719 9.139 9.558 9.978 10.397 10.816 11.236 11.655 12.075 12.458 12.601 12.744 12.886 13.029 13.172 13.315 13.458 13.601 13.743 13.897 14.071 14.171 14.207
5.375 5.379 5.383 5.389 5.399 5.410 5.421 5.432 5.443 5.454 5.467 5.489 5.511 5.533 5.555 5.577 5.565 5.536 5.507 5.479 5.450 5.421 5.392 5.372 5.362 5.352 5.342 5.332 5.323 5.314 5.305 5.297 5.305 5.355 5.405 5.455 5.505 5.555 5.605 5.655 5.777 5.944 6.111 6.278 6.445 6.613 6.780 6.947 7.108 7.262 7.416 7.570 7.877 8.213 8.549 8.912 9.331 9.751 10.170 10.590 11.009 11.429 11.848 12.241 12.384 12.526 12.669 12.812 12.955 13.098 13.240 13.383 13.557 13.732 13.906 14.016 14.052
5.402 5.405 5.409 5.416 5.426 5.437 5.448 5.459 5.470 5.481 5.492 5.502 5.522 5.544 5.566 5.588 5.573 5.544 5.515 5.486 5.458 5.437 5.427 5.417 5.407 5.397 5.387 5.377 5.368 5.359 5.350 5.342 5.333 5.324 5.351 5.402 5.452 5.502 5.552 5.602 5.722 5.889 6.056 6.224 6.391 6.558 6.722 6.876 7.030 7.184 7.339 7.493 7.795 8.132 8.468 8.804 9.140 9.524 9.944 10.363 10.783 11.202 11.621 12.023 12.166 12.309 12.452 12.595 12.738 12.880 13.043 13.218 13.392 13.567 13.741 13.861 13.897
5.428 5.432 5.435 5.442 5.453 5.464 5.475 5.486 5.497 5.508 5.518 5.529 5.540 5.555 5.577 5.599 5.581 5.552 5.523 5.502 5.492 5.482 5.472 5.462 5.452 5.442 5.432 5.422 5.413 5.404 5.396 5.387 5.378 5.370 5.361 5.352 5.398 5.448 5.498 5.549 5.667 5.835 6.002 6.169 6.336 6.490 6.644 6.799 6.953 7.107 7.261 7.415 7.714 8.050 8.386 8.722 9.058 9.395 9.731 10.137 10.556 10.975 11.395 11.806 11.949 12.092 12.235 12.378 12.530 12.704 12.878 13.053 13.227 13.402 13.576 13.705 13.741
