includes/oleron/floodfiles/results_R2_t1.562608441572E12/res-0007.wdfp
ncols         631
nrows         906
xllcorner     364927.146667
yllcorner     6531972.565556
cellsize      20.000000
NODATA_value  -9999.000000
[rows 102 to 135 of 906, columns 462 to 538 of 631]
9.773 10.057 10.340 10.630 10.922 11.213 11.504 11.795 12.087 12.240 12.292 12.393 12.507 12.622 12.737 12.852 12.967 13.082 13.197 13.312 13.426 13.542 13.656 13.635 13.603 13.573 13.542 13.511 13.485 13.485 13.487 13.488 13.488 13.490 13.491 13.492 13.470 13.416 13.364 13.311 13.259 13.206 13.153 13.101 13.048 12.996 12.914 12.826 12.739 12.651 12.606 12.576 12.547 12.519 12.489 12.460 12.431 12.402 12.373 12.344 12.314 12.286 12.256 12.245 12.291 12.337 12.383 12.430 12.476 12.522 12.569 12.615 12.662 12.708 12.754 12.801 12.831
9.626 9.910 10.194 10.477 10.761 11.044 11.328 11.613 11.904 12.133 12.229 12.345 12.459 12.575 12.689 12.804 12.920 13.034 13.150 13.264 13.380 13.494 13.609 13.637 13.606 13.576 13.544 13.514 13.515 13.516 13.518 13.518 13.519 13.521 13.521 13.523 13.520 13.468 13.415 13.362 13.310 13.257 13.204 13.151 13.098 13.022 12.934 12.847 12.759 12.671 12.605 12.576 12.547 12.518 12.488 12.460 12.430 12.401 12.373 12.343 12.314 12.285 12.260 12.248 12.280 12.318 12.357 12.396 12.442 12.489 12.535 12.581 12.628 12.674 12.721 12.767 12.813
9.480 9.763 10.047 10.330 10.614 10.898 11.181 11.465 11.748 11.991 12.140 12.286 12.412 12.527 12.642 12.757 12.872 12.986 13.102 13.216 13.332 13.446 13.561 13.640 13.608 13.578 13.547 13.545 13.546 13.547 13.548 13.549 13.551 13.551 13.552 13.554 13.554 13.518 13.465 13.413 13.360 13.307 13.255 13.202 13.131 13.043 12.955 12.868 12.780 12.692 12.604 12.575 12.546 12.517 12.489 12.459 12.430 12.401 12.372 12.342 12.314 12.286 12.273 12.262 12.277 12.316 12.354 12.392 12.431 12.469 12.506 12.549 12.595 12.641 12.688 12.734 12.781
9.333 9.616 9.900 10.184 10.467 10.751 11.034 11.318 11.570 11.785 11.960 12.105 12.249 12.394 12.538 12.683 12.824 12.939 13.054 13.169 13.284 13.399 13.514 13.629 13.611 13.581 13.575 13.576 13.577 13.578 13.579 13.580 13.581 13.582 13.584 13.584 13.585 13.569 13.515 13.463 13.410 13.358 13.305 13.238 13.151 13.063 12.976 12.888 12.800 12.713 12.625 12.575 12.546 12.516 12.488 12.458 12.429 12.400 12.371 12.342 12.313 12.300 12.288 12.276 12.274 12.313 12.351 12.389 12.428 12.465 12.504 12.542 12.580 12.619 12.657 12.700 12.747
9.186 9.470 9.753 10.037 10.321 10.604 10.888 11.149 11.364 11.579 11.779 11.924 12.068 12.213 12.357 12.502 12.646 12.791 12.935 13.079 13.224 13.351 13.467 13.581 13.614 13.605 13.605 13.607 13.607 13.609 13.610 13.611 13.612 13.613 13.614 13.615 13.617 13.617 13.566 13.514 13.461 13.409 13.347 13.260 13.172 13.084 12.997 12.909 12.821 12.733 12.645 12.574 12.545 12.516 12.487 12.457 12.429 12.400 12.370 12.342 12.326 12.315 12.302 12.290 12.278 12.310 12.348 12.386 12.424 12.462 12.501 12.539 12.578 12.616 12.654 12.692 12.730
9.039 9.323 9.607 9.890 10.174 10.458 10.729 10.943 11.158 11.373 11.587 11.743 11.887 12.032 12.176 12.321 12.465 12.610 12.754 12.898 13.044 13.188 13.333 13.477 13.594 13.635 13.637 13.638 13.638 13.640 13.640 13.642 13.643 13.644 13.645 13.646 13.647 13.648 13.617 13.564 13.512 13.455 13.367 13.280 13.192 13.105 13.017 12.929 12.842 12.754 12.667 12.579 12.544 12.516 12.486 12.458 12.428 12.399 12.370 12.353 12.340 12.329 12.316 12.304 12.292 12.307 12.345 12.383 12.421 12.460 12.498 12.536 12.575 12.613 12.651 12.689 12.694
8.893 9.176 9.460 9.744 10.027 10.308 10.523 10.737 10.952 11.167 11.381 11.562 11.707 11.851 11.996 12.140 12.284 12.429 12.574 12.719 12.863 13.007 13.152 13.288 13.415 13.469 13.513 13.556 13.600 13.642 13.671 13.673 13.673 13.675 13.676 13.677 13.678 13.679 13.668 13.614 13.562 13.476 13.389 13.301 13.213 13.126 13.037 12.950 12.862 12.774 12.687 12.599 12.544 12.515 12.485 12.457 12.427 12.398 12.379 12.367 12.355 12.343 12.330 12.318 12.306 12.303 12.342 12.380 12.419 12.457 12.495 12.534 12.571 12.609 12.648 12.657 12.632
8.746 9.030 9.313 9.597 9.881 10.102 10.317 10.531 10.746 10.961 11.175 11.381 11.526 11.670 11.815 11.959 12.104 12.249 12.393 12.538 12.682 12.827 12.965 13.091 13.219 13.302 13.345 13.388 13.432 13.475 13.519 13.562 13.604 13.648 13.691 13.708 13.709 13.710 13.711 13.665 13.584 13.496 13.409 13.321 13.234 13.146 13.058 12.971 12.883 12.796 12.708 12.620 12.543 12.514 12.486 12.456 12.427 12.406 12.393 12.381 12.369 12.357 12.345 12.332 12.320 12.308 12.339 12.377 12.416 12.454 12.493 12.530 12.568 12.607 12.620 12.593 12.568
8.599 8.883 9.167 9.450 9.681 9.896 10.111 10.325 10.540 10.755 10.969 11.184 11.345 11.490 11.634 11.779 11.923 12.068 12.212 12.357 12.501 12.641 12.768 12.895 13.022 13.134 13.178 13.221 13.265 13.308 13.351 13.394 13.438 13.481 13.524 13.567 13.610 13.654 13.697 13.693 13.605 13.518 13.430 13.342 13.255 13.166 13.079 12.991 12.903 12.816 12.728 12.641 12.553 12.513 12.485 12.455 12.432 12.420 12.407 12.396 12.383 12.370 12.359 12.346 12.334 12.322 12.336 12.375 12.413 12.450 12.489 12.527 12.566 12.582 12.556 12.531 12.504
8.452 8.736 9.020 9.261 9.475 9.690 9.905 10.119 10.334 10.549 10.763 10.978 11.164 11.309 11.453 11.598 11.742 11.887 12.031 12.176 12.317 12.445 12.571 12.699 12.825 12.953 13.011 13.053 13.097 13.140 13.184 13.227 13.271 13.313 13.357 13.400 13.444 13.487 13.600 13.733 13.641 13.550 13.458 13.367 13.275 13.187 13.100 13.012 12.925 12.837 12.749 12.662 12.573 12.513 12.484 12.458 12.446 12.434 12.421 12.410 12.397 12.385 12.373 12.360 12.349 12.336 12.334 12.372 12.409 12.448 12.486 12.524 12.545 12.518 12.493 12.467 12.441
8.306 8.589 8.840 9.055 9.269 9.484 9.699 9.913 10.128 10.343 10.557 10.772 10.983 11.128 11.273 11.417 11.562 11.706 11.851 11.994 12.121 12.248 12.375 12.502 12.629 12.756 12.843 12.887 12.930 12.974 13.016 13.059 13.103 13.146 13.190 13.233 13.276 13.376 13.546 13.715 13.682 13.591 13.499 13.408 13.316 13.225 13.132 13.040 12.949 12.857 12.770 12.682 12.594 12.513 12.484 12.473 12.460 12.448 12.436 12.423 12.411 12.399 12.387 12.375 12.363 12.350 12.338 12.368 12.407 12.445 12.483 12.507 12.481 12.455 12.429 12.403 12.378
8.159 8.419 8.634 8.848 9.063 9.278 9.493 9.707 9.922 10.137 10.351 10.566 10.781 10.947 11.092 11.236 11.381 11.525 11.670 11.797 11.924 12.051 12.178 12.306 12.432 12.560 12.676 12.720 12.762 12.806 12.849 12.893 12.936 12.980 13.022 13.065 13.152 13.321 13.491 13.659 13.723 13.631 13.539 13.448 13.356 13.265 13.173 13.082 12.990 12.898 12.807 12.715 12.624 12.532 12.499 12.487 12.474 12.463 12.450 12.437 12.426 12.413 12.401 12.389 12.376 12.365 12.352 12.365 12.404 12.442 12.470 12.443 12.417 12.392 12.366 12.340 12.314
7.998 8.213 8.428 8.642 8.857 9.072 9.287 9.501 9.716 9.931 10.145 10.360 10.575 10.766 10.911 11.055 11.200 11.344 11.474 11.601 11.728 11.855 11.982 12.109 12.236 12.363 12.490 12.552 12.595 12.639 12.682 12.725 12.768 12.812 12.855 12.928 13.097 13.266 13.435 13.604 13.763 13.671 13.580 13.488 13.397 13.305 13.213 13.122 13.030 12.939 12.847 12.755 12.664 12.598 12.554 12.533 12.513 12.494 12.473 12.453 12.440 12.427 12.416 12.403 12.390 12.379 12.366 12.363 12.401 12.431 12.406 12.380 12.354 12.328 12.302 12.277 12.251
7.801 8.007 8.222 8.436 8.651 8.866 9.081 9.295 9.510 9.725 9.939 10.154 10.369 10.584 10.730 10.875 11.019 11.150 11.277 11.404 11.531 11.658 11.785 11.912 12.040 12.166 12.294 12.385 12.428 12.471 12.514 12.558 12.601 12.645 12.703 12.873 13.041 13.211 13.380 13.550 13.718 13.711 13.620 13.528 13.437 13.345 13.254 13.162 13.070 12.979 12.887 12.796 12.724 12.666 12.610 12.587 12.567 12.547 12.527 12.507 12.487 12.467 12.447 12.427 12.408 12.393 12.380 12.368 12.394 12.368 12.342 12.316 12.291 12.265 12.239 12.213 12.187
7.661 7.864 8.066 8.268 8.470 8.672 8.875 9.089 9.304 9.519 9.733 9.948 10.163 10.378 10.549 10.694 10.826 10.954 11.081 11.208 11.335 11.462 11.589 11.716 11.843 11.970 12.097 12.217 12.261 12.304 12.348 12.391 12.434 12.479 12.648 12.817 12.986 13.156 13.325 13.494 13.663 13.752 13.660 13.568 13.477 13.385 13.294 13.202 13.111 13.019 12.927 12.850 12.792 12.736 12.678 12.640 12.621 12.600 12.580 12.561 12.540 12.521 12.501 12.481 12.461 12.441 12.421 12.401 12.339 12.305 12.279 12.253 12.227 12.202 12.176 12.150 12.124
7.535 7.723 7.926 8.128 8.330 8.532 8.734 8.936 9.138 9.340 9.542 9.744 9.957 10.172 10.369 10.503 10.630 10.757 10.884 11.011 11.138 11.265 11.392 11.519 11.646 11.774 11.901 12.028 12.093 12.137 12.180 12.223 12.267 12.423 12.593 12.762 12.932 13.100 13.270 13.439 13.608 13.777 13.700 13.609 13.517 13.426 13.334 13.242 13.151 13.059 12.975 12.918 12.861 12.804 12.747 12.694 12.674 12.654 12.634 12.614 12.595 12.575 12.554 12.535 12.515 12.495 12.475 12.398 12.305 12.272 12.239 12.205 12.172 12.139 12.112 12.086 12.061
7.439 7.584 7.786 7.988 8.190 8.392 8.594 8.796 8.998 9.200 9.402 9.604 9.807 10.009 10.171 10.301 10.433 10.560 10.687 10.815 10.942 11.069 11.196 11.323 11.450 11.577 11.704 11.831 11.926 11.969 12.013 12.056 12.199 12.368 12.538 12.707 12.876 13.045 13.215 13.384 13.553 13.722 13.741 13.650 13.558 13.467 13.375 13.284 13.192 13.100 13.044 12.986 12.930 12.872 12.815 12.759 12.728 12.708 12.688 12.668 12.648 12.628 12.609 12.588 12.568 12.549 12.489 12.391 12.292 12.238 12.206 12.172 12.139 12.106 12.073 12.040 12.007
7.342 7.444 7.646 7.848 8.050 8.252 8.454 8.656 8.858 9.060 9.262 9.465 9.667 9.838 9.957 10.083 10.215 10.347 10.479 10.611 10.743 10.872 10.999 11.126 11.253 11.380 11.507 11.635 11.759 11.802 11.845 11.975 12.144 12.314 12.483 12.651 12.821 12.990 13.159 13.328 13.498 13.667 13.782 13.690 13.599 13.507 13.415 13.324 13.232 13.170 13.112 13.055 12.998 12.941 12.884 12.827 12.781 12.762 12.741 12.722 12.702 12.681 12.662 12.642 12.622 12.580 12.481 12.383 12.284 12.206 12.172 12.139 12.106 12.073 12.040 12.007 11.973
7.246 7.341 7.506 7.708 7.910 8.112 8.314 8.516 8.718 8.920 9.123 9.325 9.506 9.625 9.744 9.866 9.997 10.130 10.262 10.393 10.525 10.657 10.789 10.921 11.053 11.184 11.311 11.438 11.565 11.635 11.750 11.920 12.089 12.258 12.427 12.597 12.766 12.935 13.104 13.274 13.443 13.611 13.781 13.730 13.639 13.547 13.456 13.364 13.294 13.238 13.181 13.124 13.067 13.009 12.953 12.895 12.839 12.815 12.795 12.775 12.755 12.736 12.715 12.695 12.672 12.572 12.474 12.375 12.277 12.177 12.139 12.106 12.073 12.040 12.006 11.973 11.940
7.149 7.245 7.366 7.568 7.770 7.972 8.174 8.376 8.578 8.781 8.983 9.174 9.293 9.411 9.530 9.649 9.780 9.912 10.044 10.176 10.308 10.440 10.572 10.703 10.835 10.967 11.099 11.231 11.363 11.524 11.695 11.864 12.034 12.203 12.372 12.542 12.710 12.880 13.049 13.219 13.387 13.557 13.726 13.770 13.679 13.587 13.496 13.420 13.364 13.306 13.249 13.192 13.135 13.079 13.021 12.964 12.907 12.868 12.849 12.829 12.808 12.789 12.769 12.750 12.664 12.565 12.466 12.367 12.269 12.169 12.106 12.073 12.040 12.006 11.973 11.940 11.907
7.053 7.148 7.244 7.428 7.630 7.832 8.034 8.236 8.439 8.641 8.842 8.960 9.079 9.198 9.317 9.435 9.562 9.694 9.826 9.958 10.090 10.222 10.354 10.486 10.618 10.750 10.882 11.014 11.159 11.322 11.525 11.728 11.931 12.134 12.317 12.486 12.656 12.825 12.993 13.163 13.332 13.502 13.670 13.811 13.719 13.628 13.546 13.489 13.432 13.375 13.318 13.261 13.203 13.147 13.090 13.033 12.976 12.922 12.903 12.882 12.863 12.843 12.822 12.755 12.656 12.557 12.458 12.360 12.261 12.161 12.073 12.039 12.006 11.973 11.940 11.907 11.874
6.956 7.052 7.148 7.288 7.490 7.692 7.894 8.096 8.299 8.501 8.628 8.747 8.866 8.984 9.103 9.222 9.344 9.476 9.608 9.740 9.872 10.004 10.136 10.268 10.400 10.532 10.664 10.808 10.970 11.133 11.324 11.527 11.730 11.933 12.136 12.339 12.542 12.745 12.939 13.108 13.278 13.446 13.615 13.785 13.760 13.672 13.614 13.558 13.500 13.443 13.387 13.329 13.273 13.215 13.158 13.101 13.044 12.988 12.956 12.936 12.916 12.896 12.846 12.747 12.649 12.549 12.450 12.352 12.253 12.154 12.055 12.006 11.973 11.940 11.907 11.874 11.841
6.860 6.956 7.051 7.148 7.350 7.552 7.754 7.956 8.159 8.296 8.415 8.533 8.652 8.771 8.890 9.008 9.127 9.258 9.390 9.522 9.654 9.786 9.918 10.050 10.182 10.314 10.456 10.619 10.782 10.945 11.123 11.326 11.529 11.732 11.935 12.138 12.341 12.543 12.747 12.949 13.153 13.355 13.559 13.729 13.801 13.740 13.683 13.626 13.569 13.512 13.455 13.399 13.341 13.284 13.227 13.170 13.113 13.056 13.009 12.990 12.970 12.937 12.838 12.739 12.641 12.541 12.443 12.344 12.246 12.146 12.048 11.973 11.940 11.907 11.874 11.841 11.796
6.764 6.859 6.955 7.050 7.210 7.412 7.614 7.816 7.964 8.082 8.201 8.320 8.439 8.558 8.676 8.795 8.914 9.040 9.172 9.304 9.436 9.568 9.700 9.832 9.964 10.105 10.268 10.431 10.593 10.756 10.921 11.124 11.327 11.530 11.733 11.936 12.139 12.343 12.545 12.748 12.951 13.154 13.357 13.560 13.710 13.694 13.679 13.662 13.637 13.581 13.523 13.467 13.410 13.353 13.296 13.238 13.182 13.124 13.068 13.043 13.023 12.929 12.830 12.732 12.633 12.534 12.435 12.336 12.238 12.139 12.040 11.941 11.907 11.874 11.840 11.800 11.722
6.667 6.763 6.858 6.954 7.070 7.272 7.474 7.631 7.750 7.869 7.988 8.106 8.225 8.344 8.463 8.582 8.700 8.822 8.954 9.086 9.218 9.350 9.482 9.614 9.754 9.917 10.080 10.242 10.405 10.568 10.731 10.923 11.126 11.329 11.532 11.735 11.938 12.141 12.344 12.547 12.750 12.953 13.156 13.310 13.446 13.490 13.475 13.458 13.442 13.426 13.410 13.394 13.377 13.362 13.345 13.308 13.250 13.193 13.136 13.097 13.021 12.921 12.822 12.724 12.625 12.526 12.427 12.329 12.230 12.131 12.032 11.933 11.873 11.840 11.804 11.726 11.649
6.571 6.666 6.762 6.857 6.953 7.132 7.299 7.418 7.537 7.655 7.774 7.893 8.012 8.131 8.249 8.368 8.487 8.606 8.736 8.868 9.000 9.132 9.264 9.403 9.566 9.729 9.891 10.054 10.217 10.380 10.542 10.722 10.925 11.128 11.331 11.534 11.737 11.940 12.143 12.346 12.548 12.752 12.909 13.046 13.182 13.287 13.271 13.254 13.239 13.222 13.206 13.190 13.174 13.158 13.141 13.126 13.109 13.094 13.077 13.085 12.994 12.903 12.812 12.716 12.618 12.518 12.419 12.321 12.222 12.123 12.024 11.926 11.840 11.807 11.730 11.652 11.575
6.483 6.577 6.670 6.764 6.857 6.967 7.086 7.204 7.323 7.442 7.561 7.680 7.798 7.917 8.036 8.155 8.273 8.392 8.518 8.650 8.782 8.914 9.052 9.215 9.377 9.540 9.703 9.866 10.028 10.191 10.354 10.521 10.724 10.927 11.130 11.333 11.536 11.739 11.942 12.145 12.348 12.510 12.645 12.782 12.918 13.054 13.067 13.051 13.035 13.019 13.002 12.986 12.970 12.954 12.938 12.922 12.905 12.890 12.876 12.921 12.909 12.818 12.726 12.634 12.544 12.452 12.361 12.269 12.178 12.087 11.995 11.904 11.813 11.734 11.656 11.579 11.501
6.407 6.500 6.594 6.687 6.776 6.841 6.935 7.030 7.124 7.228 7.347 7.466 7.585 7.704 7.822 7.941 8.060 8.179 8.300 8.433 8.565 8.701 8.863 9.026 9.189 9.352 9.514 9.677 9.840 10.003 10.165 10.328 10.522 10.725 10.928 11.131 11.334 11.537 11.740 11.943 12.110 12.246 12.382 12.518 12.655 12.790 12.863 12.847 12.831 12.815 12.798 12.783 12.766 12.750 12.734 12.718 12.702 12.686 12.710 12.754 12.797 12.732 12.641 12.550 12.458 12.367 12.275 12.184 12.093 12.001 11.910 11.819 11.735 11.658 11.581 11.504 11.427
6.330 6.424 6.517 6.611 6.674 6.736 6.823 6.917 7.012 7.106 7.201 7.295 7.390 7.490 7.609 7.728 7.847 7.965 8.084 8.215 8.349 8.512 8.675 8.838 9.000 9.163 9.326 9.489 9.652 9.814 9.977 10.140 10.321 10.524 10.727 10.930 11.133 11.336 11.539 11.710 11.846 11.982 12.118 12.254 12.391 12.526 12.660 12.643 12.628 12.611 12.595 12.579 12.562 12.547 12.530 12.514 12.498 12.498 12.543 12.587 12.631 12.647 12.556 12.464 12.372 12.282 12.190 12.099 12.007 11.916 11.824 11.734 11.658 11.583 11.506 11.429 11.352
6.254 6.348 6.441 6.509 6.572 6.634 6.711 6.805 6.900 6.994 7.089 7.183 7.278 7.372 7.467 7.561 7.656 7.752 7.871 7.998 8.161 8.324 8.486 8.649 8.812 8.975 9.138 9.300 9.463 9.626 9.789 9.951 10.120 10.323 10.526 10.729 10.932 11.135 11.310 11.446 11.582 11.718 11.854 11.991 12.127 12.262 12.399 12.439 12.424 12.407 12.392 12.375 12.358 12.343 12.326 12.311 12.294 12.332 12.376 12.420 12.464 12.508 12.470 12.378 12.288 12.196 12.105 12.013 11.922 11.831 11.739 11.658 11.582 11.506 11.430 11.353 11.276
6.178 6.271 6.344 6.407 6.469 6.532 6.599 6.693 6.788 6.882 6.977 7.071 7.166 7.260 7.355 7.449 7.544 7.638 7.733 7.843 7.987 8.135 8.298 8.461 8.624 8.786 8.949 9.112 9.275 9.438 9.600 9.763 9.926 10.121 10.325 10.528 10.731 10.910 11.046 11.182 11.318 11.454 11.591 11.727 11.863 11.999 12.135 12.236 12.220 12.203 12.188 12.171 12.155 12.139 12.123 12.107 12.121 12.165 12.209 12.253 12.297 12.342 12.385 12.294 12.202 12.111 12.019 11.928 11.836 11.745 11.658 11.582 11.506 11.430 11.354 11.278 11.200
6.101 6.180 6.242 6.305 6.367 6.430 6.492 6.581 6.675 6.770 6.865 6.959 7.054 7.148 7.243 7.337 7.432 7.526 7.625 7.724 7.867 8.010 8.154 8.297 8.441 8.598 8.761 8.924 9.086 9.249 9.412 9.575 9.737 9.920 10.123 10.326 10.510 10.646 10.782 10.918 11.055 11.191 11.327 11.463 11.599 11.735 11.871 12.007 12.016 12.000 11.984 11.967 11.951 11.935 11.919 11.910 11.954 11.998 12.042 12.086 12.130 12.174 12.218 12.208 12.117 12.025 11.934 11.843 11.751 11.660 11.581 11.506 11.430 11.354 11.278 11.202 11.125
6.015 6.078 6.140 6.203 6.265 6.327 6.390 6.469 6.563 6.658 6.752 6.847 6.942 7.036 7.131 7.225 7.320 7.419 7.517 7.616 7.747 7.891 8.034 8.178 8.321 8.464 8.608 8.751 8.898 9.061 9.224 9.386 9.549 9.719 9.922 10.110 10.246 10.382 10.518 10.655 10.791 10.927 11.063 11.199 11.335 11.471 11.608 11.744 11.812 11.796 11.780 11.764 11.748 11.732 11.715 11.743 11.787 11.831 11.875 11.920 11.964 12.008 12.052 12.096 12.031 11.940 11.849 11.757 11.666 11.581 11.505 11.429 11.354 11.278 11.202 11.126 11.049
5.913 5.975 6.038 6.100 6.163 6.225 6.288 6.357 6.451 6.546 6.640 6.735 6.829 6.924 7.018 7.114 7.212 7.311 7.409 7.508 7.628 7.771 7.915 8.058 8.201 8.345 8.488 8.632 8.775 8.918 9.062 9.205 9.361 9.523 9.710 9.846 9.982 10.118 10.255 10.391 10.527 10.663 10.799 10.935 11.071 11.208 11.344 11.480 11.608 11.592 11.576 11.560 11.544 11.528 11.533 11.577 11.621 11.665 11.709 11.753 11.797 11.841 11.885 11.929 11.946 11.855 11.763 11.672 11.580 11.505 11.429 11.353 11.277 11.202 11.126 11.050 10.974
