includes/oleron/floodfiles/results_R2_t1.562608441572E12/res-0011.wd
ncols         631
nrows         906
xllcorner     364927.146667
yllcorner     6531972.565556
cellsize      20.000000
NODATA_value  -9999.000000
[rows 340 to 373 of 906, columns 462 to 538 of 631]
0.000 0.001 0.000 0.000 0.000 0.000 0.046 0.000 0.000 0.000 0.011 0.013 0.012 0.011 0.009 0.008 0.007 0.005 0.004 0.003 0.002 0.002 0.001 0.001 0.001 0.001 0.000 0.000 0.001 0.000 0.000 0.000 0.000 0.000 0.001 0.001 0.001 0.002 0.002 0.002 0.003 0.003 0.004 0.004 0.005 0.005 0.006 0.007 0.007 0.008 0.008 0.008 0.009 0.009 0.010 0.010 0.010 0.011 0.011 0.011 0.011 0.011 0.010 0.009 0.009 0.009 0.008 0.008 0.007 0.007 0.006 0.006 0.005 0.005 0.004 0.004 0.003
0.000 0.000 0.000 0.000 0.003 0.024 0.024 0.024 0.023 0.021 0.014 0.014 0.012 0.010 0.008 0.007 0.005 0.004 0.003 0.002 0.001 0.001 0.000 0.000 0.000 0.000 0.000 0.000 0.000 0.000 0.000 0.000 0.000 0.000 0.001 0.001 0.002 0.002 0.002 0.003 0.003 0.003 0.004 0.004 0.005 0.006 0.007 0.007 0.008 0.008 0.008 0.009 0.009 0.010 0.010 0.010 0.011 0.011 0.011 0.011 0.011 0.011 0.010 0.009 0.009 0.008 0.007 0.007 0.006 0.006 0.005 0.004 0.004 0.003 0.003 0.003 0.002
0.000 0.000 0.043 0.394 0.005 0.014 0.000 0.005 0.000 0.002 0.000 0.014 0.012 0.009 0.007 0.005 0.003 0.002 0.002 0.001 0.001 0.001 0.000 0.000 0.000 0.000 0.000 0.000 0.000 0.000 0.000 0.000 0.000 0.000 0.001 0.001 0.002 0.002 0.002 0.003 0.003 0.004 0.004 0.005 0.005 0.006 0.007 0.008 0.008 0.008 0.009 0.009 0.010 0.010 0.010 0.010 0.011 0.011 0.011 0.011 0.011 0.011 0.010 0.009 0.008 0.007 0.006 0.005 0.005 0.004 0.004 0.003 0.003 0.002 0.002 0.001 0.001
0.072 0.009 0.000 0.008 0.032 0.000 0.061 0.000 0.002 0.004 0.027 0.017 0.011 0.007 0.004 0.003 0.002 0.001 0.001 0.001 0.000 0.000 0.000 0.000 0.000 0.000 0.000 0.000 0.000 0.000 0.000 0.000 0.001 0.001 0.001 0.002 0.002 0.002 0.003 0.003 0.003 0.004 0.005 0.005 0.006 0.006 0.007 0.008 0.008 0.009 0.009 0.009 0.010 0.010 0.010 0.010 0.011 0.011 0.011 0.011 0.011 0.010 0.010 0.008 0.007 0.006 0.005 0.004 0.003 0.002 0.002 0.002 0.001 0.001 0.001 0.000 0.000
0.000 0.008 0.014 0.037 0.000 0.000 0.000 0.095 0.386 0.009 0.023 0.000 0.003 0.000 0.000 0.000 0.000 0.000 0.000 0.000 0.000 0.000 0.000 0.000 0.000 0.000 0.000 0.000 0.000 0.000 0.000 0.001 0.001 0.001 0.002 0.002 0.002 0.003 0.003 0.004 0.004 0.005 0.005 0.006 0.007 0.007 0.008 0.009 0.010 0.010 0.010 0.011 0.011 0.011 0.011 0.011 0.011 0.011 0.011 0.010 0.010 0.010 0.009 0.008 0.004 0.003 0.002 0.001 0.001 0.000 0.000 0.001 0.000 0.000 0.000 0.000 0.000
0.000 0.000 0.004 0.005 0.072 0.021 0.000 0.106 0.007 0.004 0.002 0.001 0.000 0.000 0.000 0.000 0.000 0.000 0.000 0.000 0.000 0.000 0.000 0.000 0.001 0.002 0.002 0.002 0.002 0.002 0.001 0.001 0.001 0.002 0.002 0.002 0.003 0.003 0.004 0.004 0.005 0.006 0.007 0.008 0.008 0.009 0.010 0.010 0.012 0.013 0.013 0.013 0.013 0.013 0.014 0.014 0.014 0.013 0.013 0.013 0.013 0.012 0.011 0.008 0.006 0.005 0.004 0.003 0.002 0.002 0.001 0.001 0.001 0.000 0.000 0.001 0.000
0.001 0.118 0.008 0.007 0.005 0.019 0.066 0.338 0.000 0.050 0.006 0.000 0.284 0.000 0.000 0.000 0.000 0.000 0.001 0.002 0.002 0.002 0.002 0.002 0.003 0.003 0.003 0.003 0.003 0.002 0.002 0.002 0.002 0.002 0.002 0.003 0.003 0.004 0.004 0.005 0.006 0.007 0.008 0.009 0.009 0.010 0.011 0.011 0.012 0.014 0.015 0.015 0.015 0.015 0.015 0.015 0.015 0.015 0.015 0.014 0.014 0.013 0.011 0.007 0.007 0.007 0.006 0.005 0.004 0.003 0.002 0.002 0.002 0.001 0.001 0.001 0.000
0.001 0.000 0.008 0.007 0.000 0.013 0.004 0.000 0.103 0.000 0.013 0.000 0.000 0.000 0.000 0.379 0.000 0.002 0.003 0.004 0.004 0.004 0.004 0.004 0.004 0.004 0.004 0.004 0.003 0.003 0.003 0.003 0.002 0.002 0.003 0.003 0.004 0.004 0.005 0.006 0.007 0.008 0.009 0.010 0.011 0.011 0.012 0.012 0.013 0.014 0.016 0.016 0.016 0.016 0.016 0.016 0.016 0.016 0.015 0.015 0.014 0.013 0.010 0.008 0.008 0.008 0.007 0.006 0.005 0.005 0.004 0.003 0.003 0.002 0.002 0.001 0.001
0.000 0.015 0.012 0.040 0.159 0.008 0.052 0.000 0.003 0.000 0.010 0.084 0.000 0.000 0.011 0.000 0.000 0.004 0.005 0.005 0.005 0.004 0.005 0.005 0.005 0.004 0.004 0.004 0.004 0.004 0.004 0.004 0.003 0.002 0.003 0.003 0.004 0.005 0.006 0.007 0.008 0.009 0.010 0.011 0.012 0.012 0.013 0.013 0.014 0.014 0.016 0.017 0.017 0.017 0.017 0.017 0.016 0.016 0.016 0.015 0.014 0.012 0.009 0.009 0.009 0.008 0.009 0.008 0.007 0.006 0.005 0.004 0.004 0.003 0.003 0.002 0.002
0.012 0.011 0.141 0.006 0.000 0.088 0.000 0.000 0.001 0.000 0.001 0.011 0.000 0.000 0.000 0.011 0.000 0.001 0.009 0.000 0.003 0.005 0.005 0.006 0.005 0.005 0.005 0.004 0.004 0.004 0.004 0.004 0.004 0.003 0.003 0.004 0.005 0.006 0.007 0.008 0.009 0.010 0.011 0.012 0.012 0.013 0.013 0.014 0.014 0.015 0.016 0.018 0.017 0.017 0.017 0.017 0.016 0.016 0.016 0.015 0.014 0.010 0.010 0.009 0.009 0.009 0.009 0.009 0.008 0.007 0.007 0.006 0.005 0.004 0.004 0.003 0.003
0.082 0.032 0.102 0.000 0.021 0.000 0.001 0.011 0.000 0.000 0.002 0.124 0.004 0.000 0.021 0.000 0.000 0.057 0.000 0.000 0.000 0.000 0.000 0.000 0.004 0.004 0.004 0.004 0.004 0.004 0.005 0.005 0.005 0.005 0.004 0.005 0.006 0.007 0.008 0.010 0.011 0.012 0.012 0.013 0.013 0.014 0.014 0.015 0.015 0.015 0.015 0.017 0.018 0.018 0.017 0.017 0.016 0.016 0.015 0.015 0.013 0.010 0.010 0.010 0.010 0.010 0.009 0.010 0.009 0.009 0.008 0.007 0.006 0.006 0.005 0.004 0.004
0.252 0.007 0.014 0.089 0.000 0.000 0.031 0.000 0.244 0.000 0.003 0.044 0.000 0.000 0.000 0.000 0.000 0.008 0.039 0.000 0.000 0.000 0.000 0.443 0.000 0.003 0.004 0.004 0.004 0.004 0.005 0.005 0.006 0.007 0.007 0.006 0.007 0.009 0.010 0.011 0.012 0.013 0.014 0.014 0.014 0.015 0.015 0.015 0.015 0.015 0.015 0.016 0.018 0.018 0.017 0.017 0.016 0.016 0.015 0.014 0.010 0.010 0.010 0.010 0.010 0.010 0.010 0.010 0.011 0.010 0.009 0.008 0.008 0.007 0.006 0.005 0.005
0.012 0.002 0.039 0.040 0.012 0.000 0.000 0.054 0.004 0.003 0.027 0.002 0.033 0.000 0.012 0.000 0.001 0.000 0.029 0.019 0.000 0.000 0.000 0.000 0.000 0.003 0.000 0.002 0.004 0.004 0.006 0.007 0.008 0.009 0.010 0.010 0.009 0.010 0.011 0.012 0.013 0.014 0.015 0.015 0.015 0.015 0.015 0.015 0.015 0.015 0.015 0.015 0.016 0.017 0.017 0.016 0.016 0.015 0.015 0.012 0.011 0.010 0.010 0.010 0.010 0.010 0.010 0.010 0.011 0.011 0.010 0.009 0.009 0.008 0.007 0.007 0.007
0.000 0.036 0.000 0.101 0.013 0.014 0.000 0.000 0.006 0.000 0.000 0.096 0.000 0.111 0.000 0.000 0.000 0.019 0.529 0.000 0.000 0.414 0.000 0.000 0.000 0.004 0.000 0.003 0.005 0.006 0.008 0.010 0.011 0.012 0.013 0.013 0.011 0.012 0.013 0.014 0.015 0.015 0.015 0.015 0.016 0.016 0.015 0.015 0.015 0.015 0.014 0.014 0.014 0.016 0.016 0.016 0.015 0.015 0.014 0.010 0.010 0.010 0.011 0.011 0.011 0.011 0.010 0.010 0.011 0.011 0.011 0.010 0.010 0.009 0.008 0.009 0.009
0.073 0.003 0.007 0.051 0.012 0.002 0.027 0.000 0.046 0.086 0.000 0.116 0.036 0.000 0.010 0.040 0.129 0.000 0.000 0.000 0.000 0.000 0.000 0.000 0.000 0.003 0.006 0.007 0.008 0.010 0.011 0.013 0.014 0.016 0.016 0.017 0.016 0.013 0.014 0.015 0.016 0.016 0.016 0.016 0.016 0.016 0.015 0.015 0.014 0.014 0.014 0.013 0.013 0.013 0.016 0.015 0.015 0.014 0.011 0.010 0.010 0.011 0.011 0.011 0.011 0.011 0.011 0.011 0.011 0.011 0.012 0.011 0.011 0.010 0.010 0.011 0.010
0.000 0.188 0.002 0.004 0.009 0.111 0.006 0.149 0.000 0.000 0.002 0.001 0.000 0.000 0.036 0.004 0.013 0.029 0.008 0.098 0.006 0.019 0.017 0.022 0.000 0.007 0.010 0.010 0.011 0.013 0.015 0.017 0.018 0.019 0.020 0.020 0.019 0.018 0.016 0.017 0.017 0.017 0.016 0.016 0.016 0.015 0.015 0.014 0.013 0.013 0.012 0.012 0.011 0.011 0.012 0.013 0.013 0.012 0.010 0.010 0.010 0.010 0.011 0.011 0.011 0.011 0.011 0.011 0.011 0.011 0.012 0.012 0.012 0.011 0.013 0.013 0.013
0.000 0.002 0.000 0.111 0.012 0.000 0.109 0.089 0.000 0.000 0.023 0.000 0.028 0.011 0.008 0.072 0.000 0.000 0.062 0.005 0.003 0.000 0.015 0.020 0.015 0.013 0.016 0.000 0.014 0.018 0.019 0.021 0.022 0.022 0.023 0.023 0.023 0.022 0.019 0.018 0.017 0.017 0.016 0.015 0.015 0.014 0.013 0.012 0.012 0.011 0.010 0.010 0.009 0.009 0.009 0.011 0.011 0.009 0.009 0.010 0.010 0.010 0.010 0.011 0.011 0.011 0.011 0.011 0.011 0.011 0.012 0.013 0.013 0.014 0.018 0.019 0.021
0.057 0.087 0.000 0.003 0.067 0.000 0.004 0.011 0.002 0.000 0.023 0.000 0.039 0.000 0.042 0.122 0.012 0.000 0.000 0.000 0.000 0.000 0.000 0.000 0.012 0.015 0.018 0.020 0.021 0.023 0.024 0.024 0.025 0.026 0.026 0.026 0.026 0.025 0.023 0.018 0.017 0.016 0.015 0.014 0.013 0.012 0.011 0.010 0.009 0.009 0.008 0.007 0.007 0.006 0.006 0.007 0.009 0.008 0.009 0.009 0.010 0.010 0.010 0.011 0.011 0.011 0.011 0.011 0.012 0.012 0.012 0.013 0.016 0.026 0.030 0.033 0.034
0.147 0.037 0.096 0.007 0.038 0.000 0.003 0.002 0.002 0.090 0.000 0.012 0.012 0.000 0.000 0.000 0.001 0.053 0.000 0.023 0.001 0.002 0.000 0.000 0.000 0.000 0.000 0.023 0.027 0.029 0.027 0.028 0.029 0.029 0.029 0.029 0.029 0.028 0.026 0.022 0.016 0.014 0.012 0.010 0.009 0.007 0.006 0.005 0.004 0.004 0.003 0.003 0.002 0.002 0.002 0.002 0.002 0.005 0.007 0.008 0.010 0.010 0.011 0.012 0.012 0.013 0.013 0.014 0.014 0.014 0.015 0.017 0.033 0.040 0.044 0.046 0.049
0.000 0.058 0.000 0.000 0.000 0.179 0.039 0.000 0.070 0.040 0.007 0.011 0.006 0.000 0.000 0.044 0.084 0.000 0.181 0.000 0.002 0.032 0.000 0.007 0.010 0.018 0.028 0.025 0.022 0.021 0.000 0.010 0.010 0.006 0.007 0.000 0.003 0.002 0.001 0.000 0.000 0.000 0.000 0.000 0.000 0.000 0.000 0.000 0.001 0.000 0.000 0.000 0.001 0.000 0.000 0.000 0.000 0.003 0.005 0.006 0.007 0.008 0.009 0.010 0.011 0.011 0.012 0.013 0.013 0.013 0.014 0.021 0.030 0.028 0.030 0.032 0.035
0.138 0.138 0.048 0.000 0.069 0.089 0.109 0.002 0.001 0.003 0.069 0.000 0.040 0.011 0.000 0.094 0.000 0.000 0.000 0.000 0.077 0.000 0.000 0.002 0.001 0.000 0.013 0.011 0.008 0.005 0.006 0.008 0.008 0.000 0.004 0.006 0.003 0.001 0.001 0.000 0.000 0.000 0.000 0.000 0.000 0.000 0.000 0.000 0.000 0.001 0.000 0.000 0.000 0.001 0.000 0.000 0.000 0.000 0.003 0.004 0.005 0.006 0.007 0.008 0.009 0.010 0.011 0.011 0.012 0.012 0.015 0.027 0.025 0.021 0.020 0.019 0.019
0.108 0.168 0.008 0.000 0.000 0.000 0.029 0.005 0.010 0.006 0.000 0.128 0.006 0.000 0.000 0.044 0.000 0.000 0.001 0.001 0.037 0.004 0.004 0.008 0.003 0.001 0.014 0.010 0.006 0.003 0.000 0.008 0.006 0.008 0.004 0.002 0.001 0.000 0.000 0.000 0.000 0.000 0.000 0.000 0.001 0.000 0.000 0.001 0.000 0.000 0.001 0.000 0.000 0.000 0.000 0.000 0.000 0.000 0.001 0.002 0.003 0.005 0.006 0.007 0.007 0.008 0.009 0.010 0.011 0.012 0.018 0.022 0.020 0.018 0.015 0.014 0.014
0.000 0.009 0.190 0.030 0.040 0.000 0.000 0.061 0.000 0.000 0.098 0.078 0.078 0.000 0.000 0.004 0.000 0.000 0.002 0.003 0.001 0.000 0.024 0.007 0.012 0.027 0.017 0.008 0.004 0.000 0.016 0.009 0.005 0.003 0.002 0.000 0.000 0.000 0.000 0.000 0.000 0.000 0.000 0.001 0.001 0.001 0.000 0.000 0.001 0.001 0.000 0.001 0.000 0.000 0.000 0.000 0.000 0.000 0.000 0.002 0.002 0.003 0.004 0.005 0.006 0.007 0.008 0.008 0.009 0.011 0.022 0.019 0.017 0.016 0.014 0.012 0.012
0.000 0.000 0.120 0.001 0.000 0.000 0.004 0.014 0.044 0.001 0.028 0.038 0.058 0.000 0.000 0.000 0.000 0.047 0.002 0.000 0.000 0.013 0.006 0.004 0.162 0.005 0.011 0.002 0.000 0.006 0.008 0.006 0.003 0.002 0.001 0.000 0.000 0.000 0.000 0.000 0.000 0.000 0.000 0.000 0.001 0.001 0.001 0.000 0.000 0.000 0.001 0.000 0.001 0.000 0.000 0.000 0.000 0.000 0.000 0.000 0.001 0.002 0.003 0.004 0.004 0.005 0.006 0.007 0.008 0.015 0.016 0.015 0.014 0.014 0.013 0.011 0.011
0.000 0.000 0.010 0.002 0.065 0.000 0.000 0.011 0.000 0.203 0.001 0.001 0.000 0.098 0.098 0.158 0.048 0.003 0.014 0.052 0.141 0.015 0.007 0.017 0.105 0.004 0.010 0.005 0.017 0.002 0.009 0.005 0.002 0.001 0.000 0.000 0.000 0.000 0.000 0.000 0.000 0.000 0.000 0.000 0.001 0.001 0.001 0.001 0.000 0.001 0.000 0.001 0.000 0.000 0.000 0.000 0.000 0.000 0.000 0.000 0.000 0.001 0.002 0.003 0.003 0.004 0.005 0.006 0.007 0.014 0.013 0.013 0.013 0.012 0.012 0.011 0.010
0.015 0.000 0.000 0.000 0.006 0.057 0.000 0.007 0.000 0.000 0.000 0.000 0.008 0.000 0.000 0.028 0.068 0.128 0.000 0.009 0.000 0.119 0.000 0.007 0.002 0.061 0.009 0.052 0.000 0.000 0.018 0.000 0.000 0.000 0.000 0.000 0.000 0.000 0.000 0.000 0.000 0.000 0.000 0.000 0.000 0.001 0.001 0.000 0.001 0.000 0.001 0.000 0.000 0.000 0.000 0.000 0.000 0.000 0.000 0.000 0.000 0.000 0.001 0.002 0.002 0.003 0.004 0.005 0.012 0.012 0.012 0.012 0.012 0.012 0.012 0.011 0.010
0.005 0.171 0.000 0.032 0.000 0.002 0.000 0.051 0.000 0.000 0.000 0.000 0.068 0.068 0.000 0.000 0.000 0.008 0.086 0.007 0.017 0.011 0.011 0.005 0.007 0.015 0.028 0.000 0.038 0.018 0.021 0.004 0.086 0.000 0.000 0.000 0.000 0.000 0.000 0.000 0.000 0.000 0.000 0.000 0.000 0.000 0.000 0.001 0.000 0.001 0.000 0.000 0.000 0.000 0.000 0.000 0.000 0.000 0.000 0.000 0.000 0.000 0.001 0.001 0.002 0.002 0.003 0.004 0.010 0.010 0.011 0.011 0.011 0.011 0.011 0.011 0.011
0.000 0.006 0.000 0.000 0.103 0.043 0.000 0.009 0.000 0.000 0.000 0.000 0.078 0.008 0.000 0.000 0.028 0.010 0.013 0.024 0.000 0.000 0.012 0.000 0.000 0.017 0.005 0.000 0.000 0.083 0.000 0.000 0.056 0.076 0.006 0.000 0.000 0.000 0.000 0.021 0.000 0.000 0.000 0.001 0.000 0.000 0.001 0.000 0.000 0.000 0.001 0.000 0.000 0.000 0.000 0.000 0.000 0.000 0.000 0.000 0.000 0.000 0.000 0.000 0.001 0.002 0.002 0.010 0.010 0.010 0.011 0.011 0.011 0.011 0.011 0.011 0.011
0.141 0.061 0.071 0.071 0.000 0.103 0.000 0.005 0.000 0.011 0.000 0.000 0.188 0.037 0.207 0.067 0.009 0.005 0.085 0.000 0.000 0.020 0.012 0.038 0.022 0.010 0.007 0.084 0.054 0.074 0.000 0.042 0.001 0.000 0.000 0.123 0.000 0.000 0.041 0.000 0.003 0.002 0.001 0.000 0.001 0.000 0.000 0.001 0.000 0.000 0.000 0.001 0.000 0.000 0.000 0.000 0.000 0.000 0.000 0.000 0.000 0.000 0.000 0.000 0.000 0.001 0.005 0.009 0.010 0.010 0.010 0.011 0.011 0.011 0.011 0.010 0.010
0.000 0.051 0.031 0.011 0.091 0.000 0.080 0.050 0.004 0.000 0.000 0.000 0.028 0.000 0.017 0.000 0.045 0.000 0.000 0.052 0.111 0.028 0.000 0.003 0.002 0.001 0.000 0.034 0.024 0.000 0.000 0.012 0.000 0.000 0.000 0.003 0.172 0.000 0.000 0.000 0.054 0.000 0.000 0.000 0.000 0.001 0.000 0.000 0.000 0.000 0.000 0.000 0.000 0.000 0.000 0.000 0.000 0.000 0.000 0.000 0.000 0.000 0.000 0.000 0.000 0.000 0.009 0.010 0.010 0.010 0.010 0.010 0.010 0.010 0.010 0.010 0.010
0.000 0.000 0.000 0.082 0.000 0.000 0.005 0.000 0.067 0.000 0.000 0.000 0.006 0.000 0.000 0.036 0.055 0.000 0.000 0.062 0.000 0.020 0.000 0.039 0.002 0.000 0.000 0.006 0.000 0.041 0.000 0.000 0.000 0.000 0.091 0.000 0.000 0.043 0.033 0.123 0.001 0.003 0.002 0.001 0.001 0.000 0.001 0.000 0.000 0.000 0.000 0.000 0.000 0.000 0.000 0.000 0.000 0.000 0.000 0.000 0.000 0.000 0.000 0.000 0.001 0.007 0.009 0.010 0.010 0.010 0.010 0.010 0.010 0.010 0.010 0.010 0.009
0.038 0.000 0.000 0.003 0.004 0.006 0.002 0.011 0.008 0.043 0.083 0.083 0.043 0.000 0.007 0.008 0.000 0.141 0.000 0.014 0.006 0.009 0.019 0.006 0.005 0.129 0.000 0.153 0.000 0.000 0.000 0.000 0.000 0.000 0.000 0.000 0.000 0.000 0.000 0.000 0.000 0.000 0.010 0.000 0.000 0.000 0.000 0.000 0.000 0.000 0.000 0.000 0.000 0.000 0.000 0.000 0.000 0.000 0.000 0.000 0.000 0.000 0.000 0.000 0.003 0.009 0.010 0.010 0.010 0.010 0.010 0.010 0.010 0.009 0.009 0.009 0.009
0.007 0.091 0.071 0.005 0.005 0.000 0.005 0.115 0.000 0.000 0.000 0.000 0.000 0.000 0.104 0.000 0.000 0.000 0.000 0.008 0.085 0.000 0.006 0.006 0.000 0.019 0.005 0.011 0.000 0.000 0.000 0.000 0.000 0.000 0.000 0.000 0.000 0.000 0.000 0.000 0.041 0.011 0.000 0.000 0.000 0.000 0.000 0.000 0.000 0.000 0.000 0.000 0.000 0.000 0.000 0.000 0.000 0.000 0.000 0.000 0.000 0.000 0.000 0.000 0.006 0.009 0.009 0.009 0.009 0.009 0.009 0.009 0.009 0.008 0.008 0.008 0.008
0.050 0.000 0.002 0.000 0.065 0.035 0.025 0.035 0.003 0.001 0.000 0.000 0.060 0.008 0.044 0.064 0.000 0.000 0.016 0.192 0.001 0.012 0.009 0.000 0.012 0.001 0.049 0.000 0.000 0.000 0.000 0.000 0.000 0.000 0.000 0.000 0.000 0.000 0.000 0.031 0.000 0.000 0.000 0.000 0.000 0.000 0.000 0.000 0.000 0.000 0.000 0.000 0.000 0.000 0.000 0.000 0.000 0.000 0.000 0.000 0.000 0.000 0.000 0.002 0.008 0.008 0.008 0.008 0.008 0.008 0.008 0.007 0.007 0.007 0.007 0.007 0.006
