includes/oleron/floodfiles/results_R2_t1.562608441572E12/res-0012.wdfp
ncols         631
nrows         906
xllcorner     364927.146667
yllcorner     6531972.565556
cellsize      20.000000
NODATA_value  -9999.000000
[rows 680 to 713 of 906, columns 462 to 538 of 631]
0.038 0.000 0.000 0.000 0.000 0.052 0.052 0.032 0.006 0.004 0.355 0.016 0.000 0.005 0.000 0.003 0.000 0.008 0.011 0.017 0.012 0.011 0.007 0.004 0.003 0.002 0.001 0.000 0.001 0.000 0.000 0.000 0.000 0.000 0.000 0.000 0.000 0.000 0.000 0.000 0.000 0.000 0.000 0.000 0.000 0.000 0.000 0.000 0.000 0.000 0.002 0.072 0.134 0.196 0.274 0.362 0.450 0.538 0.627 0.821 1.033 1.246 1.458 1.670 1.883 2.095 2.303 2.504 2.705 2.972 3.266 3.544 3.760 3.975 4.190 4.406 4.621
0.000 0.000 0.000 0.000 0.000 0.000 0.000 0.000 0.027 0.341 0.365 0.008 0.013 0.013 0.014 0.013 0.010 0.009 0.015 0.000 0.010 0.011 0.009 0.006 0.005 0.003 0.002 0.002 0.001 0.001 0.000 0.001 0.001 0.000 0.000 0.000 0.000 0.000 0.000 0.000 0.000 0.000 0.000 0.000 0.000 0.000 0.000 0.000 0.000 0.000 0.008 0.075 0.137 0.205 0.293 0.382 0.470 0.558 0.646 0.780 0.993 1.205 1.418 1.630 1.843 2.050 2.251 2.452 2.653 2.918 3.212 3.505 3.781 3.996 4.212 4.427 4.642
0.003 0.060 0.040 0.030 0.000 0.000 0.004 0.000 0.000 0.000 0.000 0.000 0.013 0.000 0.000 0.000 0.007 0.011 0.012 0.009 0.010 0.012 0.010 0.008 0.006 0.005 0.004 0.003 0.002 0.001 0.001 0.000 0.000 0.000 0.000 0.000 0.000 0.000 0.000 0.000 0.000 0.000 0.000 0.000 0.000 0.000 0.000 0.000 0.000 0.003 0.017 0.078 0.140 0.224 0.313 0.401 0.489 0.578 0.666 0.754 0.952 1.165 1.377 1.590 1.798 1.999 2.200 2.401 2.602 2.863 3.157 3.451 3.745 4.017 4.233 4.448 4.663
0.000 0.000 0.000 0.130 0.000 0.000 0.002 0.000 0.000 0.000 0.382 0.000 0.011 0.011 0.029 0.000 0.007 0.000 0.007 0.008 0.009 0.011 0.013 0.011 0.009 0.007 0.005 0.004 0.003 0.002 0.003 0.000 0.000 0.000 0.000 0.000 0.000 0.000 0.000 0.000 0.000 0.001 0.002 0.003 0.004 0.007 0.009 0.011 0.013 0.012 0.027 0.081 0.155 0.243 0.332 0.420 0.509 0.597 0.685 0.774 0.912 1.125 1.337 1.546 1.746 1.947 2.148 2.349 2.550 2.809 3.103 3.397 3.691 3.985 4.254 4.469 4.604
0.000 0.000 0.050 0.060 0.000 0.000 0.001 0.000 0.000 0.000 0.000 0.399 0.000 0.015 0.041 0.000 0.007 0.000 0.004 0.006 0.008 0.009 0.011 0.013 0.011 0.009 0.007 0.005 0.004 0.004 0.004 0.003 0.002 0.002 0.002 0.003 0.003 0.004 0.004 0.011 0.015 0.016 0.020 0.024 0.027 0.030 0.032 0.033 0.035 0.035 0.039 0.085 0.174 0.262 0.351 0.439 0.528 0.616 0.705 0.793 0.881 1.084 1.293 1.494 1.695 1.896 2.097 2.298 2.498 2.755 3.049 3.343 3.637 3.931 4.225 4.436 4.545
0.000 0.072 0.000 0.003 0.004 0.000 0.003 0.004 0.000 0.000 0.000 0.000 0.000 0.015 0.000 0.000 0.007 0.000 0.003 0.005 0.006 0.008 0.009 0.011 0.013 0.011 0.009 0.008 0.008 0.013 0.017 0.020 0.023 0.026 0.028 0.030 0.032 0.033 0.031 0.030 0.032 0.038 0.043 0.046 0.049 0.051 0.053 0.055 0.056 0.057 0.053 0.091 0.182 0.273 0.364 0.455 0.546 0.635 0.724 0.812 0.901 1.040 1.241 1.442 1.643 1.844 2.045 2.246 2.447 2.701 2.995 3.289 3.578 3.851 4.124 4.324 4.454
0.000 0.052 0.000 0.284 0.004 0.314 0.000 0.003 0.002 0.002 0.002 0.001 0.002 0.014 0.000 0.000 0.007 0.000 0.002 0.003 0.005 0.006 0.008 0.009 0.011 0.013 0.014 0.018 0.030 0.044 0.047 0.050 0.053 0.056 0.058 0.060 0.062 0.063 0.062 0.057 0.052 0.050 0.047 0.043 0.039 0.034 0.029 0.025 0.020 0.016 0.012 0.010 0.092 0.183 0.274 0.366 0.457 0.548 0.639 0.730 0.821 0.965 1.166 1.373 1.579 1.785 1.991 2.195 2.396 2.647 2.925 3.198 3.471 3.744 4.017 4.207 4.337
0.078 0.000 0.308 0.013 0.000 0.002 0.004 0.004 0.004 0.003 0.003 0.005 0.000 0.010 0.012 0.000 0.005 0.006 0.000 0.002 0.003 0.005 0.006 0.008 0.009 0.013 0.028 0.049 0.064 0.074 0.077 0.080 0.083 0.086 0.088 0.090 0.082 0.073 0.062 0.050 0.029 0.018 0.014 0.010 0.007 0.005 0.004 0.003 0.002 0.001 0.000 0.000 0.001 0.093 0.185 0.276 0.367 0.459 0.550 0.641 0.766 0.911 1.081 1.287 1.493 1.700 1.906 2.112 2.318 2.551 2.818 3.092 3.364 3.638 3.911 4.091 4.221
0.089 0.003 0.008 0.000 0.000 0.000 0.012 0.013 0.010 0.007 0.006 0.006 0.010 0.013 0.012 0.009 0.008 0.007 0.005 0.004 0.004 0.005 0.005 0.007 0.008 0.015 0.041 0.073 0.098 0.104 0.107 0.104 0.097 0.090 0.082 0.074 0.066 0.057 0.048 0.038 0.021 0.004 0.002 0.002 0.001 0.000 0.000 0.000 0.000 0.000 0.000 0.000 0.000 0.001 0.095 0.187 0.278 0.370 0.462 0.566 0.712 0.857 1.002 1.202 1.408 1.614 1.821 2.027 2.245 2.481 2.718 2.985 3.258 3.531 3.804 3.974 4.104
0.032 0.076 0.002 0.000 0.010 0.015 0.031 0.000 0.006 0.007 0.007 0.009 0.026 0.000 0.008 0.009 0.008 0.007 0.007 0.006 0.006 0.007 0.007 0.007 0.010 0.024 0.055 0.085 0.112 0.102 0.095 0.088 0.081 0.074 0.067 0.059 0.051 0.042 0.034 0.023 0.009 0.000 0.000 0.000 0.000 0.000 0.000 0.000 0.000 0.000 0.000 0.000 0.000 0.000 0.001 0.097 0.189 0.281 0.373 0.513 0.658 0.804 0.949 1.117 1.323 1.529 1.736 1.942 2.175 2.412 2.648 2.885 3.151 3.424 3.697 3.858 3.988
0.003 0.078 0.050 0.021 0.028 0.000 0.000 0.005 0.008 0.008 0.009 0.014 0.000 0.000 0.005 0.007 0.007 0.007 0.007 0.007 0.011 0.000 0.007 0.012 0.018 0.031 0.056 0.083 0.105 0.092 0.080 0.073 0.066 0.058 0.051 0.043 0.036 0.028 0.020 0.009 0.000 0.000 0.000 0.000 0.000 0.000 0.000 0.000 0.000 0.000 0.000 0.000 0.000 0.000 0.000 0.001 0.100 0.193 0.314 0.460 0.605 0.750 0.896 1.041 1.238 1.444 1.651 1.869 2.105 2.342 2.578 2.815 3.051 3.317 3.590 3.742 3.872
0.111 0.090 0.066 0.037 0.040 0.000 0.021 0.021 0.021 0.016 0.014 0.014 0.011 0.008 0.008 0.008 0.007 0.008 0.008 0.009 0.013 0.014 0.014 0.014 0.016 0.028 0.053 0.081 0.096 0.083 0.070 0.057 0.050 0.043 0.036 0.028 0.021 0.013 0.006 0.000 0.000 0.000 0.000 0.000 0.000 0.000 0.000 0.000 0.000 0.000 0.000 0.000 0.000 0.000 0.000 0.000 0.002 0.114 0.261 0.407 0.552 0.697 0.843 0.988 1.153 1.360 1.566 1.799 2.036 2.272 2.509 2.745 2.982 3.218 3.484 3.626 3.771
0.130 0.107 0.082 0.053 0.044 0.040 0.043 0.000 0.000 0.013 0.015 0.016 0.014 0.013 0.011 0.010 0.008 0.010 0.012 0.012 0.013 0.012 0.012 0.012 0.014 0.026 0.051 0.078 0.087 0.074 0.061 0.048 0.035 0.028 0.020 0.014 0.007 0.003 0.000 0.000 0.000 0.000 0.000 0.000 0.000 0.000 0.000 0.000 0.000 0.000 0.000 0.000 0.000 0.000 0.000 0.000 0.000 0.060 0.209 0.354 0.500 0.645 0.790 0.935 1.080 1.275 1.493 1.730 1.966 2.203 2.440 2.676 2.912 3.149 3.408 3.544 3.700
0.149 0.125 0.100 0.070 0.054 0.051 0.050 0.055 0.000 0.023 0.025 0.023 0.020 0.017 0.014 0.012 0.011 0.008 0.009 0.009 0.010 0.010 0.010 0.010 0.012 0.023 0.049 0.076 0.079 0.066 0.053 0.040 0.027 0.014 0.006 0.003 0.002 0.001 0.000 0.000 0.000 0.000 0.000 0.000 0.000 0.000 0.000 0.000 0.000 0.000 0.000 0.000 0.000 0.000 0.000 0.000 0.000 0.002 0.157 0.302 0.447 0.592 0.737 0.882 1.027 1.191 1.424 1.661 1.918 2.181 2.444 2.706 2.969 3.232 3.444 3.529 3.628
0.168 0.144 0.118 0.088 0.066 0.060 0.057 0.056 0.047 0.042 0.039 0.031 0.025 0.020 0.017 0.015 0.015 0.011 0.006 0.006 0.007 0.008 0.008 0.008 0.010 0.021 0.046 0.074 0.070 0.057 0.044 0.031 0.018 0.006 0.002 0.001 0.001 0.000 0.000 0.000 0.000 0.000 0.000 0.000 0.000 0.000 0.000 0.000 0.000 0.000 0.000 0.000 0.000 0.000 0.000 0.000 0.000 0.002 0.156 0.299 0.441 0.584 0.726 0.868 1.011 1.214 1.476 1.739 2.002 2.264 2.527 2.789 3.052 3.314 3.480 3.565 3.650
0.187 0.162 0.137 0.107 0.078 0.067 0.062 0.059 0.054 0.056 0.000 0.021 0.023 0.022 0.020 0.019 0.020 0.015 0.011 0.007 0.005 0.005 0.006 0.006 0.007 0.018 0.044 0.071 0.061 0.048 0.036 0.023 0.010 0.002 0.001 0.000 0.000 0.000 0.000 0.000 0.000 0.000 0.000 0.000 0.000 0.000 0.000 0.000 0.000 0.000 0.000 0.000 0.000 0.000 0.000 0.000 0.000 0.003 0.159 0.302 0.444 0.587 0.729 0.872 1.036 1.298 1.560 1.822 2.085 2.347 2.610 2.872 3.135 3.397 3.516 3.601 3.685
0.205 0.181 0.156 0.125 0.000 0.061 0.063 0.061 0.057 0.052 0.040 0.033 0.030 0.027 0.025 0.023 0.025 0.020 0.015 0.011 0.008 0.004 0.003 0.004 0.005 0.015 0.042 0.066 0.053 0.040 0.027 0.014 0.003 0.000 0.000 0.000 0.000 0.000 0.000 0.000 0.000 0.000 0.000 0.000 0.000 0.000 0.000 0.000 0.000 0.000 0.000 0.000 0.000 0.000 0.000 0.000 0.000 0.010 0.163 0.305 0.447 0.590 0.732 0.875 1.120 1.382 1.643 1.905 2.168 2.430 2.693 2.955 3.218 3.467 3.552 3.636 3.721
0.223 0.199 0.000 0.125 0.085 0.074 0.070 0.064 0.060 0.057 0.051 0.044 0.039 0.035 0.031 0.029 0.031 0.026 0.021 0.016 0.012 0.008 0.005 0.003 0.004 0.013 0.039 0.057 0.044 0.031 0.018 0.006 0.000 0.000 0.000 0.000 0.000 0.000 0.000 0.000 0.000 0.000 0.000 0.000 0.000 0.000 0.000 0.000 0.000 0.000 0.000 0.000 0.000 0.000 0.000 0.000 0.004 0.068 0.165 0.308 0.450 0.593 0.735 0.943 1.204 1.466 1.727 1.989 2.251 2.513 2.776 3.038 3.300 3.503 3.587 3.672 3.757
0.216 0.199 0.171 0.144 0.105 0.084 0.079 0.076 0.072 0.067 0.061 0.054 0.049 0.044 0.039 0.037 0.039 0.033 0.027 0.022 0.017 0.013 0.009 0.006 0.003 0.009 0.036 0.047 0.035 0.022 0.010 0.001 0.000 0.000 0.000 0.000 0.000 0.000 0.000 0.000 0.000 0.000 0.000 0.000 0.000 0.000 0.000 0.000 0.000 0.000 0.000 0.000 0.000 0.000 0.000 0.001 0.061 0.114 0.168 0.311 0.453 0.595 0.765 1.026 1.288 1.549 1.811 2.072 2.333 2.596 2.858 3.121 3.383 3.539 3.623 3.708 3.792
0.209 0.192 0.163 0.142 0.000 0.086 0.098 0.095 0.086 0.078 0.071 0.064 0.058 0.053 0.048 0.046 0.048 0.041 0.035 0.029 0.023 0.018 0.014 0.011 0.008 0.010 0.031 0.037 0.025 0.011 0.001 0.000 0.000 0.000 0.000 0.000 0.000 0.000 0.000 0.000 0.000 0.000 0.000 0.000 0.000 0.000 0.000 0.000 0.000 0.000 0.000 0.000 0.000 0.000 0.000 0.054 0.107 0.160 0.212 0.313 0.456 0.598 0.848 1.110 1.371 1.633 1.894 2.156 2.417 2.678 2.941 3.203 3.466 3.574 3.659 3.743 3.828
0.200 0.000 0.137 0.124 0.101 0.098 0.118 0.120 0.099 0.087 0.079 0.073 0.067 0.062 0.057 0.055 0.058 0.051 0.044 0.038 0.032 0.027 0.023 0.020 0.021 0.028 0.034 0.017 0.007 0.000 0.000 0.000 0.000 0.000 0.000 0.000 0.000 0.000 0.000 0.000 0.000 0.000 0.000 0.000 0.000 0.000 0.000 0.000 0.000 0.000 0.000 0.000 0.000 0.000 0.029 0.098 0.152 0.205 0.258 0.316 0.458 0.670 0.932 1.193 1.455 1.716 1.977 2.239 2.500 2.761 3.023 3.286 3.525 3.610 3.694 3.779 3.864
0.181 0.146 0.135 0.126 0.112 0.110 0.138 0.000 0.078 0.086 0.084 0.080 0.075 0.070 0.067 0.066 0.070 0.063 0.057 0.051 0.046 0.041 0.039 0.039 0.041 0.041 0.042 0.016 0.000 0.000 0.000 0.000 0.000 0.000 0.000 0.000 0.000 0.000 0.000 0.000 0.000 0.000 0.000 0.000 0.000 0.000 0.000 0.000 0.000 0.000 0.000 0.000 0.000 0.000 0.003 0.087 0.159 0.228 0.298 0.355 0.492 0.753 1.015 1.276 1.538 1.799 2.061 2.322 2.583 2.844 3.106 3.368 3.561 3.645 3.730 3.814 3.900
0.163 0.152 0.142 0.132 0.121 0.119 0.000 0.054 0.072 0.081 0.086 0.088 0.084 0.080 0.077 0.078 0.084 0.078 0.072 0.067 0.064 0.062 0.059 0.055 0.052 0.051 0.052 0.023 0.000 0.000 0.000 0.000 0.000 0.000 0.000 0.000 0.000 0.000 0.000 0.000 0.000 0.000 0.000 0.000 0.000 0.000 0.000 0.000 0.000 0.000 0.000 0.000 0.000 0.000 0.000 0.054 0.127 0.197 0.267 0.362 0.548 0.815 1.082 1.349 1.616 1.882 2.144 2.405 2.666 2.928 3.189 3.451 3.596 3.681 3.766 3.851 3.936
0.166 0.157 0.147 0.136 0.123 0.107 0.091 0.077 0.078 0.082 0.085 0.088 0.090 0.091 0.090 0.092 0.101 0.096 0.091 0.088 0.083 0.076 0.070 0.066 0.063 0.062 0.062 0.032 0.001 0.000 0.000 0.000 0.000 0.000 0.000 0.000 0.000 0.000 0.000 0.000 0.000 0.000 0.000 0.000 0.000 0.000 0.000 0.000 0.000 0.000 0.000 0.000 0.000 0.000 0.000 0.010 0.095 0.166 0.278 0.431 0.589 0.856 1.123 1.390 1.657 1.925 2.192 2.459 2.726 2.993 3.260 3.529 3.632 3.717 3.802 3.888 3.973
0.170 0.163 0.152 0.139 0.125 0.106 0.097 0.088 0.085 0.085 0.087 0.089 0.091 0.095 0.101 0.109 0.120 0.116 0.110 0.101 0.094 0.087 0.081 0.076 0.073 0.072 0.072 0.041 0.004 0.000 0.000 0.000 0.000 0.000 0.000 0.000 0.000 0.000 0.000 0.000 0.000 0.000 0.000 0.000 0.000 0.000 0.000 0.000 0.000 0.000 0.000 0.000 0.000 0.000 0.000 0.000 0.066 0.194 0.347 0.499 0.651 0.898 1.165 1.432 1.699 1.966 2.233 2.500 2.767 3.034 3.308 3.634 3.736 3.763 3.839 3.924 4.010
0.175 0.173 0.154 0.140 0.126 0.108 0.099 0.094 0.091 0.089 0.089 0.091 0.093 0.097 0.104 0.117 0.135 0.128 0.119 0.111 0.104 0.097 0.091 0.086 0.083 0.081 0.081 0.049 0.010 0.000 0.000 0.000 0.000 0.000 0.000 0.000 0.000 0.000 0.000 0.000 0.000 0.000 0.000 0.000 0.000 0.000 0.000 0.000 0.000 0.000 0.000 0.000 0.000 0.000 0.000 0.000 0.110 0.263 0.415 0.567 0.720 0.939 1.206 1.473 1.741 2.008 2.275 2.542 2.809 3.087 3.413 3.739 3.877 3.903 3.930 3.961 4.046
0.179 0.000 0.140 0.136 0.126 0.109 0.100 0.097 0.094 0.093 0.092 0.093 0.096 0.101 0.109 0.119 0.137 0.133 0.128 0.120 0.113 0.106 0.100 0.095 0.091 0.090 0.090 0.057 0.017 0.000 0.000 0.000 0.000 0.000 0.000 0.000 0.000 0.000 0.000 0.000 0.000 0.000 0.000 0.000 0.000 0.000 0.000 0.000 0.000 0.000 0.000 0.000 0.000 0.000 0.000 0.014 0.178 0.331 0.483 0.635 0.788 0.981 1.248 1.515 1.782 2.049 2.316 2.583 2.867 3.192 3.518 3.844 4.017 4.044 4.071 4.097 4.124
0.168 0.148 0.143 0.136 0.126 0.111 0.100 0.099 0.097 0.096 0.096 0.097 0.100 0.103 0.108 0.119 0.136 0.135 0.130 0.125 0.121 0.114 0.108 0.102 0.099 0.097 0.097 0.063 0.023 0.000 0.000 0.000 0.000 0.000 0.000 0.000 0.000 0.000 0.000 0.000 0.000 0.000 0.000 0.000 0.000 0.000 0.000 0.000 0.000 0.000 0.000 0.000 0.000 0.000 0.000 0.094 0.246 0.399 0.551 0.704 0.856 1.022 1.289 1.556 1.823 2.090 2.357 2.646 2.971 3.297 3.623 3.948 4.158 4.185 4.211 4.238 4.264
0.166 0.155 0.147 0.138 0.128 0.113 0.100 0.099 0.098 0.098 0.099 0.101 0.101 0.103 0.108 0.118 0.135 0.136 0.131 0.126 0.122 0.118 0.114 0.109 0.105 0.103 0.102 0.067 0.028 0.000 0.000 0.000 0.000 0.000 0.000 0.000 0.000 0.000 0.000 0.000 0.000 0.000 0.000 0.000 0.000 0.000 0.000 0.000 0.000 0.000 0.000 0.000 0.000 0.000 0.001 0.162 0.314 0.467 0.619 0.771 0.924 1.076 1.331 1.598 1.865 2.132 2.425 2.750 3.076 3.402 3.727 4.053 4.298 4.325 4.352 4.378 4.405
0.161 0.156 0.150 0.141 0.130 0.116 0.100 0.099 0.099 0.101 0.100 0.100 0.100 0.102 0.106 0.116 0.133 0.136 0.131 0.127 0.122 0.118 0.115 0.112 0.109 0.106 0.105 0.069 0.030 0.000 0.000 0.000 0.000 0.000 0.000 0.000 0.000 0.000 0.000 0.000 0.000 0.000 0.000 0.000 0.000 0.000 0.000 0.000 0.000 0.000 0.000 0.000 0.000 0.000 0.020 0.209 0.382 0.535 0.687 0.839 0.992 1.144 1.372 1.639 1.906 2.204 2.530 2.855 3.181 3.506 3.832 4.158 4.439 4.465 4.492 4.519 4.545
0.153 0.150 0.146 0.141 0.133 0.119 0.099 0.099 0.100 0.098 0.098 0.097 0.098 0.099 0.104 0.114 0.130 0.135 0.130 0.126 0.121 0.116 0.112 0.108 0.105 0.104 0.103 0.065 0.030 0.000 0.000 0.000 0.000 0.000 0.000 0.000 0.000 0.000 0.000 0.000 0.000 0.000 0.000 0.000 0.000 0.000 0.000 0.000 0.000 0.000 0.000 0.000 0.000 0.000 0.044 0.223 0.397 0.571 0.745 0.907 1.060 1.212 1.413 1.680 1.983 2.309 2.634 2.960 3.285 3.611 3.937 4.262 4.579 4.606 4.632 4.659 4.686
0.145 0.143 0.140 0.135 0.127 0.116 0.099 0.094 0.094 0.094 0.093 0.093 0.094 0.096 0.101 0.110 0.126 0.133 0.128 0.123 0.118 0.112 0.106 0.100 0.094 0.088 0.112 0.059 0.024 0.001 0.000 0.000 0.000 0.000 0.000 0.000 0.000 0.000 0.000 0.000 0.000 0.000 0.000 0.000 0.000 0.000 0.000 0.000 0.000 0.000 0.000 0.000 0.000 0.000 0.061 0.236 0.411 0.585 0.759 0.933 1.107 1.280 1.455 1.762 2.088 2.413 2.739 3.064 3.390 3.716 4.041 4.367 4.693 4.746 4.773 4.799 4.826
0.137 0.135 0.132 0.127 0.118 0.106 0.100 0.094 0.088 0.086 0.087 0.088 0.089 0.092 0.097 0.106 0.121 0.129 0.124 0.119 0.112 0.105 0.096 0.084 0.085 0.100 0.130 0.080 0.021 0.000 0.000 0.000 0.000 0.000 0.000 0.000 0.000 0.000 0.000 0.000 0.000 0.000 0.000 0.000 0.000 0.000 0.000 0.000 0.000 0.000 0.000 0.000 0.000 0.000 0.076 0.250 0.425 0.599 0.773 0.947 1.121 1.295 1.585 1.882 2.192 2.518 2.843 3.169 3.495 3.820 4.146 4.472 4.797 4.886 4.913 4.940 4.966
0.127 0.126 0.122 0.116 0.108 0.106 0.101 0.096 0.092 0.087 0.082 0.081 0.083 0.086 0.091 0.100 0.114 0.124 0.118 0.111 0.102 0.091 0.080 0.086 0.099 0.123 0.156 0.112 0.045 0.001 0.000 0.000 0.000 0.000 0.000 0.000 0.000 0.000 0.000 0.000 0.000 0.000 0.000 0.000 0.000 0.000 0.000 0.000 0.000 0.000 0.000 0.000 0.000 0.000 0.090 0.264 0.438 0.613 0.787 0.961 1.171 1.469 1.767 2.063 2.360 2.656 2.953 3.274 3.599 3.925 4.250 4.576 4.902 5.027 5.053 5.080 5.106
