includes/oleron/floodfiles/results_R2_t1.562608441572E12/res-0003.wdfp
ncols         631
nrows         906
xllcorner     364927.146667
yllcorner     6531972.565556
cellsize      20.000000
NODATA_value  -9999.000000
[rows 544 to 577 of 906, columns 539 to 615 of 631]
5.076 5.133 5.190 5.247 5.305 5.362 5.416 5.465 5.514 5.563 5.612 5.661 5.709 5.755 5.802 5.848 5.895 5.942 5.988 6.035 6.081 6.128 6.175 6.191 6.162 6.135 6.107 6.080 6.053 6.026 5.998 5.971 5.944 5.916 5.889 5.862 6.025 6.275 6.525 6.719 6.695 6.671 6.647 6.624 6.600 6.576 6.552 6.528 6.504 6.480 6.456 6.472 6.531 6.590 6.649 6.709 6.883 7.071 7.135 7.198 7.262 7.325 7.388 7.452 7.515 7.579 7.642 7.705 7.769 7.832 7.991 8.188 8.384 8.581 8.777 8.973 9.170
5.087 5.144 5.201 5.259 5.316 5.373 5.430 5.485 5.534 5.583 5.632 5.681 5.728 5.775 5.821 5.868 5.914 5.961 6.007 6.054 6.129 6.221 6.314 6.331 6.282 6.233 6.184 6.135 6.108 6.081 6.053 6.026 5.999 5.971 5.944 5.917 5.931 6.181 6.431 6.508 6.485 6.461 6.437 6.413 6.389 6.365 6.341 6.330 6.389 6.448 6.507 6.566 6.626 6.685 6.744 6.810 6.997 7.184 7.372 7.476 7.539 7.603 7.666 7.730 7.793 7.856 7.920 7.983 8.047 8.110 8.289 8.485 8.682 8.878 9.075 9.271 9.467
5.098 5.155 5.213 5.270 5.327 5.384 5.441 5.498 5.553 5.603 5.652 5.700 5.747 5.794 5.840 5.887 5.933 5.996 6.088 6.180 6.272 6.365 6.457 6.470 6.421 6.372 6.323 6.275 6.226 6.177 6.128 6.081 6.054 6.027 5.999 5.972 5.945 6.087 6.322 6.298 6.274 6.250 6.226 6.202 6.247 6.306 6.365 6.424 6.483 6.542 6.602 6.661 6.720 6.779 6.838 6.924 7.111 7.298 7.486 7.673 7.817 7.881 7.944 8.007 8.071 8.134 8.198 8.261 8.324 8.390 8.587 8.783 8.979 9.176 9.372 9.569 9.765
5.110 5.167 5.224 5.281 5.338 5.395 5.452 5.509 5.566 5.622 5.671 5.720 5.766 5.813 5.863 5.955 6.047 6.139 6.232 6.324 6.416 6.508 6.600 6.609 6.560 6.512 6.463 6.414 6.365 6.317 6.268 6.219 6.170 6.122 6.073 6.027 6.000 5.993 6.111 6.087 6.104 6.163 6.223 6.282 6.341 6.400 6.459 6.519 6.578 6.637 6.696 6.755 6.814 6.874 6.933 7.038 7.225 7.412 7.599 7.787 7.974 8.159 8.222 8.285 8.349 8.412 8.476 8.539 8.602 8.688 8.884 9.081 9.277 9.474 9.670 9.866 10.063
5.121 5.178 5.235 5.292 5.349 5.406 5.463 5.520 5.578 5.635 5.691 5.739 5.822 5.914 6.006 6.098 6.191 6.283 6.375 6.467 6.559 6.651 6.743 6.749 6.700 6.651 6.602 6.553 6.505 6.456 6.407 6.358 6.310 6.261 6.212 6.163 6.115 6.069 6.080 6.139 6.198 6.258 6.317 6.376 6.435 6.494 6.554 6.613 6.672 6.731 6.791 6.850 6.909 6.968 7.028 7.151 7.339 7.526 7.713 7.901 8.088 8.275 8.463 8.563 8.627 8.690 8.754 8.817 8.880 8.985 9.182 9.378 9.575 9.771 9.968 10.164 10.360
5.132 5.189 5.246 5.303 5.360 5.417 5.475 5.532 5.589 5.696 5.831 5.884 5.965 6.057 6.150 6.242 6.334 6.426 6.518 6.610 6.702 6.795 6.887 6.888 6.839 6.790 6.742 6.693 6.644 6.595 6.547 6.498 6.449 6.400 6.352 6.303 6.263 6.223 6.222 6.233 6.293 6.352 6.411 6.470 6.530 6.589 6.648 6.707 6.767 6.826 6.885 6.944 7.004 7.063 7.122 7.265 7.453 7.640 7.827 8.015 8.202 8.389 8.577 8.764 8.905 8.968 9.031 9.095 9.158 9.283 9.480 9.676 9.872 10.069 10.265 10.462 10.560
5.143 5.200 5.257 5.314 5.371 5.429 5.527 5.662 5.797 5.932 6.066 6.103 6.140 6.201 6.293 6.385 6.477 6.569 6.661 6.754 6.846 6.938 7.030 7.028 6.979 6.930 6.881 6.832 6.784 6.735 6.686 6.637 6.589 6.540 6.496 6.457 6.417 6.378 6.381 6.383 6.387 6.446 6.506 6.565 6.624 6.683 6.743 6.802 6.861 6.920 6.980 7.039 7.098 7.157 7.217 7.379 7.566 7.754 7.941 8.129 8.316 8.503 8.691 8.878 9.066 9.246 9.309 9.373 9.436 9.581 9.777 9.974 10.170 10.366 10.401 10.353 10.305
5.154 5.211 5.268 5.357 5.493 5.628 5.763 5.898 6.033 6.168 6.285 6.322 6.359 6.396 6.436 6.528 6.620 6.713 6.805 6.897 6.989 7.081 7.174 7.167 7.118 7.069 7.021 6.972 6.923 6.874 6.826 6.777 6.730 6.690 6.650 6.610 6.570 6.537 6.540 6.542 6.545 6.547 6.600 6.659 6.718 6.778 6.837 6.896 6.955 7.015 7.074 7.133 7.193 7.252 7.311 7.493 7.680 7.868 8.055 8.243 8.430 8.617 8.805 8.992 9.180 9.367 9.554 9.651 9.714 9.878 10.075 10.271 10.243 10.195 10.147 10.099 10.051
5.188 5.323 5.458 5.593 5.728 5.864 5.999 6.134 6.269 6.404 6.504 6.541 6.578 6.615 6.652 6.689 6.764 6.856 6.948 7.040 7.133 7.225 7.317 7.307 7.258 7.209 7.160 7.111 7.063 7.014 6.965 6.924 6.884 6.844 6.804 6.764 6.724 6.696 6.699 6.701 6.704 6.706 6.709 6.754 6.813 6.872 6.932 6.991 7.050 7.109 7.169 7.228 7.287 7.347 7.420 7.607 7.794 7.982 8.169 8.357 8.544 8.731 8.919 9.106 9.294 9.481 9.668 9.856 9.992 10.133 10.085 10.036 9.988 9.940 9.892 9.844 9.796
5.424 5.559 5.694 5.829 5.964 6.100 6.235 6.370 6.505 6.640 6.722 6.760 6.797 6.834 6.871 6.908 6.945 6.999 7.092 7.184 7.276 7.368 7.460 7.446 7.397 7.348 7.300 7.251 7.202 7.157 7.117 7.078 7.038 6.998 6.958 6.918 6.878 6.855 6.858 6.860 6.863 6.865 6.868 6.871 6.907 6.967 7.026 7.085 7.145 7.204 7.263 7.322 7.382 7.441 7.533 7.721 7.908 8.096 8.283 8.471 8.658 8.845 9.033 9.220 9.408 9.595 9.783 9.948 9.966 9.879 9.830 9.782 9.734 9.686 9.637 9.589 9.541
5.660 5.795 5.930 6.065 6.200 6.336 6.471 6.606 6.741 6.876 6.941 6.978 7.016 7.053 7.090 7.127 7.164 7.201 7.239 7.327 7.419 7.512 7.604 7.585 7.537 7.488 7.439 7.391 7.351 7.311 7.271 7.231 7.192 7.152 7.112 7.072 7.032 7.014 7.017 7.019 7.022 7.024 7.027 7.030 7.032 7.061 7.121 7.180 7.239 7.298 7.358 7.417 7.476 7.536 7.647 7.835 8.022 8.210 8.397 8.585 8.772 8.959 9.147 9.334 9.522 9.709 9.741 9.759 9.777 9.687 9.597 9.527 9.479 9.431 9.383 9.335 9.287
5.896 6.031 6.166 6.302 6.437 6.572 6.707 6.842 6.977 7.112 7.160 7.197 7.234 7.272 7.309 7.346 7.383 7.420 7.457 7.495 7.563 7.655 7.747 7.725 7.676 7.627 7.585 7.545 7.505 7.465 7.425 7.385 7.345 7.305 7.266 7.226 7.186 7.173 7.176 7.178 7.181 7.183 7.186 7.189 7.191 7.194 7.215 7.274 7.334 7.393 7.452 7.512 7.571 7.630 7.761 7.949 8.136 8.324 8.511 8.698 8.886 9.073 9.261 9.448 9.517 9.534 9.552 9.570 9.587 9.496 9.405 9.315 9.224 9.176 9.128 9.080 9.032
6.132 6.267 6.403 6.538 6.673 6.808 6.943 7.078 7.213 7.342 7.379 7.416 7.453 7.491 7.528 7.565 7.602 7.639 7.677 7.714 7.751 7.799 7.891 7.865 7.818 7.779 7.739 7.699 7.659 7.619 7.579 7.539 7.499 7.459 7.420 7.380 7.340 7.332 7.335 7.337 7.340 7.342 7.345 7.348 7.350 7.353 7.356 7.369 7.428 7.488 7.547 7.606 7.666 7.725 7.875 8.063 8.250 8.438 8.625 8.812 9.000 9.187 9.292 9.310 9.327 9.345 9.363 9.380 9.395 9.305 9.214 9.124 9.033 8.942 8.874 8.825 8.777
6.325 6.504 6.639 6.774 6.909 7.044 7.179 7.314 7.450 7.561 7.598 7.635 7.672 7.710 7.747 7.784 7.821 7.858 7.896 7.933 7.970 8.007 8.044 8.012 7.972 7.932 7.893 7.853 7.813 7.773 7.733 7.693 7.653 7.613 7.573 7.534 7.494 7.491 7.494 7.496 7.499 7.502 7.504 7.507 7.509 7.512 7.515 7.517 7.523 7.582 7.642 7.701 7.760 7.820 7.989 8.177 8.364 8.552 8.739 8.926 9.067 9.085 9.103 9.120 9.138 9.156 9.173 9.191 9.204 9.113 9.023 8.932 8.841 8.751 8.660 8.571 8.523
6.389 6.669 6.875 7.010 7.145 7.280 7.416 7.551 7.686 7.780 7.817 7.854 7.891 7.929 7.966 8.003 8.040 8.077 8.115 8.152 8.147 8.028 7.910 8.054 8.127 8.087 8.047 8.007 7.967 7.927 7.887 7.847 7.807 7.767 7.727 7.687 7.648 7.650 7.653 7.655 7.658 7.661 7.663 7.666 7.669 7.671 7.674 7.677 7.679 7.682 7.736 7.796 7.855 7.916 8.103 8.290 8.478 8.665 8.842 8.860 8.878 8.895 8.913 8.931 8.949 8.966 8.984 9.002 9.012 8.922 8.831 8.741 8.650 8.560 8.469 8.378 8.288
6.454 6.733 7.013 7.246 7.381 7.517 7.652 7.787 7.922 7.999 8.036 8.073 8.111 8.148 8.185 8.222 8.259 8.296 8.241 8.123 8.005 7.886 7.803 7.946 8.090 8.233 8.201 8.161 8.121 8.081 8.041 8.001 7.961 7.921 7.881 7.841 7.807 7.809 7.812 7.815 7.817 7.820 7.822 7.825 7.828 7.830 7.833 7.836 7.838 7.841 7.844 7.890 7.950 8.029 8.217 8.404 8.592 8.635 8.653 8.671 8.688 8.706 8.724 8.741 8.759 8.777 8.794 8.812 8.821 8.730 8.640 8.549 8.459 8.368 8.278 8.187 8.096
6.518 6.797 7.077 7.357 7.618 7.753 7.888 8.023 8.159 8.218 8.255 8.293 8.330 8.367 8.404 8.441 8.336 8.217 8.099 7.981 7.863 7.744 7.695 7.838 7.982 8.126 8.269 8.315 8.275 8.235 8.195 8.155 8.115 8.075 8.035 7.995 7.966 7.969 7.971 7.974 7.976 7.979 7.981 7.984 7.987 7.989 7.992 7.995 7.997 8.000 8.003 8.006 8.044 8.143 8.331 8.410 8.428 8.446 8.464 8.481 8.499 8.517 8.534 8.552 8.570 8.587 8.605 8.623 8.630 8.539 8.448 8.358 8.267 8.177 8.086 7.996 7.905
6.582 6.862 7.141 7.421 7.701 7.981 8.124 8.260 8.395 8.437 8.475 8.512 8.549 8.549 8.430 8.312 8.194 8.076 7.957 7.839 7.721 7.602 7.587 7.731 7.874 8.018 8.161 8.305 8.429 8.389 8.349 8.309 8.269 8.229 8.189 8.149 8.125 8.128 8.130 8.133 8.135 8.138 8.141 8.143 8.146 8.149 8.151 8.154 8.157 8.159 8.162 8.165 8.168 8.185 8.203 8.221 8.239 8.256 8.274 8.292 8.309 8.327 8.345 8.363 8.380 8.398 8.416 8.433 8.438 8.348 8.257 8.166 8.076 7.985 7.895 7.804 7.714
6.646 6.926 7.206 7.485 7.765 8.045 8.325 8.496 8.619 8.657 8.694 8.644 8.525 8.407 8.289 8.170 8.052 7.934 7.815 7.697 7.579 7.461 7.479 7.623 7.767 7.910 8.054 8.197 8.341 8.484 8.503 8.463 8.423 8.383 8.343 8.304 8.284 8.287 8.289 8.292 8.295 8.297 8.300 8.302 8.305 8.308 8.310 8.313 8.316 8.318 8.311 8.302 8.293 8.100 8.069 8.039 8.049 8.067 8.085 8.102 8.120 8.138 8.155 8.173 8.191 8.209 8.226 8.244 8.247 8.156 8.066 7.975 7.884 7.794 7.703 7.613 7.522
6.710 6.990 7.270 7.550 7.829 8.109 8.389 8.669 8.839 8.738 8.620 8.502 8.383 8.265 8.147 8.028 7.910 7.792 7.673 7.555 7.437 7.319 7.372 7.515 7.659 7.802 7.946 8.090 8.233 8.377 8.520 8.617 8.577 8.537 8.497 8.457 8.443 8.446 8.449 8.451 8.454 8.456 8.459 8.462 8.464 8.467 8.465 8.456 8.446 8.437 8.428 8.419 8.337 8.111 8.009 7.979 7.948 7.917 7.895 7.913 7.931 7.948 7.966 7.984 8.001 8.019 8.037 8.054 8.055 7.965 7.874 7.784 7.693 7.602 7.512 7.421 7.401
6.774 7.054 7.334 7.614 7.894 8.173 8.420 8.630 8.697 8.596 8.478 8.360 8.241 8.123 8.005 7.886 7.768 7.650 7.532 7.413 7.295 7.177 7.264 7.408 7.551 7.695 7.838 7.982 8.126 8.269 8.413 8.556 8.700 8.691 8.651 8.612 8.603 8.605 8.608 8.610 8.613 8.616 8.618 8.610 8.601 8.592 8.582 8.573 8.564 8.555 8.546 8.537 8.359 8.133 7.949 7.919 7.888 7.857 7.827 7.796 7.765 7.759 7.776 7.794 7.812 7.830 7.847 7.865 7.864 7.773 7.683 7.592 7.502 7.411 7.390 7.386 7.381
6.838 7.118 7.398 7.669 7.878 8.088 8.298 8.507 8.522 8.429 8.336 8.218 8.099 7.981 7.863 7.744 7.626 7.508 7.390 7.271 7.153 7.035 7.156 7.300 7.443 7.587 7.731 7.874 8.018 8.161 8.305 8.449 8.592 8.736 8.806 8.766 8.762 8.764 8.767 8.764 8.755 8.746 8.737 8.728 8.718 8.709 8.700 8.691 8.682 8.673 8.664 8.607 8.381 8.155 7.929 7.859 7.828 7.797 7.767 7.736 7.705 7.674 7.644 7.613 7.622 7.640 7.658 7.675 7.672 7.582 7.491 7.401 7.379 7.375 7.370 7.366 7.362
6.903 7.127 7.337 7.546 7.756 7.966 8.176 8.385 8.348 8.255 8.161 8.068 7.957 7.839 7.721 7.603 7.484 7.366 7.248 7.129 7.011 6.905 7.049 7.192 7.336 7.479 7.623 7.766 7.910 8.054 8.197 8.341 8.484 8.628 8.772 8.915 8.910 8.901 8.891 8.882 8.873 8.864 8.855 8.845 8.836 8.827 8.818 8.809 8.800 8.791 8.782 8.629 8.403 8.177 7.951 7.799 7.768 7.737 7.707 7.676 7.645 7.614 7.584 7.553 7.522 7.491 7.468 7.486 7.481 7.390 7.367 7.363 7.359 7.355 7.351 7.347 7.343
6.795 7.005 7.214 7.424 7.634 7.844 8.053 8.263 8.173 8.080 7.987 7.894 7.800 7.697 7.579 7.460 7.342 7.224 7.106 6.987 6.869 6.797 6.941 7.084 7.228 7.372 7.515 7.659 7.802 7.946 8.089 8.233 8.377 8.529 8.721 8.902 9.019 9.018 9.009 9.000 8.991 8.982 8.972 8.963 8.954 8.945 8.936 8.927 8.918 8.909 8.877 8.651 8.425 8.199 7.973 7.746 7.708 7.677 7.647 7.616 7.585 7.555 7.524 7.493 7.462 7.431 7.401 7.370 7.361 7.352 7.348 7.344 7.340 7.336 7.332 7.328 7.324
6.673 6.882 7.092 7.302 7.512 7.721 7.931 8.092 7.999 7.906 7.812 7.719 7.626 7.533 7.437 7.318 7.200 7.082 6.964 6.845 6.727 6.689 6.833 6.977 7.120 7.264 7.407 7.551 7.695 7.838 7.982 8.144 8.336 8.529 8.721 8.889 9.005 9.122 9.127 9.118 9.109 9.099 9.090 9.081 9.072 9.063 9.054 9.045 9.035 9.026 8.899 8.673 8.447 8.221 7.994 7.768 7.648 7.618 7.587 7.556 7.525 7.495 7.464 7.433 7.402 7.372 7.341 7.347 7.375 7.350 7.329 7.325 7.321 7.317 7.313 7.309 7.305
6.550 6.760 6.970 7.180 7.389 7.599 7.809 7.917 7.824 7.731 7.638 7.544 7.451 7.358 7.265 7.172 7.058 6.940 6.821 6.703 6.585 6.582 6.725 6.869 7.012 7.156 7.300 7.443 7.587 7.760 7.952 8.144 8.336 8.528 8.720 8.875 8.992 9.108 9.225 9.236 9.226 9.217 9.208 9.199 9.190 9.181 9.171 9.162 9.153 9.144 8.921 8.695 8.469 8.242 8.016 7.790 7.588 7.558 7.527 7.496 7.465 7.435 7.404 7.373 7.343 7.312 7.322 7.356 7.389 7.364 7.338 7.313 7.301 7.297 7.293 7.289 7.285
6.428 6.638 6.847 7.057 7.267 7.477 7.686 7.743 7.649 7.556 7.463 7.370 7.277 7.183 7.090 6.997 6.904 6.798 6.679 6.561 6.443 6.474 6.617 6.761 6.904 7.048 7.192 7.375 7.567 7.759 7.951 8.143 8.335 8.527 8.719 8.861 8.978 9.095 9.211 9.328 9.344 9.335 9.326 9.317 9.307 9.298 9.289 9.280 9.271 9.169 8.943 8.717 8.491 8.264 8.038 7.812 7.586 7.498 7.467 7.436 7.406 7.375 7.344 7.313 7.283 7.296 7.330 7.364 7.398 7.377 7.352 7.327 7.302 7.278 7.274 7.270 7.266
6.306 6.515 6.725 6.935 7.145 7.354 7.564 7.568 7.475 7.381 7.288 7.195 7.102 7.009 6.916 6.822 6.729 6.636 6.537 6.419 6.301 6.366 6.509 6.653 6.798 6.990 7.182 7.374 7.566 7.758 7.951 8.143 8.335 8.527 8.719 8.848 8.964 9.081 9.198 9.314 9.431 9.453 9.444 9.434 9.425 9.416 9.407 9.398 9.389 9.191 8.965 8.739 8.512 8.286 8.060 7.834 7.608 7.438 7.407 7.376 7.346 7.315 7.284 7.253 7.270 7.304 7.338 7.372 7.406 7.391 7.366 7.341 7.316 7.291 7.266 7.251 7.247
6.183 6.393 6.603 6.812 7.022 7.232 7.442 7.393 7.300 7.207 7.114 7.020 6.927 6.834 6.741 6.648 6.554 6.461 6.368 6.275 6.159 6.258 6.413 6.605 6.797 6.989 7.181 7.373 7.566 7.758 7.950 8.142 8.334 8.526 8.718 8.834 8.951 9.067 9.184 9.300 9.417 9.534 9.561 9.552 9.543 9.534 9.525 9.516 9.439 9.213 8.987 8.761 8.534 8.308 8.082 7.856 7.630 7.404 7.347 7.316 7.286 7.255 7.224 7.245 7.279 7.313 7.347 7.381 7.415 7.405 7.380 7.355 7.330 7.305 7.280 7.255 7.230
6.061 6.270 6.480 6.690 6.900 7.110 7.312 7.218 7.125 7.032 6.939 6.846 6.752 6.659 6.566 6.473 6.380 6.286 6.193 6.100 6.081 6.220 6.412 6.604 6.796 6.988 7.181 7.373 7.565 7.757 7.949 8.141 8.333 8.526 8.704 8.820 8.937 9.054 9.170 9.287 9.403 9.520 9.637 9.670 9.661 9.652 9.643 9.633 9.461 9.235 9.009 8.783 8.556 8.330 8.104 7.878 7.651 7.425 7.287 7.256 7.226 7.195 7.219 7.253 7.287 7.321 7.355 7.389 7.423 7.419 7.394 7.369 7.344 7.319 7.294 7.269 7.244
5.938 6.148 6.358 6.568 6.777 6.987 7.137 7.044 6.950 6.857 6.764 6.671 6.578 6.484 6.391 6.298 6.205 6.112 6.160 6.213 6.266 6.329 6.411 6.603 6.796 6.988 7.180 7.372 7.564 7.756 7.948 8.141 8.333 8.525 8.690 8.807 8.923 9.040 9.157 9.273 9.390 9.506 9.623 9.740 9.779 9.770 9.760 9.710 9.483 9.257 9.031 8.804 8.578 8.352 8.126 7.900 7.673 7.447 7.227 7.197 7.166 7.193 7.228 7.261 7.296 7.329 7.363 7.397 7.431 7.433 7.408 7.383 7.358 7.333 7.308 7.283 7.258
5.845 6.025 6.235 6.445 6.655 6.864 6.962 6.869 6.776 6.682 6.589 6.496 6.403 6.310 6.216 6.185 6.238 6.291 6.344 6.397 6.452 6.514 6.577 6.640 6.795 6.987 7.179 7.371 7.563 7.756 7.948 8.140 8.332 8.524 8.677 8.793 8.910 9.027 9.143 9.260 9.376 9.493 9.610 9.726 9.843 9.887 9.878 9.731 9.505 9.279 9.053 8.826 8.600 8.374 8.148 7.921 7.695 7.469 7.243 7.137 7.168 7.202 7.236 7.270 7.304 7.338 7.372 7.406 7.440 7.447 7.422 7.397 7.371 7.346 7.322 7.293 7.231
5.920 5.968 6.113 6.322 6.532 6.742 6.787 6.694 6.601 6.508 6.414 6.321 6.228 6.264 6.317 6.370 6.423 6.476 6.529 6.582 6.637 6.700 6.763 6.825 6.888 6.986 7.178 7.370 7.563 7.755 7.947 8.139 8.331 8.524 8.663 8.780 8.896 9.013 9.130 9.246 9.363 9.479 9.596 9.713 9.829 9.946 9.980 9.753 9.527 9.301 9.075 8.841 8.604 8.367 8.130 7.893 7.656 7.420 7.183 7.129 7.168 7.208 7.244 7.278 7.312 7.346 7.380 7.414 7.448 7.460 7.435 7.410 7.385 7.339 7.277 7.214 7.152
5.995 6.043 6.091 6.200 6.410 6.619 6.612 6.519 6.426 6.333 6.290 6.343 6.395 6.448 6.501 6.554 6.607 6.660 6.713 6.766 6.823 6.885 6.948 7.011 7.074 7.137 7.200 7.370 7.562 7.754 7.946 8.139 8.331 8.523 8.649 8.766 8.883 8.999 9.116 9.233 9.349 9.466 9.582 9.699 9.810 9.852 9.840 9.652 9.415 9.178 8.941 8.704 8.467 8.231 7.994 7.757 7.520 7.283 7.122 7.120 7.149 7.188 7.228 7.267 7.307 7.347 7.386 7.422 7.456 7.474 7.447 7.385 7.322 7.260 7.198 7.135 7.073
