includes/oleron/floodfiles/results_R2_t1.562608441572E12/res-0007.wdfp
ncols         631
nrows         906
xllcorner     364927.146667
yllcorner     6531972.565556
cellsize      20.000000
NODATA_value  -9999.000000
[rows 510 to 543 of 906, columns 0 to 76 of 631]
13.821 13.767 13.712 13.658 13.604 13.549 13.495 13.441 13.386 13.332 13.278 13.223 13.169 13.115 13.061 13.006 12.952 12.898 12.843 12.789 12.735 12.680 12.624 12.567 12.509 12.452 12.394 12.337 12.279 12.222 12.164 12.107 12.050 11.992 11.935 11.877 11.820 11.762 11.705 11.647 11.590 11.532 11.475 11.417 11.360 11.302 11.245 11.188 11.125 11.048 10.970 10.893 10.815 10.738 10.661 10.583 10.506 10.429 10.351 10.274 10.196 10.119 10.042 9.964 9.887 9.810 9.732 9.655 9.577 9.512 9.462 9.412 9.362 9.312 9.262 9.212 9.162
13.839 13.785 13.731 13.676 13.622 13.568 13.513 13.459 13.405 13.350 13.296 13.242 13.188 13.133 13.079 13.025 12.970 12.916 12.862 12.807 12.753 12.697 12.640 12.582 12.525 12.468 12.410 12.353 12.295 12.238 12.180 12.123 12.065 12.008 11.950 11.893 11.835 11.778 11.720 11.663 11.606 11.548 11.491 11.433 11.376 11.318 11.261 11.203 11.146 11.079 11.001 10.924 10.847 10.769 10.692 10.615 10.537 10.460 10.382 10.305 10.228 10.150 10.073 9.995 9.918 9.841 9.763 9.686 9.609 9.552 9.502 9.452 9.402 9.352 9.302 9.252 9.202
13.858 13.803 13.749 13.695 13.640 13.586 13.532 13.477 13.423 13.369 13.315 13.260 13.206 13.152 13.097 13.043 12.989 12.934 12.880 12.826 12.771 12.713 12.656 12.598 12.541 12.483 12.426 12.368 12.311 12.253 12.196 12.138 12.081 12.023 11.966 11.909 11.851 11.794 11.736 11.679 11.621 11.564 11.506 11.449 11.391 11.334 11.276 11.219 11.161 11.104 11.033 10.955 10.878 10.800 10.723 10.646 10.568 10.491 10.414 10.336 10.259 10.181 10.104 10.027 9.949 9.872 9.795 9.717 9.642 9.592 9.542 9.492 9.442 9.392 9.342 9.292 9.241
13.876 13.822 13.767 13.713 13.659 13.604 13.550 13.496 13.442 13.387 13.333 13.279 13.224 13.170 13.116 13.061 13.007 12.953 12.899 12.844 12.786 12.729 12.671 12.614 12.556 12.499 12.441 12.384 12.326 12.269 12.212 12.154 12.097 12.039 11.982 11.924 11.867 11.809 11.752 11.694 11.637 11.579 11.522 11.464 11.407 11.350 11.292 11.235 11.177 11.120 11.062 10.986 10.909 10.832 10.754 10.677 10.600 10.522 10.445 10.367 10.290 10.213 10.135 10.058 9.980 9.903 9.826 9.748 9.682 9.632 9.582 9.532 9.482 9.432 9.382 9.332 9.281
13.894 13.840 13.786 13.731 13.677 13.623 13.569 13.514 13.460 13.406 13.351 13.297 13.243 13.188 13.134 13.080 13.026 12.971 12.917 12.859 12.802 12.744 12.687 12.629 12.572 12.515 12.457 12.400 12.342 12.285 12.227 12.170 12.112 12.055 11.997 11.940 11.882 11.825 11.767 11.710 11.653 11.595 11.538 11.480 11.423 11.365 11.308 11.250 11.193 11.135 11.078 11.018 10.940 10.863 10.785 10.708 10.631 10.553 10.476 10.399 10.321 10.244 10.166 10.089 10.012 9.934 9.857 9.780 9.722 9.672 9.622 9.572 9.522 9.472 9.421 9.371 9.321
13.913 13.858 13.804 13.750 13.696 13.641 13.587 13.533 13.478 13.424 13.370 13.315 13.261 13.207 13.153 13.098 13.044 12.990 12.933 12.875 12.818 12.760 12.703 12.645 12.588 12.530 12.473 12.415 12.358 12.300 12.243 12.185 12.128 12.071 12.013 11.956 11.898 11.841 11.783 11.726 11.668 11.611 11.553 11.496 11.438 11.381 11.323 11.266 11.208 11.151 11.094 11.036 10.971 10.894 10.817 10.739 10.662 10.585 10.507 10.430 10.352 10.275 10.198 10.120 10.043 9.965 9.888 9.812 9.762 9.712 9.662 9.611 9.561 9.511 9.461 9.411 9.361
13.931 13.877 13.823 13.768 13.714 13.660 13.605 13.551 13.497 13.442 13.388 13.334 13.280 13.225 13.171 13.117 13.062 13.006 12.948 12.891 12.833 12.776 12.718 12.661 12.603 12.546 12.488 12.431 12.374 12.316 12.259 12.201 12.144 12.086 12.029 11.971 11.914 11.856 11.799 11.741 11.684 11.626 11.569 11.512 11.454 11.397 11.339 11.282 11.224 11.167 11.109 11.052 10.994 10.925 10.848 10.770 10.693 10.616 10.538 10.461 10.384 10.306 10.229 10.151 10.074 9.997 9.919 9.852 9.802 9.751 9.701 9.651 9.601 9.551 9.501 9.451 9.401
13.950 13.895 13.841 13.787 13.732 13.678 13.624 13.569 13.515 13.461 13.407 13.352 13.298 13.244 13.189 13.135 13.079 13.021 12.964 12.906 12.849 12.791 12.734 12.677 12.619 12.562 12.504 12.447 12.389 12.332 12.274 12.217 12.159 12.102 12.044 11.987 11.929 11.872 11.815 11.757 11.700 11.642 11.585 11.527 11.470 11.412 11.355 11.297 11.240 11.182 11.125 11.067 11.010 10.953 10.879 10.802 10.724 10.647 10.570 10.492 10.415 10.337 10.260 10.183 10.105 10.028 9.950 9.892 9.841 9.791 9.741 9.691 9.641 9.591 9.541 9.491 9.441
13.968 13.914 13.859 13.805 13.751 13.696 13.642 13.588 13.534 13.479 13.425 13.371 13.316 13.262 13.208 13.152 13.094 13.037 12.980 12.922 12.865 12.807 12.750 12.692 12.635 12.577 12.520 12.462 12.405 12.347 12.290 12.232 12.175 12.118 12.060 12.003 11.945 11.888 11.830 11.773 11.715 11.658 11.600 11.543 11.485 11.428 11.370 11.313 11.256 11.198 11.141 11.083 11.026 10.968 10.910 10.833 10.755 10.678 10.601 10.523 10.446 10.369 10.291 10.214 10.136 10.059 9.982 9.931 9.881 9.831 9.781 9.731 9.681 9.631 9.581 9.531 9.481
13.986 13.932 13.878 13.823 13.769 13.715 13.661 13.606 13.552 13.498 13.443 13.389 13.335 13.280 13.225 13.168 13.110 13.053 12.995 12.938 12.880 12.823 12.765 12.708 12.650 12.593 12.536 12.478 12.421 12.363 12.306 12.248 12.191 12.133 12.076 12.018 11.961 11.903 11.846 11.788 11.731 11.674 11.616 11.559 11.501 11.444 11.386 11.329 11.271 11.214 11.156 11.099 11.041 10.984 10.926 10.864 10.787 10.709 10.632 10.555 10.477 10.400 10.322 10.245 10.168 10.090 10.021 9.971 9.921 9.871 9.821 9.771 9.721 9.671 9.621 9.571 9.520
14.005 13.950 13.896 13.842 13.788 13.733 13.679 13.625 13.570 13.516 13.462 13.407 13.353 13.298 13.241 13.183 13.126 13.068 13.011 12.953 12.896 12.839 12.781 12.724 12.666 12.609 12.551 12.494 12.436 12.379 12.321 12.264 12.206 12.149 12.091 12.034 11.977 11.919 11.862 11.804 11.747 11.689 11.632 11.574 11.517 11.459 11.402 11.344 11.287 11.229 11.172 11.115 11.057 11.000 10.942 10.885 10.818 10.741 10.663 10.586 10.508 10.431 10.354 10.276 10.199 10.121 10.061 10.011 9.961 9.911 9.861 9.811 9.761 9.711 9.661 9.610 9.560
14.023 13.969 13.915 13.860 13.806 13.752 13.697 13.643 13.589 13.534 13.480 13.426 13.371 13.314 13.256 13.199 13.142 13.084 13.027 12.969 12.912 12.854 12.797 12.739 12.682 12.624 12.567 12.509 12.452 12.394 12.337 12.280 12.222 12.165 12.107 12.050 11.992 11.935 11.877 11.820 11.762 11.705 11.647 11.590 11.532 11.475 11.418 11.360 11.303 11.245 11.188 11.130 11.073 11.015 10.958 10.900 10.843 10.772 10.694 10.617 10.540 10.462 10.385 10.307 10.230 10.153 10.101 10.051 10.001 9.951 9.901 9.851 9.801 9.751 9.700 9.650 9.600
14.042 13.987 13.933 13.879 13.824 13.770 13.716 13.661 13.607 13.553 13.499 13.444 13.387 13.330 13.272 13.215 13.157 13.100 13.042 12.985 12.927 12.870 12.812 12.755 12.697 12.640 12.583 12.525 12.468 12.410 12.353 12.295 12.238 12.180 12.123 12.065 12.008 11.950 11.893 11.835 11.778 11.721 11.663 11.606 11.548 11.491 11.433 11.376 11.318 11.261 11.203 11.146 11.088 11.031 10.973 10.916 10.859 10.801 10.726 10.648 10.571 10.493 10.416 10.339 10.261 10.191 10.141 10.091 10.041 9.991 9.941 9.891 9.840 9.790 9.740 9.690 9.640
14.060 14.006 13.951 13.897 13.843 13.788 13.734 13.680 13.626 13.571 13.517 13.460 13.403 13.345 13.288 13.230 13.173 13.115 13.058 13.001 12.943 12.886 12.828 12.771 12.713 12.656 12.598 12.541 12.483 12.426 12.368 12.311 12.253 12.196 12.139 12.081 12.024 11.966 11.909 11.851 11.794 11.736 11.679 11.621 11.564 11.506 11.449 11.391 11.334 11.277 11.219 11.162 11.104 11.047 10.989 10.932 10.874 10.817 10.757 10.679 10.602 10.525 10.447 10.370 10.292 10.231 10.181 10.131 10.081 10.031 9.980 9.930 9.880 9.830 9.780 9.730 9.680
14.078 14.024 13.970 13.915 13.861 13.807 13.753 13.698 13.644 13.590 13.533 13.476 13.418 13.361 13.304 13.246 13.189 13.131 13.074 13.016 12.959 12.901 12.844 12.786 12.729 12.671 12.614 12.556 12.499 12.442 12.384 12.327 12.269 12.212 12.154 12.097 12.039 11.982 11.924 11.867 11.809 11.752 11.694 11.637 11.580 11.522 11.465 11.407 11.350 11.292 11.235 11.177 11.120 11.062 11.005 10.947 10.890 10.832 10.775 10.711 10.633 10.556 10.478 10.401 10.324 10.271 10.221 10.171 10.120 10.070 10.020 9.970 9.920 9.870 9.820 9.770 9.720
14.097 14.042 13.988 13.934 13.880 13.825 13.771 13.717 13.662 13.607 13.549 13.492 13.434 13.377 13.319 13.262 13.204 13.147 13.089 13.032 12.974 12.917 12.859 12.802 12.745 12.687 12.630 12.572 12.515 12.457 12.400 12.342 12.285 12.227 12.170 12.112 12.055 11.997 11.940 11.883 11.825 11.768 11.710 11.653 11.595 11.538 11.480 11.423 11.365 11.308 11.250 11.193 11.135 11.078 11.021 10.963 10.906 10.848 10.791 10.733 10.664 10.587 10.510 10.432 10.361 10.311 10.260 10.210 10.160 10.110 10.060 10.010 9.960 9.910 9.860 9.809 9.756
14.115 14.061 14.007 13.952 13.898 13.844 13.789 13.735 13.680 13.622 13.565 13.507 13.450 13.392 13.335 13.277 13.220 13.163 13.105 13.048 12.990 12.933 12.875 12.818 12.760 12.703 12.645 12.588 12.530 12.473 12.415 12.358 12.300 12.243 12.186 12.128 12.071 12.013 11.956 11.898 11.841 11.783 11.726 11.668 11.611 11.553 11.496 11.438 11.381 11.324 11.266 11.209 11.151 11.094 11.036 10.979 10.921 10.864 10.806 10.749 10.691 10.618 10.541 10.463 10.400 10.350 10.300 10.250 10.200 10.150 10.100 10.050 9.999 9.945 9.892 9.839 9.786
14.134 14.079 14.025 13.971 13.916 13.862 13.808 13.753 13.695 13.638 13.580 13.523 13.466 13.408 13.351 13.293 13.236 13.178 13.121 13.063 13.006 12.948 12.891 12.833 12.776 12.718 12.661 12.604 12.546 12.489 12.431 12.374 12.316 12.259 12.201 12.144 12.086 12.029 11.971 11.914 11.856 11.799 11.742 11.684 11.627 11.569 11.512 11.454 11.397 11.339 11.282 11.224 11.167 11.109 11.052 10.994 10.937 10.879 10.822 10.765 10.707 10.649 10.572 10.495 10.440 10.390 10.340 10.290 10.240 10.189 10.135 10.082 10.029 9.976 9.922 9.869 9.816
14.152 14.098 14.043 13.989 13.935 13.880 13.826 13.769 13.711 13.654 13.596 13.539 13.481 13.424 13.366 13.309 13.251 13.194 13.136 13.079 13.021 12.964 12.907 12.849 12.792 12.734 12.677 12.619 12.562 12.504 12.447 12.389 12.332 12.274 12.217 12.159 12.102 12.045 11.987 11.930 11.872 11.815 11.757 11.700 11.642 11.585 11.527 11.470 11.412 11.355 11.297 11.240 11.183 11.125 11.068 11.010 10.953 10.895 10.838 10.780 10.723 10.665 10.603 10.530 10.480 10.430 10.379 10.325 10.272 10.219 10.165 10.112 10.059 10.005 9.952 9.899 9.846
14.170 14.116 14.062 14.007 13.953 13.899 13.842 13.784 13.727 13.669 13.612 13.554 13.497 13.439 13.382 13.324 13.267 13.210 13.152 13.095 13.037 12.980 12.922 12.865 12.807 12.750 12.692 12.635 12.577 12.520 12.462 12.405 12.348 12.290 12.233 12.175 12.118 12.060 12.003 11.945 11.888 11.830 11.773 11.715 11.658 11.600 11.543 11.486 11.428 11.371 11.313 11.256 11.198 11.141 11.083 11.026 10.968 10.911 10.853 10.796 10.738 10.681 10.624 10.568 10.515 10.462 10.408 10.355 10.302 10.249 10.195 10.142 10.089 10.035 9.982 9.929 9.875
14.189 14.134 14.080 14.026 13.972 13.915 13.857 13.800 13.742 13.685 13.628 13.570 13.513 13.455 13.398 13.340 13.283 13.225 13.168 13.110 13.053 12.995 12.938 12.880 12.823 12.765 12.708 12.651 12.593 12.536 12.478 12.421 12.363 12.306 12.248 12.191 12.133 12.076 12.018 11.961 11.903 11.846 11.789 11.731 11.674 11.616 11.559 11.501 11.444 11.386 11.329 11.271 11.214 11.157 11.100 11.043 10.986 10.928 10.871 10.814 10.757 10.700 10.642 10.594 10.545 10.492 10.438 10.385 10.332 10.278 10.225 10.172 10.119 10.065 10.012 9.959 9.905
14.207 14.153 14.099 14.044 13.988 13.931 13.873 13.816 13.758 13.701 13.643 13.586 13.528 13.471 13.413 13.356 13.298 13.241 13.183 13.126 13.069 13.011 12.954 12.896 12.839 12.781 12.724 12.666 12.609 12.551 12.494 12.436 12.379 12.321 12.264 12.207 12.149 12.092 12.034 11.977 11.919 11.862 11.805 11.748 11.691 11.634 11.576 11.519 11.462 11.405 11.348 11.290 11.233 11.176 11.119 11.062 11.004 10.947 10.890 10.833 10.776 10.718 10.663 10.617 10.570 10.522 10.468 10.415 10.362 10.308 10.255 10.202 10.148 10.095 10.042 9.989 9.935
14.225 14.171 14.117 14.061 14.004 13.946 13.889 13.831 13.774 13.716 13.659 13.601 13.544 13.486 13.429 13.372 13.314 13.257 13.199 13.142 13.084 13.027 12.969 12.912 12.854 12.797 12.739 12.682 12.625 12.568 12.510 12.453 12.396 12.339 12.282 12.224 12.167 12.110 12.053 11.996 11.938 11.881 11.824 11.767 11.710 11.652 11.595 11.538 11.481 11.424 11.366 11.309 11.252 11.195 11.138 11.080 11.023 10.966 10.909 10.852 10.794 10.737 10.686 10.639 10.593 10.546 10.498 10.445 10.392 10.338 10.285 10.232 10.178 10.125 10.072 10.019 9.965
14.243 14.190 14.134 14.077 14.019 13.962 13.904 13.847 13.789 13.732 13.675 13.617 13.560 13.502 13.445 13.387 13.330 13.273 13.216 13.158 13.101 13.044 12.987 12.930 12.872 12.815 12.758 12.701 12.644 12.586 12.529 12.472 12.415 12.358 12.300 12.243 12.186 12.129 12.072 12.014 11.957 11.900 11.843 11.786 11.728 11.671 11.614 11.557 11.500 11.442 11.385 11.328 11.271 11.214 11.157 11.099 11.042 10.985 10.928 10.871 10.813 10.756 10.708 10.662 10.616 10.569 10.523 10.475 10.422 10.368 10.315 10.262 10.208 10.155 10.102 10.048 9.995
14.262 14.207 14.150 14.093 14.035 13.978 13.921 13.864 13.806 13.749 13.692 13.635 13.578 13.520 13.463 13.406 13.349 13.292 13.234 13.177 13.120 13.063 13.006 12.948 12.891 12.834 12.777 12.720 12.662 12.605 12.548 12.491 12.434 12.376 12.319 12.262 12.205 12.148 12.090 12.033 11.976 11.919 11.862 11.805 11.747 11.690 11.633 11.576 11.519 11.461 11.404 11.347 11.290 11.233 11.175 11.118 11.061 11.004 10.947 10.889 10.832 10.777 10.731 10.685 10.638 10.592 10.545 10.499 10.451 10.398 10.345 10.292 10.238 10.185 10.132 10.078 10.025
14.287 14.228 14.168 14.111 14.054 13.997 13.940 13.882 13.825 13.768 13.711 13.654 13.596 13.539 13.482 13.425 13.368 13.310 13.253 13.196 13.139 13.082 13.024 12.967 12.910 12.853 12.796 12.739 12.681 12.624 12.567 12.510 12.453 12.395 12.338 12.281 12.224 12.167 12.109 12.052 11.995 11.938 11.881 11.823 11.766 11.709 11.652 11.595 11.537 11.480 11.423 11.366 11.309 11.251 11.194 11.137 11.080 11.023 10.965 10.908 10.851 10.800 10.754 10.707 10.661 10.614 10.568 10.521 10.475 10.428 10.375 10.322 10.268 10.215 10.162 10.108 10.055
14.319 14.256 14.189 14.130 14.073 14.016 13.958 13.901 13.844 13.787 13.730 13.673 13.615 13.558 13.501 13.444 13.387 13.329 13.272 13.215 13.158 13.101 13.043 12.986 12.929 12.872 12.815 12.757 12.700 12.643 12.586 12.529 12.471 12.414 12.357 12.300 12.243 12.185 12.128 12.071 12.014 11.957 11.899 11.842 11.785 11.728 11.671 11.613 11.556 11.499 11.442 11.385 11.328 11.270 11.213 11.156 11.099 11.042 10.984 10.927 10.870 10.823 10.776 10.730 10.683 10.637 10.591 10.544 10.498 10.451 10.405 10.351 10.298 10.245 10.192 10.138 10.085
14.350 14.284 14.217 14.150 14.092 14.035 13.977 13.920 13.863 13.806 13.749 13.691 13.634 13.577 13.520 13.463 13.405 13.348 13.291 13.234 13.177 13.119 13.062 13.005 12.948 12.891 12.833 12.776 12.719 12.662 12.605 12.547 12.490 12.433 12.376 12.319 12.262 12.204 12.147 12.090 12.033 11.976 11.918 11.861 11.804 11.747 11.690 11.632 11.575 11.518 11.461 11.404 11.346 11.289 11.232 11.175 11.118 11.060 11.003 10.946 10.892 10.845 10.799 10.752 10.706 10.660 10.613 10.567 10.520 10.474 10.427 10.381 10.328 10.275 10.221 10.168 10.115
14.378 14.311 14.244 14.178 14.111 14.053 13.996 13.939 13.882 13.825 13.767 13.710 13.653 13.596 13.539 13.481 13.424 13.367 13.310 13.253 13.195 13.138 13.081 13.024 12.967 12.910 12.852 12.795 12.738 12.681 12.624 12.566 12.509 12.452 12.395 12.338 12.280 12.223 12.166 12.109 12.052 11.994 11.937 11.880 11.823 11.766 11.708 11.651 11.594 11.537 11.480 11.422 11.365 11.308 11.251 11.194 11.136 11.079 11.022 10.965 10.914 10.868 10.822 10.775 10.729 10.682 10.636 10.589 10.543 10.496 10.450 10.404 10.357 10.305 10.251 10.198 10.145
14.406 14.339 14.272 14.205 14.138 14.072 14.015 13.958 13.901 13.844 13.786 13.729 13.672 13.615 13.558 13.500 13.443 13.386 13.329 13.272 13.214 13.157 13.100 13.043 12.986 12.928 12.871 12.814 12.757 12.700 12.642 12.585 12.528 12.471 12.414 12.356 12.299 12.242 12.185 12.128 12.070 12.013 11.956 11.899 11.842 11.784 11.727 11.670 11.613 11.556 11.499 11.441 11.384 11.327 11.270 11.213 11.155 11.098 11.041 10.984 10.937 10.891 10.844 10.798 10.751 10.705 10.658 10.612 10.566 10.519 10.473 10.426 10.380 10.333 10.281 10.228 10.175
14.434 14.367 14.300 14.233 14.166 14.099 14.034 13.977 13.920 13.862 13.805 13.748 13.691 13.634 13.576 13.519 13.462 13.405 13.348 13.290 13.233 13.176 13.119 13.062 13.004 12.947 12.890 12.833 12.776 12.718 12.661 12.604 12.547 12.490 12.433 12.375 12.318 12.261 12.204 12.147 12.089 12.032 11.975 11.918 11.861 11.803 11.746 11.689 11.632 11.575 11.517 11.460 11.403 11.346 11.289 11.231 11.174 11.117 11.060 11.006 10.960 10.913 10.867 10.820 10.774 10.727 10.681 10.635 10.588 10.542 10.495 10.449 10.402 10.356 10.309 10.258 10.205
14.461 14.394 14.328 14.261 14.194 14.127 14.060 13.996 13.938 13.881 13.824 13.767 13.710 13.652 13.595 13.538 13.481 13.424 13.366 13.309 13.252 13.195 13.138 13.081 13.023 12.966 12.909 12.852 12.795 12.737 12.680 12.623 12.566 12.509 12.451 12.394 12.337 12.280 12.223 12.165 12.108 12.051 11.994 11.937 11.879 11.822 11.765 11.708 11.651 11.593 11.536 11.479 11.422 11.365 11.307 11.250 11.193 11.136 11.079 11.029 10.982 10.936 10.889 10.843 10.797 10.750 10.704 10.657 10.611 10.564 10.518 10.471 10.425 10.379 10.332 10.286 10.235
14.489 14.422 14.355 14.288 14.221 14.155 14.088 14.021 13.957 13.900 13.843 13.786 13.729 13.671 13.614 13.557 13.500 13.443 13.385 13.328 13.271 13.214 13.157 13.099 13.042 12.985 12.928 12.871 12.813 12.756 12.699 12.642 12.585 12.527 12.470 12.413 12.356 12.299 12.241 12.184 12.127 12.070 12.013 11.955 11.898 11.841 11.784 11.727 11.670 11.612 11.555 11.498 11.441 11.384 11.326 11.269 11.212 11.155 11.098 11.051 11.005 10.959 10.912 10.866 10.819 10.773 10.726 10.680 10.633 10.587 10.541 10.494 10.448 10.401 10.355 10.308 10.262
14.517 14.450 14.383 14.316 14.249 14.182 14.115 14.049 13.982 13.919 13.862 13.805 13.747 13.690 13.633 13.576 13.519 13.461 13.404 13.347 13.290 13.233 13.175 13.118 13.061 13.004 12.947 12.889 12.832 12.775 12.718 12.661 12.604 12.546 12.489 12.432 12.375 12.318 12.260 12.203 12.146 12.089 12.032 11.974 11.917 11.860 11.803 11.746 11.688 11.631 11.574 11.517 11.460 11.402 11.345 11.288 11.231 11.174 11.121 11.074 11.028 10.981 10.935 10.888 10.842 10.795 10.749 10.702 10.656 10.610 10.563 10.517 10.470 10.424 10.377 10.331 10.284
