includes/lisflood/camargue/results_R3_t1.561734058371E12/res-0010.wd
ncols         906
nrows         631
xllcorner     362177.146667
yllcorner     6534725.688020
cellsize      20.000000
NODATA_value  -9999.000000
[rows 476 to 509 of 631, columns 693 to 769 of 906]
0.013 0.012 0.012 0.011 0.011 0.011 0.011 0.010 0.015 0.005 0.006 0.006 0.005 0.004 0.004 0.003 0.003 0.002 0.002 0.001 0.001 0.002 0.004 0.005 0.003 0.004 0.005 0.005 0.005 0.005 0.006 0.006 0.004 0.003 0.004 0.004 0.004 0.004 0.004 0.010 0.004 0.005 0.006 0.007 0.012 0.037 0.077 0.121 0.165 0.210 0.254 0.301 0.351 0.400 0.450 0.500 0.608 0.608 0.718 0.822 0.908 0.994 1.080 1.166 1.253 1.339 1.425 1.512 1.598 1.684 1.779 1.887 2.103 2.103 2.211 2.320 2.431
0.014 0.014 0.013 0.014 0.014 0.015 0.016 0.018 0.026 0.019 0.021 0.020 0.017 0.012 0.008 0.006 0.004 0.003 0.002 0.001 0.000 0.002 0.003 0.004 0.003 0.004 0.004 0.004 0.005 0.005 0.005 0.005 0.003 0.003 0.003 0.003 0.003 0.004 0.004 0.008 0.003 0.004 0.004 0.005 0.018 0.053 0.098 0.147 0.197 0.247 0.296 0.346 0.396 0.446 0.497 0.547 0.677 0.677 0.787 0.897 0.997 1.083 1.170 1.256 1.342 1.429 1.515 1.601 1.688 1.774 1.876 1.984 2.200 2.200 2.309 2.417 2.525
0.020 0.019 0.019 0.020 0.021 0.022 0.023 0.024 0.032 0.022 0.028 0.030 0.030 0.028 0.027 0.024 0.020 0.017 0.013 0.009 0.005 0.002 0.002 0.004 0.002 0.004 0.004 0.005 0.006 0.006 0.006 0.006 0.005 0.004 0.004 0.004 0.004 0.004 0.004 0.007 0.003 0.004 0.006 0.050 0.096 0.138 0.189 0.239 0.290 0.340 0.390 0.441 0.491 0.541 0.592 0.642 0.816 0.816 0.926 1.037 1.147 1.258 1.350 1.437 1.523 1.610 1.696 1.782 1.869 1.963 2.071 2.179 2.395 2.396 2.504 2.612 2.720
0.022 0.021 0.021 0.021 0.021 0.022 0.023 0.014 0.020 0.004 0.006 0.006 0.005 0.005 0.004 0.003 0.002 0.001 0.000 0.000 0.000 0.001 0.003 0.004 0.003 0.003 0.004 0.004 0.004 0.005 0.005 0.006 0.004 0.004 0.004 0.003 0.003 0.004 0.004 0.008 0.003 0.004 0.033 0.107 0.149 0.192 0.235 0.286 0.337 0.387 0.437 0.488 0.538 0.588 0.639 0.689 0.885 0.885 0.996 1.106 1.217 1.327 1.438 1.527 1.613 1.700 1.786 1.872 1.959 2.060 2.169 2.277 2.493 2.493 2.601 2.709 2.817
0.022 0.021 0.021 0.020 0.020 0.018 0.011 0.005 0.010 0.001 0.002 0.002 0.002 0.001 0.000 0.000 0.000 0.000 0.000 0.000 0.000 0.000 0.003 0.004 0.003 0.004 0.004 0.004 0.004 0.005 0.005 0.005 0.003 0.003 0.003 0.003 0.003 0.004 0.004 0.008 0.003 0.020 0.100 0.160 0.202 0.245 0.287 0.333 0.383 0.434 0.484 0.535 0.585 0.636 0.686 0.737 0.954 0.954 1.065 1.175 1.286 1.397 1.507 1.617 1.703 1.790 1.876 1.963 2.049 2.158 2.266 2.374 2.590 2.590 2.698 2.806 2.915
0.023 0.021 0.020 0.019 0.017 0.014 0.003 0.002 0.004 0.000 0.001 0.001 0.000 0.000 0.000 0.000 0.000 0.000 0.000 0.000 0.000 0.000 0.002 0.005 0.004 0.004 0.004 0.004 0.005 0.005 0.005 0.005 0.003 0.003 0.003 0.003 0.003 0.004 0.004 0.009 0.004 0.082 0.168 0.213 0.256 0.298 0.341 0.384 0.430 0.481 0.531 0.582 0.632 0.683 0.734 0.802 1.023 1.023 1.134 1.245 1.355 1.466 1.577 1.687 1.793 1.880 1.966 2.053 2.147 2.255 2.363 2.471 2.687 2.687 2.796 2.904 3.012
0.023 0.020 0.018 0.016 0.014 0.004 0.002 0.002 0.003 0.000 0.000 0.000 0.000 0.000 0.000 0.000 0.000 0.000 0.000 0.000 0.000 0.000 0.001 0.006 0.004 0.005 0.005 0.005 0.005 0.005 0.005 0.004 0.003 0.003 0.003 0.003 0.003 0.004 0.004 0.012 0.007 0.151 0.224 0.267 0.309 0.352 0.394 0.437 0.480 0.528 0.578 0.629 0.680 0.730 0.781 0.871 1.092 1.093 1.204 1.314 1.425 1.535 1.646 1.757 1.867 1.970 2.056 2.143 2.244 2.352 2.460 2.568 2.785 2.785 2.893 3.001 3.119
0.022 0.019 0.016 0.013 0.007 0.002 0.002 0.001 0.003 0.000 0.000 0.000 0.000 0.000 0.000 0.000 0.000 0.000 0.000 0.000 0.000 0.000 0.001 0.006 0.004 0.006 0.005 0.005 0.005 0.005 0.005 0.004 0.004 0.003 0.003 0.003 0.003 0.004 0.005 0.049 0.049 0.220 0.278 0.320 0.363 0.405 0.448 0.491 0.534 0.576 0.626 0.676 0.727 0.778 0.830 0.941 1.162 1.162 1.273 1.384 1.494 1.605 1.716 1.826 1.937 2.048 2.146 2.233 2.341 2.449 2.558 2.666 2.901 2.901 3.021 3.141 3.261
0.022 0.018 0.014 0.011 0.003 0.002 0.002 0.001 0.003 0.000 0.000 0.000 0.000 0.000 0.000 0.000 0.000 0.000 0.000 0.000 0.000 0.000 0.000 0.006 0.003 0.006 0.006 0.005 0.005 0.005 0.004 0.004 0.004 0.004 0.004 0.003 0.003 0.004 0.032 0.116 0.116 0.289 0.331 0.374 0.416 0.459 0.502 0.545 0.588 0.630 0.673 0.724 0.775 0.825 0.899 1.010 1.231 1.232 1.342 1.453 1.564 1.675 1.785 1.896 2.006 2.117 2.228 2.330 2.444 2.563 2.683 2.803 3.043 3.043 3.163 3.283 3.403
0.022 0.016 0.013 0.004 0.002 0.002 0.002 0.001 0.003 0.000 0.000 0.000 0.000 0.000 0.000 0.000 0.000 0.000 0.000 0.000 0.000 0.000 0.000 0.005 0.002 0.007 0.006 0.006 0.006 0.005 0.004 0.004 0.004 0.004 0.004 0.004 0.004 0.018 0.098 0.185 0.184 0.343 0.385 0.428 0.470 0.513 0.556 0.599 0.641 0.684 0.727 0.771 0.822 0.873 0.968 1.079 1.301 1.301 1.412 1.523 1.633 1.744 1.855 1.965 2.076 2.186 2.296 2.452 2.586 2.706 2.826 2.945 3.185 3.185 3.305 3.425 3.545
0.022 0.015 0.009 0.003 0.002 0.002 0.001 0.001 0.002 0.000 0.000 0.000 0.000 0.000 0.000 0.000 0.000 0.000 0.000 0.000 0.000 0.000 0.000 0.005 0.002 0.008 0.007 0.006 0.006 0.004 0.004 0.004 0.004 0.004 0.005 0.007 0.033 0.082 0.167 0.253 0.253 0.396 0.439 0.482 0.524 0.567 0.610 0.652 0.695 0.738 0.781 0.824 0.870 0.927 1.038 1.149 1.370 1.370 1.481 1.592 1.702 1.813 1.923 2.033 2.144 2.254 2.368 2.544 2.720 2.848 2.968 3.087 3.327 3.327 3.447 3.567 3.687
0.023 0.016 0.004 0.002 0.002 0.002 0.001 0.001 0.002 0.000 0.000 0.000 0.000 0.000 0.000 0.000 0.000 0.000 0.000 0.000 0.000 0.000 0.000 0.004 0.002 0.006 0.008 0.007 0.005 0.004 0.004 0.005 0.005 0.007 0.028 0.077 0.126 0.176 0.236 0.322 0.323 0.450 0.493 0.535 0.578 0.621 0.664 0.706 0.749 0.792 0.835 0.878 0.921 0.996 1.107 1.217 1.438 1.438 1.549 1.659 1.770 1.880 1.991 2.101 2.212 2.322 2.460 2.636 2.812 2.988 3.110 3.230 3.469 3.470 3.589 3.709 3.829
0.024 0.008 0.003 0.002 0.002 0.002 0.001 0.000 0.002 0.000 0.000 0.000 0.000 0.000 0.000 0.000 0.000 0.000 0.000 0.000 0.000 0.000 0.000 0.004 0.001 0.004 0.010 0.007 0.005 0.005 0.005 0.007 0.025 0.072 0.122 0.172 0.222 0.272 0.323 0.392 0.392 0.504 0.547 0.589 0.632 0.675 0.721 0.789 0.858 0.926 0.994 1.063 1.131 1.110 1.174 1.285 1.506 1.506 1.617 1.727 1.838 1.948 2.059 2.169 2.279 2.390 2.552 2.728 2.904 3.080 3.252 3.372 3.611 3.612 3.732 3.852 3.972
0.024 0.005 0.003 0.002 0.002 0.001 0.001 0.000 0.002 0.000 0.000 0.000 0.000 0.000 0.000 0.000 0.000 0.000 0.000 0.000 0.000 0.000 0.000 0.004 0.001 0.003 0.009 0.007 0.006 0.007 0.023 0.069 0.119 0.168 0.219 0.269 0.319 0.369 0.419 0.470 0.470 0.599 0.667 0.735 0.803 0.871 0.939 1.008 1.076 1.145 1.213 1.282 1.316 1.286 1.256 1.353 1.573 1.574 1.684 1.795 1.906 2.016 2.127 2.237 2.347 2.467 2.644 2.820 2.996 3.172 3.348 3.514 3.754 3.754 3.874 3.994 4.114
0.015 0.004 0.002 0.002 0.002 0.001 0.000 0.000 0.002 0.000 0.000 0.000 0.000 0.000 0.000 0.000 0.000 0.000 0.000 0.000 0.000 0.000 0.000 0.004 0.001 0.002 0.006 0.009 0.022 0.067 0.117 0.167 0.217 0.267 0.317 0.368 0.418 0.469 0.519 0.597 0.597 0.817 0.886 0.954 1.022 1.090 1.158 1.227 1.295 1.363 1.432 1.500 1.492 1.462 1.432 1.420 1.641 1.642 1.752 1.863 1.974 2.084 2.194 2.305 2.415 2.559 2.736 2.912 3.088 3.264 3.440 3.617 3.896 3.896 4.016 4.136 4.256
0.007 0.004 0.002 0.002 0.002 0.001 0.000 0.001 0.002 0.000 0.000 0.000 0.000 0.000 0.000 0.000 0.000 0.000 0.000 0.000 0.000 0.000 0.000 0.005 0.002 0.003 0.006 0.044 0.118 0.167 0.217 0.267 0.318 0.368 0.418 0.468 0.519 0.569 0.619 0.752 0.752 1.037 1.104 1.173 1.241 1.309 1.378 1.446 1.514 1.582 1.651 1.697 1.667 1.638 1.608 1.578 1.709 1.709 1.820 1.931 2.041 2.152 2.262 2.373 2.484 2.651 2.828 3.004 3.180 3.356 3.532 3.709 4.038 4.038 4.158 4.278 4.398
0.010 0.006 0.004 0.003 0.003 0.002 0.002 0.001 0.003 0.000 0.000 0.000 0.000 0.000 0.000 0.000 0.000 0.000 0.000 0.000 0.000 0.000 0.000 0.003 0.000 0.001 0.002 0.043 0.117 0.167 0.217 0.267 0.317 0.367 0.418 0.468 0.518 0.569 0.619 0.752 0.752 1.036 1.104 1.172 1.240 1.309 1.377 1.445 1.513 1.582 1.650 1.697 1.667 1.637 1.607 1.577 1.708 1.709 1.819 1.930 2.041 2.151 2.262 2.372 2.483 2.651 2.827 3.003 3.179 3.356 3.532 3.708 4.037 4.038 4.158 4.277 4.397
0.005 0.005 0.003 0.002 0.001 0.000 0.001 0.000 0.002 0.000 0.000 0.000 0.000 0.000 0.000 0.000 0.000 0.000 0.000 0.000 0.000 0.000 0.000 0.002 0.000 0.000 0.002 0.098 0.216 0.266 0.316 0.367 0.417 0.467 0.518 0.568 0.618 0.669 0.748 0.907 0.907 1.226 1.323 1.391 1.459 1.528 1.596 1.664 1.732 1.801 1.869 1.873 1.843 1.813 1.783 1.753 1.776 1.776 1.887 1.998 2.109 2.219 2.330 2.440 2.567 2.743 2.919 3.095 3.271 3.448 3.624 3.800 4.152 4.152 4.300 4.420 4.540
0.003 0.003 0.003 0.002 0.000 0.001 0.000 0.000 0.001 0.000 0.000 0.000 0.000 0.000 0.000 0.000 0.000 0.000 0.000 0.000 0.000 0.000 0.000 0.003 0.000 0.002 0.089 0.212 0.335 0.458 0.518 0.568 0.618 0.668 0.719 0.769 0.820 0.900 1.060 1.219 1.220 1.538 1.698 1.830 1.898 1.966 2.034 2.103 2.171 2.239 2.255 2.225 2.195 2.166 2.136 2.106 2.046 2.046 2.024 2.134 2.245 2.356 2.466 2.577 2.751 2.928 3.104 3.280 3.456 3.632 3.809 3.985 4.337 4.337 4.513 4.689 4.825
0.003 0.003 0.002 0.002 0.001 0.000 0.000 0.000 0.002 0.000 0.000 0.000 0.000 0.000 0.000 0.000 0.000 0.000 0.000 0.000 0.000 0.000 0.000 0.003 0.000 0.027 0.146 0.269 0.392 0.515 0.618 0.668 0.719 0.769 0.819 0.870 0.920 1.056 1.216 1.375 1.375 1.694 1.854 2.013 2.117 2.185 2.254 2.322 2.390 2.458 2.431 2.401 2.372 2.342 2.312 2.282 2.222 2.222 2.192 2.202 2.313 2.424 2.534 2.667 2.843 3.020 3.196 3.372 3.548 3.725 3.901 4.077 4.429 4.429 4.606 4.782 4.958
0.002 0.002 0.002 0.001 0.000 0.000 0.000 0.000 0.001 0.000 0.000 0.000 0.000 0.000 0.000 0.000 0.000 0.000 0.000 0.000 0.000 0.000 0.000 0.002 0.000 0.080 0.203 0.326 0.449 0.572 0.696 0.769 0.819 0.869 0.920 0.970 1.052 1.211 1.371 1.531 1.531 1.850 2.009 2.169 2.328 2.405 2.473 2.541 2.609 2.637 2.607 2.578 2.548 2.518 2.488 2.458 2.398 2.398 2.368 2.339 2.381 2.492 2.602 2.759 2.935 3.112 3.288 3.464 3.640 3.817 3.993 4.169 4.521 4.521 4.700 4.880 5.060
0.001 0.001 0.001 0.000 0.000 0.000 0.000 0.000 0.000 0.000 0.000 0.000 0.000 0.000 0.000 0.000 0.000 0.000 0.000 0.000 0.000 0.000 0.000 0.002 0.000 0.137 0.259 0.383 0.506 0.629 0.753 0.869 0.919 0.970 1.020 1.071 1.208 1.367 1.527 1.686 1.687 2.005 2.165 2.325 2.484 2.624 2.692 2.760 2.828 2.814 2.784 2.754 2.724 2.694 2.664 2.634 2.574 2.574 2.545 2.515 2.485 2.560 2.675 2.851 3.027 3.204 3.380 3.556 3.733 3.911 4.091 4.271 4.630 4.630 4.810 4.990 5.175
0.000 0.000 0.000 0.000 0.000 0.000 0.000 0.000 0.000 0.000 0.000 0.000 0.000 0.000 0.000 0.000 0.000 0.000 0.000 0.000 0.000 0.000 0.000 0.003 0.000 0.193 0.316 0.439 0.563 0.686 0.809 0.933 1.020 1.070 1.121 1.204 1.364 1.523 1.682 1.842 1.842 2.161 2.321 2.480 2.640 2.799 2.911 2.979 3.020 2.990 2.960 2.930 2.900 2.870 2.840 2.810 2.750 2.750 2.721 2.691 2.661 2.631 2.767 2.943 3.121 3.301 3.481 3.661 3.840 4.020 4.200 4.380 4.739 4.740 4.919 5.099 5.310
0.000 0.000 0.000 0.000 0.000 0.000 0.000 0.000 0.000 0.000 0.000 0.000 0.000 0.000 0.000 0.000 0.000 0.000 0.000 0.000 0.000 0.000 0.000 0.011 0.010 0.249 0.372 0.496 0.619 0.742 0.866 0.990 1.113 1.171 1.221 1.360 1.519 1.679 1.838 1.998 1.998 2.317 2.476 2.636 2.796 2.955 3.115 3.198 3.196 3.166 3.136 3.106 3.076 3.046 3.016 2.986 2.927 2.928 2.900 2.871 2.843 2.815 2.870 3.050 3.230 3.410 3.590 3.770 3.950 4.130 4.310 4.490 4.849 4.849 5.029 5.209 5.445
0.000 0.000 0.000 0.000 0.000 0.000 0.000 0.000 0.000 0.000 0.000 0.000 0.000 0.000 0.000 0.000 0.000 0.000 0.000 0.000 0.000 0.000 0.000 0.058 0.059 0.305 0.429 0.552 0.676 0.799 0.923 1.047 1.170 1.271 1.356 1.515 1.675 1.834 1.994 2.153 2.154 2.473 2.632 2.792 2.951 3.111 3.271 3.403 3.374 3.346 3.318 3.290 3.262 3.234 3.205 3.177 3.120 3.121 3.093 3.065 3.037 3.029 3.056 3.160 3.339 3.519 3.699 3.879 4.059 4.239 4.419 4.599 4.958 4.959 5.138 5.318 5.580
0.000 0.000 0.000 0.000 0.000 0.000 0.000 0.000 0.000 0.000 0.000 0.000 0.000 0.000 0.000 0.000 0.000 0.000 0.000 0.000 0.000 0.000 0.001 0.113 0.114 0.361 0.485 0.608 0.732 0.856 0.981 1.111 1.241 1.371 1.532 1.702 1.871 2.041 2.210 2.380 2.380 2.719 2.888 3.058 3.227 3.397 3.566 3.597 3.568 3.540 3.511 3.483 3.455 3.427 3.399 3.371 3.314 3.314 3.286 3.258 3.230 3.250 3.277 3.303 3.449 3.629 3.809 3.989 4.169 4.349 4.529 4.708 5.068 5.068 5.248 5.451 5.715
0.000 0.000 0.000 0.000 0.000 0.000 0.000 0.000 0.000 0.000 0.000 0.000 0.000 0.000 0.000 0.000 0.000 0.000 0.000 0.000 0.000 0.098 0.228 0.358 0.358 0.619 0.749 0.879 1.010 1.140 1.270 1.400 1.530 1.672 1.834 2.003 2.173 2.342 2.512 2.681 2.682 3.021 3.190 3.359 3.529 3.699 3.821 3.791 3.761 3.733 3.705 3.676 3.648 3.620 3.592 3.564 3.507 3.508 3.480 3.451 3.445 3.471 3.498 3.524 3.558 3.738 3.918 4.098 4.278 4.458 4.638 4.818 5.177 5.178 5.357 5.586 5.850
0.000 0.000 0.000 0.000 0.000 0.000 0.000 0.000 0.000 0.000 0.000 0.000 0.000 0.000 0.000 0.000 0.000 0.000 0.000 0.006 0.197 0.388 0.518 0.648 0.648 0.908 1.038 1.169 1.299 1.429 1.559 1.689 1.819 1.979 2.140 2.305 2.474 2.644 2.813 2.983 2.983 3.322 3.492 3.661 3.831 4.000 4.015 3.986 3.956 3.926 3.898 3.870 3.842 3.814 3.785 3.757 3.700 3.701 3.673 3.645 3.666 3.692 3.719 3.745 3.771 3.848 4.028 4.208 4.388 4.568 4.748 4.927 5.287 5.287 5.467 5.721 5.986
0.000 0.000 0.000 0.000 0.000 0.000 0.000 0.000 0.000 0.000 0.000 0.000 0.000 0.000 0.000 0.000 0.000 0.039 0.093 0.247 0.446 0.646 0.807 0.938 0.938 1.198 1.328 1.458 1.589 1.719 1.849 1.979 2.125 2.286 2.446 2.607 2.776 2.946 3.115 3.285 3.285 3.624 3.793 3.963 4.132 4.240 4.210 4.180 4.150 4.120 4.092 4.063 4.035 4.007 3.979 3.951 3.894 3.894 3.866 3.860 3.887 3.913 3.940 3.966 3.992 4.019 4.137 4.317 4.497 4.677 4.857 5.037 5.396 5.397 5.592 5.856 6.121
0.000 0.000 0.000 0.000 0.000 0.000 0.000 0.000 0.000 0.000 0.000 0.000 0.000 0.000 0.042 0.096 0.149 0.204 0.298 0.497 0.696 0.895 1.095 1.227 1.228 1.488 1.618 1.748 1.878 2.008 2.138 2.271 2.432 2.593 2.753 2.914 3.078 3.247 3.417 3.586 3.587 3.925 4.095 4.265 4.434 4.434 4.404 4.374 4.345 4.315 4.285 4.257 4.229 4.200 4.172 4.144 4.087 4.088 4.060 4.081 4.108 4.134 4.161 4.187 4.213 4.240 4.266 4.427 4.607 4.787 4.967 5.146 5.506 5.506 5.727 5.991 6.256
0.000 0.000 0.000 0.000 0.000 0.000 0.000 0.000 0.000 0.000 0.000 0.046 0.099 0.152 0.206 0.261 0.315 0.370 0.547 0.747 0.946 1.145 1.345 1.517 1.518 1.777 1.908 2.038 2.168 2.298 2.428 2.578 2.739 2.900 3.060 3.221 3.382 3.549 3.718 3.888 3.888 4.227 4.397 4.566 4.658 4.628 4.599 4.569 4.539 4.509 4.479 4.450 4.422 4.394 4.366 4.337 4.281 4.281 4.276 4.303 4.329 4.355 4.382 4.408 4.434 4.461 4.487 4.536 4.716 4.896 5.076 5.256 5.615 5.616 5.862 6.127 6.391
0.002 0.002 0.001 0.000 0.000 0.000 0.000 0.002 0.001 0.090 0.156 0.210 0.264 0.318 0.372 0.427 0.482 0.598 0.797 0.997 1.196 1.395 1.594 1.794 1.794 2.067 2.197 2.327 2.458 2.588 2.724 2.885 3.046 3.207 3.367 3.528 3.689 3.851 4.020 4.190 4.190 4.529 4.698 4.868 4.853 4.823 4.793 4.763 4.733 4.704 4.674 4.644 4.615 4.587 4.559 4.531 4.474 4.475 4.497 4.524 4.550 4.576 4.603 4.629 4.655 4.682 4.708 4.734 4.826 5.006 5.186 5.365 5.732 5.733 5.997 6.262 6.526
0.000 0.000 0.000 0.000 0.000 0.000 0.000 0.001 0.000 0.088 0.155 0.209 0.263 0.317 0.372 0.427 0.482 0.598 0.797 0.996 1.195 1.395 1.594 1.793 1.794 2.067 2.197 2.327 2.457 2.587 2.724 2.884 3.045 3.206 3.367 3.528 3.688 3.850 4.020 4.189 4.190 4.528 4.698 4.867 4.852 4.822 4.793 4.763 4.733 4.703 4.673 4.644 4.615 4.587 4.559 4.530 4.474 4.474 4.497 4.523 4.549 4.576 4.602 4.629 4.655 4.681 4.707 4.734 4.825 5.005 5.185 5.365 5.732 5.732 5.997 6.261 6.526
0.000 0.000 0.000 0.000 0.000 0.000 0.009 0.084 0.084 0.239 0.316 0.373 0.428 0.483 0.538 0.593 0.647 0.847 1.046 1.246 1.445 1.644 1.844 2.043 2.043 2.356 2.486 2.617 2.747 2.877 3.031 3.191 3.352 3.513 3.674 3.835 3.995 4.156 4.321 4.491 4.491 4.830 5.000 5.076 5.047 5.017 4.987 4.957 4.927 4.898 4.868 4.838 4.808 4.780 4.752 4.724 4.691 4.692 4.718 4.744 4.770 4.797 4.823 4.850 4.876 4.902 4.928 4.955 4.981 5.115 5.295 5.475 5.867 5.867 6.132 6.396 6.661
