includes/lisflood/camargue/results_R3_t1.561734058371E12/res-0010.wd
ncols         906
nrows         631
xllcorner     362177.146667
yllcorner     6534725.688020
cellsize      20.000000
NODATA_value  -9999.000000
[rows 510 to 543 of 631, columns 154 to 230 of 906]
0.467 0.456 0.439 0.422 0.405 0.314 0.224 0.134 0.043 0.000 0.000 0.000 0.000 0.000 0.000 0.000 0.000 0.000 0.000 0.000 0.000 0.000 0.000 0.000 0.000 0.003 0.006 0.002 0.001 0.001 0.001 0.002 0.000 0.000 0.000 0.000 0.000 0.000 0.000 0.000 0.000 0.000 0.000 0.000 0.000 0.000 0.002 0.000 0.000 0.003 0.003 0.000 0.000 0.000 0.000 0.000 0.000 0.000 0.000 0.000 0.000 0.001 0.002 0.022 0.020 0.056 0.087 0.066 0.045 0.024 0.010 0.003 0.002 0.001 0.000 0.000 0.000
0.448 0.448 0.447 0.430 0.359 0.269 0.179 0.088 0.002 0.000 0.000 0.000 0.000 0.000 0.000 0.000 0.000 0.000 0.000 0.000 0.000 0.000 0.000 0.000 0.000 0.000 0.004 0.006 0.009 0.008 0.002 0.003 0.001 0.001 0.001 0.001 0.000 0.000 0.000 0.000 0.000 0.000 0.000 0.000 0.000 0.000 0.002 0.001 0.001 0.003 0.004 0.003 0.000 0.000 0.000 0.000 0.000 0.000 0.000 0.000 0.001 0.002 0.002 0.023 0.020 0.054 0.097 0.073 0.048 0.033 0.021 0.011 0.006 0.003 0.002 0.000 0.000
0.439 0.438 0.438 0.427 0.340 0.255 0.170 0.085 0.003 0.001 0.000 0.000 0.000 0.000 0.000 0.001 0.000 0.000 0.000 0.000 0.000 0.000 0.000 0.000 0.000 0.000 0.000 0.002 0.004 0.010 0.012 0.010 0.002 0.002 0.002 0.001 0.000 0.000 0.000 0.000 0.000 0.000 0.000 0.000 0.000 0.000 0.003 0.001 0.002 0.003 0.004 0.006 0.002 0.002 0.001 0.000 0.000 0.000 0.000 0.000 0.000 0.001 0.002 0.020 0.017 0.043 0.082 0.067 0.054 0.041 0.029 0.019 0.011 0.006 0.003 0.000 0.001
0.499 0.526 0.554 0.486 0.342 0.257 0.172 0.087 0.004 0.002 0.001 0.001 0.001 0.000 0.000 0.002 0.000 0.000 0.000 0.000 0.000 0.000 0.000 0.000 0.000 0.000 0.000 0.000 0.002 0.004 0.014 0.011 0.010 0.003 0.002 0.002 0.001 0.000 0.000 0.000 0.000 0.000 0.000 0.000 0.000 0.001 0.003 0.001 0.002 0.002 0.004 0.007 0.005 0.002 0.001 0.000 0.000 0.000 0.000 0.000 0.000 0.001 0.002 0.016 0.013 0.029 0.082 0.072 0.062 0.052 0.042 0.032 0.023 0.016 0.010 0.004 0.037
0.653 0.680 0.708 0.564 0.392 0.258 0.173 0.088 0.005 0.002 0.002 0.001 0.001 0.001 0.001 0.002 0.000 0.000 0.000 0.000 0.000 0.000 0.000 0.000 0.000 0.000 0.000 0.000 0.000 0.001 0.005 0.002 0.006 0.003 0.002 0.001 0.001 0.000 0.000 0.000 0.000 0.000 0.000 0.000 0.000 0.001 0.003 0.001 0.002 0.002 0.003 0.008 0.004 0.002 0.001 0.000 0.000 0.000 0.000 0.000 0.001 0.001 0.002 0.013 0.009 0.039 0.125 0.117 0.098 0.082 0.078 0.074 0.071 0.069 0.067 0.066 0.098
0.807 0.834 0.814 0.642 0.470 0.297 0.175 0.090 0.005 0.002 0.002 0.002 0.001 0.001 0.001 0.002 0.000 0.000 0.000 0.000 0.000 0.000 0.000 0.000 0.000 0.000 0.000 0.000 0.000 0.000 0.003 0.001 0.020 0.003 0.002 0.001 0.001 0.000 0.000 0.000 0.000 0.000 0.000 0.000 0.000 0.000 0.003 0.001 0.002 0.002 0.003 0.010 0.004 0.002 0.001 0.000 0.000 0.000 0.000 0.000 0.000 0.001 0.001 0.027 0.027 0.118 0.208 0.197 0.179 0.160 0.142 0.134 0.132 0.131 0.129 0.127 0.160
0.960 0.988 0.892 0.720 0.548 0.376 0.203 0.091 0.005 0.002 0.002 0.002 0.002 0.001 0.001 0.003 0.000 0.000 0.000 0.000 0.000 0.000 0.000 0.000 0.000 0.000 0.000 0.000 0.000 0.000 0.109 0.109 0.339 0.159 0.009 0.003 0.002 0.001 0.000 0.000 0.000 0.000 0.000 0.000 0.000 0.000 0.003 0.001 0.002 0.002 0.003 0.013 0.003 0.002 0.001 0.000 0.000 0.000 0.000 0.000 0.000 0.000 0.001 0.118 0.118 0.208 0.298 0.285 0.266 0.248 0.230 0.211 0.194 0.192 0.190 0.188 0.221
1.114 1.142 0.970 0.798 0.626 0.453 0.281 0.109 0.005 0.002 0.002 0.002 0.002 0.002 0.001 0.003 0.000 0.000 0.000 0.000 0.000 0.000 0.000 0.000 0.000 0.000 0.000 0.036 0.199 0.362 0.525 0.525 0.637 0.457 0.277 0.178 0.165 0.153 0.140 0.128 0.115 0.103 0.090 0.045 0.001 0.001 0.002 0.001 0.002 0.002 0.006 0.017 0.003 0.002 0.001 0.000 0.000 0.000 0.000 0.000 0.000 0.000 0.026 0.208 0.208 0.298 0.388 0.373 0.355 0.336 0.318 0.299 0.281 0.262 0.252 0.250 0.282
1.268 1.220 1.048 0.876 0.704 0.531 0.359 0.187 0.012 0.002 0.002 0.002 0.002 0.002 0.001 0.003 0.000 0.000 0.000 0.000 0.000 0.000 0.000 0.000 0.000 0.126 0.289 0.452 0.615 0.778 0.941 0.941 0.936 0.755 0.575 0.395 0.339 0.327 0.314 0.302 0.289 0.277 0.264 0.197 0.131 0.064 0.002 0.002 0.002 0.016 0.053 0.048 0.005 0.002 0.001 0.000 0.000 0.000 0.000 0.000 0.000 0.027 0.119 0.299 0.299 0.389 0.479 0.461 0.443 0.424 0.406 0.387 0.369 0.351 0.332 0.314 0.366
1.421 1.298 1.126 0.953 0.781 0.609 0.437 0.265 0.093 0.001 0.002 0.001 0.000 0.001 0.000 0.001 0.000 0.000 0.000 0.000 0.000 0.000 0.039 0.216 0.379 0.542 0.705 0.868 1.031 1.194 1.357 1.357 1.234 1.053 0.873 0.693 0.513 0.501 0.488 0.476 0.463 0.451 0.416 0.349 0.283 0.217 0.150 0.150 0.058 0.091 0.123 0.101 0.058 0.008 0.001 0.000 0.000 0.000 0.000 0.000 0.038 0.120 0.210 0.390 0.389 0.479 0.568 0.549 0.531 0.513 0.494 0.476 0.457 0.439 0.458 0.500 0.531
1.548 1.375 1.203 1.031 0.859 0.687 0.515 0.343 0.171 0.002 0.000 0.000 0.001 0.000 0.000 0.001 0.000 0.000 0.000 0.000 0.000 0.112 0.369 0.626 0.795 0.958 1.121 1.284 1.447 1.611 1.774 1.774 1.532 1.351 1.171 0.991 0.811 0.675 0.663 0.650 0.638 0.625 0.568 0.502 0.435 0.369 0.303 0.303 0.170 0.160 0.193 0.154 0.111 0.069 0.069 0.069 0.068 0.068 0.072 0.128 0.183 0.239 0.300 0.480 0.480 0.570 0.656 0.637 0.619 0.601 0.582 0.564 0.587 0.629 0.670 0.712 0.742
1.625 1.453 1.281 1.109 0.937 0.765 0.595 0.544 0.493 0.442 0.301 0.060 0.065 0.071 0.076 0.076 0.086 0.091 0.096 0.101 0.184 0.441 0.698 0.955 1.211 1.374 1.537 1.701 1.864 2.027 2.190 2.190 1.830 1.650 1.469 1.289 1.109 0.929 0.837 0.824 0.812 0.787 0.721 0.654 0.588 0.521 0.455 0.455 0.322 0.256 0.250 0.213 0.212 0.212 0.212 0.211 0.211 0.210 0.217 0.273 0.328 0.383 0.439 0.571 0.571 0.661 0.744 0.726 0.707 0.689 0.716 0.758 0.800 0.841 0.883 0.923 0.953
1.703 1.531 1.448 1.397 1.346 1.295 1.244 1.193 1.142 1.091 0.857 0.528 0.312 0.318 0.323 0.323 0.333 0.338 0.343 0.348 0.514 0.771 1.028 1.285 1.542 1.791 1.954 2.117 2.280 2.443 2.488 2.489 2.128 1.948 1.767 1.587 1.407 1.227 1.046 0.998 0.986 0.940 0.873 0.807 0.740 0.674 0.607 0.608 0.480 0.441 0.387 0.355 0.354 0.354 0.354 0.353 0.353 0.353 0.362 0.417 0.473 0.528 0.583 0.694 0.694 0.751 0.832 0.814 0.845 0.887 0.929 0.970 1.012 1.053 1.095 1.134 1.164
2.199 2.148 2.097 2.046 1.995 1.944 1.892 1.841 1.790 1.739 1.412 1.084 0.756 0.565 0.570 0.570 0.580 0.585 0.590 0.595 0.844 1.101 1.358 1.615 1.872 2.129 2.370 2.533 2.696 2.859 2.787 2.787 2.426 2.246 2.065 1.885 1.705 1.525 1.344 1.173 1.159 1.092 1.026 0.959 0.907 0.867 0.827 0.827 0.748 0.708 0.648 0.567 0.497 0.496 0.496 0.496 0.495 0.495 0.507 0.562 0.617 0.673 0.728 0.839 0.839 0.894 0.971 1.016 1.058 1.099 1.141 1.183 1.224 1.266 1.307 1.345 1.374
2.199 2.148 2.097 2.046 1.995 1.944 1.893 1.841 1.790 1.739 1.412 1.084 0.756 0.565 0.570 0.570 0.580 0.585 0.590 0.595 0.844 1.101 1.358 1.615 1.872 2.129 2.370 2.533 2.696 2.859 2.787 2.787 2.426 2.246 2.065 1.885 1.705 1.525 1.344 1.172 1.159 1.092 1.026 0.959 0.907 0.867 0.827 0.827 0.748 0.708 0.648 0.567 0.497 0.496 0.496 0.496 0.495 0.495 0.507 0.562 0.617 0.673 0.728 0.839 0.839 0.894 0.971 1.016 1.058 1.099 1.141 1.183 1.224 1.266 1.307 1.345 1.374
2.795 2.797 2.746 2.694 2.643 2.592 2.541 2.490 2.439 2.296 1.967 1.639 1.311 0.983 0.817 0.817 0.827 0.832 0.837 0.916 1.173 1.431 1.688 1.945 2.202 2.459 2.716 2.949 3.112 3.265 3.085 3.085 2.724 2.544 2.364 2.183 2.003 1.823 1.643 1.462 1.333 1.293 1.254 1.214 1.174 1.134 1.094 1.095 1.015 0.975 0.910 0.828 0.747 0.666 0.638 0.638 0.637 0.637 0.651 0.707 0.762 0.818 0.873 1.009 1.008 1.095 1.172 1.225 1.270 1.312 1.353 1.395 1.436 1.478 1.520 1.555 1.585
3.269 3.411 3.394 3.343 3.292 3.241 3.190 3.138 3.087 2.851 2.523 2.195 1.866 1.538 1.210 1.210 1.074 1.079 1.084 1.246 1.503 1.760 2.017 2.275 2.532 2.789 3.046 3.303 3.528 3.563 3.383 3.383 3.022 2.842 2.661 2.481 2.300 2.120 1.939 1.759 1.641 1.561 1.521 1.481 1.441 1.401 1.362 1.362 1.282 1.242 1.171 1.090 1.008 0.927 0.846 0.780 0.780 0.779 0.796 0.852 0.907 0.962 1.040 1.214 1.214 1.301 1.372 1.425 1.478 1.524 1.566 1.607 1.649 1.690 1.732 1.766 1.796
4.217 4.359 4.501 4.640 4.589 4.537 4.486 4.435 4.290 3.962 3.633 3.305 2.977 2.649 2.320 2.321 1.664 1.573 1.649 1.906 2.163 2.420 2.677 2.921 3.144 3.367 3.590 3.812 4.019 4.071 3.977 3.977 3.616 3.435 3.254 3.074 2.893 2.713 2.532 2.395 2.292 2.189 2.086 2.015 1.975 1.936 1.896 1.896 1.816 1.776 1.694 1.613 1.532 1.450 1.369 1.287 1.206 1.125 1.104 1.191 1.278 1.365 1.452 1.626 1.626 1.713 1.774 1.827 1.880 1.933 1.986 2.032 2.073 2.115 2.157 2.188 2.217
4.691 4.833 4.976 5.118 5.237 5.186 5.135 5.083 4.845 4.517 4.189 3.860 3.532 3.204 2.876 2.876 2.219 1.891 1.978 2.201 2.424 2.647 2.870 3.092 3.315 3.538 3.761 3.983 4.126 4.178 4.231 4.231 3.912 3.732 3.551 3.371 3.190 3.010 2.829 2.721 2.618 2.515 2.412 2.309 2.243 2.203 2.163 2.163 2.083 2.037 1.956 1.874 1.793 1.712 1.630 1.549 1.468 1.387 1.338 1.409 1.484 1.571 1.658 1.832 1.832 1.919 1.975 2.028 2.080 2.133 2.186 2.239 2.286 2.327 2.369 2.398 2.428
5.165 5.307 5.449 5.591 5.734 5.834 5.783 5.729 5.401 5.072 4.744 4.416 4.087 3.759 3.411 3.412 2.581 2.165 2.170 2.372 2.595 2.818 3.041 3.263 3.486 3.709 3.932 4.154 4.234 4.286 4.338 4.338 4.209 4.028 3.848 3.667 3.487 3.306 3.150 3.047 2.944 2.841 2.737 2.634 2.531 2.470 2.430 2.430 2.351 2.299 2.217 2.136 2.055 1.973 1.892 1.811 1.730 1.649 1.574 1.646 1.717 1.789 1.864 2.038 2.038 2.122 2.175 2.228 2.281 2.334 2.387 2.440 2.493 2.540 2.580 2.609 2.639
5.639 5.781 5.924 6.066 6.208 6.350 6.431 6.284 5.956 5.628 5.267 4.851 4.436 4.021 3.606 3.606 2.775 2.476 2.509 2.543 2.766 2.989 3.212 3.434 3.657 3.880 4.103 4.289 4.341 4.393 4.446 4.446 4.505 4.325 4.144 3.964 3.783 3.603 3.476 3.373 3.270 3.166 3.063 2.960 2.857 2.754 2.697 2.698 2.618 2.560 2.479 2.397 2.316 2.235 2.154 2.073 1.993 1.912 1.831 1.882 1.954 2.026 2.097 2.244 2.244 2.323 2.376 2.429 2.482 2.535 2.588 2.641 2.694 2.746 2.790 2.814 2.837
6.113 6.255 6.397 6.539 6.682 6.824 6.894 6.707 6.292 5.876 5.461 5.046 4.630 4.215 3.800 3.800 2.969 2.816 2.849 2.882 2.937 3.160 3.383 3.605 3.828 4.051 4.274 4.396 4.449 4.501 4.553 4.553 4.658 4.621 4.441 4.260 4.080 3.905 3.802 3.699 3.596 3.492 3.389 3.286 3.183 3.080 2.976 2.977 2.885 2.822 2.740 2.659 2.578 2.497 2.417 2.336 2.255 2.175 2.094 2.118 2.190 2.262 2.334 2.477 2.477 2.574 2.630 2.685 2.741 2.797 2.852 2.908 2.963 3.010 2.999 3.011 3.035
6.587 6.729 6.865 6.832 6.799 6.766 6.732 6.678 6.486 6.071 5.655 5.240 4.825 4.409 3.994 3.994 3.164 3.156 3.189 3.222 3.255 3.331 3.554 3.776 3.999 4.222 4.445 4.504 4.556 4.609 4.661 4.661 4.765 4.818 4.737 4.557 4.376 4.231 4.128 4.024 3.921 3.818 3.715 3.612 3.509 3.406 3.302 3.302 3.152 3.083 3.002 2.921 2.841 2.760 2.679 2.599 2.518 2.437 2.357 2.355 2.427 2.498 2.570 2.744 2.744 2.852 2.924 2.979 3.035 3.090 3.146 3.201 3.245 3.225 3.214 3.225 3.236
6.769 6.736 6.703 6.670 6.637 6.604 6.567 6.511 6.454 6.265 5.850 5.434 5.019 4.604 4.188 4.189 3.462 3.495 3.528 3.561 3.594 3.627 3.725 3.947 4.170 4.393 4.559 4.611 4.664 4.716 4.768 4.768 4.873 4.925 4.977 4.853 4.673 4.557 4.453 4.350 4.247 4.144 4.041 3.938 3.834 3.731 3.628 3.628 3.422 3.345 3.264 3.184 3.103 3.023 2.942 2.861 2.781 2.700 2.619 2.591 2.663 2.735 2.806 3.017 3.017 3.125 3.217 3.273 3.328 3.384 3.440 3.480 3.460 3.440 3.429 3.440 3.451
6.608 6.575 6.541 6.508 6.475 6.442 6.399 6.343 6.287 6.231 6.044 5.629 5.213 4.798 4.383 4.383 3.802 3.835 3.868 3.901 3.934 3.967 4.000 4.118 4.341 4.564 4.667 4.719 4.771 4.824 4.876 4.876 4.980 5.033 5.085 5.137 4.986 4.882 4.779 4.676 4.573 4.461 4.322 4.183 4.044 3.905 3.766 3.766 3.525 3.491 3.457 3.423 3.366 3.285 3.205 3.124 3.043 2.963 2.882 2.828 2.899 2.971 3.073 3.290 3.290 3.398 3.507 3.567 3.622 3.678 3.715 3.695 3.675 3.655 3.644 3.655 3.666
6.446 6.413 6.380 6.347 6.314 6.280 6.232 6.176 6.119 6.063 6.007 5.823 5.408 4.993 4.577 4.577 4.141 4.175 4.208 4.241 4.274 4.307 4.340 4.373 4.512 4.722 4.774 4.826 4.879 4.931 4.983 4.984 5.088 5.137 5.167 5.196 5.182 5.043 4.904 4.765 4.626 4.488 4.349 4.210 4.071 3.932 3.793 3.793 3.611 3.576 3.542 3.508 3.475 3.441 3.407 3.374 3.306 3.225 3.145 3.064 3.136 3.237 3.345 3.563 3.563 3.671 3.780 3.860 3.916 3.950 3.930 3.910 3.890 3.870 3.859 3.870 3.881
6.284 6.251 6.218 6.185 6.152 6.119 6.064 6.008 5.952 5.896 5.840 5.783 5.602 5.187 4.772 4.772 4.481 4.514 4.547 4.580 4.613 4.646 4.679 4.713 4.746 4.829 4.876 4.906 4.935 4.965 4.995 4.995 5.054 5.084 5.114 5.141 5.142 5.070 4.931 4.792 4.653 4.514 4.375 4.237 4.098 3.959 3.820 3.820 3.696 3.661 3.627 3.593 3.560 3.526 3.492 3.459 3.425 3.391 3.357 3.324 3.401 3.510 3.618 3.835 3.835 3.944 4.052 4.154 4.185 4.165 4.145 4.125 4.106 4.086 4.074 4.085 4.096
6.122 6.089 6.056 6.023 5.990 5.953 5.897 5.841 5.784 5.728 5.672 5.616 5.560 5.381 4.966 4.966 4.821 4.854 4.887 4.920 4.953 4.975 4.984 4.993 5.002 4.820 4.823 4.853 4.883 4.912 4.942 4.942 5.002 5.032 5.061 5.074 5.075 5.076 4.958 4.819 4.680 4.541 4.402 4.263 4.125 3.986 3.851 3.851 3.781 3.747 3.712 3.678 3.644 3.611 3.577 3.543 3.510 3.476 3.442 3.459 3.543 3.661 3.780 4.016 4.016 4.134 4.252 4.366 4.400 4.380 4.361 4.341 4.321 4.301 4.289 4.300 4.311
5.961 5.928 5.895 5.861 5.828 5.786 5.729 5.673 5.617 5.561 5.505 5.448 5.392 5.336 5.160 5.161 5.155 5.164 5.173 5.182 5.191 5.200 5.209 5.219 5.174 4.955 4.770 4.800 4.830 4.860 4.889 4.890 4.949 4.979 5.007 5.008 5.009 5.010 4.985 4.846 4.707 4.568 4.429 4.290 4.151 4.012 3.936 3.937 3.867 3.832 3.797 3.763 3.729 3.696 3.662 3.628 3.595 3.561 3.542 3.615 3.688 3.791 3.909 4.145 4.145 4.263 4.382 4.474 4.535 4.596 4.576 4.556 4.536 4.516 4.504 4.515 4.526
5.646 5.766 5.733 5.700 5.667 5.618 5.562 5.506 5.449 5.393 5.337 5.281 5.229 5.202 5.213 5.213 5.380 5.389 5.398 5.407 5.417 5.426 5.435 5.444 5.310 5.090 4.871 4.747 4.777 4.807 4.837 4.837 4.896 4.926 4.941 4.942 4.943 4.943 4.944 4.873 4.734 4.595 4.456 4.317 4.178 4.057 4.022 4.022 3.952 3.917 3.882 3.848 3.814 3.781 3.747 3.713 3.679 3.646 3.698 3.771 3.844 3.921 4.039 4.275 4.275 4.393 4.511 4.582 4.643 4.704 4.766 4.771 4.751 4.731 4.719 4.730 4.741
5.646 5.766 5.733 5.700 5.667 5.618 5.562 5.506 5.450 5.393 5.337 5.281 5.229 5.202 5.213 5.213 5.380 5.389 5.398 5.407 5.417 5.426 5.435 5.444 5.310 5.090 4.871 4.747 4.777 4.807 4.837 4.837 4.896 4.926 4.941 4.942 4.943 4.943 4.944 4.873 4.734 4.595 4.456 4.317 4.178 4.057 4.022 4.022 3.952 3.917 3.882 3.848 3.814 3.781 3.747 3.713 3.679 3.646 3.698 3.771 3.844 3.921 4.039 4.275 4.275 4.393 4.511 4.582 4.643 4.704 4.766 4.771 4.751 4.731 4.719 4.730 4.741
5.184 5.385 5.571 5.538 5.505 5.451 5.394 5.338 5.282 5.241 5.214 5.187 5.160 5.132 5.216 5.217 5.605 5.614 5.624 5.633 5.642 5.651 5.660 5.664 5.445 5.226 5.006 4.787 4.724 4.754 4.784 4.784 4.844 4.873 4.874 4.875 4.876 4.877 4.878 4.879 4.760 4.622 4.483 4.344 4.205 4.142 4.107 4.107 4.038 4.003 3.968 3.933 3.899 3.865 3.832 3.798 3.764 3.781 3.854 3.927 4.000 4.073 4.168 4.404 4.405 4.523 4.629 4.690 4.752 4.813 4.874 4.935 4.966 4.947 4.934 4.945 4.956
4.722 4.923 5.125 5.326 5.339 5.283 5.254 5.226 5.199 5.172 5.145 5.118 5.090 5.063 5.220 5.220 5.711 5.840 5.849 5.858 5.867 5.876 5.885 5.800 5.580 5.361 5.142 4.922 4.703 4.701 4.731 4.731 4.791 4.807 4.808 4.809 4.810 4.811 4.811 4.812 4.787 4.648 4.510 4.371 4.262 4.228 4.193 4.193 4.123 4.088 4.053 4.018 3.984 3.950 3.917 3.883 3.864 3.937 4.010 4.083 4.156 4.229 4.302 4.534 4.534 4.652 4.738 4.799 4.860 4.921 4.982 5.043 5.104 5.162 5.149 5.160 5.115
3.894 4.205 4.516 4.827 4.991 5.077 5.115 5.088 5.061 5.034 5.006 4.979 4.952 4.981 5.227 5.227 5.719 5.964 6.210 6.309 6.318 6.327 6.289 6.070 5.851 5.632 5.412 5.193 4.974 4.754 4.626 4.626 4.673 4.674 4.675 4.676 4.677 4.678 4.679 4.680 4.680 4.681 4.563 4.468 4.433 4.398 4.364 4.364 4.294 4.259 4.224 4.189 4.154 4.120 4.086 4.103 4.176 4.249 4.322 4.395 4.469 4.542 4.615 4.793 4.793 4.893 4.954 5.015 5.076 5.137 5.133 5.124 5.115 5.106 5.141 5.217 5.203
