includes/lisflood/camargue/results_R3_t1.561734058371E12/res.max
ncols         906
nrows         631
xllcorner     362177.146667
yllcorner     6534725.688020
cellsize      20.000000
NODATA_value  -9999.000000
[rows 544 to 577 of 631, columns 77 to 153 of 906]
10.934 11.400 11.761 12.159 12.326 12.494 12.662 12.829 12.997 13.164 13.332 12.803 12.804 12.123 11.443 10.863 10.641 10.420 10.198 9.976 9.755 9.533 9.344 9.264 9.184 9.102 8.935 8.599 8.600 8.433 8.266 8.180 8.223 8.247 8.261 8.276 8.290 8.304 8.360 8.458 8.555 8.652 8.882 9.435 9.436 9.713 9.983 10.229 10.475 10.721 10.967 11.214 11.126 10.899 10.672 10.543 10.593 10.644 10.694 10.745 10.746 10.846 10.896 10.651 10.387 9.967 9.547 9.128 8.708 8.288 7.869 7.487 7.117 7.299 7.582 7.894 7.895
10.534 10.858 11.186 11.595 12.004 12.413 12.697 12.865 13.032 13.200 13.368 13.132 13.133 12.452 11.772 11.507 11.286 11.064 10.842 10.621 10.399 10.178 9.956 9.816 9.736 9.609 9.442 9.106 9.107 8.940 8.773 8.605 8.586 8.600 8.615 8.629 8.643 8.657 8.681 8.778 8.875 9.072 9.349 9.901 9.903 10.179 10.456 10.709 10.955 11.201 11.447 11.455 11.228 11.001 10.774 10.547 10.582 10.632 10.683 10.734 10.735 10.835 10.641 10.382 10.123 9.758 9.338 8.919 8.499 8.080 7.660 7.241 6.969 7.123 7.435 7.747 7.749
9.963 10.288 10.612 11.020 11.429 11.838 12.247 12.655 13.064 13.236 13.403 13.460 13.461 12.781 12.373 12.152 11.930 11.708 11.487 11.265 11.043 10.822 10.600 10.379 10.284 10.116 9.949 9.636 9.637 9.516 9.394 9.273 9.173 9.087 9.001 8.982 8.996 9.011 9.025 9.099 9.261 9.538 9.815 10.368 10.369 10.646 10.922 11.188 11.434 11.680 11.785 11.558 11.331 11.103 10.876 10.649 10.571 10.621 10.672 10.722 10.723 10.630 10.372 10.113 9.854 9.549 9.129 8.710 8.290 7.871 7.451 7.073 7.060 7.048 7.289 7.601 7.602
9.392 9.717 10.041 10.445 10.854 11.263 11.672 12.081 12.490 12.898 13.307 13.773 13.774 13.240 13.018 12.796 12.574 12.353 12.131 11.909 11.688 11.443 11.168 10.893 10.869 10.747 10.626 10.381 10.382 10.261 10.139 10.018 9.917 9.831 9.745 9.660 9.574 9.488 9.402 9.450 9.727 10.004 10.281 10.834 10.835 11.112 11.389 11.665 11.913 12.114 11.887 11.660 11.433 11.206 10.979 10.752 10.560 10.610 10.661 10.711 10.712 10.361 10.102 9.844 9.585 9.327 8.920 8.501 8.081 7.662 7.242 7.164 7.152 7.139 7.142 7.455 7.456
8.821 9.146 9.470 9.870 10.279 10.688 11.097 11.506 11.915 12.323 12.732 13.533 13.534 13.630 13.355 13.080 12.805 12.529 12.254 11.979 11.704 11.429 11.154 10.879 11.148 11.492 11.371 11.126 11.128 11.006 10.884 10.763 10.662 10.576 10.490 10.404 10.318 10.232 10.099 9.800 10.070 10.375 10.680 11.288 11.289 11.578 11.855 12.131 12.393 12.217 11.989 11.762 11.535 11.308 11.081 10.854 10.627 10.599 10.650 10.609 10.610 10.092 9.833 9.575 9.316 9.058 8.712 8.292 7.872 7.453 7.268 7.256 7.243 7.230 7.218 7.308 7.310
8.251 8.575 8.900 9.295 9.704 10.113 10.522 10.931 11.340 11.749 12.143 12.877 12.878 13.252 13.341 13.066 12.791 12.516 12.241 11.966 11.691 11.416 11.141 10.989 11.353 11.716 12.080 11.871 11.873 11.751 11.629 11.508 11.407 11.321 11.235 11.148 11.063 10.912 10.613 10.314 10.355 10.660 10.965 11.573 11.574 11.878 12.183 12.487 12.421 12.236 12.051 11.865 11.638 11.411 11.184 10.956 10.729 10.588 10.599 10.340 10.341 9.823 9.564 9.306 9.047 8.789 8.503 8.083 7.664 7.372 7.360 7.347 7.334 7.322 7.309 7.296 7.298
7.680 8.004 8.329 8.721 9.129 9.538 9.947 10.356 10.751 11.119 11.486 12.221 12.222 12.596 12.970 13.053 12.777 12.502 12.227 11.952 11.677 11.402 11.127 11.193 11.557 11.920 12.284 12.616 12.618 12.496 12.374 12.253 12.151 12.065 11.979 11.893 11.724 11.425 11.127 10.828 10.641 10.945 11.250 11.858 11.859 12.164 12.468 12.468 12.255 12.063 11.879 11.694 11.510 11.325 11.141 10.956 10.772 10.587 10.329 10.071 10.072 9.554 9.295 9.037 8.778 8.520 8.261 7.874 7.476 7.464 7.451 7.438 7.426 7.413 7.400 7.387 7.389
7.109 7.433 7.758 8.146 8.555 8.963 9.360 9.728 10.095 10.462 10.830 11.566 11.567 11.941 12.315 12.689 12.764 12.488 12.213 11.938 11.663 11.388 11.113 11.397 11.761 12.125 12.488 13.214 13.215 13.241 13.119 12.997 12.896 12.810 12.724 12.537 12.238 11.939 11.640 11.342 11.043 11.231 11.535 12.143 12.144 12.449 12.518 12.306 12.093 11.890 11.706 11.521 11.337 11.152 10.968 10.783 10.599 10.193 9.870 9.647 9.648 9.201 8.977 8.754 8.509 8.251 7.992 7.666 7.568 7.555 7.542 7.530 7.517 7.504 7.491 7.479 7.480
6.831 6.891 7.187 7.571 7.969 8.336 8.704 9.071 9.439 9.806 10.174 10.911 10.912 11.286 11.660 12.034 12.408 12.475 12.200 11.925 11.649 11.374 11.238 11.602 11.965 12.329 12.692 13.418 13.419 13.782 13.865 13.743 13.641 13.554 13.350 13.051 12.752 12.453 12.154 11.855 11.557 11.516 11.821 12.429 12.430 12.569 12.356 12.143 11.931 11.718 11.533 11.348 11.164 10.979 10.795 10.610 10.237 9.790 9.390 9.166 9.167 8.720 8.497 8.274 8.050 7.827 7.604 7.545 7.560 7.575 7.591 7.606 7.608 7.596 7.583 7.570 7.571
6.717 6.777 6.837 6.944 7.312 7.679 8.047 8.415 8.782 9.150 9.517 10.255 10.256 10.630 11.004 11.378 11.753 12.127 12.186 11.911 11.636 11.361 11.442 11.806 12.169 12.533 12.896 13.622 13.623 13.986 14.351 14.488 14.385 14.163 13.864 13.565 13.266 12.967 12.668 12.369 12.070 11.801 12.106 12.618 12.619 12.407 12.194 11.981 11.768 11.556 11.360 11.175 10.991 10.806 10.622 10.282 9.834 9.387 8.939 8.686 8.687 8.239 8.016 7.793 7.570 7.347 7.262 7.317 7.343 7.358 7.374 7.389 7.404 7.419 7.434 7.450 7.451
6.601 6.658 6.716 6.717 6.705 7.023 7.390 7.758 8.126 8.493 8.861 9.600 9.601 9.975 10.349 10.723 11.097 11.471 11.845 11.897 11.622 11.347 11.646 12.010 12.374 12.737 13.101 13.826 13.827 14.190 14.555 14.826 14.827 14.677 14.378 14.079 13.779 13.480 13.182 12.883 12.584 12.285 12.391 12.456 12.457 12.244 12.032 11.819 11.606 11.393 11.187 11.003 10.818 10.634 10.326 9.878 9.431 8.983 8.536 8.205 8.206 7.759 7.536 7.312 7.089 6.976 7.031 7.087 7.126 7.141 7.156 7.172 7.187 7.202 7.217 7.232 7.233
6.480 6.538 6.596 6.589 6.577 6.564 6.734 7.101 7.469 7.837 8.204 8.944 8.945 9.320 9.694 10.068 10.442 10.816 11.190 11.564 11.608 11.487 11.851 12.214 12.578 12.941 13.169 13.455 13.456 13.600 13.745 13.876 13.739 13.657 13.587 13.517 13.447 13.378 13.308 13.239 13.098 12.799 12.676 12.294 12.295 12.082 11.869 11.657 11.444 11.231 11.018 10.830 10.645 10.370 9.923 9.475 9.028 8.580 8.133 7.724 7.726 7.278 7.055 6.832 6.690 6.746 6.801 6.856 6.909 6.924 6.939 6.955 6.970 6.985 7.000 7.015 7.016
6.480 6.538 6.596 6.589 6.577 6.564 6.734 7.101 7.469 7.837 8.204 8.945 8.946 9.320 9.694 10.068 10.442 10.816 11.190 11.564 11.608 11.487 11.851 12.214 12.578 12.941 13.169 13.455 13.456 13.600 13.744 13.876 13.739 13.657 13.587 13.517 13.447 13.378 13.308 13.238 13.098 12.799 12.676 12.294 12.295 12.082 11.869 11.656 11.443 11.231 11.018 10.830 10.645 10.370 9.923 9.475 9.028 8.580 8.133 7.724 7.725 7.278 7.055 6.832 6.690 6.746 6.801 6.856 6.909 6.924 6.939 6.954 6.970 6.985 7.000 7.015 7.016
6.360 6.417 6.473 6.461 6.449 6.436 6.424 6.445 6.812 7.180 7.548 8.289 8.290 8.664 9.038 9.413 9.787 10.161 10.535 10.909 11.283 11.513 11.657 11.800 11.944 12.088 12.232 12.518 12.519 12.663 12.807 12.817 12.679 12.557 12.487 12.417 12.348 12.278 12.208 12.139 12.069 11.999 12.034 11.919 11.920 11.851 11.707 11.494 11.281 11.068 10.856 10.657 10.415 9.967 9.519 9.072 8.624 8.177 7.730 7.283 7.284 6.797 6.574 6.405 6.460 6.515 6.570 6.626 6.681 6.707 6.722 6.737 6.752 6.768 6.783 6.794 6.795
6.239 6.297 6.345 6.333 6.320 6.308 6.296 6.283 6.271 6.523 6.891 7.634 7.635 8.009 8.383 8.757 9.131 9.516 9.907 10.297 10.688 10.660 10.719 10.863 11.007 11.151 11.295 11.581 11.582 11.726 11.870 11.758 11.621 11.484 11.387 11.317 11.248 11.178 11.108 11.039 10.969 10.945 11.041 11.003 11.004 10.935 10.866 10.797 10.728 10.658 10.589 10.459 10.012 9.564 9.116 8.669 8.221 7.774 7.327 6.880 6.881 6.317 6.119 6.174 6.230 6.285 6.340 6.395 6.450 6.490 6.505 6.520 6.535 6.550 6.563 6.560 6.561
5.998 6.056 6.089 6.076 6.064 6.052 6.039 6.027 6.015 6.002 5.996 6.380 6.381 6.772 7.163 7.554 7.944 8.335 8.726 9.117 9.276 9.192 9.108 9.025 9.132 9.276 9.420 9.706 9.707 9.851 9.778 9.641 9.504 9.367 9.229 9.118 9.048 8.978 8.908 8.839 8.864 8.960 9.056 9.172 9.173 9.104 9.035 8.966 8.896 8.882 9.122 9.363 9.162 8.719 8.277 7.835 7.392 6.950 6.508 6.066 6.067 5.603 5.659 5.714 5.769 5.824 5.879 5.935 5.990 6.045 6.071 6.086 6.100 6.098 6.095 6.093 6.094
5.877 5.935 5.961 5.948 5.936 5.923 5.911 5.903 5.898 5.893 5.888 5.789 5.790 6.181 6.572 6.963 7.354 7.745 8.136 8.527 8.542 8.458 8.374 8.291 8.207 8.339 8.482 8.769 8.770 8.857 8.719 8.582 8.445 8.308 8.171 8.034 7.948 7.878 7.808 7.775 7.871 7.967 8.064 8.255 8.256 8.188 8.119 8.050 8.049 8.289 8.530 8.770 8.734 8.291 7.849 7.406 6.964 6.522 6.080 5.638 5.639 5.655 5.642 5.628 5.614 5.600 5.649 5.704 5.759 5.814 5.854 5.869 5.866 5.864 5.861 5.859 5.860
5.760 5.815 5.832 5.820 5.809 5.804 5.800 5.795 5.790 5.785 5.777 5.663 5.664 5.607 5.982 6.373 6.764 7.155 7.546 7.892 7.808 7.724 7.641 7.557 7.473 7.401 7.545 7.831 7.832 7.798 7.661 7.523 7.386 7.249 7.112 6.975 6.848 6.778 6.709 6.783 6.879 6.975 7.071 7.262 7.263 7.273 7.203 7.216 7.457 7.697 7.938 8.178 8.306 7.863 7.421 6.978 6.536 6.094 5.652 5.539 5.541 5.739 5.725 5.711 5.697 5.683 5.670 5.656 5.642 5.628 5.637 5.635 5.632 5.630 5.627 5.625 5.626
5.718 5.720 5.711 5.706 5.701 5.697 5.692 5.687 5.682 5.677 5.659 5.545 5.546 5.489 5.433 5.783 6.174 6.565 6.956 7.158 7.074 6.991 6.907 6.823 6.739 6.656 6.608 6.875 6.876 6.739 6.602 6.465 6.328 6.190 6.053 5.916 5.779 5.678 5.694 5.790 5.886 5.982 6.078 6.270 6.270 6.357 6.383 6.624 6.864 7.105 7.345 7.586 7.826 7.435 6.993 6.550 6.108 5.666 5.477 5.580 5.581 5.786 5.808 5.794 5.780 5.766 5.753 5.739 5.725 5.693 5.531 5.479 5.440 5.400 5.393 5.391 5.392
5.642 5.619 5.607 5.598 5.594 5.589 5.584 5.579 5.574 5.569 5.541 5.426 5.428 5.371 5.314 5.258 5.584 5.975 6.365 6.424 6.340 6.257 6.173 6.089 6.005 5.922 5.838 5.817 5.818 5.681 5.543 5.406 5.269 5.132 4.995 4.891 4.833 4.776 4.885 5.012 5.139 5.266 5.393 5.646 5.647 5.774 5.809 6.032 6.272 6.513 6.753 6.994 7.234 7.007 6.565 6.122 5.680 5.415 5.518 5.621 5.622 5.827 5.891 5.877 5.863 5.849 5.836 5.822 5.763 5.602 5.440 5.371 5.331 5.292 5.252 5.212 5.214
5.538 5.515 5.504 5.495 5.486 5.481 5.476 5.471 5.466 5.461 5.422 5.308 5.309 5.253 5.196 5.140 5.083 5.384 5.774 5.690 5.606 5.523 5.439 5.355 5.272 5.198 5.233 5.238 5.239 5.180 5.122 5.063 5.004 4.945 4.886 4.828 4.769 4.721 4.698 4.825 4.952 5.079 5.206 5.459 5.460 5.562 5.594 5.627 5.680 5.920 6.161 6.401 6.642 6.579 6.137 5.694 5.353 5.456 5.559 5.662 5.663 5.867 5.970 5.960 5.946 5.933 5.919 5.834 5.672 5.511 5.349 5.263 5.223 5.184 5.144 5.104 5.105
5.435 5.412 5.403 5.393 5.384 5.374 5.368 5.363 5.358 5.353 5.304 5.190 5.191 5.135 5.078 5.021 4.965 4.908 5.040 4.957 4.945 4.980 5.015 5.050 5.085 5.120 5.155 5.160 5.161 5.117 5.058 4.999 4.940 4.882 4.823 4.764 4.706 4.666 4.626 4.638 4.765 4.893 5.020 5.272 5.273 5.347 5.380 5.412 5.444 5.476 5.569 5.809 6.050 6.151 5.709 5.291 5.394 5.497 5.600 5.702 5.703 5.908 6.011 6.043 6.030 6.016 5.905 5.743 5.581 5.420 5.258 5.155 5.115 5.075 5.036 4.996 4.997
5.331 5.310 5.300 5.291 5.282 5.272 5.263 5.255 5.250 5.243 5.186 5.072 5.073 5.016 4.960 4.904 4.863 4.822 4.805 4.833 4.868 4.903 4.938 4.973 5.008 5.043 5.078 5.063 5.064 5.049 4.994 4.936 4.877 4.818 4.759 4.701 4.651 4.611 4.570 4.530 4.579 4.706 4.833 5.086 5.087 5.133 5.165 5.197 5.230 5.262 5.294 5.326 5.457 5.698 5.281 5.332 5.435 5.537 5.640 5.743 5.744 5.949 6.052 6.127 6.113 5.976 5.814 5.652 5.490 5.329 5.167 5.047 5.007 4.967 4.928 4.888 4.889
5.228 5.208 5.198 5.189 5.180 5.170 5.161 5.151 5.142 5.124 5.068 4.969 4.970 4.929 4.887 4.846 4.805 4.764 4.760 4.759 4.790 4.825 4.860 4.895 4.930 4.965 4.996 4.966 4.967 4.952 4.931 4.872 4.813 4.755 4.696 4.637 4.595 4.555 4.515 4.475 4.435 4.519 4.646 4.885 4.886 4.918 4.950 4.983 5.015 5.047 5.079 5.112 5.144 5.176 5.259 5.360 5.462 5.563 5.665 5.766 5.767 5.969 6.071 6.172 6.047 5.885 5.723 5.561 5.399 5.238 5.076 4.938 4.899 4.859 4.819 4.780 4.781
5.124 5.106 5.096 5.087 5.078 5.068 5.059 5.049 5.050 5.036 4.994 4.911 4.912 4.871 4.830 4.788 4.747 4.715 4.715 4.714 4.714 4.747 4.782 4.817 4.852 4.887 4.899 4.869 4.870 4.855 4.840 4.809 4.750 4.691 4.632 4.580 4.540 4.500 4.460 4.420 4.380 4.340 4.459 4.670 4.671 4.703 4.736 4.768 4.800 4.833 4.865 4.937 5.011 5.082 5.060 5.141 5.242 5.344 5.445 5.547 5.548 5.749 5.851 5.915 5.866 5.794 5.632 5.470 5.308 5.147 4.985 4.830 4.791 4.751 4.711 4.672 4.673
5.021 5.004 4.994 4.985 4.976 4.967 4.983 4.999 5.016 4.987 4.937 4.853 4.854 4.813 4.772 4.731 4.689 4.670 4.670 4.669 4.668 4.669 4.704 4.739 4.774 4.809 4.802 4.772 4.773 4.758 4.743 4.728 4.686 4.628 4.569 4.525 4.485 4.445 4.405 4.365 4.325 4.284 4.272 4.455 4.457 4.489 4.521 4.555 4.629 4.704 4.778 4.853 4.927 4.970 4.948 4.926 5.022 5.124 5.225 5.327 5.328 5.530 5.631 5.649 5.599 5.550 5.500 5.379 5.217 5.056 4.894 4.732 4.682 4.643 4.603 4.564 4.565
4.918 4.902 4.892 4.899 4.916 4.932 4.948 4.965 4.981 4.939 4.888 4.795 4.796 4.755 4.714 4.673 4.631 4.625 4.624 4.624 4.623 4.623 4.626 4.662 4.697 4.720 4.705 4.675 4.676 4.661 4.646 4.631 4.616 4.564 4.510 4.470 4.430 4.390 4.350 4.309 4.269 4.229 4.189 4.246 4.247 4.322 4.396 4.471 4.545 4.620 4.694 4.769 4.843 4.858 4.835 4.813 4.803 4.904 5.006 5.107 5.108 5.310 5.411 5.382 5.332 5.283 5.234 5.184 5.126 4.965 4.803 4.641 4.574 4.535 4.497 4.507 4.508
4.842 4.832 4.848 4.865 4.881 4.897 4.914 4.930 4.942 4.891 4.840 4.737 4.738 4.697 4.656 4.615 4.580 4.580 4.579 4.579 4.578 4.578 4.577 4.584 4.619 4.623 4.608 4.577 4.578 4.564 4.549 4.534 4.520 4.501 4.455 4.415 4.375 4.338 4.303 4.267 4.232 4.196 4.160 4.162 4.163 4.238 4.312 4.387 4.461 4.536 4.610 4.685 4.759 4.745 4.723 4.701 4.679 4.684 4.786 4.887 4.888 5.090 5.165 5.115 5.066 5.016 4.967 4.917 4.868 4.819 4.712 4.551 4.466 4.431 4.440 4.450 4.451
4.842 4.832 4.848 4.865 4.881 4.897 4.914 4.930 4.942 4.891 4.840 4.737 4.738 4.697 4.656 4.615 4.580 4.580 4.579 4.579 4.578 4.578 4.577 4.584 4.619 4.623 4.608 4.578 4.579 4.564 4.549 4.534 4.520 4.501 4.455 4.415 4.375 4.338 4.303 4.267 4.232 4.196 4.161 4.162 4.163 4.238 4.312 4.387 4.461 4.536 4.610 4.685 4.759 4.745 4.723 4.701 4.679 4.684 4.786 4.887 4.888 5.090 5.164 5.115 5.065 5.016 4.967 4.917 4.868 4.819 4.712 4.551 4.466 4.431 4.440 4.449 4.450
4.845 4.829 4.822 4.830 4.846 4.863 4.879 4.896 4.893 4.842 4.791 4.688 4.690 4.639 4.598 4.557 4.535 4.535 4.534 4.534 4.533 4.532 4.532 4.531 4.540 4.526 4.511 4.492 4.493 4.484 4.475 4.466 4.457 4.450 4.435 4.400 4.364 4.328 4.293 4.257 4.222 4.186 4.151 4.123 4.124 4.154 4.228 4.303 4.377 4.452 4.526 4.601 4.655 4.633 4.611 4.589 4.566 4.544 4.566 4.667 4.668 4.870 4.898 4.848 4.799 4.749 4.700 4.651 4.602 4.552 4.503 4.454 4.364 4.374 4.383 4.392 4.393
4.848 4.832 4.824 4.817 4.812 4.828 4.845 4.861 4.845 4.794 4.743 4.640 4.641 4.590 4.540 4.499 4.490 4.489 4.489 4.488 4.488 4.488 4.489 4.489 4.488 4.481 4.472 4.453 4.454 4.445 4.437 4.428 4.419 4.419 4.421 4.390 4.354 4.319 4.283 4.247 4.212 4.176 4.146 4.123 4.124 4.113 4.144 4.219 4.293 4.368 4.442 4.517 4.543 4.521 4.498 4.476 4.454 4.432 4.410 4.448 4.449 4.650 4.631 4.582 4.532 4.483 4.434 4.384 4.335 4.286 4.298 4.309 4.339 4.341 4.342 4.344 4.345
4.855 4.837 4.830 4.822 4.815 4.807 4.799 4.792 4.750 4.704 4.657 4.564 4.565 4.519 4.472 4.432 4.405 4.406 4.406 4.406 4.407 4.407 4.408 4.408 4.403 4.399 4.394 4.377 4.378 4.369 4.360 4.351 4.353 4.355 4.357 4.359 4.334 4.299 4.263 4.228 4.192 4.158 4.147 4.123 4.124 4.113 4.101 4.090 4.125 4.200 4.274 4.340 4.318 4.296 4.274 4.251 4.229 4.207 4.185 4.163 4.164 4.147 4.127 4.139 4.150 4.162 4.173 4.185 4.197 4.208 4.220 4.247 4.286 4.326 4.330 4.332 4.332
4.859 4.840 4.832 4.825 4.817 4.810 4.798 4.773 4.737 4.691 4.645 4.551 4.552 4.506 4.459 4.425 4.391 4.365 4.366 4.366 4.366 4.367 4.367 4.366 4.362 4.357 4.352 4.339 4.340 4.331 4.322 4.319 4.321 4.323 4.325 4.327 4.325 4.289 4.253 4.218 4.182 4.158 4.147 4.123 4.124 4.113 4.102 4.090 4.079 4.116 4.190 4.228 4.206 4.183 4.161 4.139 4.117 4.095 4.085 4.085 4.086 4.079 4.088 4.100 4.112 4.123 4.135 4.146 4.158 4.170 4.181 4.219 4.259 4.299 4.323 4.325 4.326
4.862 4.843 4.835 4.828 4.820 4.801 4.776 4.750 4.724 4.678 4.632 4.538 4.539 4.493 4.451 4.417 4.383 4.349 4.325 4.326 4.326 4.326 4.327 4.324 4.320 4.315 4.310 4.300 4.301 4.293 4.285 4.287 4.289 4.291 4.293 4.295 4.297 4.279 4.244 4.208 4.172 4.159 4.147 4.124 4.125 4.113 4.102 4.090 4.079 4.068 4.106 4.116 4.093 4.071 4.067 4.066 4.066 4.065 4.065 4.064 4.065 4.057 4.050 4.061 4.073 4.085 4.096 4.108 4.119 4.131 4.152 4.192 4.231 4.271 4.311 4.319 4.320
