includes/lisflood/camargue/results_R3_t1.561734058371E12/res.max
ncols         906
nrows         631
xllcorner     362177.146667
yllcorner     6534725.688020
cellsize      20.000000
NODATA_value  -9999.000000
[rows 340 to 373 of 631, columns 693 to 769 of 906]
1.525 1.425 0.495 0.804 0.614 0.434 0.064 0.000 0.000 0.000 0.000 0.000 0.000 0.000 0.000 0.000 0.000 0.000 0.000 0.000 0.000 0.000 0.000 0.000 0.000 0.000 0.000 0.000 0.000 0.000 0.000 0.000 0.000 0.000 0.000 0.000 0.000 0.000 0.000 0.000 0.000 0.000 0.000 0.000 0.000 0.000 0.000 0.000 0.000 0.411 0.131 0.361 0.701 0.521 0.231 0.000 0.331 0.331 0.501 0.531 0.551 0.281 0.601 0.641 0.741 0.611 0.561 0.721 0.791 0.651 0.631 0.461 0.000 0.000 0.601 0.671 0.621
1.595 0.425 0.715 0.734 0.694 1.044 0.814 0.343 0.343 0.522 0.702 0.000 0.000 0.000 0.000 0.000 0.000 0.000 0.000 0.000 0.000 0.000 0.000 0.000 0.000 0.000 0.000 0.000 0.000 0.000 0.000 0.000 0.000 0.000 0.000 0.000 0.000 0.000 0.000 0.000 0.000 0.000 0.000 0.000 0.000 0.000 0.000 0.000 0.000 0.000 0.000 0.000 0.000 0.001 0.451 0.621 0.121 0.121 0.401 0.521 0.631 0.521 0.811 0.461 0.671 0.511 0.681 0.561 0.571 0.641 0.691 0.561 0.000 0.000 0.351 0.651 0.461
0.675 0.825 0.815 0.764 0.754 0.904 0.514 0.683 0.683 0.782 0.862 0.000 0.000 0.180 0.000 0.000 0.000 0.000 0.000 0.000 0.000 0.000 0.000 0.000 0.000 0.000 0.000 0.000 0.000 0.000 0.000 0.000 0.000 0.000 0.000 0.000 0.000 0.000 0.000 0.000 0.000 0.000 0.000 0.000 0.000 0.000 0.000 0.000 0.000 0.091 0.391 0.511 0.401 0.411 0.501 0.621 0.781 0.781 0.371 0.591 0.431 0.561 0.061 0.561 0.441 0.551 0.541 0.561 0.721 0.641 0.511 0.311 0.171 0.171 0.801 0.000 0.931
1.495 0.885 0.715 0.734 0.844 1.514 0.603 0.513 0.513 0.822 1.222 0.244 0.000 1.700 0.000 0.000 0.521 0.381 0.191 0.000 0.231 0.241 0.000 0.000 0.000 0.000 0.000 0.000 0.091 0.000 0.000 0.000 0.081 0.000 0.000 0.161 0.011 0.000 0.000 0.000 0.000 0.000 0.191 0.581 0.261 0.221 0.000 0.000 0.051 0.561 0.391 0.571 0.521 0.481 0.671 0.611 0.371 0.371 0.391 0.441 0.741 0.551 0.461 0.171 0.371 0.561 0.571 0.531 0.511 0.561 0.271 0.641 0.000 0.000 0.761 0.000 0.851
0.835 0.000 0.804 0.694 0.784 0.774 0.653 0.793 0.792 0.812 1.152 0.261 0.437 1.450 0.295 0.000 0.541 0.551 0.691 0.661 0.761 0.771 0.821 0.821 0.821 0.631 0.391 0.821 0.771 0.661 0.681 0.781 0.671 0.781 0.671 0.741 0.671 0.391 0.711 0.261 0.261 0.091 0.521 0.451 0.531 0.621 0.691 0.681 0.000 0.651 0.701 0.541 0.631 0.521 0.801 0.661 0.501 0.501 0.000 0.481 0.521 0.621 0.501 0.241 0.721 0.551 0.651 0.831 0.211 0.001 0.361 0.571 0.411 0.411 0.000 0.501 0.541
0.925 0.205 0.000 2.094 1.484 0.000 0.673 0.643 0.642 0.972 0.702 0.000 2.687 0.000 0.216 0.481 0.591 0.661 0.661 0.751 0.931 0.861 0.821 0.931 0.931 0.881 0.471 0.901 0.681 0.751 0.741 0.871 0.851 0.831 0.851 0.901 0.661 1.221 0.811 0.641 0.641 0.761 0.551 0.581 0.761 0.801 0.711 0.711 0.051 0.591 0.651 0.671 0.621 0.501 0.911 0.641 0.541 0.541 0.000 0.451 0.501 0.621 0.491 0.341 0.111 0.381 0.451 0.401 0.561 0.591 0.161 0.621 0.000 0.000 0.591 0.211 0.271
0.815 0.885 0.785 0.835 0.814 0.484 0.000 2.182 2.182 0.000 0.000 0.000 0.237 1.957 0.000 0.691 0.761 0.691 0.731 0.681 1.081 0.881 0.911 0.831 0.831 0.781 0.661 0.741 0.711 0.741 0.801 0.791 0.881 0.981 0.901 1.251 0.901 1.181 0.761 0.801 0.801 0.941 0.811 0.691 0.941 0.691 0.651 0.671 0.181 0.691 0.601 0.611 0.631 0.541 0.761 0.671 0.641 0.641 0.961 0.441 0.661 0.381 0.581 0.441 0.431 0.341 0.481 0.401 0.581 0.691 0.641 0.401 0.000 0.000 0.671 0.241 0.341
0.815 0.885 0.785 0.835 0.814 0.484 0.000 2.182 2.182 0.000 0.000 0.000 0.237 1.957 0.000 0.691 0.761 0.691 0.731 0.681 1.081 0.881 0.911 0.831 0.831 0.781 0.661 0.741 0.711 0.741 0.801 0.791 0.881 0.981 0.901 1.251 0.901 1.181 0.761 0.801 0.801 0.941 0.811 0.691 0.941 0.691 0.651 0.671 0.181 0.691 0.601 0.611 0.631 0.541 0.761 0.671 0.641 0.641 0.961 0.441 0.661 0.381 0.581 0.441 0.431 0.341 0.481 0.401 0.581 0.691 0.641 0.401 0.000 0.000 0.671 0.241 0.341
0.805 0.945 0.785 0.785 0.894 1.883 1.933 1.842 1.842 0.533 0.000 1.466 0.000 0.000 0.000 0.491 0.731 0.741 0.681 0.661 1.211 0.841 0.821 0.761 0.761 0.511 0.371 0.851 0.721 0.841 0.791 0.831 0.891 0.841 0.931 1.211 0.771 0.911 0.821 0.981 0.981 0.691 0.711 0.641 0.731 0.581 0.661 0.701 0.251 0.661 0.511 0.621 0.691 0.701 0.631 0.701 0.701 0.701 0.571 0.491 0.571 0.571 0.541 0.581 0.591 0.431 0.591 0.561 0.591 0.641 0.511 0.781 0.871 0.871 0.551 0.431 0.511
0.775 0.855 0.755 1.055 0.624 0.704 0.753 1.042 1.041 1.903 0.845 2.128 0.000 0.000 0.000 0.701 0.621 0.651 0.591 0.591 1.361 0.741 0.781 0.731 0.731 0.621 0.501 0.661 0.841 0.841 0.801 0.821 0.891 0.861 0.751 0.771 0.721 0.821 0.671 0.711 0.711 0.541 0.591 0.571 0.711 0.711 0.631 0.701 0.271 0.741 0.681 0.681 0.801 1.071 0.521 0.691 0.721 0.721 0.731 0.471 0.491 0.561 0.641 0.571 0.491 0.351 0.511 0.541 0.691 0.000 1.031 0.000 0.951 0.951 0.461 0.531 0.541
0.865 0.875 0.875 1.015 0.925 1.094 1.624 1.334 1.333 0.215 0.282 0.824 0.654 0.000 0.000 0.581 0.691 0.651 0.821 0.631 1.511 0.731 0.881 0.691 0.691 0.281 0.611 0.671 0.881 0.781 0.801 0.741 0.891 0.731 0.721 0.751 0.781 0.611 0.631 0.741 0.741 0.661 0.541 0.601 0.661 0.751 0.551 0.581 0.361 0.861 0.731 0.741 0.801 1.011 0.581 0.671 0.721 0.721 0.811 0.591 0.671 0.441 0.601 0.641 0.721 0.631 0.561 0.901 0.000 0.881 0.531 0.851 0.651 0.651 0.541 0.591 0.481
0.796 0.585 0.945 0.875 1.625 1.494 1.854 1.264 1.264 0.221 0.000 1.538 0.000 0.000 0.000 0.000 0.671 0.691 0.631 0.591 1.321 0.691 0.651 0.731 0.731 0.691 0.771 0.861 0.851 0.891 0.801 0.661 0.801 0.711 0.651 0.581 0.741 0.721 0.541 0.601 0.601 0.541 0.631 0.701 0.561 0.931 0.801 0.571 0.371 0.651 0.761 0.801 0.781 0.861 0.561 0.611 0.721 0.721 0.741 0.691 0.361 0.701 0.711 0.791 0.621 0.591 0.000 0.851 0.000 0.731 0.451 0.421 0.501 0.501 0.341 0.391 0.371
0.486 0.616 0.586 0.676 0.756 0.675 0.955 1.235 1.235 0.435 0.000 2.589 0.000 0.000 0.035 0.000 0.261 0.661 0.651 0.681 1.021 0.651 0.741 0.401 0.401 0.491 1.051 0.941 1.241 0.651 0.811 0.701 0.761 0.691 0.631 0.361 0.701 0.591 0.541 0.611 0.611 0.561 0.591 0.701 0.971 0.661 0.611 0.691 0.311 0.811 0.741 0.701 0.711 0.571 0.651 0.631 0.821 0.821 0.891 0.781 0.181 0.441 0.801 0.621 0.841 0.501 0.000 0.000 0.821 0.801 0.321 0.000 0.000 0.000 0.341 0.581 0.281
1.889 0.697 0.667 0.707 1.047 0.837 1.407 0.716 0.716 0.476 0.000 2.216 0.000 0.000 1.296 0.001 0.000 0.641 0.641 0.701 0.751 0.651 0.361 0.551 0.551 0.861 1.271 0.901 1.261 0.641 0.721 0.801 0.791 0.671 0.711 0.501 0.781 0.571 0.561 0.571 0.571 0.491 0.621 1.031 0.571 0.661 0.741 0.741 0.541 0.721 0.671 0.721 0.741 0.691 0.641 0.721 0.701 0.701 0.741 0.731 0.571 0.541 0.531 0.661 0.651 0.461 0.000 0.000 0.861 0.911 0.081 0.061 0.071 0.071 0.491 0.491 0.441
0.578 0.094 0.220 1.698 1.588 1.348 0.968 0.718 0.718 0.087 0.000 2.563 0.000 0.000 1.286 1.266 0.035 0.000 0.621 0.691 0.671 0.821 0.311 0.531 0.531 0.831 1.401 1.041 1.161 0.821 0.741 0.761 0.751 0.691 0.761 0.501 0.651 0.631 0.481 0.581 0.581 0.491 0.441 0.741 0.531 0.601 0.821 0.811 0.621 0.681 0.831 0.781 0.721 0.611 0.731 0.791 0.761 0.761 0.761 0.731 0.571 0.611 0.761 0.681 0.661 0.631 0.000 0.000 0.691 0.621 0.000 0.301 0.481 0.481 0.641 0.541 0.481
0.689 0.708 0.715 0.682 0.770 0.760 0.669 0.759 0.759 0.000 0.000 1.433 0.000 1.470 0.947 1.075 1.223 0.191 0.000 0.331 0.681 0.711 0.471 0.471 0.471 0.721 1.011 0.991 0.981 0.781 0.721 0.851 0.731 0.701 0.781 0.441 0.651 0.711 0.691 0.481 0.481 1.051 0.211 0.581 0.691 0.671 0.761 0.671 0.561 0.791 0.731 0.721 0.811 0.671 0.691 0.871 0.801 0.801 0.821 0.851 0.641 0.421 0.651 0.571 0.621 0.551 0.000 0.641 0.841 0.311 0.591 0.421 0.671 0.671 0.571 0.501 0.371
0.000 0.548 0.566 0.724 0.682 0.671 0.601 0.620 0.620 0.000 0.000 1.436 2.199 1.411 1.247 0.724 0.951 1.178 0.423 0.000 0.561 0.631 0.631 0.581 0.581 0.871 0.931 0.891 0.911 0.921 0.881 0.791 0.751 0.701 0.711 0.391 0.681 0.771 0.671 0.721 0.721 0.611 0.391 0.661 0.721 0.681 0.681 0.671 0.641 0.741 0.761 0.761 0.861 0.691 0.641 0.791 0.811 0.811 0.711 0.781 0.761 0.061 0.721 0.591 0.571 0.000 0.000 0.000 0.541 0.691 0.631 0.471 0.121 0.121 0.000 0.471 0.301
0.541 0.681 0.628 0.735 0.734 0.643 0.662 0.791 0.791 0.000 1.698 0.305 0.000 1.418 0.916 1.252 1.320 0.735 0.997 0.374 0.265 0.481 0.631 0.531 0.531 0.811 0.941 0.781 0.831 0.871 0.851 0.771 0.711 0.821 0.831 0.591 0.851 0.801 0.711 0.451 0.451 0.621 0.531 0.741 0.811 0.741 0.661 0.581 0.741 0.741 0.931 0.921 0.831 0.701 0.641 1.171 0.771 0.771 0.731 0.711 0.801 0.071 0.591 0.000 0.000 0.000 0.000 0.741 0.221 0.631 0.561 0.571 0.561 0.561 0.000 0.511 0.000
0.664 0.248 0.591 0.727 0.855 0.814 0.753 0.821 0.821 0.124 1.712 0.381 0.000 1.446 1.285 1.061 1.008 1.094 0.703 0.989 0.674 1.016 1.201 0.961 0.961 1.011 0.911 0.811 0.881 0.901 0.901 0.761 0.801 0.851 0.921 0.641 0.701 0.811 0.661 0.771 0.771 0.691 0.651 0.711 0.781 0.671 0.631 0.701 0.781 0.751 1.081 0.751 0.801 0.781 0.681 0.821 0.991 0.991 0.791 0.741 0.761 0.661 0.000 0.000 0.000 0.000 0.781 0.881 0.491 0.731 0.561 0.491 0.591 0.591 0.421 0.000 0.000
0.766 0.756 0.544 0.371 0.298 0.316 0.282 0.235 0.228 2.994 0.748 0.270 0.000 1.216 0.834 1.161 0.978 1.012 1.193 0.854 1.030 0.573 0.192 0.601 0.601 1.011 0.901 0.771 0.871 0.851 0.951 0.841 0.791 0.861 0.861 0.701 0.731 0.881 0.991 0.811 0.811 0.721 0.581 0.811 0.861 0.761 0.631 0.851 0.791 0.851 0.911 0.801 0.711 0.771 0.731 0.771 0.861 0.861 0.921 0.791 0.851 0.691 0.571 0.000 0.000 0.701 0.711 0.811 0.651 0.621 0.451 0.461 0.000 0.000 0.000 0.000 0.000
0.422 0.592 0.592 0.642 0.501 0.528 0.703 0.738 0.727 1.775 0.125 0.217 0.997 1.366 0.474 0.970 1.177 0.782 0.893 1.194 0.649 0.479 0.000 0.000 0.000 0.891 0.891 0.871 0.841 0.901 0.981 0.871 0.861 0.971 0.901 0.771 0.761 0.701 0.461 0.701 0.701 0.741 0.641 0.711 0.791 0.811 0.701 0.741 0.861 0.821 0.981 0.921 0.811 0.801 0.691 0.691 0.711 0.711 1.031 0.711 0.701 0.701 0.091 0.000 0.000 0.000 0.951 0.751 0.051 0.591 0.491 0.851 0.311 0.311 0.000 0.000 0.000
0.969 0.709 0.799 0.688 0.586 0.694 0.853 0.000 0.000 0.165 0.160 0.050 1.556 1.086 0.594 0.641 0.887 0.953 0.546 0.928 1.238 0.000 0.881 0.000 0.000 1.101 0.811 0.761 0.861 0.811 0.981 0.911 0.941 0.891 0.941 0.781 0.731 0.791 0.511 0.791 0.791 0.781 0.631 0.751 0.771 0.841 0.721 0.791 0.771 0.771 0.781 0.901 0.741 0.831 0.761 0.611 0.701 0.701 0.961 0.691 0.691 0.731 0.000 0.000 0.000 0.000 0.971 0.000 0.000 0.541 0.521 0.811 0.000 0.000 0.000 0.000 0.000
1.006 0.876 0.885 0.735 0.634 0.570 0.788 0.000 0.000 0.818 0.340 0.000 1.376 1.016 0.914 0.932 0.537 0.812 1.070 0.514 1.082 0.000 1.301 1.181 1.181 0.000 0.151 0.551 0.871 0.931 0.991 1.031 1.011 0.871 0.761 0.821 0.751 0.541 0.471 0.931 0.931 0.811 0.741 0.861 0.811 0.871 0.931 0.901 0.731 0.851 0.891 0.821 0.831 0.851 1.001 0.741 0.641 0.641 0.751 0.781 0.731 0.000 0.000 0.251 0.591 0.071 0.431 0.381 0.000 0.541 0.000 0.000 0.000 0.000 0.000 0.000 0.000
1.012 0.882 0.891 0.741 0.641 0.576 0.790 0.000 0.000 0.820 0.340 0.000 1.376 1.016 0.914 0.932 0.537 0.812 1.070 0.516 1.084 0.000 1.301 1.181 1.181 0.000 0.151 0.551 0.871 0.931 0.991 1.031 1.011 0.871 0.761 0.821 0.751 0.541 0.471 0.931 0.931 0.811 0.741 0.861 0.811 0.871 0.931 0.901 0.731 0.851 0.891 0.821 0.831 0.851 1.001 0.741 0.641 0.641 0.751 0.781 0.731 0.000 0.000 0.251 0.591 0.071 0.431 0.381 0.000 0.541 0.000 0.000 0.000 0.000 0.000 1.065 2.295
0.863 0.973 0.613 0.595 0.777 0.417 0.000 2.067 2.067 0.440 0.491 0.340 0.726 0.968 1.185 0.791 0.626 0.703 0.610 1.158 0.767 0.000 1.181 0.161 0.161 0.131 0.131 0.000 0.911 0.861 0.821 1.001 0.861 0.781 0.711 0.841 0.721 0.501 0.571 0.761 0.761 0.681 0.711 0.861 0.821 0.791 0.981 0.751 0.801 0.821 0.851 0.851 0.931 0.841 1.031 0.701 0.151 0.151 0.000 0.000 0.000 0.000 0.000 0.000 0.000 0.000 0.351 0.000 0.631 1.031 0.000 0.000 0.000 0.000 1.243 2.574 3.294
1.033 0.754 0.509 0.790 0.780 0.941 0.442 2.085 2.085 0.303 0.060 0.152 0.215 0.920 1.025 1.200 0.886 0.843 0.870 0.818 1.627 0.000 1.311 0.091 0.091 0.441 1.231 0.421 0.000 1.261 0.861 0.801 0.931 0.881 0.791 0.851 0.651 0.571 0.561 0.811 0.811 0.771 0.891 1.021 0.911 0.751 0.941 0.521 0.741 0.931 0.851 0.771 0.791 0.971 0.000 0.000 0.000 0.000 0.000 0.000 0.000 0.000 0.000 0.000 0.000 0.000 0.000 0.281 0.371 0.221 0.000 0.000 0.000 1.572 2.782 3.363 3.453
0.436 0.566 0.743 0.715 0.056 0.178 2.207 0.328 0.323 0.533 0.502 0.229 0.290 0.301 0.146 1.039 0.936 1.073 0.520 1.268 0.000 1.311 1.401 0.321 0.321 1.281 1.271 1.181 1.181 0.961 0.561 0.000 1.061 0.781 0.781 1.061 0.621 0.951 0.821 0.871 0.871 0.951 1.081 0.851 0.581 0.541 0.961 0.000 0.000 0.000 0.000 0.000 0.000 0.000 0.000 0.000 0.000 0.000 0.000 0.000 0.000 0.000 0.000 0.000 0.000 0.000 0.000 0.000 0.000 0.000 0.000 2.020 3.381 3.381 3.531 3.562 3.702
0.651 0.711 0.591 0.144 0.000 2.244 2.226 3.144 3.143 3.202 1.244 0.414 0.426 0.375 0.253 0.050 0.834 0.952 1.159 0.776 0.000 1.181 1.341 0.351 0.351 1.211 1.091 1.261 0.461 1.081 1.011 0.941 0.901 0.761 0.000 0.000 0.831 1.061 0.941 0.681 0.681 0.691 0.821 0.371 0.000 0.000 0.000 0.000 0.000 0.000 0.000 0.000 0.000 0.000 0.000 0.000 0.000 0.000 0.000 0.000 0.000 0.000 0.000 0.000 0.000 0.000 0.000 0.000 0.000 0.000 2.219 3.169 3.460 3.460 3.450 3.681 3.651
0.972 0.664 0.531 0.231 1.718 2.272 0.607 0.252 0.249 0.849 0.284 2.993 0.269 1.948 0.336 0.178 0.101 0.672 0.857 1.329 0.000 1.231 0.231 0.871 0.871 1.291 0.381 1.201 0.621 1.031 0.901 0.851 0.871 0.901 0.971 1.051 1.041 1.111 0.501 0.000 0.000 0.000 0.000 0.000 0.000 0.000 0.000 0.000 0.000 0.000 0.000 0.000 0.000 0.000 0.000 0.000 0.000 0.000 0.000 0.000 0.000 0.000 0.000 0.000 0.000 0.000 0.000 0.000 0.000 2.318 3.238 3.408 3.479 3.479 3.669 3.589 3.660
0.597 0.925 0.789 0.000 2.364 0.821 0.000 1.046 1.046 0.407 0.000 1.103 2.371 0.620 0.151 0.142 0.112 0.154 0.000 1.354 0.453 1.291 0.371 1.021 1.021 1.401 0.461 1.351 0.641 0.991 0.901 0.941 0.911 0.981 1.101 0.941 1.061 0.961 0.000 0.031 0.031 0.000 0.000 0.000 0.000 0.000 0.000 0.000 0.000 0.000 0.000 0.000 0.000 0.000 0.000 0.000 0.000 0.000 0.000 0.000 0.000 0.000 0.000 0.000 0.000 0.000 0.000 0.000 2.667 3.237 3.377 3.398 3.458 3.458 3.638 3.708 3.689
0.572 0.915 0.771 2.406 3.403 0.227 0.350 0.886 0.885 0.300 0.639 0.680 0.616 0.211 2.180 0.131 0.821 0.137 0.181 0.048 0.000 0.921 1.331 1.211 1.211 1.191 1.041 1.191 1.021 1.201 0.521 0.951 0.891 1.021 1.041 0.731 0.000 2.111 1.741 1.831 1.831 0.000 0.000 0.000 1.241 1.711 1.941 1.641 0.000 0.000 0.000 0.000 0.000 0.000 0.000 0.000 0.000 0.000 0.000 0.000 0.000 0.000 0.000 0.000 0.000 0.000 0.000 2.826 3.416 3.396 3.576 3.667 3.637 3.637 3.657 3.817 3.748
0.804 0.810 0.000 2.359 0.914 0.495 0.180 0.616 0.611 1.519 0.631 0.673 0.777 0.692 0.230 0.129 2.911 1.761 0.111 2.201 2.331 0.861 1.711 2.231 2.231 0.141 0.000 0.000 0.000 0.000 0.000 0.000 0.000 0.000 0.000 0.000 0.831 0.221 0.121 0.351 0.351 0.441 0.631 0.681 0.661 0.611 0.531 0.000 0.000 0.000 0.000 0.000 0.000 0.000 0.000 0.000 0.000 0.000 0.000 0.000 0.000 0.000 0.000 0.000 0.000 0.000 2.984 3.315 3.485 3.655 3.695 3.636 3.706 3.706 3.766 3.686 3.647
0.919 0.868 2.409 2.371 0.459 0.751 0.561 0.244 0.222 0.465 0.721 0.784 0.658 0.591 0.533 0.428 0.188 0.231 0.303 0.174 0.086 0.001 0.000 0.000 0.000 1.411 0.000 0.000 0.000 0.000 0.000 0.000 0.000 0.000 0.000 0.000 0.000 0.000 0.000 0.541 0.541 0.621 0.701 0.591 0.581 0.041 0.000 0.000 0.000 0.000 0.000 0.000 0.000 0.000 0.000 0.000 0.000 0.000 0.000 0.000 0.000 0.000 0.000 0.000 0.000 3.183 3.344 3.444 3.414 3.584 3.714 3.735 3.855 3.855 3.705 3.675 3.806
0.859 0.070 2.511 0.893 0.184 1.624 1.030 0.375 0.352 0.666 0.663 0.635 0.628 0.671 0.403 0.547 0.297 0.446 0.324 0.011 0.000 0.000 0.000 0.000 0.000 0.000 0.000 0.000 0.000 0.000 0.000 0.000 0.000 0.000 0.000 0.000 0.000 0.000 0.000 0.421 0.421 0.641 0.701 0.591 0.000 0.011 0.000 0.000 0.000 0.000 0.000 0.000 0.000 0.000 0.000 0.000 0.000 0.000 0.000 0.000 0.000 0.000 0.000 0.000 3.392 3.362 3.483 3.543 3.603 3.623 3.693 3.664 3.844 3.844 3.774 3.854 3.934
