dist_id,district_code,district_name,num_round,budget,received_tax,popul,N_area,U_area,Udense_area,AU_area,A_area,Us_area,Usdense_area,AUs_area,last(length_dikes_all),last(length_dikes_good),last(length_dikes_medium),last(length_dikes_bad),last(mean_alt_all_dikes),last(mean_alt_dikes_good),last(mean_alt_dikes_medium),last(mean_alt_dikes_bad),last(min_alt_all_dikes),last(min_alt_dikes_good),last(min_alt_dikes_medium),last(min_alt_dikes_bad),last(length_dunes_all),last(length_dunes_good),last(length_dunes_medium),last(length_dunes_bad),last(mean_alt_all_dunes),last(mean_alt_dunes_good),last(mean_alt_dunes_medium),last(mean_alt_dunes_bad),last(min_alt_all_dunes),last(min_alt_dunes_good),last(min_alt_dunes_medium),last(min_alt_dunes_bad),actions_cost,given_money,taken_money,transferred_money,levers_costs
2,84411,com-A,0,18390,0,20434,767.7975116867859,315.9186532142636,175.0043343785165,0.0,1136.2903140694525,0.0,0.0,0.0,3161.5296539252695,3161.5296539252695,0.0,0.0,17.310344827586206,17.310344827586206,0.0,0.0,17.310344827586206,17.310344827586206,0.0,0.0,0.0,0.0,0.0,0.0,0.0,0.0,0.0,0.0,0.0,0.0,0.0,0.0,0,0,0,0,0
2,84411,com-A,1,36783,18393,20437,767.7975116867859,315.9186532142636,175.0043343785165,0.0,1136.2903140694525,0.0,0.0,0.0,3161.5296539252695,3161.5296539252695,0.0,0.0,17.310344827586206,17.310344827586206,0.0,0.0,17.310344827586206,17.310344827586206,0.0,0.0,0.0,0.0,0.0,0.0,0.0,0.0,0.0,0.0,0.0,0.0,0.0,0.0,0,0,0,0,0
2,84411,com-A,2,55179,18396,20440,767.7975116867859,315.9186532142636,175.0043343785165,0.0,1136.2903140694525,0.0,0.0,0.0,3161.5296539252695,3161.5296539252695,0.0,0.0,17.310344827586206,17.310344827586206,0.0,0.0,17.310344827586206,17.310344827586206,0.0,0.0,0.0,0.0,0.0,0.0,0.0,0.0,0.0,0.0,0.0,0.0,0.0,0.0,0,0,0,0,0
2,84411,com-A,3,73577,18398,20443,767.7975116867859,315.9186532142636,175.0043343785165,0.0,1136.2903140694525,0.0,0.0,0.0,3161.5296539252695,3161.5296539252695,0.0,0.0,17.310344827586206,17.310344827586206,0.0,0.0,17.310344827586206,17.310344827586206,0.0,0.0,0.0,0.0,0.0,0.0,0.0,0.0,0.0,0.0,0.0,0.0,0.0,0.0,0,0,0,0,0
2,84411,com-A,4,91978,18401,20446,767.7975116867859,315.9186532142636,175.0043343785165,0.0,1136.2903140694525,0.0,0.0,0.0,3161.5296539252695,0.0,3161.5296539252695,0.0,17.310344827586206,0.0,17.310344827586206,0.0,17.310344827586206,0.0,17.310344827586206,0.0,0.0,0.0,0.0,0.0,0.0,0.0,0.0,0.0,0.0,0.0,0.0,0.0,0,0,0,0,0
2,84411,com-A,5,110382,18404,20449,767.7975116867859,315.9186532142636,175.0043343785165,0.0,1136.2903140694525,0.0,0.0,0.0,3161.5296539252695,0.0,3161.5296539252695,0.0,17.310344827586206,0.0,17.310344827586206,0.0,17.310344827586206,0.0,17.310344827586206,0.0,0.0,0.0,0.0,0.0,0.0,0.0,0.0,0.0,0.0,0.0,0.0,0.0,0,0,0,0,0
2,84411,com-A,6,128788,18406,20452,767.7975116867859,315.9186532142636,175.0043343785165,0.0,1136.2903140694525,0.0,0.0,0.0,3161.5296539252695,0.0,3161.5296539252695,0.0,17.310344827586206,0.0,17.310344827586206,0.0,17.310344827586206,0.0,17.310344827586206,0.0,0.0,0.0,0.0,0.0,0.0,0.0,0.0,0.0,0.0,0.0,0.0,0.0,0,0,0,0,0
2,84411,com-A,7,147197,18409,20455,767.7975116867859,315.9186532142636,175.0043343785165,0.0,1136.2903140694525,0.0,0.0,0.0,3161.5296539252695,0.0,3161.5296539252695,0.0,17.310344827586206,0.0,17.310344827586206,0.0,17.310344827586206,0.0,17.310344827586206,0.0,0.0,0.0,0.0,0.0,0.0,0.0,0.0,0.0,0.0,0.0,0.0,0.0,0,0,0,0,0
2,84411,com-A,8,165609,18412,20458,767.7975116867859,315.9186532142636,175.0043343785165,0.0,1136.2903140694525,0.0,0.0,0.0,3161.5296539252695,0.0,3161.5296539252695,0.0,17.310344827586206,0.0,17.310344827586206,0.0,17.310344827586206,0.0,17.310344827586206,0.0,0.0,0.0,0.0,0.0,0.0,0.0,0.0,0.0,0.0,0.0,0.0,0.0,0,0,0,0,0
2,84411,com-A,9,184023,18414,20461,767.7975116867859,315.9186532142636,180.199420498289,0.0,1136.2903140694525,0.0,0.0,0.0,3161.5296539252695,0.0,3161.5296539252695,0.0,17.310344827586206,0.0,17.310344827586206,0.0,17.310344827586206,0.0,17.310344827586206,0.0,0.0,0.0,0.0,0.0,0.0,0.0,0.0,0.0,0.0,0.0,0.0,0.0,0,0,0,0,0
2,84411,com-A,10,202440,18417,20464,767.7975116867859,315.9186532142636,180.199420498289,0.0,1136.2903140694525,0.0,0.0,0.0,3161.5296539252695,0.0,3161.5296539252695,0.0,17.310344827586206,0.0,17.310344827586206,0.0,17.310344827586206,0.0,17.310344827586206,0.0,0.0,0.0,0.0,0.0,0.0,0.0,0.0,0.0,0.0,0.0,0.0,0.0,0,0,0,0,0
2,84411,com-A,11,220860,18420,20467,767.7975116867859,315.9186532142636,180.199420498289,0.0,1136.2903140694525,0.0,0.0,0.0,3161.5296539252695,0.0,3161.5296539252695,0.0,17.310344827586206,0.0,17.310344827586206,0.0,17.310344827586206,0.0,17.310344827586206,0.0,0.0,0.0,0.0,0.0,0.0,0.0,0.0,0.0,0.0,0.0,0.0,0.0,0,0,0,0,0
