includes/lisflood/oleron/results_R2_t1.560789816873E12/res-0001.wd
ncols         631
nrows         906
xllcorner     364927.146667
yllcorner     6531972.565556
cellsize      20.000000
NODATA_value  -9999.000000
[rows 0 to 32 of 36, columns 450 to 524 of 631]
16.222 16.155 16.088 16.020 15.952 15.885 15.773 15.655 15.539 15.421 15.305 15.188 15.065 14.941 14.818 14.694 14.570 14.446 14.343 14.273 14.203 14.133 14.062 13.992 13.922 13.850 13.777 13.704 13.631 13.558 13.485 13.435 13.397 13.359 13.320 13.281 13.256 13.244 13.233 13.221 13.211 13.199 13.189 13.178 13.198 13.228 13.257 13.287 13.316 13.345 13.375 13.405 13.436 13.462 13.482 13.501 13.521 13.559 13.610 13.661 13.689 13.701 13.713 13.726 13.740 13.755 13.770 13.785 13.799 13.813 13.824 13.831 13.836 13.842 13.847
16.221 16.154 16.087 16.019 15.952 15.884 15.772 15.654 15.538 15.420 15.304 15.187 15.072 14.955 14.832 14.708 14.584 14.460 14.357 14.288 14.218 14.147 14.077 14.005 13.930 13.856 13.782 13.709 13.636 13.563 13.490 13.441 13.403 13.365 13.326 13.287 13.248 13.209 13.196 13.184 13.174 13.163 13.152 13.141 13.163 13.193 13.222 13.251 13.281 13.310 13.340 13.365 13.385 13.405 13.426 13.445 13.464 13.504 13.555 13.606 13.656 13.705 13.717 13.731 13.744 13.758 13.773 13.788 13.803 13.817 13.827 13.834 13.840 13.846 13.851
16.221 16.154 16.086 16.018 15.951 15.883 15.771 15.654 15.537 15.420 15.303 15.188 15.071 14.956 14.840 14.721 14.598 14.474 14.371 14.302 14.232 14.162 14.086 14.011 13.936 13.862 13.788 13.714 13.641 13.568 13.495 13.447 13.409 13.371 13.332 13.293 13.254 13.216 13.178 13.149 13.137 13.127 13.115 13.104 13.127 13.156 13.185 13.215 13.244 13.269 13.289 13.309 13.328 13.349 13.369 13.388 13.408 13.449 13.500 13.551 13.600 13.651 13.702 13.734 13.748 13.762 13.776 13.791 13.806 13.820 13.831 13.837 13.844 13.850 13.855
16.220 16.153 16.085 16.018 15.950 15.882 15.771 15.653 15.537 15.420 15.304 15.187 15.072 14.956 14.841 14.725 14.610 14.487 14.387 14.316 14.241 14.167 14.092 14.017 13.942 13.867 13.793 13.720 13.647 13.573 13.500 13.453 13.415 13.376 13.338 13.299 13.260 13.222 13.184 13.147 13.108 13.090 13.079 13.067 13.091 13.120 13.149 13.175 13.193 13.213 13.232 13.251 13.272 13.292 13.312 13.332 13.351 13.394 13.445 13.495 13.545 13.596 13.647 13.699 13.751 13.765 13.780 13.795 13.808 13.823 13.834 13.842 13.848 13.855 13.860
16.220 16.152 16.084 16.017 15.949 15.882 15.769 15.653 15.536 15.420 15.303 15.187 15.071 14.956 14.840 14.725 14.609 14.494 14.396 14.321 14.247 14.171 14.096 14.021 13.947 13.873 13.799 13.726 13.652 13.578 13.505 13.459 13.420 13.382 13.344 13.305 13.267 13.229 13.191 13.154 13.115 13.077 13.042 13.030 13.055 13.080 13.099 13.117 13.137 13.156 13.175 13.196 13.215 13.236 13.256 13.276 13.295 13.340 13.391 13.440 13.491 13.541 13.592 13.643 13.696 13.748 13.783 13.798 13.812 13.826 13.837 13.845 13.852 13.859 13.865
16.219 16.151 16.084 16.016 15.948 15.880 15.768 15.652 15.535 15.419 15.302 15.187 15.070 14.955 14.839 14.724 14.610 14.495 14.400 14.326 14.252 14.177 14.102 14.027 13.952 13.878 13.804 13.731 13.657 13.583 13.509 13.464 13.426 13.388 13.350 13.311 13.273 13.236 13.198 13.160 13.122 13.083 13.045 13.003 13.005 13.023 13.042 13.061 13.079 13.100 13.119 13.139 13.160 13.180 13.200 13.220 13.239 13.286 13.337 13.386 13.437 13.487 13.537 13.589 13.641 13.692 13.745 13.799 13.815 13.830 13.841 13.848 13.856 13.867 13.885
16.218 16.150 16.082 16.015 15.947 15.880 15.768 15.651 15.535 15.418 15.302 15.186 15.071 14.954 14.840 14.726 14.612 14.497 14.403 14.329 14.255 14.181 14.106 14.032 13.957 13.883 13.809 13.735 13.661 13.588 13.514 13.470 13.431 13.393 13.356 13.317 13.280 13.242 13.205 13.167 13.128 13.088 13.041 12.994 12.979 12.967 12.985 13.004 13.024 13.043 13.063 13.083 13.103 13.124 13.144 13.164 13.184 13.232 13.283 13.332 13.383 13.434 13.483 13.535 13.586 13.637 13.690 13.742 13.796 13.833 13.844 13.858 13.878 13.896 13.915
16.218 16.150 16.082 16.013 15.946 15.878 15.766 15.650 15.533 15.418 15.301 15.186 15.070 14.956 14.842 14.728 14.614 14.499 14.405 14.332 14.259 14.185 14.111 14.036 13.962 13.888 13.814 13.740 13.666 13.592 13.517 13.475 13.437 13.399 13.360 13.323 13.286 13.249 13.211 13.171 13.125 13.079 13.033 12.986 12.972 12.959 12.945 12.948 12.967 12.988 13.007 13.027 13.048 13.068 13.088 13.108 13.128 13.178 13.229 13.279 13.330 13.380 13.430 13.481 13.531 13.583 13.635 13.687 13.740 13.798 13.862 13.887 13.907 13.926 13.946
16.213 16.148 16.080 16.013 15.945 15.877 15.766 15.649 15.533 15.417 15.301 15.187 15.072 14.959 14.844 14.730 14.615 14.501 14.409 14.335 14.262 14.187 14.114 14.040 13.966 13.892 13.818 13.744 13.670 13.596 13.522 13.481 13.443 13.405 13.366 13.329 13.292 13.253 13.207 13.162 13.116 13.070 13.024 12.979 12.965 12.952 12.939 12.925 12.913 12.932 12.951 12.972 12.992 13.011 13.032 13.052 13.072 13.123 13.175 13.225 13.276 13.326 13.377 13.427 13.477 13.529 13.581 13.638 13.698 13.759 13.823 13.889 13.936 13.956 13.975
16.197 16.137 16.078 16.011 15.944 15.877 15.765 15.648 15.532 15.417 15.303 15.189 15.075 14.960 14.846 14.732 14.618 14.503 14.412 14.338 14.264 14.191 14.117 14.043 13.969 13.896 13.823 13.749 13.675 13.601 13.526 13.486 13.448 13.410 13.372 13.333 13.287 13.243 13.198 13.153 13.107 13.061 13.015 12.972 12.959 12.945 12.931 12.919 12.906 12.893 12.896 12.915 12.936 12.955 12.975 12.996 13.016 13.069 13.120 13.171 13.222 13.272 13.323 13.374 13.424 13.481 13.540 13.599 13.659 13.719 13.785 13.851 13.917 13.982 14.004
16.180 16.120 16.062 16.002 15.944 15.876 15.764 15.649 15.534 15.420 15.306 15.191 15.076 14.963 14.848 14.734 14.619 14.505 14.414 14.341 14.268 14.194 14.120 14.046 13.973 13.899 13.826 13.753 13.679 13.605 13.531 13.492 13.454 13.414 13.369 13.323 13.278 13.234 13.189 13.143 13.098 13.052 13.006 12.965 12.951 12.939 12.925 12.912 12.900 12.887 12.874 12.862 12.879 12.898 12.919 12.938 12.961 13.014 13.065 13.117 13.168 13.218 13.269 13.325 13.383 13.442 13.501 13.560 13.621 13.681 13.746 13.812 13.878 13.943 14.008
16.164 16.104 16.046 15.986 15.928 15.868 15.766 15.652 15.537 15.422 15.308 15.194 15.079 14.965 14.850 14.736 14.622 14.507 14.418 14.345 14.270 14.197 14.123 14.050 13.977 13.904 13.829 13.756 13.684 13.611 13.537 13.496 13.451 13.406 13.360 13.314 13.269 13.225 13.179 13.134 13.088 13.042 12.997 12.958 12.944 12.931 12.919 12.906 12.892 12.879 12.867 12.854 12.841 12.841 12.861 12.882 12.905 12.958 13.009 13.061 13.113 13.170 13.228 13.286 13.345 13.403 13.462 13.521 13.581 13.641 13.707 13.773 13.839 13.904 13.968
16.147 16.088 16.029 15.969 15.907 15.846 15.748 15.649 15.539 15.426 15.311 15.196 15.081 14.967 14.853 14.738 14.623 14.510 14.421 14.348 14.275 14.201 14.128 14.054 13.980 13.907 13.834 13.761 13.688 13.615 13.545 13.488 13.442 13.397 13.351 13.305 13.260 13.214 13.169 13.124 13.078 13.032 12.986 12.949 12.936 12.924 12.911 12.898 12.885 12.872 12.859 12.847 12.834 12.821 12.809 12.824 12.849 12.902 12.953 13.012 13.072 13.130 13.188 13.246 13.304 13.363 13.423 13.482 13.542 13.602 13.667 13.734 13.799 13.864 13.928
16.130 16.072 16.010 15.948 15.886 15.825 15.727 15.627 15.528 15.428 15.313 15.199 15.084 14.969 14.855 14.741 14.626 14.512 14.425 14.352 14.279 14.206 14.132 14.058 13.985 13.912 13.839 13.766 13.695 13.625 13.555 13.497 13.440 13.389 13.343 13.297 13.251 13.205 13.160 13.114 13.068 13.022 12.977 12.942 12.929 12.916 12.904 12.890 12.877 12.865 12.851 12.838 12.825 12.813 12.800 12.788 12.794 12.854 12.913 12.972 13.030 13.089 13.148 13.206 13.265 13.324 13.383 13.442 13.502 13.563 13.628 13.694 13.759 13.823 13.888
16.112 16.050 15.988 15.926 15.864 15.804 15.705 15.604 15.505 15.406 15.306 15.201 15.086 14.972 14.857 14.743 14.629 14.515 14.429 14.357 14.283 14.210 14.136 14.063 13.990 13.917 13.846 13.775 13.705 13.634 13.566 13.508 13.450 13.392 13.334 13.288 13.242 13.195 13.150 13.104 13.058 13.013 12.967 12.933 12.921 12.908 12.895 12.882 12.869 12.856 12.843 12.830 12.817 12.804 12.790 12.759 12.754 12.813 12.873 12.932 12.990 13.049 13.107 13.166 13.224 13.284 13.344 13.403 13.463 13.523 13.589 13.654 13.719 13.783 13.847
16.091 16.029 15.967 15.905 15.843 15.781 15.682 15.583 15.482 15.383 15.283 15.184 15.085 14.974 14.859 14.746 14.631 14.517 14.433 14.360 14.287 14.214 14.141 14.067 13.997 13.926 13.855 13.784 13.715 13.644 13.576 13.518 13.460 13.403 13.344 13.285 13.233 13.186 13.140 13.094 13.048 13.003 12.957 12.925 12.913 12.900 12.887 12.874 12.861 12.848 12.835 12.822 12.805 12.775 12.744 12.715 12.715 12.774 12.832 12.890 12.949 13.009 13.067 13.126 13.185 13.244 13.303 13.363 13.424 13.484 13.549 13.614 13.679 13.743 13.807
16.069 16.007 15.945 15.883 15.822 15.758 15.659 15.560 15.459 15.360 15.261 15.160 15.061 14.962 14.862 14.748 14.633 14.520 14.436 14.364 14.291 14.217 14.147 14.076 14.006 13.935 13.865 13.794 13.723 13.653 13.586 13.529 13.470 13.412 13.353 13.294 13.235 13.177 13.130 13.084 13.038 12.992 12.947 12.916 12.905 12.892 12.878 12.866 12.853 12.839 12.820 12.790 12.761 12.730 12.700 12.670 12.676 12.735 12.793 12.851 12.909 12.968 13.027 13.085 13.145 13.205 13.264 13.324 13.383 13.444 13.509 13.574 13.639 13.703 13.767
16.048 15.986 15.924 15.861 15.800 15.736 15.636 15.536 15.436 15.337 15.237 15.137 15.038 14.938 14.840 14.741 14.636 14.521 14.440 14.367 14.297 14.226 14.156 14.085 14.014 13.944 13.873 13.803 13.732 13.662 13.596 13.538 13.480 13.421 13.363 13.304 13.245 13.186 13.127 13.074 13.028 12.982 12.937 12.908 12.896 12.883 12.870 12.857 12.837 12.806 12.776 12.746 12.715 12.686 12.655 12.626 12.638 12.695 12.754 12.812 12.870 12.929 12.987 13.046 13.105 13.165 13.225 13.284 13.344 13.404 13.469 13.534 13.599 13.663 13.728
16.026 15.964 15.902 15.839 15.778 15.713 15.612 15.513 15.413 15.313 15.213 15.113 15.014 14.916 14.816 14.717 14.618 14.520 14.445 14.375 14.304 14.234 14.164 14.094 14.023 13.953 13.882 13.812 13.741 13.670 13.604 13.546 13.489 13.431 13.372 13.313 13.254 13.194 13.136 13.078 13.019 12.972 12.927 12.899 12.888 12.875 12.852 12.822 12.791 12.761 12.731 12.701 12.671 12.641 12.611 12.581 12.598 12.657 12.715 12.773 12.832 12.890 12.949 13.008 13.067 13.126 13.185 13.244 13.303 13.364 13.429 13.494 13.559 13.624 13.688
16.004 15.942 15.880 15.817 15.756 15.689 15.590 15.489 15.389 15.289 15.190 15.090 14.991 14.892 14.792 14.694 14.604 14.518 14.449 14.383 14.312 14.242 14.172 14.102 14.031 13.960 13.890 13.819 13.749 13.678 13.614 13.556 13.498 13.439 13.381 13.322 13.263 13.204 13.145 13.086 13.028 12.971 12.917 12.892 12.869 12.838 12.808 12.776 12.746 12.716 12.686 12.656 12.626 12.596 12.567 12.536 12.559 12.618 12.676 12.734 12.793 12.852 12.910 12.969 13.028 13.087 13.146 13.205 13.264 13.324 13.389 13.454 13.519 13.584 13.649
15.983 15.920 15.858 15.795 15.733 15.665 15.566 15.465 15.366 15.266 15.166 15.067 14.967 14.868 14.778 14.691 14.605 14.518 14.450 14.385 14.318 14.249 14.180 14.109 14.039 13.968 13.898 13.827 13.757 13.686 13.622 13.564 13.506 13.449 13.390 13.331 13.272 13.212 13.153 13.095 13.037 12.979 12.923 12.859 12.823 12.793 12.762 12.732 12.702 12.671 12.641 12.611 12.581 12.552 12.521 12.491 12.519 12.578 12.637 12.696 12.754 12.813 12.872 12.931 12.990 13.048 13.106 13.166 13.224 13.285 13.350 13.415 13.480 13.548 13.616
15.961 15.898 15.836 15.773 15.711 15.642 15.542 15.442 15.342 15.242 15.142 15.043 14.952 14.865 14.778 14.692 14.605 14.517 14.451 14.385 14.319 14.253 14.188 14.117 14.046 13.976 13.905 13.835 13.764 13.695 13.630 13.573 13.515 13.457 13.399 13.340 13.281 13.222 13.163 13.105 13.048 12.992 12.937 12.872 12.802 12.749 12.718 12.688 12.657 12.627 12.596 12.566 12.537 12.506 12.476 12.446 12.481 12.539 12.598 12.657 12.715 12.774 12.834 12.893 12.951 13.009 13.068 13.125 13.184 13.245 13.310 13.380 13.448 13.517 13.586
15.932 15.876 15.814 15.752 15.689 15.620 15.519 15.419 15.319 15.219 15.126 15.039 14.953 14.866 14.778 14.692 14.605 14.518 14.453 14.387 14.321 14.255 14.189 14.123 14.055 13.985 13.914 13.844 13.773 13.702 13.639 13.582 13.524 13.466 13.408 13.350 13.291 13.232 13.175 13.118 13.062 13.006 12.951 12.885 12.816 12.747 12.677 12.644 12.613 12.582 12.552 12.522 12.491 12.462 12.431 12.401 12.441 12.500 12.558 12.617 12.677 12.735 12.795 12.854 12.913 12.970 13.029 13.087 13.141 13.210 13.278 13.348 13.416 13.485 13.555
15.892 15.841 15.789 15.730 15.667 15.597 15.496 15.396 15.302 15.215 15.128 15.040 14.953 14.867 14.780 14.693 14.607 14.521 14.455 14.389 14.323 14.257 14.191 14.126 14.060 13.993 13.923 13.852 13.782 13.711 13.648 13.591 13.533 13.476 13.418 13.359 13.303 13.246 13.189 13.133 13.077 13.021 12.965 12.899 12.829 12.760 12.691 12.622 12.569 12.539 12.509 12.478 12.448 12.417 12.387 12.357 12.402 12.461 12.520 12.578 12.638 12.697 12.755 12.814 12.873 12.932 12.982 13.024 13.065 13.139 13.235 13.317 13.385 13.454 13.524
15.852 15.801 15.749 15.697 15.645 15.575 15.479 15.391 15.303 15.216 15.129 15.042 14.955 14.869 14.782 14.695 14.608 14.524 14.458 14.392 14.326 14.260 14.194 14.128 14.062 13.995 13.929 13.861 13.791 13.720 13.658 13.601 13.543 13.485 13.429 13.373 13.318 13.261 13.204 13.147 13.091 13.036 12.980 12.912 12.843 12.774 12.705 12.635 12.565 12.496 12.465 12.434 12.403 12.373 12.343 12.312 12.364 12.422 12.481 12.540 12.598 12.658 12.717 12.775 12.824 12.865 12.906 12.947 12.989 13.067 13.164 13.261 13.354 13.424 13.493
15.811 15.760 15.709 15.658 15.610 15.565 15.480 15.392 15.305 15.218 15.131 15.044 14.957 14.871 14.784 14.697 14.611 14.527 14.461 14.395 14.329 14.263 14.196 14.130 14.064 13.998 13.932 13.865 13.799 13.729 13.667 13.610 13.554 13.499 13.444 13.388 13.331 13.275 13.219 13.163 13.107 13.051 12.995 12.926 12.857 12.787 12.718 12.649 12.579 12.509 12.440 12.390 12.360 12.330 12.299 12.269 12.326 12.384 12.442 12.501 12.560 12.618 12.664 12.706 12.747 12.787 12.829 12.870 12.912 12.994 13.092 13.189 13.286 13.384 13.461
15.771 15.720 15.672 15.639 15.606 15.559 15.476 15.394 15.308 15.221 15.134 15.047 14.960 14.873 14.786 14.699 14.612 14.530 14.464 14.397 14.331 14.265 14.199 14.133 14.067 14.001 13.934 13.868 13.802 13.734 13.679 13.624 13.568 13.512 13.457 13.402 13.346 13.290 13.233 13.177 13.121 13.066 13.009 12.940 12.870 12.801 12.732 12.662 12.592 12.523 12.453 12.383 12.318 12.287 12.257 12.229 12.288 12.347 12.404 12.463 12.505 12.547 12.587 12.628 12.670 12.710 12.751 12.794 12.836 12.923 13.020 13.117 13.215 13.311 13.407
15.731 15.699 15.667 15.635 15.603 15.552 15.470 15.388 15.306 15.223 15.136 15.049 14.961 14.874 14.787 14.700 14.613 14.532 14.466 14.400 14.334 14.268 14.202 14.136 14.070 14.004 13.937 13.869 13.801 13.732 13.682 13.636 13.581 13.526 13.470 13.415 13.359 13.303 13.248 13.192 13.136 13.079 13.021 12.952 12.883 12.814 12.744 12.674 12.605 12.536 12.466 12.397 12.328 12.259 12.213 12.193 12.250 12.307 12.348 12.389 12.429 12.469 12.510 12.551 12.591 12.633 12.675 12.716 12.760 12.850 12.948 13.045 13.142 13.239 13.335
15.726 15.694 15.662 15.630 15.599 15.546 15.464 15.382 15.300 15.219 15.136 15.050 14.963 14.876 14.789 14.702 14.615 14.534 14.468 14.402 14.336 14.271 14.205 14.139 14.072 14.005 13.936 13.866 13.797 13.729 13.679 13.634 13.588 13.538 13.482 13.428 13.372 13.317 13.261 13.205 13.150 13.093 13.034 12.965 12.896 12.826 12.756 12.687 12.617 12.548 12.479 12.411 12.341 12.272 12.204 12.150 12.191 12.232 12.272 12.312 12.353 12.393 12.433 12.474 12.514 12.555 12.598 12.640 12.682 12.778 12.875 12.973 13.070 13.166 13.262
15.720 15.689 15.657 15.625 15.594 15.538 15.456 15.375 15.294 15.212 15.129 15.048 14.965 14.878 14.790 14.703 14.616 14.536 14.470 14.404 14.338 14.272 14.207 14.139 14.071 14.002 13.933 13.863 13.794 13.725 13.677 13.631 13.586 13.540 13.495 13.440 13.384 13.330 13.274 13.218 13.162 13.106 13.047 12.977 12.907 12.838 12.769 12.698 12.629 12.561 12.492 12.423 12.354 12.288 12.224 12.168 12.136 12.155 12.196 12.236 12.276 12.316 12.356 12.396 12.438 12.479 12.520 12.563 12.607 12.705 12.802 12.899 12.997 13.093 13.188
15.716 15.684 15.651 15.620 15.588 15.530 15.449 15.368 15.286 15.204 15.123 15.041 14.958 14.876 14.791 14.703 14.615 14.537 14.471 14.405 14.339 14.273 14.204 14.136 14.068 13.998 13.929 13.860 13.790 13.721 13.675 13.629 13.582 13.538 13.492 13.447 13.397 13.342 13.286 13.230 13.175 13.119 13.058 12.989 12.919 12.850 12.780 12.711 12.642 12.572 12.504 12.438 12.375 12.311 12.247 12.193 12.163 12.131 12.119 12.160 12.199 12.239 12.280 12.320 12.361 12.403 12.444 12.486 12.534 12.631 12.730 12.827 12.923 13.020 13.116
15.710 15.678 15.647 15.615 15.584 15.522 15.441 15.360 15.279 15.197 15.115 15.033 14.951 14.869 14.786 14.703 14.616 14.538 14.472 14.404 14.336 14.269 14.200 14.132 14.064 13.994 13.925 13.856 13.786 13.719 13.672 13.626 13.580 13.534 13.490 13.445 13.400 13.354 13.299 13.243 13.187 13.131 13.070 13.001 12.931 12.862 12.792 12.723 12.654 12.589 12.525 12.462 12.397 12.334 12.270 12.220 12.188 12.157 12.125 12.093 12.124 12.164 12.203 12.245 12.285 12.326 12.368 12.410 12.462 12.559 12.656 12.754 12.850 12.946 13.043
15.705 15.673 15.641 15.609 15.578 15.514 15.433 15.352 15.271 15.189 15.108 15.026 14.943 14.860 14.779 14.696 14.613 14.538 14.469 14.401 14.332 14.265 14.196 14.128 14.060 13.990 13.922 13.853 13.782 13.717 13.670 13.624 13.578 13.533 13.487 13.443 13.397 13.352 13.308 13.256 13.200 13.144 13.082 13.012 12.943 12.874 12.805 12.742 12.677 12.613 12.549 12.485 12.421 12.357 12.293 12.246 12.214 12.183 12.151 12.120 12.088 12.088 12.129 12.169 12.210 12.251 12.292 12.334 12.388 12.486 12.583 12.680 12.777 12.874 12.970
