includes/lisflood/oleron/results_R2_t1.560789816873E12/res-0001.wd
ncols         631
nrows         906
xllcorner     364927.146667
yllcorner     6531972.565556
cellsize      20.000000
NODATA_value  -9999.000000
[rows 0 to 32 of 36, columns 525 to 599 of 631]
13.852 13.857 13.862 13.868 13.875 13.883 13.891 13.899 13.908 13.867 13.801 13.733 13.664 13.595 13.527 13.457 13.387 13.318 13.250 13.181 13.112 13.043 12.975 12.892 12.808 12.723 12.639 12.554 12.470 12.384 12.300 12.215 12.131 12.068 12.010 11.953 11.896 11.899 11.903 11.909 11.912 11.915 11.916 11.904 11.891 11.879 11.867 11.856 11.846 11.836 11.831 11.846 11.860 11.874 11.887 11.901 11.910 11.906 11.901 11.898 11.894 11.892 11.888 11.884 11.848 11.789 11.731 11.673 11.614 11.534 11.433 11.332 11.230 11.128 11.026
13.856 13.861 13.867 13.873 13.880 13.887 13.895 13.916 13.936 13.894 13.830 13.763 13.695 13.625 13.557 13.487 13.417 13.348 13.280 13.211 13.142 13.073 13.005 12.921 12.837 12.752 12.668 12.583 12.499 12.414 12.330 12.245 12.161 12.076 12.003 11.946 11.894 11.898 11.904 11.908 11.904 11.893 11.881 11.869 11.857 11.844 11.833 11.822 11.812 11.802 11.799 11.815 11.829 11.843 11.856 11.870 11.882 11.897 11.901 11.897 11.894 11.890 11.886 11.883 11.857 11.799 11.741 11.682 11.612 11.511 11.410 11.308 11.206 11.105 11.003
13.860 13.866 13.872 13.878 13.886 13.905 13.925 13.945 13.966 13.918 13.855 13.791 13.724 13.655 13.585 13.516 13.446 13.377 13.309 13.240 13.171 13.103 13.034 12.949 12.866 12.781 12.697 12.612 12.528 12.443 12.359 12.274 12.191 12.106 12.023 11.940 11.893 11.897 11.889 11.879 11.870 11.859 11.847 11.835 11.822 11.810 11.799 11.788 11.779 11.769 11.769 11.785 11.799 11.813 11.826 11.839 11.852 11.866 11.880 11.895 11.893 11.889 11.885 11.880 11.867 11.808 11.749 11.691 11.589 11.488 11.387 11.285 11.184 11.082 10.980
13.866 13.872 13.880 13.898 13.917 13.936 13.956 13.975 13.995 13.942 13.878 13.814 13.750 13.684 13.614 13.545 13.475 13.405 13.336 13.269 13.200 13.131 13.061 12.977 12.893 12.809 12.724 12.641 12.556 12.472 12.387 12.304 12.219 12.136 12.053 11.969 11.893 11.864 11.854 11.845 11.835 11.824 11.812 11.800 11.788 11.776 11.765 11.755 11.746 11.737 11.739 11.755 11.769 11.784 11.796 11.810 11.822 11.836 11.849 11.863 11.877 11.888 11.883 11.879 11.873 11.817 11.759 11.666 11.565 11.464 11.363 11.262 11.161 11.058 10.956
13.874 13.892 13.910 13.929 13.948 13.967 13.986 14.006 14.026 13.966 13.902 13.837 13.772 13.707 13.642 13.573 13.504 13.434 13.365 13.298 13.229 13.161 13.089 13.006 12.922 12.838 12.753 12.669 12.585 12.501 12.417 12.334 12.250 12.166 12.080 11.996 11.922 11.867 11.820 11.810 11.800 11.789 11.777 11.765 11.753 11.742 11.731 11.722 11.713 11.704 11.708 11.724 11.739 11.753 11.767 11.780 11.792 11.805 11.818 11.832 11.845 11.860 11.873 11.876 11.872 11.827 11.745 11.643 11.542 11.441 11.340 11.238 11.137 11.036 10.934
13.904 13.922 13.941 13.959 13.978 13.997 14.016 14.036 14.054 13.990 13.926 13.861 13.795 13.730 13.664 13.599 13.533 13.463 13.395 13.327 13.259 13.190 13.118 13.035 12.951 12.867 12.783 12.699 12.615 12.531 12.447 12.362 12.277 12.191 12.106 12.021 11.950 11.895 11.840 11.786 11.765 11.753 11.742 11.730 11.718 11.707 11.697 11.687 11.678 11.671 11.676 11.692 11.708 11.722 11.735 11.748 11.761 11.773 11.786 11.800 11.813 11.827 11.840 11.855 11.868 11.825 11.723 11.621 11.520 11.418 11.317 11.216 11.115 11.013 10.912
13.934 13.952 13.971 13.990 14.008 14.027 14.046 14.065 14.078 14.014 13.949 13.884 13.819 13.753 13.687 13.622 13.557 13.493 13.425 13.358 13.289 13.221 13.148 13.065 12.981 12.897 12.813 12.729 12.645 12.559 12.474 12.388 12.303 12.218 12.132 12.048 11.978 11.923 11.868 11.813 11.758 11.718 11.706 11.694 11.683 11.672 11.661 11.652 11.644 11.636 11.643 11.659 11.675 11.689 11.703 11.715 11.728 11.740 11.754 11.767 11.781 11.794 11.808 11.821 11.831 11.808 11.714 11.612 11.510 11.408 11.307 11.205 11.103 11.001 10.899
13.964 13.982 14.001 14.019 14.038 14.057 14.076 14.095 14.102 14.038 13.973 13.908 13.842 13.777 13.711 13.646 13.581 13.517 13.454 13.389 13.321 13.253 13.178 13.094 13.011 12.927 12.842 12.757 12.671 12.586 12.500 12.415 12.329 12.244 12.158 12.073 12.007 11.951 11.896 11.840 11.785 11.729 11.672 11.659 11.647 11.636 11.625 11.616 11.608 11.599 11.608 11.624 11.640 11.654 11.669 11.681 11.695 11.707 11.721 11.735 11.749 11.760 11.771 11.781 11.790 11.757 11.714 11.611 11.508 11.407 11.304 11.203 11.101 10.999 10.897
13.994 14.012 14.031 14.049 14.067 14.086 14.105 14.123 14.126 14.062 13.997 13.932 13.867 13.801 13.736 13.671 13.606 13.542 13.479 13.416 13.352 13.285 13.210 13.126 13.041 12.955 12.869 12.783 12.698 12.612 12.527 12.441 12.356 12.270 12.184 12.098 12.035 11.979 11.923 11.868 11.813 11.756 11.700 11.644 11.611 11.600 11.589 11.580 11.571 11.562 11.573 11.588 11.604 11.619 11.633 11.647 11.661 11.674 11.688 11.699 11.710 11.720 11.730 11.741 11.751 11.708 11.664 11.610 11.507 11.405 11.304 11.202 11.100 10.998 10.896
14.023 14.041 14.059 14.078 14.096 14.115 14.134 14.151 14.149 14.085 14.021 13.956 13.891 13.826 13.761 13.696 13.632 13.568 13.505 13.442 13.378 13.315 13.239 13.154 13.068 12.982 12.896 12.810 12.724 12.638 12.552 12.467 12.381 12.296 12.210 12.125 12.063 12.007 11.951 11.895 11.840 11.784 11.727 11.671 11.615 11.564 11.554 11.544 11.534 11.524 11.536 11.552 11.568 11.583 11.598 11.612 11.625 11.635 11.646 11.658 11.669 11.679 11.690 11.701 11.703 11.658 11.614 11.570 11.506 11.404 11.302 11.200 11.099 10.997 10.895
14.051 14.069 14.087 14.105 14.124 14.142 14.161 14.180 14.172 14.108 14.044 13.980 13.915 13.851 13.786 13.722 13.658 13.594 13.531 13.469 13.417 13.367 13.283 13.181 13.094 13.008 12.921 12.836 12.749 12.664 12.579 12.492 12.407 12.321 12.236 12.150 12.090 12.034 11.978 11.923 11.868 11.811 11.755 11.699 11.642 11.586 11.529 11.507 11.497 11.487 11.500 11.516 11.531 11.547 11.559 11.571 11.582 11.593 11.604 11.616 11.628 11.639 11.650 11.660 11.653 11.608 11.564 11.520 11.476 11.403 11.300 11.199 11.097 10.995 10.893
14.032 14.096 14.115 14.133 14.151 14.169 14.188 14.207 14.195 14.131 14.067 14.004 13.940 13.876 13.812 13.748 13.684 13.623 13.573 13.522 13.472 13.420 13.332 13.229 13.128 13.034 12.948 12.861 12.775 12.689 12.603 12.517 12.432 12.346 12.261 12.174 12.117 12.062 12.006 11.950 11.895 11.839 11.783 11.727 11.671 11.614 11.557 11.502 11.461 11.450 11.465 11.481 11.493 11.505 11.516 11.528 11.539 11.552 11.563 11.575 11.587 11.599 11.609 11.620 11.602 11.558 11.513 11.469 11.426 11.382 11.299 11.197 11.095 10.993 10.891
13.992 14.056 14.119 14.160 14.178 14.196 14.215 14.234 14.217 14.154 14.091 14.027 13.964 13.900 13.837 13.779 13.728 13.677 13.626 13.576 13.525 13.473 13.380 13.279 13.176 13.073 12.973 12.887 12.800 12.714 12.628 12.543 12.457 12.371 12.285 12.201 12.145 12.090 12.034 11.978 11.924 11.868 11.811 11.755 11.699 11.642 11.585 11.530 11.473 11.417 11.426 11.438 11.450 11.462 11.473 11.485 11.497 11.510 11.521 11.534 11.546 11.558 11.568 11.579 11.552 11.507 11.462 11.418 11.374 11.330 11.287 11.195 11.093 10.991 10.889
13.952 14.015 14.078 14.142 14.205 14.223 14.242 14.262 14.240 14.177 14.114 14.051 13.988 13.933 13.883 13.832 13.781 13.731 13.679 13.628 13.577 13.526 13.428 13.327 13.224 13.120 13.018 12.915 12.826 12.739 12.654 12.567 12.482 12.396 12.311 12.229 12.173 12.118 12.062 12.006 11.952 11.896 11.840 11.783 11.728 11.671 11.614 11.551 11.484 11.425 11.398 11.395 11.407 11.419 11.431 11.443 11.456 11.468 11.480 11.493 11.505 11.516 11.526 11.537 11.500 11.455 11.411 11.366 11.322 11.278 11.235 11.192 11.090 10.988 10.885
13.911 13.974 14.037 14.102 14.166 14.230 14.270 14.290 14.263 14.201 14.138 14.086 14.037 13.986 13.935 13.884 13.834 13.783 13.731 13.680 13.629 13.577 13.476 13.374 13.271 13.169 13.066 12.963 12.861 12.765 12.679 12.593 12.507 12.422 12.336 12.257 12.201 12.146 12.090 12.034 11.980 11.924 11.868 11.811 11.756 11.689 11.622 11.555 11.488 11.433 11.406 11.380 11.365 11.377 11.390 11.402 11.414 11.427 11.440 11.451 11.463 11.475 11.485 11.493 11.448 11.404 11.359 11.314 11.269 11.227 11.183 11.140 11.087 10.985 10.882
13.871 13.934 13.997 14.061 14.125 14.190 14.256 14.319 14.288 14.239 14.188 14.139 14.089 14.039 13.987 13.937 13.886 13.834 13.782 13.731 13.680 13.625 13.524 13.421 13.318 13.216 13.113 13.011 12.909 12.807 12.705 12.619 12.533 12.448 12.362 12.286 12.230 12.174 12.118 12.062 12.007 11.951 11.892 11.826 11.760 11.693 11.626 11.559 11.493 11.441 11.414 11.388 11.362 11.336 11.348 11.360 11.373 11.386 11.398 11.409 11.421 11.433 11.443 11.441 11.396 11.351 11.306 11.261 11.218 11.174 11.131 11.088 11.045 10.982 10.879
13.831 13.894 13.958 14.022 14.086 14.151 14.218 14.288 14.316 14.291 14.242 14.191 14.141 14.091 14.040 13.988 13.937 13.886 13.834 13.782 13.730 13.672 13.570 13.468 13.365 13.264 13.161 13.059 12.958 12.856 12.754 12.653 12.560 12.474 12.389 12.314 12.258 12.203 12.146 12.090 12.028 11.962 11.896 11.830 11.764 11.697 11.630 11.564 11.497 11.450 11.423 11.396 11.370 11.344 11.319 11.318 11.331 11.344 11.356 11.369 11.379 11.390 11.401 11.389 11.344 11.299 11.254 11.210 11.166 11.123 11.080 11.037 10.994 10.950 10.877
13.792 13.856 13.920 13.984 14.051 14.119 14.187 14.257 14.281 14.294 14.295 14.244 14.194 14.143 14.092 14.040 13.988 13.937 13.885 13.832 13.781 13.719 13.617 13.515 13.414 13.311 13.209 13.108 13.006 12.904 12.804 12.702 12.600 12.501 12.415 12.343 12.287 12.231 12.164 12.098 12.031 11.965 11.899 11.833 11.767 11.701 11.635 11.568 11.502 11.459 11.431 11.405 11.378 11.353 11.327 11.302 11.289 11.301 11.314 11.326 11.337 11.348 11.359 11.337 11.292 11.247 11.203 11.158 11.115 11.071 11.028 10.986 10.943 10.900 10.858
13.753 13.817 13.884 13.951 14.020 14.088 14.157 14.227 14.247 14.259 14.270 14.282 14.246 14.195 14.144 14.092 14.039 13.988 13.936 13.884 13.832 13.766 13.664 13.562 13.461 13.359 13.257 13.157 13.055 12.953 12.853 12.751 12.649 12.548 12.446 12.369 12.302 12.235 12.168 12.102 12.035 11.969 11.903 11.837 11.771 11.705 11.639 11.573 11.506 11.468 11.441 11.413 11.387 11.361 11.335 11.309 11.284 11.259 11.271 11.284 11.295 11.306 11.317 11.285 11.240 11.196 11.151 11.107 11.063 11.020 10.978 10.935 10.908 10.883 10.859
13.717 13.785 13.853 13.922 13.990 14.058 14.128 14.196 14.212 14.224 14.235 14.246 14.256 14.247 14.195 14.144 14.091 14.039 13.987 13.935 13.882 13.813 13.711 13.609 13.509 13.407 13.306 13.205 13.104 13.002 12.902 12.800 12.699 12.600 12.504 12.400 12.307 12.240 12.173 12.106 12.039 11.973 11.907 11.841 11.776 11.710 11.644 11.578 11.512 11.477 11.450 11.423 11.395 11.369 11.343 11.317 11.292 11.266 11.241 11.241 11.253 11.264 11.275 11.233 11.189 11.144 11.099 11.055 11.012 10.979 10.956 10.932 10.909 10.885 10.860
13.686 13.754 13.822 13.891 13.960 14.028 14.097 14.166 14.177 14.189 14.199 14.210 14.220 14.230 14.240 14.195 14.143 14.090 14.038 13.986 13.934 13.860 13.758 13.658 13.556 13.455 13.355 13.253 13.152 13.052 12.950 12.855 12.758 12.662 12.565 12.460 12.352 12.244 12.177 12.110 12.043 11.977 11.911 11.846 11.780 11.715 11.649 11.583 11.517 11.487 11.459 11.432 11.404 11.377 11.351 11.325 11.299 11.274 11.248 11.222 11.210 11.221 11.225 11.181 11.136 11.092 11.053 11.028 11.003 10.979 10.956 10.933 10.909 10.885 10.861
13.655 13.723 13.791 13.861 13.929 13.997 14.066 14.131 14.142 14.153 14.163 14.174 14.184 14.193 14.203 14.212 14.194 14.141 14.089 14.037 13.986 13.908 13.806 13.705 13.604 13.502 13.402 13.301 13.202 13.107 13.010 12.914 12.819 12.723 12.626 12.520 12.412 12.304 12.196 12.115 12.048 11.982 11.916 11.850 11.785 11.719 11.654 11.588 11.523 11.496 11.469 11.441 11.414 11.386 11.359 11.333 11.307 11.281 11.255 11.230 11.204 11.178 11.173 11.129 11.103 11.077 11.052 11.027 11.002 10.979 10.955 10.932 10.909 10.886 10.861
13.624 13.692 13.761 13.829 13.897 13.966 14.034 14.095 14.105 14.116 14.126 14.137 14.147 14.157 14.167 14.176 14.186 14.193 14.141 14.089 14.038 13.955 13.854 13.753 13.651 13.550 13.453 13.358 13.262 13.166 13.070 12.975 12.879 12.783 12.687 12.579 12.472 12.364 12.256 12.149 12.053 11.987 11.921 11.855 11.790 11.724 11.659 11.593 11.532 11.505 11.478 11.451 11.423 11.396 11.368 11.342 11.315 11.289 11.263 11.237 11.211 11.179 11.151 11.128 11.102 11.076 11.050 11.025 11.001 10.977 10.954 10.932 10.908 10.885 10.861
13.592 13.661 13.730 13.797 13.865 13.934 14.002 14.059 14.069 14.080 14.090 14.101 14.110 14.120 14.130 14.140 14.150 14.159 14.169 14.141 14.090 14.004 13.903 13.801 13.704 13.609 13.513 13.418 13.321 13.226 13.130 13.034 12.939 12.843 12.746 12.639 12.532 12.424 12.317 12.210 12.102 11.995 11.926 11.860 11.795 11.729 11.663 11.597 11.541 11.514 11.487 11.460 11.432 11.405 11.378 11.350 11.324 11.297 11.271 11.238 11.205 11.171 11.144 11.123 11.101 11.075 11.049 11.024 11.000 10.976 10.953 10.930 10.907 10.883 10.859
13.561 13.629 13.698 13.765 13.832 13.901 13.969 14.021 14.031 14.042 14.053 14.064 14.074 14.083 14.094 14.103 14.114 14.123 14.133 14.143 14.142 14.053 13.957 13.861 13.765 13.669 13.574 13.477 13.381 13.285 13.189 13.094 12.998 12.902 12.804 12.698 12.591 12.484 12.377 12.269 12.162 12.055 11.948 11.865 11.799 11.733 11.667 11.602 11.549 11.522 11.495 11.468 11.441 11.414 11.387 11.359 11.331 11.297 11.264 11.230 11.197 11.163 11.136 11.115 11.094 11.073 11.048 11.023 10.999 10.975 10.951 10.928 10.904 10.881 10.857
13.529 13.598 13.665 13.732 13.800 13.868 13.935 13.984 13.994 14.005 14.016 14.026 14.037 14.047 14.058 14.067 14.078 14.087 14.098 14.121 14.164 14.109 14.018 13.922 13.826 13.730 13.633 13.537 13.441 13.345 13.249 13.153 13.057 12.960 12.863 12.756 12.649 12.543 12.436 12.329 12.223 12.116 12.009 11.902 11.803 11.737 11.671 11.605 11.558 11.530 11.504 11.477 11.450 11.424 11.392 11.358 11.324 11.290 11.256 11.222 11.188 11.154 11.129 11.108 11.087 11.066 11.045 11.023 10.998 10.973 10.949 10.926 10.902 10.878 10.854
13.497 13.565 13.632 13.699 13.767 13.834 13.902 13.947 13.957 13.968 13.979 13.989 14.001 14.011 14.022 14.031 14.042 14.074 14.116 14.158 14.202 14.137 14.066 13.983 13.887 13.790 13.694 13.598 13.501 13.405 13.308 13.212 13.115 13.020 12.920 12.814 12.708 12.602 12.496 12.389 12.283 12.176 12.069 11.962 11.854 11.747 11.675 11.609 11.565 11.538 11.512 11.486 11.452 11.419 11.385 11.351 11.316 11.282 11.248 11.214 11.180 11.146 11.122 11.102 11.081 11.059 11.039 11.018 10.997 10.973 10.948 10.924 10.900 10.875 10.851
13.430 13.526 13.599 13.666 13.734 13.801 13.869 13.910 13.920 13.932 13.942 13.953 13.964 13.975 13.986 14.025 14.068 14.111 14.154 14.197 14.238 14.165 14.093 14.021 13.948 13.851 13.755 13.658 13.562 13.465 13.369 13.271 13.175 13.080 12.979 12.873 12.767 12.661 12.555 12.449 12.342 12.236 12.129 12.020 11.913 11.806 11.699 11.613 11.573 11.544 11.511 11.478 11.445 11.411 11.377 11.343 11.308 11.274 11.240 11.206 11.172 11.138 11.116 11.095 11.075 11.054 11.033 11.012 10.991 10.970 10.948 10.923 10.898 10.873 10.848
13.357 13.452 13.548 13.634 13.701 13.768 13.836 13.873 13.884 13.895 13.906 13.917 13.932 13.976 14.020 14.063 14.105 14.149 14.192 14.235 14.265 14.194 14.122 14.049 13.977 13.905 13.816 13.719 13.622 13.526 13.428 13.332 13.236 13.140 13.038 12.932 12.826 12.720 12.614 12.508 12.401 12.294 12.187 12.080 11.973 11.866 11.759 11.651 11.570 11.537 11.503 11.470 11.437 11.403 11.369 11.335 11.301 11.266 11.231 11.197 11.164 11.130 11.110 11.090 11.069 11.048 11.027 11.006 10.985 10.964 10.943 10.922 10.897 10.872 10.847
13.285 13.379 13.474 13.570 13.666 13.736 13.805 13.838 13.848 13.859 13.882 13.927 13.970 14.013 14.056 14.100 14.143 14.186 14.230 14.273 14.294 14.222 14.149 14.078 14.006 13.933 13.860 13.780 13.683 13.586 13.489 13.393 13.296 13.201 13.098 12.991 12.885 12.778 12.672 12.566 12.460 12.353 12.246 12.139 12.032 11.924 11.817 11.709 11.622 11.539 11.495 11.463 11.429 11.396 11.361 11.326 11.292 11.257 11.223 11.189 11.155 11.123 11.103 11.084 11.064 11.043 11.022 11.001 10.980 10.958 10.936 10.915 10.894 10.871 10.846
13.211 13.307 13.402 13.498 13.594 13.690 13.774 13.802 13.833 13.877 13.920 13.964 14.007 14.051 14.094 14.137 14.181 14.224 14.267 14.310 14.322 14.250 14.178 14.106 14.033 13.961 13.889 13.816 13.743 13.647 13.550 13.454 13.358 13.262 13.157 13.050 12.944 12.838 12.731 12.625 12.519 12.412 12.305 12.197 12.089 11.981 11.874 11.767 11.683 11.600 11.517 11.454 11.421 11.387 11.353 11.318 11.283 11.248 11.213 11.180 11.146 11.116 11.097 11.077 11.058 11.038 11.017 10.996 10.974 10.952 10.930 10.909 10.888 10.867 10.846
13.139 13.234 13.331 13.426 13.522 13.619 13.724 13.828 13.872 13.915 13.958 14.002 14.045 14.088 14.131 14.175 14.218 14.261 14.305 14.349 14.350 14.278 14.207 14.134 14.062 13.989 13.916 13.843 13.771 13.699 13.612 13.516 13.420 13.324 13.218 13.111 13.004 12.897 12.791 12.684 12.577 12.469 12.362 12.254 12.146 12.038 11.931 11.826 11.743 11.660 11.577 11.494 11.413 11.379 11.344 11.308 11.274 11.239 11.205 11.171 11.138 11.108 11.090 11.071 11.051 11.032 11.011 10.990 10.968 10.946 10.924 10.902 10.881 10.861 10.843
13.067 13.163 13.259 13.356 13.463 13.570 13.678 13.782 13.886 13.953 13.996 14.039 14.081 14.125 14.168 14.211 14.256 14.299 14.342 14.386 14.378 14.306 14.234 14.162 14.090 14.017 13.944 13.871 13.799 13.726 13.655 13.578 13.481 13.385 13.279 13.172 13.065 12.957 12.849 12.741 12.634 12.526 12.419 12.311 12.204 12.096 11.989 11.886 11.803 11.720 11.637 11.554 11.470 11.385 11.335 11.300 11.265 11.230 11.195 11.162 11.129 11.101 11.083 11.064 11.045 11.025 11.004 10.983 10.961 10.939 10.918 10.896 10.878 10.860 10.843
