includes/camargue/floodfiles/results_R3_t1.56234553567E12/res-0012.wd
ncols         906
nrows         631
xllcorner     362177.146667
yllcorner     6534725.688020
cellsize      20.000000
NODATA_value  -9999.000000
[rows 544 to 577 of 631, columns 539 to 615 of 906]
0.751 0.751 0.773 0.795 0.817 0.839 0.861 0.883 0.891 0.877 0.863 0.849 0.836 0.822 0.808 0.794 0.781 0.781 0.753 0.749 0.745 0.741 0.747 0.758 0.768 0.779 0.791 0.802 0.814 0.825 0.837 0.848 0.860 0.860 0.883 0.896 0.929 0.963 0.996 1.030 1.063 1.097 1.130 1.164 1.192 1.214 1.235 1.257 1.278 1.278 1.274 1.269 1.264 1.259 1.255 1.255 1.258 1.260 1.262 1.264 1.267 1.269 1.275 1.283 1.290 1.291 1.306 1.376 1.455 1.534 1.614 1.693 1.772 1.851 1.931 1.999 2.065
0.772 0.772 0.794 0.817 0.839 0.861 0.883 0.905 0.911 0.898 0.884 0.870 0.856 0.842 0.829 0.815 0.801 0.801 0.790 0.786 0.782 0.778 0.784 0.795 0.805 0.816 0.827 0.838 0.849 0.861 0.872 0.884 0.895 0.895 0.918 0.931 0.965 0.998 1.032 1.065 1.099 1.132 1.166 1.188 1.210 1.231 1.252 1.274 1.295 1.296 1.292 1.288 1.283 1.278 1.273 1.269 1.264 1.264 1.266 1.268 1.271 1.273 1.279 1.287 1.294 1.294 1.397 1.476 1.556 1.635 1.714 1.793 1.873 1.952 2.031 2.100 2.167
0.794 0.794 0.816 0.838 0.860 0.882 0.904 0.926 0.932 0.918 0.904 0.890 0.877 0.863 0.849 0.839 0.835 0.835 0.827 0.823 0.819 0.814 0.821 0.832 0.842 0.853 0.864 0.874 0.885 0.896 0.908 0.919 0.931 0.931 0.954 0.967 1.000 1.034 1.067 1.101 1.134 1.162 1.184 1.205 1.227 1.248 1.270 1.291 1.313 1.313 1.311 1.306 1.302 1.297 1.292 1.287 1.283 1.278 1.273 1.272 1.275 1.277 1.283 1.290 1.339 1.339 1.498 1.577 1.656 1.735 1.815 1.894 1.973 2.052 2.131 2.202 2.268
0.816 0.816 0.838 0.860 0.882 0.904 0.926 0.948 0.952 0.939 0.925 0.911 0.897 0.885 0.881 0.876 0.872 0.872 0.864 0.860 0.855 0.851 0.858 0.869 0.879 0.890 0.901 0.911 0.922 0.933 0.943 0.955 0.966 0.966 0.989 1.002 1.036 1.069 1.103 1.136 1.158 1.180 1.201 1.223 1.244 1.265 1.287 1.308 1.330 1.330 1.330 1.325 1.320 1.315 1.311 1.306 1.301 1.297 1.292 1.287 1.283 1.281 1.286 1.360 1.440 1.440 1.598 1.677 1.757 1.836 1.915 1.994 2.073 2.153 2.232 2.304 2.370
0.838 0.838 0.860 0.881 0.903 0.925 0.947 0.970 0.973 0.959 0.945 0.931 0.926 0.922 0.917 0.913 0.909 0.909 0.901 0.896 0.892 0.888 0.895 0.906 0.917 0.927 0.938 0.948 0.959 0.970 0.980 0.991 1.002 1.002 1.024 1.038 1.071 1.104 1.132 1.154 1.175 1.197 1.218 1.240 1.261 1.283 1.304 1.326 1.347 1.347 1.348 1.344 1.339 1.334 1.329 1.325 1.320 1.315 1.311 1.306 1.301 1.315 1.383 1.461 1.540 1.540 1.699 1.778 1.857 1.936 2.015 2.095 2.174 2.253 2.332 2.405 2.472
0.860 0.860 0.882 0.904 0.925 0.947 0.969 0.991 0.993 0.980 0.971 0.967 0.963 0.959 0.954 0.950 0.946 0.946 0.937 0.933 0.929 0.925 0.932 0.943 0.953 0.964 0.975 0.985 0.996 1.007 1.017 1.028 1.038 1.039 1.060 1.073 1.106 1.128 1.150 1.171 1.193 1.214 1.236 1.257 1.278 1.300 1.321 1.343 1.364 1.364 1.367 1.362 1.357 1.353 1.348 1.343 1.339 1.334 1.329 1.325 1.362 1.422 1.489 1.566 1.643 1.643 1.799 1.878 1.958 2.037 2.116 2.195 2.274 2.353 2.433 2.507 2.573
0.882 0.882 0.904 0.926 0.947 0.969 0.991 1.013 1.017 1.012 1.008 1.004 1.000 0.995 0.991 0.987 0.983 0.983 0.974 0.970 0.966 0.962 0.969 0.980 0.990 1.001 1.012 1.022 1.033 1.044 1.054 1.065 1.075 1.075 1.097 1.102 1.124 1.145 1.167 1.188 1.210 1.231 1.253 1.274 1.296 1.317 1.339 1.360 1.382 1.382 1.386 1.381 1.376 1.371 1.367 1.362 1.357 1.353 1.349 1.409 1.469 1.529 1.594 1.671 1.748 1.749 1.903 1.980 2.058 2.137 2.216 2.295 2.375 2.454 2.533 2.608 2.675
0.904 0.904 0.926 0.948 0.969 0.991 1.013 1.031 1.044 1.049 1.045 1.041 1.036 1.032 1.028 1.024 1.020 1.020 1.011 1.007 1.003 0.998 1.006 1.017 1.027 1.038 1.049 1.059 1.070 1.081 1.091 1.102 1.112 1.112 1.118 1.117 1.139 1.162 1.184 1.205 1.227 1.248 1.270 1.291 1.313 1.334 1.356 1.377 1.399 1.399 1.404 1.400 1.395 1.390 1.385 1.381 1.376 1.396 1.456 1.516 1.577 1.637 1.700 1.777 1.854 1.854 2.008 2.085 2.162 2.239 2.317 2.396 2.475 2.554 2.633 2.710 2.776
0.926 0.926 0.948 0.970 0.992 1.011 1.029 1.048 1.060 1.068 1.076 1.078 1.073 1.069 1.065 1.061 1.056 1.056 1.048 1.044 1.039 1.035 1.043 1.054 1.064 1.075 1.086 1.096 1.107 1.117 1.128 1.139 1.139 1.139 1.134 1.131 1.154 1.177 1.199 1.222 1.244 1.266 1.287 1.309 1.330 1.351 1.373 1.394 1.416 1.416 1.423 1.418 1.413 1.409 1.404 1.399 1.443 1.503 1.563 1.624 1.684 1.744 1.805 1.882 1.959 1.959 2.113 2.190 2.268 2.345 2.422 2.499 2.576 2.655 2.734 2.812 2.878
0.948 0.948 0.970 0.990 1.008 1.027 1.046 1.065 1.076 1.084 1.092 1.100 1.108 1.106 1.102 1.097 1.093 1.093 1.085 1.080 1.076 1.072 1.080 1.091 1.101 1.112 1.123 1.133 1.144 1.154 1.160 1.157 1.154 1.155 1.149 1.146 1.169 1.191 1.214 1.237 1.259 1.282 1.304 1.326 1.347 1.369 1.390 1.412 1.433 1.433 1.442 1.437 1.432 1.427 1.430 1.490 1.550 1.610 1.670 1.731 1.791 1.851 1.911 1.987 2.065 2.065 2.219 2.296 2.373 2.450 2.527 2.604 2.681 2.758 2.835 2.913 2.987
0.969 0.969 0.988 1.006 1.025 1.044 1.063 1.081 1.092 1.100 1.108 1.116 1.124 1.132 1.138 1.134 1.130 1.130 1.121 1.117 1.113 1.109 1.117 1.128 1.138 1.149 1.159 1.170 1.181 1.178 1.175 1.173 1.170 1.170 1.165 1.162 1.183 1.206 1.229 1.251 1.274 1.297 1.319 1.342 1.364 1.386 1.407 1.429 1.450 1.450 1.460 1.455 1.451 1.477 1.537 1.597 1.657 1.718 1.778 1.838 1.898 1.958 2.018 2.093 2.170 2.170 2.324 2.401 2.478 2.555 2.632 2.709 2.786 2.863 2.941 3.040 3.111
0.985 0.985 1.004 1.023 1.042 1.060 1.079 1.098 1.108 1.116 1.124 1.132 1.140 1.148 1.156 1.164 1.167 1.167 1.158 1.154 1.150 1.145 1.154 1.165 1.175 1.186 1.196 1.199 1.196 1.193 1.191 1.188 1.185 1.185 1.180 1.177 1.198 1.221 1.243 1.266 1.289 1.311 1.334 1.357 1.380 1.402 1.424 1.446 1.467 1.468 1.479 1.474 1.524 1.584 1.644 1.704 1.764 1.825 1.885 1.945 2.005 2.065 2.125 2.198 2.275 2.275 2.429 2.506 2.583 2.660 2.738 2.815 2.892 2.975 3.075 3.175 3.249
0.986 0.986 1.005 1.023 1.042 1.061 1.080 1.098 1.109 1.117 1.125 1.133 1.141 1.149 1.156 1.164 1.167 1.167 1.158 1.154 1.150 1.146 1.154 1.165 1.176 1.186 1.197 1.199 1.196 1.194 1.191 1.188 1.185 1.186 1.180 1.177 1.198 1.221 1.244 1.266 1.289 1.312 1.334 1.357 1.380 1.403 1.425 1.446 1.468 1.468 1.479 1.474 1.524 1.584 1.644 1.705 1.765 1.825 1.885 1.945 2.005 2.065 2.125 2.198 2.275 2.275 2.429 2.506 2.583 2.661 2.738 2.815 2.892 2.975 3.075 3.175 3.249
1.003 1.003 1.021 1.040 1.059 1.078 1.096 1.115 1.125 1.133 1.141 1.149 1.157 1.165 1.173 1.181 1.189 1.189 1.195 1.191 1.187 1.182 1.191 1.202 1.212 1.220 1.217 1.214 1.212 1.209 1.206 1.204 1.201 1.201 1.196 1.193 1.213 1.235 1.258 1.281 1.304 1.326 1.349 1.372 1.395 1.417 1.440 1.463 1.485 1.485 1.511 1.571 1.631 1.691 1.751 1.812 1.872 1.932 1.992 2.052 2.112 2.172 2.232 2.304 2.381 2.381 2.535 2.612 2.689 2.766 2.843 2.920 3.010 3.109 3.209 3.309 3.388
1.019 1.019 1.038 1.057 1.075 1.094 1.113 1.132 1.141 1.149 1.157 1.165 1.173 1.181 1.189 1.197 1.205 1.205 1.221 1.228 1.224 1.219 1.228 1.239 1.238 1.235 1.233 1.230 1.227 1.224 1.222 1.219 1.216 1.216 1.211 1.208 1.227 1.250 1.273 1.296 1.318 1.341 1.364 1.386 1.409 1.432 1.455 1.477 1.500 1.500 1.618 1.678 1.738 1.799 1.859 1.919 1.979 2.039 2.099 2.159 2.219 2.279 2.339 2.409 2.486 2.486 2.640 2.717 2.794 2.871 2.948 3.044 3.144 3.244 3.344 3.443 3.527
1.052 1.052 1.071 1.090 1.108 1.127 1.146 1.164 1.173 1.181 1.189 1.197 1.205 1.213 1.221 1.228 1.236 1.237 1.252 1.260 1.283 1.356 1.298 1.271 1.269 1.266 1.263 1.260 1.258 1.255 1.252 1.250 1.247 1.247 1.241 1.239 1.256 1.279 1.302 1.325 1.347 1.370 1.393 1.415 1.438 1.461 1.503 1.576 1.650 1.650 1.793 1.862 1.931 2.000 2.069 2.133 2.193 2.253 2.313 2.373 2.433 2.493 2.553 2.619 2.696 2.696 2.850 2.927 3.013 3.113 3.213 3.313 3.412 3.512 3.612 3.712 3.804
1.069 1.069 1.087 1.106 1.125 1.144 1.162 1.181 1.189 1.197 1.205 1.213 1.221 1.229 1.237 1.245 1.253 1.253 1.270 1.343 1.416 1.488 1.427 1.361 1.294 1.281 1.278 1.276 1.273 1.270 1.268 1.265 1.262 1.262 1.257 1.254 1.271 1.294 1.317 1.339 1.362 1.385 1.407 1.430 1.453 1.515 1.589 1.662 1.735 1.736 1.879 1.948 2.017 2.086 2.154 2.223 2.292 2.360 2.420 2.480 2.540 2.600 2.660 2.725 2.802 2.802 2.956 3.048 3.148 3.247 3.347 3.447 3.547 3.646 3.746 3.846 3.942
1.085 1.085 1.104 1.123 1.141 1.160 1.179 1.197 1.205 1.213 1.221 1.229 1.237 1.245 1.253 1.261 1.269 1.269 1.402 1.475 1.548 1.621 1.556 1.489 1.423 1.357 1.294 1.291 1.288 1.286 1.283 1.280 1.278 1.278 1.272 1.269 1.286 1.308 1.331 1.354 1.376 1.399 1.422 1.454 1.527 1.601 1.674 1.748 1.821 1.821 1.965 2.034 2.102 2.171 2.240 2.309 2.378 2.447 2.516 2.585 2.647 2.707 2.767 2.830 2.907 2.907 3.082 3.182 3.282 3.382 3.481 3.581 3.681 3.781 3.880 3.980 4.080
1.102 1.102 1.120 1.139 1.158 1.177 1.195 1.213 1.221 1.229 1.237 1.245 1.253 1.261 1.269 1.316 1.389 1.389 1.535 1.608 1.680 1.750 1.684 1.618 1.552 1.486 1.419 1.353 1.304 1.301 1.298 1.296 1.293 1.293 1.287 1.285 1.300 1.323 1.346 1.368 1.391 1.414 1.466 1.540 1.613 1.686 1.760 1.833 1.906 1.907 2.050 2.119 2.188 2.257 2.326 2.395 2.464 2.533 2.602 2.671 2.740 2.809 2.874 2.935 3.017 3.017 3.217 3.317 3.416 3.516 3.616 3.715 3.815 3.915 4.015 4.114 4.214
1.160 1.160 1.137 1.156 1.174 1.193 1.212 1.229 1.237 1.245 1.253 1.261 1.269 1.303 1.376 1.449 1.521 1.521 1.667 1.740 1.813 1.879 1.813 1.747 1.680 1.614 1.548 1.482 1.415 1.349 1.314 1.311 1.308 1.308 1.303 1.300 1.315 1.338 1.360 1.383 1.406 1.478 1.552 1.625 1.698 1.772 1.845 1.918 1.992 1.992 2.136 2.205 2.274 2.343 2.412 2.481 2.550 2.619 2.688 2.757 2.826 2.895 2.964 3.055 3.152 3.152 3.351 3.451 3.550 3.650 3.750 3.850 3.949 4.049 4.149 4.249 4.348
1.311 1.311 1.246 1.182 1.191 1.210 1.228 1.245 1.253 1.261 1.269 1.290 1.362 1.435 1.508 1.581 1.654 1.654 1.799 1.872 1.945 2.008 1.942 1.875 1.809 1.743 1.677 1.610 1.544 1.478 1.412 1.345 1.323 1.324 1.318 1.315 1.330 1.352 1.375 1.417 1.491 1.564 1.637 1.711 1.784 1.857 1.931 2.004 2.077 2.077 2.222 2.291 2.360 2.429 2.498 2.567 2.636 2.705 2.774 2.843 2.911 2.981 3.082 3.197 3.297 3.297 3.488 3.585 3.685 3.784 3.884 3.984 4.084 4.183 4.283 4.383 4.483
1.461 1.461 1.397 1.332 1.268 1.226 1.245 1.261 1.269 1.277 1.349 1.422 1.495 1.568 1.640 1.713 1.786 1.786 1.932 2.004 2.077 2.136 2.070 2.004 1.938 1.871 1.805 1.739 1.673 1.606 1.540 1.474 1.408 1.408 1.333 1.331 1.344 1.367 1.429 1.503 1.576 1.649 1.723 1.796 1.869 1.943 2.016 2.089 2.163 2.163 2.308 2.377 2.446 2.515 2.584 2.653 2.722 2.791 2.860 2.928 2.997 3.110 3.225 3.340 3.443 3.443 3.634 3.729 3.825 3.920 4.018 4.118 4.218 4.318 4.417 4.517 4.617
1.611 1.611 1.547 1.482 1.418 1.354 1.289 1.277 1.336 1.409 1.481 1.554 1.627 1.700 1.773 1.845 1.918 1.918 2.064 2.137 2.209 2.265 2.199 2.133 2.066 2.000 1.934 1.868 1.801 1.735 1.669 1.603 1.536 1.536 1.404 1.346 1.368 1.442 1.515 1.588 1.661 1.735 1.808 1.881 1.955 2.028 2.101 2.175 2.248 2.248 2.394 2.463 2.532 2.601 2.670 2.739 2.807 2.876 2.945 3.022 3.137 3.252 3.367 3.482 3.588 3.589 3.779 3.875 3.970 4.066 4.161 4.257 4.352 4.452 4.551 4.651 4.751
1.761 1.761 1.697 1.632 1.568 1.504 1.454 1.434 1.468 1.541 1.614 1.686 1.759 1.832 1.905 1.978 2.050 2.050 2.196 2.269 2.342 2.394 2.327 2.261 2.195 2.129 2.062 1.996 1.930 1.864 1.797 1.731 1.665 1.665 1.532 1.502 1.505 1.529 1.600 1.674 1.747 1.820 1.894 1.967 2.040 2.113 2.187 2.260 2.333 2.334 2.480 2.549 2.618 2.687 2.755 2.824 2.893 2.962 3.050 3.165 3.280 3.395 3.510 3.625 3.734 3.734 3.925 4.020 4.116 4.211 4.307 4.402 4.498 4.593 4.689 4.785 4.885
1.911 1.911 1.847 1.782 1.731 1.688 1.646 1.631 1.663 1.694 1.746 1.819 1.891 1.964 2.037 2.110 2.183 2.183 2.328 2.401 2.474 2.522 2.456 2.390 2.324 2.257 2.191 2.125 2.058 1.992 1.926 1.860 1.793 1.794 1.727 1.705 1.707 1.730 1.754 1.778 1.832 1.906 1.979 2.052 2.126 2.199 2.272 2.346 2.419 2.419 2.566 2.635 2.703 2.772 2.841 2.910 2.979 3.077 3.192 3.307 3.422 3.537 3.652 3.767 3.879 3.880 4.070 4.166 4.261 4.357 4.452 4.548 4.643 4.739 4.834 4.930 5.025
2.061 2.061 2.008 1.966 1.923 1.880 1.838 1.829 1.860 1.892 1.923 1.955 2.024 2.096 2.169 2.242 2.315 2.315 2.460 2.533 2.606 2.651 2.585 2.518 2.452 2.386 2.320 2.253 2.187 2.121 2.055 1.996 1.974 1.975 1.931 1.909 1.908 1.932 1.956 1.979 2.003 2.026 2.064 2.138 2.211 2.284 2.358 2.431 2.504 2.504 2.651 2.720 2.789 2.858 2.927 2.996 3.105 3.220 3.335 3.450 3.565 3.680 3.795 3.910 4.025 4.025 4.216 4.311 4.407 4.502 4.598 4.693 4.789 4.884 4.980 5.075 5.133
2.243 2.243 2.200 2.158 2.115 2.072 2.030 2.026 2.058 2.089 2.121 2.152 2.184 2.228 2.301 2.374 2.447 2.447 2.592 2.665 2.738 2.779 2.713 2.647 2.581 2.514 2.448 2.382 2.316 2.249 2.222 2.200 2.178 2.178 2.135 2.113 2.110 2.134 2.157 2.180 2.204 2.228 2.251 2.275 2.298 2.370 2.443 2.516 2.590 2.590 2.736 2.806 2.875 2.944 3.017 3.133 3.247 3.362 3.477 3.592 3.707 3.822 3.937 4.052 4.167 4.167 4.361 4.457 4.552 4.648 4.743 4.839 4.934 5.030 5.125 5.170 5.193
2.435 2.435 2.392 2.349 2.307 2.264 2.222 2.224 2.255 2.287 2.318 2.350 2.382 2.413 2.445 2.506 2.579 2.579 2.725 2.797 2.870 2.908 2.842 2.775 2.709 2.643 2.577 2.510 2.469 2.447 2.426 2.404 2.382 2.382 2.339 2.317 2.312 2.335 2.358 2.382 2.405 2.429 2.453 2.476 2.499 2.523 2.547 2.602 2.675 2.675 2.822 2.892 2.961 3.045 3.160 3.275 3.390 3.505 3.620 3.735 3.850 3.965 4.080 4.195 4.309 4.310 4.507 4.602 4.698 4.793 4.889 4.984 5.080 5.175 5.207 5.230 5.252
2.435 2.435 2.392 2.350 2.307 2.264 2.222 2.224 2.255 2.287 2.318 2.350 2.382 2.413 2.445 2.506 2.579 2.579 2.725 2.797 2.870 2.908 2.842 2.775 2.709 2.643 2.577 2.510 2.469 2.447 2.426 2.404 2.382 2.382 2.339 2.317 2.312 2.335 2.358 2.382 2.406 2.429 2.453 2.476 2.500 2.523 2.547 2.602 2.675 2.675 2.822 2.892 2.961 3.045 3.160 3.275 3.390 3.505 3.620 3.735 3.850 3.965 4.080 4.195 4.309 4.310 4.507 4.602 4.698 4.793 4.889 4.984 5.080 5.175 5.207 5.230 5.252
2.627 2.627 2.584 2.541 2.499 2.456 2.413 2.421 2.453 2.484 2.516 2.547 2.579 2.611 2.642 2.674 2.711 2.711 2.857 2.930 3.002 3.037 2.970 2.904 2.838 2.772 2.716 2.695 2.673 2.651 2.630 2.608 2.586 2.586 2.543 2.521 2.513 2.536 2.560 2.584 2.607 2.630 2.654 2.677 2.701 2.725 2.748 2.771 2.795 2.795 2.907 2.978 3.073 3.188 3.302 3.417 3.532 3.647 3.762 3.877 3.992 4.107 4.222 4.337 4.452 4.452 4.652 4.748 4.843 4.939 5.034 5.130 5.220 5.243 5.266 5.289 5.312
2.819 2.819 2.776 2.733 2.691 2.648 2.605 2.619 2.650 2.682 2.713 2.745 2.776 2.808 2.840 2.871 2.903 2.903 2.989 3.062 3.134 3.165 3.099 3.032 2.966 2.942 2.920 2.899 2.877 2.855 2.833 2.812 2.790 2.790 2.746 2.725 2.714 2.738 2.762 2.785 2.808 2.832 2.855 2.879 2.902 2.926 2.949 2.973 2.997 2.997 3.044 3.101 3.215 3.330 3.445 3.560 3.675 3.790 3.905 4.020 4.135 4.250 4.364 4.479 4.594 4.594 4.798 4.893 4.989 5.084 5.180 5.257 5.280 5.303 5.326 5.349 5.372
3.202 3.202 3.160 3.117 3.074 3.032 2.989 3.013 3.045 3.077 3.108 3.140 3.171 3.203 3.235 3.266 3.298 3.298 3.361 3.392 3.424 3.436 3.415 3.393 3.371 3.350 3.328 3.306 3.284 3.263 3.241 3.219 3.197 3.198 3.154 3.132 3.117 3.141 3.164 3.188 3.211 3.235 3.258 3.282 3.305 3.329 3.352 3.376 3.399 3.399 3.411 3.418 3.527 3.637 3.747 3.857 3.967 4.077 4.190 4.304 4.419 4.534 4.649 4.764 4.879 4.879 5.089 5.184 5.280 5.331 5.354 5.376 5.399 5.422 5.445 5.468 5.491
3.394 3.394 3.351 3.309 3.266 3.224 3.181 3.211 3.242 3.274 3.306 3.337 3.369 3.400 3.432 3.464 3.495 3.495 3.558 3.577 3.575 3.586 3.611 3.597 3.575 3.553 3.532 3.510 3.488 3.466 3.445 3.423 3.401 3.401 3.358 3.336 3.319 3.342 3.366 3.389 3.413 3.436 3.460 3.483 3.507 3.530 3.554 3.574 3.580 3.580 3.593 3.599 3.686 3.796 3.905 4.015 4.125 4.235 4.345 4.455 4.564 4.677 4.792 4.907 5.022 5.022 5.234 5.330 5.367 5.390 5.413 5.436 5.459 5.482 5.505 5.528 5.551
3.586 3.586 3.543 3.501 3.458 3.415 3.377 3.408 3.440 3.471 3.503 3.535 3.566 3.598 3.629 3.661 3.692 3.693 3.707 3.706 3.704 3.717 3.742 3.767 3.779 3.757 3.735 3.714 3.692 3.670 3.649 3.627 3.605 3.605 3.562 3.540 3.520 3.544 3.567 3.591 3.614 3.638 3.661 3.685 3.708 3.732 3.750 3.756 3.762 3.762 3.774 3.780 3.844 3.954 4.064 4.174 4.283 4.393 4.503 4.613 4.723 4.833 4.942 5.052 5.164 5.164 5.380 5.404 5.427 5.450 5.473 5.496 5.519 5.541 5.564 5.587 5.610
