includes/camargue/floodfiles/results_R3_t1.56234553567E12/res-0004.wd
ncols         906
nrows         631
xllcorner     362177.146667
yllcorner     6534725.688020
cellsize      20.000000
NODATA_value  -9999.000000
[rows 442 to 475 of 631, columns 77 to 153 of 906]
3.701 3.531 3.441 3.541 3.631 3.591 3.371 3.411 3.381 3.521 3.601 3.371 3.372 0.653 0.611 2.045 2.095 1.205 2.175 2.185 0.295 0.000 0.011 0.002 0.357 0.013 0.000 0.000 0.000 0.000 0.000 0.000 0.000 0.000 0.000 0.000 0.000 0.000 0.000 0.000 0.000 0.000 0.000 0.000 0.000 0.000 0.000 0.000 0.000 0.000 0.000 0.000 0.000 0.000 0.000 0.000 0.000 0.000 0.000 0.000 0.000 0.000 0.000 0.000 0.000 0.000 0.000 0.000 0.000 0.000 0.000 0.000 0.000 0.000 0.000 0.000 0.000
3.701 3.531 3.441 3.541 3.631 3.591 3.371 3.411 3.382 3.522 3.602 3.372 3.372 0.652 0.610 2.045 2.095 1.205 2.175 2.185 0.295 0.000 0.020 0.000 0.357 0.016 0.000 0.000 0.000 0.000 0.000 0.000 0.000 0.000 0.000 0.000 0.000 0.000 0.000 0.000 0.000 0.000 0.000 0.000 0.000 0.000 0.000 0.000 0.000 0.000 0.000 0.000 0.000 0.000 0.000 0.000 0.000 0.000 0.000 0.000 0.000 0.000 0.000 0.000 0.000 0.000 0.000 0.000 0.000 0.000 0.000 0.000 0.000 0.000 0.000 0.000 0.000
4.091 3.781 3.641 3.381 3.491 3.581 3.392 3.442 3.782 3.452 3.462 3.322 3.322 3.252 0.677 0.623 1.224 2.245 2.255 1.735 0.595 0.003 0.002 0.379 0.078 0.002 0.000 0.000 0.000 0.000 0.000 0.000 0.000 0.000 0.000 0.000 0.000 0.000 0.000 0.000 0.000 0.000 0.000 0.000 0.000 0.000 0.000 0.000 0.000 0.000 0.000 0.000 0.000 0.000 0.000 0.000 0.000 0.000 0.000 0.000 0.000 0.000 0.000 0.000 0.000 0.000 0.000 0.000 0.000 0.000 0.000 0.000 0.000 0.000 0.000 0.000 0.000
4.181 4.131 3.901 3.591 3.641 3.392 3.432 3.332 3.482 3.562 3.382 3.312 3.312 3.142 3.082 0.678 0.696 0.814 2.265 1.755 0.555 0.526 0.747 0.349 0.609 0.063 0.000 0.000 0.000 0.000 0.000 0.000 0.000 0.000 0.000 0.000 0.000 0.000 0.000 0.000 0.000 0.000 0.000 0.000 0.000 0.000 0.000 0.000 0.000 0.000 0.000 0.000 0.000 0.000 0.000 0.000 0.000 0.000 0.000 0.000 0.000 0.000 0.000 0.000 0.000 0.000 0.000 0.000 0.000 0.000 0.000 0.000 0.000 0.000 0.000 0.000 0.000
4.975 4.795 4.102 4.112 3.752 3.552 3.692 3.502 3.442 3.502 3.552 3.322 3.322 3.212 3.182 3.233 3.183 0.677 0.662 1.855 1.145 0.606 0.897 0.478 0.329 0.005 0.000 0.000 0.000 0.000 0.000 0.000 0.000 0.000 0.000 0.000 0.000 0.000 0.000 0.000 0.000 0.000 0.000 0.000 0.000 0.000 0.000 0.000 0.000 0.000 0.000 0.000 0.000 0.000 0.000 0.000 0.000 0.000 0.000 0.000 0.000 0.000 0.000 0.000 0.000 0.000 0.000 0.000 0.000 0.000 0.000 0.000 0.000 0.000 0.000 0.000 0.000
5.115 4.930 4.202 4.162 4.022 3.692 3.632 3.242 3.512 3.342 3.532 3.342 3.342 3.532 3.292 3.233 3.173 2.803 0.644 1.984 0.425 0.012 0.398 0.828 0.091 0.002 0.000 0.000 0.000 0.000 0.000 0.000 0.000 0.000 0.000 0.000 0.000 0.000 0.000 0.000 0.000 0.000 0.000 0.000 0.000 0.000 0.000 0.000 0.000 0.000 0.000 0.000 0.000 0.000 0.000 0.000 0.000 0.000 0.000 0.000 0.000 0.000 0.000 0.000 0.000 0.000 0.000 0.000 0.000 0.000 0.000 0.000 0.000 0.000 0.000 0.000 0.000
5.175 4.964 4.753 4.542 3.922 3.722 3.612 3.672 3.542 3.482 3.352 3.542 3.542 3.302 3.393 3.213 3.233 3.033 2.173 0.519 0.544 0.205 0.000 0.828 0.003 0.000 0.000 0.000 0.000 0.000 0.000 0.000 0.000 0.000 0.000 0.000 0.000 0.000 0.000 0.000 0.000 0.000 0.000 0.000 0.000 0.000 0.000 0.000 0.000 0.000 0.000 0.000 0.000 0.000 0.000 0.000 0.000 0.000 0.000 0.000 0.000 0.000 0.000 0.000 0.000 0.000 0.000 0.000 0.000 0.000 0.000 0.000 0.000 0.000 0.000 0.000 0.000
5.209 4.999 4.788 4.192 4.112 3.902 3.882 3.672 3.752 3.622 3.462 3.392 3.392 3.472 3.363 3.303 3.243 3.333 2.973 0.428 0.418 0.264 0.215 0.018 0.009 0.000 0.000 0.000 0.000 0.000 0.000 0.000 0.000 0.000 0.000 0.000 0.000 0.000 0.000 0.000 0.000 0.000 0.000 0.000 0.000 0.000 0.000 0.000 0.000 0.000 0.000 0.000 0.000 0.000 0.000 0.000 0.000 0.000 0.000 0.000 0.000 0.000 0.000 0.000 0.000 0.000 0.000 0.000 0.000 0.000 0.000 0.000 0.000 0.000 0.000 0.000 0.000
5.244 5.033 4.822 4.611 4.132 3.812 3.692 3.702 3.632 3.492 3.622 3.503 3.503 3.203 3.253 3.583 3.343 3.373 3.273 3.033 0.381 0.359 0.000 0.004 0.000 0.000 0.000 0.000 0.000 0.000 0.000 0.000 0.000 0.000 0.000 0.000 0.000 0.000 0.000 0.000 0.000 0.000 0.000 0.000 0.000 0.000 0.000 0.000 0.000 0.000 0.000 0.000 0.000 0.000 0.000 0.000 0.000 0.000 0.000 0.000 0.000 0.000 0.000 0.000 0.000 0.000 0.000 0.000 0.000 0.000 0.000 0.000 0.000 0.000 0.000 0.319 0.320
5.278 5.067 4.856 4.645 4.434 3.952 3.742 3.672 3.642 3.502 3.423 3.283 3.283 3.413 3.273 3.333 3.383 3.143 3.083 3.163 2.933 0.348 0.322 0.000 0.022 0.000 0.000 0.000 0.000 0.000 0.000 0.000 0.000 0.000 0.000 0.000 0.000 0.000 0.000 0.000 0.000 0.000 0.000 0.000 0.000 0.000 0.000 0.000 0.000 0.000 0.000 0.000 0.000 0.000 0.000 0.000 0.000 0.000 0.000 0.000 0.000 0.000 0.000 0.000 0.000 0.000 0.000 0.000 0.000 0.000 0.000 0.000 0.000 0.414 0.646 0.558 0.560
5.312 5.101 4.890 4.679 4.495 4.142 4.102 3.743 3.602 3.582 3.423 3.513 3.513 3.443 3.473 3.253 3.373 3.263 3.233 3.094 3.024 2.304 0.360 0.053 0.000 0.018 0.000 0.000 0.000 0.000 0.000 0.000 0.000 0.000 0.000 0.000 0.000 0.000 0.000 0.000 0.000 0.000 0.000 0.000 0.000 0.000 0.000 0.000 0.000 0.000 0.000 0.000 0.000 0.000 0.000 0.000 0.000 0.000 0.000 0.000 0.000 0.000 0.000 0.000 0.000 0.000 0.000 0.000 0.000 0.000 0.000 0.139 0.752 0.783 1.005 0.578 0.579
5.356 5.135 4.924 4.202 4.142 3.992 3.932 3.753 3.733 3.753 3.583 3.483 3.483 3.293 3.403 3.423 3.333 3.123 3.503 3.214 2.883 2.573 0.352 0.155 0.000 0.000 0.000 0.000 0.000 0.000 0.000 0.000 0.000 0.000 0.000 0.000 0.000 0.000 0.000 0.000 0.000 0.000 0.000 0.000 0.000 0.000 0.000 0.000 0.000 0.000 0.000 0.000 0.000 0.000 0.000 0.000 0.000 0.000 0.000 0.000 0.000 0.000 0.000 0.000 0.000 0.000 0.000 0.000 0.000 0.219 0.602 0.415 0.791 1.072 0.645 1.188 1.189
5.406 5.183 4.960 4.747 4.092 4.122 4.052 4.033 3.813 3.613 3.563 3.553 3.553 3.263 3.403 3.203 3.203 3.383 3.313 3.443 3.294 3.163 0.376 0.175 0.000 0.000 0.000 0.000 0.000 0.000 0.000 0.000 0.000 0.000 0.000 0.000 0.000 0.000 0.000 0.000 0.000 0.000 0.000 0.000 0.000 0.000 0.000 0.000 0.000 0.000 0.000 0.000 0.000 0.000 0.000 0.000 0.000 0.000 0.000 0.000 0.000 0.000 0.173 0.115 0.145 0.056 0.000 0.147 0.421 0.337 0.531 0.634 0.839 1.052 0.635 0.698 0.699
5.456 5.233 5.010 4.805 4.172 4.142 3.963 3.983 3.773 3.813 3.513 3.413 3.413 3.453 3.283 3.283 3.403 3.353 3.483 3.323 3.304 2.924 0.350 0.359 0.000 0.000 0.000 0.000 0.000 0.000 0.000 0.000 0.000 0.000 0.000 0.000 0.000 0.000 0.000 0.000 0.000 0.000 0.000 0.000 0.000 0.000 0.000 0.000 0.000 0.000 0.000 0.000 0.000 0.000 0.000 0.000 0.000 0.000 0.000 0.000 0.000 0.000 0.425 0.513 0.470 0.681 0.640 0.299 0.800 1.276 1.328 0.992 0.815 0.005 0.004 0.002 0.003
5.505 5.283 5.092 4.901 4.749 4.113 3.993 3.873 3.923 3.813 3.613 3.513 3.513 3.253 3.343 3.443 3.333 3.643 3.423 3.404 3.314 3.094 2.584 0.357 0.004 0.000 0.000 0.000 0.000 0.000 0.000 0.000 0.000 0.000 0.000 0.000 0.000 0.000 0.000 0.000 0.000 0.000 0.000 0.000 0.000 0.000 0.000 0.000 0.000 0.000 0.000 0.000 0.000 0.000 0.000 0.000 0.000 0.000 0.000 0.000 0.000 0.001 0.268 0.208 0.599 0.371 0.493 0.298 0.860 0.575 0.597 0.000 0.000 0.005 0.001 0.000 0.000
5.569 5.378 5.187 4.997 4.806 4.123 4.618 4.053 3.823 3.943 3.633 3.513 3.513 3.473 3.533 3.293 3.064 3.684 3.544 3.394 3.384 3.404 2.994 0.366 0.185 0.000 0.000 0.000 0.000 0.000 0.000 0.000 0.000 0.000 0.000 0.000 0.000 0.000 0.000 0.000 0.000 0.000 0.000 0.000 0.000 0.000 0.000 0.000 0.000 0.000 0.000 0.000 0.000 0.000 0.000 0.000 0.000 0.000 0.000 0.000 0.000 0.157 0.189 0.271 0.191 0.000 0.000 0.022 0.010 0.000 0.000 0.002 0.002 0.001 3.811 2.152 2.151
5.665 5.474 5.283 5.092 4.901 4.758 4.033 4.083 4.023 3.883 3.773 3.503 3.503 3.343 3.294 3.284 3.364 3.494 3.344 3.454 3.194 3.244 3.264 0.417 0.334 0.000 0.000 0.000 0.000 0.000 0.000 0.000 0.000 0.000 0.000 0.000 0.000 0.000 0.000 0.000 0.000 0.000 0.000 0.000 0.000 0.000 0.000 0.000 0.000 0.000 0.000 0.000 0.000 0.000 0.000 0.000 0.000 0.000 0.000 0.000 0.000 0.087 0.046 0.098 0.254 0.000 0.000 0.112 0.017 0.003 0.003 3.252 3.612 4.191 1.952 2.361 2.361
5.665 5.474 5.283 5.092 4.901 4.759 4.033 4.083 4.023 3.883 3.773 3.503 3.504 3.344 3.294 3.284 3.364 3.494 3.344 3.454 3.194 3.244 3.264 0.417 0.334 0.000 0.000 0.000 0.000 0.000 0.000 0.000 0.000 0.000 0.000 0.000 0.000 0.000 0.000 0.000 0.000 0.000 0.000 0.000 0.000 0.000 0.000 0.000 0.000 0.000 0.000 0.000 0.000 0.000 0.000 0.000 0.000 0.000 0.000 0.000 0.000 0.015 0.007 0.045 0.241 0.000 0.000 0.112 0.019 0.000 0.000 3.252 3.611 4.191 1.952 2.361 2.361
5.760 5.569 5.379 5.188 4.997 4.163 4.718 4.123 4.083 3.923 4.004 3.524 3.524 3.574 3.344 3.244 3.434 3.184 3.294 3.124 3.174 3.234 3.394 0.423 0.537 0.000 0.000 0.000 0.000 0.000 0.000 0.000 0.000 0.000 0.000 0.000 0.000 0.000 0.000 0.000 0.000 0.000 0.000 0.000 0.000 0.000 0.000 0.000 0.000 0.000 0.000 0.000 0.000 0.000 0.000 0.000 0.000 0.000 0.000 0.000 0.000 0.000 0.002 0.001 0.002 0.015 0.023 0.000 0.000 3.312 3.672 4.112 4.182 4.221 2.162 2.571 2.571
5.856 5.665 5.474 5.283 5.092 4.902 4.103 4.678 4.153 4.204 4.014 3.754 3.754 3.634 3.444 3.394 3.544 3.614 3.334 3.514 3.294 3.165 3.125 2.555 0.394 0.000 0.000 0.000 0.000 0.000 0.000 0.000 0.000 0.000 0.000 0.000 0.000 0.000 0.000 0.000 0.000 0.000 0.000 0.000 0.000 0.000 0.000 0.000 0.000 0.000 0.000 0.000 0.000 0.000 0.000 0.000 0.000 0.000 0.000 0.000 0.000 0.000 0.000 0.000 0.000 0.000 0.002 3.242 3.702 3.982 4.212 1.475 1.607 1.963 2.372 2.781 2.781
6.309 5.978 5.665 5.474 5.283 5.093 4.902 4.778 4.114 3.894 3.944 3.864 3.864 3.524 3.534 3.624 3.354 3.274 3.304 3.425 3.315 3.415 3.305 3.185 2.875 0.328 0.445 0.000 0.000 0.000 0.000 0.000 0.000 0.000 0.000 0.000 0.000 0.000 0.000 0.000 0.000 0.000 0.000 0.000 0.000 0.000 0.000 0.000 0.000 0.000 0.000 0.000 0.000 0.000 0.000 0.000 0.000 0.000 0.000 0.000 0.000 0.000 0.000 2.961 3.531 4.001 1.160 1.453 1.746 2.039 2.240 2.372 2.503 2.634 2.791 3.200 3.200
7.012 6.681 6.351 6.020 5.689 5.359 5.028 4.827 3.954 4.024 4.144 3.664 3.664 3.594 3.544 3.394 3.455 3.315 3.295 3.265 3.385 3.265 3.295 3.035 3.195 0.488 0.409 0.000 0.000 0.000 0.000 0.000 0.000 0.000 0.000 0.000 0.000 0.000 0.000 0.000 0.000 0.000 0.000 0.000 0.000 0.000 0.000 0.000 0.000 0.000 0.000 0.000 0.000 0.000 0.000 0.000 0.000 0.000 0.000 0.000 0.000 3.180 3.541 3.811 4.171 4.071 1.649 1.943 2.236 2.529 2.689 2.820 2.951 3.082 3.213 3.410 3.410
7.715 7.384 7.054 6.723 6.392 6.062 5.731 5.090 4.789 4.084 3.964 3.814 3.814 3.654 3.525 3.495 3.445 3.445 3.375 3.405 3.195 3.095 3.426 3.046 3.116 2.776 0.154 0.000 0.000 0.000 0.000 0.000 0.000 0.000 0.000 0.000 0.000 0.000 0.000 0.000 0.000 0.000 0.000 0.000 0.000 0.000 0.000 0.000 0.000 0.000 0.000 0.000 0.000 0.000 0.000 0.000 0.000 0.000 2.519 2.879 2.880 3.830 4.200 1.270 1.552 1.845 2.138 2.432 2.725 3.005 3.137 3.268 3.399 3.530 3.662 3.793 3.793
8.418 8.087 7.757 7.426 7.096 6.765 6.205 5.494 4.174 4.084 3.965 3.845 3.845 3.585 3.475 3.545 3.425 3.355 3.365 3.025 3.075 3.016 2.786 2.976 2.976 3.226 0.429 0.000 0.000 0.000 0.000 0.000 0.000 0.000 0.000 0.000 0.000 0.000 0.000 0.000 0.000 0.000 0.000 0.000 0.000 0.000 0.000 0.000 0.000 0.000 0.000 0.000 0.000 0.000 0.000 1.527 0.000 2.899 3.249 3.579 3.580 1.459 1.654 1.849 2.044 4.211 2.628 2.921 3.214 3.453 3.585 3.716 3.847 3.978 4.110 4.241 4.241
9.121 8.791 8.460 8.129 7.799 7.320 6.608 5.897 4.145 4.055 4.075 3.645 3.645 3.505 3.485 3.355 3.575 3.395 3.305 3.006 3.076 3.036 3.086 3.046 3.076 2.987 0.460 0.000 0.000 0.000 0.000 0.000 0.000 0.000 0.000 0.000 0.000 0.000 0.000 0.000 0.000 0.000 0.000 0.000 0.000 0.000 0.000 0.000 0.000 0.000 0.000 0.000 0.000 0.000 0.000 2.868 3.338 3.499 4.019 4.219 4.220 2.037 2.232 2.427 2.622 4.201 3.117 3.410 3.703 3.901 4.032 4.164 4.295 4.426 4.558 4.689 4.689
9.824 9.494 9.163 8.832 8.435 7.723 7.012 6.301 5.589 4.205 3.785 3.825 3.825 3.625 3.436 3.366 3.206 3.076 3.266 3.216 3.306 3.216 3.336 3.297 3.307 3.067 1.977 0.000 0.000 0.000 0.000 0.000 0.000 0.000 0.000 0.000 0.000 0.000 0.000 0.000 0.000 0.000 0.000 0.000 0.000 0.000 0.000 0.000 0.000 0.000 0.000 0.000 0.000 2.698 3.128 3.408 4.068 4.109 2.171 2.291 2.291 2.615 2.810 3.006 3.201 3.396 3.606 3.899 4.192 4.349 4.480 4.612 4.743 4.874 5.006 5.010 5.010
10.527 10.197 9.866 9.535 8.838 8.127 7.415 6.704 5.993 4.075 3.975 3.785 3.786 3.556 3.066 3.506 3.526 3.486 3.376 3.386 3.356 3.307 3.177 3.277 3.297 3.067 2.488 0.000 0.000 0.000 0.000 0.000 0.000 0.000 0.000 0.000 0.000 0.000 0.000 0.000 0.000 0.000 0.000 0.000 0.000 0.000 0.000 0.000 0.000 0.000 0.000 2.667 3.028 3.448 3.798 4.128 2.487 2.607 2.727 2.847 2.848 3.194 3.389 3.584 3.779 3.974 4.169 4.388 4.665 4.797 4.928 5.038 5.032 5.026 5.020 5.014 5.014
11.230 10.900 10.569 9.953 9.242 8.530 7.819 7.108 6.396 4.106 4.026 3.396 3.396 3.816 3.576 3.626 3.446 3.536 3.557 3.417 3.497 3.297 3.297 3.227 3.057 3.078 2.758 0.459 0.460 0.000 0.000 0.000 0.000 0.000 0.000 0.000 0.000 0.000 0.000 0.000 0.000 0.000 0.000 0.000 0.000 0.000 0.000 0.000 0.000 0.000 3.087 3.437 3.928 4.068 2.776 2.923 3.043 3.163 3.283 3.403 3.404 3.772 3.967 4.162 4.358 4.553 4.747 4.942 5.060 5.054 5.048 5.043 5.037 5.031 5.025 5.019 5.019
11.721 11.603 11.068 10.357 9.645 8.934 8.222 7.511 6.800 4.116 3.746 3.946 3.946 3.756 3.666 3.577 3.617 3.537 3.727 3.587 3.447 3.297 3.367 3.248 3.218 3.098 2.998 0.332 0.333 0.000 0.000 0.000 0.000 0.000 0.000 0.000 0.000 0.000 0.000 0.000 0.000 0.000 0.000 0.000 0.000 0.000 0.000 0.000 3.107 3.367 3.787 4.067 2.995 3.147 3.299 3.451 3.599 3.719 3.839 3.961 3.961 4.351 4.546 4.741 4.936 5.096 5.092 5.088 5.072 5.059 5.053 5.047 5.041 5.035 5.029 5.023 5.023
11.950 12.108 11.471 10.760 10.049 9.337 8.626 7.915 7.203 6.492 4.116 4.006 4.006 3.917 3.737 3.857 3.737 3.827 3.577 3.437 3.557 3.308 3.288 3.338 3.318 3.158 2.979 0.421 0.421 0.000 0.000 0.000 0.000 0.000 0.000 0.000 0.000 0.000 0.000 0.000 0.000 0.000 0.000 0.000 0.000 0.000 3.157 3.437 3.707 4.107 3.034 3.367 3.518 3.671 3.822 3.974 4.127 4.275 4.395 4.540 4.540 4.930 5.124 5.127 5.123 5.119 5.115 5.110 5.090 5.069 5.057 5.051 5.045 5.039 5.033 5.027 5.027
11.862 11.623 11.162 10.629 10.095 9.562 9.029 8.318 7.607 6.896 6.185 4.976 4.976 4.107 4.097 3.837 3.987 3.667 3.697 3.458 3.318 3.438 3.258 3.539 3.249 3.239 3.009 1.030 1.031 0.010 0.000 0.000 0.000 0.000 0.000 0.000 0.000 0.000 0.000 0.000 0.000 0.000 0.000 3.106 3.107 3.507 3.717 2.550 2.915 3.279 3.643 3.890 4.042 4.194 4.346 4.498 4.650 4.802 4.951 5.118 5.118 5.158 5.154 5.150 5.146 5.142 5.137 5.128 5.107 5.086 5.065 5.055 5.049 5.043 5.037 5.031 5.031
11.440 11.108 10.749 10.215 9.682 9.149 8.616 8.082 7.549 7.016 6.482 5.165 5.165 4.948 4.177 3.937 3.877 3.848 3.868 3.778 3.478 3.528 3.499 3.129 3.239 3.299 3.000 1.251 1.251 1.002 0.000 0.000 0.000 0.000 0.000 0.005 0.002 0.000 0.000 2.426 2.616 2.886 3.216 3.666 3.667 4.117 2.795 3.160 3.525 3.889 4.254 4.413 4.565 4.717 4.869 5.021 5.173 5.231 5.237 5.189 5.189 5.181 5.177 5.172 5.168 5.164 5.160 5.145 5.124 5.103 5.082 5.061 5.054 5.048 5.042 5.036 5.036
10.925 10.594 10.262 9.802 9.269 8.736 8.202 7.669 7.136 6.603 6.069 5.156 5.156 5.190 5.144 5.068 4.991 4.178 4.008 4.048 3.979 4.079 3.659 3.509 3.219 3.110 2.940 1.781 1.781 1.442 1.192 0.833 0.823 0.505 0.905 1.525 2.165 2.566 2.856 3.166 3.326 3.576 4.026 3.356 3.356 3.504 3.653 3.801 4.135 4.499 4.784 4.936 5.088 5.240 5.309 5.315 5.320 5.325 5.308 5.251 5.252 5.203 5.199 5.195 5.191 5.187 5.183 5.162 5.141 5.120 5.100 5.079 5.058 5.052 5.046 5.042 5.042
10.411 10.079 9.748 9.389 8.856 8.323 7.789 7.256 6.723 6.189 5.656 5.193 5.193 5.254 5.435 5.438 5.361 5.285 5.208 5.132 4.169 4.179 4.059 4.040 3.740 3.430 3.200 2.331 2.331 1.722 1.503 1.463 1.534 1.944 2.465 2.775 3.135 3.425 3.616 3.816 3.627 3.786 3.937 4.233 4.233 4.381 4.529 4.677 4.826 5.109 5.307 5.388 5.393 5.398 5.403 5.408 5.413 5.419 5.378 5.321 5.322 5.226 5.222 5.218 5.214 5.210 5.200 5.179 5.158 5.138 5.117 5.096 5.075 5.056 5.050 5.053 5.053
