includes/camargue/floodfiles/results_R3_t1.56234553567E12/res-0006.wdfp
ncols         906
nrows         631
xllcorner     362177.146667
yllcorner     6534725.688020
cellsize      20.000000
NODATA_value  -9999.000000
[rows 476 to 509 of 631, columns 231 to 307 of 906]
3.436 3.376 3.466 3.466 3.406 3.356 3.436 3.446 3.395 3.415 3.495 3.405 3.853 3.275 3.879 3.891 3.895 3.899 3.454 3.454 3.444 3.454 3.444 3.404 3.394 3.424 3.344 3.414 3.484 3.443 3.413 3.829 3.393 3.513 3.781 3.781 3.393 3.413 3.293 3.243 3.273 3.702 3.689 3.676 3.663 3.222 3.402 3.282 3.082 3.122 3.152 3.152 3.292 3.172 3.042 2.982 2.832 2.702 2.612 2.632 2.562 2.462 1.552 0.000 0.972 0.562 0.000 0.001 0.000 0.757 0.557 0.017 0.000 0.244 0.000 0.000 0.705
3.426 3.406 3.827 3.827 3.436 3.396 3.456 3.446 3.276 3.365 3.445 3.365 3.865 3.878 3.891 3.904 3.917 3.930 3.930 3.930 3.923 3.918 3.913 3.414 3.454 3.474 3.364 3.514 3.474 3.881 3.443 3.872 3.473 3.483 3.423 3.423 3.393 3.413 3.403 3.273 3.333 3.745 3.732 3.503 3.313 3.353 3.143 3.233 3.223 3.002 3.022 3.022 3.172 3.072 3.042 2.872 0.000 0.000 0.000 0.000 0.000 0.000 0.000 0.000 1.072 0.000 0.000 0.000 0.137 0.187 0.000 0.000 0.183 0.002 0.000 0.008 0.615
3.908 3.396 3.346 3.346 3.426 3.456 3.466 3.436 3.837 3.365 3.415 3.325 3.889 3.902 3.915 3.928 3.941 3.505 3.485 3.484 3.973 4.003 3.999 3.994 3.989 3.985 3.444 3.474 3.971 3.966 3.503 3.957 3.473 3.433 3.503 3.503 3.343 3.283 3.423 3.423 3.844 3.831 3.817 3.273 3.243 3.273 3.283 3.203 3.213 3.273 3.143 3.143 3.083 3.123 2.912 2.953 0.000 0.000 0.215 0.115 0.045 0.065 0.000 0.000 0.000 0.000 0.000 0.000 0.000 0.000 0.000 0.000 0.000 0.001 0.176 0.585 0.465
3.516 3.406 3.876 3.876 3.386 3.366 3.466 3.436 3.426 3.405 3.365 3.385 3.405 3.415 3.927 3.495 3.939 3.927 3.918 3.918 3.950 3.982 4.013 4.037 4.032 4.027 4.023 4.018 4.014 4.009 4.004 4.000 3.992 3.453 3.453 3.453 3.343 3.926 3.913 3.900 3.886 3.493 3.453 3.433 3.233 3.323 3.283 3.243 3.163 3.163 3.153 3.153 3.063 3.073 2.993 2.943 1.543 0.000 0.405 0.005 0.125 0.009 0.291 0.341 0.000 0.000 0.000 0.000 0.000 0.000 0.000 0.000 0.000 0.000 0.000 0.000 0.226
3.306 3.426 3.386 3.386 3.386 3.406 3.406 3.416 3.416 3.466 3.385 3.365 3.295 3.435 3.445 3.425 3.475 3.505 3.895 3.895 3.927 3.958 3.990 4.022 4.053 4.070 3.484 4.061 4.056 4.051 3.504 4.042 4.035 4.021 3.403 3.403 3.982 3.969 3.956 3.940 3.907 3.293 3.243 3.373 3.363 3.243 3.233 3.423 3.113 3.073 3.163 3.163 3.123 2.993 2.973 2.993 2.843 0.000 0.155 0.125 0.045 0.002 0.501 0.181 0.000 0.000 0.000 0.000 0.065 0.275 0.000 0.002 0.000 0.000 0.000 0.000 0.000
3.436 3.456 3.396 3.396 3.406 3.376 3.496 3.456 3.376 3.416 3.355 3.355 3.265 3.335 3.285 3.475 3.255 3.265 3.872 3.872 3.904 3.935 3.967 3.998 4.030 4.062 4.093 4.103 4.099 4.094 4.089 4.085 4.077 4.064 4.038 4.038 4.025 3.473 3.980 3.947 3.914 3.453 3.323 3.263 3.323 3.283 3.223 3.263 3.293 3.133 3.113 3.113 3.013 3.083 2.983 3.083 3.013 0.000 0.345 0.325 0.015 0.000 0.000 0.000 0.000 0.000 0.000 0.000 0.002 0.395 0.365 0.000 0.000 0.000 1.623 1.803 2.343
3.406 3.958 3.476 3.476 3.386 3.426 3.456 3.376 3.456 3.295 3.465 3.315 3.425 3.305 3.325 3.285 3.385 3.225 3.505 3.505 3.880 3.912 3.944 3.975 4.007 3.514 4.070 4.102 4.133 4.137 4.132 4.127 3.394 3.494 3.514 3.513 4.053 4.020 3.987 3.954 3.921 3.443 3.383 3.383 3.423 3.213 3.273 3.263 3.213 3.243 3.223 3.223 3.083 3.003 2.993 3.083 2.913 0.000 0.405 0.475 0.000 0.003 0.000 0.000 0.000 0.000 0.000 0.000 0.002 0.000 0.000 0.000 0.000 1.733 1.783 2.143 2.413
3.988 3.486 3.496 3.496 3.486 3.476 3.446 3.476 3.316 3.426 3.266 3.415 3.904 3.205 3.415 3.255 3.385 3.175 3.375 3.375 3.857 3.475 3.921 3.454 3.514 3.494 4.047 4.079 4.110 4.142 4.173 4.170 4.163 4.150 4.093 4.093 4.060 4.027 3.994 3.961 3.928 3.513 3.862 3.253 3.393 3.273 3.263 3.193 3.183 3.113 3.143 3.143 3.083 3.073 3.013 2.943 3.053 0.004 0.725 0.495 0.000 0.000 0.000 0.000 0.000 2.154 1.994 1.994 1.934 2.014 2.584 2.644 2.574 1.793 2.023 2.583 2.653
3.506 3.985 3.386 3.386 3.456 3.926 3.436 3.496 3.436 3.446 3.295 3.205 3.295 3.215 3.175 3.215 3.235 3.425 3.305 3.305 3.834 3.866 3.495 3.929 3.961 3.504 3.464 4.056 4.087 4.119 4.150 3.514 4.199 4.166 4.100 4.100 4.067 4.034 4.001 3.968 3.935 3.423 3.303 3.503 3.363 3.313 3.233 3.183 3.253 3.233 3.233 3.233 3.043 3.013 3.073 3.013 3.023 0.001 0.000 0.495 0.001 0.384 0.000 0.000 2.424 2.814 2.634 2.634 2.514 2.734 2.944 2.964 2.594 2.344 2.623 2.643 2.893
4.011 3.466 3.456 3.456 3.954 3.466 3.926 3.910 3.386 3.516 3.355 3.285 3.335 3.295 3.265 3.325 3.255 3.295 3.285 3.285 3.811 3.843 3.874 3.906 3.938 3.504 4.001 3.454 4.064 4.096 4.127 4.189 3.454 4.176 4.107 4.107 4.074 4.041 4.008 3.975 3.942 3.364 3.393 3.343 3.810 3.323 3.283 3.343 3.283 3.314 3.173 3.173 3.233 3.093 3.033 3.093 3.024 3.024 0.003 0.035 0.074 0.000 0.000 2.554 2.754 2.894 2.704 2.704 2.854 3.094 3.114 2.954 2.583 2.884 2.764 2.973 2.513
4.022 4.008 3.386 3.386 3.476 3.446 3.937 3.947 3.906 3.396 3.346 3.336 3.365 3.285 3.275 3.385 3.215 3.255 3.275 3.275 3.788 3.820 3.851 3.883 3.914 3.946 3.978 4.009 3.304 3.364 4.154 4.218 4.250 3.494 4.114 4.114 4.081 4.048 4.015 3.434 3.949 3.324 3.883 3.850 3.817 3.413 3.434 3.383 3.304 3.264 3.284 3.284 3.144 3.124 3.104 3.124 3.094 3.134 2.894 0.000 0.000 0.000 2.944 2.954 2.854 3.114 2.844 2.844 3.154 3.054 3.064 3.123 3.113 2.904 2.964 2.854 2.724
4.034 3.456 3.466 3.466 3.466 3.963 3.476 3.476 3.446 3.396 3.862 3.366 3.355 3.245 3.295 3.265 3.175 3.215 3.335 3.335 3.765 3.796 3.828 3.860 3.891 3.514 3.955 3.991 4.055 4.119 4.183 4.247 3.464 3.444 4.136 4.136 4.089 4.055 3.484 3.989 3.444 3.923 3.504 3.857 3.313 3.494 3.434 3.394 3.434 3.244 3.394 3.394 3.174 3.134 3.314 3.204 3.234 3.144 3.064 2.574 0.254 3.054 3.284 3.064 3.224 2.914 3.154 3.154 3.094 3.274 3.154 3.084 3.094 3.174 3.014 2.934 3.034
4.046 4.031 4.003 4.003 3.376 4.011 3.386 4.044 3.456 3.436 3.506 3.406 3.326 3.335 3.265 3.365 3.255 3.175 3.255 3.255 3.742 3.773 3.475 3.395 3.868 3.425 3.956 4.020 4.084 4.148 4.212 4.276 4.303 3.504 4.162 4.162 4.115 4.068 4.029 3.374 3.963 3.394 3.484 3.514 3.831 3.344 3.344 3.454 3.404 3.374 3.364 3.364 3.304 3.254 3.174 3.344 3.273 3.094 2.794 2.904 2.894 3.214 3.334 3.264 3.334 3.254 3.344 3.344 3.174 3.204 3.154 3.124 3.084 3.054 2.884 3.054 3.164
4.057 3.496 4.026 4.026 3.426 4.059 3.516 4.092 3.366 3.446 3.366 3.356 3.296 3.186 3.335 3.225 3.325 3.155 3.175 3.175 3.485 3.750 3.395 3.455 3.857 3.921 3.985 4.049 4.113 4.177 4.241 4.305 4.330 3.504 4.189 4.189 4.142 4.095 4.048 3.444 3.970 3.434 3.904 3.444 3.254 3.354 3.474 3.354 3.344 3.394 3.444 3.444 3.454 3.364 3.444 3.325 3.274 2.924 2.734 2.994 3.514 3.274 3.514 3.404 3.404 3.414 3.404 3.404 3.134 3.194 3.174 3.104 3.144 2.854 3.284 3.174 3.104
4.069 4.055 3.486 3.486 4.091 4.108 4.124 3.426 3.476 3.486 4.025 3.276 3.276 3.416 3.256 3.135 3.245 3.305 3.205 3.205 3.445 3.727 3.759 3.385 3.886 3.425 3.445 4.078 4.142 4.206 4.270 4.334 4.356 3.514 4.216 4.216 4.169 4.122 4.075 3.514 3.981 3.414 3.514 3.504 3.264 3.464 3.344 3.374 3.454 3.464 3.464 3.464 3.472 3.464 3.378 3.314 3.114 2.764 3.004 3.464 3.484 3.205 3.444 3.404 3.424 3.404 3.304 3.304 3.324 3.294 3.194 3.164 3.224 3.104 3.134 3.114 3.104
4.080 4.090 4.123 4.123 4.140 4.156 4.173 4.189 4.179 4.130 3.346 3.326 3.356 3.506 3.366 3.366 3.255 3.305 3.245 3.245 3.425 3.465 3.787 3.851 3.915 3.979 3.435 4.107 4.171 4.235 4.299 4.363 4.383 4.336 4.242 4.242 4.195 4.148 4.101 4.055 4.008 3.344 3.918 3.444 3.454 3.384 3.464 3.713 3.464 3.619 3.474 3.474 3.499 3.467 3.436 3.334 3.214 3.394 3.484 3.283 3.256 3.262 3.424 3.424 3.204 3.294 3.224 3.224 3.234 3.174 3.254 3.264 3.144 3.234 3.204 3.314 3.154
4.080 4.090 4.123 4.123 4.140 4.156 4.173 4.189 4.179 4.130 3.346 3.326 3.356 3.506 3.366 3.366 3.255 3.305 3.245 3.245 3.425 3.465 3.787 3.851 3.915 3.979 3.435 4.107 4.171 4.235 4.299 4.363 4.383 4.336 4.242 4.242 4.195 4.149 4.102 4.055 4.008 3.344 3.918 3.444 3.454 3.384 3.464 3.713 3.464 3.619 3.474 3.474 3.499 3.468 3.437 3.334 3.214 3.394 3.484 3.283 3.256 3.262 3.424 3.424 3.204 3.294 3.224 3.224 3.234 3.174 3.254 3.264 3.144 3.234 3.204 3.314 3.154
4.122 3.466 4.172 4.172 4.188 3.496 3.476 4.238 4.234 3.406 3.426 3.346 3.396 3.346 3.286 3.356 3.837 3.255 3.693 3.693 3.495 3.475 3.816 3.880 3.455 3.475 3.435 3.495 4.200 3.495 3.515 4.392 4.410 4.363 4.269 4.269 4.222 4.175 4.128 4.081 3.514 3.987 3.941 3.434 3.514 3.404 3.504 3.725 3.694 3.663 3.632 3.632 3.570 3.514 3.404 3.304 3.514 3.414 3.383 3.356 3.329 3.514 3.339 3.364 3.284 3.314 3.264 3.264 3.304 3.224 3.244 3.134 3.214 3.224 3.234 3.184 3.304
4.219 4.235 4.269 4.269 4.285 4.302 4.318 4.335 4.343 3.466 4.244 4.194 3.516 4.095 3.496 3.466 3.516 3.405 3.455 3.455 3.892 3.913 3.935 3.957 4.002 3.415 3.395 3.475 3.405 4.322 4.386 4.450 4.463 4.416 4.322 4.322 4.275 4.228 4.182 3.505 4.088 4.041 4.005 3.974 3.944 3.924 3.897 3.866 3.835 3.804 3.773 3.773 3.711 3.680 3.484 3.618 3.587 3.556 3.529 3.424 3.474 3.424 3.364 3.494 3.364 3.314 3.264 3.264 3.314 3.284 3.274 3.234 3.294 3.194 3.334 3.204 3.224
4.267 4.284 4.317 4.317 4.333 4.350 4.367 4.383 4.397 4.348 4.298 4.249 3.496 4.150 4.100 4.068 3.436 3.436 3.445 3.445 3.465 4.012 3.495 3.475 4.077 4.098 4.159 3.505 4.287 4.351 4.415 4.479 4.490 4.443 4.349 4.349 4.302 4.255 4.208 4.161 3.495 4.095 4.064 4.033 4.004 3.984 3.963 3.937 3.906 3.875 3.844 3.844 3.234 3.751 3.720 3.688 3.657 3.629 3.514 3.514 3.464 3.404 3.384 3.354 3.314 3.354 3.374 3.374 3.394 3.334 3.354 3.484 3.384 3.374 3.314 3.324 3.384
4.289 4.321 4.365 4.365 4.382 4.399 4.415 4.432 4.448 4.402 4.353 4.303 4.254 4.206 4.187 3.386 3.496 4.129 4.090 4.090 4.089 4.111 4.132 3.485 4.175 4.197 4.219 4.252 4.316 4.380 4.444 4.508 4.516 4.469 4.376 4.376 4.329 4.282 4.247 4.216 4.185 4.154 4.123 4.092 4.064 4.043 4.023 4.003 3.977 3.946 3.915 3.915 3.515 3.821 3.790 3.759 3.729 3.701 3.674 3.484 3.494 3.324 3.494 3.374 3.364 3.374 3.374 3.374 3.154 3.364 3.404 3.747 3.494 3.384 3.807 3.474 3.374
4.304 4.336 4.401 4.401 4.430 4.447 4.464 4.480 4.497 4.457 4.407 4.358 4.325 4.305 4.286 4.267 4.247 4.228 4.189 4.189 4.188 4.209 4.231 4.253 3.495 4.296 4.317 4.339 4.360 4.409 4.473 4.537 4.543 4.496 4.402 4.402 4.368 4.337 4.306 4.275 4.244 4.213 4.181 4.150 4.124 4.103 4.083 4.062 4.042 4.017 3.985 3.985 3.923 3.892 3.861 3.830 3.801 3.515 3.424 3.474 3.504 3.665 3.414 3.504 3.374 3.384 3.434 3.434 3.374 3.394 3.434 3.804 3.824 3.844 3.864 3.504 3.404
4.319 4.351 4.416 4.415 4.448 4.480 4.512 4.529 4.545 4.511 4.463 4.443 4.424 4.405 4.385 4.366 4.347 4.327 4.289 4.289 4.287 4.308 4.330 4.351 4.373 4.394 4.416 4.438 4.459 4.481 4.502 4.566 4.569 4.523 4.457 4.457 4.426 4.395 4.364 4.333 4.302 4.271 4.240 4.209 4.183 4.163 4.142 4.122 4.102 4.081 4.056 4.056 3.994 3.963 3.932 3.901 3.874 3.435 3.485 3.455 3.475 3.738 3.495 3.355 3.505 3.414 3.415 3.414 3.474 3.464 3.434 3.494 3.474 3.504 3.908 3.374 3.414
4.334 4.366 4.430 4.430 4.463 4.495 4.527 4.559 4.592 4.581 4.562 4.543 4.523 4.504 4.485 4.465 4.446 4.427 4.388 4.388 4.385 4.407 4.428 4.450 4.471 4.493 4.515 4.536 4.558 4.579 4.601 4.623 4.609 4.578 4.516 4.516 4.485 4.454 4.423 4.392 4.361 4.330 4.299 4.268 4.243 4.223 4.202 4.182 4.162 4.141 4.121 4.121 4.065 4.034 4.003 3.974 3.947 3.920 3.893 3.865 3.838 3.445 3.475 3.495 3.515 3.435 3.818 3.818 3.414 3.878 3.475 3.918 3.938 3.495 3.355 3.465 3.405
4.348 4.381 4.445 4.445 4.477 4.510 4.542 4.574 4.627 4.653 4.661 4.642 4.623 4.604 4.584 4.565 4.546 4.526 4.488 4.487 4.484 4.505 4.527 4.549 4.570 4.592 4.613 4.635 4.656 4.678 4.699 4.720 4.695 4.639 4.575 4.575 4.544 4.513 4.482 4.451 4.420 4.389 4.358 4.326 4.303 4.282 4.262 4.242 3.455 4.201 4.181 4.181 4.136 4.105 4.074 4.047 4.020 3.993 3.965 3.515 3.505 3.495 3.415 3.405 3.835 3.335 3.875 3.875 3.515 3.935 3.955 3.975 3.977 3.975 3.973 3.972 3.475
4.363 4.395 4.460 4.460 4.492 4.524 4.565 4.619 4.673 4.700 4.711 4.722 4.722 4.703 4.683 4.664 4.645 4.626 4.587 4.587 4.582 4.604 4.626 4.647 4.669 4.690 4.712 4.733 4.755 4.776 4.797 4.818 4.791 4.734 4.634 4.634 4.603 4.571 4.540 4.509 4.478 4.447 4.416 4.385 4.363 4.342 4.322 4.301 4.281 4.261 4.240 4.240 4.199 4.175 4.147 4.120 4.093 4.065 4.038 4.011 3.984 3.956 3.929 3.515 3.405 3.495 3.932 3.932 3.505 3.992 4.012 4.011 4.009 4.008 4.006 4.004 4.003
4.378 4.410 4.475 4.475 4.507 4.557 4.611 4.665 4.719 4.748 4.758 4.769 4.779 4.790 4.783 4.764 4.744 4.725 4.686 4.686 4.681 4.703 4.724 4.746 4.767 4.789 4.811 4.832 4.853 4.874 4.895 4.916 4.886 4.830 4.717 4.717 4.661 4.630 4.599 4.568 4.537 4.506 4.475 4.444 4.422 4.402 4.382 4.361 4.341 4.320 4.300 4.300 4.262 4.262 4.228 4.193 4.165 4.138 4.111 4.084 4.056 4.029 3.445 3.975 3.485 3.969 3.989 3.989 4.029 3.505 4.045 4.044 4.042 4.040 4.039 4.037 4.035
4.393 4.425 4.495 4.495 4.549 4.603 4.657 4.711 4.765 4.795 4.805 4.816 4.826 4.837 4.848 4.858 4.844 4.824 4.786 4.786 4.780 4.801 4.823 4.844 4.866 4.887 4.908 4.930 4.951 4.972 4.993 5.014 4.982 4.925 4.812 4.812 4.756 4.699 4.658 4.627 4.596 4.565 4.534 4.503 4.482 4.462 4.441 4.421 4.401 4.380 4.362 4.362 4.362 4.362 4.331 4.294 4.257 4.220 4.184 3.495 4.129 4.102 3.465 3.495 4.020 4.026 4.046 4.046 4.081 4.080 4.078 4.076 4.075 4.073 4.071 4.070 4.068
4.408 4.440 4.540 4.540 4.595 4.649 4.703 4.757 4.811 4.842 4.852 4.863 4.873 4.884 4.895 4.905 4.916 4.924 4.885 4.885 4.878 4.900 4.921 4.943 4.964 4.985 5.006 5.027 5.048 5.070 5.091 5.112 5.077 5.021 4.908 4.908 4.851 4.795 4.738 4.685 4.654 4.623 4.592 4.562 4.542 4.521 4.501 4.481 4.463 4.463 4.463 4.463 4.462 4.462 4.434 4.397 4.360 4.322 4.285 4.248 3.505 3.495 3.215 4.120 4.093 4.083 4.103 4.103 4.114 4.112 4.111 4.109 4.107 4.106 4.104 4.102 4.101
4.424 4.478 4.586 4.586 4.641 4.695 4.749 4.803 4.857 4.889 4.899 4.910 4.921 4.931 4.942 4.952 4.963 4.973 4.984 4.984 4.977 4.998 5.020 5.041 5.062 5.083 5.104 5.125 5.146 5.167 5.189 5.210 5.173 5.116 5.003 5.003 4.947 4.890 4.834 4.777 4.721 4.682 4.651 4.622 4.602 4.581 4.564 4.563 4.563 4.563 4.563 4.563 4.563 4.562 4.537 4.500 4.463 4.425 4.388 4.351 4.314 3.465 4.240 4.202 4.166 4.140 4.150 4.150 4.147 4.145 4.143 4.142 4.140 4.138 4.137 4.135 4.133
4.470 4.524 4.632 4.632 4.686 4.740 4.795 4.849 4.903 4.936 4.946 4.957 4.968 4.978 4.989 4.999 5.010 5.021 5.042 5.042 5.072 5.096 5.117 5.138 5.160 5.181 5.202 5.223 5.244 5.265 5.286 5.308 5.268 5.212 5.099 5.099 5.042 4.986 4.929 4.873 4.816 4.760 4.710 4.682 4.664 4.664 4.664 4.664 4.663 4.663 4.663 4.663 4.663 4.663 4.640 4.603 4.566 4.528 4.491 4.454 4.417 4.380 4.343 4.305 4.268 4.272 4.210 4.210 4.179 4.178 4.176 4.174 4.173 4.171 4.169 4.168 4.166
4.516 4.570 4.678 4.678 4.732 4.786 4.840 4.894 4.948 4.983 4.993 5.004 5.015 5.025 5.036 5.046 5.057 5.068 5.124 5.124 5.156 5.186 5.215 5.236 5.257 5.278 5.300 5.321 5.342 5.363 5.384 5.405 5.363 5.307 5.194 5.194 5.138 5.081 5.025 4.968 4.912 4.855 4.803 4.777 4.764 4.764 4.764 4.764 4.764 4.763 4.763 4.763 4.763 4.763 4.743 4.706 4.668 4.631 4.594 4.557 4.520 4.483 4.445 4.414 4.432 4.450 4.395 4.395 4.244 4.210 4.209 4.207 4.205 4.204 4.202 4.200 4.199
4.516 4.570 4.678 4.678 4.732 4.786 4.840 4.894 4.949 4.983 4.993 5.004 5.015 5.025 5.036 5.046 5.057 5.068 5.124 5.124 5.156 5.186 5.215 5.236 5.257 5.279 5.300 5.321 5.342 5.363 5.384 5.405 5.364 5.307 5.194 5.194 5.138 5.081 5.025 4.968 4.912 4.855 4.803 4.777 4.764 4.764 4.764 4.764 4.764 4.764 4.763 4.763 4.763 4.763 4.743 4.706 4.669 4.631 4.594 4.557 4.520 4.483 4.446 4.414 4.432 4.450 4.395 4.396 4.244 4.210 4.209 4.207 4.205 4.204 4.202 4.200 4.199
4.574 4.620 4.724 4.724 4.778 4.832 4.886 4.940 4.995 5.030 5.041 5.051 5.062 5.072 5.083 5.093 5.111 5.143 5.208 5.208 5.239 5.270 5.300 5.330 5.355 5.376 5.398 5.419 5.440 5.461 5.482 5.503 5.459 5.402 5.290 5.290 5.233 5.177 5.120 5.064 5.007 4.990 4.975 4.948 4.904 4.864 4.864 4.864 4.864 4.864 4.864 4.864 4.863 4.863 4.846 4.809 4.771 4.734 4.697 4.660 4.623 4.586 4.574 4.592 4.610 4.628 4.581 4.581 4.430 4.354 4.278 4.240 4.238 4.236 4.235 4.233 4.231
