includes/camargue/floodfiles/results_R3_t1.56234553567E12/res-0005.wdfp
ncols         906
nrows         631
xllcorner     362177.146667
yllcorner     6534725.688020
cellsize      20.000000
NODATA_value  -9999.000000
[rows 544 to 577 of 631, columns 693 to 769 of 906]
12.280 12.416 12.552 12.688 12.824 12.978 13.133 13.288 13.288 13.599 13.529 13.416 13.304 13.191 13.078 12.966 12.853 12.741 12.638 12.574 12.509 12.444 12.371 12.286 12.286 12.117 12.033 11.948 11.864 11.779 11.695 11.603 11.469 11.336 11.203 11.162 11.157 11.151 11.146 11.141 11.141 11.131 11.126 11.121 11.111 11.092 11.072 11.053 11.079 11.118 11.156 11.194 11.233 11.271 11.309 11.347 11.459 11.459 11.543 11.627 11.712 11.769 11.826 11.883 11.940 11.997 12.053 12.110 12.167 12.191 12.208 12.226 12.248 12.248 12.256 12.264 12.272
12.330 12.466 12.602 12.738 12.874 13.014 13.169 13.324 13.324 13.540 13.428 13.315 13.202 13.090 12.977 12.865 12.752 12.639 12.527 12.443 12.378 12.313 12.229 12.144 12.144 11.975 11.891 11.806 11.721 11.637 11.552 11.468 11.355 11.221 11.132 11.127 11.121 11.116 11.111 11.106 11.106 11.096 11.091 11.085 11.080 11.064 11.045 11.051 11.090 11.128 11.166 11.205 11.243 11.281 11.320 11.358 11.447 11.447 11.531 11.616 11.682 11.739 11.796 11.852 11.909 11.966 12.023 12.080 12.137 12.179 12.197 12.214 12.231 12.231 12.239 12.247 12.255
12.379 12.515 12.651 12.787 12.923 13.059 13.205 13.360 13.360 13.439 13.326 13.214 13.101 12.989 12.876 12.763 12.651 12.538 12.425 12.313 12.247 12.171 12.087 12.002 12.002 11.833 11.748 11.664 11.579 11.495 11.410 11.326 11.240 11.107 11.097 11.091 11.086 11.081 11.076 11.071 11.071 11.061 11.055 11.050 11.045 11.036 11.024 11.062 11.100 11.138 11.177 11.215 11.253 11.292 11.330 11.368 11.445 11.445 11.519 11.594 11.651 11.708 11.765 11.822 11.879 11.936 11.992 12.049 12.106 12.163 12.185 12.198 12.214 12.214 12.222 12.230 12.238
12.429 12.565 12.701 12.837 12.973 13.109 13.245 13.396 13.396 13.338 13.225 13.113 13.000 12.887 12.775 12.662 12.550 12.437 12.324 12.212 12.113 12.029 11.944 11.860 11.860 11.691 11.606 11.522 11.438 11.357 11.276 11.196 11.115 11.077 11.072 11.066 11.060 11.054 11.049 11.043 11.043 11.031 11.026 11.020 11.014 11.008 11.035 11.072 11.110 11.149 11.187 11.225 11.264 11.302 11.340 11.378 11.455 11.455 11.507 11.564 11.621 11.678 11.735 11.791 11.848 11.905 11.962 12.019 12.075 12.132 12.173 12.181 12.196 12.196 12.202 12.208 12.214
12.478 12.614 12.750 12.886 13.022 13.158 13.294 13.432 13.432 13.237 13.131 13.026 12.921 12.815 12.710 12.605 12.499 12.394 12.289 12.184 12.104 12.026 11.945 11.865 11.865 11.703 11.623 11.542 11.462 11.381 11.300 11.220 11.152 11.143 11.137 11.131 11.125 11.119 11.114 11.108 11.108 11.096 11.091 11.085 11.079 11.075 11.082 11.119 11.157 11.194 11.232 11.269 11.307 11.344 11.381 11.419 11.494 11.494 11.493 11.534 11.591 11.648 11.705 11.762 11.819 11.875 11.932 11.989 12.046 12.103 12.142 12.152 12.164 12.164 12.170 12.176 12.183
12.528 12.664 12.797 12.927 13.057 13.188 13.318 13.397 13.397 13.233 13.128 13.022 12.917 12.812 12.707 12.601 12.496 12.391 12.285 12.188 12.120 12.050 11.969 11.889 11.889 11.728 11.647 11.566 11.486 11.405 11.325 11.244 11.220 11.210 11.202 11.196 11.190 11.184 11.179 11.173 11.173 11.161 11.156 11.150 11.144 11.143 11.141 11.166 11.204 11.241 11.279 11.316 11.354 11.391 11.429 11.466 11.523 11.523 11.504 11.505 11.562 11.619 11.676 11.732 11.789 11.846 11.903 11.960 12.017 12.068 12.096 12.121 12.133 12.133 12.139 12.145 12.151
12.548 12.679 12.809 12.940 13.070 13.200 13.331 13.342 13.342 13.229 13.124 13.019 12.914 12.808 12.703 12.598 12.492 12.387 12.282 12.205 12.137 12.069 11.994 11.913 11.913 11.752 11.671 11.591 11.510 11.430 11.349 11.297 11.287 11.277 11.267 11.261 11.255 11.249 11.244 11.238 11.238 11.227 11.221 11.215 11.212 11.210 11.208 11.214 11.251 11.288 11.326 11.363 11.401 11.438 11.476 11.513 11.534 11.534 11.516 11.497 11.533 11.589 11.646 11.703 11.760 11.817 11.874 11.930 11.987 12.022 12.050 12.078 12.102 12.102 12.108 12.114 12.120
12.561 12.691 12.822 12.952 13.082 13.213 13.317 13.286 13.286 13.225 13.121 13.015 12.910 12.805 12.700 12.594 12.489 12.384 12.290 12.222 12.154 12.086 12.018 11.937 11.937 11.776 11.696 11.615 11.534 11.454 11.374 11.364 11.354 11.344 11.335 11.326 11.320 11.315 11.309 11.303 11.303 11.292 11.286 11.281 11.280 11.278 11.276 11.274 11.298 11.336 11.373 11.410 11.448 11.485 11.523 11.560 11.545 11.545 11.527 11.508 11.503 11.560 11.617 11.674 11.731 11.787 11.844 11.901 11.949 11.977 12.005 12.032 12.071 12.071 12.077 12.083 12.089
12.573 12.704 12.834 12.965 13.095 13.225 13.262 13.231 13.231 13.170 13.117 13.012 12.907 12.801 12.696 12.591 12.485 12.380 12.307 12.239 12.171 12.103 12.035 11.961 11.961 11.800 11.720 11.639 11.558 11.478 11.441 11.431 11.421 11.412 11.402 11.392 11.385 11.380 11.374 11.368 11.368 11.357 11.351 11.349 11.347 11.345 11.344 11.342 11.345 11.383 11.420 11.458 11.495 11.533 11.570 11.594 11.556 11.556 11.538 11.519 11.501 11.531 11.588 11.645 11.701 11.758 11.815 11.872 11.903 11.931 11.959 11.987 12.040 12.040 12.046 12.052 12.058
12.586 12.716 12.847 12.977 13.107 13.237 13.206 13.176 13.176 13.115 13.084 13.008 12.903 12.798 12.692 12.587 12.482 12.391 12.323 12.256 12.188 12.120 12.052 11.984 11.984 11.824 11.744 11.663 11.583 11.518 11.508 11.498 11.489 11.479 11.469 11.460 11.451 11.445 11.439 11.433 11.433 11.422 11.418 11.417 11.415 11.413 11.411 11.409 11.408 11.430 11.467 11.505 11.542 11.580 11.617 11.605 11.568 11.568 11.549 11.530 11.512 11.502 11.558 11.615 11.672 11.729 11.786 11.830 11.857 11.885 11.913 11.941 11.997 11.997 12.014 12.021 12.027
12.598 12.729 12.859 12.990 13.120 13.182 13.151 13.121 13.120 13.059 13.029 12.998 12.900 12.794 12.689 12.584 12.478 12.408 12.340 12.272 12.204 12.136 12.069 12.001 12.001 11.849 11.768 11.687 11.607 11.585 11.575 11.566 11.556 11.546 11.536 11.527 11.517 11.510 11.504 11.498 11.498 11.488 11.486 11.484 11.482 11.481 11.479 11.477 11.475 11.477 11.515 11.552 11.590 11.627 11.635 11.616 11.579 11.579 11.560 11.542 11.523 11.504 11.529 11.586 11.643 11.700 11.756 11.784 11.812 11.839 11.867 11.895 11.951 11.951 11.979 11.989 11.995
12.611 12.741 12.872 13.002 13.132 13.126 13.096 13.065 13.065 13.004 12.974 12.943 12.896 12.791 12.685 12.580 12.493 12.425 12.357 12.289 12.221 12.153 12.085 12.017 12.017 11.873 11.792 11.712 11.662 11.652 11.643 11.633 11.623 11.613 11.604 11.594 11.584 11.575 11.569 11.563 11.563 11.555 11.554 11.552 11.550 11.548 11.546 11.545 11.543 11.541 11.562 11.599 11.637 11.664 11.646 11.627 11.590 11.590 11.571 11.553 11.534 11.515 11.500 11.557 11.613 11.670 11.710 11.738 11.766 11.794 11.822 11.849 11.905 11.905 11.933 11.958 11.964
12.611 12.741 12.872 13.002 13.132 13.126 13.096 13.065 13.065 13.004 12.974 12.943 12.896 12.791 12.686 12.580 12.493 12.425 12.357 12.289 12.221 12.153 12.085 12.017 12.017 11.873 11.792 11.712 11.662 11.652 11.643 11.633 11.623 11.613 11.604 11.594 11.584 11.575 11.569 11.563 11.563 11.555 11.554 11.552 11.550 11.548 11.546 11.545 11.543 11.541 11.562 11.599 11.637 11.664 11.646 11.627 11.590 11.590 11.571 11.553 11.534 11.515 11.500 11.557 11.613 11.670 11.710 11.738 11.766 11.794 11.822 11.849 11.905 11.905 11.933 11.958 11.964
12.623 12.754 12.884 13.015 13.102 13.071 13.041 13.010 13.010 12.949 12.918 12.888 12.857 12.787 12.682 12.578 12.510 12.442 12.374 12.306 12.238 12.170 12.102 12.034 12.034 11.897 11.816 11.739 11.729 11.720 11.710 11.700 11.690 11.681 11.671 11.661 11.651 11.642 11.634 11.629 11.629 11.623 11.621 11.619 11.618 11.616 11.614 11.612 11.610 11.609 11.609 11.646 11.684 11.676 11.657 11.638 11.601 11.601 11.582 11.564 11.545 11.526 11.508 11.527 11.584 11.637 11.665 11.692 11.720 11.748 11.776 11.804 11.859 11.859 11.887 11.915 11.933
12.636 12.766 12.897 13.027 13.047 13.016 12.985 12.955 12.955 12.894 12.863 12.832 12.802 12.771 12.678 12.594 12.527 12.459 12.391 12.323 12.255 12.187 12.119 12.051 12.051 11.915 11.841 11.806 11.797 11.787 11.777 11.767 11.758 11.748 11.738 11.728 11.719 11.709 11.699 11.694 11.694 11.691 11.689 11.687 11.685 11.683 11.682 11.680 11.678 11.676 11.674 11.694 11.705 11.687 11.668 11.649 11.612 11.612 11.594 11.575 11.556 11.538 11.519 11.500 11.555 11.591 11.619 11.647 11.674 11.702 11.730 11.758 11.814 11.814 11.841 11.869 11.897
12.868 12.875 12.922 12.967 12.936 12.905 12.875 12.850 12.850 12.821 12.807 12.793 12.779 12.765 12.727 12.666 12.599 12.532 12.465 12.398 12.331 12.264 12.197 12.130 12.130 11.996 11.961 11.938 11.928 11.919 11.909 11.899 11.889 11.879 11.870 11.860 11.850 11.841 11.833 11.827 11.828 11.824 11.822 11.820 11.819 11.817 11.815 11.813 11.811 11.810 11.808 11.790 11.768 11.749 11.730 11.710 11.672 11.672 11.652 11.633 11.614 11.595 11.575 11.556 11.524 11.548 11.580 11.611 11.643 11.674 11.706 11.737 11.800 11.800 11.832 11.863 11.925
12.987 12.988 12.974 12.972 12.958 12.944 12.930 12.916 12.916 12.887 12.873 12.859 12.845 12.825 12.773 12.721 12.654 12.587 12.520 12.453 12.386 12.319 12.252 12.185 12.185 12.070 12.038 12.006 11.993 11.984 11.974 11.964 11.954 11.945 11.935 11.925 11.915 11.906 11.901 11.895 11.895 11.890 11.888 11.886 11.885 11.883 11.881 11.879 11.877 11.876 11.865 11.841 11.818 11.798 11.779 11.760 11.721 11.721 11.702 11.683 11.663 11.644 11.625 11.597 11.565 11.554 11.585 11.617 11.648 11.679 11.711 11.742 11.805 11.805 11.837 11.868 11.962
13.037 13.023 13.013 13.026 13.024 13.010 12.996 12.982 12.982 12.953 12.939 12.925 12.911 12.871 12.819 12.768 12.708 12.641 12.574 12.507 12.440 12.373 12.306 12.239 12.239 12.147 12.115 12.083 12.058 12.049 12.039 12.029 12.019 12.010 12.000 11.990 11.980 11.974 11.969 11.963 11.963 11.956 11.954 11.952 11.951 11.949 11.947 11.945 11.943 11.940 11.916 11.893 11.869 11.848 11.828 11.809 11.770 11.771 11.751 11.732 11.713 11.693 11.671 11.638 11.606 11.573 11.590 11.622 11.653 11.685 11.716 11.748 11.810 11.810 11.842 11.900 11.999
13.072 13.058 13.055 13.068 13.080 13.076 13.062 13.048 13.048 13.019 13.005 12.991 12.968 12.917 12.866 12.814 12.763 12.696 12.629 12.562 12.495 12.428 12.361 12.294 12.294 12.224 12.192 12.160 12.128 12.114 12.104 12.094 12.084 12.075 12.065 12.055 12.047 12.042 12.036 12.031 12.031 12.022 12.020 12.018 12.017 12.015 12.013 12.011 12.009 11.991 11.968 11.944 11.921 11.897 11.878 11.858 11.820 11.820 11.801 11.781 11.762 11.743 11.711 11.679 11.647 11.614 11.595 11.627 11.658 11.690 11.721 11.753 11.816 11.816 11.847 11.937 12.035
13.107 13.093 13.097 13.110 13.122 13.135 13.128 13.114 13.114 13.085 13.071 13.057 13.015 12.963 12.912 12.860 12.809 12.751 12.684 12.617 12.550 12.483 12.416 12.364 12.364 12.301 12.269 12.237 12.205 12.179 12.169 12.159 12.149 12.140 12.130 12.120 12.115 12.110 12.104 12.099 12.099 12.088 12.086 12.084 12.083 12.081 12.079 12.077 12.067 12.043 12.019 11.996 11.972 11.949 11.927 11.908 11.869 11.869 11.850 11.831 11.811 11.784 11.752 11.720 11.687 11.655 11.622 11.632 11.663 11.695 11.726 11.758 11.821 11.821 11.875 11.974 12.072
13.142 13.128 13.139 13.152 13.164 13.177 13.189 13.180 13.180 13.151 13.137 13.112 13.061 13.010 12.958 12.907 12.855 12.804 12.738 12.671 12.604 12.537 12.473 12.441 12.441 12.378 12.346 12.314 12.282 12.250 12.234 12.224 12.214 12.205 12.195 12.188 12.183 12.177 12.172 12.167 12.167 12.156 12.152 12.150 12.149 12.147 12.145 12.142 12.118 12.095 12.071 12.047 12.024 12.000 11.977 11.957 11.919 11.919 11.899 11.880 11.857 11.825 11.793 11.760 11.728 11.696 11.663 11.637 11.669 11.700 11.732 11.763 11.826 11.826 11.912 12.010 12.108
13.177 13.169 13.181 13.194 13.206 13.219 13.231 13.244 13.244 13.217 13.203 13.159 13.107 13.056 13.004 12.953 12.902 12.850 12.793 12.726 12.659 12.592 12.550 12.518 12.518 12.455 12.423 12.391 12.359 12.327 12.299 12.289 12.279 12.270 12.261 12.256 12.251 12.245 12.240 12.235 12.235 12.224 12.219 12.216 12.215 12.213 12.211 12.193 12.170 12.146 12.123 12.099 12.075 12.052 12.028 12.007 11.968 11.968 11.949 11.929 11.898 11.866 11.833 11.801 11.769 11.736 11.704 11.672 11.674 11.705 11.737 11.768 11.850 11.850 11.948 12.047 12.145
13.212 13.211 13.223 13.236 13.248 13.261 13.273 13.286 13.286 13.283 13.256 13.205 13.153 13.102 13.051 12.999 12.948 12.896 12.845 12.781 12.714 12.659 12.627 12.595 12.595 12.532 12.500 12.468 12.436 12.404 12.372 12.354 12.344 12.335 12.329 12.324 12.318 12.313 12.308 12.303 12.303 12.292 12.287 12.282 12.281 12.279 12.269 12.245 12.221 12.198 12.174 12.151 12.127 12.103 12.080 12.056 12.017 12.017 11.998 11.971 11.939 11.906 11.874 11.842 11.809 11.777 11.745 11.712 11.680 11.711 11.742 11.773 11.887 11.887 11.985 12.083 12.182
13.247 13.253 13.265 13.278 13.290 13.303 13.315 13.328 13.328 13.349 13.302 13.251 13.200 13.148 13.097 13.046 12.994 12.943 12.891 12.835 12.768 12.736 12.704 12.672 12.673 12.609 12.577 12.545 12.513 12.481 12.449 12.419 12.409 12.402 12.397 12.392 12.386 12.381 12.376 12.370 12.370 12.360 12.355 12.349 12.347 12.344 12.320 12.297 12.273 12.249 12.226 12.202 12.179 12.155 12.131 12.108 12.067 12.067 12.044 12.012 11.980 11.947 11.915 11.882 11.850 11.818 11.785 11.753 11.721 11.716 11.747 11.779 11.923 11.923 12.022 12.120 12.218
13.283 13.295 13.307 13.320 13.332 13.345 13.357 13.370 13.370 13.365 13.324 13.275 13.227 13.179 13.130 13.082 13.034 12.985 12.937 12.886 12.845 12.813 12.781 12.749 12.749 12.686 12.654 12.622 12.590 12.558 12.526 12.494 12.475 12.470 12.465 12.459 12.454 12.449 12.444 12.438 12.438 12.428 12.423 12.417 12.413 12.395 12.372 12.348 12.325 12.301 12.277 12.254 12.230 12.207 12.183 12.159 12.116 12.116 12.085 12.053 12.020 11.988 11.955 11.923 11.891 11.858 11.826 11.794 11.761 11.729 11.752 11.784 11.960 11.960 12.058 12.157 12.255
13.325 13.337 13.350 13.362 13.374 13.382 13.379 13.376 13.376 13.371 13.335 13.287 13.239 13.191 13.142 13.094 13.046 12.997 12.949 12.926 12.926 12.894 12.862 12.830 12.830 12.766 12.734 12.702 12.670 12.638 12.606 12.574 12.540 12.535 12.530 12.525 12.519 12.514 12.509 12.504 12.504 12.493 12.488 12.483 12.472 12.449 12.425 12.402 12.378 12.354 12.331 12.307 12.283 12.259 12.236 12.212 12.167 12.167 12.128 12.093 12.061 12.029 11.996 11.964 11.931 11.899 11.867 11.834 11.802 11.770 11.758 11.799 11.996 11.996 12.095 12.193 12.320
13.367 13.379 13.392 13.393 13.390 13.388 13.385 13.382 13.382 13.376 13.347 13.299 13.251 13.203 13.154 13.106 13.058 13.009 12.975 12.985 12.995 12.975 12.943 12.911 12.911 12.847 12.815 12.783 12.751 12.719 12.687 12.654 12.620 12.599 12.594 12.588 12.583 12.578 12.573 12.567 12.567 12.557 12.552 12.546 12.526 12.505 12.481 12.457 12.434 12.410 12.386 12.362 12.339 12.315 12.291 12.268 12.279 12.279 12.242 12.202 12.163 12.124 12.085 12.046 12.006 11.967 11.928 11.888 11.849 11.810 11.778 11.841 12.134 12.134 12.281 12.427 12.574
13.408 13.405 13.402 13.399 13.396 13.393 13.390 13.387 13.387 13.382 13.359 13.311 13.263 13.214 13.166 13.118 13.070 13.025 13.035 13.044 13.054 13.056 13.024 12.992 12.992 12.928 12.896 12.864 12.832 12.800 12.768 12.734 12.700 12.665 12.657 12.652 12.647 12.642 12.636 12.631 12.631 12.621 12.616 12.600 12.580 12.559 12.537 12.513 12.489 12.466 12.442 12.418 12.394 12.371 12.347 12.325 12.367 12.367 12.355 12.316 12.277 12.238 12.198 12.159 12.120 12.081 12.041 12.002 11.963 11.924 11.973 12.100 12.389 12.389 12.535 12.682 12.828
13.408 13.405 13.402 13.399 13.396 13.393 13.390 13.387 13.387 13.382 13.359 13.311 13.263 13.214 13.166 13.118 13.070 13.025 13.035 13.045 13.054 13.056 13.024 12.992 12.992 12.928 12.896 12.864 12.832 12.800 12.768 12.734 12.700 12.665 12.657 12.652 12.647 12.642 12.637 12.631 12.631 12.621 12.616 12.600 12.580 12.559 12.537 12.513 12.489 12.466 12.442 12.418 12.394 12.371 12.347 12.325 12.367 12.367 12.355 12.316 12.277 12.238 12.198 12.159 12.120 12.081 12.041 12.002 11.963 11.924 11.973 12.100 12.389 12.389 12.535 12.682 12.828
13.412 13.410 13.407 13.405 13.402 13.399 13.396 13.393 13.393 13.387 13.371 13.323 13.275 13.226 13.178 13.130 13.081 13.084 13.094 13.104 13.114 13.124 13.105 13.073 13.073 13.009 12.977 12.945 12.913 12.881 12.847 12.813 12.779 12.745 12.721 12.716 12.711 12.706 12.700 12.695 12.695 12.685 12.674 12.654 12.634 12.613 12.593 12.569 12.545 12.521 12.498 12.474 12.450 12.426 12.403 12.413 12.456 12.456 12.469 12.430 12.390 12.351 12.312 12.273 12.233 12.194 12.155 12.116 12.076 12.125 12.245 12.372 12.643 12.643 12.790 12.936 13.083
13.409 13.412 13.413 13.410 13.407 13.404 13.401 13.398 13.398 13.393 13.383 13.335 13.287 13.238 13.190 13.142 13.134 13.144 13.153 13.163 13.173 13.183 13.186 13.154 13.154 13.090 13.058 13.026 12.994 12.961 12.927 12.893 12.859 12.824 12.790 12.780 12.775 12.769 12.764 12.759 12.759 12.748 12.728 12.708 12.687 12.667 12.647 12.625 12.601 12.577 12.553 12.530 12.506 12.482 12.480 12.501 12.544 12.544 12.565 12.543 12.504 12.465 12.425 12.386 12.347 12.308 12.269 12.229 12.277 12.397 12.517 12.645 12.906 12.906 13.044 13.191 13.337
13.402 13.405 13.407 13.410 13.413 13.415 13.412 13.409 13.409 13.404 13.401 13.359 13.310 13.262 13.233 13.243 13.252 13.262 13.272 13.282 13.292 13.302 13.312 13.316 13.316 13.252 13.220 13.188 13.154 13.120 13.086 13.052 13.018 12.983 12.949 12.915 12.902 12.897 12.892 12.887 12.887 12.856 12.836 12.815 12.795 12.775 12.755 12.735 12.712 12.689 12.665 12.641 12.617 12.635 12.656 12.678 12.721 12.721 12.742 12.763 12.731 12.692 12.653 12.614 12.574 12.535 12.581 12.701 12.821 12.941 13.062 13.189 13.451 13.451 13.581 13.712 13.846
13.398 13.401 13.404 13.407 13.410 13.413 13.415 13.415 13.415 13.409 13.406 13.371 13.322 13.282 13.292 13.302 13.312 13.322 13.332 13.341 13.351 13.361 13.371 13.381 13.381 13.333 13.301 13.268 13.234 13.200 13.166 13.131 13.097 13.063 13.029 12.995 12.966 12.961 12.956 12.950 12.950 12.910 12.890 12.869 12.849 12.829 12.809 12.789 12.768 12.744 12.720 12.697 12.702 12.723 12.745 12.766 12.809 12.809 12.830 12.852 12.845 12.806 12.766 12.727 12.688 12.733 12.853 12.973 13.093 13.214 13.334 13.461 13.723 13.723 13.853 13.984 14.115
13.395 13.398 13.401 13.403 13.406 13.409 13.412 13.415 13.415 13.415 13.412 13.383 13.334 13.342 13.351 13.361 13.371 13.381 13.391 13.401 13.411 13.421 13.431 13.440 13.440 13.414 13.382 13.348 13.313 13.279 13.245 13.211 13.177 13.143 13.108 13.074 13.040 13.025 13.020 13.004 13.004 12.964 12.943 12.923 12.903 12.883 12.863 12.842 12.822 12.800 12.776 12.769 12.790 12.812 12.833 12.855 12.897 12.897 12.919 12.940 12.958 12.919 12.880 12.841 12.885 13.005 13.125 13.245 13.366 13.486 13.606 13.733 13.995 13.995 14.126 14.257 14.387
