includes/camargue/floodfiles/results_R3_t1.56234553567E12/res-0014.wdfp
ncols         906
nrows         631
xllcorner     362177.146667
yllcorner     6534725.688020
cellsize      20.000000
NODATA_value  -9999.000000
[rows 442 to 475 of 631, columns 693 to 769 of 906]
3.060 3.087 3.080 3.067 3.055 3.043 3.015 2.985 2.985 2.924 2.894 2.864 2.834 2.803 2.773 2.743 2.713 2.722 2.743 2.755 2.762 2.770 2.777 2.784 2.785 2.799 2.807 2.814 2.822 2.829 2.828 2.823 2.818 2.812 2.806 2.800 2.794 2.789 2.783 2.777 2.777 2.765 2.759 2.772 2.790 2.808 2.825 2.843 2.860 2.897 2.941 2.986 3.029 3.073 3.117 3.161 3.251 3.251 3.296 3.342 3.387 3.432 3.477 3.523 3.568 3.613 3.659 3.704 3.749 3.793 3.837 3.881 3.976 3.976 4.025 4.073 4.121
3.061 3.087 3.080 3.067 3.055 3.043 3.015 2.985 2.985 2.925 2.894 2.864 2.834 2.803 2.773 2.743 2.713 2.722 2.743 2.755 2.762 2.770 2.777 2.785 2.785 2.799 2.807 2.814 2.822 2.829 2.828 2.823 2.818 2.812 2.806 2.801 2.795 2.789 2.783 2.777 2.777 2.765 2.759 2.772 2.790 2.808 2.825 2.843 2.860 2.898 2.941 2.986 3.030 3.073 3.117 3.161 3.251 3.251 3.296 3.342 3.387 3.432 3.477 3.523 3.568 3.613 3.659 3.704 3.749 3.793 3.837 3.881 3.976 3.976 4.025 4.073 4.121
3.075 3.077 3.065 3.053 3.041 3.029 3.009 2.979 2.979 2.918 2.888 2.858 2.827 2.797 2.767 2.737 2.730 2.751 2.772 2.791 2.798 2.806 2.813 2.820 2.821 2.835 2.843 2.850 2.858 2.863 2.858 2.853 2.848 2.843 2.837 2.831 2.825 2.819 2.813 2.807 2.807 2.795 2.794 2.811 2.829 2.847 2.864 2.882 2.899 2.917 2.957 3.001 3.045 3.089 3.133 3.177 3.267 3.267 3.312 3.358 3.403 3.448 3.493 3.539 3.584 3.629 3.675 3.720 3.765 3.810 3.854 3.899 3.994 3.994 4.043 4.091 4.150
3.075 3.063 3.051 3.039 3.027 3.015 3.003 2.973 2.973 2.912 2.882 2.851 2.821 2.791 2.761 2.739 2.759 2.780 2.801 2.821 2.834 2.842 2.849 2.856 2.857 2.871 2.879 2.886 2.893 2.892 2.887 2.882 2.877 2.872 2.867 2.861 2.855 2.849 2.843 2.837 2.837 2.825 2.833 2.851 2.868 2.886 2.903 2.921 2.938 2.956 2.974 3.016 3.061 3.104 3.148 3.192 3.283 3.283 3.328 3.374 3.419 3.464 3.509 3.555 3.600 3.645 3.691 3.736 3.781 3.827 3.872 3.916 4.012 4.012 4.070 4.132 4.195
3.047 3.034 3.022 3.010 2.998 2.986 2.974 2.960 2.960 2.899 2.869 2.839 2.808 2.778 2.775 2.796 2.817 2.838 2.858 2.879 2.900 2.913 2.921 2.928 2.928 2.943 2.950 2.958 2.956 2.951 2.946 2.941 2.936 2.931 2.926 2.921 2.915 2.909 2.903 2.897 2.897 2.893 2.911 2.928 2.946 2.964 2.981 2.999 3.016 3.034 3.052 3.069 3.091 3.135 3.179 3.224 3.315 3.315 3.360 3.405 3.451 3.496 3.541 3.587 3.632 3.677 3.723 3.768 3.816 3.864 3.912 3.979 4.096 4.096 4.158 4.221 4.283
3.032 3.020 3.008 2.996 2.984 2.972 2.960 2.948 2.948 2.893 2.863 2.832 2.802 2.784 2.804 2.825 2.846 2.866 2.887 2.908 2.928 2.949 2.957 2.964 2.964 2.979 2.986 2.991 2.986 2.981 2.976 2.971 2.966 2.961 2.956 2.951 2.945 2.939 2.933 2.927 2.928 2.932 2.950 2.968 2.985 3.003 3.020 3.038 3.055 3.073 3.091 3.108 3.126 3.151 3.195 3.240 3.330 3.331 3.376 3.421 3.467 3.512 3.559 3.607 3.655 3.703 3.751 3.799 3.847 3.894 3.946 4.029 4.149 4.149 4.204 4.265 4.328
3.018 3.006 2.994 2.982 2.970 2.958 2.946 2.933 2.934 2.887 2.856 2.826 2.796 2.812 2.833 2.854 2.874 2.895 2.916 2.936 2.957 2.978 2.993 3.000 3.000 3.015 3.022 3.021 3.015 3.010 3.005 3.000 2.995 2.990 2.985 2.980 2.975 2.969 2.964 2.958 2.958 2.971 2.989 3.007 3.024 3.042 3.059 3.077 3.095 3.112 3.130 3.147 3.165 3.182 3.210 3.256 3.351 3.351 3.399 3.447 3.495 3.542 3.590 3.638 3.686 3.734 3.782 3.829 3.877 3.925 3.997 4.080 4.207 4.207 4.263 4.318 4.374
3.004 2.992 2.980 2.967 2.955 2.943 2.931 2.919 2.919 2.880 2.850 2.820 2.821 2.841 2.862 2.882 2.903 2.924 2.944 2.965 2.986 3.007 3.027 3.036 3.036 3.051 3.055 3.050 3.045 3.040 3.035 3.030 3.025 3.020 3.015 3.010 3.005 2.999 2.994 2.988 2.988 3.010 3.028 3.046 3.063 3.081 3.098 3.116 3.134 3.151 3.169 3.186 3.204 3.221 3.245 3.286 3.381 3.382 3.430 3.477 3.525 3.573 3.621 3.669 3.717 3.765 3.812 3.860 3.908 3.964 4.047 4.130 4.266 4.266 4.321 4.377 4.432
2.989 2.977 2.965 2.953 2.941 2.929 2.917 2.905 2.905 2.874 2.844 2.829 2.849 2.870 2.891 2.911 2.932 2.953 2.973 2.994 3.015 3.035 3.056 3.072 3.072 3.087 3.085 3.079 3.074 3.069 3.064 3.059 3.054 3.049 3.044 3.039 3.034 3.029 3.024 3.018 3.018 3.049 3.067 3.085 3.102 3.120 3.138 3.155 3.173 3.190 3.208 3.226 3.243 3.261 3.289 3.319 3.412 3.412 3.460 3.508 3.556 3.604 3.652 3.700 3.747 3.795 3.843 3.891 3.939 4.014 4.098 4.181 4.324 4.324 4.380 4.436 4.491
2.975 2.963 2.951 2.939 2.927 2.915 2.903 2.891 2.891 2.867 2.838 2.858 2.878 2.899 2.919 2.940 2.961 2.981 3.002 3.023 3.043 3.064 3.085 3.106 3.106 3.119 3.114 3.109 3.104 3.099 3.094 3.089 3.084 3.079 3.074 3.069 3.064 3.059 3.053 3.053 3.053 3.089 3.106 3.124 3.142 3.159 3.177 3.194 3.212 3.230 3.247 3.265 3.282 3.303 3.333 3.364 3.443 3.443 3.491 3.539 3.587 3.635 3.682 3.730 3.778 3.826 3.874 3.922 3.982 4.065 4.148 4.231 4.383 4.383 4.439 4.494 4.550
2.987 2.972 2.958 2.944 2.929 2.915 2.901 2.886 2.886 2.858 2.859 2.882 2.904 2.927 2.948 2.969 2.989 3.010 3.031 3.052 3.072 3.093 3.114 3.134 3.134 3.149 3.144 3.138 3.133 3.128 3.120 3.111 3.102 3.093 3.083 3.074 3.065 3.056 3.046 3.079 3.079 3.128 3.146 3.163 3.181 3.198 3.216 3.234 3.251 3.269 3.286 3.304 3.322 3.348 3.378 3.408 3.474 3.474 3.522 3.569 3.617 3.665 3.713 3.761 3.809 3.857 3.905 3.952 4.032 4.115 4.199 4.282 4.442 4.442 4.497 4.553 4.608
2.999 2.985 2.970 2.956 2.942 2.927 2.913 2.898 2.899 2.865 2.838 2.861 2.884 2.907 2.929 2.952 2.975 2.998 3.021 3.043 3.066 3.089 3.112 3.135 3.135 3.148 3.139 3.130 3.121 3.111 3.102 3.093 3.084 3.074 3.065 3.056 3.047 3.037 3.034 3.088 3.088 3.167 3.185 3.202 3.220 3.238 3.255 3.273 3.290 3.308 3.326 3.343 3.362 3.392 3.422 3.452 3.512 3.512 3.552 3.600 3.648 3.696 3.744 3.792 3.840 3.887 3.935 3.999 4.083 4.166 4.249 4.332 4.499 4.499 4.556 4.611 4.667
3.011 2.997 2.982 2.968 2.954 2.939 2.925 2.911 2.911 2.869 2.842 2.841 2.863 2.886 2.909 2.932 2.954 2.977 3.000 3.023 3.046 3.069 3.091 3.114 3.114 3.130 3.121 3.112 3.102 3.093 3.084 3.075 3.065 3.056 3.047 3.038 3.028 3.019 3.043 3.097 3.097 3.206 3.224 3.242 3.259 3.277 3.295 3.312 3.330 3.347 3.365 3.383 3.406 3.436 3.466 3.496 3.556 3.556 3.586 3.631 3.679 3.727 3.775 3.822 3.870 3.918 3.967 4.050 4.133 4.216 4.300 4.383 4.549 4.549 4.614 4.670 4.725
3.023 3.009 2.995 2.980 2.966 2.951 2.937 2.923 2.923 2.872 2.845 2.820 2.843 2.866 2.888 2.911 2.934 2.957 2.980 3.002 3.025 3.048 3.071 3.085 3.085 3.104 3.102 3.093 3.084 3.075 3.065 3.056 3.047 3.038 3.028 3.019 3.010 3.001 3.052 3.107 3.107 3.215 3.263 3.281 3.299 3.316 3.334 3.351 3.369 3.387 3.404 3.422 3.450 3.480 3.510 3.541 3.601 3.601 3.631 3.662 3.709 3.757 3.805 3.853 3.901 3.949 4.017 4.100 4.184 4.267 4.350 4.433 4.600 4.600 4.673 4.728 4.784
3.035 3.021 3.007 2.992 2.978 2.964 2.949 2.929 2.929 2.876 2.849 2.822 2.822 2.845 2.868 2.891 2.913 2.936 2.959 2.982 3.005 3.027 3.046 3.055 3.056 3.075 3.084 3.075 3.066 3.056 3.047 3.038 3.029 3.019 3.010 3.001 2.992 3.007 3.062 3.116 3.116 3.225 3.279 3.320 3.338 3.355 3.373 3.391 3.408 3.426 3.443 3.465 3.495 3.525 3.555 3.585 3.645 3.645 3.675 3.705 3.740 3.788 3.836 3.884 3.932 3.984 4.068 4.151 4.234 4.317 4.401 4.484 4.650 4.650 4.731 4.787 4.842
3.047 3.033 3.019 3.004 2.990 2.976 2.959 2.933 2.933 2.879 2.852 2.826 2.802 2.824 2.847 2.870 2.893 2.916 2.938 2.961 2.984 3.007 3.017 3.026 3.026 3.046 3.055 3.057 3.047 3.038 3.029 3.020 3.010 3.001 2.992 2.983 2.973 3.017 3.071 3.126 3.126 3.234 3.288 3.343 3.377 3.395 3.412 3.430 3.447 3.465 3.483 3.509 3.539 3.569 3.599 3.629 3.689 3.689 3.719 3.749 3.779 3.819 3.867 3.914 3.962 4.035 4.118 4.201 4.285 4.368 4.451 4.534 4.701 4.701 4.784 4.845 4.901
3.060 3.045 3.031 3.017 3.002 2.988 2.963 2.936 2.936 2.883 2.856 2.829 2.802 2.804 2.827 2.849 2.872 2.895 2.918 2.941 2.963 2.978 2.988 2.997 2.997 3.016 3.026 3.036 3.029 3.020 3.010 3.001 2.992 2.983 2.974 2.964 2.972 3.026 3.081 3.135 3.135 3.244 3.298 3.352 3.406 3.434 3.452 3.469 3.487 3.504 3.523 3.553 3.583 3.613 3.643 3.673 3.733 3.733 3.763 3.793 3.823 3.854 3.897 3.945 4.002 4.085 4.169 4.252 4.335 4.418 4.502 4.585 4.751 4.751 4.834 4.904 4.959
3.060 3.045 3.031 3.017 3.002 2.988 2.963 2.936 2.936 2.883 2.856 2.829 2.802 2.804 2.827 2.850 2.872 2.895 2.918 2.941 2.963 2.978 2.988 2.997 2.997 3.016 3.026 3.036 3.029 3.020 3.011 3.001 2.992 2.983 2.974 2.964 2.972 3.026 3.081 3.135 3.135 3.244 3.298 3.352 3.407 3.434 3.452 3.469 3.487 3.505 3.523 3.553 3.583 3.613 3.643 3.673 3.733 3.733 3.764 3.794 3.824 3.854 3.897 3.945 4.002 4.086 4.169 4.252 4.335 4.418 4.502 4.585 4.751 4.751 4.834 4.904 4.959
3.072 3.057 3.043 3.029 3.014 2.993 2.966 2.940 2.940 2.886 2.859 2.833 2.806 2.783 2.806 2.829 2.852 2.874 2.897 2.920 2.939 2.949 2.958 2.968 2.968 2.987 2.997 3.007 3.011 3.001 2.992 2.983 2.974 2.965 2.955 2.946 2.981 3.036 3.090 3.144 3.145 3.253 3.307 3.362 3.416 3.470 3.491 3.509 3.526 3.544 3.567 3.597 3.628 3.658 3.688 3.718 3.778 3.778 3.808 3.838 3.868 3.898 3.928 3.976 4.053 4.136 4.219 4.303 4.386 4.469 4.552 4.635 4.802 4.802 4.885 4.966 5.043
3.084 3.070 3.055 3.041 3.023 2.997 2.970 2.943 2.943 2.890 2.863 2.836 2.809 2.783 2.786 2.808 2.831 2.854 2.877 2.899 2.910 2.920 2.929 2.939 2.939 2.958 2.968 2.977 2.987 2.983 2.974 2.965 2.955 2.946 2.937 2.937 2.991 3.045 3.100 3.154 3.154 3.263 3.317 3.371 3.425 3.480 3.530 3.548 3.566 3.583 3.612 3.642 3.672 3.702 3.732 3.762 3.822 3.822 3.852 3.882 3.912 3.942 3.972 4.021 4.104 4.188 4.272 4.355 4.439 4.522 4.606 4.690 4.857 4.857 4.940 5.034 5.136
3.109 3.094 3.079 3.057 3.030 3.004 2.977 2.950 2.950 2.897 2.870 2.843 2.816 2.789 2.763 2.767 2.790 2.813 2.833 2.842 2.852 2.861 2.871 2.881 2.881 2.900 2.909 2.919 2.929 2.938 2.937 2.928 2.919 2.910 2.901 2.955 3.009 3.064 3.118 3.172 3.173 3.281 3.335 3.390 3.444 3.498 3.553 3.607 3.644 3.670 3.700 3.730 3.760 3.789 3.818 3.847 3.905 3.905 3.935 3.964 3.993 4.022 4.058 4.137 4.217 4.299 4.383 4.467 4.550 4.634 4.717 4.801 4.968 4.968 5.055 5.157 5.260
3.131 3.106 3.087 3.061 3.034 3.007 2.980 2.954 2.954 2.900 2.873 2.846 2.820 2.793 2.766 2.747 2.769 2.792 2.803 2.813 2.823 2.832 2.842 2.851 2.852 2.871 2.880 2.890 2.900 2.909 2.919 2.910 2.900 2.891 2.910 2.965 3.019 3.073 3.128 3.182 3.182 3.291 3.345 3.399 3.453 3.508 3.562 3.618 3.677 3.712 3.741 3.770 3.799 3.828 3.857 3.887 3.945 3.945 3.974 4.003 4.032 4.061 4.117 4.196 4.276 4.356 4.439 4.523 4.606 4.690 4.773 4.857 5.024 5.024 5.117 5.219 5.322
3.151 3.118 3.091 3.064 3.037 3.011 2.984 2.957 2.957 2.903 2.877 2.850 2.823 2.796 2.770 2.743 2.749 2.765 2.774 2.784 2.793 2.803 2.813 2.822 2.822 2.841 2.851 2.861 2.870 2.880 2.890 2.891 2.882 2.873 2.920 2.974 3.028 3.083 3.137 3.191 3.191 3.300 3.354 3.411 3.471 3.530 3.589 3.648 3.702 3.747 3.780 3.809 3.839 3.868 3.897 3.926 3.984 3.984 4.013 4.042 4.071 4.101 4.176 4.255 4.335 4.415 4.495 4.578 4.662 4.746 4.829 4.913 5.080 5.080 5.179 5.281 5.383
3.150 3.126 3.101 3.074 3.047 3.019 2.992 2.965 2.965 2.910 2.883 2.856 2.829 2.801 2.774 2.747 2.726 2.736 2.745 2.755 2.764 2.774 2.784 2.793 2.793 2.812 2.822 2.832 2.841 2.851 2.861 2.870 2.864 2.875 2.929 2.983 3.038 3.092 3.146 3.204 3.204 3.323 3.382 3.441 3.500 3.560 3.619 3.678 3.728 3.773 3.818 3.849 3.878 3.907 3.936 3.965 4.023 4.023 4.053 4.082 4.111 4.155 4.235 4.314 4.394 4.473 4.553 4.634 4.718 4.801 4.885 4.969 5.138 5.139 5.241 5.343 5.445
3.154 3.133 3.112 3.085 3.057 3.030 3.003 2.976 2.976 2.921 2.894 2.866 2.839 2.812 2.785 2.757 2.744 2.745 2.751 2.756 2.762 2.767 2.773 2.778 2.778 2.789 2.795 2.803 2.812 2.822 2.832 2.841 2.846 2.884 2.938 2.997 3.056 3.115 3.175 3.234 3.234 3.353 3.412 3.471 3.530 3.590 3.649 3.708 3.753 3.798 3.844 3.888 3.917 3.947 3.976 4.005 4.063 4.063 4.092 4.121 4.150 4.214 4.294 4.373 4.453 4.532 4.612 4.692 4.774 4.857 4.941 5.024 5.200 5.200 5.303 5.405 5.507
3.162 3.141 3.120 3.095 3.068 3.041 3.013 2.986 2.986 2.932 2.904 2.877 2.850 2.823 2.795 2.777 2.766 2.760 2.766 2.771 2.776 2.782 2.787 2.793 2.793 2.804 2.809 2.815 2.820 2.826 2.831 2.837 2.845 2.908 2.967 3.027 3.086 3.145 3.205 3.264 3.264 3.382 3.442 3.501 3.560 3.619 3.679 3.733 3.779 3.824 3.869 3.914 3.957 3.986 4.015 4.044 4.102 4.102 4.131 4.160 4.193 4.273 4.352 4.432 4.512 4.591 4.671 4.750 4.830 4.913 4.997 5.080 5.262 5.262 5.364 5.467 5.569
3.170 3.149 3.128 3.106 3.079 3.051 3.024 2.997 2.997 2.942 2.915 2.888 2.861 2.833 2.811 2.799 2.788 2.776 2.780 2.786 2.791 2.797 2.802 2.808 2.808 2.819 2.824 2.830 2.835 2.841 2.846 2.854 2.865 2.930 2.997 3.056 3.116 3.175 3.234 3.294 3.294 3.412 3.472 3.531 3.590 3.649 3.709 3.759 3.804 3.849 3.894 3.940 3.985 4.025 4.054 4.083 4.141 4.142 4.171 4.200 4.252 4.332 4.411 4.491 4.571 4.650 4.730 4.809 4.889 4.969 5.052 5.136 5.324 5.324 5.426 5.529 5.631
3.178 3.157 3.135 3.114 3.089 3.062 3.035 3.008 3.008 2.953 2.926 2.899 2.871 2.844 2.833 2.821 2.810 2.798 2.795 2.801 2.806 2.811 2.817 2.822 2.823 2.833 2.839 2.844 2.850 2.855 2.862 2.874 2.885 2.948 3.018 3.086 3.146 3.205 3.264 3.324 3.324 3.442 3.501 3.561 3.620 3.679 3.738 3.784 3.829 3.875 3.920 3.965 4.010 4.056 4.094 4.123 4.181 4.181 4.210 4.239 4.311 4.391 4.470 4.550 4.629 4.709 4.789 4.868 4.948 5.027 5.108 5.192 5.386 5.386 5.488 5.590 5.693
3.185 3.164 3.143 3.122 3.100 3.073 3.046 3.018 3.018 2.964 2.937 2.909 2.882 2.866 2.855 2.843 2.832 2.820 2.810 2.815 2.821 2.826 2.832 2.837 2.837 2.848 2.854 2.859 2.865 2.871 2.883 2.894 2.905 2.965 3.035 3.105 3.175 3.235 3.294 3.354 3.354 3.472 3.531 3.591 3.650 3.709 3.764 3.809 3.855 3.900 3.945 3.991 4.036 4.081 4.126 4.162 4.220 4.220 4.249 4.290 4.370 4.450 4.529 4.609 4.688 4.768 4.848 4.927 5.007 5.086 5.166 5.248 5.448 5.448 5.559 5.671 5.783
3.193 3.172 3.151 3.130 3.109 3.084 3.056 3.029 3.029 2.975 2.947 2.920 2.900 2.888 2.877 2.865 2.854 2.842 2.831 2.830 2.836 2.841 2.846 2.852 2.852 2.863 2.868 2.874 2.880 2.891 2.903 2.914 2.925 2.983 3.053 3.123 3.192 3.262 3.324 3.384 3.384 3.502 3.561 3.620 3.680 3.739 3.790 3.835 3.880 3.925 3.971 4.016 4.061 4.106 4.152 4.197 4.260 4.260 4.289 4.349 4.429 4.508 4.588 4.668 4.747 4.827 4.906 4.986 5.066 5.145 5.229 5.318 5.541 5.541 5.653 5.765 5.877
3.201 3.180 3.159 3.138 3.117 3.094 3.067 3.040 3.040 2.985 2.958 2.933 2.921 2.910 2.898 2.887 2.876 2.864 2.853 2.845 2.850 2.856 2.861 2.867 2.867 2.878 2.883 2.889 2.900 2.911 2.923 2.934 2.945 3.001 3.071 3.140 3.210 3.280 3.350 3.413 3.413 3.532 3.591 3.650 3.710 3.769 3.815 3.860 3.906 3.951 3.996 4.041 4.087 4.132 4.177 4.222 4.299 4.299 4.329 4.408 4.488 4.567 4.647 4.727 4.806 4.889 4.975 5.061 5.148 5.234 5.320 5.416 5.635 5.635 5.747 5.859 5.971
3.209 3.188 3.167 3.145 3.124 3.103 3.078 3.051 3.051 2.996 2.969 2.955 2.943 2.932 2.920 2.909 2.897 2.886 2.874 2.863 2.865 2.871 2.876 2.881 2.882 2.892 2.898 2.909 2.920 2.932 2.943 2.954 2.965 3.018 3.088 3.158 3.228 3.297 3.367 3.437 3.437 3.562 3.621 3.680 3.739 3.795 3.840 3.886 3.931 3.976 4.022 4.067 4.112 4.157 4.203 4.248 4.338 4.338 4.387 4.467 4.548 4.635 4.721 4.807 4.894 4.980 5.066 5.152 5.239 5.325 5.411 5.514 5.730 5.730 5.841 5.953 6.065
3.216 3.195 3.174 3.153 3.132 3.111 3.089 3.061 3.061 3.007 2.988 2.977 2.965 2.954 2.942 2.931 2.919 2.908 2.896 2.885 2.880 2.885 2.891 2.896 2.896 2.907 2.918 2.929 2.940 2.952 2.963 2.974 2.985 3.036 3.106 3.176 3.245 3.315 3.385 3.455 3.455 3.592 3.651 3.710 3.769 3.821 3.866 3.911 3.956 4.002 4.047 4.092 4.137 4.183 4.228 4.273 4.374 4.374 4.467 4.553 4.640 4.726 4.812 4.898 4.985 5.071 5.157 5.243 5.330 5.416 5.504 5.612 5.828 5.828 5.936 6.047 6.159
3.224 3.203 3.182 3.161 3.140 3.119 3.098 3.072 3.072 3.022 3.010 2.999 2.987 2.976 2.964 2.953 2.941 2.930 2.918 2.907 2.895 2.900 2.906 2.911 2.911 2.927 2.938 2.949 2.961 2.972 2.983 2.994 3.005 3.054 3.123 3.193 3.263 3.333 3.402 3.472 3.472 3.612 3.681 3.740 3.799 3.846 3.891 3.936 3.982 4.027 4.072 4.121 4.171 4.221 4.272 4.322 4.430 4.430 4.541 4.644 4.730 4.817 4.903 4.989 5.076 5.162 5.248 5.334 5.421 5.507 5.602 5.710 5.926 5.926 6.034 6.142 6.253
