includes/camargue/floodfiles/results_R3_t1.56234553567E12/res-0001.wdfp
ncols         906
nrows         631
xllcorner     362177.146667
yllcorner     6534725.688020
cellsize      20.000000
NODATA_value  -9999.000000
[rows 374 to 407 of 631, columns 693 to 769 of 906]
0.000 0.000 0.000 0.000 0.000 0.000 0.000 0.000 0.000 0.000 0.000 0.000 0.000 0.000 0.000 0.000 0.000 0.000 0.000 0.000 0.000 0.000 0.000 0.000 0.000 0.000 0.000 0.000 0.000 0.000 0.000 0.000 0.000 0.000 0.000 0.000 0.000 0.000 0.000 0.000 0.000 0.000 0.000 0.000 0.000 0.000 0.000 0.000 0.000 0.000 0.000 0.000 0.000 0.000 0.000 0.000 0.000 0.000 0.000 0.000 0.000 0.000 0.000 0.729 0.919 0.930 0.990 0.990 1.051 1.091 1.102 1.222 1.153 1.153 0.595 1.304 1.284
0.000 0.000 0.000 0.000 0.000 0.000 0.000 0.000 0.000 0.000 0.000 0.000 0.000 0.000 0.000 0.000 0.000 0.000 0.000 0.000 0.000 0.000 0.000 0.000 0.000 0.000 0.000 0.000 0.000 0.000 0.000 0.000 0.000 0.000 0.000 0.000 0.000 0.000 0.000 0.000 0.000 0.000 0.000 0.000 0.000 0.000 0.000 0.000 0.000 0.000 0.000 0.000 0.000 0.000 0.000 0.000 0.000 0.000 0.000 0.000 0.000 0.048 0.698 0.819 1.020 0.940 1.030 1.051 1.061 1.081 1.132 0.385 1.163 1.163 1.193 1.194 1.004
0.000 0.000 0.000 0.000 0.000 0.000 0.000 0.000 0.000 0.000 0.000 0.000 0.000 0.000 0.000 0.000 0.000 0.000 0.000 0.000 0.000 0.000 0.000 0.000 0.000 0.000 0.000 0.000 0.000 0.000 0.000 0.000 0.000 0.000 0.000 0.000 0.000 0.000 0.000 0.000 0.000 0.000 0.000 0.000 0.000 0.000 0.000 0.000 0.000 0.000 0.000 0.000 0.000 0.000 0.000 0.000 0.000 0.000 0.000 0.000 0.127 0.729 0.718 0.939 0.929 1.000 1.100 1.030 1.161 1.141 0.440 1.113 1.153 1.153 1.124 1.274 1.131
0.062 0.000 0.000 0.000 0.000 0.000 0.000 0.000 0.000 0.000 0.000 0.000 0.000 0.000 0.000 0.000 0.000 0.000 0.000 0.000 0.000 0.000 0.000 0.000 0.000 0.000 0.000 0.000 0.000 0.000 0.000 0.000 0.000 0.000 0.000 0.000 0.000 0.000 0.000 0.000 0.000 0.000 0.000 0.000 0.000 0.000 0.000 0.000 0.000 0.000 0.000 0.000 0.000 0.000 0.000 0.000 0.000 0.000 0.000 0.157 0.698 0.808 0.898 0.869 0.959 1.100 1.010 1.080 1.141 1.191 0.611 1.252 1.303 1.303 1.243 1.263 1.284
0.000 0.000 0.000 0.016 0.000 0.000 0.000 0.000 0.000 0.000 0.000 0.000 0.000 0.000 0.000 0.000 0.000 0.000 0.000 0.000 0.000 0.000 0.000 0.000 0.000 0.000 0.000 0.000 0.000 0.000 0.000 0.000 0.000 0.000 0.000 0.000 0.000 0.000 0.000 0.000 0.000 0.000 0.000 0.000 0.000 0.000 0.000 0.000 0.000 0.000 0.000 0.000 0.000 0.000 0.000 0.000 0.000 0.000 0.447 0.848 0.868 0.728 0.979 0.949 0.939 1.140 1.150 1.191 1.161 1.301 1.282 1.242 1.302 1.303 1.223 1.357 1.473
0.000 0.000 0.001 0.075 0.000 0.000 0.000 0.000 0.000 0.000 0.000 0.000 0.000 0.000 0.000 0.000 0.000 0.000 0.000 0.000 0.000 0.000 0.000 0.000 0.000 0.000 0.000 0.000 0.000 0.000 0.000 0.000 0.000 0.000 0.000 0.000 0.000 0.000 0.000 0.000 0.000 0.000 0.000 0.000 0.000 0.000 0.000 0.000 0.000 0.000 0.000 0.000 0.000 0.000 0.000 0.000 0.000 0.000 0.447 0.848 0.868 0.728 0.978 0.949 0.939 1.140 1.150 1.191 1.161 1.301 1.281 1.242 1.302 1.303 1.223 1.357 1.473
0.000 0.011 0.035 0.124 0.000 0.000 0.000 0.000 0.000 0.000 0.000 0.000 0.000 0.000 0.000 0.000 0.000 0.000 0.000 0.000 0.000 0.000 0.000 0.000 0.000 0.000 0.000 0.000 0.000 0.000 0.000 0.000 0.000 0.000 0.000 0.000 0.000 0.000 0.000 0.000 0.000 0.000 0.000 0.000 0.000 0.000 0.000 0.000 0.000 0.000 0.000 0.000 0.000 0.000 0.000 0.000 0.655 0.656 0.787 0.918 0.828 1.028 0.869 0.999 1.149 1.100 1.080 1.151 1.130 1.241 0.952 1.067 1.192 1.192 1.413 1.528 1.273
0.155 0.204 0.150 0.112 0.089 0.000 0.000 0.000 0.000 0.000 0.000 0.000 0.000 0.000 0.000 0.000 0.000 0.000 0.000 0.000 0.000 0.000 0.000 0.000 0.000 0.000 0.000 0.000 0.000 0.000 0.000 0.000 0.000 0.000 0.000 0.000 0.000 0.000 0.000 0.000 0.000 0.000 0.000 0.000 0.000 0.000 0.000 0.000 0.000 0.000 0.000 0.000 0.000 0.000 0.000 0.000 0.846 0.847 0.867 0.867 0.957 0.908 1.098 1.129 1.049 1.160 1.220 0.777 1.281 1.171 1.123 1.238 1.468 1.468 1.583 1.699 1.814
0.288 0.358 0.299 0.260 0.241 0.071 0.000 0.000 0.000 0.000 0.000 0.000 0.000 0.000 0.000 0.000 0.000 0.000 0.000 0.000 0.000 0.000 0.000 0.000 0.000 0.000 0.000 0.000 0.000 0.000 0.000 0.000 0.000 0.000 0.000 0.000 0.000 0.000 0.000 0.000 0.000 0.000 0.000 0.000 0.000 0.000 0.000 0.000 0.000 0.000 0.000 0.000 0.000 0.134 0.745 0.716 1.026 1.026 0.897 1.017 1.007 0.968 1.058 1.218 1.149 0.777 1.003 1.119 1.290 1.241 1.464 1.251 1.809 1.810 1.874 1.902 1.929
0.280 0.321 0.412 0.324 0.236 0.339 0.000 0.000 0.000 0.000 0.000 0.000 0.000 0.000 0.000 0.000 0.000 0.000 0.000 0.000 0.000 0.000 0.000 0.000 0.000 0.000 0.000 0.000 0.000 0.000 0.000 0.000 0.000 0.000 0.000 0.000 0.000 0.000 0.000 0.000 0.000 0.000 0.000 0.000 0.000 0.000 0.000 0.000 0.000 0.000 0.000 0.000 0.313 0.854 0.965 1.025 0.926 0.926 1.086 1.107 1.117 1.057 1.278 0.473 1.259 1.159 1.220 1.289 1.404 1.520 1.635 1.750 1.878 1.879 1.906 1.934 1.961
0.313 0.284 0.276 0.398 0.460 0.631 0.083 0.000 0.000 0.000 0.000 0.000 0.000 0.000 0.000 0.000 0.000 0.000 0.000 0.000 0.000 0.000 0.000 0.000 0.000 0.000 0.000 0.000 0.000 0.000 0.000 0.000 0.000 0.000 0.000 0.000 0.000 0.000 0.000 0.000 0.000 0.000 0.000 0.000 0.000 0.000 0.000 0.000 0.000 0.000 0.000 0.714 0.814 0.734 0.895 0.865 0.846 0.846 1.206 1.117 1.247 1.297 1.237 1.228 0.895 1.259 1.345 1.460 1.575 1.690 1.805 1.855 1.910 1.911 1.938 1.966 1.993
0.396 0.408 0.510 0.481 0.562 0.503 0.464 0.000 0.000 0.000 0.000 0.000 0.000 0.000 0.000 0.000 0.000 0.000 0.000 0.000 0.000 0.000 0.000 0.000 0.000 0.000 0.000 0.000 0.000 0.000 0.000 0.000 0.000 0.000 0.000 0.000 0.000 0.000 0.000 0.000 0.000 0.000 0.000 0.000 0.000 0.000 0.000 0.000 0.000 0.000 0.844 0.864 0.854 0.964 0.904 0.885 1.115 1.116 1.146 1.216 1.197 1.217 1.247 1.098 1.075 1.318 1.515 1.631 1.746 1.833 1.860 1.887 1.942 1.943 1.970 1.998 2.026
0.459 0.500 0.712 0.633 0.494 0.645 0.616 0.607 0.608 0.000 0.000 0.000 0.000 0.000 0.000 0.000 0.000 0.000 0.000 0.000 0.000 0.000 0.000 0.000 0.000 0.000 0.000 0.000 0.000 0.000 0.000 0.000 0.000 0.000 0.000 0.000 0.000 0.000 0.000 0.000 0.000 0.000 0.000 0.000 0.000 0.000 0.000 0.000 0.203 0.803 0.983 0.994 1.014 1.064 1.035 1.025 1.105 1.106 1.106 1.206 1.117 1.227 1.137 1.258 1.255 1.498 1.686 1.801 1.837 1.865 1.892 1.920 1.974 1.975 2.002 2.030 2.058
0.490 0.562 0.583 0.634 0.775 0.696 0.577 0.688 0.688 0.000 0.000 0.000 0.000 0.000 0.000 0.000 0.000 0.000 0.000 0.000 0.000 0.000 0.000 0.000 0.000 0.000 0.000 0.000 0.000 0.000 0.000 0.000 0.000 0.000 0.000 0.000 0.000 0.000 0.000 0.000 0.000 0.000 0.000 0.000 0.000 0.000 0.000 0.461 0.822 0.912 1.073 1.103 0.924 1.164 1.084 1.075 1.245 1.245 1.205 1.246 1.266 1.307 1.277 1.308 1.522 1.706 1.309 1.842 1.869 1.897 1.924 1.952 2.007 2.007 2.034 2.062 2.090
0.612 0.553 0.615 0.736 0.667 0.788 0.808 0.669 0.669 0.780 0.161 0.000 0.000 0.000 0.000 0.000 0.000 0.000 0.000 0.000 0.000 0.000 0.000 0.000 0.000 0.000 0.000 0.000 0.000 0.000 0.000 0.000 0.000 0.000 0.000 0.000 0.000 0.000 0.000 0.000 0.000 0.000 0.000 0.000 0.000 0.000 0.561 0.921 0.982 1.042 1.063 1.053 1.174 1.164 1.124 1.234 1.245 1.245 1.295 1.196 1.246 1.275 1.247 1.288 1.790 1.820 1.848 1.874 1.901 1.929 1.956 1.984 2.039 2.039 2.066 2.094 2.122
0.664 0.715 0.646 0.757 0.838 0.898 0.759 0.710 0.711 0.722 0.793 0.744 0.000 0.000 0.000 0.000 0.000 0.000 0.000 0.000 0.000 0.000 0.000 0.000 0.000 0.000 0.000 0.000 0.000 0.000 0.000 0.000 0.000 0.000 0.000 0.000 0.000 0.000 0.000 0.000 0.000 0.000 0.000 0.000 0.000 0.790 0.941 0.951 1.161 1.022 1.132 1.073 1.144 1.274 1.224 1.144 1.274 1.275 1.125 1.236 1.216 1.578 1.762 1.795 1.825 1.854 1.882 1.908 1.934 1.961 1.988 2.016 2.071 2.071 2.099 2.126 2.154
0.655 0.736 0.857 0.938 0.909 0.939 0.780 0.781 0.782 0.773 0.903 0.894 0.765 0.696 0.064 0.000 0.000 0.000 0.000 0.000 0.000 0.000 0.000 0.000 0.000 0.000 0.000 0.000 0.000 0.362 0.433 0.343 0.363 0.393 0.132 0.000 0.000 0.000 0.000 0.000 0.000 0.000 0.000 0.000 0.670 0.790 0.960 1.041 1.081 1.031 0.962 1.083 1.243 1.174 1.174 1.164 1.147 1.147 1.175 1.515 1.698 1.770 1.800 1.829 1.859 1.888 1.916 1.942 1.968 1.994 2.021 2.048 2.103 2.103 2.131 2.158 2.186
0.726 0.857 0.728 0.809 0.789 0.870 0.941 0.922 0.922 1.043 0.924 1.025 0.926 0.917 0.838 0.808 0.389 0.010 0.000 0.000 0.000 0.000 0.000 0.000 0.000 0.530 0.501 0.671 0.582 0.582 0.543 0.623 0.474 0.444 0.296 0.538 0.409 0.000 0.000 0.000 0.000 0.000 0.000 0.448 0.679 0.990 0.990 0.920 1.101 1.131 0.474 0.506 0.538 1.244 1.304 1.174 1.234 1.234 1.265 1.745 1.775 1.805 1.834 1.864 1.893 1.923 1.949 1.976 2.002 2.028 2.054 2.081 2.135 2.135 2.163 2.191 2.218
0.807 0.818 0.889 0.900 0.880 0.891 0.962 0.932 0.933 0.843 1.034 0.965 0.956 0.877 0.958 0.939 0.910 0.932 0.943 0.843 0.745 0.716 0.707 0.678 0.679 0.620 0.630 0.621 0.702 0.662 0.633 0.534 0.594 0.506 0.557 0.669 0.560 0.561 0.222 0.000 0.000 0.000 0.636 0.587 0.748 0.999 1.099 1.010 0.940 1.221 1.201 1.261 0.836 1.020 1.303 1.387 1.284 1.284 1.750 1.780 1.809 1.839 1.869 1.898 1.928 1.957 1.983 2.010 2.036 2.062 2.089 2.115 2.167 2.168 2.195 2.223 2.250
0.788 0.868 0.929 0.910 1.041 0.922 1.092 0.993 0.994 1.144 0.995 1.026 1.006 1.018 0.998 0.899 1.020 0.931 1.052 0.844 0.995 0.876 0.787 0.908 0.909 0.760 0.720 0.791 0.782 0.613 0.693 0.644 0.525 0.596 0.558 0.579 0.621 0.642 0.513 0.227 0.230 0.694 0.836 0.787 0.808 1.069 1.259 1.159 1.250 1.210 1.141 1.191 1.142 1.032 1.203 1.690 1.754 1.755 1.784 1.814 1.844 1.873 1.903 1.932 1.962 1.991 2.017 2.044 2.070 2.096 2.123 2.149 2.202 2.202 2.228 2.255 2.282
0.878 0.959 0.920 0.991 0.932 1.052 1.093 1.023 1.024 1.035 1.026 1.086 1.017 1.118 1.059 1.020 1.051 0.962 0.923 0.984 1.015 0.866 0.917 1.058 1.059 0.899 0.880 0.801 0.782 0.803 0.644 0.664 0.605 0.717 0.788 0.679 0.791 0.892 0.624 0.597 0.600 0.683 0.855 0.796 0.857 0.828 1.159 1.159 1.259 1.120 1.300 1.281 1.442 1.112 1.203 1.173 1.789 1.789 1.819 1.848 1.878 1.907 1.937 1.966 1.996 2.025 2.051 2.078 2.104 2.130 2.157 2.183 2.236 2.236 2.262 2.289 2.315
0.879 0.960 0.920 0.991 0.932 1.053 1.094 1.024 1.025 1.035 1.026 1.087 1.018 1.118 1.059 1.020 1.051 0.962 0.923 0.984 1.015 0.866 0.917 1.058 1.059 0.899 0.880 0.801 0.782 0.803 0.644 0.665 0.606 0.718 0.789 0.680 0.791 0.893 0.625 0.597 0.600 0.683 0.855 0.796 0.857 0.828 1.158 1.159 1.259 1.119 1.300 1.280 1.442 1.112 1.202 1.173 1.788 1.789 1.818 1.848 1.877 1.907 1.936 1.966 1.995 2.024 2.051 2.077 2.104 2.130 2.156 2.183 2.235 2.236 2.262 2.288 2.315
0.930 1.120 0.971 1.132 1.013 0.974 1.094 1.175 1.175 1.046 1.097 1.177 1.138 1.069 1.120 1.211 1.041 1.062 1.003 1.074 0.955 0.986 1.017 0.878 0.879 0.960 0.810 0.771 0.743 0.813 0.854 0.675 0.687 0.888 0.779 0.980 0.861 0.773 0.625 0.677 0.680 0.633 0.774 1.035 1.006 0.917 1.097 1.178 1.229 1.389 1.495 1.600 1.270 1.704 1.142 1.212 1.823 1.823 1.853 1.882 1.912 1.941 1.971 2.000 2.030 2.058 2.085 2.111 2.138 2.164 2.190 2.217 2.269 2.270 2.296 2.322 2.349
1.080 1.081 1.082 1.073 0.973 1.044 1.125 1.105 1.106 1.056 1.087 1.188 1.128 1.109 1.080 1.171 1.102 1.033 1.084 0.944 1.065 0.906 1.017 0.988 0.989 1.020 0.781 0.912 0.843 0.944 0.755 0.996 0.887 0.928 0.930 0.841 0.792 0.883 0.695 0.427 0.430 0.743 0.954 1.045 0.905 0.986 1.187 1.267 1.421 1.526 1.626 1.667 1.704 1.737 1.768 1.272 1.857 1.857 1.887 1.916 1.946 1.975 2.005 2.034 2.064 2.092 2.119 2.145 2.171 2.198 2.224 2.251 2.303 2.304 2.330 2.356 2.383
1.081 1.082 1.092 1.183 1.124 1.135 1.546 1.246 1.246 1.067 1.504 1.228 1.149 1.180 1.090 1.091 1.182 1.103 1.124 1.165 1.006 0.947 0.878 0.939 0.939 0.960 0.881 0.903 0.984 1.065 1.015 0.946 1.027 0.849 0.950 0.791 0.802 0.723 0.895 0.368 0.370 0.973 1.103 1.154 1.245 1.266 1.266 1.147 1.218 1.647 1.687 1.727 1.763 1.796 1.829 1.862 1.925 1.926 1.955 1.985 2.015 2.044 2.074 2.103 2.133 2.161 2.187 2.213 2.240 2.266 2.293 2.319 2.370 2.371 2.395 2.419 2.443
1.182 1.042 1.163 1.254 1.175 1.105 1.186 1.246 1.247 1.177 1.588 1.228 1.219 1.170 1.181 1.082 1.232 1.094 1.075 1.175 1.006 0.997 0.958 0.829 0.830 0.931 0.962 1.093 1.064 0.945 1.046 1.097 1.018 0.959 0.910 1.011 0.852 0.793 0.645 0.608 0.611 0.932 0.993 1.024 1.165 1.514 1.256 1.156 1.287 1.228 1.717 1.758 1.793 1.826 1.858 1.891 1.956 1.956 1.989 2.019 2.049 2.079 2.108 2.138 2.167 2.195 2.221 2.248 2.274 2.300 2.327 2.352 2.400 2.400 2.424 2.448 2.472
1.162 1.203 1.164 1.204 1.592 1.186 1.156 1.187 1.187 1.108 1.249 1.249 1.200 1.261 1.241 1.122 1.103 1.164 1.105 1.076 1.007 1.048 1.039 1.050 1.051 1.121 1.152 1.013 1.034 1.215 1.226 1.157 0.988 1.149 1.000 1.001 0.972 0.783 0.526 0.588 0.590 1.092 1.093 1.254 1.504 1.544 1.585 1.076 1.666 1.707 1.748 1.788 1.823 1.855 1.888 1.921 1.985 1.986 2.018 2.051 2.083 2.113 2.142 2.172 2.202 2.229 2.255 2.282 2.308 2.334 2.358 2.382 2.429 2.430 2.454 2.478 2.502
1.153 1.580 1.235 1.175 1.086 1.630 1.637 1.644 1.644 1.159 1.648 1.646 1.644 1.261 1.641 1.203 1.204 1.164 1.125 1.146 1.167 1.068 1.159 1.160 1.161 1.202 1.153 1.104 1.114 1.125 0.956 1.057 1.148 1.119 1.140 0.981 0.902 0.884 0.666 0.708 0.710 1.111 1.142 1.103 1.534 1.574 1.615 1.246 1.697 1.737 1.778 1.818 1.852 1.885 1.918 1.950 2.015 2.015 2.048 2.080 2.113 2.146 2.177 2.206 2.236 2.263 2.289 2.315 2.339 2.363 2.387 2.411 2.459 2.459 2.483 2.507 2.532
1.602 1.620 1.255 1.176 1.246 1.658 1.228 1.198 1.199 1.229 1.230 1.230 1.181 1.672 1.183 1.223 1.164 1.185 1.126 1.187 1.068 0.959 1.170 1.191 1.191 1.142 1.193 1.194 1.275 1.482 1.166 0.997 1.208 1.079 1.100 1.172 1.023 0.854 0.576 1.038 1.039 1.261 1.482 1.183 1.284 1.605 1.645 1.686 1.727 1.767 1.808 1.849 1.882 1.915 1.947 1.980 2.045 2.045 2.077 2.110 2.143 2.175 2.208 2.240 2.271 2.297 2.321 2.345 2.369 2.393 2.417 2.441 2.489 2.489 2.513 2.537 2.561
1.642 1.245 1.664 1.246 1.227 1.685 1.693 1.699 1.700 1.708 1.706 1.211 1.703 1.702 1.700 1.254 1.145 1.176 1.216 1.187 1.228 1.690 1.688 1.211 1.211 1.202 1.658 1.114 1.175 1.256 1.217 1.228 1.209 1.220 1.081 1.092 1.133 0.724 0.906 1.078 1.079 1.110 1.281 1.553 1.253 1.635 1.676 1.716 1.757 1.798 1.838 1.879 1.911 1.944 1.977 2.009 2.074 2.074 2.107 2.139 2.172 2.205 2.238 2.270 2.302 2.326 2.350 2.374 2.398 2.422 2.446 2.470 2.518 2.519 2.543 2.567 2.591
1.245 1.685 1.692 1.699 1.706 1.238 1.720 1.249 1.250 1.738 1.231 1.734 1.202 1.243 1.204 1.154 1.135 1.206 1.097 1.258 1.721 1.269 1.718 1.251 1.252 1.697 1.153 1.104 1.135 1.156 1.097 1.615 1.219 1.160 1.151 1.242 1.533 0.985 0.946 1.028 1.029 1.080 1.291 1.212 1.624 1.665 1.706 1.746 1.787 1.828 1.868 1.908 1.941 1.974 2.006 2.039 2.104 2.104 2.137 2.169 2.202 2.234 2.267 2.300 2.330 2.355 2.380 2.404 2.428 2.452 2.476 2.500 2.548 2.548 2.572 2.596 2.620
1.706 1.713 1.720 1.727 1.228 1.741 1.748 1.755 1.756 1.767 1.766 1.252 1.762 1.761 1.214 1.758 1.206 1.755 1.753 1.198 1.750 1.749 1.747 1.739 1.740 1.703 1.164 1.205 1.205 1.226 1.277 1.228 1.623 1.220 1.031 1.152 1.204 1.075 1.066 1.158 1.158 1.040 1.291 1.625 1.660 1.695 1.736 1.777 1.817 1.858 1.899 1.938 1.971 2.003 2.036 2.069 2.133 2.134 2.166 2.199 2.231 2.264 2.297 2.329 2.359 2.383 2.408 2.433 2.458 2.482 2.506 2.530 2.577 2.578 2.602 2.626 2.650
1.733 1.741 1.748 1.755 1.762 1.769 1.776 1.783 1.783 1.251 1.795 1.793 1.792 1.204 1.155 1.787 1.236 1.784 1.783 1.781 1.779 1.778 1.762 1.745 1.745 1.263 1.164 1.135 1.156 1.127 1.158 1.218 1.649 1.190 1.161 1.182 1.274 1.275 1.046 1.287 1.288 1.239 1.280 1.231 1.698 1.733 1.767 1.807 1.848 1.888 1.929 1.967 2.000 2.033 2.065 2.098 2.163 2.163 2.196 2.228 2.261 2.294 2.326 2.359 2.387 2.412 2.437 2.462 2.487 2.511 2.535 2.559 2.607 2.607 2.631 2.655 2.679
1.761 1.768 1.775 1.782 1.789 1.796 1.803 1.810 1.811 1.824 1.824 1.253 1.821 1.255 1.818 1.816 1.815 1.813 1.812 1.810 1.804 1.786 1.768 1.750 1.751 1.143 1.274 1.717 1.246 1.207 1.268 1.209 1.674 1.200 1.241 1.625 1.124 1.593 1.276 1.107 1.108 1.633 1.668 1.702 1.182 1.772 1.806 1.841 1.878 1.919 1.959 1.997 2.030 2.062 2.095 2.128 2.192 2.193 2.225 2.258 2.291 2.323 2.356 2.388 2.415 2.440 2.465 2.490 2.515 2.540 2.565 2.589 2.637 2.637 2.661 2.685 2.709
