includes/camargue/floodfiles/results_R3_t1.56234553567E12/res-0003.wd
ncols         906
nrows         631
xllcorner     362177.146667
yllcorner     6534725.688020
cellsize      20.000000
NODATA_value  -9999.000000
[rows 510 to 543 of 631, columns 693 to 769 of 906]
6.391 6.379 6.367 6.436 6.513 6.590 6.667 6.744 6.744 6.898 6.975 7.046 7.100 7.154 7.209 7.263 7.401 7.600 7.799 7.998 8.197 8.395 8.594 8.793 8.793 9.145 9.275 9.404 9.534 9.674 9.834 9.994 10.155 10.315 10.475 10.635 10.796 10.956 11.116 11.284 11.284 11.622 11.791 11.760 11.730 11.699 11.669 11.639 11.609 11.578 11.548 11.518 11.487 11.458 11.429 11.400 11.395 11.395 11.420 11.446 11.472 11.498 11.524 11.549 11.575 11.601 11.627 11.653 11.678 11.704 11.879 12.059 12.476 12.476 12.740 13.005 13.268
6.597 6.590 6.667 6.744 6.821 6.898 6.975 7.052 7.052 7.207 7.284 7.361 7.434 7.488 7.543 7.703 7.902 8.101 8.300 8.498 8.697 8.896 9.095 9.294 9.294 9.692 9.856 9.985 10.129 10.289 10.449 10.610 10.770 10.930 11.090 11.251 11.411 11.571 11.731 11.892 11.891 12.211 12.180 12.150 12.120 12.089 12.059 12.029 11.998 11.968 11.938 11.908 11.877 11.847 11.817 11.788 11.838 11.838 11.864 11.890 11.915 11.941 11.967 11.993 12.018 12.044 12.070 12.096 12.122 12.147 12.173 12.279 12.748 12.748 13.012 13.236 13.440
6.701 6.744 6.822 6.899 6.976 7.053 7.130 7.207 7.206 7.361 7.438 7.515 7.592 7.655 7.755 7.953 8.152 8.351 8.550 8.749 8.948 9.147 9.345 9.544 9.544 9.942 10.141 10.277 10.437 10.597 10.757 10.917 11.078 11.238 11.398 11.558 11.718 11.879 12.039 12.199 12.199 12.406 12.376 12.345 12.315 12.285 12.254 12.224 12.194 12.163 12.133 12.103 12.072 12.042 12.012 12.008 12.060 12.060 12.085 12.111 12.137 12.163 12.189 12.214 12.240 12.266 12.292 12.318 12.343 12.369 12.395 12.421 12.812 12.812 13.016 13.220 13.424
6.822 6.899 6.976 7.053 7.130 7.207 7.284 7.361 7.361 7.515 7.592 7.669 7.746 7.822 8.005 8.204 8.403 8.602 8.802 9.005 9.208 9.412 9.615 9.818 9.818 10.225 10.429 10.559 10.717 10.874 11.031 11.188 11.346 11.503 11.660 11.817 11.975 12.132 12.289 12.446 12.446 12.419 12.381 12.343 12.306 12.268 12.230 12.192 12.154 12.117 12.079 12.041 12.003 11.966 11.943 12.044 12.099 12.099 12.126 12.153 12.181 12.208 12.235 12.263 12.290 12.318 12.345 12.372 12.400 12.427 12.455 12.495 12.796 12.796 13.000 13.204 13.408
7.085 7.166 7.247 7.328 7.409 7.489 7.570 7.652 7.652 7.814 7.895 7.976 8.057 8.205 8.421 8.624 8.828 9.031 9.234 9.438 9.641 9.844 10.048 10.251 10.251 10.658 10.821 10.799 10.917 11.074 11.231 11.389 11.546 11.703 11.860 12.018 12.175 12.332 12.489 12.647 12.647 12.323 12.279 12.241 12.204 12.166 12.128 12.090 12.053 12.015 11.977 11.939 11.902 11.864 11.932 12.037 12.124 12.124 12.151 12.179 12.206 12.234 12.261 12.288 12.316 12.343 12.370 12.398 12.425 12.453 12.487 12.553 12.827 12.827 12.994 13.187 13.391
7.350 7.502 7.583 7.664 7.745 7.826 7.907 7.988 7.988 8.150 8.231 8.312 8.398 8.624 8.851 9.057 9.260 9.464 9.667 9.871 10.074 10.277 10.481 10.684 10.684 11.091 11.124 11.102 11.117 11.274 11.431 11.589 11.746 11.903 12.060 12.218 12.375 12.532 12.689 12.714 12.714 12.311 12.177 12.139 12.102 12.064 12.026 11.988 11.951 11.913 11.875 11.837 11.800 11.816 11.921 12.026 12.149 12.149 12.177 12.204 12.232 12.259 12.286 12.314 12.341 12.368 12.396 12.423 12.451 12.480 12.545 12.610 12.871 12.871 13.038 13.205 13.375
7.600 7.832 7.919 8.000 8.081 8.162 8.243 8.324 8.324 8.486 8.567 8.648 8.818 9.044 9.270 9.490 9.693 9.896 10.100 10.303 10.507 10.710 10.913 11.117 11.117 11.449 11.427 11.405 11.383 11.474 11.631 11.789 11.946 12.103 12.260 12.418 12.575 12.732 12.889 12.702 12.702 12.299 12.098 12.037 12.000 11.962 11.924 11.886 11.849 11.811 11.773 11.735 11.700 11.805 11.910 12.015 12.175 12.175 12.202 12.230 12.257 12.284 12.312 12.339 12.366 12.394 12.421 12.449 12.476 12.537 12.602 12.668 12.915 12.915 13.082 13.249 13.416
7.850 8.082 8.255 8.336 8.417 8.498 8.579 8.660 8.660 8.822 8.903 9.011 9.237 9.463 9.690 9.916 10.126 10.329 10.533 10.736 10.939 11.143 11.346 11.550 11.549 11.751 11.729 11.707 11.685 11.674 11.831 11.989 12.146 12.303 12.460 12.618 12.775 12.932 12.891 12.690 12.690 12.287 12.086 11.935 11.898 11.860 11.822 11.784 11.747 11.709 11.671 11.633 11.689 11.794 11.899 12.004 12.200 12.200 12.228 12.255 12.282 12.310 12.337 12.365 12.392 12.419 12.447 12.474 12.529 12.595 12.660 12.725 12.959 12.959 13.126 13.293 13.460
8.100 8.333 8.565 8.672 8.753 8.834 8.915 8.996 8.996 9.158 9.239 9.430 9.657 9.883 10.109 10.335 10.559 10.762 10.965 11.169 11.372 11.575 11.779 11.982 11.982 12.054 12.032 12.010 11.988 11.966 12.031 12.189 12.346 12.503 12.660 12.818 12.975 13.080 12.879 12.678 12.678 12.275 12.074 11.873 11.796 11.758 11.720 11.682 11.645 11.607 11.569 11.573 11.678 11.783 11.888 11.993 12.203 12.203 12.253 12.280 12.308 12.335 12.363 12.390 12.417 12.445 12.472 12.522 12.587 12.652 12.718 12.783 13.003 13.002 13.170 13.337 13.504
8.350 8.583 8.815 9.008 9.089 9.170 9.251 9.332 9.332 9.494 9.624 9.850 10.076 10.302 10.529 10.755 10.981 11.195 11.398 11.602 11.805 12.008 12.212 12.401 12.400 12.357 12.335 12.313 12.291 12.269 12.247 12.389 12.546 12.703 12.861 13.018 13.175 13.068 12.867 12.666 12.666 12.263 12.062 11.861 11.694 11.656 11.618 11.580 11.543 11.505 11.467 11.562 11.667 11.772 11.877 11.982 12.192 12.192 12.279 12.306 12.333 12.361 12.388 12.415 12.443 12.470 12.514 12.579 12.644 12.710 12.775 12.840 13.046 13.046 13.213 13.380 13.547
8.601 8.833 9.065 9.298 9.425 9.506 9.587 9.668 9.668 9.830 10.043 10.269 10.496 10.722 10.948 11.174 11.401 11.627 11.831 12.034 12.238 12.441 12.644 12.703 12.703 12.659 12.637 12.615 12.593 12.571 12.549 12.589 12.746 12.903 13.061 13.218 13.257 13.056 12.855 12.654 12.654 12.251 12.050 11.849 11.648 11.554 11.516 11.479 11.441 11.403 11.447 11.551 11.656 11.761 11.866 11.971 12.181 12.181 12.286 12.331 12.359 12.386 12.413 12.441 12.468 12.506 12.571 12.637 12.702 12.767 12.833 12.898 13.090 13.090 13.257 13.424 13.591
8.851 9.083 9.316 9.548 9.762 9.843 9.924 10.005 10.004 10.236 10.463 10.689 10.915 11.141 11.368 11.594 11.820 12.046 12.264 12.467 12.670 12.874 13.028 13.006 13.006 12.962 12.940 12.918 12.896 12.874 12.852 12.830 12.946 13.103 13.261 13.418 13.245 13.044 12.843 12.642 12.642 12.239 12.038 11.837 11.636 11.452 11.414 11.377 11.339 11.331 11.436 11.540 11.645 11.750 11.855 11.960 12.170 12.170 12.275 12.357 12.384 12.412 12.439 12.466 12.498 12.564 12.629 12.694 12.759 12.825 12.890 12.955 13.134 13.134 13.301 13.468 13.635
9.101 9.334 9.566 9.798 10.030 10.179 10.260 10.341 10.341 10.656 10.882 11.108 11.335 11.561 11.787 12.013 12.240 12.466 12.692 12.900 13.103 13.307 13.331 13.309 13.309 13.265 13.243 13.221 13.199 13.177 13.155 13.133 13.146 13.303 13.461 13.434 13.233 13.032 12.831 12.630 12.630 12.227 12.026 11.825 11.624 11.423 11.312 11.275 11.237 11.320 11.425 11.530 11.634 11.739 11.844 11.949 12.159 12.159 12.264 12.369 12.410 12.437 12.464 12.492 12.556 12.621 12.686 12.752 12.817 12.882 12.948 13.013 13.178 13.178 13.345 13.512 13.679
9.351 9.584 9.816 10.048 10.281 10.513 10.596 10.677 10.677 11.075 11.302 11.528 11.754 11.980 12.207 12.433 12.659 12.885 13.112 13.333 13.536 13.655 13.633 13.611 13.611 13.567 13.545 13.523 13.501 13.479 13.457 13.435 13.413 13.504 13.623 13.422 13.221 13.020 12.819 12.618 12.618 12.215 12.014 11.813 11.612 11.411 11.210 11.173 11.204 11.309 11.414 11.519 11.623 11.728 11.833 11.938 12.148 12.148 12.253 12.358 12.435 12.462 12.490 12.548 12.613 12.679 12.744 12.809 12.875 12.940 13.005 13.071 13.221 13.221 13.388 13.555 13.723
9.352 9.584 9.816 10.049 10.281 10.513 10.596 10.677 10.677 11.076 11.302 11.528 11.754 11.981 12.207 12.433 12.659 12.886 13.112 13.333 13.536 13.655 13.633 13.611 13.611 13.568 13.546 13.524 13.502 13.480 13.458 13.436 13.414 13.504 13.623 13.422 13.221 13.020 12.819 12.618 12.618 12.216 12.015 11.813 11.612 11.411 11.211 11.173 11.204 11.309 11.414 11.519 11.624 11.729 11.834 11.938 12.148 12.148 12.253 12.358 12.435 12.463 12.490 12.548 12.614 12.679 12.744 12.809 12.875 12.940 13.005 13.071 13.221 13.221 13.389 13.556 13.723
9.602 9.834 10.066 10.299 10.531 10.763 10.932 11.043 11.043 11.495 11.721 11.948 12.174 12.400 12.626 12.853 13.079 13.305 13.531 13.758 13.969 13.958 13.936 13.914 13.914 13.870 13.848 13.826 13.804 13.782 13.760 13.738 13.716 13.704 13.611 13.410 13.209 13.008 12.807 12.606 12.606 12.204 12.003 11.801 11.600 11.399 11.198 11.088 11.193 11.298 11.403 11.508 11.613 11.718 11.823 11.928 12.137 12.137 12.242 12.347 12.452 12.488 12.540 12.606 12.671 12.736 12.802 12.867 12.932 12.998 13.063 13.128 13.265 13.265 13.432 13.599 13.766
9.852 10.084 10.317 10.549 10.781 11.014 11.246 11.462 11.462 11.907 12.124 12.340 12.557 12.774 12.991 13.208 13.425 13.642 13.859 14.076 14.150 14.121 14.091 14.062 14.061 14.002 13.973 13.943 13.914 13.884 13.855 13.825 13.796 13.736 13.569 13.368 13.166 12.965 12.764 12.563 12.563 12.160 11.959 11.758 11.557 11.356 11.154 11.090 11.188 11.292 11.397 11.501 11.606 11.710 11.815 11.919 12.128 12.128 12.233 12.337 12.442 12.533 12.598 12.663 12.729 12.794 12.859 12.925 12.990 13.055 13.121 13.186 13.317 13.317 13.476 13.643 13.810
10.283 10.515 10.746 10.978 11.209 11.440 11.612 11.777 11.777 12.192 12.409 12.626 12.843 13.060 13.277 13.494 13.711 13.928 14.144 14.181 14.121 14.061 14.028 13.999 13.999 13.940 13.910 13.881 13.851 13.822 13.792 13.762 13.683 13.550 13.416 13.255 13.054 12.853 12.652 12.451 12.451 12.048 11.847 11.646 11.445 11.250 11.228 11.207 11.185 11.287 11.391 11.496 11.600 11.705 11.809 11.914 12.123 12.123 12.227 12.332 12.417 12.502 12.585 12.667 12.750 12.832 12.915 12.997 13.080 13.162 13.235 13.301 13.431 13.431 13.564 13.731 13.817
10.495 10.726 10.958 11.189 11.421 11.622 11.787 11.952 11.952 12.335 12.552 12.769 12.986 13.203 13.420 13.637 13.854 14.071 14.228 14.168 14.108 14.047 13.997 13.968 13.967 13.909 13.879 13.849 13.820 13.790 13.761 13.724 13.590 13.457 13.323 13.190 12.998 12.797 12.596 12.395 12.395 11.992 11.791 11.590 11.389 11.309 11.287 11.265 11.244 11.284 11.389 11.493 11.598 11.702 11.807 11.911 12.120 12.120 12.225 12.315 12.400 12.485 12.569 12.651 12.734 12.816 12.898 12.981 13.063 13.146 13.228 13.311 13.475 13.475 13.554 13.640 13.725
10.706 10.938 11.169 11.401 11.632 11.797 11.962 12.126 12.126 12.478 12.695 12.912 13.129 13.346 13.563 13.780 13.997 14.213 14.215 14.154 14.094 14.034 13.974 13.936 13.936 13.877 13.848 13.818 13.789 13.759 13.729 13.631 13.497 13.364 13.230 13.097 12.942 12.741 12.540 12.339 12.339 11.937 11.735 11.534 11.389 11.367 11.346 11.324 11.302 11.281 11.386 11.490 11.595 11.699 11.804 11.908 12.117 12.117 12.214 12.298 12.383 12.468 12.552 12.635 12.717 12.800 12.882 12.964 13.047 13.129 13.212 13.294 13.428 13.428 13.474 13.551 13.634
10.918 11.150 11.381 11.612 11.807 11.971 12.136 12.301 12.301 12.630 12.838 13.055 13.272 13.489 13.706 13.923 14.140 14.261 14.201 14.141 14.081 14.021 13.960 13.905 13.905 13.846 13.816 13.787 13.757 13.728 13.671 13.538 13.404 13.271 13.138 13.004 12.871 12.685 12.484 12.283 12.283 11.881 11.679 11.478 11.447 11.426 11.404 11.383 11.361 11.340 11.383 11.488 11.592 11.697 11.801 11.906 12.112 12.112 12.196 12.281 12.366 12.451 12.535 12.618 12.701 12.783 12.866 12.948 13.030 13.113 13.195 13.278 13.357 13.357 13.398 13.475 13.551
11.130 11.361 11.593 11.816 11.981 12.146 12.311 12.476 12.475 12.805 12.981 13.198 13.415 13.632 13.849 14.066 14.283 14.249 14.188 14.128 14.067 14.007 13.947 13.887 13.887 13.815 13.785 13.756 13.726 13.697 13.578 13.445 13.311 13.178 13.044 12.911 12.778 12.629 12.428 12.227 12.227 11.825 11.624 11.528 11.506 11.484 11.463 11.441 11.420 11.398 11.381 11.485 11.590 11.694 11.799 11.903 12.095 12.095 12.179 12.264 12.349 12.433 12.518 12.602 12.684 12.767 12.849 12.932 13.014 13.097 13.179 13.235 13.287 13.287 13.322 13.399 13.475
11.341 11.573 11.804 11.991 12.156 12.321 12.485 12.650 12.650 12.980 13.144 13.341 13.558 13.775 13.992 14.209 14.295 14.235 14.175 14.114 14.054 13.994 13.934 13.873 13.873 13.784 13.754 13.724 13.695 13.619 13.485 13.352 13.218 13.085 12.952 12.818 12.685 12.551 12.372 12.171 12.171 11.769 11.608 11.586 11.565 11.543 11.521 11.500 11.478 11.457 11.435 11.482 11.587 11.691 11.796 11.900 12.078 12.078 12.162 12.247 12.332 12.416 12.501 12.586 12.668 12.751 12.833 12.915 12.998 13.080 13.139 13.165 13.217 13.217 13.246 13.323 13.399
11.553 11.784 12.001 12.166 12.330 12.495 12.660 12.825 12.825 13.154 13.319 13.484 13.701 13.918 14.135 14.342 14.282 14.222 14.161 14.101 14.041 13.981 13.920 13.860 13.860 13.752 13.723 13.693 13.659 13.526 13.392 13.259 13.125 12.992 12.859 12.725 12.592 12.458 12.316 12.115 12.115 11.713 11.666 11.645 11.623 11.601 11.580 11.558 11.537 11.515 11.494 11.480 11.584 11.689 11.793 11.891 12.060 12.060 12.145 12.230 12.314 12.399 12.484 12.568 12.652 12.734 12.817 12.899 12.982 13.043 13.069 13.095 13.147 13.147 13.173 13.247 13.323
11.765 11.996 12.175 12.340 12.505 12.670 12.834 12.999 12.999 13.329 13.493 13.658 13.844 14.061 14.278 14.328 14.268 14.208 14.148 14.088 14.027 13.967 13.907 13.847 13.847 13.726 13.692 13.662 13.566 13.433 13.299 13.166 13.033 12.899 12.766 12.632 12.499 12.365 12.232 12.059 12.059 11.747 11.725 11.703 11.682 11.660 11.639 11.617 11.595 11.574 11.552 11.531 11.582 11.686 11.789 11.874 12.043 12.043 12.128 12.213 12.297 12.382 12.467 12.551 12.635 12.718 12.800 12.883 12.946 12.972 12.998 13.024 13.076 13.076 13.102 13.171 13.247
11.976 12.185 12.350 12.515 12.679 12.844 13.009 13.174 13.174 13.503 13.668 13.833 13.997 14.204 14.376 14.316 14.255 14.195 14.135 14.074 14.014 13.954 13.894 13.833 13.833 13.713 13.660 13.607 13.473 13.340 13.206 13.073 12.940 12.806 12.673 12.539 12.406 12.273 12.139 12.003 12.003 11.805 11.784 11.762 11.740 11.719 11.697 11.676 11.654 11.632 11.611 11.589 11.579 11.683 11.772 11.857 12.026 12.026 12.111 12.195 12.280 12.365 12.450 12.534 12.619 12.701 12.784 12.850 12.876 12.902 12.928 12.954 13.006 13.006 13.032 13.095 13.171
12.188 12.360 12.525 12.689 12.854 13.019 13.184 13.348 13.348 13.678 13.842 14.007 14.172 14.346 14.362 14.302 14.242 14.181 14.121 14.061 14.001 13.940 13.880 13.819 13.819 13.690 13.625 13.511 13.377 13.243 13.110 12.976 12.843 12.709 12.575 12.442 12.308 12.175 12.041 11.908 11.908 11.846 11.827 11.807 11.787 11.768 11.748 11.729 11.709 11.690 11.669 11.648 11.626 11.670 11.755 11.840 12.009 12.009 12.094 12.178 12.263 12.348 12.432 12.517 12.602 12.685 12.754 12.780 12.806 12.832 12.858 12.884 12.936 12.936 12.962 13.019 13.095
12.370 12.534 12.699 12.864 13.029 13.187 13.342 13.497 13.497 13.807 13.962 14.118 14.272 14.358 14.273 14.208 14.143 14.078 14.013 13.949 13.884 13.819 13.754 13.689 13.689 13.559 13.486 13.396 13.263 13.129 12.995 12.862 12.728 12.595 12.461 12.327 12.194 12.060 11.927 11.843 11.843 11.819 11.799 11.780 11.760 11.740 11.721 11.701 11.682 11.662 11.643 11.623 11.614 11.658 11.742 11.827 11.995 11.995 12.079 12.164 12.248 12.332 12.416 12.501 12.585 12.658 12.684 12.710 12.736 12.762 12.788 12.814 12.866 12.866 12.892 12.943 13.019
12.447 12.602 12.757 12.913 13.068 13.223 13.378 13.533 13.533 13.843 13.998 14.154 14.308 14.257 14.145 14.078 14.013 13.948 13.883 13.818 13.753 13.688 13.623 13.558 13.558 13.428 13.344 13.259 13.148 13.015 12.881 12.747 12.614 12.480 12.347 12.213 12.079 11.946 11.813 11.808 11.808 11.791 11.772 11.752 11.732 11.713 11.693 11.674 11.654 11.635 11.615 11.595 11.625 11.663 11.731 11.815 11.983 11.983 12.068 12.152 12.236 12.320 12.405 12.489 12.573 12.633 12.661 12.679 12.696 12.714 12.731 12.749 12.796 12.796 12.821 12.867 12.943
12.494 12.638 12.793 12.949 13.104 13.259 13.414 13.569 13.569 13.879 14.034 14.190 14.270 14.157 14.044 13.947 13.882 13.817 13.752 13.687 13.622 13.557 13.492 13.427 13.427 13.286 13.202 13.117 13.033 12.900 12.767 12.633 12.499 12.366 12.232 12.099 11.965 11.831 11.778 11.773 11.773 11.763 11.744 11.725 11.705 11.685 11.666 11.646 11.627 11.607 11.587 11.597 11.635 11.673 11.719 11.803 11.972 11.972 12.056 12.140 12.225 12.309 12.393 12.477 12.546 12.603 12.650 12.667 12.685 12.702 12.720 12.737 12.772 12.772 12.790 12.801 12.866
12.494 12.639 12.794 12.949 13.104 13.259 13.414 13.569 13.569 13.879 14.035 14.190 14.270 14.157 14.044 13.947 13.882 13.817 13.752 13.687 13.622 13.557 13.492 13.427 13.427 13.287 13.202 13.117 13.033 12.900 12.767 12.633 12.500 12.366 12.232 12.099 11.965 11.832 11.779 11.773 11.773 11.763 11.744 11.725 11.705 11.686 11.666 11.646 11.627 11.607 11.588 11.597 11.635 11.674 11.719 11.803 11.972 11.972 12.056 12.141 12.225 12.309 12.393 12.478 12.546 12.603 12.650 12.668 12.685 12.703 12.720 12.737 12.772 12.772 12.790 12.801 12.866
12.543 12.679 12.830 12.985 13.140 13.295 13.450 13.605 13.605 13.915 14.071 14.226 14.168 14.056 13.943 13.830 13.751 13.686 13.621 13.556 13.491 13.426 13.361 13.296 13.296 13.145 13.060 12.975 12.891 12.786 12.652 12.519 12.385 12.252 12.118 11.984 11.851 11.749 11.744 11.738 11.738 11.728 11.717 11.697 11.678 11.658 11.638 11.619 11.599 11.580 11.570 11.608 11.646 11.684 11.722 11.792 11.960 11.960 12.045 12.129 12.213 12.297 12.382 12.459 12.516 12.573 12.630 12.656 12.674 12.691 12.708 12.726 12.761 12.761 12.777 12.785 12.793
12.593 12.729 12.866 13.021 13.176 13.331 13.486 13.641 13.641 13.952 14.107 14.180 14.067 13.955 13.842 13.729 13.620 13.555 13.491 13.426 13.361 13.296 13.231 13.166 13.166 13.003 12.918 12.833 12.749 12.664 12.538 12.404 12.271 12.137 12.004 11.870 11.736 11.714 11.709 11.703 11.703 11.693 11.688 11.670 11.650 11.631 11.611 11.591 11.572 11.552 11.580 11.618 11.657 11.695 11.733 11.780 11.949 11.949 12.033 12.117 12.202 12.286 12.370 12.429 12.486 12.542 12.599 12.645 12.662 12.680 12.697 12.715 12.750 12.750 12.760 12.768 12.776
12.692 12.828 12.964 13.100 13.248 13.403 13.558 13.713 13.713 14.023 14.090 13.978 13.865 13.752 13.640 13.527 13.414 13.301 13.229 13.164 13.099 13.034 12.969 12.888 12.888 12.718 12.634 12.549 12.464 12.380 12.295 12.175 12.042 11.908 11.775 11.654 11.649 11.644 11.638 11.633 11.633 11.623 11.617 11.612 11.595 11.575 11.556 11.536 11.525 11.563 11.601 11.639 11.677 11.716 11.754 11.792 11.925 11.925 12.010 12.094 12.178 12.254 12.311 12.368 12.425 12.481 12.538 12.595 12.639 12.657 12.674 12.692 12.719 12.719 12.727 12.735 12.743
