includes/camargue/floodfiles/results_R3_t1.56234553567E12/res-0005.wdfp
ncols         906
nrows         631
xllcorner     362177.146667
yllcorner     6534725.688020
cellsize      20.000000
NODATA_value  -9999.000000
[rows 544 to 577 of 631, columns 308 to 384 of 906]
9.048 8.949 8.851 8.752 8.640 8.471 8.471 8.133 7.964 7.795 7.626 7.457 7.288 7.119 6.951 6.782 6.613 6.444 6.275 6.377 6.499 6.620 6.620 6.863 6.985 7.107 7.228 7.350 7.471 7.593 7.714 7.836 7.957 8.042 7.977 7.912 7.848 7.619 7.145 7.145 6.908 6.671 6.435 6.198 5.961 5.724 5.487 5.287 5.275 5.262 5.250 5.238 5.226 5.214 5.178 5.178 5.157 5.136 5.115 5.095 5.074 5.065 5.060 5.054 5.049 5.043 5.038 5.032 5.027 5.021 5.010 5.010 5.004 5.005 5.002 4.990 4.978
9.098 8.999 8.901 8.803 8.704 8.538 8.538 8.200 8.031 7.862 7.693 7.524 7.355 7.186 7.017 6.848 6.679 6.510 6.328 6.317 6.491 6.665 6.665 7.013 7.187 7.316 7.438 7.559 7.681 7.802 7.924 8.045 8.167 8.288 8.257 8.192 7.991 7.754 7.280 7.280 7.043 6.806 6.570 6.333 6.096 5.859 5.622 5.385 5.332 5.320 5.307 5.295 5.283 5.268 5.227 5.227 5.206 5.185 5.164 5.143 5.123 5.110 5.104 5.099 5.093 5.088 5.082 5.077 5.071 5.066 5.055 5.055 5.056 5.057 5.058 5.045 5.033
9.148 9.050 8.951 8.853 8.754 8.604 8.604 8.266 8.097 7.928 7.759 7.590 7.421 7.252 7.083 6.914 6.745 6.566 6.381 6.224 6.398 6.572 6.572 6.920 7.093 7.267 7.441 7.615 7.789 7.963 8.133 8.255 8.376 8.498 8.537 8.363 8.126 7.889 7.415 7.415 7.178 6.941 6.705 6.468 6.231 5.994 5.757 5.520 5.389 5.377 5.364 5.352 5.338 5.317 5.276 5.276 5.255 5.234 5.213 5.192 5.172 5.155 5.149 5.144 5.138 5.133 5.127 5.122 5.116 5.111 5.106 5.107 5.108 5.109 5.110 5.100 5.088
9.198 9.100 9.001 8.903 8.804 8.671 8.671 8.333 8.164 7.995 7.826 7.657 7.488 7.319 7.150 6.981 6.804 6.619 6.433 6.248 6.304 6.478 6.478 6.826 7.000 7.174 7.348 7.522 7.696 7.870 8.043 8.217 8.391 8.565 8.706 8.486 8.261 8.024 7.550 7.550 7.313 7.076 6.839 6.603 6.366 6.129 5.892 5.655 5.446 5.434 5.421 5.408 5.387 5.366 5.325 5.325 5.304 5.283 5.262 5.241 5.221 5.200 5.194 5.188 5.183 5.177 5.172 5.166 5.161 5.156 5.158 5.158 5.159 5.160 5.162 5.155 5.143
9.248 9.150 9.051 8.953 8.855 8.737 8.737 8.399 8.230 8.061 7.892 7.723 7.554 7.385 7.216 7.042 6.857 6.671 6.486 6.301 6.211 6.385 6.385 6.733 6.907 7.081 7.254 7.428 7.602 7.776 7.950 8.124 8.298 8.464 8.606 8.523 8.304 8.084 7.645 7.644 7.425 7.205 6.975 6.738 6.501 6.264 6.027 5.790 5.553 5.491 5.477 5.457 5.436 5.415 5.373 5.373 5.353 5.332 5.311 5.290 5.270 5.249 5.239 5.233 5.228 5.222 5.217 5.211 5.206 5.207 5.210 5.210 5.211 5.212 5.213 5.211 5.198
9.298 9.200 9.102 9.003 8.905 8.803 8.803 8.465 8.297 8.128 7.959 7.790 7.621 7.452 7.280 7.095 6.909 6.724 6.538 6.353 6.168 6.291 6.291 6.639 6.813 6.987 7.161 7.335 7.509 7.683 7.856 8.030 8.204 8.346 8.487 8.560 8.341 8.121 7.681 7.681 7.462 7.242 7.022 6.803 6.583 6.363 6.144 5.924 5.688 5.547 5.526 5.506 5.485 5.464 5.422 5.423 5.402 5.381 5.360 5.339 5.319 5.298 5.283 5.278 5.272 5.267 5.261 5.257 5.258 5.259 5.262 5.262 5.263 5.264 5.265 5.266 5.253
9.349 9.250 9.152 9.053 8.955 8.857 8.857 8.532 8.363 8.194 8.025 7.856 7.687 7.518 7.332 7.147 6.962 6.776 6.591 6.406 6.220 6.198 6.198 6.546 6.720 6.894 7.067 7.241 7.415 7.589 7.763 7.937 8.086 8.227 8.369 8.510 8.377 8.158 7.718 7.718 7.499 7.279 7.059 6.840 6.620 6.400 6.180 5.961 5.741 5.595 5.574 5.554 5.534 5.513 5.471 5.471 5.451 5.430 5.409 5.388 5.368 5.347 5.328 5.323 5.317 5.312 5.308 5.309 5.310 5.311 5.313 5.313 5.315 5.316 5.317 5.318 5.309
9.399 9.300 9.202 9.104 9.005 8.907 8.907 8.598 8.429 8.260 8.091 7.922 7.753 7.571 7.385 7.200 7.014 6.829 6.644 6.458 6.273 6.104 6.104 6.452 6.626 6.800 6.974 7.148 7.322 7.496 7.669 7.826 7.967 8.109 8.250 8.391 8.414 8.195 7.755 7.755 7.536 7.316 7.096 6.877 6.657 6.437 6.217 5.998 5.822 5.678 5.621 5.601 5.581 5.560 5.520 5.520 5.500 5.479 5.458 5.437 5.416 5.396 5.375 5.367 5.362 5.358 5.359 5.360 5.362 5.363 5.365 5.365 5.366 5.367 5.368 5.370 5.364
9.449 9.350 9.252 9.154 9.055 8.957 8.957 8.665 8.496 8.327 8.158 7.989 7.808 7.623 7.438 7.252 7.067 6.882 6.696 6.511 6.326 6.140 6.140 6.359 6.533 6.707 6.881 7.054 7.228 7.402 7.566 7.707 7.849 7.990 8.131 8.273 8.414 8.232 7.792 7.792 7.573 7.353 7.133 6.913 6.694 6.474 6.254 6.058 5.914 5.770 5.667 5.647 5.627 5.607 5.567 5.567 5.547 5.526 5.506 5.486 5.465 5.445 5.424 5.412 5.409 5.410 5.411 5.412 5.413 5.414 5.417 5.417 5.418 5.419 5.420 5.421 5.419
9.499 9.401 9.302 9.204 9.105 9.007 9.007 8.731 8.562 8.393 8.224 8.046 7.861 7.676 7.490 7.305 7.120 6.934 6.749 6.564 6.378 6.193 6.193 6.265 6.439 6.613 6.787 6.961 7.135 7.306 7.447 7.589 7.730 7.871 8.013 8.154 8.295 8.268 7.829 7.829 7.609 7.390 7.170 6.950 6.731 6.511 6.294 6.150 6.006 5.862 5.717 5.694 5.673 5.653 5.613 5.613 5.593 5.573 5.553 5.533 5.512 5.492 5.472 5.459 5.460 5.462 5.463 5.464 5.465 5.466 5.469 5.469 5.470 5.471 5.472 5.473 5.474
9.549 9.451 9.352 9.254 9.156 9.057 9.057 8.798 8.629 8.460 8.284 8.099 7.914 7.728 7.543 7.358 7.172 6.987 6.802 6.616 6.431 6.246 6.246 6.172 6.346 6.520 6.694 6.868 7.041 7.187 7.329 7.470 7.611 7.753 7.894 8.035 8.177 8.305 7.866 7.866 7.646 7.427 7.207 6.987 6.767 6.548 6.386 6.242 6.098 5.953 5.809 5.740 5.720 5.700 5.660 5.660 5.639 5.619 5.599 5.579 5.559 5.539 5.496 5.444 5.469 5.495 5.514 5.516 5.517 5.518 5.520 5.520 5.522 5.523 5.524 5.525 5.526
9.371 9.385 9.400 9.304 9.206 9.107 9.107 8.864 8.695 8.522 8.337 8.152 7.966 7.781 7.596 7.410 7.225 7.040 6.854 6.669 6.484 6.298 6.298 6.079 6.252 6.426 6.600 6.774 6.928 7.069 7.210 7.352 7.493 7.634 7.776 7.917 8.058 8.200 7.903 7.903 7.683 7.463 7.244 7.024 6.804 6.622 6.478 6.334 6.190 6.045 5.901 5.786 5.766 5.746 5.706 5.706 5.686 5.666 5.646 5.625 5.605 5.557 5.490 5.423 5.449 5.474 5.500 5.526 5.552 5.570 5.572 5.572 5.573 5.574 5.575 5.577 5.578
9.371 9.385 9.400 9.304 9.206 9.107 9.107 8.864 8.695 8.522 8.337 8.152 7.966 7.781 7.596 7.410 7.225 7.040 6.854 6.669 6.484 6.298 6.298 6.079 6.253 6.426 6.600 6.774 6.928 7.069 7.210 7.352 7.493 7.634 7.776 7.917 8.058 8.200 7.903 7.903 7.683 7.463 7.244 7.024 6.804 6.622 6.478 6.334 6.190 6.045 5.901 5.786 5.766 5.746 5.706 5.706 5.686 5.666 5.646 5.625 5.605 5.557 5.490 5.423 5.449 5.474 5.500 5.526 5.552 5.570 5.572 5.572 5.573 5.574 5.575 5.577 5.578
9.180 9.194 9.209 9.224 9.238 9.157 9.157 8.930 8.760 8.575 8.390 8.204 8.019 7.834 7.648 7.463 7.278 7.092 6.907 6.722 6.536 6.351 6.351 5.985 6.159 6.333 6.507 6.668 6.809 6.950 7.092 7.233 7.374 7.516 7.657 7.798 7.940 8.081 7.940 7.940 7.720 7.500 7.281 7.061 6.858 6.714 6.570 6.426 6.282 6.137 5.993 5.849 5.813 5.793 5.752 5.752 5.732 5.712 5.692 5.672 5.618 5.551 5.483 5.416 5.428 5.454 5.480 5.505 5.531 5.557 5.609 5.609 5.625 5.626 5.627 5.628 5.629
8.989 9.004 9.018 9.033 9.047 9.062 9.062 8.997 8.813 8.627 8.442 8.257 8.072 7.886 7.701 7.515 7.330 7.145 6.960 6.774 6.589 6.404 6.404 6.033 6.065 6.239 6.408 6.549 6.690 6.832 6.973 7.114 7.256 7.397 7.538 7.680 7.821 7.962 7.977 7.977 7.757 7.537 7.318 7.098 6.950 6.806 6.662 6.518 6.373 6.229 6.085 5.941 5.859 5.839 5.799 5.799 5.779 5.759 5.738 5.679 5.612 5.544 5.477 5.410 5.407 5.433 5.459 5.485 5.511 5.536 5.588 5.588 5.614 5.640 5.665 5.680 5.681
8.608 8.622 8.637 8.651 8.681 8.755 8.755 8.892 8.934 8.747 8.561 8.375 8.188 8.002 7.816 7.629 7.443 7.257 7.070 6.884 6.698 6.511 6.511 6.139 5.953 6.029 6.171 6.312 6.453 6.595 6.736 6.877 7.019 7.160 7.301 7.443 7.584 7.725 8.008 8.008 7.831 7.611 7.422 7.278 7.134 6.990 6.845 6.701 6.557 6.413 6.269 6.125 5.980 5.932 5.892 5.892 5.868 5.801 5.734 5.666 5.599 5.532 5.464 5.397 5.365 5.391 5.417 5.443 5.469 5.495 5.546 5.546 5.572 5.598 5.624 5.650 5.680
8.417 8.432 8.449 8.523 8.597 8.671 8.671 8.804 8.858 8.810 8.623 8.437 8.251 8.065 7.878 7.692 7.505 7.319 7.133 6.946 6.760 6.574 6.574 6.201 6.091 6.128 6.235 6.342 6.449 6.557 6.664 6.771 6.900 7.041 7.183 7.324 7.465 7.607 7.889 7.889 7.868 7.658 7.514 7.370 7.226 7.081 6.937 6.793 6.649 6.505 6.361 6.217 6.072 5.978 5.930 5.930 5.862 5.795 5.727 5.660 5.593 5.525 5.458 5.390 5.344 5.370 5.396 5.422 5.448 5.474 5.525 5.525 5.551 5.577 5.603 5.641 5.700
8.226 8.291 8.365 8.439 8.513 8.587 8.587 8.715 8.770 8.825 8.686 8.499 8.313 8.127 7.941 7.754 7.568 7.381 7.195 7.009 6.822 6.636 6.636 6.283 6.283 6.283 6.378 6.486 6.593 6.700 6.807 6.914 7.021 7.128 7.235 7.343 7.450 7.557 7.771 7.771 7.905 7.750 7.606 7.462 7.318 7.173 7.029 6.885 6.741 6.597 6.453 6.308 6.164 6.025 5.923 5.923 5.856 5.788 5.721 5.654 5.586 5.519 5.451 5.384 5.324 5.349 5.375 5.401 5.427 5.453 5.505 5.505 5.530 5.556 5.602 5.661 5.721
8.134 8.207 8.281 8.355 8.429 8.503 8.503 8.627 8.681 8.736 8.748 8.562 8.375 8.189 8.003 7.817 7.630 7.444 7.257 7.071 6.885 6.698 6.698 6.475 6.475 6.475 6.522 6.629 6.736 6.843 6.950 7.057 7.164 7.272 7.379 7.486 7.593 7.700 7.914 7.914 7.872 7.724 7.584 7.443 7.303 7.163 7.023 6.882 6.742 6.602 6.461 6.321 6.181 6.041 5.917 5.917 5.849 5.782 5.715 5.647 5.580 5.512 5.445 5.378 5.310 5.329 5.354 5.380 5.406 5.432 5.484 5.484 5.510 5.563 5.623 5.682 5.742
8.050 8.124 8.197 8.271 8.345 8.419 8.419 8.538 8.593 8.648 8.703 8.624 8.438 8.252 8.065 7.879 7.693 7.506 7.320 7.133 6.947 6.761 6.761 6.666 6.666 6.666 6.666 6.772 6.879 6.986 7.093 7.201 7.308 7.415 7.522 7.629 7.736 7.843 7.987 7.987 7.832 7.677 7.534 7.394 7.254 7.114 6.973 6.833 6.693 6.553 6.412 6.272 6.132 6.012 5.900 5.900 5.843 5.776 5.708 5.641 5.573 5.506 5.439 5.371 5.304 5.308 5.334 5.360 5.385 5.411 5.464 5.464 5.524 5.584 5.643 5.703 5.762
7.966 8.040 8.114 8.187 8.261 8.335 8.335 8.450 8.505 8.559 8.614 8.669 8.500 8.314 8.128 7.941 7.755 7.569 7.382 7.196 7.009 6.858 6.858 6.858 6.858 6.858 6.858 6.915 7.022 7.130 7.237 7.344 7.451 7.558 7.665 7.772 7.879 7.987 7.946 7.946 7.792 7.637 7.485 7.345 7.205 7.065 6.924 6.784 6.644 6.503 6.363 6.223 6.083 5.984 5.872 5.872 5.816 5.760 5.702 5.634 5.567 5.500 5.432 5.365 5.297 5.287 5.313 5.339 5.364 5.390 5.485 5.485 5.544 5.604 5.664 5.723 5.783
7.882 7.956 8.030 8.104 8.177 8.251 8.251 8.361 8.416 8.471 8.526 8.581 8.563 8.376 8.190 8.004 7.817 7.631 7.445 7.258 7.072 7.050 7.050 7.050 7.050 7.050 7.050 7.059 7.166 7.273 7.380 7.487 7.594 7.701 7.808 7.916 8.023 8.130 7.906 7.906 7.752 7.597 7.442 7.296 7.156 7.015 6.875 6.735 6.595 6.454 6.314 6.174 6.034 5.956 5.844 5.844 5.788 5.732 5.676 5.620 5.561 5.493 5.426 5.359 5.291 5.266 5.292 5.318 5.344 5.386 5.506 5.506 5.565 5.625 5.684 5.744 5.803
7.798 7.872 7.946 8.020 8.093 8.163 8.163 8.273 8.328 8.382 8.437 8.492 8.547 8.439 8.252 8.066 7.880 7.693 7.507 7.321 7.242 7.242 7.242 7.242 7.242 7.241 7.241 7.241 7.309 7.416 7.523 7.630 7.737 7.845 7.952 8.059 8.166 8.175 7.866 7.866 7.711 7.557 7.402 7.248 7.107 6.966 6.826 6.686 6.546 6.405 6.265 6.125 5.985 5.929 5.817 5.817 5.761 5.705 5.649 5.593 5.537 5.481 5.420 5.352 5.285 5.245 5.271 5.297 5.348 5.407 5.526 5.526 5.586 5.645 5.705 5.764 5.824
7.714 7.788 7.862 7.936 8.010 8.075 8.075 8.184 8.239 8.294 8.349 8.404 8.458 8.501 8.315 8.128 7.942 7.756 7.569 7.433 7.433 7.433 7.433 7.433 7.433 7.433 7.433 7.433 7.452 7.559 7.666 7.774 7.881 7.988 8.095 8.202 8.289 8.135 7.826 7.826 7.671 7.516 7.362 7.207 7.058 6.917 6.777 6.637 6.496 6.356 6.216 6.076 5.957 5.901 5.789 5.789 5.733 5.677 5.621 5.565 5.509 5.453 5.397 5.341 5.278 5.224 5.250 5.309 5.368 5.428 5.547 5.547 5.606 5.666 5.725 5.785 5.844
7.630 7.704 7.778 7.852 7.926 7.986 7.986 8.096 8.151 8.206 8.260 8.315 8.370 8.425 8.377 8.191 8.004 7.818 7.632 7.625 7.625 7.625 7.625 7.625 7.625 7.625 7.625 7.625 7.625 7.703 7.810 7.917 8.024 8.131 8.238 8.345 8.249 8.095 7.785 7.785 7.631 7.476 7.322 7.167 7.012 6.868 6.728 6.588 6.447 6.307 6.167 6.027 5.929 5.873 5.761 5.761 5.705 5.649 5.594 5.538 5.482 5.426 5.370 5.314 5.258 5.244 5.270 5.329 5.389 5.448 5.567 5.567 5.627 5.686 5.746 5.805 5.865
7.546 7.620 7.694 7.768 7.842 7.898 7.898 8.008 8.062 8.117 8.172 8.227 8.281 8.336 8.391 8.253 8.067 7.880 7.817 7.817 7.817 7.817 7.817 7.817 7.817 7.817 7.817 7.816 7.816 7.846 7.953 8.060 8.167 8.274 8.381 8.364 8.209 8.054 7.745 7.745 7.591 7.436 7.281 7.127 6.972 6.819 6.679 6.539 6.398 6.258 6.118 5.978 5.902 5.846 5.734 5.734 5.678 5.622 5.566 5.510 5.454 5.398 5.342 5.307 5.400 5.493 5.458 5.412 5.409 5.469 5.588 5.588 5.647 5.707 5.766 5.826 5.885
7.548 7.567 7.610 7.684 7.755 7.810 7.810 7.919 7.974 8.029 8.083 8.138 8.193 8.248 8.303 8.315 8.129 8.008 8.008 8.008 8.008 8.008 8.008 8.008 8.008 8.008 8.008 8.008 8.008 8.008 8.096 8.203 8.310 8.418 8.478 8.323 8.169 8.014 7.705 7.705 7.550 7.396 7.241 7.086 6.932 6.777 6.630 6.489 6.349 6.209 6.069 5.930 5.874 5.818 5.706 5.706 5.650 5.594 5.538 5.482 5.426 5.370 5.463 5.556 5.649 5.743 5.719 5.673 5.627 5.580 5.609 5.608 5.668 5.727 5.787 5.847 5.906
7.569 7.587 7.606 7.625 7.666 7.721 7.721 7.831 7.886 7.940 7.995 8.050 8.105 8.159 8.214 8.269 8.200 8.200 8.200 8.200 8.200 8.200 8.200 8.200 8.200 8.200 8.200 8.200 8.200 8.200 8.239 8.347 8.454 8.561 8.438 8.283 8.129 7.974 7.665 7.665 7.510 7.356 7.201 7.046 6.892 6.737 6.583 6.440 6.300 6.160 6.020 5.903 5.847 5.791 5.679 5.679 5.623 5.567 5.511 5.455 5.526 5.619 5.712 5.805 5.899 5.992 5.980 5.934 5.888 5.841 5.749 5.749 5.702 5.748 5.808 5.867 5.927
7.569 7.587 7.606 7.625 7.666 7.721 7.721 7.831 7.886 7.940 7.995 8.050 8.105 8.159 8.214 8.269 8.200 8.200 8.200 8.200 8.200 8.200 8.200 8.200 8.200 8.200 8.200 8.200 8.200 8.200 8.239 8.347 8.454 8.561 8.438 8.283 8.129 7.974 7.665 7.665 7.510 7.356 7.201 7.046 6.892 6.737 6.583 6.440 6.300 6.160 6.020 5.903 5.847 5.791 5.679 5.679 5.623 5.567 5.511 5.455 5.526 5.619 5.712 5.806 5.899 5.992 5.981 5.934 5.888 5.841 5.749 5.749 5.702 5.748 5.808 5.867 5.927
7.589 7.608 7.627 7.624 7.590 7.644 7.644 7.753 7.807 7.862 7.916 7.971 8.025 8.080 8.134 8.189 8.349 8.362 8.375 8.388 8.392 8.392 8.392 8.392 8.392 8.392 8.392 8.391 8.391 8.391 8.391 8.490 8.597 8.552 8.397 8.243 8.088 7.934 7.625 7.624 7.470 7.315 7.161 7.006 6.852 6.697 6.542 6.391 6.251 6.111 5.971 5.875 5.819 5.763 5.651 5.651 5.595 5.539 5.589 5.682 5.775 5.868 5.962 6.055 6.148 6.241 6.241 6.195 6.149 6.102 6.010 6.010 5.963 5.917 5.870 5.888 5.947
7.610 7.629 7.624 7.585 7.545 7.568 7.568 7.677 7.732 7.786 7.841 7.895 7.950 8.004 8.059 8.193 8.406 8.478 8.491 8.505 8.518 8.531 8.531 8.557 8.570 8.583 8.583 8.583 8.583 8.583 8.583 8.633 8.666 8.512 8.357 8.203 8.048 7.893 7.584 7.584 7.430 7.275 7.121 6.966 6.811 6.657 6.502 6.348 6.202 6.062 5.922 5.847 5.791 5.735 5.623 5.623 5.652 5.745 5.838 5.931 6.025 6.118 6.211 6.304 6.397 6.491 6.502 6.456 6.410 6.363 6.271 6.271 6.224 6.178 6.131 6.085 6.039
7.625 7.585 7.546 7.506 7.466 7.426 7.426 7.526 7.580 7.635 7.689 7.744 7.798 7.853 8.062 8.275 8.489 8.703 8.724 8.737 8.750 8.763 8.763 8.789 8.802 8.815 8.828 8.841 8.854 8.867 8.880 8.770 8.622 8.462 8.303 8.143 7.983 7.823 7.504 7.504 7.349 7.195 7.040 6.885 6.731 6.576 6.422 6.267 6.113 5.964 5.848 5.792 5.778 5.871 6.057 6.057 6.150 6.244 6.337 6.430 6.523 6.616 6.710 6.803 6.896 6.989 7.024 6.978 6.932 6.885 6.793 6.792 6.746 6.700 6.653 6.607 6.561
7.586 7.546 7.506 7.466 7.426 7.387 7.387 7.450 7.505 7.559 7.614 7.668 7.722 7.889 8.103 8.316 8.530 8.744 8.840 8.853 8.866 8.879 8.879 8.905 8.918 8.931 8.944 8.957 8.970 8.983 8.879 8.761 8.624 8.465 8.305 8.145 7.985 7.826 7.506 7.506 7.346 7.187 7.027 6.867 6.707 6.548 6.388 6.228 6.072 5.918 5.840 5.934 6.027 6.120 6.307 6.307 6.400 6.493 6.586 6.679 6.773 6.866 6.959 7.052 7.145 7.239 7.285 7.239 7.193 7.146 7.053 7.053 7.007 6.961 6.914 6.868 6.822
7.546 7.506 7.467 7.427 7.387 7.347 7.347 7.374 7.429 7.483 7.538 7.592 7.717 7.930 8.144 8.358 8.571 8.785 8.956 8.969 8.982 8.995 8.995 9.021 9.034 9.047 9.060 9.073 9.086 8.988 8.870 8.751 8.626 8.467 8.307 8.147 7.987 7.828 7.508 7.508 7.349 7.189 7.029 6.869 6.710 6.550 6.390 6.231 6.071 5.928 5.958 6.168 6.276 6.369 6.556 6.556 6.649 6.742 6.835 6.929 7.022 7.115 7.208 7.302 7.395 7.488 7.546 7.500 7.454 7.407 7.314 7.314 7.268 7.222 7.175 7.129 7.083
