includes/camargue/floodfiles/results_R3_t1.56234553567E12/res-0011.wd
ncols         906
nrows         631
xllcorner     362177.146667
yllcorner     6534725.688020
cellsize      20.000000
NODATA_value  -9999.000000
[rows 544 to 577 of 631, columns 539 to 615 of 906]
0.013 0.009 0.018 0.050 0.076 0.099 0.122 0.144 0.152 0.138 0.124 0.110 0.095 0.080 0.063 0.045 0.022 0.020 0.002 0.001 0.001 0.001 0.002 0.010 0.030 0.051 0.066 0.080 0.095 0.108 0.122 0.134 0.147 0.148 0.172 0.187 0.221 0.256 0.290 0.324 0.358 0.392 0.426 0.460 0.489 0.511 0.532 0.554 0.576 0.576 0.572 0.567 0.562 0.558 0.553 0.554 0.557 0.559 0.561 0.564 0.566 0.569 0.575 0.583 0.591 0.591 0.606 0.676 0.756 0.835 0.914 0.994 1.073 1.152 1.231 1.299 1.366
0.017 0.018 0.051 0.077 0.101 0.124 0.146 0.168 0.175 0.161 0.148 0.134 0.120 0.106 0.092 0.077 0.062 0.062 0.053 0.050 0.045 0.044 0.055 0.068 0.081 0.095 0.107 0.120 0.133 0.146 0.158 0.171 0.183 0.184 0.208 0.222 0.257 0.291 0.325 0.360 0.394 0.427 0.461 0.484 0.506 0.528 0.549 0.571 0.593 0.593 0.590 0.585 0.581 0.576 0.572 0.567 0.562 0.563 0.565 0.567 0.570 0.572 0.578 0.586 0.594 0.594 0.697 0.776 0.856 0.935 1.014 1.094 1.173 1.252 1.331 1.400 1.467
0.050 0.051 0.078 0.102 0.126 0.148 0.171 0.193 0.199 0.185 0.171 0.158 0.145 0.131 0.118 0.109 0.105 0.106 0.098 0.095 0.092 0.090 0.098 0.110 0.122 0.134 0.146 0.158 0.170 0.182 0.195 0.207 0.219 0.220 0.244 0.258 0.292 0.327 0.361 0.395 0.429 0.457 0.479 0.501 0.523 0.545 0.566 0.588 0.610 0.610 0.608 0.604 0.599 0.595 0.590 0.585 0.581 0.576 0.572 0.571 0.574 0.576 0.582 0.590 0.639 0.639 0.797 0.877 0.956 1.035 1.114 1.194 1.273 1.352 1.431 1.502 1.568
0.077 0.079 0.103 0.127 0.150 0.172 0.195 0.217 0.222 0.208 0.195 0.182 0.168 0.157 0.153 0.150 0.146 0.147 0.139 0.136 0.133 0.130 0.138 0.150 0.161 0.173 0.185 0.196 0.208 0.219 0.231 0.243 0.255 0.256 0.280 0.293 0.328 0.362 0.396 0.430 0.452 0.474 0.496 0.518 0.540 0.561 0.583 0.605 0.626 0.627 0.627 0.622 0.617 0.613 0.608 0.604 0.599 0.594 0.590 0.585 0.581 0.580 0.585 0.659 0.739 0.739 0.897 0.977 1.056 1.135 1.214 1.294 1.373 1.452 1.531 1.603 1.669
0.104 0.105 0.128 0.151 0.174 0.196 0.219 0.241 0.245 0.231 0.218 0.205 0.200 0.196 0.193 0.189 0.186 0.186 0.179 0.175 0.172 0.168 0.177 0.188 0.200 0.211 0.223 0.234 0.245 0.257 0.268 0.279 0.291 0.291 0.315 0.329 0.363 0.397 0.425 0.447 0.469 0.491 0.513 0.535 0.557 0.578 0.600 0.622 0.643 0.644 0.645 0.640 0.636 0.631 0.626 0.622 0.617 0.613 0.608 0.604 0.599 0.613 0.682 0.759 0.839 0.839 0.997 1.077 1.156 1.235 1.314 1.393 1.473 1.552 1.631 1.704 1.771
0.129 0.130 0.153 0.175 0.198 0.220 0.242 0.265 0.267 0.254 0.246 0.243 0.239 0.235 0.232 0.228 0.224 0.225 0.217 0.213 0.210 0.206 0.215 0.226 0.238 0.249 0.260 0.271 0.283 0.294 0.305 0.316 0.328 0.328 0.350 0.364 0.398 0.420 0.442 0.464 0.486 0.508 0.530 0.552 0.573 0.595 0.617 0.638 0.660 0.661 0.663 0.658 0.654 0.649 0.645 0.640 0.636 0.631 0.627 0.622 0.660 0.720 0.787 0.864 0.941 0.941 1.097 1.177 1.256 1.335 1.414 1.493 1.573 1.652 1.731 1.805 1.872
0.153 0.154 0.177 0.199 0.221 0.244 0.266 0.288 0.292 0.289 0.285 0.281 0.277 0.274 0.270 0.266 0.262 0.263 0.255 0.251 0.248 0.244 0.252 0.264 0.275 0.286 0.298 0.309 0.320 0.331 0.342 0.353 0.364 0.365 0.387 0.393 0.415 0.437 0.459 0.481 0.503 0.525 0.547 0.568 0.590 0.612 0.634 0.655 0.677 0.677 0.681 0.677 0.672 0.668 0.663 0.658 0.654 0.649 0.646 0.706 0.767 0.827 0.892 0.969 1.046 1.046 1.200 1.278 1.356 1.435 1.514 1.594 1.673 1.752 1.831 1.906 1.973
0.177 0.178 0.200 0.222 0.245 0.267 0.289 0.308 0.321 0.327 0.323 0.319 0.315 0.312 0.308 0.304 0.300 0.301 0.293 0.289 0.285 0.282 0.290 0.301 0.313 0.324 0.335 0.346 0.357 0.368 0.379 0.390 0.401 0.402 0.408 0.407 0.430 0.454 0.476 0.498 0.520 0.542 0.564 0.585 0.607 0.629 0.651 0.672 0.694 0.694 0.700 0.695 0.690 0.686 0.681 0.677 0.672 0.692 0.753 0.813 0.873 0.934 0.997 1.074 1.151 1.151 1.305 1.382 1.460 1.537 1.614 1.693 1.773 1.852 1.931 2.008 2.074
0.201 0.201 0.223 0.246 0.268 0.287 0.307 0.326 0.338 0.346 0.355 0.357 0.353 0.349 0.345 0.342 0.338 0.338 0.330 0.326 0.323 0.319 0.328 0.339 0.350 0.361 0.372 0.383 0.394 0.405 0.416 0.427 0.428 0.429 0.424 0.422 0.445 0.468 0.491 0.514 0.537 0.559 0.580 0.602 0.624 0.646 0.667 0.689 0.711 0.711 0.718 0.713 0.709 0.704 0.700 0.695 0.739 0.799 0.859 0.920 0.980 1.040 1.102 1.179 1.256 1.256 1.410 1.487 1.565 1.642 1.719 1.796 1.873 1.952 2.031 2.109 2.176
0.224 0.224 0.246 0.266 0.286 0.305 0.324 0.343 0.355 0.363 0.371 0.380 0.388 0.387 0.383 0.379 0.375 0.376 0.368 0.364 0.360 0.356 0.365 0.376 0.387 0.398 0.409 0.420 0.431 0.442 0.448 0.446 0.443 0.444 0.439 0.437 0.459 0.483 0.506 0.529 0.552 0.575 0.597 0.619 0.641 0.662 0.684 0.706 0.727 0.728 0.736 0.732 0.727 0.722 0.725 0.785 0.846 0.906 0.966 1.026 1.087 1.147 1.207 1.284 1.361 1.361 1.515 1.592 1.669 1.747 1.824 1.901 1.978 2.055 2.132 2.210 2.284
0.245 0.246 0.265 0.284 0.303 0.322 0.341 0.361 0.372 0.380 0.388 0.397 0.405 0.413 0.420 0.416 0.413 0.413 0.405 0.401 0.397 0.393 0.402 0.413 0.424 0.435 0.446 0.457 0.468 0.466 0.463 0.461 0.459 0.459 0.454 0.452 0.474 0.497 0.520 0.543 0.566 0.589 0.612 0.635 0.658 0.679 0.701 0.723 0.744 0.744 0.754 0.750 0.745 0.772 0.832 0.892 0.952 1.013 1.073 1.133 1.193 1.254 1.314 1.389 1.466 1.466 1.620 1.697 1.774 1.851 1.929 2.006 2.083 2.160 2.237 2.337 2.407
0.263 0.263 0.282 0.301 0.321 0.340 0.359 0.378 0.388 0.397 0.405 0.413 0.422 0.430 0.438 0.447 0.450 0.450 0.442 0.438 0.434 0.430 0.439 0.450 0.461 0.472 0.483 0.486 0.484 0.481 0.479 0.476 0.474 0.474 0.469 0.467 0.488 0.511 0.534 0.557 0.581 0.604 0.627 0.650 0.673 0.695 0.718 0.739 0.761 0.761 0.773 0.768 0.818 0.878 0.939 0.999 1.059 1.119 1.180 1.240 1.300 1.360 1.420 1.493 1.571 1.571 1.725 1.802 1.879 1.956 2.033 2.111 2.188 2.271 2.371 2.471 2.546
0.264 0.264 0.284 0.303 0.322 0.341 0.360 0.379 0.389 0.398 0.406 0.414 0.423 0.431 0.439 0.448 0.451 0.451 0.443 0.439 0.435 0.431 0.440 0.451 0.462 0.473 0.483 0.486 0.484 0.481 0.479 0.476 0.474 0.475 0.469 0.467 0.488 0.511 0.534 0.557 0.581 0.603 0.626 0.649 0.672 0.695 0.718 0.739 0.761 0.761 0.773 0.768 0.818 0.878 0.939 0.999 1.059 1.119 1.179 1.240 1.300 1.360 1.420 1.493 1.570 1.571 1.725 1.802 1.879 1.956 2.033 2.110 2.188 2.271 2.371 2.471 2.545
0.282 0.282 0.301 0.320 0.339 0.358 0.377 0.396 0.406 0.414 0.423 0.431 0.439 0.447 0.456 0.464 0.472 0.473 0.480 0.476 0.472 0.468 0.477 0.488 0.499 0.506 0.504 0.502 0.499 0.497 0.494 0.492 0.489 0.490 0.485 0.482 0.503 0.526 0.549 0.572 0.595 0.618 0.641 0.664 0.687 0.710 0.733 0.755 0.778 0.778 0.804 0.865 0.925 0.985 1.045 1.106 1.166 1.226 1.286 1.346 1.406 1.467 1.527 1.598 1.675 1.675 1.830 1.907 1.984 2.061 2.138 2.215 2.305 2.405 2.505 2.605 2.684
0.300 0.300 0.319 0.338 0.357 0.375 0.394 0.413 0.423 0.431 0.439 0.447 0.456 0.464 0.472 0.481 0.489 0.489 0.506 0.513 0.509 0.505 0.514 0.525 0.524 0.522 0.519 0.517 0.515 0.512 0.510 0.507 0.505 0.505 0.500 0.498 0.517 0.540 0.563 0.586 0.609 0.632 0.655 0.678 0.701 0.724 0.747 0.770 0.793 0.793 0.911 0.971 1.032 1.092 1.152 1.212 1.272 1.333 1.393 1.453 1.513 1.573 1.633 1.703 1.780 1.780 1.935 2.012 2.089 2.166 2.243 2.339 2.439 2.539 2.639 2.739 2.822
0.333 0.333 0.352 0.371 0.390 0.409 0.428 0.447 0.455 0.463 0.472 0.480 0.488 0.496 0.505 0.513 0.521 0.521 0.538 0.546 0.569 0.642 0.584 0.557 0.555 0.553 0.550 0.548 0.545 0.543 0.540 0.538 0.535 0.535 0.530 0.528 0.546 0.569 0.592 0.615 0.638 0.661 0.684 0.707 0.730 0.753 0.795 0.869 0.942 0.943 1.085 1.154 1.223 1.293 1.362 1.426 1.486 1.546 1.606 1.666 1.727 1.787 1.847 1.913 1.990 1.991 2.145 2.222 2.308 2.408 2.508 2.607 2.707 2.807 2.907 3.007 3.099
0.351 0.351 0.369 0.388 0.407 0.426 0.445 0.464 0.472 0.480 0.488 0.496 0.504 0.513 0.521 0.529 0.537 0.538 0.556 0.629 0.702 0.775 0.713 0.647 0.581 0.568 0.565 0.563 0.560 0.558 0.555 0.553 0.550 0.551 0.545 0.543 0.560 0.583 0.606 0.629 0.652 0.675 0.698 0.721 0.744 0.807 0.880 0.954 1.027 1.028 1.171 1.240 1.309 1.378 1.447 1.516 1.585 1.653 1.713 1.773 1.833 1.894 1.954 2.018 2.095 2.096 2.250 2.342 2.442 2.542 2.641 2.741 2.841 2.941 3.041 3.141 3.237
0.368 0.368 0.386 0.405 0.424 0.443 0.462 0.480 0.488 0.496 0.504 0.512 0.521 0.529 0.537 0.545 0.554 0.554 0.688 0.761 0.834 0.907 0.842 0.776 0.710 0.643 0.581 0.578 0.576 0.573 0.570 0.568 0.565 0.566 0.560 0.558 0.575 0.598 0.621 0.644 0.667 0.690 0.713 0.745 0.819 0.892 0.965 1.039 1.113 1.113 1.257 1.326 1.395 1.464 1.533 1.602 1.671 1.740 1.809 1.878 1.940 2.000 2.060 2.123 2.200 2.200 2.376 2.476 2.576 2.676 2.775 2.875 2.975 3.075 3.175 3.275 3.374
0.385 0.384 0.403 0.422 0.441 0.460 0.478 0.496 0.504 0.512 0.521 0.529 0.537 0.545 0.553 0.601 0.674 0.675 0.820 0.893 0.966 1.037 0.970 0.904 0.838 0.772 0.706 0.640 0.591 0.588 0.586 0.583 0.581 0.581 0.576 0.573 0.589 0.612 0.635 0.658 0.681 0.704 0.757 0.830 0.904 0.977 1.051 1.124 1.198 1.198 1.342 1.411 1.480 1.549 1.618 1.687 1.756 1.825 1.894 1.964 2.033 2.102 2.167 2.228 2.310 2.311 2.510 2.610 2.710 2.810 2.909 3.009 3.109 3.209 3.309 3.409 3.508
0.443 0.443 0.420 0.439 0.457 0.476 0.495 0.513 0.521 0.529 0.537 0.545 0.553 0.588 0.661 0.734 0.807 0.807 0.953 1.026 1.099 1.165 1.099 1.033 0.967 0.901 0.834 0.768 0.702 0.636 0.601 0.598 0.596 0.596 0.591 0.588 0.603 0.626 0.649 0.672 0.695 0.768 0.842 0.915 0.989 1.062 1.136 1.209 1.283 1.283 1.428 1.497 1.566 1.635 1.704 1.773 1.842 1.911 1.980 2.049 2.118 2.187 2.256 2.348 2.445 2.445 2.644 2.744 2.844 2.944 3.043 3.143 3.243 3.343 3.443 3.543 3.642
0.594 0.594 0.529 0.465 0.474 0.493 0.512 0.529 0.537 0.545 0.553 0.574 0.647 0.720 0.793 0.866 0.939 0.939 1.085 1.158 1.231 1.294 1.227 1.161 1.095 1.029 0.963 0.897 0.831 0.765 0.699 0.633 0.611 0.611 0.606 0.603 0.618 0.641 0.664 0.706 0.780 0.853 0.927 1.000 1.074 1.147 1.221 1.294 1.368 1.368 1.513 1.582 1.651 1.720 1.789 1.858 1.928 1.997 2.066 2.135 2.204 2.273 2.375 2.490 2.590 2.590 2.781 2.878 2.978 3.077 3.177 3.277 3.377 3.477 3.577 3.677 3.776
0.744 0.744 0.680 0.615 0.551 0.509 0.528 0.545 0.553 0.561 0.633 0.706 0.779 0.852 0.925 0.998 1.071 1.071 1.217 1.290 1.363 1.422 1.356 1.290 1.224 1.158 1.091 1.025 0.959 0.893 0.827 0.761 0.695 0.695 0.621 0.618 0.632 0.655 0.718 0.791 0.865 0.939 1.012 1.086 1.159 1.233 1.306 1.380 1.453 1.453 1.599 1.668 1.737 1.806 1.875 1.944 2.013 2.082 2.151 2.220 2.289 2.402 2.517 2.632 2.735 2.735 2.926 3.022 3.118 3.213 3.311 3.411 3.511 3.611 3.711 3.811 3.910
0.894 0.894 0.830 0.765 0.701 0.637 0.573 0.561 0.620 0.693 0.765 0.838 0.911 0.984 1.057 1.130 1.203 1.203 1.349 1.422 1.495 1.551 1.484 1.418 1.352 1.286 1.220 1.154 1.088 1.021 0.955 0.889 0.823 0.823 0.691 0.633 0.656 0.730 0.803 0.877 0.950 1.024 1.097 1.171 1.244 1.318 1.391 1.465 1.538 1.539 1.684 1.753 1.822 1.892 1.961 2.030 2.099 2.168 2.237 2.314 2.429 2.544 2.659 2.774 2.880 2.881 3.072 3.167 3.263 3.358 3.454 3.550 3.645 3.745 3.845 3.944 4.044
1.044 1.044 0.980 0.915 0.851 0.787 0.737 0.717 0.752 0.825 0.898 0.971 1.044 1.117 1.189 1.262 1.335 1.336 1.481 1.554 1.627 1.679 1.613 1.547 1.481 1.414 1.348 1.282 1.216 1.150 1.084 1.018 0.952 0.952 0.819 0.789 0.793 0.817 0.888 0.962 1.035 1.109 1.182 1.256 1.329 1.403 1.476 1.550 1.623 1.624 1.770 1.839 1.908 1.977 2.046 2.115 2.184 2.253 2.341 2.456 2.571 2.686 2.801 2.916 3.026 3.026 3.217 3.312 3.408 3.504 3.599 3.695 3.791 3.886 3.982 4.078 4.178
1.194 1.194 1.130 1.066 1.014 0.972 0.929 0.915 0.946 0.978 1.030 1.103 1.176 1.249 1.322 1.394 1.467 1.468 1.613 1.686 1.759 1.808 1.741 1.675 1.609 1.543 1.477 1.410 1.344 1.278 1.212 1.146 1.080 1.080 1.014 0.993 0.994 1.018 1.042 1.065 1.120 1.194 1.268 1.341 1.415 1.488 1.561 1.635 1.708 1.709 1.855 1.925 1.994 2.063 2.132 2.201 2.270 2.368 2.483 2.598 2.713 2.828 2.944 3.059 3.171 3.171 3.362 3.458 3.553 3.649 3.745 3.840 3.936 4.031 4.127 4.223 4.318
1.344 1.344 1.291 1.249 1.206 1.164 1.121 1.112 1.144 1.176 1.207 1.239 1.308 1.381 1.454 1.527 1.599 1.600 1.745 1.818 1.891 1.936 1.870 1.804 1.737 1.671 1.605 1.539 1.473 1.407 1.341 1.282 1.261 1.261 1.218 1.196 1.196 1.219 1.243 1.267 1.290 1.314 1.353 1.426 1.500 1.573 1.647 1.720 1.794 1.794 1.941 2.010 2.079 2.148 2.217 2.286 2.395 2.510 2.625 2.741 2.856 2.971 3.086 3.201 3.316 3.316 3.507 3.603 3.699 3.794 3.890 3.985 4.081 4.177 4.272 4.368 4.426
1.526 1.526 1.483 1.441 1.398 1.356 1.313 1.310 1.341 1.373 1.405 1.436 1.468 1.513 1.586 1.658 1.731 1.732 1.877 1.950 2.023 2.064 1.998 1.932 1.866 1.800 1.733 1.667 1.601 1.535 1.508 1.486 1.465 1.465 1.421 1.400 1.397 1.421 1.444 1.468 1.492 1.515 1.539 1.563 1.586 1.658 1.732 1.805 1.879 1.879 2.026 2.096 2.165 2.234 2.307 2.423 2.538 2.653 2.768 2.883 2.998 3.113 3.228 3.343 3.458 3.458 3.653 3.748 3.844 3.939 4.035 4.131 4.226 4.322 4.418 4.462 4.485
1.717 1.718 1.675 1.632 1.590 1.547 1.505 1.507 1.539 1.570 1.602 1.634 1.666 1.697 1.729 1.791 1.863 1.864 2.009 2.082 2.155 2.193 2.127 2.060 1.994 1.928 1.862 1.796 1.755 1.733 1.711 1.690 1.668 1.668 1.625 1.604 1.598 1.622 1.646 1.669 1.693 1.717 1.740 1.764 1.788 1.811 1.835 1.890 1.964 1.964 2.111 2.181 2.250 2.335 2.450 2.565 2.680 2.795 2.910 3.025 3.140 3.255 3.370 3.485 3.600 3.600 3.798 3.893 3.989 4.085 4.180 4.276 4.372 4.467 4.499 4.522 4.545
1.717 1.718 1.675 1.632 1.590 1.547 1.505 1.507 1.539 1.570 1.602 1.634 1.665 1.697 1.729 1.791 1.863 1.864 2.009 2.082 2.155 2.193 2.127 2.060 1.994 1.928 1.862 1.796 1.755 1.733 1.711 1.690 1.668 1.668 1.625 1.603 1.598 1.622 1.645 1.669 1.693 1.716 1.740 1.764 1.787 1.811 1.835 1.890 1.964 1.964 2.111 2.181 2.250 2.334 2.449 2.564 2.679 2.795 2.910 3.025 3.140 3.255 3.370 3.485 3.600 3.600 3.798 3.893 3.989 4.084 4.180 4.276 4.371 4.467 4.498 4.521 4.545
1.909 1.909 1.867 1.824 1.782 1.739 1.697 1.704 1.736 1.768 1.799 1.831 1.863 1.895 1.926 1.958 1.995 1.996 2.141 2.214 2.287 2.321 2.255 2.189 2.123 2.057 2.002 1.980 1.958 1.937 1.915 1.893 1.872 1.872 1.829 1.807 1.799 1.823 1.847 1.870 1.894 1.918 1.941 1.965 1.989 2.013 2.036 2.060 2.083 2.084 2.196 2.267 2.361 2.477 2.592 2.707 2.822 2.937 3.052 3.167 3.282 3.397 3.512 3.627 3.742 3.742 3.943 4.038 4.134 4.230 4.325 4.421 4.512 4.535 4.558 4.581 4.604
2.101 2.101 2.059 2.016 1.974 1.931 1.888 1.902 1.934 1.965 1.997 2.029 2.060 2.092 2.124 2.155 2.187 2.187 2.273 2.346 2.419 2.450 2.383 2.317 2.251 2.227 2.205 2.184 2.162 2.140 2.119 2.097 2.076 2.076 2.032 2.011 2.001 2.024 2.048 2.072 2.095 2.119 2.143 2.166 2.190 2.214 2.237 2.261 2.285 2.285 2.332 2.390 2.504 2.619 2.734 2.849 2.964 3.079 3.194 3.309 3.424 3.539 3.654 3.769 3.885 3.885 4.088 4.184 4.279 4.375 4.471 4.548 4.571 4.594 4.617 4.640 4.663
2.485 2.485 2.442 2.400 2.357 2.315 2.272 2.297 2.328 2.360 2.392 2.423 2.455 2.487 2.518 2.550 2.582 2.582 2.645 2.677 2.708 2.721 2.699 2.678 2.656 2.634 2.613 2.591 2.569 2.548 2.526 2.505 2.483 2.483 2.440 2.418 2.403 2.427 2.451 2.474 2.498 2.522 2.545 2.569 2.593 2.616 2.640 2.664 2.686 2.687 2.699 2.706 2.816 2.926 3.036 3.146 3.256 3.366 3.479 3.594 3.709 3.824 3.939 4.054 4.169 4.169 4.379 4.474 4.570 4.621 4.644 4.667 4.690 4.713 4.736 4.759 4.782
2.677 2.677 2.634 2.592 2.549 2.506 2.464 2.494 2.526 2.557 2.589 2.621 2.652 2.684 2.716 2.747 2.779 2.779 2.842 2.861 2.860 2.870 2.895 2.881 2.860 2.838 2.816 2.795 2.773 2.752 2.730 2.708 2.687 2.687 2.644 2.622 2.605 2.628 2.652 2.676 2.699 2.723 2.747 2.770 2.794 2.818 2.841 2.862 2.868 2.868 2.881 2.887 2.974 3.084 3.194 3.304 3.414 3.524 3.634 3.744 3.854 3.966 4.081 4.196 4.311 4.312 4.524 4.620 4.658 4.681 4.704 4.727 4.750 4.773 4.796 4.819 4.842
2.868 2.869 2.826 2.783 2.741 2.698 2.660 2.691 2.723 2.755 2.786 2.818 2.850 2.881 2.913 2.945 2.976 2.977 2.992 2.990 2.988 3.002 3.027 3.052 3.063 3.042 3.020 2.999 2.977 2.955 2.934 2.912 2.891 2.891 2.847 2.826 2.806 2.830 2.853 2.877 2.901 2.924 2.948 2.972 2.995 3.019 3.037 3.043 3.050 3.050 3.062 3.068 3.132 3.242 3.352 3.462 3.572 3.682 3.792 3.902 4.012 4.122 4.232 4.342 4.454 4.454 4.669 4.694 4.717 4.740 4.763 4.786 4.809 4.832 4.855 4.878 4.901
