includes/camargue/floodfiles/results_R3_t1.56234553567E12/res-0013.wd
ncols         906
nrows         631
xllcorner     362177.146667
yllcorner     6534725.688020
cellsize      20.000000
NODATA_value  -9999.000000
[rows 544 to 577 of 631, columns 385 to 461 of 906]
1.188 1.177 1.175 1.173 1.170 1.168 1.166 1.164 1.162 1.158 1.158 1.168 1.185 1.203 1.220 1.216 1.213 1.209 1.205 1.201 1.197 1.194 1.190 1.186 1.182 1.175 1.175 1.161 1.154 1.146 1.139 1.132 1.125 1.118 1.112 1.105 1.098 1.091 1.084 1.076 1.066 1.056 1.056 1.036 1.027 1.017 1.007 0.997 0.988 0.987 0.986 0.985 0.984 0.983 0.982 0.982 0.978 0.961 0.961 0.927 0.910 0.893 0.876 0.867 0.873 0.879 0.885 0.891 0.897 0.903 0.909 0.943 0.984 1.025 1.025 1.105 1.134
1.243 1.231 1.218 1.206 1.193 1.188 1.186 1.184 1.182 1.178 1.177 1.183 1.200 1.217 1.214 1.211 1.207 1.203 1.199 1.195 1.192 1.188 1.184 1.180 1.176 1.170 1.170 1.156 1.149 1.142 1.135 1.128 1.121 1.114 1.107 1.100 1.094 1.087 1.080 1.073 1.063 1.054 1.054 1.034 1.024 1.014 1.005 0.995 0.989 0.988 0.987 0.987 0.986 0.985 0.984 0.983 0.983 0.975 0.975 0.941 0.924 0.908 0.891 0.893 0.899 0.905 0.911 0.917 0.923 0.929 0.935 0.951 0.992 1.032 1.033 1.100 1.129
1.298 1.286 1.274 1.261 1.249 1.236 1.224 1.212 1.201 1.197 1.197 1.197 1.214 1.212 1.209 1.205 1.201 1.197 1.193 1.189 1.186 1.182 1.178 1.174 1.170 1.166 1.166 1.152 1.144 1.137 1.130 1.123 1.117 1.110 1.103 1.096 1.090 1.083 1.076 1.069 1.061 1.051 1.051 1.032 1.022 1.012 1.002 0.992 0.991 0.990 0.989 0.988 0.987 0.987 0.986 0.985 0.984 0.984 0.984 0.956 0.939 0.922 0.913 0.919 0.925 0.931 0.937 0.943 0.949 0.955 0.961 0.967 0.999 1.037 1.038 1.095 1.124
1.354 1.341 1.329 1.317 1.304 1.292 1.280 1.267 1.255 1.230 1.230 1.218 1.210 1.206 1.203 1.199 1.195 1.191 1.187 1.184 1.180 1.176 1.172 1.168 1.165 1.161 1.161 1.147 1.140 1.133 1.126 1.119 1.112 1.106 1.099 1.092 1.085 1.079 1.072 1.065 1.058 1.049 1.049 1.029 1.019 1.009 1.000 0.993 0.992 0.992 0.991 0.990 0.989 0.988 0.988 0.987 0.986 0.985 0.985 0.971 0.954 0.937 0.940 0.945 0.951 0.957 0.963 0.969 0.975 0.981 0.987 0.993 1.003 1.032 1.032 1.090 1.119
1.409 1.397 1.384 1.372 1.360 1.347 1.335 1.323 1.310 1.286 1.286 1.257 1.236 1.224 1.211 1.199 1.189 1.186 1.182 1.178 1.174 1.170 1.166 1.163 1.159 1.155 1.155 1.142 1.135 1.129 1.122 1.115 1.108 1.101 1.095 1.088 1.081 1.074 1.068 1.061 1.054 1.046 1.046 1.027 1.017 1.007 0.997 0.995 0.994 0.993 0.992 0.992 0.991 0.990 0.989 0.989 0.988 0.987 0.987 0.986 0.969 0.960 0.966 0.971 0.977 0.983 0.989 0.994 0.997 1.000 1.003 1.007 1.016 1.035 1.036 1.085 1.114
1.464 1.452 1.440 1.427 1.415 1.403 1.390 1.378 1.366 1.325 1.325 1.294 1.267 1.255 1.243 1.230 1.218 1.206 1.194 1.182 1.170 1.164 1.161 1.157 1.153 1.149 1.149 1.138 1.131 1.124 1.118 1.111 1.104 1.097 1.090 1.084 1.077 1.070 1.064 1.057 1.050 1.043 1.043 1.024 1.014 1.005 0.997 0.997 0.996 0.995 0.994 0.993 0.993 0.992 0.991 0.990 0.990 0.989 0.989 0.988 0.984 0.986 0.990 0.993 0.996 1.000 1.003 1.006 1.009 1.012 1.015 1.018 1.030 1.050 1.050 1.089 1.108
1.520 1.507 1.495 1.483 1.471 1.458 1.446 1.433 1.421 1.362 1.362 1.331 1.300 1.286 1.274 1.261 1.249 1.237 1.225 1.213 1.201 1.189 1.177 1.164 1.152 1.143 1.143 1.134 1.127 1.120 1.113 1.107 1.100 1.093 1.086 1.079 1.073 1.066 1.059 1.053 1.046 1.039 1.039 1.022 1.012 1.002 0.999 0.998 0.997 0.997 0.996 0.995 0.994 0.994 0.993 0.992 0.991 0.991 0.991 0.997 1.000 0.999 1.002 1.005 1.008 1.011 1.014 1.018 1.021 1.024 1.027 1.030 1.044 1.064 1.064 1.103 1.122
1.575 1.563 1.551 1.538 1.526 1.514 1.501 1.489 1.460 1.399 1.399 1.368 1.337 1.317 1.305 1.293 1.280 1.268 1.256 1.244 1.232 1.220 1.208 1.196 1.183 1.171 1.171 1.142 1.131 1.120 1.109 1.102 1.096 1.089 1.082 1.075 1.069 1.062 1.055 1.048 1.042 1.035 1.035 1.020 1.010 1.002 1.001 1.000 0.999 0.999 0.998 0.997 0.996 0.995 0.998 1.001 1.005 1.008 1.008 1.015 1.017 1.015 1.014 1.017 1.020 1.023 1.026 1.030 1.033 1.036 1.039 1.042 1.058 1.078 1.078 1.117 1.136
1.630 1.618 1.606 1.594 1.581 1.569 1.557 1.528 1.497 1.436 1.436 1.405 1.374 1.348 1.336 1.324 1.312 1.299 1.287 1.275 1.263 1.251 1.239 1.227 1.215 1.202 1.202 1.162 1.151 1.141 1.130 1.119 1.108 1.097 1.086 1.075 1.065 1.058 1.051 1.044 1.038 1.031 1.031 1.017 1.007 1.004 1.003 1.002 1.001 1.000 1.003 1.007 1.010 1.013 1.016 1.019 1.023 1.026 1.026 1.033 1.034 1.032 1.031 1.030 1.032 1.035 1.038 1.042 1.045 1.048 1.051 1.054 1.073 1.092 1.092 1.131 1.151
1.686 1.674 1.661 1.649 1.637 1.624 1.596 1.565 1.534 1.473 1.472 1.442 1.411 1.380 1.367 1.355 1.343 1.330 1.318 1.306 1.294 1.282 1.270 1.258 1.246 1.226 1.226 1.186 1.172 1.161 1.150 1.139 1.128 1.118 1.107 1.096 1.085 1.074 1.063 1.052 1.041 1.030 1.030 1.013 1.006 1.005 1.008 1.012 1.015 1.018 1.021 1.025 1.028 1.031 1.034 1.037 1.041 1.044 1.044 1.051 1.051 1.050 1.048 1.047 1.046 1.047 1.050 1.053 1.057 1.060 1.063 1.067 1.087 1.107 1.107 1.145 1.165
1.741 1.729 1.717 1.704 1.692 1.663 1.633 1.602 1.571 1.509 1.509 1.478 1.448 1.417 1.398 1.386 1.374 1.362 1.349 1.337 1.325 1.313 1.301 1.289 1.270 1.250 1.250 1.210 1.193 1.182 1.171 1.160 1.149 1.138 1.127 1.116 1.106 1.095 1.084 1.073 1.062 1.051 1.051 1.029 1.033 1.023 1.026 1.030 1.033 1.036 1.039 1.043 1.046 1.049 1.052 1.056 1.059 1.062 1.062 1.069 1.068 1.067 1.065 1.064 1.063 1.061 1.062 1.065 1.069 1.072 1.075 1.082 1.101 1.121 1.121 1.160 1.179
1.796 1.784 1.772 1.760 1.731 1.700 1.669 1.639 1.608 1.546 1.546 1.515 1.484 1.454 1.429 1.417 1.405 1.393 1.381 1.368 1.356 1.344 1.332 1.314 1.294 1.274 1.274 1.233 1.214 1.203 1.192 1.181 1.170 1.159 1.148 1.137 1.126 1.115 1.105 1.094 1.083 1.072 1.072 1.072 1.078 1.063 1.047 1.048 1.051 1.054 1.057 1.061 1.064 1.067 1.070 1.074 1.077 1.080 1.080 1.086 1.085 1.084 1.082 1.081 1.080 1.078 1.077 1.077 1.081 1.084 1.087 1.096 1.115 1.135 1.135 1.174 1.193
1.797 1.784 1.772 1.760 1.731 1.701 1.670 1.639 1.608 1.546 1.546 1.516 1.485 1.454 1.429 1.417 1.405 1.393 1.381 1.369 1.357 1.345 1.333 1.314 1.294 1.274 1.274 1.234 1.214 1.203 1.192 1.181 1.170 1.160 1.149 1.138 1.127 1.116 1.105 1.094 1.083 1.072 1.072 1.072 1.079 1.063 1.047 1.048 1.052 1.055 1.058 1.061 1.064 1.068 1.071 1.074 1.077 1.081 1.081 1.087 1.085 1.084 1.083 1.082 1.080 1.079 1.078 1.078 1.081 1.084 1.087 1.096 1.116 1.135 1.136 1.175 1.194
1.852 1.840 1.828 1.799 1.768 1.737 1.707 1.676 1.645 1.583 1.583 1.552 1.521 1.491 1.460 1.448 1.436 1.424 1.412 1.400 1.388 1.376 1.358 1.338 1.318 1.298 1.298 1.258 1.238 1.224 1.213 1.202 1.191 1.180 1.169 1.158 1.148 1.137 1.126 1.115 1.104 1.096 1.096 1.115 1.124 1.108 1.092 1.077 1.070 1.073 1.076 1.079 1.082 1.086 1.089 1.092 1.095 1.099 1.099 1.104 1.103 1.101 1.100 1.099 1.097 1.096 1.095 1.094 1.093 1.096 1.099 1.111 1.130 1.150 1.150 1.194 1.219
1.907 1.895 1.867 1.836 1.805 1.774 1.743 1.713 1.682 1.620 1.620 1.589 1.558 1.528 1.497 1.479 1.467 1.455 1.443 1.431 1.419 1.402 1.382 1.362 1.342 1.322 1.322 1.282 1.262 1.245 1.234 1.223 1.212 1.201 1.190 1.179 1.168 1.157 1.146 1.136 1.129 1.139 1.139 1.158 1.168 1.153 1.137 1.121 1.106 1.091 1.094 1.097 1.100 1.104 1.107 1.110 1.113 1.117 1.117 1.121 1.120 1.118 1.117 1.116 1.114 1.113 1.112 1.111 1.109 1.108 1.111 1.125 1.144 1.169 1.169 1.220 1.245
1.965 1.976 1.943 1.911 1.879 1.848 1.817 1.786 1.755 1.694 1.693 1.663 1.632 1.601 1.570 1.541 1.529 1.517 1.505 1.489 1.469 1.449 1.429 1.409 1.389 1.369 1.369 1.329 1.309 1.289 1.275 1.264 1.253 1.242 1.231 1.220 1.209 1.198 1.195 1.205 1.215 1.224 1.224 1.244 1.253 1.243 1.227 1.211 1.195 1.179 1.163 1.147 1.136 1.139 1.142 1.146 1.149 1.152 1.152 1.154 1.153 1.152 1.150 1.149 1.148 1.147 1.145 1.144 1.147 1.157 1.167 1.178 1.194 1.220 1.220 1.271 1.296
1.986 2.018 1.986 1.954 1.922 1.889 1.857 1.825 1.793 1.730 1.730 1.700 1.669 1.638 1.607 1.576 1.560 1.548 1.533 1.513 1.493 1.472 1.453 1.432 1.412 1.393 1.393 1.352 1.332 1.312 1.295 1.284 1.274 1.263 1.252 1.241 1.230 1.228 1.238 1.248 1.258 1.267 1.267 1.287 1.296 1.287 1.272 1.256 1.240 1.224 1.208 1.192 1.177 1.161 1.160 1.164 1.167 1.170 1.170 1.171 1.170 1.169 1.167 1.166 1.165 1.164 1.174 1.184 1.194 1.204 1.214 1.226 1.237 1.248 1.249 1.297 1.322
2.007 2.061 2.029 1.996 1.964 1.932 1.900 1.867 1.835 1.771 1.771 1.738 1.706 1.675 1.644 1.613 1.591 1.576 1.556 1.536 1.516 1.496 1.476 1.456 1.436 1.416 1.416 1.376 1.356 1.336 1.316 1.305 1.294 1.283 1.272 1.262 1.262 1.271 1.281 1.291 1.300 1.310 1.310 1.330 1.339 1.332 1.316 1.301 1.285 1.269 1.253 1.237 1.222 1.206 1.190 1.181 1.185 1.188 1.188 1.188 1.187 1.186 1.184 1.192 1.201 1.211 1.221 1.231 1.241 1.251 1.261 1.272 1.284 1.295 1.295 1.322 1.348
2.027 2.087 2.071 2.039 2.007 1.974 1.942 1.910 1.878 1.813 1.813 1.781 1.749 1.716 1.684 1.652 1.623 1.600 1.580 1.560 1.540 1.520 1.500 1.480 1.460 1.440 1.440 1.400 1.380 1.360 1.340 1.326 1.315 1.304 1.293 1.295 1.304 1.314 1.324 1.334 1.343 1.353 1.353 1.372 1.382 1.377 1.361 1.346 1.330 1.314 1.298 1.282 1.266 1.251 1.235 1.219 1.203 1.206 1.206 1.205 1.209 1.219 1.229 1.238 1.248 1.258 1.268 1.278 1.288 1.298 1.308 1.319 1.331 1.342 1.342 1.365 1.376
2.048 2.108 2.114 2.081 2.049 2.017 1.985 1.952 1.920 1.856 1.856 1.823 1.791 1.759 1.727 1.698 1.688 1.664 1.635 1.606 1.578 1.549 1.524 1.504 1.484 1.464 1.464 1.424 1.404 1.384 1.364 1.346 1.335 1.325 1.328 1.338 1.347 1.357 1.367 1.376 1.386 1.396 1.396 1.415 1.425 1.422 1.406 1.390 1.375 1.359 1.343 1.327 1.311 1.295 1.280 1.264 1.248 1.232 1.232 1.246 1.256 1.265 1.275 1.285 1.295 1.305 1.315 1.325 1.334 1.344 1.355 1.366 1.377 1.389 1.389 1.412 1.423
2.069 2.129 2.156 2.124 2.092 2.060 2.027 1.995 1.963 1.898 1.898 1.866 1.834 1.802 1.770 1.761 1.751 1.734 1.705 1.676 1.647 1.619 1.590 1.561 1.532 1.504 1.504 1.447 1.427 1.407 1.387 1.367 1.356 1.361 1.371 1.380 1.390 1.400 1.410 1.419 1.429 1.439 1.439 1.458 1.468 1.467 1.451 1.435 1.419 1.404 1.388 1.372 1.356 1.340 1.324 1.309 1.304 1.299 1.299 1.292 1.302 1.312 1.322 1.332 1.342 1.351 1.361 1.371 1.381 1.391 1.402 1.413 1.424 1.436 1.436 1.458 1.470
2.090 2.149 2.199 2.166 2.134 2.102 2.070 2.038 2.005 1.941 1.941 1.909 1.876 1.844 1.833 1.823 1.813 1.803 1.775 1.746 1.717 1.688 1.660 1.631 1.602 1.573 1.573 1.516 1.487 1.458 1.429 1.401 1.394 1.404 1.413 1.423 1.433 1.443 1.452 1.462 1.472 1.481 1.482 1.501 1.511 1.512 1.496 1.480 1.464 1.448 1.433 1.417 1.401 1.385 1.379 1.375 1.370 1.365 1.365 1.355 1.350 1.359 1.369 1.378 1.388 1.398 1.408 1.418 1.428 1.437 1.448 1.460 1.471 1.482 1.483 1.505 1.517
2.111 2.170 2.230 2.209 2.177 2.145 2.112 2.080 2.048 1.983 1.983 1.951 1.919 1.905 1.895 1.885 1.875 1.865 1.844 1.816 1.787 1.758 1.729 1.700 1.672 1.643 1.643 1.585 1.557 1.528 1.499 1.470 1.451 1.456 1.461 1.466 1.476 1.485 1.495 1.505 1.515 1.524 1.524 1.544 1.553 1.557 1.541 1.525 1.509 1.493 1.477 1.462 1.455 1.450 1.446 1.441 1.436 1.432 1.432 1.422 1.417 1.411 1.415 1.425 1.435 1.445 1.455 1.464 1.474 1.484 1.495 1.506 1.518 1.529 1.529 1.552 1.563
2.132 2.191 2.251 2.252 2.219 2.187 2.155 2.123 2.090 2.026 2.026 1.994 1.977 1.967 1.957 1.947 1.937 1.927 1.914 1.885 1.856 1.828 1.799 1.770 1.741 1.712 1.712 1.655 1.626 1.597 1.568 1.538 1.509 1.514 1.518 1.524 1.528 1.533 1.538 1.548 1.557 1.567 1.567 1.586 1.596 1.601 1.586 1.570 1.554 1.538 1.531 1.526 1.521 1.517 1.512 1.507 1.503 1.498 1.498 1.488 1.483 1.478 1.473 1.472 1.482 1.491 1.501 1.511 1.521 1.531 1.542 1.553 1.565 1.576 1.576 1.599 1.610
2.152 2.212 2.272 2.294 2.262 2.230 2.197 2.165 2.133 2.069 2.069 2.049 2.039 2.029 2.019 2.009 1.999 1.989 1.979 1.955 1.926 1.897 1.868 1.840 1.811 1.782 1.782 1.725 1.696 1.667 1.637 1.607 1.578 1.571 1.576 1.581 1.586 1.591 1.596 1.601 1.606 1.611 1.611 1.629 1.639 1.646 1.630 1.614 1.607 1.602 1.597 1.593 1.588 1.583 1.579 1.574 1.569 1.565 1.565 1.554 1.549 1.544 1.539 1.534 1.529 1.538 1.548 1.558 1.568 1.577 1.589 1.600 1.611 1.623 1.623 1.645 1.657
2.173 2.233 2.292 2.337 2.304 2.272 2.240 2.208 2.176 2.121 2.121 2.111 2.101 2.091 2.081 2.071 2.061 2.052 2.042 2.024 1.996 1.967 1.938 1.909 1.880 1.852 1.852 1.794 1.765 1.735 1.706 1.676 1.646 1.629 1.634 1.639 1.644 1.649 1.654 1.659 1.664 1.669 1.669 1.679 1.684 1.691 1.682 1.678 1.673 1.668 1.664 1.659 1.654 1.650 1.645 1.640 1.636 1.631 1.631 1.621 1.616 1.611 1.606 1.601 1.595 1.590 1.594 1.604 1.614 1.624 1.636 1.647 1.658 1.670 1.670 1.721 1.761
2.194 2.254 2.313 2.373 2.347 2.315 2.283 2.250 2.218 2.183 2.183 2.173 2.163 2.153 2.143 2.134 2.124 2.114 2.104 2.094 2.065 2.036 2.008 1.979 1.950 1.921 1.921 1.864 1.834 1.804 1.775 1.745 1.715 1.687 1.692 1.697 1.702 1.707 1.712 1.717 1.722 1.726 1.727 1.736 1.741 1.755 1.750 1.744 1.739 1.735 1.730 1.725 1.721 1.716 1.711 1.707 1.702 1.697 1.697 1.687 1.682 1.677 1.672 1.667 1.662 1.657 1.652 1.651 1.661 1.671 1.682 1.694 1.712 1.753 1.753 1.833 1.873
2.215 2.275 2.334 2.394 2.390 2.357 2.325 2.293 2.265 2.245 2.245 2.235 2.225 2.215 2.206 2.196 2.186 2.176 2.166 2.156 2.135 2.106 2.077 2.048 2.020 1.991 1.991 1.933 1.903 1.873 1.843 1.814 1.784 1.754 1.749 1.754 1.759 1.764 1.769 1.774 1.779 1.784 1.784 1.794 1.809 1.823 1.820 1.813 1.806 1.801 1.796 1.792 1.787 1.782 1.778 1.773 1.768 1.764 1.764 1.753 1.748 1.743 1.738 1.733 1.728 1.723 1.718 1.713 1.708 1.718 1.744 1.785 1.825 1.865 1.865 1.945 1.985
2.215 2.275 2.334 2.394 2.390 2.358 2.325 2.293 2.265 2.245 2.245 2.236 2.226 2.216 2.206 2.196 2.186 2.176 2.166 2.156 2.135 2.106 2.077 2.049 2.020 1.991 1.991 1.933 1.903 1.873 1.844 1.814 1.784 1.754 1.750 1.755 1.760 1.765 1.770 1.775 1.780 1.785 1.785 1.794 1.809 1.824 1.821 1.813 1.806 1.801 1.797 1.792 1.787 1.783 1.778 1.773 1.769 1.764 1.764 1.754 1.749 1.744 1.738 1.733 1.728 1.723 1.718 1.713 1.708 1.718 1.745 1.785 1.825 1.865 1.865 1.945 1.985
2.236 2.296 2.355 2.415 2.432 2.400 2.368 2.337 2.327 2.308 2.308 2.298 2.288 2.278 2.268 2.258 2.248 2.238 2.228 2.218 2.204 2.176 2.147 2.118 2.090 2.061 2.061 2.002 1.972 1.942 1.912 1.883 1.853 1.823 1.808 1.812 1.817 1.822 1.827 1.832 1.837 1.842 1.842 1.862 1.877 1.892 1.891 1.884 1.877 1.869 1.863 1.858 1.854 1.849 1.844 1.840 1.835 1.830 1.830 1.820 1.815 1.810 1.805 1.800 1.795 1.790 1.784 1.782 1.799 1.821 1.857 1.897 1.937 1.977 1.977 2.057 2.097
2.257 2.317 2.376 2.436 2.475 2.443 2.410 2.400 2.390 2.370 2.370 2.360 2.350 2.340 2.330 2.320 2.310 2.300 2.290 2.281 2.271 2.245 2.217 2.188 2.159 2.130 2.130 2.070 2.041 2.011 1.981 1.951 1.922 1.892 1.865 1.870 1.875 1.880 1.885 1.890 1.895 1.901 1.901 1.931 1.945 1.960 1.962 1.954 1.947 1.940 1.932 1.925 1.920 1.915 1.911 1.906 1.901 1.896 1.896 1.886 1.881 1.876 1.871 1.866 1.861 1.875 1.892 1.909 1.926 1.950 1.976 2.009 2.049 2.089 2.089 2.169 2.210
2.744 2.698 2.651 2.605 2.558 2.543 2.534 2.524 2.514 2.494 2.494 2.484 2.474 2.464 2.454 2.444 2.434 2.424 2.414 2.405 2.395 2.384 2.355 2.326 2.297 2.267 2.267 2.207 2.178 2.148 2.118 2.089 2.059 2.029 1.999 1.985 1.990 1.995 2.000 2.007 2.022 2.037 2.037 2.067 2.082 2.096 2.103 2.096 2.088 2.081 2.073 2.066 2.059 2.052 2.044 2.038 2.034 2.029 2.029 2.028 2.045 2.062 2.079 2.096 2.113 2.130 2.147 2.163 2.182 2.209 2.235 2.261 2.287 2.313 2.313 2.393 2.433
3.005 2.959 2.912 2.760 2.491 2.578 2.570 2.562 2.554 2.538 2.538 2.531 2.523 2.515 2.507 2.499 2.492 2.484 2.476 2.467 2.457 2.447 2.425 2.395 2.365 2.336 2.336 2.276 2.246 2.217 2.187 2.157 2.128 2.098 2.068 2.043 2.048 2.053 2.061 2.076 2.091 2.105 2.105 2.135 2.150 2.165 2.174 2.166 2.159 2.151 2.144 2.137 2.129 2.122 2.115 2.107 2.109 2.122 2.122 2.155 2.172 2.189 2.206 2.223 2.240 2.257 2.274 2.291 2.312 2.338 2.364 2.390 2.416 2.442 2.442 2.505 2.545
3.266 3.164 2.895 2.626 2.418 2.531 2.602 2.594 2.586 2.570 2.570 2.562 2.555 2.547 2.539 2.531 2.523 2.516 2.508 2.500 2.492 2.490 2.632 2.577 2.522 2.467 2.467 2.357 2.315 2.285 2.256 2.226 2.196 2.166 2.137 2.107 2.105 2.114 2.129 2.144 2.159 2.174 2.174 2.203 2.218 2.233 2.244 2.237 2.229 2.222 2.215 2.207 2.200 2.193 2.236 2.307 2.337 2.264 2.264 2.283 2.300 2.316 2.333 2.350 2.367 2.384 2.401 2.418 2.441 2.467 2.493 2.519 2.545 2.571 2.571 2.623 2.657
