includes/camargue/floodfiles/results_R3_t1.56234553567E12/res-0012.wd
ncols         906
nrows         631
xllcorner     362177.146667
yllcorner     6534725.688020
cellsize      20.000000
NODATA_value  -9999.000000
[rows 374 to 407 of 631, columns 770 to 846 of 906]
0.085 0.000 0.000 0.000 0.000 0.000 0.000 0.001 0.000 0.000 0.000 0.000 0.000 0.000 0.000 0.000 0.001 0.002 0.003 0.003 0.003 0.003 0.003 0.003 0.003 0.003 0.003 0.006 0.004 0.004 0.004 0.004 0.004 0.004 0.004 0.004 0.004 0.004 0.004 0.004 0.004 0.004 0.007 0.015 0.010 0.021 0.030 0.041 0.058 0.084 0.105 0.127 0.150 0.172 0.193 0.214 0.235 0.255 0.275 0.295 0.295 0.335 0.356 0.355 0.335 0.315 0.296 0.276 0.257 0.239 0.219 0.148 0.000 0.000 0.000 0.000 0.000
0.000 0.000 0.000 0.000 0.000 0.000 0.001 0.000 0.000 0.000 0.000 0.000 0.000 0.000 0.000 0.000 0.000 0.002 0.003 0.003 0.003 0.003 0.003 0.003 0.003 0.003 0.003 0.006 0.004 0.004 0.004 0.004 0.004 0.004 0.004 0.004 0.004 0.004 0.004 0.004 0.004 0.004 0.005 0.012 0.008 0.017 0.027 0.048 0.092 0.127 0.165 0.189 0.210 0.231 0.252 0.273 0.294 0.314 0.334 0.354 0.355 0.395 0.416 0.407 0.387 0.367 0.348 0.328 0.309 0.289 0.269 0.248 0.177 0.001 0.000 0.000 0.000
0.000 0.000 0.000 0.000 0.000 0.001 0.000 0.000 0.000 0.000 0.000 0.001 0.000 0.000 0.000 0.000 0.000 0.002 0.002 0.003 0.003 0.003 0.003 0.003 0.003 0.003 0.002 0.006 0.004 0.004 0.004 0.004 0.004 0.004 0.004 0.004 0.004 0.004 0.004 0.003 0.003 0.003 0.004 0.011 0.007 0.015 0.050 0.098 0.139 0.176 0.212 0.247 0.270 0.291 0.312 0.332 0.353 0.373 0.393 0.414 0.415 0.455 0.476 0.458 0.439 0.419 0.399 0.379 0.359 0.339 0.318 0.297 0.276 0.196 0.010 0.000 0.000
0.000 0.001 0.000 0.000 0.001 0.000 0.000 0.000 0.000 0.000 0.000 0.001 0.000 0.000 0.000 0.000 0.000 0.002 0.002 0.003 0.003 0.003 0.003 0.003 0.003 0.003 0.002 0.005 0.003 0.004 0.004 0.004 0.004 0.004 0.004 0.004 0.004 0.003 0.003 0.003 0.003 0.003 0.004 0.011 0.006 0.060 0.107 0.149 0.187 0.223 0.259 0.294 0.328 0.351 0.371 0.392 0.412 0.432 0.453 0.473 0.474 0.515 0.529 0.510 0.490 0.470 0.450 0.430 0.409 0.389 0.368 0.347 0.326 0.305 0.223 0.040 0.027
0.003 0.003 0.003 0.004 0.004 0.003 0.003 0.003 0.003 0.003 0.002 0.004 0.002 0.002 0.002 0.002 0.002 0.003 0.004 0.005 0.005 0.006 0.006 0.006 0.006 0.006 0.005 0.009 0.006 0.006 0.006 0.006 0.006 0.007 0.007 0.006 0.007 0.007 0.007 0.007 0.007 0.007 0.008 0.016 0.024 0.120 0.161 0.200 0.236 0.271 0.306 0.341 0.375 0.408 0.431 0.451 0.471 0.492 0.512 0.533 0.534 0.575 0.580 0.561 0.541 0.521 0.501 0.480 0.460 0.440 0.419 0.398 0.378 0.357 0.337 0.252 0.252
0.001 0.000 0.001 0.002 0.002 0.002 0.002 0.001 0.001 0.001 0.001 0.002 0.001 0.001 0.000 0.000 0.001 0.001 0.002 0.002 0.003 0.003 0.003 0.003 0.003 0.003 0.003 0.005 0.003 0.003 0.003 0.003 0.004 0.004 0.003 0.003 0.003 0.003 0.003 0.003 0.003 0.003 0.004 0.023 0.038 0.128 0.167 0.203 0.238 0.273 0.308 0.342 0.376 0.409 0.432 0.452 0.473 0.493 0.514 0.535 0.536 0.576 0.582 0.562 0.542 0.522 0.501 0.481 0.461 0.440 0.420 0.400 0.379 0.359 0.339 0.254 0.255
0.000 0.001 0.002 0.002 0.002 0.002 0.002 0.002 0.001 0.001 0.001 0.002 0.001 0.000 0.001 0.001 0.000 0.001 0.002 0.002 0.003 0.003 0.003 0.003 0.003 0.003 0.003 0.005 0.003 0.003 0.003 0.003 0.003 0.003 0.003 0.003 0.003 0.003 0.003 0.003 0.004 0.009 0.059 0.104 0.111 0.183 0.218 0.253 0.287 0.322 0.356 0.390 0.423 0.456 0.489 0.512 0.532 0.553 0.574 0.595 0.596 0.636 0.633 0.613 0.593 0.572 0.552 0.532 0.511 0.491 0.471 0.451 0.431 0.411 0.391 0.373 0.373
0.001 0.001 0.001 0.001 0.001 0.001 0.001 0.001 0.001 0.001 0.001 0.002 0.001 0.001 0.001 0.000 0.001 0.001 0.001 0.002 0.002 0.002 0.003 0.003 0.003 0.003 0.002 0.004 0.002 0.002 0.002 0.002 0.002 0.002 0.002 0.003 0.003 0.003 0.003 0.005 0.037 0.090 0.127 0.162 0.167 0.234 0.268 0.302 0.336 0.370 0.403 0.437 0.470 0.503 0.536 0.569 0.592 0.613 0.633 0.654 0.655 0.695 0.684 0.664 0.644 0.623 0.603 0.583 0.562 0.542 0.522 0.502 0.482 0.464 0.447 0.429 0.430
0.000 0.001 0.001 0.002 0.002 0.002 0.002 0.002 0.002 0.002 0.001 0.003 0.001 0.001 0.001 0.001 0.001 0.002 0.002 0.002 0.003 0.003 0.003 0.003 0.003 0.003 0.002 0.004 0.002 0.003 0.002 0.002 0.002 0.002 0.002 0.003 0.003 0.013 0.080 0.121 0.158 0.194 0.227 0.260 0.262 0.328 0.362 0.395 0.429 0.462 0.495 0.529 0.562 0.595 0.627 0.661 0.694 0.727 0.751 0.772 0.772 0.804 0.785 0.765 0.745 0.724 0.704 0.683 0.665 0.647 0.629 0.611 0.593 0.576 0.558 0.548 0.549
0.000 0.001 0.001 0.002 0.002 0.002 0.002 0.002 0.002 0.002 0.001 0.003 0.001 0.001 0.001 0.001 0.002 0.002 0.002 0.002 0.003 0.003 0.003 0.003 0.003 0.003 0.002 0.005 0.002 0.003 0.003 0.003 0.002 0.003 0.003 0.005 0.038 0.096 0.137 0.173 0.208 0.242 0.275 0.308 0.310 0.375 0.409 0.442 0.476 0.509 0.542 0.575 0.608 0.641 0.674 0.707 0.740 0.773 0.806 0.831 0.831 0.855 0.835 0.815 0.795 0.775 0.757 0.739 0.721 0.703 0.685 0.667 0.649 0.632 0.614 0.609 0.609
0.001 0.000 0.001 0.001 0.002 0.002 0.002 0.002 0.002 0.002 0.002 0.003 0.002 0.002 0.001 0.001 0.002 0.002 0.002 0.002 0.003 0.003 0.002 0.003 0.003 0.003 0.002 0.005 0.002 0.003 0.003 0.010 0.022 0.045 0.080 0.102 0.119 0.153 0.189 0.223 0.256 0.290 0.323 0.356 0.358 0.423 0.456 0.489 0.522 0.555 0.588 0.621 0.654 0.687 0.720 0.753 0.786 0.819 0.852 0.885 0.886 0.905 0.885 0.867 0.849 0.831 0.813 0.794 0.776 0.758 0.740 0.722 0.705 0.687 0.670 0.669 0.670
0.000 0.001 0.001 0.001 0.002 0.002 0.002 0.002 0.002 0.002 0.002 0.003 0.002 0.002 0.002 0.002 0.002 0.002 0.002 0.002 0.002 0.002 0.002 0.002 0.003 0.003 0.002 0.011 0.010 0.039 0.090 0.112 0.126 0.143 0.162 0.179 0.195 0.211 0.239 0.272 0.305 0.338 0.371 0.404 0.405 0.469 0.502 0.536 0.569 0.602 0.634 0.667 0.700 0.733 0.766 0.799 0.832 0.865 0.898 0.931 0.932 0.958 0.940 0.922 0.904 0.886 0.868 0.850 0.832 0.813 0.796 0.778 0.760 0.743 0.725 0.729 0.730
0.001 0.001 0.000 0.001 0.001 0.002 0.002 0.002 0.002 0.002 0.002 0.004 0.002 0.002 0.002 0.002 0.002 0.002 0.002 0.002 0.002 0.002 0.002 0.002 0.003 0.006 0.038 0.112 0.112 0.140 0.169 0.186 0.202 0.218 0.234 0.250 0.265 0.281 0.297 0.320 0.353 0.386 0.418 0.451 0.452 0.516 0.549 0.582 0.615 0.648 0.681 0.713 0.746 0.779 0.812 0.845 0.878 0.911 0.941 0.970 0.971 1.002 0.996 0.978 0.960 0.942 0.923 0.905 0.887 0.869 0.851 0.833 0.815 0.798 0.780 0.789 0.790
0.001 0.000 0.000 0.001 0.001 0.002 0.002 0.002 0.002 0.002 0.002 0.004 0.002 0.002 0.002 0.002 0.002 0.002 0.002 0.002 0.002 0.002 0.003 0.019 0.069 0.103 0.134 0.187 0.188 0.215 0.241 0.257 0.272 0.288 0.303 0.318 0.334 0.349 0.364 0.379 0.400 0.433 0.465 0.497 0.498 0.562 0.595 0.628 0.661 0.694 0.727 0.759 0.792 0.825 0.858 0.890 0.919 0.948 0.978 1.007 1.008 1.035 1.036 1.033 1.015 0.997 0.979 0.960 0.942 0.924 0.906 0.888 0.871 0.853 0.836 0.849 0.849
0.000 0.000 0.001 0.001 0.001 0.001 0.002 0.002 0.002 0.002 0.002 0.004 0.002 0.002 0.002 0.002 0.002 0.002 0.002 0.002 0.009 0.049 0.095 0.122 0.151 0.179 0.207 0.258 0.259 0.286 0.311 0.326 0.341 0.356 0.371 0.386 0.401 0.416 0.431 0.446 0.461 0.480 0.512 0.544 0.545 0.609 0.642 0.674 0.707 0.740 0.773 0.805 0.838 0.868 0.897 0.927 0.956 0.985 1.015 1.044 1.045 1.068 1.069 1.070 1.071 1.053 1.034 1.016 0.998 0.980 0.962 0.944 0.926 0.908 0.893 0.909 0.909
0.000 0.000 0.001 0.001 0.001 0.001 0.002 0.002 0.002 0.002 0.002 0.004 0.002 0.002 0.002 0.002 0.002 0.002 0.020 0.079 0.109 0.141 0.170 0.197 0.224 0.251 0.277 0.327 0.329 0.355 0.379 0.394 0.409 0.423 0.438 0.453 0.468 0.483 0.498 0.512 0.527 0.542 0.558 0.590 0.591 0.655 0.688 0.721 0.753 0.786 0.817 0.846 0.876 0.905 0.934 0.964 0.993 1.022 1.052 1.081 1.082 1.101 1.102 1.103 1.104 1.105 1.090 1.071 1.053 1.035 1.017 0.999 0.981 0.964 0.953 0.968 0.969
0.000 0.001 0.000 0.000 0.001 0.001 0.002 0.002 0.002 0.002 0.002 0.004 0.002 0.002 0.002 0.002 0.002 0.032 0.100 0.152 0.186 0.214 0.241 0.268 0.294 0.321 0.347 0.396 0.397 0.423 0.446 0.461 0.476 0.490 0.505 0.520 0.535 0.549 0.564 0.579 0.593 0.608 0.623 0.638 0.639 0.701 0.734 0.766 0.796 0.825 0.854 0.883 0.913 0.942 0.971 1.001 1.030 1.059 1.089 1.118 1.119 1.134 1.135 1.136 1.137 1.138 1.138 1.127 1.109 1.091 1.072 1.055 1.037 1.019 1.013 1.028 1.029
0.000 0.000 0.000 0.001 0.000 0.001 0.001 0.002 0.002 0.002 0.002 0.004 0.002 0.002 0.002 0.002 0.038 0.104 0.156 0.203 0.247 0.284 0.311 0.337 0.363 0.390 0.415 0.465 0.466 0.492 0.512 0.527 0.542 0.557 0.571 0.586 0.601 0.616 0.630 0.645 0.660 0.674 0.689 0.704 0.705 0.745 0.774 0.803 0.833 0.862 0.891 0.920 0.950 0.979 1.008 1.037 1.067 1.096 1.125 1.155 1.155 1.166 1.167 1.169 1.169 1.170 1.171 1.172 1.164 1.146 1.128 1.110 1.092 1.074 1.072 1.088 1.088
0.000 0.000 0.000 0.000 0.000 0.001 0.001 0.001 0.002 0.002 0.002 0.004 0.002 0.002 0.003 0.044 0.107 0.160 0.207 0.252 0.295 0.338 0.379 0.406 0.432 0.458 0.484 0.533 0.534 0.559 0.578 0.593 0.608 0.623 0.638 0.652 0.667 0.682 0.696 0.711 0.725 0.740 0.755 0.767 0.768 0.787 0.811 0.840 0.869 0.899 0.928 0.957 0.987 1.016 1.045 1.074 1.104 1.133 1.162 1.192 1.192 1.199 1.200 1.201 1.202 1.203 1.204 1.205 1.206 1.201 1.183 1.165 1.147 1.129 1.132 1.148 1.148
0.000 0.000 0.000 0.000 0.000 0.000 0.001 0.001 0.002 0.002 0.002 0.004 0.002 0.007 0.067 0.109 0.162 0.210 0.256 0.300 0.343 0.385 0.428 0.471 0.500 0.526 0.551 0.601 0.602 0.627 0.644 0.659 0.674 0.689 0.704 0.718 0.733 0.748 0.762 0.777 0.790 0.803 0.815 0.828 0.828 0.847 0.854 0.877 0.906 0.936 0.965 0.994 1.023 1.053 1.082 1.111 1.140 1.170 1.199 1.228 1.229 1.232 1.233 1.234 1.235 1.236 1.236 1.237 1.238 1.239 1.238 1.220 1.202 1.184 1.192 1.207 1.208
0.002 0.002 0.002 0.002 0.002 0.002 0.002 0.003 0.003 0.003 0.003 0.011 0.019 0.086 0.126 0.162 0.212 0.259 0.303 0.347 0.390 0.432 0.475 0.518 0.560 0.594 0.619 0.669 0.669 0.695 0.710 0.725 0.740 0.755 0.769 0.784 0.799 0.813 0.826 0.838 0.851 0.863 0.876 0.888 0.889 0.906 0.913 0.920 0.943 0.972 1.002 1.031 1.060 1.089 1.119 1.148 1.177 1.206 1.236 1.262 1.263 1.264 1.265 1.266 1.267 1.268 1.269 1.270 1.271 1.272 1.273 1.273 1.257 1.239 1.252 1.267 1.267
0.000 0.000 0.000 0.000 0.000 0.000 0.001 0.000 0.001 0.001 0.001 0.040 0.052 0.097 0.134 0.168 0.216 0.261 0.305 0.349 0.391 0.434 0.477 0.519 0.562 0.595 0.620 0.670 0.670 0.696 0.711 0.726 0.741 0.756 0.770 0.785 0.800 0.814 0.826 0.839 0.851 0.864 0.876 0.889 0.889 0.906 0.913 0.920 0.944 0.973 1.002 1.031 1.061 1.090 1.119 1.148 1.178 1.207 1.236 1.263 1.263 1.265 1.266 1.267 1.268 1.268 1.269 1.270 1.271 1.272 1.273 1.274 1.257 1.239 1.252 1.267 1.268
0.001 0.001 0.000 0.001 0.000 0.001 0.000 0.000 0.001 0.008 0.056 0.118 0.125 0.158 0.188 0.221 0.266 0.310 0.353 0.396 0.439 0.482 0.524 0.566 0.608 0.650 0.688 0.737 0.738 0.763 0.777 0.792 0.807 0.822 0.836 0.850 0.862 0.875 0.887 0.899 0.912 0.924 0.937 0.949 0.950 0.966 0.973 0.980 0.986 1.010 1.039 1.068 1.098 1.127 1.156 1.185 1.214 1.244 1.273 1.295 1.296 1.297 1.298 1.299 1.300 1.301 1.302 1.303 1.303 1.304 1.305 1.306 1.307 1.296 1.312 1.326 1.326
0.000 0.000 0.000 0.000 0.001 0.000 0.001 0.005 0.043 0.089 0.121 0.175 0.180 0.210 0.238 0.271 0.315 0.358 0.400 0.443 0.486 0.528 0.571 0.613 0.655 0.697 0.738 0.805 0.805 0.828 0.843 0.858 0.872 0.885 0.898 0.910 0.923 0.935 0.948 0.960 0.972 0.985 0.997 1.010 1.010 1.025 1.032 1.039 1.046 1.052 1.076 1.105 1.134 1.164 1.193 1.222 1.251 1.280 1.310 1.328 1.328 1.330 1.331 1.332 1.333 1.334 1.334 1.335 1.336 1.337 1.338 1.339 1.340 1.358 1.369 1.383 1.383
0.001 0.001 0.001 0.001 0.001 0.021 0.092 0.126 0.157 0.189 0.218 0.271 0.273 0.302 0.329 0.365 0.408 0.451 0.493 0.536 0.578 0.621 0.663 0.705 0.747 0.788 0.830 0.910 0.910 0.946 0.967 0.980 0.993 1.005 1.018 1.030 1.043 1.055 1.068 1.080 1.092 1.105 1.117 1.128 1.129 1.143 1.149 1.156 1.163 1.170 1.177 1.184 1.207 1.237 1.266 1.295 1.324 1.353 1.383 1.393 1.393 1.395 1.396 1.397 1.397 1.398 1.399 1.400 1.401 1.412 1.432 1.451 1.470 1.488 1.497 1.505 1.505
0.001 0.001 0.001 0.001 0.014 0.088 0.138 0.175 0.206 0.236 0.265 0.318 0.320 0.347 0.375 0.412 0.455 0.497 0.540 0.582 0.625 0.667 0.709 0.751 0.793 0.834 0.873 0.950 0.950 0.985 1.016 1.040 1.053 1.065 1.078 1.090 1.103 1.115 1.128 1.140 1.153 1.165 1.177 1.188 1.188 1.202 1.209 1.215 1.222 1.229 1.236 1.243 1.250 1.273 1.302 1.332 1.361 1.390 1.419 1.425 1.426 1.427 1.428 1.429 1.430 1.431 1.432 1.439 1.458 1.478 1.497 1.516 1.536 1.553 1.562 1.570 1.570
0.001 0.001 0.001 0.009 0.082 0.131 0.174 0.215 0.254 0.283 0.311 0.364 0.366 0.393 0.420 0.459 0.502 0.544 0.586 0.629 0.671 0.713 0.755 0.797 0.835 0.874 0.913 0.990 0.990 1.023 1.055 1.086 1.113 1.126 1.138 1.151 1.163 1.176 1.188 1.200 1.213 1.225 1.237 1.246 1.247 1.261 1.267 1.274 1.281 1.288 1.295 1.302 1.309 1.316 1.339 1.368 1.397 1.427 1.456 1.458 1.458 1.460 1.461 1.461 1.462 1.466 1.485 1.504 1.524 1.543 1.562 1.582 1.601 1.618 1.627 1.635 1.635
0.001 0.001 0.006 0.077 0.126 0.169 0.210 0.250 0.288 0.326 0.357 0.409 0.411 0.438 0.465 0.506 0.548 0.591 0.633 0.675 0.717 0.758 0.797 0.836 0.875 0.914 0.953 1.030 1.030 1.062 1.094 1.125 1.156 1.186 1.198 1.211 1.223 1.236 1.248 1.260 1.273 1.285 1.298 1.305 1.306 1.319 1.326 1.333 1.340 1.347 1.354 1.361 1.368 1.374 1.381 1.405 1.434 1.463 1.489 1.490 1.491 1.492 1.493 1.494 1.512 1.531 1.550 1.570 1.589 1.608 1.628 1.647 1.666 1.684 1.692 1.700 1.701
0.002 0.004 0.071 0.121 0.165 0.206 0.246 0.285 0.323 0.360 0.396 0.454 0.456 0.483 0.510 0.553 0.595 0.637 0.679 0.720 0.759 0.798 0.837 0.876 0.915 0.954 0.993 1.069 1.070 1.101 1.132 1.164 1.195 1.226 1.258 1.271 1.283 1.296 1.308 1.320 1.333 1.345 1.357 1.364 1.365 1.378 1.385 1.392 1.399 1.406 1.413 1.420 1.426 1.433 1.440 1.447 1.471 1.500 1.522 1.523 1.523 1.525 1.539 1.558 1.577 1.597 1.616 1.635 1.654 1.674 1.693 1.712 1.731 1.749 1.757 1.766 1.766
0.003 0.063 0.115 0.160 0.203 0.243 0.281 0.319 0.356 0.393 0.429 0.499 0.500 0.528 0.556 0.599 0.641 0.682 0.721 0.760 0.799 0.838 0.877 0.916 0.955 0.994 1.033 1.108 1.108 1.140 1.171 1.202 1.234 1.265 1.296 1.328 1.343 1.356 1.368 1.381 1.393 1.405 1.416 1.423 1.424 1.437 1.444 1.451 1.458 1.465 1.472 1.479 1.485 1.492 1.499 1.506 1.513 1.536 1.554 1.555 1.556 1.585 1.604 1.623 1.643 1.662 1.681 1.700 1.720 1.739 1.758 1.777 1.797 1.814 1.822 1.831 1.831
0.054 0.110 0.156 0.199 0.239 0.278 0.316 0.353 0.389 0.426 0.462 0.531 0.533 0.568 0.603 0.643 0.682 0.722 0.761 0.800 0.839 0.878 0.917 0.956 0.995 1.034 1.072 1.146 1.147 1.178 1.210 1.241 1.273 1.304 1.335 1.366 1.397 1.416 1.428 1.441 1.453 1.465 1.475 1.482 1.482 1.496 1.503 1.510 1.517 1.524 1.531 1.537 1.544 1.551 1.558 1.565 1.572 1.579 1.592 1.611 1.611 1.650 1.669 1.689 1.708 1.727 1.747 1.766 1.785 1.804 1.823 1.843 1.862 1.879 1.887 1.896 1.896
0.103 0.152 0.195 0.235 0.274 0.312 0.349 0.386 0.422 0.458 0.494 0.564 0.565 0.603 0.643 0.683 0.723 0.762 0.801 0.840 0.879 0.918 0.957 0.996 1.035 1.074 1.112 1.185 1.186 1.217 1.249 1.280 1.311 1.342 1.374 1.405 1.436 1.467 1.488 1.500 1.513 1.525 1.534 1.541 1.541 1.555 1.562 1.569 1.576 1.583 1.589 1.596 1.603 1.610 1.618 1.627 1.636 1.646 1.668 1.678 1.678 1.715 1.735 1.754 1.773 1.793 1.812 1.831 1.850 1.869 1.889 1.908 1.927 1.944 1.953 1.961 1.961
0.146 0.191 0.232 0.271 0.309 0.346 0.383 0.419 0.455 0.491 0.527 0.602 0.604 0.642 0.681 0.722 0.763 0.802 0.841 0.880 0.919 0.958 0.997 1.036 1.075 1.113 1.152 1.224 1.225 1.256 1.287 1.319 1.350 1.381 1.412 1.443 1.474 1.505 1.536 1.560 1.573 1.585 1.593 1.600 1.600 1.614 1.621 1.628 1.634 1.641 1.650 1.659 1.668 1.677 1.686 1.695 1.704 1.726 1.753 1.763 1.764 1.783 1.800 1.819 1.839 1.858 1.877 1.896 1.915 1.935 1.954 1.973 1.992 2.009 2.018 2.026 2.026
0.186 0.227 0.267 0.305 0.342 0.379 0.416 0.452 0.488 0.527 0.565 0.641 0.642 0.680 0.720 0.760 0.801 0.842 0.881 0.920 0.959 0.998 1.037 1.076 1.115 1.153 1.192 1.263 1.263 1.295 1.326 1.357 1.388 1.419 1.450 1.482 1.513 1.544 1.575 1.606 1.633 1.644 1.651 1.658 1.659 1.674 1.683 1.692 1.700 1.709 1.718 1.727 1.736 1.745 1.754 1.763 1.777 1.806 1.836 1.848 1.849 1.868 1.878 1.888 1.904 1.923 1.942 1.961 1.981 2.000 2.019 2.038 2.058 2.074 2.083 2.091 2.091
