includes/camargue/floodfiles/results_R3_t1.56234553567E12/res-0002.wd
ncols         906
nrows         631
xllcorner     362177.146667
yllcorner     6534725.688020
cellsize      20.000000
NODATA_value  -9999.000000
[rows 510 to 543 of 631, columns 539 to 615 of 906]
3.480 3.480 3.522 3.563 3.604 3.645 3.686 3.727 3.768 3.778 3.783 3.788 3.792 3.797 3.802 3.807 3.812 3.812 3.822 3.827 3.832 3.836 3.842 3.851 3.863 3.873 3.883 3.893 3.903 3.913 3.923 3.933 3.943 3.943 3.963 3.973 3.983 3.993 4.003 4.014 4.025 4.035 4.046 4.056 4.067 4.080 4.112 4.144 4.177 4.177 4.241 4.273 4.311 4.353 4.396 4.438 4.481 4.523 4.550 4.555 4.560 4.565 4.571 4.576 4.581 4.581 4.591 4.597 4.602 4.607 4.612 4.627 4.644 4.671 4.699 4.726 4.753
3.537 3.537 3.578 3.619 3.660 3.701 3.742 3.784 3.825 3.835 3.840 3.845 3.850 3.855 3.860 3.865 3.870 3.870 3.879 3.884 3.889 3.889 3.889 3.894 3.902 3.910 3.920 3.930 3.940 3.950 3.960 3.970 3.980 3.980 4.001 4.011 4.021 4.031 4.041 4.052 4.062 4.073 4.084 4.094 4.105 4.116 4.126 4.154 4.186 4.186 4.254 4.296 4.339 4.381 4.424 4.466 4.509 4.551 4.592 4.597 4.602 4.607 4.613 4.618 4.623 4.623 4.633 4.639 4.647 4.667 4.688 4.709 4.722 4.734 4.746 4.759 4.771
3.565 3.565 3.606 3.647 3.689 3.730 3.771 3.812 3.853 3.864 3.869 3.874 3.879 3.884 3.889 3.894 3.898 3.898 3.908 3.910 3.910 3.910 3.911 3.915 3.923 3.931 3.940 3.949 3.959 3.969 3.979 3.989 3.999 3.999 4.019 4.030 4.040 4.050 4.060 4.071 4.081 4.092 4.103 4.113 4.124 4.135 4.145 4.159 4.191 4.191 4.268 4.310 4.353 4.395 4.438 4.481 4.523 4.566 4.608 4.618 4.623 4.629 4.634 4.639 4.644 4.644 4.655 4.666 4.687 4.708 4.729 4.750 4.763 4.775 4.788 4.800 4.812
3.594 3.593 3.635 3.676 3.717 3.758 3.799 3.840 3.881 3.893 3.898 3.903 3.908 3.913 3.917 3.922 3.927 3.927 3.931 3.931 3.931 3.932 3.932 3.937 3.945 3.953 3.961 3.970 3.978 3.988 3.998 4.008 4.018 4.018 4.038 4.048 4.058 4.069 4.079 4.090 4.100 4.111 4.122 4.132 4.143 4.153 4.164 4.175 4.197 4.197 4.282 4.324 4.367 4.410 4.452 4.495 4.537 4.580 4.622 4.639 4.645 4.650 4.655 4.660 4.665 4.665 4.686 4.707 4.728 4.749 4.769 4.790 4.805 4.817 4.829 4.841 4.854
3.622 3.622 3.663 3.704 3.745 3.786 3.827 3.868 3.910 3.922 3.927 3.932 3.937 3.941 3.946 3.951 3.952 3.952 3.952 3.952 3.953 3.953 3.953 3.958 3.967 3.975 3.983 3.991 3.999 4.008 4.017 4.027 4.037 4.037 4.057 4.067 4.077 4.088 4.098 4.109 4.119 4.130 4.140 4.151 4.162 4.172 4.184 4.200 4.223 4.223 4.296 4.338 4.381 4.424 4.466 4.509 4.551 4.594 4.637 4.660 4.666 4.671 4.676 4.681 4.686 4.687 4.727 4.747 4.768 4.789 4.810 4.831 4.846 4.858 4.871 4.883 4.895
3.686 3.686 3.699 3.732 3.773 3.815 3.856 3.897 3.938 3.951 3.956 3.961 3.965 3.970 3.972 3.973 3.973 3.973 3.974 3.974 3.974 3.974 3.974 3.980 3.988 3.996 4.005 4.013 4.021 4.029 4.037 4.046 4.056 4.056 4.076 4.086 4.096 4.107 4.117 4.128 4.138 4.149 4.159 4.170 4.184 4.200 4.217 4.233 4.256 4.256 4.325 4.360 4.395 4.438 4.480 4.523 4.566 4.608 4.651 4.682 4.687 4.692 4.697 4.704 4.725 4.725 4.767 4.788 4.809 4.830 4.850 4.871 4.887 4.900 4.912 4.924 4.937
3.769 3.769 3.782 3.794 3.806 3.843 3.884 3.925 3.966 3.980 3.985 3.989 3.993 3.994 3.994 3.994 3.994 3.994 3.995 3.995 3.995 3.996 3.996 4.002 4.010 4.018 4.026 4.034 4.043 4.051 4.059 4.067 4.075 4.075 4.095 4.105 4.115 4.126 4.136 4.147 4.157 4.168 4.184 4.201 4.217 4.234 4.250 4.266 4.289 4.289 4.359 4.394 4.428 4.463 4.498 4.537 4.580 4.622 4.665 4.703 4.708 4.713 4.724 4.745 4.766 4.766 4.808 4.828 4.849 4.870 4.891 4.912 4.929 4.941 4.953 4.965 4.978
3.852 3.852 3.865 3.877 3.889 3.902 3.914 3.953 3.995 4.009 4.013 4.014 4.014 4.015 4.015 4.015 4.015 4.015 4.016 4.016 4.016 4.017 4.017 4.023 4.031 4.040 4.048 4.056 4.064 4.072 4.081 4.089 4.097 4.097 4.114 4.124 4.134 4.145 4.155 4.168 4.184 4.201 4.217 4.234 4.250 4.267 4.283 4.299 4.322 4.322 4.392 4.427 4.462 4.496 4.531 4.566 4.601 4.637 4.679 4.722 4.729 4.744 4.765 4.785 4.806 4.806 4.848 4.869 4.890 4.910 4.931 4.952 4.970 4.982 4.995 5.007 5.019
3.935 3.935 3.948 3.960 3.972 3.985 3.997 4.009 4.023 4.035 4.035 4.035 4.036 4.036 4.036 4.036 4.037 4.037 4.037 4.037 4.038 4.038 4.038 4.045 4.053 4.061 4.069 4.078 4.086 4.094 4.102 4.111 4.119 4.119 4.135 4.143 4.153 4.168 4.185 4.201 4.218 4.234 4.250 4.267 4.283 4.300 4.316 4.333 4.355 4.355 4.425 4.460 4.495 4.530 4.564 4.599 4.634 4.669 4.704 4.739 4.763 4.784 4.805 4.826 4.847 4.847 4.888 4.909 4.930 4.951 4.972 4.993 5.011 5.024 5.036 5.048 5.060
4.019 4.018 4.031 4.043 4.056 4.068 4.080 4.090 4.084 4.069 4.056 4.057 4.057 4.057 4.057 4.058 4.058 4.058 4.058 4.059 4.059 4.059 4.059 4.067 4.075 4.083 4.091 4.099 4.107 4.116 4.124 4.132 4.140 4.140 4.157 4.171 4.187 4.201 4.218 4.234 4.251 4.267 4.283 4.300 4.316 4.333 4.349 4.366 4.389 4.389 4.458 4.493 4.528 4.563 4.598 4.633 4.667 4.702 4.739 4.780 4.806 4.826 4.846 4.866 4.887 4.887 4.929 4.950 4.971 4.991 5.012 5.033 5.053 5.065 5.077 5.089 5.102
4.102 4.102 4.114 4.126 4.139 4.151 4.149 4.142 4.136 4.121 4.103 4.086 4.078 4.078 4.079 4.079 4.079 4.079 4.079 4.080 4.080 4.080 4.080 4.088 4.096 4.104 4.113 4.121 4.129 4.137 4.146 4.154 4.162 4.162 4.191 4.207 4.223 4.237 4.252 4.267 4.284 4.300 4.317 4.333 4.349 4.366 4.382 4.399 4.422 4.422 4.491 4.526 4.561 4.596 4.631 4.666 4.701 4.740 4.780 4.821 4.849 4.869 4.888 4.908 4.928 4.928 4.969 4.990 5.011 5.032 5.053 5.074 5.094 5.106 5.119 5.131 5.143
4.185 4.185 4.197 4.209 4.214 4.207 4.201 4.194 4.188 4.172 4.155 4.137 4.120 4.102 4.100 4.100 4.100 4.100 4.101 4.101 4.101 4.101 4.102 4.110 4.118 4.126 4.134 4.142 4.151 4.159 4.167 4.178 4.194 4.194 4.227 4.244 4.259 4.274 4.288 4.302 4.317 4.333 4.350 4.366 4.383 4.399 4.415 4.432 4.455 4.455 4.525 4.559 4.594 4.629 4.664 4.700 4.740 4.781 4.822 4.862 4.892 4.912 4.931 4.951 4.971 4.971 5.010 5.031 5.051 5.072 5.093 5.114 5.135 5.148 5.160 5.172 5.184
4.268 4.268 4.279 4.272 4.266 4.259 4.253 4.246 4.240 4.224 4.207 4.189 4.172 4.154 4.137 4.121 4.121 4.121 4.122 4.122 4.122 4.123 4.123 4.131 4.140 4.148 4.156 4.164 4.172 4.181 4.198 4.214 4.231 4.231 4.264 4.280 4.295 4.310 4.324 4.339 4.353 4.367 4.383 4.399 4.416 4.432 4.449 4.465 4.488 4.488 4.558 4.593 4.627 4.662 4.700 4.741 4.782 4.822 4.863 4.904 4.935 4.955 4.974 4.994 5.014 5.014 5.053 5.073 5.092 5.113 5.134 5.154 5.175 5.189 5.201 5.206 5.201
4.337 4.337 4.331 4.324 4.318 4.311 4.305 4.298 4.292 4.276 4.258 4.241 4.223 4.206 4.188 4.171 4.153 4.153 4.143 4.143 4.144 4.144 4.145 4.153 4.161 4.169 4.178 4.186 4.201 4.218 4.234 4.251 4.267 4.267 4.300 4.316 4.332 4.346 4.360 4.375 4.389 4.403 4.418 4.432 4.449 4.465 4.482 4.498 4.521 4.521 4.591 4.626 4.661 4.701 4.742 4.782 4.823 4.864 4.904 4.945 4.978 4.998 5.017 5.037 5.057 5.057 5.096 5.116 5.135 5.155 5.175 5.195 5.216 5.230 5.229 5.224 5.219
4.337 4.337 4.331 4.324 4.318 4.311 4.305 4.298 4.292 4.276 4.258 4.241 4.223 4.206 4.188 4.171 4.153 4.153 4.143 4.143 4.144 4.144 4.145 4.153 4.161 4.170 4.178 4.186 4.201 4.218 4.234 4.251 4.267 4.267 4.300 4.317 4.332 4.346 4.361 4.375 4.389 4.404 4.418 4.433 4.449 4.465 4.482 4.498 4.521 4.522 4.591 4.626 4.661 4.701 4.742 4.782 4.823 4.864 4.905 4.945 4.978 4.998 5.018 5.037 5.057 5.057 5.096 5.116 5.136 5.155 5.175 5.195 5.216 5.230 5.229 5.224 5.219
4.389 4.389 4.383 4.376 4.370 4.363 4.357 4.350 4.344 4.328 4.310 4.293 4.275 4.258 4.240 4.223 4.205 4.205 4.170 4.165 4.165 4.165 4.167 4.175 4.183 4.191 4.205 4.221 4.238 4.254 4.271 4.287 4.303 4.303 4.336 4.353 4.368 4.382 4.397 4.411 4.425 4.440 4.454 4.469 4.483 4.499 4.515 4.532 4.555 4.555 4.624 4.661 4.702 4.742 4.783 4.824 4.865 4.905 4.946 4.987 5.021 5.041 5.061 5.080 5.100 5.100 5.139 5.159 5.179 5.198 5.218 5.238 5.255 5.252 5.247 5.242 5.237
4.441 4.441 4.435 4.428 4.422 4.415 4.409 4.402 4.396 4.380 4.362 4.344 4.327 4.309 4.292 4.274 4.257 4.257 4.222 4.204 4.187 4.186 4.188 4.196 4.208 4.225 4.241 4.257 4.274 4.290 4.307 4.323 4.340 4.340 4.373 4.389 4.404 4.419 4.433 4.447 4.462 4.476 4.490 4.505 4.519 4.534 4.548 4.565 4.588 4.588 4.662 4.702 4.743 4.784 4.825 4.865 4.906 4.947 4.987 5.028 5.064 5.084 5.104 5.123 5.143 5.143 5.182 5.202 5.222 5.241 5.261 5.272 5.273 5.270 5.265 5.260 5.255
4.545 4.545 4.539 4.532 4.526 4.519 4.513 4.506 4.500 4.483 4.465 4.448 4.430 4.413 4.395 4.378 4.360 4.360 4.325 4.308 4.290 4.266 4.251 4.265 4.280 4.297 4.313 4.330 4.346 4.363 4.379 4.396 4.412 4.412 4.445 4.462 4.476 4.491 4.505 4.520 4.534 4.548 4.563 4.577 4.591 4.606 4.620 4.642 4.670 4.670 4.744 4.785 4.826 4.866 4.907 4.948 4.989 5.029 5.070 5.111 5.150 5.170 5.189 5.209 5.229 5.229 5.268 5.288 5.304 5.305 5.306 5.307 5.308 5.306 5.301 5.296 5.291
4.597 4.597 4.591 4.584 4.578 4.571 4.565 4.558 4.552 4.535 4.517 4.500 4.482 4.464 4.447 4.429 4.412 4.412 4.377 4.355 4.330 4.305 4.291 4.305 4.319 4.333 4.350 4.366 4.383 4.399 4.415 4.432 4.448 4.448 4.481 4.498 4.512 4.527 4.541 4.556 4.570 4.584 4.599 4.613 4.628 4.646 4.670 4.694 4.722 4.722 4.793 4.828 4.867 4.908 4.948 4.989 5.030 5.071 5.111 5.152 5.193 5.213 5.232 5.252 5.272 5.272 5.311 5.320 5.321 5.322 5.323 5.324 5.325 5.324 5.319 5.314 5.309
4.649 4.649 4.643 4.636 4.630 4.623 4.617 4.610 4.604 4.586 4.569 4.551 4.534 4.516 4.499 4.481 4.464 4.464 4.419 4.394 4.369 4.344 4.331 4.345 4.359 4.373 4.387 4.402 4.419 4.435 4.452 4.468 4.485 4.485 4.517 4.534 4.549 4.563 4.577 4.592 4.606 4.621 4.635 4.650 4.674 4.698 4.722 4.746 4.774 4.774 4.845 4.880 4.916 4.951 4.990 5.031 5.071 5.112 5.153 5.193 5.234 5.256 5.275 5.295 5.315 5.315 5.337 5.338 5.339 5.340 5.341 5.342 5.343 5.342 5.337 5.332 5.327
4.701 4.701 4.695 4.688 4.682 4.675 4.669 4.662 4.656 4.638 4.621 4.603 4.586 4.568 4.550 4.533 4.508 4.508 4.458 4.433 4.408 4.383 4.371 4.385 4.399 4.413 4.428 4.442 4.456 4.471 4.488 4.504 4.521 4.521 4.554 4.570 4.585 4.599 4.614 4.628 4.642 4.657 4.678 4.702 4.726 4.750 4.774 4.799 4.826 4.826 4.896 4.932 4.968 5.003 5.038 5.074 5.113 5.153 5.194 5.235 5.275 5.299 5.318 5.338 5.353 5.353 5.355 5.356 5.357 5.357 5.359 5.359 5.360 5.361 5.355 5.350 5.345
4.721 4.721 4.737 4.740 4.734 4.727 4.721 4.714 4.707 4.690 4.672 4.655 4.637 4.620 4.597 4.572 4.547 4.547 4.497 4.472 4.447 4.422 4.411 4.425 4.439 4.453 4.468 4.482 4.496 4.510 4.524 4.541 4.557 4.557 4.590 4.606 4.621 4.635 4.650 4.664 4.682 4.706 4.730 4.754 4.778 4.802 4.827 4.851 4.877 4.878 4.948 4.984 5.019 5.055 5.090 5.126 5.161 5.197 5.235 5.276 5.317 5.342 5.361 5.369 5.370 5.370 5.372 5.373 5.374 5.375 5.376 5.377 5.378 5.379 5.373 5.368 5.363
4.733 4.733 4.749 4.766 4.783 4.779 4.773 4.766 4.759 4.742 4.724 4.706 4.686 4.661 4.636 4.611 4.586 4.586 4.536 4.511 4.486 4.461 4.451 4.465 4.479 4.494 4.508 4.522 4.536 4.550 4.564 4.578 4.593 4.593 4.626 4.643 4.657 4.671 4.686 4.710 4.734 4.758 4.782 4.806 4.830 4.855 4.879 4.903 4.929 4.929 5.000 5.036 5.071 5.107 5.142 5.178 5.213 5.249 5.284 5.320 5.358 5.385 5.386 5.387 5.388 5.388 5.390 5.391 5.392 5.393 5.394 5.395 5.395 5.396 5.391 5.386 5.381
4.745 4.745 4.762 4.778 4.795 4.811 4.825 4.818 4.811 4.793 4.775 4.750 4.725 4.700 4.675 4.650 4.625 4.625 4.575 4.550 4.525 4.500 4.491 4.505 4.519 4.534 4.548 4.562 4.576 4.590 4.604 4.619 4.633 4.633 4.662 4.679 4.693 4.714 4.738 4.762 4.786 4.810 4.834 4.858 4.882 4.907 4.931 4.955 4.981 4.981 5.052 5.088 5.123 5.159 5.194 5.230 5.265 5.300 5.336 5.371 5.394 5.399 5.404 5.405 5.405 5.405 5.407 5.408 5.409 5.410 5.411 5.412 5.413 5.414 5.409 5.404 5.399
4.757 4.757 4.774 4.790 4.807 4.823 4.840 4.857 4.863 4.839 4.814 4.789 4.764 4.739 4.714 4.689 4.664 4.664 4.614 4.589 4.564 4.539 4.531 4.545 4.559 4.573 4.588 4.602 4.616 4.630 4.644 4.659 4.673 4.673 4.701 4.717 4.742 4.766 4.790 4.814 4.838 4.862 4.886 4.910 4.935 4.959 4.983 5.007 5.033 5.033 5.104 5.139 5.175 5.210 5.246 5.281 5.317 5.352 5.388 5.396 5.398 5.403 5.410 5.418 5.423 5.423 5.425 5.426 5.427 5.428 5.429 5.430 5.431 5.432 5.427 5.422 5.417
4.769 4.769 4.786 4.802 4.819 4.836 4.852 4.872 4.889 4.875 4.853 4.828 4.803 4.778 4.753 4.728 4.703 4.703 4.653 4.628 4.603 4.577 4.571 4.585 4.600 4.614 4.628 4.642 4.656 4.670 4.684 4.699 4.713 4.713 4.738 4.752 4.785 4.818 4.842 4.866 4.890 4.914 4.938 4.963 4.987 5.011 5.035 5.059 5.085 5.085 5.156 5.191 5.227 5.262 5.298 5.333 5.369 5.396 5.398 5.400 5.402 5.406 5.414 5.421 5.428 5.428 5.442 5.443 5.444 5.445 5.446 5.447 5.448 5.449 5.445 5.440 5.435
4.781 4.781 4.798 4.814 4.831 4.849 4.871 4.893 4.909 4.895 4.881 4.867 4.842 4.817 4.792 4.767 4.742 4.742 4.692 4.666 4.641 4.616 4.611 4.625 4.640 4.654 4.668 4.682 4.696 4.710 4.724 4.739 4.751 4.751 4.774 4.787 4.821 4.854 4.887 4.919 4.943 4.967 4.991 5.015 5.039 5.063 5.087 5.111 5.137 5.137 5.207 5.243 5.278 5.314 5.349 5.385 5.398 5.400 5.402 5.404 5.406 5.410 5.417 5.424 5.432 5.432 5.447 5.454 5.461 5.463 5.464 5.465 5.466 5.467 5.464 5.458 5.453
4.793 4.793 4.810 4.826 4.848 4.870 4.892 4.914 4.929 4.915 4.901 4.887 4.873 4.856 4.831 4.806 4.781 4.781 4.730 4.705 4.680 4.655 4.651 4.665 4.680 4.694 4.708 4.722 4.736 4.750 4.764 4.775 4.786 4.786 4.809 4.823 4.856 4.889 4.923 4.956 4.989 5.019 5.043 5.067 5.091 5.115 5.139 5.163 5.188 5.188 5.259 5.295 5.330 5.366 5.397 5.399 5.401 5.403 5.405 5.408 5.410 5.413 5.421 5.428 5.435 5.435 5.450 5.457 5.465 5.472 5.479 5.482 5.483 5.484 5.482 5.476 5.498
4.806 4.805 4.826 4.848 4.869 4.891 4.913 4.935 4.949 4.935 4.921 4.907 4.893 4.879 4.865 4.844 4.819 4.819 4.769 4.744 4.719 4.694 4.691 4.705 4.720 4.734 4.748 4.762 4.776 4.788 4.799 4.810 4.822 4.822 4.844 4.858 4.891 4.924 4.958 4.991 5.025 5.058 5.091 5.119 5.143 5.167 5.191 5.215 5.240 5.240 5.311 5.347 5.382 5.399 5.401 5.403 5.405 5.407 5.409 5.411 5.413 5.417 5.424 5.431 5.439 5.439 5.453 5.461 5.468 5.475 5.483 5.490 5.498 5.502 5.500 5.546 5.608
4.825 4.825 4.847 4.869 4.891 4.912 4.934 4.956 4.969 4.955 4.941 4.927 4.913 4.899 4.885 4.871 4.857 4.857 4.808 4.783 4.758 4.733 4.731 4.745 4.760 4.774 4.788 4.800 4.812 4.823 4.834 4.846 4.857 4.857 4.879 4.893 4.926 4.960 4.993 5.026 5.060 5.093 5.126 5.160 5.193 5.219 5.243 5.267 5.292 5.292 5.363 5.398 5.401 5.403 5.405 5.407 5.409 5.411 5.413 5.415 5.417 5.420 5.428 5.435 5.442 5.442 5.457 5.464 5.472 5.479 5.486 5.494 5.501 5.517 5.591 5.656 5.719
4.825 4.825 4.847 4.869 4.891 4.913 4.934 4.956 4.969 4.955 4.941 4.927 4.913 4.899 4.885 4.871 4.857 4.857 4.809 4.783 4.758 4.733 4.731 4.745 4.760 4.774 4.788 4.800 4.812 4.823 4.834 4.846 4.857 4.857 4.880 4.893 4.926 4.960 4.993 5.026 5.060 5.093 5.126 5.160 5.193 5.219 5.244 5.268 5.292 5.292 5.363 5.399 5.401 5.403 5.405 5.407 5.409 5.411 5.413 5.415 5.417 5.420 5.428 5.435 5.442 5.442 5.457 5.464 5.472 5.479 5.487 5.494 5.501 5.517 5.591 5.656 5.719
4.846 4.846 4.868 4.890 4.912 4.934 4.956 4.977 4.989 4.975 4.961 4.947 4.933 4.919 4.905 4.891 4.877 4.877 4.847 4.822 4.797 4.772 4.771 4.785 4.800 4.813 4.824 4.836 4.847 4.858 4.870 4.881 4.892 4.892 4.915 4.928 4.962 4.995 5.028 5.062 5.095 5.128 5.162 5.195 5.228 5.262 5.295 5.320 5.344 5.344 5.401 5.403 5.405 5.407 5.409 5.411 5.413 5.415 5.417 5.419 5.421 5.424 5.431 5.439 5.446 5.446 5.461 5.468 5.475 5.483 5.490 5.497 5.538 5.617 5.693 5.759 5.825
4.867 4.867 4.889 4.911 4.933 4.955 4.977 4.999 5.009 4.995 4.981 4.967 4.953 4.939 4.925 4.911 4.897 4.897 4.869 4.855 4.836 4.811 4.811 4.825 4.837 4.848 4.860 4.871 4.882 4.894 4.905 4.916 4.927 4.927 4.950 4.963 4.997 5.030 5.063 5.097 5.130 5.163 5.197 5.230 5.264 5.297 5.330 5.364 5.396 5.396 5.404 5.407 5.409 5.411 5.413 5.415 5.417 5.419 5.421 5.423 5.425 5.427 5.435 5.442 5.449 5.449 5.464 5.471 5.479 5.486 5.494 5.559 5.638 5.718 5.794 5.860 5.927
4.910 4.910 4.931 4.953 4.975 4.997 5.019 5.041 5.049 5.035 5.021 5.007 4.993 4.979 4.965 4.951 4.937 4.937 4.909 4.895 4.884 4.880 4.886 4.896 4.907 4.919 4.930 4.941 4.953 4.964 4.975 4.986 4.998 4.998 5.020 5.034 5.067 5.100 5.134 5.167 5.200 5.234 5.267 5.300 5.334 5.367 5.390 5.411 5.433 5.433 5.427 5.422 5.417 5.418 5.420 5.423 5.425 5.427 5.429 5.431 5.433 5.435 5.441 5.449 5.456 5.456 5.471 5.478 5.523 5.602 5.681 5.760 5.839 5.918 5.997 6.064 6.130
