includes/camargue/floodfiles/results_R3_t1.56234553567E12/res-0008.wdfp
ncols         906
nrows         631
xllcorner     362177.146667
yllcorner     6534725.688020
cellsize      20.000000
NODATA_value  -9999.000000
[rows 408 to 441 of 631, columns 0 to 76 of 906]
3.517 3.317 3.156 3.386 3.519 3.396 3.274 3.152 3.152 2.907 2.784 3.017 3.263 3.552 3.841 4.130 4.419 4.712 5.083 5.455 5.826 6.197 6.569 6.805 6.805 7.185 7.379 7.576 7.773 7.971 8.168 8.318 8.467 8.616 8.615 8.518 8.172 7.349 6.525 5.702 5.702 4.055 3.351 2.911 2.471 2.032 1.592 0.015 0.002 0.000 0.000 0.000 0.000 0.000 0.512 1.152 1.152 1.402 1.252 1.152 0.962 0.462 0.782 1.362 1.222 1.712 1.342 1.142 1.192 1.212 1.302 1.402 1.082 1.082 1.052 1.152 0.892
3.707 3.508 3.308 3.283 3.193 3.070 2.948 2.826 2.826 2.581 2.479 2.557 2.846 3.135 3.424 3.713 4.002 4.302 4.673 5.045 5.416 5.787 6.159 6.530 6.530 7.003 7.199 7.396 7.576 7.725 7.874 8.023 8.171 8.320 8.283 8.185 8.088 7.991 7.187 6.363 6.363 4.716 4.057 3.617 3.177 2.737 2.297 1.858 1.418 0.001 0.001 0.000 0.000 0.000 0.000 1.072 1.072 1.572 1.412 1.252 1.202 0.452 0.842 0.692 0.902 1.372 1.082 1.252 0.742 0.802 1.362 1.382 1.452 1.452 1.292 1.242 0.852
3.867 3.661 3.456 3.298 3.205 3.112 3.018 2.924 2.925 2.737 2.644 2.531 2.429 2.718 3.007 3.296 3.585 3.892 4.263 4.635 5.006 5.378 5.749 6.120 6.120 6.821 6.982 7.131 7.280 7.429 7.578 7.727 7.876 8.025 7.950 7.853 7.756 7.659 7.561 7.025 7.025 5.378 4.762 4.322 3.882 3.443 3.003 2.594 2.193 1.791 0.002 0.005 0.000 0.000 0.000 0.000 0.000 1.712 1.402 1.552 1.352 0.572 0.792 0.782 0.652 1.552 0.912 1.462 1.652 1.372 1.522 1.512 1.192 1.192 1.152 1.242 1.532
3.867 3.661 3.456 3.298 3.205 3.112 3.018 2.924 2.925 2.737 2.644 2.531 2.429 2.718 3.007 3.296 3.585 3.892 4.264 4.635 5.006 5.378 5.749 6.120 6.120 6.821 6.982 7.131 7.280 7.429 7.578 7.727 7.876 8.025 7.950 7.853 7.756 7.659 7.561 7.025 7.025 5.378 4.762 4.322 3.883 3.443 3.003 2.594 2.193 1.791 0.000 0.003 0.000 0.000 0.000 0.000 0.000 1.712 1.402 1.552 1.352 0.572 0.792 0.782 0.652 1.552 0.912 1.462 1.652 1.372 1.522 1.512 1.192 1.192 1.152 1.242 1.532
3.981 3.775 3.570 3.460 3.369 3.276 3.183 3.089 3.089 2.902 2.804 2.689 2.574 2.458 2.590 2.879 3.168 3.482 3.854 4.225 4.596 4.968 5.339 5.683 5.683 6.313 6.669 6.835 6.984 7.133 7.282 7.431 7.580 7.715 7.618 7.521 7.423 7.326 7.229 7.132 7.132 6.040 5.468 5.028 4.596 4.195 3.793 3.391 2.989 2.587 2.183 0.002 0.001 0.000 0.000 0.000 0.000 1.592 1.332 1.472 1.322 1.152 0.742 0.742 0.902 1.282 1.072 0.932 1.312 1.502 1.522 1.492 1.482 1.482 1.452 1.302 1.662
4.095 3.889 3.713 3.622 3.531 3.440 3.347 3.254 3.254 3.067 2.962 2.846 2.731 2.616 2.501 2.462 2.751 3.072 3.444 3.815 4.173 4.484 4.794 5.105 5.105 5.743 6.099 6.455 6.688 6.837 6.986 7.135 7.284 7.383 7.286 7.188 7.091 6.994 6.897 6.799 6.800 6.605 6.197 5.795 5.393 4.991 4.590 4.188 3.786 3.384 2.905 1.977 0.007 0.000 0.000 0.000 0.000 0.000 1.432 1.612 1.512 1.062 0.952 1.442 0.992 1.102 1.472 1.192 1.582 1.762 1.522 0.712 1.712 1.712 1.052 1.552 1.242
4.323 4.128 4.037 3.947 3.856 3.765 3.674 3.583 3.583 3.392 3.277 3.162 3.047 2.931 2.814 2.684 2.555 2.356 2.397 2.707 3.018 3.328 3.639 3.949 3.949 4.604 4.959 5.315 5.671 6.027 6.382 6.543 6.692 6.718 6.621 6.523 6.426 6.376 6.356 6.335 6.335 6.318 6.603 6.888 6.987 6.585 6.183 5.781 5.379 4.978 4.350 3.422 2.494 1.565 0.002 0.001 0.002 0.000 0.000 0.000 0.982 1.132 1.562 1.482 1.382 1.622 1.522 1.562 1.612 1.292 1.242 2.082 1.512 1.512 2.112 2.012 1.102
4.437 4.290 4.200 4.109 4.018 3.927 3.836 3.745 3.746 3.550 3.435 3.312 3.183 3.054 2.925 2.796 2.666 2.444 2.211 2.129 2.440 2.750 3.061 3.371 3.371 4.034 4.389 4.745 5.101 5.457 5.813 6.168 6.396 6.386 6.297 6.276 6.256 6.236 6.215 6.195 6.195 6.225 6.510 6.795 7.080 7.365 6.980 6.578 6.176 5.774 5.072 4.144 3.216 2.288 1.360 0.432 0.432 0.000 0.000 0.000 0.000 1.552 1.082 1.442 1.722 1.372 1.752 1.582 1.522 1.682 1.832 2.172 2.102 2.102 0.842 1.972 2.192
4.551 4.453 4.362 4.271 4.180 4.089 3.999 3.906 3.906 3.682 3.553 3.424 3.294 3.165 3.036 2.907 2.766 2.532 2.299 2.066 1.862 2.172 2.483 2.793 2.793 3.464 3.819 4.175 4.531 4.887 5.243 5.598 6.006 6.177 6.156 6.136 6.116 6.096 6.075 6.055 6.055 6.132 6.417 6.702 6.987 7.272 7.557 7.375 6.973 6.571 5.795 4.867 3.938 3.010 2.082 1.293 1.293 0.000 0.000 0.000 0.000 0.000 1.872 1.612 1.702 1.562 1.102 1.772 1.502 1.782 1.982 2.002 2.082 2.082 2.012 1.252 2.162
4.706 4.614 4.520 4.426 4.332 4.238 4.145 4.051 4.051 3.806 3.664 3.535 3.405 3.276 3.147 3.018 2.854 2.620 2.387 2.154 1.920 1.687 1.905 2.215 2.216 2.894 3.250 3.605 3.961 4.353 4.782 5.212 5.641 5.836 6.016 5.996 5.976 5.955 5.935 5.915 5.915 6.038 6.323 6.608 6.893 7.178 7.463 7.748 7.770 7.368 6.517 5.589 4.719 3.938 3.158 2.378 2.378 0.005 0.000 0.000 0.000 0.000 0.000 2.182 1.382 1.452 1.802 1.752 1.662 1.872 1.972 2.022 2.132 2.132 1.902 1.972 2.292
4.855 4.759 4.665 4.571 4.477 4.383 4.290 4.196 4.196 3.935 3.789 3.646 3.517 3.388 3.258 3.129 2.942 2.709 2.475 2.242 2.009 1.775 1.542 1.637 1.638 2.324 2.699 3.129 3.559 3.988 4.418 4.847 5.237 5.428 5.620 5.811 5.835 5.815 5.795 5.775 5.775 5.945 6.230 6.515 6.800 7.085 7.370 7.655 7.940 8.165 7.364 6.584 5.804 5.023 4.243 3.463 3.463 1.902 1.100 0.000 0.000 0.000 0.000 0.000 0.000 1.762 1.122 1.712 1.752 1.882 1.932 1.942 2.102 2.102 2.042 1.912 2.252
5.006 4.906 4.810 4.716 4.622 4.529 4.435 4.341 4.341 4.064 3.918 3.772 3.628 3.499 3.369 3.240 3.030 2.797 2.563 2.330 2.097 1.864 1.630 1.402 1.402 1.905 2.335 2.764 3.194 3.623 4.053 4.482 4.830 5.021 5.212 5.403 5.595 5.675 5.655 5.634 5.634 5.852 6.137 6.422 6.707 6.992 7.277 7.517 7.700 7.911 8.270 7.669 6.889 6.109 5.328 4.548 4.548 2.987 2.168 0.003 0.001 0.002 0.000 0.000 0.000 0.000 1.792 1.662 1.772 1.822 1.852 1.912 1.992 1.992 1.792 1.802 2.192
5.156 5.056 4.957 4.861 4.767 4.674 4.580 4.484 4.484 4.193 4.047 3.901 3.756 3.610 3.481 3.352 3.119 2.885 2.652 2.418 2.199 2.004 1.809 1.614 1.614 1.540 1.970 2.400 2.829 3.259 3.688 4.118 4.422 4.614 4.805 4.996 5.187 5.379 5.514 5.494 5.494 5.759 6.044 6.329 6.607 6.791 6.975 7.158 7.342 7.580 7.939 8.299 7.974 7.194 6.413 5.633 5.633 4.072 3.236 2.344 0.006 0.000 0.000 0.000 0.000 0.000 0.000 1.772 1.662 1.762 1.792 1.872 1.722 1.722 1.812 1.832 1.932
5.307 5.207 5.107 5.007 4.912 4.819 4.725 4.613 4.613 4.322 4.176 4.030 3.885 3.739 3.593 3.440 3.207 2.996 2.801 2.605 2.410 2.215 2.020 1.831 1.831 1.689 1.619 2.035 2.465 2.894 3.324 3.753 4.015 4.206 4.398 4.589 4.780 4.971 5.162 5.354 5.354 5.666 5.881 6.065 6.249 6.432 6.616 6.800 6.984 7.250 7.609 7.968 8.327 8.279 7.498 6.718 6.718 5.158 4.304 3.412 2.521 1.629 0.000 0.000 0.000 0.000 0.000 0.000 1.762 1.772 1.252 1.752 1.782 1.782 1.802 1.782 1.812
5.458 5.358 5.258 5.158 5.058 4.964 4.870 4.742 4.742 4.451 4.305 4.159 4.014 3.869 3.732 3.590 3.403 3.207 3.012 2.817 2.622 2.427 2.232 2.069 2.069 1.928 1.857 1.786 2.100 2.529 2.959 3.388 3.608 3.799 3.990 4.181 4.373 4.564 4.755 4.990 4.990 5.339 5.523 5.707 5.890 6.074 6.258 6.441 6.625 6.920 7.279 7.638 7.997 8.356 8.583 7.803 7.803 6.243 5.372 4.480 3.589 2.697 1.806 0.006 0.000 0.000 0.000 0.000 0.000 0.000 1.802 1.772 1.652 1.652 1.632 1.592 1.612
5.609 5.509 5.409 5.309 5.209 5.109 5.015 4.871 4.871 4.581 4.444 4.307 4.170 4.032 3.895 3.749 3.600 3.419 3.224 3.029 2.834 2.639 2.444 2.307 2.307 2.166 2.095 2.024 1.953 2.165 2.594 3.009 3.200 3.392 3.583 3.774 3.992 4.293 4.594 4.895 4.895 5.062 5.165 5.348 5.532 5.716 5.899 6.083 6.267 6.589 6.948 7.307 7.666 8.025 8.384 8.743 8.743 7.328 6.440 5.548 4.657 3.477 2.256 1.036 0.017 0.036 0.018 0.000 0.000 0.000 0.000 1.822 1.782 1.782 1.742 1.392 1.532
5.760 5.660 5.560 5.460 5.360 5.249 5.149 5.019 5.019 4.744 4.607 4.470 4.332 4.195 4.058 3.909 3.760 3.611 3.436 3.241 3.046 2.851 2.656 2.545 2.546 2.404 2.333 2.262 2.192 2.121 2.230 2.602 2.793 2.994 3.295 3.596 3.897 4.198 4.499 4.800 4.800 4.914 4.925 4.990 5.173 5.357 5.541 5.725 5.908 6.259 6.618 6.977 7.336 7.695 8.054 8.413 8.413 8.399 7.410 6.190 4.970 3.750 2.529 1.309 0.091 0.000 0.222 0.122 0.000 0.000 0.000 0.000 1.312 1.312 1.792 1.632 1.542
5.899 5.773 5.648 5.522 5.397 5.271 5.200 5.171 5.171 4.907 4.770 4.633 4.495 4.358 4.218 4.069 3.920 3.771 3.623 3.453 3.258 3.062 2.867 2.784 2.784 2.642 2.571 2.501 2.430 2.359 2.288 2.297 2.598 2.899 3.200 3.501 3.802 4.103 4.405 4.706 4.706 4.767 4.778 4.788 4.815 4.999 5.182 5.366 5.569 5.928 6.287 6.646 7.005 7.364 7.723 8.082 8.082 8.531 7.684 6.463 5.243 4.023 2.803 1.582 0.363 0.000 0.642 0.532 0.004 0.000 0.000 0.000 1.832 1.832 1.842 1.852 1.772
5.922 5.796 5.671 5.545 5.420 5.294 5.252 5.222 5.222 5.070 4.933 4.796 4.658 4.521 4.378 4.229 4.080 3.931 3.783 3.634 3.469 3.274 3.093 3.022 3.022 2.880 2.810 2.733 2.626 2.520 2.413 2.426 2.508 2.804 3.105 3.407 3.708 4.009 4.310 4.599 4.599 4.620 4.630 4.641 4.652 4.662 4.824 5.008 5.239 5.598 5.957 6.316 6.675 7.030 7.381 7.733 7.733 8.039 7.461 6.736 5.516 4.296 3.076 1.855 0.635 0.000 0.000 0.682 0.282 0.202 0.212 0.000 0.000 0.000 0.000 1.882 0.672
5.922 5.796 5.671 5.545 5.420 5.294 5.252 5.222 5.222 5.070 4.933 4.796 4.658 4.521 4.378 4.229 4.080 3.931 3.783 3.634 3.469 3.274 3.093 3.022 3.022 2.880 2.810 2.733 2.626 2.520 2.413 2.426 2.508 2.804 3.106 3.407 3.708 4.009 4.310 4.599 4.599 4.620 4.630 4.641 4.652 4.662 4.824 5.008 5.239 5.598 5.957 6.316 6.675 7.030 7.381 7.733 7.733 8.039 7.462 6.736 5.516 4.296 3.076 1.855 0.635 0.000 0.000 0.682 0.282 0.202 0.212 0.000 0.000 0.000 0.000 1.882 0.672
5.944 5.819 5.693 5.568 5.443 5.333 5.303 5.274 5.274 5.215 5.096 4.958 4.821 4.684 4.538 4.389 4.240 4.091 3.942 3.794 3.645 3.486 3.331 3.260 3.260 3.071 2.964 2.858 2.751 2.645 2.538 2.590 2.672 2.754 3.011 3.312 3.613 3.914 4.215 4.451 4.451 4.473 4.483 4.494 4.504 4.515 4.526 4.649 4.909 5.268 5.625 5.977 6.328 6.679 7.031 7.382 7.382 7.547 6.969 6.392 5.789 4.569 3.349 2.129 0.908 0.000 0.000 0.000 0.000 0.000 0.000 0.000 0.000 0.000 0.000 0.000 1.812
5.967 5.842 5.716 5.591 5.465 5.384 5.355 5.325 5.325 5.266 5.237 5.121 4.984 4.847 4.698 4.549 4.400 4.251 4.102 3.954 3.805 3.654 3.515 3.408 3.409 3.195 3.089 2.982 2.876 2.770 2.672 2.754 2.836 2.918 3.000 3.217 3.518 3.819 4.120 4.304 4.304 4.325 4.336 4.346 4.357 4.368 4.378 4.389 4.572 4.923 5.274 5.626 5.977 6.329 6.680 7.031 7.031 7.054 6.477 5.899 5.322 4.744 3.622 2.402 1.181 0.012 0.000 0.000 0.000 0.000 0.001 0.002 0.648 0.648 0.000 0.000 0.035
5.889 5.887 5.762 5.636 5.516 5.487 5.457 5.428 5.428 5.369 5.340 5.310 5.280 5.167 5.015 4.864 4.712 4.561 4.409 4.258 4.107 3.955 3.822 3.689 3.690 3.445 3.339 3.232 3.126 3.019 3.000 3.082 3.164 3.246 3.328 3.410 3.492 3.630 3.931 4.009 4.009 4.031 4.037 4.043 4.048 4.054 4.059 4.065 4.224 4.392 4.573 4.924 5.276 5.627 5.979 6.330 6.330 6.069 5.492 4.914 4.337 3.759 3.182 2.604 1.728 0.680 0.561 0.440 0.209 0.015 0.002 0.001 0.000 0.000 0.343 0.000 0.168
5.782 5.790 5.785 5.659 5.568 5.538 5.509 5.479 5.480 5.420 5.367 5.313 5.260 5.260 5.166 5.014 4.863 4.712 4.560 4.409 4.257 4.110 3.977 3.844 3.845 3.578 3.464 3.357 3.251 3.144 3.164 3.246 3.328 3.410 3.492 3.574 3.656 3.738 3.836 3.859 3.859 3.870 3.875 3.881 3.886 3.892 3.897 3.923 4.091 4.259 4.427 4.595 4.925 5.277 5.628 5.979 5.979 5.577 4.999 4.422 3.844 3.267 2.689 2.112 1.535 1.068 0.836 0.604 0.372 0.143 0.042 0.040 0.340 0.342 0.193 0.095 0.201
5.675 5.683 5.692 5.682 5.619 5.586 5.532 5.479 5.479 5.372 5.318 5.265 5.213 5.230 5.246 5.165 5.014 4.862 4.711 4.559 4.408 4.265 4.132 3.999 3.999 3.733 3.600 3.482 3.376 3.269 3.329 3.410 3.492 3.574 3.656 3.738 3.777 3.810 3.820 3.706 3.707 3.707 3.713 3.718 3.724 3.729 3.735 3.789 3.958 4.126 4.294 4.462 4.630 4.926 5.277 5.629 5.629 5.085 4.507 3.930 3.352 2.775 2.200 1.881 1.563 1.265 1.000 0.768 0.537 0.306 0.054 0.070 0.081 0.101 0.265 0.183 0.079
5.568 5.570 5.569 5.568 5.590 5.537 5.483 5.430 5.430 5.323 5.270 5.216 5.183 5.200 5.216 5.232 5.164 5.013 4.861 4.710 4.558 4.420 4.287 4.154 4.154 3.888 3.755 3.622 3.501 3.411 3.493 3.575 3.653 3.685 3.718 3.751 3.783 3.815 3.796 3.682 3.683 3.545 3.551 3.556 3.562 3.567 3.573 3.656 3.824 3.992 4.161 4.329 4.497 4.665 4.927 5.278 5.278 4.592 4.015 3.437 3.038 2.720 2.401 2.082 1.764 1.472 1.204 0.936 0.701 0.470 0.240 0.058 0.002 0.007 0.079 0.007 0.062
5.420 5.419 5.418 5.426 5.462 5.488 5.435 5.381 5.382 5.274 5.221 5.167 5.153 5.169 5.186 5.202 5.219 5.163 5.012 4.861 4.709 4.575 4.442 4.309 4.309 4.043 3.910 3.777 3.644 3.561 3.593 3.626 3.659 3.691 3.724 3.756 3.789 3.821 3.772 3.658 3.659 3.431 3.388 3.394 3.399 3.405 3.410 3.523 3.691 3.859 4.027 4.195 4.363 4.532 4.700 4.927 4.927 4.195 3.877 3.558 3.239 2.921 2.602 2.283 1.965 1.679 1.411 1.143 0.007 0.634 0.403 0.068 0.070 0.106 0.078 0.118 0.005
5.268 5.268 5.267 5.285 5.321 5.357 5.386 5.333 5.333 5.226 5.172 5.119 5.123 5.139 5.156 5.172 5.188 5.205 5.163 5.011 4.863 4.730 4.597 4.464 4.464 4.198 4.066 3.934 3.803 3.683 3.599 3.632 3.665 3.697 3.730 3.762 3.795 3.827 3.748 3.635 3.635 3.407 3.293 3.232 3.237 3.243 3.248 3.389 3.558 3.726 3.894 4.062 4.230 4.398 4.562 4.710 4.710 4.396 4.077 3.759 3.440 3.121 2.803 2.484 2.166 1.886 1.618 1.350 1.082 0.814 0.566 0.070 0.017 0.039 0.028 0.000 0.014
5.117 5.116 5.116 5.144 5.180 5.216 5.252 5.284 5.284 5.177 5.124 5.076 5.093 5.109 5.125 5.142 5.158 5.175 5.191 5.162 5.018 4.885 4.753 4.621 4.621 4.358 4.226 4.094 3.963 3.848 3.739 3.638 3.670 3.703 3.736 3.768 3.801 3.833 3.724 3.611 3.611 3.383 3.269 3.155 3.075 3.080 3.088 3.256 3.424 3.592 3.761 3.924 4.072 4.220 4.367 4.515 4.515 4.587 4.278 3.960 3.641 3.322 3.004 2.685 2.366 2.093 1.825 1.557 1.289 1.021 0.003 0.593 0.008 0.027 0.044 0.163 0.111
4.966 4.965 4.967 5.003 5.039 5.075 5.111 5.147 5.148 5.129 5.075 5.046 5.062 5.079 5.095 5.112 5.128 5.144 5.161 5.172 5.176 5.044 4.912 4.781 4.781 4.517 4.386 4.254 4.122 4.013 3.904 3.795 3.686 3.709 3.741 3.774 3.807 3.814 3.700 3.587 3.587 3.359 3.245 3.131 3.018 2.918 2.955 3.123 3.287 3.434 3.582 3.729 3.877 4.025 4.172 4.304 4.304 4.374 4.409 4.161 3.842 3.523 3.205 2.886 2.569 2.300 2.032 1.764 1.496 1.227 0.016 0.008 0.022 0.042 0.029 0.000 0.000
4.815 4.814 4.827 4.863 4.899 4.935 4.971 5.007 5.007 5.079 5.026 5.016 5.032 5.049 5.065 5.077 5.088 5.100 5.111 5.122 5.171 5.204 5.072 4.940 4.941 4.677 4.546 4.414 4.287 4.178 4.069 3.960 3.851 3.742 3.747 3.780 3.812 3.790 3.676 3.563 3.563 3.335 3.221 3.108 2.994 2.893 2.805 2.944 3.092 3.239 3.387 3.535 3.682 3.830 3.978 4.091 4.091 4.160 4.195 4.230 4.043 3.724 3.406 3.087 2.776 2.507 2.239 1.971 1.703 1.434 1.166 0.898 0.013 0.027 0.002 0.030 0.004
4.664 4.663 4.686 4.722 4.758 4.794 4.830 4.866 4.866 4.938 4.974 4.982 4.993 5.005 5.016 5.027 5.038 5.049 5.060 5.079 5.131 5.183 5.232 5.100 5.100 4.837 4.705 4.574 4.452 4.343 4.234 4.125 4.016 3.907 3.798 3.786 3.818 3.766 3.652 3.539 3.539 3.311 3.224 3.151 3.079 3.006 2.909 2.794 2.897 3.044 3.192 3.340 3.487 3.635 3.783 3.877 3.877 3.947 3.982 4.016 4.051 3.925 3.606 3.288 2.982 2.714 2.446 2.178 1.910 1.641 1.373 1.079 0.018 0.032 0.002 0.000 0.000
4.512 4.511 4.545 4.581 4.617 4.653 4.689 4.756 4.757 4.910 4.972 4.937 4.943 4.954 4.965 4.977 4.988 4.999 5.010 5.038 5.091 5.143 5.195 5.247 5.247 4.997 4.865 4.733 4.617 4.508 4.399 4.290 4.181 4.072 3.963 3.854 3.824 3.742 3.629 3.554 3.554 3.409 3.337 3.264 3.192 3.119 3.014 2.898 2.783 2.850 2.997 3.145 3.293 3.440 3.588 3.664 3.664 3.733 3.768 3.803 3.837 3.872 3.807 3.489 3.190 2.921 2.653 2.385 2.100 1.803 1.507 1.210 0.010 0.018 0.002 0.000 0.009
4.393 4.368 4.404 4.476 4.553 4.630 4.707 4.784 4.785 4.938 4.970 4.935 4.900 4.904 4.915 4.926 4.937 4.949 4.960 4.998 5.051 5.103 5.155 5.207 5.207 5.156 5.025 4.893 4.782 4.673 4.564 4.455 4.346 4.237 4.128 4.011 3.884 3.812 3.740 3.667 3.667 3.522 3.450 3.378 3.305 3.233 3.118 3.003 2.888 2.772 2.803 2.950 3.098 3.245 3.393 3.450 3.450 3.520 3.554 3.589 3.624 3.659 3.693 3.690 3.396 3.120 2.823 2.527 2.231 1.934 1.638 1.342 0.784 0.784 0.003 0.000 0.055
