includes/camargue/floodfiles/results_R3_t1.56234553567E12/res-0009.wdfp
ncols         906
nrows         631
xllcorner     362177.146667
yllcorner     6534725.688020
cellsize      20.000000
NODATA_value  -9999.000000
[rows 476 to 509 of 631, columns 77 to 153 of 906]
4.220 3.889 3.557 3.199 2.665 2.132 1.598 1.065 0.531 0.023 0.000 0.000 0.000 0.000 0.004 0.004 0.000 0.000 0.000 0.000 0.000 0.001 0.000 0.000 0.000 0.000 0.000 0.000 0.000 0.000 0.000 0.000 0.000 0.000 0.000 0.000 0.000 0.000 0.000 0.000 0.000 0.000 0.000 0.000 0.000 0.000 0.000 0.000 0.000 0.000 0.001 0.004 0.005 0.005 0.006 0.006 0.008 0.012 0.006 0.006 0.011 0.006 0.013 0.015 0.017 0.018 0.017 0.013 0.011 0.009 0.008 0.007 0.005 0.004 0.003 0.005 0.003
3.706 3.374 3.042 2.710 2.252 1.718 1.185 0.651 0.119 0.000 0.000 0.000 0.000 0.000 0.002 0.005 0.005 0.001 0.000 0.000 0.001 0.001 0.000 0.000 0.000 0.000 0.000 0.000 0.000 0.000 0.000 0.000 0.000 0.000 0.000 0.000 0.000 0.000 0.000 0.000 0.000 0.000 0.000 0.000 0.000 0.000 0.000 0.000 0.000 0.000 0.000 0.003 0.004 0.004 0.005 0.005 0.008 0.011 0.005 0.005 0.011 0.006 0.009 0.013 0.015 0.017 0.014 0.010 0.009 0.007 0.006 0.004 0.003 0.002 0.001 0.002 0.001
2.676 2.344 2.012 1.681 1.349 0.892 0.502 0.270 0.044 0.002 0.000 0.000 0.000 0.000 0.002 0.006 0.128 0.308 0.456 0.379 0.303 0.226 0.150 0.102 0.055 0.017 0.005 0.001 0.002 0.000 0.000 0.000 0.000 0.000 0.000 0.000 0.004 0.028 0.041 0.056 0.057 0.042 0.029 0.013 0.016 0.010 0.007 0.005 0.004 0.002 0.002 0.003 0.004 0.006 0.006 0.009 0.016 0.012 0.008 0.008 0.015 0.009 0.011 0.013 0.015 0.017 0.012 0.009 0.006 0.006 0.005 0.005 0.004 0.002 0.002 0.003 0.002
2.373 2.077 1.782 1.487 1.192 0.826 0.539 0.307 0.079 0.003 0.000 0.000 0.000 0.000 0.001 0.020 0.192 0.373 0.553 0.734 0.673 0.596 0.528 0.481 0.433 0.386 0.338 0.244 0.244 0.196 0.103 0.085 0.100 0.115 0.129 0.144 0.159 0.174 0.189 0.204 0.192 0.179 0.164 0.133 0.134 0.119 0.104 0.089 0.062 0.031 0.013 0.007 0.005 0.006 0.011 0.017 0.017 0.011 0.009 0.009 0.017 0.009 0.011 0.011 0.010 0.010 0.010 0.008 0.007 0.006 0.006 0.005 0.004 0.003 0.002 0.004 0.002
2.754 2.459 2.164 1.869 1.574 1.159 0.712 0.344 0.114 0.004 0.000 0.000 0.000 0.000 0.002 0.076 0.256 0.437 0.617 0.798 0.979 0.966 0.908 0.860 0.813 0.738 0.614 0.366 0.366 0.241 0.122 0.202 0.253 0.267 0.282 0.297 0.312 0.327 0.342 0.342 0.330 0.318 0.305 0.274 0.275 0.260 0.245 0.228 0.194 0.159 0.125 0.091 0.058 0.032 0.034 0.042 0.023 0.012 0.009 0.009 0.016 0.008 0.010 0.010 0.010 0.008 0.009 0.009 0.008 0.007 0.006 0.006 0.004 0.003 0.003 0.005 0.002
3.135 2.840 2.545 2.250 1.940 1.493 1.045 0.597 0.150 0.005 0.000 0.000 0.000 0.000 0.005 0.139 0.320 0.501 0.682 0.862 1.043 1.185 1.125 1.001 0.877 0.753 0.628 0.380 0.380 0.255 0.215 0.296 0.376 0.420 0.435 0.450 0.464 0.479 0.493 0.481 0.468 0.456 0.444 0.415 0.417 0.401 0.387 0.360 0.326 0.291 0.257 0.223 0.189 0.156 0.123 0.122 0.069 0.026 0.015 0.012 0.019 0.009 0.011 0.011 0.010 0.008 0.007 0.008 0.008 0.007 0.007 0.006 0.004 0.003 0.003 0.006 0.003
3.516 3.221 2.926 2.631 2.273 1.826 1.378 0.930 0.483 0.040 0.000 0.000 0.000 0.000 0.028 0.203 0.384 0.565 0.697 0.822 0.947 1.073 1.051 1.015 0.891 0.767 0.642 0.394 0.394 0.269 0.309 0.389 0.470 0.550 0.587 0.602 0.617 0.632 0.631 0.619 0.606 0.594 0.582 0.557 0.558 0.543 0.527 0.492 0.458 0.423 0.389 0.355 0.321 0.287 0.245 0.226 0.195 0.161 0.128 0.094 0.096 0.033 0.019 0.014 0.010 0.008 0.007 0.007 0.008 0.008 0.007 0.006 0.004 0.004 0.005 0.013 0.012
3.898 3.603 3.307 3.012 2.607 2.159 1.711 1.263 0.816 0.368 0.004 0.000 0.000 0.004 0.085 0.209 0.334 0.459 0.585 0.710 0.835 0.957 0.928 0.900 0.871 0.781 0.656 0.408 0.408 0.323 0.403 0.483 0.564 0.644 0.725 0.755 0.770 0.782 0.770 0.757 0.745 0.733 0.721 0.696 0.697 0.684 0.659 0.625 0.590 0.548 0.505 0.462 0.419 0.377 0.335 0.338 0.342 0.308 0.275 0.241 0.243 0.173 0.138 0.101 0.048 0.016 0.009 0.007 0.007 0.008 0.008 0.007 0.007 0.018 0.042 0.073 0.083
4.008 3.984 3.689 3.387 2.940 2.492 2.044 1.596 1.149 0.701 0.253 0.000 0.000 0.000 0.006 0.097 0.222 0.347 0.472 0.597 0.723 0.834 0.805 0.777 0.749 0.720 0.670 0.422 0.421 0.416 0.497 0.577 0.657 0.738 0.818 0.899 0.923 0.920 0.908 0.895 0.883 0.871 0.859 0.808 0.809 0.780 0.768 0.725 0.681 0.638 0.595 0.552 0.509 0.467 0.442 0.450 0.458 0.455 0.422 0.388 0.390 0.320 0.285 0.240 0.186 0.132 0.078 0.030 0.013 0.013 0.019 0.027 0.050 0.086 0.124 0.162 0.176
3.983 4.150 4.070 3.721 3.273 2.825 2.377 1.911 1.433 0.956 0.478 0.000 0.001 0.000 0.000 0.008 0.109 0.235 0.360 0.485 0.610 0.711 0.683 0.654 0.626 0.597 0.569 0.435 0.435 0.510 0.590 0.671 0.751 0.832 0.912 0.990 1.055 1.026 0.996 0.967 0.938 0.909 0.880 0.821 0.823 0.819 0.838 0.815 0.771 0.728 0.685 0.642 0.599 0.557 0.554 0.562 0.570 0.578 0.569 0.535 0.537 0.467 0.433 0.380 0.325 0.271 0.217 0.163 0.109 0.066 0.068 0.088 0.132 0.175 0.217 0.257 0.274
3.958 4.124 4.291 4.032 3.554 3.077 2.599 2.121 1.643 1.166 0.688 0.017 0.019 0.001 0.000 0.000 0.012 0.122 0.247 0.373 0.498 0.589 0.560 0.532 0.503 0.474 0.445 0.492 0.492 0.569 0.646 0.722 0.799 0.876 0.952 1.029 1.046 1.039 1.010 0.980 0.951 0.922 0.893 0.836 0.838 0.857 0.876 0.896 0.861 0.818 0.775 0.732 0.689 0.659 0.667 0.674 0.682 0.690 0.698 0.683 0.685 0.614 0.573 0.519 0.465 0.411 0.357 0.302 0.248 0.197 0.156 0.173 0.223 0.261 0.283 0.304 0.322
3.891 4.049 4.204 4.103 3.764 3.287 2.809 2.331 1.853 1.376 0.898 0.273 0.273 0.080 0.003 0.000 0.000 0.018 0.135 0.260 0.386 0.466 0.438 0.409 0.380 0.351 0.358 0.527 0.527 0.608 0.685 0.762 0.838 0.915 0.992 1.036 1.036 1.037 1.023 0.994 0.965 0.936 0.907 0.875 0.876 0.895 0.915 0.934 0.952 0.908 0.865 0.822 0.779 0.771 0.779 0.787 0.794 0.802 0.810 0.818 0.820 0.762 0.713 0.659 0.605 0.551 0.496 0.442 0.388 0.327 0.269 0.210 0.234 0.260 0.283 0.305 0.323
3.804 3.962 4.029 3.928 3.827 3.497 3.019 2.541 2.063 1.586 1.108 0.558 0.558 0.364 0.170 0.012 0.001 0.000 0.026 0.148 0.273 0.343 0.315 0.286 0.256 0.308 0.392 0.562 0.561 0.646 0.724 0.801 0.877 0.954 1.025 1.026 1.027 1.028 1.029 1.007 0.978 0.949 0.921 0.913 0.914 0.934 0.953 0.972 0.992 0.998 0.955 0.912 0.875 0.883 0.891 0.899 0.907 0.915 0.922 0.930 0.932 0.907 0.853 0.799 0.740 0.676 0.612 0.549 0.485 0.423 0.363 0.281 0.227 0.256 0.281 0.304 0.323
3.717 3.875 3.854 3.753 3.652 3.551 3.229 2.751 2.273 1.796 1.318 0.844 0.844 0.649 0.455 0.261 0.069 0.008 0.006 0.032 0.161 0.220 0.191 0.175 0.258 0.342 0.426 0.596 0.596 0.680 0.763 0.839 0.916 0.993 1.016 1.017 1.018 1.019 1.020 1.021 0.992 0.963 0.934 0.951 0.953 0.972 0.991 1.011 1.030 1.050 1.045 1.002 0.988 0.995 1.003 1.011 1.019 1.027 1.034 1.027 1.030 1.027 0.964 0.900 0.836 0.773 0.709 0.645 0.582 0.519 0.446 0.359 0.283 0.248 0.277 0.302 0.322
3.630 3.780 3.679 3.578 3.477 3.376 3.275 2.961 2.483 2.006 1.528 1.129 1.129 0.935 0.740 0.546 0.352 0.159 0.029 0.025 0.033 0.093 0.123 0.206 0.291 0.375 0.460 0.629 0.630 0.715 0.800 0.878 0.955 1.005 1.006 1.007 1.008 1.009 1.011 1.012 1.005 0.977 0.953 0.990 0.991 1.010 1.030 1.049 1.069 1.088 1.108 1.092 1.100 1.107 1.088 1.062 1.037 1.011 0.985 0.959 0.962 1.009 1.061 0.997 0.933 0.870 0.806 0.742 0.679 0.615 0.530 0.441 0.357 0.287 0.269 0.298 0.320
3.543 3.605 3.504 3.403 3.302 3.201 3.100 2.999 2.693 2.216 1.802 1.414 1.414 1.220 1.026 0.831 0.638 0.444 0.253 0.094 0.045 0.053 0.149 0.237 0.322 0.408 0.493 0.663 0.663 0.749 0.834 0.917 0.994 0.995 0.996 0.997 0.999 1.000 1.001 1.003 1.004 0.990 0.991 1.028 1.029 1.049 1.068 1.083 1.093 1.103 1.113 1.101 1.072 1.046 1.020 0.994 0.969 0.943 0.917 0.891 0.894 0.988 1.069 1.094 1.030 0.966 0.903 0.839 0.775 0.707 0.614 0.524 0.437 0.359 0.295 0.292 0.316
3.543 3.605 3.504 3.403 3.302 3.201 3.100 2.999 2.694 2.216 1.802 1.414 1.414 1.220 1.026 0.831 0.638 0.444 0.253 0.093 0.034 0.040 0.142 0.231 0.318 0.404 0.490 0.661 0.661 0.747 0.833 0.916 0.993 0.994 0.996 0.997 0.998 1.000 1.001 1.002 1.004 0.990 0.991 1.028 1.029 1.049 1.068 1.083 1.093 1.103 1.113 1.101 1.072 1.046 1.020 0.994 0.969 0.943 0.917 0.892 0.895 0.988 1.069 1.094 1.031 0.967 0.903 0.839 0.775 0.707 0.614 0.523 0.435 0.353 0.284 0.281 0.306
3.456 3.430 3.329 3.228 3.127 3.026 2.925 2.824 2.724 2.426 2.088 1.700 1.699 1.505 1.289 1.041 0.793 0.546 0.301 0.090 0.032 0.047 0.131 0.230 0.324 0.416 0.507 0.685 0.686 0.776 0.865 0.952 0.983 0.984 0.986 0.986 0.987 0.988 0.989 0.990 0.991 0.992 0.998 1.017 1.018 1.028 1.038 1.048 1.058 1.068 1.078 1.042 1.004 0.978 0.952 0.926 0.900 0.875 0.850 0.824 0.827 0.967 1.048 1.129 1.128 1.064 1.000 0.936 0.872 0.792 0.699 0.607 0.517 0.432 0.354 0.289 0.314
3.181 3.080 2.979 2.895 2.823 2.750 2.677 2.604 2.532 2.440 2.251 1.775 1.775 1.526 1.278 1.030 0.782 0.535 0.293 0.114 0.118 0.132 0.156 0.223 0.330 0.427 0.520 0.700 0.701 0.791 0.881 0.905 0.925 0.936 0.937 0.938 0.939 0.940 0.941 0.942 0.942 0.939 0.937 0.947 0.948 0.958 0.968 0.978 0.988 0.998 0.963 0.924 0.886 0.848 0.816 0.790 0.764 0.739 0.714 0.760 0.763 0.925 1.006 1.087 1.167 1.248 1.193 1.129 1.055 0.961 0.868 0.776 0.686 0.598 0.516 0.444 0.461
3.100 3.028 2.955 2.882 2.810 2.737 2.664 2.591 2.519 2.384 2.194 1.769 1.769 1.521 1.272 1.024 0.777 0.531 0.295 0.205 0.194 0.194 0.202 0.212 0.323 0.427 0.523 0.704 0.707 0.798 0.845 0.866 0.887 0.907 0.912 0.913 0.914 0.915 0.916 0.917 0.915 0.913 0.911 0.912 0.913 0.923 0.933 0.943 0.953 0.943 0.904 0.866 0.827 0.790 0.752 0.722 0.697 0.671 0.656 0.739 0.742 0.904 0.985 1.066 1.146 1.227 1.290 1.226 1.140 1.046 0.953 0.861 0.770 0.676 0.568 0.469 0.484
3.028 3.015 2.942 2.870 2.797 2.724 2.651 2.579 2.506 2.327 2.137 1.758 1.758 1.515 1.267 1.019 0.772 0.528 0.315 0.295 0.278 0.268 0.266 0.269 0.309 0.423 0.524 0.708 0.712 0.784 0.806 0.827 0.848 0.869 0.886 0.887 0.889 0.890 0.891 0.891 0.889 0.887 0.884 0.879 0.880 0.888 0.898 0.908 0.918 0.884 0.845 0.807 0.769 0.731 0.693 0.656 0.629 0.604 0.635 0.718 0.721 0.883 0.964 1.044 1.125 1.205 1.286 1.319 1.215 1.096 0.977 0.859 0.743 0.629 0.521 0.422 0.438
2.948 2.948 2.929 2.857 2.784 2.711 2.639 2.566 2.459 2.270 2.080 1.701 1.701 1.510 1.262 1.014 0.768 0.526 0.411 0.386 0.366 0.350 0.340 0.335 0.333 0.417 0.524 0.712 0.716 0.743 0.766 0.788 0.810 0.831 0.852 0.862 0.864 0.865 0.866 0.864 0.862 0.860 0.858 0.852 0.854 0.853 0.863 0.873 0.864 0.825 0.786 0.748 0.710 0.672 0.634 0.597 0.561 0.536 0.614 0.697 0.700 0.861 0.941 1.009 1.077 1.145 1.213 1.236 1.170 1.050 0.932 0.814 0.697 0.583 0.475 0.376 0.392
2.867 2.867 2.867 2.844 2.771 2.699 2.626 2.553 2.403 2.213 2.023 1.645 1.645 1.455 1.256 1.009 0.763 0.535 0.504 0.477 0.455 0.437 0.423 0.412 0.403 0.408 0.523 0.671 0.678 0.702 0.726 0.748 0.770 0.792 0.814 0.835 0.838 0.840 0.839 0.838 0.835 0.833 0.831 0.826 0.827 0.825 0.828 0.838 0.804 0.766 0.727 0.689 0.651 0.613 0.576 0.539 0.502 0.497 0.569 0.639 0.642 0.779 0.847 0.916 0.984 1.052 1.120 1.107 1.091 1.005 0.886 0.768 0.652 0.537 0.429 0.330 0.346
2.787 2.787 2.787 2.787 2.758 2.686 2.613 2.535 2.346 2.156 1.967 1.588 1.588 1.399 1.210 1.004 0.759 0.628 0.595 0.568 0.545 0.526 0.510 0.496 0.483 0.471 0.519 0.626 0.634 0.660 0.685 0.708 0.731 0.753 0.775 0.796 0.813 0.814 0.812 0.811 0.809 0.807 0.805 0.799 0.801 0.799 0.796 0.784 0.745 0.705 0.664 0.624 0.584 0.545 0.505 0.466 0.428 0.434 0.475 0.546 0.548 0.685 0.754 0.822 0.890 0.958 0.995 0.978 0.962 0.946 0.841 0.723 0.606 0.492 0.383 0.284 0.301
2.706 2.706 2.706 2.707 2.706 2.673 2.600 2.478 2.289 2.099 1.910 1.531 1.531 1.342 1.153 0.965 0.759 0.720 0.687 0.659 0.636 0.617 0.599 0.584 0.568 0.552 0.529 0.580 0.591 0.619 0.644 0.669 0.692 0.715 0.737 0.759 0.781 0.786 0.785 0.783 0.781 0.779 0.777 0.771 0.772 0.770 0.768 0.714 0.671 0.630 0.590 0.550 0.510 0.470 0.431 0.392 0.371 0.385 0.400 0.452 0.455 0.592 0.660 0.728 0.796 0.864 0.865 0.849 0.833 0.817 0.796 0.678 0.560 0.446 0.338 0.263 0.280
2.626 2.626 2.626 2.626 2.626 2.626 2.588 2.422 2.232 2.043 1.853 1.501 1.501 1.328 1.156 0.983 0.800 0.710 0.672 0.640 0.612 0.588 0.566 0.545 0.524 0.503 0.510 0.564 0.575 0.603 0.630 0.655 0.679 0.702 0.725 0.747 0.762 0.756 0.755 0.753 0.751 0.749 0.747 0.741 0.743 0.741 0.715 0.654 0.596 0.556 0.515 0.475 0.435 0.396 0.357 0.319 0.322 0.336 0.350 0.364 0.367 0.498 0.567 0.635 0.703 0.753 0.736 0.720 0.704 0.688 0.672 0.632 0.515 0.401 0.293 0.256 0.272
2.545 2.546 2.546 2.546 2.554 2.571 2.573 2.437 2.263 2.090 1.917 1.570 1.570 1.397 1.225 1.052 0.856 0.664 0.625 0.593 0.565 0.541 0.519 0.498 0.477 0.460 0.498 0.548 0.559 0.588 0.615 0.641 0.665 0.689 0.713 0.736 0.735 0.729 0.725 0.723 0.722 0.720 0.718 0.712 0.714 0.711 0.655 0.594 0.533 0.481 0.441 0.401 0.361 0.322 0.283 0.258 0.273 0.287 0.302 0.315 0.318 0.405 0.473 0.542 0.609 0.624 0.607 0.591 0.575 0.559 0.543 0.528 0.470 0.356 0.250 0.249 0.263
2.502 2.518 2.534 2.550 2.567 2.583 2.554 2.483 2.332 2.159 1.986 1.639 1.639 1.466 1.293 1.109 0.912 0.718 0.578 0.546 0.518 0.494 0.472 0.451 0.429 0.449 0.485 0.532 0.543 0.573 0.600 0.627 0.652 0.676 0.700 0.712 0.707 0.702 0.696 0.693 0.692 0.690 0.688 0.683 0.684 0.656 0.595 0.534 0.473 0.413 0.366 0.326 0.287 0.248 0.210 0.209 0.225 0.239 0.253 0.266 0.269 0.312 0.380 0.448 0.511 0.495 0.478 0.462 0.446 0.430 0.414 0.400 0.386 0.311 0.244 0.241 0.254
2.514 2.530 2.547 2.563 2.579 2.595 2.536 2.465 2.394 2.228 2.054 1.708 1.708 1.535 1.362 1.165 0.967 0.773 0.584 0.497 0.471 0.447 0.425 0.404 0.399 0.439 0.473 0.518 0.530 0.557 0.585 0.612 0.638 0.663 0.687 0.683 0.679 0.674 0.669 0.664 0.662 0.661 0.659 0.653 0.655 0.596 0.535 0.474 0.413 0.353 0.293 0.252 0.213 0.174 0.146 0.162 0.177 0.192 0.205 0.218 0.221 0.244 0.287 0.355 0.383 0.366 0.349 0.333 0.317 0.301 0.286 0.272 0.259 0.249 0.240 0.236 0.248
2.526 2.543 2.559 2.575 2.591 2.588 2.517 2.446 2.375 2.296 2.123 1.777 1.777 1.604 1.420 1.221 1.023 0.828 0.636 0.456 0.422 0.400 0.379 0.358 0.390 0.427 0.459 0.504 0.515 0.541 0.569 0.596 0.623 0.649 0.657 0.654 0.651 0.647 0.642 0.637 0.632 0.631 0.629 0.596 0.598 0.536 0.475 0.414 0.353 0.293 0.233 0.177 0.138 0.102 0.100 0.117 0.132 0.145 0.158 0.171 0.173 0.196 0.207 0.262 0.254 0.237 0.221 0.205 0.203 0.208 0.213 0.219 0.226 0.234 0.243 0.238 0.247
2.539 2.555 2.571 2.587 2.603 2.570 2.499 2.428 2.357 2.286 2.192 1.845 1.845 1.672 1.476 1.277 1.079 0.883 0.691 0.506 0.373 0.353 0.333 0.339 0.379 0.414 0.445 0.489 0.500 0.526 0.551 0.580 0.607 0.629 0.628 0.626 0.623 0.619 0.615 0.610 0.605 0.601 0.599 0.536 0.538 0.476 0.415 0.354 0.293 0.233 0.173 0.115 0.066 0.044 0.062 0.077 0.090 0.103 0.115 0.126 0.127 0.150 0.166 0.179 0.182 0.185 0.188 0.192 0.195 0.200 0.205 0.211 0.218 0.225 0.233 0.239 0.247
2.562 2.567 2.583 2.599 2.615 2.551 2.480 2.409 2.338 2.267 2.196 1.914 1.914 1.731 1.532 1.333 1.135 0.939 0.747 0.560 0.386 0.306 0.288 0.329 0.366 0.398 0.428 0.471 0.482 0.508 0.534 0.561 0.591 0.597 0.597 0.597 0.595 0.592 0.588 0.584 0.578 0.572 0.570 0.476 0.478 0.416 0.355 0.294 0.233 0.172 0.113 0.057 0.023 0.021 0.037 0.052 0.067 0.083 0.098 0.114 0.114 0.145 0.161 0.169 0.174 0.177 0.180 0.184 0.187 0.192 0.197 0.203 0.210 0.215 0.222 0.228 0.235
2.563 2.567 2.583 2.600 2.616 2.552 2.481 2.410 2.338 2.267 2.196 1.914 1.914 1.731 1.532 1.333 1.136 0.939 0.747 0.560 0.385 0.305 0.285 0.323 0.357 0.387 0.416 0.458 0.468 0.494 0.521 0.550 0.582 0.591 0.593 0.594 0.593 0.591 0.587 0.583 0.578 0.572 0.569 0.476 0.477 0.416 0.355 0.293 0.232 0.172 0.113 0.057 0.028 0.028 0.043 0.057 0.072 0.086 0.101 0.116 0.116 0.147 0.162 0.170 0.175 0.178 0.181 0.184 0.188 0.192 0.197 0.203 0.210 0.214 0.219 0.225 0.230
2.676 2.588 2.596 2.612 2.604 2.533 2.462 2.391 2.320 2.249 2.178 1.983 1.983 1.787 1.588 1.389 1.192 0.996 0.803 0.616 0.440 0.276 0.273 0.308 0.338 0.366 0.392 0.433 0.443 0.469 0.496 0.525 0.551 0.558 0.563 0.566 0.566 0.564 0.561 0.557 0.552 0.546 0.539 0.416 0.418 0.358 0.298 0.238 0.179 0.120 0.062 0.021 0.010 0.028 0.041 0.055 0.068 0.082 0.096 0.111 0.110 0.141 0.154 0.159 0.165 0.170 0.173 0.176 0.180 0.184 0.188 0.194 0.198 0.202 0.206 0.210 0.214
