includes/camargue/floodfiles/results_R3_t1.56234553567E12/res-0007.wdfp
ncols         906
nrows         631
xllcorner     362177.146667
yllcorner     6534725.688020
cellsize      20.000000
NODATA_value  -9999.000000
[rows 442 to 475 of 631, columns 77 to 153 of 906]
1.647 1.477 1.387 1.487 1.576 1.536 1.316 1.356 1.326 1.466 1.546 1.316 1.316 0.001 0.004 1.438 1.488 0.598 1.568 1.578 0.000 0.000 0.000 0.000 0.141 0.000 0.000 0.000 0.000 0.000 0.000 0.000 0.000 0.000 0.000 0.000 0.000 0.000 0.000 0.000 0.000 0.000 0.000 0.000 0.000 0.000 0.000 0.000 0.000 0.000 0.000 0.000 0.000 0.000 0.000 0.000 0.000 0.000 0.000 0.000 0.000 0.000 0.000 0.000 0.000 0.000 0.000 0.000 0.000 0.000 0.000 0.000 0.000 0.000 0.000 0.000 0.000
1.647 1.477 1.387 1.486 1.576 1.536 1.316 1.356 1.326 1.466 1.546 1.316 1.316 0.000 0.002 1.438 1.488 0.598 1.568 1.578 0.000 0.000 0.003 0.000 0.141 0.000 0.000 0.000 0.000 0.000 0.000 0.000 0.000 0.000 0.000 0.000 0.000 0.000 0.000 0.000 0.000 0.000 0.000 0.000 0.000 0.000 0.000 0.000 0.000 0.000 0.000 0.000 0.000 0.000 0.000 0.000 0.000 0.000 0.000 0.000 0.000 0.000 0.000 0.000 0.000 0.000 0.000 0.000 0.000 0.000 0.000 0.000 0.000 0.000 0.000 0.000 0.000
2.037 1.727 1.586 1.326 1.436 1.526 1.336 1.386 1.726 1.396 1.406 1.266 1.266 1.196 0.003 0.009 0.618 1.638 1.648 1.128 0.005 0.000 0.000 0.034 0.000 0.000 0.000 0.000 0.000 0.000 0.000 0.000 0.000 0.000 0.000 0.000 0.000 0.000 0.000 0.000 0.000 0.000 0.000 0.000 0.000 0.000 0.000 0.000 0.000 0.000 0.000 0.000 0.000 0.000 0.000 0.000 0.000 0.000 0.000 0.000 0.000 0.000 0.000 0.000 0.000 0.000 0.000 0.000 0.000 0.000 0.000 0.000 0.000 0.000 0.000 0.000 0.000
2.127 2.077 1.847 1.536 1.586 1.336 1.376 1.276 1.426 1.506 1.326 1.256 1.256 1.086 1.026 0.005 0.041 0.206 1.658 1.148 0.000 0.000 0.163 0.001 0.264 0.000 0.000 0.000 0.000 0.000 0.000 0.000 0.000 0.000 0.000 0.000 0.000 0.000 0.000 0.000 0.000 0.000 0.000 0.000 0.000 0.000 0.000 0.000 0.000 0.000 0.000 0.000 0.000 0.000 0.000 0.000 0.000 0.000 0.000 0.000 0.000 0.000 0.000 0.000 0.000 0.000 0.000 0.000 0.000 0.000 0.000 0.000 0.000 0.000 0.000 0.000 0.000
2.921 2.740 2.047 2.056 1.696 1.496 1.636 1.446 1.386 1.446 1.496 1.266 1.266 1.156 1.126 1.176 1.126 0.018 0.044 1.248 0.538 0.016 0.313 0.004 0.000 0.000 0.000 0.000 0.000 0.000 0.000 0.000 0.000 0.000 0.000 0.000 0.000 0.000 0.000 0.000 0.000 0.000 0.000 0.000 0.000 0.000 0.000 0.000 0.000 0.000 0.000 0.000 0.000 0.000 0.000 0.000 0.000 0.000 0.000 0.000 0.000 0.000 0.000 0.000 0.000 0.000 0.000 0.000 0.000 0.000 0.000 0.000 0.000 0.000 0.000 0.000 0.000
3.060 2.875 2.147 2.106 1.966 1.636 1.576 1.186 1.456 1.286 1.476 1.286 1.286 1.476 1.236 1.176 1.116 0.746 0.009 1.378 0.000 0.000 0.000 0.359 0.000 0.000 0.000 0.000 0.000 0.000 0.000 0.000 0.000 0.000 0.000 0.000 0.000 0.000 0.000 0.000 0.000 0.000 0.000 0.000 0.000 0.000 0.000 0.000 0.000 0.000 0.000 0.000 0.000 0.000 0.000 0.000 0.000 0.000 0.000 0.000 0.000 0.000 0.000 0.000 0.000 0.000 0.000 0.000 0.000 0.000 0.000 0.000 0.000 0.000 0.000 0.000 0.000
3.120 2.909 2.698 2.487 1.866 1.666 1.556 1.616 1.486 1.426 1.296 1.486 1.486 1.245 1.335 1.155 1.175 0.975 0.115 0.000 0.027 0.000 0.000 0.359 0.000 0.000 0.000 0.000 0.000 0.000 0.000 0.000 0.000 0.000 0.000 0.000 0.000 0.000 0.000 0.000 0.000 0.000 0.000 0.000 0.000 0.000 0.000 0.000 0.000 0.000 0.000 0.000 0.000 0.000 0.000 0.000 0.000 0.000 0.000 0.000 0.000 0.000 0.000 0.000 0.000 0.000 0.000 0.000 0.000 0.000 0.000 0.000 0.000 0.000 0.000 0.000 0.000
3.154 2.943 2.732 2.136 2.056 1.846 1.826 1.616 1.696 1.566 1.406 1.335 1.335 1.415 1.305 1.245 1.185 1.275 0.915 0.000 0.000 0.000 0.000 0.000 0.000 0.000 0.000 0.000 0.000 0.000 0.000 0.000 0.000 0.000 0.000 0.000 0.000 0.000 0.000 0.000 0.000 0.000 0.000 0.000 0.000 0.000 0.000 0.000 0.000 0.000 0.000 0.000 0.000 0.000 0.000 0.000 0.000 0.000 0.000 0.000 0.000 0.000 0.000 0.000 0.000 0.000 0.000 0.000 0.000 0.000 0.000 0.000 0.000 0.000 0.000 0.000 0.000
3.188 2.977 2.766 2.555 2.076 1.756 1.636 1.646 1.576 1.436 1.566 1.445 1.445 1.145 1.195 1.525 1.285 1.315 1.215 0.974 0.000 0.000 0.000 0.000 0.000 0.000 0.000 0.000 0.000 0.000 0.000 0.000 0.000 0.000 0.000 0.000 0.000 0.000 0.000 0.000 0.000 0.000 0.000 0.000 0.000 0.000 0.000 0.000 0.000 0.000 0.000 0.000 0.000 0.000 0.000 0.000 0.000 0.000 0.000 0.000 0.000 0.000 0.000 0.000 0.000 0.000 0.000 0.000 0.000 0.000 0.000 0.000 0.000 0.000 0.000 0.004 0.003
3.222 3.011 2.800 2.589 2.378 1.896 1.686 1.616 1.586 1.446 1.366 1.225 1.225 1.355 1.215 1.275 1.325 1.085 1.025 1.104 0.874 0.000 0.000 0.000 0.022 0.000 0.000 0.000 0.000 0.000 0.000 0.000 0.000 0.000 0.000 0.000 0.000 0.000 0.000 0.000 0.000 0.000 0.000 0.000 0.000 0.000 0.000 0.000 0.000 0.000 0.000 0.000 0.000 0.000 0.000 0.000 0.000 0.000 0.000 0.000 0.000 0.000 0.000 0.000 0.000 0.000 0.000 0.000 0.000 0.000 0.000 0.000 0.000 0.076 0.306 0.216 0.216
3.256 3.045 2.834 2.623 2.439 2.086 2.046 1.686 1.546 1.526 1.366 1.455 1.455 1.385 1.415 1.195 1.315 1.205 1.174 1.034 0.964 0.243 0.000 0.000 0.000 0.018 0.000 0.000 0.000 0.000 0.000 0.000 0.000 0.000 0.000 0.000 0.000 0.000 0.000 0.000 0.000 0.000 0.000 0.000 0.000 0.000 0.000 0.000 0.000 0.000 0.000 0.000 0.000 0.000 0.000 0.000 0.000 0.000 0.000 0.000 0.000 0.000 0.000 0.000 0.000 0.000 0.000 0.000 0.000 0.000 0.000 0.000 0.416 0.446 0.666 0.236 0.236
3.301 3.079 2.868 2.146 2.086 1.936 1.876 1.696 1.676 1.696 1.526 1.425 1.425 1.235 1.345 1.365 1.275 1.065 1.444 1.154 0.824 0.514 0.000 0.000 0.000 0.000 0.000 0.000 0.000 0.000 0.000 0.000 0.000 0.000 0.000 0.000 0.000 0.000 0.000 0.000 0.000 0.000 0.000 0.000 0.000 0.000 0.000 0.000 0.000 0.000 0.000 0.000 0.000 0.000 0.000 0.000 0.000 0.000 0.000 0.000 0.000 0.000 0.000 0.000 0.000 0.000 0.000 0.000 0.000 0.000 0.277 0.087 0.456 0.736 0.306 0.846 0.846
3.350 3.127 2.904 2.691 2.036 2.066 1.996 1.976 1.756 1.556 1.505 1.495 1.495 1.205 1.345 1.145 1.145 1.325 1.254 1.384 1.234 1.104 0.000 0.000 0.000 0.000 0.000 0.000 0.000 0.000 0.000 0.000 0.000 0.000 0.000 0.000 0.000 0.000 0.000 0.000 0.000 0.000 0.000 0.000 0.000 0.000 0.000 0.000 0.000 0.000 0.000 0.000 0.000 0.000 0.000 0.000 0.000 0.000 0.000 0.000 0.000 0.000 0.169 0.109 0.129 0.029 0.000 0.000 0.107 0.018 0.207 0.307 0.506 0.716 0.296 0.356 0.356
3.400 3.177 2.954 2.749 2.116 2.086 1.906 1.926 1.716 1.755 1.455 1.355 1.355 1.395 1.225 1.225 1.345 1.295 1.425 1.264 1.244 0.864 0.000 0.005 0.000 0.000 0.000 0.000 0.000 0.000 0.000 0.000 0.000 0.000 0.000 0.000 0.000 0.000 0.000 0.000 0.000 0.000 0.000 0.000 0.000 0.000 0.000 0.000 0.000 0.000 0.000 0.000 0.000 0.000 0.000 0.000 0.000 0.000 0.000 0.000 0.000 0.001 0.419 0.499 0.439 0.619 0.559 0.068 0.487 0.957 1.007 0.667 0.487 0.000 0.000 0.000 0.000
3.449 3.227 3.036 2.845 2.692 2.056 1.936 1.816 1.865 1.755 1.555 1.455 1.455 1.196 1.286 1.385 1.275 1.585 1.365 1.344 1.254 1.034 0.524 0.000 0.000 0.000 0.000 0.000 0.000 0.000 0.000 0.000 0.000 0.000 0.000 0.000 0.000 0.000 0.000 0.000 0.000 0.000 0.000 0.000 0.000 0.000 0.000 0.000 0.000 0.000 0.000 0.000 0.000 0.000 0.000 0.000 0.000 0.000 0.000 0.000 0.000 0.039 0.279 0.209 0.569 0.309 0.409 0.068 0.547 0.257 0.277 0.000 0.000 0.000 0.000 0.000 0.000
3.513 3.322 3.131 2.940 2.749 2.066 2.561 1.995 1.765 1.885 1.575 1.455 1.455 1.416 1.476 1.235 1.005 1.625 1.485 1.335 1.324 1.344 0.934 0.000 0.000 0.000 0.000 0.000 0.000 0.000 0.000 0.000 0.000 0.000 0.000 0.000 0.000 0.000 0.000 0.000 0.000 0.000 0.000 0.000 0.000 0.000 0.000 0.000 0.000 0.000 0.000 0.000 0.000 0.000 0.000 0.000 0.000 0.000 0.000 0.000 0.000 0.299 0.249 0.319 0.229 0.000 0.000 0.001 0.000 0.000 0.000 0.000 0.000 0.000 1.744 0.083 0.083
3.608 3.417 3.226 3.035 2.844 2.701 1.976 2.025 1.965 1.825 1.715 1.445 1.446 1.286 1.236 1.225 1.305 1.435 1.285 1.395 1.135 1.184 1.204 0.000 0.000 0.000 0.000 0.000 0.000 0.000 0.000 0.000 0.000 0.000 0.000 0.000 0.000 0.000 0.000 0.000 0.000 0.000 0.000 0.000 0.000 0.000 0.000 0.000 0.000 0.000 0.000 0.000 0.000 0.000 0.000 0.000 0.000 0.000 0.000 0.028 0.027 0.299 0.169 0.209 0.369 0.000 0.000 0.075 0.000 0.000 0.000 1.188 1.548 2.128 0.000 0.291 0.291
3.608 3.417 3.226 3.035 2.844 2.701 1.976 2.025 1.965 1.825 1.715 1.445 1.446 1.286 1.236 1.226 1.305 1.435 1.285 1.395 1.135 1.185 1.204 0.000 0.000 0.000 0.000 0.000 0.000 0.000 0.000 0.000 0.000 0.000 0.000 0.000 0.000 0.000 0.000 0.000 0.000 0.000 0.000 0.000 0.000 0.000 0.000 0.000 0.000 0.000 0.000 0.000 0.000 0.000 0.000 0.000 0.000 0.000 0.000 0.028 0.027 0.299 0.169 0.209 0.369 0.000 0.000 0.075 0.000 0.000 0.000 1.188 1.548 2.128 0.000 0.291 0.291
3.704 3.513 3.322 3.131 2.940 2.106 2.661 2.065 2.025 1.865 1.945 1.466 1.466 1.516 1.286 1.186 1.376 1.125 1.235 1.065 1.115 1.175 1.335 0.000 0.116 0.000 0.000 0.000 0.000 0.000 0.000 0.000 0.000 0.000 0.000 0.000 0.000 0.000 0.000 0.000 0.000 0.000 0.000 0.000 0.000 0.000 0.000 0.000 0.000 0.000 0.000 0.000 0.000 0.000 0.000 0.000 0.000 0.000 0.000 0.088 0.088 0.000 0.000 0.000 0.000 0.002 0.013 0.000 0.000 1.249 1.609 2.048 2.118 2.158 0.093 0.499 0.500
3.799 3.608 3.417 3.226 3.035 2.844 2.046 2.620 2.095 2.145 1.955 1.696 1.696 1.576 1.386 1.336 1.486 1.555 1.275 1.455 1.235 1.105 1.065 0.495 0.000 0.000 0.000 0.000 0.000 0.000 0.000 0.000 0.000 0.000 0.000 0.000 0.000 0.000 0.000 0.000 0.000 0.000 0.000 0.000 0.000 0.000 0.000 0.000 0.000 0.000 0.000 0.000 0.000 0.000 0.000 0.000 0.000 0.000 0.000 0.000 0.000 0.000 0.000 0.000 0.000 0.000 0.000 1.179 1.639 1.918 2.148 0.000 0.000 0.001 0.299 0.709 0.709
4.251 3.921 3.608 3.417 3.226 3.035 2.844 2.720 2.056 1.836 1.886 1.806 1.806 1.466 1.476 1.566 1.296 1.216 1.245 1.365 1.255 1.355 1.245 1.125 0.815 0.000 0.040 0.000 0.000 0.000 0.000 0.000 0.000 0.000 0.000 0.000 0.000 0.000 0.000 0.000 0.000 0.000 0.000 0.000 0.000 0.000 0.000 0.000 0.000 0.000 0.000 0.000 0.000 0.000 0.000 0.000 0.000 0.000 0.000 0.000 0.000 0.000 0.000 0.892 1.462 1.932 0.000 0.000 0.000 0.005 0.167 0.296 0.428 0.560 0.718 1.128 1.128
4.954 4.624 4.293 3.962 3.631 3.301 2.970 2.769 1.896 1.966 2.086 1.606 1.606 1.536 1.486 1.336 1.396 1.256 1.236 1.205 1.325 1.205 1.235 0.975 1.135 0.000 0.002 0.000 0.000 0.000 0.000 0.000 0.000 0.000 0.000 0.000 0.000 0.000 0.000 0.000 0.000 0.000 0.000 0.000 0.000 0.000 0.000 0.000 0.000 0.000 0.000 0.000 0.000 0.000 0.000 0.000 0.000 0.000 0.000 0.000 0.000 1.110 1.471 1.741 2.102 2.002 0.000 0.001 0.157 0.452 0.612 0.744 0.876 1.008 1.140 1.337 1.338
5.657 5.326 4.996 4.665 4.334 4.004 3.673 3.032 2.731 2.026 1.906 1.756 1.756 1.596 1.466 1.436 1.386 1.386 1.316 1.345 1.135 1.036 1.365 0.985 1.055 0.716 0.000 0.000 0.000 0.000 0.000 0.000 0.000 0.000 0.000 0.000 0.000 0.000 0.000 0.000 0.000 0.000 0.000 0.000 0.000 0.000 0.000 0.000 0.000 0.000 0.000 0.000 0.000 0.000 0.000 0.000 0.000 0.000 0.446 0.807 0.807 1.760 2.130 0.000 0.000 0.000 0.060 0.355 0.648 0.929 1.061 1.192 1.324 1.456 1.588 1.720 1.721
6.360 6.029 5.699 5.368 5.037 4.706 4.146 3.435 2.116 2.026 1.906 1.786 1.786 1.526 1.416 1.486 1.366 1.296 1.306 0.966 1.016 0.956 0.726 0.916 0.916 1.166 0.000 0.000 0.000 0.000 0.000 0.000 0.000 0.000 0.000 0.000 0.000 0.000 0.000 0.000 0.000 0.000 0.000 0.000 0.000 0.000 0.000 0.000 0.000 0.000 0.000 0.000 0.000 0.000 0.000 0.004 0.000 0.826 1.176 1.506 1.506 0.000 0.000 0.000 0.008 2.136 0.552 0.845 1.138 1.378 1.509 1.641 1.773 1.904 2.036 2.168 2.169
7.063 6.732 6.401 6.071 5.740 5.261 4.550 3.838 2.086 1.996 2.016 1.586 1.586 1.446 1.426 1.296 1.516 1.336 1.246 0.946 1.016 0.976 1.026 0.986 1.016 0.926 0.000 0.000 0.000 0.000 0.000 0.000 0.000 0.000 0.000 0.000 0.000 0.000 0.000 0.000 0.000 0.000 0.000 0.000 0.000 0.000 0.000 0.000 0.000 0.000 0.000 0.000 0.000 0.000 0.000 0.796 1.266 1.426 1.946 2.146 2.146 0.005 0.158 0.352 0.547 2.125 1.042 1.335 1.628 1.826 1.957 2.089 2.221 2.353 2.484 2.616 2.617
7.766 7.435 7.104 6.774 6.376 5.664 4.953 4.242 3.530 2.146 1.726 1.766 1.766 1.566 1.376 1.306 1.146 1.016 1.206 1.156 1.246 1.156 1.276 1.236 1.246 1.006 0.013 0.000 0.000 0.000 0.000 0.000 0.000 0.000 0.000 0.000 0.000 0.000 0.000 0.000 0.000 0.000 0.000 0.000 0.000 0.000 0.000 0.000 0.000 0.000 0.000 0.000 0.000 0.626 1.056 1.335 1.995 2.035 0.097 0.217 0.217 0.541 0.735 0.930 1.125 1.320 1.531 1.824 2.117 2.274 2.405 2.537 2.669 2.801 2.933 2.937 2.938
8.469 8.138 7.807 7.477 6.779 6.068 5.356 4.645 3.933 2.016 1.916 1.726 1.726 1.496 1.006 1.446 1.466 1.426 1.316 1.326 1.296 1.246 1.116 1.216 1.236 1.006 0.427 0.000 0.000 0.000 0.000 0.000 0.000 0.000 0.000 0.000 0.000 0.000 0.000 0.000 0.000 0.000 0.000 0.000 0.000 0.000 0.000 0.000 0.000 0.000 0.000 0.596 0.956 1.376 1.726 2.055 0.413 0.533 0.653 0.772 0.772 1.119 1.314 1.509 1.704 1.899 2.094 2.313 2.590 2.722 2.854 2.964 2.958 2.953 2.947 2.941 2.942
9.171 8.841 8.510 7.894 7.182 6.471 5.760 5.048 4.337 2.046 1.966 1.336 1.336 1.756 1.516 1.566 1.386 1.476 1.496 1.356 1.436 1.236 1.236 1.167 0.997 1.017 0.697 0.000 0.004 0.000 0.000 0.000 0.000 0.000 0.000 0.000 0.000 0.000 0.000 0.000 0.000 0.000 0.000 0.000 0.000 0.000 0.000 0.000 0.000 0.000 1.017 1.367 1.856 1.996 0.704 0.850 0.969 1.089 1.209 1.328 1.328 1.697 1.892 2.087 2.282 2.477 2.672 2.867 2.985 2.979 2.974 2.968 2.962 2.957 2.951 2.946 2.946
9.662 9.544 9.009 8.297 7.586 6.874 6.163 5.451 4.740 2.056 1.686 1.886 1.886 1.696 1.606 1.516 1.556 1.476 1.666 1.526 1.386 1.236 1.306 1.187 1.157 1.037 0.936 0.000 0.000 0.000 0.000 0.000 0.000 0.000 0.000 0.000 0.000 0.000 0.000 0.000 0.000 0.000 0.000 0.000 0.000 0.000 0.000 0.000 1.037 1.297 1.717 1.997 0.924 1.075 1.227 1.378 1.525 1.645 1.765 1.886 1.886 2.276 2.471 2.666 2.861 3.021 3.017 3.013 2.997 2.984 2.978 2.972 2.967 2.961 2.956 2.950 2.950
9.890 10.049 9.412 8.700 7.989 7.278 6.566 5.855 5.143 4.432 2.056 1.946 1.946 1.856 1.676 1.796 1.676 1.766 1.516 1.376 1.496 1.246 1.226 1.277 1.257 1.097 0.916 0.000 0.000 0.000 0.000 0.000 0.000 0.000 0.000 0.000 0.000 0.000 0.000 0.000 0.000 0.000 0.000 0.000 0.000 0.000 1.088 1.368 1.637 2.037 0.963 1.295 1.447 1.598 1.750 1.901 2.053 2.201 2.321 2.465 2.465 2.854 3.049 3.052 3.048 3.044 3.040 3.035 3.015 2.994 2.982 2.977 2.971 2.965 2.960 2.954 2.955
9.803 9.564 9.102 8.569 8.035 7.502 6.968 6.258 5.547 4.835 4.124 2.916 2.916 2.046 2.036 1.776 1.926 1.606 1.636 1.396 1.256 1.376 1.196 1.476 1.186 1.176 0.946 0.000 0.001 0.000 0.000 0.000 0.000 0.000 0.000 0.000 0.000 0.000 0.000 0.000 0.000 0.000 0.000 1.037 1.037 1.437 1.647 0.480 0.844 1.209 1.573 1.818 1.970 2.121 2.273 2.424 2.576 2.728 2.877 3.043 3.043 3.083 3.079 3.075 3.071 3.066 3.062 3.053 3.032 3.011 2.991 2.981 2.975 2.970 2.964 2.958 2.959
9.380 9.049 8.689 8.156 7.622 7.089 6.555 6.022 5.488 4.955 4.422 3.105 3.105 2.887 2.116 1.876 1.816 1.786 1.806 1.716 1.416 1.466 1.436 1.066 1.176 1.236 0.936 0.000 0.002 0.000 0.000 0.000 0.000 0.000 0.000 0.000 0.000 0.000 0.000 0.358 0.547 0.817 1.147 1.597 1.597 2.047 0.726 1.090 1.454 1.818 2.182 2.341 2.493 2.644 2.796 2.947 3.099 3.157 3.162 3.114 3.114 3.106 3.101 3.097 3.093 3.089 3.085 3.070 3.049 3.029 3.008 2.987 2.980 2.974 2.968 2.963 2.963
8.865 8.534 8.202 7.742 7.209 6.675 6.142 5.609 5.075 4.542 4.008 3.095 3.095 3.129 3.083 3.006 2.929 2.116 1.946 1.986 1.916 2.016 1.596 1.446 1.156 1.046 0.876 0.003 0.009 0.002 0.000 0.000 0.000 0.000 0.000 0.001 0.101 0.497 0.787 1.097 1.257 1.507 1.957 1.287 1.287 1.434 1.582 1.730 2.063 2.428 2.712 2.864 3.016 3.167 3.236 3.241 3.246 3.250 3.233 3.177 3.177 3.128 3.124 3.120 3.116 3.112 3.108 3.087 3.067 3.046 3.025 3.004 2.984 2.978 2.973 2.969 2.970
8.351 8.019 7.687 7.329 6.795 6.262 5.729 5.195 4.662 4.128 3.595 3.132 3.132 3.193 3.374 3.376 3.299 3.223 3.146 3.069 2.106 2.116 1.996 1.976 1.676 1.365 1.135 0.266 0.266 0.009 0.005 0.004 0.004 0.014 0.396 0.706 1.066 1.356 1.546 1.746 1.557 1.717 1.867 2.163 2.163 2.311 2.459 2.606 2.754 3.037 3.235 3.315 3.320 3.324 3.329 3.334 3.339 3.344 3.303 3.247 3.247 3.151 3.147 3.143 3.139 3.135 3.125 3.105 3.084 3.063 3.042 3.022 3.001 2.983 2.977 2.980 2.980
