includes/camargue/floodfiles/results_R3_t1.56234553567E12/res-0003.wd
ncols         906
nrows         631
xllcorner     362177.146667
yllcorner     6534725.688020
cellsize      20.000000
NODATA_value  -9999.000000
[rows 544 to 577 of 631, columns 154 to 230 of 906]
9.258 9.569 9.880 10.191 10.300 10.386 10.471 10.527 10.500 10.472 10.445 10.418 10.390 10.492 10.737 10.737 11.228 11.474 11.720 11.965 12.048 12.057 11.930 11.710 11.491 11.271 11.052 10.832 10.613 10.393 10.173 10.173 10.109 10.110 10.111 10.111 10.112 10.113 10.114 10.114 10.115 10.116 10.091 10.054 10.019 9.984 9.949 9.949 9.879 9.844 9.809 9.774 9.739 9.704 9.685 9.758 9.831 9.904 9.977 10.050 10.123 10.196 10.269 10.421 10.421 10.499 10.536 10.527 10.518 10.508 10.499 10.490 10.481 10.471 10.526 10.602 10.677
9.112 9.423 9.734 10.014 10.100 10.185 10.271 10.357 10.431 10.403 10.376 10.348 10.321 10.495 10.741 10.741 11.232 11.478 11.723 11.968 12.214 12.282 12.065 11.845 11.626 11.406 11.187 10.946 10.679 10.413 10.146 10.146 10.054 10.055 10.057 10.059 10.060 10.062 10.063 10.065 10.067 10.068 10.018 9.969 9.943 9.916 9.890 9.890 9.837 9.811 9.784 9.758 9.731 9.705 9.703 9.770 9.837 9.904 9.971 10.038 10.105 10.172 10.239 10.373 10.373 10.414 10.405 10.395 10.386 10.377 10.368 10.359 10.349 10.340 10.413 10.489 10.565
8.966 9.277 9.588 9.814 9.899 9.985 10.071 10.157 10.242 10.328 10.307 10.279 10.254 10.499 10.745 10.744 11.236 11.481 11.727 11.972 12.089 12.178 11.939 11.673 11.407 11.140 10.874 10.608 10.341 10.075 9.808 9.808 10.011 10.013 10.014 10.016 10.017 10.019 10.021 10.022 10.024 10.009 9.922 9.840 9.813 9.787 9.760 9.760 9.708 9.681 9.655 9.628 9.602 9.569 9.527 9.567 9.634 9.701 9.768 9.835 9.902 9.969 10.036 10.170 10.170 10.237 10.273 10.264 10.255 10.246 10.236 10.227 10.218 10.225 10.301 10.376 10.452
8.820 9.131 9.442 9.613 9.699 9.785 9.871 9.956 10.042 10.128 10.214 10.210 10.257 10.503 10.748 10.748 11.151 11.242 11.333 11.424 11.514 11.600 11.601 11.335 11.068 10.802 10.536 10.270 10.003 9.737 9.678 9.677 9.935 9.970 9.971 9.973 9.974 9.976 9.978 9.979 9.981 9.912 9.825 9.737 9.684 9.657 9.631 9.631 9.578 9.552 9.525 9.499 9.472 9.430 9.388 9.364 9.431 9.498 9.565 9.632 9.699 9.766 9.833 9.967 9.967 10.033 10.100 10.133 10.124 10.114 10.105 10.096 10.087 10.112 10.188 10.264 10.339
8.673 8.984 9.295 9.413 9.499 9.585 9.670 9.756 9.842 9.928 10.014 10.099 10.213 10.304 10.395 10.395 10.576 10.667 10.758 10.848 10.938 11.023 11.108 10.997 10.730 10.464 10.198 9.931 9.665 9.431 9.559 9.559 9.817 9.927 9.928 9.930 9.931 9.933 9.935 9.936 9.903 9.816 9.728 9.641 9.554 9.528 9.501 9.501 9.449 9.422 9.396 9.369 9.333 9.291 9.249 9.207 9.228 9.295 9.362 9.429 9.496 9.563 9.630 9.763 9.763 9.830 9.897 9.964 9.992 9.983 9.974 9.964 9.955 9.999 10.075 10.151 10.227
8.527 8.838 9.127 9.213 9.299 9.384 9.470 9.556 9.642 9.728 9.758 9.765 9.736 9.729 9.820 9.820 10.001 10.092 10.183 10.273 10.361 10.446 10.530 10.615 10.392 10.126 9.860 9.593 9.327 9.313 9.441 9.441 9.699 9.828 9.885 9.887 9.889 9.890 9.892 9.893 9.807 9.719 9.632 9.544 9.457 9.398 9.372 9.372 9.319 9.293 9.266 9.236 9.194 9.152 9.110 9.068 9.026 9.092 9.159 9.226 9.293 9.360 9.427 9.560 9.560 9.627 9.694 9.760 9.827 9.852 9.842 9.833 9.824 9.887 9.962 10.038 10.114
8.381 8.692 8.927 9.013 9.098 9.184 9.270 9.356 9.363 9.370 9.377 9.384 9.353 9.299 9.245 9.245 9.426 9.517 9.608 9.698 9.784 9.868 9.953 10.038 10.054 9.788 9.522 9.255 9.066 9.195 9.323 9.323 9.581 9.710 9.838 9.844 9.846 9.847 9.849 9.798 9.710 9.623 9.535 9.448 9.360 9.272 9.243 9.242 9.190 9.163 9.137 9.096 9.054 9.012 8.970 8.928 8.886 8.888 8.955 9.022 9.089 9.156 9.223 9.357 9.357 9.424 9.490 9.557 9.624 9.690 9.711 9.702 9.698 9.774 9.850 9.926 10.001
8.235 8.546 8.727 8.812 8.898 8.960 8.967 8.974 8.982 8.989 8.996 9.003 8.970 8.916 8.862 8.862 8.851 8.942 9.033 9.121 9.206 9.291 9.376 9.461 9.545 9.450 9.184 8.917 8.948 9.076 9.205 9.205 9.463 9.592 9.720 9.801 9.803 9.804 9.789 9.701 9.613 9.526 9.438 9.351 9.263 9.176 9.113 9.113 9.060 9.034 8.999 8.957 8.915 8.873 8.831 8.789 8.747 8.705 8.752 8.819 8.886 8.953 9.020 9.154 9.154 9.220 9.287 9.354 9.420 9.487 9.554 9.571 9.586 9.661 9.737 9.813 9.845
8.287 8.400 8.527 8.565 8.572 8.579 8.586 8.593 8.600 8.607 8.615 8.622 8.587 8.533 8.479 8.479 8.371 8.367 8.457 8.544 8.629 8.714 8.798 8.883 8.968 9.053 8.846 8.701 8.830 8.958 9.087 9.087 9.345 9.473 9.602 9.731 9.760 9.761 9.692 9.604 9.517 9.429 9.342 9.254 9.167 9.079 8.992 8.992 8.931 8.902 8.860 8.818 8.776 8.734 8.692 8.650 8.608 8.566 8.549 8.616 8.683 8.750 8.817 8.950 8.950 9.017 9.084 9.150 9.217 9.284 9.350 9.417 9.473 9.467 9.455 9.444 9.433
8.222 8.230 8.176 8.183 8.190 8.198 8.205 8.212 8.219 8.226 8.233 8.241 8.204 8.150 8.096 8.096 7.987 7.933 7.893 7.968 8.051 8.136 8.221 8.306 8.391 8.475 8.507 8.583 8.711 8.840 8.969 8.969 9.227 9.355 9.484 9.613 9.717 9.683 9.595 9.508 9.420 9.333 9.245 9.158 9.070 8.983 8.895 8.895 8.801 8.763 8.721 8.679 8.637 8.595 8.553 8.511 8.469 8.427 8.385 8.413 8.480 8.547 8.614 8.747 8.747 8.814 8.880 8.947 9.014 9.069 9.096 9.123 9.083 9.055 9.043 9.032 9.021
8.000 7.996 7.946 7.875 7.809 7.816 7.824 7.831 7.838 7.845 7.852 7.860 7.821 7.767 7.713 7.713 7.604 7.593 7.607 7.668 7.743 7.819 7.894 7.970 8.045 8.120 8.163 8.262 8.403 8.543 8.684 8.684 8.965 9.105 9.246 9.387 9.523 9.495 9.427 9.359 9.290 9.222 9.149 9.061 8.973 8.886 8.798 8.798 8.666 8.624 8.582 8.540 8.498 8.456 8.414 8.372 8.330 8.288 8.246 8.210 8.277 8.344 8.410 8.544 8.544 8.610 8.651 8.679 8.706 8.733 8.760 8.788 8.729 8.660 8.631 8.620 8.609
7.766 7.763 7.724 7.654 7.583 7.513 7.443 7.450 7.457 7.464 7.471 7.478 7.438 7.384 7.329 7.329 7.298 7.312 7.326 7.368 7.443 7.518 7.594 7.669 7.745 7.798 7.820 7.865 8.006 8.146 8.287 8.287 8.568 8.709 8.849 8.990 9.057 9.084 9.015 8.947 8.878 8.810 8.742 8.673 8.605 8.536 8.468 8.468 8.413 8.391 8.368 8.346 8.323 8.301 8.275 8.233 8.190 8.149 8.106 8.064 8.074 8.140 8.207 8.262 8.262 8.289 8.316 8.343 8.371 8.398 8.425 8.442 8.374 8.306 8.238 8.208 8.197
7.766 7.763 7.724 7.654 7.583 7.513 7.443 7.450 7.457 7.464 7.471 7.478 7.438 7.384 7.330 7.329 7.298 7.312 7.326 7.368 7.443 7.518 7.594 7.669 7.745 7.798 7.820 7.865 8.006 8.146 8.287 8.287 8.568 8.709 8.849 8.990 9.057 9.084 9.015 8.947 8.878 8.810 8.742 8.673 8.605 8.536 8.468 8.468 8.413 8.391 8.368 8.346 8.323 8.301 8.275 8.233 8.190 8.149 8.107 8.064 8.074 8.140 8.207 8.262 8.262 8.289 8.316 8.343 8.371 8.398 8.425 8.442 8.374 8.306 8.238 8.208 8.197
7.533 7.529 7.503 7.432 7.362 7.291 7.221 7.151 7.080 7.083 7.090 7.097 7.055 7.001 6.989 6.988 7.017 7.031 7.045 7.067 7.143 7.218 7.294 7.369 7.432 7.455 7.477 7.500 7.609 7.749 7.890 7.890 8.171 8.312 8.452 8.547 8.590 8.634 8.603 8.535 8.467 8.398 8.330 8.261 8.193 8.124 8.056 8.056 8.078 8.061 8.038 8.016 7.994 7.971 7.949 7.926 7.904 7.882 7.859 7.837 7.833 7.844 7.872 7.926 7.926 7.954 7.981 8.008 8.035 8.062 8.090 8.088 8.020 7.952 7.884 7.816 7.785
7.299 7.295 7.281 7.210 7.140 7.070 6.999 6.929 6.859 6.788 6.718 6.716 6.679 6.693 6.707 6.707 6.735 6.749 6.763 6.778 6.843 6.918 6.993 7.067 7.089 7.112 7.134 7.157 7.212 7.353 7.493 7.493 7.774 7.915 8.037 8.080 8.124 8.167 8.191 8.123 8.055 7.986 7.918 7.849 7.781 7.713 7.688 7.688 7.729 7.731 7.708 7.686 7.664 7.641 7.619 7.597 7.574 7.552 7.529 7.522 7.546 7.540 7.536 7.591 7.591 7.618 7.645 7.673 7.700 7.727 7.754 7.734 7.666 7.598 7.530 7.462 7.394
6.832 6.828 6.824 6.767 6.697 6.627 6.556 6.486 6.415 6.345 6.320 6.316 6.296 6.264 6.231 6.231 6.173 6.187 6.201 6.215 6.242 6.317 6.358 6.380 6.403 6.426 6.448 6.471 6.494 6.559 6.699 6.699 6.981 7.061 7.104 7.148 7.191 7.235 7.278 7.299 7.231 7.163 7.094 7.026 6.957 6.969 6.990 6.990 7.031 7.051 7.049 7.026 7.004 6.981 6.959 6.937 6.914 6.898 6.922 6.945 6.969 6.972 6.963 6.945 6.945 6.947 6.975 7.002 7.029 7.056 7.084 7.025 6.957 6.889 6.821 6.753 6.685
6.598 6.594 6.591 6.546 6.475 6.405 6.335 6.264 6.194 6.184 6.179 6.175 6.161 6.129 6.096 6.096 6.031 5.998 5.966 5.933 5.947 5.992 6.015 6.037 6.060 6.083 6.105 6.128 6.151 6.173 6.302 6.302 6.551 6.594 6.638 6.681 6.725 6.768 6.812 6.855 6.819 6.751 6.682 6.614 6.600 6.620 6.641 6.641 6.682 6.702 6.719 6.696 6.674 6.651 6.629 6.607 6.586 6.609 6.633 6.657 6.680 6.689 6.679 6.661 6.661 6.652 6.642 6.667 6.694 6.721 6.739 6.671 6.603 6.535 6.467 6.399 6.331
6.364 6.360 6.357 6.324 6.254 6.183 6.113 6.051 6.047 6.043 6.038 6.034 6.027 5.994 5.961 5.961 5.896 5.864 5.831 5.798 5.781 5.768 5.745 5.721 5.717 5.740 5.762 5.785 5.808 5.830 5.906 5.905 6.084 6.128 6.171 6.215 6.258 6.302 6.345 6.389 6.407 6.339 6.270 6.230 6.251 6.271 6.292 6.292 6.333 6.353 6.374 6.367 6.344 6.322 6.299 6.277 6.297 6.321 6.344 6.368 6.392 6.405 6.395 6.377 6.377 6.368 6.359 6.349 6.358 6.386 6.385 6.317 6.249 6.181 6.113 6.048 6.031
6.130 6.127 6.123 6.103 6.032 5.962 5.915 5.911 5.906 5.902 5.898 5.893 5.889 5.859 5.827 5.827 5.761 5.729 5.696 5.682 5.685 5.681 5.657 5.633 5.609 5.585 5.561 5.538 5.514 5.490 5.510 5.510 5.618 5.661 5.705 5.748 5.792 5.835 5.879 5.922 5.966 5.927 5.861 5.881 5.902 5.922 5.943 5.943 5.984 6.004 6.025 6.037 6.014 5.992 5.970 5.985 6.009 6.032 6.056 6.079 6.103 6.121 6.112 6.093 6.093 6.084 6.075 6.066 6.056 6.050 6.030 5.967 5.950 5.933 5.916 5.899 5.882
5.897 5.893 5.889 5.881 5.811 5.778 5.774 5.770 5.766 5.761 5.757 5.753 5.748 5.724 5.692 5.692 5.627 5.594 5.583 5.586 5.589 5.592 5.569 5.545 5.521 5.497 5.474 5.450 5.426 5.402 5.385 5.385 5.378 5.378 5.378 5.378 5.378 5.377 5.412 5.456 5.499 5.515 5.512 5.532 5.553 5.573 5.594 5.594 5.635 5.655 5.676 5.696 5.685 5.662 5.673 5.697 5.720 5.744 5.767 5.791 5.815 5.837 5.828 5.810 5.810 5.800 5.791 5.782 5.773 5.813 5.835 5.818 5.801 5.784 5.766 5.749 5.732
5.771 5.730 5.689 5.652 5.642 5.638 5.633 5.629 5.625 5.620 5.616 5.612 5.608 5.590 5.557 5.557 5.492 5.484 5.487 5.490 5.493 5.496 5.481 5.457 5.433 5.409 5.386 5.362 5.338 5.320 5.306 5.306 5.294 5.294 5.294 5.294 5.293 5.293 5.293 5.293 5.293 5.304 5.303 5.294 5.285 5.277 5.268 5.268 5.286 5.306 5.327 5.347 5.355 5.361 5.385 5.408 5.432 5.455 5.479 5.502 5.526 5.549 5.544 5.526 5.526 5.517 5.507 5.528 5.594 5.659 5.671 5.668 5.651 5.634 5.617 5.600 5.583
5.663 5.622 5.581 5.582 5.566 5.535 5.504 5.488 5.484 5.480 5.475 5.471 5.467 5.455 5.422 5.422 5.385 5.388 5.391 5.394 5.397 5.400 5.393 5.369 5.345 5.321 5.297 5.274 5.256 5.242 5.227 5.227 5.210 5.210 5.210 5.210 5.209 5.209 5.209 5.209 5.212 5.237 5.255 5.246 5.237 5.228 5.219 5.219 5.201 5.193 5.184 5.175 5.171 5.134 5.096 5.120 5.143 5.167 5.190 5.214 5.237 5.261 5.260 5.242 5.242 5.243 5.308 5.374 5.439 5.504 5.508 5.506 5.502 5.485 5.468 5.450 5.433
5.555 5.514 5.517 5.525 5.520 5.489 5.458 5.427 5.396 5.364 5.335 5.330 5.326 5.320 5.288 5.287 5.289 5.292 5.295 5.298 5.301 5.304 5.305 5.281 5.257 5.233 5.210 5.192 5.177 5.163 5.149 5.149 5.126 5.126 5.126 5.125 5.125 5.125 5.125 5.124 5.146 5.171 5.196 5.197 5.188 5.180 5.171 5.171 5.153 5.144 5.135 5.128 5.132 5.114 5.071 5.027 4.983 4.939 4.902 4.925 4.949 4.972 4.977 5.023 5.023 5.089 5.154 5.219 5.285 5.347 5.345 5.343 5.341 5.335 5.318 5.301 5.284
5.447 5.452 5.460 5.468 5.474 5.443 5.412 5.381 5.350 5.318 5.287 5.256 5.225 5.194 5.187 5.187 5.193 5.196 5.199 5.202 5.205 5.208 5.211 5.193 5.169 5.146 5.127 5.113 5.099 5.084 5.070 5.070 5.042 5.042 5.041 5.041 5.041 5.041 5.041 5.055 5.080 5.105 5.129 5.149 5.140 5.131 5.122 5.122 5.104 5.095 5.087 5.089 5.093 5.095 5.051 5.007 4.964 4.920 4.876 4.832 4.788 4.745 4.738 4.869 4.869 4.934 4.999 5.065 5.130 5.184 5.182 5.180 5.177 5.175 5.169 5.152 5.135
5.387 5.395 5.403 5.411 5.420 5.397 5.366 5.335 5.303 5.272 5.241 5.210 5.179 5.151 5.133 5.133 5.113 5.104 5.103 5.106 5.109 5.112 5.115 5.105 5.081 5.063 5.049 5.034 5.020 5.005 4.991 4.991 4.962 4.957 4.957 4.957 4.957 4.957 4.964 4.989 5.013 5.038 5.063 5.088 5.091 5.083 5.074 5.074 5.056 5.047 5.045 5.049 5.053 5.058 5.032 4.988 4.944 4.900 4.857 4.813 4.769 4.732 4.708 4.714 4.714 4.780 4.845 4.910 4.975 5.021 5.018 5.016 5.014 5.012 5.010 5.002 4.985
5.330 5.338 5.346 5.354 5.363 5.351 5.320 5.289 5.258 5.226 5.195 5.164 5.136 5.108 5.085 5.085 5.066 5.056 5.046 5.037 5.027 5.017 5.019 5.017 4.998 4.984 4.970 4.956 4.941 4.927 4.912 4.912 4.884 4.873 4.873 4.873 4.873 4.873 4.898 4.923 4.947 4.972 4.997 5.022 5.043 5.034 5.025 5.025 5.008 5.002 5.006 5.010 5.014 5.019 5.013 4.969 4.925 4.881 4.837 4.793 4.753 4.726 4.698 4.693 4.694 4.693 4.693 4.756 4.821 4.857 4.855 4.853 4.851 4.849 4.847 4.844 4.835
5.273 5.281 5.289 5.297 5.306 5.305 5.274 5.243 5.212 5.180 5.149 5.121 5.093 5.065 5.038 5.038 5.018 5.009 4.999 4.989 4.979 4.970 4.960 4.942 4.923 4.905 4.891 4.877 4.862 4.848 4.834 4.833 4.805 4.790 4.789 4.789 4.789 4.806 4.831 4.856 4.881 4.906 4.930 4.955 4.980 4.986 4.977 4.977 4.959 4.962 4.967 4.971 4.975 4.979 4.983 4.949 4.905 4.862 4.818 4.775 4.748 4.720 4.693 4.680 4.680 4.680 4.679 4.679 4.678 4.694 4.695 4.703 4.711 4.718 4.726 4.734 4.750
5.216 5.224 5.232 5.240 5.249 5.257 5.228 5.197 5.166 5.134 5.106 5.078 5.050 5.022 4.994 4.994 4.971 4.961 4.951 4.941 4.932 4.922 4.902 4.878 4.858 4.840 4.821 4.802 4.784 4.769 4.755 4.755 4.726 4.712 4.705 4.705 4.715 4.740 4.765 4.790 4.815 4.839 4.864 4.889 4.914 4.937 4.928 4.928 4.919 4.923 4.927 4.931 4.936 4.940 4.944 4.930 4.886 4.842 4.799 4.770 4.742 4.715 4.687 4.667 4.667 4.666 4.666 4.666 4.655 4.636 4.644 4.651 4.659 4.667 4.675 4.683 4.711
5.216 5.224 5.232 5.241 5.249 5.257 5.228 5.197 5.165 5.134 5.106 5.078 5.050 5.022 4.994 4.994 4.971 4.961 4.951 4.941 4.932 4.922 4.902 4.878 4.858 4.840 4.821 4.802 4.784 4.769 4.755 4.755 4.726 4.712 4.705 4.704 4.715 4.740 4.765 4.790 4.815 4.839 4.864 4.889 4.914 4.937 4.928 4.928 4.919 4.923 4.927 4.932 4.936 4.940 4.944 4.930 4.886 4.842 4.798 4.770 4.742 4.715 4.687 4.667 4.667 4.667 4.666 4.666 4.655 4.636 4.644 4.651 4.659 4.667 4.675 4.683 4.711
5.159 5.167 5.175 5.184 5.192 5.200 5.182 5.151 5.120 5.092 5.064 5.036 5.007 4.979 4.951 4.951 4.923 4.913 4.904 4.894 4.884 4.862 4.838 4.815 4.794 4.775 4.757 4.738 4.719 4.700 4.682 4.681 4.647 4.633 4.621 4.624 4.649 4.674 4.699 4.723 4.748 4.773 4.798 4.823 4.847 4.872 4.880 4.880 4.880 4.884 4.888 4.892 4.897 4.901 4.905 4.909 4.867 4.823 4.792 4.764 4.737 4.709 4.682 4.654 4.654 4.653 4.653 4.645 4.619 4.593 4.592 4.600 4.608 4.616 4.624 4.645 4.673
5.102 5.110 5.118 5.127 5.135 5.143 5.136 5.105 5.077 5.049 5.021 4.993 4.964 4.936 4.908 4.908 4.876 4.866 4.856 4.845 4.822 4.798 4.775 4.752 4.730 4.711 4.692 4.673 4.655 4.636 4.617 4.617 4.580 4.561 4.542 4.563 4.587 4.612 4.637 4.661 4.686 4.711 4.735 4.760 4.784 4.809 4.833 4.833 4.840 4.845 4.849 4.853 4.857 4.861 4.866 4.870 4.847 4.814 4.786 4.759 4.731 4.703 4.676 4.641 4.641 4.640 4.634 4.608 4.582 4.556 4.541 4.549 4.557 4.565 4.578 4.606 4.634
5.083 5.084 5.085 5.086 5.087 5.087 5.066 5.035 5.003 4.971 4.938 4.907 4.879 4.851 4.823 4.823 4.780 4.765 4.742 4.718 4.695 4.672 4.648 4.625 4.601 4.582 4.563 4.545 4.526 4.507 4.489 4.488 4.478 4.480 4.485 4.522 4.559 4.584 4.609 4.633 4.658 4.683 4.707 4.732 4.756 4.780 4.781 4.781 4.783 4.787 4.790 4.793 4.797 4.800 4.803 4.806 4.806 4.791 4.765 4.739 4.714 4.688 4.662 4.613 4.613 4.587 4.561 4.535 4.509 4.484 4.458 4.446 4.454 4.473 4.501 4.529 4.557
5.077 5.078 5.079 5.079 5.080 5.066 5.041 5.013 4.981 4.948 4.916 4.884 4.851 4.819 4.787 4.786 4.725 4.702 4.678 4.655 4.632 4.608 4.585 4.561 4.538 4.518 4.499 4.481 4.462 4.443 4.444 4.444 4.448 4.450 4.461 4.497 4.534 4.570 4.595 4.619 4.644 4.668 4.693 4.718 4.742 4.754 4.755 4.755 4.756 4.759 4.762 4.765 4.769 4.772 4.775 4.776 4.776 4.774 4.748 4.722 4.697 4.671 4.645 4.605 4.605 4.576 4.541 4.507 4.473 4.447 4.421 4.395 4.406 4.434 4.462 4.490 4.518
5.071 5.072 5.072 5.073 5.065 5.041 5.016 4.991 4.958 4.926 4.894 4.861 4.829 4.796 4.764 4.764 4.640 4.623 4.607 4.591 4.568 4.545 4.521 4.498 4.474 4.454 4.435 4.416 4.410 4.412 4.414 4.414 4.418 4.420 4.436 4.473 4.510 4.547 4.581 4.605 4.630 4.654 4.679 4.704 4.728 4.728 4.729 4.729 4.729 4.731 4.734 4.738 4.741 4.744 4.747 4.746 4.746 4.745 4.731 4.705 4.680 4.654 4.629 4.597 4.597 4.578 4.543 4.509 4.474 4.440 4.405 4.371 4.369 4.396 4.424 4.451 4.479
