includes/camargue/floodfiles/results_R3_t1.56234553567E12/res-0007.wdfp
ncols         906
nrows         631
xllcorner     362177.146667
yllcorner     6534725.688020
cellsize      20.000000
NODATA_value  -9999.000000
[rows 578 to 611 of 631, columns 154 to 230 of 906]
2.988 2.989 2.989 2.989 2.964 2.939 2.914 2.890 2.860 2.827 2.795 2.763 2.730 2.698 2.638 2.638 2.476 2.460 2.443 2.427 2.410 2.394 2.378 2.360 2.336 2.315 2.302 2.305 2.307 2.309 2.312 2.312 2.316 2.318 2.339 2.376 2.413 2.450 2.488 2.520 2.545 2.569 2.594 2.619 2.631 2.631 2.632 2.632 2.633 2.633 2.636 2.640 2.643 2.647 2.648 2.647 2.647 2.647 2.646 2.621 2.595 2.570 2.545 2.524 2.524 2.514 2.480 2.446 2.412 2.378 2.344 2.291 2.279 2.304 2.330 2.356 2.382
2.981 2.982 2.983 2.964 2.939 2.914 2.889 2.864 2.837 2.805 2.773 2.740 2.708 2.649 2.564 2.564 2.394 2.371 2.355 2.338 2.322 2.306 2.289 2.273 2.256 2.189 2.273 2.275 2.277 2.280 2.282 2.282 2.286 2.288 2.314 2.351 2.388 2.425 2.463 2.500 2.530 2.555 2.580 2.604 2.605 2.605 2.606 2.606 2.607 2.607 2.608 2.612 2.615 2.618 2.617 2.617 2.617 2.616 2.616 2.603 2.578 2.553 2.537 2.516 2.516 2.506 2.482 2.448 2.414 2.379 2.326 2.273 2.251 2.277 2.303 2.328 2.354
2.975 2.976 2.963 2.939 2.914 2.889 2.864 2.839 2.815 2.783 2.750 2.718 2.659 2.574 2.489 2.489 2.319 2.283 2.266 2.250 2.234 2.217 2.201 2.168 2.156 2.156 2.156 2.156 2.232 2.250 2.252 2.252 2.256 2.258 2.289 2.326 2.363 2.400 2.438 2.475 2.512 2.541 2.566 2.579 2.579 2.579 2.580 2.580 2.581 2.581 2.581 2.584 2.587 2.587 2.587 2.587 2.586 2.586 2.586 2.585 2.561 2.539 2.529 2.508 2.509 2.499 2.484 2.450 2.414 2.361 2.308 2.255 2.224 2.249 2.275 2.301 2.327
2.969 2.963 2.938 2.914 2.889 2.864 2.839 2.814 2.790 2.760 2.728 2.670 2.585 2.500 2.415 2.415 2.244 2.194 2.178 2.162 2.156 2.156 2.156 2.156 2.156 2.156 2.156 2.156 2.156 2.157 2.171 2.171 2.226 2.228 2.264 2.301 2.338 2.376 2.413 2.450 2.488 2.525 2.552 2.553 2.553 2.553 2.554 2.554 2.554 2.555 2.555 2.556 2.558 2.557 2.557 2.556 2.556 2.556 2.556 2.555 2.544 2.532 2.521 2.501 2.501 2.491 2.481 2.449 2.396 2.343 2.290 2.236 2.196 2.222 2.248 2.273 2.299
2.963 2.938 2.914 2.889 2.864 2.839 2.814 2.789 2.765 2.738 2.680 2.595 2.510 2.425 2.340 2.340 2.170 2.156 2.156 2.156 2.156 2.156 2.156 2.156 2.156 2.156 2.156 2.156 2.156 2.156 2.156 2.157 2.157 2.202 2.228 2.249 2.270 2.292 2.313 2.334 2.355 2.376 2.446 2.442 2.438 2.434 2.431 2.431 2.423 2.419 2.416 2.412 2.271 2.274 2.277 2.280 2.283 2.285 2.288 2.291 2.436 2.487 2.477 2.455 2.456 2.446 2.435 2.424 2.378 2.325 2.271 2.218 2.169 2.194 2.220 2.246 2.272
2.905 2.895 2.871 2.848 2.824 2.801 2.777 2.753 2.730 2.709 2.618 2.521 2.436 2.350 2.265 2.265 2.156 2.156 2.156 2.156 2.156 2.156 2.156 2.156 2.156 2.156 2.156 2.156 2.156 2.156 2.156 2.156 2.156 2.157 2.156 2.157 2.157 2.157 2.157 2.157 2.157 2.157 2.157 2.198 2.195 2.191 2.187 2.187 2.179 2.176 2.172 2.158 2.158 2.158 2.158 2.158 2.159 2.159 2.160 2.160 2.160 2.406 2.396 2.374 2.375 2.364 2.354 2.343 2.332 2.306 2.253 2.200 2.166 2.167 2.193 2.219 2.242
2.846 2.844 2.826 2.803 2.779 2.755 2.732 2.708 2.686 2.671 2.601 2.504 2.406 2.309 2.212 2.212 2.156 2.156 2.156 2.156 2.156 2.156 2.156 2.156 2.156 2.156 2.156 2.156 2.156 2.156 2.156 2.156 2.156 2.156 2.156 2.156 2.156 2.157 2.157 2.157 2.157 2.157 2.157 2.157 2.157 2.157 2.157 2.157 2.157 2.157 2.157 2.157 2.157 2.158 2.158 2.158 2.158 2.159 2.159 2.160 2.160 2.161 2.314 2.293 2.293 2.283 2.272 2.262 2.251 2.240 2.229 2.182 2.165 2.166 2.166 2.186 2.205
2.786 2.785 2.781 2.757 2.734 2.710 2.686 2.663 2.647 2.633 2.585 2.487 2.390 2.292 2.195 2.195 2.156 2.156 2.156 2.156 2.155 2.155 2.155 2.155 2.156 2.156 2.156 2.156 2.156 2.156 2.156 2.156 2.156 2.156 2.156 2.156 2.156 2.156 2.156 2.157 2.157 2.157 2.157 2.157 2.157 2.157 2.157 2.157 2.157 2.157 2.157 2.157 2.157 2.157 2.158 2.158 2.158 2.159 2.159 2.160 2.160 2.160 2.181 2.211 2.212 2.201 2.191 2.180 2.169 2.164 2.165 2.165 2.165 2.166 2.166 2.166 2.169
2.727 2.726 2.724 2.712 2.689 2.665 2.641 2.624 2.609 2.594 2.568 2.471 2.373 2.276 2.178 2.178 2.156 2.156 2.156 2.156 2.155 2.155 2.155 2.155 2.156 2.156 2.156 2.156 2.156 2.156 2.156 2.156 2.156 2.156 2.156 2.156 2.156 2.156 2.156 2.156 2.157 2.157 2.157 2.157 2.157 2.157 2.157 2.157 2.157 2.157 2.157 2.157 2.157 2.157 2.157 2.158 2.158 2.158 2.159 2.159 2.160 2.160 2.161 2.161 2.162 2.162 2.163 2.163 2.164 2.164 2.165 2.165 2.165 2.166 2.166 2.166 2.166
2.668 2.666 2.665 2.663 2.643 2.620 2.600 2.586 2.571 2.556 2.541 2.454 2.356 2.259 2.162 2.162 2.156 2.156 2.155 2.155 2.155 2.155 2.155 2.155 2.155 2.155 2.155 2.156 2.156 2.156 2.156 2.156 2.156 2.156 2.156 2.156 2.156 2.156 2.156 2.156 2.156 2.157 2.157 2.157 2.157 2.157 2.157 2.157 2.157 2.157 2.157 2.157 2.157 2.157 2.157 2.157 2.158 2.158 2.159 2.159 2.160 2.160 2.161 2.161 2.162 2.162 2.163 2.163 2.164 2.164 2.165 2.165 2.165 2.165 2.166 2.166 2.166
2.668 2.666 2.665 2.664 2.643 2.620 2.600 2.586 2.571 2.556 2.541 2.454 2.356 2.259 2.162 2.162 2.155 2.155 2.155 2.155 2.155 2.155 2.155 2.155 2.155 2.155 2.155 2.155 2.156 2.156 2.156 2.156 2.156 2.156 2.156 2.156 2.156 2.156 2.156 2.156 2.156 2.156 2.156 2.156 2.156 2.156 2.156 2.156 2.156 2.156 2.156 2.156 2.157 2.157 2.157 2.157 2.158 2.158 2.159 2.159 2.159 2.160 2.160 2.161 2.162 2.162 2.163 2.163 2.164 2.164 2.165 2.165 2.165 2.165 2.166 2.166 2.166
2.608 2.607 2.605 2.604 2.598 2.577 2.562 2.547 2.532 2.517 2.503 2.437 2.340 2.242 2.155 2.155 2.155 2.155 2.155 2.155 2.155 2.155 2.155 2.155 2.155 2.155 2.155 2.155 2.155 2.155 2.156 2.155 2.155 2.155 2.155 2.155 2.156 2.156 2.156 2.156 2.156 2.156 2.156 2.156 2.156 2.156 2.156 2.156 2.156 2.156 2.156 2.156 2.156 2.157 2.157 2.157 2.158 2.158 2.159 2.159 2.159 2.159 2.160 2.161 2.162 2.162 2.163 2.163 2.164 2.164 2.164 2.165 2.165 2.165 2.165 2.166 2.166
2.549 2.547 2.546 2.545 2.552 2.541 2.524 2.509 2.494 2.479 2.464 2.421 2.323 2.155 2.155 2.155 2.155 2.155 2.155 2.155 2.155 2.155 2.155 2.155 2.155 2.155 2.155 2.155 2.155 2.155 2.156 2.156 2.155 2.155 2.155 2.155 2.155 2.156 2.156 2.156 2.156 2.156 2.156 2.156 2.156 2.156 2.156 2.156 2.156 2.156 2.156 2.156 2.156 2.157 2.157 2.157 2.158 2.158 2.158 2.159 2.159 2.159 2.160 2.161 2.161 2.162 2.163 2.163 2.164 2.164 2.164 2.165 2.165 2.165 2.165 2.165 2.166
2.454 2.466 2.478 2.490 2.502 2.497 2.478 2.459 2.440 2.421 2.401 2.288 2.155 2.155 2.155 2.155 2.155 2.155 2.155 2.155 2.155 2.155 2.155 2.155 2.155 2.155 2.155 2.155 2.155 2.155 2.155 2.156 2.155 2.155 2.155 2.155 2.155 2.156 2.156 2.156 2.156 2.156 2.156 2.156 2.156 2.156 2.156 2.156 2.156 2.156 2.156 2.156 2.156 2.157 2.157 2.157 2.157 2.158 2.158 2.159 2.159 2.160 2.160 2.161 2.161 2.162 2.163 2.163 2.164 2.164 2.164 2.165 2.165 2.165 2.165 2.165 2.165
2.429 2.441 2.453 2.465 2.477 2.476 2.457 2.437 2.418 2.399 2.285 2.156 2.155 2.155 2.155 2.155 2.155 2.155 2.155 2.155 2.155 2.155 2.155 2.155 2.155 2.155 2.155 2.155 2.155 2.155 2.155 2.156 2.155 2.155 2.155 2.155 2.155 2.155 2.156 2.156 2.156 2.156 2.156 2.156 2.156 2.156 2.156 2.156 2.156 2.156 2.156 2.156 2.156 2.156 2.157 2.157 2.157 2.158 2.158 2.159 2.159 2.160 2.160 2.161 2.161 2.162 2.163 2.163 2.164 2.164 2.164 2.164 2.165 2.165 2.165 2.165 2.165
2.404 2.416 2.428 2.440 2.452 2.454 2.435 2.416 2.396 2.283 2.156 2.155 2.155 2.155 2.155 2.155 2.155 2.155 2.155 2.155 2.155 2.155 2.155 2.155 2.155 2.155 2.155 2.155 2.155 2.155 2.155 2.155 2.155 2.155 2.155 2.155 2.155 2.155 2.155 2.156 2.156 2.156 2.156 2.156 2.156 2.156 2.156 2.156 2.156 2.156 2.156 2.156 2.156 2.156 2.157 2.157 2.157 2.158 2.158 2.159 2.159 2.160 2.160 2.161 2.162 2.162 2.163 2.163 2.163 2.164 2.164 2.164 2.164 2.165 2.165 2.165 2.165
2.380 2.391 2.403 2.415 2.427 2.432 2.413 2.394 2.280 2.156 2.156 2.155 2.155 2.155 2.155 2.155 2.155 2.155 2.155 2.155 2.155 2.155 2.155 2.155 2.155 2.155 2.155 2.155 2.155 2.155 2.155 2.155 2.155 2.155 2.155 2.155 2.155 2.155 2.155 2.155 2.156 2.156 2.156 2.156 2.156 2.155 2.155 2.155 2.155 2.155 2.155 2.156 2.156 2.156 2.156 2.157 2.157 2.158 2.158 2.159 2.159 2.160 2.161 2.161 2.162 2.162 2.163 2.163 2.163 2.164 2.164 2.164 2.164 2.164 2.165 2.165 2.165
2.358 2.369 2.379 2.390 2.402 2.411 2.391 2.278 2.156 2.156 2.155 2.155 2.155 2.155 2.155 2.155 2.155 2.155 2.155 2.155 2.155 2.155 2.155 2.155 2.155 2.155 2.155 2.155 2.155 2.156 2.156 2.155 2.155 2.156 2.155 2.155 2.155 2.155 2.155 2.155 2.155 2.156 2.156 2.156 2.155 2.155 2.155 2.155 2.155 2.155 2.155 2.155 2.156 2.156 2.156 2.157 2.157 2.158 2.158 2.159 2.159 2.160 2.161 2.161 2.162 2.162 2.163 2.163 2.163 2.163 2.164 2.164 2.164 2.164 2.165 2.165 2.165
2.337 2.347 2.357 2.367 2.378 2.389 2.275 2.156 2.156 2.155 2.155 2.155 2.155 2.155 2.155 2.155 2.155 2.155 2.155 2.155 2.155 2.155 2.155 2.155 2.155 2.155 2.155 2.155 2.155 2.156 2.156 2.156 2.156 2.156 2.155 2.155 2.155 2.155 2.155 2.155 2.155 2.155 2.155 2.155 2.155 2.155 2.155 2.155 2.155 2.155 2.155 2.155 2.156 2.156 2.156 2.157 2.157 2.158 2.158 2.159 2.160 2.160 2.161 2.161 2.162 2.162 2.162 2.163 2.163 2.163 2.164 2.164 2.164 2.164 2.164 2.164 2.165
2.315 2.325 2.336 2.346 2.356 2.359 2.156 2.156 2.155 2.155 2.155 2.155 2.155 2.155 2.155 2.155 2.155 2.155 2.155 2.155 2.155 2.155 2.155 2.155 2.155 2.155 2.155 2.155 2.156 2.156 2.156 2.156 2.156 2.156 2.155 2.155 2.155 2.155 2.155 2.155 2.155 2.155 2.155 2.155 2.155 2.155 2.155 2.155 2.155 2.155 2.155 2.155 2.156 2.156 2.156 2.157 2.157 2.158 2.159 2.159 2.160 2.160 2.161 2.161 2.162 2.162 2.163 2.163 2.163 2.163 2.164 2.164 2.164 2.164 2.164 2.164 2.164
2.294 2.304 2.314 2.324 2.325 2.323 2.157 2.156 2.155 2.155 2.155 2.155 2.155 2.155 2.155 2.155 2.155 2.155 2.155 2.155 2.155 2.155 2.155 2.155 2.155 2.155 2.155 2.156 2.156 2.156 2.156 2.156 2.156 2.156 2.155 2.155 2.155 2.155 2.155 2.155 2.155 2.155 2.155 2.155 2.155 2.155 2.155 2.155 2.155 2.155 2.155 2.155 2.156 2.156 2.156 2.157 2.158 2.158 2.159 2.159 2.160 2.160 2.161 2.161 2.162 2.162 2.162 2.163 2.163 2.163 2.163 2.164 2.164 2.164 2.164 2.164 2.164
2.272 2.282 2.292 2.291 2.289 2.287 2.176 2.155 2.155 2.155 2.155 2.155 2.155 2.155 2.155 2.155 2.155 2.155 2.155 2.155 2.155 2.155 2.155 2.155 2.155 2.155 2.156 2.156 2.156 2.156 2.156 2.156 2.156 2.156 2.155 2.155 2.155 2.155 2.155 2.155 2.155 2.155 2.155 2.155 2.155 2.155 2.155 2.155 2.155 2.155 2.155 2.156 2.156 2.156 2.157 2.157 2.158 2.158 2.159 2.159 2.160 2.160 2.161 2.161 2.162 2.162 2.162 2.163 2.163 2.163 2.163 2.163 2.164 2.164 2.164 2.164 2.164
2.251 2.259 2.257 2.255 2.253 2.251 2.195 2.155 2.155 2.155 2.155 2.155 2.155 2.155 2.155 2.155 2.155 2.155 2.155 2.155 2.155 2.155 2.155 2.155 2.155 2.155 2.156 2.156 2.156 2.156 2.156 2.156 2.156 2.156 2.156 2.155 2.155 2.155 2.155 2.155 2.155 2.155 2.155 2.155 2.155 2.155 2.155 2.155 2.155 2.155 2.156 2.156 2.156 2.157 2.157 2.158 2.158 2.159 2.159 2.160 2.160 2.161 2.161 2.161 2.162 2.162 2.162 2.163 2.163 2.163 2.163 2.163 2.163 2.163 2.164 2.164 2.164
2.226 2.224 2.221 2.219 2.217 2.215 2.213 2.156 2.155 2.155 2.155 2.155 2.155 2.155 2.155 2.155 2.155 2.155 2.155 2.155 2.155 2.155 2.155 2.155 2.155 2.155 2.156 2.156 2.156 2.156 2.156 2.156 2.156 2.156 2.156 2.155 2.155 2.155 2.155 2.155 2.155 2.155 2.155 2.155 2.155 2.155 2.155 2.155 2.156 2.156 2.156 2.157 2.157 2.157 2.158 2.158 2.159 2.159 2.159 2.160 2.160 2.161 2.161 2.161 2.162 2.162 2.162 2.163 2.163 2.163 2.163 2.163 2.163 2.163 2.163 2.163 2.163
2.190 2.188 2.186 2.184 2.181 2.179 2.177 2.156 2.156 2.155 2.155 2.155 2.155 2.155 2.155 2.155 2.155 2.155 2.155 2.155 2.155 2.155 2.155 2.155 2.155 2.155 2.156 2.156 2.156 2.156 2.156 2.156 2.156 2.156 2.156 2.155 2.155 2.155 2.155 2.155 2.155 2.155 2.155 2.155 2.155 2.156 2.156 2.156 2.156 2.157 2.157 2.157 2.157 2.158 2.158 2.159 2.159 2.159 2.160 2.160 2.160 2.161 2.161 2.162 2.162 2.162 2.162 2.163 2.163 2.163 2.163 2.163 2.163 2.163 2.163 2.163 2.163
2.156 2.156 2.156 2.156 2.156 2.156 2.156 2.156 2.156 2.156 2.155 2.155 2.155 2.155 2.155 2.155 2.155 2.155 2.155 2.155 2.155 2.155 2.155 2.155 2.155 2.155 2.155 2.156 2.156 2.156 2.156 2.156 2.156 2.156 2.156 2.155 2.155 2.155 2.155 2.155 2.155 2.155 2.155 2.155 2.155 2.156 2.156 2.156 2.157 2.157 2.157 2.158 2.158 2.158 2.159 2.159 2.159 2.160 2.160 2.160 2.161 2.161 2.161 2.162 2.162 2.162 2.162 2.163 2.163 2.163 2.163 2.163 2.163 2.163 2.163 2.163 2.163
2.156 2.156 2.156 2.156 2.156 2.156 2.156 2.156 2.156 2.156 2.156 2.155 2.155 2.155 2.155 2.155 2.155 2.155 2.155 2.155 2.155 2.155 2.155 2.155 2.155 2.155 2.156 2.156 2.156 2.156 2.156 2.156 2.156 2.156 2.156 2.156 2.155 2.155 2.155 2.155 2.156 2.156 2.156 2.156 2.156 2.156 2.156 2.156 2.157 2.157 2.158 2.158 2.158 2.159 2.159 2.159 2.160 2.160 2.160 2.161 2.161 2.161 2.162 2.162 2.162 2.162 2.162 2.163 2.163 2.163 2.163 2.163 2.163 2.163 2.163 2.163 2.163
2.156 2.156 2.156 2.156 2.156 2.156 2.156 2.156 2.156 2.156 2.156 2.155 2.155 2.155 2.155 2.155 2.155 2.155 2.155 2.155 2.155 2.155 2.155 2.155 2.155 2.155 2.156 2.156 2.156 2.156 2.156 2.156 2.156 2.156 2.156 2.156 2.156 2.155 2.155 2.156 2.156 2.156 2.156 2.156 2.156 2.156 2.156 2.157 2.157 2.158 2.158 2.159 2.159 2.159 2.159 2.160 2.160 2.160 2.161 2.161 2.161 2.162 2.162 2.162 2.162 2.162 2.162 2.162 2.163 2.163 2.163 2.163 2.163 2.162 2.162 2.162 2.162
2.165 2.156 2.156 2.156 2.156 2.156 2.156 2.156 2.156 2.156 2.156 2.155 2.155 2.155 2.155 2.155 2.155 2.155 2.155 2.155 2.155 2.155 2.155 2.155 2.155 2.155 2.156 2.156 2.156 2.156 2.156 2.156 2.156 2.156 2.156 2.156 2.156 2.156 2.156 2.156 2.156 2.157 2.157 2.157 2.157 2.157 2.157 2.158 2.158 2.158 2.159 2.159 2.159 2.160 2.160 2.160 2.160 2.161 2.161 2.161 2.162 2.162 2.162 2.162 2.162 2.162 2.162 2.162 2.162 2.162 2.162 2.162 2.162 2.162 2.162 2.163 2.163
2.201 2.179 2.158 2.156 2.156 2.156 2.156 2.156 2.156 2.156 2.156 2.155 2.155 2.155 2.155 2.155 2.155 2.155 2.155 2.155 2.155 2.155 2.155 2.155 2.155 2.155 2.156 2.156 2.156 2.156 2.156 2.156 2.156 2.156 2.156 2.156 2.156 2.156 2.156 2.157 2.157 2.157 2.157 2.157 2.157 2.158 2.158 2.158 2.159 2.159 2.159 2.160 2.160 2.160 2.160 2.161 2.161 2.161 2.161 2.161 2.162 2.162 2.162 2.162 2.162 2.162 2.162 2.162 2.162 2.162 2.162 2.162 2.162 2.162 2.162 2.163 2.163
2.218 2.197 2.175 2.156 2.156 2.156 2.156 2.156 2.156 2.156 2.156 2.155 2.155 2.155 2.155 2.155 2.155 2.155 2.155 2.155 2.155 2.155 2.155 2.155 2.155 2.155 2.156 2.156 2.156 2.156 2.156 2.156 2.156 2.156 2.156 2.156 2.156 2.156 2.157 2.157 2.157 2.158 2.158 2.158 2.158 2.158 2.159 2.159 2.159 2.159 2.160 2.160 2.160 2.160 2.161 2.161 2.161 2.161 2.162 2.162 2.162 2.162 2.162 2.162 2.162 2.162 2.162 2.162 2.162 2.162 2.162 2.162 2.162 2.162 2.163 2.163 2.163
2.236 2.215 2.193 2.172 2.156 2.156 2.156 2.156 2.156 2.156 2.156 2.156 2.155 2.155 2.155 2.155 2.155 2.155 2.155 2.155 2.155 2.155 2.155 2.155 2.155 2.155 2.156 2.156 2.156 2.156 2.156 2.156 2.156 2.156 2.156 2.156 2.156 2.157 2.157 2.158 2.158 2.158 2.158 2.158 2.159 2.159 2.159 2.159 2.160 2.160 2.160 2.160 2.161 2.161 2.161 2.161 2.161 2.162 2.162 2.162 2.162 2.162 2.162 2.162 2.162 2.162 2.162 2.162 2.162 2.162 2.162 2.162 2.162 2.163 2.163 2.163 2.163
2.254 2.232 2.211 2.159 2.157 2.157 2.156 2.156 2.156 2.156 2.156 2.156 2.156 2.155 2.155 2.155 2.155 2.155 2.155 2.155 2.155 2.155 2.155 2.155 2.155 2.156 2.156 2.156 2.156 2.156 2.156 2.156 2.156 2.156 2.156 2.156 2.157 2.157 2.158 2.158 2.158 2.159 2.159 2.159 2.159 2.159 2.160 2.160 2.160 2.160 2.161 2.161 2.161 2.161 2.161 2.162 2.162 2.162 2.162 2.162 2.162 2.162 2.162 2.162 2.162 2.162 2.162 2.162 2.162 2.162 2.162 2.162 2.163 2.163 2.163 2.163 2.163
2.266 2.242 2.190 2.157 2.157 2.157 2.157 2.156 2.156 2.156 2.156 2.156 2.156 2.156 2.155 2.155 2.155 2.155 2.155 2.155 2.155 2.155 2.155 2.155 2.156 2.156 2.156 2.156 2.156 2.156 2.156 2.156 2.156 2.156 2.157 2.157 2.157 2.158 2.158 2.158 2.159 2.159 2.159 2.159 2.160 2.160 2.160 2.160 2.160 2.161 2.161 2.161 2.161 2.162 2.162 2.162 2.162 2.162 2.162 2.162 2.162 2.162 2.162 2.162 2.162 2.162 2.162 2.162 2.162 2.162 2.162 2.163 2.163 2.163 2.163 2.163 2.163
