includes/camargue/floodfiles/results_R3_t1.56234553567E12/res-0010.wdfp
ncols         906
nrows         631
xllcorner     362177.146667
yllcorner     6534725.688020
cellsize      20.000000
NODATA_value  -9999.000000
[rows 204 to 237 of 631, columns 770 to 846 of 906]
0.911 0.641 0.075 0.162 0.832 0.963 0.953 0.000 0.775 0.835 0.845 1.015 1.015 0.223 0.521 0.447 0.866 0.000 0.313 0.912 0.602 0.231 0.249 0.229 0.398 0.798 0.259 0.309 0.309 0.862 0.522 0.542 0.272 0.762 0.842 0.672 0.166 0.707 0.000 0.917 0.837 0.055 0.094 0.000 0.000 0.073 0.912 0.000 1.053 0.323 0.333 0.513 0.153 0.193 0.000 0.827 0.327 0.868 0.737 0.947 0.947 0.351 0.000 0.000 0.081 0.571 0.651 0.000 0.000 0.000 0.000 0.005 0.000 0.807 0.807 0.907 0.907
0.263 0.000 0.854 0.000 0.000 0.893 0.162 0.835 0.835 0.925 0.995 0.595 0.595 0.945 0.654 0.259 0.816 0.735 0.734 0.000 0.039 0.192 0.480 0.890 0.829 0.909 0.419 0.120 0.121 0.642 0.292 0.413 0.523 0.503 0.000 0.000 0.907 0.627 0.857 0.837 0.677 0.448 0.158 0.778 0.778 0.558 0.000 1.187 0.565 0.000 0.597 0.175 0.000 0.065 0.888 0.898 0.000 0.868 0.478 0.787 0.787 0.000 0.000 0.283 0.703 0.642 0.141 0.000 0.000 0.000 0.000 0.004 0.646 0.096 0.167 0.877 0.877
0.137 0.395 0.144 0.908 0.508 0.000 0.171 0.755 1.095 0.695 0.885 0.135 0.135 1.335 0.385 0.182 0.836 0.009 0.574 0.642 0.480 0.218 0.900 0.860 0.610 0.290 0.131 0.373 0.373 0.823 0.463 0.273 0.000 0.375 0.926 0.786 0.776 0.000 0.697 0.767 0.688 0.818 0.378 0.368 0.368 0.818 0.058 1.027 0.000 0.598 0.528 0.000 0.680 0.000 0.938 0.938 0.000 0.958 1.008 0.000 0.000 0.000 0.000 0.000 0.554 0.293 0.000 0.619 0.129 0.000 0.000 0.007 0.000 0.043 0.000 0.137 0.137
0.000 0.848 0.000 0.118 0.878 0.928 0.166 0.966 0.496 0.676 0.945 0.985 0.985 0.945 1.245 0.925 0.144 0.804 0.343 0.069 0.769 0.250 0.244 0.153 0.311 0.212 0.733 0.833 0.833 0.483 0.714 0.154 0.685 1.105 0.736 0.000 0.886 0.547 0.707 0.697 0.000 0.462 0.080 0.848 0.848 0.000 0.908 0.818 0.399 0.339 0.599 0.039 0.200 0.000 0.879 0.899 0.989 0.828 0.868 0.000 0.000 0.000 0.658 0.578 0.371 0.000 0.169 0.529 0.719 0.909 0.000 0.000 0.410 0.350 0.000 0.237 0.237
0.258 0.908 0.000 0.858 0.978 0.247 0.846 1.056 0.316 1.016 0.216 0.000 0.000 1.006 1.076 0.016 1.156 0.366 0.387 0.908 0.117 0.000 0.019 0.229 0.000 0.683 0.833 0.933 0.933 0.204 0.754 0.245 0.725 0.000 0.000 1.086 0.496 0.000 0.327 0.032 0.716 0.716 0.113 0.399 0.399 0.919 0.878 0.000 0.741 0.230 0.489 0.830 0.610 0.330 0.889 0.000 0.969 0.889 0.000 0.000 0.000 0.000 0.000 0.639 0.000 0.000 0.129 0.000 0.509 0.379 0.689 0.000 0.350 0.400 0.143 0.000 0.000
0.828 0.928 0.000 1.108 1.188 0.218 0.387 0.437 0.407 0.966 0.146 0.767 0.767 0.336 1.056 1.066 0.906 0.000 0.518 0.360 1.067 0.437 0.072 0.107 0.114 0.393 0.144 0.773 0.773 0.234 0.974 0.235 0.745 0.176 0.456 0.406 0.047 0.607 0.567 0.034 0.937 0.376 0.305 0.869 0.869 1.069 0.469 0.151 0.801 0.151 0.540 0.380 0.640 1.060 1.060 0.000 0.859 0.619 0.000 0.000 0.000 0.000 0.069 0.350 1.350 0.315 0.879 0.649 0.000 0.299 0.359 0.589 0.106 0.089 0.636 0.606 0.606
0.000 1.128 1.068 1.118 0.958 0.908 0.567 1.037 1.047 1.037 0.137 1.027 1.027 0.587 0.956 0.000 0.597 1.097 0.228 0.000 1.027 0.787 1.017 0.256 0.000 0.034 0.205 0.234 0.234 0.224 0.844 0.335 0.245 0.476 0.226 0.666 0.277 0.347 0.050 0.938 1.007 0.257 0.867 0.000 0.000 1.019 0.000 0.303 0.493 0.752 0.280 0.100 0.000 1.120 1.090 0.170 0.939 0.809 0.000 0.700 0.700 0.170 0.000 0.880 0.039 0.000 1.079 1.149 1.199 1.149 0.089 0.000 0.686 1.006 0.000 0.736 0.736
0.120 0.308 1.138 0.068 0.258 0.678 0.847 1.037 0.000 0.937 0.827 0.467 0.467 0.269 0.697 0.487 0.000 1.207 0.190 1.038 0.938 0.628 0.000 0.107 0.457 0.103 0.090 0.136 0.135 0.000 0.815 0.605 0.616 0.147 0.000 0.576 0.000 0.727 0.000 1.009 0.068 0.297 0.787 0.215 0.216 0.000 0.776 0.110 0.767 0.055 0.420 0.550 0.000 1.130 0.960 0.940 0.730 0.760 0.167 1.070 1.070 0.740 0.000 0.000 0.439 0.519 0.399 0.000 1.079 1.079 1.149 1.129 0.090 0.000 0.000 0.000 0.000
0.168 0.000 0.780 0.790 0.580 0.429 0.867 0.957 0.967 0.000 0.757 0.036 0.039 1.154 0.045 0.203 0.529 0.308 0.000 0.938 0.000 0.858 0.979 0.869 0.119 0.239 0.127 0.000 0.000 0.000 0.000 0.000 0.656 0.350 0.686 0.000 0.620 0.060 0.831 0.770 0.079 0.857 0.000 0.977 0.977 0.267 0.886 0.515 0.490 0.309 0.045 0.670 1.130 1.130 0.000 0.950 0.850 0.220 0.000 1.130 1.130 0.810 0.340 0.098 0.669 0.329 0.239 0.169 0.449 0.000 0.489 1.039 1.139 1.129 0.000 0.530 0.530
0.201 0.000 0.720 0.500 1.140 0.920 0.000 0.170 0.055 0.971 0.000 1.034 1.034 1.164 0.000 0.927 0.000 0.000 1.059 0.929 0.899 0.000 0.000 0.659 0.860 0.920 0.190 0.000 0.000 0.000 0.000 0.000 0.000 0.000 0.488 0.640 0.000 0.263 0.832 0.000 0.280 0.091 0.817 1.077 1.077 0.277 0.776 0.796 0.002 0.739 0.659 0.000 1.160 1.140 0.000 0.580 0.420 0.000 0.000 1.090 1.090 0.760 0.280 0.630 0.128 0.000 0.759 0.569 0.679 0.549 0.539 0.000 0.000 0.325 0.350 0.000 0.000
0.000 0.413 0.862 0.331 0.251 0.780 0.861 0.791 0.309 0.212 0.104 1.094 1.094 0.021 0.955 0.282 0.822 0.000 0.454 0.000 0.000 0.823 0.853 0.000 0.092 0.821 0.282 0.084 0.084 0.164 0.000 0.000 0.000 0.003 0.000 0.611 0.205 0.695 0.793 0.000 0.770 0.000 0.977 0.967 0.967 0.407 0.707 0.667 0.113 0.309 0.379 0.000 1.151 1.161 0.009 0.601 0.501 0.000 1.250 1.020 1.020 0.530 0.250 0.740 0.330 0.450 0.000 0.629 0.529 0.489 0.569 0.059 0.000 0.000 0.435 0.486 0.487
0.873 1.073 0.167 1.031 0.871 0.000 0.791 0.000 0.733 1.043 0.416 1.165 1.165 0.204 0.686 0.165 0.000 0.799 0.829 0.152 0.063 0.033 0.443 0.412 0.197 0.384 0.944 0.924 0.924 0.364 0.314 0.723 0.018 0.012 0.159 0.287 0.227 0.817 0.000 0.289 0.000 0.958 0.948 0.000 0.000 0.507 0.627 0.327 0.025 0.449 0.168 0.000 1.321 0.751 0.691 0.601 0.541 0.000 1.120 0.750 0.750 0.650 0.460 0.660 0.231 0.250 0.003 0.619 0.589 0.549 0.016 0.000 0.296 0.476 0.126 0.386 0.387
0.134 0.774 0.010 1.011 0.000 0.727 0.000 0.817 0.000 0.000 1.126 0.000 0.000 0.966 0.936 0.325 0.253 0.750 0.142 0.324 0.114 0.224 0.783 0.000 1.297 1.197 0.000 1.084 1.084 0.804 0.934 0.393 0.037 0.126 0.132 0.590 0.259 0.869 0.199 0.809 0.208 1.048 0.000 0.770 0.770 0.289 0.399 0.339 0.429 0.000 0.562 0.331 1.081 0.000 0.712 0.632 0.000 0.000 1.250 0.000 0.000 0.300 0.820 0.009 0.331 0.000 0.499 0.639 0.619 0.000 0.156 0.556 0.396 0.596 0.446 0.366 0.367
0.495 0.755 1.015 0.000 0.897 0.607 0.667 0.067 0.277 1.177 1.037 1.047 1.047 0.947 0.017 0.216 0.035 0.254 0.325 0.605 0.495 0.645 0.175 0.000 1.117 1.227 0.977 0.495 0.494 0.484 0.703 0.311 0.977 0.110 0.115 0.381 0.200 0.940 0.830 0.000 0.918 1.038 0.150 0.461 0.461 0.300 0.520 0.430 0.000 0.516 0.000 0.043 0.981 0.000 0.803 0.623 0.000 0.020 1.150 0.000 0.000 0.140 0.200 0.000 0.542 0.000 0.679 0.629 0.000 0.626 0.516 0.606 0.246 0.000 0.557 0.447 0.447
0.495 0.755 1.015 0.000 0.897 0.607 0.667 0.067 0.277 1.177 1.037 1.047 1.047 0.947 0.017 0.217 0.036 0.255 0.325 0.605 0.495 0.645 0.175 0.000 1.117 1.227 0.977 0.496 0.495 0.484 0.703 0.311 0.977 0.112 0.116 0.383 0.201 0.940 0.830 0.000 0.918 1.038 0.150 0.461 0.461 0.301 0.520 0.430 0.000 0.516 0.000 0.048 0.981 0.000 0.803 0.623 0.000 0.020 1.150 0.000 0.000 0.140 0.201 0.000 0.542 0.000 0.679 0.629 0.000 0.626 0.516 0.606 0.247 0.000 0.557 0.447 0.447
0.236 0.166 0.916 0.456 0.917 0.117 0.598 0.689 0.000 1.157 1.127 0.927 0.927 0.847 0.618 0.728 0.648 0.207 0.325 0.545 0.146 0.336 0.195 0.815 0.000 0.000 1.328 0.506 0.505 0.364 0.833 0.460 0.777 0.263 0.647 0.385 0.133 0.771 0.180 1.129 1.049 0.000 0.041 0.751 0.751 0.341 0.471 0.000 0.506 0.336 0.305 0.170 0.671 0.000 0.555 0.634 0.100 1.090 1.240 0.850 0.850 0.550 0.261 0.102 0.342 0.282 0.121 0.131 0.526 0.496 0.636 0.000 0.737 0.627 0.000 0.000 0.000
0.000 0.136 0.666 0.626 0.707 0.207 0.000 1.129 1.059 0.000 1.058 0.009 0.009 0.178 0.488 0.538 0.538 0.218 0.000 0.258 0.748 0.548 0.000 0.104 1.001 1.051 1.030 0.000 0.000 0.283 0.753 0.049 0.925 0.534 0.258 0.176 0.324 0.732 0.371 0.979 0.017 0.485 0.863 0.602 0.602 0.000 0.522 0.613 0.346 0.376 0.745 0.675 0.000 0.245 0.371 0.000 0.018 1.040 0.030 0.840 0.840 0.161 1.451 0.102 0.362 0.413 0.373 0.644 0.000 0.556 0.676 0.000 1.747 0.207 0.028 0.498 0.498
0.846 0.686 0.836 0.207 0.777 0.957 0.000 1.129 1.139 0.000 0.879 0.499 0.499 0.459 0.419 0.419 0.539 0.059 0.549 0.669 0.479 0.000 0.534 0.504 0.000 1.071 1.011 1.002 1.002 0.000 0.000 0.915 0.975 0.241 0.507 0.386 0.595 0.595 0.195 0.051 0.247 0.370 0.033 0.542 0.542 0.522 0.552 0.000 0.667 0.687 0.177 0.018 0.380 0.559 0.469 0.000 0.720 0.980 0.720 0.470 0.470 0.141 0.331 0.232 0.402 0.372 0.000 0.535 1.575 0.226 0.004 0.117 0.957 0.237 0.758 0.278 0.278
1.136 0.816 0.000 0.897 0.148 0.169 1.120 1.120 0.000 0.980 0.909 0.479 0.479 0.419 0.529 0.519 0.400 0.490 0.000 0.539 0.879 0.079 0.564 0.474 0.634 0.603 0.000 0.672 0.673 1.024 0.205 0.000 0.132 0.927 0.567 0.816 0.506 0.696 0.516 0.186 0.785 0.146 0.381 0.000 0.000 0.532 0.000 0.640 0.090 0.450 0.510 0.500 0.340 0.690 0.600 0.240 1.370 0.890 0.080 0.220 0.220 0.041 0.172 0.292 0.203 0.000 0.755 0.985 0.086 0.737 0.497 0.527 0.957 0.005 1.298 1.308 1.308
0.000 0.000 0.025 0.038 1.170 0.960 1.180 0.000 0.620 0.930 0.270 0.480 0.480 0.500 0.440 0.370 0.630 0.500 0.620 0.420 0.470 0.510 0.137 0.414 0.554 0.514 0.655 0.195 0.195 1.005 1.125 1.205 0.000 0.000 0.287 0.336 0.196 0.326 0.897 0.000 0.587 0.280 0.681 0.541 0.541 0.000 0.539 0.000 0.456 0.453 0.083 0.000 0.472 0.531 1.231 0.901 0.351 0.191 0.091 0.291 0.291 0.092 0.093 0.094 0.525 0.685 0.705 0.000 0.327 0.157 0.147 0.877 1.287 0.268 0.688 1.258 1.258
0.000 0.000 0.738 1.018 0.000 0.011 0.930 0.000 0.970 0.880 0.000 0.560 0.560 0.620 0.520 0.320 0.650 0.500 0.660 0.830 0.250 0.531 1.011 0.158 0.000 0.216 0.427 0.567 0.567 0.000 0.765 1.015 1.095 1.145 0.000 0.000 0.207 0.737 0.547 0.000 0.349 0.591 0.421 0.661 0.661 0.361 0.319 0.404 0.411 0.019 0.459 0.497 0.666 0.000 0.155 0.134 0.474 0.000 0.061 0.341 0.341 0.073 0.655 0.775 0.875 0.645 0.000 0.000 0.177 0.117 0.257 0.457 1.347 0.178 0.658 0.000 0.000
0.000 0.968 0.988 1.018 0.000 0.601 0.831 1.001 1.141 0.000 0.410 0.610 0.610 0.091 0.501 0.201 0.531 0.331 0.141 0.471 0.981 1.061 0.981 0.099 0.248 0.537 0.577 0.547 0.547 0.827 0.447 0.000 0.945 0.915 0.966 0.000 0.000 0.028 0.204 0.117 0.131 0.342 0.562 0.512 0.512 0.551 0.380 0.177 0.691 0.601 0.701 0.010 0.288 0.190 0.452 0.000 0.536 0.000 0.000 0.000 0.000 0.685 0.865 1.005 0.000 0.000 0.837 0.857 0.307 0.547 0.267 0.538 0.000 0.000 0.858 0.818 0.818
0.000 0.938 1.048 0.077 0.874 0.212 0.971 0.331 1.011 0.114 0.005 0.162 0.162 0.182 0.482 0.212 0.511 0.751 0.341 0.431 0.471 1.021 0.000 0.359 0.489 0.238 0.408 0.448 0.448 0.527 0.517 0.708 0.000 0.000 0.946 0.886 0.886 0.000 0.364 0.000 0.413 0.413 0.543 0.533 0.533 0.062 0.580 0.670 0.118 0.086 0.402 0.472 0.192 0.052 0.403 0.222 0.331 0.661 0.551 0.711 0.711 0.137 0.000 0.566 0.836 0.157 0.497 0.457 0.217 0.097 0.000 0.478 0.778 0.768 0.828 0.778 0.778
0.928 1.008 0.888 0.908 0.091 0.127 0.116 0.976 0.406 0.256 0.506 0.216 0.216 0.104 0.482 0.302 0.412 0.672 0.402 0.791 1.051 0.951 0.120 0.439 0.509 0.479 0.578 0.508 0.508 0.118 0.168 0.648 0.638 0.588 0.000 0.466 0.756 0.836 0.836 0.156 0.414 0.674 0.224 0.454 0.454 0.404 0.000 0.371 0.441 0.591 0.087 0.255 0.545 0.155 0.464 0.173 0.311 0.741 0.801 0.000 0.000 0.556 0.656 0.546 0.366 0.437 0.327 0.587 0.068 0.808 0.818 0.738 0.758 0.728 0.758 0.000 0.000
0.968 1.118 0.398 0.118 0.314 0.919 0.457 0.907 0.527 0.367 0.527 0.727 0.727 0.285 0.603 0.763 0.362 0.742 0.412 1.031 1.001 0.000 1.010 0.269 0.699 0.569 0.219 0.309 0.309 0.749 0.399 0.139 0.000 0.748 0.708 0.588 0.000 0.906 0.886 0.296 0.496 0.165 0.245 0.665 0.665 0.065 0.424 0.354 0.000 0.292 0.249 0.466 0.436 0.796 0.515 0.405 0.173 0.492 0.000 0.147 0.147 0.506 0.486 0.256 0.176 0.000 0.148 0.278 0.868 0.708 0.768 0.808 0.000 0.114 0.000 0.000 0.000
1.118 0.000 0.798 0.219 0.988 0.174 0.677 0.617 0.907 0.437 0.837 0.647 0.647 0.236 0.354 0.454 0.243 0.612 0.032 1.022 0.251 0.480 0.610 0.220 0.999 0.489 0.619 0.919 0.919 0.259 0.849 0.939 0.279 0.568 0.218 0.618 0.688 0.127 0.427 0.826 0.486 0.326 0.296 0.746 0.746 0.176 0.000 1.096 0.446 0.565 0.071 0.227 0.207 0.576 0.365 0.000 0.513 0.273 0.042 0.187 0.187 0.000 0.000 0.288 0.000 0.528 0.518 0.488 0.488 0.778 0.000 0.000 0.198 0.609 0.369 0.139 0.139
0.027 0.805 0.191 0.890 0.579 0.579 0.000 0.707 0.627 0.327 0.917 0.517 0.517 0.607 0.325 0.594 0.334 0.932 1.022 1.032 0.000 0.310 0.670 0.170 0.650 0.480 0.409 0.579 0.579 0.319 1.029 0.309 0.509 0.918 0.128 0.198 0.628 0.348 0.777 0.267 0.757 0.997 0.226 0.796 0.796 0.000 1.066 0.966 0.456 0.255 0.603 0.530 0.557 0.587 0.000 0.000 0.483 0.304 0.814 0.034 0.034 0.065 0.105 0.154 0.125 0.000 0.658 0.005 0.669 0.000 0.365 0.676 0.397 0.202 0.000 0.399 0.399
0.163 0.267 0.103 0.720 0.480 0.010 0.298 0.182 0.368 0.328 0.197 1.097 1.097 1.137 0.386 0.685 0.494 0.000 0.953 0.202 0.930 0.500 0.610 0.400 0.690 0.950 0.750 0.890 0.890 0.660 0.299 1.059 0.249 0.339 0.809 0.448 0.788 0.618 0.898 0.488 0.277 0.887 0.447 0.566 0.566 0.126 1.076 0.000 0.976 0.785 0.985 0.000 0.477 0.557 0.537 0.477 0.000 0.436 0.000 0.196 0.196 0.446 0.646 0.496 0.316 0.586 0.015 0.000 0.430 0.342 0.394 0.175 0.000 0.755 0.088 0.639 0.639
0.435 0.188 0.605 0.193 0.752 0.631 0.819 0.364 0.769 0.869 0.938 0.997 0.997 0.047 0.356 0.625 0.764 0.984 0.923 0.000 0.650 0.760 1.040 0.250 0.340 0.940 0.570 0.880 0.880 0.760 0.549 0.599 0.409 0.509 0.929 0.348 0.778 0.618 0.728 0.968 0.868 0.637 0.477 0.686 0.686 1.026 1.006 0.046 0.966 0.026 0.246 0.306 0.000 0.000 0.357 0.516 0.666 0.446 0.026 0.236 0.236 0.076 0.686 0.646 0.046 0.387 0.557 0.000 0.122 0.392 0.000 0.000 0.966 0.301 0.000 0.000 0.000
0.335 0.000 0.076 0.666 0.535 0.254 0.110 0.375 0.343 0.333 0.031 0.237 0.237 0.927 0.957 0.386 0.125 0.854 0.000 0.252 0.171 0.960 0.690 0.460 0.850 0.900 0.220 0.470 0.470 0.920 0.530 0.369 0.000 0.899 0.479 0.288 0.528 0.368 0.598 0.348 0.468 0.468 0.688 0.307 0.307 0.946 0.357 0.987 0.997 0.857 0.077 0.177 0.458 0.148 0.000 0.056 0.556 0.506 0.406 0.276 0.277 0.287 0.000 0.000 0.477 0.337 0.897 0.597 1.017 0.000 1.130 0.219 1.016 0.000 0.262 0.182 0.182
0.335 0.000 0.078 0.667 0.536 0.256 0.112 0.376 0.345 0.335 0.033 0.237 0.237 0.927 0.957 0.387 0.125 0.854 0.000 0.253 0.171 0.960 0.690 0.460 0.850 0.900 0.220 0.470 0.470 0.920 0.530 0.369 0.000 0.899 0.479 0.288 0.528 0.368 0.598 0.348 0.468 0.468 0.688 0.307 0.307 0.946 0.357 0.987 0.997 0.857 0.077 0.178 0.458 0.148 0.000 0.056 0.556 0.506 0.406 0.276 0.277 0.287 0.000 0.000 0.477 0.337 0.897 0.597 1.017 0.000 1.130 0.219 1.016 0.000 0.262 0.182 0.182
0.156 0.275 0.512 0.580 0.159 0.819 0.175 0.687 0.747 0.826 0.826 0.053 0.052 0.410 0.259 0.046 0.915 1.004 1.054 1.144 0.000 0.000 0.580 0.450 0.280 0.281 0.901 0.510 0.510 0.980 0.430 0.849 0.979 0.659 0.000 0.329 0.289 0.878 0.508 0.478 0.438 0.488 0.658 0.000 0.000 0.786 0.167 1.037 0.048 0.588 0.378 0.568 0.068 0.329 0.909 0.000 0.000 0.236 0.000 0.000 0.000 0.688 0.618 0.107 0.507 1.177 1.237 0.297 1.227 0.000 0.611 0.181 0.121 1.162 0.039 0.000 0.000
0.669 0.356 0.773 0.422 0.492 0.480 0.357 0.432 0.289 0.129 0.926 0.975 0.975 1.024 0.289 0.855 0.945 0.000 0.000 1.034 1.085 1.135 0.143 0.000 0.172 0.812 0.961 0.200 0.200 0.310 0.270 0.000 0.789 0.279 0.650 0.369 0.199 0.509 0.699 0.199 0.379 0.689 0.659 0.979 0.979 0.000 0.937 1.077 0.418 1.048 0.568 1.068 0.028 0.599 0.139 0.389 0.359 0.000 0.000 0.000 0.000 0.578 0.278 0.427 0.587 0.607 0.527 0.197 0.012 0.000 0.401 0.412 0.692 0.332 0.262 0.000 0.000
0.259 0.276 0.325 0.325 0.534 0.202 0.260 0.289 0.028 1.128 0.170 0.795 0.795 0.155 0.000 0.845 0.000 0.635 1.015 0.000 1.185 0.000 0.433 0.843 0.713 0.993 0.072 0.360 0.360 0.311 0.281 0.871 0.000 0.420 0.980 0.620 0.650 0.799 0.239 0.000 0.159 0.719 1.029 0.989 0.989 0.969 0.218 0.588 0.738 0.598 0.538 0.408 0.599 0.609 0.769 0.089 0.669 0.000 0.000 1.000 1.000 0.409 0.000 0.000 0.000 0.000 0.000 0.000 0.644 0.164 0.103 1.182 1.132 1.012 0.000 0.119 0.117
