includes/camargue/floodfiles/results_R3_t1.56234553567E12/res-0008.wdfp
ncols         906
nrows         631
xllcorner     362177.146667
yllcorner     6534725.688020
cellsize      20.000000
NODATA_value  -9999.000000
[rows 442 to 475 of 631, columns 308 to 384 of 906]
0.000 0.369 0.419 0.459 0.013 0.161 0.162 0.103 0.122 0.174 0.000 0.008 0.000 0.014 0.000 0.000 0.000 0.000 0.000 0.000 0.000 0.000 0.000 0.006 0.003 0.000 0.080 0.018 0.001 0.000 0.000 0.000 0.000 0.000 0.000 0.000 0.000 0.000 0.000 0.000 0.000 0.000 0.000 0.000 0.000 0.000 0.154 0.094 0.001 0.000 0.000 0.000 0.000 0.000 0.000 0.000 0.608 0.228 0.468 0.000 0.000 0.000 0.002 0.000 0.218 1.278 1.378 0.908 0.978 0.688 0.918 0.918 1.608 0.628 1.188 1.228 1.258
0.000 0.369 0.419 0.459 0.013 0.162 0.163 0.103 0.122 0.176 0.000 0.006 0.000 0.014 0.000 0.002 0.001 0.001 0.000 0.000 0.001 0.000 0.000 0.013 0.009 0.000 0.080 0.020 0.000 0.000 0.000 0.000 0.000 0.000 0.000 0.000 0.000 0.000 0.000 0.000 0.000 0.000 0.000 0.000 0.000 0.000 0.154 0.094 0.000 0.000 0.000 0.000 0.000 0.000 0.000 0.000 0.608 0.228 0.468 0.000 0.000 0.000 0.002 0.000 0.218 1.278 1.378 0.908 0.978 0.688 0.918 0.918 1.608 0.628 1.188 1.228 1.258
0.380 0.480 0.290 0.170 0.350 0.000 0.000 0.000 0.006 0.155 0.004 0.003 0.000 0.000 0.000 0.000 0.000 0.000 0.000 0.000 0.000 0.025 0.025 0.002 0.014 0.004 0.130 0.020 0.003 0.000 0.000 0.000 0.000 0.000 0.000 0.000 0.000 0.000 0.000 0.000 0.000 0.000 0.000 0.000 0.000 0.000 0.234 0.000 0.000 0.000 0.000 0.000 0.000 0.000 0.000 0.000 0.498 0.068 0.000 0.000 0.377 0.357 0.237 0.517 1.368 1.188 1.128 0.898 0.658 0.678 1.208 1.208 1.418 0.448 1.208 1.118 0.998
0.460 0.220 0.240 0.370 0.000 0.999 0.999 0.239 0.000 0.162 0.009 0.003 0.000 0.000 0.000 0.000 0.000 0.000 0.000 0.000 0.000 0.000 0.000 0.001 0.002 0.120 0.000 0.003 0.000 0.000 0.000 0.000 0.000 0.000 0.000 0.000 0.000 0.000 0.000 0.000 0.000 0.000 0.000 0.000 0.000 0.000 0.005 0.004 0.000 0.000 0.000 0.032 0.000 0.000 0.000 0.000 0.000 0.000 0.000 1.677 1.027 0.997 0.767 0.437 0.578 0.718 0.848 0.578 0.418 1.258 1.278 1.278 1.508 0.000 1.228 1.178 2.058
0.160 0.340 0.310 0.000 0.659 0.669 0.669 0.819 0.609 0.198 0.000 0.000 0.000 0.000 0.000 0.000 0.000 0.000 0.000 0.000 0.000 0.000 0.000 0.002 0.068 0.003 0.000 0.000 0.000 0.000 0.000 0.053 0.000 0.000 0.000 0.000 0.025 0.000 0.000 0.000 0.000 0.000 0.000 0.001 0.000 0.000 0.010 0.008 0.000 0.064 0.000 0.000 0.000 0.095 0.000 0.002 0.000 0.197 0.207 1.467 0.967 0.397 0.477 0.327 0.267 0.477 0.517 0.577 0.467 0.927 0.000 0.000 0.000 0.577 1.267 1.257 0.268
0.460 0.410 0.690 0.000 0.519 0.389 0.389 0.679 0.449 0.149 0.000 0.000 0.000 0.000 0.000 0.001 0.062 0.000 0.000 0.000 0.000 0.116 0.116 0.002 0.000 0.003 0.004 0.005 0.151 0.102 0.032 0.000 0.004 0.004 0.000 0.000 0.000 0.000 0.000 0.000 0.000 0.000 0.000 0.247 0.158 0.003 0.005 0.000 0.086 0.002 0.000 0.000 0.000 0.245 0.000 0.000 0.000 0.917 1.607 1.837 1.767 1.897 2.087 1.017 0.977 1.007 1.097 1.027 1.087 1.077 1.707 1.707 1.617 0.697 1.177 1.007 0.000
0.400 0.160 0.000 0.949 0.139 0.579 0.579 0.699 0.459 0.389 0.003 0.007 0.000 0.000 0.000 0.000 0.000 0.000 0.000 0.092 0.000 0.000 0.000 0.000 0.083 0.000 0.062 0.005 0.000 0.042 0.005 0.000 0.000 0.000 0.000 0.000 0.000 0.004 0.107 0.107 0.000 0.000 0.204 0.157 0.148 0.007 0.114 0.064 0.002 0.000 0.000 0.000 0.078 0.000 0.005 0.002 0.377 0.497 0.887 1.687 1.097 1.767 1.587 1.587 1.657 0.827 1.577 1.347 1.517 1.487 1.537 1.537 1.657 0.587 1.287 0.937 0.197
0.002 0.000 0.000 0.000 0.219 0.659 0.659 0.569 0.529 0.509 0.109 0.000 0.000 0.000 0.000 0.000 0.000 0.000 0.031 0.000 0.081 0.000 0.000 0.063 0.000 0.000 0.021 0.212 0.000 0.000 0.096 0.001 0.000 0.014 0.000 0.000 0.000 0.057 0.000 0.000 0.000 0.000 0.443 0.000 0.239 0.111 0.453 0.045 0.001 0.000 0.000 0.000 0.005 0.001 0.000 0.000 1.437 0.917 0.497 0.167 0.697 0.557 0.807 1.277 1.207 0.837 1.427 1.287 1.367 1.497 1.167 1.167 1.587 0.607 1.387 1.147 0.077
0.689 0.959 0.459 0.949 0.479 0.699 0.699 0.499 0.389 0.339 0.189 0.000 0.000 0.000 0.000 0.000 0.000 0.012 0.000 0.000 0.000 0.000 0.000 0.001 0.010 0.011 0.038 0.000 0.000 0.000 0.000 0.000 0.000 0.002 0.000 0.000 0.000 0.001 0.007 0.003 0.063 0.203 0.743 0.413 0.057 0.000 0.000 0.006 0.000 0.000 0.000 0.000 0.009 0.127 0.337 0.337 1.487 0.587 1.127 1.557 1.607 0.887 0.657 0.837 1.467 1.417 0.947 0.967 0.557 0.577 0.457 0.457 0.447 0.777 1.207 1.197 0.000
1.119 0.000 0.829 1.129 0.279 0.559 0.559 0.509 0.569 0.319 0.199 0.001 0.001 0.002 0.000 0.000 0.000 0.000 0.000 0.000 0.000 0.000 0.000 0.000 0.009 0.000 0.000 0.057 0.003 0.000 0.000 0.073 0.000 0.000 0.000 0.024 0.000 0.001 0.000 0.000 0.403 0.413 0.563 0.573 0.037 0.041 0.000 0.000 0.000 0.062 0.000 0.003 0.005 0.000 0.000 0.000 0.000 1.307 0.787 1.027 1.527 1.507 1.277 1.567 1.537 1.577 1.537 1.607 1.527 1.587 1.727 1.727 1.757 0.597 1.307 1.257 0.087
0.699 0.499 1.129 0.519 0.659 0.599 0.599 0.589 0.659 0.349 0.209 0.004 0.000 0.000 0.000 0.000 0.000 0.000 0.000 0.000 0.000 0.000 0.000 0.002 0.013 0.083 0.002 0.027 0.000 0.000 0.000 0.000 0.000 0.132 0.000 0.001 0.000 0.113 0.473 0.473 0.303 0.843 0.014 0.483 0.037 0.221 0.029 0.006 0.000 0.000 0.000 0.096 0.000 0.932 0.000 0.000 1.233 0.000 1.047 1.117 1.667 1.557 1.087 1.507 1.267 1.407 1.517 1.497 1.397 1.337 1.697 1.697 1.757 1.667 1.247 0.857 0.767
1.589 1.149 1.139 0.419 0.289 0.649 0.649 0.579 0.629 0.289 0.169 0.000 0.000 0.000 0.000 0.000 0.000 0.000 0.000 0.000 0.000 0.012 0.012 0.000 0.000 0.103 0.000 0.000 0.000 0.050 0.020 0.000 0.000 0.000 0.000 0.182 0.102 0.213 0.313 0.313 0.813 0.693 0.743 0.073 0.073 0.000 0.000 0.022 0.008 0.000 0.000 0.000 0.546 0.000 0.923 0.923 0.000 1.424 0.000 1.967 1.617 1.277 0.647 1.447 0.747 0.527 0.967 0.887 0.597 0.487 0.387 0.387 0.757 1.787 1.287 0.977 1.767
0.000 0.979 1.219 0.789 0.000 0.609 0.609 0.589 0.579 0.249 0.169 0.003 0.016 0.000 0.161 0.091 0.000 0.000 0.002 0.114 0.000 0.202 0.202 0.005 0.191 0.041 0.022 0.000 0.000 0.007 0.000 0.000 0.000 0.002 0.209 0.012 0.151 0.122 1.343 1.343 0.453 0.843 0.014 0.382 0.052 0.362 0.042 0.000 0.160 0.150 0.000 0.000 0.004 0.000 0.333 0.333 0.894 1.264 0.824 0.002 1.237 0.337 1.346 0.077 1.027 0.927 1.007 0.927 1.097 0.837 0.817 0.817 1.017 1.287 0.967 1.017 1.477
0.000 0.329 1.029 0.959 0.339 0.000 0.000 0.529 0.539 0.299 0.049 0.000 0.000 0.000 0.111 0.000 0.000 0.000 0.002 0.000 0.201 0.000 0.000 0.004 0.171 0.111 0.000 0.000 0.000 0.002 0.109 0.209 0.000 0.319 1.319 0.939 0.519 0.000 1.273 1.273 0.232 0.102 0.602 0.342 0.452 0.272 0.000 0.000 0.000 0.000 0.000 0.000 0.005 0.621 0.162 0.163 1.104 0.554 1.634 1.494 0.326 0.946 1.476 1.436 1.317 1.347 0.857 0.837 1.177 1.127 0.687 0.687 1.327 0.957 0.987 1.107 1.347
1.139 0.000 0.000 0.249 0.929 0.749 0.749 0.539 0.499 0.199 0.000 0.000 0.000 0.006 0.007 0.008 0.000 0.004 0.003 0.000 0.020 0.000 0.000 0.120 0.014 0.000 0.000 0.000 0.000 0.210 0.000 0.179 0.189 0.309 1.359 1.359 0.000 0.200 0.000 0.000 0.481 0.861 0.482 0.562 0.382 0.082 0.001 0.384 0.000 0.042 0.000 0.000 0.820 0.631 1.331 1.331 0.000 1.442 0.000 0.974 0.945 1.316 0.526 0.806 1.487 1.477 1.407 1.327 1.137 1.047 0.737 0.737 1.127 1.087 0.987 1.107 1.357
1.159 0.659 0.879 0.439 0.429 0.159 0.159 0.509 0.439 0.099 0.000 0.000 0.077 0.057 0.000 0.000 0.000 0.000 0.002 0.018 0.308 0.108 0.108 0.037 0.078 0.002 0.002 0.228 0.000 0.006 0.039 0.189 0.289 0.000 0.639 1.269 0.260 1.170 0.000 0.000 1.051 0.641 0.482 0.432 0.202 0.000 0.386 0.000 0.000 0.000 0.000 0.640 0.810 0.391 0.000 0.000 1.441 0.652 0.792 0.534 0.995 0.000 0.756 1.346 0.002 0.597 1.107 1.317 0.937 0.897 1.167 1.167 0.637 0.417 1.067 0.997 0.517
1.039 0.609 0.659 0.479 1.149 0.000 0.000 0.239 0.129 0.014 0.000 0.207 0.167 0.018 0.000 0.000 0.000 0.147 0.147 0.028 0.168 0.038 0.038 0.000 0.015 0.022 0.388 0.748 0.418 0.488 0.798 0.000 0.000 1.269 1.169 0.003 1.550 1.800 1.231 1.231 1.471 0.412 0.192 0.312 0.059 0.336 0.866 0.716 0.039 0.610 0.600 0.820 0.370 1.491 1.461 1.461 0.931 1.021 1.021 0.000 0.405 0.705 1.465 0.835 0.615 0.356 0.496 0.866 0.467 1.047 0.697 0.697 0.877 1.237 0.757 0.527 0.817
1.039 0.609 0.659 0.479 1.149 0.000 0.000 0.240 0.130 0.014 0.000 0.207 0.167 0.018 0.000 0.000 0.000 0.147 0.147 0.028 0.168 0.038 0.038 0.000 0.004 0.017 0.388 0.748 0.418 0.488 0.798 0.000 0.000 1.269 1.169 0.003 1.550 1.800 1.231 1.231 1.471 0.413 0.194 0.313 0.062 0.336 0.866 0.716 0.038 0.610 0.600 0.820 0.370 1.491 1.461 1.461 0.931 1.021 1.021 0.000 0.405 0.705 1.465 0.835 0.615 0.356 0.496 0.866 0.466 1.047 0.697 0.697 0.877 1.237 0.757 0.527 0.817
0.589 0.629 0.309 0.459 0.479 0.000 0.000 0.400 0.160 0.000 0.028 0.036 0.000 0.000 0.000 0.000 0.000 0.187 0.147 0.068 0.118 0.009 0.007 0.005 0.328 0.418 0.438 0.788 0.778 0.468 0.958 0.000 1.298 1.229 0.389 1.220 1.440 0.000 1.291 1.291 0.002 1.029 0.579 0.050 0.174 0.256 0.286 0.307 0.208 0.909 0.579 0.940 0.980 1.071 1.061 1.061 0.761 0.581 1.031 0.542 1.423 0.535 0.655 0.615 0.895 0.000 1.186 0.956 0.146 0.957 1.417 1.417 1.127 0.917 1.377 0.527 1.657
0.709 1.189 0.529 0.439 0.000 0.330 0.330 0.420 0.010 0.022 0.226 0.000 0.025 0.000 0.000 0.002 0.003 0.000 0.016 0.000 0.000 0.000 0.000 0.000 0.000 0.358 1.098 0.968 0.678 0.738 0.498 1.338 1.378 1.588 0.559 1.390 1.480 0.000 1.281 1.281 0.000 1.500 1.550 0.082 0.523 0.435 0.646 0.817 0.807 0.548 0.859 0.380 0.890 0.240 0.741 0.741 0.091 0.851 0.841 0.682 1.053 0.144 1.305 0.805 0.955 1.246 1.286 0.776 1.066 1.136 0.736 0.736 0.736 0.346 1.227 0.486 1.406
0.329 0.020 0.000 0.199 0.279 0.011 0.022 0.000 0.251 0.000 0.146 0.136 0.001 0.000 0.000 0.000 0.058 0.148 0.078 0.018 0.000 0.003 0.003 0.542 0.334 0.907 0.548 1.048 1.408 0.778 0.798 0.808 1.268 1.238 1.199 0.400 1.460 1.500 1.091 1.091 1.301 0.369 0.931 0.912 0.952 0.695 0.996 0.917 0.947 0.758 0.538 0.989 0.060 1.240 0.970 0.971 0.781 0.831 0.911 0.941 0.473 0.904 0.815 0.705 1.265 0.476 1.076 1.066 0.296 0.576 0.276 0.276 1.866 0.406 1.066 0.636 1.316
0.009 0.001 0.000 0.003 0.005 0.004 0.016 0.509 0.000 0.011 0.000 0.004 0.096 0.000 0.000 0.163 0.000 0.198 0.000 0.323 0.386 0.138 0.197 0.461 0.574 0.727 0.807 0.568 0.358 0.768 0.798 0.748 1.078 0.698 1.119 0.439 1.390 1.160 1.170 1.171 1.491 0.599 1.071 0.692 0.992 0.000 0.957 0.867 1.007 1.018 1.018 0.879 1.370 1.130 1.070 1.070 0.901 0.481 1.091 1.881 0.000 2.184 1.284 0.435 0.355 1.106 1.066 1.056 0.296 1.096 1.716 1.716 1.616 0.426 0.606 1.296 1.376
0.014 0.002 0.003 0.002 0.000 0.000 0.000 0.189 0.259 0.399 0.279 0.000 0.000 0.026 0.116 0.000 0.000 0.000 0.369 0.369 0.250 0.000 0.000 0.789 0.182 0.717 0.787 0.858 0.828 0.438 0.908 1.008 0.988 1.128 0.339 1.189 1.140 0.000 1.120 1.120 0.000 0.700 1.241 1.362 0.392 0.464 0.576 1.007 0.607 0.798 1.028 0.629 1.250 0.840 0.930 0.930 1.121 1.261 2.121 0.651 0.093 0.854 1.324 0.295 0.335 1.206 0.966 1.096 0.936 0.096 0.416 0.416 1.186 0.576 0.766 1.596 1.576
0.398 0.006 0.000 0.000 0.000 0.599 0.600 0.039 0.399 0.389 0.399 0.229 0.000 0.003 0.000 0.000 0.000 0.000 0.238 0.537 0.447 0.000 0.000 0.879 0.529 0.067 0.707 0.518 0.478 1.308 0.908 0.808 0.968 1.218 0.758 1.379 0.149 1.529 0.860 0.860 1.151 0.000 1.001 1.432 1.422 0.654 0.455 0.727 0.827 0.948 0.828 1.129 1.020 0.980 0.970 0.970 0.511 2.091 1.261 0.292 0.212 0.000 1.004 0.634 1.684 0.215 0.436 1.146 1.086 0.976 0.136 0.136 1.286 0.706 0.826 0.756 0.436
0.000 0.218 0.000 0.000 0.000 0.519 0.520 0.099 0.449 0.409 0.279 0.309 0.003 0.197 0.000 0.000 0.000 0.004 0.027 0.536 0.377 0.000 0.000 0.728 0.000 0.677 0.627 0.787 0.758 0.898 0.768 0.808 0.928 0.848 0.948 0.749 0.729 1.459 0.610 0.610 1.061 1.171 0.469 0.932 1.443 1.294 0.715 0.266 1.057 0.837 0.758 1.239 0.850 1.130 0.000 0.000 2.131 1.001 0.402 1.513 1.363 1.523 1.753 0.084 0.104 0.165 1.575 0.246 0.586 0.806 0.606 0.606 1.386 1.476 1.066 0.926 0.916
0.818 0.006 0.000 0.001 0.092 0.000 0.000 0.469 0.589 0.379 0.149 0.259 0.040 0.000 0.234 0.001 0.261 0.231 0.661 0.773 0.707 0.247 0.308 0.277 0.424 0.135 0.737 1.447 0.608 0.908 0.828 0.248 0.548 1.598 0.568 0.279 1.589 1.569 1.769 1.770 0.761 0.094 1.258 0.321 0.623 1.234 1.455 1.146 1.356 0.937 0.788 1.159 0.770 1.080 2.290 2.291 1.071 0.641 1.252 0.842 1.083 1.063 1.083 0.443 0.974 0.724 0.454 0.185 1.446 0.466 1.876 1.876 1.116 1.576 1.026 0.966 1.016
0.088 0.000 0.031 0.000 0.000 0.000 0.000 0.000 0.000 0.000 0.000 0.000 0.000 0.000 0.000 0.000 0.000 0.000 0.587 0.586 0.092 0.056 0.104 0.257 0.247 0.335 0.847 0.457 1.007 0.567 0.907 0.747 1.657 1.718 0.698 1.619 1.369 1.429 0.489 0.490 0.872 0.675 1.078 0.530 0.561 0.103 1.435 1.286 1.206 0.000 0.878 0.000 1.060 0.000 0.241 0.241 0.221 1.061 0.000 1.332 1.403 1.443 0.803 1.183 0.894 0.784 1.434 1.254 0.085 1.816 0.876 0.876 0.976 1.376 1.046 1.026 1.126
0.000 0.000 0.000 0.000 0.000 0.000 0.001 0.534 0.674 0.524 0.000 0.000 0.000 0.185 0.125 0.000 0.913 0.843 0.186 0.539 0.000 0.000 0.000 0.000 0.000 0.787 0.857 1.217 1.197 0.807 0.997 0.887 2.037 2.057 1.567 0.188 1.409 1.389 0.619 0.619 0.692 1.535 0.028 1.171 0.561 0.532 0.165 1.436 1.346 1.396 0.000 0.361 0.181 0.521 0.531 0.531 0.571 0.531 1.392 1.382 1.353 0.753 0.993 0.923 0.804 0.824 1.294 1.394 0.495 1.316 0.806 0.806 1.276 1.576 1.246 1.306 1.096
0.000 0.000 0.000 0.001 0.000 0.276 0.276 0.001 0.174 0.074 0.000 0.000 0.000 0.265 0.003 0.184 0.000 0.663 1.033 1.033 0.933 0.114 0.115 0.000 0.000 0.000 1.367 1.027 0.757 1.377 1.247 2.047 2.077 2.117 1.027 1.537 1.318 0.858 1.508 1.508 0.000 1.555 1.395 0.268 1.201 0.392 0.694 0.346 1.426 1.356 1.366 0.080 0.371 0.411 0.171 0.171 1.021 1.171 1.482 1.342 0.000 1.163 1.073 0.813 0.000 1.604 1.514 0.195 0.595 1.616 0.826 0.826 1.016 0.646 1.296 1.246 1.326
0.000 0.872 0.372 0.052 0.000 0.396 0.396 0.002 0.000 0.104 0.000 0.000 1.294 0.000 0.004 0.000 0.741 0.000 0.932 0.882 0.952 0.814 0.816 0.282 0.580 0.663 0.000 0.907 1.437 1.247 2.047 2.107 1.917 0.617 0.437 1.577 0.547 0.787 0.627 0.628 0.738 0.294 1.656 1.286 0.500 1.113 0.534 1.096 0.027 0.286 0.158 0.199 0.000 1.691 1.121 1.121 1.451 1.431 1.282 0.173 1.124 1.024 0.924 0.244 1.774 1.634 0.035 1.715 0.965 0.156 1.036 1.036 1.256 1.206 0.956 0.926 1.196
0.000 0.292 0.532 0.000 0.286 0.446 0.446 0.116 0.000 0.000 0.000 0.000 0.934 0.000 0.305 0.000 0.221 0.461 0.321 1.221 1.011 0.714 0.716 0.389 0.007 0.489 1.041 0.000 0.437 0.607 2.047 1.997 0.677 1.636 1.256 0.866 0.936 0.966 0.907 0.907 0.328 0.774 0.585 0.926 1.570 0.983 0.305 2.767 0.997 0.000 1.129 2.690 1.730 0.791 1.031 1.031 1.491 1.441 0.000 1.184 1.134 1.004 0.274 1.494 1.604 0.000 1.695 1.495 1.095 0.645 1.076 1.076 0.576 0.596 1.186 0.726 1.006
0.254 0.000 0.432 0.572 0.000 0.436 0.436 0.406 0.000 0.635 0.825 0.000 0.644 0.361 0.265 0.491 0.000 0.419 0.353 0.115 0.674 0.066 0.081 0.422 0.304 0.921 0.741 0.392 0.000 0.147 0.457 0.866 1.936 1.536 1.266 0.976 0.986 1.116 0.876 0.877 0.997 0.000 0.814 1.146 0.411 0.935 1.336 0.247 1.688 1.128 1.009 0.869 1.440 1.001 1.591 1.591 1.471 0.222 1.114 1.124 0.944 0.384 1.784 1.644 0.674 1.395 1.535 0.815 1.105 0.775 0.346 0.346 0.416 0.546 0.906 0.946 1.406
0.694 0.654 0.005 0.011 0.009 0.051 0.053 0.078 0.081 1.394 0.995 0.303 0.137 0.649 0.196 0.428 0.313 0.584 0.554 0.239 0.511 0.384 0.403 0.393 0.538 0.432 0.693 0.523 0.078 0.000 0.000 0.556 1.586 1.115 0.995 0.925 1.125 1.025 1.156 1.156 0.528 0.910 1.102 0.715 0.252 0.946 1.007 1.487 1.657 0.798 1.539 0.909 0.250 1.421 1.491 1.491 0.000 1.034 1.144 1.214 0.404 1.684 1.624 0.314 1.715 1.575 0.495 1.585 0.865 0.285 0.226 0.226 1.006 1.416 1.266 1.346 1.386
0.000 0.694 0.000 0.000 0.864 0.061 0.071 0.666 1.377 0.193 0.270 0.022 0.428 0.106 0.117 0.297 0.321 0.494 0.036 0.521 0.302 0.000 0.000 0.042 0.736 0.566 0.516 0.093 0.283 0.379 0.174 0.000 0.424 1.114 1.284 1.294 1.184 1.074 0.375 0.376 0.818 0.829 0.630 0.088 1.977 1.017 1.487 1.497 0.638 1.308 1.549 0.450 1.531 1.561 0.561 0.561 0.651 0.007 0.254 0.454 1.534 1.404 0.604 1.654 1.595 0.635 1.345 0.985 1.805 1.715 0.175 0.176 0.986 1.276 1.246 0.896 0.716
