includes/camargue/floodfiles/results_R3_t1.56234553567E12/res-0011.wd
ncols         906
nrows         631
xllcorner     362177.146667
yllcorner     6534725.688020
cellsize      20.000000
NODATA_value  -9999.000000
[rows 374 to 407 of 631, columns 616 to 692 of 906]
0.000 0.000 0.000 0.000 0.000 0.000 0.001 0.000 0.000 0.000 0.000 0.000 0.021 0.000 0.011 0.000 0.051 0.000 0.000 0.000 0.061 0.061 0.000 0.000 0.000 0.045 0.005 0.274 0.114 0.164 0.114 0.000 0.029 0.062 0.009 0.024 0.046 0.039 0.050 0.043 0.076 0.006 0.049 0.154 0.068 0.107 0.231 0.104 0.055 0.291 0.082 0.103 0.123 0.132 0.113 0.062 0.062 0.075 0.096 0.103 0.083 0.006 0.111 0.054 0.015 0.036 0.084 0.000 0.000 0.000 0.000 0.770 0.033 0.071 0.000 0.000 0.000
0.031 0.000 0.011 0.000 0.000 0.000 0.000 0.000 0.000 0.000 0.000 0.000 0.000 0.000 0.000 0.000 0.000 0.001 0.000 0.000 0.000 0.000 0.000 0.000 0.000 0.056 0.058 0.036 0.283 0.073 0.073 0.006 0.059 0.046 0.090 0.009 0.038 0.031 0.052 0.020 0.059 0.060 0.043 0.045 0.107 0.023 0.117 0.086 0.329 0.132 0.115 0.055 0.165 0.165 0.000 0.086 0.088 0.121 0.079 0.076 0.039 0.034 0.037 0.022 0.027 0.083 0.021 0.004 0.005 0.020 0.020 0.028 0.078 0.048 0.000 0.000 0.000
0.000 0.001 0.000 0.000 0.000 0.000 0.000 0.020 0.000 0.000 0.000 0.000 0.000 0.081 0.000 0.000 0.000 0.000 0.000 0.000 0.000 0.000 0.000 0.000 0.004 0.000 0.055 0.000 0.000 0.000 0.130 0.021 0.019 0.024 0.035 0.029 0.034 0.025 0.037 0.200 0.033 0.065 0.079 0.089 0.123 0.205 0.109 0.137 0.209 0.049 0.024 0.134 0.141 0.144 0.000 0.092 0.125 0.039 0.100 0.065 0.047 0.023 0.105 0.166 0.039 0.106 0.009 0.019 0.018 0.051 0.037 0.039 0.035 0.000 0.000 0.000 0.046
0.000 0.000 0.000 0.000 0.020 0.020 0.020 0.090 0.060 0.000 0.000 0.000 0.000 0.000 0.000 0.021 0.000 0.000 0.000 0.000 0.000 0.000 0.000 0.004 0.064 0.000 0.039 0.187 0.001 0.002 0.003 0.012 0.029 0.099 0.035 0.037 0.080 0.075 0.049 0.075 0.062 0.030 0.047 0.185 0.100 0.091 0.300 0.117 0.081 0.090 0.138 0.121 0.069 0.078 0.107 0.153 0.092 0.085 0.115 0.096 0.018 0.032 0.038 0.040 0.002 0.155 0.000 0.109 0.018 0.043 0.015 0.030 0.016 0.000 0.000 0.230 0.759
0.001 0.000 0.000 0.154 0.000 0.000 0.020 0.000 0.010 0.000 0.041 0.141 0.000 0.133 0.033 0.000 0.011 0.000 0.092 0.000 0.000 0.000 0.034 0.044 0.084 0.000 0.250 0.068 0.000 0.006 0.002 0.020 0.056 0.012 0.032 0.027 0.060 0.053 0.048 0.092 0.138 0.108 0.143 0.134 0.146 0.095 0.117 0.064 0.040 0.112 0.152 0.402 0.123 0.135 0.097 0.164 0.079 0.093 0.002 0.093 0.027 0.023 0.058 0.108 0.000 0.057 0.011 0.053 0.029 0.041 0.007 0.055 0.017 0.000 0.000 0.235 0.760
0.000 0.000 0.000 0.154 0.000 0.000 0.020 0.000 0.008 0.000 0.041 0.141 0.000 0.133 0.033 0.000 0.011 0.000 0.092 0.000 0.000 0.000 0.034 0.044 0.084 0.000 0.249 0.056 0.000 0.003 0.000 0.013 0.054 0.006 0.016 0.013 0.044 0.038 0.032 0.079 0.129 0.101 0.137 0.118 0.130 0.075 0.091 0.039 0.020 0.096 0.140 0.401 0.119 0.130 0.088 0.159 0.065 0.079 0.001 0.071 0.014 0.012 0.051 0.107 0.000 0.040 0.003 0.033 0.013 0.020 0.001 0.025 0.004 0.000 0.000 0.184 0.706
0.000 0.000 0.000 0.094 0.003 0.002 0.001 0.000 0.077 0.000 0.000 0.000 0.000 0.073 0.000 0.000 0.000 0.000 0.001 0.000 0.064 0.064 0.114 0.000 0.000 0.051 0.000 0.040 0.311 0.002 0.000 0.013 0.007 0.009 0.029 0.037 0.034 0.025 0.097 0.085 0.161 0.129 0.053 0.170 0.134 0.059 0.088 0.185 0.107 0.220 0.139 0.130 0.053 0.067 0.210 0.031 0.038 0.052 0.025 0.094 0.039 0.032 0.025 0.007 0.000 0.069 0.032 0.051 0.025 0.033 0.008 0.021 0.002 0.000 0.000 0.708 1.154
0.000 0.000 0.021 0.000 0.000 0.000 0.000 0.007 0.002 0.000 0.031 0.000 0.000 0.000 0.000 0.000 0.000 0.000 0.000 0.034 0.001 0.002 0.000 0.000 0.061 0.000 0.000 0.045 0.053 0.000 0.000 0.007 0.014 0.003 0.002 0.000 0.082 0.084 0.136 0.067 0.008 0.115 0.094 0.258 0.079 0.077 0.180 0.075 0.091 0.127 0.240 0.074 0.038 0.048 0.028 0.091 0.028 0.052 0.218 0.152 0.033 0.000 0.038 0.079 0.028 0.031 0.044 0.043 0.177 0.177 0.008 0.011 0.001 0.000 0.000 0.709 0.000
0.001 0.000 0.000 0.000 0.000 0.000 0.010 0.011 0.000 0.000 0.000 0.000 0.003 0.013 0.001 0.001 0.000 0.024 0.114 0.001 0.001 0.001 0.000 0.000 0.000 0.000 0.021 0.000 0.084 0.094 0.000 0.006 0.039 0.003 0.001 0.049 0.086 0.088 0.063 0.110 0.010 0.135 0.089 0.122 0.100 0.038 0.238 0.125 0.205 0.196 0.114 0.253 0.058 0.066 0.054 0.043 0.088 0.146 0.033 0.015 0.096 0.003 0.002 0.073 0.038 0.079 0.149 0.015 0.003 0.006 0.005 0.079 0.310 0.405 0.413 0.219 0.193
0.013 0.013 0.000 0.057 0.127 0.127 0.007 0.000 0.000 0.062 0.000 0.001 0.000 0.002 0.002 0.000 0.001 0.001 0.000 0.134 0.000 0.001 0.000 0.061 0.000 0.000 0.000 0.000 0.000 0.150 0.000 0.004 0.016 0.017 0.001 0.058 0.081 0.083 0.144 0.098 0.027 0.200 0.100 0.102 0.083 0.083 0.096 0.211 0.226 0.206 0.077 0.248 0.059 0.062 0.085 0.081 0.166 0.018 0.029 0.029 0.029 0.017 0.026 0.036 0.030 0.043 0.105 0.010 0.096 0.096 0.003 0.173 0.316 0.436 0.783 0.179 0.229
0.000 0.001 0.094 0.000 0.003 0.003 0.000 0.000 0.000 0.000 0.000 0.056 0.000 0.000 0.004 0.000 0.001 0.025 0.055 0.000 0.000 0.001 0.000 0.000 0.000 0.041 0.000 0.000 0.000 0.210 0.222 0.016 0.028 0.069 0.058 0.067 0.083 0.085 0.069 0.062 0.132 0.101 0.151 0.185 0.093 0.170 0.090 0.122 0.026 0.131 0.139 0.131 0.101 0.102 0.237 0.159 0.007 0.003 0.003 0.056 0.092 0.017 0.012 0.144 0.028 0.000 0.046 0.029 0.002 0.002 0.000 0.121 0.456 0.456 0.133 0.258 0.229
0.000 0.005 0.004 0.000 0.004 0.004 0.000 0.000 0.015 0.015 0.006 0.116 0.000 0.000 0.001 0.002 0.000 0.005 0.004 0.000 0.024 0.024 0.000 0.000 0.000 0.000 0.003 0.000 0.000 0.000 0.244 0.000 0.000 0.004 0.092 0.057 0.148 0.148 0.108 0.061 0.074 0.184 0.004 0.132 0.199 0.152 0.182 0.112 0.062 0.211 0.153 0.129 0.205 0.207 0.118 0.060 0.005 0.007 0.002 0.000 0.086 0.007 0.047 0.051 0.033 0.071 0.040 0.000 0.027 0.030 0.000 0.921 0.477 0.426 0.097 0.149 0.097
0.023 0.001 0.006 0.000 0.017 0.017 0.000 0.003 0.003 0.000 0.006 0.000 0.000 0.015 0.095 0.035 0.000 0.000 0.003 0.001 0.002 0.001 0.000 0.000 0.011 0.000 0.093 0.003 0.000 0.000 0.266 0.091 0.028 0.018 0.063 0.025 0.166 0.166 0.084 0.238 0.147 0.081 0.230 0.193 0.226 0.179 0.179 0.038 0.298 0.128 0.202 0.364 0.074 0.076 0.025 0.072 0.023 0.023 0.051 0.057 0.022 0.028 0.070 0.041 0.024 0.000 0.057 0.040 0.052 0.062 0.000 0.500 0.504 0.119 0.054 0.087 0.208
0.002 0.000 0.004 0.000 0.003 0.003 0.004 0.006 0.001 0.000 0.000 0.000 0.000 0.000 0.002 0.000 0.000 0.001 0.001 0.001 0.002 0.001 0.063 0.000 0.000 0.000 0.000 0.000 0.033 0.000 0.000 0.257 0.004 0.008 0.072 0.099 0.017 0.018 0.205 0.051 0.122 0.122 0.118 0.163 0.206 0.066 0.185 0.145 0.222 0.194 0.281 0.109 0.124 0.123 0.059 0.009 0.000 0.084 0.039 0.000 0.051 0.028 0.072 0.035 0.051 0.019 0.089 0.046 0.081 0.100 0.754 0.506 0.085 0.145 0.082 0.116 0.143
0.001 0.016 0.002 0.058 0.003 0.003 0.007 0.000 0.000 0.000 0.000 0.102 0.000 0.014 0.002 0.014 0.000 0.002 0.002 0.047 0.017 0.017 0.001 0.003 0.001 0.000 0.041 0.000 0.001 0.000 0.000 0.279 0.000 0.040 0.151 0.123 0.117 0.124 0.312 0.132 0.213 0.213 0.112 0.137 0.118 0.148 0.372 0.143 0.235 0.064 0.024 0.093 0.134 0.134 0.052 0.050 0.028 0.161 0.024 0.024 0.117 0.059 0.055 0.052 0.056 0.063 0.115 0.163 0.106 0.129 0.531 0.534 0.085 0.000 0.093 0.121 0.164
0.000 0.002 0.000 0.018 0.005 0.005 0.006 0.000 0.000 0.000 0.000 0.142 0.000 0.001 0.000 0.001 0.046 0.000 0.003 0.000 0.003 0.003 0.000 0.001 0.000 0.041 0.000 0.000 0.056 0.000 0.001 0.302 0.315 0.112 0.104 0.240 0.103 0.105 0.000 0.110 0.208 0.208 0.238 0.170 0.104 0.214 0.159 0.209 0.199 0.049 0.149 0.085 0.047 0.046 0.080 0.120 0.033 0.029 0.034 0.033 0.204 0.074 0.069 0.074 0.075 0.032 0.168 0.012 0.033 0.052 0.548 0.000 0.000 0.000 0.014 0.167 0.154
0.000 0.029 0.000 0.000 0.150 0.150 0.006 0.000 0.000 0.000 0.001 0.001 0.000 0.002 0.000 0.056 0.036 0.076 0.000 0.001 0.026 0.026 0.014 0.014 0.005 0.000 0.046 0.006 0.046 0.066 0.000 0.000 0.335 0.000 0.000 0.260 0.090 0.090 0.007 0.000 0.191 0.171 0.265 0.183 0.114 0.245 0.056 0.248 0.247 0.084 0.070 0.082 0.124 0.124 0.124 0.049 0.011 0.045 0.078 0.089 0.025 0.075 0.054 0.034 0.031 0.065 0.049 0.082 0.079 0.136 0.584 0.162 0.054 0.071 0.016 0.014 0.125
0.000 0.049 0.000 0.010 0.005 0.006 0.000 0.000 0.000 0.061 0.000 0.000 0.000 0.002 0.000 0.000 0.000 0.002 0.002 0.001 0.000 0.000 0.041 0.000 0.000 0.000 0.000 0.026 0.046 0.000 0.000 0.000 0.355 0.027 0.029 0.041 0.174 0.174 0.064 0.154 0.116 0.167 0.006 0.156 0.066 0.156 0.132 0.108 0.168 0.090 0.216 0.084 0.063 0.062 0.060 0.090 0.053 0.037 0.096 0.097 0.000 0.084 0.160 0.030 0.066 0.035 0.043 0.088 0.160 0.165 0.009 0.116 0.162 0.062 0.031 0.095 0.085
0.006 0.029 0.000 0.028 0.004 0.004 0.184 0.000 0.000 0.000 0.033 0.000 0.000 0.064 0.124 0.000 0.000 0.002 0.000 0.045 0.000 0.002 0.004 0.004 0.020 0.000 0.000 0.000 0.002 0.000 0.000 0.000 0.376 0.388 0.099 0.252 0.011 0.012 0.081 0.137 0.207 0.158 0.267 0.259 0.109 0.100 0.216 0.050 0.083 0.177 0.067 0.091 0.113 0.112 0.085 0.066 0.029 0.075 0.006 0.013 0.013 0.095 0.116 0.044 0.075 0.017 0.029 0.037 0.230 0.230 0.006 0.141 0.122 0.110 0.013 0.051 0.084
0.000 0.000 0.141 0.000 0.125 0.125 0.000 0.000 0.000 0.000 0.013 0.000 0.000 0.002 0.002 0.000 0.000 0.044 0.000 0.065 0.015 0.015 0.002 0.170 0.110 0.004 0.000 0.000 0.003 0.004 0.000 0.000 0.000 0.409 0.166 0.020 0.018 0.023 0.110 0.042 0.209 0.229 0.177 0.106 0.073 0.088 0.130 0.126 0.161 0.125 0.128 0.474 0.096 0.096 0.133 0.153 0.083 0.028 0.004 0.089 0.047 0.114 0.155 0.085 0.010 0.034 0.065 0.037 0.239 0.239 0.058 0.122 0.134 0.041 0.024 0.167 0.287
0.127 0.000 0.000 0.000 0.013 0.013 0.000 0.000 0.001 0.000 0.093 0.000 0.013 0.003 0.002 0.070 0.000 0.044 0.000 0.075 0.004 0.003 0.078 0.000 0.000 0.027 0.000 0.000 0.000 0.007 0.000 0.000 0.000 0.431 0.445 0.254 0.165 0.167 0.153 0.117 0.129 0.043 0.248 0.174 0.220 0.106 0.131 0.135 0.098 0.163 0.287 0.246 0.468 0.468 0.223 0.085 0.115 0.023 0.117 0.075 0.166 0.091 0.114 0.054 0.071 0.006 0.007 0.237 0.245 0.248 0.101 0.078 0.118 0.086 0.079 0.088 0.188
0.127 0.000 0.000 0.000 0.010 0.010 0.000 0.000 0.000 0.000 0.093 0.000 0.013 0.001 0.000 0.070 0.000 0.044 0.000 0.075 0.003 0.001 0.078 0.000 0.000 0.026 0.000 0.000 0.000 0.004 0.000 0.000 0.000 0.431 0.444 0.254 0.164 0.165 0.149 0.115 0.122 0.034 0.245 0.170 0.218 0.095 0.117 0.123 0.087 0.157 0.285 0.244 0.468 0.468 0.222 0.082 0.112 0.017 0.114 0.068 0.166 0.084 0.107 0.047 0.069 0.001 0.002 0.224 0.225 0.226 0.084 0.045 0.088 0.068 0.068 0.077 0.178
0.037 0.000 0.000 0.000 0.119 0.119 0.013 0.000 0.000 0.000 0.103 0.002 0.001 0.016 0.005 0.080 0.000 0.084 0.002 0.001 0.158 0.158 0.148 0.000 0.042 0.015 0.005 0.000 0.000 0.135 0.015 0.035 0.003 0.000 0.468 0.102 0.312 0.312 0.203 0.021 0.016 0.024 0.016 0.089 0.067 0.086 0.105 0.116 0.074 0.193 0.136 0.136 0.236 0.236 0.127 0.097 0.167 0.044 0.074 0.133 0.018 0.140 0.067 0.038 0.014 0.024 0.005 0.239 0.241 0.243 0.044 0.055 0.126 0.086 0.022 0.140 0.062
0.010 0.086 0.003 0.067 0.000 0.000 0.038 0.138 0.000 0.052 0.000 0.000 0.000 0.000 0.000 0.007 0.006 0.001 0.035 0.075 0.004 0.003 0.000 0.000 0.042 0.000 0.034 0.003 0.051 0.000 0.124 0.275 0.003 0.158 0.498 0.506 0.200 0.200 0.064 0.045 0.021 0.033 0.058 0.459 0.246 0.159 0.159 0.073 0.156 0.016 0.187 0.095 0.167 0.168 0.089 0.233 0.184 0.176 0.208 0.127 0.077 0.003 0.027 0.070 0.000 0.013 0.221 0.239 0.202 0.207 0.031 0.098 0.051 0.060 0.063 0.053 0.030
0.000 0.010 0.000 0.004 0.000 0.000 0.009 0.000 0.000 0.152 0.000 0.000 0.143 0.233 0.103 0.000 0.060 0.040 0.000 0.001 0.038 0.038 0.000 0.023 0.004 0.059 0.000 0.431 0.071 0.072 0.460 0.066 0.050 0.316 0.048 0.560 0.076 0.063 0.089 0.043 0.100 0.051 0.059 0.100 0.094 0.220 0.053 0.004 0.068 0.157 0.179 0.229 0.502 0.502 0.093 0.503 0.483 0.195 0.177 0.000 0.000 0.003 0.025 0.310 0.053 0.168 0.283 0.290 0.102 0.106 0.062 0.054 0.111 0.131 0.102 0.054 0.016
0.007 0.004 0.006 0.003 0.000 0.000 0.179 0.259 0.000 0.032 0.000 0.000 0.000 0.002 0.001 0.073 0.000 0.080 0.003 0.012 0.003 0.003 0.115 0.012 0.075 0.018 0.017 0.200 0.101 0.082 0.194 0.135 0.048 0.025 0.127 0.337 0.081 0.052 0.149 0.019 0.050 0.067 0.153 0.156 0.143 0.066 0.156 0.138 0.108 0.063 0.179 0.162 0.519 0.519 0.002 0.146 0.085 0.000 0.003 0.000 0.000 0.003 0.093 0.354 0.021 0.286 0.307 0.178 0.054 0.054 0.068 0.118 0.033 0.018 0.083 0.125 0.052
0.005 0.129 0.109 0.119 0.000 0.000 0.179 0.039 0.000 0.001 0.000 0.033 0.143 0.000 0.024 0.000 0.103 0.000 0.002 0.035 0.030 0.033 0.065 0.000 0.012 0.012 0.129 0.030 0.151 0.131 0.104 0.115 0.057 0.046 0.002 0.006 0.316 0.316 0.071 0.103 0.031 0.091 0.126 0.126 0.056 0.078 0.099 0.033 0.081 0.105 0.090 0.087 0.097 0.083 0.265 0.033 0.043 0.030 0.003 0.000 0.000 0.139 0.149 0.000 0.007 0.273 0.008 0.076 0.082 0.079 0.046 0.040 0.118 0.358 0.376 0.109 0.031
0.000 0.000 0.000 0.008 0.135 0.135 0.009 0.000 0.035 0.025 0.000 0.013 0.073 0.002 0.134 0.000 0.001 0.000 0.005 0.049 0.010 0.013 0.065 0.129 0.120 0.075 0.119 0.056 0.042 0.069 0.009 0.002 0.000 0.032 0.007 0.002 0.325 0.325 0.048 0.051 0.375 0.000 0.390 0.131 0.060 0.371 0.374 0.031 0.061 0.131 0.109 0.098 0.128 0.106 0.281 0.256 0.015 0.037 0.023 0.000 0.000 0.029 0.048 0.000 0.231 0.249 0.011 0.040 0.137 0.138 0.156 0.047 0.093 0.033 0.017 0.083 0.043
0.002 0.002 0.000 0.002 0.021 0.021 0.000 0.000 0.105 0.045 0.000 0.000 0.000 0.000 0.124 0.001 0.001 0.063 0.000 0.047 0.000 0.000 0.049 0.000 0.110 0.000 0.088 0.150 0.017 0.000 0.006 0.137 0.047 0.017 0.021 0.001 0.333 0.333 0.083 0.330 0.040 0.394 0.398 0.132 0.079 0.000 0.381 0.051 0.239 0.118 0.094 0.071 0.000 0.000 0.293 0.272 0.019 0.385 0.011 0.000 0.000 0.134 0.024 0.015 0.248 0.267 0.000 0.108 0.121 0.124 0.017 0.319 0.030 0.091 0.018 0.047 0.032
0.000 0.001 0.060 0.009 0.092 0.092 0.000 0.000 0.035 0.000 0.051 0.000 0.000 0.000 0.000 0.001 0.083 0.123 0.073 0.143 0.054 0.055 0.040 0.000 0.035 0.068 0.193 0.004 0.026 0.000 0.003 0.034 0.012 0.026 0.016 0.012 0.342 0.341 0.334 0.339 0.101 0.066 0.066 0.012 0.188 0.009 0.056 0.205 0.213 0.000 0.000 0.099 0.013 0.005 0.310 0.296 0.267 0.011 0.007 0.067 0.027 0.000 0.022 0.169 0.196 0.000 0.089 0.102 0.105 0.105 0.085 0.002 0.013 0.080 0.085 0.013 0.199
0.055 0.035 0.002 0.000 0.012 0.012 0.000 0.000 0.095 0.000 0.000 0.000 0.000 0.000 0.112 0.001 0.000 0.000 0.009 0.048 0.012 0.013 0.076 0.031 0.131 0.039 0.018 0.036 0.034 0.031 0.002 0.015 0.020 0.030 0.009 0.000 0.000 0.000 0.327 0.000 0.019 0.029 0.050 0.181 0.185 0.179 0.183 0.192 0.197 0.000 0.000 0.106 0.067 0.056 0.034 0.004 0.269 0.008 0.004 0.000 0.000 0.000 0.000 0.156 0.155 0.120 0.110 0.106 0.102 0.098 0.081 0.061 0.064 0.081 0.097 0.118 0.161
0.065 0.000 0.000 0.000 0.090 0.090 0.000 0.000 0.045 0.000 0.072 0.000 0.000 0.000 0.000 0.002 0.000 0.000 0.118 0.078 0.016 0.017 0.000 0.149 0.048 0.000 0.065 0.000 0.000 0.021 0.015 0.007 0.023 0.093 0.032 0.012 0.010 0.004 0.318 0.301 0.304 0.000 0.000 0.186 0.000 0.175 0.178 0.182 0.185 0.000 0.000 0.000 0.012 0.006 0.044 0.000 0.285 0.243 0.238 0.233 0.000 0.000 0.111 0.132 0.132 0.128 0.127 0.112 0.102 0.095 0.081 0.070 0.073 0.085 0.101 0.118 0.128
0.000 0.000 0.001 0.000 0.099 0.099 0.000 0.023 0.001 0.001 0.001 0.000 0.000 0.000 0.115 0.065 0.000 0.070 0.000 0.484 0.002 0.002 0.063 0.007 0.126 0.065 0.124 0.000 0.045 0.085 0.105 0.125 0.046 0.061 0.032 0.082 0.000 0.000 0.000 0.285 0.000 0.198 0.198 0.192 0.169 0.169 0.171 0.171 0.166 0.150 0.000 0.000 0.005 0.002 0.007 0.000 0.000 0.241 0.000 0.000 0.000 0.000 0.118 0.118 0.119 0.118 0.000 0.100 0.096 0.091 0.081 0.073 0.078 0.090 0.104 0.112 0.114
0.000 0.000 0.000 0.000 0.124 0.124 0.000 0.000 0.016 0.001 0.052 0.001 0.002 0.075 0.085 0.000 0.030 0.090 0.021 0.026 0.075 0.075 0.063 0.007 0.105 0.000 0.026 0.019 0.019 0.002 0.042 0.018 0.078 0.000 0.000 0.000 0.021 0.021 0.000 0.263 0.226 0.212 0.208 0.000 0.157 0.160 0.163 0.167 0.151 0.132 0.093 0.092 0.002 0.002 0.003 0.532 0.000 0.238 0.164 0.118 0.095 0.091 0.108 0.111 0.107 0.102 0.085 0.088 0.087 0.085 0.079 0.072 0.082 0.095 0.101 0.106 0.108
