includes/camargue/floodfiles/results_R3_t1.56234553567E12/res-0004.wd
ncols         906
nrows         631
xllcorner     362177.146667
yllcorner     6534725.688020
cellsize      20.000000
NODATA_value  -9999.000000
[rows 510 to 543 of 631, columns 616 to 692 of 906]
6.019 6.047 6.074 6.102 6.156 6.157 6.184 6.211 6.232 6.252 6.272 6.292 6.312 6.332 6.352 6.372 6.391 6.405 6.418 6.431 6.432 6.433 6.415 6.398 6.381 6.364 6.357 6.351 6.344 6.338 6.332 6.326 6.319 6.303 6.234 6.164 6.026 6.026 5.957 5.887 5.818 5.764 5.731 5.698 5.665 5.668 5.705 5.742 5.803 5.875 5.948 6.020 6.164 6.164 6.236 6.299 6.346 6.394 6.441 6.489 6.537 6.545 6.494 6.443 6.393 6.342 6.291 6.302 6.313 6.313 6.336 6.348 6.359 6.371 6.382 6.370 6.358
6.036 6.063 6.090 6.118 6.173 6.173 6.200 6.228 6.249 6.269 6.289 6.309 6.329 6.349 6.362 6.376 6.389 6.402 6.416 6.429 6.432 6.432 6.415 6.398 6.380 6.363 6.346 6.329 6.312 6.300 6.293 6.287 6.281 6.258 6.189 6.120 5.984 5.984 5.951 5.918 5.886 5.853 5.820 5.787 5.754 5.761 5.798 5.834 5.871 5.908 5.950 6.022 6.166 6.166 6.236 6.283 6.331 6.378 6.426 6.473 6.521 6.569 6.608 6.557 6.506 6.459 6.470 6.481 6.493 6.493 6.516 6.527 6.539 6.550 6.562 6.573 6.565
6.064 6.077 6.099 6.126 6.181 6.181 6.209 6.236 6.258 6.278 6.298 6.318 6.335 6.348 6.361 6.375 6.388 6.401 6.414 6.428 6.432 6.432 6.415 6.397 6.380 6.363 6.346 6.329 6.312 6.295 6.277 6.268 6.262 6.237 6.167 6.098 6.029 6.029 5.996 5.963 5.930 5.897 5.865 5.832 5.799 5.807 5.844 5.881 5.918 5.955 5.992 6.028 6.167 6.167 6.229 6.276 6.323 6.371 6.419 6.466 6.514 6.561 6.609 6.614 6.563 6.548 6.560 6.572 6.583 6.583 6.606 6.617 6.629 6.640 6.652 6.663 6.668
6.106 6.118 6.131 6.143 6.189 6.190 6.217 6.244 6.267 6.287 6.307 6.320 6.334 6.347 6.360 6.374 6.387 6.400 6.414 6.427 6.432 6.432 6.415 6.397 6.380 6.363 6.346 6.329 6.312 6.295 6.277 6.260 6.243 6.215 6.172 6.139 6.073 6.074 6.041 6.008 5.975 5.942 5.910 5.877 5.844 5.854 5.891 5.928 5.964 6.001 6.038 6.075 6.169 6.169 6.221 6.269 6.316 6.364 6.411 6.459 6.506 6.554 6.601 6.649 6.627 6.638 6.650 6.661 6.673 6.673 6.696 6.707 6.719 6.730 6.741 6.753 6.764
6.148 6.160 6.172 6.185 6.210 6.210 6.225 6.253 6.276 6.293 6.306 6.319 6.333 6.346 6.359 6.373 6.386 6.399 6.412 6.426 6.432 6.432 6.415 6.397 6.380 6.363 6.346 6.329 6.312 6.294 6.277 6.260 6.260 6.263 6.217 6.184 6.118 6.118 6.086 6.053 6.020 5.987 5.954 5.922 5.889 5.900 5.937 5.974 6.011 6.048 6.085 6.122 6.189 6.189 6.233 6.280 6.327 6.374 6.422 6.469 6.516 6.563 6.610 6.657 6.730 6.741 6.753 6.765 6.777 6.777 6.800 6.812 6.824 6.835 6.847 6.859 6.870
6.189 6.202 6.214 6.227 6.251 6.251 6.264 6.276 6.279 6.292 6.305 6.318 6.332 6.345 6.358 6.372 6.385 6.398 6.411 6.425 6.432 6.432 6.415 6.397 6.380 6.363 6.346 6.329 6.312 6.295 6.277 6.303 6.333 6.339 6.289 6.240 6.163 6.163 6.130 6.098 6.065 6.032 5.999 5.966 5.934 5.947 5.984 6.021 6.058 6.094 6.131 6.167 6.224 6.224 6.262 6.309 6.356 6.404 6.451 6.498 6.545 6.592 6.639 6.712 6.819 6.860 6.872 6.883 6.895 6.895 6.918 6.930 6.942 6.954 6.965 6.977 7.073
6.231 6.244 6.256 6.268 6.293 6.293 6.301 6.296 6.295 6.300 6.304 6.317 6.331 6.344 6.357 6.371 6.384 6.397 6.410 6.424 6.432 6.432 6.415 6.397 6.380 6.363 6.346 6.329 6.312 6.315 6.345 6.375 6.405 6.414 6.365 6.315 6.216 6.216 6.175 6.142 6.110 6.077 6.044 6.011 5.978 5.994 6.031 6.067 6.104 6.141 6.173 6.202 6.259 6.259 6.291 6.339 6.386 6.433 6.480 6.527 6.574 6.621 6.677 6.784 6.891 6.978 6.990 7.002 7.013 7.013 7.037 7.048 7.060 7.072 7.083 7.095 7.323
6.273 6.285 6.298 6.310 6.324 6.324 6.319 6.314 6.313 6.317 6.321 6.326 6.330 6.343 6.356 6.370 6.383 6.396 6.410 6.423 6.432 6.432 6.415 6.397 6.380 6.363 6.346 6.329 6.358 6.388 6.418 6.447 6.477 6.490 6.440 6.390 6.291 6.291 6.241 6.192 6.155 6.122 6.089 6.056 6.023 6.040 6.077 6.114 6.151 6.180 6.208 6.237 6.293 6.293 6.322 6.368 6.415 6.462 6.509 6.556 6.604 6.651 6.749 6.856 6.963 7.069 7.108 7.120 7.131 7.131 7.155 7.167 7.178 7.190 7.202 7.341 7.574
6.314 6.327 6.339 6.352 6.342 6.342 6.337 6.332 6.330 6.335 6.339 6.343 6.347 6.351 6.356 6.369 6.382 6.395 6.409 6.422 6.431 6.432 6.415 6.397 6.380 6.363 6.370 6.400 6.430 6.460 6.490 6.520 6.550 6.565 6.515 6.466 6.366 6.366 6.317 6.267 6.217 6.168 6.134 6.101 6.068 6.087 6.123 6.158 6.186 6.214 6.243 6.271 6.328 6.328 6.357 6.397 6.444 6.491 6.538 6.586 6.633 6.714 6.821 6.928 7.034 7.141 7.226 7.238 7.250 7.250 7.273 7.285 7.296 7.308 7.360 7.592 7.824
6.356 6.369 6.375 6.370 6.360 6.360 6.355 6.350 6.348 6.352 6.356 6.360 6.365 6.369 6.373 6.377 6.381 6.394 6.407 6.421 6.431 6.432 6.415 6.397 6.383 6.413 6.443 6.473 6.502 6.532 6.562 6.592 6.622 6.640 6.591 6.541 6.442 6.442 6.392 6.342 6.293 6.243 6.194 6.146 6.113 6.133 6.164 6.192 6.221 6.249 6.278 6.306 6.363 6.363 6.391 6.426 6.473 6.521 6.568 6.615 6.680 6.786 6.893 7.000 7.106 7.213 7.320 7.356 7.368 7.368 7.391 7.403 7.415 7.426 7.610 7.842 8.075
6.398 6.398 6.393 6.389 6.378 6.378 6.373 6.369 6.365 6.369 6.374 6.378 6.382 6.386 6.391 6.395 6.399 6.403 6.407 6.420 6.431 6.432 6.414 6.425 6.455 6.485 6.515 6.545 6.575 6.605 6.635 6.665 6.694 6.716 6.666 6.616 6.517 6.517 6.467 6.418 6.368 6.319 6.269 6.219 6.183 6.170 6.199 6.227 6.255 6.284 6.312 6.341 6.398 6.398 6.426 6.456 6.503 6.550 6.597 6.645 6.751 6.858 6.965 7.071 7.178 7.285 7.391 7.475 7.486 7.486 7.510 7.521 7.533 7.628 7.860 8.093 8.325
6.421 6.416 6.412 6.407 6.397 6.397 6.392 6.387 6.383 6.387 6.391 6.395 6.400 6.404 6.408 6.412 6.416 6.421 6.425 6.429 6.438 6.438 6.468 6.498 6.528 6.557 6.587 6.617 6.647 6.677 6.707 6.737 6.767 6.791 6.741 6.692 6.592 6.592 6.543 6.493 6.444 6.394 6.344 6.344 6.377 6.370 6.338 6.306 6.290 6.319 6.347 6.375 6.432 6.432 6.461 6.489 6.532 6.579 6.626 6.717 6.823 6.930 7.037 7.143 7.250 7.356 7.463 7.570 7.605 7.604 7.628 7.639 7.651 7.879 8.111 8.343 8.575
6.440 6.435 6.430 6.425 6.415 6.415 6.410 6.405 6.400 6.404 6.408 6.413 6.417 6.421 6.425 6.430 6.434 6.438 6.442 6.447 6.518 6.519 6.541 6.570 6.600 6.630 6.660 6.690 6.720 6.750 6.780 6.809 6.839 6.866 6.817 6.767 6.668 6.668 6.618 6.568 6.519 6.472 6.505 6.538 6.572 6.572 6.540 6.508 6.476 6.444 6.412 6.410 6.467 6.467 6.495 6.524 6.561 6.608 6.682 6.788 6.895 7.002 7.108 7.215 7.322 7.428 7.535 7.641 7.723 7.723 7.746 7.758 7.897 8.129 8.361 8.594 8.826
6.458 6.453 6.448 6.443 6.433 6.433 6.428 6.423 6.418 6.422 6.426 6.430 6.434 6.439 6.443 6.447 6.451 6.455 6.460 6.511 6.605 6.605 6.628 6.651 6.674 6.702 6.732 6.762 6.792 6.822 6.852 6.882 6.912 6.941 6.892 6.842 6.743 6.743 6.693 6.644 6.633 6.666 6.699 6.733 6.766 6.774 6.742 6.710 6.678 6.646 6.615 6.583 6.518 6.518 6.530 6.558 6.590 6.647 6.753 6.860 6.967 7.073 7.180 7.287 7.393 7.500 7.607 7.713 7.820 7.820 7.864 7.915 8.147 8.379 8.612 8.844 9.076
6.458 6.453 6.448 6.443 6.433 6.433 6.428 6.423 6.418 6.422 6.427 6.431 6.435 6.439 6.443 6.448 6.452 6.456 6.460 6.512 6.606 6.606 6.629 6.652 6.674 6.703 6.733 6.763 6.793 6.823 6.852 6.882 6.912 6.942 6.892 6.843 6.743 6.744 6.694 6.644 6.633 6.667 6.700 6.733 6.766 6.775 6.743 6.711 6.679 6.647 6.615 6.583 6.519 6.519 6.530 6.559 6.591 6.647 6.754 6.861 6.967 7.074 7.181 7.287 7.394 7.500 7.607 7.714 7.820 7.820 7.865 7.915 8.148 8.380 8.612 8.844 9.077
6.476 6.471 6.466 6.461 6.451 6.451 6.447 6.442 6.437 6.440 6.444 6.448 6.452 6.457 6.461 6.465 6.469 6.493 6.545 6.597 6.693 6.693 6.716 6.738 6.761 6.784 6.807 6.835 6.865 6.895 6.925 6.955 6.984 7.014 6.968 6.918 6.819 6.819 6.769 6.794 6.828 6.861 6.894 6.927 6.960 6.977 6.945 6.913 6.881 6.849 6.817 6.785 6.721 6.721 6.689 6.657 6.625 6.719 6.826 6.932 7.039 7.146 7.252 7.359 7.466 7.572 7.679 7.785 7.892 7.892 7.983 8.166 8.398 8.630 8.863 9.095 9.327
6.495 6.490 6.485 6.480 6.470 6.470 6.465 6.460 6.455 6.457 6.461 6.466 6.470 6.474 6.478 6.482 6.526 6.578 6.630 6.682 6.780 6.780 6.802 6.825 6.848 6.871 6.894 6.916 6.939 6.967 6.997 7.027 7.057 7.087 7.043 6.993 6.922 6.922 6.955 6.989 7.022 7.055 7.088 7.121 7.155 7.179 7.147 7.115 7.083 7.051 7.019 6.987 6.923 6.923 6.891 6.859 6.845 6.896 6.990 7.085 7.179 7.274 7.368 7.463 7.557 7.652 7.750 7.857 7.964 7.963 8.184 8.416 8.648 8.881 9.113 9.345 9.577
6.531 6.525 6.520 6.515 6.505 6.505 6.500 6.495 6.490 6.491 6.496 6.500 6.504 6.540 6.592 6.644 6.696 6.747 6.799 6.851 6.953 6.953 6.976 6.998 7.021 7.044 7.067 7.089 7.112 7.135 7.158 7.180 7.203 7.231 7.210 7.244 7.310 7.310 7.343 7.376 7.410 7.443 7.476 7.509 7.542 7.576 7.551 7.519 7.487 7.455 7.423 7.391 7.331 7.332 7.318 7.304 7.290 7.276 7.370 7.465 7.559 7.654 7.748 7.842 7.937 8.031 8.126 8.220 8.314 8.314 8.640 8.853 9.084 9.316 9.547 9.778 10.010
6.549 6.544 6.539 6.534 6.523 6.523 6.518 6.513 6.508 6.509 6.513 6.521 6.573 6.625 6.677 6.729 6.780 6.832 6.884 6.936 7.040 7.040 7.063 7.085 7.108 7.131 7.154 7.176 7.199 7.222 7.244 7.267 7.290 7.337 7.394 7.438 7.504 7.504 7.537 7.570 7.604 7.637 7.670 7.703 7.736 7.770 7.753 7.721 7.689 7.657 7.625 7.593 7.554 7.554 7.540 7.527 7.513 7.499 7.560 7.655 7.749 7.844 7.938 8.032 8.127 8.221 8.316 8.410 8.531 8.531 8.884 9.065 9.296 9.527 9.759 9.990 10.221
6.568 6.563 6.557 6.552 6.542 6.542 6.537 6.532 6.527 6.526 6.554 6.606 6.658 6.710 6.762 6.814 6.865 6.917 6.969 7.021 7.124 7.125 7.149 7.172 7.195 7.218 7.240 7.263 7.286 7.308 7.331 7.356 7.417 7.479 7.537 7.593 7.698 7.698 7.731 7.765 7.798 7.831 7.864 7.897 7.930 7.964 7.955 7.923 7.891 7.859 7.827 7.804 7.777 7.777 7.763 7.749 7.735 7.722 7.750 7.845 7.939 8.034 8.128 8.223 8.317 8.411 8.506 8.600 8.775 8.775 9.128 9.304 9.508 9.739 9.970 10.202 10.433
6.586 6.581 6.576 6.571 6.560 6.561 6.555 6.550 6.545 6.590 6.639 6.691 6.743 6.795 6.847 6.898 6.950 7.002 7.054 7.106 7.209 7.210 7.236 7.259 7.282 7.304 7.327 7.350 7.372 7.395 7.436 7.498 7.559 7.621 7.679 7.735 7.848 7.848 7.904 7.959 7.992 8.025 8.058 8.091 8.125 8.158 8.157 8.125 8.093 8.061 8.041 8.027 7.999 7.999 7.986 7.972 7.958 7.944 7.940 8.035 8.129 8.224 8.318 8.413 8.507 8.601 8.696 8.843 9.019 9.019 9.372 9.548 9.724 9.951 10.182 10.414 10.645
6.605 6.600 6.595 6.589 6.579 6.579 6.574 6.586 6.649 6.703 6.742 6.781 6.828 6.880 6.931 6.983 7.035 7.087 7.139 7.191 7.294 7.294 7.323 7.346 7.368 7.391 7.414 7.437 7.459 7.517 7.578 7.640 7.701 7.763 7.822 7.878 7.990 7.990 8.047 8.103 8.159 8.216 8.252 8.285 8.319 8.352 8.359 8.328 8.296 8.277 8.263 8.250 8.222 8.222 8.208 8.194 8.181 8.167 8.153 8.225 8.319 8.414 8.508 8.603 8.697 8.791 8.911 9.087 9.263 9.263 9.616 9.792 9.968 10.163 10.394 10.625 10.857
6.623 6.618 6.613 6.608 6.597 6.598 6.634 6.697 6.759 6.816 6.855 6.894 6.933 6.972 7.016 7.068 7.120 7.172 7.224 7.276 7.379 7.379 7.410 7.432 7.455 7.478 7.501 7.535 7.597 7.659 7.720 7.782 7.843 7.905 7.964 8.020 8.133 8.133 8.189 8.245 8.302 8.358 8.414 8.471 8.513 8.546 8.562 8.530 8.514 8.500 8.486 8.472 8.445 8.445 8.431 8.417 8.403 8.390 8.376 8.415 8.509 8.604 8.698 8.793 8.887 8.981 9.155 9.331 9.507 9.507 9.860 10.036 10.212 10.388 10.606 10.837 11.069
6.642 6.637 6.632 6.626 6.682 6.682 6.745 6.807 6.870 6.928 6.967 7.006 7.045 7.084 7.123 7.163 7.205 7.257 7.309 7.361 7.464 7.464 7.497 7.519 7.542 7.565 7.616 7.677 7.739 7.800 7.862 7.924 7.985 8.047 8.106 8.163 8.275 8.275 8.332 8.388 8.444 8.500 8.557 8.613 8.669 8.725 8.764 8.750 8.736 8.722 8.709 8.695 8.667 8.667 8.654 8.640 8.626 8.612 8.598 8.605 8.699 8.794 8.888 8.983 9.077 9.223 9.399 9.575 9.751 9.751 10.104 10.280 10.456 10.632 10.817 11.049 11.280
6.660 6.655 6.650 6.667 6.793 6.793 6.855 6.918 6.981 7.041 7.080 7.119 7.158 7.197 7.236 7.275 7.314 7.353 7.394 7.446 7.549 7.549 7.583 7.606 7.634 7.696 7.758 7.819 7.881 7.943 8.004 8.066 8.127 8.189 8.249 8.305 8.418 8.418 8.474 8.530 8.586 8.643 8.699 8.755 8.812 8.872 8.936 8.945 8.955 8.945 8.931 8.918 8.890 8.890 8.876 8.862 8.849 8.835 8.821 8.807 8.889 8.984 9.078 9.173 9.291 9.467 9.643 9.819 9.995 9.995 10.348 10.524 10.700 10.876 11.052 11.261 11.492
6.679 6.674 6.715 6.778 6.903 6.903 6.966 7.028 7.091 7.154 7.193 7.231 7.271 7.310 7.349 7.388 7.427 7.466 7.505 7.544 7.634 7.634 7.670 7.715 7.776 7.838 7.900 7.961 8.023 8.085 8.146 8.208 8.269 8.331 8.391 8.448 8.560 8.560 8.616 8.672 8.729 8.785 8.841 8.898 8.963 9.030 9.098 9.108 9.117 9.127 9.136 9.140 9.112 9.112 9.099 9.085 9.071 9.057 9.043 9.030 9.079 9.174 9.268 9.363 9.535 9.711 9.887 10.063 10.239 10.239 10.592 10.768 10.944 11.120 11.296 11.472 11.704
6.700 6.763 6.826 6.888 7.014 7.014 7.076 7.139 7.202 7.264 7.305 7.344 7.383 7.422 7.461 7.500 7.540 7.579 7.618 7.657 7.735 7.735 7.793 7.857 7.918 7.980 8.042 8.103 8.165 8.226 8.288 8.350 8.411 8.473 8.534 8.590 8.702 8.702 8.759 8.815 8.871 8.927 8.986 9.053 9.121 9.189 9.256 9.271 9.280 9.290 9.299 9.308 9.327 9.327 9.321 9.308 9.294 9.280 9.266 9.252 9.269 9.364 9.458 9.603 9.779 9.955 10.131 10.307 10.483 10.483 10.836 11.012 11.188 11.364 11.540 11.716 11.916
6.811 6.874 6.936 6.999 7.124 7.124 7.187 7.250 7.312 7.375 7.418 7.457 7.496 7.535 7.574 7.613 7.652 7.691 7.730 7.769 7.860 7.860 7.917 7.987 8.057 8.122 8.184 8.245 8.307 8.369 8.430 8.492 8.553 8.615 8.676 8.732 8.845 8.845 8.901 8.957 9.014 9.076 9.144 9.212 9.279 9.347 9.414 9.433 9.443 9.452 9.462 9.471 9.490 9.490 9.499 9.508 9.516 9.502 9.489 9.475 9.461 9.554 9.670 9.847 10.023 10.199 10.375 10.551 10.727 10.727 11.079 11.256 11.432 11.608 11.784 11.960 12.136
6.922 6.984 7.047 7.110 7.235 7.235 7.298 7.360 7.423 7.486 7.530 7.570 7.609 7.648 7.687 7.726 7.765 7.804 7.843 7.889 7.986 7.986 8.041 8.111 8.181 8.250 8.320 8.387 8.449 8.511 8.572 8.634 8.695 8.757 8.818 8.875 8.987 8.987 9.043 9.100 9.167 9.235 9.302 9.370 9.437 9.505 9.573 9.596 9.605 9.615 9.624 9.634 9.652 9.652 9.662 9.671 9.680 9.690 9.699 9.697 9.683 9.744 9.914 10.090 10.267 10.443 10.619 10.795 10.971 10.971 11.309 11.469 11.628 11.787 11.947 12.106 12.265
7.032 7.095 7.158 7.220 7.345 7.345 7.408 7.471 7.534 7.596 7.643 7.682 7.721 7.760 7.799 7.838 7.877 7.917 7.966 8.015 8.112 8.112 8.165 8.235 8.305 8.374 8.444 8.514 8.584 8.653 8.714 8.776 8.837 8.899 8.961 9.017 9.129 9.130 9.190 9.257 9.325 9.393 9.460 9.528 9.596 9.663 9.731 9.759 9.768 9.777 9.787 9.796 9.815 9.815 9.824 9.834 9.843 9.852 9.862 9.871 9.880 9.935 10.094 10.254 10.413 10.572 10.732 10.891 11.050 11.050 11.369 11.528 11.688 11.847 12.006 12.166 12.317
7.033 7.096 7.158 7.221 7.346 7.346 7.409 7.472 7.534 7.597 7.644 7.683 7.722 7.761 7.800 7.839 7.878 7.917 7.966 8.015 8.113 8.113 8.165 8.235 8.305 8.375 8.444 8.514 8.584 8.653 8.715 8.776 8.838 8.899 8.961 9.018 9.130 9.130 9.190 9.258 9.326 9.393 9.461 9.528 9.596 9.664 9.731 9.759 9.768 9.778 9.787 9.797 9.815 9.815 9.825 9.834 9.843 9.853 9.862 9.871 9.881 9.935 10.095 10.254 10.413 10.573 10.732 10.891 11.051 11.051 11.369 11.529 11.688 11.847 12.007 12.166 12.317
7.143 7.206 7.269 7.331 7.457 7.457 7.519 7.582 7.645 7.707 7.756 7.795 7.834 7.873 7.912 7.951 7.995 8.043 8.092 8.141 8.238 8.238 8.289 8.359 8.429 8.499 8.568 8.638 8.708 8.778 8.847 8.917 8.980 9.041 9.103 9.160 9.281 9.281 9.349 9.416 9.484 9.552 9.619 9.687 9.754 9.822 9.890 9.922 9.931 9.941 9.950 9.959 9.978 9.978 9.987 9.997 10.006 10.015 10.025 10.038 10.056 10.081 10.154 10.314 10.473 10.633 10.792 10.951 11.111 11.110 11.429 11.589 11.748 11.907 12.066 12.226 12.367
7.245 7.312 7.378 7.442 7.567 7.567 7.630 7.693 7.755 7.818 7.869 7.908 7.947 7.986 8.025 8.072 8.120 8.169 8.218 8.267 8.364 8.364 8.413 8.483 8.553 8.623 8.692 8.762 8.832 8.902 8.971 9.041 9.111 9.181 9.245 9.304 9.439 9.439 9.507 9.575 9.642 9.710 9.777 9.845 9.913 9.980 10.048 10.084 10.094 10.103 10.113 10.122 10.141 10.141 10.150 10.159 10.169 10.178 10.196 10.214 10.232 10.259 10.289 10.373 10.533 10.692 10.852 11.011 11.170 11.170 11.489 11.648 11.808 11.967 12.126 12.281 12.417
7.449 7.515 7.582 7.648 7.781 7.781 7.847 7.913 7.976 8.038 8.094 8.133 8.177 8.225 8.274 8.323 8.372 8.420 8.469 8.518 8.615 8.615 8.664 8.731 8.800 8.870 8.940 9.009 9.079 9.149 9.219 9.289 9.358 9.435 9.512 9.590 9.747 9.747 9.823 9.891 9.958 10.026 10.094 10.161 10.229 10.296 10.364 10.409 10.419 10.428 10.437 10.447 10.466 10.466 10.477 10.495 10.513 10.531 10.549 10.567 10.586 10.616 10.646 10.676 10.706 10.811 10.971 11.130 11.289 11.289 11.608 11.767 11.927 12.086 12.245 12.380 12.516
