includes/camargue/floodfiles/results_R3_t1.56234553567E12/res-0006.wdfp
ncols         906
nrows         631
xllcorner     362177.146667
yllcorner     6534725.688020
cellsize      20.000000
NODATA_value  -9999.000000
[rows 408 to 441 of 631, columns 231 to 307 of 906]
1.269 1.179 1.909 1.910 0.920 0.870 1.641 2.191 2.231 2.221 1.352 0.000 1.456 2.157 2.157 2.207 0.428 0.909 0.869 0.870 1.570 1.130 1.431 1.751 1.441 1.482 2.042 1.822 0.883 0.804 2.777 0.337 0.000 2.372 2.232 2.232 2.622 1.262 2.203 1.093 0.924 2.154 2.044 0.994 0.464 1.825 1.735 0.215 2.126 1.036 0.029 0.029 1.128 1.238 2.258 1.198 1.229 0.440 2.861 1.082 0.673 0.853 1.403 1.093 1.324 0.954 0.584 0.584 0.036 1.726 1.756 0.000 1.848 1.668 0.329 0.889 0.359
1.439 1.709 1.049 1.049 0.619 0.880 0.850 0.320 1.561 2.311 2.231 2.191 0.892 0.000 1.486 2.207 2.178 2.288 1.089 1.089 1.700 0.890 1.500 1.371 0.871 1.162 0.982 1.772 0.922 2.751 0.285 0.417 0.888 2.912 0.212 0.212 1.771 1.631 1.052 1.572 1.013 1.364 2.184 1.814 1.774 1.864 1.525 0.725 1.906 1.586 1.886 1.886 0.897 2.137 0.678 0.838 1.288 0.749 3.173 0.392 0.742 1.552 1.133 1.133 1.383 1.384 1.704 1.704 1.734 1.655 0.106 1.678 1.788 0.000 0.558 0.059 1.608
1.359 1.849 0.799 0.799 1.179 1.199 0.709 1.500 2.100 0.980 1.091 2.201 2.221 2.251 1.352 0.076 1.978 2.228 1.848 1.849 0.589 1.750 1.560 1.640 0.750 0.081 0.162 2.707 2.726 0.213 2.395 2.015 0.946 0.199 1.630 1.630 1.781 1.461 2.181 1.681 0.832 1.163 1.484 1.714 1.744 1.704 0.924 0.975 1.455 1.816 1.536 1.536 1.526 1.897 1.907 1.228 1.488 0.899 1.780 0.241 1.202 1.562 1.582 1.582 1.613 0.803 1.314 1.314 1.834 1.874 0.000 1.818 1.708 1.068 1.298 1.358 1.438
1.358 1.848 0.798 0.798 1.179 1.199 0.709 1.500 2.100 0.980 1.090 2.201 2.221 2.251 1.351 0.075 1.978 2.228 1.849 1.849 0.589 1.750 1.560 1.640 0.750 0.081 0.161 2.707 2.726 0.214 2.395 2.015 0.945 0.197 1.630 1.630 1.780 1.460 2.181 1.681 0.832 1.163 1.483 1.713 1.744 1.704 0.924 0.975 1.455 1.815 1.536 1.536 1.526 1.897 1.907 1.228 1.488 0.899 1.780 0.241 1.201 1.561 1.582 1.582 1.612 0.803 1.314 1.314 1.834 1.874 0.000 1.817 1.708 1.068 1.298 1.358 1.438
1.798 1.958 2.148 2.148 0.858 1.658 1.278 2.059 0.929 1.109 2.130 1.490 0.920 2.241 2.251 2.271 0.962 0.005 1.849 1.849 1.679 1.869 1.130 1.240 0.590 0.370 2.683 2.702 0.302 0.944 0.914 0.224 1.995 1.775 1.158 1.159 1.690 1.510 1.680 1.351 1.071 1.222 1.212 1.953 0.993 0.454 1.844 1.764 1.725 1.125 0.965 0.966 1.836 1.426 0.177 1.798 2.908 2.698 0.579 1.110 1.550 1.601 1.601 1.611 0.672 1.423 0.474 0.474 1.894 0.405 1.597 1.747 0.000 0.817 0.257 1.357 0.817
1.898 1.898 1.958 1.958 2.018 1.328 1.228 0.888 1.189 1.289 1.529 1.509 1.710 1.020 0.960 2.401 1.901 2.101 0.354 0.356 1.759 1.869 0.049 1.269 0.399 0.950 2.678 0.002 0.980 0.033 2.223 1.773 1.104 1.675 0.876 0.877 1.019 1.579 1.279 1.270 0.941 1.192 1.842 1.572 0.813 1.404 1.834 1.804 1.774 1.865 1.875 1.875 1.115 0.000 1.647 1.367 0.598 3.152 3.038 1.199 1.510 1.300 1.430 1.011 0.271 1.363 0.154 0.154 1.314 0.835 1.777 1.317 0.757 1.057 1.557 1.407 0.937
0.697 1.997 1.707 1.707 0.717 1.897 1.897 1.947 0.528 2.058 1.998 0.929 1.059 1.420 1.630 1.351 1.741 1.031 2.102 2.102 0.286 0.578 3.188 1.339 2.629 1.489 1.050 2.160 1.830 1.811 1.542 0.883 1.894 2.174 2.205 2.205 1.727 1.888 1.519 1.289 0.480 2.965 2.985 2.990 2.632 1.423 2.184 2.944 2.966 2.604 0.002 0.002 1.875 1.885 0.846 1.217 3.139 1.107 0.818 0.468 1.639 1.169 1.259 0.268 1.507 0.172 1.583 1.583 1.673 0.523 0.000 1.657 1.737 1.697 1.347 0.597 0.967
1.037 1.867 1.797 1.797 1.267 0.657 2.127 2.107 2.077 2.108 2.008 1.578 0.949 1.289 1.830 0.550 1.271 0.061 0.812 0.812 0.265 0.517 1.318 2.605 1.758 0.879 1.279 1.650 0.850 1.181 2.042 1.992 2.083 2.104 2.115 2.115 0.000 0.517 1.228 0.548 2.048 2.960 0.380 0.150 0.511 1.303 1.264 1.184 0.514 2.534 1.274 1.275 1.325 1.205 0.475 2.036 0.806 1.367 0.107 1.557 1.538 1.208 1.628 0.458 1.417 0.111 0.803 0.803 0.733 1.822 1.413 0.215 0.516 1.636 1.556 0.486 0.517
0.475 1.336 1.696 1.696 1.086 0.966 1.517 1.937 2.037 1.967 0.847 1.458 1.168 1.709 0.749 0.889 0.760 0.191 0.952 0.952 0.463 1.265 2.581 0.968 2.058 1.859 1.549 1.819 1.820 2.120 2.021 2.112 2.253 0.973 0.393 0.393 0.913 0.814 0.996 2.914 2.933 0.687 0.986 1.026 1.296 0.410 1.243 1.273 0.683 0.684 2.981 2.981 1.225 1.355 0.895 3.118 3.415 0.466 1.617 1.637 1.567 1.237 1.577 0.087 1.477 0.219 0.711 0.711 0.882 1.702 0.603 1.585 1.635 1.535 0.000 1.845 0.306
1.214 1.405 1.605 1.605 1.036 1.096 1.267 2.037 1.057 1.887 0.947 1.977 1.017 0.398 1.069 0.999 0.990 0.730 3.302 3.302 3.352 2.552 0.377 2.038 1.958 1.878 1.899 1.909 1.889 2.100 1.460 0.091 1.123 0.662 0.452 0.452 2.848 2.868 2.887 1.815 0.815 0.905 0.995 1.205 1.436 1.316 0.290 0.953 1.262 0.643 2.981 2.981 0.674 0.954 1.425 3.118 0.266 1.886 1.606 1.596 1.637 1.507 1.577 1.447 1.397 0.698 1.069 1.070 1.201 1.072 1.213 0.724 1.535 1.695 0.000 1.955 0.505
1.343 1.284 1.495 1.495 1.415 1.125 1.556 1.897 1.117 1.727 1.466 2.256 0.587 1.177 1.198 0.509 0.269 3.390 0.551 0.552 2.528 0.013 1.608 2.078 1.818 1.618 0.648 0.348 1.649 1.589 1.639 2.179 0.421 0.851 2.823 2.824 2.843 0.482 1.953 0.134 1.745 1.605 1.465 1.655 1.655 1.646 1.026 0.349 1.452 0.921 0.262 0.263 3.034 2.174 3.089 0.815 1.895 1.346 1.606 1.646 1.476 0.857 1.187 1.527 1.577 1.587 1.008 1.009 1.380 0.471 1.294 1.134 0.985 1.635 1.035 1.735 0.565
1.453 1.213 1.414 1.414 1.384 1.444 0.835 1.066 1.766 1.946 0.166 2.946 0.916 0.897 1.108 1.729 2.689 1.310 3.321 3.321 1.971 0.000 0.306 0.646 1.207 1.707 1.637 2.663 2.683 2.702 2.722 2.741 2.761 2.780 2.819 2.819 1.141 1.612 1.572 0.413 1.194 1.314 1.235 1.235 1.185 1.356 1.676 1.616 0.549 1.280 1.160 1.161 2.843 1.373 0.324 1.575 1.615 1.665 1.606 1.586 1.416 1.596 1.427 1.597 1.197 1.767 1.168 1.168 0.369 0.829 0.000 1.265 1.445 1.165 1.735 1.405 1.095
1.662 1.232 0.952 0.953 1.003 1.043 0.904 1.986 1.336 0.675 1.035 2.696 1.045 1.325 0.706 0.567 0.689 1.320 2.500 2.500 0.241 0.172 0.973 0.924 2.215 2.619 2.638 2.566 1.496 0.020 1.339 0.549 0.369 0.550 1.560 1.561 1.371 0.651 0.482 1.052 1.383 1.334 0.924 1.685 1.665 1.795 1.546 1.737 1.858 1.539 1.220 1.221 1.682 0.273 1.974 1.414 1.805 1.765 1.235 1.506 1.526 1.456 1.116 1.397 1.077 1.377 1.278 1.278 0.898 1.068 0.002 0.263 0.613 0.975 1.505 0.295 0.375
1.040 0.970 1.001 1.001 1.261 1.151 1.521 0.000 0.524 1.434 1.524 1.014 2.355 1.304 1.034 1.553 0.396 0.790 2.495 2.496 2.515 2.534 2.554 2.573 2.593 0.994 0.012 1.925 1.795 1.755 0.627 1.397 1.337 0.828 1.450 1.450 0.670 0.860 0.961 1.451 0.992 1.273 1.213 1.234 1.675 1.615 1.326 1.567 1.278 1.449 1.580 1.580 0.412 1.423 1.233 1.454 1.645 1.695 1.175 0.966 0.886 1.606 1.736 1.706 0.906 0.957 1.528 1.528 1.128 0.059 0.399 1.559 1.289 0.017 0.373 1.053 0.904
1.799 0.899 0.939 0.938 1.258 0.308 0.848 0.808 0.729 0.521 1.223 2.323 1.493 2.483 1.843 1.293 1.653 0.716 2.331 2.331 0.110 1.330 1.210 0.931 0.272 1.403 1.473 1.864 1.775 1.615 1.085 1.036 0.967 1.097 0.989 0.989 0.729 1.300 1.170 1.211 1.391 1.182 1.332 1.023 1.394 1.255 1.656 1.687 1.287 1.748 0.840 0.840 1.612 1.302 1.323 1.564 1.454 1.325 1.225 1.725 1.526 1.006 1.726 1.626 1.506 1.756 0.637 0.638 1.338 0.468 1.559 1.409 0.679 1.139 0.411 0.651 0.302
1.026 1.016 1.346 1.346 1.446 0.556 1.676 0.897 0.797 0.659 1.021 0.581 1.022 1.463 1.812 0.822 1.772 2.002 0.099 0.099 2.208 2.108 1.659 1.969 2.040 1.772 1.913 2.094 0.814 0.454 1.165 0.635 1.346 1.297 0.808 0.808 1.369 1.399 1.309 1.380 1.111 1.301 1.312 1.352 1.093 1.474 0.886 0.957 1.497 0.798 0.189 0.190 1.552 1.362 1.512 1.154 1.294 1.034 1.494 0.535 1.836 1.926 1.906 1.216 0.028 1.656 0.887 0.888 0.908 1.428 1.319 0.839 1.069 0.299 0.780 1.260 1.010
1.065 1.055 1.705 1.705 1.446 1.576 1.496 0.756 1.376 1.436 0.638 1.668 0.619 0.440 3.442 1.051 1.562 1.141 0.020 0.020 2.037 1.408 1.798 1.839 0.600 1.642 1.182 0.423 1.563 1.553 2.204 2.074 0.825 0.925 0.716 0.717 0.878 1.338 1.279 1.369 1.360 1.070 1.461 1.242 1.382 0.873 0.434 1.417 0.447 0.188 0.899 0.899 1.200 1.261 1.592 0.000 1.473 0.363 1.153 0.983 0.444 0.384 0.804 0.914 0.000 1.594 0.086 0.087 1.408 1.078 0.838 0.898 1.128 0.708 0.439 0.799 0.720
1.184 0.314 1.434 1.434 1.005 1.215 1.915 1.475 1.246 1.806 1.596 0.827 1.137 0.678 1.059 2.539 0.690 2.700 0.061 0.063 2.016 1.966 1.257 1.328 1.809 1.211 1.172 1.882 1.923 1.963 2.004 1.924 1.834 1.904 1.215 1.216 1.347 1.477 1.328 0.979 1.129 1.090 1.460 1.291 0.531 1.391 1.381 0.000 0.003 0.636 1.568 1.568 1.328 0.460 1.491 1.521 0.822 0.352 1.472 0.692 0.712 0.762 1.063 1.333 0.463 1.833 0.124 0.125 1.368 0.021 0.748 1.178 0.718 0.678 0.748 0.818 0.389
0.533 1.002 1.463 1.463 0.944 0.924 1.825 1.365 1.515 1.356 2.996 3.486 2.326 2.345 2.365 2.385 2.869 2.424 2.380 2.381 1.953 1.075 1.236 2.087 1.108 1.800 1.231 1.752 1.963 1.723 1.464 2.114 2.024 2.014 1.225 1.226 1.226 1.437 1.457 1.078 1.348 1.549 1.569 0.160 1.360 1.380 0.000 0.002 0.762 0.813 0.355 0.356 1.767 1.947 0.559 1.541 1.551 1.101 1.332 1.162 1.242 1.172 0.892 0.822 1.502 1.632 1.342 1.342 0.067 1.218 0.348 0.568 0.558 0.858 0.728 0.858 0.000
0.532 1.002 1.462 1.462 0.942 0.923 1.824 1.365 1.515 1.356 2.996 3.486 2.326 2.345 2.365 2.385 2.869 2.424 2.380 2.381 1.952 1.074 1.236 2.086 1.108 1.800 1.231 1.752 1.963 1.723 1.464 2.114 2.024 2.014 1.225 1.225 1.226 1.437 1.457 1.077 1.348 1.549 1.569 0.159 1.360 1.380 0.000 0.000 0.762 0.812 0.353 0.355 1.766 1.946 0.558 1.541 1.551 1.101 1.331 1.161 1.241 1.172 0.892 0.822 1.502 1.632 1.342 1.342 0.066 1.218 0.348 0.568 0.558 0.858 0.728 0.858 0.000
0.380 3.109 1.510 1.511 1.791 0.962 1.574 1.604 1.295 2.263 2.282 2.302 3.407 2.341 2.361 2.380 2.400 2.420 2.390 2.391 1.422 1.154 1.855 2.006 2.077 0.689 1.981 1.962 1.483 1.553 1.724 1.924 2.124 2.064 1.575 1.575 1.286 1.376 1.806 1.057 1.487 0.058 1.318 1.438 1.279 0.269 0.479 0.880 1.021 1.621 1.331 1.332 1.375 1.146 1.246 0.438 1.081 0.931 0.551 0.841 1.071 1.051 0.711 0.772 1.842 1.672 1.292 1.292 1.222 0.000 1.316 0.287 1.187 1.187 0.427 0.807 1.347
1.938 3.469 1.219 1.220 1.560 0.861 1.283 1.703 2.238 2.258 1.715 1.575 0.896 1.327 1.367 2.158 1.429 1.330 1.560 1.560 1.272 1.823 1.734 1.645 2.057 1.848 1.769 0.000 1.753 1.663 1.473 1.314 2.164 2.074 1.655 1.655 1.306 1.896 1.726 1.766 1.067 1.437 1.487 1.317 0.268 0.818 1.399 0.769 1.611 1.561 1.331 1.331 0.343 0.674 0.614 0.446 0.479 0.779 0.919 0.740 0.830 0.930 1.520 0.091 1.631 0.732 1.032 1.032 0.002 0.816 1.066 1.136 0.446 0.956 1.186 1.046 1.056
1.647 1.618 1.668 1.669 3.359 2.168 2.188 2.208 1.424 1.424 1.725 1.505 1.385 2.076 1.396 1.387 0.589 1.630 3.140 3.140 1.452 1.493 2.244 2.014 1.236 1.988 2.009 1.760 1.302 1.183 1.703 1.644 1.704 1.524 1.395 1.395 1.675 1.676 1.896 1.646 1.036 1.057 1.077 1.667 1.607 1.367 0.618 1.669 0.630 1.550 1.030 1.030 2.050 1.131 0.782 0.902 0.296 0.739 1.009 1.039 0.559 0.760 1.480 0.061 1.721 0.000 0.332 0.332 1.543 0.225 0.546 0.856 1.136 0.986 1.236 1.086 1.156
1.687 1.747 2.123 2.124 2.144 2.163 1.520 1.340 0.372 2.563 1.264 1.474 1.214 1.595 2.005 1.386 0.237 2.040 1.610 1.610 0.291 2.563 2.653 1.484 1.086 1.048 0.849 1.531 1.631 0.722 1.503 1.624 1.594 1.754 1.435 1.435 1.425 1.426 0.946 1.256 1.296 1.066 1.147 1.197 1.077 0.607 1.618 1.418 1.489 1.069 1.530 1.530 1.840 0.281 1.251 1.151 0.335 0.617 0.878 1.268 0.898 0.749 1.069 1.139 1.550 0.000 0.520 0.520 0.403 1.615 0.365 0.555 1.225 1.455 1.415 1.035 1.645
2.064 2.080 3.367 3.368 1.528 1.599 2.830 2.100 1.371 1.392 1.243 1.253 1.274 1.574 1.524 0.815 1.645 0.947 2.089 2.089 1.759 1.741 1.762 1.033 0.926 1.108 1.209 0.660 1.352 1.512 1.263 1.914 1.534 1.364 1.285 1.285 1.295 1.305 1.316 1.736 0.946 1.206 1.306 1.747 1.797 1.547 0.908 1.148 0.668 1.069 0.909 0.909 1.059 0.000 1.031 1.171 0.714 0.725 0.826 0.887 1.137 0.138 0.828 1.758 1.099 0.169 0.739 0.739 0.000 0.915 1.015 1.535 1.405 1.205 1.365 1.645 1.595
2.058 2.075 2.147 2.147 1.528 1.478 1.219 1.660 1.280 1.361 1.442 1.622 2.333 1.363 1.454 1.804 1.915 1.585 0.957 0.958 1.689 1.540 1.431 1.531 0.563 1.028 1.249 0.960 0.761 1.542 1.313 1.603 1.574 1.694 1.315 1.315 1.485 1.575 1.586 1.686 1.076 1.126 1.636 1.486 1.887 1.557 1.337 1.628 1.458 1.438 1.228 1.228 0.898 0.015 1.130 1.090 0.044 0.965 1.155 0.406 0.856 0.726 0.938 1.668 1.108 0.918 1.109 1.109 0.000 0.595 1.134 0.614 0.845 1.345 1.445 1.625 1.565
1.546 1.406 2.497 2.497 1.558 1.528 1.209 2.100 1.440 1.461 1.441 1.542 1.662 1.573 1.634 1.634 1.975 1.915 2.025 2.026 2.106 0.678 0.999 0.949 1.478 0.124 1.040 0.910 1.071 1.171 0.842 1.363 1.093 0.594 1.265 1.265 1.435 1.615 1.835 1.306 1.956 1.756 1.826 2.006 1.247 0.907 1.097 1.218 1.768 2.068 1.988 1.988 1.228 1.558 1.149 1.129 0.121 0.613 0.854 0.465 1.305 0.795 0.047 1.677 0.438 0.908 0.089 0.089 0.000 0.000 0.643 1.473 0.734 1.474 1.544 1.604 1.305
1.685 1.496 1.526 1.527 1.497 1.528 1.229 1.489 1.380 1.530 1.581 1.581 1.571 1.672 0.433 0.914 1.854 2.035 1.865 1.865 2.055 2.005 0.237 1.588 1.598 1.678 0.000 1.200 1.290 1.200 1.040 0.542 1.133 0.943 0.104 0.105 1.805 1.825 1.835 1.025 1.646 1.576 1.336 1.346 0.666 0.687 0.697 0.948 1.648 1.588 1.658 1.658 1.388 1.708 1.029 1.189 0.489 0.801 0.771 0.133 1.374 0.405 0.285 1.746 0.000 0.888 0.000 0.000 1.360 0.571 1.052 1.413 1.823 1.523 1.304 1.624 1.064
1.445 1.435 1.456 1.456 1.267 1.427 1.068 1.559 1.520 1.620 1.610 1.750 1.611 1.561 1.752 1.993 2.064 1.884 1.315 1.315 0.865 1.935 1.795 0.457 1.627 1.537 0.927 0.105 1.140 1.140 1.090 0.890 0.000 0.963 0.863 0.863 0.455 1.745 1.775 1.795 1.785 1.745 2.085 1.726 1.656 1.707 1.637 1.708 1.598 1.638 1.628 1.628 1.168 1.188 0.869 1.079 1.119 1.279 1.180 0.302 1.394 1.044 1.505 1.685 0.014 0.476 0.000 0.000 1.220 0.350 1.501 0.752 1.583 1.313 1.433 1.464 1.124
1.504 1.375 1.435 1.436 1.466 1.236 0.828 1.909 1.659 1.659 1.660 1.620 1.741 1.511 0.682 1.903 2.043 0.933 0.904 0.904 1.085 1.275 0.715 1.466 1.007 1.417 1.437 1.467 0.393 0.777 1.049 1.269 1.079 0.601 0.453 0.453 0.955 0.595 1.815 1.865 1.845 1.825 1.805 1.225 0.745 0.326 0.126 0.000 0.447 0.287 0.397 0.397 1.566 1.726 0.078 1.149 1.179 1.159 0.970 0.241 1.453 1.343 0.515 1.805 0.013 0.904 0.000 0.000 0.980 1.580 1.280 1.630 1.251 0.862 1.603 1.663 0.043
2.594 1.574 1.175 1.175 1.375 1.556 1.067 0.978 1.609 1.699 1.809 1.739 0.460 1.280 1.041 1.382 1.473 1.153 1.573 1.573 0.584 1.234 1.284 0.986 1.256 0.556 1.247 1.477 0.688 1.089 0.444 1.229 1.119 0.839 0.171 0.172 1.075 1.535 1.915 1.865 1.825 1.775 1.755 1.755 1.295 1.625 1.695 1.615 1.775 1.825 1.765 1.766 1.586 1.766 0.117 1.128 1.269 1.089 1.210 0.911 1.243 1.393 0.000 1.184 0.204 0.994 0.644 0.645 0.758 1.269 0.910 1.800 1.590 1.651 1.161 0.171 1.451
2.754 2.624 1.524 1.524 1.365 1.315 0.976 1.077 1.368 1.168 1.628 1.718 1.498 0.969 1.619 1.170 0.651 0.911 0.712 0.712 1.283 1.283 1.174 0.335 0.815 1.116 1.136 1.427 1.347 1.277 1.317 0.390 0.000 1.069 1.129 1.129 0.573 1.785 1.805 1.785 1.745 1.735 1.815 1.755 0.975 1.725 1.525 1.455 1.595 1.745 1.645 1.646 1.716 1.796 0.476 1.118 1.208 0.009 1.180 0.790 0.782 1.433 0.054 1.684 0.264 1.274 1.254 1.254 0.607 1.359 1.629 1.629 0.890 1.480 0.700 1.440 1.991
2.884 2.724 2.104 2.104 1.604 1.344 1.036 1.107 1.307 1.157 1.218 1.488 1.428 1.618 1.508 0.598 1.389 1.389 0.670 0.671 1.142 1.213 0.001 0.973 1.014 1.065 0.766 1.077 1.447 1.367 1.417 1.397 0.597 0.000 0.829 0.829 0.603 1.125 1.645 1.705 1.715 1.805 1.775 1.865 1.775 0.845 1.555 0.895 0.895 1.255 1.505 1.506 1.136 1.796 1.796 1.287 1.347 0.058 1.059 1.179 0.422 1.373 1.003 1.083 0.363 1.583 1.094 1.094 0.865 1.278 1.588 1.079 1.249 1.359 1.620 0.730 3.380
2.764 2.774 2.714 2.714 2.144 1.814 0.405 1.066 1.316 1.366 1.257 1.207 1.277 1.297 1.407 1.367 1.267 0.849 1.419 1.419 1.020 0.502 1.192 1.302 1.203 0.395 1.266 1.166 0.806 1.397 1.257 1.367 0.947 0.691 0.685 0.686 0.000 1.154 1.284 1.435 1.795 1.785 1.795 1.475 1.485 1.125 1.365 1.524 1.534 0.635 1.285 1.285 1.336 1.816 1.516 1.256 1.037 1.077 1.388 0.878 0.000 1.363 1.383 1.283 0.262 1.463 1.393 1.394 1.594 0.747 1.227 1.137 0.969 1.709 0.209 3.449 3.130
