includes/camargue/floodfiles/results_R3_t1.56234553567E12/res-0001.wdfp
ncols         906
nrows         631
xllcorner     362177.146667
yllcorner     6534725.688020
cellsize      20.000000
NODATA_value  -9999.000000
[rows 578 to 611 of 631, columns 0 to 76 of 906]
5.609 5.688 5.767 5.846 5.925 6.004 6.083 6.123 6.123 6.134 6.144 6.169 6.194 6.219 6.243 6.268 6.586 6.932 7.279 7.625 7.971 8.317 8.664 8.890 8.890 8.506 8.025 7.543 7.062 6.580 6.098 5.617 5.135 4.654 4.188 3.763 3.689 3.646 3.602 3.559 3.558 3.477 3.440 3.403 3.366 3.326 3.284 3.241 3.197 3.154 3.110 3.067 3.029 3.031 3.033 3.035 3.034 3.038 3.039 3.028 3.017 3.007 2.997 2.987 2.972 2.954 2.935 2.916 2.898 2.879 2.866 2.854 2.832 2.832 2.820 2.805 2.778
5.513 5.717 5.878 5.957 6.036 6.115 6.194 6.252 6.252 6.270 6.295 6.320 6.345 6.369 6.394 6.419 6.651 6.998 7.344 7.690 8.036 8.383 8.607 8.809 8.809 8.681 8.200 7.718 7.237 6.755 6.274 5.792 5.310 4.829 4.402 3.976 3.691 3.647 3.604 3.560 3.560 3.473 3.429 3.386 3.342 3.294 3.251 3.207 3.164 3.120 3.077 3.033 2.997 2.999 3.001 3.003 3.002 3.006 3.008 3.010 3.008 2.997 2.983 2.965 2.946 2.927 2.909 2.890 2.872 2.853 2.840 2.828 2.806 2.805 2.794 2.783 2.771
5.136 5.340 5.543 5.747 5.951 6.155 6.305 6.381 6.381 6.421 6.446 6.471 6.496 6.520 6.545 6.570 6.717 7.063 7.409 7.755 8.102 8.324 8.526 8.729 8.729 8.856 8.375 7.893 7.412 6.930 6.449 5.967 5.486 5.040 4.615 4.190 3.764 3.649 3.605 3.562 3.561 3.475 3.431 3.387 3.344 3.280 3.217 3.174 3.130 3.087 3.043 3.000 2.965 2.967 2.969 2.971 2.970 2.974 2.976 2.978 2.983 2.978 2.957 2.939 2.920 2.901 2.883 2.864 2.846 2.827 2.813 2.802 2.779 2.779 2.768 2.756 2.745
4.759 4.963 5.167 5.370 5.574 5.778 5.981 6.147 6.147 6.572 6.597 6.622 6.646 6.671 6.696 6.721 6.782 7.128 7.474 7.820 8.041 8.243 8.446 8.648 8.648 9.032 8.550 8.069 7.587 7.105 6.624 6.142 5.679 5.253 4.828 4.403 3.977 3.651 3.607 3.563 3.563 3.476 3.433 3.389 3.338 3.275 3.211 3.148 3.097 3.054 3.010 2.967 2.933 2.935 2.937 2.939 2.938 2.942 2.946 2.955 2.964 2.960 2.937 2.913 2.894 2.875 2.857 2.838 2.819 2.801 2.787 2.776 2.753 2.753 2.742 2.730 2.717
4.382 4.586 4.790 4.993 5.197 5.401 5.565 5.704 5.704 6.121 6.350 6.579 6.797 6.822 6.847 6.872 6.897 7.193 7.540 7.758 7.960 8.163 8.366 8.568 8.568 8.973 8.725 8.244 7.762 7.281 6.799 6.317 5.892 5.467 5.041 4.616 4.191 3.765 3.608 3.565 3.565 3.478 3.434 3.391 3.332 3.269 3.205 3.142 3.078 3.020 2.977 2.933 2.901 2.903 2.905 2.906 2.906 2.919 2.928 2.937 2.946 2.942 2.919 2.895 2.872 2.849 2.830 2.812 2.793 2.775 2.761 2.750 2.727 2.727 2.715 2.701 2.688
4.005 4.209 4.413 4.616 4.820 4.984 5.123 5.261 5.261 5.656 5.885 6.114 6.343 6.572 6.801 7.023 7.047 7.258 7.475 7.678 7.880 8.083 8.285 8.488 8.488 8.893 8.900 8.419 7.937 7.456 6.974 6.530 6.105 5.680 5.255 4.829 4.404 3.978 3.610 3.567 3.566 3.479 3.436 3.390 3.326 3.263 3.199 3.136 3.072 3.009 2.945 2.900 2.869 2.870 2.873 2.882 2.882 2.900 2.910 2.919 2.928 2.924 2.901 2.877 2.854 2.831 2.808 2.785 2.767 2.748 2.735 2.723 2.698 2.698 2.685 2.672 2.658
3.628 3.832 4.036 4.239 4.403 4.541 4.680 4.818 4.818 5.190 5.419 5.648 5.877 6.106 6.335 6.564 6.793 7.294 7.395 7.597 7.800 8.002 8.205 8.407 8.407 8.812 9.015 8.594 8.112 7.631 7.169 6.744 6.318 5.893 5.468 5.042 4.617 4.191 3.766 3.568 3.568 3.481 3.437 3.384 3.321 3.257 3.194 3.130 3.067 3.003 2.939 2.876 2.837 2.846 2.855 2.864 2.864 2.882 2.891 2.900 2.909 2.906 2.883 2.859 2.836 2.813 2.790 2.766 2.743 2.722 2.708 2.695 2.669 2.668 2.655 2.642 2.629
3.251 3.455 3.659 3.821 3.960 4.098 4.237 4.375 4.375 4.725 4.954 5.183 5.412 5.641 5.870 6.176 6.916 7.537 7.623 7.710 7.797 7.922 8.124 8.327 8.327 8.732 8.935 8.769 8.287 7.807 7.382 6.957 6.531 6.106 5.681 5.255 4.830 4.405 3.979 3.570 3.569 3.483 3.439 3.378 3.315 3.251 3.188 3.124 3.061 2.997 2.934 2.873 2.830 2.829 2.837 2.846 2.845 2.864 2.873 2.882 2.891 2.888 2.865 2.841 2.818 2.795 2.772 2.748 2.725 2.698 2.679 2.665 2.639 2.639 2.625 2.612 2.599
2.874 3.078 3.240 3.378 3.517 3.655 3.794 3.932 3.932 4.260 4.488 4.718 4.946 5.175 5.566 6.306 7.046 7.780 7.866 7.953 8.040 8.126 8.213 8.300 8.300 8.652 8.854 8.944 8.463 8.020 7.595 7.170 6.745 6.319 5.894 5.469 5.043 4.618 4.192 3.767 3.767 3.484 3.435 3.372 3.309 3.245 3.182 3.118 3.056 2.995 2.933 2.871 2.828 2.828 2.827 2.827 2.827 2.845 2.854 2.863 2.873 2.870 2.847 2.823 2.800 2.777 2.754 2.728 2.699 2.670 2.650 2.636 2.609 2.609 2.596 2.582 2.569
2.563 2.659 2.797 2.936 3.074 3.213 3.351 3.490 3.490 3.794 4.023 4.252 4.481 4.956 5.696 6.436 7.176 7.916 8.109 8.196 8.283 8.369 8.456 8.543 8.543 8.716 8.803 8.976 8.659 8.234 7.808 7.383 6.958 6.532 6.107 5.682 5.256 4.831 4.406 3.980 3.980 3.486 3.430 3.366 3.303 3.240 3.178 3.117 3.055 2.993 2.931 2.869 2.827 2.826 2.825 2.825 2.824 2.827 2.836 2.845 2.854 2.852 2.829 2.805 2.782 2.758 2.729 2.700 2.671 2.642 2.622 2.608 2.580 2.580 2.566 2.553 2.540
2.563 2.659 2.797 2.936 3.074 3.213 3.351 3.490 3.490 3.794 4.023 4.252 4.481 4.956 5.696 6.436 7.176 7.916 8.109 8.196 8.283 8.369 8.456 8.543 8.543 8.716 8.803 8.976 8.659 8.234 7.808 7.383 6.958 6.532 6.107 5.682 5.256 4.831 4.406 3.980 3.980 3.486 3.430 3.366 3.303 3.240 3.178 3.117 3.055 2.993 2.932 2.870 2.827 2.826 2.826 2.825 2.825 2.827 2.836 2.845 2.854 2.852 2.829 2.805 2.782 2.758 2.729 2.700 2.671 2.642 2.622 2.608 2.580 2.580 2.566 2.553 2.540
2.573 2.561 2.559 2.557 2.631 2.770 2.908 3.047 3.047 3.329 3.558 3.787 4.345 5.085 5.825 6.565 7.305 8.045 8.352 8.439 8.526 8.612 8.699 8.786 8.786 8.959 9.046 8.822 8.540 8.160 7.779 7.399 7.018 6.637 6.257 5.876 5.469 5.044 4.619 4.194 4.193 3.487 3.424 3.362 3.300 3.239 3.177 3.115 3.053 2.992 2.930 2.868 2.825 2.825 2.824 2.824 2.823 2.823 2.822 2.827 2.836 2.834 2.811 2.787 2.759 2.730 2.701 2.672 2.643 2.615 2.593 2.579 2.552 2.552 2.538 2.524 2.510
2.624 2.607 2.604 2.602 2.600 2.598 2.596 2.604 2.604 2.881 3.092 3.735 4.475 5.215 5.955 6.695 7.435 8.175 8.595 8.682 8.769 8.855 8.942 9.029 9.028 9.010 8.647 8.296 8.099 7.775 7.395 7.014 6.634 6.253 5.872 5.492 5.111 4.731 4.350 3.969 3.969 3.455 3.422 3.361 3.299 3.237 3.175 3.113 3.052 2.990 2.928 2.866 2.823 2.823 2.823 2.822 2.822 2.821 2.821 2.820 2.820 2.816 2.788 2.759 2.730 2.702 2.673 2.644 2.615 2.587 2.565 2.551 2.523 2.523 2.509 2.495 2.481
2.725 2.704 2.695 2.693 2.691 2.689 2.686 2.684 2.684 3.022 3.478 4.147 4.817 5.486 6.214 6.954 7.694 8.434 9.081 9.168 9.254 9.341 9.024 8.661 8.661 7.934 7.571 7.309 7.111 6.914 6.626 6.245 5.865 5.484 5.104 4.723 4.343 3.962 3.581 3.358 3.358 3.331 3.306 3.275 3.244 3.213 3.172 3.110 3.048 2.987 2.925 2.863 2.820 2.820 2.819 2.819 2.819 2.818 2.818 2.820 2.822 2.811 2.764 2.718 2.674 2.645 2.617 2.588 2.559 2.530 2.508 2.494 2.466 2.466 2.452 2.438 2.424
2.775 2.754 2.741 2.739 2.736 2.734 2.731 2.729 2.729 3.435 3.815 4.484 5.154 5.823 6.492 7.161 7.831 8.563 9.303 9.411 9.212 8.849 8.486 8.123 8.123 7.397 7.033 6.815 6.618 6.421 6.224 5.861 5.480 5.100 4.719 4.339 3.958 3.578 3.310 3.296 3.296 3.268 3.247 3.216 3.185 3.154 3.124 3.093 3.047 2.985 2.923 2.861 2.819 2.818 2.818 2.817 2.817 2.819 2.821 2.823 2.825 2.816 2.769 2.722 2.676 2.629 2.589 2.560 2.531 2.502 2.480 2.465 2.438 2.438 2.423 2.408 2.394
2.826 2.805 2.786 2.784 2.782 2.779 2.777 3.133 3.133 3.848 4.206 4.822 5.491 6.160 6.829 7.499 8.168 8.837 9.441 9.037 8.674 8.311 7.948 7.585 7.585 6.859 6.518 6.321 6.124 5.927 5.730 5.477 5.096 4.716 4.335 3.955 3.574 3.261 3.248 3.234 3.234 3.206 3.188 3.157 3.126 3.096 3.065 3.034 3.003 2.972 2.921 2.859 2.817 2.816 2.816 2.818 2.817 2.822 2.824 2.826 2.828 2.820 2.774 2.727 2.680 2.633 2.587 2.540 2.503 2.474 2.451 2.437 2.408 2.408 2.393 2.379 2.364
2.876 2.855 2.834 2.829 2.827 2.831 3.189 3.546 3.546 4.261 4.618 5.159 5.828 6.497 7.166 7.836 8.505 9.054 9.399 9.037 8.330 7.773 7.410 7.047 7.047 6.321 6.025 5.828 5.631 5.433 5.236 5.039 4.712 4.331 3.951 3.570 3.213 3.199 3.185 3.171 3.171 3.144 3.129 3.098 3.068 3.037 3.006 2.975 2.944 2.913 2.882 2.851 2.815 2.816 2.818 2.820 2.820 2.824 2.826 2.828 2.830 2.825 2.778 2.732 2.685 2.638 2.592 2.545 2.498 2.451 2.422 2.408 2.378 2.378 2.364 2.349 2.334
2.926 2.906 2.885 2.875 2.887 3.244 3.602 3.959 3.959 4.674 5.031 5.496 6.165 6.834 7.504 8.173 8.666 9.012 9.357 9.136 8.429 7.722 7.015 6.509 6.509 5.783 5.531 5.334 5.137 4.940 4.743 4.546 4.328 3.947 3.567 3.186 3.150 3.137 3.123 3.109 3.109 3.082 3.068 3.040 3.009 2.978 2.947 2.916 2.885 2.854 2.823 2.795 2.786 2.816 2.821 2.823 2.823 2.827 2.829 2.831 2.833 2.829 2.783 2.736 2.689 2.643 2.596 2.549 2.503 2.457 2.415 2.380 2.348 2.348 2.334 2.319 2.304
2.953 2.944 2.934 2.943 3.300 3.657 4.015 4.372 4.372 5.087 5.444 5.833 6.502 7.172 7.841 8.279 8.624 8.969 9.315 9.234 8.528 7.821 7.114 6.407 6.407 5.245 5.037 4.840 4.643 4.446 4.249 4.053 3.856 3.563 3.182 3.102 3.088 3.075 3.061 3.047 3.047 3.019 3.005 2.981 2.950 2.919 2.888 2.857 2.826 2.795 2.771 2.749 2.735 2.765 2.795 2.825 2.825 2.830 2.832 2.834 2.836 2.834 2.787 2.741 2.694 2.647 2.601 2.555 2.510 2.465 2.423 2.387 2.319 2.319 2.304 2.289 2.275
2.964 2.955 2.968 3.202 3.611 4.021 4.428 4.785 4.785 5.500 5.857 6.215 6.839 7.509 7.891 8.236 8.582 8.927 9.273 9.333 8.627 7.920 7.213 6.506 6.506 4.993 4.691 4.468 4.244 4.020 3.797 3.573 3.362 3.165 3.053 3.040 3.026 3.012 2.998 2.985 2.985 2.957 2.943 2.922 2.891 2.860 2.829 2.798 2.769 2.747 2.726 2.704 2.684 2.714 2.744 2.775 2.774 2.833 2.835 2.837 2.839 2.839 2.792 2.745 2.699 2.652 2.607 2.562 2.517 2.472 2.430 2.395 2.324 2.324 2.289 2.260 2.245
2.976 2.998 3.229 3.460 3.818 4.227 4.637 5.046 5.046 5.865 6.270 6.628 7.158 7.503 7.849 8.194 8.540 8.885 9.230 9.432 8.726 8.019 7.312 6.593 6.593 4.939 4.478 4.254 4.030 3.807 3.583 3.360 3.136 3.016 2.987 2.975 2.964 2.950 2.936 2.922 2.922 2.895 2.881 2.863 2.832 2.801 2.770 2.745 2.723 2.702 2.680 2.658 2.636 2.663 2.693 2.723 2.723 2.784 2.814 2.839 2.842 2.843 2.797 2.750 2.705 2.660 2.615 2.570 2.525 2.480 2.437 2.402 2.331 2.331 2.296 2.261 2.225
3.027 3.258 3.489 3.720 4.025 4.434 4.844 5.253 5.253 6.072 6.481 6.889 7.078 7.451 7.807 8.152 8.497 8.843 9.188 9.532 8.825 8.118 7.366 6.539 6.539 4.886 4.264 4.040 3.817 3.593 3.370 3.146 3.016 2.959 2.917 2.905 2.894 2.883 2.871 2.859 2.859 2.832 2.819 2.804 2.773 2.743 2.721 2.700 2.678 2.656 2.634 2.612 2.591 2.612 2.642 2.673 2.672 2.733 2.763 2.793 2.824 2.847 2.803 2.758 2.712 2.667 2.622 2.577 2.532 2.487 2.444 2.409 2.338 2.338 2.303 2.268 2.233
3.287 3.518 3.749 3.980 4.231 4.641 5.050 5.460 5.460 6.279 6.688 6.854 6.960 7.324 7.696 8.069 8.441 8.801 9.146 9.491 8.924 8.140 7.313 6.486 6.486 4.832 4.051 3.827 3.603 3.380 3.156 3.016 2.958 2.901 2.847 2.836 2.824 2.813 2.801 2.790 2.790 2.767 2.755 2.743 2.719 2.697 2.676 2.654 2.632 2.610 2.588 2.567 2.545 2.561 2.591 2.622 2.621 2.682 2.712 2.743 2.766 2.774 2.780 2.765 2.720 2.675 2.630 2.585 2.540 2.495 2.452 2.416 2.346 2.346 2.310 2.275 2.240
3.547 3.778 4.009 4.240 4.471 4.848 5.257 5.666 5.666 6.485 6.712 6.818 6.925 7.197 7.570 7.942 8.314 8.687 9.059 9.431 8.913 8.086 7.259 6.433 6.433 4.779 3.952 3.613 3.390 3.166 3.016 2.958 2.901 2.843 2.786 2.766 2.755 2.743 2.731 2.720 2.720 2.697 2.685 2.717 2.700 2.652 2.630 2.608 2.586 2.564 2.543 2.521 2.499 2.510 2.540 2.571 2.570 2.631 2.661 2.672 2.680 2.688 2.694 2.699 2.705 2.682 2.637 2.592 2.547 2.502 2.459 2.424 2.353 2.353 2.318 2.282 2.235
3.808 4.039 4.270 4.501 4.732 5.054 5.464 5.873 5.873 6.570 6.676 6.782 6.889 7.071 7.443 7.815 8.188 8.560 8.839 8.658 8.248 7.697 7.147 6.379 6.379 4.726 3.899 3.400 3.176 3.015 2.958 2.901 2.843 2.786 2.729 2.696 2.685 2.673 2.662 2.650 2.650 2.627 2.666 2.713 2.714 2.666 2.618 2.570 2.541 2.519 2.497 2.475 2.453 2.459 2.489 2.519 2.519 2.569 2.577 2.585 2.593 2.602 2.608 2.613 2.619 2.625 2.630 2.600 2.555 2.510 2.467 2.431 2.361 2.360 2.316 2.266 2.215
4.068 4.299 4.530 4.761 4.992 5.261 5.671 6.080 6.080 6.534 6.641 6.747 6.853 6.960 7.316 7.689 8.061 8.199 8.018 7.836 7.470 6.919 6.369 5.818 5.818 4.672 3.845 3.186 3.015 2.958 2.901 2.843 2.786 2.728 2.671 2.627 2.615 2.603 2.592 2.581 2.581 2.616 2.663 2.709 2.727 2.680 2.632 2.584 2.536 2.488 2.451 2.429 2.407 2.408 2.438 2.466 2.466 2.482 2.491 2.499 2.507 2.516 2.522 2.528 2.533 2.539 2.545 2.550 2.556 2.518 2.474 2.439 2.347 2.347 2.297 2.246 2.196
4.068 4.299 4.530 4.761 4.992 5.261 5.670 6.080 6.080 6.534 6.641 6.747 6.853 6.960 7.317 7.689 8.061 8.199 8.018 7.836 7.470 6.919 6.369 5.818 5.818 4.672 3.845 3.186 3.015 2.958 2.901 2.843 2.786 2.728 2.671 2.627 2.615 2.604 2.592 2.581 2.581 2.616 2.663 2.709 2.727 2.680 2.631 2.584 2.535 2.487 2.451 2.429 2.407 2.408 2.438 2.466 2.466 2.483 2.491 2.499 2.508 2.516 2.522 2.528 2.534 2.539 2.545 2.550 2.556 2.518 2.474 2.439 2.348 2.347 2.297 2.247 2.196
4.328 4.559 4.790 5.021 5.252 5.483 5.877 6.286 6.286 6.498 6.605 6.711 6.818 6.924 7.190 7.562 7.559 7.378 7.196 7.015 6.692 6.141 5.591 5.040 5.040 3.939 3.389 3.017 2.958 2.900 2.843 2.786 2.728 2.671 2.613 2.557 2.545 2.534 2.522 2.519 2.519 2.612 2.659 2.706 2.741 2.693 2.645 2.597 2.549 2.501 2.453 2.405 2.361 2.356 2.372 2.380 2.380 2.397 2.405 2.413 2.422 2.430 2.436 2.442 2.448 2.453 2.459 2.465 2.470 2.476 2.479 2.429 2.328 2.328 2.277 2.227 2.177
4.585 4.817 5.049 5.281 5.512 5.743 6.084 6.250 6.250 6.463 6.569 6.676 6.782 6.888 7.063 6.919 6.737 6.556 6.375 6.193 5.914 5.363 4.813 4.262 4.262 3.161 2.981 2.964 2.908 2.848 2.787 2.728 2.671 2.613 2.556 2.498 2.476 2.464 2.469 2.515 2.515 2.609 2.655 2.702 2.749 2.706 2.658 2.610 2.562 2.514 2.466 2.418 2.369 2.315 2.286 2.294 2.294 2.311 2.319 2.327 2.336 2.344 2.350 2.356 2.362 2.367 2.373 2.379 2.385 2.403 2.420 2.392 2.308 2.308 2.258 2.208 2.157
5.100 5.332 5.564 5.796 6.010 6.201 6.276 6.263 6.263 6.484 6.594 6.705 6.815 6.926 6.687 6.098 5.508 4.919 4.732 4.550 4.358 3.807 3.256 2.925 2.925 2.890 2.872 2.855 2.813 2.752 2.692 2.631 2.570 2.510 2.449 2.388 2.365 2.415 2.461 2.508 2.508 2.601 2.648 2.695 2.741 2.733 2.685 2.637 2.589 2.541 2.484 2.424 2.364 2.304 2.271 2.239 2.239 2.175 2.147 2.155 2.163 2.172 2.178 2.184 2.190 2.199 2.219 2.239 2.260 2.280 2.299 2.271 2.216 2.216 2.189 2.162 2.118
5.357 5.589 5.819 6.010 6.201 6.392 6.440 6.421 6.421 6.511 6.621 6.732 6.842 6.953 6.593 6.003 5.414 4.824 4.235 3.729 3.547 3.029 2.888 2.870 2.870 2.835 2.818 2.800 2.765 2.705 2.644 2.583 2.523 2.462 2.401 2.364 2.337 2.392 2.448 2.504 2.503 2.598 2.644 2.691 2.737 2.747 2.699 2.651 2.601 2.541 2.481 2.421 2.361 2.301 2.266 2.233 2.233 2.169 2.137 2.104 2.077 2.086 2.093 2.098 2.118 2.138 2.158 2.178 2.198 2.218 2.238 2.211 2.156 2.156 2.129 2.101 2.074
5.615 5.819 6.010 6.201 6.392 6.583 6.604 6.586 6.586 6.549 6.648 6.758 6.869 6.980 6.498 5.909 5.319 4.730 4.140 3.550 2.965 2.851 2.833 2.816 2.816 2.781 2.763 2.746 2.718 2.657 2.596 2.536 2.475 2.414 2.383 2.353 2.323 2.364 2.420 2.476 2.475 2.587 2.641 2.687 2.734 2.760 2.712 2.659 2.599 2.539 2.479 2.419 2.359 2.299 2.260 2.228 2.228 2.163 2.131 2.099 2.067 2.034 2.017 2.036 2.056 2.077 2.097 2.117 2.137 2.157 2.177 2.151 2.096 2.096 2.068 2.041 2.014
5.819 6.010 6.201 6.392 6.583 6.774 6.768 6.750 6.750 6.713 6.695 6.785 6.896 6.993 6.404 5.814 5.225 4.635 4.052 3.476 2.900 2.787 2.775 2.761 2.761 2.726 2.709 2.691 2.670 2.610 2.549 2.488 2.432 2.402 2.372 2.342 2.312 2.336 2.392 2.447 2.447 2.558 2.614 2.670 2.725 2.774 2.716 2.656 2.596 2.536 2.476 2.416 2.356 2.297 2.255 2.222 2.222 2.158 2.126 2.094 2.063 2.035 2.013 1.997 1.995 2.015 2.035 2.055 2.075 2.096 2.116 2.091 2.036 2.036 2.008 1.981 1.953
6.010 6.201 6.392 6.583 6.774 6.950 6.932 6.914 6.914 6.877 6.859 6.841 6.923 6.899 6.309 5.720 5.139 4.563 3.987 3.411 2.835 2.722 2.710 2.698 2.698 2.672 2.654 2.637 2.619 2.562 2.501 2.452 2.422 2.391 2.361 2.331 2.301 2.308 2.364 2.419 2.419 2.530 2.586 2.641 2.697 2.727 2.696 2.653 2.594 2.534 2.474 2.414 2.354 2.294 2.249 2.217 2.216 2.152 2.120 2.092 2.065 2.038 2.015 2.000 1.984 1.969 1.974 1.994 2.014 2.034 2.054 2.030 1.975 1.975 1.948 1.927 1.927
