includes/camargue/floodfiles/results_R3_t1.56234553567E12/res-0013.wd
ncols         906
nrows         631
xllcorner     362177.146667
yllcorner     6534725.688020
cellsize      20.000000
NODATA_value  -9999.000000
[rows 544 to 577 of 631, columns 308 to 384 of 906]
5.264 5.166 5.067 4.969 4.857 4.688 4.688 4.351 4.182 4.013 3.844 3.675 3.506 3.337 3.169 3.000 2.831 2.662 2.494 2.597 2.719 2.840 2.841 3.084 3.206 3.328 3.449 3.571 3.693 3.814 3.936 4.058 4.179 4.264 4.199 4.135 4.070 3.842 3.368 3.368 3.131 2.894 2.657 2.420 2.184 1.947 1.710 1.510 1.498 1.486 1.474 1.462 1.450 1.438 1.401 1.401 1.380 1.359 1.339 1.318 1.297 1.288 1.283 1.277 1.271 1.266 1.260 1.254 1.249 1.243 1.232 1.232 1.226 1.227 1.224 1.212 1.200
5.314 5.216 5.118 5.019 4.921 4.755 4.755 4.417 4.248 4.079 3.910 3.742 3.573 3.404 3.235 3.066 2.898 2.729 2.547 2.537 2.711 2.885 2.886 3.234 3.408 3.537 3.659 3.781 3.902 4.024 4.145 4.267 4.389 4.510 4.479 4.414 4.213 3.977 3.503 3.503 3.266 3.029 2.792 2.555 2.319 2.082 1.845 1.608 1.555 1.543 1.531 1.519 1.507 1.492 1.450 1.450 1.429 1.409 1.388 1.367 1.346 1.333 1.328 1.322 1.316 1.311 1.305 1.299 1.294 1.288 1.277 1.277 1.278 1.279 1.280 1.268 1.255
5.365 5.266 5.168 5.070 4.971 4.821 4.821 4.483 4.315 4.146 3.977 3.808 3.639 3.470 3.302 3.133 2.964 2.785 2.600 2.443 2.618 2.792 2.792 3.140 3.314 3.488 3.663 3.837 4.011 4.185 4.355 4.477 4.598 4.720 4.759 4.585 4.348 4.112 3.638 3.638 3.401 3.164 2.927 2.690 2.454 2.217 1.980 1.743 1.612 1.600 1.588 1.576 1.562 1.541 1.499 1.499 1.478 1.458 1.437 1.416 1.395 1.378 1.373 1.367 1.361 1.356 1.350 1.344 1.339 1.333 1.329 1.329 1.330 1.331 1.332 1.323 1.311
5.415 5.316 5.218 5.120 5.021 4.888 4.888 4.550 4.381 4.212 4.043 3.874 3.706 3.537 3.368 3.199 3.023 2.837 2.652 2.467 2.524 2.698 2.699 3.047 3.221 3.395 3.569 3.743 3.917 4.091 4.265 4.439 4.613 4.787 4.928 4.709 4.483 4.247 3.773 3.773 3.536 3.299 3.062 2.825 2.589 2.352 2.115 1.878 1.669 1.657 1.645 1.631 1.610 1.590 1.548 1.548 1.528 1.507 1.486 1.465 1.444 1.423 1.417 1.412 1.406 1.401 1.395 1.389 1.384 1.379 1.381 1.381 1.382 1.383 1.384 1.378 1.366
5.465 5.367 5.268 5.170 5.072 4.954 4.954 4.616 4.447 4.279 4.110 3.941 3.772 3.603 3.434 3.260 3.075 2.890 2.705 2.520 2.431 2.605 2.605 2.953 3.127 3.302 3.476 3.650 3.824 3.998 4.172 4.346 4.520 4.686 4.828 4.745 4.526 4.306 3.867 3.867 3.647 3.428 3.197 2.960 2.724 2.487 2.250 2.013 1.776 1.714 1.701 1.680 1.660 1.639 1.597 1.597 1.577 1.556 1.535 1.514 1.493 1.473 1.462 1.457 1.451 1.446 1.440 1.434 1.430 1.431 1.433 1.433 1.434 1.435 1.436 1.434 1.421
5.515 5.417 5.318 5.220 5.122 5.020 5.021 4.683 4.514 4.345 4.176 4.007 3.838 3.670 3.498 3.313 3.128 2.943 2.758 2.573 2.388 2.511 2.512 2.860 3.034 3.208 3.382 3.556 3.730 3.904 4.078 4.252 4.426 4.568 4.709 4.782 4.563 4.343 3.904 3.904 3.684 3.465 3.245 3.025 2.806 2.586 2.367 2.147 1.911 1.771 1.750 1.729 1.709 1.688 1.646 1.646 1.626 1.605 1.584 1.563 1.543 1.522 1.507 1.502 1.496 1.491 1.485 1.481 1.482 1.483 1.485 1.485 1.486 1.487 1.488 1.489 1.477
5.565 5.467 5.369 5.270 5.172 5.074 5.074 4.749 4.580 4.411 4.243 4.074 3.905 3.736 3.551 3.366 3.181 2.995 2.810 2.625 2.440 2.418 2.418 2.766 2.941 3.115 3.289 3.463 3.637 3.811 3.985 4.159 4.308 4.449 4.591 4.732 4.600 4.380 3.941 3.941 3.721 3.501 3.282 3.062 2.843 2.623 2.404 2.184 1.965 1.818 1.798 1.778 1.758 1.737 1.695 1.695 1.675 1.654 1.633 1.612 1.592 1.571 1.552 1.547 1.541 1.536 1.532 1.533 1.534 1.535 1.537 1.537 1.538 1.539 1.540 1.541 1.532
5.615 5.517 5.419 5.321 5.222 5.124 5.124 4.816 4.647 4.478 4.309 4.140 3.971 3.789 3.603 3.418 3.233 3.048 2.863 2.678 2.493 2.324 2.325 2.673 2.847 3.021 3.195 3.369 3.543 3.717 3.891 4.048 4.189 4.331 4.472 4.613 4.636 4.417 3.978 3.978 3.758 3.538 3.319 3.099 2.880 2.660 2.440 2.221 2.045 1.901 1.845 1.825 1.804 1.784 1.744 1.744 1.724 1.703 1.682 1.662 1.641 1.620 1.599 1.592 1.586 1.582 1.583 1.585 1.586 1.587 1.589 1.589 1.590 1.591 1.592 1.593 1.587
5.666 5.567 5.469 5.371 5.272 5.174 5.174 4.882 4.713 4.544 4.376 4.207 4.026 3.841 3.656 3.471 3.286 3.101 2.916 2.731 2.545 2.360 2.361 2.579 2.754 2.928 3.102 3.276 3.450 3.624 3.788 3.929 4.071 4.212 4.353 4.495 4.636 4.454 4.014 4.015 3.795 3.575 3.356 3.136 2.917 2.697 2.477 2.281 2.137 1.993 1.891 1.871 1.851 1.831 1.791 1.791 1.771 1.751 1.731 1.711 1.690 1.669 1.648 1.637 1.633 1.634 1.635 1.636 1.638 1.639 1.641 1.641 1.642 1.643 1.644 1.645 1.643
5.716 5.617 5.519 5.421 5.323 5.224 5.224 4.949 4.780 4.611 4.442 4.264 4.079 3.894 3.709 3.524 3.338 3.153 2.968 2.783 2.598 2.413 2.413 2.486 2.660 2.834 3.008 3.182 3.356 3.528 3.669 3.811 3.952 4.093 4.235 4.376 4.518 4.491 4.051 4.051 3.832 3.612 3.393 3.173 2.953 2.734 2.517 2.373 2.229 2.085 1.941 1.917 1.897 1.877 1.837 1.837 1.817 1.797 1.777 1.757 1.737 1.717 1.697 1.684 1.685 1.686 1.687 1.688 1.690 1.691 1.693 1.693 1.694 1.695 1.696 1.697 1.698
5.766 5.668 5.569 5.471 5.373 5.274 5.275 5.015 4.846 4.677 4.502 4.317 4.132 3.947 3.761 3.576 3.391 3.206 3.021 2.836 2.651 2.466 2.466 2.392 2.567 2.741 2.915 3.089 3.263 3.409 3.551 3.692 3.833 3.975 4.116 4.258 4.399 4.528 4.088 4.088 3.869 3.649 3.430 3.210 2.990 2.771 2.609 2.465 2.321 2.177 2.033 1.964 1.944 1.924 1.884 1.884 1.864 1.844 1.824 1.804 1.784 1.764 1.721 1.668 1.694 1.720 1.739 1.740 1.741 1.743 1.745 1.745 1.746 1.747 1.748 1.749 1.750
5.588 5.602 5.617 5.521 5.423 5.325 5.325 5.081 4.913 4.740 4.555 4.370 4.184 3.999 3.814 3.629 3.444 3.259 3.074 2.888 2.703 2.518 2.518 2.299 2.473 2.647 2.821 2.995 3.149 3.291 3.432 3.573 3.715 3.856 3.998 4.139 4.281 4.422 4.125 4.125 3.906 3.686 3.467 3.247 3.027 2.845 2.701 2.557 2.413 2.269 2.125 2.010 1.990 1.970 1.930 1.930 1.910 1.890 1.870 1.850 1.830 1.782 1.715 1.648 1.674 1.699 1.725 1.751 1.777 1.794 1.797 1.797 1.798 1.799 1.800 1.801 1.802
5.588 5.602 5.617 5.521 5.423 5.325 5.325 5.082 4.913 4.740 4.555 4.370 4.184 3.999 3.814 3.629 3.444 3.259 3.074 2.888 2.703 2.518 2.519 2.299 2.473 2.647 2.821 2.995 3.149 3.291 3.432 3.574 3.715 3.856 3.998 4.139 4.281 4.422 4.125 4.125 3.906 3.686 3.467 3.247 3.027 2.845 2.701 2.557 2.413 2.269 2.125 2.010 1.990 1.970 1.930 1.930 1.910 1.890 1.870 1.850 1.830 1.782 1.715 1.648 1.674 1.699 1.725 1.751 1.777 1.795 1.797 1.797 1.798 1.799 1.800 1.801 1.803
5.397 5.412 5.426 5.441 5.455 5.375 5.375 5.148 4.978 4.793 4.608 4.422 4.237 4.052 3.867 3.682 3.497 3.311 3.126 2.941 2.756 2.571 2.571 2.206 2.380 2.554 2.728 2.889 3.031 3.172 3.314 3.455 3.596 3.738 3.879 4.021 4.162 4.304 4.162 4.162 3.943 3.723 3.503 3.284 3.081 2.937 2.793 2.649 2.505 2.361 2.217 2.073 2.037 2.017 1.977 1.977 1.957 1.937 1.917 1.897 1.843 1.776 1.708 1.641 1.653 1.679 1.705 1.730 1.756 1.782 1.834 1.834 1.850 1.851 1.852 1.853 1.854
5.206 5.221 5.235 5.250 5.265 5.279 5.279 5.214 5.031 4.845 4.660 4.475 4.290 4.105 3.920 3.734 3.549 3.364 3.179 2.994 2.809 2.624 2.624 2.253 2.286 2.460 2.629 2.771 2.912 3.054 3.195 3.336 3.478 3.619 3.761 3.902 4.044 4.185 4.199 4.199 3.980 3.760 3.540 3.321 3.173 3.029 2.885 2.741 2.597 2.453 2.309 2.165 2.083 2.063 2.023 2.023 2.003 1.983 1.963 1.904 1.837 1.769 1.702 1.635 1.632 1.658 1.684 1.710 1.736 1.761 1.813 1.813 1.839 1.865 1.891 1.905 1.906
4.825 4.839 4.854 4.869 4.898 4.972 4.972 5.110 5.152 4.965 4.779 4.593 4.407 4.221 4.035 3.848 3.662 3.476 3.290 3.104 2.918 2.732 2.732 2.359 2.174 2.250 2.392 2.534 2.675 2.816 2.958 3.099 3.241 3.382 3.524 3.665 3.806 3.948 4.231 4.231 4.054 3.834 3.645 3.501 3.357 3.213 3.069 2.925 2.781 2.637 2.493 2.349 2.205 2.156 2.116 2.116 2.093 2.026 1.959 1.891 1.824 1.757 1.689 1.622 1.591 1.616 1.642 1.668 1.694 1.720 1.772 1.772 1.797 1.823 1.849 1.875 1.905
4.634 4.649 4.667 4.741 4.815 4.889 4.889 5.022 5.076 5.028 4.842 4.655 4.469 4.283 4.097 3.911 3.725 3.538 3.352 3.166 2.980 2.794 2.794 2.422 2.312 2.349 2.457 2.564 2.671 2.779 2.886 2.993 3.122 3.264 3.405 3.547 3.688 3.829 4.112 4.112 4.091 3.881 3.737 3.593 3.449 3.305 3.161 3.017 2.873 2.729 2.585 2.441 2.297 2.203 2.154 2.154 2.087 2.020 1.952 1.885 1.818 1.750 1.683 1.616 1.570 1.596 1.622 1.648 1.673 1.699 1.751 1.751 1.777 1.803 1.828 1.867 1.926
4.444 4.509 4.583 4.657 4.731 4.805 4.805 4.933 4.988 5.043 4.904 4.718 4.532 4.346 4.159 3.973 3.787 3.601 3.415 3.229 3.043 2.856 2.857 2.504 2.504 2.504 2.600 2.707 2.815 2.922 3.029 3.136 3.244 3.351 3.458 3.565 3.672 3.780 3.994 3.994 4.128 3.973 3.829 3.685 3.541 3.397 3.253 3.109 2.965 2.821 2.677 2.533 2.389 2.249 2.148 2.148 2.081 2.013 1.946 1.879 1.811 1.744 1.677 1.609 1.549 1.575 1.601 1.627 1.653 1.679 1.730 1.730 1.756 1.782 1.828 1.887 1.947
4.351 4.425 4.499 4.573 4.647 4.721 4.721 4.845 4.900 4.955 4.967 4.780 4.594 4.408 4.222 4.036 3.849 3.663 3.477 3.291 3.105 2.919 2.919 2.696 2.696 2.696 2.743 2.851 2.958 3.065 3.172 3.280 3.387 3.494 3.601 3.708 3.816 3.923 4.137 4.137 4.095 3.947 3.807 3.667 3.526 3.386 3.246 3.106 2.966 2.826 2.686 2.545 2.405 2.265 2.141 2.141 2.074 2.007 1.940 1.872 1.805 1.738 1.670 1.603 1.536 1.554 1.580 1.606 1.632 1.658 1.710 1.710 1.736 1.789 1.849 1.908 1.968
4.267 4.341 4.415 4.489 4.563 4.637 4.637 4.756 4.811 4.866 4.921 4.843 4.657 4.470 4.284 4.098 3.912 3.726 3.540 3.354 3.167 2.981 2.982 2.887 2.888 2.888 2.888 2.994 3.101 3.208 3.316 3.423 3.530 3.637 3.745 3.852 3.959 4.066 4.210 4.210 4.055 3.901 3.758 3.618 3.477 3.337 3.197 3.057 2.917 2.777 2.637 2.496 2.356 2.236 2.124 2.124 2.068 2.001 1.933 1.866 1.799 1.731 1.664 1.597 1.530 1.534 1.560 1.586 1.611 1.637 1.691 1.691 1.750 1.810 1.869 1.929 1.989
4.183 4.257 4.331 4.405 4.479 4.553 4.553 4.668 4.723 4.778 4.833 4.888 4.719 4.533 4.347 4.161 3.974 3.788 3.602 3.416 3.230 3.079 3.079 3.079 3.079 3.080 3.080 3.137 3.244 3.352 3.459 3.566 3.673 3.781 3.888 3.995 4.102 4.209 4.169 4.169 4.015 3.860 3.709 3.569 3.428 3.288 3.148 3.008 2.868 2.728 2.588 2.447 2.307 2.209 2.097 2.097 2.041 1.985 1.927 1.860 1.793 1.725 1.658 1.591 1.523 1.513 1.539 1.565 1.591 1.617 1.711 1.711 1.771 1.831 1.890 1.950 2.009
4.099 4.173 4.247 4.321 4.395 4.469 4.470 4.580 4.635 4.690 4.744 4.799 4.782 4.595 4.409 4.223 4.037 3.851 3.665 3.479 3.292 3.271 3.271 3.271 3.271 3.271 3.271 3.281 3.388 3.495 3.602 3.710 3.817 3.924 4.031 4.138 4.246 4.353 4.129 4.129 3.975 3.820 3.666 3.519 3.379 3.239 3.099 2.959 2.819 2.679 2.539 2.398 2.258 2.181 2.069 2.069 2.013 1.958 1.902 1.846 1.786 1.719 1.652 1.584 1.517 1.492 1.518 1.544 1.570 1.613 1.732 1.732 1.792 1.852 1.911 1.971 2.030
4.016 4.090 4.164 4.238 4.312 4.381 4.382 4.491 4.546 4.601 4.656 4.711 4.766 4.658 4.472 4.286 4.099 3.913 3.727 3.541 3.462 3.462 3.463 3.463 3.463 3.463 3.463 3.463 3.531 3.638 3.746 3.853 3.960 4.067 4.174 4.282 4.389 4.398 4.089 4.089 3.935 3.780 3.626 3.471 3.330 3.190 3.050 2.910 2.770 2.630 2.490 2.350 2.209 2.154 2.042 2.042 1.986 1.930 1.874 1.818 1.763 1.707 1.646 1.578 1.511 1.472 1.498 1.524 1.574 1.634 1.753 1.753 1.813 1.872 1.932 1.992 2.051
3.932 4.006 4.080 4.154 4.228 4.293 4.293 4.403 4.458 4.513 4.568 4.623 4.678 4.720 4.534 4.348 4.162 3.976 3.790 3.654 3.654 3.654 3.654 3.655 3.655 3.655 3.655 3.655 3.674 3.782 3.889 3.996 4.103 4.211 4.318 4.425 4.512 4.358 4.049 4.049 3.894 3.740 3.586 3.431 3.281 3.141 3.001 2.861 2.721 2.581 2.441 2.301 2.182 2.126 2.014 2.014 1.959 1.903 1.847 1.791 1.735 1.679 1.624 1.568 1.505 1.451 1.477 1.536 1.595 1.655 1.774 1.774 1.834 1.893 1.953 2.013 2.072
3.848 3.922 3.996 4.070 4.144 4.205 4.205 4.315 4.370 4.424 4.479 4.534 4.589 4.644 4.597 4.411 4.224 4.038 3.852 3.846 3.846 3.846 3.846 3.846 3.846 3.847 3.847 3.847 3.847 3.925 4.032 4.139 4.247 4.354 4.461 4.568 4.472 4.318 4.009 4.009 3.854 3.700 3.545 3.391 3.236 3.092 2.952 2.812 2.672 2.532 2.392 2.252 2.155 2.099 1.987 1.987 1.931 1.875 1.820 1.764 1.708 1.652 1.596 1.541 1.485 1.471 1.497 1.557 1.616 1.676 1.795 1.795 1.855 1.914 1.974 2.033 2.093
3.764 3.838 3.912 3.986 4.060 4.116 4.117 4.226 4.281 4.336 4.391 4.446 4.501 4.556 4.611 4.473 4.287 4.101 4.037 4.038 4.038 4.038 4.038 4.038 4.038 4.038 4.039 4.039 4.039 4.068 4.175 4.283 4.390 4.497 4.604 4.587 4.432 4.278 3.968 3.969 3.814 3.660 3.505 3.351 3.196 3.043 2.903 2.763 2.623 2.483 2.343 2.203 2.127 2.071 1.959 1.960 1.904 1.848 1.792 1.736 1.681 1.625 1.569 1.534 1.628 1.721 1.686 1.640 1.637 1.697 1.816 1.816 1.876 1.935 1.995 2.054 2.114
3.766 3.785 3.828 3.902 3.973 4.028 4.028 4.138 4.193 4.248 4.303 4.358 4.413 4.468 4.523 4.536 4.349 4.229 4.229 4.229 4.230 4.230 4.230 4.230 4.230 4.230 4.230 4.230 4.230 4.230 4.319 4.426 4.533 4.640 4.701 4.546 4.392 4.237 3.928 3.928 3.774 3.619 3.465 3.310 3.156 3.002 2.854 2.714 2.574 2.434 2.294 2.156 2.100 2.044 1.932 1.932 1.877 1.821 1.765 1.709 1.654 1.598 1.691 1.784 1.877 1.971 1.948 1.901 1.855 1.809 1.837 1.837 1.896 1.956 2.015 2.075 2.135
3.787 3.806 3.825 3.844 3.885 3.940 3.940 4.050 4.105 4.159 4.214 4.269 4.324 4.379 4.434 4.489 4.421 4.421 4.421 4.421 4.421 4.421 4.422 4.422 4.422 4.422 4.422 4.422 4.422 4.422 4.462 4.569 4.676 4.784 4.661 4.506 4.352 4.197 3.888 3.888 3.734 3.579 3.425 3.270 3.116 2.961 2.807 2.665 2.525 2.385 2.245 2.128 2.072 2.017 1.905 1.905 1.849 1.794 1.738 1.682 1.754 1.847 1.940 2.034 2.127 2.220 2.209 2.163 2.116 2.070 1.977 1.977 1.931 1.977 2.036 2.096 2.156
3.787 3.806 3.825 3.844 3.885 3.940 3.940 4.050 4.105 4.160 4.215 4.270 4.324 4.379 4.434 4.489 4.421 4.421 4.421 4.421 4.421 4.422 4.422 4.422 4.422 4.422 4.422 4.422 4.422 4.422 4.462 4.569 4.676 4.784 4.661 4.506 4.352 4.197 3.888 3.888 3.734 3.579 3.425 3.271 3.116 2.962 2.807 2.665 2.525 2.385 2.245 2.128 2.073 2.017 1.905 1.906 1.850 1.794 1.739 1.683 1.754 1.848 1.941 2.034 2.127 2.221 2.209 2.163 2.117 2.070 1.978 1.978 1.931 1.977 2.037 2.096 2.156
3.808 3.827 3.846 3.843 3.808 3.863 3.863 3.972 4.027 4.081 4.136 4.191 4.245 4.300 4.355 4.409 4.570 4.583 4.596 4.610 4.613 4.613 4.613 4.614 4.614 4.614 4.614 4.614 4.614 4.614 4.614 4.713 4.820 4.775 4.620 4.466 4.311 4.157 3.848 3.848 3.694 3.539 3.385 3.230 3.076 2.921 2.767 2.616 2.476 2.336 2.197 2.101 2.046 1.990 1.878 1.879 1.823 1.767 1.817 1.911 2.004 2.097 2.191 2.284 2.377 2.470 2.471 2.424 2.378 2.332 2.239 2.239 2.192 2.146 2.100 2.117 2.177
3.829 3.848 3.843 3.803 3.764 3.787 3.788 3.897 3.951 4.006 4.060 4.115 4.170 4.224 4.279 4.413 4.627 4.699 4.713 4.726 4.739 4.752 4.752 4.779 4.792 4.805 4.806 4.806 4.806 4.806 4.806 4.856 4.889 4.735 4.580 4.426 4.271 4.117 3.808 3.808 3.653 3.499 3.345 3.190 3.036 2.881 2.727 2.573 2.427 2.287 2.148 2.074 2.018 1.963 1.851 1.852 1.880 1.974 2.067 2.160 2.254 2.347 2.440 2.533 2.627 2.720 2.732 2.686 2.639 2.593 2.500 2.500 2.454 2.407 2.361 2.315 2.268
3.844 3.804 3.764 3.725 3.685 3.645 3.645 3.745 3.800 3.854 3.909 3.964 4.018 4.073 4.282 4.496 4.710 4.924 4.945 4.958 4.971 4.985 4.985 5.011 5.024 5.037 5.050 5.064 5.077 5.090 5.103 4.993 4.845 4.685 4.526 4.366 4.206 4.047 3.728 3.728 3.573 3.419 3.264 3.110 2.955 2.801 2.647 2.492 2.338 2.190 2.074 2.019 2.005 2.099 2.285 2.286 2.379 2.473 2.566 2.659 2.753 2.846 2.939 3.032 3.125 3.219 3.254 3.208 3.161 3.115 3.022 3.022 2.976 2.929 2.883 2.837 2.790
3.804 3.765 3.725 3.685 3.646 3.606 3.606 3.670 3.724 3.779 3.834 3.888 3.943 4.110 4.324 4.537 4.751 4.965 5.061 5.075 5.088 5.101 5.101 5.127 5.140 5.154 5.167 5.180 5.193 5.206 5.102 4.984 4.847 4.688 4.528 4.368 4.209 4.049 3.730 3.730 3.570 3.411 3.251 3.092 2.932 2.773 2.613 2.454 2.298 2.144 2.067 2.161 2.255 2.348 2.535 2.535 2.629 2.722 2.815 2.909 3.002 3.095 3.189 3.282 3.375 3.468 3.515 3.469 3.422 3.376 3.283 3.283 3.237 3.191 3.144 3.098 3.051
3.765 3.725 3.685 3.646 3.606 3.567 3.567 3.594 3.649 3.703 3.758 3.813 3.937 4.151 4.365 4.579 4.793 5.007 5.178 5.191 5.204 5.217 5.217 5.244 5.257 5.270 5.283 5.296 5.309 5.211 5.093 4.974 4.850 4.690 4.530 4.371 4.211 4.051 3.732 3.732 3.573 3.413 3.253 3.094 2.934 2.775 2.616 2.456 2.297 2.155 2.185 2.396 2.504 2.598 2.784 2.785 2.878 2.972 3.065 3.158 3.251 3.345 3.438 3.531 3.624 3.718 3.776 3.730 3.683 3.637 3.544 3.544 3.498 3.452 3.405 3.359 3.312
