includes/camargue/floodfiles/results_R3_t1.56234553567E12/res-0002.wd
ncols         906
nrows         631
xllcorner     362177.146667
yllcorner     6534725.688020
cellsize      20.000000
NODATA_value  -9999.000000
[rows 510 to 543 of 631, columns 693 to 769 of 906]
5.102 5.090 5.078 5.148 5.225 5.302 5.379 5.457 5.457 5.611 5.688 5.758 5.813 5.868 5.922 5.977 6.115 6.314 6.513 6.712 6.911 7.110 7.309 7.508 7.508 7.861 7.990 8.120 8.250 8.390 8.550 8.710 8.871 9.031 9.192 9.352 9.512 9.673 9.833 10.001 10.001 10.340 10.508 10.478 10.448 10.418 10.388 10.357 10.327 10.297 10.267 10.237 10.206 10.177 10.148 10.120 10.114 10.114 10.140 10.166 10.192 10.218 10.243 10.269 10.295 10.321 10.347 10.373 10.398 10.424 10.600 10.779 11.197 11.197 11.461 11.725 11.989
5.308 5.302 5.379 5.456 5.533 5.610 5.687 5.765 5.765 5.919 5.996 6.073 6.147 6.201 6.256 6.416 6.615 6.814 7.013 7.212 7.412 7.611 7.810 8.009 8.009 8.407 8.571 8.700 8.844 9.005 9.165 9.326 9.486 9.646 9.807 9.967 10.127 10.288 10.448 10.609 10.609 10.928 10.898 10.868 10.838 10.808 10.777 10.747 10.717 10.687 10.657 10.626 10.596 10.566 10.536 10.507 10.557 10.557 10.583 10.609 10.635 10.661 10.686 10.712 10.738 10.764 10.790 10.816 10.842 10.868 10.893 10.999 11.468 11.468 11.732 11.957 12.161
5.412 5.456 5.533 5.610 5.687 5.764 5.841 5.919 5.919 6.073 6.150 6.227 6.304 6.368 6.468 6.667 6.866 7.065 7.264 7.463 7.662 7.861 8.060 8.259 8.259 8.657 8.856 8.992 9.152 9.312 9.473 9.633 9.793 9.954 10.114 10.275 10.435 10.595 10.756 10.916 10.916 11.123 11.093 11.063 11.033 11.002 10.972 10.942 10.912 10.882 10.852 10.821 10.791 10.761 10.731 10.727 10.779 10.779 10.805 10.831 10.856 10.882 10.908 10.934 10.960 10.986 11.011 11.037 11.063 11.089 11.115 11.141 11.532 11.532 11.736 11.940 12.144
5.533 5.610 5.687 5.764 5.841 5.918 5.996 6.073 6.073 6.227 6.304 6.381 6.458 6.535 6.718 6.917 7.116 7.315 7.515 7.719 7.922 8.126 8.329 8.533 8.533 8.940 9.143 9.274 9.432 9.589 9.747 9.904 10.061 10.219 10.376 10.534 10.691 10.848 11.006 11.163 11.163 11.136 11.098 11.061 11.023 10.985 10.948 10.910 10.873 10.835 10.797 10.760 10.722 10.684 10.662 10.763 10.818 10.818 10.845 10.872 10.900 10.927 10.955 10.982 11.010 11.037 11.064 11.092 11.119 11.147 11.174 11.215 11.516 11.516 11.720 11.924 12.128
5.795 5.876 5.958 6.039 6.120 6.201 6.282 6.363 6.363 6.526 6.607 6.688 6.769 6.917 7.134 7.337 7.541 7.744 7.948 8.151 8.355 8.558 8.762 8.965 8.966 9.372 9.536 9.514 9.632 9.789 9.947 10.104 10.261 10.419 10.576 10.734 10.891 11.048 11.206 11.363 11.363 11.040 10.996 10.959 10.921 10.883 10.846 10.808 10.771 10.733 10.695 10.658 10.620 10.582 10.650 10.755 10.843 10.843 10.870 10.898 10.925 10.953 10.980 11.007 11.035 11.062 11.090 11.117 11.145 11.172 11.207 11.272 11.547 11.547 11.714 11.907 12.111
6.060 6.213 6.294 6.375 6.456 6.537 6.618 6.699 6.699 6.862 6.943 7.024 7.110 7.337 7.563 7.770 7.973 8.177 8.380 8.584 8.787 8.991 9.195 9.398 9.398 9.805 9.838 9.817 9.832 9.989 10.146 10.304 10.461 10.619 10.776 10.933 11.091 11.248 11.406 11.430 11.430 11.028 10.894 10.856 10.819 10.781 10.744 10.706 10.668 10.631 10.593 10.556 10.518 10.534 10.639 10.744 10.868 10.868 10.896 10.923 10.950 10.978 11.005 11.033 11.060 11.088 11.115 11.142 11.170 11.199 11.264 11.330 11.591 11.591 11.758 11.925 12.095
6.311 6.543 6.630 6.711 6.792 6.873 6.954 7.035 7.036 7.198 7.279 7.360 7.530 7.756 7.983 8.202 8.406 8.609 8.813 9.017 9.220 9.424 9.627 9.831 9.831 10.163 10.141 10.119 10.097 10.189 10.346 10.504 10.661 10.819 10.976 11.133 11.291 11.448 11.606 11.418 11.418 11.016 10.815 10.754 10.717 10.679 10.642 10.604 10.566 10.529 10.491 10.453 10.418 10.523 10.628 10.733 10.893 10.893 10.921 10.948 10.976 11.003 11.031 11.058 11.085 11.113 11.140 11.168 11.195 11.256 11.322 11.387 11.634 11.634 11.801 11.969 12.136
6.561 6.793 6.966 7.047 7.128 7.209 7.290 7.372 7.372 7.534 7.615 7.723 7.949 8.176 8.402 8.628 8.839 9.042 9.246 9.449 9.653 9.856 10.060 10.263 10.263 10.465 10.443 10.422 10.400 10.389 10.546 10.704 10.861 11.018 11.176 11.333 11.491 11.648 11.607 11.406 11.406 11.004 10.803 10.652 10.615 10.577 10.539 10.502 10.464 10.427 10.389 10.351 10.407 10.512 10.617 10.722 10.919 10.919 10.946 10.973 11.001 11.028 11.056 11.083 11.111 11.138 11.165 11.193 11.248 11.314 11.379 11.444 11.678 11.678 11.845 12.012 12.179
6.811 7.043 7.276 7.383 7.464 7.545 7.627 7.708 7.708 7.870 7.951 8.142 8.369 8.595 8.821 9.048 9.271 9.475 9.678 9.882 10.085 10.289 10.492 10.696 10.696 10.768 10.746 10.724 10.702 10.681 10.746 10.904 11.061 11.218 11.376 11.533 11.691 11.796 11.595 11.394 11.394 10.992 10.791 10.590 10.513 10.475 10.437 10.400 10.362 10.324 10.287 10.291 10.396 10.501 10.606 10.711 10.921 10.921 10.971 10.999 11.026 11.054 11.081 11.108 11.136 11.163 11.191 11.240 11.306 11.371 11.436 11.502 11.721 11.722 11.889 12.056 12.223
7.061 7.294 7.526 7.719 7.800 7.882 7.963 8.044 8.044 8.206 8.335 8.562 8.788 9.014 9.241 9.467 9.694 9.907 10.111 10.314 10.518 10.722 10.925 11.114 11.114 11.070 11.049 11.027 11.005 10.983 10.961 11.103 11.261 11.418 11.576 11.733 11.891 11.783 11.582 11.381 11.382 10.980 10.779 10.578 10.410 10.373 10.335 10.298 10.260 10.222 10.185 10.280 10.385 10.490 10.595 10.700 10.910 10.910 10.996 11.024 11.051 11.079 11.106 11.134 11.161 11.188 11.232 11.298 11.363 11.428 11.494 11.559 11.765 11.765 11.932 12.099 12.266
7.311 7.544 7.776 8.009 8.136 8.218 8.299 8.380 8.380 8.542 8.755 8.981 9.208 9.434 9.660 9.887 10.113 10.339 10.544 10.747 10.951 11.154 11.358 11.417 11.417 11.373 11.351 11.329 11.307 11.286 11.264 11.303 11.461 11.618 11.776 11.933 11.972 11.771 11.570 11.369 11.369 10.967 10.766 10.566 10.365 10.271 10.233 10.195 10.158 10.120 10.164 10.269 10.374 10.479 10.584 10.689 10.899 10.899 11.004 11.049 11.077 11.104 11.131 11.159 11.186 11.224 11.290 11.355 11.420 11.486 11.551 11.617 11.809 11.809 11.976 12.143 12.310
7.561 7.794 8.026 8.259 8.473 8.554 8.635 8.716 8.716 8.948 9.174 9.401 9.627 9.853 10.080 10.306 10.532 10.759 10.976 11.180 11.383 11.587 11.741 11.719 11.719 11.676 11.654 11.632 11.610 11.588 11.566 11.544 11.661 11.818 11.976 12.133 11.960 11.759 11.558 11.357 11.357 10.955 10.754 10.553 10.352 10.169 10.131 10.093 10.056 10.048 10.153 10.258 10.363 10.468 10.573 10.677 10.887 10.887 10.992 11.074 11.102 11.129 11.157 11.184 11.216 11.282 11.347 11.412 11.478 11.543 11.608 11.674 11.852 11.852 12.019 12.186 12.354
7.812 8.044 8.276 8.509 8.741 8.890 8.971 9.052 9.052 9.367 9.594 9.820 10.046 10.273 10.499 10.726 10.952 11.178 11.405 11.612 11.816 12.019 12.044 12.022 12.022 11.978 11.956 11.934 11.913 11.891 11.869 11.847 11.861 12.018 12.175 12.149 11.948 11.747 11.546 11.345 11.345 10.943 10.742 10.541 10.340 10.139 10.029 9.991 9.953 10.036 10.141 10.246 10.351 10.456 10.561 10.666 10.876 10.876 10.981 11.086 11.127 11.155 11.182 11.209 11.274 11.339 11.404 11.470 11.535 11.600 11.666 11.731 11.896 11.896 12.063 12.230 12.397
8.062 8.294 8.527 8.759 8.991 9.224 9.307 9.388 9.388 9.787 10.013 10.239 10.466 10.692 10.919 11.145 11.371 11.598 11.824 12.045 12.249 12.368 12.346 12.324 12.324 12.281 12.259 12.237 12.215 12.193 12.171 12.150 12.128 12.218 12.338 12.137 11.936 11.735 11.534 11.333 11.333 10.931 10.730 10.529 10.328 10.127 9.927 9.889 9.920 10.025 10.130 10.235 10.340 10.445 10.550 10.655 10.865 10.865 10.970 11.075 11.152 11.180 11.207 11.265 11.331 11.396 11.462 11.527 11.592 11.658 11.723 11.789 11.939 11.939 12.107 12.274 12.441
8.062 8.294 8.527 8.759 8.992 9.224 9.307 9.388 9.388 9.787 10.013 10.240 10.466 10.692 10.919 11.145 11.371 11.598 11.824 12.045 12.249 12.368 12.346 12.324 12.324 12.281 12.259 12.237 12.215 12.193 12.172 12.150 12.128 12.218 12.338 12.137 11.936 11.735 11.534 11.333 11.333 10.931 10.730 10.529 10.328 10.127 9.927 9.889 9.920 10.025 10.130 10.235 10.340 10.445 10.550 10.655 10.865 10.865 10.970 11.075 11.152 11.180 11.207 11.265 11.331 11.396 11.462 11.527 11.592 11.658 11.723 11.789 11.939 11.939 12.107 12.274 12.441
8.312 8.544 8.777 9.009 9.242 9.474 9.643 9.754 9.754 10.206 10.433 10.659 10.885 11.112 11.338 11.564 11.791 12.017 12.244 12.470 12.681 12.671 12.649 12.627 12.627 12.583 12.561 12.540 12.518 12.496 12.474 12.452 12.430 12.418 12.326 12.125 11.924 11.723 11.522 11.321 11.321 10.919 10.718 10.517 10.316 10.115 9.914 9.804 9.909 10.014 10.119 10.224 10.329 10.434 10.539 10.644 10.854 10.854 10.959 11.064 11.169 11.205 11.257 11.323 11.388 11.454 11.519 11.584 11.650 11.715 11.780 11.846 11.983 11.983 12.150 12.317 12.484
8.562 8.795 9.027 9.259 9.492 9.724 9.957 10.173 10.173 10.618 10.835 11.052 11.269 11.486 11.703 11.920 12.137 12.354 12.571 12.788 12.863 12.833 12.804 12.774 12.774 12.715 12.686 12.657 12.627 12.598 12.568 12.539 12.509 12.450 12.283 12.082 11.881 11.680 11.479 11.278 11.278 10.876 10.675 10.473 10.272 10.071 9.870 9.806 9.904 10.008 10.113 10.217 10.322 10.426 10.531 10.636 10.845 10.845 10.949 11.054 11.158 11.249 11.315 11.380 11.446 11.511 11.576 11.642 11.707 11.772 11.838 11.903 12.034 12.034 12.194 12.361 12.528
8.993 9.225 9.456 9.688 9.919 10.151 10.323 10.488 10.488 10.903 11.120 11.337 11.554 11.771 11.988 12.205 12.422 12.639 12.856 12.893 12.833 12.773 12.741 12.712 12.712 12.653 12.623 12.594 12.564 12.535 12.506 12.476 12.397 12.264 12.130 11.970 11.769 11.568 11.367 11.165 11.166 10.763 10.562 10.361 10.160 9.965 9.944 9.922 9.901 10.003 10.107 10.212 10.316 10.421 10.525 10.630 10.839 10.839 10.944 11.048 11.134 11.218 11.302 11.384 11.467 11.549 11.632 11.714 11.796 11.879 11.952 12.018 12.149 12.149 12.281 12.448 12.534
9.205 9.436 9.668 9.899 10.131 10.333 10.498 10.662 10.662 11.046 11.263 11.480 11.697 11.914 12.131 12.348 12.565 12.782 12.940 12.880 12.820 12.760 12.710 12.680 12.680 12.621 12.592 12.562 12.533 12.504 12.474 12.437 12.304 12.171 12.037 11.904 11.713 11.512 11.311 11.109 11.109 10.707 10.506 10.305 10.104 10.024 10.002 9.981 9.959 10.000 10.104 10.209 10.313 10.418 10.522 10.627 10.836 10.836 10.941 11.032 11.116 11.201 11.285 11.367 11.450 11.532 11.615 11.697 11.780 11.862 11.945 12.028 12.192 12.192 12.271 12.357 12.442
9.416 9.648 9.879 10.111 10.342 10.507 10.672 10.837 10.837 11.189 11.406 11.623 11.840 12.057 12.274 12.491 12.708 12.925 12.927 12.866 12.806 12.746 12.686 12.649 12.649 12.590 12.561 12.531 12.502 12.472 12.443 12.344 12.211 12.078 11.944 11.811 11.657 11.456 11.254 11.053 11.053 10.651 10.450 10.249 10.104 10.082 10.061 10.039 10.018 9.997 10.101 10.206 10.311 10.415 10.520 10.624 10.833 10.833 10.930 11.014 11.099 11.184 11.268 11.351 11.433 11.516 11.598 11.681 11.763 11.846 11.928 12.011 12.145 12.145 12.191 12.268 12.351
9.628 9.859 10.091 10.322 10.517 10.682 10.847 11.011 11.011 11.341 11.549 11.766 11.983 12.200 12.417 12.634 12.851 12.973 12.913 12.853 12.793 12.733 12.673 12.617 12.617 12.559 12.529 12.500 12.470 12.441 12.384 12.251 12.118 11.984 11.851 11.718 11.585 11.399 11.198 10.997 10.997 10.595 10.394 10.193 10.162 10.141 10.119 10.098 10.076 10.055 10.099 10.203 10.308 10.412 10.517 10.621 10.828 10.828 10.912 10.997 11.082 11.166 11.251 11.334 11.417 11.499 11.582 11.664 11.747 11.829 11.912 11.994 12.074 12.074 12.115 12.192 12.268
9.839 10.071 10.302 10.526 10.691 10.856 11.021 11.186 11.186 11.515 11.692 11.909 12.126 12.343 12.560 12.777 12.994 12.960 12.900 12.839 12.779 12.719 12.659 12.599 12.599 12.527 12.498 12.468 12.439 12.410 12.291 12.158 12.025 11.891 11.758 11.625 11.492 11.343 11.142 10.941 10.941 10.539 10.338 10.242 10.221 10.199 10.178 10.156 10.135 10.113 10.096 10.200 10.305 10.409 10.514 10.619 10.810 10.810 10.895 10.980 11.064 11.149 11.234 11.318 11.400 11.483 11.565 11.648 11.730 11.813 11.895 11.952 12.004 12.004 12.039 12.115 12.192
10.051 10.282 10.514 10.701 10.866 11.031 11.195 11.360 11.360 11.690 11.855 12.051 12.268 12.485 12.702 12.920 13.006 12.946 12.886 12.826 12.766 12.706 12.646 12.585 12.585 12.496 12.466 12.437 12.408 12.331 12.198 12.065 11.932 11.798 11.665 11.532 11.398 11.265 11.086 10.885 10.885 10.483 10.322 10.301 10.279 10.258 10.236 10.215 10.193 10.172 10.150 10.197 10.302 10.407 10.511 10.616 10.793 10.793 10.878 10.962 11.047 11.132 11.217 11.301 11.384 11.466 11.549 11.631 11.714 11.796 11.855 11.881 11.933 11.933 11.963 12.039 12.116
10.262 10.494 10.710 10.875 11.040 11.205 11.370 11.535 11.535 11.864 12.029 12.194 12.411 12.628 12.845 13.053 12.993 12.933 12.872 12.812 12.752 12.692 12.632 12.572 12.572 12.464 12.435 12.406 12.372 12.238 12.105 11.972 11.838 11.705 11.572 11.439 11.305 11.172 11.030 10.829 10.829 10.427 10.381 10.359 10.338 10.316 10.295 10.273 10.252 10.230 10.209 10.195 10.299 10.404 10.508 10.606 10.776 10.776 10.860 10.945 11.030 11.115 11.199 11.284 11.367 11.450 11.532 11.615 11.697 11.758 11.785 11.811 11.863 11.863 11.889 11.963 12.040
10.474 10.705 10.885 11.050 11.215 11.379 11.544 11.709 11.709 12.039 12.204 12.368 12.554 12.771 12.988 13.039 12.979 12.919 12.859 12.799 12.739 12.679 12.618 12.558 12.558 12.438 12.404 12.374 12.278 12.145 12.012 11.879 11.745 11.612 11.479 11.346 11.212 11.079 10.946 10.773 10.773 10.461 10.439 10.418 10.396 10.374 10.353 10.332 10.310 10.288 10.267 10.245 10.296 10.401 10.504 10.589 10.758 10.758 10.843 10.928 11.013 11.097 11.182 11.267 11.351 11.433 11.516 11.598 11.662 11.688 11.714 11.740 11.792 11.792 11.818 11.887 11.963
10.685 10.895 11.059 11.224 11.389 11.554 11.719 11.884 11.884 12.213 12.378 12.543 12.708 12.914 13.086 13.026 12.966 12.906 12.846 12.785 12.725 12.665 12.605 12.545 12.545 12.425 12.372 12.319 12.185 12.052 11.919 11.785 11.652 11.519 11.386 11.252 11.119 10.986 10.853 10.717 10.717 10.519 10.497 10.476 10.455 10.433 10.411 10.390 10.368 10.347 10.325 10.304 10.294 10.398 10.487 10.572 10.741 10.741 10.826 10.911 10.995 11.080 11.165 11.249 11.334 11.417 11.499 11.565 11.592 11.618 11.644 11.670 11.722 11.722 11.748 11.811 11.887
10.897 11.069 11.234 11.399 11.563 11.728 11.893 12.058 12.058 12.388 12.552 12.717 12.882 13.056 13.072 13.012 12.952 12.892 12.832 12.772 12.712 12.652 12.591 12.531 12.531 12.401 12.336 12.222 12.089 11.956 11.822 11.689 11.555 11.422 11.288 11.155 11.021 10.888 10.755 10.621 10.621 10.560 10.540 10.521 10.501 10.482 10.462 10.443 10.423 10.404 10.384 10.362 10.341 10.385 10.470 10.554 10.724 10.724 10.809 10.893 10.978 11.063 11.147 11.232 11.317 11.400 11.469 11.495 11.521 11.547 11.573 11.599 11.652 11.652 11.678 11.735 11.811
11.079 11.243 11.408 11.573 11.738 11.896 12.051 12.207 12.207 12.517 12.672 12.827 12.982 13.068 12.983 12.919 12.854 12.789 12.724 12.659 12.594 12.530 12.465 12.400 12.400 12.270 12.198 12.108 11.974 11.841 11.708 11.574 11.441 11.307 11.174 11.040 10.907 10.773 10.640 10.557 10.557 10.532 10.513 10.493 10.474 10.454 10.435 10.415 10.396 10.376 10.357 10.337 10.329 10.372 10.457 10.541 10.710 10.710 10.794 10.878 10.963 11.047 11.131 11.216 11.300 11.372 11.399 11.425 11.451 11.477 11.503 11.529 11.581 11.581 11.607 11.659 11.735
11.156 11.311 11.466 11.622 11.777 11.932 12.087 12.243 12.243 12.553 12.708 12.863 13.018 12.967 12.855 12.788 12.723 12.658 12.593 12.528 12.464 12.399 12.334 12.269 12.269 12.139 12.055 11.971 11.860 11.726 11.593 11.460 11.326 11.193 11.059 10.926 10.792 10.659 10.526 10.521 10.521 10.505 10.485 10.466 10.446 10.427 10.407 10.388 10.368 10.349 10.329 10.310 10.339 10.377 10.445 10.529 10.698 10.698 10.782 10.867 10.951 11.035 11.119 11.204 11.288 11.348 11.376 11.394 11.411 11.429 11.446 11.464 11.511 11.511 11.537 11.582 11.659
11.202 11.347 11.502 11.657 11.813 11.968 12.123 12.278 12.278 12.589 12.744 12.899 12.979 12.866 12.754 12.657 12.592 12.527 12.462 12.397 12.333 12.268 12.203 12.138 12.138 11.998 11.913 11.829 11.744 11.612 11.478 11.345 11.212 11.078 10.945 10.811 10.678 10.544 10.491 10.486 10.486 10.476 10.457 10.438 10.418 10.399 10.379 10.360 10.340 10.321 10.301 10.311 10.349 10.388 10.433 10.517 10.686 10.686 10.770 10.855 10.939 11.023 11.108 11.192 11.261 11.318 11.365 11.382 11.400 11.417 11.435 11.452 11.487 11.487 11.505 11.516 11.581
11.202 11.347 11.502 11.658 11.813 11.968 12.123 12.278 12.278 12.589 12.744 12.899 12.979 12.866 12.754 12.657 12.592 12.527 12.462 12.397 12.333 12.268 12.203 12.138 12.138 11.998 11.913 11.829 11.744 11.612 11.478 11.345 11.212 11.078 10.945 10.811 10.678 10.544 10.491 10.486 10.486 10.476 10.457 10.438 10.418 10.399 10.379 10.360 10.340 10.321 10.301 10.311 10.349 10.388 10.433 10.518 10.686 10.686 10.771 10.855 10.939 11.023 11.108 11.192 11.261 11.318 11.365 11.382 11.400 11.417 11.435 11.452 11.487 11.487 11.505 11.516 11.581
11.252 11.388 11.538 11.693 11.849 12.004 12.159 12.314 12.314 12.625 12.780 12.935 12.878 12.765 12.653 12.540 12.461 12.396 12.331 12.267 12.202 12.137 12.072 12.007 12.007 11.856 11.771 11.686 11.602 11.497 11.364 11.230 11.097 10.964 10.830 10.697 10.563 10.461 10.456 10.451 10.451 10.441 10.430 10.410 10.391 10.371 10.352 10.332 10.313 10.293 10.283 10.322 10.360 10.398 10.436 10.506 10.674 10.674 10.759 10.843 10.927 11.012 11.096 11.173 11.230 11.287 11.344 11.371 11.388 11.406 11.423 11.441 11.476 11.476 11.491 11.499 11.507
11.301 11.437 11.574 11.729 11.884 12.040 12.195 12.350 12.350 12.661 12.816 12.889 12.777 12.664 12.551 12.439 12.330 12.265 12.200 12.136 12.071 12.006 11.941 11.876 11.876 11.713 11.629 11.544 11.460 11.375 11.249 11.116 10.982 10.849 10.716 10.582 10.449 10.426 10.421 10.416 10.416 10.406 10.400 10.383 10.363 10.344 10.324 10.305 10.285 10.266 10.294 10.332 10.370 10.408 10.447 10.494 10.663 10.663 10.747 10.831 10.916 11.000 11.084 11.143 11.200 11.257 11.313 11.359 11.376 11.394 11.411 11.429 11.464 11.464 11.474 11.482 11.491
11.400 11.536 11.672 11.808 11.956 12.111 12.267 12.422 12.422 12.732 12.799 12.687 12.574 12.462 12.349 12.236 12.124 12.011 11.939 11.874 11.809 11.744 11.679 11.598 11.598 11.429 11.344 11.260 11.175 11.091 11.006 10.887 10.753 10.620 10.486 10.366 10.361 10.356 10.351 10.346 10.346 10.335 10.330 10.325 10.308 10.288 10.269 10.249 10.238 10.276 10.314 10.353 10.391 10.429 10.467 10.506 10.639 10.639 10.723 10.808 10.892 10.968 11.025 11.082 11.139 11.196 11.252 11.309 11.353 11.371 11.388 11.406 11.433 11.433 11.441 11.449 11.457
