includes/camargue/floodfiles/results_R3_t1.56234553567E12/res-0014.wdfp
ncols         906
nrows         631
xllcorner     362177.146667
yllcorner     6534725.688020
cellsize      20.000000
NODATA_value  -9999.000000
[rows 374 to 407 of 631, columns 0 to 76 of 906]
6.642 6.264 6.028 5.792 5.556 5.320 5.083 4.523 4.523 3.033 1.559 1.945 1.468 1.370 1.259 0.909 0.270 0.000 0.000 0.000 0.000 0.121 0.141 0.000 0.000 0.000 0.000 0.000 0.000 0.000 0.000 0.000 0.000 0.000 0.000 0.000 0.000 0.430 0.001 0.000 0.000 0.000 0.000 0.664 0.664 0.124 0.000 0.000 0.000 0.000 0.000 0.000 0.000 0.000 0.000 0.000 0.000 0.000 0.000 0.000 0.000 0.000 0.000 0.000 0.000 0.000 0.000 0.000 0.000 0.000 0.000 0.000 0.000 0.000 0.000 0.000 0.000
7.538 6.940 6.703 6.467 6.231 5.995 5.607 4.862 4.862 3.372 1.388 1.499 1.447 1.359 1.251 0.899 0.369 0.000 0.000 0.000 0.000 0.000 0.461 0.000 0.000 0.000 0.000 0.000 0.000 0.120 0.170 0.000 0.000 0.000 0.000 0.000 0.050 0.120 0.000 0.083 0.083 0.000 0.000 0.000 0.394 0.054 0.000 0.000 0.000 0.000 0.000 0.000 0.000 0.000 0.000 0.000 0.000 0.000 0.000 0.000 0.000 0.000 0.000 0.000 0.000 0.000 0.000 0.000 0.000 0.000 0.000 0.000 0.000 0.000 0.000 0.000 0.000
8.433 7.824 7.378 7.142 6.906 6.670 5.945 5.201 5.200 3.711 1.488 1.249 1.258 1.307 1.248 0.999 0.428 0.000 0.000 0.000 0.000 0.000 0.000 0.000 0.000 0.000 0.000 0.000 0.000 0.410 0.390 0.000 0.000 0.220 0.750 0.830 0.480 0.000 0.000 0.000 0.000 0.071 0.000 0.123 0.002 0.000 0.000 0.000 0.000 0.000 0.000 0.000 0.000 0.000 0.000 0.000 0.000 0.000 0.000 0.000 0.000 0.000 0.000 0.000 0.000 0.000 0.000 0.000 0.000 0.000 0.000 0.000 0.000 0.000 0.000 0.000 0.000
9.329 8.720 8.110 7.817 7.581 7.028 6.283 5.539 5.539 1.338 1.339 1.359 1.309 1.229 1.168 1.020 0.486 0.000 0.000 0.000 0.000 0.000 0.000 0.141 0.141 0.000 0.000 0.000 0.000 0.740 0.400 0.420 0.340 0.380 0.270 0.200 0.000 0.000 0.000 0.091 0.091 0.361 0.000 0.000 0.001 0.283 0.000 0.000 0.000 0.000 0.000 0.000 0.000 0.000 0.000 0.000 0.000 0.000 0.000 0.000 0.000 0.000 0.000 0.000 0.000 0.000 0.000 0.000 0.000 0.000 0.000 0.000 0.000 0.000 0.000 0.000 0.000
10.225 9.615 9.006 8.492 8.110 7.366 6.621 5.877 5.877 4.387 1.557 1.467 1.488 1.469 1.489 1.178 0.416 0.000 0.000 0.000 0.000 0.000 0.000 0.101 0.101 0.000 0.000 0.000 0.000 0.890 0.730 0.650 0.180 0.000 0.000 0.000 0.000 0.000 0.051 0.321 0.321 0.491 0.291 0.000 0.651 0.000 0.000 0.000 0.000 0.000 0.000 0.000 0.000 0.000 0.000 0.000 0.000 0.000 0.000 0.000 0.000 0.000 0.000 0.000 0.000 0.000 0.000 0.000 0.000 0.000 0.000 0.000 0.000 0.000 0.000 0.000 0.000
10.225 9.615 9.006 8.492 8.110 7.366 6.621 5.877 5.876 4.387 1.556 1.468 1.489 1.468 1.488 1.178 0.418 0.000 0.000 0.000 0.000 0.000 0.000 0.101 0.101 0.000 0.000 0.000 0.000 0.890 0.730 0.650 0.180 0.000 0.000 0.000 0.000 0.000 0.051 0.321 0.321 0.491 0.291 0.000 0.651 0.000 0.000 0.000 0.000 0.000 0.000 0.000 0.000 0.000 0.000 0.000 0.000 0.000 0.000 0.000 0.000 0.000 0.000 0.000 0.000 0.000 0.000 0.000 0.000 0.000 0.000 0.000 0.000 0.000 0.000 0.000 0.000
10.749 10.195 9.641 9.086 8.535 7.756 6.977 6.215 6.215 4.725 3.981 3.236 1.399 1.568 1.399 1.357 0.935 0.000 0.000 0.000 0.000 0.000 0.000 0.000 0.000 0.000 0.000 0.000 0.000 0.900 1.110 0.700 0.130 0.220 0.000 0.000 0.000 0.181 0.191 0.071 0.071 0.000 0.581 0.571 0.761 0.000 0.000 0.000 0.000 0.000 0.000 0.000 0.000 0.000 0.000 0.000 0.000 0.000 0.000 0.000 0.000 0.000 0.000 0.000 0.000 0.000 0.000 0.000 0.000 0.000 0.000 0.000 0.000 0.000 0.000 0.000 0.000
10.782 10.227 9.673 9.464 9.379 8.600 7.821 7.042 7.042 5.484 4.705 3.925 3.147 1.569 1.498 1.506 1.417 0.778 0.000 0.000 0.000 0.000 0.000 0.000 0.000 0.000 0.000 0.000 0.000 0.380 0.690 0.570 0.000 0.019 0.000 0.000 0.000 0.171 0.081 0.000 0.000 0.000 0.000 0.441 0.181 0.211 0.000 0.000 0.000 0.000 0.000 0.000 0.000 0.000 0.000 0.000 0.000 0.000 0.000 0.000 0.000 0.000 0.000 0.000 0.000 0.000 0.000 0.000 0.000 0.000 0.000 0.000 0.000 0.000 0.000 0.000 0.000
10.846 10.292 10.279 10.273 10.268 10.263 9.508 8.729 8.729 7.171 6.391 5.612 4.813 4.007 3.200 2.554 2.034 1.515 1.328 0.536 0.098 0.000 0.000 0.000 0.000 0.000 0.000 0.000 0.000 0.000 0.640 0.510 0.420 0.000 0.000 0.000 0.000 0.241 0.000 0.352 0.352 0.000 0.000 0.000 0.361 0.000 0.000 0.641 0.000 0.000 0.000 0.000 0.000 0.000 0.000 0.000 0.000 0.000 0.000 0.000 0.000 0.000 0.000 0.000 0.000 0.000 0.000 0.172 0.732 0.000 0.000 0.000 0.000 0.000 0.000 0.000 0.000
10.878 10.688 10.683 10.678 10.673 10.668 10.351 9.572 9.572 8.014 7.235 6.445 5.638 4.832 4.025 3.220 2.700 2.180 1.458 1.188 0.487 0.228 0.000 0.000 0.000 0.000 0.000 0.000 0.000 0.000 0.000 0.700 0.010 0.000 0.000 0.491 0.020 0.161 0.021 0.000 0.000 0.000 0.000 0.000 0.000 0.372 0.000 0.081 0.511 0.000 0.000 0.000 0.000 0.000 0.000 0.000 0.000 0.000 0.000 0.000 0.000 0.000 0.000 0.000 0.000 0.000 0.000 0.000 0.772 0.842 0.402 0.000 0.000 0.000 0.000 0.000 0.000
11.098 11.093 11.088 11.082 11.077 11.072 11.067 10.416 10.416 8.857 8.076 7.270 6.463 5.657 4.850 4.044 3.366 2.845 2.325 1.347 1.048 0.647 0.258 0.000 0.000 0.000 0.000 0.000 0.000 0.000 0.000 0.130 0.310 0.054 0.015 0.341 0.000 0.000 0.000 0.000 0.000 0.000 0.000 0.000 0.000 0.000 0.000 0.201 0.000 0.692 0.000 0.000 0.000 0.000 0.000 0.000 0.000 0.000 0.000 0.000 0.000 0.000 0.000 0.000 0.000 0.000 0.282 0.562 0.942 0.842 0.832 0.000 0.000 0.000 0.000 0.000 0.000
11.503 11.497 11.492 11.487 11.482 11.477 11.472 11.259 11.259 9.701 8.901 8.094 7.288 6.481 5.675 4.869 4.062 3.510 2.990 1.487 1.318 1.127 0.458 0.000 0.000 0.000 0.000 0.000 0.000 0.000 0.000 0.120 0.400 0.000 0.259 0.006 0.397 0.067 0.057 0.007 0.011 0.000 0.000 0.000 0.000 0.000 0.000 0.531 0.201 0.000 0.000 0.000 0.000 0.000 0.000 0.000 0.000 0.000 0.000 0.000 0.000 0.000 0.000 0.000 0.000 0.232 0.122 0.522 0.682 0.982 0.562 0.000 0.000 0.000 0.000 0.000 0.000
11.907 11.902 11.897 11.892 11.886 11.881 11.876 11.872 11.872 10.533 9.726 8.919 8.113 7.306 6.500 5.693 4.886 4.175 3.655 3.123 1.438 1.368 0.877 0.447 0.447 0.000 0.000 0.000 0.000 0.000 0.000 0.080 0.850 0.000 0.149 0.000 0.000 0.000 0.000 0.083 0.083 0.543 0.703 0.000 0.000 0.000 0.000 0.521 0.651 0.261 0.000 0.000 0.000 0.000 0.000 0.000 0.000 0.000 0.000 0.000 0.000 0.000 0.000 0.000 0.000 0.092 0.492 0.562 0.612 0.202 0.000 0.000 0.000 0.000 0.000 0.000 0.000
11.777 11.845 11.913 11.981 12.050 12.118 12.186 12.254 12.254 11.357 10.551 9.744 8.937 8.131 7.325 6.518 5.711 4.904 4.320 3.627 2.862 1.408 0.948 0.638 0.638 0.000 0.000 0.000 0.000 0.000 0.000 0.000 0.320 0.790 0.000 0.000 0.363 0.113 0.000 0.313 0.313 0.363 0.653 0.523 0.253 0.293 0.000 0.000 0.791 0.631 0.291 0.181 0.000 0.000 0.000 0.000 0.000 0.000 0.000 0.000 0.000 0.000 0.000 0.000 0.000 0.000 0.000 0.000 0.000 0.000 0.000 0.000 0.000 0.000 0.000 0.000 0.000
11.143 11.212 11.280 11.348 11.416 11.484 11.553 11.621 11.621 11.764 10.999 10.233 9.468 8.703 7.938 7.173 6.407 5.642 4.909 4.131 3.366 2.601 1.198 0.877 0.878 0.000 0.000 0.000 0.000 0.000 0.000 0.000 0.000 0.270 0.550 0.000 0.000 0.000 0.000 0.263 0.263 0.023 0.000 0.000 0.000 0.000 0.000 0.000 0.681 0.311 0.171 0.331 0.181 0.000 0.000 0.000 0.000 0.000 0.000 0.000 0.000 0.000 0.000 0.000 0.000 0.000 0.000 0.121 0.000 0.000 0.000 0.000 0.000 0.000 0.000 0.042 0.000
10.510 10.578 10.646 10.714 10.783 10.851 10.919 11.166 11.166 12.094 11.339 10.574 9.808 9.043 8.278 7.513 6.748 5.995 5.458 4.776 3.992 3.209 2.425 1.308 1.307 0.000 0.000 0.000 0.000 0.000 0.000 0.000 0.000 0.000 0.800 0.000 0.000 0.000 0.000 0.313 0.313 0.000 0.000 0.000 0.000 0.000 0.000 0.000 0.000 0.000 0.006 0.171 0.091 0.021 0.000 0.000 0.000 0.000 0.000 0.000 0.000 0.000 0.223 0.413 0.001 0.155 0.265 0.000 0.542 0.000 0.000 0.000 0.001 0.000 0.102 0.000 0.000
9.838 9.945 10.013 10.081 10.149 10.217 10.340 10.804 10.804 11.731 11.679 10.914 10.149 9.383 8.618 7.853 7.088 6.492 5.955 5.417 4.643 3.859 3.076 2.292 2.292 0.688 0.000 0.000 0.000 0.000 0.000 0.000 0.000 0.000 0.120 0.000 0.000 0.000 0.000 0.000 0.000 0.000 0.000 0.000 0.010 0.150 0.000 0.190 0.000 0.000 0.036 0.000 0.000 0.000 0.041 0.000 0.000 0.231 0.241 0.000 0.000 0.000 0.000 0.000 0.000 0.000 0.065 0.000 0.292 0.000 0.000 0.000 0.000 0.000 0.000 0.001 0.086
9.068 9.311 9.379 9.447 9.516 9.584 9.977 10.441 10.441 11.369 11.833 11.254 10.489 9.724 8.958 8.193 7.527 6.990 6.452 5.915 5.293 4.510 3.726 2.943 2.942 1.376 0.677 0.000 0.000 0.000 0.000 0.000 0.000 0.000 0.000 0.000 0.000 0.000 0.000 0.000 0.000 0.000 0.000 0.060 0.070 0.140 0.120 0.150 0.000 0.596 0.626 0.286 0.526 0.036 0.000 0.000 0.000 0.000 0.000 0.076 0.036 0.000 0.000 0.000 0.000 0.001 0.001 0.000 0.000 0.000 0.000 0.000 0.000 0.000 0.000 0.000 0.326
8.299 8.603 8.746 8.814 8.882 9.151 9.615 10.079 10.079 11.007 11.470 11.594 10.829 10.064 9.298 8.562 8.024 7.487 6.949 6.412 5.875 5.160 4.377 3.593 3.593 2.026 1.444 1.408 1.037 0.617 0.347 0.000 0.000 0.000 0.000 0.000 0.000 0.000 0.000 0.000 0.000 0.000 0.120 0.230 0.090 0.002 0.220 0.040 0.000 0.000 0.816 0.436 0.396 0.216 0.376 0.256 0.256 0.276 0.246 0.376 0.256 0.296 0.026 0.236 0.196 0.156 0.196 0.000 0.000 0.000 0.000 0.082 0.172 0.172 0.000 0.066 0.536
7.530 7.834 8.112 8.180 8.325 8.789 9.253 9.716 9.716 10.644 11.108 11.572 11.169 10.404 9.638 9.059 8.522 7.984 7.447 6.909 6.372 5.811 5.027 4.244 4.243 2.770 2.378 1.986 1.594 1.202 1.317 0.936 0.316 0.000 0.000 0.000 0.000 0.000 0.000 0.000 0.000 0.000 0.240 0.130 0.240 0.260 0.000 0.220 0.020 0.012 0.196 0.476 0.796 0.726 0.466 0.296 0.296 0.726 0.536 0.516 0.596 0.496 0.456 0.486 0.246 0.346 0.536 0.096 0.256 0.000 0.000 0.000 0.000 0.000 0.000 0.396 0.726
6.760 7.065 7.369 7.547 7.962 8.426 8.890 9.354 9.354 10.282 10.745 11.209 11.509 10.744 10.094 9.556 9.019 8.482 7.944 7.407 6.869 6.332 5.678 4.894 4.894 3.704 3.312 2.920 2.528 2.136 1.744 1.352 1.416 0.867 0.177 0.000 0.000 0.000 0.000 0.000 0.000 0.030 0.000 0.230 0.100 0.350 0.180 0.130 0.000 0.020 0.716 0.946 1.056 1.096 0.606 0.536 0.536 0.346 0.636 0.536 0.616 0.616 0.586 0.566 0.586 0.796 0.696 0.306 0.546 0.626 0.286 0.026 0.106 0.106 0.006 0.466 0.726
6.760 7.065 7.369 7.547 7.962 8.426 8.890 9.354 9.354 10.281 10.745 11.209 11.509 10.744 10.094 9.556 9.019 8.482 7.944 7.407 6.869 6.332 5.677 4.894 4.894 3.704 3.312 2.920 2.528 2.136 1.744 1.352 1.417 0.867 0.177 0.000 0.000 0.000 0.000 0.000 0.000 0.030 0.000 0.230 0.100 0.350 0.180 0.130 0.000 0.019 0.716 0.946 1.056 1.096 0.606 0.536 0.536 0.346 0.636 0.536 0.616 0.616 0.586 0.566 0.586 0.796 0.696 0.306 0.546 0.626 0.286 0.026 0.106 0.106 0.006 0.466 0.726
6.349 6.623 6.897 7.149 7.604 8.067 8.530 8.993 8.993 9.919 10.383 10.847 11.310 11.128 10.591 10.054 9.516 8.979 8.442 7.904 7.367 6.829 6.292 5.544 5.544 4.638 4.246 3.854 3.462 3.070 2.678 2.286 1.894 1.503 1.216 0.667 0.014 0.000 0.000 0.000 0.000 0.050 0.180 0.230 0.010 0.000 0.000 0.050 0.000 0.000 0.416 0.926 1.056 1.006 0.736 0.866 0.866 0.666 0.736 0.816 0.696 0.806 0.786 0.746 0.816 0.806 0.966 0.626 0.606 0.606 0.876 0.486 0.546 0.546 0.736 0.736 0.896
6.157 6.431 6.697 6.930 7.252 7.715 8.178 8.641 8.641 9.567 10.030 10.493 10.956 11.196 10.695 10.193 9.691 9.190 8.688 8.186 7.685 7.183 6.681 6.336 6.336 5.564 5.178 4.788 4.396 4.004 3.612 3.220 2.828 2.436 2.045 1.166 0.826 0.104 0.000 0.000 0.000 0.000 0.000 0.002 0.000 0.000 0.142 0.000 0.000 0.000 0.000 0.626 1.176 1.106 0.786 0.976 0.976 1.136 1.036 0.596 0.786 0.936 0.806 0.856 0.606 0.706 0.906 0.686 1.486 1.026 0.876 0.706 0.766 0.766 0.856 0.886 1.126
5.772 6.027 6.260 6.493 6.725 7.011 7.474 7.937 7.937 8.863 9.326 9.693 9.929 10.166 10.402 9.939 9.438 8.936 8.434 7.933 7.431 6.929 6.992 7.273 7.273 7.118 6.732 6.346 5.960 5.573 5.187 4.800 4.414 4.049 3.691 3.026 2.259 1.567 0.727 0.247 0.248 0.000 0.000 0.055 0.035 0.000 0.000 0.342 0.052 0.000 0.000 0.000 1.236 1.206 1.136 0.916 0.916 1.336 0.846 0.956 0.956 0.936 0.896 0.676 0.846 0.846 0.946 0.936 0.666 0.836 0.976 1.066 0.856 0.856 1.226 1.196 1.056
5.575 5.808 6.041 6.274 6.507 6.740 7.123 7.586 7.586 8.512 8.935 9.172 9.408 9.644 9.881 9.813 9.311 8.809 8.307 7.806 7.304 7.100 7.382 7.663 7.663 7.896 7.509 7.123 6.737 6.350 5.964 5.578 5.219 4.861 4.502 3.807 3.041 2.275 1.567 0.727 0.727 0.000 0.000 0.000 0.065 0.055 0.145 0.000 0.000 0.000 0.000 0.036 1.236 1.286 1.186 1.016 1.016 0.986 0.896 0.876 0.886 0.886 1.016 1.056 0.866 1.006 0.966 1.106 0.586 0.926 1.136 0.846 1.106 1.106 1.026 1.086 1.156
5.356 5.589 5.822 6.055 6.288 6.521 6.771 7.234 7.234 8.160 8.414 8.650 8.887 9.123 9.359 9.596 9.184 8.682 8.180 7.679 7.209 7.490 7.771 8.052 8.052 8.615 8.287 7.900 7.514 7.128 6.748 6.389 6.031 5.673 5.314 4.588 3.822 3.056 2.289 1.277 1.277 0.357 0.000 0.000 0.000 0.105 0.000 0.000 0.051 0.000 0.000 0.000 0.716 1.316 1.326 1.306 1.306 0.996 1.186 1.066 1.176 1.126 0.986 0.736 0.916 1.126 0.816 1.006 0.366 0.876 0.966 0.886 1.106 1.106 1.226 1.196 1.306
5.137 5.370 5.603 5.836 6.069 6.302 6.535 6.882 6.882 7.656 7.893 8.129 8.365 8.602 8.838 9.074 9.057 8.555 8.054 7.552 7.599 7.880 8.161 8.442 8.442 9.004 9.064 8.678 8.291 7.918 7.559 7.201 6.843 6.484 6.126 5.370 4.603 3.837 3.071 2.305 2.305 0.767 0.000 0.000 0.000 0.000 0.241 0.000 0.031 0.051 0.000 0.086 0.616 1.346 1.376 1.326 1.326 1.276 0.926 1.136 1.146 1.206 0.996 1.146 1.046 1.096 1.166 0.906 0.746 1.216 1.166 0.926 0.596 0.596 0.916 1.006 1.286
4.918 5.151 5.384 5.617 5.850 6.083 6.316 6.549 6.549 7.135 7.371 7.607 7.844 8.080 8.316 8.553 8.789 8.429 7.927 7.707 7.988 8.269 8.551 8.832 8.832 9.394 9.675 9.455 9.088 8.730 8.371 8.013 7.655 7.296 6.917 6.151 5.385 4.618 3.852 3.086 3.086 0.497 0.577 0.386 0.000 0.000 0.000 0.191 0.011 0.021 0.000 0.000 0.246 1.446 1.186 1.296 1.296 1.106 1.096 1.056 1.086 1.146 1.126 1.146 0.936 1.146 0.966 1.046 1.056 1.006 1.126 1.066 0.646 0.646 1.016 1.166 1.376
4.797 5.027 5.256 5.486 5.715 5.945 6.174 6.369 6.369 6.621 6.854 7.086 7.322 7.558 7.795 8.031 8.267 8.302 7.815 8.097 8.378 8.659 8.940 9.221 9.221 9.681 9.871 10.064 9.900 9.541 9.183 8.825 8.466 8.108 7.698 6.932 6.166 5.399 4.633 3.867 3.867 2.330 1.506 0.977 0.507 0.001 0.000 0.000 0.000 0.000 0.000 0.000 0.000 1.506 1.506 1.326 1.326 1.126 1.066 1.146 1.246 0.986 1.266 1.006 0.886 1.056 1.246 0.906 0.986 1.116 1.956 2.326 1.196 1.196 1.176 0.826 1.296
4.695 4.924 5.154 5.383 5.613 5.842 6.072 6.043 6.043 6.125 6.357 6.589 6.821 7.054 7.286 7.518 7.750 7.982 8.169 8.359 8.549 8.739 8.929 9.119 9.119 9.499 9.688 9.883 10.081 10.277 9.995 9.636 9.278 8.920 8.479 7.713 6.947 6.181 5.414 4.639 4.639 2.992 2.168 1.673 1.087 0.637 0.407 0.000 0.000 0.000 0.000 0.000 0.000 1.416 1.416 1.406 1.406 1.136 1.096 0.996 0.986 0.996 1.166 1.046 1.056 1.886 0.556 0.436 0.516 0.346 0.436 0.296 0.826 0.826 1.146 1.006 1.246
4.592 4.822 5.051 5.281 5.510 5.740 5.839 5.717 5.717 5.628 5.860 6.093 6.325 6.557 6.789 7.022 7.256 7.545 7.899 8.177 8.367 8.557 8.747 8.937 8.936 9.316 9.506 9.703 9.900 10.097 10.294 10.448 10.090 9.731 9.261 8.494 7.728 6.948 6.124 5.300 5.301 3.653 2.830 2.378 1.938 1.017 0.687 0.647 0.000 0.000 0.000 0.000 0.000 0.926 1.366 1.456 1.456 1.266 1.636 0.886 1.526 0.496 0.216 0.306 0.366 0.746 0.706 0.846 1.006 0.486 0.276 0.386 0.706 0.706 0.636 0.376 1.386
4.723 4.719 4.949 5.178 5.408 5.636 5.513 5.391 5.391 5.146 5.364 5.596 5.828 6.061 6.293 6.550 6.839 7.128 7.489 7.861 8.185 8.375 8.564 8.754 8.754 9.134 9.325 9.522 9.719 9.916 10.113 10.310 10.508 10.543 10.042 9.257 8.433 7.609 6.786 5.962 5.962 4.315 3.524 3.084 2.644 1.227 0.927 0.967 0.787 0.257 0.000 0.000 0.000 0.066 1.706 0.656 0.656 0.000 0.826 0.646 0.566 0.516 0.726 1.386 0.856 0.836 0.776 0.386 0.996 1.086 0.806 0.896 0.676 0.676 0.836 0.886 1.056
4.914 4.714 4.847 5.076 5.306 5.310 5.188 5.065 5.065 4.820 4.868 5.100 5.332 5.564 5.845 6.133 6.422 6.711 7.079 7.451 7.822 8.192 8.382 8.572 8.572 8.952 9.145 9.342 9.539 9.736 9.933 10.130 10.327 10.497 10.532 9.918 9.095 8.271 7.448 6.624 6.624 4.977 4.229 3.789 3.349 2.909 1.517 1.367 0.797 0.867 0.247 0.000 0.000 0.000 1.346 1.456 1.456 1.296 1.236 0.416 0.626 0.966 0.616 0.246 1.446 1.276 0.306 0.346 0.606 0.946 1.006 0.986 1.396 1.396 0.726 0.786 0.896
