includes/camargue/floodfiles/results_R3_t1.56234553567E12/res-0009.wdfp
ncols         906
nrows         631
xllcorner     362177.146667
yllcorner     6534725.688020
cellsize      20.000000
NODATA_value  -9999.000000
[rows 238 to 271 of 631, columns 693 to 769 of 906]
0.000 0.000 0.000 0.000 0.000 0.000 0.000 0.000 0.000 0.000 0.063 0.000 0.453 0.523 0.000 0.394 0.006 0.000 0.385 0.395 0.000 0.092 0.000 0.313 0.313 0.203 0.363 0.223 0.254 0.394 0.155 0.655 0.455 0.605 0.527 0.817 0.252 0.424 1.164 0.315 0.315 0.446 0.000 0.000 0.330 0.760 0.870 0.000 0.000 0.162 0.274 0.785 0.825 0.000 0.031 0.233 0.000 0.000 0.841 0.421 0.481 0.361 0.271 0.461 0.000 0.401 1.131 1.161 0.000 0.370 1.020 1.320 0.388 0.388 0.388 0.977 0.506
0.000 0.000 0.000 0.000 0.000 0.000 0.000 0.000 0.000 0.064 0.683 0.000 0.323 0.043 0.254 0.224 0.000 0.435 0.055 0.000 0.000 0.423 0.009 0.000 0.000 0.523 0.493 0.000 0.965 0.245 0.205 0.595 0.000 0.000 0.617 0.139 0.273 1.155 0.405 0.276 0.277 0.349 1.026 0.717 0.678 0.880 0.670 0.810 0.000 0.000 0.894 0.305 0.000 0.414 0.000 0.643 0.253 0.253 0.781 0.311 0.091 0.661 0.461 0.271 0.000 1.191 1.191 0.000 0.620 1.180 0.870 0.199 1.148 1.148 1.018 0.718 0.897
0.000 0.000 0.000 0.000 0.000 0.000 0.000 0.084 0.084 0.654 0.000 0.414 0.484 0.000 0.444 0.284 0.000 0.007 0.084 0.223 0.173 0.353 0.000 0.003 0.001 0.254 0.000 0.625 0.455 0.225 0.786 0.466 0.637 0.297 0.118 0.649 0.293 0.666 0.827 0.817 0.817 0.418 0.103 0.196 0.357 0.000 0.750 0.900 0.000 0.000 0.000 0.385 0.000 0.000 0.153 0.000 0.333 0.333 0.502 0.112 0.092 0.292 0.000 0.582 0.931 1.121 0.000 0.880 0.390 0.550 0.380 1.138 1.058 1.058 1.068 0.838 0.187
0.000 0.000 0.000 0.000 0.000 0.000 0.000 0.014 0.014 0.674 0.000 0.544 0.524 0.054 0.000 0.000 0.000 0.000 0.000 0.000 0.000 0.363 0.393 0.000 0.000 0.675 0.655 0.000 0.246 0.326 0.946 0.000 0.427 0.527 0.148 0.569 0.043 0.077 0.557 0.478 0.478 0.819 0.290 0.773 0.255 0.006 0.000 1.020 0.000 1.045 0.125 0.715 0.000 0.000 0.783 1.213 1.083 1.083 0.253 0.624 0.104 0.444 0.844 0.913 0.000 0.142 0.892 0.021 1.171 1.171 0.530 0.379 0.828 0.828 0.268 0.878 0.958
0.000 0.000 0.000 0.000 0.000 0.000 0.000 0.294 0.294 0.554 0.000 0.564 0.000 0.194 0.000 0.000 0.000 0.000 0.000 0.000 0.000 0.563 0.000 0.626 0.626 0.665 0.000 0.000 0.196 0.606 0.117 0.117 0.627 0.967 0.428 0.929 0.000 0.839 0.048 1.158 1.158 0.819 0.560 0.212 0.050 0.153 0.510 1.340 0.000 0.000 0.000 0.065 0.225 0.125 0.000 0.654 0.194 0.194 0.314 0.304 1.054 0.624 0.954 0.000 0.000 1.053 0.052 1.141 1.051 0.120 0.360 0.300 0.129 0.129 0.959 1.039 1.058
0.000 0.000 0.000 0.000 0.000 0.000 0.334 0.000 0.000 0.054 0.314 0.514 0.000 0.000 0.000 0.000 0.000 0.000 0.000 0.000 0.604 0.000 0.476 0.626 0.626 0.000 0.046 0.746 0.676 0.586 0.138 0.158 0.637 0.021 0.988 0.000 0.749 0.639 0.659 0.609 0.608 0.089 0.611 0.702 0.245 0.327 0.000 0.320 0.005 0.000 0.799 0.000 0.865 0.000 0.000 1.014 0.134 0.134 0.154 0.814 0.294 1.044 0.984 0.804 0.064 0.433 0.882 0.992 0.000 0.400 0.510 1.110 1.040 1.039 1.139 1.089 0.000
0.000 0.000 0.000 0.000 0.000 0.000 0.364 0.394 0.394 0.634 0.544 0.000 0.000 0.000 0.000 0.000 0.000 0.000 0.000 0.000 0.003 0.000 0.416 0.626 0.626 0.556 0.676 0.556 0.006 0.108 0.170 0.509 0.000 1.039 0.000 0.679 0.699 0.509 0.539 0.629 0.629 0.000 0.000 0.000 0.470 0.400 0.075 0.000 0.659 0.359 0.469 0.979 0.000 1.842 0.000 0.375 0.254 0.254 0.204 0.844 0.064 0.974 0.954 0.354 0.854 0.403 0.983 0.343 0.112 0.280 0.580 0.460 1.000 1.000 0.710 0.170 1.090
0.000 0.000 0.000 0.000 0.000 0.000 0.564 0.000 0.000 0.255 0.000 0.325 0.385 0.000 0.000 0.000 0.000 0.000 0.000 0.204 0.024 0.742 0.000 0.000 0.000 0.646 0.040 0.000 0.239 0.009 0.428 0.003 0.529 0.809 0.000 0.819 0.419 0.000 0.379 0.000 0.000 0.199 0.069 0.000 0.178 0.090 0.267 0.480 0.109 0.759 0.329 0.159 0.739 0.000 0.286 0.396 0.000 0.000 1.036 0.000 0.925 0.895 0.000 0.704 0.384 0.873 0.953 0.503 0.543 0.152 0.371 1.161 0.000 0.000 0.781 1.071 1.210
0.000 0.000 0.000 0.000 0.000 0.000 0.065 0.145 0.145 0.255 0.565 0.405 0.000 0.000 0.000 0.000 0.000 0.000 0.000 0.174 0.014 0.202 0.472 0.612 0.612 0.004 0.649 0.039 0.529 0.619 0.378 0.319 0.949 0.000 0.819 0.579 0.000 0.040 0.329 0.299 0.299 0.069 0.000 0.000 0.498 0.000 0.044 0.375 0.000 0.000 0.819 0.359 0.529 0.899 0.001 0.826 0.866 0.866 0.706 0.976 0.936 0.525 0.415 0.354 0.784 0.353 0.903 1.003 1.133 0.983 0.743 0.502 1.192 1.192 1.021 1.091 0.201
0.000 0.000 0.000 0.000 0.000 0.000 0.006 0.775 0.775 0.185 0.335 0.245 0.000 0.000 0.000 0.000 0.000 0.000 0.000 0.214 0.044 0.000 0.000 0.007 0.006 0.499 0.289 0.599 0.139 0.459 0.000 0.879 0.000 0.729 0.839 0.053 0.109 0.007 0.000 0.000 0.000 0.000 0.021 0.401 0.000 0.492 0.411 0.449 0.109 0.000 0.000 0.729 0.619 0.569 0.428 0.817 0.000 0.000 1.046 0.896 0.716 0.000 0.586 0.125 0.694 0.644 0.294 0.393 1.033 1.113 1.133 1.113 0.992 0.992 0.832 0.202 0.882
0.000 0.000 0.000 0.000 0.396 0.136 1.055 0.145 0.145 0.495 0.405 0.000 0.000 0.000 0.000 0.000 0.000 0.000 0.000 0.000 0.015 0.000 0.239 0.209 0.209 0.109 0.339 0.529 0.579 0.299 0.659 0.569 0.619 0.689 0.739 0.000 0.221 0.080 0.240 0.560 0.560 0.050 0.007 0.000 0.029 0.215 0.235 0.165 0.003 0.000 0.219 0.839 0.779 0.399 0.019 0.337 1.417 1.417 1.076 0.996 0.000 0.000 0.626 0.515 0.864 0.574 0.984 0.424 0.334 0.473 1.263 0.563 0.213 0.212 0.842 0.612 0.412
0.006 0.000 0.036 0.336 0.656 0.626 0.001 0.375 0.375 0.515 0.445 0.000 0.000 0.000 0.000 0.000 0.000 0.000 0.000 0.000 0.000 0.129 0.559 0.000 0.000 0.149 0.609 0.129 0.000 0.809 0.849 0.000 0.669 0.559 0.000 0.172 0.014 0.112 0.000 0.000 0.000 0.002 0.000 0.111 0.081 0.709 0.269 0.299 0.000 0.000 0.000 0.599 0.000 0.151 0.602 0.089 0.417 0.417 0.917 0.867 0.887 0.967 0.777 0.000 0.184 0.834 0.464 0.894 0.654 0.784 0.794 0.453 0.923 0.923 0.553 0.723 0.292
0.004 0.000 0.036 0.336 0.656 0.626 0.001 0.375 0.375 0.515 0.445 0.000 0.000 0.000 0.000 0.000 0.000 0.000 0.000 0.000 0.000 0.129 0.559 0.000 0.000 0.149 0.609 0.129 0.000 0.809 0.849 0.000 0.669 0.559 0.000 0.172 0.020 0.124 0.000 0.000 0.000 0.003 0.000 0.111 0.081 0.710 0.269 0.299 0.000 0.000 0.000 0.600 0.000 0.152 0.602 0.092 0.417 0.417 0.917 0.867 0.887 0.967 0.777 0.000 0.185 0.834 0.464 0.894 0.654 0.784 0.794 0.454 0.923 0.923 0.553 0.723 0.292
0.456 0.406 1.146 1.016 0.056 0.285 0.985 0.395 0.395 0.175 0.345 0.000 0.000 0.000 0.000 0.000 0.000 0.000 0.000 0.000 0.069 0.079 0.059 0.000 0.000 0.529 0.159 0.399 0.299 0.809 0.000 0.659 0.749 0.000 0.033 0.202 0.202 0.321 0.382 0.222 0.222 0.522 0.262 0.452 0.502 0.431 0.631 0.000 0.000 0.000 0.230 0.620 0.210 0.302 0.303 0.239 0.000 0.000 0.607 0.767 0.000 0.887 0.937 0.977 0.887 0.000 0.595 0.625 1.025 0.555 0.525 0.425 0.000 0.000 0.913 0.823 0.643
0.486 0.526 0.486 1.176 1.136 0.096 0.000 0.135 0.135 0.345 0.015 0.000 0.000 0.000 0.000 0.000 0.000 0.000 0.000 0.000 0.002 0.000 0.629 0.519 0.519 0.559 0.609 0.309 0.809 0.000 0.739 0.729 0.000 0.000 0.034 0.152 0.000 0.102 0.202 0.652 0.652 0.000 0.632 0.372 0.932 0.411 0.000 0.000 0.000 0.000 0.000 0.690 0.430 0.171 0.000 0.796 0.155 0.152 1.027 0.997 1.187 0.000 0.000 0.757 0.947 0.987 0.646 0.000 0.875 0.925 0.545 0.605 0.255 0.254 0.663 0.603 0.933
0.726 0.916 0.716 0.666 0.696 0.856 0.000 0.186 0.186 0.146 0.000 0.052 0.000 0.000 0.000 0.000 0.000 0.000 0.000 0.000 0.289 0.579 0.419 0.479 0.479 0.849 0.016 0.739 0.000 0.569 0.619 0.000 0.196 0.105 0.205 0.094 0.000 0.000 0.001 0.192 0.192 0.432 0.542 0.000 0.733 0.000 0.000 0.000 0.000 0.152 0.422 0.071 0.540 0.191 0.046 0.866 1.166 1.166 0.267 0.113 0.218 0.958 0.718 0.928 1.228 0.000 0.000 0.935 0.905 1.026 0.906 0.705 0.765 0.764 0.694 1.234 0.123
0.676 0.316 0.002 0.306 0.206 0.396 0.000 0.276 0.276 0.176 0.026 0.000 0.000 0.000 0.000 0.000 0.000 0.000 0.000 0.000 0.279 0.689 0.269 0.239 0.239 0.000 0.465 0.000 0.409 0.469 0.000 0.125 0.033 0.031 0.000 0.001 0.000 0.052 0.000 0.002 0.001 0.142 0.000 0.844 0.954 0.000 0.000 0.000 0.048 0.007 0.482 0.000 0.014 0.000 0.554 0.798 0.000 0.000 0.698 0.728 0.000 0.000 0.003 0.658 0.878 1.190 1.230 0.010 0.000 1.026 0.976 1.116 0.185 0.184 0.604 1.144 1.164
0.326 0.000 0.146 0.116 0.196 0.346 0.506 0.176 0.176 0.366 0.516 0.066 0.000 0.000 0.000 0.000 0.000 0.000 0.000 0.000 0.000 0.000 0.000 0.002 0.002 0.008 0.135 0.016 0.000 0.000 0.000 0.027 0.125 0.016 0.037 0.000 0.000 0.000 0.028 0.000 0.000 0.282 0.000 0.784 0.074 0.000 0.000 0.000 0.298 0.027 0.382 0.005 0.000 0.000 0.600 0.040 0.328 0.328 0.638 0.318 0.978 1.038 0.148 0.000 0.000 1.090 1.090 0.610 0.789 0.709 0.308 0.638 0.000 0.000 0.000 1.084 0.546
0.000 0.000 0.000 0.004 0.000 0.306 0.206 0.226 0.226 0.456 0.000 0.496 0.006 0.000 0.000 0.000 0.000 0.000 0.000 0.114 0.094 0.001 0.004 0.062 0.062 0.362 0.000 0.019 0.060 0.000 0.000 0.201 0.000 0.000 0.000 0.000 0.000 0.000 0.138 0.006 0.002 0.044 0.305 0.925 0.145 0.000 0.072 0.000 0.004 0.000 0.000 0.000 0.001 0.605 0.725 0.000 0.000 0.000 0.658 0.568 0.718 0.788 0.698 0.000 0.000 0.633 0.000 0.591 0.000 1.010 0.220 0.880 0.000 0.000 1.182 0.000 0.911
0.000 0.000 0.000 0.006 0.000 0.000 0.266 0.136 0.136 0.536 0.476 0.136 0.056 0.000 0.000 0.000 0.000 0.000 0.000 0.044 0.000 0.000 0.000 0.000 0.000 0.000 0.160 0.008 0.000 0.156 0.014 0.251 0.000 0.000 0.000 0.000 0.000 0.224 0.000 0.000 0.000 0.000 0.595 0.995 1.015 0.000 0.000 0.199 0.159 0.000 0.000 0.658 0.000 0.656 0.906 0.000 0.000 0.000 0.000 0.000 0.000 1.238 1.198 0.987 0.957 1.167 0.336 0.923 0.732 0.981 0.000 0.308 0.368 0.368 0.000 1.016 0.874
0.001 0.000 0.000 0.000 0.075 0.000 0.176 0.016 0.016 0.356 0.706 0.000 0.136 0.006 0.000 0.000 0.000 0.000 0.000 0.000 0.000 0.000 0.000 0.000 0.000 0.000 0.000 0.000 0.002 0.136 0.216 0.002 0.000 0.000 0.002 0.000 0.000 0.001 0.095 0.031 0.023 0.246 0.865 0.705 0.375 0.000 0.002 0.000 0.089 0.409 0.000 0.006 0.000 0.756 0.636 0.000 0.828 0.828 0.485 0.595 0.879 1.268 1.178 1.257 1.137 0.767 0.576 0.943 0.115 0.000 0.527 1.146 0.079 0.073 0.770 1.047 0.000
0.002 0.002 0.041 0.009 0.015 0.000 0.012 0.246 0.246 0.406 0.416 0.276 0.206 0.216 0.000 0.000 0.000 0.000 0.000 0.000 0.032 0.000 0.000 0.143 0.143 0.000 0.000 0.000 0.000 0.000 0.000 0.105 0.000 0.072 0.000 0.052 0.062 0.112 0.030 0.000 0.000 0.836 0.556 1.095 0.000 0.000 0.000 0.000 0.000 0.000 0.000 0.215 0.926 0.208 0.375 0.028 0.608 0.608 0.326 0.000 0.000 0.000 0.000 0.000 0.264 0.887 1.037 0.000 0.850 0.437 0.958 0.546 0.454 0.449 0.624 0.000 1.241
0.000 0.000 0.014 0.020 0.334 0.114 0.020 0.236 0.236 0.306 0.396 0.326 0.276 0.000 0.000 0.000 0.000 0.000 0.000 0.000 0.000 0.181 0.000 0.000 0.000 0.037 0.000 0.542 0.000 0.000 0.000 0.001 0.203 0.000 0.000 0.000 0.052 0.000 0.000 0.000 0.000 0.896 1.216 0.000 0.000 0.000 0.000 0.000 0.019 0.000 0.986 0.127 0.000 0.233 0.276 0.325 0.031 0.028 0.863 0.296 0.642 0.673 0.167 0.925 0.854 0.110 0.086 0.583 1.211 0.302 0.251 0.697 0.326 0.326 0.000 1.301 1.201
0.109 0.169 0.024 0.003 0.009 0.073 0.052 0.000 0.000 0.000 0.000 0.000 0.000 0.172 0.000 0.000 0.000 0.000 0.000 0.000 0.000 0.000 0.202 0.000 0.000 0.167 0.117 0.000 0.000 0.000 0.043 0.000 0.000 0.001 0.000 0.003 0.003 0.000 0.000 0.786 0.786 1.136 0.000 0.000 0.000 0.000 0.000 0.966 1.006 0.446 0.576 1.026 0.146 0.000 0.000 0.508 0.000 0.000 0.695 0.866 0.100 0.574 0.716 0.118 0.000 0.914 0.385 1.045 0.000 1.026 0.000 0.148 0.740 0.740 0.651 1.162 0.072
0.007 0.179 0.259 0.009 0.000 0.000 0.000 0.000 0.000 0.000 0.000 0.000 0.000 0.000 0.000 0.000 0.000 0.000 0.000 0.000 0.000 0.062 0.000 0.247 0.247 0.247 0.107 0.237 0.000 0.000 0.023 0.000 0.000 0.003 0.139 0.000 0.000 0.000 0.566 1.036 1.036 0.346 0.000 0.000 0.000 0.000 0.856 0.286 0.696 1.136 1.176 0.266 0.000 1.014 0.000 1.432 0.852 0.853 0.141 0.766 0.806 0.084 0.511 0.092 0.915 0.964 0.144 0.000 1.107 0.996 0.000 0.968 0.031 0.032 1.262 1.182 1.202
0.208 0.000 0.000 0.000 0.000 0.000 0.000 0.000 0.000 0.000 0.000 0.000 0.000 0.000 0.000 0.000 0.000 0.000 0.000 0.000 0.000 0.000 0.000 0.000 0.000 0.000 0.000 0.537 0.000 0.000 0.000 0.000 0.000 0.000 0.006 0.000 0.000 0.586 1.086 1.006 1.006 0.000 0.000 0.000 0.000 0.176 0.306 1.016 1.096 1.086 0.000 0.096 0.007 0.864 0.284 0.000 0.783 0.783 0.793 0.092 0.706 0.000 0.987 0.257 1.086 0.000 0.410 0.560 0.639 0.000 0.937 0.008 1.134 1.134 1.143 0.000 1.172
0.000 0.000 0.000 0.000 0.000 0.000 0.000 0.000 0.000 0.000 0.000 0.000 0.000 0.000 0.000 0.000 0.000 0.000 0.000 0.000 0.000 0.000 0.000 0.003 0.000 0.245 0.205 0.076 0.000 0.000 0.547 0.877 0.877 0.847 0.667 0.487 0.646 0.976 0.476 1.206 1.206 0.000 0.000 0.000 0.947 0.000 1.086 1.036 0.766 0.000 1.056 0.105 0.955 0.244 0.204 0.383 0.212 0.206 0.913 0.553 0.000 1.009 1.048 0.028 0.808 0.470 0.140 0.970 0.920 0.282 0.127 0.984 1.104 1.104 0.124 1.024 0.053
0.000 0.000 0.000 0.043 0.000 0.000 0.000 0.000 0.000 0.000 0.000 0.000 0.000 0.000 0.000 0.000 0.000 0.000 0.000 0.000 0.000 0.000 0.000 0.000 0.000 0.175 0.185 0.000 0.587 0.857 0.547 0.000 0.697 0.217 0.827 0.737 0.886 0.606 1.186 0.000 0.000 0.000 0.000 0.876 0.005 1.076 0.976 0.336 0.036 1.086 1.076 0.245 0.595 0.584 0.694 0.754 0.472 0.472 0.000 0.843 0.332 0.960 0.000 1.031 0.451 0.421 0.352 0.642 0.000 0.896 0.996 0.000 1.064 1.064 1.044 1.124 0.284
0.000 0.000 0.000 0.043 0.000 0.000 0.000 0.000 0.000 0.000 0.000 0.000 0.000 0.000 0.000 0.000 0.000 0.000 0.000 0.000 0.000 0.000 0.000 0.000 0.000 0.175 0.185 0.000 0.587 0.857 0.547 0.000 0.697 0.217 0.827 0.737 0.886 0.606 1.186 0.000 0.000 0.000 0.000 0.876 0.003 1.076 0.976 0.336 0.036 1.086 1.076 0.245 0.595 0.584 0.694 0.754 0.473 0.472 0.000 0.844 0.332 0.960 0.000 1.032 0.452 0.423 0.354 0.644 0.000 0.896 0.996 0.000 1.064 1.064 1.044 1.124 0.284
0.000 0.000 0.000 0.000 0.000 0.000 0.000 0.000 0.000 0.000 0.000 0.000 0.000 0.000 0.000 0.000 0.000 0.000 0.000 0.000 0.000 0.069 0.019 0.000 0.000 0.765 0.165 0.042 0.069 0.000 0.757 0.627 0.797 0.017 0.157 0.000 0.207 0.966 0.000 0.000 0.000 0.000 0.687 0.000 1.136 1.056 0.001 0.766 0.986 1.176 0.876 0.845 0.665 0.545 1.074 0.000 0.010 0.008 0.845 1.024 0.013 0.581 0.452 1.012 0.000 0.626 0.936 0.886 0.476 1.036 0.000 1.297 0.000 0.000 1.164 1.244 0.945
0.000 0.000 0.000 0.000 0.000 0.000 0.000 0.000 0.000 0.000 0.000 0.000 0.000 0.000 0.000 0.000 0.000 0.000 0.000 0.000 0.000 0.000 0.000 0.000 0.000 1.055 0.945 0.000 0.207 0.247 0.267 0.617 0.817 0.407 0.237 0.837 0.297 0.027 0.000 0.000 0.000 1.007 0.067 0.957 1.087 0.000 1.136 0.976 1.086 0.636 0.875 1.005 0.705 0.485 0.000 0.000 0.277 0.277 1.106 0.000 1.092 0.642 0.812 0.000 0.918 0.267 1.177 0.807 0.177 0.547 0.537 0.567 1.207 1.207 0.074 0.187 0.985
0.000 0.000 0.000 0.000 0.000 0.000 0.000 0.000 0.000 0.000 0.000 0.000 0.000 0.000 0.000 0.000 0.000 0.000 0.000 0.000 0.000 0.000 0.000 0.005 0.002 0.835 0.915 0.685 0.000 0.000 0.627 0.000 0.717 0.037 0.003 0.000 0.000 0.000 0.000 0.887 0.887 1.097 0.967 0.000 1.197 1.127 1.166 0.036 0.796 0.456 0.485 0.485 0.115 0.000 0.078 0.868 1.108 1.108 0.537 0.557 0.000 1.092 0.275 1.268 1.248 1.188 0.857 1.047 0.267 1.187 1.207 1.327 0.717 0.717 0.356 0.261 0.160
0.000 0.000 0.000 0.000 0.000 0.000 0.000 0.000 0.000 0.000 0.000 0.000 0.000 0.000 0.000 0.000 0.000 0.000 0.000 0.000 0.000 0.000 0.000 0.185 0.185 0.000 0.055 1.035 1.025 0.925 0.009 0.000 0.637 0.807 0.000 0.967 0.817 0.000 1.047 1.037 1.037 1.087 0.000 1.247 1.227 1.087 0.237 0.757 0.576 0.396 0.615 0.355 0.395 0.705 0.000 0.178 0.878 0.878 0.000 1.108 0.498 0.167 1.188 0.568 1.208 0.708 1.058 1.328 0.398 0.338 0.338 1.307 0.457 0.457 0.687 1.197 1.226
0.000 0.000 0.000 0.000 0.000 0.000 0.000 0.000 0.000 0.000 0.000 0.000 0.000 0.000 0.000 0.000 0.000 0.000 0.000 0.005 0.005 0.225 0.000 0.375 0.375 0.000 0.000 0.000 0.000 0.365 0.000 0.402 0.000 0.171 0.110 0.857 0.917 0.497 1.027 1.027 1.027 0.000 1.267 1.177 0.597 0.067 0.797 0.527 0.307 0.426 0.635 0.375 0.445 0.975 1.165 0.109 0.408 0.408 1.058 0.398 0.238 1.098 1.158 0.828 1.108 1.028 0.938 0.348 1.648 0.788 1.029 0.268 0.608 0.608 0.848 0.000 1.227
