includes/camargue/floodfiles/results_R3_t1.56234553567E12/res.totaltm
ncols         906
nrows         631
xllcorner     362177.146667
yllcorner     6534725.688020
cellsize      20.000000
NODATA_value  -9999.000000
[rows 374 to 407 of 631, columns 225 to 299 of 906]
0.000 0.000 0.000 0.000 0.000 0.000 0.000 0.000 0.000 0.000 0.000 0.000 0.000 0.000 0.000 0.000 0.000 0.000 0.000 0.000 0.000 0.000 0.000 0.000 0.000 0.000 0.000 0.000 0.000 0.000 0.402 5.053 5.950 5.937 11.496 4.162 4.535 11.496 10.307 11.489 8.639 8.657 8.998 7.923 5.051 11.506 11.513 11.494 4.113 11.462 3.359 10.085 11.462 11.467 11.463 2.843 11.445 11.452 11.457 11.452 11.445 11.425 11.420 11.401 11.394 11.384 4.631 11.351 11.347 2.946 11.368 3.800 11.359 11.367 11.371
0.000 0.000 0.000 0.000 0.000 0.000 0.000 0.000 0.000 0.000 0.000 0.000 0.000 0.000 0.000 0.000 0.000 0.000 0.000 0.000 0.000 0.000 0.000 0.000 0.000 0.000 0.000 0.000 0.000 0.000 3.163 3.243 4.916 11.512 11.516 11.502 4.646 6.711 11.506 11.501 11.497 11.498 11.502 11.504 11.507 11.524 11.518 5.086 11.483 11.445 5.465 11.448 5.343 11.482 6.269 11.462 4.747 4.746 11.462 4.735 11.448 7.006 11.403 11.396 11.391 7.944 11.369 11.361 2.950 11.388 11.373 11.369 11.365 11.372 11.377
0.000 0.000 0.000 0.000 0.000 0.000 0.000 0.000 0.000 0.000 0.000 0.000 0.000 0.000 0.000 0.000 0.000 0.000 0.000 0.000 0.000 0.000 0.000 0.000 0.000 0.000 0.000 0.000 0.794 1.643 4.474 11.571 11.582 5.733 8.012 11.516 11.512 10.723 11.309 11.505 11.510 11.514 11.504 11.514 11.537 11.552 4.285 11.537 5.078 4.171 11.516 5.331 11.486 11.486 11.482 11.491 11.486 11.481 11.474 11.472 11.451 11.448 4.021 4.341 11.362 7.173 11.379 3.753 11.408 11.404 4.591 11.363 1.614 1.613 11.390
0.000 0.000 0.000 0.000 0.000 0.000 0.000 0.000 0.000 0.000 0.000 0.000 0.000 0.000 0.000 0.000 0.000 0.000 0.000 0.000 0.000 0.000 0.000 0.000 0.000 0.000 0.000 0.000 0.879 4.676 5.973 6.197 11.586 11.582 11.577 6.029 6.030 11.519 11.515 3.321 11.518 11.521 11.514 11.513 6.871 11.563 11.573 11.576 11.556 11.312 11.541 11.552 11.498 11.524 5.861 11.496 11.489 11.484 5.386 11.466 9.054 11.446 11.442 11.400 6.499 11.401 8.603 11.431 11.427 3.451 11.470 4.693 11.418 11.412 11.410
0.000 0.000 0.000 0.000 0.000 0.000 0.000 0.000 0.000 0.000 0.000 0.000 0.000 0.000 0.000 0.000 0.000 0.000 0.000 0.000 0.000 0.000 0.000 0.000 0.000 0.000 0.000 0.000 1.324 3.568 11.562 10.039 11.591 5.099 11.562 11.557 11.552 11.524 7.500 11.526 7.712 8.101 3.664 4.812 11.569 11.572 4.206 11.580 7.721 11.558 11.551 11.558 11.552 11.544 11.538 11.521 11.496 11.492 3.624 4.565 11.445 3.333 11.426 11.419 11.427 11.412 1.494 11.457 7.155 11.491 11.475 11.441 11.436 11.428 11.415
0.000 0.000 0.000 0.000 0.000 0.000 0.000 0.000 0.000 0.000 0.000 0.000 0.000 0.000 0.000 0.000 0.000 0.000 0.000 0.000 0.000 0.000 0.000 0.000 0.000 0.000 0.000 0.000 1.033 3.541 11.571 10.047 11.596 5.112 11.570 11.564 11.558 11.525 7.495 11.533 8.316 10.646 3.678 4.817 11.577 11.583 4.221 11.585 7.720 11.566 11.563 11.565 11.559 11.552 11.545 11.523 11.496 11.492 3.629 4.575 11.437 3.339 11.423 11.429 11.436 11.423 1.499 11.464 7.159 11.498 11.478 11.441 11.439 11.430 11.417
0.000 0.000 0.000 0.000 0.000 0.000 0.000 0.000 0.000 0.000 0.000 0.000 0.000 0.000 0.000 0.000 0.000 0.000 0.000 0.000 0.000 0.000 0.000 0.000 0.000 0.000 0.000 0.692 2.097 11.580 11.576 6.535 11.604 5.642 11.576 4.695 11.559 11.554 11.558 9.169 6.639 6.649 11.589 11.617 5.885 11.309 11.605 11.600 11.596 5.582 9.712 11.569 5.987 11.544 11.524 3.730 11.528 11.529 11.531 11.487 4.094 11.389 2.981 11.440 11.444 7.543 11.488 11.499 11.508 11.503 4.695 11.456 11.448 11.439 11.425
0.000 0.000 0.000 0.000 0.000 0.000 0.000 0.000 0.000 0.000 0.000 0.000 0.000 0.000 0.000 0.000 0.000 0.000 0.000 0.000 0.000 0.000 0.000 0.000 0.000 0.000 0.520 4.388 11.593 6.599 5.648 9.325 11.616 8.158 7.182 6.622 7.288 4.561 7.551 11.566 11.574 11.578 11.581 11.620 5.882 11.616 11.613 11.602 11.599 11.595 11.576 11.572 11.569 4.016 11.531 11.536 9.729 9.725 11.535 11.531 11.526 2.130 11.476 3.820 11.468 11.473 4.781 5.067 11.510 2.071 11.451 11.481 11.481 11.469 11.455
0.000 0.000 0.000 0.000 0.000 0.000 0.000 0.000 0.000 0.000 0.000 0.000 0.000 0.000 0.000 0.000 0.000 0.000 0.000 0.000 0.000 0.000 0.000 0.000 1.247 0.829 4.871 6.935 11.269 11.611 11.626 11.621 11.626 11.618 6.140 6.934 11.586 11.581 11.577 4.115 11.557 11.557 4.855 11.622 11.615 11.623 11.619 11.622 11.602 8.624 3.990 11.569 11.566 0.965 11.533 11.541 11.583 11.594 11.602 6.799 4.441 11.454 11.504 2.287 11.473 11.478 11.507 11.510 11.521 11.464 11.511 11.497 11.490 11.479 11.467
0.000 0.000 0.000 0.000 0.000 0.000 0.000 0.000 0.000 0.000 0.000 0.000 0.000 0.000 0.000 0.000 0.000 0.000 0.000 0.000 0.000 0.000 0.000 1.475 4.685 4.504 2.108 6.475 11.619 11.625 11.631 11.623 11.631 11.623 11.618 11.628 7.629 11.585 7.596 11.574 4.723 4.723 11.129 11.638 11.619 11.629 11.624 11.626 3.785 11.611 11.619 3.738 11.557 11.551 11.549 11.549 6.339 6.339 11.610 11.616 5.663 3.986 11.515 11.519 6.142 11.488 11.501 7.435 11.523 11.535 11.518 11.514 11.508 11.498 11.484
0.000 0.000 0.000 0.000 0.000 0.000 0.000 0.000 0.000 0.000 0.000 0.000 0.000 0.000 0.000 0.000 0.000 0.000 0.000 0.000 0.000 0.000 3.245 4.032 5.176 5.017 11.637 4.467 5.022 11.622 11.637 11.643 11.637 8.049 5.445 11.632 11.628 11.622 11.615 4.755 11.643 11.643 7.668 11.645 11.643 11.642 11.636 11.630 11.645 6.337 11.626 11.621 4.026 5.182 11.587 11.592 11.613 11.621 11.625 11.628 11.625 9.347 4.756 9.992 11.520 11.497 11.491 11.492 11.488 11.537 11.533 11.517 11.513 11.503 11.486
0.000 0.000 0.000 0.000 0.000 0.000 0.000 0.000 0.000 0.000 0.000 0.000 0.000 0.000 0.000 0.000 0.000 0.000 0.000 0.000 0.000 0.777 1.901 5.778 11.633 11.639 11.646 11.644 11.641 11.641 11.642 11.651 11.642 11.654 11.632 11.636 7.180 11.608 11.609 5.511 11.647 11.646 11.650 11.649 11.647 11.646 11.633 11.642 11.654 11.631 11.646 9.881 11.605 11.590 9.472 6.300 11.563 11.562 1.408 11.650 5.897 6.683 11.544 11.540 5.091 11.511 11.515 11.509 3.871 11.543 4.802 11.513 11.504 11.492 11.482
0.000 0.000 0.000 0.000 0.000 0.000 0.000 0.000 0.000 0.000 0.000 0.000 0.000 0.000 0.000 0.000 0.000 0.000 0.000 0.000 1.786 3.474 11.635 4.715 11.653 11.652 7.619 11.666 8.794 11.645 11.650 11.661 11.661 11.661 11.647 11.660 2.662 11.638 3.827 11.662 11.666 11.667 11.655 11.683 11.672 11.678 3.980 11.664 11.664 11.079 11.655 4.620 11.608 5.546 11.323 9.170 3.736 3.858 1.079 11.659 3.739 8.240 11.564 7.620 11.545 3.871 11.519 9.705 11.529 11.549 4.288 11.484 11.494 11.484 11.475
0.000 0.000 0.000 0.000 0.000 0.000 0.000 0.000 0.000 0.000 0.000 0.000 0.000 0.000 0.000 0.000 0.000 0.000 0.000 1.651 0.757 3.592 2.751 11.678 4.970 4.975 5.183 7.098 5.182 11.649 11.657 11.669 11.672 11.675 11.672 11.665 11.668 11.642 11.648 11.667 11.670 11.670 11.678 11.695 11.670 11.691 11.680 11.669 11.670 11.659 11.659 8.725 7.507 7.747 6.711 11.609 3.258 3.349 1.933 11.667 4.685 11.585 11.568 11.564 11.554 10.228 11.532 11.526 11.544 11.555 7.681 11.490 11.484 11.476 11.469
0.000 0.000 0.000 0.000 0.000 0.000 0.000 0.000 0.000 0.000 0.000 0.000 0.000 0.000 0.000 0.000 0.000 0.000 0.751 1.931 4.011 4.662 11.696 11.689 11.697 11.703 11.707 11.703 5.616 11.666 11.670 11.676 11.669 11.688 11.675 11.671 11.672 4.390 6.531 11.670 11.688 11.692 11.689 11.706 11.680 11.705 11.686 11.681 11.677 11.717 11.662 6.559 11.671 11.662 4.822 11.619 3.369 3.503 1.096 11.673 5.115 11.601 11.589 11.564 6.798 5.599 6.212 11.529 11.563 11.558 5.331 11.501 9.417 9.407 11.464
0.000 0.000 0.000 0.000 0.000 0.000 0.000 0.000 0.000 0.000 0.000 0.000 0.000 0.000 0.000 0.000 0.000 0.000 1.446 3.920 2.575 5.238 6.464 4.261 5.014 4.946 11.711 7.543 11.699 6.384 8.652 11.682 11.677 11.692 7.217 6.373 11.676 11.743 7.476 11.672 11.699 11.707 11.698 11.717 11.711 11.719 10.756 11.685 11.683 11.728 11.719 8.115 10.694 8.116 11.639 6.138 4.056 4.050 11.670 11.682 5.816 11.607 11.599 11.477 11.547 11.538 11.532 3.953 11.568 11.567 8.967 11.508 5.389 5.382 9.524
0.000 0.000 0.000 0.000 0.000 0.000 0.000 0.000 0.000 0.000 0.000 0.000 0.000 0.000 0.000 0.000 0.000 2.608 2.336 10.467 11.751 11.746 11.739 11.734 11.742 11.737 11.734 11.731 5.326 11.698 8.082 11.687 11.711 11.730 11.738 11.754 11.777 11.772 11.741 11.738 11.706 11.714 11.719 11.726 11.429 11.727 11.720 11.721 11.729 11.735 8.899 9.994 11.712 5.307 4.515 11.679 4.493 4.488 11.699 11.694 9.581 11.616 11.605 8.770 4.269 11.531 11.524 5.583 11.577 11.575 11.524 11.515 11.262 11.227 11.489
0.000 0.000 0.000 0.000 0.000 0.000 0.000 0.000 0.000 0.000 0.000 0.000 0.000 0.000 0.000 0.000 0.780 1.473 3.863 11.751 11.754 11.743 3.796 4.751 9.995 9.778 11.739 11.735 11.732 6.028 6.027 11.727 11.737 11.721 9.716 8.934 11.783 11.776 11.675 5.212 11.709 11.709 11.741 11.748 11.789 11.755 11.021 11.726 11.732 11.741 11.739 11.729 11.718 4.128 6.726 7.904 11.678 11.666 11.722 11.691 6.875 11.620 11.612 11.605 11.593 2.341 5.156 8.179 11.581 11.555 11.549 4.510 6.058 5.983 11.494
0.000 0.000 0.000 0.000 0.000 0.000 0.000 0.000 0.000 0.000 0.000 0.000 0.000 0.000 0.704 2.253 11.541 3.090 3.134 11.749 11.763 11.768 11.772 11.770 7.976 7.973 11.748 11.804 8.285 7.965 11.730 11.735 11.744 11.732 11.726 11.783 11.788 6.929 11.172 3.731 11.625 11.495 11.726 11.774 11.797 11.730 11.723 11.704 6.115 11.763 11.743 7.247 11.714 11.706 11.717 11.705 6.650 6.654 11.730 7.171 11.623 11.629 11.601 2.920 6.759 11.533 4.145 5.469 11.587 3.898 11.554 11.533 6.749 6.934 5.487
0.000 0.000 0.000 0.000 0.000 0.000 0.000 0.000 0.000 0.000 0.000 0.000 0.000 1.152 3.481 2.204 3.809 3.872 4.235 6.246 5.342 11.772 11.786 11.797 8.830 8.831 11.146 11.827 11.831 11.791 11.733 11.751 6.786 5.765 9.652 11.779 11.793 11.786 2.982 11.743 11.749 11.760 11.773 11.788 11.803 11.764 11.750 4.614 11.776 11.766 11.474 11.726 3.809 11.730 11.725 4.466 9.596 9.375 11.747 4.194 11.660 10.233 11.629 11.636 3.873 4.054 11.581 11.584 11.600 7.003 5.666 11.564 7.825 7.825 11.542
0.000 0.000 0.000 0.000 0.000 0.000 0.000 0.000 0.000 0.000 0.000 0.000 2.885 2.808 4.343 11.821 4.356 11.782 5.241 11.804 11.799 11.791 11.811 11.811 11.821 11.831 7.262 11.838 11.841 11.832 11.822 7.928 11.776 11.783 4.172 6.221 11.803 4.358 8.396 11.765 11.739 11.748 4.849 11.787 11.826 11.780 6.988 11.797 11.785 3.860 11.725 4.631 11.745 11.737 11.731 4.532 11.737 11.745 11.762 4.062 11.667 9.555 5.316 11.656 11.650 11.644 3.986 6.246 11.607 3.376 11.604 6.673 11.575 11.570 4.482
0.000 0.000 0.000 0.000 0.000 0.000 0.000 0.000 0.000 0.000 0.000 0.000 2.143 2.150 4.019 7.478 4.207 6.784 5.174 11.812 11.807 11.802 11.818 11.820 11.833 11.843 7.267 11.848 11.850 11.842 11.833 7.997 11.784 11.793 4.185 6.184 11.810 4.374 8.396 11.775 11.751 11.762 4.865 11.798 11.836 11.800 6.987 11.803 11.792 3.875 11.711 4.647 11.752 11.745 11.738 4.484 11.745 11.753 11.772 4.059 11.678 9.416 5.322 11.664 11.657 11.651 3.983 6.247 11.616 3.386 11.615 6.664 11.583 11.576 4.482
0.000 0.000 0.000 0.000 0.000 0.000 0.000 0.000 0.000 0.000 0.367 1.748 3.748 4.570 8.077 11.871 11.849 11.843 11.837 11.839 5.489 11.030 11.822 11.829 11.839 11.848 11.848 11.074 11.855 11.848 11.825 6.769 5.055 11.800 11.854 11.860 11.863 5.738 3.523 11.781 11.795 11.803 11.827 11.835 11.840 11.812 11.804 11.817 6.513 11.722 3.421 11.784 11.772 11.759 11.751 6.855 11.754 11.765 11.781 7.822 11.754 11.714 11.676 11.670 4.152 11.629 11.642 11.599 11.624 11.620 11.626 11.608 11.589 11.581 11.577
0.000 0.000 0.000 0.000 0.000 0.000 0.000 0.000 0.000 0.000 0.981 4.384 6.238 5.442 11.932 11.877 4.906 5.944 4.437 6.104 11.842 11.855 11.852 11.858 11.863 11.869 5.804 6.519 6.715 9.270 11.848 11.839 11.831 11.816 11.850 11.876 11.870 11.865 5.569 11.775 11.777 11.789 11.832 11.838 11.859 11.841 7.022 11.821 11.818 5.186 8.941 11.793 11.794 7.687 4.660 11.722 11.736 11.733 11.799 11.780 11.760 11.692 11.689 11.673 11.665 3.949 11.650 11.652 11.631 11.617 11.630 11.627 8.658 8.875 3.838
0.000 0.000 0.000 0.000 0.000 0.000 0.000 0.000 1.754 1.448 5.849 1.889 11.988 1.654 5.180 0.922 2.407 11.873 4.852 5.412 11.861 11.866 11.859 11.863 11.867 11.872 11.886 11.895 11.893 4.284 4.787 11.828 4.242 11.825 1.687 11.883 11.875 11.812 5.935 2.318 6.819 6.759 11.800 6.725 11.864 11.852 11.846 11.832 11.837 3.329 11.836 5.822 11.804 11.821 11.812 4.059 11.815 11.812 11.805 11.788 11.697 11.701 11.731 11.723 7.151 11.652 11.655 11.657 4.865 11.650 11.645 11.630 4.237 4.222 11.618
0.000 0.000 0.000 0.000 0.000 0.000 0.000 0.000 2.938 2.306 12.040 3.244 9.206 2.410 11.908 11.918 11.922 1.755 11.956 3.354 4.140 4.743 4.436 11.904 3.638 3.634 6.259 11.921 11.902 11.891 4.211 11.836 11.832 11.835 4.196 11.889 11.885 10.888 11.812 11.850 11.855 11.855 5.315 11.878 11.874 11.857 7.299 3.671 11.842 11.835 11.846 11.077 6.466 8.343 4.477 8.516 11.832 11.827 11.820 11.812 11.805 11.757 11.750 7.296 11.680 6.902 8.750 11.667 11.663 11.656 11.650 11.645 3.636 3.633 11.622
0.000 0.000 0.000 0.000 0.000 0.000 0.000 1.569 3.090 2.438 12.047 12.051 12.034 2.105 4.637 11.924 11.926 11.957 11.966 11.968 11.974 11.974 11.971 5.408 11.925 11.916 10.055 11.924 3.895 11.879 6.127 5.564 11.837 10.345 3.698 11.902 11.891 11.871 4.652 11.854 7.743 7.762 8.655 11.906 4.311 9.758 11.883 11.860 11.847 6.283 4.484 11.944 11.868 11.868 11.886 4.211 11.840 11.833 11.825 11.817 11.808 11.782 11.713 11.703 11.694 11.679 11.670 11.680 7.492 11.653 4.670 11.642 5.139 5.141 5.806
0.000 0.000 0.000 0.000 0.000 0.885 1.650 7.689 11.846 11.797 1.724 12.062 7.211 4.264 4.561 4.793 5.926 5.255 8.835 11.980 11.985 11.993 11.987 7.075 7.238 7.125 11.936 11.936 4.028 4.123 2.069 1.550 1.270 11.852 3.771 11.908 11.897 4.862 11.862 4.861 11.877 11.877 4.517 11.911 11.922 11.918 11.886 10.987 1.775 11.978 11.983 11.949 0.962 11.919 11.896 3.924 11.852 11.844 11.763 11.833 11.776 11.769 11.763 11.704 11.698 4.672 11.694 11.689 11.672 11.668 6.561 11.650 11.656 11.655 11.657
0.000 0.000 0.000 0.000 0.000 0.639 3.543 11.910 11.898 11.876 0.994 12.072 4.112 11.982 5.591 4.946 5.231 6.551 11.999 10.602 12.011 12.010 2.865 6.582 11.962 11.961 11.949 11.944 11.948 8.787 11.951 11.966 6.031 11.897 3.611 11.916 11.909 7.308 11.888 3.963 11.916 11.923 11.925 11.938 11.963 7.388 6.183 9.768 6.968 11.879 11.996 11.952 11.942 11.931 4.778 11.879 11.869 11.858 11.850 11.842 11.834 11.755 11.755 11.748 11.701 11.701 11.699 11.694 4.742 9.504 6.758 11.657 10.219 10.127 11.667
0.000 0.000 0.000 0.659 2.943 4.926 9.394 9.156 3.716 3.700 12.092 12.076 5.238 7.195 12.023 7.787 4.910 6.116 12.008 11.123 12.025 12.017 11.995 2.341 10.174 10.172 8.087 11.957 11.958 11.954 11.961 11.973 10.821 5.200 11.924 11.921 11.915 11.905 11.898 3.983 5.418 5.268 11.924 11.967 11.968 11.908 11.952 11.909 11.643 11.921 12.028 1.627 11.937 11.926 11.913 11.891 5.659 5.669 11.843 3.228 11.824 11.800 5.975 11.750 11.726 11.713 11.708 8.604 5.693 4.524 11.654 5.508 11.681 11.676 11.670
0.000 0.000 1.673 3.863 5.086 8.445 7.507 11.486 12.147 12.136 12.100 6.363 5.749 4.674 9.979 6.943 4.729 12.032 12.017 12.027 12.031 12.029 12.024 12.018 11.978 11.977 10.144 11.963 9.236 5.862 10.266 11.984 11.972 11.969 11.963 4.318 11.897 11.899 11.892 5.217 3.341 3.334 11.946 11.978 11.984 11.606 11.961 11.970 12.006 5.999 12.034 12.023 12.000 7.524 11.904 11.893 4.739 4.754 11.835 1.464 3.570 11.772 11.767 11.757 11.731 11.699 11.052 11.700 11.724 11.721 5.714 11.711 11.697 11.690 11.683
0.000 3.946 5.967 5.897 9.942 12.225 12.199 12.187 12.154 12.144 12.133 12.117 7.177 12.060 12.103 12.098 6.071 11.613 12.032 12.048 12.041 12.033 12.029 12.024 12.018 12.009 6.692 9.669 11.987 11.983 11.986 11.987 10.094 11.954 11.945 5.625 4.755 4.177 3.141 12.034 4.724 4.722 11.941 11.943 11.989 11.922 11.928 12.007 12.015 12.054 12.040 12.036 12.008 12.050 11.925 3.635 11.823 11.814 3.208 11.778 3.334 6.596 3.855 11.756 11.753 11.704 11.703 11.725 11.728 11.725 11.726 11.719 11.696 11.695 11.690
2.449 12.065 8.501 8.598 6.490 12.244 12.237 10.404 12.172 12.163 12.158 11.115 12.114 3.782 12.108 12.104 12.109 12.103 5.646 12.062 12.053 12.046 12.028 12.023 12.016 12.005 11.995 11.991 12.047 12.022 12.006 11.999 3.895 11.944 11.932 3.306 12.010 12.017 12.034 12.037 8.785 8.785 11.947 12.016 12.013 10.763 11.933 11.987 12.039 12.074 9.148 12.044 12.053 12.057 8.543 11.852 11.842 11.829 11.805 11.786 11.792 11.788 11.773 11.514 11.756 11.752 11.747 11.728 11.732 11.731 11.739 11.714 11.715 11.709 11.683
1.630 7.264 12.193 12.233 12.243 12.252 12.269 12.260 8.986 8.986 12.166 12.158 12.148 12.157 12.113 2.984 12.113 12.109 12.096 12.093 6.552 12.041 12.036 11.130 12.004 11.995 12.000 8.543 12.060 12.048 12.002 12.003 12.000 6.012 5.928 6.290 5.446 12.011 11.943 12.064 12.037 12.047 12.058 12.052 12.017 11.821 9.553 12.054 12.110 12.081 11.916 4.743 12.095 12.085 6.456 11.827 4.063 4.056 7.466 11.820 11.813 3.873 11.784 11.759 11.755 11.752 5.152 11.730 11.741 11.739 11.744 11.739 11.729 11.722 5.913
