includes/camargue/floodfiles/results_R3_t1.56234553567E12/res.totaltm
ncols         906
nrows         631
xllcorner     362177.146667
yllcorner     6534725.688020
cellsize      20.000000
NODATA_value  -9999.000000
[rows 340 to 373 of 631, columns 300 to 374 of 906]
10.804 0.726 0.797 3.069 4.320 4.563 5.372 10.941 10.945 10.934 10.930 10.914 3.091 10.899 10.891 10.876 10.869 2.463 10.859 5.595 10.805 10.785 10.774 10.785 10.798 10.812 10.817 10.834 10.839 10.838 10.837 10.809 10.794 10.804 10.792 10.724 10.747 10.725 10.720 10.707 10.620 10.678 10.653 10.648 10.624 10.618 10.610 10.598 0.000 10.515 10.495 10.517 10.494 10.490 3.790 10.438 10.442 10.430 10.417 10.405 10.390 10.381 10.374 10.361 10.351 10.263 10.292 10.279 2.938 10.216 9.865 10.122 10.104 10.094 10.086
3.256 7.913 1.287 0.657 4.377 4.962 10.952 10.959 10.950 10.939 6.554 6.058 4.705 10.906 10.897 4.146 1.281 10.903 2.603 10.859 10.850 10.817 10.795 10.792 10.820 10.807 10.761 10.754 10.862 10.854 10.850 10.834 10.829 10.809 10.804 10.764 10.756 10.690 10.679 10.701 10.694 10.687 10.664 10.614 0.744 10.611 0.000 0.000 10.548 10.520 10.514 10.523 1.571 10.486 10.454 10.454 10.446 10.436 10.427 10.401 10.325 10.375 10.359 10.351 10.331 10.307 10.300 10.290 10.281 10.221 9.987 10.112 10.099 10.091 10.065
4.006 3.886 9.192 6.708 6.300 6.155 10.970 10.964 10.960 10.948 10.944 10.930 8.416 10.913 10.905 10.901 10.896 10.910 0.311 1.508 0.000 10.802 1.861 10.818 10.833 10.817 10.813 0.000 10.867 10.857 10.852 10.774 10.721 10.804 10.757 10.709 10.734 10.727 10.706 10.686 10.619 10.668 10.628 1.089 10.588 10.595 10.578 10.581 10.552 0.000 10.528 10.570 10.502 10.497 10.482 10.463 10.446 10.440 10.430 10.423 10.408 10.402 10.380 10.368 10.329 10.278 10.268 10.098 10.236 10.005 10.016 10.084 10.090 10.054 10.054
1.195 10.938 5.324 2.462 7.016 10.971 10.976 10.969 10.967 10.949 10.945 10.927 10.772 10.914 10.907 10.906 10.913 10.918 10.926 2.083 0.000 1.079 0.000 1.147 10.838 10.798 10.792 0.000 10.879 0.000 0.000 10.764 10.754 10.710 10.750 1.632 10.725 10.669 10.699 10.693 10.686 10.676 10.606 0.000 10.588 10.589 10.589 10.595 10.536 10.567 10.574 10.574 0.987 10.488 10.471 10.420 10.414 10.383 10.389 10.379 10.401 10.393 10.345 10.332 10.321 0.000 10.258 10.247 10.208 10.014 10.047 9.900 10.062 10.043 9.870
1.580 2.105 1.072 5.347 10.987 10.987 10.984 10.973 10.974 4.758 10.941 5.657 10.920 10.912 10.903 10.918 10.921 10.923 10.931 2.896 10.869 10.860 0.857 0.000 10.842 0.000 10.797 10.899 10.890 0.000 0.000 10.755 0.000 10.687 10.702 10.679 10.715 0.000 10.694 10.667 10.650 10.670 0.000 10.605 10.598 10.573 10.597 10.602 0.000 7.198 10.597 10.591 0.859 10.495 10.483 10.469 10.424 10.396 10.402 10.376 10.367 10.339 10.336 10.324 10.018 10.188 0.000 10.237 10.135 10.127 10.084 2.923 10.054 10.044 9.966
6.860 3.959 11.002 11.005 10.996 10.990 10.989 10.983 10.335 3.448 10.951 3.254 4.531 9.788 9.131 10.926 10.927 10.936 10.945 3.082 10.878 10.866 3.378 10.867 10.860 0.000 0.000 10.906 1.535 10.755 10.740 10.752 10.765 10.734 1.045 10.693 10.693 0.859 10.705 0.000 0.967 2.085 10.564 10.612 10.606 0.000 10.602 10.607 10.618 10.609 10.603 10.595 10.513 10.500 10.493 10.485 10.457 10.442 10.410 10.392 10.381 10.363 10.251 10.250 10.238 10.226 0.000 10.224 0.398 10.104 10.098 10.030 10.039 10.128 9.844
11.021 11.021 11.021 11.015 11.010 6.570 11.004 3.480 10.997 4.549 3.898 3.213 10.925 2.852 2.832 10.934 10.946 10.943 10.955 0.859 10.952 10.932 10.923 10.874 3.018 1.425 10.910 10.916 0.245 0.645 0.506 2.544 1.670 10.769 10.740 10.750 1.525 5.744 10.711 5.240 10.661 0.000 10.630 10.624 0.000 10.543 0.000 0.000 10.623 10.627 4.658 2.369 5.297 10.490 4.016 10.445 10.419 10.406 10.394 10.383 10.369 10.355 10.135 10.112 10.226 10.213 10.202 10.178 10.040 10.061 10.043 10.035 9.990 10.142 9.949
11.027 11.028 11.029 11.023 11.016 6.577 11.015 3.492 11.010 4.564 4.201 3.285 10.933 2.854 2.838 10.941 10.955 10.951 10.962 0.919 10.967 10.944 10.933 10.874 4.467 1.413 10.918 10.925 0.327 0.847 0.667 8.609 2.323 10.778 10.755 10.766 1.524 5.484 10.718 5.127 10.675 0.000 10.641 10.632 0.000 10.553 0.000 0.000 10.628 10.631 4.852 2.339 5.317 10.480 4.014 10.445 10.424 10.412 10.399 10.383 10.366 10.349 10.128 10.101 10.208 10.196 10.187 10.170 10.039 10.052 10.031 10.023 9.986 10.166 9.949
11.038 11.035 11.035 11.030 11.014 8.010 11.021 4.800 11.021 4.020 3.661 2.711 2.505 10.917 5.399 10.954 10.962 10.972 10.978 0.754 10.976 0.000 1.117 0.000 10.852 10.857 2.867 10.931 10.926 10.908 10.904 0.405 10.811 0.000 0.500 10.778 10.769 10.757 10.748 10.693 10.685 10.676 10.649 10.642 0.000 10.560 10.589 10.601 10.607 10.638 1.075 10.538 10.534 10.496 10.479 1.821 3.042 10.411 0.618 10.352 10.331 10.320 10.295 10.278 10.213 0.000 10.197 10.094 10.077 10.081 10.090 10.152 10.166 10.179 9.735
11.074 11.066 11.054 2.607 11.029 11.030 11.037 11.036 4.704 3.253 2.702 1.894 4.147 4.814 4.122 10.958 10.968 10.978 4.149 11.002 3.507 10.976 10.971 10.960 1.854 1.154 10.929 10.958 10.926 1.502 1.517 10.928 2.258 0.000 1.199 1.478 10.778 10.749 10.730 10.711 10.682 10.669 10.658 0.000 10.625 0.000 10.595 10.605 0.000 10.647 10.608 1.667 10.548 10.531 2.009 0.609 10.411 0.000 0.061 10.066 10.309 0.000 9.934 9.873 10.200 10.231 10.204 10.197 8.848 10.071 10.007 9.950 0.000 10.222 9.974
11.079 5.180 0.000 0.000 11.032 11.041 11.049 6.731 4.946 3.386 10.994 1.428 1.647 3.293 3.099 10.967 10.975 10.979 10.983 11.009 3.512 10.984 10.976 10.962 0.000 10.965 10.972 10.966 10.958 10.947 10.942 10.931 1.015 10.907 10.904 0.979 1.013 1.494 10.751 0.000 10.665 10.658 0.000 10.639 10.635 0.000 10.600 10.611 10.662 10.657 5.611 10.606 3.411 3.763 0.000 0.000 1.392 10.482 10.446 10.418 0.000 0.000 10.303 10.303 10.290 10.251 0.000 10.168 10.145 0.000 9.945 9.935 10.251 10.245 10.210
3.557 4.926 11.066 2.758 3.930 11.058 11.063 4.554 11.054 4.568 2.021 2.606 3.165 2.619 2.600 10.976 10.982 9.640 10.993 11.014 3.319 10.990 0.787 10.957 10.978 10.957 10.977 10.972 10.966 1.201 1.202 10.932 10.927 10.918 4.847 10.877 0.232 1.369 0.000 10.673 10.660 10.645 0.000 10.642 0.000 10.691 0.000 0.000 10.665 10.657 10.651 2.177 10.591 0.945 0.000 0.000 0.000 10.502 10.500 10.486 10.472 10.461 10.451 10.435 10.232 0.000 10.143 10.031 10.229 10.127 0.000 10.267 10.259 10.251 10.245
2.664 0.000 0.868 2.794 0.000 7.710 11.068 11.066 9.382 3.392 2.643 3.510 3.799 11.000 10.989 10.982 7.543 9.869 11.012 11.018 2.653 10.996 10.999 10.971 10.983 10.984 10.984 0.000 10.973 10.964 10.956 10.941 1.689 10.911 10.908 10.891 10.888 0.000 10.696 10.688 10.676 0.574 10.674 10.658 1.419 10.696 10.696 10.698 10.684 0.568 2.932 0.588 10.591 0.000 0.000 0.597 10.550 10.532 10.514 10.506 0.000 10.311 10.070 10.071 0.000 10.062 10.157 10.266 10.244 0.000 10.285 10.276 10.271 10.264 10.250
11.153 11.143 3.449 0.190 3.327 4.393 11.090 11.077 4.585 3.551 2.772 3.101 5.526 2.796 2.864 1.923 11.002 3.421 11.016 11.021 11.011 10.999 11.002 10.999 10.988 10.988 10.997 10.994 10.984 1.174 1.173 10.937 10.932 10.932 10.901 10.916 10.879 10.876 0.249 10.697 10.637 10.642 10.680 2.742 10.702 10.699 10.700 10.702 3.119 10.687 0.000 0.000 1.859 1.503 0.312 1.207 4.412 10.569 10.560 10.516 10.507 10.494 0.000 0.000 10.312 10.302 10.231 10.286 10.117 10.311 10.304 10.289 10.275 10.252 10.241
11.153 11.145 11.138 11.127 0.371 2.938 11.095 11.089 3.076 4.055 3.002 3.510 4.681 5.242 4.907 11.019 5.300 3.960 11.033 11.030 11.015 3.835 11.021 0.982 10.991 10.994 11.003 11.007 11.003 11.003 10.996 2.907 0.432 10.938 10.932 10.927 10.880 10.882 10.862 0.112 0.177 10.693 10.700 10.706 10.708 10.719 10.723 10.716 10.704 10.698 10.682 2.048 0.000 1.287 1.284 1.021 10.592 10.580 10.569 0.000 10.477 10.476 10.464 10.446 10.432 10.250 10.289 10.297 10.314 10.318 10.305 10.294 10.287 9.916 10.183
5.017 11.144 11.141 11.138 11.133 11.106 11.101 11.093 11.077 4.881 3.668 4.207 5.660 11.042 11.036 11.041 11.023 11.021 11.038 11.033 11.031 11.020 11.026 11.023 11.021 11.016 11.000 11.033 10.984 11.010 11.002 10.973 10.962 10.943 2.869 5.280 10.931 10.886 10.882 10.866 0.128 10.697 1.071 1.384 1.514 3.500 10.729 10.722 0.933 10.695 10.683 2.800 2.974 3.905 0.860 1.040 10.602 10.594 10.575 10.547 10.539 10.161 10.195 10.195 9.966 10.338 10.295 0.000 10.347 10.324 10.321 10.313 9.902 10.293 10.089
11.169 11.153 11.148 3.028 11.119 11.109 4.446 3.882 4.109 11.072 4.896 11.060 3.130 11.068 11.065 11.055 11.048 11.046 11.045 11.035 11.031 11.020 11.029 11.047 11.026 1.213 11.044 11.038 11.020 11.023 11.014 10.982 10.976 10.969 10.964 10.939 10.936 10.931 10.879 10.879 10.878 0.220 10.750 10.799 10.791 10.760 10.735 10.728 10.717 10.710 1.344 10.679 1.174 10.654 1.858 2.035 10.618 0.000 9.068 10.539 10.526 0.000 10.341 10.344 10.438 10.347 10.304 10.340 10.367 10.353 10.335 10.307 9.697 10.307 10.307
11.174 11.164 4.385 3.830 2.809 7.396 11.110 11.096 11.087 7.671 11.072 11.065 3.379 11.078 11.076 11.069 11.060 11.059 11.048 0.114 11.035 11.042 11.061 11.056 11.048 6.863 11.054 11.047 11.042 11.027 11.020 10.974 2.627 10.957 3.598 10.914 10.917 10.907 10.902 10.882 10.886 10.882 0.709 10.808 10.801 10.791 0.479 0.560 2.254 10.704 10.698 10.688 9.985 10.672 0.466 1.714 1.523 10.592 0.000 10.536 10.515 10.509 10.501 10.490 10.455 10.446 10.229 10.396 10.390 10.335 10.345 10.332 9.426 10.340 10.319
11.180 11.172 2.565 11.138 8.563 4.828 11.118 11.099 11.097 11.092 11.086 11.079 3.809 5.614 5.509 11.076 11.077 11.062 11.058 1.686 2.862 11.027 11.073 11.047 11.057 11.060 11.057 3.327 2.979 11.023 11.014 10.980 10.973 10.987 10.949 4.379 10.922 10.915 10.895 10.898 10.890 10.884 10.867 1.610 4.158 10.798 1.278 1.373 10.724 10.709 3.342 2.396 1.446 10.667 0.000 0.000 10.596 10.529 10.570 10.561 10.013 10.473 10.470 10.472 10.437 0.000 10.440 10.424 10.380 10.380 10.397 10.347 10.361 10.371 10.363
11.183 4.707 11.142 4.475 9.212 4.918 11.128 11.127 11.120 11.107 0.715 2.834 3.264 7.889 7.705 11.089 11.083 11.064 11.060 11.058 6.466 11.077 11.082 11.085 3.617 11.071 11.065 0.932 11.038 4.552 4.545 11.016 4.796 10.996 10.943 10.935 10.927 10.921 10.915 10.903 10.898 10.868 6.056 1.177 10.796 0.000 3.006 2.728 10.732 10.719 2.091 1.599 0.383 10.656 0.000 10.618 10.606 10.599 10.588 10.562 10.161 10.461 10.491 10.502 10.510 10.521 10.491 10.421 10.410 10.389 10.406 10.363 10.407 10.390 10.351
4.081 6.204 6.688 11.159 11.164 4.231 4.295 11.132 3.358 3.964 11.137 5.642 11.119 11.117 11.111 5.220 11.085 11.078 11.063 11.068 4.304 11.082 11.085 11.088 11.085 11.077 11.060 11.072 11.068 11.032 11.027 11.021 11.016 11.001 10.992 10.981 10.918 10.920 10.921 10.909 10.649 3.290 5.316 10.838 1.023 2.971 10.762 10.755 10.740 2.779 2.229 0.495 0.916 1.889 1.999 10.650 10.640 10.609 10.607 10.226 10.314 10.341 10.433 10.432 0.000 10.528 10.504 10.464 10.419 10.397 10.414 10.405 10.430 10.414 10.377
1.021 5.024 11.158 11.166 11.171 11.176 4.661 11.161 11.154 11.154 11.146 11.145 11.138 11.121 11.115 6.949 11.088 11.078 4.234 4.505 11.097 11.085 11.103 11.100 11.087 11.099 11.074 11.075 11.072 3.627 3.613 11.024 11.018 10.933 11.000 10.977 10.971 10.927 10.925 10.921 10.916 3.159 2.643 0.000 0.000 0.697 10.767 10.760 5.058 2.736 1.919 1.448 2.273 2.364 2.773 10.663 10.656 10.620 10.615 9.199 10.373 10.403 10.413 10.413 0.000 10.546 10.501 10.488 10.429 10.445 10.439 10.415 10.447 10.450 10.431
11.179 11.174 11.166 5.550 11.178 11.184 11.193 6.213 11.162 11.169 11.168 11.151 11.145 11.128 11.121 5.940 11.089 11.089 3.175 11.101 11.100 11.115 11.110 11.116 11.109 11.105 11.084 11.087 11.065 11.051 11.042 11.030 11.024 11.017 11.008 11.000 10.960 10.953 10.930 10.926 10.918 10.898 0.572 0.000 5.305 10.804 2.646 2.584 8.018 2.817 1.633 1.363 0.681 0.852 0.000 10.655 10.619 10.615 10.610 2.252 10.369 10.386 0.000 0.000 10.606 10.560 10.493 10.476 10.463 10.473 10.464 10.472 10.474 10.465 10.458
11.190 11.184 11.174 5.553 11.185 11.191 11.200 6.079 11.170 11.178 11.175 11.165 11.154 11.138 11.130 5.945 11.095 11.100 3.193 11.104 11.104 11.120 11.115 11.127 11.116 11.112 11.093 11.092 11.070 11.060 11.051 11.037 11.028 11.019 11.009 11.001 10.958 10.952 10.930 10.926 10.918 10.898 0.723 0.000 5.071 10.811 2.862 2.816 10.759 3.902 1.705 1.474 0.828 0.862 0.000 10.643 10.610 10.606 10.601 2.254 10.398 10.419 0.000 0.000 10.617 10.576 10.502 10.486 10.479 10.492 10.480 10.487 10.488 10.477 10.471
5.514 5.903 4.299 11.192 4.939 5.934 11.213 7.468 4.105 11.183 11.181 7.864 5.580 11.146 11.137 6.337 4.301 3.895 11.114 11.112 11.118 11.146 11.129 11.132 11.136 4.896 11.110 11.106 11.088 11.066 11.056 3.239 4.243 11.009 10.994 10.987 10.978 10.917 10.927 10.918 10.914 4.966 0.000 10.835 10.830 10.816 0.846 0.890 0.764 3.677 10.784 1.677 0.191 2.884 10.679 10.647 0.000 10.605 0.000 10.388 10.416 10.438 10.605 10.617 10.625 10.603 10.487 10.491 10.485 10.581 10.479 10.528 10.513 10.501 10.478
11.210 7.660 8.328 8.805 11.208 11.216 11.220 3.200 11.217 11.213 11.189 9.253 11.179 11.157 11.149 11.142 3.821 3.649 11.126 3.351 5.921 11.152 3.925 4.977 7.030 11.136 11.124 11.103 1.823 11.051 11.038 11.007 10.996 5.403 10.963 10.928 10.965 10.954 10.919 10.914 10.907 0.000 10.856 10.849 10.835 10.820 2.233 2.500 1.141 0.176 0.871 10.784 10.738 1.854 10.688 10.662 10.652 10.635 8.795 10.370 10.394 10.418 0.000 0.000 10.638 10.603 10.539 10.521 10.571 10.591 10.589 10.561 10.546 10.513 10.498
5.726 4.232 3.836 8.700 11.220 11.220 11.223 11.241 11.220 5.104 11.199 7.404 4.775 4.569 4.754 4.462 1.866 11.145 11.129 11.134 11.139 11.157 11.169 11.166 11.161 4.466 2.864 1.904 11.049 11.044 11.032 11.000 10.996 2.515 10.969 10.957 10.949 10.910 10.914 10.899 10.883 10.875 10.863 3.570 3.827 3.052 2.894 2.905 3.506 4.185 10.881 0.000 0.000 10.688 10.675 10.658 10.644 0.000 10.446 10.428 10.371 10.334 10.656 10.655 10.647 10.484 10.471 10.551 10.581 10.597 10.596 10.570 10.571 10.502 10.490
6.095 4.943 6.237 11.236 11.227 11.221 3.726 11.247 3.942 1.598 3.997 5.328 3.158 4.166 4.158 1.539 11.160 11.148 11.146 4.907 11.154 11.157 11.178 11.168 3.447 4.287 3.941 11.107 3.004 11.049 11.035 4.270 3.187 10.973 10.979 10.971 2.697 4.102 10.894 10.884 10.873 10.869 10.857 4.495 2.826 1.195 0.712 0.727 3.251 4.616 6.402 2.978 0.000 10.679 9.948 10.674 10.655 9.545 10.461 9.535 0.000 0.000 10.668 10.665 10.657 10.660 10.634 10.577 10.598 10.613 10.602 10.594 10.586 10.504 10.492
11.249 6.233 3.668 11.246 11.237 9.555 3.544 11.251 2.771 11.247 0.149 11.223 6.687 11.191 11.182 4.307 11.183 11.152 9.091 11.153 3.923 11.167 11.182 4.576 6.401 4.732 4.270 2.891 11.077 1.971 1.943 10.951 0.633 10.999 10.984 0.344 10.955 10.927 10.921 3.699 2.576 6.058 4.456 4.161 3.626 3.062 3.140 9.768 1.181 3.579 6.164 10.902 10.902 0.000 10.674 10.684 9.971 10.661 10.646 10.649 10.679 10.686 10.678 10.675 10.686 10.666 10.662 10.641 10.588 10.624 10.490 10.518 10.476 10.469 10.481
11.249 11.260 11.250 11.253 11.247 3.694 1.372 11.268 11.263 11.254 1.509 8.013 3.906 3.609 3.634 1.688 11.194 4.543 11.163 2.374 11.206 2.957 11.195 4.963 11.159 4.708 3.794 1.353 5.434 11.061 11.050 1.179 11.015 11.018 10.985 10.973 10.966 4.109 3.334 10.843 3.268 2.699 3.360 4.976 2.674 1.872 1.583 1.730 1.322 3.354 10.903 10.907 10.909 10.912 0.000 0.353 10.505 10.671 9.443 0.000 0.000 10.733 10.725 10.717 10.702 10.686 10.666 10.660 10.651 10.638 10.507 10.533 10.491 10.510 10.497
3.109 4.026 11.264 11.267 5.624 4.285 11.276 11.272 11.257 2.693 1.951 7.780 5.344 11.206 11.199 3.463 11.203 11.168 4.697 7.693 11.209 11.202 11.199 3.144 11.171 10.889 2.879 11.092 4.449 5.843 4.918 11.054 11.039 11.029 0.537 10.909 3.666 3.104 10.836 6.197 5.160 4.168 3.152 2.554 3.467 2.717 2.294 2.431 1.298 3.578 10.914 10.914 10.906 10.916 0.355 0.355 0.376 10.684 9.075 10.361 10.747 10.738 10.730 10.721 10.699 10.692 10.671 10.666 10.647 10.637 10.614 10.570 10.503 10.529 10.515
11.336 5.782 4.227 5.043 4.293 2.958 11.278 11.273 11.269 4.143 11.253 10.639 8.537 3.624 3.616 11.206 11.213 11.207 2.387 11.227 11.213 11.211 11.200 11.216 3.179 11.188 2.535 1.888 3.207 11.077 7.013 11.061 11.054 0.509 5.747 10.902 10.894 7.789 10.833 4.210 4.143 2.642 3.243 1.722 10.850 1.780 3.685 3.497 3.648 5.141 10.924 10.930 10.933 10.929 10.927 0.000 10.682 0.000 10.799 10.789 10.755 10.746 10.737 10.728 10.705 10.696 10.678 10.662 10.656 10.633 10.624 10.611 10.575 10.543 10.529
11.342 11.334 11.320 5.889 2.394 11.294 11.290 7.333 5.280 11.271 11.257 4.257 11.237 2.955 2.940 11.226 11.220 11.215 3.292 11.233 11.217 11.216 0.000 11.229 11.214 11.209 3.355 5.892 2.969 0.627 0.605 11.053 11.043 0.976 5.856 3.527 10.866 10.852 3.212 10.820 3.392 3.405 2.260 2.943 4.124 5.422 10.881 8.669 5.904 2.705 10.937 10.925 10.941 10.926 10.938 0.000 0.000 10.817 10.810 9.845 10.749 10.743 10.738 10.730 10.712 10.688 10.673 10.665 10.647 10.636 10.625 10.578 10.560 10.551 10.459
11.364 1.281 3.602 11.321 11.311 11.299 7.876 11.293 11.281 6.599 11.274 3.887 1.472 11.257 11.257 4.312 11.226 3.915 11.239 11.240 11.247 11.221 11.244 11.240 2.757 11.195 3.150 11.134 11.130 1.724 1.766 11.060 0.232 10.931 4.607 6.787 10.848 10.835 10.829 5.650 2.764 2.610 3.162 10.870 4.537 10.901 3.736 3.654 7.150 10.939 10.941 10.951 10.943 10.948 10.950 0.000 0.793 10.831 10.768 0.000 10.745 10.733 10.725 10.718 10.709 10.694 10.673 10.664 10.623 10.611 10.617 10.588 10.558 10.548 10.511
