includes/camargue/floodfiles/results_R3_t1.56234553567E12/res.max
ncols         906
nrows         631
xllcorner     362177.146667
yllcorner     6534725.688020
cellsize      20.000000
NODATA_value  -9999.000000
[rows 544 to 577 of 631, columns 231 to 307 of 906]
11.043 10.981 10.858 10.858 10.796 10.734 10.672 10.819 10.967 11.115 11.263 11.412 11.560 11.708 11.857 12.005 12.026 12.013 12.104 12.104 12.155 12.167 12.012 11.857 11.701 11.546 11.391 11.236 11.081 10.925 10.977 11.076 11.176 11.275 11.313 11.313 11.153 10.994 10.834 10.674 10.514 10.355 10.301 10.388 10.475 10.563 10.650 10.737 10.824 10.911 10.998 10.998 11.050 10.986 10.923 10.953 11.024 11.095 11.022 10.898 10.774 10.650 10.527 10.403 10.279 10.156 10.032 10.032 9.863 9.887 9.910 9.933 9.956 9.980 10.003 10.026 9.968
11.001 11.025 10.901 10.901 10.839 10.777 10.746 10.895 11.043 11.191 11.340 11.488 11.636 11.785 11.933 12.081 12.230 12.284 12.227 12.227 12.071 11.916 11.761 11.606 11.451 11.295 11.140 10.985 10.830 10.675 10.754 10.853 10.952 11.052 11.250 11.250 11.297 11.137 10.977 10.818 10.658 10.498 10.457 10.544 10.631 10.719 10.806 10.893 10.980 11.067 11.029 11.029 10.903 10.839 10.776 10.810 10.881 10.952 11.024 11.095 10.991 10.867 10.743 10.619 10.496 10.372 10.248 10.248 10.066 10.089 10.112 10.135 10.159 10.182 10.205 10.117 10.018
10.888 10.964 10.945 10.944 10.883 10.821 10.823 10.971 11.119 11.268 11.416 11.564 11.713 11.861 12.009 12.158 12.204 12.206 11.976 11.976 11.820 11.665 11.510 11.355 11.200 11.044 10.889 10.734 10.579 10.431 10.531 10.630 10.729 10.828 11.027 11.027 11.126 11.226 11.121 10.961 10.801 10.641 10.613 10.700 10.787 10.875 10.962 11.049 11.009 10.946 10.883 10.882 10.756 10.692 10.629 10.667 10.738 10.809 10.881 10.952 11.023 11.083 10.959 10.836 10.712 10.588 10.465 10.464 10.268 10.291 10.315 10.338 10.361 10.364 10.265 10.167 10.068
10.775 10.851 10.988 10.988 10.926 10.864 10.899 11.047 11.196 11.344 11.492 11.641 11.786 11.791 11.795 11.800 11.804 11.803 11.725 11.725 11.570 11.414 11.259 11.104 10.949 10.793 10.638 10.483 10.328 10.208 10.308 10.407 10.506 10.605 10.804 10.804 10.903 11.002 11.102 11.104 10.945 10.785 10.769 10.856 10.943 11.030 10.989 10.926 10.863 10.799 10.736 10.736 10.609 10.546 10.482 10.523 10.595 10.666 10.738 10.809 10.880 10.952 11.023 11.052 10.928 10.805 10.681 10.681 10.471 10.494 10.517 10.540 10.512 10.414 10.315 10.216 10.118
10.662 10.738 10.889 10.889 10.965 10.908 10.975 11.124 11.272 11.373 11.377 11.382 11.386 11.391 11.395 11.400 11.404 11.399 11.380 11.380 11.319 11.163 11.008 10.853 10.698 10.542 10.387 10.232 10.077 9.985 10.084 10.184 10.283 10.382 10.581 10.581 10.680 10.779 10.878 10.978 11.077 10.928 10.925 11.012 10.969 10.906 10.843 10.779 10.716 10.652 10.589 10.589 10.462 10.399 10.335 10.380 10.452 10.523 10.594 10.666 10.737 10.809 10.880 10.951 11.023 11.021 10.897 10.897 10.673 10.696 10.720 10.661 10.562 10.463 10.365 10.266 10.168
10.549 10.625 10.776 10.776 10.852 10.927 10.960 10.964 10.969 10.973 10.978 10.982 10.986 10.991 10.995 11.000 11.004 10.996 10.977 10.976 10.967 10.912 10.757 10.602 10.447 10.292 10.136 9.981 9.826 9.762 9.861 9.960 10.060 10.159 10.358 10.357 10.457 10.556 10.655 10.755 10.854 10.953 10.949 10.886 10.822 10.759 10.696 10.632 10.569 10.505 10.442 10.442 10.315 10.252 10.188 10.237 10.309 10.380 10.451 10.523 10.594 10.665 10.737 10.808 10.880 10.951 11.022 11.022 10.876 10.899 10.809 10.710 10.612 10.513 10.415 10.316 10.218
10.436 10.512 10.570 10.570 10.558 10.548 10.559 10.564 10.569 10.573 10.578 10.582 10.587 10.591 10.596 10.600 10.602 10.592 10.573 10.573 10.563 10.554 10.506 10.351 10.196 10.040 9.885 9.730 9.575 9.539 9.638 9.737 9.836 9.936 10.134 10.134 10.233 10.333 10.432 10.531 10.640 10.752 10.768 10.739 10.676 10.612 10.549 10.485 10.422 10.359 10.295 10.295 10.168 10.105 10.041 10.094 10.165 10.237 10.308 10.380 10.451 10.522 10.594 10.665 10.737 10.808 10.879 10.879 11.015 10.957 10.859 10.760 10.662 10.563 10.464 10.366 10.267
10.192 10.180 10.158 10.158 10.146 10.142 10.153 10.164 10.169 10.174 10.178 10.182 10.187 10.191 10.196 10.200 10.198 10.189 10.169 10.169 10.160 10.150 10.140 10.100 9.945 9.790 9.634 9.479 9.324 9.315 9.415 9.514 9.613 9.712 9.911 9.911 10.010 10.110 10.218 10.329 10.441 10.553 10.557 10.546 10.529 10.465 10.402 10.339 10.275 10.212 10.148 10.148 10.021 9.958 9.895 9.951 10.022 10.094 10.165 10.237 10.308 10.379 10.451 10.522 10.594 10.665 10.736 10.736 10.821 10.839 10.853 10.810 10.711 10.613 10.514 10.416 10.317
9.780 9.768 9.745 9.745 9.734 9.735 9.746 9.758 9.769 9.774 9.778 9.783 9.787 9.792 9.796 9.801 9.795 9.785 9.766 9.766 9.756 9.746 9.737 9.727 9.694 9.539 9.383 9.228 9.073 9.092 9.191 9.291 9.390 9.489 9.688 9.688 9.795 9.907 10.018 10.130 10.242 10.353 10.346 10.335 10.324 10.312 10.255 10.192 10.128 10.065 10.001 10.001 9.875 9.811 9.748 9.808 9.879 9.951 10.022 10.093 10.165 10.236 10.308 10.379 10.450 10.513 10.551 10.551 10.628 10.648 10.662 10.677 10.691 10.663 10.564 10.466 10.367
9.367 9.356 9.333 9.333 9.322 9.329 9.340 9.351 9.362 9.373 9.378 9.383 9.387 9.392 9.396 9.401 9.391 9.381 9.362 9.362 9.352 9.343 9.333 9.323 9.314 9.288 9.133 8.977 8.822 8.869 8.968 9.067 9.167 9.266 9.484 9.484 9.596 9.707 9.819 9.931 10.042 10.147 10.135 10.124 10.113 10.101 10.090 10.045 9.981 9.918 9.854 9.854 9.728 9.664 9.601 9.665 9.736 9.808 9.879 9.950 10.022 10.093 10.165 10.236 10.281 10.320 10.358 10.358 10.435 10.457 10.471 10.485 10.500 10.514 10.528 10.515 10.417
8.955 8.944 8.921 8.921 8.912 8.923 8.934 8.945 8.956 8.967 8.978 8.983 8.987 8.992 8.996 8.997 8.987 8.978 8.959 8.959 8.949 8.939 8.930 8.920 8.910 8.901 8.881 8.726 8.571 8.646 8.745 8.844 8.950 9.062 9.285 9.285 9.396 9.508 9.619 9.731 9.843 9.936 9.925 9.913 9.902 9.891 9.879 9.868 9.834 9.771 9.708 9.707 9.581 9.517 9.454 9.522 9.593 9.664 9.736 9.807 9.879 9.950 10.011 10.050 10.088 10.126 10.165 10.164 10.241 10.266 10.280 10.294 10.309 10.323 10.337 10.352 10.366
8.543 8.531 8.509 8.508 8.505 8.517 8.528 8.539 8.550 8.561 8.572 8.583 8.588 8.592 8.597 8.594 8.584 8.574 8.555 8.555 8.545 8.536 8.526 8.516 8.507 8.497 8.487 8.475 8.323 8.423 8.527 8.639 8.750 8.862 9.085 9.085 9.197 9.308 9.420 9.532 9.643 9.725 9.714 9.703 9.691 9.680 9.669 9.657 9.646 9.624 9.561 9.560 9.434 9.370 9.307 9.378 9.450 9.521 9.593 9.664 9.736 9.780 9.818 9.856 9.895 9.933 9.971 9.971 10.048 10.075 10.089 10.103 10.118 10.132 10.146 10.161 10.175
8.542 8.531 8.508 8.508 8.505 8.516 8.527 8.538 8.550 8.561 8.572 8.583 8.587 8.592 8.596 8.593 8.583 8.574 8.555 8.555 8.545 8.535 8.526 8.516 8.506 8.497 8.487 8.475 8.323 8.422 8.527 8.638 8.750 8.862 9.085 9.085 9.196 9.308 9.420 9.531 9.643 9.725 9.714 9.702 9.691 9.680 9.668 9.657 9.645 9.624 9.560 9.560 9.433 9.370 9.307 9.378 9.450 9.521 9.592 9.664 9.735 9.779 9.818 9.856 9.894 9.933 9.971 9.971 10.048 10.074 10.089 10.103 10.117 10.132 10.146 10.160 10.175
8.130 8.119 8.096 8.096 8.099 8.110 8.121 8.132 8.143 8.154 8.165 8.177 8.187 8.192 8.196 8.190 8.180 8.170 8.151 8.151 8.141 8.132 8.122 8.112 8.103 8.093 8.083 8.077 8.112 8.216 8.327 8.439 8.551 8.662 8.886 8.885 8.997 9.109 9.220 9.332 9.443 9.514 9.503 9.491 9.480 9.469 9.457 9.446 9.435 9.423 9.412 9.412 9.287 9.223 9.164 9.235 9.306 9.378 9.449 9.509 9.548 9.586 9.624 9.663 9.701 9.739 9.778 9.777 9.854 9.883 9.898 9.912 9.926 9.941 9.955 9.969 9.984
7.718 7.706 7.684 7.683 7.693 7.704 7.715 7.726 7.737 7.748 7.759 7.770 7.781 7.792 7.796 7.786 7.776 7.767 7.748 7.747 7.753 7.782 7.811 7.840 7.869 7.898 7.927 7.956 8.011 8.080 8.152 8.240 8.351 8.463 8.686 8.686 8.798 8.909 9.021 9.132 9.244 9.303 9.292 9.281 9.269 9.258 9.246 9.235 9.224 9.212 9.201 9.201 9.140 9.076 9.020 9.092 9.163 9.235 9.278 9.316 9.354 9.392 9.431 9.469 9.507 9.546 9.584 9.584 9.661 9.692 9.707 9.721 9.735 9.750 9.764 9.778 9.793
6.972 6.904 6.869 6.869 6.880 6.891 6.902 6.913 6.965 7.028 7.092 7.155 7.219 7.282 7.330 7.367 7.395 7.424 7.482 7.482 7.511 7.540 7.569 7.598 7.627 7.656 7.685 7.746 7.808 7.871 7.943 8.015 8.087 8.159 8.304 8.304 8.399 8.510 8.622 8.734 8.845 8.882 8.871 8.859 8.848 8.837 8.825 8.814 8.803 8.791 8.780 8.780 8.757 8.746 8.735 8.776 8.814 8.853 8.891 8.929 8.968 9.006 9.044 9.083 9.121 9.159 9.198 9.198 9.274 9.310 9.325 9.339 9.353 9.368 9.382 9.397 9.411
6.618 6.550 6.525 6.525 6.588 6.652 6.715 6.779 6.842 6.906 6.969 7.032 7.096 7.155 7.199 7.242 7.274 7.303 7.361 7.361 7.390 7.419 7.448 7.477 7.506 7.535 7.582 7.645 7.707 7.769 7.838 7.910 7.982 8.054 8.199 8.199 8.271 8.343 8.423 8.534 8.646 8.671 8.660 8.649 8.637 8.626 8.614 8.603 8.598 8.602 8.605 8.605 8.612 8.616 8.683 8.664 8.627 8.659 8.698 8.736 8.774 8.813 8.851 8.889 8.928 8.966 9.004 9.004 9.081 9.119 9.134 9.148 9.162 9.177 9.191 9.205 9.220
6.369 6.352 6.402 6.402 6.466 6.529 6.592 6.656 6.719 6.783 6.846 6.910 6.973 7.024 7.067 7.111 7.153 7.182 7.240 7.240 7.269 7.298 7.327 7.356 7.385 7.419 7.481 7.543 7.606 7.668 7.733 7.805 7.877 7.950 8.094 8.094 8.166 8.238 8.311 8.383 8.455 8.473 8.476 8.480 8.483 8.487 8.490 8.494 8.497 8.501 8.504 8.504 8.511 8.551 8.644 8.665 8.627 8.590 8.552 8.542 8.581 8.619 8.658 8.696 8.734 8.773 8.811 8.811 8.888 8.926 8.943 8.957 8.971 8.986 9.000 9.014 9.029
6.219 6.202 6.281 6.280 6.343 6.406 6.470 6.533 6.597 6.660 6.724 6.787 6.850 6.893 6.936 6.980 7.023 7.061 7.119 7.119 7.148 7.177 7.206 7.235 7.264 7.317 7.380 7.442 7.504 7.567 7.629 7.700 7.773 7.845 7.989 7.989 8.061 8.134 8.206 8.278 8.336 8.371 8.375 8.378 8.382 8.385 8.389 8.392 8.396 8.399 8.403 8.403 8.418 8.511 8.605 8.665 8.628 8.590 8.553 8.515 8.478 8.440 8.464 8.502 8.541 8.579 8.618 8.617 8.694 8.733 8.752 8.766 8.780 8.795 8.809 8.823 8.876
6.069 6.052 6.159 6.159 6.221 6.284 6.347 6.410 6.474 6.537 6.601 6.664 6.718 6.762 6.805 6.848 6.892 6.935 6.998 6.998 7.027 7.056 7.085 7.113 7.153 7.216 7.278 7.341 7.403 7.466 7.528 7.596 7.668 7.740 7.884 7.884 7.957 8.029 8.101 8.161 8.212 8.263 8.273 8.277 8.280 8.284 8.287 8.291 8.294 8.298 8.301 8.301 8.379 8.472 8.566 8.659 8.628 8.590 8.553 8.515 8.478 8.440 8.403 8.366 8.347 8.386 8.424 8.424 8.501 8.539 8.560 8.575 8.589 8.604 8.645 8.718 8.792
5.919 5.912 6.037 6.037 6.099 6.162 6.224 6.288 6.351 6.415 6.478 6.542 6.587 6.631 6.674 6.717 6.761 6.804 6.877 6.877 6.905 6.934 6.963 6.992 7.052 7.115 7.177 7.239 7.302 7.364 7.427 7.491 7.563 7.635 7.780 7.779 7.852 7.924 7.986 8.037 8.088 8.140 8.172 8.176 8.179 8.182 8.186 8.189 8.193 8.196 8.200 8.200 8.339 8.433 8.526 8.620 8.628 8.591 8.553 8.516 8.478 8.441 8.403 8.366 8.328 8.291 8.254 8.253 8.307 8.346 8.369 8.384 8.413 8.487 8.560 8.634 8.708
5.769 5.790 5.915 5.915 5.977 6.040 6.102 6.165 6.229 6.292 6.356 6.413 6.456 6.499 6.543 6.586 6.630 6.673 6.756 6.755 6.784 6.813 6.842 6.888 6.951 7.013 7.076 7.138 7.200 7.263 7.325 7.388 7.458 7.530 7.675 7.675 7.747 7.811 7.863 7.914 7.965 8.016 8.067 8.074 8.078 8.081 8.085 8.088 8.092 8.095 8.113 8.113 8.300 8.394 8.487 8.581 8.629 8.591 8.554 8.516 8.479 8.441 8.404 8.366 8.329 8.291 8.254 8.254 8.179 8.152 8.181 8.255 8.329 8.402 8.476 8.550 8.623
5.619 5.668 5.793 5.793 5.856 5.918 5.980 6.043 6.106 6.169 6.233 6.282 6.325 6.368 6.412 6.455 6.498 6.542 6.629 6.628 6.663 6.692 6.725 6.787 6.850 6.912 6.974 7.037 7.099 7.161 7.224 7.286 7.353 7.425 7.570 7.570 7.637 7.688 7.739 7.790 7.841 7.892 7.944 7.973 7.976 7.980 7.983 7.987 7.990 7.994 8.074 8.074 8.261 8.355 8.448 8.542 8.629 8.591 8.554 8.516 8.479 8.441 8.404 8.367 8.329 8.292 8.254 8.254 8.179 8.150 8.148 8.170 8.244 8.318 8.392 8.466 8.539
5.484 5.546 5.671 5.671 5.734 5.796 5.858 5.921 5.983 6.047 6.107 6.150 6.194 6.237 6.281 6.324 6.367 6.411 6.497 6.497 6.541 6.571 6.624 6.686 6.748 6.811 6.873 6.935 6.998 7.060 7.122 7.185 7.248 7.320 7.462 7.462 7.513 7.564 7.615 7.666 7.718 7.769 7.820 7.871 7.875 7.878 7.882 7.885 7.889 7.941 8.035 8.035 8.222 8.315 8.409 8.502 8.596 8.592 8.554 8.517 8.479 8.442 8.404 8.367 8.329 8.292 8.255 8.255 8.191 8.177 8.168 8.187 8.206 8.234 8.307 8.381 8.455
5.362 5.425 5.550 5.549 5.612 5.674 5.737 5.799 5.861 5.924 5.976 6.019 6.063 6.106 6.149 6.193 6.236 6.279 6.366 6.366 6.411 6.463 6.522 6.584 6.647 6.709 6.772 6.834 6.896 6.959 7.021 7.084 7.146 7.216 7.338 7.338 7.389 7.440 7.492 7.543 7.594 7.645 7.696 7.747 7.773 7.777 7.780 7.784 7.808 7.902 7.996 7.995 8.182 8.276 8.370 8.463 8.557 8.592 8.555 8.517 8.480 8.442 8.405 8.367 8.330 8.292 8.255 8.255 8.217 8.203 8.189 8.207 8.226 8.245 8.264 8.297 8.371
5.240 5.303 5.428 5.427 5.490 5.557 5.624 5.692 5.759 5.826 5.866 5.912 5.957 6.003 6.049 6.095 6.141 6.187 6.279 6.278 6.324 6.430 6.499 6.551 6.603 6.656 6.708 6.760 6.813 6.865 6.920 6.982 7.045 7.111 7.215 7.214 7.266 7.317 7.368 7.419 7.470 7.522 7.573 7.624 7.672 7.675 7.679 7.683 7.769 7.863 7.956 7.956 8.143 8.237 8.331 8.424 8.518 8.592 8.555 8.518 8.480 8.443 8.405 8.368 8.330 8.293 8.272 8.272 8.244 8.230 8.215 8.228 8.247 8.265 8.284 8.303 8.322
5.158 5.226 5.361 5.361 5.428 5.496 5.563 5.631 5.699 5.748 5.781 5.825 5.871 5.917 5.963 6.009 6.054 6.100 6.192 6.192 6.268 6.383 6.482 6.534 6.586 6.639 6.691 6.743 6.796 6.848 6.901 6.953 7.006 7.017 7.102 7.101 7.144 7.193 7.244 7.296 7.347 7.398 7.449 7.500 7.551 7.574 7.578 7.636 7.730 7.824 7.917 7.917 8.104 8.198 8.291 8.385 8.478 8.572 8.555 8.518 8.480 8.443 8.405 8.368 8.330 8.313 8.299 8.299 8.270 8.256 8.242 8.248 8.267 8.286 8.305 8.324 8.342
5.097 5.165 5.300 5.300 5.368 5.435 5.503 5.571 5.637 5.670 5.703 5.738 5.784 5.830 5.876 5.922 5.968 6.014 6.107 6.107 6.222 6.337 6.452 6.517 6.569 6.622 6.674 6.726 6.779 6.831 6.883 6.936 6.959 6.955 7.025 7.025 7.067 7.109 7.152 7.194 7.236 7.278 7.325 7.376 7.428 7.473 7.504 7.597 7.691 7.784 7.878 7.878 8.065 8.159 8.252 8.346 8.439 8.533 8.556 8.518 8.481 8.443 8.406 8.368 8.354 8.340 8.325 8.325 8.297 8.283 8.268 8.269 8.288 8.306 8.325 8.344 8.363
5.097 5.164 5.300 5.299 5.367 5.435 5.502 5.570 5.637 5.670 5.703 5.738 5.784 5.830 5.876 5.922 5.967 6.013 6.106 6.106 6.221 6.336 6.451 6.516 6.569 6.621 6.673 6.726 6.778 6.831 6.883 6.935 6.959 6.955 7.025 7.025 7.067 7.109 7.151 7.194 7.236 7.278 7.325 7.376 7.427 7.472 7.503 7.597 7.690 7.784 7.878 7.877 8.065 8.158 8.252 8.345 8.439 8.532 8.555 8.518 8.480 8.443 8.405 8.368 8.354 8.339 8.325 8.325 8.297 8.282 8.268 8.269 8.287 8.306 8.325 8.344 8.363
5.049 5.103 5.239 5.239 5.306 5.374 5.442 5.509 5.559 5.592 5.625 5.658 5.697 5.743 5.789 5.835 5.881 5.927 6.060 6.059 6.174 6.290 6.405 6.499 6.552 6.604 6.656 6.709 6.761 6.814 6.866 6.902 6.898 6.895 6.948 6.948 6.990 7.033 7.075 7.117 7.159 7.202 7.244 7.286 7.328 7.370 7.458 7.558 7.651 7.745 7.838 7.838 8.025 8.119 8.213 8.306 8.400 8.493 8.556 8.518 8.481 8.443 8.409 8.395 8.380 8.366 8.352 8.352 8.323 8.309 8.295 8.289 8.308 8.327 8.345 8.364 8.383
5.010 5.043 5.178 5.178 5.246 5.313 5.381 5.448 5.481 5.514 5.547 5.580 5.613 5.657 5.703 5.748 5.794 5.840 6.013 6.013 6.128 6.243 6.358 6.473 6.535 6.587 6.639 6.692 6.744 6.796 6.845 6.842 6.838 6.834 6.872 6.872 6.914 6.956 6.999 7.041 7.083 7.125 7.167 7.210 7.252 7.294 7.364 7.470 7.577 7.684 7.790 7.790 7.986 8.080 8.173 8.267 8.360 8.454 8.548 8.519 8.481 8.450 8.435 8.421 8.407 8.393 8.378 8.378 8.350 8.335 8.321 8.309 8.328 8.347 8.366 8.385 8.403
4.932 4.960 5.057 5.057 5.125 5.192 5.260 5.293 5.326 5.359 5.392 5.425 5.458 5.491 5.530 5.576 5.621 5.689 5.919 5.919 6.034 6.149 6.265 6.380 6.495 6.553 6.605 6.658 6.710 6.729 6.725 6.721 6.717 6.713 6.720 6.720 6.762 6.804 6.846 6.889 6.931 6.973 7.015 7.058 7.100 7.142 7.185 7.281 7.388 7.495 7.601 7.601 7.814 7.921 8.027 8.134 8.241 8.347 8.454 8.530 8.517 8.503 8.489 8.475 8.460 8.446 8.432 8.432 8.403 8.389 8.374 8.360 8.370 8.388 8.407 8.426 8.445
4.892 4.920 4.996 4.996 5.064 5.132 5.182 5.215 5.248 5.281 5.314 5.347 5.380 5.413 5.446 5.489 5.535 5.642 5.873 5.872 5.987 6.102 6.218 6.333 6.448 6.536 6.588 6.641 6.672 6.668 6.664 6.661 6.657 6.653 6.646 6.645 6.686 6.728 6.770 6.812 6.855 6.897 6.939 6.981 7.024 7.066 7.109 7.187 7.293 7.400 7.506 7.506 7.719 7.826 7.933 8.039 8.146 8.253 8.334 8.387 8.429 8.471 8.513 8.501 8.487 8.473 8.458 8.458 8.430 8.415 8.401 8.387 8.390 8.409 8.428 8.446 8.437
4.853 4.881 4.937 4.937 5.003 5.071 5.104 5.137 5.170 5.204 5.237 5.270 5.303 5.336 5.369 5.402 5.480 5.595 5.826 5.826 5.940 6.056 6.171 6.286 6.401 6.516 6.571 6.615 6.612 6.608 6.604 6.600 6.596 6.592 6.585 6.585 6.609 6.652 6.694 6.736 6.778 6.820 6.863 6.905 6.948 6.990 7.033 7.092 7.199 7.305 7.412 7.412 7.625 7.732 7.838 7.945 8.051 8.134 8.188 8.242 8.286 8.328 8.370 8.412 8.455 8.497 8.485 8.485 8.456 8.442 8.428 8.413 8.410 8.429 8.448 8.437 8.397
