includes/camargue/floodfiles/results_R3_t1.56234553567E12/res.max
ncols         906
nrows         631
xllcorner     362177.146667
yllcorner     6534725.688020
cellsize      20.000000
NODATA_value  -9999.000000
[rows 578 to 611 of 631, columns 770 to 846 of 906]
15.580 15.711 15.842 15.986 16.156 16.331 16.506 16.681 16.854 17.027 17.201 17.547 17.546 17.719 17.893 17.976 17.980 18.088 18.203 18.317 18.432 18.546 18.660 18.775 18.889 19.004 19.118 19.042 19.042 18.928 18.813 18.736 18.677 18.618 18.559 18.500 18.442 18.383 18.324 18.265 18.195 18.101 18.007 17.913 17.913 17.725 17.658 17.617 17.575 17.533 17.491 17.450 17.408 17.366 17.308 17.228 17.147 17.066 16.985 16.905 16.905 16.743 16.664 16.591 16.517 16.444 16.371 16.297 16.224 16.157 16.114 16.071 16.028 15.985 15.942 15.899 15.898
15.853 15.983 16.117 16.252 16.416 16.589 16.762 16.936 17.109 17.281 17.454 17.801 17.801 17.974 18.147 18.150 18.153 18.184 18.298 18.413 18.527 18.642 18.756 18.871 18.985 19.100 19.214 19.024 19.024 18.909 18.795 18.680 18.621 18.562 18.503 18.444 18.385 18.326 18.267 18.208 18.121 18.027 17.933 17.839 17.839 17.651 17.557 17.507 17.465 17.423 17.381 17.340 17.298 17.256 17.179 17.098 17.017 16.937 16.856 16.775 16.775 16.614 16.532 16.456 16.382 16.309 16.235 16.162 16.088 16.038 15.995 15.952 15.909 15.866 15.823 15.780 15.780
16.140 16.279 16.418 16.545 16.671 16.844 17.017 17.189 17.363 17.536 17.709 18.056 18.056 18.229 18.320 18.324 18.327 18.330 18.394 18.509 18.623 18.738 18.852 18.966 19.081 19.195 19.234 19.005 19.005 18.891 18.776 18.662 18.564 18.505 18.446 18.388 18.329 18.270 18.211 18.141 18.047 17.953 17.859 17.765 17.765 17.577 17.483 17.397 17.355 17.313 17.272 17.230 17.188 17.130 17.050 16.968 16.887 16.806 16.726 16.645 16.645 16.483 16.403 16.322 16.248 16.175 16.101 16.028 15.963 15.920 15.877 15.834 15.791 15.748 15.706 15.663 15.663
16.441 16.580 16.717 16.839 16.960 17.098 17.271 17.444 17.618 17.791 17.964 18.311 18.311 18.484 18.494 18.497 18.501 18.504 18.507 18.604 18.719 18.833 18.948 19.062 19.177 19.291 19.216 18.987 18.987 18.872 18.758 18.643 18.529 18.449 18.390 18.331 18.272 18.213 18.154 18.067 17.973 17.879 17.785 17.691 17.691 17.502 17.408 17.314 17.245 17.204 17.161 17.119 17.077 17.000 16.919 16.839 16.758 16.677 16.596 16.516 16.516 16.354 16.273 16.192 16.114 16.040 15.967 15.893 15.845 15.802 15.759 15.716 15.674 15.631 15.588 15.545 15.545
16.742 16.880 17.010 17.132 17.253 17.375 17.526 17.699 17.873 18.046 18.219 18.566 18.566 18.664 18.668 18.671 18.674 18.678 18.681 18.700 18.815 18.929 19.044 19.158 19.272 19.312 19.197 18.968 18.968 18.854 18.739 18.625 18.510 18.396 18.334 18.275 18.216 18.157 18.087 17.992 17.898 17.804 17.710 17.616 17.616 17.428 17.333 17.239 17.145 17.093 17.051 17.009 16.952 16.871 16.790 16.709 16.628 16.548 16.467 16.386 16.386 16.225 16.144 16.063 15.982 15.906 15.833 15.770 15.727 15.684 15.642 15.599 15.556 15.513 15.470 15.427 15.427
17.042 17.181 17.304 17.425 17.547 17.669 17.791 17.954 18.128 18.301 18.474 18.821 18.821 18.838 18.841 18.844 18.848 18.851 18.854 18.858 18.910 19.025 19.139 19.254 19.368 19.293 19.179 18.950 18.950 18.835 18.721 18.606 18.492 18.378 18.277 18.218 18.159 18.100 18.011 17.917 17.823 17.729 17.635 17.541 17.541 17.353 17.259 17.165 17.071 16.983 16.941 16.899 16.822 16.741 16.661 16.580 16.499 16.418 16.338 16.257 16.257 16.095 16.015 15.934 15.853 15.772 15.698 15.652 15.610 15.567 15.524 15.481 15.438 15.395 15.352 15.309 15.309
17.343 17.476 17.597 17.719 17.841 17.962 18.084 18.209 18.382 18.556 18.729 19.008 19.008 19.011 19.015 19.018 19.021 19.025 19.028 19.031 19.035 19.121 19.235 19.350 19.390 19.275 19.161 18.932 18.932 18.817 18.703 18.588 18.474 18.359 18.245 18.161 18.102 18.031 17.937 17.843 17.749 17.655 17.561 17.467 17.467 17.279 17.185 17.091 16.997 16.903 16.831 16.774 16.693 16.612 16.531 16.451 16.370 16.289 16.208 16.128 16.128 15.966 15.885 15.804 15.723 15.640 15.584 15.540 15.497 15.454 15.411 15.368 15.324 15.281 15.238 15.195 15.195
17.644 17.769 17.891 18.013 18.134 18.256 18.378 18.500 18.637 18.811 18.984 19.182 19.182 19.185 19.188 19.192 19.195 19.198 19.202 19.205 19.208 19.216 19.331 19.445 19.371 19.257 19.142 18.913 18.913 18.799 18.683 18.569 18.454 18.340 18.225 18.111 18.045 17.957 17.863 17.769 17.675 17.581 17.487 17.393 17.393 17.205 17.111 17.017 16.923 16.821 16.717 16.639 16.557 16.474 16.392 16.309 16.227 16.144 16.062 15.979 15.979 15.815 15.732 15.650 15.567 15.488 15.494 15.463 15.420 15.376 15.333 15.290 15.247 15.204 15.160 15.117 15.117
17.941 18.063 18.184 18.306 18.428 18.550 18.671 18.793 18.915 19.066 19.239 19.355 19.355 19.359 19.362 19.365 19.369 19.372 19.375 19.379 19.382 19.385 19.427 19.467 19.353 19.237 19.123 18.894 18.894 18.779 18.665 18.550 18.436 18.321 18.207 18.076 17.958 17.854 17.750 17.647 17.543 17.439 17.335 17.231 17.231 17.023 16.919 16.815 16.711 16.607 16.534 16.484 16.401 16.319 16.236 16.154 16.072 15.989 15.907 15.824 15.824 15.659 15.577 15.494 15.412 15.385 15.390 15.385 15.342 15.299 15.255 15.212 15.169 15.126 15.083 15.039 15.039
18.235 18.356 18.478 18.600 18.722 18.843 18.965 19.087 19.208 19.330 19.494 19.529 19.529 19.532 19.536 19.538 19.541 19.545 19.548 19.551 19.555 19.536 19.508 19.394 19.261 19.127 18.994 18.727 18.727 18.594 18.461 18.327 18.194 18.061 17.927 17.794 17.728 17.641 17.537 17.433 17.329 17.225 17.121 17.017 17.017 16.809 16.705 16.601 16.498 16.398 16.355 16.312 16.246 16.164 16.081 15.999 15.916 15.834 15.751 15.669 15.669 15.504 15.421 15.339 15.277 15.282 15.287 15.292 15.264 15.221 15.178 15.135 15.091 15.048 15.005 14.962 14.962
18.235 18.356 18.478 18.600 18.722 18.842 18.964 19.086 19.207 19.329 19.493 19.528 19.528 19.531 19.535 19.538 19.541 19.545 19.548 19.551 19.555 19.536 19.508 19.394 19.261 19.127 18.994 18.727 18.727 18.594 18.461 18.327 18.194 18.061 17.927 17.794 17.728 17.641 17.537 17.433 17.329 17.225 17.121 17.017 17.017 16.809 16.705 16.601 16.498 16.398 16.355 16.312 16.246 16.164 16.081 15.999 15.916 15.834 15.751 15.669 15.669 15.504 15.421 15.339 15.277 15.282 15.287 15.292 15.264 15.221 15.178 15.135 15.091 15.048 15.005 14.962 14.962
18.527 18.649 18.771 18.892 19.014 19.136 19.258 19.379 19.483 19.569 19.606 19.552 19.552 19.524 19.497 19.470 19.442 19.415 19.388 19.360 19.333 19.305 19.238 19.113 18.979 18.846 18.712 18.446 18.446 18.312 18.179 18.046 17.912 17.779 17.646 17.549 17.489 17.427 17.323 17.219 17.115 17.011 16.907 16.803 16.803 16.596 16.492 16.388 16.284 16.220 16.177 16.134 16.091 16.008 15.926 15.843 15.761 15.678 15.596 15.513 15.513 15.348 15.266 15.183 15.173 15.179 15.184 15.189 15.187 15.143 15.100 15.057 15.014 14.971 14.927 14.884 14.884
18.683 18.770 18.856 18.943 19.029 19.115 19.202 19.288 19.374 19.461 19.400 19.321 19.321 19.294 19.267 19.239 19.212 19.185 19.157 19.130 19.103 19.075 18.951 18.826 18.698 18.564 18.431 18.164 18.164 18.031 17.897 17.764 17.631 17.497 17.370 17.310 17.249 17.189 17.109 17.005 16.902 16.798 16.694 16.590 16.590 16.382 16.278 16.174 16.085 16.042 15.999 15.955 15.912 15.853 15.770 15.688 15.605 15.523 15.440 15.358 15.358 15.193 15.110 15.065 15.070 15.075 15.081 15.086 15.091 15.066 15.023 14.979 14.935 14.892 14.849 14.806 14.806
18.467 18.553 18.640 18.726 18.812 18.899 18.985 19.072 19.149 19.073 18.997 18.861 18.861 18.833 18.806 18.779 18.751 18.724 18.697 18.669 18.626 18.501 18.377 18.252 18.128 18.001 17.868 17.601 17.601 17.468 17.334 17.201 17.067 16.952 16.891 16.831 16.770 16.710 16.649 16.578 16.474 16.370 16.266 16.162 16.162 15.955 15.851 15.771 15.728 15.685 15.642 15.599 15.556 15.513 15.459 15.377 15.295 15.212 15.130 15.047 15.047 14.882 14.853 14.858 14.863 14.869 14.874 14.879 14.884 14.889 14.866 14.823 14.780 14.737 14.693 14.650 14.650
18.398 18.445 18.531 18.618 18.704 18.791 18.877 18.963 18.947 18.872 18.796 18.645 18.645 18.603 18.576 18.548 18.521 18.494 18.466 18.439 18.339 18.214 18.090 17.965 17.841 17.717 17.586 17.319 17.319 17.186 17.053 16.919 16.786 16.712 16.652 16.591 16.531 16.470 16.409 16.349 16.260 16.157 16.053 15.949 15.949 15.741 15.637 15.593 15.549 15.506 15.463 15.420 15.377 15.334 15.291 15.222 15.139 15.057 14.974 14.892 14.892 14.744 14.750 14.755 14.760 14.766 14.770 14.775 14.780 14.786 14.789 14.745 14.702 14.659 14.616 14.573 14.573
18.338 18.344 18.423 18.510 18.596 18.682 18.769 18.822 18.746 18.670 18.595 18.443 18.443 18.373 18.346 18.318 18.291 18.263 18.236 18.176 18.052 17.927 17.803 17.678 17.554 17.430 17.304 17.038 17.038 16.904 16.771 16.638 16.533 16.473 16.412 16.352 16.291 16.231 16.170 16.109 16.047 15.943 15.839 15.735 15.735 15.527 15.457 15.414 15.371 15.328 15.285 15.242 15.199 15.156 15.113 15.066 14.984 14.901 14.819 14.736 14.735 14.641 14.646 14.651 14.656 14.661 14.667 14.672 14.677 14.682 14.688 14.668 14.625 14.581 14.538 14.495 14.495
18.278 18.284 18.315 18.401 18.488 18.574 18.660 18.620 18.544 18.469 18.393 18.242 18.242 18.166 18.115 18.088 18.061 18.033 18.006 17.889 17.765 17.640 17.516 17.392 17.267 17.143 17.018 16.756 16.756 16.623 16.489 16.356 16.294 16.233 16.173 16.112 16.052 15.991 15.931 15.870 15.809 15.729 15.625 15.521 15.521 15.322 15.279 15.236 15.193 15.150 15.106 15.062 15.019 14.976 14.933 14.890 14.827 14.745 14.662 14.580 14.580 14.537 14.543 14.547 14.553 14.558 14.563 14.569 14.574 14.579 14.584 14.590 14.547 14.504 14.461 14.417 14.417
18.218 18.224 18.230 18.293 18.380 18.466 18.494 18.419 18.343 18.267 18.192 18.040 18.040 17.964 17.889 17.858 17.830 17.803 17.727 17.602 17.478 17.353 17.229 17.105 16.980 16.856 16.731 16.474 16.474 16.341 16.208 16.115 16.054 15.994 15.933 15.873 15.812 15.752 15.691 15.630 15.570 15.509 15.410 15.307 15.307 15.142 15.099 15.056 15.013 14.970 14.927 14.884 14.841 14.798 14.755 14.712 14.669 14.589 14.507 14.425 14.425 14.434 14.439 14.444 14.450 14.455 14.460 14.465 14.471 14.476 14.481 14.487 14.469 14.426 14.383 14.355 14.355
18.158 18.164 18.170 18.185 18.271 18.358 18.293 18.217 18.142 18.066 17.990 17.839 17.839 17.763 17.687 17.627 17.600 17.564 17.440 17.315 17.191 17.066 16.942 16.818 16.693 16.569 16.444 16.193 16.193 16.059 15.935 15.874 15.814 15.753 15.693 15.632 15.572 15.511 15.451 15.390 15.329 15.269 15.197 15.093 15.093 14.964 14.921 14.878 14.835 14.792 14.749 14.706 14.663 14.619 14.576 14.534 14.491 14.434 14.352 14.320 14.320 14.331 14.336 14.341 14.346 14.352 14.357 14.362 14.368 14.373 14.378 14.383 14.388 14.349 14.305 14.307 14.307
18.098 18.104 18.109 18.115 18.163 18.167 18.090 18.015 17.939 17.864 17.789 17.637 17.637 17.561 17.486 17.410 17.370 17.277 17.153 17.028 16.904 16.780 16.655 16.530 16.405 16.281 16.157 15.908 15.908 15.777 15.696 15.635 15.574 15.514 15.453 15.393 15.332 15.272 15.211 15.151 15.090 15.029 14.969 14.879 14.879 14.786 14.743 14.699 14.656 14.613 14.570 14.527 14.484 14.441 14.398 14.355 14.312 14.269 14.211 14.217 14.217 14.227 14.233 14.238 14.243 14.248 14.254 14.259 14.264 14.269 14.275 14.280 14.285 14.271 14.256 14.260 14.260
18.019 18.023 18.028 18.032 18.029 17.953 17.878 17.802 17.727 17.651 17.576 17.425 17.425 17.349 17.274 17.199 17.120 16.996 16.872 16.748 16.623 16.499 16.375 16.251 16.126 16.002 15.878 15.629 15.629 15.530 15.471 15.411 15.352 15.293 15.234 15.175 15.116 15.056 14.997 14.938 14.879 14.820 14.761 14.726 14.726 14.643 14.601 14.559 14.517 14.475 14.434 14.392 14.350 14.308 14.266 14.225 14.183 14.141 14.150 14.155 14.155 14.163 14.167 14.172 14.176 14.180 14.185 14.189 14.193 14.197 14.202 14.206 14.210 14.215 14.218 14.220 14.220
17.786 17.791 17.795 17.800 17.741 17.665 17.589 17.514 17.438 17.363 17.287 17.136 17.136 17.061 16.985 16.910 16.872 16.776 16.652 16.528 16.404 16.279 16.155 16.031 15.907 15.782 15.658 15.410 15.410 15.379 15.331 15.271 15.212 15.153 15.094 15.035 14.976 14.916 14.857 14.798 14.739 14.680 14.629 14.630 14.630 14.564 14.522 14.481 14.439 14.397 14.355 14.313 14.272 14.230 14.188 14.146 14.104 14.094 14.123 14.135 14.135 14.143 14.148 14.152 14.156 14.161 14.165 14.169 14.173 14.178 14.182 14.186 14.191 14.197 14.202 14.204 14.204
17.554 17.558 17.563 17.529 17.452 17.376 17.300 17.225 17.150 17.074 16.999 16.848 16.848 16.772 16.697 16.647 16.610 16.557 16.432 16.308 16.184 16.060 15.935 15.811 15.687 15.563 15.438 15.254 15.254 15.224 15.191 15.131 15.072 15.013 14.954 14.895 14.836 14.776 14.717 14.658 14.599 14.540 14.528 14.529 14.529 14.486 14.444 14.402 14.360 14.319 14.277 14.235 14.193 14.151 14.109 14.068 14.032 14.061 14.091 14.115 14.115 14.124 14.128 14.132 14.136 14.141 14.145 14.149 14.154 14.158 14.162 14.167 14.172 14.179 14.186 14.188 14.188
17.322 17.326 17.317 17.241 17.164 17.088 17.012 16.936 16.861 16.785 16.710 16.559 16.559 16.484 16.423 16.386 16.349 16.312 16.213 16.088 15.964 15.840 15.716 15.591 15.467 15.343 15.219 15.099 15.099 15.069 15.039 14.991 14.932 14.873 14.814 14.755 14.696 14.636 14.577 14.518 14.459 14.426 14.427 14.428 14.428 14.407 14.366 14.324 14.282 14.240 14.198 14.156 14.115 14.073 14.031 13.989 14.000 14.029 14.058 14.087 14.087 14.104 14.108 14.112 14.117 14.121 14.125 14.130 14.134 14.138 14.142 14.147 14.154 14.161 14.168 14.172 14.172
17.089 17.094 17.029 16.953 16.876 16.800 16.723 16.648 16.572 16.497 16.421 16.270 16.270 16.199 16.161 16.124 16.087 16.050 15.993 15.869 15.745 15.620 15.496 15.372 15.248 15.123 15.003 14.944 14.944 14.914 14.884 14.851 14.792 14.733 14.674 14.615 14.556 14.496 14.437 14.378 14.324 14.325 14.326 14.327 14.327 14.329 14.287 14.245 14.203 14.162 14.120 14.078 14.036 13.994 13.952 13.938 13.968 13.997 14.026 14.055 14.055 14.084 14.088 14.093 14.097 14.101 14.105 14.110 14.114 14.118 14.123 14.129 14.136 14.143 14.149 14.156 14.156
16.857 16.817 16.741 16.664 16.588 16.511 16.435 16.359 16.284 16.208 16.133 15.982 15.982 15.937 15.900 15.863 15.826 15.788 15.751 15.649 15.525 15.401 15.276 15.152 15.028 14.904 14.848 14.789 14.789 14.759 14.729 14.700 14.652 14.593 14.534 14.474 14.415 14.356 14.297 14.238 14.223 14.224 14.225 14.226 14.226 14.228 14.209 14.167 14.125 14.083 14.041 13.999 13.958 13.916 13.877 13.906 13.935 13.964 13.993 14.022 14.022 14.064 14.069 14.073 14.077 14.081 14.086 14.090 14.094 14.099 14.104 14.111 14.118 14.125 14.131 14.138 14.138
16.857 16.817 16.741 16.664 16.588 16.511 16.435 16.359 16.284 16.208 16.133 15.982 15.982 15.937 15.900 15.863 15.826 15.788 15.751 15.649 15.525 15.401 15.276 15.152 15.028 14.904 14.848 14.789 14.789 14.759 14.729 14.700 14.652 14.593 14.534 14.474 14.415 14.356 14.297 14.238 14.223 14.224 14.225 14.226 14.226 14.228 14.209 14.167 14.125 14.083 14.041 13.999 13.958 13.916 13.877 13.906 13.935 13.964 13.993 14.022 14.022 14.064 14.068 14.073 14.077 14.081 14.086 14.090 14.094 14.099 14.104 14.111 14.118 14.125 14.131 14.138 14.138
16.606 16.529 16.453 16.376 16.300 16.223 16.147 16.070 15.995 15.920 15.844 15.713 15.713 15.676 15.638 15.601 15.564 15.527 15.490 15.429 15.305 15.181 15.057 14.932 14.808 14.723 14.693 14.634 14.634 14.604 14.574 14.545 14.512 14.453 14.394 14.334 14.275 14.216 14.157 14.122 14.122 14.123 14.124 14.125 14.125 14.127 14.127 14.088 14.046 14.005 13.963 13.921 13.879 13.837 13.844 13.874 13.903 13.932 13.961 13.990 13.990 14.044 14.049 14.053 14.057 14.061 14.066 14.070 14.074 14.080 14.086 14.093 14.100 14.106 14.113 14.120 14.120
16.318 16.241 16.165 16.088 16.012 15.935 15.859 15.782 15.706 15.631 15.555 15.451 15.451 15.414 15.377 15.340 15.302 15.265 15.228 15.191 15.085 14.961 14.837 14.713 14.597 14.568 14.538 14.478 14.478 14.448 14.419 14.389 14.359 14.312 14.253 14.194 14.135 14.076 14.020 14.021 14.022 14.022 14.023 14.024 14.024 14.026 14.027 14.010 13.968 13.926 13.884 13.843 13.801 13.783 13.812 13.841 13.870 13.899 13.929 13.958 13.958 14.016 14.029 14.033 14.037 14.042 14.046 14.050 14.055 14.061 14.068 14.075 14.081 14.088 14.095 14.102 14.102
15.744 15.665 15.588 15.512 15.435 15.359 15.282 15.206 15.129 15.054 15.002 14.928 14.928 14.891 14.854 14.817 14.779 14.742 14.705 14.668 14.631 14.521 14.397 14.316 14.287 14.257 14.227 14.168 14.168 14.138 14.109 14.079 14.049 14.019 13.973 13.914 13.855 13.817 13.818 13.819 13.820 13.821 13.821 13.822 13.822 13.824 13.825 13.826 13.811 13.769 13.728 13.686 13.689 13.718 13.747 13.776 13.806 13.835 13.864 13.893 13.893 13.951 13.980 13.994 13.998 14.002 14.007 14.012 14.018 14.025 14.032 14.039 14.045 14.052 14.059 14.065 14.065
15.578 15.489 15.400 15.311 15.222 15.133 15.044 14.955 14.866 14.792 14.742 14.666 14.666 14.629 14.592 14.555 14.517 14.480 14.443 14.406 14.369 14.302 14.191 14.161 14.132 14.102 14.072 14.013 14.013 13.983 13.953 13.924 13.894 13.864 13.833 13.774 13.715 13.716 13.717 13.718 13.719 13.720 13.721 13.721 13.721 13.723 13.724 13.725 13.726 13.691 13.649 13.628 13.657 13.686 13.715 13.744 13.773 13.802 13.832 13.861 13.861 13.919 13.948 13.974 13.978 13.982 13.987 13.993 14.000 14.007 14.014 14.020 14.027 14.034 14.040 14.047 14.047
15.413 15.324 15.235 15.146 15.057 14.968 14.879 14.790 14.714 14.673 14.623 14.522 14.522 14.471 14.421 14.370 14.320 14.270 14.219 14.169 14.118 14.070 14.036 14.006 13.976 13.947 13.917 13.858 13.858 13.828 13.798 13.768 13.739 13.709 13.679 13.634 13.614 13.615 13.616 13.617 13.618 13.619 13.620 13.620 13.620 13.622 13.623 13.624 13.625 13.612 13.571 13.595 13.624 13.654 13.683 13.712 13.741 13.770 13.799 13.828 13.828 13.886 13.915 13.944 13.958 13.963 13.968 13.975 13.982 13.989 13.995 14.002 14.009 14.016 14.022 14.029 14.029
15.248 15.159 15.070 14.981 14.892 14.803 14.714 14.635 14.592 14.550 14.504 14.403 14.403 14.353 14.302 14.252 14.201 14.151 14.100 14.050 13.999 13.980 13.963 13.928 13.894 13.859 13.825 13.756 13.756 13.722 13.687 13.653 13.619 13.584 13.550 13.532 13.531 13.529 13.528 13.527 13.525 13.524 13.522 13.521 13.521 13.521 13.522 13.523 13.524 13.525 13.534 13.563 13.592 13.621 13.650 13.679 13.709 13.738 13.767 13.796 13.796 13.854 13.883 13.912 13.938 13.944 13.950 13.957 13.964 13.970 13.977 13.984 13.991 13.997 14.004 14.011 14.011
15.081 14.992 14.903 14.814 14.725 14.636 14.554 14.513 14.471 14.429 14.386 14.285 14.285 14.234 14.184 14.133 14.083 14.032 13.982 13.931 13.904 13.901 13.896 13.862 13.827 13.793 13.758 13.690 13.690 13.655 13.621 13.587 13.552 13.518 13.488 13.505 13.511 13.510 13.508 13.507 13.505 13.504 13.503 13.501 13.501 13.498 13.497 13.495 13.494 13.497 13.515 13.544 13.572 13.601 13.629 13.658 13.686 13.715 13.743 13.772 13.772 13.829 13.857 13.886 13.914 13.931 13.937 13.942 13.948 13.953 13.959 13.966 13.972 13.979 13.986 13.993 13.993
