includes/lisflood/camargue/results_R4_t1.561730198035E12/res-0013.wd
ncols         906
nrows         631
xllcorner     362177.146667
yllcorner     6534725.688020
cellsize      20.000000
NODATA_value  -9999.000000
[rows 544 to 577 of 631, columns 770 to 846 of 906]
8.485 8.493 8.502 8.536 8.612 8.687 8.761 8.835 8.910 8.984 9.058 9.205 9.205 9.279 9.353 9.426 9.502 9.581 9.651 9.706 9.762 9.817 9.873 9.928 9.984 10.039 10.094 10.204 10.204 10.259 10.313 10.367 10.420 10.474 10.528 10.551 10.567 10.583 10.598 10.614 10.629 10.668 10.721 10.774 10.774 10.882 10.935 10.988 11.042 11.095 11.148 11.201 11.216 11.211 11.229 11.294 11.360 11.425 11.491 11.557 11.557 11.688 11.753 11.819 11.890 11.969 12.047 12.118 12.106 12.165 12.224 12.282 12.341 12.400 12.458 12.517 12.517
8.468 8.477 8.485 8.493 8.534 8.609 8.683 8.757 8.831 8.905 8.978 9.125 9.126 9.199 9.273 9.346 9.424 9.503 9.583 9.651 9.706 9.762 9.817 9.873 9.928 9.983 10.039 10.148 10.149 10.203 10.257 10.311 10.364 10.418 10.472 10.525 10.546 10.562 10.577 10.593 10.609 10.660 10.713 10.766 10.767 10.874 10.927 10.980 11.033 11.087 11.140 11.193 11.247 11.255 11.299 11.364 11.430 11.495 11.562 11.640 11.640 11.795 11.873 11.951 12.030 12.108 12.185 12.210 12.158 12.180 12.238 12.297 12.356 12.414 12.473 12.532 12.532
8.452 8.460 8.468 8.475 8.481 8.530 8.604 8.678 8.751 8.825 8.898 9.046 9.046 9.119 9.193 9.267 9.346 9.425 9.505 9.584 9.651 9.706 9.762 9.817 9.873 9.928 9.983 10.092 10.093 10.147 10.201 10.255 10.308 10.362 10.416 10.470 10.524 10.541 10.557 10.572 10.598 10.652 10.705 10.758 10.759 10.866 10.919 10.972 11.025 11.079 11.132 11.185 11.239 11.312 11.389 11.467 11.545 11.623 11.701 11.779 11.779 11.934 12.012 12.091 12.169 12.246 12.324 12.302 12.250 12.199 12.253 12.312 12.371 12.429 12.488 12.546 12.547
8.425 8.432 8.438 8.444 8.453 8.466 8.524 8.598 8.671 8.745 8.819 8.966 8.966 9.040 9.113 9.189 9.268 9.347 9.427 9.506 9.586 9.651 9.706 9.762 9.817 9.873 9.928 10.036 10.037 10.091 10.145 10.199 10.252 10.306 10.360 10.414 10.468 10.521 10.536 10.552 10.590 10.643 10.697 10.751 10.751 10.858 10.911 10.964 11.027 11.114 11.202 11.290 11.379 11.458 11.528 11.606 11.684 11.762 11.840 11.917 11.917 12.073 12.151 12.230 12.307 12.385 12.445 12.394 12.342 12.291 12.268 12.327 12.385 12.444 12.503 12.562 12.562
8.394 8.400 8.407 8.413 8.424 8.438 8.452 8.518 8.592 8.665 8.739 8.886 8.886 8.960 9.033 9.111 9.190 9.270 9.349 9.428 9.508 9.587 9.651 9.706 9.762 9.817 9.873 9.981 9.981 10.035 10.089 10.143 10.196 10.250 10.304 10.358 10.412 10.466 10.516 10.531 10.582 10.635 10.689 10.743 10.743 10.916 11.004 11.092 11.180 11.267 11.355 11.444 11.532 11.605 11.674 11.745 11.823 11.900 11.978 12.056 12.056 12.212 12.291 12.368 12.446 12.524 12.537 12.486 12.434 12.383 12.331 12.341 12.400 12.459 12.518 12.577 12.577
8.363 8.369 8.375 8.383 8.396 8.410 8.424 8.438 8.512 8.585 8.659 8.806 8.806 8.880 8.953 9.033 9.112 9.192 9.271 9.351 9.430 9.509 9.589 9.651 9.706 9.762 9.817 9.925 9.925 9.979 10.033 10.087 10.140 10.194 10.249 10.302 10.356 10.410 10.464 10.542 10.629 10.717 10.806 10.894 10.894 11.069 11.157 11.245 11.333 11.421 11.508 11.597 11.682 11.751 11.820 11.889 11.961 12.039 12.117 12.195 12.195 12.352 12.429 12.507 12.585 12.663 12.629 12.578 12.526 12.475 12.423 12.372 12.415 12.473 12.533 12.592 12.592
8.332 8.338 8.344 8.355 8.368 8.382 8.396 8.409 8.432 8.505 8.579 8.726 8.726 8.800 8.875 8.955 9.034 9.114 9.193 9.273 9.352 9.432 9.511 9.590 9.651 9.706 9.761 9.869 9.869 9.923 9.977 10.031 10.084 10.138 10.194 10.296 10.398 10.500 10.602 10.695 10.782 10.870 10.959 11.047 11.047 11.222 11.310 11.398 11.486 11.574 11.662 11.750 11.828 11.897 11.966 12.035 12.104 12.178 12.256 12.334 12.335 12.490 12.568 12.646 12.724 12.772 12.721 12.669 12.618 12.567 12.515 12.464 12.430 12.489 12.548 12.606 12.606
8.300 8.307 8.313 8.327 8.340 8.354 8.367 8.381 8.395 8.426 8.499 8.646 8.647 8.720 8.798 8.877 8.956 9.036 9.115 9.195 9.274 9.354 9.433 9.513 9.592 9.651 9.705 9.813 9.813 9.867 9.944 10.046 10.148 10.250 10.353 10.455 10.557 10.659 10.760 10.848 10.935 11.024 11.112 11.200 11.200 11.375 11.463 11.551 11.639 11.727 11.815 11.903 11.974 12.043 12.112 12.181 12.250 12.319 12.395 12.472 12.473 12.629 12.707 12.785 12.863 12.864 12.813 12.761 12.710 12.659 12.607 12.556 12.505 12.504 12.563 12.621 12.621
8.269 8.275 8.285 8.298 8.312 8.326 8.339 8.353 8.367 8.380 8.420 8.567 8.567 8.640 8.720 8.799 8.879 8.958 9.038 9.117 9.196 9.276 9.355 9.435 9.514 9.594 9.694 9.898 9.898 10.000 10.102 10.204 10.306 10.409 10.511 10.613 10.715 10.817 10.913 11.001 11.089 11.177 11.265 11.353 11.353 11.528 11.616 11.704 11.792 11.880 11.968 12.051 12.120 12.189 12.258 12.327 12.396 12.466 12.535 12.612 12.612 12.768 12.846 12.924 13.001 12.956 12.905 12.853 12.802 12.750 12.699 12.649 12.597 12.546 12.577 12.636 12.636
8.238 8.244 8.257 8.270 8.284 8.298 8.311 8.325 8.339 8.352 8.366 8.487 8.487 8.562 8.642 8.721 8.801 8.880 8.960 9.039 9.119 9.214 9.328 9.442 9.557 9.688 9.853 10.057 10.057 10.159 10.261 10.363 10.465 10.568 10.670 10.772 10.874 10.976 11.066 11.154 11.242 11.330 11.418 11.506 11.506 11.682 11.769 11.857 11.945 12.034 12.122 12.197 12.266 12.335 12.404 12.473 12.542 12.612 12.682 12.751 12.751 12.907 12.985 13.062 13.100 13.048 12.997 12.945 12.894 12.842 12.792 12.741 12.689 12.638 12.592 12.634 12.634
8.207 8.215 8.229 8.242 8.256 8.270 8.283 8.297 8.311 8.324 8.338 8.407 8.407 8.484 8.564 8.643 8.723 8.837 8.951 9.065 9.179 9.294 9.408 9.522 9.636 9.789 9.959 10.215 10.215 10.317 10.419 10.521 10.623 10.726 10.828 10.930 11.032 11.132 11.219 11.307 11.396 11.484 11.571 11.659 11.659 11.835 11.922 12.010 12.098 12.187 12.274 12.343 12.412 12.481 12.550 12.619 12.689 12.758 12.828 12.897 12.897 13.046 13.123 13.201 13.191 13.140 13.089 13.037 12.986 12.935 12.884 12.832 12.781 12.709 12.630 12.627 12.627
8.176 8.187 8.201 8.214 8.228 8.242 8.255 8.269 8.283 8.296 8.310 8.351 8.351 8.460 8.574 8.688 8.802 8.917 9.031 9.145 9.259 9.373 9.488 9.602 9.720 9.890 10.061 10.374 10.374 10.476 10.578 10.680 10.782 10.885 10.987 11.089 11.191 11.285 11.373 11.460 11.549 11.637 11.724 11.812 11.812 11.988 12.075 12.163 12.252 12.340 12.420 12.489 12.558 12.627 12.696 12.766 12.835 12.905 12.974 13.043 13.043 13.184 13.262 13.335 13.283 13.232 13.181 13.129 13.079 13.023 12.943 12.863 12.784 12.704 12.624 12.623 12.623
8.176 8.187 8.201 8.214 8.228 8.242 8.255 8.269 8.283 8.296 8.310 8.351 8.351 8.460 8.574 8.688 8.802 8.917 9.031 9.145 9.259 9.373 9.488 9.602 9.720 9.890 10.061 10.374 10.374 10.476 10.578 10.680 10.783 10.885 10.987 11.089 11.191 11.285 11.373 11.460 11.549 11.637 11.724 11.812 11.812 11.988 12.075 12.163 12.252 12.340 12.420 12.489 12.558 12.627 12.696 12.766 12.835 12.905 12.974 13.043 13.043 13.184 13.262 13.335 13.283 13.232 13.181 13.130 13.079 13.023 12.943 12.863 12.784 12.704 12.624 12.623 12.623
8.145 8.159 8.173 8.186 8.200 8.214 8.228 8.263 8.298 8.333 8.368 8.457 8.457 8.539 8.654 8.768 8.882 8.996 9.110 9.225 9.339 9.453 9.567 9.681 9.821 9.992 10.162 10.501 10.501 10.634 10.736 10.838 10.941 11.043 11.145 11.247 11.349 11.438 11.526 11.614 11.702 11.790 11.878 11.965 11.965 12.141 12.228 12.317 12.405 12.493 12.566 12.635 12.704 12.773 12.843 12.912 12.982 13.051 13.120 13.189 13.189 13.327 13.401 13.427 13.375 13.324 13.256 13.177 13.097 13.017 12.938 12.858 12.778 12.699 12.619 12.618 12.618
8.117 8.140 8.175 8.210 8.245 8.280 8.315 8.350 8.385 8.420 8.455 8.563 8.563 8.646 8.733 8.847 8.962 9.076 9.190 9.304 9.418 9.533 9.647 9.761 9.922 10.093 10.263 10.602 10.602 10.772 10.895 10.997 11.100 11.202 11.304 11.406 11.503 11.591 11.679 11.768 11.855 11.943 12.031 12.118 12.118 12.294 12.382 12.470 12.558 12.643 12.712 12.781 12.850 12.919 12.989 13.058 13.128 13.197 13.266 13.335 13.335 13.474 13.537 13.489 13.409 13.330 13.251 13.171 13.092 13.012 12.932 12.853 12.773 12.693 12.613 12.613 12.613
8.229 8.314 8.349 8.384 8.419 8.454 8.489 8.524 8.559 8.594 8.629 8.775 8.775 8.858 8.941 9.023 9.121 9.235 9.349 9.464 9.578 9.692 9.806 9.954 10.124 10.295 10.465 10.804 10.804 10.974 11.144 11.314 11.417 11.519 11.621 11.722 11.810 11.897 11.985 12.074 12.161 12.249 12.337 12.425 12.425 12.600 12.688 12.776 12.864 12.935 13.004 13.073 13.127 13.169 13.210 13.253 13.295 13.336 13.378 13.419 13.419 13.503 13.496 13.441 13.386 13.320 13.240 13.161 13.081 13.001 12.921 12.842 12.762 12.682 12.603 12.603 12.603
8.266 8.364 8.436 8.471 8.506 8.541 8.576 8.611 8.647 8.681 8.717 8.881 8.881 8.964 9.047 9.129 9.212 9.315 9.429 9.543 9.658 9.772 9.886 10.055 10.225 10.396 10.566 10.905 10.905 11.075 11.245 11.416 11.575 11.677 11.779 11.875 11.963 12.050 12.138 12.227 12.315 12.402 12.490 12.578 12.578 12.753 12.842 12.920 12.969 13.006 13.047 13.089 13.131 13.172 13.214 13.257 13.298 13.340 13.381 13.423 13.423 13.506 13.464 13.409 13.355 13.300 13.235 13.155 13.075 12.996 12.916 12.836 12.757 12.677 12.597 12.598 12.599
8.302 8.401 8.500 8.558 8.593 8.629 8.664 8.699 8.734 8.769 8.822 8.987 8.988 9.070 9.153 9.235 9.318 9.401 9.509 9.623 9.737 9.851 9.986 10.156 10.326 10.497 10.667 11.006 11.006 11.176 11.346 11.517 11.687 11.836 11.938 12.028 12.116 12.204 12.292 12.380 12.468 12.551 12.628 12.705 12.705 12.859 12.937 13.014 13.022 13.009 13.051 13.093 13.134 13.176 13.218 13.260 13.302 13.343 13.385 13.427 13.427 13.487 13.432 13.377 13.323 13.268 13.213 13.150 13.070 12.990 12.911 12.831 12.751 12.672 12.593 12.595 12.595
8.339 8.438 8.536 8.635 8.681 8.716 8.751 8.786 8.821 8.856 8.928 9.094 9.094 9.176 9.259 9.342 9.424 9.507 9.590 9.703 9.817 9.931 10.087 10.257 10.428 10.598 10.768 11.107 11.107 11.277 11.447 11.618 11.788 11.958 12.094 12.181 12.258 12.335 12.414 12.491 12.568 12.645 12.722 12.799 12.799 12.953 13.031 13.094 13.075 13.056 13.055 13.096 13.138 13.179 13.222 13.264 13.305 13.347 13.389 13.430 13.430 13.455 13.400 13.346 13.291 13.236 13.181 13.126 13.065 12.985 12.905 12.826 12.746 12.666 12.587 12.590 12.590
8.376 8.474 8.573 8.672 8.768 8.803 8.838 8.873 8.908 8.952 9.035 9.200 9.200 9.283 9.365 9.448 9.530 9.613 9.696 9.782 9.897 10.018 10.188 10.358 10.529 10.699 10.869 11.208 11.208 11.378 11.567 11.769 11.970 12.171 12.233 12.275 12.352 12.429 12.508 12.585 12.662 12.739 12.816 12.893 12.893 13.048 13.125 13.148 13.128 13.109 13.089 13.100 13.141 13.184 13.226 13.267 13.309 13.351 13.392 13.434 13.434 13.423 13.369 13.314 13.259 13.204 13.149 13.094 13.039 12.980 12.900 12.820 12.740 12.662 12.582 12.585 12.585
8.412 8.511 8.610 8.708 8.807 8.890 8.925 8.960 8.995 9.058 9.141 9.306 9.306 9.389 9.471 9.554 9.637 9.719 9.802 9.884 9.976 10.119 10.289 10.459 10.637 10.838 11.039 11.441 11.441 11.642 11.843 12.045 12.246 12.438 12.409 12.380 12.446 12.523 12.601 12.679 12.756 12.833 12.910 12.987 12.987 13.142 13.219 13.201 13.181 13.162 13.142 13.123 13.145 13.188 13.229 13.271 13.313 13.354 13.396 13.438 13.438 13.391 13.337 13.282 13.227 13.172 13.117 13.062 13.007 12.952 12.894 12.815 12.736 12.656 12.577 12.580 12.580
8.449 8.548 8.646 8.745 8.843 8.942 9.012 9.047 9.082 9.164 9.247 9.412 9.412 9.495 9.577 9.660 9.743 9.825 9.908 10.019 10.139 10.309 10.510 10.711 10.913 11.114 11.315 11.717 11.717 11.918 12.119 12.321 12.522 12.614 12.585 12.556 12.540 12.618 12.695 12.773 12.850 12.927 13.004 13.081 13.082 13.236 13.273 13.254 13.234 13.215 13.195 13.176 13.158 13.191 13.233 13.275 13.316 13.358 13.399 13.441 13.441 13.360 13.305 13.250 13.195 13.140 13.085 13.030 12.975 12.920 12.865 12.810 12.731 12.651 12.571 12.575 12.575
8.486 8.584 8.683 8.781 8.880 8.979 9.077 9.135 9.188 9.270 9.353 9.518 9.518 9.605 9.726 9.846 9.967 10.087 10.209 10.329 10.458 10.602 10.786 10.987 11.189 11.390 11.591 11.993 11.993 12.194 12.397 12.598 12.799 12.790 12.761 12.732 12.703 12.712 12.789 12.866 12.944 13.021 13.098 13.175 13.176 13.330 13.326 13.307 13.287 13.268 13.248 13.229 13.211 13.195 13.237 13.278 13.320 13.361 13.403 13.437 13.438 13.328 13.273 13.218 13.163 13.108 13.053 12.998 12.943 12.888 12.834 12.779 12.724 12.645 12.566 12.571 12.571
8.522 8.621 8.719 8.818 8.917 9.015 9.114 9.212 9.312 9.433 9.553 9.794 9.795 9.915 10.036 10.156 10.277 10.397 10.518 10.639 10.778 10.922 11.067 11.263 11.465 11.666 11.868 12.270 12.270 12.471 12.673 12.874 12.995 12.966 12.937 12.908 12.879 12.850 12.883 12.960 13.038 13.115 13.192 13.269 13.270 13.399 13.379 13.360 13.340 13.321 13.302 13.283 13.264 13.244 13.240 13.282 13.323 13.365 13.407 13.405 13.406 13.296 13.241 13.186 13.131 13.076 13.021 12.966 12.911 12.857 12.803 12.748 12.693 12.638 12.560 12.566 12.566
8.559 8.657 8.756 8.857 9.004 9.151 9.298 9.449 9.622 9.743 9.863 10.104 10.105 10.225 10.346 10.466 10.586 10.707 10.828 10.953 11.098 11.242 11.387 11.540 11.742 11.943 12.144 12.546 12.546 12.747 12.949 13.150 13.171 13.142 13.113 13.084 13.055 13.026 12.997 13.054 13.131 13.209 13.286 13.363 13.364 13.452 13.432 13.413 13.393 13.374 13.355 13.336 13.317 13.297 13.278 13.285 13.327 13.369 13.410 13.374 13.374 13.264 13.209 13.154 13.099 13.044 12.989 12.934 12.881 12.826 12.771 12.716 12.661 12.606 12.551 12.502 12.502
8.672 8.818 8.965 9.112 9.259 9.405 9.552 9.714 9.889 10.053 10.173 10.414 10.415 10.535 10.656 10.776 10.896 11.017 11.138 11.273 11.418 11.562 11.707 11.851 12.018 12.219 12.420 12.822 12.822 13.023 13.225 13.376 13.347 13.318 13.289 13.260 13.232 13.202 13.173 13.148 13.225 13.303 13.380 13.458 13.458 13.505 13.485 13.466 13.446 13.427 13.409 13.389 13.370 13.350 13.331 13.312 13.331 13.372 13.397 13.342 13.342 13.232 13.177 13.122 13.067 13.012 12.958 12.904 12.849 12.785 12.712 12.639 12.565 12.492 12.430 12.388 12.388
8.926 9.073 9.220 9.366 9.513 9.660 9.807 9.979 10.154 10.329 10.483 10.724 10.725 10.845 10.965 11.086 11.206 11.327 11.449 11.594 11.738 11.883 12.027 12.173 12.317 12.495 12.696 13.098 13.098 13.299 13.502 13.552 13.523 13.494 13.465 13.436 13.408 13.378 13.349 13.320 13.319 13.396 13.474 13.552 13.552 13.558 13.538 13.519 13.500 13.480 13.462 13.442 13.423 13.403 13.384 13.365 13.345 13.376 13.365 13.310 13.310 13.200 13.145 13.091 13.017 12.944 12.872 12.798 12.725 12.651 12.578 12.504 12.431 12.357 12.312 12.269 12.270
9.181 9.327 9.474 9.621 9.768 9.914 10.069 10.244 10.419 10.593 10.768 11.033 11.034 11.155 11.275 11.396 11.516 11.637 11.769 11.914 12.058 12.203 12.347 12.493 12.637 12.782 12.972 13.375 13.375 13.576 13.758 13.728 13.699 13.670 13.641 13.612 13.584 13.554 13.525 13.496 13.467 13.490 13.568 13.646 13.646 13.611 13.591 13.572 13.553 13.534 13.515 13.495 13.476 13.457 13.437 13.418 13.398 13.380 13.324 13.250 13.250 13.104 13.030 12.957 12.883 12.811 12.737 12.664 12.590 12.517 12.444 12.370 12.297 12.237 12.194 12.152 12.152
9.181 9.327 9.474 9.621 9.768 9.914 10.069 10.244 10.419 10.593 10.768 11.033 11.034 11.155 11.275 11.396 11.516 11.637 11.769 11.914 12.058 12.203 12.347 12.493 12.637 12.782 12.972 13.375 13.375 13.577 13.758 13.728 13.699 13.670 13.641 13.612 13.584 13.554 13.525 13.496 13.467 13.490 13.569 13.646 13.646 13.611 13.591 13.572 13.553 13.534 13.515 13.495 13.476 13.457 13.437 13.418 13.399 13.380 13.324 13.250 13.250 13.104 13.030 12.957 12.883 12.811 12.737 12.664 12.590 12.517 12.444 12.370 12.297 12.237 12.195 12.152 12.152
9.435 9.582 9.728 9.875 10.022 10.168 10.334 10.508 10.683 10.858 11.033 11.343 11.344 11.465 11.585 11.706 11.826 11.947 12.089 12.234 12.378 12.523 12.667 12.813 12.957 13.102 13.249 13.651 13.651 13.853 13.934 13.904 13.875 13.846 13.817 13.788 13.759 13.730 13.701 13.672 13.643 13.614 13.662 13.703 13.703 13.664 13.645 13.625 13.606 13.587 13.568 13.533 13.492 13.450 13.408 13.366 13.326 13.268 13.190 13.116 13.116 12.969 12.896 12.822 12.750 12.677 12.603 12.530 12.456 12.383 12.309 12.236 12.163 12.120 12.077 12.034 12.034
9.689 9.836 9.983 10.130 10.276 10.423 10.598 10.773 10.948 11.123 11.298 11.648 11.649 11.775 11.895 12.015 12.136 12.265 12.410 12.554 12.699 12.843 12.988 13.133 13.278 13.422 13.566 13.927 13.927 14.129 14.110 14.080 14.051 14.022 13.993 13.965 13.935 13.906 13.877 13.848 13.819 13.790 13.761 13.756 13.756 13.673 13.631 13.590 13.549 13.507 13.465 13.424 13.382 13.340 13.298 13.258 13.216 13.139 13.058 12.982 12.982 12.835 12.762 12.689 12.616 12.542 12.469 12.395 12.322 12.248 12.175 12.103 12.045 12.002 11.959 11.917 11.917
10.199 10.345 10.492 10.638 10.785 10.952 11.128 11.303 11.478 11.653 11.828 12.178 12.179 12.354 12.515 12.635 12.760 12.905 13.050 13.194 13.339 13.483 13.628 13.773 13.918 14.062 14.207 14.481 14.481 14.445 14.386 14.327 14.269 14.210 14.151 14.093 14.034 13.975 13.916 13.857 13.798 13.740 13.653 13.559 13.559 13.454 13.412 13.370 13.329 13.288 13.246 13.204 13.162 13.121 13.079 13.038 12.961 12.880 12.799 12.719 12.719 12.567 12.494 12.421 12.347 12.274 12.200 12.127 12.053 11.980 11.908 11.853 11.810 11.767 11.724 11.681 11.681
10.453 10.600 10.746 10.893 11.042 11.217 11.393 11.568 11.743 11.918 12.093 12.444 12.444 12.619 12.793 12.945 13.080 13.225 13.370 13.514 13.659 13.774 13.889 14.004 14.119 14.233 14.348 14.500 14.500 14.389 14.330 14.271 14.212 14.153 14.094 14.036 13.977 13.919 13.860 13.801 13.742 13.673 13.579 13.485 13.485 13.344 13.302 13.261 13.219 13.178 13.136 13.094 13.052 13.011 12.970 12.912 12.831 12.751 12.670 12.589 12.589 12.433 12.360 12.286 12.213 12.140 12.066 11.993 11.919 11.847 11.778 11.735 11.692 11.649 11.606 11.563 11.563
10.724 10.855 11.001 11.147 11.307 11.482 11.658 11.833 12.008 12.183 12.358 12.709 12.709 12.883 13.057 13.222 13.297 13.412 13.527 13.641 13.756 13.870 13.985 14.100 14.215 14.329 14.443 14.482 14.482 14.368 14.273 14.215 14.156 14.097 14.038 13.980 13.921 13.862 13.803 13.744 13.685 13.599 13.505 13.411 13.411 13.234 13.192 13.151 13.110 13.068 13.026 12.984 12.943 12.902 12.860 12.783 12.702 12.621 12.541 12.460 12.461 12.299 12.226 12.152 12.079 12.005 11.932 11.858 11.786 11.712 11.660 11.617 11.574 11.531 11.488 11.445 11.445
