includes/lisflood/camargue/results_R4_t1.561730198035E12/res-0006.wdfp
ncols         906
nrows         631
xllcorner     362177.146667
yllcorner     6534725.688020
cellsize      20.000000
NODATA_value  -9999.000000
[rows 544 to 577 of 631, columns 0 to 76 of 906]
7.157 6.800 6.445 6.089 5.734 5.379 5.024 4.670 4.673 4.565 4.819 5.227 5.634 6.041 6.448 6.855 7.261 7.668 8.074 8.480 8.696 8.609 8.523 8.436 8.436 8.262 8.175 8.088 8.001 7.914 7.827 7.709 7.587 7.439 7.291 7.144 6.996 6.847 6.653 6.459 6.461 6.145 6.108 6.070 6.027 5.974 5.921 5.868 5.815 5.853 5.910 5.968 5.998 6.026 6.053 6.081 6.082 6.141 6.182 6.223 6.264 6.305 6.346 6.386 6.471 6.674 6.846 7.018 7.190 7.362 7.534 7.706 8.610 8.611 9.077 9.543 10.009
7.009 6.653 6.297 5.942 5.587 5.232 4.877 4.673 4.675 4.575 4.600 5.008 5.415 5.822 6.229 6.636 7.043 7.449 7.855 8.277 8.803 8.717 8.620 8.524 8.524 8.331 8.236 8.149 8.062 7.975 7.889 7.791 7.657 7.510 7.353 7.159 6.964 6.770 6.576 6.383 6.384 6.059 6.022 5.985 5.948 5.911 5.873 5.826 5.773 5.787 5.835 5.863 5.890 5.918 5.945 5.973 5.974 6.031 6.072 6.113 6.154 6.195 6.235 6.276 6.324 6.386 6.531 6.703 6.875 7.047 7.219 7.391 8.271 8.272 8.738 9.204 9.670
6.862 6.506 6.150 5.795 5.439 5.084 4.733 4.684 4.686 4.586 4.538 4.789 5.196 5.604 6.011 6.417 6.824 7.230 7.636 8.154 8.680 8.840 8.744 8.647 8.648 8.454 8.357 8.261 8.164 8.068 7.971 7.875 7.665 7.471 7.276 7.082 6.888 6.694 6.500 6.306 6.307 5.974 5.937 5.900 5.862 5.825 5.788 5.751 5.713 5.703 5.727 5.755 5.782 5.810 5.837 5.864 5.866 5.921 5.962 6.003 6.044 6.085 6.126 6.176 6.226 6.286 6.349 6.412 6.560 6.732 6.904 7.076 7.932 7.933 8.399 8.855 9.179
6.721 6.359 6.003 5.647 5.292 4.937 4.744 4.695 4.697 4.597 4.548 4.570 4.977 5.385 5.792 6.198 6.605 7.011 7.506 8.032 8.558 8.963 8.867 8.770 8.771 8.577 8.481 8.384 8.287 8.191 8.095 7.875 7.644 7.407 7.200 7.005 6.811 6.617 6.423 6.229 6.231 5.888 5.851 5.814 5.777 5.740 5.703 5.672 5.677 5.679 5.672 5.666 5.674 5.701 5.729 5.756 5.757 5.811 5.852 5.893 5.933 5.979 6.029 6.078 6.128 6.187 6.250 6.313 6.375 6.438 6.589 6.761 7.594 7.594 7.960 8.284 8.608
6.689 6.211 5.855 5.500 5.145 4.803 4.755 4.706 4.708 4.608 4.559 4.510 4.758 5.166 5.573 5.980 6.386 6.857 7.383 7.910 8.436 8.961 8.990 8.893 8.894 8.700 8.604 8.507 8.411 8.314 8.094 7.873 7.645 7.408 7.171 6.934 6.734 6.540 6.346 6.152 6.154 5.803 5.766 5.729 5.692 5.654 5.641 5.646 5.651 5.655 5.648 5.642 5.635 5.629 5.622 5.648 5.649 5.703 5.742 5.782 5.831 5.881 5.931 5.981 6.031 6.088 6.150 6.213 6.276 6.339 6.401 6.464 7.063 7.064 7.389 7.713 8.037
6.658 6.132 5.708 5.353 4.997 4.815 4.766 4.717 4.719 4.619 4.570 4.521 4.539 4.947 5.354 5.761 6.208 6.735 7.261 7.787 8.313 8.839 9.113 9.017 9.017 8.823 8.727 8.630 8.534 8.314 8.092 7.871 7.645 7.408 7.172 6.935 6.698 6.464 6.270 6.076 6.077 5.718 5.681 5.643 5.606 5.610 5.615 5.620 5.624 5.629 5.624 5.617 5.611 5.604 5.598 5.591 5.592 5.595 5.633 5.683 5.733 5.783 5.833 5.883 5.933 5.988 6.051 6.114 6.177 6.239 6.300 6.355 6.492 6.493 6.818 7.142 7.466
6.626 6.101 5.576 5.205 4.875 4.826 4.777 4.728 4.730 4.630 4.581 4.532 4.483 4.728 5.135 5.559 6.086 6.612 7.139 7.665 8.191 8.717 9.236 9.140 9.140 8.946 8.850 8.753 8.533 8.312 8.090 7.869 7.646 7.409 7.172 6.935 6.699 6.463 6.226 5.999 6.001 5.632 5.595 5.575 5.580 5.584 5.589 5.594 5.598 5.603 5.599 5.593 5.587 5.580 5.574 5.567 5.568 5.556 5.568 5.598 5.635 5.685 5.735 5.785 5.835 5.889 5.952 6.014 6.075 6.130 6.185 6.240 6.358 6.359 6.419 6.571 6.895
6.594 6.069 5.544 5.058 4.886 4.837 4.788 4.739 4.741 4.641 4.592 4.543 4.494 4.509 4.916 5.437 5.963 6.490 7.016 7.542 8.068 8.594 9.120 9.263 9.263 9.070 8.973 8.752 8.531 8.310 8.088 7.867 7.645 7.410 7.173 6.936 6.700 6.463 6.227 5.991 5.992 5.547 5.544 5.549 5.553 5.558 5.563 5.567 5.572 5.576 5.575 5.569 5.562 5.556 5.549 5.543 5.544 5.540 5.542 5.572 5.602 5.632 5.662 5.692 5.737 5.789 5.850 5.905 5.960 6.015 6.070 6.126 6.244 6.245 6.305 6.365 6.425
6.624 6.103 5.583 5.092 4.944 4.891 4.837 4.784 4.786 4.678 4.625 4.572 4.519 4.466 4.787 5.314 5.841 6.367 6.894 7.420 7.946 8.472 8.998 9.386 9.386 9.193 8.972 8.750 8.529 8.308 8.086 7.865 7.643 7.410 7.173 6.937 6.700 6.464 6.227 5.991 5.993 5.541 5.527 5.522 5.527 5.532 5.536 5.541 5.546 5.550 5.551 5.544 5.538 5.531 5.525 5.524 5.525 5.524 5.524 5.546 5.576 5.606 5.636 5.666 5.696 5.709 5.735 5.790 5.846 5.901 5.956 6.011 6.130 6.131 6.191 6.251 6.311
6.751 6.230 5.710 5.344 5.063 5.007 4.954 4.900 4.903 4.794 4.741 4.688 4.635 4.591 4.660 5.188 5.716 6.243 6.770 7.297 7.824 8.350 8.875 9.401 9.402 9.191 8.970 8.748 8.527 8.305 8.084 7.863 7.641 7.411 7.174 6.937 6.701 6.464 6.228 6.004 6.005 5.568 5.525 5.519 5.514 5.508 5.510 5.515 5.519 5.524 5.527 5.520 5.514 5.508 5.508 5.508 5.509 5.508 5.508 5.519 5.549 5.579 5.609 5.639 5.668 5.664 5.660 5.676 5.731 5.786 5.841 5.896 6.016 6.017 6.077 6.137 6.197
6.878 6.357 5.877 5.596 5.315 5.123 5.070 5.017 5.019 4.910 4.857 4.804 4.751 4.723 4.696 5.062 5.589 6.117 6.644 7.171 7.697 8.224 8.750 9.277 9.277 9.189 8.968 8.746 8.525 8.303 8.082 7.861 7.639 7.411 7.174 6.938 6.701 6.467 6.249 6.031 6.032 5.594 5.524 5.518 5.512 5.506 5.500 5.494 5.493 5.498 5.502 5.496 5.492 5.492 5.492 5.492 5.493 5.492 5.492 5.493 5.523 5.553 5.583 5.613 5.623 5.619 5.614 5.610 5.616 5.671 5.726 5.782 5.902 5.902 5.962 6.023 6.083
7.004 6.484 6.129 5.848 5.567 5.287 5.186 5.133 5.135 5.027 4.973 4.920 4.882 4.855 4.828 4.935 5.463 5.990 6.517 7.044 7.571 8.098 8.624 9.228 9.228 9.384 9.091 8.798 8.523 8.301 8.080 7.858 7.637 7.412 7.175 6.938 6.712 6.493 6.275 6.057 6.058 5.621 5.523 5.517 5.511 5.505 5.499 5.493 5.487 5.481 5.476 5.476 5.476 5.476 5.476 5.476 5.477 5.476 5.476 5.476 5.497 5.527 5.557 5.581 5.577 5.573 5.569 5.565 5.561 5.557 5.612 5.668 5.787 5.788 5.848 5.906 5.963
7.005 6.484 6.129 5.848 5.567 5.287 5.186 5.133 5.135 5.026 4.973 4.920 4.882 4.855 4.828 4.935 5.463 5.990 6.517 7.044 7.571 8.098 8.624 9.228 9.228 9.384 9.091 8.798 8.523 8.301 8.080 7.858 7.637 7.412 7.175 6.938 6.712 6.493 6.275 6.057 6.058 5.621 5.523 5.517 5.511 5.505 5.499 5.493 5.487 5.481 5.476 5.476 5.476 5.476 5.476 5.476 5.477 5.476 5.476 5.476 5.497 5.527 5.557 5.581 5.577 5.573 5.569 5.565 5.561 5.557 5.612 5.668 5.787 5.788 5.848 5.906 5.963
7.131 6.663 6.381 6.100 5.820 5.539 5.302 5.249 5.251 5.143 5.090 5.041 5.014 4.987 4.960 4.932 5.336 5.864 6.391 6.918 7.445 7.971 8.563 9.183 9.184 9.603 9.310 9.017 8.724 8.432 8.139 7.856 7.635 7.412 7.176 6.957 6.738 6.520 6.302 6.084 6.085 5.647 5.522 5.516 5.510 5.504 5.498 5.492 5.486 5.479 5.466 5.461 5.460 5.460 5.460 5.460 5.461 5.460 5.460 5.460 5.470 5.500 5.530 5.536 5.532 5.528 5.524 5.520 5.516 5.512 5.508 5.554 5.670 5.671 5.728 5.785 5.843
7.258 6.915 6.634 6.352 6.072 5.791 5.511 5.366 5.368 5.259 5.206 5.174 5.146 5.119 5.092 5.064 5.209 5.737 6.264 6.792 7.318 7.898 8.519 9.139 9.140 9.822 9.529 9.236 8.943 8.650 8.358 8.065 7.772 7.395 7.202 6.983 6.765 6.546 6.328 6.110 6.111 5.674 5.520 5.515 5.509 5.503 5.497 5.491 5.481 5.468 5.455 5.449 5.448 5.447 5.445 5.444 5.446 5.444 5.444 5.444 5.444 5.474 5.495 5.491 5.487 5.483 5.479 5.475 5.471 5.467 5.464 5.462 5.549 5.550 5.608 5.665 5.723
7.701 7.419 7.138 6.857 6.576 6.295 6.015 5.735 5.737 5.493 5.466 5.438 5.411 5.384 5.356 5.329 5.301 5.484 6.012 6.568 7.189 7.810 8.431 9.051 9.052 10.261 9.967 9.674 9.382 9.089 8.796 8.324 7.778 7.232 6.944 6.799 6.654 6.509 6.365 6.163 6.165 5.727 5.518 5.512 5.506 5.498 5.485 5.472 5.459 5.446 5.432 5.423 5.422 5.421 5.420 5.419 5.420 5.416 5.415 5.414 5.413 5.408 5.405 5.402 5.398 5.395 5.392 5.389 5.385 5.382 5.378 5.378 5.380 5.381 5.382 5.424 5.482
7.953 7.672 7.390 7.109 6.828 6.548 6.267 5.987 5.989 5.625 5.598 5.571 5.543 5.516 5.489 5.461 5.434 5.406 5.903 6.524 7.145 7.766 8.387 9.007 9.008 10.248 10.187 9.893 9.601 9.308 8.788 8.243 7.697 7.151 6.804 6.659 6.515 6.370 6.225 6.080 6.082 5.754 5.536 5.511 5.500 5.487 5.474 5.460 5.447 5.434 5.421 5.410 5.409 5.408 5.407 5.406 5.407 5.404 5.403 5.400 5.366 5.349 5.361 5.359 5.356 5.353 5.349 5.346 5.343 5.339 5.336 5.336 5.338 5.339 5.340 5.341 5.361
8.032 7.743 7.455 7.166 6.878 6.590 6.302 6.015 6.017 5.669 5.647 5.624 5.602 5.579 5.557 5.534 5.511 5.489 5.851 6.478 7.101 7.722 8.342 8.963 8.963 10.204 10.406 10.113 9.799 9.253 8.707 8.161 7.615 7.069 6.665 6.520 6.375 6.230 6.085 5.941 5.942 5.651 5.521 5.501 5.488 5.475 5.462 5.449 5.436 5.423 5.410 5.397 5.396 5.395 5.394 5.393 5.394 5.391 5.371 5.337 5.302 5.285 5.297 5.309 5.313 5.310 5.307 5.303 5.300 5.297 5.293 5.294 5.296 5.297 5.298 5.299 5.300
8.018 7.730 7.441 7.153 6.865 6.577 6.289 6.001 6.003 5.731 5.674 5.652 5.629 5.607 5.584 5.561 5.539 5.608 5.781 6.408 7.036 7.663 8.289 8.916 8.917 10.160 10.625 10.264 9.718 9.172 8.626 8.080 7.534 6.988 6.525 6.380 6.235 6.090 5.946 5.801 5.802 5.560 5.499 5.476 5.470 5.464 5.451 5.438 5.425 5.412 5.399 5.385 5.384 5.382 5.381 5.380 5.382 5.342 5.307 5.273 5.239 5.222 5.234 5.246 5.258 5.268 5.264 5.261 5.257 5.254 5.251 5.252 5.254 5.255 5.256 5.257 5.259
7.976 7.716 7.428 7.139 6.851 6.563 6.275 5.988 5.990 5.798 5.719 5.679 5.657 5.634 5.611 5.589 5.625 5.729 5.832 6.339 6.966 7.593 8.220 8.847 8.847 10.100 10.575 10.183 9.637 9.091 8.544 7.998 7.453 6.907 6.385 6.240 6.095 5.951 5.806 5.661 5.663 5.538 5.477 5.448 5.443 5.437 5.431 5.425 5.414 5.401 5.387 5.374 5.371 5.370 5.369 5.347 5.348 5.278 5.244 5.210 5.175 5.159 5.171 5.183 5.195 5.207 5.219 5.218 5.215 5.212 5.209 5.211 5.212 5.213 5.214 5.216 5.207
7.845 7.703 7.414 7.126 6.838 6.550 6.262 6.024 6.026 5.866 5.787 5.708 5.684 5.662 5.639 5.641 5.745 5.849 5.953 6.269 6.897 7.524 8.150 8.777 8.778 9.885 10.109 9.875 9.431 8.987 8.463 7.917 7.371 6.826 6.280 6.100 5.956 5.811 5.700 5.639 5.640 5.516 5.455 5.421 5.415 5.409 5.404 5.398 5.392 5.386 5.376 5.363 5.358 5.351 5.317 5.283 5.284 5.214 5.180 5.146 5.112 5.096 5.108 5.120 5.132 5.144 5.156 5.168 5.173 5.169 5.167 5.169 5.170 5.171 5.150 5.127 5.103
7.714 7.608 7.401 7.112 6.824 6.536 6.248 6.091 6.093 5.933 5.854 5.775 5.712 5.689 5.666 5.762 5.866 5.969 6.073 6.200 6.827 7.454 8.081 8.708 8.708 9.418 9.643 9.557 9.113 8.669 8.225 7.782 7.290 6.744 6.199 5.961 5.816 5.740 5.678 5.617 5.618 5.494 5.433 5.393 5.388 5.382 5.376 5.370 5.365 5.359 5.353 5.347 5.322 5.288 5.254 5.219 5.220 5.151 5.117 5.082 5.048 5.033 5.045 5.057 5.069 5.081 5.093 5.105 5.117 5.127 5.126 5.116 5.069 5.070 5.046 5.023 5.000
7.583 7.477 7.372 7.099 6.811 6.523 6.238 6.159 6.161 6.001 5.922 5.843 5.764 5.716 5.778 5.882 5.986 6.090 6.193 6.297 6.757 7.384 8.011 8.503 8.504 8.952 9.176 9.239 8.795 8.351 7.907 7.464 7.020 6.577 6.118 5.841 5.779 5.718 5.656 5.595 5.597 5.472 5.411 5.366 5.360 5.355 5.349 5.343 5.337 5.331 5.321 5.294 5.263 5.226 5.190 5.156 5.157 5.087 5.053 5.019 4.984 4.970 4.982 4.994 5.006 5.018 5.030 5.042 5.054 5.069 5.046 5.013 4.966 4.966 4.943 4.920 4.897
7.451 7.346 7.241 7.086 6.798 6.509 6.306 6.227 6.229 6.069 5.990 5.910 5.838 5.817 5.905 6.003 6.106 6.210 6.314 6.417 6.688 7.315 7.812 8.037 8.037 8.485 8.710 8.921 8.477 8.033 7.590 7.146 6.702 6.259 5.954 5.806 5.757 5.696 5.635 5.573 5.575 5.450 5.389 5.338 5.333 5.327 5.321 5.316 5.310 5.289 5.262 5.236 5.205 5.168 5.130 5.093 5.095 5.024 4.989 4.955 4.921 4.907 4.919 4.931 4.943 4.955 4.967 4.983 5.000 5.017 4.992 4.936 4.862 4.863 4.840 4.817 4.794
7.320 7.215 7.110 7.005 6.784 6.496 6.374 6.295 6.297 6.136 6.097 6.069 6.042 6.014 6.090 6.178 6.265 6.352 6.439 6.537 6.641 7.121 7.346 7.570 7.571 8.019 8.243 8.468 8.159 7.716 7.272 6.828 6.476 6.191 5.906 5.757 5.708 5.660 5.611 5.551 5.553 5.429 5.367 5.311 5.305 5.300 5.294 5.283 5.256 5.230 5.204 5.177 5.147 5.110 5.072 5.035 5.037 4.961 4.926 4.892 4.857 4.843 4.856 4.868 4.880 4.896 4.914 4.931 4.948 4.965 4.938 4.882 4.769 4.770 4.737 4.714 4.691
7.189 7.084 6.979 6.874 6.769 6.521 6.442 6.384 6.386 6.328 6.301 6.273 6.246 6.218 6.276 6.363 6.451 6.538 6.625 6.712 6.858 6.973 6.984 7.104 7.104 7.552 7.777 8.001 7.841 7.398 6.999 6.713 6.428 6.143 5.858 5.709 5.660 5.611 5.562 5.513 5.515 5.407 5.345 5.284 5.278 5.272 5.250 5.224 5.198 5.171 5.145 5.119 5.089 5.052 5.014 4.977 4.979 4.903 4.866 4.829 4.794 4.780 4.793 4.810 4.827 4.844 4.862 4.879 4.896 4.913 4.883 4.827 4.715 4.716 4.660 4.611 4.588
7.101 6.990 6.880 6.769 6.658 6.643 6.616 6.588 6.590 6.533 6.505 6.477 6.450 6.422 6.462 6.549 6.636 6.723 6.810 6.967 7.230 7.443 7.453 7.464 7.464 7.485 7.495 7.535 7.523 7.236 6.951 6.665 6.380 6.095 5.811 5.660 5.611 5.562 5.514 5.465 5.466 5.367 5.319 5.262 5.244 5.218 5.192 5.165 5.139 5.113 5.086 5.060 5.031 4.994 4.957 4.919 4.921 4.845 4.808 4.771 4.734 4.724 4.740 4.758 4.775 4.792 4.810 4.827 4.844 4.861 4.829 4.773 4.661 4.662 4.606 4.550 4.494
7.047 6.936 6.825 6.714 6.707 6.773 6.780 6.788 6.789 6.737 6.709 6.681 6.653 6.626 6.647 6.734 6.822 6.909 7.077 7.340 7.604 7.867 7.923 7.933 7.934 7.954 7.964 7.975 7.573 7.188 6.903 6.618 6.332 6.047 5.763 5.611 5.562 5.514 5.465 5.416 5.418 5.319 5.270 5.231 5.192 5.159 5.133 5.107 5.081 5.054 5.028 5.002 4.973 4.936 4.899 4.861 4.863 4.787 4.750 4.733 4.724 4.715 4.706 4.706 4.723 4.740 4.758 4.775 4.792 4.809 4.775 4.719 4.607 4.608 4.552 4.496 4.440
7.047 6.936 6.825 6.715 6.707 6.773 6.781 6.788 6.790 6.737 6.709 6.681 6.653 6.626 6.647 6.734 6.822 6.909 7.077 7.340 7.603 7.866 7.923 7.933 7.933 7.954 7.964 7.974 7.573 7.188 6.903 6.617 6.332 6.047 5.763 5.611 5.562 5.514 5.465 5.416 5.418 5.319 5.270 5.231 5.192 5.159 5.133 5.107 5.081 5.054 5.028 5.002 4.973 4.936 4.899 4.862 4.863 4.788 4.750 4.734 4.724 4.715 4.707 4.706 4.723 4.741 4.758 4.775 4.792 4.810 4.775 4.719 4.607 4.608 4.552 4.496 4.440
6.993 6.882 6.771 6.738 6.818 6.899 6.910 6.917 6.919 6.931 6.913 6.885 6.857 6.830 6.833 6.920 7.007 7.187 7.450 7.713 7.976 8.239 8.392 8.402 8.403 8.423 8.434 8.203 7.723 7.242 6.855 6.570 6.284 6.000 5.715 5.562 5.513 5.465 5.416 5.367 5.369 5.270 5.235 5.200 5.162 5.122 5.082 5.048 5.022 4.996 4.969 4.943 4.915 4.878 4.841 4.804 4.805 4.743 4.734 4.724 4.714 4.705 4.697 4.689 4.680 4.689 4.706 4.723 4.740 4.758 4.721 4.665 4.553 4.554 4.498 4.444 4.417
6.938 6.828 6.768 6.849 6.930 7.011 7.039 7.046 7.048 7.060 7.068 7.075 7.061 7.034 7.018 7.106 7.296 7.560 7.823 8.086 8.349 8.612 8.862 8.872 8.872 8.893 8.834 8.353 7.872 7.392 6.911 6.522 6.237 5.952 5.667 5.514 5.465 5.416 5.367 5.319 5.320 5.240 5.204 5.169 5.131 5.092 5.052 5.012 4.972 4.937 4.911 4.885 4.857 4.820 4.783 4.753 4.754 4.734 4.724 4.715 4.705 4.696 4.688 4.679 4.671 4.663 4.654 4.671 4.688 4.706 4.667 4.611 4.500 4.501 4.474 4.448 4.421
6.829 6.910 6.991 7.072 7.152 7.233 7.296 7.303 7.305 7.318 7.325 7.332 7.339 7.347 7.369 7.624 7.971 8.306 8.569 8.833 9.096 9.359 9.621 9.811 9.812 9.614 9.133 8.652 8.172 7.691 7.210 6.730 6.250 5.856 5.572 5.416 5.367 5.319 5.284 5.248 5.250 5.178 5.142 5.107 5.071 5.031 4.992 4.952 4.912 4.872 4.832 4.792 4.753 4.753 4.743 4.734 4.735 4.715 4.705 4.696 4.686 4.677 4.669 4.660 4.652 4.644 4.635 4.627 4.619 4.610 4.588 4.561 4.507 4.508 4.481 4.455 4.428
6.940 7.021 7.102 7.183 7.264 7.345 7.425 7.432 7.434 7.447 7.454 7.461 7.468 7.493 7.520 7.689 8.036 8.384 8.731 9.078 9.425 9.732 9.994 10.257 10.258 9.764 9.283 8.802 8.321 7.841 7.360 6.879 6.399 5.919 5.524 5.367 5.323 5.288 5.253 5.217 5.219 5.147 5.111 5.076 5.041 5.001 4.961 4.922 4.882 4.842 4.801 4.760 4.721 4.725 4.728 4.724 4.726 4.705 4.696 4.686 4.677 4.668 4.659 4.651 4.643 4.634 4.626 4.618 4.601 4.584 4.573 4.562 4.511 4.512 4.485 4.459 4.432
7.051 7.132 7.213 7.294 7.375 7.456 7.537 7.561 7.563 7.576 7.583 7.591 7.618 7.644 7.670 7.754 8.102 8.449 8.796 9.143 9.490 9.837 10.184 10.531 10.531 9.918 9.437 8.956 8.475 7.994 7.514 7.033 6.552 6.072 5.592 5.328 5.292 5.257 5.222 5.187 5.188 5.116 5.081 5.045 5.010 4.971 4.931 4.891 4.851 4.810 4.768 4.726 4.689 4.693 4.696 4.700 4.701 4.696 4.687 4.677 4.667 4.658 4.650 4.642 4.633 4.625 4.610 4.593 4.575 4.558 4.546 4.536 4.514 4.515 4.489 4.462 4.436
