includes/lisflood/camargue/results_R4_t1.561730198035E12/res-0012.wd
ncols         906
nrows         631
xllcorner     362177.146667
yllcorner     6534725.688020
cellsize      20.000000
NODATA_value  -9999.000000
[rows 578 to 611 of 631, columns 539 to 615 of 906]
3.870 3.870 3.827 3.785 3.742 3.699 3.666 3.698 3.729 3.761 3.793 3.824 3.856 3.887 3.919 3.933 3.932 3.932 3.928 3.926 3.924 3.941 3.966 3.991 4.016 4.041 4.032 4.010 3.988 3.966 3.945 3.923 3.901 3.901 3.858 3.836 3.814 3.838 3.861 3.885 3.908 3.932 3.955 3.979 4.002 4.018 4.024 4.030 4.036 4.036 4.048 4.055 4.095 4.205 4.315 4.424 4.534 4.644 4.754 4.864 4.974 5.083 5.193 5.303 5.413 5.413 5.536 5.556 5.579 5.602 5.625 5.648 5.671 5.694 5.717 5.740 5.763
4.062 4.062 4.019 3.976 3.934 3.891 3.864 3.895 3.927 3.958 3.990 4.022 4.053 4.066 4.064 4.062 4.060 4.060 4.056 4.055 4.053 4.073 4.098 4.123 4.147 4.172 4.197 4.214 4.192 4.170 4.149 4.127 4.105 4.105 4.062 4.040 4.018 4.039 4.063 4.086 4.110 4.133 4.157 4.180 4.193 4.199 4.206 4.212 4.218 4.218 4.230 4.236 4.253 4.363 4.473 4.583 4.693 4.802 4.912 5.022 5.132 5.242 5.351 5.461 5.555 5.556 5.605 5.624 5.644 5.664 5.685 5.708 5.731 5.753 5.776 5.799 5.822
4.198 4.198 4.209 4.168 4.126 4.083 4.061 4.093 4.124 4.156 4.187 4.198 4.196 4.194 4.192 4.190 4.189 4.189 4.185 4.183 4.181 4.204 4.229 4.254 4.279 4.304 4.329 4.354 4.379 4.374 4.352 4.331 4.309 4.309 4.265 4.244 4.222 4.240 4.264 4.287 4.311 4.335 4.358 4.369 4.375 4.381 4.387 4.393 4.399 4.400 4.412 4.418 4.424 4.521 4.631 4.741 4.851 4.961 5.070 5.180 5.290 5.400 5.510 5.598 5.623 5.623 5.673 5.693 5.713 5.733 5.753 5.773 5.793 5.813 5.836 5.859 5.882
4.309 4.309 4.320 4.331 4.317 4.275 4.258 4.290 4.322 4.330 4.328 4.326 4.324 4.322 4.321 4.319 4.317 4.317 4.313 4.311 4.311 4.336 4.361 4.386 4.410 4.435 4.460 4.485 4.510 4.535 4.556 4.534 4.513 4.513 4.469 4.447 4.426 4.442 4.465 4.489 4.512 4.536 4.544 4.550 4.557 4.563 4.569 4.575 4.581 4.581 4.594 4.600 4.606 4.680 4.789 4.899 5.009 5.119 5.229 5.339 5.448 5.558 5.640 5.665 5.691 5.691 5.742 5.762 5.782 5.802 5.822 5.842 5.862 5.882 5.902 5.922 5.942
4.419 4.419 4.430 4.442 4.453 4.464 4.456 4.462 4.460 4.458 4.456 4.455 4.453 4.451 4.449 4.447 4.445 4.445 4.442 4.440 4.442 4.467 4.492 4.517 4.542 4.567 4.592 4.617 4.642 4.667 4.691 4.716 4.716 4.716 4.673 4.651 4.630 4.643 4.667 4.690 4.714 4.720 4.726 4.732 4.738 4.744 4.751 4.757 4.763 4.763 4.775 4.781 4.787 4.838 4.948 5.058 5.167 5.277 5.387 5.497 5.607 5.682 5.708 5.733 5.759 5.759 5.810 5.831 5.851 5.871 5.891 5.911 5.931 5.951 5.971 5.990 6.010
4.529 4.529 4.541 4.552 4.564 4.545 4.565 4.590 4.588 4.587 4.585 4.583 4.581 4.579 4.577 4.575 4.574 4.574 4.570 4.568 4.574 4.599 4.624 4.648 4.673 4.698 4.723 4.748 4.773 4.798 4.823 4.848 4.873 4.873 4.877 4.855 4.833 4.845 4.868 4.889 4.895 4.901 4.908 4.914 4.920 4.926 4.932 4.938 4.945 4.945 4.957 4.963 4.969 4.996 5.106 5.216 5.326 5.435 5.545 5.655 5.724 5.750 5.775 5.801 5.826 5.827 5.877 5.900 5.920 5.940 5.960 5.980 6.000 6.020 6.040 6.059 6.079
4.640 4.640 4.651 4.628 4.606 4.583 4.612 4.668 4.717 4.715 4.713 4.711 4.709 4.708 4.706 4.704 4.702 4.702 4.698 4.697 4.705 4.730 4.755 4.780 4.805 4.830 4.855 4.880 4.905 4.930 4.954 4.979 5.004 5.004 5.054 5.059 5.037 5.046 5.065 5.071 5.077 5.083 5.089 5.095 5.102 5.108 5.114 5.120 5.126 5.126 5.139 5.145 5.151 5.157 5.264 5.374 5.484 5.594 5.704 5.766 5.792 5.818 5.843 5.869 5.894 5.894 5.945 5.969 5.989 6.009 6.029 6.049 6.069 6.089 6.108 6.128 6.148
4.711 4.711 4.689 4.666 4.644 4.621 4.660 4.716 4.772 4.828 4.842 4.840 4.838 4.836 4.834 4.832 4.830 4.831 4.827 4.825 4.837 4.862 4.887 4.911 4.936 4.961 4.986 5.011 5.036 5.061 5.086 5.111 5.136 5.136 5.186 5.211 5.235 5.240 5.246 5.252 5.259 5.265 5.271 5.277 5.283 5.289 5.296 5.302 5.308 5.308 5.320 5.326 5.333 5.339 5.422 5.532 5.642 5.752 5.809 5.834 5.860 5.885 5.911 5.936 5.962 5.962 6.013 6.038 6.058 6.078 6.098 6.118 6.138 6.158 6.177 6.197 6.217
4.749 4.750 4.727 4.704 4.682 4.659 4.708 4.764 4.820 4.875 4.931 4.968 4.966 4.964 4.963 4.961 4.959 4.959 4.955 4.953 4.968 4.993 5.018 5.043 5.068 5.093 5.118 5.143 5.168 5.192 5.217 5.242 5.267 5.267 5.317 5.291 5.255 5.346 5.370 5.394 5.418 5.442 5.453 5.459 5.465 5.471 5.477 5.483 5.490 5.490 5.502 5.508 5.514 5.520 5.581 5.691 5.800 5.851 5.876 5.902 5.928 5.953 5.979 6.004 6.030 6.030 6.081 6.106 6.127 6.147 6.167 6.187 6.207 6.226 6.246 6.266 6.258
4.787 4.788 4.765 4.742 4.720 4.700 4.756 4.812 4.867 4.923 4.979 5.035 5.090 5.093 5.091 5.089 5.087 5.087 5.084 5.082 5.100 5.125 5.149 5.174 5.199 5.224 5.249 5.274 5.299 5.324 5.349 5.374 5.366 5.366 5.295 5.259 5.261 5.380 5.446 5.471 5.495 5.519 5.543 5.567 5.591 5.615 5.639 5.663 5.671 5.671 5.684 5.690 5.696 5.702 5.739 5.849 5.893 5.919 5.944 5.970 5.995 6.021 6.046 6.072 6.097 6.097 6.148 6.174 6.196 6.216 6.236 6.256 6.276 6.295 6.312 6.303 6.295
4.788 4.788 4.765 4.742 4.720 4.700 4.756 4.812 4.867 4.923 4.979 5.035 5.091 5.093 5.091 5.089 5.087 5.087 5.084 5.082 5.100 5.125 5.149 5.174 5.199 5.224 5.249 5.274 5.299 5.324 5.349 5.374 5.366 5.366 5.295 5.259 5.261 5.380 5.446 5.471 5.495 5.519 5.543 5.567 5.591 5.615 5.639 5.663 5.671 5.671 5.684 5.690 5.696 5.702 5.739 5.849 5.893 5.919 5.944 5.970 5.995 6.021 6.046 6.072 6.097 6.097 6.148 6.174 6.196 6.216 6.236 6.256 6.276 6.295 6.312 6.303 6.295
4.826 4.826 4.803 4.781 4.758 4.748 4.803 4.859 4.915 4.971 5.027 5.082 5.138 5.194 5.219 5.217 5.216 5.216 5.212 5.210 5.231 5.256 5.281 5.306 5.331 5.356 5.381 5.406 5.430 5.442 5.406 5.370 5.334 5.334 5.263 5.227 5.283 5.401 5.519 5.547 5.571 5.595 5.619 5.643 5.668 5.692 5.716 5.740 5.764 5.764 5.812 5.836 5.860 5.884 5.897 5.935 5.961 5.986 6.012 6.038 6.063 6.089 6.114 6.140 6.165 6.165 6.216 6.242 6.265 6.285 6.305 6.325 6.344 6.357 6.349 6.341 6.332
4.864 4.864 4.841 4.819 4.796 4.795 4.851 4.907 4.963 5.019 5.074 5.130 5.186 5.242 5.298 5.346 5.344 5.344 5.340 5.339 5.363 5.388 5.412 5.437 5.462 5.487 5.512 5.482 5.446 5.410 5.374 5.338 5.303 5.303 5.231 5.195 5.304 5.422 5.541 5.624 5.648 5.672 5.696 5.720 5.744 5.768 5.792 5.816 5.840 5.840 5.888 5.913 5.937 5.961 5.983 6.007 6.030 6.054 6.080 6.105 6.131 6.156 6.182 6.207 6.233 6.233 6.284 6.309 6.334 6.354 6.374 6.393 6.403 6.395 6.386 6.378 6.370
4.940 4.940 4.917 4.895 4.872 4.891 4.947 5.003 5.058 5.114 5.170 5.226 5.281 5.337 5.393 5.449 5.505 5.505 5.597 5.601 5.626 5.633 5.597 5.562 5.526 5.490 5.454 5.418 5.382 5.346 5.310 5.275 5.239 5.239 5.167 5.229 5.347 5.465 5.583 5.702 5.801 5.825 5.849 5.873 5.897 5.921 5.945 5.969 5.993 5.994 6.042 6.066 6.089 6.111 6.132 6.154 6.178 6.202 6.226 6.250 6.274 6.298 6.322 6.346 6.370 6.370 6.419 6.445 6.471 6.492 6.495 6.486 6.478 6.470 6.461 6.453 6.445
4.978 4.978 4.955 4.933 4.910 4.939 4.994 5.050 5.106 5.162 5.218 5.273 5.329 5.385 5.441 5.497 5.552 5.552 5.664 5.673 5.637 5.601 5.565 5.530 5.494 5.458 5.422 5.386 5.350 5.314 5.279 5.243 5.207 5.207 5.135 5.250 5.368 5.486 5.605 5.723 5.841 5.901 5.925 5.950 5.974 5.998 6.022 6.046 6.070 6.070 6.118 6.142 6.164 6.185 6.207 6.228 6.252 6.276 6.300 6.324 6.348 6.371 6.396 6.420 6.443 6.444 6.492 6.516 6.539 6.541 6.532 6.524 6.515 6.507 6.499 6.490 6.482
5.016 5.016 4.993 4.971 4.948 4.986 5.042 5.098 5.154 5.210 5.265 5.321 5.377 5.433 5.488 5.544 5.593 5.593 5.656 5.649 5.606 5.569 5.534 5.498 5.462 5.426 5.390 5.354 5.318 5.283 5.247 5.211 5.175 5.175 5.153 5.271 5.390 5.508 5.626 5.744 5.863 5.978 6.002 6.026 6.050 6.074 6.098 6.122 6.147 6.147 6.195 6.217 6.238 6.260 6.281 6.303 6.325 6.349 6.373 6.397 6.421 6.445 6.469 6.493 6.517 6.517 6.565 6.589 6.591 6.584 6.573 6.563 6.553 6.544 6.536 6.528 6.519
5.054 5.054 5.031 5.009 4.986 5.034 5.090 5.146 5.201 5.257 5.313 5.369 5.425 5.480 5.520 5.551 5.583 5.583 5.646 5.624 5.582 5.539 5.502 5.466 5.430 5.394 5.358 5.322 5.286 5.251 5.215 5.179 5.143 5.143 5.174 5.293 5.411 5.529 5.647 5.766 5.884 6.002 6.079 6.103 6.127 6.151 6.175 6.199 6.223 6.223 6.270 6.291 6.313 6.334 6.356 6.377 6.399 6.423 6.447 6.471 6.495 6.519 6.543 6.567 6.591 6.591 6.639 6.639 6.634 6.627 6.617 6.607 6.596 6.586 6.576 6.565 6.557
5.092 5.092 5.069 5.047 5.026 5.082 5.138 5.193 5.249 5.305 5.361 5.415 5.446 5.478 5.510 5.541 5.573 5.573 5.636 5.600 5.557 5.515 5.472 5.434 5.398 5.362 5.326 5.290 5.255 5.219 5.183 5.147 5.111 5.111 5.196 5.314 5.432 5.550 5.669 5.787 5.905 6.023 6.142 6.179 6.203 6.227 6.251 6.276 6.300 6.300 6.344 6.366 6.387 6.409 6.430 6.452 6.473 6.497 6.521 6.545 6.569 6.593 6.617 6.641 6.665 6.665 6.687 6.682 6.676 6.671 6.661 6.650 6.640 6.630 6.620 6.609 6.599
5.130 5.130 5.107 5.085 5.074 5.129 5.185 5.241 5.297 5.342 5.373 5.405 5.436 5.468 5.499 5.531 5.562 5.562 5.618 5.575 5.533 5.490 5.448 5.405 5.366 5.330 5.294 5.259 5.223 5.187 5.151 5.115 5.079 5.079 5.217 5.335 5.454 5.572 5.690 5.808 5.927 6.045 6.163 6.256 6.280 6.304 6.328 6.352 6.376 6.376 6.419 6.440 6.462 6.483 6.505 6.526 6.548 6.570 6.594 6.618 6.642 6.666 6.690 6.714 6.738 6.738 6.730 6.725 6.719 6.714 6.705 6.694 6.684 6.674 6.663 6.653 6.643
5.093 5.093 5.138 5.123 5.121 5.177 5.233 5.268 5.300 5.331 5.363 5.394 5.426 5.458 5.489 5.521 5.552 5.552 5.593 5.551 5.508 5.466 5.423 5.381 5.338 5.298 5.263 5.227 5.191 5.155 5.119 5.083 5.047 5.047 5.238 5.357 5.475 5.593 5.711 5.830 5.948 6.066 6.184 6.303 6.356 6.380 6.405 6.429 6.451 6.451 6.493 6.515 6.536 6.558 6.579 6.601 6.622 6.644 6.668 6.692 6.716 6.740 6.764 6.788 6.783 6.784 6.773 6.767 6.762 6.756 6.748 6.738 6.728 6.717 6.707 6.697 6.686
5.036 5.036 5.081 5.127 5.163 5.195 5.226 5.258 5.290 5.321 5.353 5.384 5.416 5.447 5.479 5.510 5.542 5.542 5.569 5.526 5.484 5.441 5.399 5.356 5.314 5.271 5.231 5.195 5.159 5.123 5.087 5.051 5.023 5.023 5.260 5.378 5.496 5.614 5.733 5.851 5.969 6.087 6.206 6.324 6.433 6.457 6.481 6.504 6.525 6.525 6.568 6.589 6.611 6.632 6.654 6.675 6.697 6.718 6.742 6.766 6.790 6.814 6.837 6.832 6.826 6.826 6.815 6.810 6.805 6.799 6.792 6.782 6.771 6.761 6.751 6.740 6.730
4.980 4.980 5.038 5.107 5.154 5.185 5.216 5.248 5.279 5.311 5.342 5.374 5.405 5.437 5.469 5.500 5.532 5.532 5.544 5.502 5.459 5.417 5.374 5.332 5.289 5.247 5.204 5.163 5.127 5.091 5.055 5.019 5.044 5.045 5.281 5.399 5.517 5.636 5.754 5.872 5.990 6.109 6.227 6.345 6.464 6.534 6.557 6.578 6.599 6.600 6.642 6.664 6.685 6.707 6.728 6.750 6.771 6.793 6.815 6.839 6.863 6.885 6.880 6.874 6.869 6.869 6.858 6.853 6.847 6.842 6.836 6.825 6.815 6.805 6.794 6.784 6.774
4.967 4.967 5.035 5.104 5.146 5.176 5.206 5.238 5.269 5.301 5.332 5.364 5.395 5.427 5.458 5.490 5.521 5.522 5.520 5.477 5.435 5.392 5.350 5.307 5.265 5.222 5.180 5.137 5.095 5.059 5.023 4.988 5.066 5.066 5.302 5.421 5.539 5.657 5.775 5.894 6.012 6.130 6.248 6.367 6.485 6.587 6.628 6.653 6.674 6.674 6.717 6.738 6.760 6.781 6.803 6.824 6.846 6.867 6.889 6.913 6.933 6.928 6.923 6.917 6.912 6.912 6.901 6.895 6.890 6.884 6.879 6.869 6.859 6.848 6.838 6.828 6.817
4.964 4.964 5.033 5.102 5.137 5.168 5.198 5.228 5.259 5.290 5.322 5.353 5.385 5.417 5.448 5.480 5.511 5.511 5.495 5.452 5.410 5.368 5.325 5.283 5.240 5.198 5.155 5.113 5.070 5.028 4.991 4.969 5.087 5.087 5.324 5.442 5.560 5.678 5.797 5.901 6.005 6.108 6.211 6.315 6.418 6.499 6.549 6.589 6.630 6.630 6.711 6.751 6.791 6.832 6.872 6.899 6.920 6.942 6.963 6.982 6.976 6.971 6.965 6.960 6.954 6.954 6.944 6.938 6.933 6.927 6.922 6.913 6.902 6.892 6.882 6.871 6.861
4.962 4.962 5.030 5.099 5.129 5.159 5.189 5.219 5.250 5.280 5.312 5.343 5.375 5.406 5.438 5.469 5.501 5.501 5.470 5.428 5.386 5.343 5.301 5.258 5.216 5.173 5.131 5.088 5.046 5.003 4.961 4.990 5.108 5.109 5.316 5.419 5.523 5.626 5.729 5.833 5.936 6.039 6.143 6.246 6.349 6.411 6.466 6.510 6.551 6.551 6.631 6.672 6.712 6.752 6.793 6.833 6.873 6.914 6.948 6.979 7.019 7.013 7.008 7.003 6.997 6.997 6.986 6.981 6.975 6.970 6.964 6.957 6.946 6.936 6.925 6.915 6.876
4.959 4.959 5.028 5.090 5.121 5.151 5.181 5.211 5.241 5.271 5.301 5.333 5.365 5.396 5.428 5.459 5.491 5.491 5.446 5.404 5.361 5.319 5.276 5.234 5.191 5.149 5.106 5.064 5.021 4.971 4.915 4.944 5.041 5.041 5.247 5.350 5.454 5.557 5.660 5.764 5.867 5.970 6.074 6.177 6.269 6.324 6.378 6.431 6.471 6.471 6.552 6.592 6.633 6.673 6.713 6.754 6.794 6.831 6.835 6.858 6.906 6.954 7.001 7.045 7.040 7.040 7.029 7.024 7.018 7.013 7.007 7.000 6.990 6.979 6.969 6.920 6.846
4.959 4.959 5.028 5.090 5.121 5.151 5.181 5.211 5.241 5.271 5.302 5.333 5.365 5.396 5.428 5.459 5.491 5.491 5.446 5.404 5.361 5.319 5.276 5.234 5.191 5.149 5.106 5.064 5.021 4.971 4.915 4.944 5.041 5.041 5.247 5.350 5.454 5.557 5.660 5.764 5.867 5.970 6.074 6.177 6.269 6.324 6.378 6.431 6.471 6.471 6.552 6.592 6.633 6.673 6.713 6.754 6.794 6.831 6.835 6.858 6.906 6.954 7.001 7.045 7.040 7.040 7.029 7.023 7.018 7.013 7.007 7.000 6.990 6.979 6.969 6.920 6.846
4.957 4.957 5.025 5.082 5.112 5.142 5.172 5.203 5.233 5.263 5.293 5.323 5.354 5.386 5.417 5.449 5.481 5.481 5.422 5.379 5.337 5.294 5.252 5.209 5.167 5.124 5.076 5.020 4.964 4.908 4.852 4.911 4.977 4.977 5.178 5.282 5.385 5.488 5.592 5.695 5.798 5.902 6.005 6.108 6.181 6.236 6.291 6.345 6.392 6.392 6.473 6.513 6.554 6.594 6.634 6.675 6.713 6.718 6.723 6.738 6.786 6.833 6.881 6.929 6.976 6.976 7.072 7.066 7.061 7.055 7.050 7.044 7.034 7.023 6.964 6.890 6.816
4.954 4.954 5.023 5.074 5.104 5.134 5.164 5.194 5.224 5.254 5.285 5.315 5.345 5.376 5.407 5.439 5.470 5.470 5.397 5.355 5.312 5.270 5.227 5.181 5.125 5.069 5.013 4.957 4.901 4.846 4.811 4.877 4.944 4.944 5.110 5.213 5.316 5.420 5.523 5.626 5.730 5.833 5.936 6.039 6.094 6.148 6.203 6.258 6.312 6.312 6.394 6.434 6.474 6.515 6.555 6.595 6.600 6.605 6.610 6.617 6.665 6.713 6.760 6.808 6.856 6.856 6.951 6.999 7.047 7.094 7.093 7.087 7.077 7.007 6.934 6.860 6.786
4.949 4.949 5.017 5.057 5.087 5.117 5.147 5.177 5.207 5.238 5.268 5.298 5.328 5.358 5.388 5.418 5.433 5.433 5.336 5.280 5.224 5.168 5.112 5.056 5.000 4.944 4.888 4.832 4.776 4.721 4.744 4.810 4.877 4.877 5.009 5.076 5.179 5.282 5.385 5.489 5.592 5.695 5.799 5.864 5.919 5.973 6.028 6.082 6.137 6.137 6.235 6.276 6.316 6.356 6.366 6.370 6.375 6.380 6.385 6.389 6.424 6.472 6.520 6.567 6.615 6.615 6.710 6.758 6.806 6.853 6.875 6.868 6.859 6.850 6.840 6.800 6.726
4.946 4.946 5.015 5.048 5.078 5.109 5.139 5.169 5.199 5.229 5.259 5.289 5.319 5.350 5.380 5.397 5.383 5.383 5.273 5.217 5.161 5.105 5.049 4.993 4.938 4.882 4.826 4.770 4.714 4.658 4.711 4.777 4.843 4.843 4.976 5.042 5.110 5.213 5.317 5.420 5.523 5.627 5.722 5.776 5.831 5.885 5.940 5.995 6.049 6.049 6.156 6.196 6.237 6.248 6.253 6.258 6.262 6.267 6.272 6.277 6.304 6.351 6.399 6.447 6.495 6.495 6.590 6.638 6.685 6.689 6.682 6.675 6.667 6.657 6.647 6.638 6.628
4.944 4.944 5.010 5.040 5.070 5.100 5.130 5.160 5.190 5.221 5.251 5.281 5.310 5.319 5.327 5.335 5.311 5.311 5.211 5.155 5.099 5.043 4.987 4.931 4.875 4.819 4.763 4.707 4.652 4.611 4.677 4.744 4.810 4.810 4.942 5.009 5.075 5.145 5.248 5.351 5.455 5.558 5.634 5.689 5.743 5.798 5.852 5.907 5.962 5.962 6.071 6.117 6.131 6.135 6.140 6.145 6.150 6.154 6.159 6.164 6.183 6.231 6.279 6.326 6.374 6.374 6.469 6.509 6.502 6.496 6.489 6.482 6.474 6.464 6.455 6.445 6.435
4.941 4.941 5.001 5.031 5.061 5.092 5.122 5.152 5.182 5.212 5.231 5.240 5.248 5.256 5.265 5.273 5.239 5.239 5.143 5.092 5.036 4.980 4.924 4.869 4.813 4.757 4.701 4.645 4.589 4.578 4.644 4.710 4.777 4.777 4.909 4.975 5.042 5.108 5.179 5.282 5.386 5.489 5.546 5.601 5.655 5.710 5.765 5.819 5.874 5.874 5.991 6.030 6.018 6.023 6.027 6.032 6.037 6.042 6.046 6.051 6.063 6.111 6.158 6.206 6.254 6.254 6.323 6.316 6.309 6.303 6.296 6.289 6.281 6.272 6.262 6.252 6.243
4.939 4.939 4.993 5.023 5.053 5.083 5.113 5.143 5.152 5.161 5.169 5.178 5.186 5.194 5.203 5.211 5.167 5.167 5.071 5.023 4.974 4.918 4.862 4.806 4.750 4.694 4.638 4.582 4.527 4.544 4.611 4.677 4.743 4.743 4.876 4.942 5.008 5.075 5.141 5.214 5.317 5.404 5.459 5.513 5.568 5.622 5.683 5.745 5.808 5.808 5.933 5.965 5.949 5.933 5.917 5.920 5.924 5.929 5.934 5.939 5.943 5.990 6.038 6.085 6.133 6.133 6.130 6.123 6.117 6.110 6.103 6.096 6.089 6.079 6.069 6.059 6.050
