includes/lisflood/camargue/results_R4_t1.561730198035E12/res-0006.wdfp
ncols         906
nrows         631
xllcorner     362177.146667
yllcorner     6534725.688020
cellsize      20.000000
NODATA_value  -9999.000000
[rows 510 to 543 of 631, columns 462 to 538 of 906]
3.637 3.644 3.650 3.656 3.663 3.669 3.675 3.682 3.688 3.694 3.701 3.711 3.723 3.746 3.746 3.757 3.769 3.782 3.794 3.806 3.819 3.831 3.844 3.856 3.869 3.870 3.869 3.868 3.867 3.865 3.865 3.864 3.864 3.864 3.864 3.865 3.865 3.865 3.865 3.865 3.865 3.866 3.866 3.866 3.866 3.864 3.865 3.862 3.870 3.877 3.885 3.892 3.899 3.906 3.912 3.919 3.926 3.933 3.940 3.947 3.937 3.859 3.860 3.821 3.782 3.743 3.705 3.666 3.611 3.545 3.479 3.138 3.407 3.481 3.555 3.620 3.661
3.672 3.677 3.684 3.690 3.696 3.703 3.709 3.715 3.722 3.728 3.735 3.743 3.754 3.777 3.778 3.790 3.802 3.815 3.827 3.840 3.852 3.865 3.877 3.890 3.902 3.915 3.919 3.918 3.917 3.915 3.915 3.915 3.915 3.915 3.915 3.915 3.916 3.916 3.916 3.916 3.916 3.916 3.916 3.917 3.917 3.918 3.918 3.927 3.939 3.947 3.954 3.961 3.968 3.975 3.982 3.989 3.996 4.003 4.010 4.017 3.997 3.920 3.920 3.881 3.843 3.804 3.765 3.726 3.688 3.649 3.611 3.572 3.551 3.593 3.634 3.676 3.717
3.692 3.698 3.703 3.709 3.714 3.720 3.726 3.732 3.739 3.745 3.751 3.759 3.770 3.794 3.794 3.807 3.819 3.832 3.844 3.856 3.869 3.881 3.894 3.906 3.919 3.931 3.944 3.943 3.942 3.940 3.940 3.940 3.940 3.940 3.941 3.941 3.941 3.941 3.941 3.941 3.942 3.942 3.942 3.943 3.943 3.944 3.944 3.954 3.967 3.979 3.989 3.996 4.003 4.010 4.017 4.024 4.031 4.038 4.045 4.052 4.027 3.950 3.950 3.911 3.873 3.834 3.795 3.757 3.718 3.679 3.641 2.978 3.624 3.637 3.662 3.704 3.745
3.713 3.718 3.724 3.729 3.734 3.740 3.745 3.751 3.756 3.762 3.768 3.775 3.786 3.811 3.811 3.823 3.836 3.848 3.861 3.873 3.886 3.898 3.910 3.923 3.935 3.948 3.960 3.968 3.967 3.965 3.966 3.966 3.966 3.966 3.966 3.966 3.966 3.966 3.967 3.967 3.968 3.968 3.969 3.969 3.969 3.970 3.970 3.982 3.994 4.007 4.019 4.030 4.037 4.044 4.051 4.058 4.065 4.072 4.079 4.086 4.057 3.980 3.980 3.941 3.903 3.864 3.825 3.787 3.748 3.725 3.717 2.997 3.707 3.720 3.732 3.745 3.773
3.733 3.738 3.744 3.749 3.755 3.760 3.766 3.771 3.777 3.782 3.788 3.793 3.803 3.828 3.828 3.840 3.853 3.865 3.877 3.890 3.902 3.915 3.927 3.940 3.952 3.964 3.977 3.989 3.992 3.991 3.991 3.991 3.991 3.991 3.991 3.992 3.992 3.992 3.993 3.993 3.994 3.994 3.995 3.995 3.996 3.998 3.998 4.010 4.022 4.034 4.047 4.059 4.071 4.079 4.086 4.093 4.100 4.107 4.114 4.121 4.088 4.010 4.010 3.971 3.933 3.894 3.855 3.823 3.815 3.807 3.800 3.792 3.790 3.802 3.815 3.828 3.840
3.753 3.759 3.764 3.770 3.775 3.781 3.786 3.792 3.797 3.802 3.808 3.814 3.823 3.847 3.847 3.859 3.871 3.883 3.895 3.907 3.919 3.931 3.944 3.956 3.969 3.981 3.994 4.006 4.018 4.016 4.016 4.016 4.017 4.017 4.017 4.018 4.018 4.019 4.019 4.020 4.020 4.020 4.021 4.021 4.022 4.025 4.026 4.038 4.050 4.062 4.074 4.087 4.099 4.111 4.121 4.128 4.135 4.142 4.149 4.156 4.118 4.040 4.040 4.002 3.963 3.924 3.913 3.905 3.897 3.890 3.882 3.874 3.872 3.885 3.898 3.910 3.923
3.774 3.779 3.785 3.790 3.796 3.801 3.806 3.812 3.817 3.823 3.829 3.835 3.843 3.866 3.867 3.879 3.891 3.902 3.914 3.926 3.938 3.950 3.962 3.974 3.986 3.998 4.010 4.023 4.035 4.041 4.042 4.042 4.043 4.043 4.043 4.044 4.044 4.045 4.045 4.046 4.046 4.047 4.047 4.048 4.048 4.053 4.053 4.066 4.078 4.090 4.102 4.115 4.127 4.139 4.151 4.163 4.170 4.177 4.184 4.186 4.148 4.070 4.070 4.032 4.011 4.003 3.995 3.988 3.980 3.972 3.965 3.957 3.955 3.968 3.980 3.993 4.006
3.794 3.800 3.805 3.810 3.816 3.821 3.827 3.832 3.838 3.844 3.850 3.856 3.862 3.886 3.886 3.898 3.910 3.922 3.934 3.946 3.958 3.970 3.982 3.994 4.006 4.018 4.030 4.042 4.054 4.068 4.068 4.068 4.069 4.069 4.070 4.070 4.071 4.071 4.071 4.072 4.072 4.073 4.073 4.074 4.074 4.081 4.081 4.094 4.106 4.118 4.130 4.142 4.155 4.167 4.179 4.191 4.203 4.211 4.218 4.217 4.178 4.109 4.109 4.101 4.093 4.086 4.078 4.070 4.062 4.055 4.047 4.039 4.038 4.051 4.063 4.076 4.089
3.814 3.820 3.825 3.831 3.836 3.842 3.847 3.853 3.859 3.865 3.871 3.877 3.883 3.906 3.906 3.918 3.930 3.942 3.954 3.966 3.978 3.989 4.001 4.013 4.025 4.037 4.049 4.061 4.066 4.081 4.081 4.091 4.095 4.095 4.096 4.096 4.097 4.097 4.098 4.098 4.099 4.099 4.100 4.100 4.100 4.109 4.109 4.121 4.134 4.146 4.158 4.170 4.182 4.195 4.207 4.219 4.231 4.243 4.253 4.247 4.208 4.191 4.191 4.184 4.176 4.168 4.160 4.153 4.145 4.137 4.130 4.122 4.121 4.133 4.146 4.159 4.171
3.835 3.840 3.846 3.851 3.857 3.862 3.868 3.874 3.880 3.886 3.892 3.898 3.904 3.925 3.925 3.937 3.949 3.961 3.973 3.985 3.997 4.009 4.021 4.033 4.045 4.057 4.069 4.073 4.076 4.091 4.091 4.101 4.112 4.122 4.122 4.123 4.123 4.123 4.124 4.124 4.125 4.125 4.126 4.126 4.127 4.137 4.137 4.149 4.161 4.174 4.186 4.198 4.210 4.222 4.235 4.247 4.259 4.271 4.283 4.297 4.289 4.274 4.274 4.266 4.258 4.251 4.243 4.235 4.228 4.220 4.212 4.204 4.204 4.216 4.229 4.241 4.254
3.855 3.861 3.866 3.872 3.877 3.883 3.889 3.895 3.901 3.907 3.913 3.919 3.925 3.945 3.945 3.957 3.969 3.981 3.993 4.005 4.017 4.029 4.041 4.053 4.065 4.075 4.079 4.083 4.087 4.101 4.101 4.112 4.122 4.133 4.143 4.149 4.149 4.150 4.150 4.151 4.151 4.152 4.152 4.152 4.153 4.165 4.165 4.177 4.189 4.201 4.214 4.226 4.238 4.250 4.262 4.275 4.287 4.293 4.298 4.315 4.348 4.356 4.356 4.349 4.341 4.333 4.325 4.318 4.310 4.302 4.295 4.287 4.286 4.299 4.312 4.324 4.337
3.876 3.881 3.886 3.892 3.898 3.904 3.910 3.916 3.922 3.928 3.934 3.940 3.946 3.964 3.964 3.976 3.988 4.000 4.012 4.024 4.036 4.048 4.060 4.072 4.081 4.085 4.089 4.093 4.097 4.111 4.111 4.122 4.132 4.143 4.153 4.164 4.174 4.176 4.176 4.177 4.177 4.178 4.178 4.179 4.179 4.193 4.193 4.205 4.217 4.229 4.241 4.254 4.266 4.278 4.290 4.297 4.301 4.305 4.310 4.328 4.361 4.427 4.427 4.431 4.423 4.416 4.408 4.400 4.393 4.385 4.377 4.369 4.369 4.382 4.394 4.407 4.420
3.896 3.901 3.907 3.913 3.919 3.925 3.931 3.937 3.943 3.949 3.955 3.961 3.967 3.984 3.984 3.996 4.008 4.020 4.032 4.044 4.056 4.068 4.080 4.088 4.092 4.096 4.100 4.104 4.108 4.121 4.121 4.132 4.142 4.153 4.163 4.174 4.184 4.195 4.203 4.203 4.203 4.204 4.204 4.205 4.205 4.220 4.221 4.233 4.245 4.257 4.269 4.282 4.294 4.300 4.305 4.309 4.313 4.317 4.322 4.342 4.375 4.441 4.441 4.474 4.506 4.498 4.491 4.483 4.475 4.467 4.460 4.452 4.452 4.465 4.477 4.490 4.502
3.916 3.922 3.928 3.934 3.940 3.946 3.952 3.958 3.964 3.970 3.976 3.982 3.988 4.004 4.004 4.016 4.028 4.039 4.051 4.063 4.075 4.087 4.094 4.098 4.102 4.106 4.110 4.114 4.118 4.131 4.131 4.142 4.152 4.163 4.173 4.184 4.194 4.205 4.215 4.226 4.230 4.230 4.231 4.231 4.231 4.248 4.248 4.261 4.273 4.285 4.297 4.304 4.308 4.312 4.316 4.321 4.325 4.329 4.334 4.356 4.389 4.454 4.454 4.487 4.520 4.553 4.573 4.565 4.558 4.550 4.542 4.535 4.535 4.547 4.560 4.573 4.585
3.916 3.922 3.928 3.934 3.940 3.946 3.952 3.958 3.964 3.970 3.976 3.982 3.988 4.004 4.004 4.016 4.028 4.040 4.051 4.063 4.075 4.087 4.094 4.098 4.102 4.106 4.110 4.114 4.118 4.131 4.131 4.142 4.152 4.163 4.173 4.184 4.194 4.205 4.215 4.226 4.230 4.230 4.231 4.231 4.231 4.248 4.248 4.261 4.273 4.285 4.297 4.304 4.308 4.312 4.316 4.321 4.325 4.329 4.334 4.356 4.388 4.454 4.454 4.487 4.520 4.553 4.573 4.565 4.558 4.550 4.542 4.534 4.535 4.547 4.560 4.572 4.585
3.937 3.943 3.949 3.955 3.961 3.967 3.973 3.979 3.985 3.991 3.997 4.003 4.009 4.023 4.023 4.035 4.047 4.059 4.071 4.083 4.095 4.101 4.105 4.109 4.113 4.117 4.121 4.125 4.128 4.141 4.141 4.152 4.162 4.173 4.183 4.194 4.204 4.215 4.225 4.236 4.246 4.256 4.257 4.257 4.258 4.276 4.276 4.288 4.301 4.307 4.311 4.316 4.320 4.324 4.328 4.333 4.337 4.341 4.345 4.369 4.402 4.468 4.468 4.501 4.534 4.567 4.600 4.632 4.640 4.632 4.625 4.617 4.618 4.630 4.643 4.655 4.661
3.958 3.964 3.970 3.976 3.982 3.988 3.994 4.000 4.006 4.012 4.018 4.024 4.030 4.043 4.043 4.055 4.067 4.079 4.091 4.103 4.107 4.111 4.115 4.119 4.123 4.127 4.131 4.135 4.139 4.151 4.151 4.162 4.172 4.183 4.193 4.204 4.214 4.225 4.235 4.246 4.256 4.267 4.277 4.283 4.284 4.304 4.304 4.310 4.315 4.319 4.323 4.328 4.332 4.336 4.340 4.345 4.349 4.353 4.357 4.383 4.416 4.481 4.482 4.515 4.547 4.580 4.613 4.646 4.679 4.712 4.707 4.699 4.700 4.713 4.725 4.719 4.712
4.030 4.032 4.034 4.037 4.039 4.041 4.043 4.045 4.048 4.054 4.060 4.066 4.072 4.084 4.085 4.094 4.106 4.116 4.120 4.124 4.128 4.132 4.136 4.140 4.144 4.148 4.152 4.156 4.160 4.171 4.172 4.182 4.193 4.203 4.214 4.224 4.235 4.245 4.255 4.266 4.276 4.287 4.297 4.314 4.337 4.330 4.330 4.334 4.339 4.343 4.347 4.352 4.356 4.360 4.364 4.369 4.373 4.377 4.381 4.410 4.443 4.509 4.509 4.542 4.575 4.608 4.641 4.673 4.706 4.739 4.772 4.805 4.830 4.835 4.829 4.822 4.816
4.062 4.070 4.072 4.074 4.076 4.078 4.080 4.082 4.085 4.087 4.089 4.091 4.093 4.105 4.106 4.114 4.123 4.127 4.131 4.135 4.139 4.143 4.146 4.150 4.154 4.158 4.162 4.166 4.170 4.182 4.182 4.192 4.203 4.213 4.224 4.234 4.245 4.255 4.266 4.276 4.287 4.299 4.322 4.346 4.370 4.359 4.359 4.352 4.351 4.355 4.359 4.364 4.368 4.372 4.376 4.381 4.385 4.389 4.393 4.424 4.457 4.522 4.523 4.555 4.588 4.621 4.654 4.687 4.720 4.753 4.785 4.817 4.842 4.858 4.875 4.874 4.868
4.089 4.107 4.109 4.111 4.113 4.115 4.118 4.120 4.122 4.124 4.126 4.128 4.130 4.134 4.135 4.138 4.133 4.137 4.141 4.145 4.149 4.153 4.157 4.161 4.165 4.169 4.173 4.177 4.181 4.192 4.192 4.202 4.213 4.223 4.234 4.244 4.255 4.265 4.276 4.286 4.307 4.331 4.355 4.378 4.402 4.391 4.391 4.383 4.376 4.368 4.371 4.375 4.380 4.384 4.388 4.393 4.397 4.401 4.405 4.437 4.470 4.536 4.536 4.569 4.602 4.635 4.668 4.701 4.733 4.765 4.797 4.830 4.854 4.870 4.887 4.904 4.919
4.116 4.144 4.146 4.149 4.151 4.153 4.155 4.157 4.159 4.161 4.163 4.166 4.168 4.177 4.177 4.188 4.177 4.165 4.153 4.156 4.159 4.163 4.167 4.171 4.175 4.179 4.183 4.187 4.191 4.202 4.202 4.212 4.223 4.233 4.244 4.254 4.265 4.275 4.292 4.316 4.340 4.363 4.387 4.411 4.434 4.422 4.422 4.415 4.407 4.399 4.392 4.388 4.392 4.396 4.400 4.405 4.409 4.413 4.418 4.451 4.484 4.550 4.550 4.583 4.616 4.649 4.681 4.713 4.745 4.778 4.810 4.842 4.865 4.882 4.899 4.916 4.933
4.143 4.181 4.184 4.186 4.188 4.190 4.192 4.194 4.197 4.199 4.201 4.203 4.205 4.224 4.224 4.235 4.227 4.215 4.204 4.192 4.180 4.174 4.178 4.182 4.186 4.190 4.194 4.197 4.201 4.212 4.212 4.222 4.233 4.243 4.254 4.264 4.277 4.301 4.325 4.348 4.372 4.396 4.419 4.443 4.467 4.454 4.454 4.446 4.438 4.431 4.423 4.416 4.408 4.408 4.412 4.417 4.421 4.425 4.432 4.465 4.498 4.563 4.564 4.596 4.629 4.661 4.693 4.726 4.758 4.790 4.822 4.854 4.877 4.894 4.911 4.928 4.945
4.170 4.208 4.221 4.223 4.225 4.227 4.230 4.232 4.234 4.236 4.238 4.240 4.250 4.272 4.272 4.283 4.277 4.265 4.254 4.242 4.230 4.219 4.207 4.195 4.196 4.200 4.204 4.208 4.212 4.222 4.222 4.233 4.243 4.254 4.264 4.286 4.309 4.333 4.357 4.381 4.404 4.428 4.452 4.475 4.499 4.485 4.485 4.477 4.470 4.462 4.455 4.447 4.439 4.432 4.424 4.429 4.433 4.437 4.446 4.478 4.511 4.577 4.577 4.609 4.641 4.674 4.706 4.738 4.770 4.802 4.835 4.867 4.889 4.906 4.923 4.940 4.956
4.197 4.235 4.258 4.261 4.263 4.265 4.267 4.269 4.271 4.273 4.276 4.287 4.297 4.319 4.319 4.330 4.327 4.316 4.304 4.292 4.280 4.269 4.257 4.245 4.234 4.222 4.214 4.218 4.222 4.232 4.232 4.243 4.253 4.271 4.294 4.318 4.342 4.365 4.389 4.413 4.437 4.460 4.484 4.508 4.531 4.516 4.517 4.509 4.501 4.494 4.486 4.478 4.471 4.463 4.456 4.448 4.445 4.449 4.459 4.492 4.525 4.589 4.589 4.622 4.654 4.686 4.718 4.750 4.783 4.815 4.847 4.879 4.901 4.918 4.935 4.952 4.968
4.224 4.262 4.296 4.298 4.300 4.302 4.304 4.306 4.309 4.312 4.323 4.334 4.345 4.366 4.366 4.377 4.378 4.366 4.354 4.342 4.331 4.319 4.307 4.295 4.284 4.272 4.260 4.249 4.237 4.242 4.242 4.256 4.279 4.303 4.327 4.350 4.374 4.398 4.421 4.445 4.469 4.492 4.516 4.540 4.563 4.548 4.548 4.540 4.533 4.525 4.517 4.510 4.502 4.495 4.487 4.479 4.472 4.464 4.473 4.505 4.537 4.602 4.602 4.634 4.666 4.698 4.731 4.763 4.795 4.827 4.859 4.892 4.913 4.930 4.947 4.963 4.980
4.251 4.289 4.326 4.335 4.337 4.339 4.342 4.344 4.348 4.359 4.370 4.381 4.392 4.414 4.414 4.425 4.428 4.416 4.404 4.393 4.381 4.369 4.357 4.346 4.334 4.322 4.310 4.299 4.287 4.258 4.258 4.288 4.312 4.335 4.359 4.383 4.406 4.430 4.454 4.477 4.501 4.525 4.548 4.572 4.595 4.579 4.579 4.572 4.564 4.557 4.549 4.541 4.534 4.526 4.518 4.511 4.503 4.494 4.493 4.518 4.550 4.614 4.614 4.646 4.679 4.711 4.743 4.775 4.807 4.840 4.872 4.904 4.925 4.942 4.958 4.975 4.992
4.278 4.316 4.353 4.373 4.375 4.377 4.379 4.385 4.396 4.407 4.418 4.428 4.439 4.461 4.461 4.472 4.478 4.466 4.454 4.443 4.431 4.419 4.407 4.396 4.384 4.372 4.361 4.349 4.332 4.269 4.269 4.304 4.340 4.368 4.391 4.415 4.439 4.462 4.486 4.510 4.533 4.557 4.581 4.604 4.626 4.611 4.611 4.603 4.596 4.588 4.580 4.573 4.565 4.558 4.550 4.541 4.530 4.519 4.520 4.544 4.568 4.627 4.627 4.659 4.691 4.723 4.755 4.788 4.820 4.852 4.884 4.916 4.937 4.954 4.970 4.987 5.004
4.305 4.342 4.380 4.410 4.412 4.414 4.421 4.432 4.443 4.454 4.465 4.476 4.487 4.508 4.508 4.519 4.528 4.516 4.505 4.493 4.481 4.469 4.458 4.446 4.434 4.423 4.411 4.383 4.345 4.279 4.279 4.315 4.350 4.386 4.421 4.447 4.471 4.495 4.518 4.542 4.566 4.589 4.613 4.637 4.657 4.642 4.642 4.635 4.627 4.619 4.612 4.604 4.597 4.589 4.578 4.566 4.555 4.544 4.547 4.570 4.594 4.642 4.642 4.671 4.703 4.736 4.768 4.800 4.832 4.864 4.897 4.929 4.949 4.965 4.982 4.999 5.016
4.332 4.369 4.407 4.444 4.449 4.458 4.469 4.480 4.490 4.501 4.512 4.523 4.534 4.556 4.556 4.567 4.578 4.567 4.555 4.543 4.531 4.520 4.508 4.496 4.484 4.472 4.434 4.395 4.357 4.290 4.290 4.326 4.361 4.396 4.432 4.467 4.502 4.527 4.551 4.574 4.598 4.622 4.645 4.669 4.689 4.674 4.674 4.666 4.658 4.651 4.643 4.636 4.625 4.614 4.603 4.592 4.581 4.570 4.573 4.597 4.621 4.668 4.668 4.692 4.716 4.748 4.780 4.812 4.845 4.877 4.909 4.941 4.960 4.977 4.994 5.011 5.028
4.346 4.386 4.427 4.467 4.494 4.505 4.516 4.527 4.538 4.549 4.559 4.570 4.581 4.603 4.603 4.614 4.625 4.617 4.605 4.593 4.581 4.570 4.558 4.546 4.523 4.484 4.446 4.408 4.370 4.301 4.301 4.336 4.372 4.407 4.442 4.478 4.513 4.548 4.583 4.607 4.630 4.654 4.678 4.702 4.720 4.705 4.705 4.698 4.690 4.682 4.672 4.661 4.650 4.639 4.628 4.617 4.606 4.595 4.600 4.623 4.647 4.695 4.695 4.719 4.742 4.766 4.793 4.825 4.857 4.889 4.921 4.954 4.972 4.989 5.006 5.023 5.039
4.346 4.386 4.427 4.467 4.494 4.505 4.516 4.527 4.538 4.549 4.559 4.570 4.581 4.603 4.603 4.614 4.625 4.617 4.605 4.593 4.581 4.570 4.558 4.546 4.523 4.484 4.446 4.408 4.370 4.301 4.301 4.336 4.372 4.407 4.442 4.478 4.513 4.548 4.583 4.607 4.630 4.654 4.678 4.701 4.720 4.705 4.705 4.698 4.690 4.682 4.672 4.661 4.650 4.639 4.628 4.617 4.606 4.595 4.600 4.623 4.647 4.695 4.695 4.719 4.742 4.766 4.793 4.825 4.857 4.889 4.921 4.953 4.972 4.989 5.006 5.023 5.039
4.352 4.393 4.434 4.464 4.493 4.524 4.554 4.574 4.585 4.596 4.607 4.618 4.629 4.650 4.650 4.661 4.672 4.667 4.655 4.643 4.632 4.620 4.608 4.573 4.535 4.497 4.459 4.421 4.383 4.311 4.312 4.347 4.382 4.418 4.453 4.489 4.524 4.559 4.595 4.630 4.663 4.686 4.710 4.734 4.752 4.737 4.737 4.729 4.720 4.709 4.698 4.687 4.676 4.665 4.653 4.642 4.631 4.620 4.626 4.650 4.674 4.721 4.721 4.745 4.769 4.793 4.816 4.840 4.869 4.902 4.934 4.966 4.984 5.001 5.018 5.035 5.057
4.359 4.400 4.429 4.458 4.488 4.518 4.549 4.579 4.609 4.640 4.654 4.665 4.676 4.698 4.698 4.709 4.719 4.717 4.705 4.693 4.682 4.663 4.624 4.586 4.548 4.510 4.472 4.434 4.396 4.322 4.322 4.358 4.393 4.428 4.464 4.499 4.535 4.570 4.605 4.641 4.676 4.711 4.742 4.766 4.783 4.767 4.767 4.756 4.745 4.734 4.723 4.712 4.701 4.690 4.679 4.668 4.657 4.646 4.653 4.677 4.700 4.748 4.748 4.772 4.795 4.819 4.843 4.867 4.890 4.914 4.946 4.978 4.996 5.013 5.034 5.057 5.078
4.361 4.390 4.418 4.447 4.476 4.507 4.537 4.568 4.598 4.628 4.659 4.689 4.720 4.780 4.781 4.803 4.814 4.817 4.803 4.764 4.726 4.688 4.650 4.612 4.574 4.536 4.497 4.459 4.421 4.345 4.345 4.379 4.415 4.450 4.485 4.521 4.556 4.591 4.627 4.662 4.698 4.733 4.768 4.799 4.821 4.818 4.818 4.807 4.796 4.785 4.774 4.763 4.752 4.740 4.729 4.718 4.707 4.696 4.706 4.730 4.754 4.801 4.801 4.825 4.849 4.872 4.896 4.920 4.944 4.967 4.990 5.011 5.032 5.054 5.076 5.099 5.120
