includes/lisflood/camargue/results_R4_t1.561730198035E12/res-0001.wd
ncols         906
nrows         631
xllcorner     362177.146667
yllcorner     6534725.688020
cellsize      20.000000
NODATA_value  -9999.000000
[rows 442 to 475 of 631, columns 231 to 307 of 906]
0.342 0.361 0.392 0.392 0.431 0.000 0.000 0.000 0.000 0.000 0.000 0.000 0.000 0.000 0.000 0.000 0.000 0.000 0.000 0.000 0.000 0.000 0.000 0.000 0.000 0.000 0.000 0.000 0.000 0.000 0.000 0.000 0.000 0.000 0.000 0.000 0.000 0.000 0.000 0.000 0.000 0.000 0.000 0.000 0.000 0.000 0.000 0.000 0.000 0.000 0.000 0.000 0.000 0.000 0.000 0.000 0.000 0.000 0.000 0.000 0.000 0.000 0.000 0.000 0.000 0.000 0.000 0.000 0.000 0.000 0.000 0.000 0.000 0.000 0.000 0.000 0.000
0.342 0.361 0.391 0.391 0.431 0.000 0.000 0.000 0.000 0.000 0.000 0.000 0.000 0.000 0.000 0.000 0.000 0.000 0.000 0.000 0.000 0.000 0.000 0.000 0.000 0.000 0.000 0.000 0.000 0.000 0.000 0.000 0.000 0.000 0.000 0.000 0.000 0.000 0.000 0.000 0.000 0.000 0.000 0.000 0.000 0.000 0.000 0.000 0.000 0.000 0.000 0.000 0.000 0.000 0.000 0.000 0.000 0.000 0.000 0.000 0.000 0.000 0.000 0.000 0.000 0.000 0.000 0.000 0.000 0.000 0.000 0.000 0.000 0.000 0.000 0.000 0.000
0.502 0.551 0.400 0.401 0.360 0.340 0.290 0.000 0.000 0.000 0.000 0.000 0.000 0.000 0.000 0.000 0.000 0.000 0.000 0.000 0.000 0.000 0.000 0.000 0.000 0.000 0.000 0.000 0.000 0.000 0.000 0.000 0.000 0.000 0.000 0.000 0.000 0.000 0.000 0.000 0.000 0.000 0.000 0.000 0.000 0.000 0.000 0.000 0.000 0.000 0.000 0.000 0.000 0.000 0.000 0.000 0.000 0.000 0.000 0.000 0.000 0.000 0.000 0.000 0.000 0.000 0.000 0.000 0.000 0.000 0.000 0.000 0.000 0.000 0.000 0.000 0.000
0.531 0.611 0.391 0.390 0.510 0.440 0.000 0.000 0.000 0.000 0.000 0.000 0.000 0.000 0.000 0.000 0.000 0.000 0.000 0.000 0.000 0.000 0.000 0.000 0.000 0.000 0.000 0.000 0.000 0.000 0.000 0.000 0.000 0.000 0.000 0.000 0.000 0.000 0.000 0.000 0.000 0.000 0.000 0.000 0.000 0.000 0.000 0.000 0.000 0.000 0.000 0.000 0.000 0.000 0.000 0.000 0.000 0.000 0.000 0.000 0.000 0.000 0.000 0.000 0.000 0.000 0.000 0.000 0.000 0.000 0.000 0.000 0.000 0.000 0.000 0.000 0.000
0.591 0.500 0.600 0.599 0.499 0.419 0.378 0.377 0.326 0.286 0.000 0.000 0.000 0.000 0.000 0.000 0.000 0.000 0.000 0.000 0.000 0.000 0.000 0.000 0.000 0.000 0.000 0.000 0.000 0.000 0.000 0.000 0.000 0.000 0.000 0.000 0.000 0.000 0.000 0.000 0.000 0.000 0.000 0.000 0.000 0.000 0.000 0.000 0.000 0.000 0.000 0.000 0.000 0.000 0.000 0.000 0.000 0.000 0.000 0.000 0.000 0.000 0.000 0.000 0.000 0.000 0.000 0.000 0.000 0.000 0.000 0.000 0.000 0.000 0.000 0.000 0.000
0.560 0.530 0.529 0.529 0.499 0.508 0.507 0.397 0.456 0.285 0.454 0.254 0.124 0.204 0.000 0.000 0.000 0.000 0.000 0.000 0.000 0.000 0.000 0.000 0.000 0.000 0.000 0.000 0.000 0.000 0.000 0.000 0.000 0.000 0.000 0.000 0.000 0.000 0.000 0.000 0.000 0.000 0.000 0.000 0.000 0.000 0.000 0.000 0.000 0.000 0.000 0.000 0.000 0.000 0.000 0.000 0.000 0.000 0.000 0.000 0.000 0.000 0.000 0.000 0.000 0.000 0.000 0.000 0.000 0.000 0.000 0.000 0.000 0.000 0.000 0.000 0.000
0.669 0.609 0.669 0.668 0.588 0.567 0.497 0.506 0.445 0.294 0.294 0.253 0.272 0.973 0.000 0.000 0.000 0.000 0.000 0.000 0.000 0.000 0.000 0.000 0.000 0.000 0.000 0.000 0.000 0.000 0.000 0.000 0.000 0.000 0.000 0.000 0.000 0.000 0.000 0.000 0.000 0.000 0.000 0.000 0.000 0.000 0.000 0.000 0.000 0.000 0.000 0.000 0.000 0.000 0.000 0.000 0.000 0.000 0.000 0.000 0.000 0.000 0.000 0.000 0.000 0.000 0.000 0.000 0.000 0.000 0.000 0.000 0.000 0.000 0.000 0.000 0.000
0.899 0.618 0.668 0.668 0.537 0.607 0.476 0.446 0.405 0.424 0.334 0.323 0.773 0.313 0.000 0.000 0.000 0.000 0.000 0.000 0.000 0.000 0.000 0.000 0.000 0.000 0.000 0.000 0.000 0.000 0.000 0.000 0.000 0.000 0.000 0.000 0.000 0.000 0.000 0.000 0.000 0.000 0.000 0.000 0.000 0.000 0.000 0.000 0.000 0.000 0.000 0.000 0.000 0.000 0.000 0.000 0.000 0.000 0.000 0.000 0.000 0.000 0.000 0.000 0.000 0.000 0.000 0.000 0.000 0.000 0.000 0.000 0.000 0.000 0.000 0.000 0.000
0.648 0.688 0.727 0.727 0.596 0.526 0.556 0.465 0.424 0.513 0.353 0.493 0.442 0.372 0.312 0.000 0.000 0.000 0.000 0.000 0.000 0.000 0.000 0.000 0.000 0.000 0.000 0.000 0.000 0.000 0.000 0.000 0.000 0.000 0.000 0.000 0.000 0.000 0.000 0.000 0.000 0.000 0.000 0.000 0.000 0.000 0.000 0.000 0.000 0.000 0.000 0.000 0.000 0.000 0.000 0.000 0.000 0.000 0.000 0.000 0.000 0.000 0.000 0.000 0.000 0.000 0.000 0.000 0.000 0.000 0.000 0.000 0.000 0.000 0.000 0.000 0.000
0.618 0.667 0.687 0.686 0.796 0.556 0.595 0.545 0.544 0.483 0.752 0.482 0.502 0.371 0.351 0.000 0.000 0.000 0.000 0.000 0.000 0.000 0.000 0.000 0.000 0.000 0.000 0.000 0.000 0.000 0.000 0.000 0.000 0.000 0.000 0.000 0.000 0.000 0.000 0.000 0.000 0.000 0.000 0.000 0.000 0.000 0.000 0.000 0.000 0.000 0.000 0.000 0.000 0.000 0.000 0.000 0.000 0.000 0.000 0.000 0.000 0.000 0.000 0.000 0.000 0.000 0.000 0.000 0.000 0.000 0.000 0.000 0.000 0.000 0.000 0.000 0.000
0.708 0.807 0.696 0.696 0.666 0.675 0.575 0.544 0.523 0.642 0.652 0.502 0.571 0.511 0.431 0.000 0.000 0.000 0.000 0.000 0.000 0.000 0.000 0.000 0.000 0.000 0.000 0.000 0.000 0.000 0.000 0.000 0.000 0.000 0.000 0.000 0.000 0.000 0.000 0.000 0.000 0.000 0.000 0.000 0.000 0.000 0.000 0.000 0.000 0.000 0.000 0.000 0.000 0.000 0.000 0.000 0.000 0.000 0.000 0.000 0.000 0.000 0.000 0.000 0.000 0.000 0.000 0.000 0.000 0.000 0.000 0.000 0.000 0.000 0.000 0.000 0.000
0.758 0.667 0.926 0.925 0.935 0.915 0.795 0.684 0.703 0.602 0.612 0.561 0.651 0.610 0.570 0.509 0.000 0.000 0.000 0.000 0.000 0.000 0.000 0.000 0.000 0.000 0.000 0.000 0.000 0.000 0.000 0.000 0.000 0.000 0.000 0.000 0.000 0.000 0.000 0.000 0.000 0.000 0.000 0.331 0.160 0.000 0.000 0.000 0.000 0.000 0.000 0.000 0.000 0.000 0.000 0.000 0.000 0.000 0.000 0.000 0.000 0.000 0.000 0.000 0.000 0.000 0.000 0.000 0.000 0.000 0.000 0.000 0.000 0.000 0.000 0.000 0.000
0.578 0.646 0.726 0.725 0.635 0.735 0.584 0.684 0.443 0.932 0.612 0.511 0.531 0.530 0.589 0.538 0.548 0.517 0.000 0.000 0.000 0.000 0.000 0.000 0.000 0.000 0.000 0.000 0.000 0.000 0.000 0.199 0.148 0.227 0.166 0.165 0.245 0.384 0.173 0.193 0.212 0.241 0.251 0.591 0.190 0.096 0.000 0.000 0.000 0.000 0.000 0.000 0.000 0.000 0.000 0.000 0.000 0.000 0.000 0.000 0.000 0.000 0.000 0.000 0.000 0.000 0.000 0.000 0.000 0.000 0.000 0.000 0.000 0.000 0.000 0.000 0.000
0.687 0.626 0.656 0.655 0.665 0.664 0.614 0.674 0.963 0.752 0.622 0.661 0.420 0.539 0.499 0.658 0.717 0.596 0.604 0.603 0.632 0.000 0.000 0.000 0.000 0.000 0.000 0.000 0.241 0.270 0.249 0.209 0.238 0.327 0.307 0.306 0.265 0.374 0.263 0.193 0.352 0.272 0.341 0.831 0.231 0.086 0.000 0.000 0.000 0.000 0.000 0.000 0.000 0.000 0.000 0.000 0.000 0.000 0.000 0.000 0.000 0.000 0.000 0.000 0.000 0.000 0.000 0.000 0.000 0.000 0.000 0.000 0.000 0.000 0.000 0.000 0.000
0.657 0.626 0.716 0.715 0.735 0.695 0.664 0.654 0.633 0.672 0.682 1.061 0.660 0.979 0.788 0.588 0.557 0.505 0.594 0.593 0.531 0.720 0.619 0.998 0.618 0.547 0.546 0.334 0.262 0.361 0.260 0.259 0.448 0.508 0.487 0.486 0.275 0.344 0.353 0.252 0.292 0.321 0.451 0.541 0.261 0.109 0.000 0.000 0.000 0.000 0.000 0.000 0.000 0.000 0.000 0.000 0.000 0.000 0.000 0.000 0.000 0.000 0.000 0.000 0.000 0.000 0.000 0.000 0.000 0.000 0.000 0.000 0.000 0.000 0.000 0.000 0.000
0.767 0.686 0.766 0.766 0.655 0.685 0.655 0.604 0.773 1.052 0.892 0.701 0.610 0.819 0.628 0.537 0.646 0.535 0.624 0.623 0.491 0.480 0.579 0.378 0.367 0.447 0.386 0.395 0.363 0.341 0.400 0.319 0.358 0.288 0.507 0.507 0.396 0.284 0.273 0.392 0.422 0.372 0.401 0.751 0.451 0.239 0.198 0.000 0.000 0.000 0.000 0.000 0.000 0.000 0.000 0.000 0.000 0.000 0.000 0.000 0.000 0.000 0.000 0.000 0.000 0.000 0.000 0.000 0.000 0.000 0.178 0.000 0.000 0.000 0.000 0.000 0.000
0.617 0.686 0.606 0.605 0.725 0.735 0.655 0.694 0.583 0.762 0.662 0.701 0.740 0.719 1.018 0.744 1.066 0.545 0.534 0.532 0.561 0.439 0.359 0.348 0.277 0.307 0.265 0.384 0.444 0.382 0.371 0.299 0.349 0.359 0.338 0.338 0.347 0.375 0.423 0.553 0.472 0.362 0.441 0.781 0.301 0.249 0.030 0.000 0.000 0.000 0.000 0.000 0.000 0.000 0.000 0.000 0.000 0.000 0.000 0.000 0.000 0.000 0.000 0.000 0.000 0.000 0.000 0.000 0.000 0.000 0.300 0.380 0.000 0.000 0.000 0.000 0.000
0.617 0.686 0.606 0.605 0.725 0.735 0.655 0.694 0.584 0.763 0.662 0.701 0.740 0.719 1.018 0.744 1.066 0.545 0.534 0.532 0.561 0.439 0.360 0.349 0.278 0.307 0.266 0.385 0.444 0.383 0.371 0.300 0.350 0.360 0.339 0.339 0.347 0.376 0.424 0.553 0.473 0.362 0.442 0.781 0.301 0.250 0.028 0.000 0.000 0.000 0.000 0.000 0.000 0.000 0.000 0.000 0.000 0.000 0.000 0.000 0.000 0.000 0.000 0.000 0.000 0.000 0.000 0.000 0.000 0.000 0.303 0.000 0.000 0.000 0.000 0.000 0.000
0.687 0.746 0.876 0.876 0.786 0.876 0.715 0.604 0.844 0.833 0.722 0.691 0.711 0.649 0.778 0.657 0.756 0.775 0.984 0.983 0.605 0.556 0.506 0.539 0.439 0.468 0.287 0.436 0.405 0.394 0.282 0.242 0.331 0.360 0.510 0.509 0.508 0.417 0.435 0.484 0.504 0.343 0.403 0.302 0.461 0.461 0.000 0.000 0.000 0.000 0.000 0.000 0.000 0.000 0.000 0.000 0.000 0.000 0.000 0.000 0.000 0.000 0.000 0.000 0.000 0.000 0.000 0.000 0.000 0.273 0.429 0.000 0.000 0.000 0.000 0.000 0.000
0.767 0.747 0.776 0.776 0.816 0.775 0.865 0.604 0.684 0.723 0.722 0.732 0.731 0.700 0.669 0.597 0.656 0.675 0.684 0.683 0.532 0.532 0.621 0.580 0.739 0.476 0.649 0.417 0.346 0.335 0.294 0.463 0.463 0.692 0.471 0.470 0.530 0.398 0.387 0.536 0.485 0.384 0.944 0.423 0.333 0.412 0.000 0.000 0.000 0.000 0.019 0.015 0.000 0.000 0.000 0.000 0.000 0.000 0.000 0.000 0.000 0.000 0.000 0.000 0.000 0.000 0.000 0.000 0.000 0.083 0.341 0.000 0.000 0.000 0.000 0.000 0.000
1.008 0.877 0.907 0.906 0.796 0.785 0.795 0.805 0.744 0.623 0.772 0.692 0.631 0.670 0.559 0.578 0.597 0.566 0.625 0.624 0.703 0.562 0.611 0.680 0.629 0.599 0.599 0.610 0.528 0.517 0.356 0.385 0.554 0.403 0.482 0.482 0.471 0.480 0.608 0.567 0.946 0.655 0.484 0.684 0.634 0.643 0.562 0.482 0.382 0.361 0.360 0.359 0.349 0.768 0.000 0.000 0.000 0.000 0.000 0.000 0.000 0.000 0.000 0.000 0.000 0.000 0.000 0.000 0.232 0.181 0.000 0.000 0.000 0.000 0.000 0.000 0.000
0.978 0.868 0.897 0.897 0.796 0.746 0.535 0.775 0.854 0.824 0.773 0.762 0.642 0.731 0.770 0.589 0.818 0.556 0.615 0.615 0.514 0.533 0.642 0.451 0.640 0.490 0.739 0.679 0.649 0.458 0.527 0.456 0.485 0.474 0.603 0.603 0.502 0.531 0.470 0.498 0.587 0.506 0.455 0.595 0.454 0.574 0.593 0.542 0.342 0.491 0.560 0.560 0.370 0.000 0.000 0.000 0.000 0.000 0.000 0.000 0.000 0.000 0.000 0.000 0.000 0.019 0.646 0.644 0.263 0.000 0.000 0.000 0.000 0.000 0.000 0.000 0.000
0.729 0.918 0.818 0.817 0.817 0.646 0.636 0.615 0.755 0.894 0.753 0.853 0.782 0.901 0.730 0.739 0.658 0.467 0.566 0.565 0.565 0.544 0.533 0.602 0.571 0.680 0.560 0.530 0.730 0.746 0.588 0.537 0.486 0.496 0.505 0.504 0.563 0.492 0.461 0.799 0.719 0.617 0.686 0.496 0.585 0.664 0.563 0.483 0.402 0.361 0.531 0.531 0.490 0.000 0.000 0.000 0.000 0.000 0.000 0.000 0.000 0.000 0.773 0.000 0.891 0.318 0.313 0.000 0.000 0.000 0.000 0.000 0.000 0.000 0.000 0.000 0.000
0.760 0.759 0.808 0.808 0.837 0.867 0.857 0.836 0.765 0.895 0.824 0.843 0.562 0.751 0.730 0.630 0.709 0.608 0.557 0.556 0.516 0.585 0.754 0.563 0.722 0.551 0.641 0.661 0.681 0.650 0.814 0.658 0.487 0.587 0.606 0.606 0.474 0.593 0.562 0.731 0.520 0.629 0.537 0.466 0.386 0.505 0.514 0.523 0.423 0.522 0.442 0.441 0.471 0.841 0.000 0.000 0.000 0.000 0.000 0.000 0.000 0.000 0.972 0.770 0.567 0.364 0.313 0.000 0.000 0.000 0.000 0.000 0.000 0.000 0.000 0.000 0.000
0.800 0.770 0.989 0.989 0.908 0.887 0.927 0.966 0.946 0.805 0.774 0.823 0.772 0.701 0.741 0.680 0.739 0.548 0.607 0.607 0.717 0.696 0.705 0.704 0.683 0.653 0.612 0.702 0.522 0.741 0.650 0.779 0.559 0.668 0.668 0.667 0.556 0.485 0.614 0.632 0.612 0.500 0.529 0.558 0.667 0.447 0.466 0.444 0.483 0.483 0.422 0.422 0.462 0.461 0.951 0.000 0.000 0.000 0.000 0.000 1.016 1.603 1.401 1.198 0.996 0.793 0.591 0.591 0.000 0.000 0.000 0.000 0.000 0.000 0.000 0.000 0.000
0.881 0.820 1.040 1.039 0.679 0.928 0.817 0.917 0.796 0.695 0.854 0.884 0.723 0.692 0.541 0.760 0.750 0.539 0.698 0.698 0.727 0.757 0.646 0.395 0.764 0.634 0.694 0.633 0.683 0.652 0.621 0.610 1.012 0.629 0.719 0.718 0.757 0.666 0.945 0.624 0.633 0.532 0.461 0.500 0.459 0.579 0.478 0.486 0.595 0.504 0.443 0.442 0.462 0.431 0.431 0.840 0.260 0.668 1.942 2.036 2.129 2.031 1.829 0.964 0.082 0.000 0.000 0.000 0.000 0.000 0.000 0.000 0.000 0.000 0.000 0.000 0.000
0.832 0.921 1.040 1.040 0.839 0.869 0.958 0.747 0.867 0.736 0.945 0.914 0.904 0.853 0.702 0.581 0.550 0.730 0.749 0.749 0.848 0.708 0.577 0.636 0.745 0.625 0.745 0.694 0.744 0.703 0.822 0.742 0.591 0.651 0.580 0.579 0.788 0.897 0.988 0.705 0.594 0.513 0.613 0.642 0.641 0.570 0.560 0.539 0.386 0.484 0.514 0.513 0.523 0.482 0.471 0.471 1.802 1.895 1.989 2.082 2.176 2.243 0.216 0.000 0.000 0.000 0.000 0.000 0.000 0.000 0.000 0.000 0.000 0.000 0.000 0.000 0.000
0.863 0.822 0.861 0.861 1.000 0.960 0.939 0.928 0.917 0.827 0.916 0.875 0.744 0.713 0.762 0.862 0.771 0.760 0.880 0.879 0.719 0.789 0.838 0.638 0.567 0.586 0.756 0.615 0.685 0.625 0.754 0.733 0.773 0.882 0.811 0.811 0.740 0.689 0.778 0.607 0.676 0.595 0.604 0.573 0.723 0.562 0.651 0.621 0.118 0.167 0.596 0.595 1.476 1.570 1.663 1.756 1.849 1.943 2.036 0.497 0.236 0.019 0.000 0.000 0.000 0.000 0.000 0.000 0.000 0.000 0.000 0.000 0.000 0.000 0.000 0.000 0.000
0.934 0.933 0.932 0.932 0.891 0.860 1.262 1.266 1.048 0.877 0.906 0.946 0.855 0.714 0.893 0.842 0.882 0.981 0.941 0.940 0.770 0.820 0.859 0.589 0.748 0.898 0.867 0.717 0.676 0.686 0.685 0.794 0.774 0.853 0.773 0.772 0.751 0.740 1.076 0.849 0.648 0.587 0.646 0.705 0.594 0.713 0.833 0.572 0.551 0.979 1.338 1.337 1.524 1.617 1.710 0.952 1.031 0.459 0.448 0.177 0.002 0.011 0.000 0.000 0.000 0.000 0.000 0.000 0.000 0.000 0.000 0.000 0.000 0.000 0.000 0.000 0.000
1.335 0.814 1.305 1.304 0.861 0.880 1.291 1.297 1.301 0.828 0.917 0.896 0.966 0.805 0.854 1.073 1.328 0.832 0.882 0.881 0.981 0.831 0.860 0.930 0.949 0.709 0.858 0.808 0.688 0.787 0.727 0.746 0.905 0.855 1.161 1.161 0.863 1.133 0.801 0.871 0.660 0.719 0.668 0.757 0.676 0.795 1.014 1.107 1.200 1.293 1.386 1.385 1.572 0.865 0.734 0.463 0.421 0.480 0.389 0.257 0.206 0.265 0.000 0.000 0.000 0.000 0.000 0.000 0.000 0.000 0.000 0.000 0.000 0.000 0.000 0.000 0.000
1.359 0.995 1.054 1.053 1.012 0.991 1.304 1.040 1.019 0.939 0.818 0.957 1.006 0.825 0.985 0.964 0.964 0.933 1.002 1.002 0.962 0.912 0.831 0.811 0.610 0.740 0.859 0.839 0.749 0.899 0.808 0.867 1.246 1.233 0.845 0.845 0.864 0.873 0.903 0.902 0.721 0.770 0.719 0.808 1.081 1.067 1.061 1.155 1.248 1.341 0.910 0.909 0.648 0.577 0.675 0.524 0.543 0.420 0.449 0.398 0.297 0.000 0.000 0.000 0.000 0.000 0.000 0.000 0.000 0.000 0.000 0.000 0.000 0.000 0.000 0.000 0.000
1.383 1.035 0.934 0.933 1.062 0.922 0.971 0.940 1.020 1.039 1.008 1.375 0.997 0.836 1.045 1.015 0.954 1.024 1.033 1.033 0.953 0.863 0.852 0.902 0.871 0.721 0.921 0.850 0.830 0.840 0.759 0.848 1.290 1.276 0.837 0.836 0.955 0.875 0.814 0.843 0.752 0.811 0.881 1.138 1.125 1.111 1.006 0.885 0.914 0.793 0.722 0.721 0.630 0.528 0.557 0.636 0.523 0.331 0.319 0.368 0.236 0.114 0.000 0.000 0.000 0.000 0.000 0.000 0.000 0.000 0.000 0.000 0.000 0.000 0.000 0.000 0.000
1.057 1.397 0.985 0.984 0.983 1.012 0.932 1.031 1.000 1.020 0.829 0.968 1.027 1.007 0.996 1.006 1.424 0.985 1.054 1.054 1.014 0.923 0.993 0.743 0.982 0.892 0.912 1.012 0.911 0.851 0.920 0.960 0.979 1.320 1.293 1.293 0.976 0.956 0.905 0.815 0.804 0.743 1.196 1.182 1.168 1.155 0.548 0.827 0.895 0.855 0.694 0.693 0.772 0.791 0.639 0.508 0.424 0.402 0.209 0.267 0.226 0.083 0.000 0.000 0.000 0.000 0.000 0.000 0.000 0.000 0.000 0.000 0.000 0.000 0.000 0.000 0.000
1.008 0.946 1.036 1.035 0.974 0.923 1.002 1.012 0.961 0.980 1.059 0.969 1.416 0.837 1.441 1.453 1.457 1.460 1.015 1.015 1.005 1.014 1.004 0.964 0.953 0.983 0.903 0.973 1.043 1.002 0.971 1.387 0.950 1.069 1.337 1.336 0.947 0.967 0.847 0.796 0.825 1.254 1.240 1.226 1.212 0.771 0.950 0.829 0.627 0.666 0.695 0.694 0.833 0.712 0.581 0.520 0.366 0.234 0.139 0.157 0.085 0.000 0.000 0.000 0.000 0.000 0.000 0.000 0.000 0.000 0.000 0.000 0.000 0.000 0.000 0.000 0.000
