includes/lisflood/camargue/results_R4_t1.561730198035E12/res-0011.wdfp
ncols         906
nrows         631
xllcorner     362177.146667
yllcorner     6534725.688020
cellsize      20.000000
NODATA_value  -9999.000000
[rows 340 to 373 of 631, columns 693 to 769 of 906]
1.034 0.934 0.004 0.314 0.124 0.000 0.000 0.000 0.000 0.000 0.000 0.000 0.000 0.000 0.000 0.000 0.000 0.000 0.000 0.000 0.000 0.000 0.000 0.000 0.000 0.000 0.000 0.000 0.000 0.000 0.000 0.000 0.000 0.000 0.000 0.000 0.000 0.000 0.000 0.000 0.000 0.000 0.000 0.000 0.000 0.000 0.000 0.000 0.000 0.410 0.130 0.360 0.700 0.520 0.230 0.000 0.330 0.330 0.500 0.530 0.550 0.280 0.600 0.640 0.740 0.610 0.560 0.720 0.790 0.650 0.630 0.460 0.000 0.000 0.600 0.670 0.620
1.104 0.000 0.224 0.244 0.204 0.554 0.324 0.000 0.000 0.034 0.214 0.000 0.000 0.000 0.000 0.000 0.000 0.000 0.000 0.000 0.000 0.000 0.000 0.000 0.000 0.000 0.000 0.000 0.000 0.000 0.000 0.000 0.000 0.000 0.000 0.000 0.000 0.000 0.000 0.000 0.000 0.000 0.000 0.000 0.000 0.000 0.000 0.000 0.000 0.000 0.000 0.000 0.000 0.000 0.450 0.620 0.120 0.120 0.400 0.520 0.630 0.520 0.810 0.460 0.670 0.510 0.680 0.560 0.570 0.640 0.690 0.560 0.000 0.000 0.350 0.650 0.460
0.184 0.334 0.324 0.274 0.264 0.414 0.024 0.194 0.194 0.294 0.374 0.000 0.000 0.000 0.000 0.000 0.000 0.000 0.000 0.000 0.000 0.000 0.000 0.000 0.000 0.000 0.000 0.000 0.000 0.000 0.000 0.000 0.000 0.000 0.000 0.000 0.000 0.000 0.000 0.000 0.000 0.000 0.000 0.000 0.000 0.000 0.000 0.000 0.000 0.090 0.390 0.510 0.400 0.410 0.500 0.620 0.780 0.780 0.370 0.590 0.430 0.560 0.060 0.560 0.440 0.550 0.540 0.560 0.720 0.640 0.510 0.310 0.170 0.170 0.800 0.000 0.930
1.004 0.394 0.224 0.244 0.354 1.024 0.114 0.024 0.024 0.334 0.734 0.000 0.000 1.430 0.000 0.000 0.520 0.380 0.190 0.000 0.230 0.240 0.000 0.000 0.000 0.000 0.000 0.000 0.090 0.000 0.000 0.000 0.080 0.000 0.000 0.160 0.010 0.000 0.000 0.000 0.000 0.000 0.190 0.580 0.260 0.220 0.000 0.000 0.050 0.560 0.390 0.570 0.520 0.480 0.670 0.610 0.370 0.370 0.390 0.440 0.740 0.550 0.460 0.170 0.370 0.560 0.570 0.530 0.510 0.560 0.270 0.640 0.000 0.000 0.760 0.000 0.850
0.344 0.000 0.314 0.204 0.294 0.284 0.164 0.304 0.304 0.324 0.664 0.000 0.140 1.180 0.080 0.000 0.540 0.550 0.690 0.660 0.760 0.770 0.820 0.820 0.820 0.630 0.390 0.820 0.770 0.660 0.680 0.780 0.670 0.780 0.670 0.740 0.670 0.390 0.710 0.260 0.260 0.090 0.520 0.450 0.530 0.620 0.690 0.680 0.000 0.650 0.700 0.540 0.630 0.520 0.800 0.660 0.500 0.500 0.000 0.480 0.520 0.620 0.500 0.240 0.720 0.550 0.650 0.830 0.210 0.000 0.360 0.570 0.410 0.410 0.000 0.500 0.540
0.434 0.000 0.000 1.604 0.994 0.000 0.184 0.154 0.154 0.484 0.214 0.000 2.390 0.000 0.100 0.480 0.590 0.660 0.660 0.750 0.930 0.860 0.820 0.930 0.930 0.880 0.470 0.900 0.680 0.750 0.740 0.870 0.850 0.830 0.850 0.900 0.660 1.220 0.810 0.640 0.640 0.760 0.550 0.580 0.760 0.800 0.710 0.710 0.050 0.590 0.650 0.670 0.620 0.500 0.910 0.640 0.540 0.540 0.000 0.450 0.500 0.620 0.490 0.340 0.110 0.380 0.450 0.400 0.560 0.590 0.160 0.620 0.000 0.000 0.590 0.210 0.270
0.324 0.394 0.294 0.344 0.324 0.002 0.000 1.693 1.693 0.000 0.000 0.000 0.000 1.722 0.000 0.690 0.760 0.690 0.730 0.680 1.080 0.880 0.910 0.830 0.830 0.780 0.660 0.740 0.710 0.740 0.800 0.790 0.880 0.980 0.900 1.250 0.900 1.180 0.760 0.800 0.800 0.940 0.810 0.690 0.940 0.690 0.650 0.670 0.180 0.690 0.600 0.610 0.630 0.540 0.760 0.670 0.640 0.640 0.960 0.440 0.660 0.380 0.580 0.440 0.430 0.340 0.480 0.400 0.580 0.690 0.640 0.400 0.000 0.000 0.670 0.240 0.340
0.324 0.394 0.294 0.344 0.324 0.001 0.000 1.693 1.693 0.000 0.000 0.000 0.002 1.722 0.000 0.690 0.760 0.690 0.730 0.680 1.080 0.880 0.910 0.830 0.830 0.780 0.660 0.740 0.710 0.740 0.800 0.790 0.880 0.980 0.900 1.250 0.900 1.180 0.760 0.800 0.800 0.940 0.810 0.690 0.940 0.690 0.650 0.670 0.180 0.690 0.600 0.610 0.630 0.540 0.760 0.670 0.640 0.640 0.960 0.440 0.660 0.380 0.580 0.440 0.430 0.340 0.480 0.400 0.580 0.690 0.640 0.400 0.000 0.000 0.670 0.240 0.340
0.314 0.454 0.294 0.294 0.404 1.393 1.443 1.353 1.353 0.053 0.000 1.090 0.000 0.000 0.000 0.490 0.730 0.740 0.680 0.660 1.210 0.840 0.820 0.760 0.760 0.510 0.370 0.850 0.720 0.840 0.790 0.830 0.890 0.840 0.930 1.210 0.770 0.910 0.820 0.980 0.980 0.690 0.710 0.640 0.730 0.580 0.660 0.700 0.250 0.660 0.510 0.620 0.690 0.700 0.630 0.700 0.700 0.700 0.570 0.490 0.570 0.570 0.540 0.580 0.590 0.430 0.590 0.560 0.590 0.640 0.510 0.780 0.870 0.870 0.550 0.430 0.510
0.284 0.364 0.264 0.564 0.134 0.214 0.263 0.553 0.553 1.433 0.422 1.751 0.000 0.000 0.000 0.700 0.620 0.650 0.590 0.590 1.360 0.740 0.780 0.730 0.730 0.620 0.500 0.660 0.840 0.840 0.800 0.820 0.890 0.860 0.750 0.770 0.720 0.820 0.670 0.710 0.710 0.540 0.590 0.570 0.710 0.710 0.630 0.700 0.270 0.740 0.680 0.680 0.800 1.070 0.520 0.690 0.720 0.720 0.730 0.470 0.490 0.560 0.640 0.570 0.490 0.350 0.510 0.540 0.690 0.000 1.030 0.000 0.950 0.950 0.460 0.530 0.540
0.374 0.384 0.384 0.524 0.434 0.604 1.134 0.844 0.844 0.000 0.000 0.491 0.321 0.000 0.000 0.580 0.690 0.650 0.820 0.630 1.510 0.730 0.880 0.690 0.690 0.280 0.610 0.670 0.880 0.780 0.800 0.740 0.890 0.730 0.720 0.750 0.780 0.610 0.630 0.740 0.740 0.660 0.540 0.600 0.660 0.750 0.550 0.580 0.360 0.860 0.730 0.740 0.800 1.010 0.580 0.670 0.720 0.720 0.810 0.590 0.670 0.440 0.600 0.640 0.720 0.630 0.560 0.900 0.000 0.880 0.530 0.850 0.650 0.650 0.540 0.590 0.480
0.304 0.094 0.454 0.384 1.134 1.004 1.364 0.774 0.774 0.000 0.000 1.280 0.000 0.000 0.000 0.000 0.670 0.690 0.630 0.590 1.320 0.690 0.650 0.730 0.730 0.690 0.770 0.860 0.850 0.890 0.800 0.660 0.800 0.710 0.650 0.580 0.740 0.720 0.540 0.600 0.600 0.540 0.630 0.700 0.560 0.930 0.800 0.570 0.370 0.650 0.760 0.800 0.780 0.860 0.560 0.610 0.720 0.720 0.740 0.690 0.360 0.700 0.710 0.790 0.620 0.590 0.000 0.850 0.000 0.730 0.450 0.420 0.500 0.500 0.340 0.390 0.370
0.000 0.124 0.094 0.184 0.264 0.184 0.464 0.744 0.744 0.000 0.000 2.340 0.000 0.000 0.000 0.000 0.260 0.660 0.650 0.680 1.020 0.650 0.740 0.400 0.400 0.490 1.050 0.940 1.240 0.650 0.810 0.700 0.760 0.690 0.630 0.360 0.700 0.590 0.540 0.610 0.610 0.560 0.590 0.700 0.970 0.660 0.610 0.690 0.310 0.810 0.740 0.700 0.710 0.570 0.650 0.630 0.820 0.820 0.890 0.780 0.180 0.440 0.800 0.620 0.840 0.500 0.000 0.000 0.820 0.800 0.320 0.000 0.000 0.000 0.340 0.580 0.280
1.394 0.204 0.174 0.214 0.554 0.344 0.914 0.224 0.224 0.001 0.000 1.970 0.000 0.000 1.120 0.000 0.000 0.640 0.640 0.700 0.750 0.650 0.360 0.550 0.550 0.860 1.270 0.900 1.260 0.640 0.720 0.800 0.790 0.670 0.710 0.500 0.780 0.570 0.560 0.570 0.570 0.490 0.620 1.030 0.570 0.660 0.740 0.740 0.540 0.720 0.670 0.720 0.740 0.690 0.640 0.720 0.700 0.700 0.740 0.730 0.570 0.540 0.530 0.660 0.650 0.460 0.000 0.000 0.860 0.910 0.080 0.060 0.070 0.070 0.490 0.490 0.440
0.075 0.000 0.000 1.204 1.094 0.854 0.474 0.224 0.224 0.000 0.000 2.320 0.000 0.000 1.110 1.090 0.000 0.000 0.620 0.690 0.670 0.820 0.310 0.530 0.530 0.830 1.400 1.040 1.160 0.820 0.740 0.760 0.750 0.690 0.760 0.500 0.650 0.630 0.480 0.580 0.580 0.490 0.440 0.740 0.530 0.600 0.820 0.810 0.620 0.680 0.830 0.780 0.720 0.610 0.730 0.790 0.760 0.760 0.760 0.730 0.570 0.610 0.760 0.680 0.660 0.630 0.000 0.000 0.690 0.620 0.000 0.300 0.480 0.480 0.640 0.540 0.480
0.185 0.205 0.214 0.184 0.274 0.264 0.174 0.264 0.264 0.000 0.000 1.202 0.000 1.290 0.770 0.900 1.050 0.020 0.000 0.330 0.680 0.710 0.470 0.470 0.470 0.720 1.010 0.990 0.980 0.780 0.720 0.850 0.730 0.700 0.780 0.440 0.650 0.710 0.690 0.480 0.480 1.050 0.210 0.580 0.690 0.670 0.760 0.670 0.560 0.790 0.730 0.720 0.810 0.670 0.690 0.870 0.800 0.800 0.820 0.850 0.640 0.420 0.650 0.570 0.620 0.550 0.000 0.640 0.840 0.310 0.590 0.420 0.670 0.670 0.570 0.500 0.370
0.000 0.044 0.064 0.224 0.184 0.174 0.104 0.124 0.124 0.000 0.000 1.217 2.000 1.230 1.070 0.550 0.780 1.010 0.260 0.000 0.560 0.630 0.630 0.580 0.580 0.870 0.930 0.890 0.910 0.920 0.880 0.790 0.750 0.700 0.710 0.390 0.680 0.770 0.670 0.720 0.720 0.610 0.390 0.660 0.720 0.680 0.680 0.670 0.640 0.740 0.760 0.760 0.860 0.690 0.640 0.790 0.810 0.810 0.710 0.780 0.760 0.060 0.720 0.590 0.570 0.000 0.000 0.000 0.540 0.690 0.630 0.470 0.120 0.120 0.000 0.470 0.300
0.038 0.174 0.124 0.234 0.234 0.144 0.164 0.294 0.294 0.000 1.261 0.000 0.000 1.240 0.740 1.080 1.150 0.570 0.840 0.250 0.230 0.480 0.630 0.530 0.530 0.810 0.940 0.780 0.830 0.870 0.850 0.770 0.710 0.820 0.830 0.590 0.850 0.800 0.710 0.450 0.450 0.620 0.530 0.740 0.810 0.740 0.660 0.580 0.740 0.740 0.930 0.920 0.830 0.700 0.640 1.170 0.770 0.770 0.730 0.710 0.800 0.070 0.590 0.000 0.000 0.000 0.000 0.740 0.220 0.630 0.560 0.570 0.560 0.560 0.000 0.510 0.000
0.161 0.000 0.084 0.224 0.354 0.314 0.254 0.324 0.324 0.000 1.275 0.000 0.000 1.270 1.110 0.890 0.840 0.930 0.550 0.860 0.590 1.010 1.200 0.960 0.960 1.010 0.910 0.810 0.880 0.900 0.900 0.760 0.800 0.850 0.920 0.640 0.700 0.810 0.660 0.770 0.770 0.690 0.650 0.710 0.780 0.670 0.630 0.700 0.780 0.750 1.080 0.750 0.800 0.780 0.680 0.820 0.990 0.990 0.790 0.740 0.760 0.660 0.000 0.000 0.000 0.000 0.780 0.880 0.490 0.730 0.560 0.490 0.590 0.590 0.420 0.000 0.000
0.261 0.251 0.038 0.000 0.000 0.000 0.000 0.000 0.000 2.531 0.301 0.000 0.000 1.040 0.660 0.990 0.810 0.850 1.040 0.720 0.920 0.510 0.190 0.600 0.600 1.010 0.900 0.770 0.870 0.850 0.950 0.840 0.790 0.860 0.860 0.700 0.730 0.880 0.990 0.810 0.810 0.720 0.580 0.810 0.860 0.760 0.630 0.850 0.790 0.850 0.910 0.800 0.710 0.770 0.730 0.770 0.860 0.860 0.920 0.790 0.850 0.690 0.570 0.000 0.000 0.700 0.710 0.810 0.650 0.620 0.450 0.460 0.000 0.000 0.000 0.000 0.000
0.000 0.081 0.081 0.131 0.000 0.021 0.201 0.251 0.251 1.312 0.000 0.000 0.820 1.190 0.300 0.800 1.010 0.620 0.740 1.050 0.520 0.380 0.000 0.000 0.000 0.890 0.890 0.870 0.840 0.900 0.980 0.870 0.860 0.970 0.900 0.770 0.760 0.700 0.460 0.700 0.700 0.740 0.640 0.710 0.790 0.810 0.700 0.740 0.860 0.820 0.980 0.920 0.810 0.800 0.690 0.690 0.710 0.710 1.030 0.710 0.700 0.700 0.090 0.000 0.000 0.000 0.950 0.750 0.050 0.590 0.490 0.850 0.310 0.310 0.000 0.000 0.000
0.451 0.191 0.281 0.171 0.071 0.181 0.341 0.000 0.000 0.000 0.000 0.000 1.380 0.910 0.420 0.470 0.720 0.790 0.390 0.780 1.090 0.000 0.880 0.000 0.000 1.100 0.810 0.760 0.860 0.810 0.980 0.910 0.940 0.890 0.940 0.780 0.730 0.790 0.510 0.790 0.790 0.780 0.630 0.750 0.770 0.840 0.720 0.790 0.770 0.770 0.780 0.900 0.740 0.830 0.760 0.610 0.700 0.700 0.960 0.690 0.690 0.730 0.000 0.000 0.000 0.000 0.970 0.000 0.000 0.540 0.520 0.810 0.000 0.000 0.000 0.000 0.000
0.481 0.351 0.361 0.211 0.111 0.051 0.271 0.000 0.000 0.423 0.000 0.000 1.200 0.840 0.740 0.760 0.370 0.650 0.910 0.360 0.930 0.000 1.300 1.180 1.180 0.000 0.150 0.550 0.870 0.930 0.990 1.030 1.010 0.870 0.760 0.820 0.750 0.540 0.470 0.930 0.930 0.810 0.740 0.860 0.810 0.870 0.930 0.900 0.730 0.850 0.890 0.820 0.830 0.850 1.000 0.740 0.640 0.640 0.750 0.780 0.730 0.000 0.000 0.250 0.590 0.070 0.430 0.380 0.000 0.540 0.000 0.000 0.000 0.000 0.000 0.000 0.000
0.481 0.351 0.361 0.211 0.111 0.051 0.271 0.000 0.000 0.423 0.000 0.000 1.200 0.840 0.740 0.760 0.370 0.650 0.910 0.360 0.930 0.000 1.300 1.180 1.180 0.000 0.150 0.550 0.870 0.930 0.990 1.030 1.010 0.870 0.760 0.820 0.750 0.540 0.470 0.930 0.930 0.810 0.740 0.860 0.810 0.870 0.930 0.900 0.730 0.850 0.890 0.820 0.830 0.850 1.000 0.740 0.640 0.640 0.750 0.780 0.730 0.000 0.000 0.250 0.590 0.070 0.430 0.380 0.000 0.540 0.000 0.000 0.000 0.000 0.000 0.000 0.000
0.321 0.431 0.071 0.051 0.231 0.000 0.000 1.569 1.569 0.002 0.055 0.002 0.540 0.790 1.010 0.620 0.460 0.540 0.450 1.000 0.610 0.000 1.180 0.160 0.160 0.130 0.130 0.000 0.910 0.860 0.820 1.000 0.860 0.780 0.710 0.840 0.720 0.500 0.570 0.760 0.760 0.680 0.710 0.860 0.820 0.790 0.980 0.750 0.800 0.820 0.850 0.850 0.930 0.840 1.030 0.700 0.150 0.150 0.000 0.000 0.000 0.000 0.000 0.000 0.000 0.000 0.350 0.000 0.630 1.030 0.000 0.000 0.000 0.000 0.000 0.000 0.000
0.481 0.201 0.000 0.231 0.221 0.371 0.000 1.587 1.587 0.000 0.000 0.000 0.000 0.740 0.850 1.030 0.720 0.680 0.710 0.660 1.470 0.000 1.310 0.090 0.090 0.440 1.230 0.420 0.000 1.260 0.860 0.800 0.930 0.880 0.790 0.850 0.650 0.570 0.560 0.810 0.810 0.770 0.890 1.020 0.910 0.750 0.940 0.520 0.740 0.930 0.850 0.770 0.790 0.970 0.000 0.000 0.000 0.000 0.000 0.000 0.000 0.000 0.000 0.000 0.000 0.000 0.000 0.280 0.370 0.220 0.000 0.000 0.000 0.000 0.000 0.000 0.000
0.000 0.000 0.161 0.141 0.000 0.000 0.534 0.000 0.000 0.000 0.000 0.000 0.000 0.009 0.000 0.870 0.770 0.910 0.360 1.110 0.000 1.310 1.400 0.320 0.320 1.280 1.270 1.180 1.180 0.960 0.560 0.000 1.060 0.780 0.780 1.060 0.620 0.950 0.820 0.870 0.870 0.950 1.080 0.850 0.580 0.540 0.960 0.000 0.000 0.000 0.000 0.000 0.000 0.000 0.000 0.000 0.000 0.000 0.000 0.000 0.000 0.000 0.000 0.000 0.000 0.000 0.000 0.000 0.000 0.000 0.000 0.000 0.000 0.000 0.000 0.000 0.000
0.027 0.087 0.000 0.000 0.000 0.560 0.552 1.476 1.476 1.536 0.000 0.000 0.045 0.015 0.000 0.000 0.670 0.790 1.000 0.620 0.000 1.180 1.340 0.350 0.350 1.210 1.090 1.260 0.460 1.080 1.010 0.940 0.900 0.760 0.000 0.000 0.830 1.060 0.940 0.680 0.680 0.690 0.820 0.370 0.000 0.000 0.000 0.000 0.000 0.000 0.000 0.000 0.000 0.000 0.000 0.000 0.000 0.000 0.000 0.000 0.000 0.000 0.000 0.000 0.000 0.000 0.000 0.000 0.000 0.000 0.000 0.000 0.000 0.000 0.000 0.031 0.000
0.316 0.000 0.000 0.000 0.001 0.578 0.000 0.000 0.000 0.000 0.000 2.553 0.000 1.553 0.000 0.000 0.000 0.510 0.700 1.180 0.000 1.230 0.230 0.870 0.870 1.290 0.380 1.200 0.620 1.030 0.900 0.850 0.870 0.900 0.970 1.050 1.040 1.110 0.500 0.000 0.000 0.000 0.000 0.000 0.000 0.000 0.000 0.000 0.000 0.000 0.000 0.000 0.000 0.000 0.000 0.000 0.000 0.000 0.000 0.000 0.000 0.000 0.000 0.000 0.000 0.000 0.000 0.000 0.000 0.000 0.000 0.000 0.001 0.000 0.031 0.000 0.000
0.000 0.184 0.044 0.000 0.085 0.000 0.000 0.543 0.543 0.000 0.000 0.663 1.933 0.203 0.000 0.000 0.000 0.000 0.000 1.210 0.410 1.290 0.370 1.020 1.020 1.400 0.460 1.350 0.640 0.990 0.900 0.940 0.910 0.980 1.100 0.940 1.060 0.960 0.000 0.030 0.030 0.000 0.000 0.000 0.000 0.000 0.000 0.000 0.000 0.000 0.000 0.000 0.000 0.000 0.000 0.000 0.000 0.000 0.000 0.000 0.000 0.000 0.000 0.000 0.000 0.000 0.000 0.000 0.000 0.000 0.000 0.000 0.000 0.000 0.000 0.000 0.000
0.000 0.144 0.000 0.106 1.111 0.000 0.000 0.383 0.383 0.000 0.183 0.233 0.173 0.000 1.961 0.000 0.592 0.000 0.061 0.000 0.000 0.920 1.330 1.210 1.210 1.190 1.040 1.190 1.020 1.200 0.520 0.950 0.890 1.020 1.040 0.730 0.000 2.110 1.740 1.830 1.830 0.000 0.000 0.000 1.240 1.710 1.940 1.640 0.000 0.000 0.000 0.000 0.000 0.000 0.000 0.000 0.000 0.000 0.000 0.000 0.000 0.000 0.000 0.000 0.000 0.000 0.000 0.000 0.000 0.000 0.000 0.031 0.000 0.000 0.000 0.072 0.000
0.015 0.012 0.000 0.036 0.000 0.000 0.000 0.113 0.113 1.043 0.173 0.223 0.333 0.253 0.000 0.000 2.682 1.532 0.000 2.200 2.330 0.860 1.710 2.230 2.230 0.140 0.000 0.000 0.000 0.000 0.000 0.000 0.000 0.000 0.000 0.000 0.830 0.220 0.120 0.350 0.350 0.440 0.630 0.680 0.660 0.610 0.530 0.000 0.000 0.000 0.000 0.000 0.000 0.000 0.000 0.000 0.000 0.000 0.000 0.000 0.000 0.000 0.000 0.000 0.000 0.000 0.000 0.000 0.000 0.000 0.000 0.000 0.000 0.000 0.061 0.000 0.000
0.105 0.008 0.023 0.014 0.000 0.272 0.092 0.000 0.000 0.000 0.263 0.333 0.213 0.153 0.113 0.033 0.000 0.000 0.002 0.000 0.000 0.000 0.000 0.000 0.000 1.410 0.000 0.000 0.000 0.000 0.000 0.000 0.000 0.000 0.000 0.000 0.000 0.000 0.000 0.540 0.540 0.620 0.700 0.590 0.580 0.040 0.000 0.000 0.000 0.000 0.000 0.000 0.000 0.000 0.000 0.000 0.000 0.000 0.000 0.000 0.000 0.000 0.000 0.000 0.000 0.000 0.000 0.000 0.000 0.000 0.000 0.000 0.072 0.072 0.000 0.000 0.000
0.035 0.000 0.024 0.000 0.000 1.152 0.562 0.000 0.000 0.193 0.203 0.183 0.183 0.233 0.000 0.153 0.000 0.092 0.001 0.000 0.000 0.000 0.000 0.000 0.000 0.000 0.000 0.000 0.000 0.000 0.000 0.000 0.000 0.000 0.000 0.000 0.000 0.000 0.000 0.420 0.420 0.640 0.700 0.590 0.000 0.010 0.000 0.000 0.000 0.000 0.000 0.000 0.000 0.000 0.000 0.000 0.000 0.000 0.000 0.000 0.000 0.000 0.000 0.000 0.000 0.000 0.000 0.000 0.000 0.000 0.000 0.000 0.062 0.062 0.000 0.037 0.117
