includes/lisflood/camargue/results_R4_t1.561730198035E12/res-0012.wd
ncols         906
nrows         631
xllcorner     362177.146667
yllcorner     6534725.688020
cellsize      20.000000
NODATA_value  -9999.000000
[rows 510 to 543 of 631, columns 693 to 769 of 906]
1.049 1.038 1.027 1.097 1.174 1.252 1.330 1.407 1.408 1.563 1.640 1.711 1.766 1.821 1.875 1.930 2.069 2.268 2.467 2.667 2.866 3.065 3.264 3.464 3.464 3.817 3.946 4.076 4.206 4.347 4.507 4.668 4.828 4.989 5.149 5.310 5.470 5.631 5.792 5.960 5.960 6.299 6.467 6.437 6.407 6.377 6.347 6.317 6.287 6.257 6.227 6.197 6.167 6.138 6.109 6.081 6.076 6.076 6.102 6.128 6.154 6.180 6.206 6.232 6.258 6.284 6.310 6.337 6.363 6.389 6.564 6.744 7.162 7.162 7.426 7.690 7.955
1.256 1.250 1.327 1.405 1.483 1.560 1.638 1.715 1.716 1.870 1.948 2.025 2.099 2.154 2.209 2.370 2.569 2.768 2.968 3.167 3.366 3.565 3.765 3.964 3.964 4.362 4.527 4.657 4.801 4.961 5.122 5.282 5.443 5.604 5.764 5.925 6.085 6.246 6.406 6.567 6.567 6.887 6.857 6.827 6.797 6.767 6.737 6.707 6.677 6.647 6.617 6.587 6.557 6.527 6.497 6.469 6.518 6.519 6.545 6.571 6.597 6.623 6.649 6.675 6.701 6.727 6.753 6.779 6.806 6.832 6.858 6.964 7.433 7.433 7.697 7.922 8.126
1.359 1.404 1.482 1.559 1.637 1.714 1.792 1.869 1.870 2.024 2.102 2.179 2.257 2.321 2.421 2.620 2.819 3.019 3.218 3.417 3.616 3.816 4.015 4.214 4.214 4.612 4.811 4.948 5.108 5.269 5.429 5.590 5.750 5.911 6.072 6.232 6.393 6.553 6.714 6.874 6.875 7.082 7.052 7.022 6.992 6.962 6.932 6.902 6.872 6.842 6.812 6.782 6.752 6.722 6.691 6.688 6.740 6.740 6.766 6.792 6.818 6.844 6.871 6.897 6.923 6.949 6.975 7.001 7.027 7.053 7.079 7.105 7.497 7.497 7.701 7.905 8.109
1.480 1.558 1.636 1.713 1.791 1.868 1.946 2.023 2.024 2.178 2.256 2.333 2.411 2.488 2.671 2.870 3.069 3.269 3.469 3.673 3.876 4.080 4.284 4.488 4.488 4.895 5.099 5.230 5.388 5.545 5.703 5.861 6.018 6.176 6.333 6.491 6.649 6.806 6.964 7.121 7.122 7.094 7.057 7.019 6.982 6.945 6.907 6.870 6.832 6.795 6.757 6.720 6.682 6.645 6.622 6.724 6.779 6.779 6.807 6.834 6.862 6.889 6.917 6.945 6.972 7.000 7.028 7.055 7.083 7.111 7.138 7.179 7.480 7.480 7.684 7.889 8.093
1.743 1.825 1.907 1.988 2.070 2.151 2.232 2.314 2.314 2.477 2.558 2.640 2.721 2.870 3.086 3.290 3.494 3.698 3.901 4.105 4.309 4.513 4.716 4.920 4.920 5.328 5.491 5.469 5.587 5.745 5.903 6.060 6.218 6.375 6.533 6.691 6.848 7.006 7.163 7.321 7.321 6.999 6.955 6.917 6.880 6.842 6.805 6.767 6.730 6.693 6.655 6.618 6.580 6.543 6.611 6.716 6.804 6.804 6.832 6.859 6.887 6.915 6.942 6.970 6.998 7.025 7.053 7.080 7.108 7.136 7.171 7.236 7.511 7.512 7.679 7.872 8.076
2.008 2.161 2.243 2.324 2.406 2.487 2.568 2.650 2.650 2.813 2.894 2.976 3.062 3.289 3.516 3.722 3.926 4.130 4.334 4.538 4.741 4.945 5.149 5.353 5.353 5.760 5.793 5.772 5.787 5.945 6.102 6.260 6.418 6.575 6.733 6.890 7.048 7.206 7.363 7.388 7.388 6.986 6.852 6.815 6.777 6.740 6.703 6.665 6.628 6.590 6.553 6.515 6.478 6.495 6.600 6.705 6.829 6.829 6.857 6.884 6.912 6.940 6.967 6.995 7.023 7.050 7.078 7.106 7.133 7.162 7.228 7.294 7.555 7.555 7.722 7.890 8.059
2.259 2.491 2.579 2.660 2.741 2.823 2.904 2.986 2.986 3.149 3.230 3.311 3.482 3.708 3.935 4.155 4.359 4.562 4.766 4.970 5.174 5.377 5.581 5.785 5.785 6.117 6.096 6.074 6.053 6.144 6.302 6.460 6.617 6.775 6.932 7.090 7.248 7.405 7.563 7.375 7.376 6.974 6.773 6.713 6.675 6.638 6.600 6.563 6.525 6.488 6.451 6.413 6.378 6.483 6.589 6.694 6.854 6.854 6.882 6.910 6.937 6.965 6.992 7.020 7.048 7.075 7.103 7.131 7.158 7.220 7.285 7.351 7.598 7.598 7.766 7.933 8.100
2.509 2.742 2.915 2.996 3.078 3.159 3.240 3.322 3.322 3.485 3.566 3.674 3.901 4.127 4.354 4.581 4.791 4.995 5.199 5.402 5.606 5.810 6.014 6.217 6.218 6.420 6.398 6.377 6.355 6.344 6.502 6.659 6.817 6.975 7.132 7.290 7.447 7.605 7.564 7.363 7.363 6.962 6.761 6.610 6.573 6.535 6.498 6.461 6.423 6.386 6.348 6.311 6.367 6.472 6.577 6.682 6.879 6.879 6.907 6.935 6.962 6.990 7.018 7.045 7.073 7.101 7.128 7.156 7.211 7.277 7.343 7.408 7.642 7.642 7.809 7.976 8.144
2.759 2.992 3.224 3.332 3.413 3.495 3.576 3.658 3.658 3.820 3.902 4.093 4.320 4.547 4.773 5.000 5.224 5.427 5.631 5.835 6.039 6.242 6.446 6.650 6.650 6.722 6.700 6.679 6.657 6.636 6.701 6.859 7.017 7.174 7.332 7.489 7.647 7.752 7.551 7.351 7.351 6.949 6.748 6.548 6.471 6.433 6.396 6.358 6.321 6.283 6.246 6.250 6.356 6.461 6.566 6.671 6.881 6.882 6.932 6.960 6.987 7.015 7.043 7.070 7.098 7.126 7.153 7.203 7.269 7.334 7.400 7.465 7.685 7.685 7.853 8.020 8.187
3.009 3.242 3.474 3.668 3.749 3.831 3.912 3.994 3.994 4.156 4.286 4.513 4.739 4.966 5.193 5.419 5.646 5.860 6.064 6.267 6.471 6.675 6.878 7.068 7.068 7.024 7.003 6.981 6.959 6.938 6.916 7.059 7.216 7.374 7.532 7.689 7.847 7.740 7.539 7.338 7.339 6.937 6.736 6.535 6.368 6.331 6.293 6.256 6.219 6.181 6.144 6.239 6.344 6.450 6.555 6.660 6.870 6.870 6.957 6.985 7.013 7.040 7.068 7.095 7.123 7.151 7.195 7.260 7.326 7.391 7.457 7.522 7.729 7.729 7.896 8.063 8.231
3.259 3.492 3.724 3.957 4.085 4.167 4.248 4.329 4.330 4.492 4.705 4.932 5.159 5.385 5.612 5.838 6.065 6.292 6.496 6.700 6.903 7.107 7.311 7.370 7.370 7.327 7.305 7.283 7.262 7.240 7.219 7.258 7.416 7.574 7.731 7.889 7.928 7.727 7.527 7.326 7.326 6.924 6.724 6.523 6.322 6.229 6.191 6.154 6.116 6.079 6.123 6.228 6.333 6.438 6.543 6.649 6.859 6.859 6.964 7.010 7.038 7.065 7.093 7.121 7.148 7.186 7.252 7.317 7.383 7.449 7.514 7.580 7.772 7.772 7.939 8.107 8.274
3.509 3.742 3.974 4.207 4.421 4.503 4.584 4.665 4.666 4.898 5.125 5.351 5.578 5.804 6.031 6.258 6.484 6.711 6.928 7.132 7.336 7.540 7.694 7.672 7.673 7.629 7.607 7.586 7.564 7.543 7.521 7.499 7.616 7.773 7.931 8.089 7.916 7.715 7.514 7.314 7.314 6.912 6.711 6.511 6.310 6.126 6.089 6.051 6.014 6.006 6.111 6.217 6.322 6.427 6.532 6.637 6.847 6.848 6.953 7.035 7.063 7.090 7.118 7.146 7.178 7.244 7.309 7.375 7.440 7.506 7.571 7.637 7.815 7.816 7.983 8.150 8.318
3.759 3.992 4.224 4.457 4.690 4.838 4.920 5.001 5.002 5.317 5.544 5.770 5.997 6.224 6.450 6.677 6.903 7.130 7.357 7.565 7.768 7.972 7.996 7.975 7.975 7.932 7.910 7.888 7.867 7.845 7.823 7.802 7.815 7.973 8.131 8.104 7.904 7.703 7.502 7.301 7.302 6.900 6.699 6.498 6.298 6.097 5.986 5.949 5.912 5.995 6.100 6.205 6.310 6.416 6.521 6.626 6.836 6.836 6.942 7.047 7.088 7.116 7.143 7.171 7.235 7.301 7.366 7.432 7.497 7.563 7.629 7.694 7.859 7.859 8.026 8.194 8.361
4.009 4.242 4.474 4.707 4.940 5.172 5.256 5.337 5.337 5.736 5.963 6.190 6.416 6.643 6.869 7.096 7.323 7.549 7.776 7.997 8.201 8.320 8.299 8.277 8.277 8.234 8.212 8.191 8.169 8.147 8.126 8.104 8.082 8.173 8.293 8.092 7.891 7.690 7.490 7.289 7.289 6.887 6.687 6.486 6.285 6.085 5.884 5.847 5.878 5.984 6.089 6.194 6.299 6.404 6.510 6.615 6.825 6.825 6.930 7.036 7.113 7.141 7.168 7.227 7.292 7.358 7.423 7.489 7.555 7.620 7.686 7.751 7.902 7.902 8.070 8.237 8.404
4.009 4.242 4.474 4.707 4.940 5.172 5.256 5.337 5.337 5.736 5.963 6.190 6.416 6.643 6.869 7.096 7.322 7.549 7.776 7.997 8.201 8.320 8.299 8.277 8.277 8.234 8.212 8.190 8.169 8.147 8.126 8.104 8.082 8.173 8.293 8.092 7.891 7.690 7.490 7.289 7.289 6.887 6.687 6.486 6.285 6.084 5.884 5.847 5.878 5.984 6.089 6.194 6.299 6.404 6.510 6.615 6.825 6.825 6.930 7.035 7.113 7.140 7.168 7.227 7.292 7.358 7.423 7.489 7.554 7.620 7.686 7.751 7.902 7.902 8.070 8.237 8.404
4.259 4.492 4.724 4.957 5.190 5.422 5.592 5.702 5.703 6.155 6.382 6.609 6.835 7.062 7.289 7.515 7.742 7.968 8.195 8.421 8.633 8.623 8.601 8.579 8.580 8.536 8.514 8.493 8.471 8.450 8.428 8.406 8.385 8.372 8.280 8.079 7.879 7.678 7.477 7.276 7.277 6.875 6.674 6.474 6.273 6.072 5.871 5.762 5.867 5.972 6.077 6.183 6.288 6.393 6.498 6.603 6.814 6.814 6.919 7.024 7.129 7.166 7.218 7.284 7.349 7.415 7.481 7.546 7.612 7.677 7.743 7.808 7.946 7.946 8.113 8.280 8.448
4.509 4.742 4.974 5.207 5.440 5.672 5.905 6.122 6.122 6.567 6.784 7.001 7.219 7.436 7.653 7.870 8.088 8.305 8.522 8.739 8.814 8.785 8.756 8.726 8.727 8.668 8.639 8.610 8.580 8.551 8.522 8.493 8.463 8.404 8.237 8.037 7.836 7.635 7.434 7.233 7.233 6.831 6.631 6.430 6.229 6.028 5.827 5.763 5.861 5.966 6.071 6.176 6.280 6.385 6.490 6.595 6.804 6.804 6.909 7.014 7.119 7.210 7.276 7.341 7.407 7.472 7.538 7.603 7.669 7.735 7.800 7.866 7.997 7.997 8.157 8.324 8.491
4.940 5.172 5.403 5.635 5.867 6.099 6.271 6.436 6.437 6.852 7.069 7.287 7.504 7.721 7.938 8.156 8.373 8.590 8.807 8.844 8.785 8.725 8.693 8.663 8.664 8.605 8.576 8.547 8.517 8.488 8.459 8.430 8.351 8.218 8.085 7.924 7.723 7.522 7.322 7.121 7.121 6.719 6.518 6.317 6.117 5.922 5.901 5.880 5.858 5.960 6.065 6.170 6.275 6.379 6.484 6.589 6.798 6.799 6.903 7.008 7.094 7.179 7.262 7.345 7.428 7.510 7.593 7.676 7.758 7.841 7.915 7.980 8.111 8.111 8.244 8.411 8.497
5.151 5.383 5.615 5.846 6.078 6.280 6.445 6.611 6.611 6.995 7.212 7.429 7.647 7.864 8.081 8.298 8.516 8.733 8.891 8.831 8.771 8.711 8.661 8.632 8.632 8.573 8.544 8.515 8.486 8.457 8.427 8.391 8.257 8.124 7.991 7.858 7.667 7.466 7.265 7.064 7.065 6.663 6.462 6.261 6.060 5.980 5.959 5.938 5.917 5.957 6.062 6.167 6.272 6.376 6.481 6.586 6.795 6.796 6.900 6.991 7.076 7.161 7.245 7.328 7.411 7.493 7.576 7.659 7.742 7.824 7.907 7.990 8.155 8.155 8.234 8.320 8.405
5.362 5.594 5.826 6.058 6.290 6.455 6.620 6.785 6.785 7.137 7.355 7.572 7.789 8.006 8.224 8.441 8.658 8.875 8.877 8.817 8.757 8.697 8.637 8.600 8.601 8.542 8.513 8.483 8.454 8.425 8.396 8.297 8.164 8.031 7.898 7.765 7.611 7.410 7.209 7.008 7.008 6.607 6.406 6.205 6.060 6.039 6.017 5.996 5.975 5.954 6.059 6.164 6.269 6.373 6.478 6.583 6.792 6.793 6.889 6.974 7.059 7.144 7.229 7.311 7.394 7.477 7.560 7.642 7.725 7.808 7.890 7.973 8.107 8.107 8.154 8.230 8.313
5.574 5.806 6.037 6.269 6.464 6.629 6.794 6.959 6.959 7.289 7.497 7.715 7.932 8.149 8.366 8.584 8.801 8.923 8.863 8.803 8.743 8.684 8.624 8.569 8.569 8.510 8.481 8.452 8.423 8.393 8.337 8.204 8.071 7.938 7.805 7.672 7.539 7.354 7.153 6.952 6.952 6.550 6.349 6.149 6.118 6.097 6.076 6.054 6.033 6.012 6.056 6.161 6.266 6.370 6.475 6.580 6.786 6.787 6.872 6.956 7.042 7.126 7.211 7.295 7.378 7.460 7.543 7.626 7.708 7.791 7.874 7.956 8.036 8.036 8.077 8.154 8.231
5.785 6.017 6.249 6.473 6.638 6.803 6.968 7.133 7.134 7.464 7.640 7.857 8.074 8.292 8.509 8.726 8.944 8.910 8.850 8.790 8.730 8.670 8.610 8.550 8.550 8.479 8.450 8.420 8.391 8.362 8.244 8.111 7.978 7.845 7.711 7.578 7.445 7.297 7.097 6.896 6.896 6.494 6.293 6.198 6.176 6.155 6.134 6.113 6.091 6.070 6.053 6.158 6.263 6.367 6.472 6.577 6.769 6.769 6.854 6.939 7.024 7.109 7.194 7.278 7.361 7.443 7.526 7.609 7.692 7.774 7.857 7.913 7.966 7.966 8.001 8.078 8.154
5.997 6.228 6.460 6.647 6.812 6.977 7.143 7.308 7.308 7.638 7.803 8.000 8.217 8.434 8.652 8.869 8.956 8.896 8.836 8.776 8.716 8.656 8.596 8.536 8.537 8.447 8.418 8.389 8.359 8.284 8.150 8.017 7.884 7.751 7.618 7.485 7.352 7.219 7.040 6.840 6.840 6.438 6.277 6.256 6.235 6.213 6.192 6.171 6.150 6.128 6.107 6.155 6.260 6.364 6.469 6.574 6.752 6.752 6.837 6.922 7.007 7.091 7.176 7.261 7.344 7.427 7.509 7.592 7.675 7.757 7.816 7.843 7.895 7.895 7.925 8.001 8.078
6.208 6.440 6.656 6.822 6.987 7.152 7.317 7.482 7.482 7.812 7.977 8.143 8.360 8.577 8.794 9.002 8.942 8.883 8.822 8.762 8.702 8.643 8.583 8.523 8.523 8.416 8.386 8.357 8.323 8.190 8.057 7.924 7.791 7.658 7.525 7.392 7.259 7.126 6.984 6.783 6.783 6.382 6.335 6.314 6.293 6.272 6.250 6.229 6.208 6.187 6.165 6.152 6.257 6.361 6.466 6.564 6.734 6.734 6.819 6.904 6.989 7.074 7.159 7.244 7.327 7.410 7.493 7.575 7.658 7.719 7.746 7.772 7.824 7.824 7.851 7.925 8.002
6.419 6.651 6.831 6.996 7.161 7.326 7.491 7.656 7.656 7.986 8.151 8.316 8.502 8.720 8.937 8.988 8.928 8.868 8.809 8.749 8.689 8.629 8.569 8.509 8.509 8.389 8.355 8.326 8.230 8.097 7.964 7.831 7.698 7.565 7.432 7.299 7.166 7.032 6.899 6.727 6.727 6.415 6.394 6.372 6.351 6.330 6.309 6.287 6.266 6.245 6.224 6.202 6.254 6.358 6.462 6.547 6.717 6.717 6.802 6.887 6.972 7.056 7.141 7.226 7.311 7.393 7.476 7.559 7.623 7.649 7.675 7.701 7.754 7.754 7.780 7.849 7.925
6.630 6.840 7.005 7.170 7.335 7.500 7.665 7.830 7.831 8.160 8.326 8.491 8.656 8.862 9.035 8.975 8.915 8.855 8.795 8.735 8.675 8.615 8.555 8.495 8.496 8.375 8.323 8.270 8.137 8.004 7.871 7.738 7.604 7.471 7.338 7.205 7.072 6.939 6.806 6.671 6.671 6.473 6.452 6.431 6.409 6.388 6.367 6.346 6.324 6.303 6.282 6.261 6.251 6.355 6.444 6.529 6.699 6.699 6.784 6.869 6.954 7.039 7.124 7.209 7.294 7.377 7.459 7.526 7.552 7.578 7.605 7.631 7.683 7.683 7.710 7.772 7.849
6.842 7.014 7.179 7.344 7.509 7.674 7.840 8.005 8.005 8.335 8.500 8.665 8.830 9.004 9.021 8.961 8.901 8.841 8.781 8.721 8.661 8.601 8.542 8.481 8.481 8.352 8.287 8.174 8.040 7.907 7.774 7.641 7.507 7.374 7.241 7.108 6.974 6.841 6.708 6.575 6.575 6.514 6.495 6.475 6.456 6.437 6.418 6.399 6.379 6.360 6.340 6.319 6.298 6.342 6.427 6.512 6.682 6.682 6.767 6.852 6.937 7.021 7.106 7.191 7.276 7.360 7.429 7.455 7.481 7.508 7.534 7.560 7.612 7.613 7.639 7.696 7.773
7.023 7.188 7.353 7.518 7.684 7.842 7.998 8.153 8.153 8.464 8.619 8.775 8.930 9.016 8.931 8.867 8.802 8.738 8.673 8.609 8.544 8.479 8.415 8.350 8.350 8.221 8.148 8.059 7.926 7.792 7.659 7.526 7.393 7.259 7.126 6.993 6.860 6.726 6.593 6.510 6.510 6.486 6.467 6.448 6.428 6.409 6.390 6.371 6.351 6.332 6.313 6.294 6.285 6.329 6.414 6.498 6.667 6.667 6.752 6.837 6.921 7.006 7.090 7.175 7.259 7.332 7.358 7.385 7.411 7.437 7.463 7.490 7.542 7.542 7.568 7.620 7.696
7.100 7.256 7.411 7.567 7.722 7.878 8.033 8.189 8.189 8.500 8.655 8.811 8.966 8.915 8.803 8.736 8.671 8.607 8.542 8.477 8.413 8.348 8.284 8.219 8.219 8.090 8.006 7.922 7.811 7.678 7.544 7.411 7.278 7.145 7.011 6.878 6.745 6.612 6.480 6.475 6.475 6.458 6.439 6.420 6.401 6.381 6.362 6.343 6.324 6.304 6.285 6.266 6.295 6.334 6.402 6.486 6.655 6.655 6.740 6.825 6.909 6.994 7.078 7.163 7.247 7.307 7.336 7.353 7.371 7.389 7.406 7.424 7.471 7.471 7.498 7.543 7.620
7.147 7.292 7.447 7.603 7.758 7.913 8.069 8.224 8.225 8.535 8.691 8.846 8.927 8.814 8.701 8.605 8.540 8.476 8.411 8.346 8.282 8.217 8.152 8.088 8.088 7.948 7.864 7.779 7.695 7.563 7.430 7.296 7.163 7.030 6.897 6.763 6.630 6.497 6.444 6.439 6.439 6.429 6.411 6.392 6.373 6.353 6.334 6.315 6.296 6.276 6.257 6.267 6.306 6.344 6.390 6.474 6.643 6.643 6.728 6.813 6.897 6.981 7.066 7.151 7.220 7.277 7.324 7.342 7.359 7.377 7.395 7.412 7.448 7.448 7.465 7.477 7.542
7.146 7.292 7.447 7.602 7.758 7.913 8.069 8.224 8.225 8.535 8.691 8.846 8.927 8.814 8.701 8.605 8.540 8.475 8.411 8.346 8.282 8.217 8.152 8.088 8.088 7.948 7.863 7.779 7.695 7.563 7.429 7.296 7.163 7.030 6.897 6.763 6.630 6.497 6.444 6.439 6.439 6.429 6.411 6.392 6.373 6.353 6.334 6.315 6.295 6.276 6.257 6.267 6.305 6.344 6.390 6.474 6.643 6.643 6.728 6.812 6.897 6.981 7.066 7.150 7.219 7.276 7.324 7.341 7.359 7.377 7.395 7.412 7.447 7.448 7.465 7.477 7.542
7.196 7.332 7.483 7.638 7.794 7.949 8.105 8.260 8.260 8.571 8.726 8.882 8.825 8.712 8.600 8.488 8.409 8.344 8.280 8.215 8.150 8.086 8.021 7.957 7.957 7.805 7.721 7.637 7.552 7.448 7.315 7.181 7.048 6.915 6.782 6.649 6.515 6.414 6.409 6.404 6.404 6.394 6.383 6.364 6.345 6.325 6.306 6.287 6.268 6.248 6.239 6.277 6.316 6.354 6.393 6.462 6.631 6.631 6.716 6.800 6.885 6.969 7.054 7.132 7.189 7.246 7.303 7.330 7.347 7.365 7.383 7.400 7.436 7.436 7.452 7.460 7.468
7.245 7.381 7.518 7.674 7.829 7.985 8.140 8.296 8.296 8.607 8.762 8.836 8.723 8.611 8.499 8.386 8.278 8.213 8.149 8.084 8.019 7.955 7.890 7.825 7.826 7.663 7.579 7.494 7.410 7.326 7.200 7.067 6.933 6.800 6.667 6.534 6.401 6.378 6.373 6.368 6.369 6.359 6.354 6.336 6.317 6.298 6.278 6.259 6.240 6.221 6.249 6.287 6.326 6.364 6.403 6.450 6.619 6.619 6.704 6.788 6.873 6.957 7.042 7.101 7.158 7.215 7.272 7.318 7.336 7.353 7.371 7.389 7.424 7.424 7.435 7.443 7.451
7.344 7.480 7.616 7.753 7.901 8.056 8.212 8.367 8.367 8.678 8.745 8.633 8.521 8.408 8.296 8.184 8.071 7.959 7.886 7.822 7.757 7.693 7.628 7.547 7.547 7.378 7.294 7.210 7.125 7.041 6.957 6.837 6.704 6.571 6.438 6.318 6.313 6.308 6.303 6.298 6.298 6.288 6.283 6.278 6.261 6.242 6.223 6.204 6.192 6.231 6.269 6.308 6.346 6.385 6.423 6.462 6.595 6.595 6.680 6.765 6.849 6.925 6.982 7.040 7.097 7.154 7.211 7.268 7.312 7.330 7.348 7.365 7.392 7.393 7.401 7.409 7.417
