includes/lisflood/camargue/results_R4_t1.561730198035E12/res-0001.wd
ncols         906
nrows         631
xllcorner     362177.146667
yllcorner     6534725.688020
cellsize      20.000000
NODATA_value  -9999.000000
[rows 408 to 441 of 631, columns 0 to 76 of 906]
4.683 4.483 4.322 4.551 4.684 4.562 4.439 4.317 4.317 4.072 3.949 4.181 4.428 4.716 5.005 5.294 5.583 5.876 6.247 6.618 6.989 7.361 7.732 7.968 7.968 8.348 8.542 8.739 8.936 9.133 9.330 9.481 9.629 9.778 9.777 9.680 9.334 8.510 7.687 6.863 6.863 5.216 4.512 4.072 3.632 3.192 2.752 1.133 0.983 0.673 0.524 0.000 0.000 0.000 0.000 0.000 0.000 0.000 0.000 0.000 0.000 0.000 0.000 0.000 0.000 0.000 0.000 0.000 0.000 0.000 0.000 0.000 0.000 0.000 0.000 0.000 0.000
4.873 4.674 4.474 4.449 4.358 4.236 4.113 3.991 3.991 3.746 3.644 3.722 4.010 4.299 4.588 4.877 5.166 5.466 5.837 6.208 6.579 6.951 7.322 7.693 7.693 8.165 8.361 8.558 8.738 8.887 9.036 9.185 9.333 9.482 9.444 9.347 9.250 9.153 8.348 7.525 7.524 5.877 5.217 4.777 4.337 3.897 3.457 3.017 2.577 0.853 0.753 0.513 0.000 0.000 0.000 0.000 0.000 0.000 0.000 0.000 0.000 0.000 0.000 0.000 0.000 0.000 0.000 0.000 0.000 0.000 0.000 0.000 0.000 0.000 0.000 0.000 0.000
5.033 4.827 4.622 4.463 4.371 4.277 4.183 4.090 4.090 3.902 3.809 3.696 3.593 3.882 4.171 4.460 4.749 5.056 5.427 5.798 6.170 6.541 6.912 7.283 7.283 7.984 8.145 8.293 8.442 8.591 8.740 8.889 9.037 9.186 9.112 9.015 8.917 8.820 8.723 8.186 8.186 6.539 5.923 5.483 5.043 4.603 4.163 3.754 3.353 2.951 0.783 0.783 0.524 0.000 0.000 0.000 0.000 0.000 0.000 0.000 0.000 0.000 0.000 0.000 0.000 0.000 0.000 0.000 0.000 0.000 0.000 0.000 0.000 0.000 0.000 0.000 0.000
5.033 4.827 4.622 4.463 4.370 4.277 4.183 4.090 4.090 3.902 3.809 3.696 3.593 3.882 4.171 4.460 4.749 5.056 5.427 5.798 6.170 6.541 6.912 7.283 7.283 7.984 8.145 8.293 8.442 8.591 8.740 8.889 9.038 9.186 9.112 9.015 8.917 8.820 8.723 8.186 8.186 6.539 5.923 5.483 5.043 4.603 4.163 3.755 3.353 2.951 0.784 0.784 0.523 0.000 0.000 0.000 0.000 0.000 0.000 0.000 0.000 0.000 0.000 0.000 0.000 0.000 0.000 0.000 0.000 0.000 0.000 0.000 0.000 0.000 0.000 0.000 0.000
5.147 4.941 4.736 4.625 4.534 4.441 4.348 4.254 4.254 4.067 3.968 3.853 3.738 3.623 3.754 4.043 4.332 4.646 5.017 5.388 5.760 6.131 6.502 6.845 6.845 7.476 7.832 7.997 8.146 8.295 8.444 8.593 8.742 8.877 8.780 8.682 8.585 8.487 8.390 8.293 8.293 7.200 6.628 6.188 5.757 5.355 4.953 4.551 4.150 3.748 3.343 0.874 0.844 0.595 0.000 0.000 0.000 0.000 0.000 0.000 0.000 0.000 0.000 0.000 0.000 0.000 0.000 0.000 0.000 0.000 0.000 0.000 0.000 0.000 0.000 0.000 0.000
5.261 5.055 4.879 4.788 4.696 4.606 4.512 4.419 4.419 4.231 4.126 4.011 3.895 3.780 3.665 3.626 3.914 4.236 4.607 4.978 5.337 5.647 5.957 6.268 6.267 6.906 7.262 7.617 7.850 7.999 8.148 8.297 8.446 8.544 8.447 8.350 8.252 8.155 8.058 7.960 7.960 7.766 7.358 6.956 6.554 6.152 5.750 5.348 4.946 4.544 4.065 3.137 1.084 0.834 0.635 0.000 0.000 0.000 0.000 0.000 0.000 0.000 0.000 0.000 0.000 0.000 0.000 0.000 0.000 0.000 0.000 0.000 0.000 0.000 0.000 0.000 0.000
5.489 5.294 5.203 5.112 5.021 4.930 4.839 4.748 4.748 4.557 4.442 4.326 4.211 4.096 3.978 3.848 3.719 3.520 3.560 3.870 4.181 4.491 4.801 5.112 5.112 5.766 6.122 6.477 6.833 7.189 7.544 7.705 7.854 7.879 7.782 7.685 7.587 7.537 7.517 7.496 7.496 7.478 7.763 8.048 8.147 7.745 7.343 6.942 6.540 6.138 5.510 4.582 3.653 2.725 0.994 0.874 0.875 0.000 0.000 0.000 0.000 0.000 0.000 0.000 0.000 0.000 0.000 0.000 0.000 0.000 0.000 0.000 0.000 0.000 0.000 0.000 0.000
5.603 5.457 5.366 5.275 5.184 5.093 5.002 4.911 4.911 4.715 4.599 4.477 4.348 4.218 4.089 3.959 3.830 3.608 3.374 3.293 3.603 3.913 4.224 4.534 4.534 5.196 5.552 5.907 6.263 6.619 6.974 7.330 7.558 7.547 7.458 7.437 7.417 7.397 7.376 7.356 7.356 7.385 7.670 7.955 8.240 8.525 8.140 7.738 7.336 6.934 6.232 5.304 4.376 3.448 2.519 1.591 1.591 0.285 0.000 0.000 0.000 0.000 0.000 0.000 0.000 0.000 0.000 0.000 0.000 0.000 0.000 0.000 0.000 0.000 0.000 0.000 0.000
5.717 5.619 5.528 5.437 5.346 5.255 5.164 5.071 5.071 4.847 4.718 4.588 4.459 4.330 4.200 4.071 3.930 3.696 3.463 3.229 3.025 3.335 3.646 3.956 3.956 4.626 4.982 5.337 5.693 6.048 6.404 6.760 7.167 7.338 7.317 7.297 7.277 7.256 7.236 7.216 7.216 7.292 7.577 7.862 8.147 8.432 8.717 8.535 8.133 7.731 6.955 6.027 5.098 4.170 3.242 2.453 2.453 0.805 0.735 0.000 0.000 0.000 0.000 0.000 0.000 0.000 0.000 0.000 0.000 0.000 0.000 0.000 0.000 0.000 0.000 0.000 0.000
5.872 5.780 5.686 5.592 5.498 5.404 5.310 5.216 5.216 4.971 4.829 4.700 4.570 4.441 4.311 4.182 4.018 3.785 3.551 3.318 3.084 2.850 3.067 3.378 3.378 4.056 4.412 4.767 5.123 5.514 5.944 6.373 6.802 6.997 7.177 7.157 7.136 7.116 7.096 7.075 7.075 7.199 7.484 7.769 8.054 8.339 8.624 8.909 8.930 8.528 7.677 6.749 5.879 5.098 4.318 3.538 3.538 1.065 0.805 0.326 0.000 0.000 0.000 0.000 0.000 0.000 0.000 0.000 0.000 0.000 0.000 0.000 0.000 0.000 0.000 0.000 0.000
6.021 5.925 5.831 5.737 5.643 5.549 5.455 5.361 5.361 5.100 4.954 4.811 4.682 4.552 4.423 4.293 4.106 3.873 3.639 3.406 3.172 2.938 2.705 2.800 2.800 3.486 3.861 4.290 4.720 5.149 5.579 6.008 6.398 6.589 6.780 6.971 6.996 6.976 6.955 6.935 6.935 7.106 7.391 7.675 7.961 8.245 8.530 8.815 9.100 9.325 8.524 7.744 6.964 6.183 5.403 4.623 4.623 3.062 2.260 0.555 0.554 0.364 0.000 0.000 0.000 0.000 0.000 0.000 0.000 0.000 0.000 0.000 0.000 0.000 0.000 0.000 0.000
6.172 6.072 5.976 5.882 5.788 5.694 5.600 5.506 5.506 5.229 5.083 4.937 4.793 4.663 4.534 4.405 4.195 3.961 3.728 3.494 3.260 3.027 2.793 2.564 2.564 3.067 3.496 3.926 4.355 4.784 5.214 5.643 5.990 6.182 6.373 6.564 6.755 6.835 6.815 6.795 6.795 7.012 7.297 7.582 7.867 8.152 8.437 8.677 8.860 9.071 9.430 8.829 8.049 7.268 6.488 5.708 5.708 4.147 3.328 1.004 0.684 0.644 0.356 0.000 0.000 0.000 0.000 0.000 0.000 0.000 0.000 0.000 0.000 0.000 0.000 0.000 0.000
6.323 6.222 6.122 6.027 5.933 5.839 5.745 5.650 5.650 5.358 5.212 5.066 4.920 4.775 4.645 4.516 4.283 4.049 3.816 3.582 3.362 3.167 2.971 2.776 2.776 2.702 3.131 3.561 3.990 4.420 4.849 5.279 5.583 5.774 5.965 6.157 6.348 6.539 6.675 6.654 6.654 6.919 7.204 7.489 7.767 7.951 8.135 8.318 8.502 8.740 9.099 9.458 9.134 8.353 7.573 6.793 6.793 5.232 4.395 3.504 1.074 0.584 0.345 0.315 0.000 0.000 0.000 0.000 0.000 0.000 0.000 0.000 0.000 0.000 0.000 0.000 0.000
6.473 6.373 6.273 6.173 6.078 5.984 5.891 5.779 5.779 5.487 5.341 5.195 5.049 4.903 4.758 4.604 4.371 4.160 3.964 3.769 3.574 3.378 3.183 2.993 2.993 2.851 2.780 3.196 3.625 4.055 4.484 4.914 5.176 5.367 5.558 5.749 5.940 6.131 6.323 6.514 6.514 6.826 7.041 7.225 7.409 7.592 7.776 7.960 8.143 8.410 8.769 9.128 9.487 9.438 8.658 7.878 7.878 6.317 5.463 4.572 3.680 2.789 0.794 0.664 0.455 0.000 0.000 0.000 0.000 0.000 0.000 0.000 0.000 0.000 0.000 0.000 0.000
6.624 6.524 6.424 6.324 6.224 6.129 6.036 5.908 5.908 5.616 5.470 5.324 5.178 5.034 4.896 4.754 4.566 4.371 4.176 3.981 3.785 3.590 3.394 3.231 3.231 3.089 3.018 2.947 3.261 3.690 4.120 4.549 4.768 4.959 5.151 5.342 5.533 5.724 5.915 6.150 6.150 6.499 6.683 6.867 7.050 7.234 7.418 7.601 7.785 8.079 8.438 8.797 9.156 9.515 9.743 8.963 8.963 7.402 6.531 5.640 4.748 3.856 2.965 1.074 0.645 0.535 0.000 0.000 0.000 0.000 0.000 0.000 0.000 0.000 0.000 0.000 0.000
6.775 6.675 6.575 6.475 6.375 6.275 6.181 6.037 6.036 5.746 5.609 5.471 5.334 5.196 5.059 4.913 4.764 4.583 4.388 4.192 3.997 3.801 3.606 3.469 3.469 3.327 3.256 3.185 3.114 3.325 3.755 4.170 4.361 4.552 4.743 4.934 5.152 5.453 5.754 6.055 6.055 6.221 6.324 6.508 6.692 6.875 7.059 7.243 7.426 7.749 8.108 8.467 8.826 9.185 9.544 9.903 9.903 8.487 7.599 6.707 5.816 4.636 3.416 2.195 0.975 0.944 0.493 0.193 0.000 0.000 0.000 0.000 0.000 0.000 0.000 0.000 0.000
6.926 6.826 6.726 6.626 6.526 6.414 6.314 6.184 6.184 5.909 5.771 5.634 5.497 5.359 5.222 5.073 4.924 4.775 4.599 4.404 4.209 4.013 3.818 3.707 3.707 3.565 3.495 3.423 3.352 3.281 3.390 3.762 3.953 4.154 4.455 4.756 5.057 5.358 5.659 5.960 5.960 6.074 6.085 6.150 6.333 6.517 6.701 6.884 7.068 7.418 7.777 8.136 8.495 8.854 9.213 9.572 9.572 9.558 8.570 7.349 6.129 4.909 3.689 2.468 1.248 0.017 0.672 0.572 0.331 0.000 0.000 0.000 0.000 0.000 0.000 0.000 0.000
7.065 6.939 6.814 6.688 6.562 6.437 6.366 6.336 6.336 6.072 5.934 5.797 5.659 5.522 5.382 5.233 5.084 4.935 4.786 4.616 4.420 4.225 4.030 3.946 3.946 3.804 3.733 3.662 3.591 3.520 3.449 3.457 3.758 4.059 4.360 4.661 4.962 5.263 5.564 5.865 5.865 5.927 5.937 5.948 5.975 6.158 6.342 6.526 6.729 7.088 7.447 7.806 8.165 8.524 8.883 9.242 9.242 9.691 8.843 7.622 6.402 5.182 3.962 2.741 1.521 0.301 1.092 0.982 0.441 0.332 0.073 0.000 0.000 0.000 0.000 0.000 0.000
7.088 6.962 6.836 6.711 6.585 6.459 6.417 6.387 6.387 6.235 6.097 5.960 5.822 5.685 5.542 5.393 5.244 5.095 4.946 4.796 4.632 4.437 4.255 4.184 4.184 4.042 3.971 3.894 3.787 3.680 3.574 3.586 3.668 3.965 4.265 4.566 4.867 5.168 5.470 5.758 5.758 5.779 5.790 5.800 5.811 5.822 5.983 6.167 6.398 6.757 7.116 7.475 7.834 8.189 8.541 8.892 8.892 9.198 8.620 7.895 6.675 5.455 4.235 3.014 1.794 0.574 0.004 1.132 0.732 0.652 0.662 0.135 0.000 0.000 0.000 0.000 0.000
7.088 6.962 6.836 6.711 6.585 6.459 6.417 6.387 6.387 6.235 6.097 5.960 5.823 5.685 5.542 5.393 5.244 5.095 4.946 4.796 4.632 4.436 4.255 4.184 4.184 4.042 3.971 3.894 3.787 3.680 3.574 3.586 3.668 3.965 4.265 4.566 4.867 5.168 5.470 5.758 5.758 5.779 5.790 5.800 5.811 5.822 5.983 6.167 6.398 6.757 7.116 7.475 7.834 8.189 8.541 8.892 8.892 9.198 8.620 7.895 6.675 5.455 4.234 3.014 1.794 0.573 0.004 1.132 0.733 0.653 0.663 0.135 0.000 0.000 0.000 0.000 0.000
7.110 6.985 6.859 6.734 6.608 6.498 6.468 6.439 6.439 6.380 6.260 6.123 5.986 5.848 5.702 5.553 5.403 5.254 5.105 4.956 4.807 4.648 4.493 4.422 4.422 4.232 4.126 4.019 3.912 3.805 3.699 3.750 3.832 3.914 4.170 4.471 4.772 5.074 5.375 5.611 5.611 5.632 5.642 5.653 5.663 5.674 5.685 5.809 6.068 6.427 6.784 7.136 7.487 7.838 8.190 8.541 8.541 8.705 8.128 7.550 6.948 5.728 4.507 3.287 2.067 0.846 0.442 0.323 0.205 0.084 0.000 0.000 0.000 0.000 0.000 0.000 0.000
7.133 7.008 6.882 6.756 6.631 6.549 6.520 6.490 6.490 6.431 6.401 6.286 6.148 6.011 5.861 5.712 5.563 5.414 5.265 5.116 4.967 4.816 4.677 4.570 4.570 4.357 4.250 4.144 4.037 3.930 3.833 3.914 3.996 4.078 4.159 4.376 4.678 4.979 5.280 5.463 5.463 5.484 5.495 5.505 5.516 5.527 5.537 5.548 5.731 6.082 6.433 6.785 7.136 7.487 7.839 8.190 8.190 8.213 7.635 7.058 6.480 5.902 4.780 3.560 2.340 1.119 0.867 0.748 0.629 0.509 0.391 0.272 0.913 0.913 0.000 0.000 0.000
7.055 7.053 6.928 6.802 6.682 6.652 6.623 6.593 6.593 6.534 6.504 6.474 6.444 6.330 6.179 6.027 5.875 5.724 5.572 5.420 5.269 5.118 4.984 4.851 4.851 4.607 4.500 4.393 4.287 4.180 4.161 4.242 4.324 4.406 4.487 4.569 4.651 4.789 5.090 5.169 5.169 5.190 5.196 5.202 5.207 5.213 5.218 5.223 5.383 5.551 5.732 6.083 6.434 6.786 7.137 7.488 7.488 7.228 6.650 6.073 5.495 4.917 4.340 3.762 2.886 1.837 1.717 1.596 1.364 1.132 0.900 0.668 0.204 0.203 1.071 0.119 0.781
6.948 6.956 6.950 6.825 6.733 6.704 6.674 6.644 6.644 6.585 6.531 6.477 6.423 6.423 6.329 6.177 6.026 5.874 5.723 5.571 5.420 5.273 5.140 5.006 5.006 4.740 4.625 4.518 4.411 4.305 4.325 4.406 4.488 4.570 4.651 4.733 4.815 4.897 4.995 5.018 5.018 5.028 5.034 5.039 5.045 5.050 5.056 5.081 5.250 5.418 5.586 5.754 6.084 6.435 6.786 7.138 7.137 6.735 6.157 5.580 5.002 4.425 3.847 3.270 2.692 2.225 1.992 1.760 1.528 1.296 1.072 0.832 1.082 1.081 0.921 0.772 0.832
6.841 6.849 6.858 6.848 6.785 6.751 6.697 6.643 6.643 6.536 6.482 6.428 6.377 6.393 6.409 6.328 6.176 6.025 5.873 5.722 5.570 5.428 5.294 5.161 5.161 4.895 4.761 4.643 4.536 4.429 4.488 4.570 4.652 4.734 4.815 4.897 4.936 4.969 4.979 4.865 4.865 4.866 4.871 4.877 4.882 4.888 4.893 4.948 5.116 5.284 5.452 5.620 5.788 6.084 6.435 6.787 6.787 6.242 5.665 5.087 4.510 3.932 3.357 3.039 2.720 2.422 2.157 1.925 1.692 1.460 1.102 0.996 0.842 0.841 0.991 0.892 0.702
6.734 6.736 6.735 6.734 6.756 6.702 6.648 6.595 6.595 6.487 6.433 6.380 6.347 6.363 6.379 6.395 6.327 6.176 6.024 5.873 5.721 5.582 5.449 5.316 5.316 5.050 4.916 4.783 4.661 4.571 4.652 4.734 4.812 4.845 4.877 4.909 4.942 4.974 4.955 4.841 4.841 4.703 4.709 4.714 4.720 4.725 4.731 4.814 4.982 5.151 5.319 5.487 5.655 5.823 6.084 6.436 6.436 5.750 5.172 4.595 4.196 3.877 3.558 3.239 2.920 2.629 2.360 2.092 1.856 1.624 1.392 1.082 0.752 0.752 0.821 0.642 0.682
6.586 6.585 6.584 6.591 6.627 6.653 6.600 6.546 6.546 6.439 6.385 6.331 6.317 6.333 6.349 6.365 6.381 6.326 6.175 6.023 5.871 5.737 5.604 5.471 5.471 5.204 5.071 4.938 4.804 4.721 4.753 4.786 4.818 4.850 4.883 4.915 4.948 4.980 4.931 4.817 4.817 4.589 4.546 4.552 4.557 4.563 4.568 4.681 4.849 5.017 5.185 5.353 5.521 5.689 5.857 6.085 6.085 5.352 5.034 4.715 4.396 4.077 3.759 3.440 3.121 2.835 2.567 2.299 1.122 1.788 1.556 1.102 0.941 0.941 0.851 0.892 0.532
6.434 6.433 6.432 6.450 6.486 6.522 6.551 6.497 6.497 6.390 6.336 6.283 6.287 6.303 6.319 6.335 6.351 6.367 6.325 6.173 6.025 5.892 5.759 5.625 5.625 5.359 5.227 5.095 4.963 4.843 4.759 4.791 4.824 4.856 4.888 4.921 4.953 4.986 4.907 4.793 4.793 4.565 4.451 4.389 4.395 4.400 4.406 4.547 4.715 4.883 5.052 5.220 5.388 5.556 5.719 5.867 5.867 5.553 5.234 4.915 4.597 4.278 3.959 3.640 3.322 3.042 2.774 2.505 2.237 1.968 1.720 1.131 0.841 0.841 0.731 0.502 0.532
6.283 6.282 6.281 6.310 6.345 6.381 6.417 6.449 6.449 6.341 6.288 6.240 6.256 6.273 6.289 6.305 6.321 6.337 6.353 6.324 6.180 6.047 5.914 5.782 5.782 5.518 5.386 5.254 5.122 5.007 4.898 4.797 4.829 4.862 4.894 4.927 4.959 4.991 4.882 4.768 4.768 4.541 4.427 4.313 4.232 4.238 4.245 4.413 4.582 4.750 4.918 5.082 5.229 5.377 5.524 5.672 5.672 5.744 5.435 5.116 4.797 4.479 4.160 3.841 3.522 3.249 2.981 2.712 2.444 2.175 1.051 1.652 0.751 0.751 0.671 0.742 0.662
6.132 6.131 6.133 6.169 6.205 6.241 6.276 6.312 6.312 6.293 6.239 6.210 6.226 6.242 6.258 6.275 6.291 6.307 6.323 6.334 6.337 6.205 6.073 5.942 5.942 5.678 5.546 5.414 5.282 5.172 5.063 4.954 4.845 4.867 4.900 4.932 4.965 4.972 4.858 4.744 4.744 4.516 4.402 4.289 4.175 4.075 4.112 4.280 4.444 4.591 4.739 4.887 5.034 5.182 5.329 5.461 5.461 5.530 5.565 5.317 4.998 4.679 4.361 4.042 3.724 3.456 3.187 2.919 2.650 2.382 1.121 0.901 0.851 0.851 0.691 0.541 0.312
5.981 5.980 5.992 6.028 6.064 6.100 6.136 6.171 6.171 6.243 6.191 6.180 6.196 6.212 6.228 6.240 6.251 6.262 6.273 6.284 6.332 6.365 6.233 6.101 6.101 5.837 5.705 5.573 5.446 5.337 5.228 5.119 5.009 4.900 4.906 4.938 4.970 4.948 4.834 4.720 4.720 4.492 4.378 4.264 4.151 4.050 3.962 4.101 4.249 4.396 4.544 4.691 4.839 4.986 5.134 5.247 5.247 5.316 5.351 5.386 5.199 4.880 4.561 4.242 3.931 3.662 3.394 3.126 2.857 2.589 2.320 2.052 0.881 0.881 0.611 0.631 0.582
5.829 5.828 5.851 5.887 5.923 5.959 5.995 6.031 6.031 6.102 6.138 6.146 6.157 6.168 6.179 6.190 6.200 6.211 6.222 6.240 6.292 6.344 6.393 6.261 6.261 5.997 5.865 5.733 5.611 5.502 5.393 5.283 5.174 5.065 4.956 4.944 4.976 4.924 4.810 4.696 4.696 4.468 4.380 4.308 4.235 4.163 4.066 3.951 4.054 4.201 4.349 4.496 4.644 4.791 4.939 5.033 5.033 5.102 5.137 5.172 5.206 5.080 4.762 4.443 4.137 3.869 3.601 3.332 3.064 2.795 2.527 2.233 1.000 1.001 0.751 0.511 0.432
5.678 5.677 5.711 5.746 5.782 5.818 5.854 5.921 5.921 6.074 6.135 6.100 6.106 6.117 6.128 6.139 6.150 6.161 6.172 6.200 6.252 6.304 6.356 6.407 6.407 6.156 6.024 5.893 5.776 5.667 5.557 5.448 5.339 5.230 5.120 5.011 4.982 4.900 4.786 4.711 4.711 4.566 4.493 4.421 4.348 4.276 4.170 4.055 3.940 4.006 4.154 4.301 4.449 4.596 4.743 4.819 4.819 4.889 4.923 4.958 4.993 5.027 4.962 4.644 4.344 4.076 3.807 3.539 3.254 2.957 2.661 2.364 1.011 1.010 0.891 0.661 0.691
5.559 5.534 5.570 5.641 5.718 5.795 5.872 5.949 5.949 6.102 6.134 6.099 6.063 6.067 6.078 6.089 6.100 6.111 6.122 6.160 6.212 6.263 6.315 6.367 6.367 6.316 6.184 6.052 5.941 5.832 5.722 5.613 5.504 5.394 5.285 5.169 5.041 4.969 4.897 4.824 4.824 4.679 4.606 4.534 4.461 4.389 4.274 4.159 4.044 3.929 3.958 4.106 4.253 4.401 4.548 4.605 4.605 4.675 4.710 4.744 4.779 4.814 4.848 4.844 4.551 4.274 3.978 3.681 3.385 3.088 2.792 2.495 1.937 1.936 0.980 0.691 0.851
