includes/lisflood/camargue/results_R4_t1.561730198035E12/res-0013.wd
ncols         906
nrows         631
xllcorner     362177.146667
yllcorner     6534725.688020
cellsize      20.000000
NODATA_value  -9999.000000
[rows 578 to 611 of 631, columns 0 to 76 of 906]
4.549 4.627 4.705 4.783 4.861 4.940 5.018 5.058 5.057 5.067 5.076 5.100 5.125 5.149 5.173 5.197 5.515 5.860 6.206 6.552 6.898 7.244 7.590 7.816 7.816 7.432 6.951 6.469 5.987 5.506 5.024 4.542 4.060 3.578 3.112 2.686 2.611 2.567 2.522 2.477 2.476 2.394 2.356 2.318 2.279 2.238 2.195 2.150 2.105 2.061 2.016 1.971 1.932 1.933 1.933 1.934 1.933 1.935 1.935 1.923 1.911 1.900 1.889 1.879 1.863 1.843 1.824 1.804 1.785 1.766 1.752 1.740 1.716 1.715 1.703 1.687 1.659
4.453 4.656 4.816 4.894 4.972 5.051 5.129 5.186 5.185 5.203 5.227 5.251 5.275 5.300 5.324 5.348 5.580 5.926 6.272 6.618 6.964 7.310 7.534 7.736 7.736 7.608 7.126 6.644 6.163 5.681 5.199 4.717 4.235 3.753 3.326 2.899 2.613 2.568 2.524 2.479 2.478 2.390 2.345 2.300 2.255 2.206 2.161 2.117 2.072 2.027 1.982 1.937 1.900 1.900 1.901 1.902 1.900 1.903 1.904 1.905 1.902 1.890 1.875 1.856 1.836 1.817 1.798 1.778 1.759 1.739 1.725 1.713 1.690 1.689 1.676 1.664 1.652
4.076 4.279 4.481 4.684 4.887 5.090 5.240 5.315 5.314 5.354 5.378 5.402 5.426 5.451 5.475 5.499 5.645 5.991 6.337 6.683 7.029 7.251 7.453 7.656 7.655 7.783 7.301 6.819 6.338 5.856 5.374 4.892 4.411 3.965 3.539 3.113 2.687 2.570 2.526 2.481 2.480 2.391 2.347 2.302 2.257 2.192 2.128 2.083 2.038 1.994 1.949 1.904 1.868 1.868 1.869 1.869 1.868 1.871 1.872 1.873 1.876 1.871 1.849 1.830 1.810 1.791 1.771 1.752 1.732 1.713 1.699 1.687 1.663 1.662 1.650 1.638 1.626
3.699 3.902 4.104 4.307 4.510 4.713 4.916 5.081 5.080 5.505 5.529 5.553 5.577 5.601 5.626 5.650 5.710 6.056 6.402 6.748 6.968 7.171 7.373 7.575 7.575 7.958 7.476 6.995 6.513 6.031 5.549 5.068 4.604 4.178 3.752 3.326 2.900 2.572 2.527 2.483 2.481 2.393 2.348 2.303 2.251 2.186 2.122 2.057 2.005 1.960 1.915 1.870 1.835 1.836 1.837 1.837 1.836 1.839 1.842 1.850 1.858 1.853 1.829 1.804 1.784 1.764 1.745 1.726 1.706 1.687 1.672 1.660 1.637 1.636 1.624 1.611 1.598
3.322 3.525 3.727 3.930 4.133 4.336 4.500 4.638 4.637 5.054 5.282 5.510 5.728 5.752 5.777 5.801 5.825 6.122 6.468 6.686 6.888 7.090 7.293 7.495 7.495 7.900 7.651 7.170 6.688 6.206 5.725 5.243 4.817 4.391 3.965 3.540 3.113 2.687 2.529 2.484 2.483 2.395 2.350 2.305 2.245 2.180 2.116 2.051 1.986 1.927 1.882 1.837 1.803 1.804 1.804 1.805 1.804 1.815 1.823 1.831 1.840 1.835 1.811 1.786 1.762 1.738 1.719 1.699 1.680 1.660 1.646 1.634 1.610 1.609 1.596 1.582 1.568
2.945 3.148 3.350 3.553 3.756 3.919 4.057 4.195 4.194 4.588 4.816 5.045 5.273 5.502 5.730 5.952 5.976 6.187 6.403 6.605 6.808 7.010 7.212 7.415 7.414 7.819 7.827 7.345 6.863 6.382 5.900 5.456 5.030 4.604 4.179 3.753 3.327 2.900 2.531 2.486 2.485 2.396 2.351 2.304 2.239 2.174 2.110 2.045 1.980 1.915 1.851 1.803 1.771 1.772 1.773 1.781 1.780 1.797 1.805 1.813 1.821 1.817 1.792 1.768 1.744 1.720 1.696 1.673 1.653 1.634 1.619 1.607 1.581 1.580 1.566 1.552 1.538
2.568 2.771 2.973 3.176 3.339 3.476 3.614 3.752 3.751 4.122 4.351 4.579 4.808 5.036 5.265 5.493 5.722 6.222 6.323 6.525 6.727 6.930 7.132 7.334 7.334 7.739 7.941 7.520 7.038 6.557 6.094 5.669 5.243 4.818 4.392 3.966 3.540 3.114 2.687 2.488 2.486 2.398 2.353 2.298 2.233 2.169 2.104 2.039 1.974 1.909 1.845 1.780 1.739 1.747 1.755 1.763 1.761 1.778 1.786 1.795 1.803 1.799 1.774 1.750 1.726 1.702 1.678 1.654 1.630 1.608 1.593 1.579 1.552 1.551 1.536 1.522 1.508
2.191 2.394 2.596 2.758 2.896 3.033 3.171 3.309 3.308 3.657 3.885 4.114 4.342 4.571 4.799 5.105 5.845 6.465 6.552 6.638 6.724 6.849 7.052 7.254 7.254 7.659 7.861 7.695 7.214 6.733 6.308 5.882 5.456 5.031 4.605 4.179 3.753 3.327 2.900 2.489 2.488 2.399 2.354 2.292 2.227 2.163 2.098 2.033 1.968 1.903 1.839 1.776 1.732 1.730 1.736 1.744 1.743 1.760 1.768 1.776 1.784 1.781 1.756 1.732 1.708 1.684 1.660 1.636 1.612 1.584 1.564 1.549 1.522 1.521 1.507 1.492 1.478
1.814 2.017 2.178 2.315 2.453 2.590 2.728 2.866 2.865 3.191 3.420 3.648 3.877 4.105 4.495 5.235 5.975 6.708 6.795 6.881 6.967 7.054 7.140 7.227 7.227 7.578 7.781 7.870 7.389 6.946 6.521 6.095 5.670 5.244 4.818 4.392 3.966 3.540 3.114 2.687 2.685 2.401 2.351 2.286 2.221 2.157 2.092 2.027 1.964 1.901 1.838 1.774 1.730 1.728 1.727 1.726 1.724 1.742 1.750 1.758 1.766 1.762 1.738 1.714 1.690 1.666 1.642 1.615 1.586 1.556 1.535 1.520 1.492 1.491 1.477 1.463 1.448
1.503 1.597 1.735 1.872 2.010 2.147 2.285 2.423 2.422 2.726 2.954 3.183 3.411 3.885 4.625 5.364 6.104 6.844 7.037 7.124 7.210 7.297 7.383 7.470 7.470 7.643 7.729 7.903 7.585 7.159 6.734 6.308 5.883 5.457 5.031 4.605 4.179 3.753 3.327 2.900 2.899 2.402 2.345 2.280 2.215 2.152 2.088 2.025 1.962 1.899 1.836 1.773 1.728 1.727 1.725 1.723 1.722 1.723 1.731 1.739 1.748 1.744 1.720 1.696 1.672 1.647 1.617 1.587 1.558 1.528 1.507 1.492 1.463 1.462 1.447 1.433 1.419
1.503 1.597 1.735 1.872 2.010 2.147 2.285 2.423 2.422 2.726 2.954 3.183 3.411 3.885 4.625 5.365 6.104 6.844 7.038 7.124 7.210 7.297 7.383 7.470 7.470 7.643 7.729 7.903 7.585 7.159 6.734 6.308 5.883 5.457 5.031 4.605 4.179 3.753 3.327 2.900 2.899 2.402 2.345 2.280 2.215 2.151 2.088 2.025 1.962 1.899 1.836 1.773 1.728 1.727 1.725 1.723 1.722 1.723 1.731 1.739 1.748 1.744 1.720 1.696 1.672 1.647 1.617 1.587 1.558 1.528 1.507 1.492 1.463 1.462 1.447 1.433 1.419
1.513 1.500 1.497 1.493 1.567 1.704 1.842 1.980 1.979 2.260 2.489 2.717 3.275 4.015 4.754 5.494 6.234 6.974 7.281 7.367 7.454 7.540 7.626 7.713 7.713 7.886 7.972 7.748 7.467 7.086 6.705 6.324 5.943 5.562 5.181 4.800 4.392 3.966 3.540 3.113 3.112 2.404 2.339 2.276 2.213 2.150 2.087 2.023 1.960 1.897 1.834 1.771 1.727 1.725 1.723 1.721 1.720 1.718 1.717 1.721 1.729 1.726 1.702 1.678 1.648 1.619 1.589 1.559 1.530 1.500 1.478 1.463 1.435 1.433 1.419 1.404 1.389
1.564 1.545 1.542 1.539 1.535 1.532 1.529 1.537 1.536 1.812 2.023 2.665 3.405 4.144 4.884 5.624 6.363 7.103 7.524 7.610 7.696 7.783 7.869 7.956 7.956 7.937 7.574 7.222 7.025 6.701 6.320 5.940 5.559 5.178 4.797 4.415 4.034 3.653 3.271 2.889 2.887 2.371 2.337 2.274 2.211 2.148 2.085 2.022 1.958 1.895 1.832 1.769 1.725 1.723 1.721 1.720 1.718 1.717 1.715 1.714 1.712 1.708 1.680 1.650 1.620 1.591 1.561 1.531 1.502 1.472 1.450 1.435 1.406 1.405 1.390 1.375 1.360
1.665 1.642 1.633 1.630 1.626 1.623 1.620 1.617 1.616 1.954 2.409 3.078 3.746 4.415 5.143 5.883 6.623 7.363 8.009 8.096 8.182 8.269 7.951 7.588 7.588 6.862 6.498 6.235 6.038 5.840 5.552 5.171 4.790 4.409 4.028 3.647 3.265 2.884 2.502 2.277 2.276 2.247 2.221 2.188 2.156 2.124 2.081 2.018 1.955 1.892 1.829 1.765 1.721 1.719 1.718 1.716 1.715 1.713 1.713 1.714 1.715 1.703 1.656 1.608 1.564 1.534 1.505 1.475 1.445 1.416 1.393 1.378 1.349 1.348 1.333 1.318 1.303
1.715 1.693 1.678 1.675 1.672 1.668 1.665 1.662 1.662 2.367 2.746 3.415 4.084 4.753 5.422 6.091 6.760 7.492 8.232 8.339 8.140 7.777 7.414 7.050 7.050 6.324 5.960 5.742 5.544 5.347 5.150 4.786 4.405 4.024 3.643 3.262 2.881 2.499 2.230 2.215 2.213 2.184 2.162 2.129 2.097 2.065 2.033 2.001 1.953 1.890 1.827 1.763 1.719 1.717 1.716 1.714 1.713 1.714 1.715 1.716 1.718 1.708 1.660 1.613 1.565 1.518 1.477 1.447 1.417 1.388 1.364 1.349 1.320 1.319 1.304 1.288 1.273
1.766 1.743 1.724 1.720 1.717 1.714 1.711 2.066 2.066 2.780 3.137 3.752 4.421 5.090 5.759 6.428 7.097 7.766 8.370 7.966 7.602 7.239 6.876 6.513 6.512 5.786 5.445 5.248 5.051 4.853 4.656 4.402 4.021 3.640 3.259 2.878 2.496 2.182 2.167 2.152 2.150 2.122 2.102 2.070 2.038 2.006 1.974 1.941 1.909 1.877 1.825 1.762 1.717 1.716 1.714 1.715 1.714 1.717 1.718 1.719 1.720 1.712 1.665 1.617 1.570 1.522 1.475 1.427 1.389 1.360 1.336 1.321 1.291 1.290 1.274 1.259 1.243
1.816 1.794 1.772 1.766 1.762 1.766 2.123 2.479 2.479 3.193 3.550 4.090 4.758 5.427 6.096 6.765 7.434 7.983 8.328 7.965 7.258 6.701 6.338 5.975 5.975 5.248 4.952 4.754 4.557 4.360 4.162 3.965 3.637 3.256 2.874 2.493 2.134 2.119 2.104 2.089 2.088 2.059 2.043 2.011 1.979 1.947 1.914 1.882 1.850 1.818 1.786 1.753 1.716 1.716 1.717 1.718 1.716 1.720 1.721 1.722 1.723 1.717 1.669 1.622 1.574 1.527 1.480 1.432 1.385 1.337 1.307 1.291 1.261 1.260 1.244 1.229 1.213
1.867 1.844 1.822 1.811 1.823 2.179 2.536 2.892 2.892 3.606 3.963 4.427 5.096 5.765 6.434 7.103 7.596 7.941 8.286 8.065 7.357 6.650 5.943 5.437 5.437 4.710 4.458 4.261 4.064 3.866 3.669 3.471 3.252 2.871 2.490 2.108 2.071 2.057 2.041 2.026 2.025 1.996 1.981 1.952 1.920 1.887 1.855 1.823 1.791 1.759 1.726 1.697 1.687 1.716 1.719 1.720 1.719 1.722 1.723 1.725 1.726 1.721 1.674 1.626 1.579 1.532 1.484 1.437 1.389 1.343 1.300 1.264 1.231 1.230 1.215 1.199 1.183
1.893 1.882 1.872 1.879 2.235 2.592 2.949 3.305 3.305 4.019 4.376 4.764 5.433 6.102 6.771 7.209 7.554 7.899 8.244 8.164 7.457 6.750 6.043 5.335 5.335 4.173 3.965 3.767 3.570 3.372 3.175 2.977 2.780 2.486 2.105 2.023 2.009 1.994 1.979 1.964 1.962 1.933 1.918 1.892 1.860 1.828 1.796 1.764 1.732 1.699 1.675 1.651 1.635 1.664 1.693 1.723 1.721 1.725 1.726 1.727 1.728 1.726 1.678 1.631 1.584 1.536 1.489 1.442 1.396 1.350 1.307 1.271 1.201 1.200 1.185 1.169 1.153
1.904 1.894 1.906 2.138 2.547 2.955 3.362 3.719 3.718 4.432 4.789 5.146 5.771 6.439 6.821 7.166 7.512 7.857 8.202 8.263 7.556 6.849 6.142 5.435 5.435 3.921 3.619 3.395 3.170 2.946 2.722 2.498 2.286 2.088 1.975 1.961 1.946 1.931 1.916 1.901 1.899 1.871 1.856 1.833 1.801 1.769 1.737 1.704 1.675 1.651 1.628 1.605 1.584 1.613 1.642 1.671 1.670 1.728 1.729 1.730 1.731 1.730 1.683 1.635 1.588 1.541 1.495 1.449 1.403 1.358 1.314 1.278 1.207 1.206 1.169 1.139 1.123
1.915 1.936 2.166 2.396 2.753 3.162 3.571 3.980 3.979 4.797 5.202 5.559 6.089 6.434 6.779 7.124 7.470 7.815 8.160 8.362 7.655 6.948 6.241 5.521 5.521 3.867 3.405 3.181 2.957 2.732 2.508 2.284 2.059 1.939 1.908 1.896 1.883 1.868 1.853 1.838 1.837 1.808 1.793 1.774 1.741 1.709 1.677 1.651 1.628 1.605 1.582 1.559 1.536 1.562 1.591 1.620 1.619 1.679 1.708 1.732 1.734 1.735 1.687 1.640 1.594 1.548 1.502 1.457 1.411 1.365 1.322 1.285 1.214 1.213 1.176 1.140 1.104
1.967 2.197 2.426 2.656 2.960 3.369 3.777 4.186 4.186 5.004 5.413 5.821 6.010 6.382 6.737 7.082 7.428 7.773 8.118 8.461 7.754 7.047 6.295 5.468 5.468 3.814 3.192 2.967 2.743 2.519 2.294 2.070 1.939 1.881 1.838 1.825 1.813 1.800 1.787 1.774 1.773 1.745 1.730 1.714 1.682 1.651 1.628 1.605 1.582 1.559 1.536 1.513 1.490 1.510 1.540 1.569 1.567 1.627 1.657 1.686 1.716 1.738 1.693 1.647 1.601 1.556 1.510 1.464 1.418 1.372 1.329 1.292 1.221 1.220 1.183 1.147 1.111
2.227 2.457 2.687 2.917 3.167 3.576 3.984 4.393 4.393 5.211 5.620 5.786 5.892 6.255 6.627 6.999 7.371 7.731 8.076 8.421 7.853 7.069 6.242 5.415 5.414 3.761 2.978 2.754 2.529 2.305 2.081 1.939 1.881 1.823 1.768 1.755 1.742 1.730 1.717 1.704 1.703 1.679 1.666 1.652 1.627 1.604 1.582 1.559 1.536 1.513 1.490 1.467 1.444 1.459 1.488 1.517 1.516 1.576 1.605 1.635 1.658 1.665 1.670 1.655 1.609 1.563 1.517 1.471 1.426 1.380 1.336 1.300 1.228 1.227 1.191 1.154 1.118
2.487 2.717 2.947 3.177 3.407 3.782 4.191 4.600 4.600 5.418 5.644 5.750 5.856 6.129 6.501 6.873 7.245 7.617 7.989 8.361 7.842 7.015 6.188 5.361 5.361 3.707 2.880 2.540 2.316 2.091 1.940 1.882 1.823 1.765 1.706 1.685 1.672 1.659 1.647 1.634 1.632 1.608 1.595 1.625 1.608 1.559 1.535 1.512 1.490 1.467 1.444 1.421 1.398 1.408 1.437 1.466 1.465 1.525 1.554 1.564 1.571 1.579 1.584 1.589 1.594 1.570 1.525 1.479 1.433 1.387 1.343 1.307 1.235 1.234 1.198 1.161 1.113
2.747 2.977 3.207 3.437 3.667 3.989 4.398 4.807 4.807 5.503 5.609 5.715 5.821 6.002 6.374 6.746 7.118 7.490 7.769 7.587 7.178 6.627 6.076 5.308 5.308 3.654 2.826 2.326 2.102 1.940 1.882 1.824 1.765 1.707 1.648 1.615 1.602 1.589 1.576 1.563 1.562 1.538 1.575 1.621 1.621 1.572 1.523 1.474 1.443 1.420 1.398 1.375 1.352 1.356 1.386 1.415 1.414 1.463 1.470 1.478 1.485 1.493 1.498 1.503 1.508 1.512 1.517 1.486 1.440 1.394 1.350 1.314 1.242 1.241 1.196 1.145 1.093
3.008 3.238 3.468 3.698 3.928 4.196 4.605 5.014 5.013 5.467 5.573 5.679 5.785 5.891 6.248 6.620 6.992 7.129 6.948 6.766 6.400 5.849 5.298 4.747 4.747 3.600 2.773 2.113 1.941 1.882 1.824 1.766 1.707 1.649 1.590 1.544 1.532 1.519 1.506 1.493 1.491 1.525 1.571 1.617 1.633 1.585 1.536 1.487 1.438 1.389 1.351 1.328 1.305 1.305 1.334 1.362 1.361 1.377 1.384 1.391 1.399 1.406 1.412 1.417 1.422 1.426 1.431 1.436 1.441 1.402 1.357 1.321 1.229 1.228 1.176 1.125 1.073
3.008 3.238 3.468 3.698 3.928 4.196 4.605 5.014 5.014 5.467 5.573 5.679 5.786 5.892 6.248 6.620 6.992 7.130 6.948 6.766 6.400 5.849 5.298 4.747 4.747 3.600 2.773 2.113 1.940 1.882 1.824 1.765 1.707 1.648 1.589 1.544 1.531 1.518 1.505 1.492 1.491 1.525 1.570 1.616 1.633 1.584 1.535 1.486 1.437 1.388 1.351 1.328 1.305 1.305 1.334 1.362 1.360 1.376 1.384 1.391 1.399 1.406 1.412 1.417 1.421 1.426 1.431 1.436 1.441 1.402 1.357 1.321 1.229 1.228 1.176 1.125 1.073
3.268 3.498 3.728 3.958 4.188 4.419 4.812 5.220 5.219 5.432 5.538 5.644 5.750 5.856 6.121 6.493 6.490 6.308 6.126 5.945 5.621 5.071 4.520 3.969 3.969 2.867 2.316 1.943 1.882 1.824 1.766 1.707 1.649 1.590 1.531 1.473 1.460 1.447 1.434 1.429 1.428 1.520 1.566 1.611 1.645 1.597 1.548 1.499 1.450 1.401 1.352 1.303 1.259 1.253 1.268 1.275 1.274 1.290 1.297 1.305 1.312 1.320 1.326 1.330 1.335 1.340 1.345 1.350 1.355 1.359 1.362 1.311 1.209 1.208 1.156 1.105 1.053
3.525 3.756 3.987 4.218 4.449 4.679 5.019 5.184 5.184 5.396 5.502 5.608 5.714 5.821 5.995 5.850 5.669 5.487 5.305 5.123 4.843 4.293 3.742 3.191 3.190 2.088 1.908 1.889 1.833 1.771 1.709 1.649 1.590 1.532 1.473 1.414 1.390 1.377 1.380 1.425 1.423 1.516 1.561 1.607 1.653 1.610 1.561 1.512 1.463 1.414 1.365 1.317 1.266 1.211 1.182 1.189 1.188 1.204 1.211 1.219 1.226 1.234 1.239 1.244 1.249 1.254 1.259 1.264 1.268 1.285 1.302 1.273 1.189 1.188 1.136 1.085 1.033
4.040 4.271 4.502 4.733 4.946 5.137 5.211 5.198 5.197 5.418 5.528 5.638 5.748 5.858 5.619 5.029 4.440 3.850 3.662 3.480 3.287 2.736 2.185 1.853 1.852 1.816 1.798 1.780 1.737 1.675 1.613 1.551 1.489 1.427 1.365 1.303 1.278 1.326 1.371 1.417 1.415 1.507 1.553 1.599 1.644 1.636 1.587 1.538 1.490 1.441 1.383 1.322 1.261 1.200 1.166 1.133 1.132 1.067 1.038 1.046 1.053 1.061 1.067 1.072 1.077 1.085 1.104 1.124 1.143 1.162 1.181 1.152 1.096 1.095 1.067 1.039 0.994
4.297 4.528 4.757 4.947 5.138 5.328 5.375 5.356 5.356 5.445 5.555 5.665 5.775 5.885 5.525 4.935 4.345 3.755 3.165 2.659 2.477 1.958 1.816 1.798 1.797 1.761 1.743 1.724 1.688 1.627 1.565 1.503 1.441 1.379 1.316 1.277 1.249 1.303 1.357 1.411 1.410 1.503 1.548 1.594 1.640 1.649 1.600 1.551 1.501 1.440 1.380 1.319 1.258 1.197 1.160 1.127 1.126 1.061 1.028 0.995 0.967 0.974 0.981 0.985 1.004 1.023 1.043 1.062 1.081 1.100 1.120 1.092 1.036 1.035 1.006 0.978 0.949
4.555 4.758 4.948 5.138 5.329 5.519 5.539 5.521 5.520 5.484 5.582 5.692 5.802 5.912 5.431 4.841 4.251 3.661 3.071 2.481 1.895 1.779 1.761 1.743 1.742 1.706 1.688 1.669 1.640 1.578 1.516 1.454 1.392 1.330 1.297 1.265 1.234 1.274 1.328 1.382 1.381 1.491 1.544 1.590 1.636 1.661 1.613 1.559 1.498 1.437 1.377 1.316 1.255 1.194 1.154 1.121 1.120 1.055 1.022 0.989 0.956 0.923 0.904 0.923 0.942 0.962 0.981 1.000 1.019 1.039 1.058 1.031 0.975 0.974 0.946 0.917 0.889
4.759 4.949 5.139 5.330 5.520 5.711 5.703 5.685 5.684 5.648 5.629 5.719 5.829 5.926 5.336 4.746 4.157 3.567 2.983 2.406 1.830 1.716 1.703 1.688 1.687 1.651 1.633 1.614 1.592 1.530 1.468 1.406 1.349 1.317 1.285 1.254 1.222 1.245 1.299 1.353 1.352 1.462 1.516 1.571 1.626 1.674 1.616 1.555 1.495 1.434 1.373 1.313 1.252 1.191 1.148 1.115 1.114 1.049 1.016 0.983 0.951 0.923 0.900 0.883 0.880 0.900 0.919 0.938 0.957 0.977 0.996 0.970 0.914 0.913 0.885 0.856 0.828
4.950 5.140 5.331 5.521 5.711 5.886 5.868 5.849 5.849 5.812 5.793 5.775 5.856 5.832 5.242 4.652 4.071 3.495 2.918 2.341 1.764 1.651 1.638 1.624 1.623 1.596 1.577 1.559 1.540 1.481 1.419 1.368 1.337 1.305 1.273 1.242 1.210 1.216 1.270 1.324 1.323 1.433 1.487 1.542 1.597 1.626 1.595 1.551 1.492 1.431 1.370 1.309 1.249 1.188 1.142 1.109 1.108 1.042 1.009 0.981 0.953 0.925 0.901 0.885 0.869 0.853 0.857 0.876 0.896 0.915 0.934 0.909 0.854 0.853 0.824 0.802 0.800
