includes/lisflood/camargue/results_R4_t1.561730198035E12/res.totaltm
ncols         906
nrows         631
xllcorner     362177.146667
yllcorner     6534725.688020
cellsize      20.000000
NODATA_value  -9999.000000
[rows 340 to 373 of 631, columns 616 to 692 of 906]
0.000 0.000 0.000 0.000 0.000 0.000 0.000 0.000 0.000 0.000 0.000 0.000 0.000 0.000 0.000 8.666 9.424 9.391 0.000 0.000 0.000 0.000 0.000 0.000 0.000 0.000 0.000 2.636 2.589 2.791 5.536 0.000 0.000 7.496 7.610 7.758 7.687 7.732 8.858 8.928 8.866 8.284 9.002 0.000 8.800 0.000 0.000 0.000 0.000 0.000 0.000 0.000 10.192 10.194 10.430 10.349 10.660 10.688 10.705 10.671 0.000 0.000 9.414 0.000 0.000 0.000 0.000 0.000 0.000 0.000 5.096 10.988 11.025 11.015 3.931 11.043 11.064
0.000 0.000 0.000 0.000 0.000 0.000 0.000 0.000 0.000 0.000 0.000 0.000 0.000 0.000 0.000 9.481 9.455 0.000 0.000 0.000 0.000 0.000 0.000 0.000 0.000 0.000 0.000 0.000 2.638 0.000 6.113 6.128 6.074 0.000 0.000 4.315 0.000 0.000 0.000 8.948 0.000 9.006 9.027 0.000 1.272 1.054 0.000 0.000 0.000 0.000 0.000 0.000 10.334 10.347 10.418 3.901 10.685 10.704 10.719 10.690 0.000 0.000 8.929 0.000 0.000 0.000 0.000 0.000 0.000 0.000 4.235 11.028 11.032 11.050 0.000 11.058 11.181
0.000 0.000 0.000 0.000 0.000 0.000 0.000 0.000 0.000 0.000 0.000 0.000 0.000 0.000 9.581 9.517 9.371 9.339 0.000 0.000 0.000 0.000 0.000 0.000 0.005 9.111 0.000 9.664 0.000 9.195 0.000 8.725 0.000 3.347 3.841 3.869 8.839 8.860 8.949 8.962 9.018 9.032 9.048 9.064 0.000 9.802 9.845 9.860 9.877 9.893 9.908 9.944 9.966 9.966 3.171 0.000 10.708 7.860 3.750 2.759 0.000 0.000 0.000 0.000 0.000 0.000 0.000 0.000 3.258 3.103 5.306 4.384 11.107 11.057 11.168 11.175 11.189
0.000 0.000 0.000 0.000 0.000 0.000 0.000 0.000 0.000 0.000 0.000 0.000 0.000 9.464 9.641 9.581 0.000 0.000 0.000 0.000 0.000 0.000 0.000 0.000 10.391 1.676 10.287 9.706 9.674 9.460 9.346 8.762 8.723 0.000 0.000 8.740 8.760 8.765 0.000 0.000 8.325 0.000 0.000 9.141 9.162 9.733 9.773 9.802 9.356 0.000 9.884 0.000 0.000 0.000 0.000 0.000 0.000 4.228 3.722 10.976 10.988 3.325 3.172 0.000 3.624 2.783 6.414 11.166 11.126 11.127 11.239 11.129 11.117 0.000 0.000 11.150 11.193
0.000 0.000 0.000 0.000 0.000 0.000 0.000 0.000 0.000 0.000 0.000 0.000 0.000 0.000 9.664 0.000 0.000 0.000 0.000 0.000 0.000 0.000 0.000 10.391 10.408 10.349 10.317 10.580 6.955 6.593 9.282 8.662 9.003 8.277 7.957 0.000 8.693 8.707 7.884 9.405 8.421 8.510 8.367 0.180 9.193 9.658 9.641 0.000 0.000 0.000 0.000 0.000 0.000 0.000 0.000 10.801 2.860 0.467 0.000 10.772 11.059 10.989 7.809 11.051 11.131 11.143 11.173 11.307 11.306 11.306 11.268 11.253 4.253 0.000 4.681 0.000 11.307
0.000 0.000 0.000 0.000 0.000 0.000 0.000 0.000 0.000 0.000 0.000 0.000 0.000 0.000 9.681 9.708 0.000 0.000 0.000 0.000 0.000 0.000 10.178 9.053 10.494 10.577 0.000 10.603 0.000 0.000 0.000 0.000 0.000 8.255 0.000 0.000 0.000 0.000 8.573 9.512 0.000 8.596 8.959 0.000 0.000 0.000 0.000 0.000 0.000 0.000 0.000 0.000 10.890 10.844 6.006 10.826 11.023 11.030 11.044 11.063 11.071 10.977 2.284 0.000 4.052 11.245 11.309 11.325 11.320 11.320 11.300 11.274 11.263 11.272 11.277 11.332 11.308
0.000 0.000 0.000 0.000 0.000 0.000 0.000 0.000 0.000 0.000 0.000 0.000 0.000 0.000 0.000 10.124 0.000 0.000 0.000 7.967 7.552 8.076 9.157 2.123 10.392 10.590 0.000 10.747 0.000 0.000 9.584 0.000 9.582 0.000 10.241 0.000 9.393 9.372 8.916 9.531 9.520 9.085 8.992 8.959 8.773 0.000 0.000 0.000 0.000 2.540 10.601 4.203 10.998 10.969 10.944 2.725 4.286 2.697 0.000 4.636 11.083 11.004 10.950 11.001 11.070 1.339 11.312 11.400 11.420 11.408 11.334 11.327 11.268 11.281 11.331 11.353 11.369
0.000 0.000 0.000 0.000 0.000 0.000 0.000 0.000 0.000 0.000 0.000 0.000 0.000 0.000 0.000 10.161 0.000 0.000 0.000 7.966 7.552 8.076 9.167 2.203 10.390 10.606 0.000 10.783 0.000 0.000 9.636 0.000 9.622 0.000 10.266 0.000 9.460 9.463 8.922 9.555 9.542 9.085 8.992 8.959 8.773 0.000 0.000 0.000 0.000 2.540 10.654 3.889 11.029 11.000 10.974 2.776 4.282 2.740 0.000 4.584 11.102 11.035 10.956 11.003 11.097 1.349 11.317 11.434 11.461 11.454 11.349 11.343 11.278 11.284 11.345 11.368 11.387
0.000 0.000 0.000 0.000 0.000 0.000 0.000 0.000 0.000 0.000 0.000 0.000 0.000 0.000 10.345 10.180 10.161 10.144 0.000 0.000 0.000 0.000 9.110 0.000 10.368 10.717 10.785 10.802 0.000 10.782 10.702 10.590 10.536 10.521 10.505 10.488 2.474 2.328 9.806 9.833 0.000 8.390 8.388 3.922 0.000 0.000 10.449 10.327 2.131 1.145 2.470 11.067 11.046 11.009 1.358 11.364 11.338 11.180 11.287 11.182 5.060 3.392 0.000 3.357 11.116 11.173 3.417 11.457 11.485 11.484 11.455 11.133 11.311 11.342 11.356 11.388 11.408
0.000 0.000 0.000 0.000 0.000 0.000 0.000 0.000 0.000 10.489 10.428 0.000 0.000 10.402 10.385 9.836 3.996 9.861 10.600 0.000 0.000 0.000 0.000 10.721 10.602 10.800 0.000 11.039 10.995 10.802 10.782 3.529 9.573 0.000 9.903 0.000 10.042 10.042 9.722 9.861 9.884 0.000 8.357 0.000 5.429 0.722 10.471 0.857 1.041 2.733 3.430 11.092 0.000 0.000 11.380 11.379 11.366 11.309 11.298 5.275 6.679 7.856 2.947 2.879 11.236 11.490 11.472 11.464 11.505 11.506 11.498 11.342 11.329 11.274 11.377 11.391 11.438
0.000 0.000 0.000 0.000 0.000 0.000 0.000 0.000 10.553 10.539 10.522 0.000 10.401 10.414 10.148 10.396 10.383 0.000 10.637 10.597 10.323 10.250 0.000 1.539 0.000 10.814 11.057 11.047 4.472 10.777 10.752 3.640 0.000 10.445 9.953 10.452 10.438 10.415 9.900 0.000 10.223 9.984 0.000 10.392 10.442 9.901 10.628 10.664 2.879 3.822 11.192 11.244 11.362 11.380 11.389 11.450 7.631 2.184 3.407 11.309 8.239 11.241 11.334 11.393 9.657 11.505 4.274 3.694 6.425 6.337 7.582 0.000 11.272 11.257 11.171 11.421 11.439
0.000 0.000 0.000 0.000 0.000 0.000 0.000 0.000 10.596 10.553 0.000 10.515 10.028 10.627 10.532 10.506 0.000 10.841 10.761 10.745 0.000 0.000 11.182 11.104 11.094 11.103 11.065 10.916 10.810 10.790 10.760 10.572 10.556 10.504 10.490 10.472 10.152 10.190 10.551 10.307 10.239 0.000 10.024 0.000 10.421 10.447 3.908 0.000 0.000 10.939 0.000 0.000 11.310 11.317 0.000 11.457 11.450 11.439 11.472 11.487 11.351 8.131 11.438 11.434 11.506 11.517 11.538 11.548 11.582 11.581 7.287 7.094 0.000 11.401 11.215 11.227 4.529
0.000 0.000 0.000 0.000 0.000 0.000 0.000 10.586 10.631 0.000 9.307 10.524 10.624 10.649 10.548 0.000 10.756 10.861 1.365 0.000 11.208 11.202 4.254 11.183 11.181 11.112 11.052 2.836 10.791 10.771 10.737 10.664 0.000 0.000 0.000 0.000 0.000 0.000 10.570 0.000 10.542 10.446 7.153 10.319 10.339 10.512 10.523 10.612 3.181 6.270 11.040 11.064 11.081 7.336 2.246 11.486 5.973 0.000 3.561 11.502 11.487 11.472 11.452 11.464 11.476 6.961 3.214 3.456 8.671 8.670 4.983 3.579 11.563 4.139 0.000 11.534 11.550
0.000 0.000 0.000 0.000 0.000 0.000 10.736 10.715 10.646 0.000 10.567 10.549 10.563 10.672 10.602 10.554 10.668 10.873 10.864 0.000 4.020 3.489 11.225 1.526 11.190 11.181 10.896 10.882 0.000 0.000 0.000 0.000 10.687 10.693 10.709 10.728 0.000 0.000 10.590 0.000 10.554 10.481 0.000 10.297 0.000 10.396 0.000 1.396 0.000 10.776 0.000 11.038 4.185 4.109 6.477 11.493 11.527 11.533 11.553 11.561 4.271 4.700 3.373 4.898 5.468 3.541 11.641 11.641 11.633 11.637 4.184 4.465 8.244 1.489 4.146 0.000 0.000
0.000 0.000 0.000 0.000 10.795 10.794 10.774 10.609 0.000 10.599 10.580 3.174 10.657 10.691 10.244 10.829 0.000 3.524 0.000 0.659 2.605 2.482 11.234 11.226 11.199 0.000 0.000 0.000 0.000 1.268 11.099 10.874 1.078 10.682 0.669 10.839 10.779 10.772 1.415 2.931 10.570 10.510 10.486 10.317 10.291 0.000 10.347 10.481 10.631 0.000 0.778 10.914 6.134 5.930 11.068 0.000 6.292 0.000 4.768 11.567 11.590 11.600 11.617 11.628 11.639 3.959 11.698 11.676 5.229 5.249 11.752 5.274 5.797 11.814 11.825 11.823 11.714
0.000 0.000 0.000 0.000 10.815 10.814 10.794 10.654 10.665 10.610 10.990 11.028 11.059 10.702 10.828 10.865 0.520 11.238 1.460 1.698 11.265 11.262 11.253 0.469 0.000 0.000 0.000 3.444 10.971 0.000 11.114 10.866 10.858 10.822 10.797 10.847 10.669 10.667 10.648 2.694 6.624 4.523 10.513 2.109 0.000 10.264 0.000 0.000 10.645 5.553 10.750 10.884 10.950 10.979 3.267 0.000 11.541 11.554 11.566 11.575 3.546 4.870 3.853 11.637 11.651 11.664 11.703 11.690 6.389 6.395 11.759 11.799 11.728 4.415 11.842 11.832 11.765
0.000 0.000 0.000 0.000 10.917 10.890 2.342 10.618 10.672 10.962 11.012 11.051 1.523 11.176 0.274 4.489 1.256 2.056 2.814 11.289 11.276 11.269 0.000 0.000 0.000 11.209 11.203 0.000 10.974 11.087 11.133 1.555 2.262 10.851 10.966 10.969 1.591 1.529 10.638 3.856 0.795 0.000 10.492 10.394 10.347 10.288 0.000 10.600 10.625 0.000 0.000 0.000 9.230 9.231 0.000 0.000 11.530 3.910 11.561 11.592 11.602 11.617 11.632 11.648 11.661 11.671 11.733 7.586 11.812 11.821 11.843 11.817 11.863 11.873 11.906 4.606 7.801
0.000 0.000 0.000 10.994 10.937 10.912 0.000 10.750 10.811 10.858 11.001 0.000 1.573 1.548 1.555 11.209 11.191 0.709 3.335 11.311 11.305 11.296 0.000 0.268 11.239 11.249 0.366 7.911 2.141 11.107 11.149 11.124 11.046 11.034 11.015 11.000 10.699 10.684 10.647 10.636 0.000 0.000 10.508 10.417 10.378 10.110 10.337 10.574 10.595 10.462 10.444 10.332 0.000 0.000 0.000 0.000 0.000 11.490 11.551 8.447 3.985 4.451 11.607 11.645 11.676 11.683 11.762 11.770 11.810 11.831 11.878 11.833 11.802 11.918 11.925 11.910 11.861
0.000 0.000 11.034 11.032 0.000 0.000 10.877 10.739 10.820 0.000 11.043 0.493 2.678 0.264 3.786 2.086 0.000 11.295 1.572 11.318 0.000 0.000 1.638 11.297 1.373 11.259 11.268 1.339 3.848 11.181 11.164 11.153 11.056 11.042 10.756 0.000 0.000 0.000 0.000 10.622 10.608 10.550 10.521 10.392 10.367 10.343 10.318 0.000 10.564 0.000 0.000 10.283 10.086 10.035 9.989 2.024 0.000 11.421 0.000 11.445 11.561 11.575 11.586 11.627 3.650 11.776 6.151 11.804 11.825 11.846 11.886 11.906 11.916 11.944 11.940 11.926 11.930
0.000 11.033 11.041 11.072 11.081 11.086 10.894 10.874 7.484 0.437 1.344 1.931 11.274 11.297 11.301 3.617 11.301 11.308 1.448 11.323 1.698 1.655 2.657 11.304 11.292 11.281 11.280 2.685 3.173 3.583 11.181 10.231 11.041 0.000 0.000 0.000 0.000 0.000 0.000 10.604 10.554 10.541 10.506 10.423 10.405 10.315 10.301 10.324 6.519 10.156 10.178 10.316 10.080 10.032 0.000 0.000 0.000 11.412 11.415 8.080 0.000 11.512 11.573 10.668 0.000 11.792 11.804 11.809 11.819 11.838 11.915 11.822 11.943 11.951 12.001 6.777 11.945
10.982 11.008 11.035 0.000 11.090 11.097 11.087 2.633 11.001 10.993 1.002 11.266 11.279 2.036 11.343 0.000 10.849 0.000 11.335 11.459 11.449 11.436 1.628 11.312 3.690 6.091 11.289 11.301 11.264 11.235 11.226 0.000 0.000 0.000 0.000 0.000 0.000 0.000 0.000 4.008 10.539 10.528 10.515 3.774 10.315 10.195 10.325 10.342 10.496 6.496 10.660 10.332 0.000 0.000 0.000 0.000 10.749 0.000 11.393 11.412 11.412 10.457 0.000 11.636 11.652 5.510 11.842 11.814 11.905 11.915 11.956 11.968 11.984 11.957 12.012 12.016 12.001
10.968 10.978 10.955 0.000 11.109 11.122 2.301 11.072 11.122 0.559 11.236 11.281 11.291 2.657 11.349 11.423 0.000 0.000 0.000 11.466 2.966 3.057 2.106 1.415 11.376 11.337 11.329 11.308 0.619 0.000 0.000 0.000 0.000 5.220 5.401 6.196 6.433 6.433 0.000 0.000 10.081 10.512 0.000 0.000 0.000 0.000 10.298 10.272 10.647 10.660 10.672 10.834 10.868 10.913 3.398 11.184 2.901 11.310 8.130 11.391 0.000 11.412 11.393 0.000 0.000 5.974 11.866 11.885 11.896 11.908 11.779 11.985 11.999 12.010 12.042 12.037 12.013
10.959 10.826 11.035 1.407 11.118 11.131 11.141 11.137 2.762 11.227 11.237 11.253 4.435 11.317 2.866 11.430 3.281 0.000 11.465 11.476 11.532 11.532 0.960 5.460 11.449 11.382 0.000 0.000 0.000 0.000 0.000 0.000 13.195 7.410 6.305 7.134 11.651 11.674 0.000 0.000 0.000 0.000 0.000 10.107 5.401 0.000 0.000 0.000 0.000 0.000 10.797 10.844 9.871 9.320 11.181 11.202 1.270 0.000 5.317 11.342 11.334 4.686 11.376 11.354 0.000 11.656 0.000 3.522 11.887 11.903 11.956 11.998 7.175 12.006 12.074 12.068 4.071
10.947 10.801 11.053 1.324 11.130 11.144 11.154 11.152 2.767 11.225 11.237 11.253 5.526 11.322 2.872 11.439 3.282 0.000 11.465 11.476 11.542 11.542 1.026 7.135 11.620 11.388 0.000 0.000 0.000 0.000 0.000 6.568 13.215 6.952 6.204 6.669 7.361 7.357 1.516 4.924 1.875 0.620 5.734 5.690 5.157 1.380 4.852 0.000 0.000 0.000 0.000 0.000 10.897 9.690 11.207 11.222 1.454 0.000 5.528 11.351 11.345 4.782 11.345 11.326 0.000 11.628 0.000 3.681 11.889 11.905 11.972 12.017 7.196 12.024 12.101 12.120 4.115
10.814 11.049 11.063 11.060 0.000 0.000 11.164 11.171 11.187 11.207 11.228 2.244 11.289 1.373 11.476 11.468 0.000 0.936 1.657 11.478 11.759 11.795 2.433 5.094 0.765 11.365 11.323 0.000 0.000 0.000 6.785 7.932 7.817 8.897 13.270 6.782 7.802 7.546 11.644 6.246 6.181 6.401 6.092 13.046 5.635 5.755 6.814 5.072 7.281 5.202 3.235 0.000 0.000 0.000 3.249 11.260 11.337 11.346 5.917 11.411 0.000 0.000 5.574 0.000 10.792 11.629 4.878 0.000 11.886 11.918 11.934 12.030 12.040 12.062 12.131 12.154 12.159
11.052 11.063 11.070 11.104 11.116 11.130 11.139 11.162 11.168 11.221 3.853 11.304 2.662 3.048 11.550 0.000 1.492 11.757 11.707 0.861 11.893 11.915 2.252 11.827 11.804 1.011 0.000 0.000 0.701 6.346 6.422 13.265 7.531 7.596 9.366 7.049 13.296 13.298 7.412 8.252 6.808 7.035 7.048 6.380 6.590 6.999 7.620 6.952 7.333 6.312 5.287 5.160 4.886 0.000 0.000 0.000 11.349 11.355 11.410 11.420 11.461 0.000 0.000 11.511 5.118 11.700 11.727 11.797 11.821 8.223 11.987 3.805 3.951 12.111 12.160 12.176 12.175
10.964 11.053 11.062 0.000 0.310 0.427 2.679 11.154 11.189 1.619 11.304 2.293 11.352 0.000 5.201 11.679 11.626 11.862 11.951 11.868 3.234 3.236 12.614 0.098 0.969 1.009 0.000 6.770 6.861 6.873 7.971 8.140 8.897 7.379 13.310 13.303 8.207 7.960 7.954 7.844 13.358 7.115 13.354 7.199 6.676 7.329 7.795 7.005 13.406 7.287 7.300 6.596 5.508 5.607 5.192 0.000 0.000 0.000 0.000 0.000 1.273 11.547 0.000 0.000 0.000 4.312 11.712 5.513 11.915 11.938 12.050 5.175 12.148 5.323 8.117 12.190 12.195
10.948 10.830 11.030 4.166 10.729 10.751 11.065 0.000 11.227 1.759 0.766 11.431 1.509 11.633 11.651 11.696 11.832 11.874 11.959 12.001 12.016 12.045 12.620 12.596 2.965 0.000 0.000 7.093 7.048 7.094 13.309 6.736 9.268 8.979 9.057 7.242 8.071 7.654 13.347 13.368 13.379 10.292 8.187 7.200 7.184 7.472 8.095 8.480 8.860 13.432 7.287 7.124 6.302 6.332 6.509 6.254 6.156 6.567 5.965 5.665 5.015 2.093 4.660 12.068 0.000 0.000 0.000 0.000 11.876 0.000 0.000 12.150 12.175 12.187 12.198 12.203 6.839
10.895 10.868 10.844 10.825 10.855 10.905 11.064 11.100 11.107 1.467 0.000 3.220 11.519 11.614 1.500 2.660 3.257 0.898 11.682 11.858 1.514 1.551 12.688 12.702 4.842 0.000 7.608 8.167 13.306 10.314 8.062 13.327 8.195 11.204 8.751 13.363 13.363 13.363 13.389 7.803 13.389 8.001 7.302 13.425 7.302 7.341 13.460 7.217 7.376 13.438 13.446 9.203 7.111 7.229 6.975 6.788 6.755 7.358 6.887 6.581 5.505 6.297 5.114 2.399 4.562 12.264 2.465 0.000 0.000 0.000 0.000 0.000 12.182 12.197 12.206 12.226 12.226
10.873 10.833 10.826 3.023 10.962 10.980 11.055 0.296 0.160 1.767 11.282 0.000 8.685 1.529 11.495 1.477 1.792 1.615 11.830 11.844 11.775 11.801 1.888 12.728 11.818 0.000 13.245 7.304 6.758 8.778 9.811 6.926 13.366 13.355 13.371 13.380 13.395 13.396 7.749 7.215 6.984 7.501 7.810 7.761 13.483 13.477 8.115 13.483 7.392 13.453 13.490 8.209 7.315 7.894 10.523 6.939 13.339 7.259 7.272 6.969 6.670 13.199 5.773 5.448 4.706 4.905 4.162 12.245 7.447 9.246 12.148 0.000 0.000 4.746 12.218 12.245 5.325
10.827 10.817 10.811 0.000 10.912 10.925 2.414 0.000 11.241 11.293 11.309 11.339 7.141 5.643 11.549 11.537 3.277 11.708 11.807 11.830 0.912 0.944 12.718 12.743 13.246 0.000 6.834 7.889 8.026 8.134 13.356 6.956 13.387 7.107 7.307 13.413 7.620 7.647 7.668 13.445 13.437 7.554 8.006 13.490 9.236 7.486 8.943 8.135 8.635 7.331 13.504 7.601 8.083 8.637 7.135 8.263 7.460 7.482 7.171 8.013 7.426 7.363 6.343 6.535 10.875 7.905 8.586 12.287 12.222 12.198 4.110 12.142 0.000 0.000 8.273 12.252 6.114
10.807 10.689 10.688 0.000 0.000 0.000 0.000 0.000 11.214 11.291 11.305 11.325 0.000 11.460 11.561 11.569 11.650 11.662 11.759 11.665 0.206 0.412 1.283 4.772 13.280 0.000 0.000 6.946 7.966 7.648 9.383 9.082 13.395 13.428 13.425 9.305 13.443 13.445 7.615 9.762 7.369 7.682 7.514 8.166 10.434 7.571 9.257 8.280 8.030 13.638 10.866 10.290 9.270 12.173 8.483 8.186 7.463 13.420 7.203 13.040 7.635 7.712 6.723 9.929 11.940 7.180 2.907 3.139 5.012 4.826 12.151 12.156 4.114 0.000 3.946 12.272 12.396
10.724 10.681 10.677 0.000 0.000 0.000 4.641 0.000 0.000 0.000 0.000 0.000 0.000 11.454 11.550 11.561 0.000 0.000 0.000 0.000 0.000 1.401 4.509 13.292 13.298 13.374 8.471 7.530 8.635 13.390 13.387 13.406 10.900 13.439 8.722 8.716 9.067 8.817 9.327 8.758 8.672 8.207 9.116 7.996 13.712 13.671 13.689 10.200 13.668 11.212 13.257 7.486 7.315 7.335 7.807 7.251 7.677 13.437 11.689 7.800 13.431 10.796 13.383 11.728 12.368 7.161 5.515 4.144 2.845 2.845 12.159 12.175 4.227 0.000 1.533 1.230 12.411
10.703 0.000 0.000 0.000 6.582 6.505 5.840 5.242 0.000 0.000 0.000 0.000 0.000 0.000 0.000 0.000 0.000 7.022 6.985 6.635 0.000 0.000 0.000 0.000 0.000 13.385 6.693 9.489 7.644 13.405 7.343 13.433 13.442 13.448 8.413 8.431 13.273 13.238 8.661 10.034 8.315 13.641 10.149 13.720 13.741 7.878 8.257 13.743 7.837 13.724 10.353 9.981 7.609 7.636 8.758 8.568 8.240 7.016 9.198 13.459 12.667 13.431 7.092 7.111 6.837 8.531 6.798 5.687 5.083 5.188 4.055 12.221 4.478 0.000 0.000 0.775 3.951
