includes/lisflood/camargue/results_R4_t1.561730198035E12/res.totaltm
ncols         906
nrows         631
xllcorner     362177.146667
yllcorner     6534725.688020
cellsize      20.000000
NODATA_value  -9999.000000
[rows 374 to 407 of 631, columns 693 to 769 of 906]
2.879 13.373 13.368 4.100 0.000 0.000 6.948 11.908 10.916 11.885 3.639 4.819 0.000 0.000 4.551 0.000 0.000 0.000 0.000 0.000 0.000 0.000 0.000 0.000 0.000 0.000 0.000 0.000 0.000 0.000 0.000 0.000 0.000 0.000 0.000 0.000 0.000 0.000 0.000 10.036 10.022 10.063 10.213 0.000 0.000 0.000 0.000 0.000 0.000 0.000 0.000 0.000 0.000 0.000 0.000 0.000 0.000 0.000 0.000 0.000 0.000 0.000 0.000 8.689 9.135 9.090 9.253 9.020 9.227 10.085 10.527 14.176 13.891 13.681 8.115 14.222 14.220
2.360 13.389 4.965 0.000 0.000 0.000 0.000 0.000 0.000 0.000 0.000 0.000 0.000 11.049 0.920 1.103 10.829 0.000 0.000 0.000 0.000 0.000 0.000 0.000 0.000 0.000 0.000 0.000 0.000 0.000 0.000 0.000 0.000 0.000 0.000 0.000 0.000 0.000 0.000 9.987 9.982 10.029 9.579 0.000 0.000 0.000 0.000 0.000 0.000 0.000 0.000 0.000 0.000 0.000 0.000 0.000 0.000 0.000 0.000 0.000 0.000 7.165 8.461 8.652 14.116 9.447 10.394 10.785 10.167 9.801 14.156 7.515 14.194 14.005 14.218 14.229 8.879
13.415 13.405 0.000 0.000 13.311 13.300 13.279 6.382 6.544 0.000 0.000 0.000 0.000 0.000 0.000 0.000 0.000 0.000 0.000 0.000 0.000 0.000 0.000 0.000 0.000 0.000 0.000 0.000 0.000 0.000 0.000 0.000 0.000 0.000 0.000 0.000 0.000 0.000 0.000 0.000 0.000 9.482 0.000 0.000 0.000 0.000 0.000 0.000 0.000 0.000 0.000 0.000 0.000 0.000 0.000 0.000 0.000 0.000 0.000 0.000 7.256 8.633 8.461 14.112 9.331 9.487 14.151 9.457 14.174 10.561 7.610 9.186 10.032 9.919 9.160 14.256 9.107
13.430 0.000 0.000 13.363 13.352 13.302 13.227 13.220 13.208 13.200 13.143 13.132 5.798 5.649 5.909 5.459 5.327 6.032 5.601 5.644 8.650 12.612 12.597 5.456 5.672 0.000 0.000 0.000 0.000 0.000 0.000 0.000 0.000 0.000 0.000 0.000 0.000 0.000 0.000 0.000 0.000 0.000 0.000 0.000 0.000 0.000 0.000 0.000 0.000 0.000 0.000 0.000 0.000 0.000 0.000 0.000 0.000 0.000 0.000 7.306 8.420 8.794 9.064 8.646 9.176 10.072 8.890 9.367 10.307 11.009 8.177 14.213 14.228 14.241 14.250 14.265 14.038
0.000 0.000 8.514 13.434 10.352 5.654 5.182 5.869 5.838 6.012 5.813 13.122 13.095 13.041 12.998 12.983 12.906 12.769 12.744 12.723 11.536 6.900 7.438 11.466 11.430 5.708 12.469 0.000 0.000 0.000 0.000 0.000 0.000 0.000 0.000 0.000 0.000 0.000 0.000 0.000 0.000 0.000 0.000 0.000 0.000 0.000 0.000 0.000 0.000 0.000 0.000 0.000 0.000 0.000 0.000 0.000 0.000 0.000 7.985 14.084 14.088 8.434 14.118 14.125 8.914 11.775 12.177 14.188 12.237 14.212 14.209 14.215 14.232 14.246 10.399 14.500 14.500
0.000 6.036 8.247 13.449 9.194 5.669 5.213 7.664 6.675 7.180 6.272 13.107 13.082 13.041 12.991 12.976 12.906 12.769 12.744 12.723 9.482 7.897 7.609 8.719 8.797 5.603 12.455 12.434 0.000 0.000 0.000 0.000 0.000 0.000 0.000 0.000 0.000 0.000 0.000 0.000 0.000 0.000 0.000 0.000 0.000 0.000 0.000 0.000 0.000 0.000 0.000 0.000 0.000 0.000 0.000 0.000 0.000 5.368 7.713 12.250 14.102 8.430 14.126 11.110 8.856 13.319 13.397 14.205 12.276 14.223 14.213 14.220 14.241 14.251 10.314 12.676 14.304
5.713 7.289 8.127 13.471 9.150 5.814 5.156 4.767 4.848 0.000 0.000 0.000 5.478 13.030 13.017 5.585 5.331 5.552 5.558 12.695 5.455 12.595 12.577 12.559 12.534 12.484 12.474 12.441 12.433 0.000 0.000 0.000 0.000 0.000 0.000 0.000 0.000 0.000 0.000 0.000 0.000 0.000 0.000 0.000 0.000 0.000 0.000 0.000 0.000 0.000 0.000 0.000 0.000 0.000 0.000 0.000 8.732 8.384 8.603 14.123 8.698 14.129 8.664 10.162 14.170 12.240 9.136 10.644 9.300 14.232 8.805 9.011 9.469 9.426 10.666 12.888 9.281
7.418 13.509 13.494 13.484 8.981 6.037 5.179 4.005 4.029 0.000 0.000 0.000 0.000 5.633 12.977 12.901 12.891 12.878 12.813 12.641 12.619 12.605 12.555 12.532 12.511 12.490 12.480 12.467 12.422 0.000 0.000 0.000 0.000 0.000 0.000 0.000 0.000 0.000 0.000 0.000 0.000 0.000 0.000 0.000 0.000 0.000 0.000 0.000 0.000 0.000 0.000 0.000 0.000 0.000 4.364 6.409 8.921 8.804 9.557 10.536 11.146 9.081 9.884 11.569 8.995 14.170 14.186 8.502 10.122 9.345 9.095 9.324 9.980 9.916 10.698 12.346 11.976
13.551 13.547 13.542 13.541 9.940 7.166 5.240 4.225 4.289 1.992 0.000 0.000 0.000 0.000 0.000 0.000 0.000 0.000 12.802 12.696 8.191 12.608 12.584 12.542 12.530 12.519 12.452 12.442 0.000 0.000 0.000 0.000 0.000 0.000 0.000 0.000 0.000 0.000 0.000 0.000 0.000 0.000 0.000 0.000 0.000 0.000 0.000 0.000 0.000 0.000 0.000 0.000 0.000 7.186 8.608 8.426 14.131 14.143 9.130 11.315 10.529 8.979 9.033 14.200 13.200 8.505 8.918 9.105 9.993 9.403 9.921 9.288 10.412 10.313 11.064 13.366 13.192
9.098 13.562 13.612 13.632 7.914 8.137 5.815 4.980 5.033 1.655 0.000 0.000 0.000 0.000 0.000 0.000 0.000 0.000 0.000 0.000 12.608 12.515 5.026 5.360 5.190 12.493 0.000 0.000 0.000 0.000 0.000 0.000 0.000 0.000 0.000 0.000 0.000 0.000 0.000 0.000 0.000 0.000 0.000 0.000 0.000 0.000 0.000 0.000 0.000 0.000 0.000 0.000 7.488 8.892 14.118 14.128 14.139 11.253 11.933 12.713 11.630 9.007 14.205 7.687 14.235 11.473 10.762 10.215 10.388 10.311 10.266 10.292 10.717 10.544 11.064 12.755 13.045
9.074 8.689 8.058 13.678 13.859 13.936 7.151 5.302 5.354 1.033 0.000 0.000 0.000 0.000 0.000 0.000 0.000 0.000 0.000 0.000 0.000 0.000 0.000 0.000 0.000 0.000 0.000 0.000 0.000 0.000 0.000 0.000 0.000 0.000 0.000 0.000 0.000 0.000 0.000 0.000 0.000 0.000 0.000 0.000 0.000 0.000 0.000 0.000 0.000 0.000 6.018 8.521 8.889 8.433 9.042 8.768 8.682 8.663 14.186 10.491 14.206 14.222 14.213 14.212 8.716 11.220 11.156 10.956 10.786 10.711 10.854 10.793 11.071 10.726 11.052 12.254 12.801
9.221 8.974 13.937 13.931 13.937 13.944 8.149 6.862 6.907 4.010 1.369 0.000 0.000 0.000 0.000 0.000 0.000 0.000 0.000 0.000 0.000 0.000 0.000 0.000 0.000 0.000 0.000 0.000 0.000 0.000 0.000 0.000 0.000 0.000 0.000 0.000 0.000 0.000 0.000 0.000 0.000 0.000 0.000 0.000 0.000 0.000 0.000 0.000 0.000 6.558 8.793 8.862 8.819 9.091 8.963 8.770 12.718 10.472 12.420 14.217 10.038 14.230 14.227 9.095 9.030 10.316 11.173 11.188 11.324 11.630 11.421 11.124 11.515 10.935 11.072 11.892 12.523
9.373 9.339 13.967 13.976 10.668 13.979 9.419 8.521 8.535 5.179 2.952 2.914 0.000 0.000 0.000 0.000 0.000 0.000 0.000 0.000 0.000 0.000 0.000 0.000 0.000 0.000 0.000 0.000 0.000 0.000 0.000 0.000 0.000 0.000 0.000 0.000 0.000 0.000 0.000 0.000 0.000 0.000 0.000 0.000 0.000 0.000 0.000 0.000 7.332 8.670 8.968 9.042 9.241 9.358 9.118 8.956 9.241 9.226 9.141 13.446 9.106 14.242 9.167 9.664 9.342 10.383 11.890 12.413 12.275 12.037 11.816 11.461 12.005 11.175 11.182 11.677 12.260
9.069 9.714 9.582 13.986 13.991 13.994 8.208 13.988 13.991 6.854 5.248 3.751 2.530 0.000 0.000 0.000 0.000 0.000 0.000 0.000 0.000 0.000 0.000 0.000 0.000 0.000 0.000 0.000 0.000 0.000 0.000 0.000 0.000 0.000 0.000 0.000 0.000 0.000 0.000 0.000 0.000 0.000 0.000 0.000 0.000 0.000 5.610 7.809 8.697 8.777 14.146 14.158 8.743 14.184 9.186 9.044 14.207 14.218 14.224 14.237 14.248 14.268 14.266 14.287 13.765 14.302 9.339 12.046 12.207 12.167 12.055 11.717 12.439 11.430 11.378 11.603 12.055
9.666 8.409 9.392 14.001 9.111 14.014 14.014 9.022 9.124 14.015 7.267 5.800 4.774 1.012 0.000 0.000 0.000 0.000 0.000 0.000 0.000 0.000 0.000 0.000 0.000 0.000 0.000 0.000 0.000 0.000 0.000 0.000 0.000 0.000 0.000 0.000 0.000 0.000 0.000 0.000 0.000 0.000 0.000 0.000 0.000 5.812 8.161 8.917 8.955 9.594 13.108 9.261 14.185 13.491 9.231 14.206 14.209 14.217 14.237 9.813 10.117 13.170 9.453 9.463 14.500 14.500 14.312 13.676 13.117 12.722 12.449 12.018 12.918 11.692 11.614 11.672 11.948
13.996 14.009 8.952 14.012 14.022 14.035 9.265 8.902 9.032 9.372 9.345 8.527 6.871 5.890 4.790 0.000 0.000 0.000 0.000 0.000 0.000 0.000 0.000 0.000 0.000 0.000 0.000 4.119 3.367 4.875 5.022 5.220 5.104 5.059 4.726 3.793 0.000 0.000 0.000 0.000 0.000 0.000 0.000 0.000 6.161 8.775 9.020 8.951 14.163 8.977 14.163 11.638 11.479 14.218 14.222 9.252 14.228 14.230 9.134 9.824 9.331 13.164 13.835 13.263 14.296 14.500 14.477 14.282 13.889 13.435 13.045 12.418 13.480 11.978 11.876 11.846 11.962
9.504 14.020 14.023 14.038 14.037 14.049 9.215 9.040 9.071 8.957 10.291 8.898 8.538 8.434 7.159 6.435 5.380 0.000 0.000 0.000 0.000 0.000 0.000 3.524 3.331 5.154 5.576 6.609 6.903 7.739 8.186 7.659 7.856 8.344 7.303 6.611 5.535 4.204 1.534 0.000 0.000 1.431 4.286 5.939 8.520 8.643 9.032 9.353 10.757 9.062 8.824 10.495 14.217 12.698 11.720 9.670 9.264 9.252 9.270 10.244 10.394 13.941 13.945 13.717 14.068 14.449 14.476 14.428 14.272 13.986 13.613 12.887 14.016 12.307 12.171 12.089 12.097
13.922 14.041 8.457 9.230 8.714 14.056 14.075 10.881 11.161 14.062 10.288 14.076 9.285 9.427 8.686 8.638 7.715 7.117 6.834 6.361 6.115 6.314 6.685 7.144 7.063 8.590 8.152 13.980 8.674 9.421 9.416 13.931 8.407 8.450 7.535 8.883 7.820 6.979 5.226 4.422 4.423 5.065 6.245 7.764 8.439 9.387 9.175 8.763 10.685 10.513 7.714 7.815 8.017 13.023 14.270 9.461 9.665 9.516 9.425 10.488 10.560 13.387 13.768 13.768 13.956 14.323 14.442 14.448 14.403 14.281 14.057 13.369 14.372 12.691 12.509 12.382 12.326
14.040 14.049 14.066 14.069 10.024 14.069 14.088 10.734 10.830 8.635 14.092 10.470 9.287 8.691 9.384 9.285 8.811 14.004 14.060 8.780 8.605 8.626 8.667 8.529 8.663 8.608 8.847 9.055 10.337 10.630 10.323 9.053 13.932 8.557 9.153 13.947 8.431 8.371 7.339 5.424 5.428 6.442 8.395 8.156 8.561 9.161 9.457 8.953 8.793 14.214 12.093 14.233 8.638 8.947 13.564 12.976 9.582 9.464 10.268 10.533 10.638 12.841 13.496 13.689 13.866 14.191 14.375 14.435 14.435 14.400 14.305 13.791 14.500 13.115 12.879 12.725 12.750
8.674 14.077 14.085 13.987 14.087 14.088 14.116 10.725 10.847 14.109 10.769 10.982 9.368 9.527 9.409 8.723 11.339 10.131 14.072 8.654 14.067 8.928 8.619 10.487 10.489 8.668 8.688 11.669 11.261 8.268 13.985 10.422 8.212 8.673 8.410 9.282 8.889 8.702 8.078 7.337 7.339 8.653 14.084 8.811 8.780 9.303 14.202 10.199 14.230 12.745 9.186 9.681 9.218 8.972 9.886 14.336 14.494 12.581 12.101 11.696 11.383 12.416 13.190 13.544 13.774 14.078 14.292 14.407 14.443 14.446 14.426 14.113 14.500 13.635 13.487 13.259 13.097
9.100 14.111 14.097 14.111 13.101 14.110 14.127 10.918 11.217 14.115 10.509 14.126 9.272 14.119 9.984 9.246 14.100 9.873 8.932 14.080 14.078 8.768 14.056 14.051 14.049 11.639 11.522 10.795 9.932 14.050 9.142 13.990 8.318 8.950 14.040 9.094 14.025 14.019 8.476 8.459 8.423 8.602 14.094 9.993 14.119 8.663 12.722 10.220 14.246 9.134 14.078 10.947 14.500 9.118 14.246 9.192 14.500 14.402 14.430 14.455 14.479 14.500 14.500 14.500 14.500 14.500 14.500 14.500 14.500 14.500 14.500 14.500 14.500 14.500 14.500 14.500 14.500
9.036 14.120 11.546 14.121 9.770 14.119 14.139 10.245 10.424 13.852 9.595 11.488 9.080 14.129 9.782 9.169 14.109 9.141 8.892 14.086 14.087 8.759 13.728 14.059 14.057 10.463 10.547 9.587 9.204 11.862 8.473 12.043 8.252 8.641 14.051 8.435 11.376 14.028 8.439 8.363 8.355 8.720 14.109 9.351 10.130 8.667 12.737 10.105 14.260 9.114 10.579 10.037 14.500 9.088 14.241 9.212 14.320 12.495 12.577 12.615 12.622 12.675 12.842 13.099 13.396 13.735 13.977 14.178 14.331 14.428 14.475 14.367 14.500 14.476 14.451 14.406 14.333
14.119 14.146 9.931 14.153 10.185 8.925 14.149 14.153 14.153 12.086 11.839 13.830 11.115 10.569 14.135 14.132 13.835 14.114 14.108 14.103 14.017 14.088 14.082 8.869 8.867 14.080 8.677 8.592 8.499 10.901 14.071 9.591 8.736 10.860 9.593 14.062 14.051 8.953 8.668 13.980 14.000 8.666 8.714 12.444 11.379 8.797 9.090 9.774 11.841 11.786 11.558 12.130 9.414 10.434 9.117 9.287 14.345 12.474 12.569 12.634 12.670 12.716 12.822 13.014 13.283 13.616 13.874 14.093 14.267 14.392 14.468 14.461 14.500 14.500 14.499 14.485 14.451
14.162 14.153 14.159 14.162 8.910 9.130 14.164 14.161 14.160 10.910 9.865 13.349 10.139 10.403 10.100 14.141 14.133 9.873 14.123 8.878 14.112 8.953 14.092 14.081 14.086 14.104 8.541 14.095 8.661 11.494 8.495 14.102 9.151 14.087 14.086 12.270 9.492 14.052 8.683 7.709 7.710 8.655 8.977 11.074 8.753 8.921 9.280 9.871 12.934 12.545 12.789 12.526 11.971 11.501 11.357 9.335 13.968 12.071 12.206 12.307 12.372 12.429 12.511 12.646 12.850 13.135 13.409 13.672 13.915 14.140 14.359 14.227 14.500 14.434 14.426 14.406 14.379
14.174 14.163 14.173 14.182 9.354 9.956 14.500 14.200 14.199 9.480 14.500 14.178 9.853 14.168 11.333 12.508 14.146 14.148 14.144 14.140 13.763 9.054 8.785 10.330 10.209 14.116 8.823 9.205 9.328 14.108 12.655 9.905 14.112 8.679 14.102 8.613 9.440 8.920 14.041 7.558 7.556 9.111 9.610 11.426 12.417 11.316 13.208 9.144 9.254 13.489 13.421 13.313 13.053 12.699 12.380 11.835 14.435 12.613 12.658 12.709 12.760 12.811 12.886 13.008 13.215 13.491 13.753 14.034 14.289 14.422 14.493 14.453 14.500 14.500 14.500 14.500 14.500
14.201 9.045 14.205 14.202 13.409 9.190 14.206 14.213 14.213 14.070 14.500 14.188 12.810 11.606 11.830 9.824 14.162 12.075 9.881 14.154 11.189 9.230 8.961 8.662 8.666 9.344 9.315 14.138 14.136 8.807 11.603 12.889 11.125 10.730 11.917 14.117 9.217 9.142 8.452 8.474 8.362 8.829 8.929 8.966 9.173 12.822 9.383 9.208 9.454 9.246 12.780 13.160 13.175 13.023 12.829 12.346 14.481 12.704 12.766 12.806 12.825 12.865 12.925 13.016 13.188 13.419 13.780 14.015 14.215 14.373 14.481 14.459 14.500 14.500 14.500 14.500 14.500
14.210 14.228 13.451 14.210 14.500 14.221 10.086 14.221 14.222 9.175 14.204 14.204 10.022 14.202 14.188 13.589 14.167 14.180 9.978 9.867 9.595 9.928 9.138 9.215 9.119 9.579 12.899 9.015 10.251 14.155 14.146 14.138 8.889 14.152 12.121 14.127 9.803 8.576 8.042 8.253 8.202 9.410 9.188 9.438 9.998 12.359 12.581 9.016 10.145 10.249 12.225 12.884 13.096 13.096 13.025 12.638 14.500 12.864 12.855 12.891 12.960 12.973 13.002 13.068 13.214 13.517 13.720 13.939 14.164 14.349 14.465 14.446 14.500 14.500 14.500 14.500 14.500
9.615 14.500 12.540 12.522 9.097 14.500 14.500 14.500 14.500 9.323 14.500 14.500 14.500 14.214 14.500 14.188 14.187 14.192 10.032 11.039 14.192 9.645 10.246 10.230 11.019 14.201 10.425 9.259 10.272 13.564 8.835 9.138 14.180 14.161 14.152 9.065 8.983 9.169 8.386 8.540 8.480 9.325 9.387 9.072 10.265 11.951 12.842 9.287 10.237 10.356 11.743 12.574 12.934 13.057 13.077 12.787 14.500 13.039 12.995 12.990 13.025 13.084 13.135 13.181 13.407 13.529 13.705 13.925 14.118 14.297 14.437 14.422 14.500 14.500 14.500 14.500 14.500
14.500 14.500 10.839 10.776 10.254 14.500 9.318 9.291 9.312 11.390 13.142 14.231 9.520 14.500 9.550 14.199 10.244 14.211 9.657 14.222 9.098 8.861 9.755 10.623 11.307 9.331 11.277 10.975 14.188 14.500 9.624 8.897 14.219 9.121 11.261 14.155 9.075 8.743 8.131 9.280 9.111 10.599 14.500 9.239 9.420 11.516 12.576 12.313 11.988 11.659 11.745 12.342 12.748 12.968 13.064 12.844 14.500 13.186 13.142 13.119 13.126 13.165 13.239 13.438 13.522 13.620 13.732 13.890 14.069 14.248 14.403 14.392 14.500 14.500 14.500 14.500 14.500
14.500 9.327 12.731 9.813 9.328 14.500 14.500 14.500 14.500 14.500 14.500 10.094 14.500 14.500 14.500 14.216 9.390 14.221 14.224 12.926 10.629 14.500 13.432 10.209 11.155 10.627 14.500 9.202 9.833 14.202 14.211 14.225 14.240 14.222 9.120 9.290 9.491 8.443 8.842 12.722 10.468 9.759 13.307 14.500 9.402 11.130 12.257 12.322 12.262 12.126 12.031 12.288 12.593 12.856 13.014 12.846 14.500 13.292 13.267 13.250 13.248 13.283 13.448 13.507 13.628 13.688 13.765 13.884 14.038 14.205 14.366 14.359 14.500 14.500 14.500 14.500 14.500
9.328 10.483 12.648 12.659 14.500 9.319 14.500 9.353 9.352 14.500 9.436 14.500 9.708 14.249 9.852 9.291 9.258 12.279 9.109 11.534 14.386 9.349 13.472 9.773 10.213 13.143 9.278 9.140 9.271 9.456 9.085 14.500 12.463 9.436 9.465 14.188 14.500 8.945 8.873 9.041 9.008 9.137 14.276 9.256 10.123 10.851 11.875 12.197 12.267 12.258 12.226 12.336 12.512 12.749 12.943 12.825 14.500 13.371 13.366 13.363 13.384 13.522 13.546 13.592 13.695 13.749 13.823 13.913 14.034 14.182 14.337 14.334 14.500 14.500 14.500 14.500 14.500
14.500 14.500 14.500 14.212 9.300 14.500 14.500 14.500 14.500 14.500 14.500 9.978 14.500 14.500 9.677 10.635 9.330 14.500 11.611 9.257 14.419 12.630 13.759 12.456 13.330 12.591 9.313 13.323 11.326 14.219 14.249 14.257 14.500 9.526 8.947 9.304 12.742 9.145 9.166 9.412 9.416 8.977 11.451 13.588 12.890 12.316 12.176 12.239 12.298 12.323 12.338 12.415 12.506 12.682 12.873 12.788 14.500 13.434 13.448 13.477 13.610 13.627 13.643 13.687 13.767 13.816 13.877 13.956 14.057 14.181 14.320 14.324 14.500 14.500 14.500 14.500 14.500
14.500 14.500 14.500 14.500 14.212 14.500 14.500 14.500 14.500 9.337 14.500 14.500 14.500 9.283 9.189 10.851 9.342 14.500 12.365 13.443 14.408 13.834 13.530 12.474 13.427 9.409 9.300 9.199 9.334 9.173 9.261 9.686 14.500 9.405 9.366 9.664 14.201 14.210 9.011 14.255 14.269 10.108 9.782 9.272 13.075 12.810 12.507 12.401 12.399 12.411 12.439 12.505 12.556 12.666 12.824 12.762 14.500 13.486 13.530 13.676 13.702 13.721 13.737 13.784 13.849 13.890 13.942 14.009 14.095 14.202 14.321 14.354 14.500 14.500 14.500 14.500 14.500
14.500 14.500 14.500 14.500 14.500 14.500 14.500 14.500 14.500 14.500 14.500 9.356 14.500 9.360 11.495 12.349 13.770 14.500 13.612 14.424 14.492 13.561 13.045 12.494 13.520 9.154 9.982 14.500 9.830 9.394 9.519 9.333 14.500 10.242 14.242 14.500 9.126 14.500 14.240 9.140 9.118 12.006 11.503 11.518 9.184 12.390 12.500 12.444 12.416 12.462 12.515 12.586 12.623 12.696 12.817 12.767 14.500 13.537 13.700 13.744 13.776 13.801 13.824 13.880 13.931 13.969 14.015 14.072 14.144 14.234 14.378 14.488 14.500 14.500 14.500 14.500 14.500
