includes/lisflood/results_R4_t1.553595286033E12/res-0009.wdfp
ncols         631
nrows         906
xllcorner     364927.146600
yllcorner     6531972.565600
cellsize      20.000000
NODATA_value  -9999.000000
[rows 170 to 203 of 906, columns 308 to 384 of 631]
0.000 0.000 1.068 1.718 0.237 0.000 0.000 1.332 0.000 0.000 0.847 0.337 0.509 0.378 0.000 1.138 0.000 0.456 0.526 0.316 0.846 0.176 0.625 0.215 0.255 0.215 0.065 1.476 1.086 0.375 0.145 0.265 1.045 0.000 0.361 0.721 1.051 1.081 1.341 1.241 1.101 1.121 1.071 1.161 1.121 1.151 0.971 0.741 0.921 1.061 1.181 1.111 1.171 1.161 1.271 1.241 1.421 1.501 1.611 1.351 0.000 0.000 0.000 1.156 1.226 1.226 1.176 0.846 0.036 0.256 0.226 0.000 0.000 0.247 0.127 0.407 0.217
0.346 0.000 0.401 0.463 0.355 0.722 0.645 0.000 0.000 0.000 0.887 0.067 0.719 0.109 0.000 1.598 0.000 1.098 0.158 0.647 1.156 0.196 0.346 0.476 1.046 1.036 1.476 1.326 0.376 1.406 1.036 0.426 0.105 0.273 0.212 0.371 0.621 1.291 1.471 1.221 1.181 1.071 1.191 1.071 1.091 1.021 1.021 1.581 1.141 1.151 1.221 1.251 1.271 1.311 1.341 1.211 1.301 1.341 1.481 1.221 0.000 0.000 0.116 0.966 1.146 1.166 1.046 1.105 0.745 0.186 0.176 0.000 0.000 0.000 0.197 0.187 0.157
0.416 0.034 0.002 0.226 0.095 0.003 0.598 0.401 0.237 1.188 0.027 0.000 1.910 0.480 0.294 2.018 0.348 0.284 0.211 0.797 0.287 0.657 1.246 1.206 0.126 0.696 0.000 1.296 1.306 0.446 0.876 1.056 0.316 0.185 0.000 0.301 0.791 1.151 1.121 1.251 1.151 1.071 1.131 1.281 1.171 1.351 1.251 1.221 1.351 1.181 1.231 1.231 1.271 1.191 1.211 1.241 1.321 1.461 1.691 1.651 0.021 0.088 0.377 1.136 1.306 1.236 1.075 0.945 0.635 0.176 0.026 0.000 0.000 0.000 0.057 0.187 0.186
0.000 0.549 0.559 0.128 0.325 0.335 0.022 0.828 1.158 0.688 0.279 0.512 0.053 0.004 0.000 0.998 0.948 0.307 0.984 0.300 0.638 0.647 0.587 0.226 1.306 0.436 0.436 0.316 0.096 1.116 1.206 0.416 1.266 0.516 0.000 0.000 0.791 1.171 1.331 1.511 1.401 1.241 1.271 1.131 1.141 1.101 1.111 1.011 1.251 0.981 1.301 1.341 1.231 1.321 1.461 1.291 1.341 1.291 1.401 1.211 0.000 0.558 2.358 0.877 1.066 0.945 1.055 1.095 0.000 0.000 0.000 0.000 0.000 0.132 0.229 0.268 0.186
0.716 0.000 0.000 0.296 0.307 0.147 0.507 0.237 0.117 0.005 0.822 0.652 0.802 0.000 0.667 0.000 0.979 0.750 0.415 0.440 0.928 0.347 0.567 0.256 0.176 0.566 0.886 1.096 1.306 0.296 0.376 0.596 1.216 0.000 0.000 0.511 1.241 1.341 1.291 1.351 1.231 1.201 1.161 1.071 1.071 1.091 1.011 1.221 1.201 1.241 1.191 1.521 0.991 1.041 1.001 1.101 1.091 1.231 1.351 1.471 1.030 0.000 2.268 0.648 0.165 0.441 0.440 0.471 0.676 0.865 0.635 0.000 0.217 0.244 0.200 0.268 0.155
0.000 0.486 0.004 0.000 0.650 0.510 0.102 0.844 0.364 0.545 0.244 1.003 0.262 0.797 0.227 1.857 0.000 1.616 0.143 0.029 0.142 0.307 0.337 0.796 0.126 0.146 0.526 1.046 1.266 1.506 1.156 0.166 0.526 0.000 0.000 0.491 0.921 1.751 1.711 1.441 1.421 1.351 1.141 1.251 1.121 1.101 1.161 1.241 1.301 1.331 1.341 1.411 1.231 1.321 1.071 1.031 1.101 1.351 1.481 1.591 1.640 1.490 2.639 0.748 0.274 0.223 0.163 0.112 0.751 0.440 0.000 0.074 0.163 0.176 0.260 0.228 0.024
0.336 0.000 0.767 0.115 0.000 0.412 0.365 0.345 0.715 0.425 0.415 0.575 0.000 0.697 1.036 0.000 2.136 1.866 1.216 0.025 0.844 0.000 0.166 0.446 0.956 0.866 0.406 0.186 1.226 1.326 1.316 0.516 0.000 0.000 0.081 0.541 1.201 1.191 1.431 1.301 1.191 1.251 1.311 1.271 1.231 1.311 1.181 1.181 1.211 1.381 1.231 1.261 1.291 1.261 1.281 1.251 1.181 1.121 1.151 1.361 1.570 1.590 0.000 1.358 0.000 0.202 0.774 0.623 0.502 0.600 0.036 0.236 0.195 0.227 0.220 0.234 0.277
1.306 0.705 0.217 0.973 0.392 0.000 0.437 0.516 0.256 0.177 0.707 0.330 0.994 0.000 0.996 0.735 0.342 1.966 1.146 0.386 0.434 0.173 0.002 0.000 0.446 0.976 1.046 1.046 0.226 0.166 1.396 0.256 0.106 0.026 0.000 0.691 1.271 1.431 1.781 1.741 1.661 1.301 1.281 1.111 0.891 1.031 1.031 0.971 0.921 1.121 1.171 1.231 1.301 1.311 1.351 1.371 1.381 1.601 1.591 0.000 1.580 1.470 1.260 0.231 2.412 0.172 0.594 0.510 0.331 0.211 0.358 0.359 0.268 0.257 0.320 0.181 0.255
0.526 0.000 0.903 0.482 1.282 0.852 0.540 0.118 0.000 0.616 0.035 0.635 0.745 0.000 0.647 0.436 0.443 0.103 0.596 1.126 0.204 0.383 0.322 0.062 0.000 0.000 0.876 1.086 0.926 0.916 0.296 0.186 0.000 0.000 0.072 0.511 1.201 1.381 1.431 1.461 1.421 1.281 1.251 1.181 1.161 1.241 1.291 1.311 1.241 1.361 1.451 1.391 1.431 1.471 1.291 1.241 1.321 1.331 1.311 0.070 1.500 1.630 1.570 0.309 0.402 0.394 0.251 0.272 0.235 0.297 0.249 0.317 0.225 0.432 0.154 0.463 0.313
0.756 0.086 0.000 1.652 1.142 0.502 0.171 0.000 0.468 0.297 0.817 0.817 0.000 0.781 1.100 0.270 0.410 0.000 1.896 0.000 1.032 1.322 0.362 0.181 0.491 0.000 0.316 0.876 0.986 0.956 0.336 0.000 0.001 0.039 0.162 0.481 1.311 1.361 1.511 1.371 1.401 1.391 1.261 1.241 1.221 1.201 1.221 1.231 1.231 1.351 1.381 1.391 1.501 1.421 1.401 1.311 1.411 1.381 1.311 1.290 1.430 1.510 1.550 0.149 2.241 0.000 0.253 0.000 0.083 0.292 0.266 0.281 0.340 0.428 0.369 0.332 0.409
0.646 0.476 0.000 0.000 0.108 0.163 0.000 0.429 0.368 0.558 0.757 0.907 0.000 0.762 0.272 0.757 0.907 0.497 0.000 2.262 0.000 0.512 1.182 0.331 0.480 0.200 0.000 0.000 0.046 0.000 0.000 0.002 0.000 0.233 0.124 0.611 1.201 1.381 1.411 1.421 1.481 1.421 1.421 1.331 1.291 1.321 1.281 1.261 1.281 1.241 1.331 1.321 1.391 1.471 1.541 1.391 1.461 1.421 1.591 1.430 1.400 1.440 1.420 0.000 0.590 0.000 0.685 0.118 0.180 0.259 0.305 0.196 0.319 0.352 0.335 0.358 0.535
1.066 0.706 0.064 0.271 0.651 0.000 0.515 0.420 0.528 0.708 0.558 0.587 0.317 0.304 0.002 0.818 0.698 0.101 0.694 0.000 2.232 0.242 0.352 1.531 0.330 0.499 0.698 0.108 0.000 0.825 1.255 1.405 1.375 1.535 0.000 0.321 1.311 1.401 1.321 1.361 1.331 1.351 1.271 1.191 1.231 1.331 1.291 1.381 1.321 1.301 1.291 1.371 1.401 1.441 1.561 1.531 1.331 1.361 0.000 1.470 1.380 1.470 1.480 0.000 0.780 0.000 0.616 0.149 0.162 0.143 0.231 0.390 0.396 0.260 0.214 0.459 0.408
0.766 0.736 0.264 0.761 0.501 0.679 0.588 0.000 0.858 0.708 0.718 0.000 0.558 0.367 0.066 0.799 0.330 0.874 0.794 0.384 0.000 2.053 0.753 0.171 1.179 0.409 0.588 0.227 0.335 1.135 1.305 1.305 1.355 1.525 0.000 0.371 1.211 1.271 1.331 1.321 1.381 1.331 1.331 1.331 1.341 1.251 1.271 1.251 1.411 1.381 1.431 1.481 1.511 1.511 1.521 1.351 1.391 0.310 1.090 1.540 1.430 1.430 1.050 0.000 1.359 0.446 0.448 0.131 0.212 0.048 0.287 0.303 0.330 0.311 0.346 0.306 0.306
0.000 0.000 0.000 0.149 0.199 0.138 0.090 0.588 0.988 0.638 0.488 0.529 0.869 0.199 0.969 0.465 0.002 0.764 0.674 0.124 1.044 0.140 1.733 0.000 0.949 0.208 0.757 0.647 0.000 1.275 1.335 1.355 1.345 1.395 0.208 0.241 1.191 1.281 1.271 1.371 1.331 1.371 1.311 1.421 1.181 1.171 1.351 1.311 1.451 1.401 1.431 1.381 1.431 1.341 1.461 1.391 1.791 0.580 1.490 1.610 1.560 1.520 1.730 0.111 2.499 0.627 0.505 0.000 0.065 0.110 0.249 0.311 0.218 0.352 0.432 0.332 0.612
0.747 0.807 0.647 0.627 0.797 0.637 0.068 0.308 0.578 0.558 0.000 0.580 0.260 0.190 0.720 0.306 0.865 0.735 0.405 1.135 1.204 0.000 0.321 0.269 0.419 0.000 0.427 1.327 0.266 1.365 1.595 1.535 1.485 1.435 0.000 0.621 1.301 1.211 1.241 1.251 1.271 1.371 1.411 1.381 1.771 1.791 1.691 1.511 1.441 1.361 1.411 1.401 1.371 1.391 1.401 1.441 0.040 1.800 1.710 0.990 1.150 1.170 1.550 0.313 0.840 0.000 0.465 0.000 0.017 0.160 0.150 0.514 0.334 0.535 0.357 0.288 0.289
0.357 0.787 0.687 0.857 0.667 0.787 0.867 0.000 0.000 0.000 0.196 0.702 0.003 0.826 0.544 0.000 0.595 0.345 1.125 1.145 0.000 0.000 0.000 2.458 0.188 0.000 0.477 0.557 0.196 0.115 1.425 1.605 1.525 1.415 0.023 0.401 1.351 1.431 1.271 1.381 1.301 1.191 1.201 1.391 1.471 1.431 1.571 1.521 1.421 1.311 1.341 1.301 1.401 1.291 1.081 0.000 0.950 1.830 1.710 1.790 1.730 1.880 1.720 0.318 0.054 2.914 0.145 0.000 0.014 0.251 0.431 0.443 0.603 0.445 0.385 0.465 0.298
0.677 0.837 0.777 0.817 0.807 0.697 0.837 0.000 0.000 0.000 0.440 0.309 0.000 0.846 0.466 0.565 0.407 0.895 1.155 0.000 0.000 1.807 1.267 0.437 0.117 0.009 0.267 0.267 0.516 0.000 0.655 1.675 1.545 1.205 0.554 0.183 0.921 1.001 1.191 0.901 0.901 1.031 1.141 1.301 1.581 1.801 1.931 1.541 1.461 1.471 1.441 1.431 1.421 1.341 0.681 0.660 1.760 1.870 1.800 1.620 0.910 0.990 1.570 0.289 0.248 2.484 0.166 0.067 0.226 0.446 0.407 0.567 0.527 0.467 0.308 0.518 0.411
0.217 0.627 0.827 0.537 0.847 0.847 0.717 0.857 0.000 0.471 0.461 0.361 0.630 0.858 0.497 0.627 0.069 0.575 0.008 1.107 1.117 0.000 0.367 0.407 0.317 0.377 0.397 0.377 0.636 0.786 0.306 0.145 1.355 1.365 0.000 0.181 1.161 1.411 1.311 1.041 1.031 1.151 0.811 1.221 1.021 1.391 1.361 1.251 1.401 1.341 1.541 1.541 1.421 1.631 0.000 0.660 0.970 1.730 1.810 1.740 1.820 1.930 1.720 0.670 1.939 0.206 0.191 0.009 0.269 0.410 0.229 0.369 0.429 0.559 0.629 0.570 0.122
0.127 0.717 0.927 0.817 0.777 0.877 0.737 0.857 0.000 0.572 0.882 1.482 0.762 0.342 0.311 0.867 0.000 0.047 1.907 0.337 0.207 0.317 0.257 0.297 0.357 0.387 0.287 0.336 1.286 0.996 0.546 0.096 0.145 1.485 0.049 0.261 1.101 1.441 1.341 0.831 1.221 1.171 0.931 0.951 0.801 0.941 1.161 1.211 1.261 0.931 1.211 0.841 1.331 0.000 1.150 1.140 1.280 1.340 1.410 1.480 0.980 0.990 1.490 0.820 0.269 0.508 0.026 0.014 0.231 0.342 0.351 0.431 0.741 0.522 0.572 0.425 0.163
1.187 0.587 0.637 0.797 0.577 0.777 0.557 0.406 1.485 0.000 0.000 0.686 0.107 0.640 0.630 0.000 0.191 0.000 0.477 0.517 0.307 0.507 0.497 0.457 0.417 0.437 0.197 0.236 0.476 0.746 0.866 0.486 0.000 1.385 0.000 0.291 1.351 1.461 1.361 1.291 1.321 1.261 1.221 1.261 0.931 1.081 1.061 1.001 1.111 1.061 1.491 1.131 0.000 0.430 1.710 0.690 0.620 0.600 0.850 0.880 1.400 1.550 1.740 2.760 0.000 0.000 0.000 0.009 0.333 0.165 0.248 0.500 0.430 0.400 0.500 0.110 0.780
0.768 0.003 0.677 0.977 0.717 0.817 0.386 0.715 0.795 0.683 0.692 0.810 0.571 0.721 0.651 0.661 0.381 0.000 1.947 0.000 0.287 0.287 0.427 0.147 0.327 0.267 0.246 0.456 0.646 0.456 0.696 0.656 0.196 0.114 0.055 0.481 1.351 1.351 1.441 1.351 1.261 1.311 1.411 1.181 1.271 0.891 0.841 1.001 1.161 1.161 1.730 0.720 0.000 1.410 1.830 1.710 1.840 1.830 1.930 1.870 0.760 0.900 1.860 2.240 0.180 0.160 0.000 0.063 0.232 0.409 0.229 0.346 0.366 0.345 0.565 0.055 0.363
0.738 1.058 0.778 0.507 0.477 0.003 0.546 0.145 0.475 0.423 0.712 0.611 0.621 0.731 0.891 0.691 0.471 0.023 1.257 2.367 0.017 0.137 0.377 0.467 0.317 0.426 0.426 0.216 0.226 0.786 0.576 0.446 0.376 0.171 0.481 0.771 1.301 1.391 1.411 1.371 1.121 1.271 1.261 1.221 1.181 1.181 1.351 1.241 1.161 1.010 1.540 1.040 0.910 0.000 0.000 0.000 0.000 1.150 1.840 1.710 1.760 1.820 1.450 1.390 0.300 0.310 0.000 0.000 0.195 0.367 0.218 0.237 0.499 1.029 0.522 0.286 0.539
0.598 0.888 0.798 1.058 0.058 0.018 0.706 0.606 0.625 0.763 0.842 0.791 0.631 0.561 0.711 0.601 0.361 0.371 0.000 0.000 2.017 0.187 0.307 0.117 0.486 0.746 0.816 0.636 0.666 0.786 0.776 0.866 0.616 0.091 0.201 0.761 1.291 1.461 1.611 1.741 1.701 1.891 2.041 1.851 1.551 1.281 1.201 1.211 1.091 0.760 1.120 1.450 1.049 1.619 1.459 1.139 1.999 1.239 0.001 0.000 0.000 0.939 0.000 2.860 0.380 0.000 0.000 0.000 0.208 0.228 0.390 0.155 0.230 0.670 0.214 0.506 0.290
0.638 0.288 0.848 0.948 1.218 0.828 0.487 0.676 0.666 0.016 0.772 0.581 0.751 0.761 0.481 0.931 0.231 0.251 0.000 0.000 2.117 0.000 0.537 0.217 0.616 0.666 0.626 0.436 0.566 0.696 0.886 0.166 0.215 0.241 0.132 0.491 1.191 1.281 1.211 1.191 1.211 1.121 1.161 1.121 1.211 1.231 1.221 0.861 0.000 0.779 1.389 1.249 1.579 1.309 0.889 1.529 1.189 1.459 1.639 1.149 1.709 1.739 0.219 2.730 0.399 0.069 0.000 0.000 0.421 0.176 0.496 0.386 0.191 0.318 0.298 0.463 0.378
0.588 0.598 0.978 0.608 0.918 0.888 0.908 0.000 0.816 0.786 0.000 0.881 0.621 0.781 0.591 0.401 0.652 0.342 0.982 0.000 0.497 0.000 0.507 0.157 0.486 0.726 0.736 0.726 0.796 0.826 0.876 0.456 0.075 0.090 0.152 0.721 1.221 1.191 1.261 1.211 1.141 1.121 1.351 1.161 1.181 1.171 1.151 0.000 0.789 1.369 1.079 1.569 1.269 0.919 1.439 0.979 1.239 1.449 0.889 1.529 1.229 0.000 0.279 0.209 0.388 0.367 0.000 0.000 0.329 0.166 0.372 0.257 0.749 0.251 0.817 0.536 0.214
0.828 0.498 0.708 0.978 0.668 1.318 1.008 0.728 0.000 0.637 0.777 0.000 0.891 0.551 0.142 0.082 0.342 0.842 0.692 0.000 0.000 2.546 0.000 0.336 0.396 0.646 0.876 0.396 0.000 0.000 0.826 0.436 0.176 0.033 0.231 0.911 1.081 1.191 1.221 1.271 1.291 1.181 1.181 1.221 1.191 1.171 0.000 0.549 1.539 1.099 1.459 1.379 1.149 1.319 1.179 1.069 1.209 1.359 1.439 1.319 1.039 0.309 0.188 1.778 0.247 0.456 0.000 0.000 0.226 0.251 0.337 0.237 1.112 0.211 0.355 0.191 0.001
0.198 0.378 0.000 0.928 0.698 0.878 1.258 0.868 0.898 0.000 0.578 0.848 0.000 0.163 0.224 0.194 0.283 0.583 0.000 0.000 0.000 3.126 2.516 2.676 2.156 2.996 2.786 2.616 2.406 0.306 0.000 0.000 0.116 0.046 0.000 1.051 1.071 1.121 1.291 1.261 1.241 1.151 1.221 1.201 0.791 0.000 0.389 1.579 1.309 1.679 1.369 1.339 1.539 1.249 0.899 0.989 1.249 1.679 1.299 1.199 0.168 0.138 0.838 2.928 0.119 0.216 0.000 0.000 0.293 0.148 0.595 0.185 1.007 0.717 0.353 0.160 0.000
0.198 0.308 0.468 0.998 0.868 0.638 1.338 0.708 0.768 0.858 0.538 0.118 0.888 0.056 0.305 0.215 0.264 0.363 0.000 0.000 0.000 0.000 0.000 0.000 0.000 0.000 0.000 0.000 0.000 0.000 2.595 0.885 0.001 0.000 0.189 0.411 0.000 1.011 1.221 1.021 1.191 1.231 1.111 0.171 0.000 0.359 1.619 1.429 1.079 1.609 1.419 1.519 1.329 0.999 1.289 1.149 1.559 1.499 1.399 0.034 0.120 0.073 0.032 0.011 0.267 0.389 0.000 0.000 0.096 0.213 0.842 0.349 0.590 0.801 0.235 0.187 0.000
0.308 0.908 0.708 0.738 1.028 0.788 0.788 1.098 1.238 0.658 0.858 0.858 0.278 0.458 0.276 0.286 0.436 0.000 0.063 0.000 3.046 0.000 0.707 0.557 0.397 0.267 0.167 0.009 0.097 0.177 0.000 0.000 0.717 3.057 0.247 0.000 0.608 0.629 0.000 0.000 0.000 0.114 0.000 0.000 0.389 1.649 1.639 1.299 1.599 1.269 1.639 1.189 0.829 0.949 1.269 1.539 1.379 1.699 0.190 0.166 0.212 0.012 2.009 0.044 0.342 0.212 0.132 0.000 0.000 0.388 0.761 1.112 0.919 0.143 0.372 0.180 0.000
0.879 0.459 0.000 0.000 1.008 1.048 0.888 0.948 0.598 1.298 1.058 0.338 0.338 0.548 0.197 0.346 0.436 0.000 0.073 0.002 0.326 0.001 0.497 0.387 0.537 0.597 0.417 0.307 0.697 0.447 0.577 0.667 0.000 0.000 0.436 1.956 1.706 0.000 2.185 0.225 0.000 0.956 0.186 0.000 0.000 0.000 0.000 1.819 1.758 1.769 1.799 1.569 1.719 1.439 1.369 1.319 1.269 0.295 0.301 0.259 1.784 0.430 0.013 0.477 0.378 0.458 0.000 0.000 0.000 0.334 0.867 1.027 0.336 0.209 0.368 0.000 0.000
0.809 0.199 0.000 0.000 1.038 0.858 0.728 0.578 0.938 0.728 0.508 0.348 0.538 0.148 0.297 0.277 0.000 0.000 0.000 0.212 0.000 0.567 0.257 0.317 0.477 0.397 0.667 1.177 0.417 0.387 0.687 0.227 0.000 0.192 0.000 0.000 0.665 2.915 0.465 0.000 0.007 0.095 0.835 0.021 0.000 0.224 0.055 0.147 2.527 0.004 0.000 0.000 1.349 1.909 1.729 1.069 0.359 0.010 0.231 0.282 0.080 2.157 0.397 0.557 0.437 0.407 0.000 0.000 0.000 0.369 1.002 0.221 0.316 0.398 0.000 0.000 0.000
0.919 0.099 0.000 0.000 0.839 0.949 0.989 1.049 0.588 0.348 0.658 0.289 0.000 0.000 0.000 0.459 0.000 0.000 0.000 0.000 0.000 0.077 0.207 0.207 0.497 0.577 0.427 0.517 0.447 0.457 0.527 0.597 0.000 0.000 0.000 0.274 0.318 0.000 0.000 1.598 2.550 2.260 1.005 1.802 2.863 2.494 2.844 1.727 1.743 0.416 0.466 0.357 0.357 0.088 0.000 0.377 0.093 0.145 0.020 0.145 2.776 0.887 0.457 0.447 0.557 0.407 0.147 0.000 0.000 0.791 1.040 0.073 0.000 0.000 0.000 0.022 0.000
0.879 0.910 0.000 0.000 0.000 0.799 0.919 0.329 0.000 0.000 0.299 1.179 0.809 0.789 0.899 0.729 0.679 0.829 0.005 0.000 0.977 0.327 0.537 0.367 0.187 0.627 0.677 0.477 0.477 0.767 0.407 0.537 0.000 0.710 0.870 1.230 1.160 0.710 0.000 0.000 0.697 0.927 0.379 0.001 0.000 0.000 0.000 0.000 0.000 1.765 1.779 0.806 0.177 0.137 0.267 0.427 0.000 0.217 0.055 0.264 0.001 0.000 0.407 0.397 0.486 0.426 0.016 0.000 0.000 0.667 0.208 0.000 0.000 0.000 0.000 0.000 0.000
0.719 0.780 0.120 0.000 0.000 0.799 1.179 0.740 0.970 1.300 1.810 0.479 0.519 0.839 1.059 0.759 0.839 0.669 0.429 0.000 2.897 0.667 0.117 0.000 0.287 0.447 0.557 0.547 0.457 0.737 0.387 0.417 0.000 0.530 0.790 0.830 0.820 0.980 0.000 0.552 0.663 1.934 0.243 0.230 0.439 0.479 0.089 0.000 0.000 0.000 0.161 3.036 1.817 0.136 0.736 0.316 0.085 0.000 0.031 2.092 0.018 0.008 0.017 1.266 0.215 0.414 0.662 0.000 0.000 1.035 0.118 0.000 0.000 0.000 0.011 0.000 0.000
