includes/lisflood/results_R4_t1.553595286033E12/res-0014.wdfp
ncols         631
nrows         906
xllcorner     364927.146600
yllcorner     6531972.565600
cellsize      20.000000
NODATA_value  -9999.000000
[rows 238 to 271 of 906, columns 462 to 538 of 631]
3.133 3.182 3.231 3.280 3.330 3.380 3.431 3.481 3.531 3.582 3.632 3.683 3.733 3.783 3.800 3.787 3.758 3.730 3.702 3.676 3.651 3.626 3.601 3.575 3.550 3.525 3.500 3.475 3.449 3.424 3.399 3.408 3.421 3.433 3.445 3.454 3.446 3.437 3.429 3.421 3.413 3.404 3.396 3.389 3.390 3.391 3.392 3.393 3.394 3.395 3.401 3.447 3.494 3.539 3.573 3.608 3.642 3.676 3.711 3.745 3.779 3.952 4.153 4.355 4.557 4.759 4.961 5.171 5.394 5.616 5.838 6.061 6.283 6.505 6.673 6.835 6.997
3.108 3.158 3.208 3.259 3.309 3.360 3.410 3.460 3.511 3.561 3.611 3.662 3.712 3.739 3.754 3.757 3.729 3.701 3.672 3.644 3.616 3.588 3.561 3.536 3.511 3.485 3.460 3.435 3.410 3.384 3.359 3.361 3.374 3.386 3.393 3.384 3.376 3.368 3.360 3.351 3.343 3.335 3.327 3.318 3.318 3.319 3.320 3.321 3.322 3.323 3.364 3.410 3.457 3.503 3.545 3.579 3.613 3.648 3.682 3.716 3.781 3.983 4.185 4.387 4.589 4.791 4.992 5.194 5.407 5.630 5.852 6.074 6.296 6.501 6.663 6.826 6.988
3.087 3.137 3.188 3.238 3.289 3.339 3.389 3.440 3.490 3.540 3.591 3.641 3.678 3.693 3.708 3.723 3.699 3.671 3.643 3.615 3.587 3.558 3.530 3.502 3.474 3.446 3.420 3.395 3.370 3.345 3.319 3.314 3.327 3.331 3.323 3.315 3.307 3.298 3.290 3.282 3.274 3.265 3.257 3.249 3.245 3.246 3.247 3.248 3.249 3.281 3.327 3.373 3.419 3.466 3.512 3.550 3.585 3.619 3.653 3.688 3.813 4.015 4.217 4.419 4.621 4.822 5.024 5.226 5.428 5.643 5.865 6.088 6.310 6.491 6.654 6.816 6.978
3.066 3.116 3.167 3.217 3.268 3.318 3.369 3.419 3.469 3.520 3.570 3.617 3.632 3.647 3.662 3.677 3.670 3.642 3.613 3.585 3.557 3.529 3.501 3.473 3.444 3.416 3.388 3.360 3.332 3.305 3.280 3.267 3.270 3.262 3.253 3.245 3.237 3.229 3.220 3.212 3.204 3.196 3.187 3.179 3.173 3.174 3.175 3.176 3.197 3.244 3.290 3.336 3.382 3.429 3.475 3.521 3.556 3.590 3.625 3.659 3.845 4.047 4.249 4.451 4.652 4.854 5.056 5.258 5.460 5.661 5.879 6.101 6.320 6.482 6.644 6.807 6.969
3.054 3.096 3.146 3.197 3.247 3.297 3.348 3.398 3.449 3.499 3.549 3.571 3.586 3.601 3.616 3.631 3.640 3.612 3.584 3.556 3.528 3.499 3.471 3.443 3.415 3.387 3.358 3.330 3.302 3.274 3.246 3.245 3.211 3.192 3.184 3.176 3.167 3.159 3.151 3.143 3.134 3.126 3.118 3.110 3.101 3.102 3.103 3.114 3.160 3.207 3.253 3.299 3.345 3.392 3.438 3.484 3.527 3.562 3.596 3.675 3.877 4.079 4.281 4.482 4.684 4.886 5.088 5.290 5.491 5.693 5.895 6.115 6.310 6.472 6.635 6.797 6.959
3.047 3.075 3.125 3.176 3.226 3.277 3.327 3.377 3.428 3.478 3.510 3.525 3.540 3.555 3.570 3.586 3.601 3.583 3.554 3.526 3.498 3.470 3.442 3.414 3.385 3.357 3.329 3.301 3.273 3.244 3.240 3.281 3.272 3.238 3.204 3.170 3.136 3.102 3.081 3.073 3.065 3.057 3.048 3.040 3.032 3.029 3.031 3.077 3.123 3.170 3.216 3.262 3.308 3.355 3.401 3.447 3.493 3.533 3.568 3.707 3.909 4.111 4.312 4.514 4.716 4.918 5.120 5.321 5.523 5.725 5.927 6.129 6.300 6.462 6.620 6.778 6.936
3.040 3.055 3.105 3.155 3.205 3.256 3.306 3.357 3.407 3.449 3.464 3.479 3.495 3.510 3.525 3.540 3.555 3.553 3.525 3.497 3.469 3.440 3.412 3.384 3.356 3.328 3.299 3.271 3.243 3.230 3.270 3.310 3.332 3.298 3.264 3.230 3.196 3.162 3.128 3.094 3.060 3.026 2.992 2.970 2.962 2.957 2.994 3.040 3.086 3.132 3.179 3.225 3.271 3.317 3.364 3.410 3.456 3.502 3.539 3.738 3.940 4.142 4.344 4.546 4.748 4.942 5.136 5.329 5.523 5.717 5.911 6.090 6.236 6.394 6.552 6.710 6.868
3.032 3.048 3.084 3.134 3.185 3.235 3.286 3.336 3.386 3.404 3.419 3.434 3.449 3.464 3.479 3.494 3.509 3.524 3.496 3.467 3.439 3.411 3.383 3.355 3.326 3.298 3.270 3.242 3.219 3.259 3.300 3.340 3.380 3.358 3.324 3.290 3.256 3.222 3.188 3.154 3.120 3.086 3.052 3.018 2.984 2.957 2.992 3.037 3.081 3.126 3.170 3.215 3.259 3.304 3.348 3.393 3.437 3.482 3.552 3.746 3.940 4.133 4.327 4.521 4.715 4.909 5.102 5.296 5.490 5.684 5.877 6.034 6.176 6.326 6.484 6.642 6.800
3.025 3.040 3.063 3.114 3.164 3.214 3.265 3.315 3.343 3.358 3.373 3.388 3.403 3.418 3.433 3.448 3.463 3.478 3.466 3.438 3.410 3.381 3.353 3.325 3.297 3.269 3.240 3.212 3.249 3.289 3.329 3.370 3.410 3.419 3.385 3.351 3.317 3.283 3.249 3.215 3.181 3.147 3.113 3.079 3.048 3.026 3.025 3.069 3.114 3.158 3.203 3.247 3.292 3.337 3.381 3.426 3.470 3.515 3.588 3.712 3.906 4.100 4.294 4.488 4.682 4.875 5.069 5.263 5.457 5.650 5.835 5.977 6.119 6.261 6.417 6.575 6.733
3.018 3.033 3.048 3.093 3.143 3.194 3.244 3.282 3.297 3.312 3.327 3.342 3.357 3.372 3.387 3.402 3.417 3.432 3.437 3.408 3.380 3.352 3.324 3.296 3.267 3.239 3.211 3.238 3.278 3.319 3.359 3.399 3.440 3.479 3.445 3.411 3.377 3.343 3.309 3.275 3.241 3.207 3.173 3.139 3.117 3.095 3.073 3.102 3.146 3.191 3.236 3.280 3.325 3.369 3.414 3.458 3.503 3.562 3.637 3.712 3.873 4.067 4.261 4.455 4.648 4.842 5.036 5.230 5.423 5.617 5.779 5.921 6.063 6.205 6.349 6.507 6.665
3.010 3.026 3.041 3.072 3.123 3.173 3.221 3.236 3.251 3.266 3.281 3.296 3.311 3.326 3.341 3.356 3.371 3.386 3.402 3.379 3.351 3.322 3.294 3.266 3.238 3.210 3.227 3.268 3.308 3.348 3.389 3.429 3.469 3.510 3.506 3.472 3.438 3.404 3.370 3.336 3.302 3.268 3.233 3.208 3.186 3.164 3.142 3.134 3.179 3.224 3.268 3.313 3.357 3.402 3.446 3.491 3.537 3.612 3.687 3.762 3.840 4.033 4.227 4.421 4.615 4.809 5.003 5.196 5.390 5.580 5.723 5.865 6.007 6.149 6.291 6.439 6.597
3.003 3.018 3.034 3.051 3.102 3.152 3.175 3.190 3.205 3.220 3.235 3.250 3.265 3.280 3.296 3.311 3.326 3.341 3.356 3.349 3.321 3.293 3.265 3.237 3.208 3.217 3.257 3.297 3.338 3.378 3.418 3.459 3.499 3.539 3.566 3.532 3.498 3.464 3.430 3.396 3.362 3.328 3.300 3.278 3.255 3.233 3.211 3.189 3.212 3.256 3.301 3.345 3.390 3.434 3.479 3.524 3.586 3.661 3.736 3.811 3.886 4.000 4.194 4.388 4.582 4.776 4.969 5.163 5.357 5.524 5.666 5.808 5.950 6.092 6.234 6.376 6.529
2.995 3.011 3.026 3.042 3.081 3.114 3.129 3.144 3.159 3.174 3.189 3.204 3.220 3.235 3.250 3.265 3.280 3.295 3.310 3.320 3.292 3.263 3.235 3.207 3.206 3.246 3.287 3.327 3.367 3.408 3.448 3.488 3.529 3.569 3.609 3.593 3.559 3.525 3.491 3.456 3.422 3.391 3.369 3.347 3.325 3.302 3.280 3.258 3.244 3.289 3.334 3.378 3.423 3.467 3.512 3.561 3.636 3.711 3.786 3.861 3.936 4.011 4.161 4.355 4.548 4.742 4.936 5.130 5.324 5.468 5.610 5.752 5.894 6.036 6.178 6.320 6.462
2.980 2.998 3.016 3.033 3.053 3.068 3.083 3.098 3.113 3.128 3.143 3.159 3.174 3.189 3.204 3.219 3.234 3.249 3.264 3.279 3.262 3.234 3.206 3.195 3.236 3.276 3.316 3.357 3.397 3.437 3.478 3.518 3.558 3.599 3.639 3.653 3.619 3.585 3.551 3.517 3.483 3.460 3.438 3.416 3.394 3.372 3.349 3.327 3.305 3.322 3.366 3.411 3.455 3.500 3.545 3.610 3.685 3.760 3.835 3.910 3.985 4.060 4.136 4.321 4.515 4.709 4.903 5.097 5.269 5.411 5.553 5.696 5.837 5.980 6.122 6.264 6.406
2.965 2.983 3.001 3.019 3.039 3.048 3.057 3.066 3.075 3.085 3.098 3.113 3.128 3.143 3.158 3.173 3.188 3.203 3.218 3.233 3.233 3.205 3.185 3.225 3.265 3.306 3.346 3.386 3.427 3.467 3.507 3.548 3.588 3.628 3.669 3.709 3.679 3.645 3.611 3.577 3.552 3.529 3.507 3.485 3.463 3.441 3.419 3.396 3.374 3.354 3.399 3.444 3.488 3.533 3.585 3.660 3.735 3.810 3.885 3.960 4.035 4.110 4.185 4.288 4.482 4.676 4.869 5.063 5.213 5.355 5.497 5.639 5.781 5.923 6.065 6.207 6.349
2.950 2.968 2.986 3.006 3.026 3.038 3.048 3.057 3.066 3.075 3.084 3.093 3.102 3.111 3.121 3.130 3.142 3.157 3.172 3.187 3.203 3.175 3.214 3.255 3.295 3.335 3.376 3.416 3.456 3.497 3.537 3.577 3.618 3.658 3.698 3.739 3.740 3.706 3.672 3.643 3.621 3.599 3.576 3.554 3.532 3.510 3.488 3.466 3.443 3.421 3.432 3.476 3.521 3.565 3.634 3.709 3.784 3.859 3.934 4.010 4.085 4.159 4.235 4.310 4.448 4.642 4.836 5.014 5.157 5.299 5.441 5.583 5.725 5.867 6.009 6.151 6.293
2.935 2.954 2.974 2.994 3.013 3.029 3.038 3.047 3.056 3.065 3.075 3.084 3.093 3.102 3.111 3.120 3.129 3.138 3.148 3.157 3.166 3.199 3.244 3.284 3.325 3.365 3.405 3.446 3.486 3.526 3.567 3.607 3.647 3.688 3.728 3.768 3.801 3.766 3.734 3.712 3.690 3.668 3.646 3.623 3.601 3.579 3.557 3.535 3.513 3.490 3.468 3.509 3.554 3.609 3.684 3.759 3.834 3.909 3.984 4.059 4.134 4.209 4.284 4.359 4.434 4.609 4.803 4.958 5.100 5.242 5.384 5.526 5.668 5.810 5.952 6.094 6.237
2.921 2.941 2.961 2.981 3.001 3.019 3.029 3.038 3.047 3.056 3.065 3.074 3.083 3.092 3.101 3.111 3.120 3.129 3.138 3.147 3.166 3.192 3.237 3.281 3.326 3.371 3.415 3.460 3.504 3.549 3.594 3.637 3.677 3.717 3.758 3.798 3.838 3.827 3.804 3.781 3.759 3.737 3.715 3.693 3.670 3.648 3.626 3.604 3.582 3.560 3.538 3.542 3.586 3.658 3.733 3.809 3.884 3.959 4.034 4.109 4.184 4.259 4.334 4.409 4.484 4.576 4.759 4.902 5.044 5.186 5.328 5.470 5.612 5.754 5.896 6.038 6.180
2.908 2.928 2.948 2.968 2.988 3.008 3.019 3.028 3.037 3.046 3.055 3.065 3.074 3.083 3.092 3.101 3.110 3.119 3.128 3.143 3.168 3.193 3.230 3.274 3.319 3.363 3.408 3.453 3.497 3.542 3.587 3.631 3.676 3.720 3.765 3.810 3.854 3.877 3.858 3.838 3.819 3.799 3.780 3.761 3.740 3.717 3.695 3.673 3.651 3.629 3.607 3.585 3.633 3.708 3.783 3.858 3.933 4.008 4.083 4.158 4.233 4.308 4.380 4.452 4.524 4.596 4.702 4.844 4.985 5.127 5.269 5.410 5.552 5.694 5.835 5.977 6.118
2.896 2.916 2.935 2.955 2.975 2.995 3.009 3.019 3.028 3.037 3.046 3.055 3.064 3.073 3.082 3.092 3.101 3.110 3.121 3.146 3.171 3.196 3.222 3.267 3.312 3.356 3.401 3.446 3.490 3.535 3.580 3.624 3.669 3.713 3.758 3.803 3.842 3.868 3.864 3.845 3.825 3.806 3.786 3.767 3.748 3.728 3.709 3.690 3.670 3.651 3.632 3.613 3.630 3.702 3.774 3.846 3.918 3.990 4.062 4.134 4.206 4.278 4.350 4.422 4.494 4.568 4.654 4.782 4.924 5.065 5.207 5.349 5.490 5.632 5.773 5.915 6.057
2.883 2.903 2.923 2.943 2.963 2.982 3.000 3.009 3.018 3.027 3.036 3.046 3.055 3.064 3.073 3.082 3.091 3.100 3.124 3.149 3.174 3.199 3.224 3.260 3.305 3.349 3.394 3.439 3.483 3.528 3.572 3.617 3.662 3.706 3.751 3.795 3.823 3.848 3.870 3.851 3.831 3.812 3.793 3.773 3.754 3.735 3.715 3.696 3.677 3.657 3.638 3.630 3.630 3.672 3.744 3.816 3.888 3.960 4.032 4.104 4.176 4.248 4.320 4.392 4.464 4.545 4.632 4.720 4.862 5.003 5.145 5.287 5.428 5.570 5.712 5.853 5.995
2.870 2.890 2.910 2.930 2.950 2.970 2.990 2.999 3.008 3.018 3.027 3.036 3.045 3.054 3.063 3.072 3.082 3.102 3.127 3.152 3.177 3.202 3.227 3.253 3.297 3.342 3.387 3.431 3.476 3.521 3.565 3.610 3.655 3.699 3.744 3.777 3.803 3.829 3.855 3.857 3.838 3.818 3.799 3.780 3.760 3.741 3.722 3.702 3.683 3.664 3.648 3.647 3.647 3.647 3.714 3.786 3.858 3.930 4.002 4.074 4.146 4.218 4.290 4.362 4.436 4.522 4.609 4.695 4.800 4.942 5.083 5.225 5.367 5.508 5.650 5.791 5.933
2.858 2.878 2.897 2.917 2.937 2.957 2.977 2.990 2.999 3.008 3.017 3.026 3.035 3.045 3.054 3.063 3.079 3.104 3.129 3.154 3.179 3.204 3.229 3.254 3.290 3.335 3.380 3.424 3.469 3.514 3.558 3.603 3.647 3.692 3.732 3.758 3.784 3.809 3.835 3.861 3.844 3.825 3.805 3.786 3.767 3.747 3.728 3.709 3.689 3.670 3.665 3.664 3.664 3.664 3.684 3.756 3.828 3.900 3.972 4.044 4.116 4.188 4.260 4.332 4.413 4.500 4.586 4.672 4.759 4.880 5.022 5.163 5.305 5.446 5.588 5.730 5.871
2.845 2.865 2.885 2.905 2.925 2.944 2.964 2.980 2.989 2.998 3.008 3.017 3.026 3.035 3.044 3.057 3.082 3.107 3.132 3.157 3.182 3.207 3.232 3.257 3.283 3.328 3.372 3.417 3.462 3.506 3.551 3.596 3.640 3.685 3.713 3.738 3.764 3.790 3.816 3.841 3.850 3.831 3.812 3.792 3.773 3.754 3.734 3.715 3.696 3.682 3.682 3.681 3.681 3.681 3.680 3.726 3.798 3.870 3.942 4.014 4.086 4.158 4.230 4.304 4.390 4.477 4.563 4.650 4.736 4.822 4.960 5.101 5.243 5.385 5.526 5.668 5.810
2.832 2.852 2.872 2.892 2.912 2.932 2.952 2.971 2.980 2.989 2.998 3.007 3.016 3.026 3.035 3.060 3.085 3.110 3.135 3.160 3.185 3.210 3.235 3.260 3.285 3.321 3.365 3.410 3.455 3.499 3.544 3.589 3.633 3.667 3.693 3.719 3.745 3.770 3.796 3.822 3.847 3.837 3.818 3.799 3.779 3.760 3.741 3.721 3.702 3.699 3.699 3.699 3.698 3.698 3.698 3.697 3.768 3.840 3.912 3.984 4.056 4.128 4.200 4.281 4.367 4.454 4.540 4.627 4.713 4.800 4.898 5.040 5.181 5.323 5.465 5.606 5.748
2.820 2.840 2.859 2.879 2.899 2.919 2.939 2.959 2.970 2.979 2.988 2.998 3.007 3.016 3.037 3.062 3.087 3.112 3.137 3.162 3.187 3.212 3.237 3.262 3.287 3.313 3.358 3.403 3.447 3.492 3.537 3.581 3.622 3.648 3.674 3.699 3.725 3.751 3.777 3.802 3.828 3.844 3.824 3.805 3.786 3.766 3.747 3.727 3.717 3.716 3.716 3.716 3.715 3.715 3.715 3.714 3.738 3.810 3.882 3.954 4.026 4.098 4.172 4.258 4.345 4.431 4.518 4.604 4.690 4.777 4.863 4.978 5.119 5.261 5.403 5.544 5.680
2.807 2.827 2.847 2.867 2.887 2.906 2.926 2.946 2.961 2.970 2.979 2.988 2.997 3.015 3.040 3.065 3.090 3.115 3.140 3.165 3.190 3.215 3.240 3.265 3.290 3.315 3.351 3.396 3.440 3.485 3.530 3.574 3.602 3.628 3.654 3.680 3.705 3.731 3.757 3.783 3.808 3.834 3.831 3.811 3.792 3.772 3.753 3.734 3.734 3.733 3.733 3.733 3.732 3.732 3.732 3.731 3.731 3.780 3.852 3.924 3.996 4.068 4.149 4.235 4.322 4.408 4.495 4.581 4.668 4.754 4.840 4.927 5.058 5.199 5.341 5.483 5.610
2.794 2.814 2.834 2.854 2.874 2.894 2.914 2.933 2.951 2.960 2.969 2.979 2.993 3.018 3.043 3.068 3.093 3.118 3.143 3.168 3.193 3.218 3.243 3.268 3.293 3.318 3.344 3.389 3.433 3.478 3.522 3.557 3.583 3.609 3.634 3.660 3.686 3.712 3.737 3.763 3.789 3.815 3.837 3.817 3.798 3.779 3.759 3.751 3.751 3.751 3.750 3.750 3.750 3.749 3.749 3.749 3.748 3.750 3.822 3.894 3.966 4.040 4.126 4.213 4.299 4.385 4.472 4.558 4.645 4.731 4.818 4.904 4.996 5.138 5.279 5.417 5.541
2.782 2.802 2.821 2.841 2.861 2.881 2.901 2.921 2.941 2.951 2.960 2.970 2.995 3.020 3.045 3.070 3.095 3.120 3.145 3.170 3.195 3.220 3.245 3.270 3.295 3.320 3.346 3.381 3.426 3.471 3.512 3.538 3.563 3.589 3.615 3.641 3.666 3.692 3.718 3.744 3.769 3.795 3.821 3.824 3.804 3.785 3.769 3.768 3.768 3.768 3.767 3.767 3.767 3.766 3.766 3.766 3.765 3.765 3.792 3.864 3.936 4.017 4.103 4.190 4.276 4.363 4.449 4.536 4.622 4.708 4.795 4.881 4.967 5.076 5.217 5.347 5.471
2.771 2.790 2.810 2.829 2.849 2.868 2.888 2.908 2.928 2.941 2.950 2.973 2.998 3.023 3.048 3.073 3.098 3.123 3.148 3.173 3.198 3.223 3.248 3.273 3.298 3.323 3.348 3.374 3.419 3.464 3.492 3.518 3.544 3.570 3.595 3.621 3.647 3.673 3.698 3.724 3.750 3.776 3.801 3.827 3.811 3.791 3.786 3.785 3.785 3.785 3.784 3.784 3.784 3.783 3.783 3.783 3.782 3.782 3.782 3.834 3.908 3.994 4.081 4.167 4.253 4.340 4.426 4.513 4.599 4.686 4.772 4.858 4.945 5.031 5.153 5.277 5.401
2.759 2.778 2.798 2.817 2.837 2.857 2.876 2.896 2.915 2.932 2.951 2.976 3.001 3.026 3.051 3.076 3.101 3.126 3.151 3.176 3.201 3.226 3.251 3.276 3.301 3.326 3.351 3.376 3.412 3.447 3.473 3.498 3.524 3.550 3.576 3.602 3.627 3.653 3.679 3.705 3.730 3.756 3.782 3.807 3.817 3.803 3.803 3.803 3.802 3.802 3.802 3.801 3.801 3.800 3.800 3.800 3.799 3.799 3.799 3.804 3.885 3.971 4.058 4.144 4.231 4.317 4.403 4.488 4.572 4.657 4.741 4.826 4.910 4.995 5.095 5.220 5.346
2.747 2.766 2.786 2.806 2.825 2.845 2.864 2.884 2.903 2.931 2.959 2.984 3.009 3.034 3.058 3.083 3.108 3.133 3.158 3.182 3.207 3.232 3.257 3.282 3.307 3.331 3.356 3.381 3.402 3.428 3.454 3.480 3.505 3.531 3.557 3.583 3.608 3.634 3.660 3.686 3.711 3.737 3.763 3.789 3.814 3.817 3.816 3.815 3.813 3.812 3.811 3.809 3.808 3.807 3.805 3.804 3.803 3.801 3.800 3.800 3.844 3.929 4.013 4.098 4.182 4.267 4.351 4.436 4.520 4.605 4.689 4.774 4.858 4.944 5.056 5.171 5.297
2.735 2.755 2.774 2.794 2.813 2.833 2.853 2.873 2.893 2.931 2.981 3.006 3.031 3.055 3.080 3.105 3.130 3.154 3.179 3.204 3.229 3.254 3.279 3.303 3.328 3.353 3.378 3.403 3.410 3.417 3.443 3.469 3.494 3.520 3.546 3.572 3.597 3.623 3.649 3.674 3.700 3.726 3.752 3.777 3.796 3.804 3.803 3.801 3.800 3.799 3.797 3.796 3.795 3.793 3.792 3.791 3.789 3.788 3.787 3.796 3.813 3.877 3.961 4.046 4.131 4.215 4.300 4.384 4.469 4.553 4.638 4.722 4.806 4.905 5.017 5.129 5.248
2.723 2.743 2.763 2.782 2.802 2.822 2.842 2.862 2.882 2.931 2.984 3.027 3.052 3.077 3.102 3.126 3.151 3.176 3.201 3.226 3.251 3.275 3.300 3.325 3.350 3.375 3.399 3.420 3.417 3.415 3.432 3.457 3.483 3.509 3.535 3.560 3.586 3.612 3.637 3.663 3.689 3.715 3.740 3.766 3.776 3.785 3.789 3.788 3.787 3.785 3.784 3.783 3.781 3.780 3.778 3.777 3.776 3.775 3.774 3.791 3.808 3.825 3.909 3.994 4.079 4.163 4.248 4.332 4.417 4.501 4.586 4.670 4.754 4.866 4.978 5.090 5.202
