includes/lisflood/results_R4_t1.553595286033E12/res-0014.wdfp
ncols         631
nrows         906
xllcorner     364927.146600
yllcorner     6531972.565600
cellsize      20.000000
NODATA_value  -9999.000000
[rows 578 to 611 of 906, columns 77 to 153 of 631]
10.983 10.933 10.884 10.834 10.784 10.734 10.684 10.635 10.585 10.535 10.485 10.436 10.386 10.336 10.286 10.236 10.187 10.137 10.087 10.037 9.987 9.938 9.888 9.838 9.788 9.758 9.749 9.740 9.731 9.721 9.712 9.703 9.693 9.681 9.660 9.639 9.618 9.598 9.577 9.556 9.536 9.515 9.494 9.474 9.453 9.433 9.412 9.391 9.371 9.350 9.329 9.309 9.288 9.267 9.246 9.226 9.205 9.184 9.164 9.143 9.123 9.102 9.081 9.060 9.040 9.019 8.998 8.978 8.958 8.941 8.923 8.906 8.888 8.870 8.853 8.835 8.818
10.989 10.940 10.890 10.840 10.790 10.740 10.691 10.641 10.591 10.541 10.492 10.442 10.392 10.342 10.292 10.243 10.193 10.143 10.093 10.043 9.994 9.944 9.894 9.844 9.794 9.783 9.774 9.765 9.756 9.746 9.737 9.728 9.718 9.709 9.690 9.670 9.649 9.628 9.608 9.587 9.566 9.546 9.525 9.504 9.484 9.463 9.442 9.422 9.401 9.380 9.360 9.339 9.318 9.298 9.277 9.256 9.236 9.215 9.194 9.174 9.153 9.132 9.112 9.091 9.070 9.050 9.029 9.008 8.988 8.967 8.946 8.926 8.905 8.887 8.869 8.852 8.834
10.996 10.946 10.896 10.846 10.796 10.747 10.697 10.647 10.597 10.547 10.498 10.448 10.398 10.348 10.299 10.249 10.199 10.149 10.099 10.050 10.000 9.950 9.900 9.850 9.818 9.808 9.799 9.790 9.781 9.771 9.762 9.753 9.743 9.734 9.721 9.700 9.679 9.659 9.638 9.617 9.597 9.576 9.555 9.535 9.514 9.493 9.473 9.452 9.431 9.411 9.390 9.369 9.349 9.328 9.307 9.287 9.266 9.245 9.225 9.204 9.183 9.163 9.142 9.121 9.101 9.080 9.059 9.039 9.018 8.997 8.977 8.956 8.935 8.915 8.894 8.873 8.853
11.002 10.952 10.902 10.852 10.803 10.753 10.703 10.653 10.603 10.554 10.504 10.454 10.404 10.354 10.305 10.255 10.205 10.155 10.106 10.056 10.006 9.956 9.906 9.857 9.843 9.833 9.824 9.815 9.806 9.796 9.787 9.778 9.768 9.759 9.750 9.730 9.710 9.689 9.668 9.648 9.627 9.606 9.586 9.565 9.545 9.524 9.503 9.482 9.462 9.441 9.420 9.400 9.379 9.358 9.338 9.317 9.296 9.276 9.255 9.235 9.214 9.193 9.172 9.152 9.131 9.110 9.090 9.069 9.048 9.028 9.007 8.987 8.966 8.945 8.925 8.904 8.883
11.008 10.958 10.908 10.859 10.809 10.759 10.709 10.659 10.610 10.560 10.510 10.460 10.410 10.361 10.311 10.261 10.211 10.161 10.112 10.062 10.012 9.962 9.912 9.877 9.868 9.858 9.849 9.840 9.830 9.821 9.812 9.803 9.793 9.784 9.775 9.761 9.740 9.720 9.699 9.678 9.658 9.637 9.616 9.596 9.575 9.554 9.534 9.513 9.492 9.472 9.451 9.430 9.410 9.389 9.368 9.348 9.327 9.306 9.286 9.265 9.244 9.224 9.203 9.182 9.162 9.141 9.120 9.100 9.079 9.058 9.038 9.017 8.996 8.976 8.955 8.934 8.914
11.014 10.964 10.915 10.865 10.815 10.765 10.715 10.666 10.616 10.566 10.516 10.466 10.417 10.367 10.317 10.267 10.217 10.168 10.118 10.068 10.018 9.969 9.919 9.902 9.893 9.883 9.874 9.865 9.855 9.846 9.837 9.827 9.818 9.809 9.800 9.790 9.771 9.750 9.729 9.709 9.688 9.667 9.647 9.626 9.605 9.585 9.564 9.543 9.523 9.502 9.481 9.461 9.440 9.419 9.399 9.378 9.357 9.337 9.316 9.295 9.275 9.254 9.233 9.213 9.192 9.171 9.151 9.130 9.109 9.089 9.068 9.047 9.027 9.006 8.985 8.965 8.944
11.020 10.971 10.921 10.871 10.821 10.771 10.722 10.672 10.622 10.572 10.522 10.473 10.423 10.373 10.323 10.273 10.224 10.174 10.124 10.074 10.024 9.975 9.936 9.927 9.917 9.908 9.899 9.890 9.880 9.871 9.862 9.853 9.843 9.834 9.825 9.815 9.801 9.780 9.760 9.739 9.718 9.698 9.677 9.657 9.636 9.615 9.594 9.574 9.553 9.532 9.512 9.491 9.471 9.450 9.429 9.409 9.388 9.367 9.347 9.326 9.305 9.284 9.264 9.243 9.223 9.202 9.181 9.160 9.140 9.119 9.099 9.078 9.057 9.036 9.016 8.995 8.975
11.026 10.977 10.927 10.877 10.827 10.778 10.728 10.678 10.628 10.578 10.529 10.479 10.429 10.379 10.329 10.280 10.230 10.180 10.130 10.080 10.031 9.981 9.961 9.952 9.943 9.933 9.924 9.915 9.905 9.896 9.887 9.877 9.868 9.859 9.850 9.840 9.831 9.811 9.790 9.770 9.749 9.728 9.708 9.687 9.666 9.646 9.625 9.604 9.584 9.563 9.542 9.522 9.501 9.480 9.460 9.439 9.418 9.398 9.377 9.356 9.336 9.315 9.294 9.274 9.253 9.232 9.212 9.191 9.170 9.150 9.129 9.108 9.088 9.067 9.046 9.026 9.005
11.033 10.983 10.933 10.883 10.834 10.784 10.734 10.684 10.634 10.585 10.535 10.485 10.435 10.385 10.336 10.286 10.236 10.186 10.136 10.087 10.037 9.995 9.986 9.977 9.967 9.958 9.949 9.940 9.930 9.921 9.912 9.902 9.893 9.884 9.875 9.865 9.856 9.841 9.821 9.800 9.779 9.759 9.738 9.717 9.697 9.676 9.655 9.635 9.614 9.593 9.573 9.552 9.531 9.511 9.490 9.469 9.449 9.428 9.407 9.387 9.366 9.345 9.325 9.304 9.283 9.263 9.242 9.221 9.201 9.180 9.159 9.139 9.118 9.097 9.077 9.056 9.035
11.039 10.989 10.939 10.889 10.840 10.790 10.740 10.690 10.641 10.591 10.541 10.491 10.441 10.392 10.342 10.292 10.242 10.192 10.143 10.093 10.043 10.020 10.011 10.002 9.992 9.983 9.974 9.965 9.955 9.946 9.937 9.927 9.918 9.909 9.899 9.890 9.881 9.872 9.851 9.830 9.810 9.789 9.768 9.748 9.727 9.706 9.686 9.665 9.644 9.624 9.603 9.583 9.562 9.541 9.521 9.500 9.479 9.458 9.438 9.417 9.397 9.376 9.355 9.334 9.314 9.293 9.272 9.252 9.231 9.211 9.190 9.169 9.148 9.128 9.107 9.086 9.066
11.045 10.995 10.945 10.896 10.846 10.796 10.746 10.696 10.647 10.597 10.547 10.497 10.448 10.398 10.348 10.298 10.248 10.199 10.149 10.099 10.054 10.045 10.036 10.027 10.017 10.008 9.999 9.989 9.980 9.971 9.962 9.952 9.943 9.934 9.925 9.915 9.906 9.897 9.882 9.861 9.840 9.819 9.799 9.778 9.758 9.737 9.716 9.696 9.675 9.654 9.634 9.613 9.592 9.572 9.551 9.530 9.510 9.489 9.468 9.448 9.427 9.406 9.386 9.365 9.344 9.324 9.303 9.282 9.262 9.241 9.220 9.200 9.179 9.158 9.138 9.117 9.096
11.051 11.001 10.952 10.902 10.852 10.802 10.752 10.703 10.653 10.603 10.553 10.504 10.454 10.404 10.354 10.304 10.255 10.205 10.155 10.105 10.079 10.070 10.061 10.052 10.042 10.033 10.024 10.014 10.005 9.996 9.987 9.977 9.968 9.959 9.949 9.940 9.931 9.922 9.912 9.891 9.871 9.850 9.829 9.809 9.788 9.767 9.747 9.726 9.705 9.685 9.664 9.643 9.623 9.602 9.581 9.561 9.540 9.519 9.499 9.478 9.457 9.437 9.416 9.395 9.375 9.354 9.333 9.313 9.292 9.271 9.251 9.230 9.209 9.189 9.168 9.147 9.127
11.057 11.008 10.958 10.908 10.858 10.808 10.759 10.709 10.659 10.609 10.559 10.510 10.460 10.410 10.360 10.311 10.261 10.211 10.161 10.114 10.104 10.095 10.086 10.077 10.067 10.058 10.049 10.039 10.030 10.021 10.012 10.002 9.993 9.984 9.974 9.965 9.956 9.947 9.937 9.922 9.901 9.880 9.860 9.839 9.818 9.798 9.777 9.756 9.736 9.715 9.694 9.674 9.653 9.633 9.612 9.591 9.570 9.550 9.529 9.508 9.488 9.467 9.447 9.426 9.405 9.385 9.364 9.343 9.323 9.302 9.281 9.260 9.240 9.219 9.199 9.178 9.157
11.064 11.014 10.964 10.914 10.864 10.815 10.765 10.715 10.665 10.615 10.566 10.516 10.466 10.416 10.366 10.317 10.267 10.217 10.167 10.139 10.129 10.120 10.111 10.102 10.092 10.083 10.074 10.064 10.055 10.046 10.037 10.027 10.018 10.009 9.999 9.990 9.981 9.972 9.962 9.952 9.932 9.911 9.890 9.869 9.849 9.828 9.808 9.787 9.766 9.746 9.725 9.704 9.684 9.663 9.642 9.622 9.601 9.580 9.560 9.539 9.518 9.498 9.477 9.456 9.436 9.415 9.394 9.374 9.353 9.332 9.312 9.291 9.270 9.250 9.229 9.208 9.179
11.070 11.020 10.970 10.920 10.871 10.821 10.771 10.721 10.671 10.622 10.572 10.522 10.472 10.422 10.373 10.323 10.273 10.223 10.173 10.164 10.154 10.145 10.136 10.127 10.117 10.108 10.099 10.089 10.080 10.071 10.062 10.052 10.043 10.034 10.024 10.015 10.006 9.996 9.987 9.978 9.962 9.941 9.921 9.900 9.879 9.859 9.838 9.817 9.797 9.776 9.755 9.735 9.714 9.693 9.673 9.652 9.631 9.611 9.590 9.569 9.549 9.528 9.507 9.487 9.466 9.445 9.425 9.404 9.383 9.363 9.342 9.321 9.301 9.280 9.259 9.233 9.201
11.076 11.026 10.976 10.927 10.877 10.827 10.777 10.727 10.678 10.628 10.578 10.528 10.478 10.429 10.379 10.329 10.279 10.229 10.198 10.189 10.179 10.170 10.161 10.151 10.142 10.133 10.124 10.114 10.105 10.096 10.086 10.077 10.068 10.059 10.049 10.040 10.031 10.021 10.012 10.003 9.992 9.972 9.951 9.930 9.910 9.889 9.868 9.848 9.827 9.806 9.786 9.765 9.744 9.724 9.703 9.682 9.662 9.641 9.621 9.600 9.579 9.559 9.538 9.517 9.496 9.476 9.455 9.434 9.414 9.393 9.372 9.352 9.331 9.311 9.287 9.254 9.222
11.082 11.032 10.983 10.933 10.883 10.833 10.783 10.734 10.684 10.634 10.584 10.534 10.485 10.435 10.385 10.335 10.285 10.236 10.223 10.214 10.204 10.195 10.186 10.176 10.167 10.158 10.149 10.139 10.130 10.121 10.111 10.102 10.093 10.084 10.074 10.065 10.056 10.046 10.037 10.028 10.019 10.002 9.982 9.961 9.940 9.920 9.899 9.878 9.858 9.837 9.816 9.795 9.775 9.754 9.734 9.713 9.692 9.672 9.651 9.630 9.610 9.589 9.568 9.548 9.527 9.506 9.486 9.465 9.444 9.424 9.403 9.382 9.362 9.341 9.308 9.276 9.244
11.088 11.038 10.989 10.939 10.889 10.839 10.790 10.740 10.690 10.640 10.590 10.541 10.491 10.441 10.391 10.341 10.292 10.257 10.248 10.239 10.229 10.220 10.211 10.201 10.192 10.183 10.174 10.164 10.155 10.146 10.136 10.127 10.118 10.109 10.099 10.090 10.081 10.071 10.062 10.053 10.044 10.033 10.012 9.991 9.971 9.950 9.929 9.909 9.888 9.867 9.847 9.826 9.805 9.785 9.764 9.743 9.723 9.702 9.681 9.661 9.640 9.619 9.599 9.578 9.557 9.537 9.516 9.495 9.475 9.454 9.433 9.413 9.392 9.362 9.330 9.298 9.266
11.094 11.045 10.995 10.945 10.895 10.846 10.796 10.746 10.696 10.646 10.597 10.547 10.497 10.447 10.397 10.348 10.298 10.282 10.273 10.264 10.254 10.245 10.236 10.226 10.217 10.208 10.199 10.189 10.180 10.171 10.161 10.152 10.143 10.134 10.124 10.115 10.106 10.096 10.087 10.078 10.069 10.059 10.042 10.022 10.001 9.980 9.960 9.939 9.918 9.898 9.877 9.856 9.836 9.815 9.794 9.774 9.753 9.732 9.712 9.691 9.670 9.650 9.629 9.609 9.588 9.567 9.547 9.526 9.505 9.485 9.464 9.443 9.416 9.384 9.352 9.320 9.287
11.101 11.051 11.001 10.951 10.901 10.852 10.802 10.752 10.702 10.653 10.603 10.553 10.503 10.453 10.404 10.354 10.316 10.307 10.298 10.288 10.279 10.270 10.261 10.251 10.242 10.233 10.223 10.214 10.205 10.196 10.186 10.177 10.168 10.158 10.149 10.140 10.131 10.121 10.112 10.103 10.093 10.084 10.073 10.052 10.032 10.011 9.990 9.969 9.949 9.928 9.908 9.887 9.866 9.845 9.825 9.804 9.783 9.763 9.742 9.722 9.701 9.680 9.660 9.639 9.618 9.598 9.577 9.556 9.536 9.515 9.494 9.470 9.438 9.406 9.374 9.341 9.309
11.107 11.057 11.007 10.957 10.908 10.858 10.808 10.758 10.708 10.659 10.609 10.559 10.509 10.460 10.410 10.360 10.341 10.332 10.323 10.313 10.304 10.295 10.286 10.276 10.267 10.258 10.248 10.239 10.230 10.221 10.211 10.202 10.193 10.183 10.174 10.165 10.156 10.146 10.137 10.128 10.118 10.109 10.100 10.083 10.062 10.041 10.021 10.000 9.979 9.959 9.938 9.917 9.897 9.876 9.855 9.835 9.814 9.793 9.773 9.752 9.731 9.711 9.690 9.669 9.649 9.628 9.607 9.587 9.566 9.545 9.524 9.492 9.460 9.428 9.395 9.363 9.331
11.113 11.063 11.013 10.964 10.914 10.864 10.814 10.764 10.715 10.665 10.615 10.565 10.516 10.466 10.416 10.376 10.366 10.357 10.348 10.338 10.329 10.320 10.311 10.301 10.292 10.283 10.273 10.264 10.255 10.246 10.236 10.227 10.218 10.208 10.199 10.190 10.181 10.171 10.162 10.153 10.143 10.134 10.125 10.113 10.092 10.072 10.051 10.030 10.010 9.989 9.968 9.948 9.927 9.906 9.886 9.865 9.844 9.824 9.803 9.782 9.762 9.741 9.720 9.700 9.679 9.658 9.638 9.617 9.596 9.576 9.546 9.514 9.481 9.449 9.417 9.385 9.353
11.119 11.069 11.020 10.970 10.920 10.870 10.820 10.771 10.721 10.671 10.621 10.571 10.522 10.472 10.422 10.401 10.391 10.382 10.373 10.363 10.354 10.345 10.336 10.326 10.317 10.308 10.298 10.289 10.280 10.271 10.261 10.252 10.243 10.233 10.224 10.215 10.206 10.196 10.187 10.178 10.168 10.159 10.150 10.141 10.123 10.102 10.082 10.061 10.040 10.020 9.999 9.978 9.958 9.937 9.916 9.896 9.875 9.854 9.833 9.813 9.792 9.772 9.751 9.730 9.710 9.689 9.668 9.648 9.627 9.600 9.567 9.535 9.503 9.471 9.439 9.407 9.374
11.125 11.076 11.026 10.976 10.926 10.876 10.827 10.777 10.727 10.677 10.627 10.578 10.528 10.478 10.435 10.425 10.416 10.407 10.398 10.388 10.379 10.370 10.360 10.351 10.342 10.333 10.323 10.314 10.305 10.295 10.286 10.277 10.268 10.258 10.249 10.240 10.230 10.221 10.212 10.203 10.193 10.184 10.175 10.165 10.153 10.133 10.112 10.091 10.071 10.050 10.029 10.009 9.988 9.967 9.947 9.926 9.905 9.885 9.864 9.843 9.823 9.802 9.781 9.761 9.740 9.719 9.699 9.678 9.654 9.621 9.589 9.557 9.525 9.493 9.461 9.428 9.396
11.132 11.082 11.032 10.982 10.932 10.883 10.833 10.783 10.733 10.683 10.634 10.584 10.534 10.484 10.460 10.450 10.441 10.432 10.423 10.413 10.404 10.395 10.385 10.376 10.367 10.358 10.348 10.339 10.330 10.320 10.311 10.302 10.293 10.283 10.274 10.265 10.255 10.246 10.237 10.228 10.218 10.209 10.200 10.190 10.181 10.163 10.142 10.122 10.101 10.080 10.060 10.039 10.018 9.998 9.977 9.956 9.936 9.915 9.894 9.874 9.853 9.832 9.812 9.791 9.770 9.750 9.729 9.707 9.675 9.643 9.611 9.579 9.547 9.514 9.482 9.450 9.418
11.138 11.088 11.038 10.988 10.939 10.889 10.839 10.789 10.739 10.690 10.640 10.590 10.540 10.494 10.485 10.475 10.466 10.457 10.448 10.438 10.429 10.420 10.410 10.401 10.392 10.383 10.373 10.364 10.355 10.345 10.336 10.327 10.318 10.308 10.299 10.290 10.280 10.271 10.262 10.253 10.243 10.234 10.225 10.215 10.206 10.194 10.173 10.152 10.132 10.111 10.090 10.070 10.049 10.028 10.008 9.987 9.966 9.946 9.925 9.904 9.884 9.863 9.842 9.821 9.801 9.780 9.760 9.729 9.697 9.665 9.633 9.600 9.568 9.536 9.504 9.472 9.439
11.144 11.094 11.044 10.995 10.945 10.895 10.845 10.795 10.746 10.696 10.646 10.596 10.546 10.519 10.510 10.500 10.491 10.482 10.473 10.463 10.454 10.445 10.435 10.426 10.417 10.408 10.398 10.389 10.380 10.370 10.361 10.352 10.343 10.333 10.324 10.315 10.305 10.296 10.287 10.278 10.268 10.259 10.250 10.240 10.231 10.222 10.203 10.183 10.162 10.141 10.121 10.100 10.079 10.059 10.038 10.017 9.997 9.976 9.955 9.935 9.914 9.893 9.873 9.852 9.831 9.811 9.783 9.751 9.719 9.687 9.654 9.622 9.590 9.558 9.526 9.493 9.461
11.150 11.100 11.051 11.001 10.951 10.901 10.851 10.802 10.752 10.702 10.652 10.602 10.553 10.544 10.535 10.525 10.516 10.507 10.497 10.488 10.479 10.470 10.460 10.451 10.442 10.432 10.423 10.414 10.405 10.395 10.386 10.377 10.367 10.358 10.349 10.340 10.330 10.321 10.312 10.302 10.293 10.284 10.275 10.265 10.256 10.247 10.234 10.213 10.192 10.172 10.151 10.130 10.110 10.089 10.068 10.048 10.027 10.006 9.986 9.965 9.944 9.924 9.903 9.882 9.862 9.837 9.805 9.773 9.740 9.708 9.676 9.644 9.612 9.580 9.547 9.515 9.483
11.156 11.106 11.057 11.007 10.957 10.907 10.858 10.808 10.758 10.708 10.658 10.609 10.578 10.569 10.560 10.550 10.541 10.532 10.522 10.513 10.504 10.495 10.485 10.476 10.467 10.457 10.448 10.439 10.430 10.420 10.411 10.402 10.392 10.383 10.374 10.365 10.355 10.346 10.337 10.327 10.318 10.309 10.300 10.290 10.281 10.272 10.262 10.244 10.223 10.202 10.182 10.161 10.140 10.120 10.099 10.078 10.058 10.037 10.016 9.996 9.975 9.954 9.934 9.913 9.891 9.859 9.827 9.794 9.762 9.730 9.698 9.666 9.634 9.601 9.569 9.537 9.505
11.162 11.113 11.063 11.013 10.963 10.913 10.864 10.814 10.764 10.714 10.665 10.615 10.603 10.594 10.585 10.575 10.566 10.557 10.547 10.538 10.529 10.520 10.510 10.501 10.492 10.482 10.473 10.464 10.455 10.445 10.436 10.427 10.417 10.408 10.399 10.390 10.380 10.371 10.362 10.352 10.343 10.334 10.325 10.315 10.306 10.297 10.287 10.274 10.253 10.233 10.212 10.191 10.171 10.150 10.129 10.109 10.088 10.067 10.047 10.026 10.005 9.985 9.964 9.943 9.913 9.880 9.848 9.816 9.784 9.752 9.720 9.687 9.655 9.623 9.591 9.559 9.526
11.169 11.119 11.069 11.019 10.969 10.920 10.870 10.820 10.770 10.720 10.671 10.637 10.628 10.619 10.610 10.600 10.591 10.582 10.572 10.563 10.554 10.545 10.535 10.526 10.517 10.507 10.498 10.489 10.480 10.470 10.461 10.452 10.442 10.433 10.424 10.415 10.405 10.396 10.387 10.377 10.368 10.359 10.350 10.340 10.331 10.322 10.312 10.303 10.284 10.263 10.242 10.222 10.201 10.180 10.160 10.139 10.118 10.098 10.077 10.056 10.036 10.015 9.994 9.967 9.934 9.902 9.870 9.838 9.806 9.774 9.741 9.709 9.677 9.645 9.612 9.580 9.548
11.175 11.125 11.075 11.025 10.976 10.926 10.876 10.826 10.776 10.727 10.677 10.662 10.653 10.644 10.634 10.625 10.616 10.607 10.597 10.588 10.579 10.569 10.560 10.551 10.542 10.532 10.523 10.514 10.504 10.495 10.486 10.477 10.467 10.458 10.449 10.439 10.430 10.421 10.412 10.402 10.393 10.384 10.374 10.365 10.356 10.347 10.337 10.328 10.314 10.293 10.273 10.252 10.232 10.211 10.190 10.170 10.149 10.128 10.108 10.087 10.066 10.046 10.021 9.988 9.956 9.924 9.892 9.860 9.827 9.795 9.763 9.731 9.699 9.666 9.634 9.602 9.570
11.181 11.131 11.081 11.032 10.982 10.932 10.882 10.832 10.783 10.733 10.697 10.687 10.678 10.669 10.659 10.650 10.641 10.632 10.622 10.613 10.604 10.594 10.585 10.576 10.567 10.557 10.548 10.539 10.529 10.520 10.511 10.502 10.492 10.483 10.474 10.464 10.455 10.446 10.437 10.427 10.418 10.409 10.399 10.390 10.381 10.372 10.362 10.353 10.344 10.324 10.303 10.283 10.262 10.241 10.221 10.200 10.179 10.159 10.138 10.117 10.097 10.074 10.042 10.010 9.978 9.946 9.914 9.881 9.849 9.817 9.785 9.753 9.720 9.688 9.656 9.624 9.592
11.187 11.137 11.088 11.038 10.988 10.938 10.888 10.839 10.789 10.739 10.722 10.712 10.703 10.694 10.684 10.675 10.666 10.657 10.647 10.638 10.629 10.619 10.610 10.601 10.592 10.582 10.573 10.564 10.554 10.545 10.536 10.527 10.517 10.508 10.499 10.489 10.480 10.471 10.462 10.452 10.443 10.434 10.424 10.415 10.406 10.397 10.387 10.378 10.369 10.354 10.334 10.313 10.292 10.272 10.251 10.230 10.210 10.189 10.168 10.148 10.127 10.096 10.064 10.032 10.000 9.967 9.935 9.903 9.871 9.839 9.806 9.774 9.742 9.710 9.678 9.645 9.613
