includes/lisflood/results_R4_t1.553595286033E12/res-0012.wd
ncols         631
nrows         906
xllcorner     364927.146600
yllcorner     6531972.565600
cellsize      20.000000
NODATA_value  -9999.000000
[rows 306 to 339 of 906, columns 462 to 538 of 631]
0.008 0.008 0.008 0.008 0.008 0.009 0.009 0.010 0.010 0.011 0.011 0.012 0.013 0.014 0.015 0.016 0.017 0.018 0.019 0.020 0.021 0.022 0.022 0.023 0.023 0.023 0.023 0.021 0.021 0.021 0.021 0.022 0.022 0.023 0.023 0.025 0.039 0.067 0.096 0.125 0.153 0.180 0.208 0.233 0.256 0.279 0.302 0.325 0.347 0.370 0.393 0.415 0.438 0.460 0.482 0.505 0.540 0.583 0.627 0.671 0.715 0.758 0.802 0.845 0.889 0.932 0.975 1.017 1.058 1.100 1.141 1.178 1.182 1.186 1.190 1.194 1.198
0.007 0.008 0.008 0.008 0.008 0.009 0.009 0.010 0.010 0.011 0.012 0.013 0.014 0.015 0.016 0.017 0.018 0.019 0.020 0.021 0.022 0.022 0.023 0.023 0.023 0.023 0.023 0.021 0.021 0.021 0.022 0.022 0.023 0.023 0.023 0.025 0.036 0.063 0.092 0.120 0.148 0.176 0.203 0.228 0.250 0.273 0.296 0.319 0.342 0.365 0.387 0.410 0.432 0.455 0.477 0.497 0.516 0.557 0.599 0.641 0.683 0.725 0.767 0.809 0.851 0.892 0.934 0.976 1.017 1.059 1.102 1.154 1.179 1.183 1.187 1.191 1.195
0.007 0.007 0.008 0.008 0.008 0.009 0.009 0.010 0.011 0.012 0.013 0.014 0.015 0.016 0.018 0.019 0.020 0.020 0.021 0.022 0.022 0.023 0.023 0.024 0.024 0.023 0.022 0.021 0.022 0.022 0.022 0.023 0.023 0.024 0.024 0.025 0.032 0.060 0.088 0.116 0.144 0.172 0.199 0.222 0.245 0.268 0.291 0.314 0.336 0.359 0.377 0.392 0.408 0.424 0.439 0.454 0.480 0.516 0.559 0.601 0.643 0.685 0.726 0.768 0.810 0.852 0.893 0.935 0.976 1.018 1.067 1.119 1.171 1.181 1.185 1.189 1.193
0.007 0.007 0.008 0.008 0.009 0.009 0.010 0.011 0.012 0.013 0.014 0.015 0.016 0.018 0.019 0.020 0.021 0.021 0.022 0.023 0.023 0.023 0.024 0.024 0.024 0.023 0.022 0.022 0.022 0.023 0.023 0.023 0.024 0.024 0.024 0.025 0.030 0.056 0.083 0.111 0.139 0.167 0.193 0.216 0.238 0.254 0.270 0.286 0.302 0.318 0.334 0.350 0.365 0.381 0.396 0.412 0.445 0.480 0.518 0.560 0.602 0.644 0.686 0.727 0.769 0.811 0.852 0.894 0.936 0.979 1.031 1.083 1.135 1.179 1.183 1.187 1.191
0.007 0.008 0.008 0.008 0.009 0.009 0.010 0.011 0.012 0.014 0.015 0.016 0.018 0.019 0.020 0.021 0.022 0.022 0.023 0.023 0.024 0.024 0.024 0.024 0.024 0.023 0.021 0.022 0.023 0.023 0.024 0.024 0.024 0.024 0.024 0.025 0.028 0.050 0.078 0.105 0.127 0.150 0.162 0.178 0.195 0.211 0.227 0.243 0.259 0.275 0.291 0.306 0.322 0.338 0.353 0.376 0.410 0.444 0.479 0.519 0.561 0.603 0.645 0.686 0.728 0.770 0.812 0.853 0.895 0.944 0.996 1.048 1.100 1.152 1.181 1.185 1.189
0.007 0.008 0.008 0.009 0.009 0.010 0.011 0.012 0.014 0.015 0.016 0.018 0.019 0.020 0.021 0.022 0.023 0.023 0.024 0.024 0.024 0.024 0.024 0.024 0.024 0.023 0.022 0.023 0.023 0.024 0.024 0.025 0.024 0.024 0.023 0.021 0.019 0.025 0.049 0.073 0.096 0.119 0.128 0.135 0.151 0.167 0.184 0.200 0.216 0.232 0.248 0.263 0.279 0.295 0.310 0.341 0.375 0.409 0.443 0.478 0.520 0.562 0.604 0.646 0.687 0.729 0.771 0.812 0.856 0.908 0.960 1.012 1.064 1.116 1.168 1.183 1.186
0.007 0.008 0.008 0.009 0.009 0.010 0.012 0.013 0.015 0.016 0.018 0.019 0.021 0.022 0.022 0.023 0.024 0.024 0.024 0.024 0.024 0.024 0.024 0.024 0.024 0.023 0.023 0.024 0.024 0.023 0.021 0.019 0.017 0.014 0.013 0.011 0.010 0.010 0.013 0.039 0.063 0.086 0.093 0.100 0.107 0.123 0.140 0.156 0.172 0.188 0.204 0.220 0.236 0.252 0.271 0.306 0.340 0.374 0.408 0.442 0.479 0.521 0.563 0.605 0.646 0.688 0.730 0.771 0.820 0.872 0.924 0.977 1.028 1.080 1.132 1.180 1.184
0.008 0.008 0.009 0.009 0.010 0.011 0.013 0.015 0.017 0.018 0.020 0.021 0.022 0.023 0.023 0.024 0.024 0.024 0.024 0.024 0.024 0.024 0.023 0.023 0.022 0.021 0.019 0.017 0.016 0.014 0.013 0.012 0.011 0.010 0.009 0.009 0.008 0.008 0.007 0.008 0.022 0.049 0.056 0.063 0.071 0.079 0.094 0.111 0.128 0.144 0.161 0.177 0.193 0.209 0.236 0.270 0.305 0.339 0.373 0.407 0.441 0.480 0.522 0.564 0.606 0.647 0.689 0.733 0.785 0.837 0.889 0.941 0.993 1.045 1.097 1.149 1.182
0.008 0.008 0.009 0.009 0.010 0.012 0.014 0.017 0.019 0.020 0.021 0.022 0.023 0.024 0.024 0.024 0.023 0.023 0.022 0.021 0.020 0.019 0.018 0.018 0.018 0.017 0.015 0.013 0.012 0.011 0.011 0.010 0.009 0.009 0.008 0.008 0.007 0.007 0.007 0.006 0.007 0.010 0.011 0.015 0.024 0.038 0.050 0.065 0.082 0.100 0.116 0.133 0.149 0.165 0.200 0.235 0.270 0.304 0.338 0.372 0.406 0.440 0.481 0.523 0.565 0.606 0.648 0.697 0.749 0.801 0.853 0.905 0.957 1.009 1.061 1.113 1.165
0.008 0.009 0.009 0.010 0.011 0.013 0.016 0.019 0.019 0.020 0.021 0.021 0.021 0.020 0.020 0.020 0.019 0.019 0.018 0.018 0.017 0.016 0.016 0.016 0.016 0.015 0.014 0.012 0.011 0.010 0.010 0.009 0.009 0.008 0.008 0.007 0.007 0.007 0.006 0.006 0.007 0.007 0.006 0.005 0.005 0.004 0.005 0.009 0.028 0.053 0.070 0.088 0.105 0.130 0.165 0.200 0.234 0.268 0.303 0.337 0.371 0.404 0.440 0.482 0.524 0.566 0.609 0.661 0.713 0.766 0.818 0.870 0.922 0.974 1.026 1.077 1.129
0.008 0.009 0.009 0.010 0.012 0.015 0.018 0.020 0.019 0.019 0.019 0.019 0.019 0.019 0.019 0.018 0.018 0.017 0.017 0.016 0.016 0.015 0.015 0.015 0.015 0.014 0.013 0.012 0.010 0.009 0.009 0.008 0.008 0.008 0.007 0.007 0.006 0.006 0.006 0.006 0.007 0.007 0.006 0.005 0.004 0.003 0.003 0.002 0.002 0.002 0.009 0.037 0.059 0.093 0.129 0.164 0.199 0.233 0.267 0.301 0.335 0.369 0.403 0.441 0.483 0.525 0.574 0.626 0.678 0.730 0.782 0.834 0.886 0.938 0.990 1.042 1.094
0.009 0.009 0.010 0.011 0.013 0.016 0.021 0.021 0.021 0.019 0.019 0.019 0.019 0.019 0.018 0.018 0.017 0.017 0.016 0.015 0.015 0.014 0.014 0.014 0.014 0.013 0.012 0.011 0.011 0.009 0.008 0.008 0.007 0.007 0.007 0.006 0.006 0.006 0.005 0.005 0.007 0.006 0.005 0.004 0.003 0.003 0.002 0.002 0.002 0.002 0.002 0.001 0.006 0.056 0.093 0.128 0.163 0.197 0.232 0.266 0.300 0.334 0.368 0.401 0.442 0.486 0.538 0.590 0.642 0.694 0.746 0.798 0.850 0.902 0.954 1.006 1.058
0.009 0.009 0.010 0.012 0.014 0.019 0.021 0.022 0.022 0.021 0.019 0.019 0.018 0.018 0.018 0.017 0.017 0.016 0.015 0.015 0.014 0.014 0.013 0.014 0.013 0.012 0.011 0.011 0.010 0.009 0.008 0.007 0.007 0.007 0.006 0.006 0.006 0.005 0.005 0.005 0.006 0.005 0.004 0.004 0.003 0.003 0.002 0.002 0.002 0.002 0.002 0.001 0.002 0.006 0.054 0.091 0.126 0.161 0.196 0.230 0.264 0.299 0.332 0.366 0.401 0.450 0.502 0.554 0.607 0.659 0.711 0.763 0.815 0.867 0.919 0.971 1.023
0.009 0.010 0.011 0.013 0.016 0.021 0.022 0.022 0.022 0.022 0.020 0.019 0.018 0.018 0.017 0.016 0.016 0.015 0.014 0.014 0.013 0.013 0.013 0.013 0.012 0.011 0.010 0.010 0.009 0.009 0.008 0.007 0.006 0.006 0.006 0.005 0.005 0.005 0.005 0.005 0.006 0.005 0.004 0.003 0.003 0.002 0.002 0.002 0.002 0.002 0.002 0.002 0.002 0.002 0.017 0.064 0.102 0.137 0.172 0.207 0.241 0.275 0.309 0.343 0.377 0.422 0.474 0.527 0.579 0.632 0.684 0.737 0.789 0.841 0.893 0.946 0.998
0.009 0.010 0.012 0.014 0.018 0.022 0.022 0.023 0.023 0.022 0.021 0.019 0.018 0.017 0.016 0.016 0.015 0.014 0.014 0.013 0.012 0.012 0.012 0.012 0.011 0.010 0.010 0.009 0.009 0.008 0.008 0.007 0.006 0.006 0.005 0.005 0.005 0.004 0.004 0.005 0.005 0.004 0.003 0.003 0.002 0.002 0.002 0.002 0.002 0.002 0.002 0.003 0.003 0.003 0.003 0.043 0.083 0.119 0.155 0.189 0.224 0.258 0.292 0.326 0.363 0.399 0.450 0.502 0.555 0.607 0.660 0.712 0.765 0.817 0.869 0.921 0.973
0.009 0.010 0.013 0.016 0.021 0.022 0.023 0.023 0.023 0.022 0.021 0.020 0.017 0.016 0.016 0.015 0.014 0.013 0.013 0.012 0.012 0.012 0.012 0.011 0.010 0.010 0.009 0.009 0.008 0.008 0.007 0.007 0.006 0.005 0.005 0.005 0.004 0.004 0.004 0.004 0.004 0.003 0.003 0.002 0.002 0.002 0.002 0.001 0.002 0.002 0.003 0.003 0.003 0.003 0.003 0.014 0.063 0.101 0.137 0.172 0.207 0.241 0.275 0.311 0.348 0.385 0.425 0.478 0.531 0.583 0.636 0.688 0.740 0.792 0.845 0.897 0.949
0.010 0.011 0.014 0.018 0.022 0.023 0.023 0.023 0.023 0.022 0.021 0.020 0.019 0.016 0.015 0.014 0.013 0.012 0.012 0.011 0.011 0.011 0.011 0.010 0.009 0.009 0.008 0.008 0.008 0.007 0.007 0.006 0.006 0.005 0.004 0.004 0.004 0.004 0.003 0.004 0.004 0.003 0.002 0.002 0.002 0.001 0.001 0.002 0.002 0.003 0.003 0.003 0.003 0.003 0.003 0.004 0.043 0.082 0.119 0.155 0.189 0.224 0.259 0.296 0.333 0.370 0.407 0.454 0.506 0.559 0.611 0.664 0.716 0.768 0.820 0.873 0.925
0.010 0.013 0.016 0.021 0.023 0.023 0.023 0.023 0.022 0.022 0.021 0.020 0.018 0.016 0.014 0.013 0.012 0.011 0.011 0.010 0.010 0.011 0.010 0.009 0.009 0.008 0.008 0.007 0.007 0.007 0.006 0.006 0.005 0.005 0.005 0.004 0.004 0.003 0.003 0.004 0.003 0.002 0.002 0.002 0.001 0.002 0.002 0.002 0.003 0.003 0.003 0.003 0.004 0.003 0.003 0.004 0.014 0.063 0.101 0.137 0.172 0.207 0.244 0.281 0.318 0.355 0.392 0.429 0.482 0.534 0.587 0.639 0.692 0.744 0.796 0.848 0.901
0.011 0.014 0.019 0.023 0.023 0.023 0.023 0.023 0.022 0.021 0.020 0.019 0.017 0.016 0.014 0.012 0.011 0.010 0.010 0.010 0.010 0.010 0.009 0.009 0.008 0.008 0.007 0.007 0.006 0.006 0.006 0.005 0.005 0.005 0.004 0.004 0.003 0.003 0.003 0.003 0.002 0.002 0.001 0.001 0.002 0.002 0.002 0.003 0.003 0.003 0.003 0.003 0.004 0.004 0.003 0.004 0.004 0.043 0.083 0.119 0.155 0.191 0.229 0.266 0.303 0.340 0.377 0.414 0.457 0.510 0.562 0.615 0.667 0.720 0.772 0.824 0.873
0.013 0.017 0.022 0.024 0.024 0.024 0.023 0.022 0.021 0.020 0.019 0.018 0.016 0.015 0.013 0.011 0.010 0.010 0.009 0.009 0.009 0.009 0.008 0.008 0.008 0.007 0.007 0.006 0.006 0.006 0.005 0.005 0.004 0.004 0.004 0.004 0.003 0.003 0.002 0.003 0.002 0.001 0.002 0.002 0.002 0.002 0.003 0.003 0.003 0.003 0.003 0.003 0.004 0.004 0.003 0.004 0.004 0.014 0.063 0.101 0.138 0.176 0.214 0.251 0.288 0.325 0.362 0.399 0.436 0.486 0.538 0.590 0.643 0.695 0.748 0.800 0.839
0.015 0.019 0.024 0.024 0.024 0.024 0.023 0.022 0.021 0.019 0.018 0.016 0.015 0.014 0.012 0.011 0.009 0.009 0.009 0.009 0.009 0.008 0.008 0.008 0.007 0.007 0.006 0.006 0.006 0.005 0.005 0.004 0.004 0.004 0.003 0.003 0.003 0.003 0.002 0.002 0.002 0.002 0.002 0.002 0.002 0.002 0.003 0.003 0.003 0.003 0.003 0.004 0.004 0.004 0.004 0.004 0.004 0.005 0.044 0.083 0.123 0.161 0.199 0.236 0.274 0.311 0.348 0.384 0.421 0.461 0.514 0.566 0.619 0.671 0.723 0.770 0.805
0.017 0.022 0.025 0.025 0.024 0.023 0.022 0.021 0.019 0.018 0.016 0.015 0.013 0.012 0.011 0.010 0.010 0.008 0.008 0.008 0.008 0.008 0.007 0.007 0.007 0.006 0.006 0.005 0.005 0.005 0.004 0.004 0.004 0.003 0.003 0.003 0.003 0.002 0.002 0.002 0.002 0.002 0.002 0.002 0.002 0.002 0.003 0.003 0.003 0.003 0.003 0.004 0.004 0.004 0.004 0.004 0.004 0.004 0.016 0.066 0.107 0.146 0.184 0.221 0.259 0.296 0.333 0.370 0.406 0.443 0.489 0.542 0.594 0.647 0.699 0.737 0.772
0.020 0.025 0.025 0.025 0.024 0.023 0.021 0.020 0.018 0.016 0.014 0.013 0.011 0.010 0.010 0.010 0.009 0.009 0.008 0.008 0.008 0.007 0.007 0.007 0.006 0.006 0.005 0.005 0.004 0.004 0.004 0.003 0.003 0.003 0.003 0.002 0.002 0.002 0.001 0.002 0.002 0.002 0.002 0.002 0.002 0.002 0.003 0.003 0.003 0.003 0.003 0.004 0.004 0.004 0.004 0.004 0.004 0.004 0.005 0.049 0.091 0.131 0.169 0.206 0.244 0.281 0.318 0.355 0.391 0.428 0.465 0.517 0.570 0.622 0.668 0.703 0.738
0.024 0.026 0.026 0.025 0.024 0.022 0.020 0.018 0.016 0.014 0.012 0.011 0.010 0.009 0.009 0.009 0.009 0.009 0.008 0.007 0.007 0.007 0.006 0.006 0.006 0.005 0.005 0.004 0.004 0.004 0.003 0.003 0.003 0.002 0.002 0.002 0.002 0.001 0.001 0.001 0.002 0.002 0.002 0.002 0.002 0.002 0.003 0.003 0.003 0.003 0.003 0.004 0.004 0.004 0.005 0.005 0.004 0.004 0.005 0.027 0.075 0.115 0.154 0.191 0.229 0.266 0.303 0.340 0.377 0.413 0.450 0.493 0.545 0.598 0.634 0.669 0.705
0.027 0.027 0.026 0.024 0.023 0.021 0.019 0.016 0.014 0.011 0.009 0.008 0.007 0.007 0.007 0.008 0.008 0.007 0.007 0.007 0.007 0.006 0.006 0.006 0.005 0.005 0.004 0.004 0.003 0.003 0.003 0.003 0.002 0.002 0.002 0.002 0.001 0.001 0.001 0.001 0.001 0.002 0.002 0.002 0.002 0.002 0.003 0.003 0.003 0.003 0.004 0.004 0.004 0.004 0.005 0.005 0.004 0.004 0.005 0.009 0.058 0.099 0.138 0.176 0.214 0.251 0.288 0.325 0.362 0.399 0.435 0.472 0.521 0.565 0.600 0.636 0.671
0.027 0.025 0.023 0.021 0.019 0.016 0.014 0.011 0.009 0.007 0.006 0.005 0.006 0.006 0.007 0.007 0.007 0.007 0.007 0.007 0.006 0.006 0.006 0.005 0.005 0.004 0.004 0.003 0.003 0.003 0.002 0.002 0.002 0.002 0.002 0.001 0.000 0.001 0.000 0.000 0.000 0.002 0.002 0.002 0.002 0.002 0.003 0.003 0.003 0.003 0.004 0.004 0.004 0.005 0.005 0.005 0.005 0.004 0.005 0.005 0.040 0.083 0.122 0.160 0.198 0.236 0.273 0.310 0.347 0.384 0.420 0.457 0.496 0.531 0.567 0.602 0.638
0.024 0.022 0.020 0.018 0.016 0.013 0.011 0.009 0.007 0.005 0.004 0.005 0.005 0.006 0.007 0.007 0.007 0.007 0.007 0.007 0.006 0.006 0.005 0.005 0.004 0.004 0.003 0.003 0.002 0.002 0.002 0.002 0.002 0.001 0.001 0.001 0.000 0.000 0.001 0.000 0.000 0.001 0.002 0.002 0.002 0.002 0.003 0.003 0.003 0.003 0.004 0.004 0.004 0.005 0.005 0.005 0.005 0.005 0.005 0.005 0.014 0.064 0.105 0.143 0.181 0.219 0.256 0.293 0.330 0.367 0.404 0.440 0.480 0.517 0.553 0.588 0.624
0.021 0.020 0.019 0.017 0.014 0.011 0.009 0.007 0.005 0.004 0.003 0.004 0.006 0.007 0.007 0.007 0.007 0.007 0.007 0.006 0.006 0.005 0.005 0.004 0.004 0.003 0.003 0.002 0.002 0.002 0.002 0.001 0.001 0.001 0.000 0.000 0.000 0.000 0.000 0.000 0.000 0.000 0.001 0.002 0.002 0.002 0.003 0.003 0.003 0.004 0.004 0.004 0.005 0.005 0.005 0.005 0.005 0.005 0.005 0.005 0.006 0.045 0.087 0.126 0.164 0.202 0.239 0.276 0.313 0.350 0.387 0.425 0.465 0.505 0.541 0.577 0.612
0.000 0.020 0.018 0.015 0.012 0.009 0.007 0.005 0.003 0.002 0.003 0.005 0.006 0.007 0.007 0.007 0.007 0.007 0.006 0.006 0.005 0.005 0.004 0.004 0.003 0.003 0.002 0.002 0.002 0.001 0.001 0.001 0.000 0.000 0.000 0.000 0.000 0.000 0.000 0.000 0.000 0.000 0.001 0.002 0.002 0.002 0.003 0.003 0.003 0.004 0.004 0.004 0.005 0.005 0.005 0.005 0.006 0.006 0.005 0.006 0.006 0.019 0.068 0.108 0.147 0.184 0.222 0.259 0.296 0.333 0.370 0.410 0.451 0.491 0.530 0.565 0.601
0.033 0.025 0.018 0.013 0.009 0.007 0.004 0.003 0.002 0.001 0.003 0.005 0.007 0.007 0.008 0.007 0.007 0.007 0.006 0.006 0.005 0.004 0.004 0.003 0.003 0.002 0.002 0.001 0.001 0.001 0.000 0.000 0.000 0.000 0.000 0.000 0.000 0.000 0.000 0.000 0.001 0.001 0.001 0.002 0.002 0.003 0.003 0.003 0.004 0.004 0.004 0.005 0.005 0.005 0.005 0.006 0.006 0.006 0.006 0.006 0.006 0.008 0.050 0.091 0.129 0.167 0.205 0.242 0.279 0.316 0.355 0.396 0.436 0.476 0.517 0.553 0.589
0.024 0.019 0.013 0.008 0.005 0.004 0.002 0.001 0.001 0.000 0.004 0.006 0.007 0.008 0.008 0.007 0.007 0.006 0.006 0.005 0.004 0.004 0.003 0.002 0.002 0.002 0.001 0.001 0.000 0.000 0.000 0.000 0.000 0.000 0.000 0.000 0.000 0.000 0.000 0.000 0.000 0.001 0.002 0.002 0.002 0.003 0.003 0.003 0.004 0.004 0.004 0.005 0.005 0.005 0.005 0.006 0.006 0.006 0.007 0.006 0.006 0.007 0.026 0.072 0.112 0.150 0.188 0.225 0.263 0.300 0.341 0.381 0.422 0.462 0.502 0.542 0.577
0.018 0.016 0.000 0.003 0.003 0.003 0.000 0.000 0.000 0.000 0.004 0.006 0.008 0.008 0.008 0.007 0.006 0.006 0.005 0.004 0.004 0.003 0.002 0.002 0.001 0.001 0.001 0.001 0.000 0.000 0.000 0.000 0.000 0.000 0.000 0.000 0.000 0.000 0.000 0.001 0.001 0.001 0.002 0.002 0.003 0.003 0.003 0.004 0.004 0.004 0.005 0.005 0.005 0.005 0.006 0.006 0.006 0.007 0.007 0.007 0.006 0.006 0.009 0.054 0.094 0.133 0.171 0.209 0.246 0.285 0.326 0.367 0.407 0.448 0.488 0.528 0.566
0.010 0.007 0.006 0.004 0.002 0.002 0.000 0.000 0.000 0.000 0.005 0.007 0.008 0.008 0.007 0.007 0.006 0.005 0.004 0.004 0.003 0.002 0.002 0.001 0.001 0.001 0.000 0.000 0.000 0.000 0.000 0.000 0.000 0.000 0.000 0.000 0.000 0.000 0.000 0.000 0.001 0.002 0.002 0.002 0.002 0.003 0.003 0.004 0.004 0.005 0.005 0.005 0.005 0.006 0.006 0.006 0.007 0.007 0.007 0.007 0.007 0.007 0.007 0.032 0.076 0.116 0.154 0.192 0.230 0.271 0.311 0.352 0.393 0.433 0.473 0.514 0.554
0.001 0.001 0.000 0.001 0.000 0.000 0.000 0.000 0.000 0.000 0.006 0.008 0.009 0.008 0.007 0.006 0.005 0.004 0.004 0.003 0.002 0.002 0.001 0.001 0.001 0.001 0.000 0.000 0.000 0.000 0.000 0.000 0.000 0.000 0.000 0.000 0.000 0.000 0.000 0.001 0.001 0.002 0.002 0.002 0.003 0.003 0.004 0.004 0.004 0.005 0.005 0.005 0.005 0.006 0.006 0.006 0.007 0.007 0.007 0.007 0.008 0.007 0.007 0.011 0.058 0.098 0.137 0.175 0.215 0.256 0.297 0.338 0.378 0.419 0.459 0.499 0.540
