includes/lisflood/results_R4_t1.553595286033E12/res-0010.wdfp
ncols         631
nrows         906
xllcorner     364927.146600
yllcorner     6531972.565600
cellsize      20.000000
NODATA_value  -9999.000000
[rows 510 to 543 of 906, columns 462 to 538 of 631]
0.000 0.000 0.096 1.076 0.746 1.046 0.676 0.366 1.166 1.046 1.166 1.146 1.156 1.206 1.186 1.276 1.186 0.416 0.886 0.736 0.976 0.746 0.000 1.156 0.856 0.000 1.356 1.296 1.206 0.846 0.376 0.726 0.246 1.036 1.166 0.000 0.000 0.000 0.000 0.000 0.000 0.000 0.000 0.000 0.032 0.001 0.001 0.000 0.000 0.013 0.001 0.000 0.001 0.000 0.000 0.000 0.001 0.000 0.001 0.002 0.002 0.003 0.003 0.004 0.004 0.004 0.004 0.004 0.003 0.003 0.004 0.005 0.006 0.005 0.005 0.005 0.005
0.000 0.000 0.002 1.386 1.026 1.336 1.426 0.946 0.936 0.496 0.000 0.806 1.286 1.066 1.226 0.266 0.476 0.956 0.346 1.306 0.806 0.926 0.906 1.016 0.996 1.246 0.000 1.366 0.916 0.226 0.616 0.416 0.326 0.606 0.926 0.000 0.000 0.000 0.000 0.000 0.031 0.000 0.000 0.000 0.000 0.041 0.000 0.162 0.000 0.000 0.000 0.053 0.001 0.001 0.034 0.000 0.001 0.002 0.002 0.002 0.002 0.002 0.003 0.003 0.004 0.004 0.004 0.004 0.004 0.003 0.004 0.005 0.005 0.004 0.004 0.004 0.004
1.137 0.057 0.456 0.736 0.946 0.446 0.636 0.636 0.496 0.326 0.836 0.996 1.286 1.206 0.556 0.456 0.566 0.656 0.906 0.346 0.666 0.926 1.146 1.036 1.556 1.066 1.276 0.986 0.966 1.056 0.000 0.436 0.976 0.866 0.696 0.000 0.000 0.000 0.112 0.000 0.000 0.000 0.000 0.000 0.000 0.000 0.072 0.000 0.000 0.000 0.000 0.000 0.086 0.002 0.000 0.000 0.001 0.001 0.002 0.002 0.002 0.002 0.003 0.003 0.003 0.004 0.004 0.004 0.004 0.003 0.004 0.004 0.004 0.003 0.003 0.003 0.004
0.437 0.187 0.267 0.696 0.326 0.776 0.376 0.196 0.026 0.946 0.496 1.146 0.996 0.516 0.846 0.806 0.856 0.856 0.996 1.026 0.726 0.706 0.916 1.206 0.736 0.746 1.096 0.096 1.826 0.906 1.146 0.000 0.126 0.646 0.196 0.000 0.000 0.011 0.000 0.000 0.182 0.000 0.023 0.000 0.000 0.000 0.000 0.002 0.000 0.002 0.003 0.004 0.001 0.002 0.004 0.003 0.004 0.003 0.003 0.003 0.003 0.003 0.003 0.003 0.003 0.004 0.004 0.004 0.004 0.004 0.004 0.003 0.003 0.004 0.005 0.005 0.006
1.227 1.337 0.887 0.857 1.437 0.706 0.496 0.696 0.636 1.076 0.446 0.856 0.866 0.786 0.596 0.576 0.736 0.696 1.616 1.006 1.056 0.906 0.656 0.966 1.026 0.000 1.266 0.956 0.000 1.036 0.996 0.576 0.616 0.716 0.000 0.000 0.000 0.000 0.000 0.000 0.000 0.000 0.001 0.008 0.000 0.070 0.000 0.000 0.001 0.003 0.000 0.000 0.000 0.000 0.000 0.003 0.000 0.002 0.002 0.003 0.003 0.003 0.003 0.003 0.003 0.003 0.004 0.004 0.004 0.004 0.006 0.006 0.006 0.006 0.007 0.007 0.008
1.157 1.247 1.007 0.867 0.467 0.826 1.366 0.896 0.686 1.186 0.276 0.746 0.796 0.456 0.416 0.526 1.076 1.236 0.626 1.346 1.006 0.306 0.856 0.826 0.946 0.876 0.196 1.176 1.066 0.000 1.266 1.156 0.186 0.306 0.000 0.085 0.000 0.000 0.012 0.000 0.031 0.000 0.000 0.058 0.006 0.010 0.040 0.000 0.002 0.000 0.026 0.321 0.001 0.344 0.000 0.002 0.002 0.002 0.002 0.002 0.003 0.003 0.003 0.003 0.003 0.003 0.004 0.004 0.004 0.005 0.006 0.006 0.007 0.008 0.008 0.009 0.010
1.157 1.287 1.097 0.827 0.567 0.566 0.536 0.846 0.666 0.376 0.000 0.806 1.226 0.000 0.346 1.466 1.156 0.796 0.736 0.906 0.986 0.916 0.196 0.646 0.896 0.516 0.646 0.746 1.286 1.126 0.656 1.216 1.076 0.226 0.000 0.000 0.000 0.113 0.001 0.003 0.000 0.531 0.000 0.178 0.000 0.100 0.614 0.004 0.003 0.002 0.000 0.346 0.003 0.000 0.000 0.001 0.002 0.002 0.002 0.002 0.002 0.003 0.003 0.003 0.003 0.004 0.004 0.004 0.004 0.005 0.006 0.007 0.008 0.009 0.010 0.011 0.011
1.257 0.957 1.197 1.017 0.637 0.556 0.706 1.396 0.296 0.856 0.000 0.736 1.086 0.000 0.296 0.686 0.676 1.266 1.286 0.726 0.666 0.986 0.886 0.546 0.606 0.706 0.656 0.216 1.186 1.156 0.396 1.206 1.116 0.576 1.286 0.000 0.000 0.043 0.000 0.000 0.000 0.555 0.000 0.000 0.000 0.050 0.000 0.000 0.001 0.401 0.000 0.000 0.002 0.005 0.000 0.000 0.001 0.001 0.002 0.002 0.002 0.003 0.003 0.003 0.003 0.004 0.004 0.004 0.004 0.006 0.007 0.007 0.008 0.009 0.011 0.012 0.013
1.317 1.327 1.407 1.257 0.637 0.576 0.736 0.626 0.536 0.526 0.000 0.756 1.066 0.146 1.466 0.646 1.046 0.896 1.066 1.146 0.636 1.646 1.036 1.056 0.956 0.786 0.876 0.956 0.156 1.186 0.846 0.166 1.626 0.016 1.166 0.000 0.101 0.000 0.000 0.459 0.048 0.001 0.000 0.062 0.000 0.000 0.000 0.000 0.001 0.011 0.000 0.000 0.000 0.004 0.003 0.002 0.002 0.002 0.002 0.002 0.002 0.003 0.003 0.003 0.003 0.004 0.004 0.004 0.005 0.006 0.007 0.008 0.009 0.010 0.011 0.014 0.015
1.237 1.267 1.147 1.137 0.596 0.596 0.686 0.686 0.926 0.986 0.146 0.746 1.036 0.046 0.726 0.716 0.636 0.716 0.906 0.616 0.926 0.456 0.846 0.776 0.286 0.716 0.876 0.236 0.786 0.000 0.826 0.356 1.906 0.000 1.506 0.000 0.000 0.082 0.000 0.058 0.058 0.000 0.000 0.000 0.000 0.000 0.000 0.004 0.000 0.008 0.004 0.010 0.000 0.000 0.002 0.002 0.002 0.002 0.002 0.003 0.003 0.003 0.003 0.003 0.003 0.004 0.004 0.004 0.005 0.006 0.007 0.008 0.009 0.011 0.012 0.014 0.017
1.167 1.207 1.087 0.257 0.766 0.626 0.696 0.836 1.126 0.686 1.256 0.846 1.066 0.286 0.196 1.406 0.776 0.546 0.856 0.886 1.056 0.806 0.836 1.056 0.946 0.576 0.896 0.346 0.256 0.276 0.676 0.516 0.416 0.000 0.536 0.000 0.111 0.000 0.000 0.018 0.068 0.068 0.000 0.000 0.002 0.001 0.000 0.003 0.064 0.000 0.001 0.003 0.007 0.007 0.006 0.005 0.004 0.004 0.004 0.003 0.003 0.003 0.003 0.004 0.004 0.004 0.004 0.004 0.006 0.007 0.008 0.009 0.010 0.011 0.013 0.015 0.017
1.097 1.157 1.357 0.217 0.696 0.796 0.906 0.876 1.106 0.976 0.786 1.186 1.166 0.496 0.176 0.976 1.456 0.746 0.636 1.016 0.816 0.516 0.866 1.486 0.766 1.006 0.726 0.776 0.336 0.726 0.596 0.566 0.346 0.000 0.886 0.000 0.000 0.092 0.000 0.000 0.000 0.003 0.002 0.035 0.001 0.000 0.002 0.028 0.000 0.000 0.000 0.002 0.000 0.000 0.003 0.004 0.004 0.004 0.004 0.004 0.004 0.004 0.004 0.004 0.004 0.004 0.004 0.005 0.007 0.008 0.009 0.010 0.011 0.013 0.014 0.016 0.018
0.417 1.077 1.377 0.536 0.706 0.746 0.806 1.086 1.026 0.706 0.506 0.726 1.126 0.676 0.226 0.566 1.496 0.636 0.896 0.866 1.196 0.796 1.116 0.626 0.466 0.606 0.786 0.746 0.516 0.796 0.606 1.186 0.496 1.206 1.166 0.000 0.003 0.052 0.000 0.059 0.000 0.004 0.005 0.001 0.001 0.001 0.000 0.006 0.050 0.006 0.003 0.002 0.004 0.004 0.004 0.004 0.004 0.004 0.004 0.004 0.004 0.004 0.004 0.004 0.004 0.005 0.005 0.005 0.007 0.008 0.010 0.011 0.013 0.014 0.016 0.018 0.020
0.847 0.387 0.547 0.606 0.846 0.806 0.826 1.026 1.076 0.736 0.966 0.686 1.046 1.026 0.426 0.946 0.766 1.596 0.756 0.786 1.446 0.736 1.466 0.726 0.756 0.176 0.796 0.376 0.986 0.316 0.526 0.586 0.000 1.346 0.296 0.000 0.000 0.001 0.000 0.009 0.008 0.000 0.003 0.020 0.006 0.140 0.000 0.000 0.000 0.000 0.004 0.000 0.000 0.000 0.002 0.003 0.004 0.004 0.004 0.004 0.005 0.004 0.004 0.005 0.005 0.005 0.005 0.007 0.008 0.009 0.011 0.013 0.015 0.017 0.019 0.021 0.023
0.187 0.207 0.357 0.486 1.256 1.356 1.156 1.356 0.426 0.986 0.376 0.326 1.196 1.056 1.006 1.006 1.186 0.976 1.326 0.836 0.656 1.036 0.806 0.846 1.216 0.806 0.856 1.716 0.306 0.556 0.776 0.706 0.000 0.916 0.996 0.000 0.000 0.000 0.000 0.000 0.017 0.004 0.002 0.001 0.020 0.090 0.000 0.000 0.007 0.063 0.007 0.353 0.000 0.002 0.002 0.003 0.003 0.004 0.004 0.004 0.004 0.005 0.005 0.005 0.005 0.005 0.005 0.008 0.009 0.011 0.013 0.015 0.017 0.019 0.021 0.023 0.025
1.647 1.397 0.967 1.066 1.166 0.896 0.756 1.056 0.796 1.036 0.356 0.196 0.786 0.766 0.016 1.316 0.846 0.686 1.646 1.246 0.826 0.926 1.046 0.696 1.276 1.386 1.106 1.726 1.426 0.536 0.836 0.000 0.000 1.216 0.976 0.000 0.000 0.032 0.000 0.000 0.000 0.000 0.098 0.000 0.110 0.005 0.009 0.018 0.062 0.000 0.000 0.014 0.386 0.000 0.002 0.002 0.003 0.003 0.004 0.004 0.004 0.005 0.005 0.005 0.005 0.005 0.006 0.009 0.011 0.013 0.015 0.018 0.020 0.022 0.024 0.026 0.028
0.057 1.497 0.197 0.000 0.386 1.656 0.656 0.586 0.606 0.816 0.856 0.126 0.009 0.000 0.046 0.626 0.606 0.506 0.716 1.476 0.756 0.876 0.966 0.976 1.116 1.176 0.636 0.556 0.816 0.696 0.536 0.000 0.000 1.106 1.106 0.000 0.052 0.001 0.004 0.023 0.000 0.002 0.018 0.067 0.002 0.005 0.043 0.000 0.007 0.000 0.000 0.005 0.003 0.000 0.001 0.002 0.002 0.003 0.003 0.004 0.004 0.004 0.005 0.005 0.005 0.005 0.008 0.011 0.013 0.016 0.019 0.021 0.023 0.025 0.027 0.028 0.030
0.087 0.217 0.096 0.436 0.566 0.066 0.826 0.666 0.676 0.826 0.346 0.000 0.000 0.356 0.726 0.836 0.566 0.706 1.376 0.426 1.446 0.866 0.806 0.986 0.766 0.806 0.756 0.816 0.566 0.516 0.726 0.666 0.996 1.136 1.156 0.000 0.000 0.000 0.000 0.000 0.001 0.034 0.000 0.000 0.125 0.002 0.001 0.001 0.014 0.000 0.000 0.016 0.000 0.005 0.006 0.005 0.004 0.004 0.004 0.004 0.004 0.005 0.005 0.005 0.005 0.006 0.011 0.014 0.017 0.019 0.021 0.024 0.026 0.027 0.029 0.030 0.031
0.357 0.877 0.000 0.756 0.586 0.246 1.596 1.096 1.396 0.000 0.426 0.556 0.066 1.496 1.136 0.736 1.076 0.636 0.936 1.086 0.646 1.366 0.886 0.886 0.986 0.726 1.356 1.156 0.916 0.126 0.000 0.606 0.996 0.596 1.246 0.000 0.000 0.000 0.042 0.000 0.000 0.000 0.000 0.000 0.000 0.000 0.000 0.000 0.008 0.007 0.004 0.015 0.015 0.018 0.000 0.003 0.004 0.004 0.004 0.005 0.005 0.005 0.006 0.006 0.007 0.010 0.014 0.016 0.019 0.022 0.024 0.026 0.028 0.030 0.031 0.033 0.033
0.076 0.076 0.716 0.866 0.366 1.226 0.000 0.276 0.376 0.746 0.876 0.886 0.646 1.586 0.336 1.266 0.656 1.486 0.736 0.866 0.656 1.526 0.826 0.846 1.056 0.556 0.976 0.946 1.176 0.986 0.046 0.000 0.406 0.956 0.846 0.000 0.000 0.000 0.001 0.153 0.001 0.000 0.043 0.000 0.062 0.000 0.002 0.000 0.000 0.000 0.000 0.000 0.000 0.010 0.008 0.007 0.006 0.006 0.006 0.007 0.007 0.007 0.007 0.008 0.009 0.013 0.017 0.019 0.022 0.025 0.027 0.029 0.031 0.033 0.034 0.035 0.035
0.846 0.836 0.876 0.926 0.026 0.000 1.035 1.175 0.000 1.496 1.276 0.596 1.366 0.766 0.796 0.546 1.236 0.606 1.316 0.826 0.766 0.536 1.316 0.826 0.826 0.166 0.526 1.156 1.056 0.836 0.106 0.000 0.826 1.126 0.000 0.000 0.000 0.101 0.000 0.000 0.000 0.000 0.002 0.001 0.002 0.000 0.000 0.032 0.000 0.002 0.001 0.003 0.003 0.007 0.008 0.008 0.008 0.008 0.008 0.008 0.008 0.008 0.008 0.009 0.011 0.017 0.020 0.023 0.026 0.029 0.031 0.033 0.034 0.036 0.037 0.037 0.037
0.856 0.846 0.746 0.216 1.356 0.235 1.215 1.075 1.295 0.000 1.476 1.316 0.276 1.126 1.046 1.216 0.656 0.626 0.896 1.026 0.986 0.626 0.776 1.256 1.096 0.666 0.716 1.096 0.746 0.556 1.186 0.000 0.386 0.616 0.000 0.000 0.000 0.000 0.000 0.112 0.001 0.003 0.000 0.035 0.002 0.010 0.139 0.000 0.004 0.004 0.000 0.000 0.000 0.006 0.007 0.008 0.008 0.008 0.009 0.009 0.009 0.009 0.009 0.010 0.014 0.020 0.024 0.027 0.030 0.032 0.035 0.036 0.038 0.038 0.039 0.039 0.038
0.256 0.886 0.986 0.003 0.000 0.505 0.565 0.605 1.385 1.415 0.000 1.175 1.355 0.415 1.115 0.975 1.265 0.775 0.696 0.676 0.516 0.856 1.216 0.406 1.076 0.656 0.586 0.676 0.566 0.406 0.526 0.816 0.796 0.916 0.000 0.000 0.000 0.024 0.124 0.000 0.000 0.000 0.000 0.000 0.000 0.000 0.059 0.000 0.000 0.000 0.000 0.012 0.012 0.009 0.009 0.008 0.008 0.008 0.009 0.009 0.009 0.009 0.011 0.013 0.019 0.025 0.029 0.032 0.034 0.037 0.038 0.040 0.040 0.041 0.041 0.041 0.040
1.046 0.136 0.116 1.464 0.000 0.755 0.675 0.585 0.000 1.555 1.385 0.455 1.495 1.375 0.595 1.525 1.035 0.675 0.725 1.015 0.755 1.395 0.825 1.205 0.855 0.586 0.866 0.416 0.516 0.626 0.376 0.596 0.926 0.536 0.000 0.000 0.000 0.003 0.000 0.000 0.025 0.055 0.000 0.000 0.037 0.000 0.006 0.002 0.002 0.001 0.011 0.018 0.000 0.005 0.006 0.007 0.008 0.008 0.008 0.009 0.009 0.011 0.013 0.017 0.025 0.030 0.034 0.036 0.039 0.041 0.042 0.043 0.043 0.043 0.043 0.042 0.040
0.486 0.215 0.075 0.414 0.000 0.224 0.964 0.704 0.594 0.025 1.275 1.425 0.095 1.435 1.405 0.785 1.395 1.355 1.415 0.495 0.915 0.585 1.345 0.465 1.235 0.905 0.585 0.895 0.455 0.255 0.007 0.776 0.826 0.086 0.000 0.000 0.000 0.001 0.002 0.017 0.000 0.045 0.000 0.000 0.037 0.000 0.000 0.065 0.008 0.004 0.016 0.000 0.000 0.003 0.005 0.006 0.006 0.007 0.008 0.009 0.011 0.013 0.017 0.022 0.032 0.036 0.039 0.041 0.043 0.044 0.045 0.046 0.046 0.045 0.045 0.043 0.041
0.595 1.065 1.105 0.784 1.534 0.864 0.584 0.774 0.854 0.704 0.055 1.565 1.405 0.385 1.315 1.435 1.385 0.175 1.365 1.435 0.505 0.935 0.905 1.485 0.595 1.155 0.585 0.435 0.595 0.345 0.000 0.996 0.966 1.066 0.486 0.000 0.000 0.000 0.000 0.107 0.087 0.004 0.003 0.002 0.007 0.092 0.172 0.005 0.000 0.242 0.002 0.001 0.002 0.003 0.005 0.006 0.006 0.008 0.009 0.012 0.014 0.017 0.022 0.029 0.037 0.041 0.044 0.046 0.047 0.048 0.049 0.048 0.048 0.047 0.046 0.043 0.040
0.685 1.965 0.635 0.000 1.304 0.844 1.224 0.534 0.944 0.804 0.784 0.165 1.465 1.185 0.535 0.685 1.115 1.315 0.195 1.335 1.395 0.955 0.895 1.505 1.495 1.445 0.875 0.725 0.425 0.435 0.000 0.536 0.000 0.526 0.316 0.000 0.000 0.000 0.001 0.077 0.000 0.000 0.005 0.006 0.005 0.000 0.000 0.000 0.052 0.000 0.363 0.000 0.004 0.004 0.005 0.007 0.008 0.010 0.012 0.015 0.019 0.023 0.028 0.037 0.044 0.047 0.049 0.050 0.051 0.051 0.051 0.051 0.050 0.048 0.046 0.043 0.039
0.253 0.000 0.000 0.003 1.144 0.864 1.184 1.134 0.000 0.904 0.914 0.724 0.185 1.315 1.055 0.235 1.135 0.745 1.175 0.905 1.445 0.975 1.015 0.735 1.325 1.045 1.365 0.000 0.545 0.405 0.000 0.686 0.686 0.916 0.696 0.000 0.000 0.101 0.000 0.000 0.052 0.000 0.000 0.096 0.000 0.000 0.001 0.000 0.000 0.053 0.000 0.004 0.006 0.006 0.006 0.007 0.011 0.014 0.017 0.020 0.025 0.030 0.036 0.047 0.050 0.052 0.054 0.054 0.055 0.054 0.053 0.052 0.051 0.049 0.046 0.042 0.038
0.723 1.663 0.432 0.073 1.294 0.624 1.114 1.163 1.123 0.000 0.964 0.904 0.994 0.235 0.134 1.103 0.025 1.185 1.215 0.115 1.295 1.435 0.565 0.945 0.535 1.545 0.545 0.965 0.885 0.000 0.776 0.116 0.766 0.606 0.356 0.000 0.000 0.000 0.000 0.001 0.000 0.002 0.000 0.000 0.000 0.000 0.002 0.012 0.010 0.013 0.021 0.012 0.000 0.000 0.006 0.009 0.013 0.019 0.023 0.027 0.032 0.038 0.045 0.054 0.056 0.057 0.058 0.058 0.057 0.057 0.055 0.053 0.051 0.049 0.045 0.041 0.035
0.693 0.872 1.902 1.042 0.183 1.033 0.000 1.173 1.263 1.063 0.000 0.894 0.924 0.034 1.453 1.393 1.513 0.000 1.355 1.254 0.000 1.355 1.115 0.225 0.755 0.925 0.485 1.405 0.055 0.036 0.286 0.566 0.666 0.776 0.456 0.406 0.000 0.000 0.001 0.000 0.002 0.037 0.037 0.000 0.000 0.059 0.004 0.003 0.068 0.000 0.000 0.017 0.002 0.014 0.011 0.013 0.018 0.023 0.030 0.035 0.040 0.046 0.054 0.060 0.062 0.062 0.062 0.061 0.060 0.058 0.056 0.054 0.051 0.048 0.044 0.041 0.034
0.612 0.262 1.042 1.872 0.783 0.423 0.843 0.313 0.953 1.213 1.223 0.006 0.814 0.000 0.203 1.423 1.273 1.453 0.002 1.224 1.264 0.324 1.254 1.474 0.365 0.935 0.255 0.275 0.235 0.000 0.326 0.516 0.366 0.616 0.736 0.316 0.000 0.000 0.000 0.000 0.000 0.067 0.000 0.032 0.000 0.004 0.006 0.020 0.013 0.009 0.354 0.394 0.433 0.006 0.000 0.017 0.024 0.030 0.036 0.044 0.049 0.055 0.063 0.066 0.067 0.066 0.065 0.063 0.061 0.059 0.056 0.054 0.052 0.050 0.047 0.043 0.035
0.562 0.682 0.902 0.292 1.913 0.853 0.005 0.353 0.803 1.233 1.273 1.253 0.000 0.433 1.303 0.013 1.373 0.983 1.613 1.384 0.934 1.424 0.674 1.224 0.344 0.215 0.335 0.555 0.215 0.000 0.655 0.625 0.585 0.406 0.316 0.306 0.000 0.000 0.000 0.000 0.035 0.004 0.000 0.042 0.030 0.009 0.007 0.031 0.058 0.008 0.002 0.009 0.012 0.029 0.028 0.028 0.032 0.037 0.043 0.050 0.058 0.063 0.072 0.072 0.071 0.069 0.067 0.065 0.063 0.061 0.059 0.057 0.055 0.053 0.050 0.045 0.037
0.752 0.852 0.712 0.752 0.000 2.073 0.023 0.313 0.000 0.903 0.813 1.372 1.272 0.343 1.143 1.043 1.623 1.333 1.273 0.000 1.384 0.924 1.024 1.184 1.334 0.284 0.285 0.955 0.705 0.000 0.615 0.425 0.575 0.635 0.326 0.000 0.000 0.000 0.000 0.000 0.000 0.024 0.103 0.092 0.000 0.000 0.000 0.027 0.000 0.009 0.005 0.046 0.442 0.001 0.025 0.032 0.038 0.045 0.051 0.057 0.064 0.072 0.077 0.076 0.074 0.072 0.071 0.070 0.068 0.065 0.063 0.061 0.059 0.056 0.053 0.046 0.040
0.432 0.492 0.602 0.652 0.732 0.000 1.913 2.233 1.753 0.000 0.842 1.092 1.102 1.152 0.000 1.173 0.303 1.513 1.213 1.303 0.000 1.194 1.394 0.624 1.044 1.284 0.345 1.125 0.745 0.985 0.455 0.475 0.365 0.000 0.000 0.225 0.225 0.000 0.000 0.053 0.083 0.008 0.006 0.005 0.121 0.024 0.072 0.025 0.062 0.011 0.041 0.033 0.021 0.044 0.033 0.038 0.047 0.054 0.060 0.065 0.070 0.077 0.083 0.082 0.080 0.078 0.076 0.074 0.072 0.069 0.067 0.065 0.062 0.060 0.055 0.047 0.043
