includes/lisflood/results_R4_t1.553595286033E12/res-0002.wdfp
ncols         631
nrows         906
xllcorner     364927.146600
yllcorner     6531972.565600
cellsize      20.000000
NODATA_value  -9999.000000
[rows 0 to 33 of 906, columns 462 to 538 of 631]
16.829 16.704 16.579 16.454 16.329 16.204 16.101 16.031 15.962 15.893 15.824 15.755 15.686 15.615 15.541 15.467 15.393 15.319 15.245 15.195 15.157 15.119 15.081 15.043 15.019 15.007 14.996 14.984 14.973 14.961 14.950 14.938 14.958 14.988 15.018 15.048 15.078 15.108 15.138 15.168 15.198 15.224 15.243 15.262 15.282 15.321 15.373 15.425 15.454 15.467 15.479 15.492 15.505 15.518 15.531 15.544 15.556 15.569 15.580 15.587 15.594 15.601 15.608 15.615 15.622 15.629 15.636 15.643 15.650 15.657 15.665 15.672 15.629 15.561 15.492 15.423 15.354
16.835 16.717 16.593 16.468 16.343 16.218 16.115 16.045 15.976 15.907 15.838 15.768 15.694 15.620 15.546 15.472 15.398 15.324 15.250 15.201 15.163 15.125 15.087 15.049 15.010 14.972 14.959 14.947 14.936 14.924 14.913 14.901 14.923 14.953 14.983 15.013 15.043 15.073 15.103 15.128 15.148 15.167 15.187 15.206 15.225 15.266 15.318 15.370 15.421 15.471 15.484 15.497 15.509 15.522 15.535 15.548 15.561 15.574 15.584 15.591 15.598 15.605 15.612 15.619 15.626 15.633 15.640 15.647 15.654 15.661 15.681 15.700 15.656 15.591 15.523 15.454 15.385
16.834 16.718 16.601 16.481 16.357 16.232 16.129 16.059 15.990 15.921 15.847 15.773 15.699 15.625 15.551 15.477 15.403 15.329 15.255 15.207 15.169 15.131 15.093 15.055 15.016 14.978 14.940 14.911 14.899 14.888 14.876 14.865 14.888 14.917 14.947 14.977 15.007 15.033 15.053 15.072 15.091 15.111 15.130 15.149 15.169 15.211 15.263 15.315 15.366 15.418 15.469 15.501 15.514 15.527 15.539 15.552 15.565 15.578 15.588 15.595 15.602 15.609 15.616 15.623 15.630 15.637 15.644 15.652 15.671 15.690 15.710 15.729 15.680 15.616 15.552 15.485 15.416
16.834 16.717 16.601 16.484 16.368 16.245 16.144 16.073 15.999 15.926 15.852 15.778 15.704 15.630 15.556 15.482 15.408 15.334 15.260 15.213 15.175 15.137 15.099 15.060 15.022 14.984 14.946 14.908 14.869 14.851 14.840 14.828 14.852 14.882 14.912 14.938 14.957 14.977 14.996 15.015 15.035 15.054 15.073 15.093 15.112 15.156 15.208 15.259 15.311 15.363 15.414 15.466 15.518 15.531 15.544 15.557 15.569 15.582 15.593 15.600 15.607 15.614 15.621 15.628 15.635 15.644 15.663 15.682 15.701 15.720 15.739 15.758 15.704 15.640 15.576 15.512 15.447
16.833 16.717 16.600 16.484 16.367 16.251 16.153 16.078 16.004 15.930 15.856 15.782 15.709 15.635 15.561 15.487 15.413 15.339 15.265 15.219 15.181 15.143 15.105 15.066 15.028 14.990 14.952 14.914 14.875 14.837 14.803 14.791 14.817 14.843 14.862 14.881 14.901 14.920 14.939 14.959 14.978 14.998 15.017 15.036 15.056 15.101 15.153 15.204 15.256 15.308 15.359 15.411 15.463 15.514 15.548 15.561 15.574 15.587 15.597 15.604 15.611 15.618 15.625 15.635 15.654 15.673 15.692 15.711 15.730 15.749 15.769 15.788 15.728 15.664 15.600 15.536 15.472
16.832 16.716 16.599 16.483 16.368 16.253 16.157 16.083 16.009 15.935 15.861 15.787 15.713 15.639 15.565 15.492 15.418 15.344 15.270 15.225 15.187 15.149 15.111 15.072 15.034 14.996 14.958 14.920 14.881 14.843 14.805 14.764 14.767 14.786 14.806 14.825 14.844 14.864 14.883 14.902 14.922 14.941 14.960 14.980 14.999 15.046 15.098 15.149 15.201 15.253 15.304 15.356 15.408 15.459 15.511 15.563 15.578 15.591 15.601 15.608 15.615 15.626 15.645 15.664 15.683 15.702 15.721 15.740 15.759 15.778 15.798 15.816 15.752 15.688 15.624 15.560 15.496
16.832 16.715 16.600 16.485 16.370 16.255 16.161 16.086 16.013 15.940 15.866 15.792 15.718 15.644 15.570 15.496 15.422 15.349 15.275 15.231 15.193 15.155 15.117 15.078 15.040 15.002 14.964 14.926 14.887 14.847 14.801 14.755 14.741 14.730 14.749 14.768 14.788 14.807 14.826 14.846 14.865 14.885 14.904 14.923 14.943 14.991 15.043 15.094 15.146 15.198 15.249 15.301 15.353 15.404 15.456 15.507 15.559 15.595 15.605 15.618 15.637 15.655 15.674 15.693 15.712 15.731 15.750 15.769 15.788 15.807 15.827 15.840 15.776 15.712 15.648 15.584 15.520
16.832 16.717 16.602 16.487 16.373 16.258 16.164 16.090 16.017 15.944 15.871 15.797 15.723 15.649 15.575 15.501 15.427 15.353 15.279 15.237 15.199 15.161 15.122 15.084 15.046 15.008 14.970 14.929 14.883 14.838 14.792 14.746 14.734 14.721 14.708 14.712 14.731 14.751 14.770 14.789 14.809 14.828 14.847 14.867 14.886 14.936 14.988 15.039 15.091 15.143 15.194 15.246 15.297 15.349 15.401 15.452 15.504 15.560 15.623 15.647 15.666 15.685 15.704 15.723 15.741 15.760 15.779 15.798 15.817 15.836 15.856 15.864 15.800 15.736 15.672 15.608 15.544
16.834 16.720 16.605 16.490 16.375 16.260 16.168 16.094 16.021 15.947 15.874 15.801 15.728 15.654 15.580 15.506 15.432 15.358 15.284 15.243 15.205 15.167 15.128 15.090 15.052 15.012 14.966 14.920 14.874 14.828 14.783 14.739 14.726 14.714 14.701 14.688 14.676 14.694 14.713 14.733 14.752 14.771 14.791 14.810 14.830 14.881 14.933 14.984 15.036 15.087 15.139 15.191 15.242 15.294 15.346 15.402 15.461 15.521 15.584 15.649 15.695 15.714 15.733 15.752 15.771 15.790 15.809 15.827 15.846 15.865 15.884 15.888 15.824 15.760 15.696 15.632 15.568
16.837 16.722 16.607 16.493 16.378 16.263 16.172 16.097 16.024 15.951 15.878 15.805 15.731 15.658 15.585 15.511 15.437 15.363 15.289 15.249 15.211 15.173 15.134 15.094 15.048 15.003 14.957 14.911 14.865 14.819 14.774 14.732 14.719 14.706 14.693 14.681 14.668 14.655 14.657 14.676 14.696 14.715 14.734 14.754 14.774 14.826 14.877 14.929 14.981 15.032 15.084 15.136 15.187 15.245 15.304 15.363 15.422 15.481 15.545 15.610 15.675 15.740 15.762 15.781 15.800 15.819 15.838 15.857 15.876 15.895 15.913 15.912 15.848 15.784 15.720 15.656 15.592
16.839 16.725 16.610 16.495 16.380 16.266 16.175 16.101 16.028 15.955 15.881 15.808 15.735 15.662 15.589 15.516 15.442 15.368 15.294 15.255 15.217 15.177 15.131 15.085 15.039 14.994 14.948 14.902 14.856 14.810 14.765 14.724 14.711 14.699 14.686 14.673 14.661 14.648 14.635 14.623 14.639 14.658 14.678 14.697 14.719 14.771 14.822 14.874 14.926 14.977 15.029 15.087 15.146 15.205 15.264 15.323 15.383 15.442 15.506 15.571 15.636 15.701 15.766 15.810 15.829 15.848 15.867 15.886 15.905 15.924 15.943 15.936 15.872 15.808 15.744 15.680 15.616
16.842 16.727 16.612 16.498 16.383 16.268 16.179 16.106 16.031 15.958 15.885 15.812 15.739 15.666 15.592 15.519 15.446 15.373 15.299 15.259 15.214 15.168 15.122 15.076 15.030 14.985 14.939 14.893 14.847 14.801 14.756 14.717 14.704 14.691 14.679 14.666 14.653 14.640 14.628 14.615 14.602 14.602 14.621 14.641 14.664 14.716 14.767 14.819 14.871 14.929 14.988 15.047 15.107 15.166 15.225 15.284 15.343 15.402 15.467 15.532 15.597 15.662 15.727 15.792 15.857 15.877 15.896 15.915 15.934 15.953 15.972 15.960 15.896 15.832 15.768 15.704 15.640
16.844 16.730 16.615 16.500 16.385 16.271 16.182 16.109 16.035 15.962 15.889 15.816 15.742 15.669 15.596 15.523 15.450 15.377 15.307 15.250 15.204 15.159 15.113 15.067 15.021 14.975 14.930 14.884 14.838 14.792 14.746 14.709 14.696 14.684 14.671 14.658 14.646 14.633 14.620 14.608 14.595 14.582 14.570 14.584 14.609 14.661 14.712 14.771 14.831 14.890 14.949 15.008 15.067 15.126 15.186 15.245 15.304 15.363 15.427 15.493 15.558 15.623 15.688 15.753 15.818 15.883 15.925 15.944 15.963 15.982 16.001 15.984 15.920 15.856 15.792 15.728 15.664
16.847 16.732 16.617 16.503 16.388 16.273 16.186 16.113 16.039 15.966 15.892 15.819 15.746 15.673 15.600 15.527 15.456 15.386 15.316 15.258 15.201 15.150 15.104 15.058 15.012 14.966 14.921 14.875 14.829 14.783 14.737 14.702 14.689 14.676 14.664 14.651 14.638 14.626 14.613 14.600 14.587 14.575 14.562 14.549 14.555 14.614 14.673 14.732 14.791 14.850 14.910 14.969 15.028 15.087 15.146 15.205 15.264 15.324 15.388 15.453 15.518 15.583 15.649 15.714 15.779 15.844 15.909 15.973 15.992 16.011 16.030 16.008 15.944 15.880 15.816 15.752 15.696
16.849 16.735 16.620 16.505 16.390 16.276 16.190 16.117 16.042 15.969 15.896 15.823 15.750 15.677 15.606 15.535 15.465 15.394 15.326 15.268 15.210 15.152 15.095 15.049 15.003 14.957 14.912 14.866 14.820 14.774 14.728 14.694 14.682 14.669 14.656 14.643 14.631 14.618 14.605 14.593 14.580 14.567 14.552 14.521 14.516 14.574 14.634 14.693 14.752 14.811 14.870 14.929 14.988 15.048 15.107 15.166 15.225 15.284 15.349 15.414 15.479 15.544 15.609 15.674 15.739 15.804 15.870 15.935 16.000 16.040 16.059 16.032 15.968 15.904 15.851 15.800 15.749
16.848 16.737 16.622 16.508 16.393 16.278 16.193 16.120 16.046 15.973 15.900 15.826 15.756 15.685 15.615 15.544 15.474 15.403 15.335 15.277 15.219 15.162 15.104 15.046 14.994 14.948 14.903 14.857 14.811 14.765 14.719 14.687 14.674 14.661 14.649 14.636 14.623 14.611 14.598 14.585 14.568 14.538 14.507 14.477 14.477 14.536 14.594 14.653 14.712 14.772 14.831 14.890 14.949 15.008 15.067 15.126 15.186 15.245 15.310 15.375 15.440 15.505 15.570 15.635 15.700 15.765 15.830 15.895 15.960 16.026 16.088 16.056 16.006 15.954 15.903 15.852 15.801
16.825 16.725 16.625 16.510 16.395 16.281 16.197 16.124 16.050 15.976 15.906 15.835 15.765 15.694 15.624 15.553 15.482 15.412 15.344 15.287 15.229 15.171 15.113 15.055 14.997 14.940 14.893 14.848 14.802 14.756 14.710 14.679 14.667 14.654 14.641 14.629 14.616 14.603 14.584 14.554 14.524 14.493 14.463 14.432 14.438 14.497 14.556 14.614 14.673 14.732 14.791 14.850 14.910 14.969 15.028 15.087 15.146 15.206 15.271 15.336 15.401 15.466 15.531 15.596 15.661 15.726 15.791 15.856 15.921 15.987 16.056 16.083 16.058 16.007 15.955 15.904 15.853
16.802 16.702 16.603 16.504 16.398 16.283 16.201 16.127 16.056 15.985 15.915 15.844 15.773 15.703 15.632 15.562 15.491 15.421 15.354 15.296 15.238 15.180 15.123 15.065 15.007 14.949 14.891 14.839 14.793 14.747 14.701 14.672 14.659 14.646 14.634 14.621 14.601 14.570 14.540 14.510 14.479 14.449 14.418 14.388 14.400 14.458 14.517 14.576 14.634 14.693 14.752 14.811 14.870 14.929 14.989 15.048 15.107 15.167 15.232 15.297 15.362 15.427 15.492 15.557 15.622 15.687 15.752 15.819 15.887 15.955 16.024 16.047 16.059 16.059 16.007 15.956 15.905
16.779 16.680 16.580 16.481 16.381 16.282 16.207 16.136 16.064 15.994 15.923 15.853 15.782 15.712 15.641 15.571 15.500 15.429 15.363 15.305 15.248 15.190 15.132 15.074 15.016 14.958 14.901 14.843 14.785 14.738 14.692 14.664 14.652 14.639 14.617 14.587 14.556 14.526 14.496 14.465 14.435 14.404 14.374 14.344 14.361 14.420 14.478 14.537 14.596 14.654 14.713 14.772 14.831 14.890 14.949 15.008 15.067 15.128 15.193 15.258 15.323 15.388 15.453 15.518 15.583 15.650 15.718 15.787 15.855 15.923 15.992 16.011 16.023 16.033 16.044 16.008 15.957
16.756 16.657 16.557 16.458 16.368 16.281 16.212 16.145 16.073 16.003 15.932 15.862 15.791 15.720 15.650 15.579 15.509 15.438 15.373 15.315 15.257 15.199 15.141 15.083 15.026 14.968 14.910 14.852 14.794 14.737 14.683 14.657 14.634 14.603 14.573 14.542 14.512 14.482 14.451 14.421 14.390 14.360 14.330 14.299 14.322 14.381 14.440 14.498 14.557 14.616 14.674 14.733 14.792 14.851 14.910 14.969 15.028 15.089 15.154 15.219 15.284 15.349 15.414 15.482 15.550 15.618 15.687 15.755 15.823 15.892 15.960 15.975 15.987 15.997 16.008 16.018 16.009
16.733 16.634 16.543 16.456 16.369 16.282 16.214 16.148 16.080 16.011 15.941 15.870 15.800 15.729 15.659 15.588 15.518 15.447 15.382 15.324 15.266 15.209 15.151 15.093 15.035 14.977 14.919 14.862 14.804 14.746 14.689 14.625 14.589 14.559 14.528 14.498 14.468 14.437 14.407 14.376 14.346 14.316 14.285 14.255 14.283 14.342 14.401 14.460 14.518 14.577 14.636 14.694 14.753 14.812 14.870 14.930 14.989 15.050 15.115 15.180 15.245 15.313 15.381 15.450 15.518 15.586 15.655 15.723 15.791 15.860 15.928 15.939 15.950 15.961 15.972 15.982 15.992
16.718 16.631 16.544 16.457 16.370 16.282 16.215 16.149 16.082 16.016 15.950 15.879 15.808 15.738 15.667 15.597 15.526 15.456 15.391 15.334 15.276 15.218 15.160 15.102 15.044 14.987 14.929 14.871 14.815 14.759 14.703 14.638 14.568 14.514 14.484 14.454 14.423 14.393 14.362 14.332 14.302 14.271 14.241 14.210 14.245 14.303 14.362 14.421 14.479 14.538 14.597 14.656 14.714 14.773 14.832 14.890 14.949 15.011 15.076 15.145 15.213 15.281 15.350 15.418 15.486 15.554 15.623 15.691 15.759 15.828 15.893 15.903 15.914 15.925 15.936 15.946 15.956
16.719 16.632 16.544 16.457 16.370 16.283 16.217 16.151 16.085 16.018 15.952 15.886 15.817 15.747 15.676 15.606 15.535 15.464 15.401 15.343 15.285 15.227 15.169 15.112 15.054 14.996 14.940 14.884 14.828 14.772 14.717 14.650 14.581 14.512 14.442 14.409 14.379 14.348 14.318 14.288 14.257 14.227 14.196 14.166 14.206 14.265 14.323 14.382 14.441 14.499 14.558 14.617 14.676 14.734 14.793 14.852 14.906 14.976 15.044 15.113 15.181 15.249 15.318 15.386 15.454 15.523 15.591 15.659 15.728 15.796 15.857 15.867 15.878 15.888 15.900 15.910 15.920
16.719 16.632 16.545 16.458 16.371 16.285 16.219 16.153 16.087 16.020 15.954 15.888 15.822 15.755 15.685 15.614 15.544 15.473 15.410 15.352 15.294 15.237 15.179 15.121 15.065 15.009 14.953 14.898 14.842 14.786 14.730 14.663 14.593 14.524 14.455 14.386 14.334 14.304 14.274 14.243 14.213 14.182 14.152 14.122 14.167 14.226 14.285 14.343 14.402 14.461 14.519 14.578 14.637 14.696 14.747 14.789 14.830 14.904 15.000 15.081 15.149 15.217 15.286 15.354 15.422 15.491 15.559 15.627 15.696 15.764 15.821 15.831 15.842 15.852 15.864 15.874 15.884
16.720 16.633 16.546 16.459 16.372 16.287 16.221 16.155 16.089 16.022 15.956 15.890 15.824 15.757 15.691 15.623 15.553 15.482 15.420 15.362 15.304 15.246 15.190 15.134 15.079 15.023 14.967 14.911 14.855 14.800 14.744 14.675 14.606 14.537 14.468 14.398 14.329 14.260 14.229 14.199 14.168 14.138 14.108 14.077 14.129 14.187 14.246 14.305 14.363 14.422 14.481 14.539 14.588 14.630 14.671 14.712 14.754 14.832 14.928 15.024 15.117 15.186 15.254 15.322 15.390 15.459 15.527 15.595 15.664 15.732 15.785 15.795 15.806 15.816 15.828 15.838 15.848
16.721 16.634 16.547 16.460 16.373 16.289 16.223 16.157 16.091 16.024 15.957 15.891 15.825 15.759 15.693 15.627 15.561 15.491 15.429 15.371 15.315 15.260 15.204 15.148 15.092 15.036 14.981 14.925 14.869 14.813 14.757 14.688 14.619 14.549 14.480 14.411 14.342 14.272 14.203 14.154 14.124 14.094 14.063 14.033 14.090 14.148 14.207 14.266 14.325 14.383 14.429 14.471 14.512 14.553 14.595 14.636 14.677 14.759 14.856 14.952 15.048 15.145 15.222 15.290 15.359 15.427 15.495 15.564 15.632 15.700 15.749 15.759 15.770 15.780 15.790 15.802 15.812
16.722 16.635 16.548 16.460 16.373 16.291 16.225 16.158 16.092 16.025 15.959 15.893 15.827 15.761 15.695 15.629 15.563 15.496 15.441 15.385 15.329 15.273 15.217 15.162 15.106 15.050 14.994 14.938 14.882 14.827 14.770 14.701 14.631 14.562 14.493 14.424 14.354 14.285 14.216 14.146 14.080 14.049 14.019 13.992 14.051 14.110 14.168 14.227 14.270 14.312 14.353 14.394 14.436 14.477 14.518 14.560 14.601 14.687 14.783 14.879 14.976 15.072 15.168 15.258 15.327 15.395 15.463 15.532 15.600 15.668 15.713 15.723 15.734 15.744 15.754 15.765 15.776
16.722 16.635 16.548 16.461 16.374 16.292 16.226 16.160 16.094 16.027 15.961 15.895 15.829 15.763 15.697 15.630 15.562 15.494 15.444 15.398 15.343 15.287 15.231 15.175 15.119 15.063 15.008 14.952 14.896 14.840 14.782 14.713 14.644 14.575 14.505 14.436 14.367 14.298 14.228 14.159 14.090 14.020 13.974 13.954 14.012 14.070 14.111 14.153 14.194 14.235 14.277 14.318 14.359 14.401 14.442 14.483 14.525 14.614 14.711 14.807 14.903 15.000 15.096 15.192 15.289 15.363 15.431 15.500 15.568 15.636 15.677 15.687 15.698 15.708 15.718 15.729 15.740
16.723 16.636 16.549 16.462 16.375 16.294 16.228 16.162 16.096 16.029 15.963 15.897 15.831 15.764 15.696 15.627 15.559 15.491 15.442 15.397 15.351 15.300 15.244 15.189 15.133 15.077 15.021 14.965 14.910 14.854 14.795 14.726 14.657 14.587 14.518 14.449 14.379 14.310 14.241 14.172 14.102 14.033 13.964 13.911 13.952 13.994 14.035 14.076 14.118 14.159 14.200 14.242 14.283 14.324 14.366 14.407 14.448 14.542 14.638 14.735 14.831 14.927 15.024 15.120 15.216 15.313 15.400 15.468 15.536 15.604 15.641 15.651 15.662 15.672 15.682 15.697 15.741
16.724 16.637 16.550 16.463 16.376 16.296 16.230 16.164 16.098 16.031 15.965 15.898 15.830 15.761 15.693 15.624 15.556 15.488 15.441 15.395 15.350 15.304 15.258 15.202 15.146 15.091 15.035 14.979 14.923 14.867 14.808 14.738 14.669 14.600 14.531 14.461 14.392 14.323 14.254 14.184 14.115 14.048 13.984 13.928 13.897 13.917 13.959 14.000 14.041 14.083 14.124 14.165 14.207 14.248 14.289 14.331 14.373 14.470 14.566 14.662 14.759 14.855 14.951 15.048 15.144 15.240 15.337 15.433 15.504 15.573 15.605 15.615 15.625 15.648 15.692 15.735 15.778
16.717 16.635 16.551 16.463 16.376 16.298 16.232 16.166 16.100 16.032 15.963 15.895 15.827 15.758 15.690 15.622 15.553 15.485 15.440 15.394 15.348 15.303 15.257 15.211 15.160 15.104 15.048 14.992 14.937 14.881 14.820 14.751 14.682 14.613 14.543 14.474 14.405 14.335 14.266 14.200 14.136 14.072 14.007 13.954 13.924 13.893 13.882 13.924 13.965 14.006 14.048 14.089 14.130 14.172 14.213 14.254 14.301 14.397 14.494 14.590 14.686 14.783 14.879 14.975 15.072 15.168 15.264 15.361 15.457 15.541 15.569 15.599 15.643 15.686 15.729 15.772 15.816
16.710 16.628 16.546 16.464 16.377 16.300 16.234 16.166 16.097 16.029 15.960 15.892 15.824 15.755 15.687 15.619 15.550 15.484 15.438 15.393 15.347 15.301 15.256 15.210 15.164 15.118 15.062 15.006 14.950 14.894 14.833 14.764 14.694 14.625 14.556 14.487 14.417 14.352 14.288 14.224 14.159 14.095 14.031 13.981 13.950 13.919 13.888 13.857 13.889 13.930 13.971 14.013 14.054 14.095 14.137 14.178 14.229 14.325 14.421 14.518 14.614 14.710 14.807 14.903 14.999 15.096 15.192 15.288 15.385 15.490 15.594 15.637 15.680 15.723 15.767 15.810 15.853
16.702 16.620 16.539 16.457 16.375 16.300 16.232 16.164 16.094 16.026 15.957 15.889 15.821 15.752 15.684 15.616 15.547 15.483 15.437 15.391 15.346 15.300 15.254 15.209 15.163 15.117 15.072 15.020 14.964 14.908 14.846 14.776 14.707 14.638 14.569 14.505 14.440 14.376 14.312 14.247 14.183 14.119 14.055 14.008 13.977 13.946 13.915 13.884 13.853 13.854 13.895 13.936 13.978 14.019 14.060 14.102 14.156 14.253 14.349 14.445 14.542 14.638 14.734 14.831 14.927 15.023 15.120 15.227 15.334 15.442 15.546 15.650 15.718 15.761 15.804 15.847 15.891
16.694 16.613 16.531 16.453 16.378 16.303 16.229 16.161 16.091 16.023 15.955 15.886 15.818 15.749 15.681 15.613 15.544 15.482 15.436 15.390 15.345 15.299 15.253 15.207 15.162 15.116 15.070 15.025 14.977 14.921 14.858 14.789 14.721 14.657 14.593 14.528 14.464 14.400 14.335 14.271 14.207 14.142 14.078 14.034 14.003 13.972 13.941 13.910 13.879 13.848 13.819 13.860 13.901 13.943 13.984 14.025 14.084 14.180 14.277 14.373 14.469 14.566 14.662 14.758 14.857 14.964 15.071 15.179 15.286 15.393 15.497 15.601 15.705 15.798 15.842 15.885 15.928
