includes/lisflood/results_R4_t1.553595286033E12/res-0010.wdfp
ncols         631
nrows         906
xllcorner     364927.146600
yllcorner     6531972.565600
cellsize      20.000000
NODATA_value  -9999.000000
[rows 136 to 169 of 906, columns 462 to 538 of 631]
1.179 1.240 1.300 1.361 1.422 1.483 1.543 1.604 1.694 1.787 1.880 1.973 2.066 2.159 2.253 2.350 2.447 2.545 2.642 2.739 2.846 2.988 3.130 3.272 3.414 3.556 3.699 3.841 3.983 4.125 4.267 4.410 4.552 4.685 4.787 4.902 5.037 5.172 5.307 5.442 5.577 5.712 5.847 5.983 6.118 6.253 6.388 6.523 6.658 6.694 6.677 6.659 6.642 6.625 6.666 6.709 6.752 6.795 6.838 6.881 6.924 6.967 7.010 7.053 7.096 7.058 6.966 6.873 6.790 6.713 6.637 6.560 6.483 6.406 6.329 6.252 6.175
1.077 1.138 1.198 1.259 1.320 1.381 1.441 1.502 1.582 1.675 1.768 1.861 1.954 2.048 2.145 2.242 2.339 2.437 2.534 2.631 2.728 2.868 3.010 3.152 3.294 3.437 3.579 3.721 3.863 4.005 4.147 4.290 4.417 4.509 4.607 4.717 4.826 4.936 5.045 5.178 5.313 5.448 5.583 5.718 5.853 5.988 6.123 6.259 6.394 6.489 6.472 6.455 6.438 6.455 6.498 6.541 6.584 6.627 6.670 6.713 6.756 6.800 6.842 6.885 6.928 6.972 6.880 6.790 6.713 6.637 6.560 6.483 6.406 6.329 6.252 6.176 6.099
0.975 1.036 1.096 1.157 1.218 1.278 1.339 1.400 1.469 1.562 1.655 1.748 1.842 1.939 2.037 2.134 2.231 2.328 2.426 2.523 2.620 2.748 2.890 3.032 3.174 3.317 3.459 3.601 3.743 3.885 4.027 4.148 4.240 4.332 4.427 4.537 4.646 4.756 4.865 4.975 5.084 5.194 5.319 5.454 5.589 5.724 5.859 5.994 6.129 6.265 6.268 6.251 6.245 6.288 6.331 6.374 6.417 6.460 6.503 6.546 6.589 6.632 6.675 6.718 6.761 6.804 6.794 6.713 6.636 6.560 6.483 6.408 6.337 6.266 6.195 6.124 6.053
0.889 0.943 0.998 1.055 1.116 1.176 1.237 1.298 1.358 1.450 1.543 1.637 1.734 1.831 1.928 2.026 2.123 2.220 2.317 2.415 2.512 2.628 2.770 2.912 3.054 3.197 3.339 3.481 3.623 3.765 3.880 3.972 4.064 4.156 4.248 4.357 4.467 4.576 4.685 4.795 4.904 5.014 5.123 5.233 5.342 5.460 5.595 5.730 5.865 6.000 6.064 6.046 6.077 6.120 6.163 6.206 6.249 6.292 6.335 6.378 6.421 6.464 6.508 6.558 6.615 6.672 6.715 6.666 6.595 6.524 6.453 6.382 6.311 6.240 6.169 6.097 6.026
0.805 0.860 0.914 0.969 1.023 1.078 1.135 1.195 1.256 1.338 1.432 1.529 1.626 1.723 1.820 1.918 2.015 2.112 2.209 2.307 2.404 2.508 2.650 2.792 2.934 3.076 3.219 3.361 3.503 3.612 3.704 3.796 3.888 3.980 4.072 4.177 4.287 4.396 4.506 4.615 4.725 4.834 4.944 5.053 5.162 5.272 5.382 5.491 5.601 5.736 5.859 5.867 5.910 5.953 5.996 6.039 6.095 6.152 6.208 6.265 6.322 6.379 6.436 6.492 6.549 6.606 6.632 6.615 6.569 6.498 6.427 6.356 6.284 6.213 6.142 6.071 6.000
0.722 0.776 0.831 0.885 0.940 0.994 1.049 1.103 1.158 1.227 1.324 1.421 1.518 1.615 1.712 1.809 1.907 2.004 2.101 2.198 2.295 2.393 2.530 2.672 2.814 2.956 3.099 3.241 3.343 3.435 3.528 3.620 3.712 3.804 3.896 3.997 4.107 4.216 4.326 4.435 4.545 4.654 4.764 4.873 4.983 5.092 5.202 5.311 5.421 5.530 5.671 5.745 5.802 5.859 5.915 5.972 6.029 6.086 6.143 6.199 6.256 6.313 6.370 6.427 6.483 6.540 6.549 6.532 6.515 6.471 6.400 6.329 6.258 6.187 6.116 6.045 5.979
0.639 0.693 0.747 0.802 0.856 0.911 0.965 1.020 1.076 1.138 1.228 1.318 1.410 1.507 1.604 1.701 1.798 1.895 1.993 2.090 2.187 2.284 2.410 2.552 2.694 2.836 2.979 3.075 3.167 3.259 3.351 3.443 3.536 3.628 3.720 3.818 3.927 4.037 4.146 4.255 4.365 4.474 4.584 4.693 4.803 4.912 5.022 5.131 5.241 5.424 5.645 5.704 5.736 5.793 5.850 5.906 5.963 6.020 6.077 6.134 6.190 6.247 6.304 6.361 6.418 6.474 6.466 6.449 6.432 6.415 6.374 6.303 6.232 6.160 6.089 6.018 5.961
0.555 0.610 0.664 0.719 0.773 0.827 0.882 0.939 0.997 1.054 1.142 1.232 1.322 1.412 1.502 1.593 1.690 1.787 1.884 1.982 2.079 2.176 2.290 2.432 2.574 2.715 2.807 2.899 2.991 3.083 3.175 3.267 3.359 3.451 3.544 3.638 3.747 3.857 3.966 4.075 4.185 4.294 4.404 4.513 4.623 4.732 4.842 4.956 5.177 5.398 5.619 5.676 5.701 5.727 5.784 5.841 5.897 5.954 6.011 6.068 6.125 6.181 6.238 6.295 6.352 6.401 6.383 6.366 6.349 6.332 6.315 6.276 6.205 6.134 6.063 5.992 5.943
0.472 0.526 0.581 0.635 0.689 0.744 0.802 0.860 0.917 0.975 1.055 1.145 1.235 1.325 1.415 1.505 1.595 1.685 1.776 1.873 1.971 2.068 2.170 2.312 2.447 2.539 2.631 2.723 2.815 2.907 2.999 3.091 3.183 3.275 3.367 3.459 3.567 3.677 3.786 3.896 4.005 4.114 4.224 4.333 4.443 4.552 4.708 4.929 5.150 5.371 5.592 5.648 5.673 5.697 5.722 5.775 5.832 5.888 5.945 6.002 6.059 6.116 6.172 6.229 6.286 6.318 6.301 6.283 6.266 6.249 6.232 6.215 6.179 6.108 6.036 5.965 5.925
0.389 0.443 0.497 0.552 0.608 0.665 0.722 0.780 0.838 0.895 0.969 1.059 1.149 1.239 1.329 1.419 1.509 1.599 1.689 1.779 1.869 1.960 2.057 2.179 2.271 2.363 2.455 2.546 2.639 2.731 2.823 2.915 3.007 3.099 3.191 3.283 3.387 3.497 3.606 3.716 3.825 3.934 4.044 4.153 4.263 4.461 4.682 4.903 5.124 5.345 5.566 5.620 5.645 5.670 5.694 5.719 5.766 5.823 5.879 5.936 5.993 6.050 6.107 6.164 6.220 6.235 6.218 6.200 6.183 6.166 6.149 6.132 6.115 6.081 6.010 5.939 5.907
0.306 0.360 0.414 0.471 0.528 0.586 0.643 0.701 0.758 0.816 0.883 0.973 1.062 1.152 1.242 1.332 1.422 1.512 1.603 1.693 1.783 1.873 1.954 2.023 2.094 2.186 2.278 2.370 2.462 2.554 2.646 2.738 2.830 2.923 3.015 3.107 3.207 3.317 3.426 3.536 3.645 3.754 3.864 3.993 4.214 4.435 4.655 4.877 5.098 5.319 5.540 5.592 5.617 5.642 5.666 5.691 5.716 5.757 5.814 5.871 5.927 5.984 6.041 6.098 6.155 6.152 6.135 6.118 6.100 6.083 6.066 6.049 6.032 6.014 5.983 5.912 5.889
0.222 0.277 0.334 0.392 0.449 0.507 0.564 0.621 0.679 0.736 0.797 0.886 0.976 1.066 1.156 1.246 1.336 1.426 1.516 1.606 1.696 1.774 1.844 1.912 1.980 2.048 2.116 2.194 2.286 2.378 2.470 2.562 2.654 2.746 2.838 2.930 3.027 3.137 3.246 3.356 3.465 3.574 3.745 3.966 4.187 4.408 4.629 4.850 5.071 5.292 5.513 5.564 5.589 5.614 5.639 5.663 5.688 5.713 5.748 5.805 5.862 5.918 5.975 6.032 6.086 6.069 6.052 6.035 6.017 6.000 5.983 5.966 5.949 5.931 5.914 5.886 5.861
0.141 0.198 0.255 0.313 0.370 0.427 0.485 0.542 0.599 0.657 0.714 0.800 0.890 0.979 1.069 1.159 1.249 1.339 1.429 1.519 1.594 1.663 1.733 1.802 1.870 1.938 2.006 2.074 2.142 2.210 2.294 2.386 2.478 2.570 2.662 2.754 2.847 2.957 3.066 3.176 3.285 3.498 3.719 3.940 4.161 4.382 4.603 4.824 5.045 5.266 5.487 5.536 5.561 5.586 5.611 5.635 5.660 5.685 5.710 5.739 5.796 5.853 5.909 5.966 6.003 5.986 5.969 5.952 5.935 5.917 5.900 5.883 5.866 5.848 5.830 5.813 5.800
0.065 0.119 0.176 0.233 0.291 0.348 0.405 0.463 0.520 0.577 0.635 0.714 0.803 0.893 0.983 1.073 1.163 1.253 1.343 1.413 1.483 1.552 1.622 1.692 1.760 1.828 1.895 1.963 2.031 2.099 2.167 2.235 2.303 2.394 2.486 2.578 2.670 2.776 2.886 3.029 3.250 3.471 3.692 3.913 4.134 4.356 4.576 4.798 5.019 5.240 5.461 5.509 5.533 5.558 5.583 5.608 5.632 5.657 5.682 5.707 5.731 5.787 5.844 5.900 5.920 5.903 5.886 5.869 5.852 5.835 5.817 5.799 5.781 5.763 5.745 5.728 5.715
0.024 0.051 0.099 0.155 0.212 0.269 0.326 0.384 0.441 0.498 0.555 0.628 0.717 0.807 0.896 0.986 1.076 1.164 1.233 1.303 1.372 1.442 1.511 1.581 1.649 1.717 1.785 1.853 1.921 1.989 2.057 2.125 2.193 2.261 2.329 2.401 2.493 2.596 2.782 3.003 3.224 3.445 3.666 3.887 4.108 4.329 4.550 4.771 4.992 5.213 5.435 5.481 5.506 5.530 5.555 5.580 5.605 5.629 5.654 5.679 5.703 5.728 5.778 5.835 5.837 5.820 5.803 5.786 5.768 5.750 5.732 5.714 5.696 5.678 5.660 5.643 5.631
0.025 0.034 0.048 0.084 0.135 0.191 0.248 0.305 0.362 0.419 0.476 0.542 0.631 0.720 0.810 0.900 0.983 1.053 1.122 1.192 1.261 1.331 1.400 1.470 1.538 1.606 1.674 1.742 1.810 1.878 1.946 2.014 2.082 2.150 2.218 2.286 2.357 2.542 2.755 2.976 3.197 3.418 3.639 3.861 4.082 4.303 4.524 4.745 4.966 5.187 5.408 5.453 5.478 5.502 5.527 5.552 5.577 5.601 5.626 5.651 5.676 5.700 5.725 5.769 5.755 5.737 5.719 5.701 5.683 5.665 5.647 5.629 5.611 5.593 5.575 5.559 5.546
0.029 0.036 0.046 0.062 0.085 0.118 0.171 0.226 0.283 0.340 0.397 0.456 0.545 0.634 0.724 0.803 0.873 0.942 1.012 1.081 1.151 1.220 1.290 1.359 1.428 1.496 1.564 1.632 1.699 1.767 1.835 1.903 1.971 2.039 2.107 2.211 2.387 2.570 2.763 2.956 3.171 3.392 3.613 3.834 4.055 4.276 4.497 4.719 4.940 5.161 5.382 5.425 5.450 5.475 5.499 5.524 5.549 5.574 5.598 5.623 5.648 5.672 5.689 5.678 5.670 5.652 5.634 5.616 5.598 5.580 5.562 5.544 5.526 5.508 5.490 5.474 5.461
0.033 0.040 0.048 0.059 0.075 0.098 0.127 0.159 0.206 0.262 0.318 0.375 0.459 0.548 0.624 0.693 0.762 0.832 0.901 0.970 1.040 1.109 1.179 1.248 1.317 1.385 1.453 1.521 1.589 1.657 1.725 1.792 1.860 1.928 2.065 2.241 2.417 2.598 2.791 2.984 3.178 3.371 3.587 3.808 4.029 4.250 4.471 4.692 4.913 5.134 5.356 5.397 5.422 5.447 5.471 5.496 5.521 5.546 5.570 5.595 5.606 5.595 5.583 5.573 5.569 5.566 5.549 5.531 5.513 5.495 5.477 5.459 5.441 5.423 5.405 5.389 5.377
0.038 0.044 0.051 0.059 0.071 0.087 0.109 0.138 0.169 0.204 0.240 0.296 0.373 0.445 0.514 0.583 0.652 0.721 0.790 0.860 0.929 0.998 1.068 1.137 1.207 1.274 1.342 1.410 1.478 1.546 1.614 1.682 1.750 1.918 2.094 2.271 2.447 2.626 2.819 3.012 3.206 3.399 3.592 3.786 4.002 4.224 4.445 4.666 4.887 5.108 5.329 5.369 5.394 5.419 5.444 5.468 5.493 5.518 5.524 5.513 5.501 5.489 5.478 5.468 5.464 5.461 5.457 5.446 5.428 5.410 5.392 5.374 5.356 5.338 5.320 5.304 5.292
0.043 0.049 0.056 0.062 0.070 0.081 0.097 0.120 0.147 0.179 0.213 0.248 0.281 0.335 0.403 0.472 0.541 0.610 0.680 0.749 0.818 0.888 0.957 1.026 1.096 1.164 1.231 1.299 1.367 1.435 1.503 1.596 1.772 1.948 2.124 2.300 2.476 2.654 2.847 3.041 3.234 3.427 3.621 3.814 4.007 4.201 4.418 4.639 4.861 5.082 5.303 5.341 5.366 5.391 5.416 5.440 5.442 5.431 5.419 5.407 5.396 5.384 5.372 5.363 5.359 5.356 5.352 5.349 5.342 5.324 5.307 5.289 5.271 5.253 5.234 5.220 5.207
0.048 0.055 0.061 0.066 0.073 0.080 0.091 0.106 0.128 0.156 0.185 0.205 0.232 0.278 0.324 0.371 0.431 0.500 0.569 0.638 0.707 0.777 0.846 0.915 0.985 1.053 1.121 1.188 1.256 1.324 1.449 1.625 1.801 1.977 2.154 2.330 2.506 2.682 2.875 3.069 3.262 3.455 3.649 3.842 4.036 4.229 4.422 4.616 4.834 5.055 5.277 5.313 5.338 5.363 5.360 5.349 5.337 5.325 5.314 5.302 5.290 5.279 5.267 5.258 5.254 5.251 5.247 5.244 5.240 5.237 5.221 5.203 5.185 5.167 5.149 5.135 5.122
0.054 0.060 0.066 0.071 0.076 0.081 0.088 0.098 0.114 0.132 0.146 0.164 0.184 0.228 0.274 0.321 0.368 0.415 0.462 0.527 0.596 0.666 0.735 0.804 0.873 0.942 1.010 1.077 1.145 1.302 1.479 1.655 1.831 2.007 2.184 2.360 2.536 2.712 2.903 3.097 3.290 3.483 3.677 3.870 4.064 4.257 4.451 4.644 4.838 5.031 5.250 5.285 5.278 5.266 5.255 5.243 5.231 5.220 5.208 5.197 5.185 5.173 5.162 5.153 5.149 5.146 5.142 5.139 5.135 5.132 5.128 5.118 5.100 5.082 5.064 5.050 5.038
0.060 0.066 0.071 0.076 0.079 0.083 0.088 0.094 0.099 0.103 0.112 0.125 0.142 0.180 0.225 0.271 0.317 0.364 0.411 0.459 0.506 0.555 0.624 0.693 0.762 0.831 0.898 0.980 1.156 1.332 1.508 1.684 1.861 2.037 2.213 2.390 2.566 2.742 2.931 3.125 3.318 3.512 3.705 3.899 4.092 4.285 4.479 4.672 4.866 5.059 5.253 5.184 5.172 5.161 5.149 5.138 5.126 5.114 5.103 5.091 5.080 5.068 5.056 5.048 5.044 5.041 5.037 5.034 5.030 5.027 5.023 5.020 5.015 4.997 4.979 4.965 4.953
0.066 0.071 0.076 0.080 0.083 0.086 0.089 0.087 0.083 0.082 0.084 0.091 0.103 0.132 0.176 0.221 0.268 0.314 0.361 0.408 0.455 0.502 0.550 0.597 0.651 0.720 0.834 1.010 1.185 1.362 1.538 1.714 1.890 2.067 2.243 2.419 2.596 2.772 2.959 3.153 3.346 3.540 3.733 3.927 4.120 4.314 4.507 4.700 4.894 5.089 5.283 5.206 5.104 5.055 5.044 5.032 5.021 5.009 4.998 4.986 4.974 4.963 4.951 4.943 4.939 4.936 4.932 4.929 4.925 4.922 4.918 4.915 4.911 4.908 4.894 4.881 4.885
0.072 0.077 0.081 0.084 0.086 0.088 0.084 0.077 0.072 0.067 0.065 0.065 0.070 0.087 0.127 0.172 0.218 0.264 0.310 0.357 0.404 0.451 0.499 0.546 0.593 0.645 0.854 1.039 1.215 1.391 1.567 1.744 1.920 2.097 2.273 2.449 2.626 2.802 2.988 3.181 3.375 3.568 3.761 3.955 4.148 4.342 4.535 4.730 4.924 5.118 5.313 5.244 5.141 5.038 4.938 4.927 4.915 4.904 4.892 4.880 4.869 4.857 4.845 4.838 4.834 4.831 4.827 4.824 4.820 4.817 4.813 4.810 4.806 4.803 4.849 4.836 4.846
0.078 0.082 0.085 0.088 0.089 0.083 0.076 0.069 0.063 0.057 0.053 0.049 0.048 0.052 0.081 0.123 0.168 0.214 0.260 0.307 0.353 0.400 0.448 0.495 0.547 0.601 0.786 1.004 1.224 1.421 1.597 1.774 1.950 2.126 2.303 2.479 2.655 2.832 3.016 3.209 3.403 3.596 3.790 3.983 4.176 4.370 4.565 4.759 4.954 5.148 5.343 5.281 5.178 5.076 4.973 4.870 4.810 4.798 4.787 4.775 4.763 4.752 4.740 4.733 4.729 4.726 4.722 4.719 4.715 4.712 4.708 4.705 4.755 4.813 4.870 4.845 4.816
0.083 0.087 0.089 0.090 0.082 0.075 0.068 0.061 0.055 0.049 0.044 0.040 0.036 0.032 0.043 0.075 0.119 0.164 0.210 0.257 0.303 0.349 0.397 0.450 0.504 0.558 0.717 0.936 1.155 1.374 1.594 1.803 1.980 2.156 2.333 2.509 2.685 2.862 3.044 3.237 3.431 3.624 3.818 4.011 4.206 4.400 4.595 4.789 4.984 5.178 5.373 5.318 5.215 5.113 5.010 4.908 4.805 4.702 4.681 4.670 4.658 4.646 4.634 4.627 4.624 4.621 4.617 4.614 4.610 4.607 4.660 4.718 4.776 4.834 4.891 4.864 4.835
0.089 0.092 0.090 0.082 0.075 0.067 0.060 0.054 0.048 0.043 0.038 0.033 0.029 0.025 0.025 0.037 0.071 0.115 0.160 0.206 0.252 0.300 0.353 0.407 0.461 0.515 0.649 0.867 1.087 1.306 1.525 1.745 1.964 2.183 2.363 2.539 2.715 2.892 3.072 3.266 3.459 3.652 3.847 4.041 4.236 4.430 4.624 4.819 5.013 5.208 5.402 5.355 5.253 5.150 5.048 4.945 4.842 4.740 4.637 4.564 4.552 4.541 4.529 4.522 4.519 4.516 4.512 4.509 4.566 4.624 4.681 4.739 4.797 4.855 4.911 4.883 4.854
0.096 0.092 0.083 0.074 0.066 0.059 0.053 0.047 0.041 0.036 0.032 0.028 0.025 0.021 0.018 0.019 0.032 0.066 0.111 0.156 0.204 0.257 0.310 0.364 0.418 0.472 0.580 0.799 1.018 1.238 1.457 1.676 1.896 2.115 2.334 2.554 2.745 2.922 3.100 3.294 3.487 3.682 3.876 4.071 4.265 4.460 4.654 4.849 5.043 5.238 5.432 5.392 5.290 5.187 5.085 4.982 4.880 4.777 4.674 4.572 4.469 4.435 4.424 4.417 4.414 4.414 4.471 4.529 4.587 4.645 4.703 4.760 4.818 4.876 4.930 4.902 4.873
0.096 0.078 0.070 0.064 0.058 0.051 0.045 0.040 0.035 0.031 0.027 0.024 0.021 0.018 0.015 0.014 0.015 0.027 0.062 0.110 0.161 0.214 0.267 0.321 0.375 0.429 0.512 0.731 0.950 1.169 1.389 1.608 1.827 2.047 2.266 2.485 2.705 2.924 3.129 3.323 3.517 3.712 3.906 4.101 4.295 4.490 4.684 4.879 5.073 5.267 5.462 5.430 5.327 5.225 5.122 5.019 4.917 4.814 4.711 4.609 4.506 4.403 4.318 4.319 4.377 4.434 4.492 4.550 4.608 4.666 4.724 4.781 4.839 4.897 4.949 4.921 4.892
0.083 0.067 0.059 0.052 0.046 0.041 0.037 0.033 0.029 0.026 0.023 0.020 0.018 0.015 0.012 0.011 0.011 0.012 0.026 0.068 0.119 0.171 0.224 0.278 0.332 0.386 0.443 0.662 0.881 1.101 1.320 1.540 1.759 1.979 2.198 2.417 2.637 2.841 2.996 3.292 3.547 3.742 3.936 4.130 4.325 4.519 4.714 4.908 5.103 5.297 5.492 5.467 5.364 5.262 5.159 5.057 4.954 4.851 4.749 4.646 4.543 4.441 4.427 4.383 4.398 4.456 4.513 4.571 4.629 4.687 4.744 4.802 4.860 4.918 4.968 4.940 4.911
0.072 0.059 0.050 0.044 0.039 0.034 0.030 0.026 0.023 0.021 0.019 0.017 0.015 0.013 0.011 0.010 0.009 0.009 0.011 0.031 0.077 0.128 0.181 0.235 0.289 0.343 0.397 0.594 0.813 1.033 1.252 1.472 1.691 1.910 2.130 2.349 2.525 2.681 2.837 3.123 3.425 3.726 3.966 4.160 4.355 4.549 4.744 4.938 5.133 5.327 5.522 5.504 5.402 5.299 5.196 5.094 4.991 4.888 4.786 4.683 4.653 4.641 4.628 4.584 4.527 4.477 4.534 4.592 4.650 4.708 4.766 4.823 4.881 4.939 4.987 4.959 4.930
0.063 0.052 0.042 0.037 0.033 0.029 0.025 0.022 0.019 0.017 0.015 0.013 0.012 0.011 0.010 0.008 0.008 0.008 0.008 0.012 0.038 0.087 0.138 0.192 0.246 0.300 0.354 0.526 0.745 0.964 1.184 1.403 1.623 1.842 2.054 2.210 2.366 2.521 2.677 2.953 3.255 3.557 3.859 4.160 4.385 4.579 4.774 4.968 5.163 5.357 5.551 5.541 5.439 5.336 5.234 5.131 5.028 4.926 4.879 4.867 4.854 4.841 4.828 4.784 4.727 4.671 4.614 4.613 4.671 4.729 4.787 4.844 4.902 4.960 5.006 4.978 4.949
0.055 0.047 0.036 0.032 0.028 0.025 0.021 0.019 0.016 0.014 0.012 0.011 0.010 0.009 0.008 0.007 0.007 0.007 0.007 0.007 0.014 0.046 0.097 0.149 0.203 0.257 0.311 0.457 0.677 0.896 1.116 1.335 1.555 1.738 1.894 2.050 2.206 2.362 2.518 2.784 3.086 3.387 3.689 3.991 4.293 4.594 4.804 4.998 5.192 5.387 5.581 5.579 5.476 5.373 5.271 5.168 5.105 5.092 5.080 5.067 5.054 5.041 5.029 4.985 4.928 4.871 4.815 4.758 4.701 4.750 4.808 4.865 4.923 4.981 5.025 4.997 4.968
