includes/lisflood/results_R4_t1.553595286033E12/res.totaltm
ncols         631
nrows         906
xllcorner     364927.146600
yllcorner     6531972.565600
cellsize      20.000000
NODATA_value  -9999.000000
[rows 66 to 98 of 906, columns 296 to 369 of 631]
11.380 11.372 11.297 11.288 10.724 10.985 11.264 11.206 11.191 10.235 11.360 11.386 11.347 11.271 10.538 11.258 10.572 11.057 2.794 10.528 10.404 10.394 10.363 10.315 10.305 10.253 10.071 0.000 0.000 0.000 0.000 0.000 3.826 11.930 11.929 4.937 11.914 11.920 0.900 5.584 7.927 8.993 9.261 10.311 10.118 14.046 11.628 9.989 7.783 8.704 9.311 9.466 10.074 14.174 13.603 10.537 14.173 9.589 9.989 9.645 8.154 7.022 7.216 7.260 7.743 9.943 10.286 9.883 9.724 9.639 9.783 9.989 10.229 10.456
6.851 11.334 11.177 11.213 11.174 10.879 11.253 11.216 11.204 10.442 11.349 11.350 11.331 10.581 11.133 11.222 10.194 11.043 8.738 10.515 10.406 10.408 10.319 10.309 10.299 10.234 0.000 0.000 0.000 0.000 0.000 0.000 6.134 11.910 11.901 11.912 11.905 4.205 0.815 7.213 8.890 10.586 9.800 13.372 14.058 14.063 9.819 8.567 8.722 8.857 14.148 9.154 14.173 14.123 10.769 14.196 14.186 14.188 8.745 8.603 7.950 7.514 7.652 8.119 9.281 10.235 10.432 10.095 9.963 9.885 9.963 10.187 10.423 10.649
10.401 11.152 11.139 11.200 11.168 11.077 11.239 11.184 11.172 10.410 11.326 11.339 11.332 11.024 11.129 11.208 8.456 10.986 0.000 10.490 10.427 10.419 10.324 10.305 10.245 10.160 0.000 0.000 0.000 0.000 0.000 0.000 4.269 2.324 11.893 7.235 11.897 1.025 1.511 7.753 9.637 10.691 12.943 12.411 14.065 11.485 9.129 9.355 9.510 9.704 9.608 9.269 9.219 12.754 14.220 14.238 12.624 11.624 9.181 8.445 8.086 8.549 8.873 10.532 10.416 10.488 10.614 10.358 10.253 10.207 10.133 10.392 10.617 11.042
11.103 11.138 10.285 10.548 11.146 11.025 11.028 11.006 11.016 10.314 11.316 11.333 11.302 10.852 11.113 11.121 9.840 10.797 0.000 10.489 10.277 10.392 10.235 10.294 10.152 9.994 0.000 0.000 0.000 0.000 0.000 0.000 3.895 11.832 11.883 11.855 11.877 1.639 6.861 9.174 10.096 9.895 13.588 14.087 14.085 10.688 11.235 11.076 11.285 11.485 9.784 9.300 9.361 14.210 11.273 14.249 11.958 14.229 8.674 8.673 8.539 8.824 10.365 10.588 10.651 10.945 11.413 10.705 10.551 10.510 10.429 10.591 10.830 11.638
11.084 11.070 11.049 10.675 10.409 11.001 10.875 10.977 11.005 10.811 11.300 11.276 11.292 11.094 10.732 10.830 6.125 10.770 0.000 10.512 10.415 10.406 10.212 10.245 10.084 10.063 0.000 0.000 0.000 0.000 0.000 0.000 3.517 11.836 11.874 11.854 11.872 0.000 8.276 9.011 10.675 12.374 14.115 14.101 12.624 10.606 10.687 11.205 11.024 14.204 14.208 10.351 10.873 11.843 9.120 14.500 14.500 9.134 8.946 9.109 9.303 10.335 10.457 10.619 10.720 10.905 11.355 11.362 11.785 10.912 10.762 10.838 13.119 14.500
10.366 11.046 11.006 10.997 10.985 0.000 10.299 10.965 10.993 10.662 11.249 11.265 11.282 11.237 11.193 10.783 0.000 10.741 10.322 10.523 10.423 10.413 10.239 10.162 10.153 10.124 0.000 0.000 0.000 0.000 0.000 0.000 3.182 11.836 11.870 11.850 11.846 1.033 8.113 14.075 10.072 14.109 14.126 14.121 9.890 13.879 10.446 11.191 11.172 14.213 10.615 10.570 14.249 10.009 11.410 14.500 14.500 14.500 14.500 14.134 13.539 12.945 12.409 11.956 11.601 11.413 11.462 11.509 11.816 12.641 14.500 14.500 14.500 14.500
10.461 10.266 10.996 10.981 10.973 10.963 10.851 0.000 10.955 10.918 11.199 11.254 11.242 11.236 10.794 10.775 6.134 10.593 0.000 10.530 10.310 10.371 10.324 10.179 10.240 5.399 0.000 0.000 0.000 0.000 0.000 0.000 3.723 11.828 11.859 11.846 0.827 0.861 8.559 9.479 12.512 14.116 14.130 8.743 9.931 11.054 11.323 11.280 14.212 13.937 11.826 13.125 10.742 12.024 11.894 14.500 14.500 14.500 14.500 14.500 14.432 14.128 13.732 13.313 12.900 12.522 12.246 12.287 13.487 14.500 14.500 14.500 14.500 14.500
10.729 10.690 10.413 10.327 10.961 10.949 10.959 10.986 7.431 11.142 11.175 11.237 11.235 11.225 11.214 10.684 10.620 10.601 0.000 10.552 10.399 10.386 10.364 10.291 10.263 10.122 0.000 0.000 0.000 0.000 9.836 0.000 1.782 11.819 11.849 11.833 0.000 6.645 8.436 9.726 11.424 12.233 14.142 10.417 10.627 14.181 11.776 14.209 11.959 14.500 12.654 13.913 13.530 13.276 13.047 14.237 14.500 14.500 14.500 14.500 14.500 14.491 14.352 14.108 13.806 13.482 13.368 14.389 14.500 14.500 14.500 14.500 14.500 14.500
10.178 10.674 10.628 10.343 10.273 10.956 10.988 11.012 11.049 11.116 11.142 11.109 11.224 11.213 11.153 11.145 10.623 10.283 10.161 10.562 10.453 10.280 10.382 10.309 10.295 10.233 0.000 0.000 0.000 9.981 0.839 0.000 0.954 11.819 11.846 11.838 1.934 5.456 8.151 8.838 10.770 14.139 14.153 14.014 14.177 14.193 11.726 11.725 14.500 10.855 13.832 13.908 13.783 13.618 13.458 13.906 14.184 14.500 14.500 14.500 14.500 14.500 14.500 14.457 14.314 14.261 14.500 14.500 14.500 14.500 14.500 14.500 14.500 14.500
10.432 10.000 10.616 10.469 10.402 10.299 10.344 11.001 11.048 11.080 11.014 11.043 11.144 11.196 11.167 11.150 11.142 10.643 10.565 10.593 10.497 10.449 10.413 10.395 10.308 0.000 0.000 0.000 0.000 10.053 0.858 0.000 0.000 11.819 11.837 11.862 0.921 5.758 8.222 8.832 11.422 11.822 14.159 14.163 14.170 14.203 12.082 12.130 14.500 10.627 13.826 14.048 14.067 14.012 13.917 14.006 13.982 14.320 14.500 14.500 14.500 14.500 14.500 14.500 14.500 14.500 14.500 14.500 14.500 14.500 14.500 14.500 14.500 14.500
10.466 10.568 10.582 5.913 10.450 10.471 10.429 5.163 10.993 11.024 11.036 11.058 11.109 11.090 11.089 11.063 11.114 10.483 10.447 10.618 10.472 10.458 10.416 10.400 10.387 8.800 0.000 0.000 0.000 0.000 2.069 0.000 0.000 11.811 11.880 11.875 0.000 5.854 8.759 10.144 14.129 10.881 14.164 14.183 14.182 14.214 14.243 14.500 14.500 14.500 14.500 14.500 14.500 14.500 14.500 14.500 14.500 14.500 14.500 14.500 14.500 14.500 14.500 14.500 14.500 14.500 14.500 14.500 14.500 14.500 14.500 14.500 14.500 14.500
10.122 10.503 10.553 10.518 1.880 10.495 10.523 10.545 10.566 10.929 10.733 11.027 11.088 11.074 11.074 11.007 11.088 10.573 10.658 10.639 10.519 10.359 10.406 10.368 10.306 10.286 0.000 0.000 1.525 10.860 5.571 2.887 0.000 11.826 11.900 11.885 2.671 6.362 8.466 8.983 9.524 12.877 14.181 14.189 14.204 14.218 14.234 14.500 14.500 14.500 14.500 14.500 14.500 14.500 14.500 14.500 14.500 14.500 14.500 14.500 14.500 14.500 14.500 14.500 14.500 14.500 14.500 14.500 14.500 14.500 14.500 14.500 14.500 14.500
10.460 10.491 9.338 10.467 10.450 10.475 6.238 10.531 10.549 10.531 10.609 10.968 11.068 11.056 11.042 11.070 11.080 10.769 10.712 10.620 10.511 10.326 10.366 10.366 10.329 0.000 0.000 0.000 11.218 11.332 11.351 0.000 0.000 11.821 11.908 11.894 0.000 6.271 9.061 8.891 14.162 13.001 14.190 14.204 14.224 14.235 14.500 14.500 14.500 14.500 14.500 14.500 14.500 14.500 14.500 14.500 14.500 14.500 14.500 14.500 14.500 14.500 14.500 14.500 14.500 14.500 14.500 14.500 14.500 14.500 14.500 14.500 14.500 14.500
10.412 10.357 10.336 10.276 10.412 10.383 10.299 7.986 5.279 10.515 10.625 10.649 10.873 10.994 11.026 10.925 11.070 10.707 10.695 10.678 10.236 10.300 10.375 10.373 10.366 0.000 0.000 3.064 10.849 11.352 5.075 6.425 0.957 3.843 11.914 11.904 0.000 6.200 8.541 8.504 9.377 9.295 10.337 14.202 14.214 14.228 14.236 14.245 14.500 14.500 14.500 14.500 14.500 14.500 14.500 14.500 14.500 14.500 14.500 14.500 14.500 14.500 14.500 14.500 14.500 14.500 14.500 14.500 14.500 14.500 14.500 14.500 14.500 14.500
10.066 10.336 10.376 10.392 10.404 2.258 0.000 1.886 3.313 10.226 10.668 10.700 10.783 10.979 10.974 11.014 11.027 10.599 10.676 10.558 10.455 10.407 10.419 10.409 0.000 0.000 0.000 11.311 11.328 11.339 11.382 11.400 0.376 0.927 11.918 11.915 0.000 6.333 8.731 14.127 9.213 9.229 10.314 14.198 11.869 13.623 14.246 14.500 14.500 14.500 14.500 14.500 14.500 14.500 14.500 14.500 14.500 14.500 14.500 14.500 14.500 14.500 14.500 14.500 14.500 14.500 14.500 14.500 14.500 14.500 14.500 14.500 14.500 14.500
10.204 10.224 9.942 10.378 10.386 10.281 10.266 0.000 2.768 0.000 0.000 10.517 10.769 10.939 10.963 11.004 11.005 10.494 10.537 9.341 10.378 10.390 10.427 10.377 0.000 0.000 4.051 10.870 11.306 11.326 11.303 11.377 0.377 0.000 11.964 11.962 0.889 6.468 8.475 8.867 10.075 9.535 14.203 14.212 14.500 14.243 14.500 14.500 14.500 14.500 14.500 14.500 14.500 14.500 14.500 14.500 14.500 14.500 14.500 14.500 14.500 14.500 14.500 14.500 14.500 14.500 14.500 14.500 14.500 14.500 14.500 14.500 14.500 14.500
10.187 10.031 10.054 8.987 10.370 10.334 10.284 10.219 9.992 7.564 8.431 10.504 10.801 10.925 10.950 10.945 10.973 10.835 10.681 10.488 10.437 10.423 10.434 10.421 8.116 0.000 11.018 11.070 11.290 10.850 10.871 6.264 0.257 0.000 11.970 12.060 1.056 6.050 8.713 14.130 9.186 10.297 14.196 9.068 9.254 14.500 14.500 14.500 14.500 14.500 14.500 14.500 14.500 14.500 14.500 14.500 14.500 14.500 14.500 14.500 14.500 14.500 14.500 14.500 14.500 14.500 14.500 14.500 14.500 14.500 14.500 14.500 14.500 14.500
10.163 10.162 10.065 10.191 10.207 9.933 10.275 10.258 10.297 10.330 10.350 10.398 10.795 10.909 10.895 10.909 10.709 10.817 10.800 9.542 10.462 10.399 10.444 10.363 0.000 1.860 10.729 11.216 11.265 11.177 8.248 10.823 1.221 0.000 3.489 12.125 3.313 5.881 9.042 9.090 9.240 14.171 12.185 8.927 9.574 9.698 14.500 14.500 14.500 14.500 14.500 14.500 14.500 14.500 14.500 14.500 14.500 14.500 14.500 14.500 14.500 14.500 14.500 14.500 14.500 14.500 14.500 14.500 14.500 14.500 14.500 14.500 14.500 14.500
10.084 10.186 10.196 10.192 10.114 10.102 10.020 10.280 10.290 10.342 10.360 10.382 10.828 10.848 10.809 10.788 10.561 10.567 10.747 4.281 10.492 10.414 10.473 0.000 0.000 0.000 11.155 11.168 11.129 10.718 10.741 10.728 4.267 0.000 11.916 12.146 3.949 5.541 8.623 8.783 8.847 9.100 9.199 9.478 9.443 9.661 9.112 13.540 13.638 14.012 14.462 14.500 14.500 14.500 14.500 14.500 14.500 14.500 14.500 14.500 14.500 14.500 14.500 14.500 14.500 14.500 14.500 14.500 14.500 14.500 14.500 14.500 14.500 14.500
10.071 10.033 10.205 10.232 10.247 10.049 10.289 10.240 10.025 10.370 10.278 5.144 10.819 10.768 10.792 8.863 10.626 10.591 10.653 10.559 10.551 10.467 10.492 10.437 0.000 6.243 11.140 11.153 11.127 10.894 10.761 10.724 7.287 0.000 2.875 12.163 12.179 4.888 7.791 8.696 12.086 9.177 9.400 9.286 9.321 11.099 12.316 11.777 11.516 13.132 14.218 14.500 14.500 14.500 14.407 13.999 14.253 14.500 14.500 14.500 14.500 14.500 14.500 14.500 14.500 14.500 14.500 14.500 14.500 14.500 14.500 14.500 14.500 14.500
10.023 10.100 10.184 10.199 10.257 10.303 10.333 10.185 10.363 10.383 10.524 6.654 10.733 10.651 10.709 10.689 10.645 10.651 10.643 10.540 10.529 10.443 10.501 10.437 0.000 8.873 11.117 10.768 3.026 7.493 2.965 5.575 4.516 0.000 0.000 12.149 12.160 0.000 7.138 8.705 8.622 9.718 14.181 10.409 10.587 11.086 10.797 9.727 10.163 13.824 14.495 14.500 14.500 14.500 13.975 13.917 13.831 14.262 14.500 14.500 14.500 14.500 14.500 14.500 14.500 14.500 14.500 14.500 14.500 14.500 14.500 14.500 14.500 14.500
10.000 5.829 10.163 10.183 10.070 10.332 10.344 10.353 7.834 10.527 10.544 10.505 10.712 10.706 9.800 10.697 10.664 10.668 10.655 10.564 10.597 10.517 10.507 10.450 0.000 10.332 10.844 10.773 10.793 10.777 5.665 3.391 10.585 0.000 0.000 12.042 12.142 2.254 6.588 8.623 9.534 9.002 10.220 10.809 11.215 14.212 9.285 9.297 9.594 14.466 14.500 14.500 14.500 14.281 13.881 13.747 13.567 13.413 14.439 14.456 14.487 14.500 14.500 14.500 14.500 14.500 14.500 14.500 14.500 14.500 14.500 14.500 14.500 14.500
0.000 10.088 10.102 10.118 10.146 10.235 10.251 10.377 10.390 10.546 10.555 10.622 10.704 3.953 10.698 10.718 10.723 10.683 10.668 7.059 10.617 10.566 10.560 10.440 3.309 0.846 10.792 10.786 10.798 10.807 10.812 8.906 0.827 0.000 0.000 11.942 12.117 3.377 5.523 8.946 8.923 9.607 14.169 9.093 9.851 9.290 14.214 10.012 14.500 14.500 14.500 14.500 14.477 13.747 13.551 13.309 13.084 12.884 13.153 13.671 13.640 13.617 13.607 13.608 13.622 13.657 13.731 13.861 14.030 14.207 14.381 14.500 14.500 14.500
0.000 0.000 8.082 10.123 10.153 10.332 10.348 10.321 10.517 10.531 10.497 10.665 10.678 10.685 10.696 10.728 10.734 10.740 8.922 10.582 10.633 10.622 0.000 9.606 0.000 0.000 10.800 10.806 10.830 10.813 10.853 10.799 5.899 0.000 0.000 0.000 12.064 12.079 4.012 8.425 8.940 9.009 8.974 9.040 9.164 11.049 14.210 13.312 14.206 14.250 14.500 14.500 13.809 13.317 12.958 12.683 12.500 12.369 12.299 12.890 12.784 12.771 12.835 12.981 13.191 13.426 13.660 13.881 14.082 14.262 14.426 14.500 14.500 14.500
0.000 0.000 0.000 0.000 0.000 8.340 10.361 10.403 10.491 10.406 3.633 10.656 10.611 10.718 10.729 10.734 10.747 10.757 10.757 10.703 0.000 10.629 10.673 1.287 0.000 0.000 10.802 10.837 10.838 10.855 10.865 8.043 3.383 1.403 0.000 0.000 11.986 12.066 0.000 6.923 14.092 8.521 9.701 9.645 14.180 9.633 14.204 9.566 14.225 14.230 14.247 13.854 12.737 12.351 12.137 12.006 11.914 11.874 11.837 12.017 12.246 12.416 12.679 12.982 13.277 13.540 13.776 13.985 14.166 14.323 14.465 14.500 14.500 14.500
5.171 0.000 0.000 0.000 9.628 6.052 10.325 10.302 10.449 10.470 0.000 8.372 10.681 10.702 10.727 10.737 10.745 10.769 10.780 10.768 0.366 0.000 10.690 2.296 0.000 0.000 5.503 10.845 10.861 10.892 10.872 7.015 3.280 1.103 0.000 0.000 11.922 12.043 0.817 6.000 8.659 14.117 8.957 9.082 10.263 14.185 12.102 9.044 9.304 14.224 10.219 10.963 11.411 11.464 11.491 11.495 11.490 11.524 11.582 11.694 12.157 12.476 12.838 13.166 13.446 13.688 13.901 14.084 14.235 14.366 14.488 14.500 14.500 14.500
8.976 4.473 0.000 0.000 0.000 0.000 10.215 10.430 10.470 4.830 10.624 10.678 10.689 10.714 10.714 10.746 10.753 10.780 10.786 10.813 10.818 10.859 6.364 10.808 0.000 6.055 10.791 10.863 10.873 10.906 10.907 3.034 10.781 0.000 10.847 0.000 1.559 11.985 0.000 4.953 7.755 8.693 9.218 14.152 9.556 9.870 9.345 10.667 14.206 14.212 14.228 11.297 11.493 11.408 11.322 11.263 11.276 11.339 11.482 11.652 12.162 12.712 13.075 13.365 13.612 13.828 14.010 14.160 14.284 14.393 14.497 14.500 14.500 14.500
0.000 7.246 8.841 0.000 0.000 0.000 0.000 10.295 10.442 0.857 10.666 10.700 10.709 10.723 10.732 10.753 10.732 10.739 10.798 10.807 10.827 10.869 10.898 10.922 10.930 10.954 10.969 3.915 10.861 10.920 10.921 10.932 4.633 0.000 7.444 0.000 1.008 11.922 0.967 0.000 6.768 8.373 9.144 8.623 9.310 9.167 14.177 10.614 8.919 14.209 14.221 9.336 10.381 10.739 10.837 10.949 11.078 11.230 11.467 11.761 12.186 12.993 13.292 13.545 13.766 13.952 14.100 14.216 14.314 14.405 14.500 14.500 14.500 14.500
8.551 9.001 8.877 8.597 2.697 0.000 0.000 0.000 0.000 10.648 10.677 10.686 10.715 10.724 10.754 10.763 10.769 10.805 10.816 10.824 10.857 10.868 10.877 10.904 10.896 10.886 10.987 11.004 11.017 11.019 10.933 10.943 11.170 11.241 11.296 0.000 0.000 4.045 11.735 0.000 5.960 8.612 8.779 9.152 9.160 14.157 10.195 12.923 13.205 14.207 10.169 14.230 10.541 10.760 10.812 10.924 11.064 11.271 11.597 12.021 12.405 13.184 13.484 13.715 13.909 14.058 14.169 14.255 14.331 14.412 14.500 14.500 14.500 14.500
9.140 9.032 8.929 8.866 2.279 0.000 0.000 0.000 10.599 10.646 10.660 10.687 10.707 10.719 10.726 10.753 10.757 10.778 10.816 10.824 10.853 10.863 10.897 10.914 10.925 10.959 11.008 11.021 11.032 11.042 11.065 11.189 11.245 11.298 5.677 1.993 0.591 2.163 11.719 0.000 4.987 7.503 8.826 8.773 9.678 10.606 9.628 14.179 9.161 14.198 14.209 9.145 9.395 9.551 10.702 10.877 11.077 11.415 11.882 12.355 12.730 13.123 13.676 13.885 14.038 14.145 14.218 14.276 14.335 14.423 14.500 14.500 14.500 14.500
9.094 9.069 8.989 8.926 8.831 8.789 0.000 1.988 2.637 10.635 10.651 10.670 10.681 10.705 10.719 10.724 10.748 10.720 10.796 10.793 10.827 10.838 10.882 10.888 10.934 10.946 10.923 10.930 10.909 10.943 11.095 11.111 10.841 11.269 11.302 3.192 0.522 0.000 0.000 0.000 0.971 6.524 8.750 8.625 14.131 8.874 14.148 8.935 8.697 9.118 14.195 9.050 9.298 10.590 10.792 10.906 11.222 11.759 12.272 12.706 13.020 13.224 13.913 14.046 14.146 14.203 14.239 14.272 14.333 14.447 14.482 14.500 14.500 14.500
8.855 8.976 8.967 8.934 8.898 0.000 0.000 0.000 10.590 10.615 10.643 10.660 10.663 10.689 10.689 10.718 10.733 10.735 10.764 10.760 10.775 10.826 10.792 10.887 10.898 10.912 10.910 10.950 10.952 11.064 11.109 11.121 11.194 11.244 11.278 11.300 3.218 0.000 0.000 0.000 0.000 5.243 8.604 8.625 8.827 8.687 14.147 9.008 9.189 14.187 14.203 10.527 14.227 10.319 10.356 10.935 11.596 12.210 12.689 13.019 13.246 13.355 13.662 14.150 14.211 14.222 14.221 14.243 14.347 14.403 14.442 14.500 14.500 14.500
0.000 0.000 3.137 8.845 0.000 9.804 7.877 10.544 10.594 10.609 10.628 10.636 10.649 10.674 10.684 10.699 10.707 10.748 10.756 10.776 10.784 10.817 10.852 10.867 10.914 10.929 10.950 11.021 11.081 11.098 11.112 11.172 11.179 11.181 11.248 11.273 11.279 0.000 0.000 0.000 1.968 2.602 6.802 8.365 8.457 14.118 8.967 9.612 8.901 14.193 14.203 14.211 14.222 9.375 10.254 11.343 12.146 12.696 13.058 13.271 13.395 13.452 13.536 14.283 14.243 14.186 14.142 14.199 14.278 14.303 14.440 14.500 14.500 14.500
