includes/lisflood/results_R4_t1.553595286033E12/res.totaltm
ncols         631
nrows         906
xllcorner     364927.146600
yllcorner     6531972.565600
cellsize      20.000000
NODATA_value  -9999.000000
[rows 825 to 857 of 906, columns 370 to 443 of 631]
0.000 0.000 0.000 0.000 0.000 0.000 0.000 0.000 0.000 0.000 0.000 0.000 0.000 0.000 0.000 0.000 0.000 0.000 0.000 0.000 0.000 0.000 0.000 9.837 9.945 10.006 10.036 10.063 10.119 10.140 10.161 10.219 10.249 10.302 10.320 10.311 10.291 0.000 10.545 10.599 10.671 10.737 10.768 10.780 10.796 10.816 10.593 10.967 10.987 11.008 11.016 11.038 11.007 10.930 11.111 11.128 11.162 11.173 11.179 11.045 11.338 11.325 1.841 8.276 13.981 13.991 8.511 8.420 7.799 8.170 13.045 8.677 13.953 8.189
0.000 0.000 0.000 0.000 0.000 0.000 0.000 0.000 0.000 0.000 0.000 0.000 0.000 0.000 0.000 0.000 0.000 0.000 0.000 0.000 0.000 0.000 0.000 9.718 9.897 9.796 9.985 10.047 10.034 10.085 10.133 10.157 10.173 10.256 10.300 10.284 10.179 0.000 10.569 10.586 10.706 10.730 10.744 10.794 10.816 10.823 10.906 10.923 10.963 10.975 10.984 11.047 11.055 11.079 11.086 11.073 11.186 11.199 11.166 11.344 11.396 2.085 8.658 14.036 8.486 14.000 9.412 8.828 13.910 7.861 14.038 13.987 8.353 8.845
0.000 0.000 0.000 0.000 0.000 0.000 0.000 0.000 0.000 0.000 0.000 0.000 0.000 0.000 0.000 0.000 0.000 0.000 0.000 0.000 0.000 0.000 0.000 0.000 9.897 9.935 9.981 10.016 10.052 10.073 10.120 10.137 10.174 10.230 10.237 10.260 10.246 0.000 10.593 10.665 10.693 10.730 10.773 10.802 10.812 10.817 10.890 10.895 10.948 10.988 11.038 11.044 11.050 11.066 11.080 11.046 10.954 11.253 11.424 11.396 2.205 8.227 14.089 14.043 14.030 14.026 14.047 8.855 8.071 7.902 8.952 13.766 8.561 9.161
0.000 0.000 0.000 0.000 0.000 0.000 0.000 0.000 0.000 0.000 0.000 0.000 0.000 0.000 0.000 0.000 0.000 0.000 0.000 0.000 0.000 0.000 0.000 9.724 9.874 9.914 9.895 9.981 9.984 10.060 10.070 10.085 10.174 10.208 10.262 10.278 0.000 0.000 10.604 10.706 10.719 10.752 10.768 10.754 10.885 10.920 10.863 10.975 11.002 11.010 11.015 11.002 11.042 11.052 11.048 11.042 11.049 1.986 11.445 2.036 2.667 8.251 14.099 8.993 8.883 14.047 9.684 8.285 8.779 8.556 9.054 13.480 8.958 10.664
0.000 0.000 0.000 0.000 0.000 0.000 0.000 0.000 0.000 0.000 0.000 0.000 0.000 0.000 0.000 0.000 0.000 0.000 0.000 0.000 0.000 0.000 0.000 9.693 9.742 9.859 9.941 9.966 9.985 10.020 10.064 10.082 10.188 10.230 10.257 10.351 10.369 10.390 10.412 10.363 10.745 10.798 10.788 10.864 10.651 10.969 10.974 10.988 10.995 11.000 11.010 11.019 11.026 11.007 11.010 11.049 3.134 11.446 2.468 2.240 14.098 14.115 14.106 9.918 8.770 8.823 10.440 8.155 9.252 8.461 9.272 14.226 13.198 10.875
0.000 0.000 0.000 0.000 0.000 0.000 0.000 0.000 0.000 0.000 0.000 0.000 0.000 0.000 0.000 0.000 0.000 0.000 0.000 0.000 0.000 0.000 0.000 0.000 0.000 9.749 9.861 9.945 9.976 9.990 10.025 9.993 10.055 9.895 10.020 0.000 10.285 10.318 10.646 10.708 10.738 10.808 10.875 10.944 10.949 10.954 10.795 10.962 10.960 10.957 10.983 10.995 11.005 10.942 10.999 11.156 11.271 2.015 2.545 14.034 7.678 14.088 14.165 8.959 14.231 8.629 14.113 8.746 14.082 8.657 9.025 9.073 11.045 13.246
0.000 0.000 0.000 0.000 0.000 0.000 0.000 0.000 0.000 0.000 0.000 0.000 0.000 0.000 0.000 0.000 0.000 0.000 0.000 0.000 0.000 0.000 0.000 0.000 0.000 9.723 9.827 9.880 9.955 9.951 10.010 9.931 9.991 9.988 10.006 1.704 10.106 10.144 10.586 10.726 10.671 10.833 10.604 10.927 10.944 10.352 10.945 10.949 10.955 10.950 10.967 10.982 10.989 10.993 11.026 11.109 0.981 1.794 7.389 10.463 14.163 14.172 14.217 10.551 11.131 10.192 10.457 10.139 9.326 9.414 9.661 9.795 12.605 12.766
0.000 0.000 0.000 0.000 0.000 0.000 0.000 0.000 0.000 0.000 0.000 0.000 0.000 0.000 0.000 0.000 0.000 0.000 0.000 0.000 0.000 0.000 0.000 0.000 0.000 0.000 9.752 9.866 9.848 9.942 9.961 0.000 3.468 9.970 9.835 9.864 8.783 10.602 10.620 10.770 10.708 10.863 10.892 10.921 10.870 10.931 10.939 10.945 10.948 10.944 10.943 10.960 10.970 10.985 10.871 11.066 0.960 6.840 14.027 14.040 7.884 14.218 14.229 9.235 14.303 10.348 10.123 10.384 10.016 10.101 9.911 11.465 12.016 12.521
0.000 0.000 0.000 0.000 0.000 0.000 0.000 0.000 0.000 0.000 0.000 0.000 0.000 0.000 0.000 0.000 0.000 0.000 0.000 0.000 0.000 0.000 0.000 0.000 0.000 0.000 9.711 9.832 9.855 9.884 9.882 9.855 9.775 9.919 0.000 9.790 0.000 10.549 10.530 10.796 10.832 10.848 10.515 10.914 10.903 10.917 10.926 10.932 10.935 10.935 10.939 10.944 10.944 10.976 10.969 0.000 1.109 8.817 13.987 8.048 14.121 8.838 14.266 9.443 11.281 11.271 10.622 10.795 11.539 11.567 11.725 12.014 12.443 12.897
0.000 0.000 0.000 0.000 0.000 0.000 0.000 0.000 0.000 0.000 0.000 0.000 0.000 0.000 0.000 0.000 0.000 0.000 0.000 0.000 0.000 0.000 0.000 0.000 0.000 0.000 9.597 9.784 9.832 9.793 9.820 9.798 9.775 9.912 0.000 0.000 10.453 10.568 10.745 10.754 10.805 10.820 6.241 10.907 10.906 10.916 10.920 10.925 10.924 10.927 10.935 10.941 10.953 10.968 0.000 0.000 7.830 7.002 8.064 8.667 9.331 9.539 14.367 14.414 12.388 11.558 14.500 9.552 11.725 12.121 12.396 12.722 13.391 14.500
0.000 0.000 0.000 0.000 0.000 0.000 0.000 0.000 0.000 0.000 0.000 0.000 0.000 0.000 0.000 0.000 0.000 0.000 0.000 0.000 0.000 0.000 0.000 0.000 0.000 9.606 9.662 9.698 9.758 9.763 9.789 9.776 9.778 9.862 0.000 0.000 10.356 10.588 10.727 10.754 10.791 10.806 10.793 10.806 10.784 10.899 10.912 10.916 10.916 10.915 10.917 10.794 10.946 0.000 0.000 7.605 13.843 7.318 8.397 9.193 9.688 10.094 14.149 14.500 14.468 14.460 9.891 10.054 12.291 12.854 13.504 14.500 14.500 14.500
0.000 0.000 0.000 0.000 0.000 0.000 0.000 0.000 0.000 0.000 0.000 0.000 0.000 0.000 0.000 0.000 0.000 0.000 0.000 0.000 0.000 0.000 0.000 0.000 0.000 0.000 9.622 9.574 9.672 9.678 9.685 9.758 9.752 9.777 0.000 0.000 10.495 10.515 10.696 10.253 10.759 10.784 10.809 10.830 10.804 10.886 10.897 10.903 10.906 10.905 10.904 10.895 0.000 0.000 6.610 8.156 13.851 7.605 8.680 9.679 10.103 10.440 13.936 14.500 14.500 14.500 14.351 13.606 13.673 14.500 14.500 14.500 14.500 14.500
0.000 0.000 0.000 0.000 0.000 0.000 0.000 0.000 0.000 0.000 0.000 0.000 0.000 0.000 0.000 0.000 0.000 0.000 0.000 0.000 0.000 0.000 0.000 0.000 0.000 0.000 9.588 9.524 6.721 0.000 0.000 9.606 9.743 9.749 0.000 10.415 10.429 0.000 10.668 10.035 10.752 10.756 10.815 10.841 10.857 10.868 10.863 10.883 10.890 10.891 10.877 10.880 0.000 6.297 8.156 8.559 13.871 7.896 8.954 9.946 10.519 10.797 13.336 14.500 10.007 14.500 14.500 14.500 14.500 14.500 14.500 14.500 14.500 14.500
0.000 0.000 0.000 0.000 0.000 0.000 0.000 0.000 0.000 0.000 0.000 0.000 0.000 0.000 0.000 0.000 0.000 0.000 0.000 0.000 0.000 0.000 0.000 0.000 0.000 0.000 9.407 9.541 9.559 9.626 9.654 9.675 9.722 9.692 0.000 10.348 0.000 0.000 10.662 10.697 10.724 10.458 10.701 10.502 10.838 10.856 10.868 10.876 10.879 10.874 10.871 0.000 0.000 7.897 13.879 13.941 13.934 8.206 9.229 10.221 10.898 11.167 12.819 14.500 13.722 14.500 14.500 14.500 14.500 14.500 14.500 14.500 14.500 14.500
0.000 0.000 0.000 0.000 0.000 0.000 0.000 0.000 0.000 0.000 0.000 0.000 0.000 0.000 0.000 0.000 0.000 0.000 0.000 0.000 0.000 0.000 0.000 0.000 9.058 9.322 9.370 0.000 9.593 9.626 9.605 9.765 9.687 9.792 0.000 10.064 10.248 0.000 10.649 10.617 10.433 10.616 10.799 10.816 10.824 10.844 10.661 10.868 10.676 10.869 0.000 0.000 7.217 11.822 14.000 13.988 7.420 8.514 9.517 10.403 11.091 11.544 12.398 14.043 14.450 14.500 14.500 14.500 14.500 14.500 14.500 14.500 14.500 14.500
0.000 0.000 0.000 0.000 0.000 0.000 0.000 0.000 0.000 0.000 0.000 0.000 0.000 0.000 0.000 0.000 0.000 0.000 0.000 0.000 0.000 0.000 0.000 0.000 9.275 9.357 9.401 9.495 9.586 9.666 9.763 9.792 9.787 9.807 10.174 10.192 10.408 10.543 10.635 10.597 10.624 10.643 10.659 10.786 10.818 10.806 10.832 10.838 10.833 0.000 0.000 7.385 8.729 14.326 7.443 8.139 8.816 9.466 10.059 10.582 11.275 12.037 12.728 14.327 14.500 14.500 14.500 14.500 14.500 14.500 14.500 14.500 14.500 14.500
0.000 0.000 0.000 0.000 0.000 0.000 0.000 0.000 0.000 0.000 0.000 0.000 0.000 0.000 0.000 0.000 0.000 0.000 0.000 0.000 0.000 0.000 0.000 0.000 0.000 9.379 0.000 9.570 9.605 9.681 9.706 9.813 9.776 9.739 9.810 0.000 10.423 10.534 10.521 10.424 0.000 10.422 10.531 10.778 10.787 10.810 10.824 10.802 0.000 0.000 6.586 8.535 8.979 11.521 11.029 10.967 11.243 11.692 12.311 13.207 14.500 13.652 14.048 14.500 14.500 14.500 14.500 14.500 14.500 14.500 14.500 14.500 14.500 14.500
0.000 0.000 0.000 0.000 0.000 0.000 0.000 0.000 0.000 0.000 0.000 0.000 0.000 0.000 0.000 0.000 0.000 0.000 0.000 0.000 0.000 0.000 0.000 0.000 0.000 9.412 9.492 9.650 8.828 9.823 9.552 9.887 9.932 9.820 9.828 0.000 10.410 0.000 10.511 3.022 9.972 10.016 10.744 10.766 10.778 10.760 10.785 10.791 0.000 6.438 8.219 9.027 9.971 13.096 13.248 14.467 14.500 14.500 14.500 14.500 14.500 14.500 14.500 14.500 14.500 14.500 14.500 14.500 14.500 14.500 14.500 14.500 14.500 14.500
0.000 0.000 0.000 0.000 0.000 0.000 0.000 0.000 0.000 0.000 0.000 0.000 0.000 0.000 0.000 0.000 0.000 0.000 0.000 0.000 0.000 0.000 0.000 0.000 0.000 9.431 9.477 9.682 9.711 9.859 9.887 9.890 9.965 9.953 9.939 0.000 10.126 0.000 10.177 10.127 9.982 9.967 10.477 10.707 10.763 10.641 10.776 0.000 6.543 8.377 8.275 9.337 14.500 14.500 14.500 14.500 14.500 14.500 14.500 14.500 14.500 14.500 14.500 14.500 14.500 14.500 14.500 14.500 14.500 14.500 14.500 14.500 14.500 14.500
0.000 0.000 0.000 0.000 0.000 0.000 0.000 0.000 0.000 0.000 0.000 0.000 0.000 0.000 0.000 0.000 0.000 0.000 0.000 0.000 0.000 0.000 0.000 0.000 0.000 9.475 9.640 9.673 9.769 9.813 9.940 9.993 10.017 9.980 9.977 0.000 0.000 0.000 0.000 0.000 0.000 10.523 10.543 10.682 10.675 10.660 0.000 5.875 8.318 9.256 8.815 14.500 14.500 14.500 14.500 14.500 14.500 14.500 14.500 14.500 14.500 14.500 14.500 14.500 14.500 14.500 14.500 14.500 14.500 14.500 14.500 14.500 14.500 14.500
0.000 0.000 0.000 0.000 0.000 0.000 0.000 0.000 0.000 0.000 0.000 0.000 0.000 0.000 0.000 0.000 0.000 0.000 0.000 0.000 0.000 0.000 0.000 0.000 0.000 9.365 9.526 9.587 9.791 9.832 9.989 10.023 10.050 10.066 10.012 9.995 0.000 0.000 10.234 10.404 10.500 10.513 10.658 10.672 10.498 0.000 0.000 7.335 8.870 9.177 9.977 14.500 14.500 14.500 14.500 14.500 14.500 14.500 14.500 14.500 14.500 14.500 14.500 14.500 14.500 14.500 14.500 14.500 14.500 14.500 14.500 14.500 14.500 14.500
0.000 0.000 0.000 0.000 0.000 0.000 0.000 0.000 0.000 0.000 0.000 0.000 0.000 0.000 0.000 0.000 0.000 0.000 0.000 0.000 0.000 0.000 0.000 0.000 0.000 9.517 0.000 0.000 9.812 9.847 9.976 10.052 10.070 10.084 10.051 9.937 3.008 0.000 10.360 10.439 10.563 10.575 10.643 10.656 0.000 0.000 6.791 8.217 8.783 9.836 14.500 14.500 14.500 14.500 14.500 14.500 14.500 14.500 14.500 14.500 14.500 14.500 14.500 14.500 14.500 14.500 14.500 14.500 14.500 14.500 14.500 14.500 14.500 14.500
0.000 0.000 0.000 0.000 0.000 0.000 0.000 0.000 0.000 0.000 0.000 0.000 0.000 0.000 0.000 0.000 0.000 0.000 0.000 0.000 0.000 0.000 0.000 0.000 3.719 9.577 9.828 9.861 9.809 9.902 10.036 9.985 10.104 10.099 10.122 10.224 10.099 10.382 10.396 10.496 10.509 10.506 10.562 0.000 0.000 6.790 9.223 9.374 12.139 14.500 14.500 14.500 14.500 14.500 14.500 14.500 14.500 14.500 14.500 14.500 14.500 14.500 14.500 14.500 14.500 14.500 14.500 14.500 14.500 14.500 14.500 14.500 14.500 14.500
0.000 0.000 0.000 0.000 0.000 0.000 0.000 0.000 0.000 0.000 0.000 0.000 0.000 0.000 0.000 0.000 0.000 0.000 0.000 0.000 0.000 0.000 0.000 0.000 0.000 7.177 9.890 9.906 10.022 10.032 10.051 10.200 10.130 10.149 10.162 10.237 0.000 10.403 10.430 10.483 10.501 10.496 0.000 0.000 6.393 8.115 9.374 9.953 14.500 14.500 14.500 14.500 14.500 14.500 14.500 14.500 14.500 14.500 14.500 14.500 14.500 14.500 14.500 14.500 14.500 14.500 14.500 14.500 14.500 14.500 14.500 14.500 14.500 14.500
0.000 0.000 0.000 0.000 0.000 0.000 0.000 0.000 0.000 0.000 0.000 0.000 0.000 0.000 0.000 0.000 0.000 0.000 0.000 0.000 0.000 0.000 0.000 0.000 0.000 0.000 9.784 9.807 10.045 10.105 10.144 10.214 10.253 10.271 10.285 10.290 0.000 10.395 10.397 10.393 10.445 0.000 0.000 6.770 8.746 9.674 11.012 14.500 14.500 14.500 14.500 14.500 14.500 14.500 14.500 14.500 14.500 14.500 14.500 14.500 14.500 14.500 14.500 14.500 14.500 14.500 14.500 14.500 14.500 14.500 14.500 14.500 14.500 14.500
0.000 0.000 0.000 0.000 0.000 0.000 0.000 0.000 0.000 0.000 0.000 0.000 0.000 0.000 0.000 0.000 0.000 0.000 0.000 0.000 0.000 0.000 0.000 0.000 0.000 9.783 9.920 9.958 9.967 10.063 10.198 10.218 10.231 10.264 10.295 10.308 4.249 10.384 10.329 10.301 0.000 0.000 6.868 8.794 9.537 10.880 12.605 14.500 14.500 14.500 14.500 14.500 14.500 14.500 14.500 14.500 14.500 14.500 14.500 14.500 14.500 14.500 14.500 14.500 14.500 14.500 14.500 14.500 14.500 14.500 14.500 14.500 14.500 14.500
0.000 0.000 0.000 0.000 0.000 0.000 0.000 0.000 0.000 0.000 0.000 0.000 0.000 0.000 0.000 0.000 0.000 0.000 0.000 0.000 0.000 0.000 0.000 0.000 0.000 9.592 9.722 10.057 10.121 10.157 10.202 10.227 10.193 10.300 10.307 10.313 10.349 10.355 0.000 0.000 0.000 7.000 8.959 9.317 9.811 12.822 14.500 14.500 14.500 14.500 14.500 14.500 14.500 14.500 14.500 14.500 14.500 14.500 14.500 14.500 14.500 14.500 14.500 14.500 14.500 14.500 14.500 14.500 14.500 14.500 14.500 14.500 14.500 14.500
0.000 0.000 0.000 0.000 0.000 0.000 0.000 0.000 0.000 0.000 0.000 0.000 0.000 0.000 0.000 0.000 0.000 0.000 0.000 0.000 0.000 0.000 0.000 9.557 9.958 9.977 10.034 10.053 10.149 10.187 10.217 10.237 10.264 10.289 10.297 10.012 0.000 0.000 0.000 0.000 7.404 8.864 9.436 11.566 13.936 14.500 14.500 14.500 14.500 14.500 14.500 14.500 14.500 14.500 14.500 14.500 14.500 14.500 14.500 14.500 14.500 14.500 14.500 14.500 14.500 14.500 14.500 14.500 14.500 14.500 14.500 14.500 14.500 14.500
0.000 0.000 0.000 0.000 0.000 0.000 0.000 0.000 0.000 0.000 0.000 0.000 0.000 0.000 0.000 0.000 0.000 0.000 0.000 0.000 0.000 0.000 0.000 9.722 9.987 10.019 10.074 10.121 10.142 10.156 9.560 0.000 0.000 0.000 0.000 0.000 0.000 0.000 0.000 7.381 8.700 9.492 9.998 14.500 14.500 14.500 14.500 14.500 14.500 14.500 14.500 14.500 14.500 14.500 14.500 14.500 14.500 14.500 14.500 14.500 14.500 14.500 14.500 14.500 14.500 14.500 14.500 14.500 14.500 14.500 14.500 14.500 14.500 14.500
0.000 0.000 0.000 0.000 0.000 0.000 0.000 0.000 0.000 0.000 0.000 0.000 0.000 0.000 0.000 0.000 0.000 0.000 0.000 0.000 0.000 0.000 0.000 0.000 9.869 9.881 0.000 0.000 0.000 0.000 0.000 0.000 0.000 0.000 0.000 0.000 2.172 0.000 7.084 8.676 9.446 9.579 14.500 14.500 14.500 14.500 14.500 14.500 14.500 14.500 14.500 14.500 14.500 14.500 14.500 14.500 14.500 14.500 14.500 14.500 14.500 14.500 14.500 14.500 14.500 14.500 14.500 14.500 14.500 14.500 14.500 14.500 14.500 14.500
0.000 0.000 0.000 0.000 0.000 0.000 0.000 0.000 0.000 0.000 0.000 0.000 0.000 0.000 0.000 0.000 0.000 0.000 0.000 0.000 0.000 0.000 0.000 0.000 9.530 0.000 0.000 0.000 0.000 0.000 0.000 0.000 0.000 0.000 0.000 0.000 3.654 7.000 8.703 9.289 9.347 14.500 14.500 14.500 14.500 14.500 14.500 14.500 14.500 14.500 14.500 14.500 14.500 14.500 14.500 14.500 14.500 14.500 14.500 14.500 14.500 14.500 14.500 14.500 14.500 14.500 14.500 14.500 14.500 14.500 14.500 14.500 14.500 14.500
0.000 0.000 0.000 0.000 0.000 0.000 0.000 0.000 0.000 0.000 0.000 0.000 0.000 0.000 0.000 0.000 0.000 0.000 0.000 0.000 0.000 0.000 0.000 0.000 0.000 0.000 0.000 0.000 0.000 0.000 0.000 0.000 0.000 0.000 0.000 3.846 7.021 8.600 9.055 9.496 14.500 14.500 14.500 14.500 14.500 14.500 14.500 14.500 14.500 14.500 14.500 14.500 14.500 14.500 14.500 14.500 14.500 14.500 14.500 14.500 14.500 14.500 14.500 14.500 14.500 14.500 14.500 14.500 14.500 14.500 14.500 14.500 14.500 14.500
0.000 0.000 0.000 0.000 0.000 0.000 0.000 0.000 0.000 0.000 0.000 0.000 0.000 0.000 0.000 0.000 0.000 0.000 0.000 0.000 0.000 0.000 0.000 0.000 0.000 0.000 0.000 0.000 0.000 0.000 0.000 0.000 0.000 0.000 2.848 6.107 8.370 8.338 9.792 13.078 14.500 14.500 14.500 14.500 14.500 14.500 14.500 14.500 14.500 14.500 14.500 14.500 14.500 14.500 14.500 14.500 14.500 14.500 14.500 14.500 14.500 14.500 14.500 14.500 14.500 14.500 14.500 14.500 14.500 14.500 14.500 14.500 14.500 14.500
