includes/lisflood/camargue/results_R3_t1.561740895169E12/res-0002.wd
ncols         906
nrows         631
xllcorner     362177.146667
yllcorner     6534725.688020
cellsize      20.000000
NODATA_value  -9999.000000
[rows 544 to 577 of 631, columns 308 to 384 of 906]
7.649 7.551 7.452 7.354 7.242 7.073 7.073 6.735 6.566 6.397 6.228 6.059 5.890 5.722 5.553 5.384 5.215 5.046 4.877 4.980 5.101 5.223 5.223 5.466 5.588 5.710 5.831 5.953 6.075 6.196 6.318 6.440 6.561 6.646 6.582 6.517 6.452 6.224 5.750 5.750 5.514 5.277 5.040 4.803 4.567 4.330 4.093 3.893 3.881 3.870 3.858 3.846 3.834 3.822 3.786 3.786 3.765 3.745 3.724 3.704 3.683 3.675 3.670 3.665 3.659 3.654 3.649 3.644 3.639 3.633 3.623 3.623 3.618 3.619 3.617 3.605 3.593
7.699 7.601 7.502 7.404 7.306 7.139 7.139 6.801 6.633 6.464 6.295 6.126 5.957 5.788 5.619 5.450 5.281 5.112 4.930 4.920 5.094 5.268 5.268 5.616 5.790 5.919 6.041 6.163 6.284 6.406 6.528 6.649 6.771 6.892 6.861 6.796 6.596 6.359 5.885 5.885 5.649 5.412 5.175 4.938 4.702 4.465 4.228 3.991 3.938 3.927 3.915 3.903 3.891 3.876 3.835 3.835 3.814 3.794 3.773 3.753 3.732 3.720 3.715 3.709 3.704 3.699 3.694 3.688 3.683 3.678 3.667 3.668 3.669 3.671 3.672 3.660 3.648
7.749 7.651 7.552 7.454 7.356 7.206 7.206 6.868 6.699 6.530 6.361 6.192 6.023 5.854 5.685 5.516 5.348 5.168 4.983 4.826 5.000 5.174 5.175 5.522 5.696 5.870 6.044 6.219 6.393 6.567 6.737 6.859 6.980 7.102 7.141 6.968 6.731 6.494 6.020 6.020 5.784 5.547 5.310 5.073 4.836 4.600 4.363 4.126 3.995 3.983 3.972 3.960 3.945 3.925 3.884 3.884 3.863 3.843 3.822 3.802 3.781 3.765 3.759 3.754 3.749 3.744 3.738 3.733 3.728 3.723 3.719 3.720 3.721 3.723 3.724 3.715 3.704
7.799 7.701 7.603 7.504 7.406 7.272 7.272 6.934 6.765 6.596 6.427 6.258 6.090 5.921 5.752 5.583 5.406 5.221 5.036 4.850 4.907 5.081 5.081 5.429 5.603 5.777 5.951 6.125 6.299 6.473 6.647 6.821 6.995 7.169 7.310 7.091 6.866 6.629 6.155 6.155 5.919 5.682 5.445 5.208 4.971 4.735 4.498 4.261 4.052 4.040 4.029 4.015 3.994 3.974 3.933 3.933 3.912 3.892 3.871 3.851 3.830 3.810 3.804 3.799 3.794 3.789 3.783 3.778 3.773 3.768 3.771 3.771 3.773 3.774 3.776 3.770 3.759
7.849 7.751 7.653 7.554 7.456 7.338 7.338 7.000 6.832 6.663 6.494 6.325 6.156 5.987 5.818 5.644 5.459 5.273 5.088 4.903 4.813 4.987 4.987 5.335 5.509 5.683 5.857 6.031 6.205 6.380 6.554 6.728 6.902 7.068 7.210 7.128 6.908 6.688 6.249 6.249 6.030 5.810 5.580 5.343 5.106 4.870 4.633 4.396 4.159 4.097 4.084 4.064 4.043 4.023 3.981 3.982 3.961 3.941 3.920 3.900 3.879 3.859 3.849 3.844 3.838 3.833 3.828 3.823 3.819 3.820 3.823 3.823 3.825 3.826 3.828 3.826 3.814
7.899 7.801 7.703 7.604 7.506 7.405 7.405 7.067 6.898 6.729 6.560 6.391 6.222 6.053 5.882 5.696 5.511 5.326 5.141 4.955 4.770 4.894 4.894 5.242 5.416 5.590 5.764 5.938 6.112 6.286 6.460 6.634 6.808 6.950 7.091 7.164 6.945 6.725 6.286 6.286 6.067 5.847 5.628 5.408 5.189 4.969 4.750 4.530 4.294 4.154 4.133 4.113 4.092 4.072 4.030 4.031 4.010 3.990 3.969 3.949 3.928 3.908 3.894 3.888 3.883 3.878 3.873 3.869 3.870 3.872 3.874 3.875 3.876 3.878 3.880 3.881 3.869
7.950 7.851 7.753 7.654 7.556 7.458 7.458 7.133 6.964 6.795 6.626 6.458 6.289 6.120 5.934 5.749 5.564 5.378 5.193 5.008 4.823 4.800 4.800 5.148 5.322 5.496 5.670 5.844 6.018 6.193 6.367 6.541 6.690 6.831 6.973 7.114 6.982 6.762 6.323 6.323 6.104 5.884 5.665 5.445 5.225 5.006 4.786 4.567 4.348 4.201 4.181 4.161 4.141 4.121 4.079 4.080 4.059 4.039 4.018 3.998 3.977 3.957 3.938 3.933 3.928 3.923 3.919 3.921 3.922 3.924 3.926 3.927 3.928 3.930 3.931 3.933 3.924
8.000 7.901 7.803 7.705 7.606 7.508 7.508 7.200 7.031 6.862 6.693 6.524 6.355 6.172 5.987 5.802 5.616 5.431 5.246 5.061 4.875 4.707 4.707 5.055 5.229 5.403 5.577 5.751 5.925 6.099 6.273 6.430 6.571 6.713 6.854 6.996 7.019 6.799 6.360 6.360 6.140 5.921 5.701 5.482 5.262 5.043 4.823 4.604 4.428 4.285 4.228 4.208 4.188 4.168 4.128 4.128 4.108 4.088 4.067 4.047 4.026 4.006 3.985 3.978 3.973 3.969 3.971 3.972 3.974 3.975 3.978 3.978 3.980 3.982 3.983 3.985 3.979
8.050 7.951 7.853 7.755 7.656 7.558 7.558 7.266 7.097 6.928 6.759 6.590 6.410 6.225 6.039 5.854 5.669 5.484 5.298 5.113 4.928 4.743 4.743 4.961 5.135 5.309 5.483 5.657 5.831 6.005 6.169 6.311 6.453 6.594 6.735 6.877 7.018 6.836 6.397 6.397 6.177 5.958 5.738 5.519 5.299 5.080 4.860 4.664 4.520 4.376 4.274 4.254 4.234 4.215 4.175 4.175 4.155 4.135 4.115 4.096 4.075 4.055 4.034 4.023 4.020 4.021 4.023 4.024 4.026 4.027 4.030 4.030 4.032 4.033 4.035 4.036 4.034
8.100 8.002 7.903 7.805 7.706 7.608 7.608 7.332 7.163 6.994 6.826 6.648 6.463 6.277 6.092 5.907 5.721 5.536 5.351 5.166 4.980 4.795 4.795 4.868 5.042 5.216 5.390 5.564 5.738 5.909 6.051 6.192 6.334 6.475 6.617 6.758 6.900 6.873 6.434 6.434 6.214 5.995 5.775 5.556 5.336 5.117 4.900 4.756 4.612 4.468 4.324 4.301 4.281 4.261 4.221 4.221 4.201 4.182 4.162 4.142 4.122 4.102 4.083 4.070 4.071 4.073 4.074 4.076 4.077 4.079 4.081 4.082 4.083 4.085 4.087 4.088 4.089
8.150 8.052 7.953 7.855 7.757 7.658 7.658 7.399 7.230 7.061 6.886 6.700 6.515 6.330 6.145 5.959 5.774 5.589 5.403 5.218 5.033 4.848 4.848 4.774 4.948 5.122 5.296 5.470 5.644 5.791 5.932 6.074 6.215 6.357 6.498 6.640 6.781 6.910 6.470 6.471 6.251 6.031 5.812 5.592 5.373 5.153 4.992 4.848 4.704 4.560 4.416 4.347 4.327 4.307 4.268 4.268 4.248 4.228 4.208 4.188 4.169 4.149 4.106 4.054 4.080 4.107 4.126 4.128 4.129 4.131 4.133 4.134 4.135 4.137 4.138 4.140 4.141
7.972 7.986 8.001 7.905 7.807 7.708 7.708 7.465 7.296 7.123 6.938 6.753 6.568 6.382 6.197 6.012 5.827 5.641 5.456 5.271 5.086 4.900 4.900 4.681 4.855 5.029 5.203 5.377 5.531 5.672 5.814 5.955 6.097 6.238 6.380 6.521 6.662 6.804 6.507 6.507 6.288 6.068 5.849 5.629 5.410 5.228 5.084 4.940 4.796 4.652 4.508 4.394 4.374 4.354 4.314 4.314 4.294 4.275 4.255 4.235 4.215 4.167 4.100 4.033 4.060 4.086 4.112 4.138 4.164 4.182 4.185 4.185 4.187 4.188 4.190 4.192 4.193
7.972 7.986 8.001 7.905 7.807 7.708 7.708 7.465 7.296 7.123 6.938 6.753 6.567 6.382 6.197 6.012 5.826 5.641 5.456 5.271 5.086 4.900 4.900 4.681 4.855 5.029 5.203 5.377 5.531 5.672 5.814 5.955 6.097 6.238 6.380 6.521 6.662 6.804 6.507 6.507 6.288 6.068 5.849 5.629 5.410 5.228 5.084 4.940 4.796 4.652 4.508 4.394 4.374 4.354 4.314 4.314 4.294 4.275 4.255 4.235 4.215 4.167 4.100 4.033 4.060 4.086 4.112 4.138 4.164 4.182 4.185 4.185 4.187 4.188 4.190 4.192 4.193
7.781 7.795 7.810 7.824 7.839 7.758 7.758 7.531 7.361 7.176 6.991 6.805 6.620 6.435 6.250 6.064 5.879 5.694 5.509 5.323 5.138 4.953 4.953 4.587 4.761 4.935 5.109 5.271 5.412 5.553 5.695 5.836 5.978 6.119 6.261 6.402 6.544 6.685 6.544 6.544 6.325 6.105 5.886 5.666 5.464 5.320 5.176 5.032 4.888 4.744 4.600 4.456 4.420 4.400 4.360 4.361 4.341 4.321 4.301 4.281 4.228 4.161 4.093 4.026 4.039 4.065 4.091 4.117 4.143 4.170 4.222 4.222 4.239 4.240 4.242 4.243 4.245
7.590 7.604 7.619 7.634 7.648 7.663 7.663 7.598 7.414 7.228 7.043 6.858 6.673 6.487 6.302 6.117 5.932 5.746 5.561 5.376 5.191 5.005 5.006 4.635 4.668 4.842 5.010 5.152 5.293 5.435 5.576 5.718 5.859 6.001 6.142 6.284 6.425 6.567 6.581 6.581 6.362 6.142 5.922 5.703 5.555 5.411 5.267 5.124 4.980 4.836 4.692 4.548 4.466 4.447 4.407 4.407 4.387 4.367 4.347 4.288 4.221 4.154 4.087 4.020 4.018 4.044 4.070 4.096 4.123 4.149 4.201 4.201 4.227 4.254 4.280 4.295 4.297
7.208 7.223 7.237 7.252 7.282 7.356 7.356 7.493 7.535 7.348 7.162 6.976 6.789 6.603 6.417 6.231 6.044 5.858 5.672 5.486 5.299 5.113 5.113 4.741 4.555 4.632 4.773 4.915 5.056 5.198 5.339 5.480 5.622 5.764 5.905 6.046 6.188 6.329 6.612 6.612 6.435 6.216 6.027 5.883 5.739 5.595 5.451 5.307 5.163 5.020 4.876 4.732 4.588 4.539 4.499 4.500 4.477 4.410 4.343 4.276 4.209 4.141 4.074 4.007 3.976 4.002 4.028 4.055 4.081 4.107 4.159 4.160 4.186 4.212 4.238 4.264 4.295
7.018 7.032 7.050 7.124 7.198 7.272 7.272 7.404 7.459 7.411 7.224 7.038 6.852 6.666 6.479 6.293 6.107 5.920 5.734 5.548 5.362 5.175 5.175 4.803 4.693 4.730 4.838 4.945 5.052 5.160 5.267 5.374 5.503 5.645 5.786 5.928 6.069 6.211 6.493 6.494 6.472 6.263 6.119 5.975 5.831 5.687 5.543 5.399 5.255 5.111 4.968 4.824 4.680 4.586 4.537 4.538 4.470 4.403 4.336 4.269 4.202 4.135 4.068 4.001 3.955 3.981 4.008 4.034 4.060 4.086 4.138 4.139 4.165 4.191 4.217 4.256 4.316
6.827 6.892 6.966 7.040 7.114 7.188 7.188 7.316 7.371 7.426 7.287 7.100 6.914 6.728 6.542 6.355 6.169 5.983 5.796 5.610 5.424 5.238 5.238 4.885 4.885 4.885 4.981 5.088 5.195 5.303 5.410 5.517 5.625 5.732 5.839 5.946 6.054 6.161 6.375 6.375 6.509 6.355 6.211 6.067 5.923 5.779 5.635 5.491 5.347 5.203 5.059 4.915 4.772 4.632 4.531 4.531 4.464 4.397 4.330 4.263 4.196 4.129 4.061 3.994 3.934 3.961 3.987 4.013 4.039 4.065 4.117 4.118 4.144 4.170 4.216 4.276 4.336
6.734 6.808 6.882 6.956 7.030 7.104 7.104 7.227 7.282 7.337 7.349 7.163 6.976 6.790 6.604 6.418 6.231 6.045 5.859 5.673 5.486 5.300 5.300 5.076 5.077 5.077 5.124 5.231 5.339 5.446 5.553 5.660 5.768 5.875 5.982 6.089 6.197 6.304 6.518 6.519 6.477 6.328 6.188 6.048 5.908 5.768 5.628 5.488 5.348 5.208 5.068 4.928 4.788 4.648 4.525 4.525 4.458 4.391 4.323 4.256 4.189 4.122 4.055 3.988 3.921 3.940 3.966 3.992 4.018 4.045 4.097 4.097 4.123 4.177 4.237 4.297 4.357
6.650 6.724 6.798 6.872 6.946 7.020 7.020 7.139 7.194 7.249 7.303 7.225 7.039 6.852 6.666 6.480 6.294 6.107 5.921 5.735 5.549 5.362 5.362 5.268 5.268 5.268 5.268 5.374 5.482 5.589 5.696 5.804 5.911 6.018 6.125 6.233 6.340 6.447 6.591 6.591 6.436 6.282 6.139 5.999 5.859 5.719 5.579 5.439 5.299 5.159 5.019 4.879 4.739 4.619 4.507 4.508 4.451 4.384 4.317 4.250 4.183 4.116 4.049 3.982 3.915 3.919 3.945 3.971 3.997 4.024 4.077 4.078 4.138 4.198 4.258 4.318 4.378
6.566 6.640 6.714 6.788 6.862 6.936 6.936 7.050 7.105 7.160 7.215 7.270 7.101 6.915 6.728 6.542 6.356 6.170 5.983 5.797 5.611 5.460 5.460 5.460 5.460 5.460 5.460 5.518 5.625 5.732 5.839 5.947 6.054 6.161 6.269 6.376 6.483 6.590 6.550 6.551 6.396 6.242 6.090 5.950 5.810 5.670 5.530 5.390 5.250 5.110 4.970 4.830 4.690 4.591 4.480 4.480 4.424 4.369 4.311 4.244 4.177 4.109 4.042 3.975 3.908 3.898 3.924 3.950 3.977 4.003 4.098 4.098 4.158 4.218 4.278 4.338 4.398
6.482 6.556 6.630 6.704 6.778 6.852 6.852 6.962 7.017 7.071 7.126 7.181 7.163 6.977 6.791 6.604 6.418 6.232 6.046 5.859 5.673 5.651 5.651 5.651 5.652 5.652 5.652 5.661 5.768 5.875 5.983 6.090 6.197 6.304 6.412 6.519 6.626 6.734 6.510 6.510 6.356 6.201 6.047 5.901 5.761 5.621 5.481 5.341 5.201 5.061 4.921 4.781 4.641 4.564 4.452 4.452 4.397 4.341 4.285 4.230 4.170 4.103 4.036 3.969 3.902 3.877 3.903 3.930 3.956 3.999 4.118 4.119 4.179 4.239 4.299 4.359 4.419
6.398 6.472 6.546 6.620 6.694 6.764 6.764 6.873 6.928 6.983 7.038 7.093 7.147 7.039 6.853 6.667 6.480 6.294 6.108 5.922 5.843 5.843 5.843 5.843 5.843 5.843 5.843 5.843 5.911 6.019 6.126 6.233 6.340 6.448 6.555 6.662 6.769 6.779 6.470 6.470 6.316 6.161 6.007 5.852 5.712 5.572 5.432 5.292 5.152 5.012 4.872 4.732 4.592 4.536 4.424 4.425 4.369 4.313 4.258 4.202 4.146 4.090 4.029 3.962 3.895 3.856 3.882 3.909 3.960 4.019 4.139 4.139 4.199 4.259 4.319 4.379 4.439
6.314 6.388 6.462 6.536 6.610 6.675 6.675 6.785 6.840 6.894 6.949 7.004 7.059 7.102 6.915 6.729 6.543 6.356 6.170 6.034 6.034 6.034 6.035 6.035 6.035 6.035 6.035 6.035 6.055 6.162 6.269 6.376 6.484 6.591 6.698 6.805 6.893 6.739 6.429 6.430 6.275 6.121 5.967 5.812 5.663 5.523 5.382 5.242 5.103 4.963 4.823 4.683 4.564 4.508 4.397 4.397 4.341 4.286 4.230 4.174 4.119 4.063 4.007 3.952 3.889 3.835 3.861 3.920 3.980 4.040 4.159 4.160 4.220 4.280 4.340 4.400 4.460
6.230 6.304 6.378 6.452 6.526 6.587 6.587 6.696 6.751 6.806 6.861 6.916 6.970 7.025 6.978 6.791 6.605 6.419 6.233 6.226 6.226 6.226 6.226 6.226 6.226 6.227 6.227 6.227 6.227 6.305 6.412 6.520 6.627 6.734 6.841 6.949 6.853 6.698 6.389 6.389 6.235 6.081 5.926 5.772 5.617 5.473 5.333 5.193 5.053 4.914 4.774 4.634 4.537 4.481 4.369 4.370 4.314 4.258 4.202 4.147 4.091 4.035 3.980 3.924 3.868 3.855 3.881 3.941 4.001 4.061 4.180 4.180 4.240 4.300 4.360 4.420 4.480
6.146 6.220 6.294 6.368 6.442 6.498 6.498 6.608 6.663 6.717 6.772 6.827 6.882 6.937 6.992 6.854 6.667 6.481 6.417 6.418 6.418 6.418 6.418 6.418 6.418 6.418 6.418 6.418 6.419 6.448 6.555 6.663 6.770 6.877 6.984 6.967 6.812 6.658 6.349 6.349 6.195 6.040 5.886 5.732 5.577 5.424 5.284 5.144 5.004 4.864 4.724 4.584 4.509 4.453 4.342 4.342 4.286 4.230 4.175 4.119 4.063 4.008 3.952 3.917 4.010 4.104 4.070 4.024 4.021 4.081 4.201 4.201 4.261 4.321 4.381 4.441 4.501
6.147 6.166 6.210 6.284 6.355 6.409 6.409 6.519 6.574 6.629 6.684 6.739 6.793 6.848 6.903 6.916 6.730 6.609 6.609 6.609 6.609 6.609 6.609 6.610 6.610 6.610 6.610 6.610 6.610 6.610 6.699 6.806 6.913 7.020 7.081 6.926 6.772 6.618 6.309 6.309 6.154 6.000 5.846 5.691 5.537 5.383 5.235 5.095 4.955 4.815 4.675 4.537 4.481 4.426 4.314 4.314 4.258 4.203 4.147 4.091 4.036 3.980 4.073 4.166 4.260 4.353 4.330 4.284 4.238 4.192 4.221 4.221 4.281 4.341 4.401 4.461 4.522
6.168 6.187 6.206 6.225 6.266 6.321 6.321 6.431 6.486 6.540 6.595 6.650 6.705 6.760 6.815 6.869 6.801 6.801 6.801 6.801 6.801 6.801 6.801 6.801 6.801 6.802 6.802 6.802 6.802 6.802 6.842 6.949 7.056 7.164 7.041 6.886 6.732 6.577 6.268 6.269 6.114 5.960 5.805 5.651 5.497 5.342 5.188 5.046 4.906 4.766 4.626 4.509 4.454 4.398 4.286 4.287 4.231 4.175 4.119 4.064 4.135 4.228 4.322 4.415 4.509 4.603 4.591 4.545 4.499 4.453 4.361 4.361 4.315 4.362 4.422 4.482 4.542
6.168 6.187 6.206 6.225 6.266 6.321 6.321 6.431 6.485 6.540 6.595 6.650 6.705 6.760 6.815 6.869 6.801 6.801 6.801 6.801 6.801 6.801 6.801 6.801 6.801 6.801 6.801 6.802 6.802 6.802 6.842 6.949 7.056 7.164 7.041 6.886 6.732 6.577 6.268 6.268 6.114 5.960 5.805 5.651 5.497 5.342 5.188 5.046 4.906 4.766 4.626 4.509 4.454 4.398 4.286 4.287 4.231 4.175 4.119 4.064 4.135 4.228 4.322 4.415 4.509 4.603 4.591 4.545 4.499 4.453 4.361 4.361 4.315 4.362 4.422 4.482 4.542
6.189 6.208 6.227 6.223 6.189 6.244 6.244 6.353 6.407 6.462 6.516 6.571 6.625 6.680 6.734 6.789 6.950 6.963 6.976 6.989 6.993 6.993 6.993 6.993 6.993 6.993 6.993 6.993 6.993 6.993 6.994 7.092 7.199 7.155 7.000 6.846 6.691 6.537 6.228 6.228 6.074 5.919 5.765 5.611 5.456 5.302 5.148 4.997 4.857 4.717 4.577 4.482 4.426 4.370 4.259 4.259 4.203 4.147 4.197 4.291 4.384 4.478 4.571 4.665 4.758 4.852 4.852 4.806 4.760 4.714 4.622 4.622 4.576 4.530 4.484 4.502 4.563
6.209 6.228 6.224 6.184 6.144 6.168 6.168 6.277 6.331 6.386 6.441 6.495 6.550 6.604 6.659 6.793 7.007 7.079 7.092 7.105 7.118 7.131 7.131 7.158 7.171 7.184 7.185 7.185 7.185 7.185 7.185 7.235 7.269 7.114 6.960 6.806 6.651 6.497 6.188 6.188 6.034 5.879 5.725 5.570 5.416 5.262 5.107 4.953 4.808 4.668 4.528 4.454 4.398 4.343 4.231 4.231 4.260 4.353 4.447 4.540 4.634 4.727 4.820 4.914 5.007 5.101 5.113 5.067 5.021 4.975 4.883 4.883 4.837 4.791 4.745 4.699 4.654
6.224 6.184 6.145 6.105 6.065 6.025 6.026 6.125 6.180 6.234 6.289 6.344 6.398 6.453 6.662 6.875 7.089 7.303 7.324 7.337 7.351 7.364 7.364 7.390 7.403 7.416 7.429 7.443 7.456 7.469 7.482 7.373 7.224 7.065 6.905 6.746 6.586 6.427 6.107 6.108 5.953 5.799 5.644 5.490 5.336 5.181 5.027 4.873 4.718 4.570 4.454 4.399 4.384 4.478 4.665 4.665 4.758 4.852 4.945 5.039 5.132 5.226 5.319 5.412 5.506 5.599 5.635 5.589 5.543 5.497 5.404 5.405 5.359 5.313 5.267 5.221 5.175
6.184 6.145 6.105 6.065 6.026 5.986 5.986 6.050 6.104 6.159 6.213 6.268 6.322 6.489 6.703 6.917 7.130 7.344 7.440 7.454 7.467 7.480 7.480 7.506 7.519 7.532 7.546 7.559 7.572 7.585 7.481 7.363 7.227 7.067 6.908 6.748 6.588 6.429 6.110 6.110 5.950 5.791 5.631 5.472 5.312 5.153 4.993 4.834 4.678 4.524 4.447 4.540 4.634 4.727 4.914 4.914 5.007 5.101 5.194 5.288 5.381 5.475 5.568 5.662 5.755 5.849 5.896 5.850 5.804 5.758 5.665 5.665 5.620 5.574 5.528 5.482 5.436
6.145 6.105 6.066 6.026 5.986 5.946 5.947 5.974 6.028 6.083 6.138 6.192 6.316 6.530 6.744 6.958 7.172 7.386 7.557 7.570 7.583 7.596 7.596 7.622 7.635 7.649 7.662 7.675 7.688 7.590 7.472 7.353 7.229 7.069 6.910 6.750 6.591 6.431 6.112 6.112 5.952 5.793 5.633 5.474 5.314 5.155 4.995 4.836 4.676 4.534 4.564 4.774 4.883 4.976 5.163 5.163 5.257 5.350 5.444 5.537 5.631 5.724 5.818 5.911 6.005 6.098 6.157 6.111 6.064 6.018 5.926 5.926 5.880 5.834 5.789 5.743 5.697
