includes/lisflood/camargue/results_R3_t1.561740895169E12/res-0002.wd
ncols         906
nrows         631
xllcorner     362177.146667
yllcorner     6534725.688020
cellsize      20.000000
NODATA_value  -9999.000000
[rows 544 to 577 of 631, columns 539 to 615 of 906]
4.488 4.489 4.512 4.534 4.557 4.580 4.602 4.625 4.633 4.620 4.606 4.593 4.580 4.567 4.553 4.540 4.527 4.528 4.500 4.497 4.493 4.489 4.496 4.507 4.518 4.530 4.541 4.553 4.565 4.577 4.589 4.601 4.613 4.614 4.637 4.651 4.685 4.719 4.753 4.787 4.821 4.854 4.888 4.922 4.951 4.973 4.995 5.017 5.039 5.040 5.035 5.031 5.027 5.023 5.018 5.020 5.022 5.025 5.027 5.030 5.033 5.035 5.042 5.050 5.058 5.059 5.074 5.144 5.224 5.304 5.383 5.463 5.542 5.622 5.702 5.770 5.837
4.510 4.510 4.533 4.556 4.578 4.601 4.623 4.646 4.653 4.640 4.627 4.613 4.600 4.587 4.573 4.560 4.547 4.548 4.537 4.533 4.529 4.526 4.533 4.544 4.555 4.566 4.577 4.589 4.600 4.612 4.624 4.636 4.648 4.649 4.672 4.686 4.720 4.754 4.788 4.822 4.856 4.889 4.923 4.946 4.968 4.990 5.012 5.034 5.056 5.057 5.054 5.050 5.045 5.041 5.037 5.032 5.028 5.028 5.031 5.034 5.036 5.039 5.046 5.054 5.061 5.062 5.165 5.245 5.324 5.404 5.483 5.563 5.643 5.722 5.802 5.871 5.938
4.531 4.531 4.554 4.577 4.599 4.622 4.644 4.667 4.673 4.660 4.646 4.633 4.620 4.607 4.593 4.584 4.581 4.581 4.573 4.569 4.566 4.562 4.569 4.580 4.591 4.602 4.614 4.625 4.636 4.647 4.659 4.671 4.683 4.684 4.707 4.721 4.755 4.789 4.823 4.857 4.891 4.919 4.941 4.963 4.985 5.007 5.029 5.051 5.073 5.073 5.072 5.068 5.064 5.059 5.055 5.051 5.046 5.042 5.038 5.037 5.040 5.043 5.049 5.057 5.106 5.107 5.265 5.345 5.424 5.504 5.584 5.663 5.743 5.822 5.902 5.973 6.040
4.552 4.553 4.575 4.598 4.620 4.643 4.666 4.688 4.693 4.680 4.666 4.653 4.640 4.628 4.624 4.621 4.617 4.618 4.609 4.606 4.602 4.598 4.606 4.617 4.628 4.639 4.650 4.661 4.672 4.683 4.695 4.706 4.718 4.719 4.742 4.756 4.790 4.824 4.858 4.892 4.914 4.936 4.958 4.980 5.002 5.024 5.046 5.068 5.090 5.090 5.090 5.086 5.082 5.078 5.073 5.069 5.065 5.060 5.056 5.052 5.048 5.047 5.052 5.127 5.206 5.207 5.365 5.445 5.525 5.604 5.684 5.763 5.843 5.923 6.002 6.074 6.141
4.574 4.574 4.597 4.619 4.641 4.664 4.687 4.709 4.713 4.700 4.687 4.673 4.668 4.664 4.661 4.657 4.653 4.654 4.646 4.642 4.638 4.635 4.642 4.653 4.664 4.676 4.687 4.698 4.709 4.720 4.731 4.742 4.753 4.754 4.777 4.791 4.825 4.859 4.887 4.909 4.931 4.953 4.975 4.997 5.019 5.041 5.063 5.085 5.107 5.107 5.109 5.104 5.100 5.096 5.092 5.087 5.083 5.079 5.074 5.070 5.066 5.080 5.149 5.227 5.306 5.307 5.466 5.545 5.625 5.705 5.784 5.864 5.943 6.023 6.102 6.176 6.242
4.595 4.596 4.618 4.641 4.663 4.685 4.708 4.730 4.733 4.720 4.712 4.708 4.705 4.701 4.697 4.693 4.690 4.690 4.682 4.678 4.675 4.671 4.679 4.690 4.701 4.712 4.723 4.734 4.745 4.757 4.768 4.779 4.790 4.790 4.812 4.826 4.860 4.882 4.904 4.926 4.948 4.970 4.992 5.014 5.036 5.058 5.080 5.101 5.123 5.124 5.127 5.123 5.118 5.114 5.110 5.106 5.101 5.097 5.093 5.089 5.126 5.187 5.254 5.331 5.409 5.410 5.566 5.646 5.725 5.805 5.884 5.964 6.044 6.123 6.203 6.277 6.344
4.617 4.618 4.640 4.662 4.685 4.707 4.729 4.752 4.756 4.752 4.748 4.745 4.741 4.737 4.733 4.730 4.726 4.727 4.719 4.715 4.711 4.707 4.715 4.726 4.738 4.749 4.760 4.771 4.782 4.793 4.804 4.815 4.826 4.827 4.849 4.854 4.877 4.899 4.921 4.943 4.965 4.987 5.009 5.031 5.053 5.075 5.096 5.118 5.140 5.141 5.145 5.141 5.137 5.133 5.128 5.124 5.120 5.115 5.112 5.173 5.233 5.294 5.359 5.437 5.514 5.515 5.669 5.747 5.825 5.905 5.984 6.064 6.144 6.223 6.303 6.379 6.445
4.639 4.639 4.661 4.684 4.706 4.729 4.751 4.770 4.782 4.789 4.785 4.781 4.777 4.774 4.770 4.766 4.762 4.763 4.755 4.751 4.747 4.744 4.752 4.763 4.774 4.785 4.796 4.807 4.818 4.830 4.841 4.852 4.863 4.863 4.870 4.869 4.892 4.915 4.938 4.960 4.982 5.004 5.026 5.047 5.069 5.091 5.113 5.135 5.157 5.158 5.164 5.159 5.155 5.151 5.147 5.142 5.138 5.158 5.219 5.280 5.340 5.401 5.464 5.542 5.619 5.620 5.774 5.852 5.929 6.007 6.085 6.164 6.244 6.323 6.403 6.480 6.547
4.660 4.661 4.683 4.705 4.728 4.747 4.767 4.786 4.798 4.807 4.815 4.818 4.814 4.810 4.806 4.802 4.799 4.799 4.791 4.787 4.784 4.780 4.788 4.800 4.811 4.822 4.833 4.844 4.855 4.866 4.877 4.888 4.889 4.890 4.885 4.883 4.906 4.929 4.953 4.976 4.999 5.020 5.042 5.064 5.086 5.108 5.130 5.152 5.174 5.175 5.182 5.178 5.173 5.169 5.165 5.161 5.205 5.265 5.326 5.387 5.447 5.508 5.569 5.647 5.724 5.725 5.879 5.957 6.034 6.112 6.189 6.267 6.344 6.424 6.503 6.581 6.648
4.682 4.682 4.705 4.725 4.744 4.764 4.783 4.802 4.814 4.822 4.831 4.839 4.848 4.846 4.843 4.839 4.835 4.836 4.828 4.824 4.820 4.816 4.825 4.836 4.847 4.858 4.869 4.880 4.891 4.903 4.909 4.906 4.904 4.905 4.900 4.898 4.921 4.944 4.967 4.990 5.013 5.037 5.059 5.081 5.103 5.125 5.147 5.169 5.191 5.192 5.200 5.196 5.192 5.187 5.190 5.251 5.312 5.372 5.433 5.493 5.554 5.615 5.675 5.752 5.830 5.830 5.985 6.062 6.140 6.217 6.295 6.372 6.450 6.527 6.605 6.683 6.757
4.702 4.702 4.722 4.741 4.760 4.780 4.799 4.819 4.830 4.838 4.847 4.855 4.864 4.872 4.879 4.875 4.871 4.872 4.864 4.860 4.856 4.853 4.862 4.873 4.884 4.895 4.906 4.917 4.928 4.926 4.924 4.921 4.919 4.920 4.915 4.913 4.935 4.958 4.981 5.005 5.028 5.051 5.074 5.097 5.120 5.142 5.164 5.186 5.208 5.208 5.219 5.214 5.210 5.237 5.297 5.358 5.418 5.479 5.540 5.600 5.661 5.721 5.782 5.857 5.935 5.935 6.090 6.167 6.245 6.322 6.400 6.477 6.555 6.632 6.710 6.810 6.881
4.718 4.719 4.738 4.757 4.777 4.796 4.815 4.835 4.845 4.854 4.862 4.871 4.879 4.888 4.896 4.905 4.908 4.908 4.900 4.897 4.893 4.889 4.898 4.909 4.920 4.931 4.942 4.945 4.943 4.941 4.939 4.936 4.934 4.935 4.930 4.928 4.949 4.972 4.996 5.019 5.042 5.065 5.088 5.112 5.135 5.158 5.181 5.203 5.225 5.225 5.237 5.233 5.283 5.344 5.404 5.465 5.525 5.586 5.646 5.707 5.768 5.828 5.889 5.962 6.040 6.040 6.195 6.272 6.350 6.427 6.505 6.582 6.660 6.744 6.844 6.944 7.019
4.718 4.719 4.738 4.757 4.777 4.796 4.815 4.835 4.845 4.854 4.862 4.871 4.879 4.888 4.896 4.905 4.908 4.908 4.900 4.897 4.893 4.889 4.898 4.909 4.920 4.931 4.942 4.945 4.943 4.941 4.939 4.936 4.934 4.935 4.930 4.928 4.949 4.972 4.996 5.019 5.042 5.065 5.088 5.112 5.135 5.158 5.181 5.203 5.225 5.225 5.237 5.233 5.283 5.344 5.404 5.465 5.525 5.586 5.646 5.707 5.768 5.828 5.889 5.962 6.040 6.040 6.195 6.272 6.350 6.427 6.505 6.582 6.660 6.744 6.844 6.944 7.019
4.734 4.735 4.754 4.774 4.793 4.812 4.832 4.851 4.861 4.870 4.878 4.887 4.895 4.904 4.912 4.920 4.929 4.929 4.937 4.933 4.929 4.925 4.935 4.946 4.957 4.965 4.962 4.960 4.958 4.956 4.954 4.951 4.949 4.950 4.945 4.943 4.963 4.987 5.010 5.033 5.056 5.080 5.103 5.126 5.149 5.172 5.196 5.219 5.242 5.242 5.269 5.329 5.390 5.450 5.511 5.572 5.632 5.693 5.753 5.814 5.875 5.935 5.996 6.067 6.145 6.146 6.300 6.378 6.455 6.532 6.610 6.688 6.778 6.878 6.978 7.078 7.157
4.751 4.751 4.770 4.790 4.809 4.828 4.848 4.867 4.877 4.886 4.894 4.902 4.911 4.919 4.928 4.936 4.945 4.945 4.962 4.969 4.965 4.962 4.971 4.982 4.982 4.980 4.977 4.975 4.973 4.971 4.969 4.966 4.964 4.965 4.960 4.958 4.978 5.001 5.024 5.047 5.071 5.094 5.117 5.140 5.164 5.187 5.210 5.233 5.256 5.257 5.376 5.436 5.497 5.557 5.618 5.678 5.739 5.800 5.860 5.921 5.981 6.042 6.103 6.173 6.250 6.251 6.405 6.483 6.560 6.638 6.715 6.812 6.912 7.012 7.112 7.212 7.296
4.783 4.784 4.803 4.822 4.841 4.861 4.880 4.899 4.908 4.917 4.925 4.934 4.942 4.951 4.959 4.968 4.976 4.977 4.993 5.001 5.025 5.098 5.041 5.014 5.012 5.010 5.008 5.005 5.003 5.001 4.999 4.997 4.994 4.995 4.990 4.988 5.006 5.030 5.053 5.076 5.099 5.123 5.146 5.169 5.192 5.216 5.258 5.332 5.406 5.407 5.550 5.619 5.689 5.758 5.828 5.892 5.953 6.013 6.074 6.135 6.195 6.256 6.316 6.383 6.460 6.461 6.615 6.693 6.779 6.880 6.980 7.080 7.180 7.280 7.380 7.481 7.573
4.799 4.800 4.819 4.838 4.858 4.877 4.896 4.916 4.924 4.933 4.941 4.950 4.958 4.966 4.975 4.983 4.992 4.993 5.010 5.084 5.157 5.230 5.169 5.103 5.038 5.025 5.023 5.020 5.018 5.016 5.014 5.012 5.010 5.010 5.005 5.003 5.021 5.044 5.067 5.090 5.114 5.137 5.160 5.183 5.207 5.270 5.344 5.418 5.491 5.492 5.636 5.705 5.774 5.844 5.913 5.983 6.052 6.120 6.181 6.241 6.302 6.363 6.423 6.488 6.566 6.566 6.721 6.813 6.914 7.014 7.114 7.214 7.314 7.414 7.515 7.615 7.711
4.816 4.816 4.835 4.855 4.874 4.893 4.913 4.932 4.940 4.948 4.957 4.965 4.974 4.982 4.991 4.999 5.008 5.008 5.142 5.216 5.289 5.362 5.297 5.232 5.166 5.100 5.038 5.035 5.033 5.031 5.029 5.027 5.025 5.025 5.020 5.018 5.035 5.058 5.082 5.105 5.128 5.151 5.175 5.207 5.281 5.355 5.429 5.503 5.577 5.577 5.721 5.791 5.860 5.930 5.999 6.069 6.138 6.208 6.277 6.346 6.409 6.470 6.530 6.593 6.671 6.671 6.847 6.948 7.048 7.148 7.248 7.348 7.448 7.549 7.649 7.749 7.849
4.832 4.832 4.852 4.871 4.890 4.909 4.929 4.947 4.956 4.964 4.973 4.981 4.990 4.998 5.006 5.054 5.128 5.128 5.274 5.348 5.421 5.492 5.426 5.360 5.294 5.229 5.163 5.097 5.048 5.046 5.044 5.042 5.040 5.040 5.035 5.033 5.049 5.073 5.096 5.119 5.142 5.166 5.219 5.293 5.366 5.440 5.514 5.588 5.662 5.663 5.807 5.877 5.946 6.015 6.085 6.154 6.224 6.293 6.363 6.432 6.502 6.571 6.637 6.698 6.781 6.782 6.981 7.082 7.182 7.282 7.382 7.482 7.583 7.683 7.783 7.883 7.983
4.890 4.891 4.868 4.887 4.906 4.926 4.945 4.963 4.972 4.980 4.988 4.997 5.005 5.040 5.113 5.187 5.260 5.260 5.406 5.480 5.553 5.620 5.554 5.489 5.423 5.357 5.291 5.226 5.160 5.094 5.059 5.057 5.055 5.055 5.050 5.048 5.064 5.087 5.110 5.134 5.157 5.230 5.304 5.378 5.452 5.526 5.599 5.673 5.747 5.748 5.893 5.962 6.032 6.101 6.171 6.240 6.310 6.379 6.448 6.518 6.587 6.657 6.726 6.818 6.916 6.916 7.116 7.216 7.316 7.416 7.516 7.617 7.717 7.817 7.917 8.017 8.117
5.040 5.041 4.977 4.913 4.923 4.942 4.961 4.979 4.987 4.996 5.004 5.025 5.099 5.172 5.245 5.319 5.392 5.392 5.538 5.612 5.685 5.748 5.683 5.617 5.551 5.485 5.420 5.354 5.288 5.223 5.157 5.091 5.070 5.070 5.065 5.063 5.078 5.101 5.125 5.168 5.241 5.315 5.389 5.463 5.537 5.611 5.685 5.759 5.832 5.833 5.979 6.048 6.117 6.187 6.256 6.326 6.395 6.465 6.534 6.604 6.673 6.743 6.845 6.960 7.061 7.062 7.253 7.350 7.450 7.550 7.651 7.751 7.851 7.951 8.051 8.151 8.251
5.190 5.191 5.127 5.063 4.999 4.958 4.977 4.995 5.003 5.012 5.084 5.157 5.231 5.304 5.377 5.451 5.524 5.524 5.671 5.744 5.817 5.877 5.811 5.745 5.680 5.614 5.548 5.482 5.417 5.351 5.285 5.220 5.154 5.154 5.081 5.078 5.092 5.116 5.179 5.253 5.327 5.401 5.474 5.548 5.622 5.696 5.770 5.844 5.918 5.918 6.064 6.134 6.203 6.273 6.342 6.412 6.481 6.551 6.620 6.689 6.759 6.872 6.987 7.103 7.206 7.207 7.398 7.494 7.590 7.686 7.785 7.885 7.985 8.085 8.185 8.286 8.386
5.340 5.341 5.277 5.213 5.149 5.086 5.022 5.010 5.069 5.143 5.216 5.289 5.363 5.436 5.509 5.583 5.656 5.657 5.803 5.876 5.949 6.005 5.940 5.874 5.808 5.742 5.676 5.611 5.545 5.479 5.414 5.348 5.282 5.283 5.151 5.093 5.116 5.190 5.264 5.338 5.412 5.486 5.560 5.634 5.707 5.781 5.855 5.929 6.003 6.004 6.150 6.219 6.289 6.358 6.428 6.497 6.567 6.636 6.706 6.783 6.899 7.014 7.130 7.245 7.352 7.352 7.544 7.640 7.736 7.832 7.928 8.024 8.120 8.219 8.320 8.420 8.520
5.490 5.491 5.427 5.363 5.299 5.236 5.186 5.167 5.202 5.275 5.348 5.422 5.495 5.568 5.641 5.715 5.788 5.789 5.935 6.008 6.081 6.134 6.068 6.002 5.936 5.871 5.805 5.739 5.673 5.608 5.542 5.476 5.411 5.411 5.279 5.249 5.253 5.277 5.349 5.423 5.497 5.571 5.645 5.719 5.793 5.867 5.940 6.014 6.088 6.089 6.236 6.305 6.375 6.444 6.514 6.583 6.653 6.722 6.810 6.926 7.041 7.157 7.272 7.388 7.497 7.498 7.689 7.785 7.881 7.977 8.073 8.169 8.265 8.361 8.457 8.554 8.654
5.640 5.641 5.577 5.513 5.462 5.420 5.378 5.364 5.396 5.428 5.480 5.554 5.627 5.700 5.774 5.847 5.920 5.921 6.067 6.140 6.213 6.262 6.196 6.131 6.065 5.999 5.933 5.867 5.802 5.736 5.670 5.605 5.539 5.540 5.474 5.453 5.455 5.479 5.503 5.527 5.582 5.656 5.730 5.804 5.878 5.952 6.026 6.100 6.173 6.174 6.321 6.391 6.460 6.530 6.599 6.669 6.738 6.837 6.953 7.068 7.184 7.299 7.414 7.530 7.643 7.643 7.835 7.931 8.027 8.123 8.218 8.314 8.410 8.506 8.602 8.698 8.794
5.790 5.791 5.739 5.696 5.654 5.612 5.570 5.561 5.594 5.626 5.658 5.690 5.759 5.832 5.906 5.979 6.052 6.053 6.199 6.272 6.345 6.391 6.325 6.259 6.193 6.127 6.062 5.996 5.930 5.864 5.799 5.741 5.720 5.720 5.677 5.656 5.656 5.680 5.704 5.728 5.752 5.776 5.815 5.889 5.963 6.037 6.111 6.185 6.259 6.259 6.407 6.477 6.546 6.615 6.685 6.754 6.864 6.980 7.095 7.210 7.326 7.441 7.557 7.672 7.788 7.788 7.980 8.076 8.172 8.268 8.364 8.460 8.556 8.652 8.748 8.843 8.902
5.972 5.973 5.931 5.888 5.846 5.804 5.762 5.759 5.791 5.823 5.855 5.887 5.919 5.964 6.038 6.111 6.184 6.185 6.331 6.404 6.477 6.519 6.453 6.387 6.322 6.256 6.190 6.124 6.059 5.993 5.966 5.945 5.923 5.924 5.881 5.860 5.857 5.881 5.906 5.930 5.954 5.978 6.002 6.026 6.050 6.122 6.196 6.270 6.344 6.345 6.492 6.562 6.632 6.701 6.775 6.891 7.006 7.122 7.237 7.353 7.468 7.584 7.699 7.815 7.930 7.931 8.125 8.221 8.317 8.413 8.509 8.605 8.701 8.797 8.893 8.938 8.961
6.164 6.165 6.122 6.080 6.038 5.996 5.954 5.956 5.988 6.021 6.053 6.085 6.117 6.149 6.181 6.243 6.316 6.317 6.463 6.536 6.609 6.647 6.582 6.516 6.450 6.384 6.319 6.253 6.212 6.191 6.170 6.148 6.127 6.128 6.085 6.064 6.059 6.083 6.107 6.131 6.155 6.179 6.203 6.227 6.251 6.275 6.300 6.355 6.429 6.430 6.577 6.648 6.717 6.802 6.918 7.033 7.149 7.264 7.380 7.495 7.611 7.726 7.842 7.957 8.072 8.073 8.271 8.367 8.463 8.559 8.655 8.751 8.846 8.942 8.974 8.998 9.021
6.164 6.165 6.122 6.080 6.038 5.996 5.954 5.956 5.989 6.021 6.053 6.085 6.117 6.149 6.181 6.243 6.316 6.317 6.463 6.536 6.609 6.647 6.582 6.516 6.450 6.384 6.318 6.253 6.212 6.191 6.169 6.148 6.127 6.128 6.085 6.064 6.059 6.083 6.107 6.131 6.155 6.179 6.203 6.227 6.251 6.275 6.299 6.355 6.429 6.430 6.577 6.648 6.717 6.802 6.917 7.033 7.149 7.264 7.380 7.495 7.611 7.726 7.841 7.957 8.072 8.073 8.271 8.367 8.463 8.559 8.655 8.750 8.846 8.942 8.974 8.997 9.021
6.356 6.357 6.314 6.272 6.230 6.188 6.146 6.154 6.186 6.218 6.250 6.282 6.314 6.346 6.378 6.410 6.448 6.449 6.595 6.668 6.741 6.776 6.710 6.644 6.579 6.513 6.458 6.437 6.416 6.394 6.373 6.352 6.331 6.331 6.288 6.267 6.260 6.284 6.308 6.332 6.356 6.380 6.404 6.428 6.453 6.477 6.501 6.525 6.549 6.550 6.662 6.733 6.829 6.944 7.060 7.175 7.291 7.406 7.522 7.637 7.753 7.868 7.984 8.099 8.215 8.215 8.416 8.512 8.608 8.704 8.800 8.896 8.987 9.010 9.034 9.057 9.080
6.548 6.548 6.506 6.464 6.422 6.380 6.338 6.351 6.383 6.415 6.448 6.480 6.512 6.544 6.576 6.608 6.640 6.640 6.727 6.800 6.873 6.904 6.839 6.773 6.707 6.683 6.662 6.641 6.619 6.598 6.577 6.556 6.535 6.535 6.492 6.471 6.461 6.485 6.510 6.534 6.558 6.582 6.606 6.630 6.654 6.678 6.702 6.726 6.750 6.751 6.798 6.857 6.971 7.087 7.202 7.318 7.433 7.549 7.664 7.780 7.895 8.011 8.126 8.242 8.357 8.358 8.561 8.657 8.753 8.849 8.945 9.023 9.046 9.070 9.093 9.117 9.140
6.932 6.932 6.890 6.848 6.806 6.763 6.721 6.746 6.778 6.810 6.842 6.874 6.906 6.938 6.971 7.003 7.035 7.035 7.099 7.131 7.163 7.176 7.154 7.133 7.112 7.091 7.069 7.048 7.027 7.006 6.984 6.963 6.942 6.943 6.900 6.879 6.864 6.888 6.912 6.936 6.960 6.984 7.008 7.033 7.057 7.081 7.105 7.129 7.152 7.153 7.166 7.173 7.283 7.394 7.504 7.615 7.725 7.835 7.949 8.064 8.180 8.295 8.411 8.526 8.642 8.642 8.852 8.948 9.044 9.096 9.119 9.142 9.166 9.189 9.212 9.236 9.259
7.124 7.124 7.082 7.040 6.997 6.955 6.913 6.944 6.976 7.008 7.040 7.072 7.104 7.136 7.168 7.200 7.232 7.232 7.296 7.315 7.314 7.325 7.350 7.337 7.316 7.294 7.273 7.252 7.231 7.209 7.188 7.167 7.146 7.146 7.103 7.082 7.065 7.090 7.114 7.138 7.162 7.186 7.210 7.234 7.258 7.282 7.306 7.327 7.334 7.334 7.347 7.354 7.442 7.552 7.662 7.773 7.883 7.994 8.104 8.214 8.325 8.438 8.553 8.669 8.784 8.785 8.998 9.093 9.132 9.155 9.178 9.202 9.225 9.249 9.272 9.295 9.319
7.315 7.316 7.274 7.232 7.189 7.147 7.109 7.141 7.173 7.205 7.237 7.269 7.301 7.333 7.365 7.397 7.429 7.430 7.445 7.444 7.442 7.456 7.482 7.507 7.519 7.498 7.477 7.456 7.434 7.413 7.392 7.371 7.350 7.350 7.307 7.286 7.267 7.291 7.315 7.339 7.363 7.387 7.411 7.435 7.459 7.483 7.502 7.508 7.515 7.516 7.529 7.535 7.600 7.710 7.821 7.931 8.041 8.152 8.262 8.373 8.483 8.593 8.704 8.814 8.926 8.927 9.143 9.168 9.191 9.215 9.238 9.261 9.285 9.308 9.331 9.355 9.378
