includes/mahajanga_coast/floodfiles/results/res-0007.wdfp
ncols         269
nrows         308
xllcorner     384108.384600
yllcorner     1149646.260900
cellsize      30.000000
NODATA_value  -9999.000000
[rows 66 to 98 of 308, columns 0 to 75 of 269]
15.305 15.305 15.304 15.304 15.304 15.303 15.303 15.303 15.302 15.302 15.302 15.302 15.301 14.301 14.301 14.300 14.300 14.300 14.300 14.299 14.299 14.299 14.299 14.298 14.298 14.298 14.298 14.298 14.297 14.297 14.297 14.297 14.297 14.296 14.296 14.296 13.296 13.296 13.296 13.296 13.296 13.296 13.296 13.296 13.296 13.295 13.295 13.295 13.295 13.295 13.295 13.295 13.295 13.295 13.295 13.295 13.295 13.295 12.295 12.296 12.296 12.296 12.296 12.296 12.296 12.296 12.296 12.296 12.296 12.296 12.297 12.297 12.297 12.297 12.297 12.297
15.305 15.305 15.304 15.304 15.304 15.303 15.303 15.303 15.302 15.302 15.302 15.302 15.301 14.301 14.301 14.300 14.300 14.300 14.299 14.299 14.299 14.299 14.299 14.298 14.298 14.298 14.298 14.298 14.297 14.297 14.297 14.297 14.297 14.296 14.296 13.296 13.296 13.296 13.296 13.296 13.296 13.296 13.296 13.296 13.296 13.295 13.295 13.295 13.295 13.295 13.295 13.295 13.295 13.295 13.295 13.295 13.295 13.295 12.295 12.296 12.296 12.296 12.296 12.296 12.296 12.296 12.296 12.296 12.296 12.296 12.296 12.297 12.297 12.297 12.297 12.297
15.305 15.305 15.304 15.304 15.304 15.303 15.303 15.303 15.302 15.302 15.302 15.301 15.301 14.301 14.301 14.300 14.300 14.300 14.299 14.299 14.299 14.299 14.298 14.298 14.298 14.298 14.298 14.298 14.297 14.297 14.297 14.297 14.297 13.296 13.296 13.296 13.296 13.296 13.296 13.296 13.296 13.296 13.296 13.296 13.296 13.295 13.295 13.295 13.295 13.295 13.295 13.295 13.295 13.295 13.295 13.295 13.295 13.295 12.295 12.295 12.296 12.296 12.296 12.296 12.296 12.296 12.296 12.296 12.296 12.296 12.296 12.297 12.297 12.297 12.297 12.297
15.305 15.305 15.304 15.304 15.304 15.303 15.303 15.303 15.302 15.302 15.302 15.301 15.301 14.301 14.301 14.300 14.300 14.300 14.299 14.299 14.299 14.299 14.298 14.298 14.298 14.298 14.298 14.297 14.297 14.297 14.297 14.297 13.297 13.296 13.296 13.296 13.296 13.296 13.296 13.296 13.296 13.296 13.296 13.296 13.296 13.295 13.295 13.295 13.295 13.295 13.295 13.295 13.295 13.295 13.295 13.295 13.295 13.295 12.295 12.295 12.296 12.296 12.296 12.296 12.296 12.296 12.296 12.296 12.296 12.296 12.296 12.297 12.297 12.297 12.297 12.297
15.305 15.305 15.304 15.304 15.304 15.303 15.303 15.303 15.302 15.302 15.302 15.301 15.301 14.301 14.301 14.300 14.300 14.300 14.299 14.299 14.299 14.299 14.298 14.298 14.298 14.298 14.298 14.297 14.297 14.297 14.297 13.297 13.296 13.296 13.296 13.296 13.296 13.296 13.296 13.296 13.296 13.296 13.296 13.296 13.296 13.295 13.295 13.295 13.295 13.295 13.295 13.295 13.295 13.295 13.295 13.295 13.295 13.295 12.295 12.295 12.296 12.296 12.296 12.296 12.296 12.296 12.296 12.296 12.296 12.296 12.296 12.297 12.297 12.297 12.297 12.297
15.305 15.305 15.304 15.304 15.304 15.303 15.303 15.303 15.302 15.302 15.302 15.301 15.301 14.301 14.300 14.300 14.300 14.300 14.299 14.299 14.299 14.299 14.298 14.298 14.298 14.298 14.298 14.297 14.297 14.297 13.297 13.297 13.296 13.296 13.296 13.296 13.296 13.296 13.296 13.296 13.296 13.296 13.296 13.296 13.295 13.295 13.295 13.295 13.295 13.295 13.295 13.295 13.295 13.295 13.295 13.295 13.295 13.295 12.295 12.295 12.295 12.296 12.296 12.296 12.296 12.296 12.296 12.296 12.296 12.296 12.296 12.297 12.297 12.297 12.297 12.297
15.305 15.305 15.304 15.304 15.304 15.303 15.303 15.303 15.302 15.302 15.302 15.301 15.301 14.301 14.300 14.300 14.300 14.300 14.299 14.299 14.299 14.299 14.298 14.298 14.298 14.298 14.298 14.297 14.297 13.297 13.297 13.297 13.296 13.296 13.296 13.296 13.296 13.296 13.296 13.296 13.296 13.296 13.296 13.296 13.295 13.295 13.295 13.295 13.295 13.295 13.295 13.295 13.295 13.295 13.295 13.295 13.295 13.295 12.295 12.295 12.295 12.296 12.296 12.296 12.296 12.296 12.296 12.296 12.296 12.296 12.296 12.297 12.297 12.297 12.297 12.297
15.305 15.305 15.304 15.304 15.304 15.303 15.303 15.303 15.302 15.302 15.302 15.301 15.301 14.301 14.300 14.300 14.300 14.300 14.299 14.299 14.299 14.298 14.298 14.298 14.298 14.298 14.297 14.297 14.297 13.297 13.297 13.297 13.296 13.296 13.296 13.296 13.296 13.296 13.296 13.296 13.296 13.296 13.296 13.295 13.295 13.295 13.295 13.295 13.295 13.295 13.295 13.295 13.295 13.295 13.295 13.295 13.295 13.295 12.295 12.295 12.295 12.296 12.296 12.296 12.296 12.296 12.296 12.296 12.296 12.296 12.296 12.297 12.297 12.297 12.297 12.297
15.305 15.305 15.304 15.304 15.304 15.303 15.303 15.303 15.302 15.302 15.302 15.301 15.301 14.301 14.300 14.300 14.300 14.300 14.299 14.299 14.299 14.298 14.298 14.298 14.298 14.298 14.297 14.297 13.297 13.297 13.297 13.297 13.296 13.296 13.296 13.296 13.296 13.296 13.296 13.296 13.296 13.296 13.296 13.295 13.295 13.295 13.295 13.295 13.295 13.295 13.295 13.295 13.295 13.295 13.295 13.295 13.295 13.295 12.295 12.295 12.295 12.296 12.296 12.296 12.296 12.296 12.296 12.296 12.296 12.296 12.296 12.297 12.297 12.297 12.297 12.297
15.305 15.305 15.304 15.304 15.304 15.303 15.303 15.303 15.302 15.302 15.302 15.301 15.301 14.301 14.300 14.300 14.300 14.300 14.299 14.299 14.299 14.298 14.298 14.298 14.298 14.298 14.297 13.297 13.297 13.297 13.297 13.297 13.296 13.296 13.296 13.296 13.296 13.296 13.296 13.296 13.296 13.296 13.295 13.295 13.295 13.295 13.295 13.295 13.295 13.295 13.295 13.295 13.295 13.295 13.295 13.295 13.295 12.295 12.295 12.295 12.295 12.296 12.296 12.296 12.296 12.296 12.296 12.296 12.296 12.296 12.296 12.297 12.297 12.297 12.297 12.297
15.305 15.305 15.304 15.304 15.304 15.303 15.303 15.303 15.302 15.302 15.302 15.301 15.301 14.301 14.300 14.300 14.300 14.300 14.299 14.299 14.299 14.299 14.298 14.298 14.298 14.298 14.297 13.297 13.297 13.297 13.297 13.297 13.296 13.296 13.296 13.296 13.296 13.296 13.296 13.296 13.296 13.296 13.295 13.295 13.295 13.295 13.295 13.295 13.295 13.295 13.295 13.295 13.295 13.295 13.295 13.295 12.295 12.295 12.295 12.295 12.295 12.296 12.296 12.296 12.296 12.296 12.296 12.296 12.296 12.296 12.296 12.297 12.297 12.297 12.297 12.297
15.305 15.305 15.304 15.304 15.304 15.303 15.303 15.303 15.302 15.302 15.302 15.301 15.301 14.301 14.300 14.300 14.300 14.300 14.299 14.299 14.299 14.299 14.298 14.298 14.298 14.298 13.297 13.297 13.297 13.297 13.297 13.297 13.296 13.296 13.296 13.296 13.296 13.296 13.296 13.296 13.296 13.295 13.295 13.295 13.295 13.295 13.295 13.295 13.295 13.295 13.295 13.295 13.295 13.295 13.295 12.295 12.295 12.295 12.295 12.295 12.295 12.296 12.296 12.296 12.296 12.296 12.296 12.296 12.296 12.296 12.297 12.297 12.297 12.297 12.297 12.297
16.305 15.305 15.304 15.304 15.304 15.303 15.303 15.303 15.302 15.302 15.302 15.301 15.301 14.301 14.301 14.300 14.300 14.300 14.299 14.299 14.299 14.299 14.298 14.298 14.298 13.298 13.298 13.297 13.297 13.297 13.297 13.297 13.296 13.296 13.296 13.296 13.296 13.296 13.296 13.296 13.296 13.295 13.295 13.295 13.295 13.295 13.295 13.295 13.295 13.295 13.295 13.295 13.295 13.295 12.295 12.295 12.295 12.295 12.295 12.295 12.295 12.296 12.296 12.296 12.296 12.296 12.296 12.296 12.296 12.296 12.297 12.297 12.297 12.297 12.297 12.297
16.305 16.305 15.304 15.304 15.304 15.303 15.303 15.303 15.302 15.302 15.302 15.301 15.301 14.301 14.301 14.300 14.300 14.300 14.299 14.299 14.299 14.299 14.298 14.298 13.298 13.298 13.298 13.297 13.297 13.297 13.297 13.297 13.296 13.296 13.296 13.296 13.296 13.296 13.296 13.296 13.296 13.295 13.295 13.295 13.295 13.295 13.295 13.295 13.295 13.295 13.295 13.295 13.295 12.295 12.295 12.295 12.295 12.295 12.295 12.295 12.295 12.296 12.296 12.296 12.296 12.296 12.296 12.296 12.296 12.296 12.297 12.297 12.297 12.297 12.297 12.297
16.305 16.305 16.304 15.304 15.304 15.303 15.303 15.303 15.302 15.302 15.302 15.301 15.301 14.301 14.301 14.300 14.300 14.300 14.299 14.299 14.299 14.299 14.298 13.298 13.298 13.298 13.298 13.297 13.297 13.297 13.297 13.297 13.296 13.296 13.296 13.296 13.296 13.296 13.296 13.296 13.296 13.295 13.295 13.295 13.295 13.295 13.295 13.295 13.295 13.295 13.295 13.295 12.295 12.295 12.295 12.295 12.295 12.295 12.295 12.295 12.295 12.296 12.296 12.296 12.296 12.296 12.296 12.296 12.296 12.296 12.297 12.297 12.297 12.297 12.297 12.297
16.305 16.305 16.304 16.304 16.304 15.303 15.303 15.303 15.302 15.302 15.302 15.301 15.301 14.301 14.301 14.300 14.300 14.300 14.299 14.299 14.299 13.299 13.298 13.298 13.298 13.298 13.298 13.297 13.297 13.297 13.297 13.297 13.297 13.296 13.296 13.296 13.296 13.296 13.296 13.296 13.296 13.296 13.295 13.295 13.295 13.295 13.295 13.295 13.295 13.295 13.295 12.295 12.295 12.295 12.295 12.295 12.295 12.295 12.295 12.295 12.296 12.296 12.296 12.296 12.296 12.296 12.296 12.296 12.296 12.296 12.297 12.297 12.297 12.297 12.297 12.297
16.305 16.305 16.304 16.304 16.304 16.303 15.303 15.303 15.302 15.302 15.302 15.301 15.301 14.301 14.301 14.300 14.300 14.300 14.300 14.299 13.299 13.299 13.299 13.298 13.298 13.298 13.298 13.297 13.297 13.297 13.297 13.297 13.297 13.296 13.296 13.296 13.296 13.296 13.296 13.296 13.296 13.296 13.295 13.295 13.295 13.295 13.295 13.295 13.295 13.295 12.295 12.295 12.295 12.295 12.295 12.295 12.295 12.295 12.295 12.295 12.296 12.296 12.296 12.296 12.296 11.296 11.296 11.296 11.296 11.296 11.297 11.297 11.297 11.297 11.297 11.297
16.305 16.304 16.304 16.304 16.304 16.303 15.303 15.303 15.302 15.302 15.302 15.301 15.301 14.301 14.301 14.300 14.300 14.300 14.300 14.299 13.299 13.299 13.299 13.298 13.298 13.298 13.298 13.297 13.297 13.297 13.297 13.297 13.297 13.296 13.296 13.296 13.296 13.296 13.296 13.296 13.296 13.296 13.296 13.295 13.295 13.295 13.295 13.295 12.295 12.295 12.295 12.295 12.295 12.295 12.295 12.295 12.295 12.295 12.295 12.296 12.296 12.296 12.296 12.296 11.296 11.296 11.296 11.296 11.296 11.296 11.297 11.297 11.297 11.297 11.297 11.297
16.305 16.304 16.304 16.304 16.304 16.303 16.303 15.303 15.302 15.302 15.302 15.301 15.301 14.301 14.301 14.300 14.300 14.300 14.300 13.299 13.299 13.299 13.299 13.298 13.298 13.298 13.298 13.297 13.297 13.297 13.297 13.297 13.297 13.297 13.296 13.296 13.296 13.296 13.296 13.296 13.296 13.296 13.296 13.296 13.296 13.296 13.296 12.296 12.296 12.295 12.295 12.295 12.295 12.295 12.295 12.295 12.295 12.295 12.296 12.296 12.296 12.296 12.296 11.296 11.296 11.296 11.296 11.296 11.296 11.297 11.297 11.297 11.297 11.297 11.297 11.298
16.305 16.304 16.304 16.304 16.304 16.303 16.303 15.303 15.302 15.302 15.302 15.301 15.301 14.301 14.301 14.300 14.300 14.300 14.300 13.299 13.299 13.299 13.299 13.298 13.298 13.298 13.298 13.297 13.297 13.297 13.297 13.297 13.297 13.297 13.296 13.296 13.296 13.296 13.296 13.296 13.296 13.296 13.296 13.296 13.296 13.296 12.296 12.296 12.296 12.296 12.295 12.295 12.295 12.295 12.295 12.295 12.296 12.296 12.296 12.296 12.296 12.296 11.296 11.296 11.296 11.296 11.296 11.296 11.296 11.297 11.297 11.297 11.297 11.297 11.297 11.298
16.305 16.304 16.304 16.304 16.304 16.303 16.303 15.303 15.302 15.302 15.302 15.301 15.301 14.301 14.301 14.300 14.300 14.300 14.300 13.299 13.299 13.299 13.299 13.298 13.298 13.298 13.298 13.298 13.297 13.297 13.297 13.297 13.297 13.297 13.297 13.296 13.296 13.296 13.296 13.296 13.296 13.296 13.296 13.296 13.296 12.296 12.296 12.296 12.296 12.296 12.296 12.296 12.296 12.296 12.296 12.296 12.296 12.296 12.296 12.296 12.296 11.296 11.296 11.296 11.296 11.296 11.296 11.296 11.296 11.297 11.297 11.297 11.297 11.297 11.297 11.298
16.305 16.305 16.304 16.304 16.304 16.303 16.303 16.303 15.302 15.302 15.302 15.302 15.301 14.301 14.301 14.300 14.300 14.300 13.300 13.299 13.299 13.299 13.299 13.298 13.298 13.298 13.298 13.298 13.297 13.297 13.297 13.297 13.297 13.297 13.297 13.296 13.296 13.296 13.296 13.296 13.296 13.296 13.296 13.296 12.296 12.296 12.296 12.296 12.296 12.296 12.296 12.296 12.296 12.296 12.296 12.296 12.296 12.296 12.296 12.296 11.296 11.296 11.296 11.296 11.296 11.296 11.296 11.296 11.297 11.297 11.297 11.297 11.297 11.297 11.298 11.298
16.305 16.305 16.304 16.304 16.304 16.303 16.303 16.303 15.302 15.302 15.302 15.302 15.301 14.301 14.301 14.300 14.300 14.300 13.300 13.299 13.299 13.299 13.299 13.298 13.298 13.298 13.298 13.298 13.298 13.297 13.297 13.297 13.297 13.297 13.297 13.297 13.296 13.296 13.296 13.296 13.296 13.296 13.296 13.296 12.296 12.296 12.296 12.296 12.296 12.296 12.296 12.296 12.296 12.296 12.296 12.296 12.296 12.296 12.296 11.296 11.296 11.296 11.296 11.296 11.296 11.296 11.296 11.297 11.297 11.297 11.297 11.297 11.297 11.297 11.298 11.298
16.305 16.305 16.304 16.304 16.304 16.303 16.303 16.303 15.302 15.302 15.302 15.302 15.301 14.301 14.301 14.300 14.300 14.300 13.300 13.299 13.299 13.299 13.299 13.299 13.298 13.298 13.298 13.298 13.298 13.297 13.297 13.297 13.297 13.297 13.297 13.297 13.297 13.297 13.296 13.296 13.296 13.296 13.296 12.296 12.296 12.296 12.296 12.296 12.296 12.296 12.296 12.296 12.296 12.296 12.296 12.296 12.296 12.296 11.296 11.296 11.296 11.296 11.296 11.296 11.296 11.296 11.296 11.297 11.297 11.297 11.297 11.297 11.297 11.298 11.298 11.298
16.305 16.305 16.304 16.304 16.304 16.303 16.303 15.303 15.302 15.302 15.302 15.302 15.301 14.301 14.301 14.300 14.300 14.300 13.300 13.300 13.299 13.299 13.299 13.299 13.298 13.298 13.298 13.298 13.298 13.298 13.297 13.297 13.297 13.297 13.297 13.297 13.297 13.297 13.296 13.296 13.296 13.296 13.296 12.296 12.296 12.296 12.296 12.296 12.296 12.296 12.296 12.296 12.296 12.296 12.296 12.296 12.296 11.296 11.296 11.296 11.296 11.296 11.296 11.296 11.296 11.296 11.297 11.297 11.297 11.297 11.297 11.297 11.297 11.298 11.298 11.298
16.305 16.305 16.304 16.304 16.304 16.303 16.303 15.303 15.302 15.302 15.302 15.302 14.301 14.301 14.301 14.300 14.300 14.300 13.300 13.300 13.299 13.299 13.299 13.299 13.299 13.298 13.298 13.298 13.298 13.298 13.297 13.297 13.297 13.297 13.297 13.297 13.297 13.297 13.297 13.296 13.296 13.296 12.296 12.296 12.296 12.296 12.296 12.296 12.296 12.296 12.296 12.296 12.296 12.296 12.296 12.296 11.296 11.296 11.296 11.296 11.296 11.296 11.296 11.296 11.296 11.296 11.297 11.297 11.297 11.297 11.297 11.297 11.298 11.298 11.298 11.298
16.305 16.305 16.304 16.304 16.304 16.303 15.303 15.303 15.302 15.302 15.302 15.302 14.301 14.301 14.301 14.300 14.300 14.300 13.300 13.300 13.299 13.299 13.299 13.299 13.299 13.298 13.298 13.298 13.298 13.298 13.297 13.297 13.297 13.297 13.297 13.297 13.297 13.297 13.297 13.297 13.296 13.296 12.296 12.296 12.296 12.296 12.296 12.296 12.296 12.296 12.296 12.296 12.296 12.296 12.296 11.296 11.296 11.296 11.296 11.296 11.296 11.296 11.296 11.296 11.296 11.297 11.297 11.297 11.297 11.297 11.297 11.298 11.298 11.298 11.298 11.298
16.305 16.305 16.304 16.304 16.304 15.303 15.303 15.303 15.302 15.302 15.302 14.302 14.301 14.301 14.301 14.301 14.300 13.300 13.300 13.300 13.299 13.299 13.299 13.299 13.299 13.298 13.298 13.298 13.298 13.298 13.298 13.297 13.297 13.297 13.297 13.297 13.297 13.297 13.297 13.297 13.297 12.296 12.296 12.296 12.296 12.296 12.296 12.296 12.296 12.296 12.296 12.296 12.296 12.296 11.296 11.296 11.296 11.296 11.296 11.296 11.296 11.296 11.296 11.296 11.297 11.297 11.297 11.297 11.297 11.297 11.297 11.298 11.298 11.298 11.298 11.298
16.305 16.305 15.304 15.304 15.304 15.303 15.303 15.303 15.302 15.302 15.302 14.302 14.301 14.301 14.301 14.301 14.300 13.300 13.300 13.300 13.300 13.299 13.299 13.299 13.299 13.299 13.298 13.298 13.298 13.298 13.298 13.297 13.297 13.297 13.297 13.297 13.297 13.297 13.297 13.297 13.297 12.297 12.296 12.296 12.296 12.296 12.296 12.296 12.296 12.296 12.296 12.296 12.296 11.296 11.296 11.296 11.296 11.296 11.296 11.296 11.296 11.296 11.296 11.297 11.297 11.297 11.297 11.297 11.297 11.297 11.298 11.298 10.298 10.298 10.298 10.298
15.305 15.305 15.304 15.304 15.304 15.303 15.303 15.303 15.303 15.302 14.302 14.302 14.301 14.301 14.301 14.301 14.301 13.300 13.300 13.300 13.300 13.299 13.299 13.299 13.299 13.299 13.298 13.298 13.298 13.298 13.298 13.297 13.297 13.297 13.297 13.297 13.297 13.297 13.297 13.297 13.297 12.297 12.297 12.296 12.296 12.296 12.296 12.296 12.296 12.296 12.296 12.296 11.296 11.296 11.296 11.296 11.296 11.296 11.296 11.296 11.296 11.296 11.296 11.297 11.297 11.297 11.297 11.297 10.297 10.298 10.298 10.298 10.298 10.298 10.298 10.298
15.305 15.305 15.304 15.304 15.304 15.303 15.303 15.303 15.303 15.302 14.302 14.302 14.301 14.301 14.301 14.301 14.301 13.300 13.300 13.300 13.300 13.299 13.299 13.299 13.299 13.299 13.298 13.298 13.298 13.298 13.298 13.298 13.297 13.297 13.297 13.297 13.297 13.297 13.297 13.297 13.297 12.297 12.297 12.297 12.296 12.296 12.296 12.296 12.296 12.296 12.296 11.296 11.296 11.296 11.296 11.296 11.296 11.296 11.296 11.296 11.296 11.296 11.297 11.297 11.297 11.297 11.297 10.297 10.298 10.298 10.298 10.298 10.298 10.298 10.298 10.298
15.305 15.305 15.304 15.304 15.304 15.303 15.303 15.303 15.303 14.302 14.302 14.302 14.302 14.301 14.301 14.301 14.301 13.300 13.300 13.300 13.300 13.299 13.299 13.299 13.299 13.299 13.298 13.298 13.298 13.298 13.298 13.298 13.297 13.297 13.297 13.297 13.297 13.297 13.297 13.297 12.297 12.297 12.297 12.297 12.297 12.296 12.296 12.296 12.296 12.296 11.296 11.296 11.296 11.296 11.296 11.296 11.296 11.296 11.296 11.296 11.297 11.297 11.297 11.297 11.297 10.297 10.297 10.297 10.298 10.298 10.298 10.298 10.298 10.298 10.298 10.299
15.305 15.305 15.304 15.304 15.304 15.303 15.303 15.303 14.303 14.302 14.302 14.302 14.302 14.301 14.301 14.301 13.301 13.300 13.300 13.300 13.300 13.300 13.299 13.299 13.299 13.299 13.298 13.298 13.298 13.298 13.298 13.298 13.297 13.297 13.297 13.297 13.297 13.297 13.297 13.297 12.297 12.297 12.297 12.297 12.297 12.296 12.296 12.296 12.296 12.296 11.296 11.296 11.296 11.296 11.296 11.296 11.296 11.296 11.297 11.297 11.297 11.297 11.297 11.297 10.297 10.297 10.297 10.298 10.298 10.298 10.298 10.298 10.298 10.298 10.299 10.299
