includes/mahajanga_coast/floodfiles/results/res-0011.wdfp
ncols         269
nrows         308
xllcorner     384108.384600
yllcorner     1149646.260900
cellsize      30.000000
NODATA_value  -9999.000000
[rows 231 to 263 of 308, columns 152 to 227 of 269]
0.000 0.000 0.000 0.000 0.000 0.000 0.000 0.000 0.000 0.421 2.421 2.421 2.421 2.421 2.421 3.421 2.421 1.422 0.421 0.000 0.000 1.421 4.421 4.421 4.421 2.421 0.000 0.000 0.000 0.000 0.000 0.000 0.000 0.000 0.000 0.000 0.000 0.000 0.000 0.000 0.000 0.000 0.000 0.000 0.000 0.000 0.000 0.000 0.000 0.000 0.000 0.000 0.000 0.000 0.000 0.000 0.000 0.000 0.000 0.000 0.000 0.000 0.000 0.000 0.000 0.000 0.000 0.000 0.000 0.000 0.000 0.000 0.000 0.000 0.000 0.000
0.000 0.000 0.000 0.000 0.000 0.000 0.000 0.000 0.000 0.421 2.421 2.421 2.421 2.421 2.421 3.421 2.421 1.421 0.421 0.000 0.000 1.421 4.421 4.421 4.421 2.421 0.000 0.000 0.000 0.000 0.000 0.000 0.000 0.000 0.000 0.000 0.000 0.000 0.000 0.000 0.000 0.000 0.000 0.000 0.000 0.000 0.000 0.000 0.000 0.000 0.000 0.000 0.000 0.000 0.000 0.000 0.000 0.000 0.000 0.000 0.000 0.000 0.000 0.000 0.000 0.000 0.000 0.000 0.000 0.000 0.000 0.000 0.000 0.000 0.000 0.000
0.000 0.000 0.000 0.000 0.000 0.000 0.000 0.000 0.000 0.421 3.421 3.421 2.421 2.421 3.421 4.421 3.421 2.421 1.421 0.000 0.000 1.421 4.421 4.421 4.421 2.421 0.000 0.000 0.000 0.000 0.000 0.000 0.000 0.000 0.000 0.000 0.000 0.000 0.000 0.000 0.000 0.000 0.000 0.000 0.000 0.000 0.000 0.000 0.000 0.000 0.000 0.000 0.000 0.000 0.000 0.000 0.000 0.000 0.000 0.000 0.000 0.000 0.000 0.000 0.000 0.000 0.000 0.000 0.000 0.000 0.000 0.000 0.000 0.000 0.000 0.000
0.000 0.000 0.419 0.419 0.419 0.000 0.418 0.000 0.000 0.000 2.421 2.421 1.421 2.421 3.421 3.421 2.421 2.421 1.421 0.421 0.421 2.421 4.421 3.421 3.421 3.421 1.421 0.000 0.000 0.000 0.000 0.000 0.000 0.000 0.000 0.000 0.000 0.000 0.000 0.000 0.000 0.000 0.000 0.000 0.000 0.000 0.000 0.000 0.000 0.000 0.000 0.000 0.000 0.000 0.000 0.000 0.000 0.000 0.000 0.000 0.000 0.000 0.000 0.000 0.000 0.000 0.000 0.000 0.000 0.000 0.000 0.000 0.000 0.000 0.000 0.000
0.417 0.000 1.418 1.418 0.418 0.418 0.419 0.000 0.000 0.000 1.421 1.421 0.421 0.421 1.421 3.421 3.421 3.421 2.421 1.421 2.421 4.421 6.421 5.421 2.421 3.421 3.421 1.421 0.000 0.000 0.000 0.000 0.000 0.000 0.000 0.000 0.000 0.000 0.000 0.000 0.000 0.000 0.000 0.000 0.000 0.000 0.000 0.000 0.000 0.000 0.000 0.000 0.000 0.000 0.000 0.000 0.000 0.000 0.000 0.000 0.000 0.000 0.000 0.000 0.000 0.000 0.000 0.000 0.000 0.000 0.000 0.000 0.000 0.000 0.000 0.000
1.417 0.418 1.418 1.418 1.418 0.418 0.000 0.000 0.000 0.000 2.421 2.421 1.421 1.422 2.421 3.421 3.421 2.421 3.421 3.421 4.421 7.421 9.421 6.421 2.421 1.421 4.421 3.421 1.421 1.421 1.421 0.421 0.000 0.000 0.000 0.000 0.000 0.000 0.000 0.000 0.000 0.000 0.000 0.000 0.000 0.000 0.000 0.000 0.000 0.000 0.000 0.000 0.000 0.000 0.000 0.000 0.000 0.000 0.000 0.000 0.000 0.000 0.000 0.000 0.000 0.000 0.000 0.000 0.000 0.000 0.000 0.000 0.000 0.000 0.000 0.000
1.417 0.418 1.418 2.419 2.419 2.419 0.419 0.000 0.000 0.422 2.421 3.421 3.421 3.421 2.422 1.421 0.421 0.421 1.421 3.421 6.421 8.421 10.421 6.421 2.421 1.421 2.421 2.421 3.421 2.421 1.421 1.421 0.000 0.000 0.000 0.000 0.000 0.000 0.000 0.000 0.000 0.000 0.000 0.000 0.000 0.000 0.000 0.000 0.000 0.000 0.000 0.000 0.000 0.000 0.000 0.000 0.000 0.000 0.000 0.000 0.000 0.000 0.000 0.000 0.000 0.000 0.000 0.000 0.000 0.000 0.000 0.000 0.000 0.000 0.000 0.000
0.418 0.000 0.418 2.419 3.419 3.419 0.419 0.000 0.000 0.000 1.421 2.422 4.421 4.421 1.422 0.000 0.000 0.000 1.421 3.421 4.421 6.421 7.421 6.421 2.421 2.421 1.421 2.421 1.421 0.421 1.421 2.421 0.421 0.000 0.000 0.000 0.000 0.000 0.000 0.000 0.000 0.000 0.000 0.000 0.000 0.000 0.000 0.000 0.000 0.000 0.000 0.000 0.000 0.000 0.000 0.000 0.000 0.000 0.423 0.000 0.000 0.000 0.000 0.000 0.000 0.000 0.000 0.000 0.000 0.000 0.000 0.000 0.000 0.000 0.000 0.000
0.418 0.417 0.418 2.419 3.419 3.419 0.419 0.000 0.000 0.000 1.421 1.422 3.421 3.421 1.421 0.000 0.000 0.421 1.421 2.421 4.421 4.421 4.421 4.421 5.421 3.421 2.421 2.421 2.421 1.421 2.421 4.421 2.421 0.000 0.000 0.000 0.000 0.420 0.420 0.000 0.000 0.000 0.000 0.000 0.000 0.000 0.000 0.000 0.000 0.000 0.000 1.421 1.421 0.421 0.000 0.000 0.000 0.423 1.423 0.423 0.000 0.000 1.421 1.423 0.423 1.423 1.424 0.000 0.000 0.000 0.000 0.000 0.000 0.000 0.000 0.000
0.000 0.417 0.418 1.419 2.419 2.419 0.419 0.000 0.421 1.421 2.421 1.422 3.422 3.422 1.422 0.422 0.000 0.000 1.421 2.421 3.421 3.421 2.421 3.421 5.421 7.421 3.421 2.421 3.421 3.421 4.421 4.421 3.421 0.421 0.000 0.000 0.000 0.420 0.421 0.421 0.000 0.000 0.000 0.000 0.000 0.000 0.000 0.000 0.000 0.000 0.000 0.421 2.421 1.421 0.421 0.000 0.000 0.423 1.423 1.423 0.423 1.423 2.423 2.424 0.423 4.423 3.423 0.424 0.000 0.000 0.000 0.000 0.000 0.000 0.428 1.428
0.417 0.417 0.000 0.419 1.419 1.419 0.420 0.421 1.421 3.421 3.421 1.421 3.421 2.421 0.422 0.000 0.000 0.000 1.421 2.421 3.421 3.421 2.421 1.421 7.421 7.421 7.421 7.421 3.421 3.421 3.421 4.421 3.421 0.421 0.000 0.000 0.421 1.421 1.421 0.421 1.421 1.421 0.000 0.000 0.000 0.000 0.000 0.000 0.000 0.000 0.000 0.000 0.421 2.421 2.421 0.422 0.000 0.423 1.423 1.423 0.423 0.000 0.423 0.423 0.000 2.423 2.424 0.000 1.424 1.424 0.000 0.425 0.000 0.000 0.000 1.428
0.417 0.417 0.000 0.000 0.420 0.420 1.421 2.421 4.421 4.421 3.421 1.421 2.421 2.421 0.421 0.000 0.000 0.422 2.421 3.421 4.421 4.421 2.421 0.000 0.421 7.421 7.421 7.421 7.421 7.421 2.421 3.421 3.421 1.422 0.000 0.421 2.421 2.421 1.421 1.421 2.421 2.421 1.421 0.000 0.000 0.000 0.000 0.000 0.000 0.000 0.000 0.000 0.421 2.422 2.422 2.422 0.422 0.423 1.423 2.423 1.423 1.423 1.423 0.423 1.423 3.424 1.424 0.424 1.424 2.424 1.425 1.425 0.000 0.000 0.000 0.000
0.000 0.000 0.000 0.000 0.421 1.421 3.421 5.421 5.421 4.421 1.421 0.421 2.421 3.421 1.422 0.422 0.422 1.422 2.421 3.421 4.421 4.421 1.421 0.421 1.421 7.421 7.421 7.421 7.421 7.421 7.421 7.421 2.421 2.421 1.421 1.421 2.421 2.421 0.421 0.421 1.421 2.421 2.421 1.421 0.000 0.000 0.000 0.422 0.422 0.422 0.000 0.422 1.422 2.422 2.422 2.422 0.422 0.423 1.423 2.423 3.423 3.423 2.423 2.423 3.423 4.423 2.424 1.424 1.424 2.424 2.425 0.425 0.425 0.000 0.000 0.426
0.000 0.000 0.000 0.421 2.421 2.421 3.421 4.421 4.421 4.421 2.421 1.421 1.421 2.422 3.422 2.422 1.422 1.422 2.421 2.421 3.421 4.421 1.421 2.421 2.421 7.421 7.421 7.421 7.421 7.421 7.421 7.421 7.421 2.421 1.421 1.421 2.421 1.421 0.421 0.421 1.421 1.421 1.421 2.421 1.422 0.422 1.422 3.422 2.422 1.422 0.422 1.422 2.422 2.422 2.422 2.422 0.422 0.422 0.423 2.423 2.423 3.423 4.423 3.423 3.423 3.423 1.424 0.424 1.424 2.425 2.425 1.425 1.425 1.426 1.426 2.426
0.000 0.000 0.000 2.421 2.421 2.421 2.421 2.421 3.421 3.421 4.421 2.421 0.421 1.422 2.422 1.422 0.422 0.422 1.422 1.421 1.421 3.421 3.421 2.421 3.421 4.421 7.421 7.421 7.421 7.421 7.421 7.421 7.421 7.421 1.421 0.421 2.421 2.421 0.421 0.421 1.421 1.421 1.422 3.422 3.422 1.422 2.422 3.422 3.422 1.422 0.422 1.422 2.422 3.422 2.422 2.422 1.422 0.422 0.423 1.423 2.423 2.423 2.423 2.423 1.423 1.424 0.424 0.424 1.424 2.425 2.425 1.425 1.425 2.426 2.426 4.426
0.420 1.421 1.421 1.421 1.421 1.421 1.421 3.421 3.421 3.421 3.421 2.421 0.421 0.422 1.422 0.421 0.000 0.000 0.421 1.421 0.421 2.421 3.421 1.421 1.421 2.421 7.421 7.421 7.421 7.421 7.421 7.421 7.421 7.421 7.421 1.421 1.421 2.421 2.422 1.422 1.422 2.421 2.422 3.422 3.422 3.422 3.422 3.422 2.422 0.422 0.000 0.422 2.422 2.422 2.422 1.422 1.422 1.422 1.423 2.423 2.423 1.423 1.423 0.423 0.423 0.423 0.424 1.424 2.424 2.425 2.425 1.425 1.425 2.426 2.426 3.426
1.421 1.421 0.421 0.421 0.421 0.421 2.421 3.421 3.421 2.421 1.421 0.000 0.000 0.000 0.422 0.000 0.000 0.000 0.421 1.421 0.421 1.421 2.422 1.422 0.000 1.421 7.421 7.421 7.421 7.421 7.421 7.421 7.421 7.421 7.421 7.421 2.422 2.421 3.422 3.422 3.422 3.422 4.422 4.422 3.422 3.422 4.422 3.422 1.422 0.000 0.000 0.000 1.422 1.422 2.422 2.422 2.422 1.422 2.423 2.423 1.423 1.423 1.423 1.423 0.423 0.424 1.424 1.424 1.424 2.424 1.425 1.425 0.425 1.425 2.426 2.426
1.421 0.421 0.421 0.421 1.421 1.421 2.421 3.421 4.421 2.421 1.421 0.422 0.000 0.000 1.421 0.000 0.000 0.421 0.422 0.422 1.421 1.421 1.421 1.421 1.421 3.421 7.421 7.422 7.422 7.421 7.421 7.421 7.422 7.422 7.422 7.422 3.422 3.422 3.422 4.422 3.422 3.422 3.422 3.422 3.422 3.422 4.422 4.422 0.422 0.000 0.000 0.000 0.000 0.422 2.422 2.422 3.422 2.422 2.423 2.423 1.423 1.423 2.423 2.423 1.423 1.424 2.424 1.424 1.424 2.424 2.425 1.425 1.425 1.425 2.426 2.426
3.421 2.421 1.421 1.421 2.421 1.421 0.421 2.421 3.421 3.421 3.421 3.421 0.422 0.422 2.421 0.422 0.422 1.422 1.422 0.422 0.421 0.421 1.421 2.421 3.421 4.421 7.421 7.422 7.422 7.422 7.422 7.422 7.422 7.422 7.422 7.422 7.422 7.422 4.422 3.422 2.422 3.422 3.422 3.422 2.422 2.422 4.422 4.422 1.422 0.422 0.000 0.000 0.422 0.422 1.422 1.422 2.422 3.423 2.423 2.423 2.423 2.423 2.423 3.423 2.423 2.424 3.424 2.424 2.424 3.424 3.424 2.425 1.425 1.425 2.426 2.426
4.421 4.421 2.421 1.421 2.421 1.421 0.421 1.421 3.421 4.421 4.421 4.421 3.421 1.421 1.421 2.422 3.422 2.422 2.421 1.421 0.421 0.422 0.422 1.421 2.421 3.422 7.422 7.422 7.422 7.422 7.422 7.422 7.422 7.422 7.422 7.422 7.422 7.422 7.422 7.422 2.422 4.422 4.422 2.422 2.422 1.422 3.422 4.422 3.422 2.422 1.422 0.422 2.422 1.422 0.422 0.422 2.422 4.423 2.423 1.423 2.423 2.423 3.423 3.423 2.423 2.424 2.424 3.424 4.424 4.424 4.424 3.425 2.425 1.425 1.425 2.426
4.421 3.421 7.421 7.421 7.421 7.421 7.421 7.421 7.421 7.421 7.421 7.421 3.421 2.421 2.421 4.421 4.422 2.422 2.422 2.421 0.421 0.421 1.421 0.421 1.421 0.422 7.422 7.422 7.422 7.422 7.422 7.422 7.422 7.422 7.422 7.422 7.422 7.422 7.422 7.422 7.422 7.422 7.422 3.422 2.422 0.422 1.422 4.422 4.422 4.422 2.422 1.422 3.422 2.422 0.422 0.422 1.423 3.423 2.423 1.423 2.423 2.423 2.423 3.423 3.423 2.423 1.424 2.424 3.424 4.424 4.424 3.424 2.425 0.425 0.000 1.426
7.421 7.421 7.421 7.421 7.421 7.421 7.421 7.421 7.421 7.421 7.421 7.421 7.421 7.421 7.421 5.421 4.422 0.421 0.000 2.421 1.421 0.421 0.421 0.421 1.422 2.422 7.422 7.422 7.422 7.422 7.422 7.422 7.422 7.422 7.422 7.422 7.422 7.422 7.422 7.422 7.422 7.422 7.422 7.422 7.422 2.422 3.422 3.422 3.422 4.422 3.422 1.422 1.422 1.422 1.422 2.423 2.423 3.422 2.423 2.423 2.423 2.423 2.423 3.423 3.423 2.423 1.424 0.424 3.424 3.424 3.424 2.424 2.425 1.425 0.000 1.425
7.421 7.421 7.421 7.421 7.421 7.421 7.421 7.421 7.421 7.421 7.421 7.421 7.421 7.421 7.421 7.421 5.421 0.000 0.000 1.421 1.421 0.421 0.000 0.421 2.421 3.422 7.422 7.422 7.422 7.422 7.422 7.422 7.422 7.422 7.422 7.422 7.422 7.422 7.422 7.422 7.422 7.422 7.422 7.422 7.422 7.422 7.422 7.422 7.422 7.422 7.422 7.422 7.422 0.422 1.422 4.423 4.423 2.423 1.423 2.423 3.423 3.423 3.423 4.423 4.423 3.423 1.423 0.424 1.424 3.424 1.424 1.424 2.425 4.425 3.425 2.425
7.421 7.421 7.421 7.421 7.421 7.421 7.421 7.421 7.421 7.421 7.421 7.421 7.421 7.421 7.421 7.421 7.421 0.000 0.000 0.422 1.421 0.422 0.000 0.422 2.422 4.422 7.422 7.422 7.422 7.422 7.422 7.422 7.422 7.422 7.422 7.422 7.422 7.422 7.422 7.422 7.422 7.422 7.422 7.422 7.422 7.422 7.422 7.422 7.422 7.422 7.422 7.422 7.422 7.422 7.422 7.423 7.423 7.423 2.423 1.423 3.423 4.423 3.423 3.423 3.423 3.423 2.423 0.424 1.424 2.424 0.000 0.424 3.425 5.425 5.425 3.425
7.421 7.421 7.421 7.421 7.421 7.421 7.421 7.421 7.421 7.421 7.421 7.421 7.421 7.421 7.421 7.421 7.421 7.422 7.422 7.422 7.422 7.422 7.422 7.422 3.422 7.422 7.422 7.422 7.422 7.422 7.422 7.422 7.422 7.422 7.422 7.422 7.422 7.422 7.422 7.422 7.422 7.422 7.422 7.422 7.422 7.422 7.422 7.422 7.422 7.422 7.422 7.422 7.422 7.422 7.422 7.422 7.423 7.423 7.423 7.423 7.423 7.423 7.423 1.423 2.423 3.423 2.423 1.423 3.424 1.424 0.000 1.424 3.424 4.425 4.425 4.425
7.421 7.421 7.421 7.421 7.421 7.421 7.421 7.421 7.421 7.421 7.421 7.421 7.421 7.421 7.421 7.422 7.422 7.422 7.422 7.422 7.422 7.422 7.422 7.422 7.422 7.422 7.422 7.422 7.422 7.422 7.422 7.422 7.422 7.422 7.422 7.422 7.422 7.422 7.422 7.422 7.422 7.422 7.422 7.422 7.422 7.422 7.422 7.422 7.422 7.422 7.422 7.422 7.422 7.422 7.422 7.422 7.423 7.423 7.423 7.423 7.423 7.423 7.423 7.423 7.423 7.423 7.423 7.423 7.424 2.424 1.424 3.424 4.424 3.425 5.425 5.425
7.421 7.421 7.421 7.421 7.421 7.421 7.421 7.421 7.421 7.421 7.421 7.421 7.421 7.421 7.421 7.422 7.422 7.422 7.422 7.422 7.422 7.422 7.422 7.422 7.422 7.422 7.422 7.422 7.422 7.422 7.422 7.422 7.422 7.422 7.422 7.422 7.422 7.422 7.422 7.422 7.422 7.422 7.422 7.422 7.422 7.422 7.422 7.422 7.422 7.422 7.422 7.422 7.422 7.422 7.422 7.422 7.423 7.423 7.423 7.423 7.423 7.423 7.423 7.423 7.423 7.423 7.423 7.423 7.424 7.424 7.424 5.424 5.424 5.424 3.425 5.425
7.421 7.421 7.421 7.421 7.421 7.421 7.421 7.421 7.421 7.421 7.421 7.421 7.421 7.421 7.421 7.422 7.422 7.422 7.422 7.422 7.422 7.422 7.422 7.422 7.422 7.422 7.422 7.422 7.422 7.422 7.422 7.422 7.422 7.422 7.422 7.422 7.422 7.422 7.422 7.422 7.422 7.422 7.422 7.422 7.422 7.422 7.422 7.422 7.422 7.422 7.422 7.422 7.422 7.422 7.422 7.422 7.423 7.423 7.423 7.423 7.423 7.423 7.423 7.423 7.423 7.423 7.423 7.424 7.424 7.424 7.424 7.424 6.424 6.424 4.424 2.425
7.421 7.421 7.421 7.421 7.421 7.421 7.421 7.421 7.421 7.421 7.421 7.421 7.421 7.421 7.421 7.421 7.422 7.422 7.422 7.422 7.422 7.422 7.422 7.422 7.422 7.422 7.422 7.422 7.422 7.422 7.422 7.422 7.422 7.422 7.422 7.422 7.422 7.422 7.422 7.422 7.422 7.422 7.422 7.422 7.422 7.422 7.422 7.422 7.422 7.422 7.422 7.422 7.422 7.422 7.422 7.422 7.423 7.423 7.423 7.423 7.423 7.423 7.423 7.423 7.423 7.423 7.423 7.423 7.424 7.424 7.424 6.424 6.424 7.424 5.424 1.425
7.421 7.421 7.421 7.421 7.421 7.421 7.421 7.421 7.421 7.421 7.421 7.421 7.421 7.421 7.421 7.421 7.422 7.422 7.422 7.422 7.422 7.422 7.422 7.422 7.422 7.422 7.422 7.422 7.422 7.422 7.422 7.422 7.422 7.422 7.422 7.422 7.422 7.422 7.422 7.422 7.422 7.422 7.422 7.422 7.422 7.422 7.422 7.422 7.422 7.422 7.422 7.422 7.422 7.422 7.422 7.422 7.423 7.423 7.423 7.423 7.423 7.423 7.423 7.423 7.423 7.423 7.423 7.423 7.424 7.424 7.424 6.424 5.424 5.424 4.424 2.425
7.421 7.421 7.421 7.421 7.421 7.421 7.421 7.421 7.421 7.421 7.421 7.421 7.421 7.421 7.421 7.421 7.422 7.422 7.422 7.422 7.422 7.422 7.422 7.422 7.422 7.422 7.422 7.422 7.422 7.422 7.422 7.422 7.422 7.422 7.422 7.422 7.422 7.422 7.422 7.422 7.422 7.422 7.422 7.422 7.422 7.422 7.422 7.422 7.422 7.422 7.422 7.422 7.422 7.422 7.422 7.422 7.423 7.423 7.423 7.423 7.423 7.423 7.423 7.423 7.423 7.423 7.423 3.423 7.424 7.424 3.424 4.424 4.424 4.424 4.424 3.425
7.421 7.421 7.421 7.421 7.421 7.421 7.421 7.421 7.421 7.421 7.421 7.421 7.421 7.421 7.421 7.421 7.422 7.422 7.422 7.422 7.422 7.422 7.422 7.422 7.422 7.422 7.422 7.422 7.422 7.422 7.422 7.422 7.422 7.422 7.422 7.422 7.422 7.422 7.422 7.422 7.422 7.422 7.422 7.422 7.422 7.422 7.422 7.422 7.422 7.422 7.422 7.422 7.422 7.422 7.422 7.422 7.423 7.423 7.423 7.423 7.423 7.423 7.423 7.423 7.423 7.423 1.423 3.423 3.423 2.424 1.424 3.424 3.424 3.424 4.425 4.425
7.421 7.421 7.421 7.421 7.421 7.421 7.421 7.421 7.421 7.421 7.421 7.421 7.421 7.421 7.421 7.422 7.422 7.422 7.422 7.422 7.422 7.422 7.422 7.422 7.422 7.422 7.422 7.422 7.422 7.422 7.422 7.422 7.422 7.422 7.422 7.422 7.422 7.422 7.422 7.422 7.422 7.422 7.422 7.422 7.422 7.422 7.422 7.422 7.422 7.422 7.422 7.422 7.422 7.422 7.422 7.422 7.422 7.423 7.423 7.423 7.423 7.423 5.423 4.423 4.423 2.423 1.423 3.423 4.423 2.423 0.424 1.424 2.424 4.424 5.425 4.425
