includes/mahajanga_coast/floodfiles/results/res-0005.wd
ncols         269
nrows         308
xllcorner     384108.384600
yllcorner     1149646.260900
cellsize      30.000000
NODATA_value  -9999.000000
[rows 272 to 305 of 308, columns 152 to 227 of 269]
5.386 5.386 5.385 5.385 5.385 5.385 5.385 5.385 5.385 5.385 5.385 5.385 5.384 5.384 5.384 5.384 5.384 5.384 5.384 5.384 5.384 5.383 5.383 5.383 5.383 5.383 5.382 5.382 5.382 5.382 5.382 5.382 5.381 5.381 5.381 5.381 5.381 5.381 5.381 5.380 5.380 5.380 5.380 5.380 5.380 5.379 5.379 5.379 5.379 5.379 5.379 5.379 5.378 5.378 5.378 5.378 5.378 0.000 0.000 0.377 0.377 0.000 0.000 0.000 0.000 0.000 0.000 0.376 0.000 0.377 1.378 2.378 2.377 2.377 2.377 1.377
5.386 5.386 5.385 5.385 5.385 5.385 5.385 5.385 5.385 5.385 5.385 5.385 5.384 5.384 5.384 5.384 5.384 5.384 5.384 5.384 5.384 5.383 5.383 5.383 5.383 5.383 5.382 5.382 5.382 5.382 5.382 5.382 5.381 5.381 5.381 5.381 5.381 5.381 5.381 5.380 5.380 5.380 5.380 5.380 5.380 5.379 5.379 5.379 5.379 5.379 5.379 5.378 5.378 5.378 5.378 5.378 5.378 5.377 5.377 1.377 0.377 0.376 0.376 0.000 0.000 0.000 0.376 0.376 0.376 0.377 0.000 1.377 2.377 1.377 0.377 5.377
5.386 5.386 5.385 5.385 5.385 5.385 5.385 5.385 5.385 5.385 5.385 5.385 5.385 5.384 5.384 5.384 5.384 5.384 5.384 5.384 5.384 5.383 5.383 5.383 5.383 5.383 5.383 5.382 5.382 5.382 5.382 5.382 5.381 5.381 5.381 5.381 5.381 5.381 5.381 5.380 5.380 5.380 5.380 5.380 5.380 5.379 5.379 5.379 5.379 5.379 5.379 5.378 5.378 5.378 5.378 5.378 5.378 5.378 5.377 1.377 0.377 0.377 0.377 0.000 0.000 0.000 0.376 0.376 0.376 0.377 0.000 1.377 2.377 1.377 0.377 5.377
5.386 5.386 5.385 5.385 5.385 5.385 5.385 5.385 5.385 5.385 5.385 5.385 5.385 5.385 5.384 5.384 5.384 5.384 5.384 5.384 5.384 5.384 5.383 5.383 5.383 5.383 5.383 5.382 5.382 5.382 5.382 5.382 5.382 5.381 5.381 5.381 5.381 5.381 5.381 5.380 5.380 5.380 5.380 5.380 5.380 5.380 5.379 5.379 5.379 5.379 5.379 5.378 5.378 5.378 5.378 5.378 5.378 5.378 5.377 5.377 0.377 2.377 2.377 0.377 0.000 0.000 5.377 5.377 5.377 5.377 5.377 5.377 5.377 5.377 5.377 5.377
5.386 5.386 5.385 5.385 5.385 5.385 5.385 5.385 5.385 5.385 5.385 5.385 5.385 5.385 5.385 5.384 5.384 5.384 5.384 5.384 5.384 5.384 5.383 5.383 5.383 5.383 5.383 5.382 5.382 5.382 5.382 5.382 5.382 5.381 5.381 5.381 5.381 5.381 5.381 5.380 5.380 5.380 5.380 5.380 5.380 5.380 5.379 5.379 5.379 5.379 5.379 5.378 5.378 5.378 5.378 5.378 5.378 5.377 5.377 5.377 5.377 5.377 5.377 5.377 5.377 5.377 5.377 5.377 5.377 5.377 5.377 5.377 5.377 5.377 5.377 5.377
5.386 5.386 5.386 5.385 5.385 5.385 5.385 5.385 5.385 5.385 5.385 5.385 5.385 5.385 5.385 5.385 5.384 5.384 5.384 5.384 5.384 5.384 5.383 5.383 5.383 5.383 5.383 5.383 5.382 5.382 5.382 5.382 5.382 4.381 5.381 5.381 5.381 5.381 5.381 5.380 5.380 5.380 5.380 5.380 5.380 5.380 5.379 5.379 5.379 5.379 5.378 5.378 5.378 5.378 5.378 5.378 5.378 5.377 5.377 5.377 5.377 5.377 5.377 5.377 5.377 5.377 5.377 5.377 5.377 5.377 5.377 5.377 5.377 5.377 5.377 5.377
5.386 5.386 5.386 5.385 5.385 5.385 5.385 5.385 5.385 5.385 5.385 5.385 5.385 5.385 5.385 5.385 5.385 5.384 5.384 5.384 5.384 5.384 5.383 5.383 5.383 5.383 5.383 5.383 4.383 0.000 0.382 4.382 4.382 4.381 4.381 4.381 5.381 5.381 5.381 5.380 5.380 5.380 5.380 5.380 5.380 5.380 5.379 5.379 5.379 5.379 5.378 5.378 5.378 5.378 5.378 5.378 5.378 5.377 5.377 5.377 5.377 5.377 5.377 5.377 5.377 5.377 5.377 5.377 5.377 5.377 5.377 5.377 5.377 5.377 5.377 5.377
5.386 5.386 5.386 5.385 5.385 5.385 5.385 5.385 5.385 5.385 5.385 5.385 5.385 5.385 5.385 5.385 5.385 5.384 5.384 5.384 5.384 5.384 5.383 5.383 5.383 5.383 5.383 4.383 2.383 0.000 0.000 1.382 2.382 2.382 1.381 2.381 3.381 4.381 4.381 5.380 5.380 5.380 5.380 5.380 5.380 5.380 5.379 5.379 5.379 5.379 5.378 5.378 5.378 5.378 5.378 5.378 5.378 5.377 5.377 5.377 5.377 5.377 5.377 5.377 5.377 5.377 5.377 5.377 5.377 5.377 5.377 5.377 5.377 5.377 5.377 5.377
5.386 5.386 5.386 5.386 5.385 5.385 5.385 5.385 5.385 5.385 5.385 5.385 5.385 5.385 5.385 5.385 5.385 5.385 5.384 5.384 5.384 5.384 5.384 5.383 5.383 5.383 1.383 2.383 0.000 0.000 0.000 0.000 0.383 0.383 0.000 0.381 1.381 2.381 4.381 4.380 4.380 4.380 5.380 5.380 5.380 5.380 5.379 5.379 5.379 5.379 5.378 5.378 5.378 5.378 5.378 5.378 5.377 5.377 5.377 5.377 5.377 5.377 5.377 5.377 5.377 5.377 5.377 5.377 5.377 5.377 5.377 5.377 5.377 5.377 5.377 5.377
5.386 5.386 5.386 5.386 5.386 5.385 5.385 5.385 5.385 5.385 5.385 5.385 5.385 5.385 5.385 5.385 5.385 5.385 5.384 5.384 2.384 4.384 2.384 5.384 1.383 0.383 0.000 0.000 0.000 0.000 0.000 0.000 0.385 1.385 0.385 0.383 2.381 2.381 2.381 2.380 3.380 2.380 2.380 4.380 4.380 5.380 0.380 0.000 5.379 5.378 5.378 5.378 5.378 5.378 5.378 5.378 5.377 5.377 5.377 5.377 5.377 5.377 5.377 5.377 5.377 5.377 5.377 5.377 5.377 5.377 5.377 5.377 5.377 5.377 5.377 5.377
5.386 5.386 5.386 5.386 5.386 5.386 5.385 5.385 5.385 5.385 5.385 5.385 5.385 5.385 5.385 5.385 5.385 5.385 0.000 0.000 0.000 3.384 1.384 0.000 0.000 0.000 0.000 0.000 0.000 0.000 0.000 0.386 0.386 2.386 2.385 1.384 1.383 0.382 0.000 0.380 2.380 1.380 1.380 2.380 4.380 2.380 0.000 0.000 0.378 5.378 5.378 5.378 5.378 5.378 5.378 5.378 5.377 5.377 5.377 5.377 5.377 5.377 5.377 5.377 5.377 5.377 5.377 5.377 5.377 5.377 5.377 5.377 5.377 5.377 5.377 5.377
5.386 5.386 5.386 5.386 5.386 5.386 5.386 5.385 5.385 5.385 5.385 5.385 5.385 5.385 5.385 5.385 5.385 5.385 0.000 0.000 1.384 2.384 2.384 0.386 0.000 0.387 0.387 2.387 2.387 0.387 0.386 1.386 1.386 2.386 3.386 1.385 0.384 0.000 0.000 0.000 1.381 1.380 0.381 2.381 3.381 1.381 0.381 0.380 1.379 4.378 4.378 5.378 5.378 5.378 5.378 5.378 5.377 5.377 5.377 5.377 5.377 5.377 5.377 5.377 5.377 5.377 5.377 5.377 5.377 5.377 5.377 5.377 5.377 5.377 5.377 5.377
5.386 5.386 5.386 5.386 5.386 5.386 5.386 5.386 5.385 5.385 5.385 5.385 5.385 5.385 5.385 5.385 5.385 4.385 0.386 1.386 0.000 0.385 0.386 1.387 1.387 3.387 5.387 4.387 2.387 0.387 1.387 3.386 3.386 4.386 3.386 0.386 0.000 0.000 0.000 0.000 0.382 0.000 0.000 2.382 2.382 2.383 0.383 0.000 0.379 3.378 4.378 2.378 2.378 5.378 5.378 5.378 5.377 5.377 5.377 5.377 5.377 5.377 5.377 5.377 5.377 5.377 5.377 5.377 5.377 5.377 5.377 5.377 5.377 5.377 5.377 5.377
5.386 5.386 5.386 5.386 5.386 5.386 5.386 5.386 5.385 5.385 5.385 5.385 5.385 5.385 5.385 5.385 5.385 4.385 3.385 2.385 0.000 0.000 2.386 2.387 4.387 5.387 6.387 6.387 1.387 1.387 1.387 2.386 3.386 5.386 4.386 0.386 0.000 0.000 0.386 1.386 0.384 0.000 0.385 1.384 2.384 3.384 1.385 0.000 0.000 1.378 2.378 2.378 1.378 0.378 0.000 0.000 0.000 1.377 5.377 5.377 5.377 5.377 5.377 5.377 5.377 5.377 5.377 5.377 5.377 5.377 5.377 5.377 5.377 5.377 5.377 5.377
6.386 5.386 5.386 5.386 5.386 5.386 5.386 5.386 5.386 5.385 5.385 5.385 5.385 5.385 5.385 5.385 5.385 5.386 3.386 1.385 0.386 2.386 3.386 3.387 5.387 5.387 5.387 5.387 4.387 2.387 1.387 0.387 1.387 3.387 2.386 0.386 0.386 0.386 1.386 1.386 1.386 0.386 1.386 1.385 1.385 4.385 2.385 0.000 0.000 0.378 2.378 3.378 2.378 0.378 0.000 0.000 0.000 2.377 4.377 4.377 5.377 5.377 5.377 5.377 5.377 5.377 5.377 5.377 5.377 5.377 5.377 5.377 5.377 5.377 5.377 1.377
6.386 6.386 6.386 5.386 5.386 5.386 5.386 5.386 5.386 5.386 5.386 5.386 5.386 5.386 5.385 5.386 5.386 5.386 5.386 5.386 5.386 5.386 3.386 2.386 3.387 3.387 3.387 5.387 5.387 4.387 4.387 2.387 1.387 2.387 2.387 1.387 3.387 1.387 0.000 0.386 0.386 1.386 3.386 2.386 1.386 5.385 2.385 0.385 0.000 0.378 1.378 2.378 0.378 0.000 0.000 0.000 0.000 0.000 0.377 1.377 2.377 1.377 0.376 0.376 1.377 4.377 3.377 1.377 4.377 3.377 0.377 0.377 3.377 4.377 4.377 4.377
6.386 6.386 6.386 6.386 6.386 5.386 5.386 5.386 5.386 5.386 5.386 5.386 5.386 5.386 5.386 5.386 5.386 5.386 5.386 5.386 5.386 5.386 5.386 1.386 0.386 0.386 2.387 4.387 3.387 4.387 6.387 4.387 2.387 2.387 2.387 3.387 4.387 1.387 5.387 5.387 5.387 5.387 4.386 3.386 2.386 5.385 2.385 1.386 0.385 0.000 0.000 0.000 0.000 0.000 0.000 0.000 0.000 0.384 0.000 0.000 0.000 0.376 1.376 2.376 2.376 1.376 0.376 1.376 2.377 1.377 0.000 0.000 2.377 4.377 4.378 1.378
6.386 6.386 6.386 6.386 6.386 6.386 5.386 5.386 5.386 5.386 5.386 5.386 5.386 5.386 5.386 5.386 5.386 5.386 5.386 5.386 5.386 5.386 5.386 5.386 0.000 0.000 2.387 6.387 3.387 4.387 6.387 6.387 3.387 2.387 2.387 3.387 5.387 5.387 5.387 5.387 5.387 5.387 5.386 5.386 5.386 2.386 1.386 2.386 1.386 0.000 0.000 0.000 0.000 0.000 0.000 0.000 0.384 1.384 1.384 0.384 0.000 0.000 1.376 1.376 0.376 0.000 0.000 0.000 0.000 0.000 0.000 0.000 1.378 3.378 2.378 1.378
6.386 6.386 6.386 6.386 6.386 6.386 6.386 5.386 5.386 5.386 5.386 5.386 5.386 5.386 5.386 5.386 5.386 5.386 5.386 5.386 5.386 5.386 5.386 5.387 5.387 5.387 0.387 4.387 3.387 3.387 4.387 4.387 1.387 2.387 2.387 5.387 5.387 5.387 5.387 5.387 5.387 5.387 5.387 5.386 5.386 0.386 1.386 3.386 2.386 0.000 0.000 0.000 0.000 0.000 0.000 0.000 0.384 2.384 2.384 1.384 0.384 0.000 0.376 0.000 0.000 0.000 0.000 0.000 0.000 0.000 0.000 0.381 1.379 2.378 1.378 0.378
6.386 6.386 6.386 6.386 6.386 6.386 6.386 5.386 5.386 5.386 5.386 5.386 5.386 5.386 5.386 5.386 5.386 5.386 5.386 5.386 5.386 5.386 5.386 5.387 5.387 5.387 5.387 5.387 5.387 5.387 5.387 1.387 0.000 5.387 5.387 5.387 5.387 5.387 5.387 5.387 5.387 5.387 5.387 5.387 5.387 0.386 1.386 2.386 1.386 0.000 0.000 0.382 0.382 0.000 0.000 0.000 0.000 1.384 1.384 0.384 0.000 0.000 0.000 0.000 0.000 0.000 0.000 0.384 0.000 0.000 1.384 2.383 1.381 1.380 0.379 0.000
6.386 6.386 6.386 6.386 6.386 6.386 6.386 5.386 5.386 5.386 5.386 5.386 5.386 5.386 5.386 5.386 5.386 5.386 5.386 5.386 5.386 5.386 5.387 5.387 5.387 5.387 5.387 5.387 5.387 5.387 5.387 5.387 5.387 5.387 5.387 5.387 5.387 5.387 5.387 5.387 5.387 5.387 5.387 5.387 5.387 0.386 1.386 3.386 1.386 0.000 0.000 1.382 0.382 0.383 0.000 0.000 0.385 0.385 1.385 1.385 0.385 0.000 0.000 0.000 1.384 1.384 1.384 2.384 2.384 3.384 6.384 3.384 1.382 0.381 0.000 0.000
6.386 6.386 6.386 6.386 6.386 6.387 6.387 6.386 5.386 5.386 5.386 5.386 5.386 5.386 5.386 5.386 5.386 5.386 5.386 5.386 5.386 5.386 5.387 5.387 5.387 5.387 5.387 5.387 5.387 5.387 5.387 5.387 5.387 5.387 5.387 5.387 5.387 5.387 5.387 5.387 5.387 5.387 5.387 5.387 5.387 0.000 1.386 4.386 3.386 0.385 0.383 1.382 1.383 0.383 0.000 0.385 1.385 1.385 1.385 1.385 0.385 0.000 0.385 1.385 1.385 2.384 2.384 2.384 4.384 5.384 5.384 3.384 0.384 0.000 5.384 5.384
6.387 6.387 6.387 6.387 6.387 6.387 6.387 6.387 5.387 5.387 5.386 5.386 5.386 5.386 5.386 5.386 5.386 5.386 5.386 5.386 5.386 5.386 5.387 5.387 5.387 5.387 5.387 5.387 5.387 5.387 5.387 5.387 5.387 5.387 5.387 5.387 5.387 5.387 5.387 5.387 5.387 5.387 5.387 5.387 5.387 0.000 2.386 4.386 3.386 0.385 0.000 0.000 0.383 0.383 0.384 0.384 1.385 1.385 1.385 1.385 1.385 2.385 2.385 2.385 1.385 1.384 2.384 3.384 4.384 5.384 2.384 0.000 5.384 5.384 5.384 5.384
6.387 6.387 6.387 6.387 6.387 6.387 6.387 6.387 6.387 5.387 5.387 5.387 5.386 5.386 5.386 5.386 5.386 5.386 5.386 5.386 5.386 5.386 5.386 5.387 5.387 5.387 5.387 5.387 5.387 5.387 5.387 5.387 5.387 5.387 5.387 5.387 5.387 5.387 5.387 5.387 5.387 5.387 5.387 5.387 5.387 2.387 4.387 4.387 0.000 0.000 0.000 0.000 0.000 0.000 0.384 0.384 1.385 2.385 1.385 1.385 3.385 4.385 4.385 3.385 2.385 0.385 1.384 4.384 4.384 4.384 3.384 5.384 5.384 5.384 5.384 5.384
6.387 6.387 6.387 6.387 6.387 6.387 6.387 6.387 6.387 6.387 5.387 5.387 5.387 5.387 5.387 5.387 5.386 5.386 5.386 5.386 5.386 5.386 5.386 5.387 5.387 5.387 5.387 5.387 5.387 5.387 5.387 5.387 5.387 5.387 5.387 5.387 5.387 5.387 5.387 5.387 5.387 5.387 5.387 5.387 5.387 5.387 5.387 5.387 2.387 0.000 0.387 0.387 0.000 0.000 0.384 0.385 2.385 4.385 3.385 1.385 3.385 4.385 3.385 4.385 2.385 0.385 0.384 2.384 3.384 5.384 5.384 5.384 5.384 5.384 5.384 5.384
6.387 6.387 6.387 6.387 6.387 6.387 6.387 6.387 6.387 6.387 6.387 5.387 5.387 5.387 5.387 5.387 5.387 5.387 5.386 5.386 5.386 5.386 5.386 5.387 5.387 5.387 5.387 5.387 5.387 5.387 5.387 5.387 5.387 5.387 5.387 5.387 5.387 5.387 5.387 5.387 5.387 5.387 5.387 5.387 5.387 5.387 5.387 5.387 5.387 5.387 5.387 5.387 0.000 0.000 0.000 0.385 4.385 5.385 3.385 1.385 1.385 3.385 2.385 2.385 1.385 0.385 0.000 0.384 5.384 5.384 5.384 5.384 5.384 5.384 5.384 5.384
6.387 6.387 6.387 6.387 6.387 6.387 6.387 6.387 6.387 6.387 6.387 6.387 5.387 5.387 5.387 5.387 5.387 5.387 5.386 5.386 5.386 5.387 5.387 5.387 5.387 5.387 5.387 5.387 5.387 5.387 5.387 5.387 5.387 5.387 5.387 5.387 5.387 5.387 5.387 5.387 5.387 5.387 5.387 5.387 5.387 5.387 5.387 5.387 5.387 5.387 5.387 5.387 5.387 0.000 0.000 0.385 2.385 3.385 2.385 1.385 1.385 2.385 2.385 1.385 0.385 0.000 0.000 5.384 5.384 5.384 5.384 5.384 5.384 5.384 5.384 5.384
6.387 6.387 6.387 6.387 6.387 6.387 6.387 6.387 6.387 6.387 6.387 6.387 6.387 6.387 5.387 5.387 5.387 5.387 5.387 5.387 5.387 5.387 5.387 5.387 5.387 5.387 5.387 5.387 5.387 5.387 5.387 5.387 5.387 5.387 5.387 5.387 5.387 5.387 5.387 5.387 5.387 5.387 5.387 5.387 5.387 5.387 5.387 5.387 5.387 5.387 5.387 5.387 5.387 0.386 0.386 0.385 1.386 0.386 1.386 2.386 2.386 2.385 1.385 1.385 1.385 0.000 5.385 5.385 5.384 5.384 5.384 5.384 5.384 5.384 5.384 5.384
6.387 6.387 6.387 6.387 6.387 6.387 6.387 6.387 6.387 6.387 6.387 6.387 6.387 6.387 6.387 6.387 6.387 5.387 5.387 5.387 5.387 5.387 5.387 5.387 5.387 5.387 5.387 5.387 5.387 5.387 5.387 5.387 5.387 5.387 5.387 5.387 5.387 5.387 5.387 5.387 5.387 5.387 5.387 5.387 5.387 5.387 5.387 5.387 5.387 5.387 5.387 5.387 5.387 5.387 0.000 0.000 1.386 1.386 1.386 2.386 2.386 2.386 0.385 0.385 1.385 5.385 5.385 5.385 5.385 5.384 5.384 5.384 5.384 5.384 5.384 5.384
6.387 6.387 6.387 6.387 6.387 6.387 6.387 6.387 6.387 6.387 6.387 6.387 6.387 6.387 6.387 6.387 6.387 6.387 6.387 6.387 6.387 6.387 6.387 6.387 6.387 5.387 5.387 5.387 5.387 5.387 5.387 5.387 5.387 5.387 5.387 5.387 5.387 5.387 5.387 5.387 5.387 5.387 5.387 5.387 5.387 5.387 5.387 5.387 5.387 5.387 5.387 5.387 5.387 5.387 5.387 0.000 2.386 4.386 2.386 1.386 1.386 2.386 1.386 5.385 5.385 5.385 5.385 5.385 5.385 5.385 5.384 5.384 5.384 5.384 5.384 5.384
6.387 6.387 6.387 6.387 6.387 6.387 6.387 6.387 6.387 6.387 6.387 6.387 6.387 6.387 6.387 6.387 6.387 6.387 6.387 6.387 6.387 6.387 6.387 6.387 6.387 6.387 6.387 6.387 6.387 6.387 6.387 6.387 6.387 6.387 6.387 6.387 6.387 6.387 6.387 6.387 6.387 6.387 6.387 6.387 6.387 6.387 6.387 5.387 5.387 5.387 5.387 5.387 5.387 5.387 5.387 5.387 5.387 5.386 5.386 5.386 5.386 5.386 5.386 5.385 5.385 5.385 5.385 5.385 5.385 5.385 5.384 5.384 5.384 5.384 5.384 5.384
6.387 6.387 6.387 6.387 6.387 6.387 6.387 6.387 6.387 6.387 6.387 6.387 6.387 6.387 6.387 6.387 6.387 6.387 6.387 6.387 6.387 6.387 6.387 6.387 6.387 6.387 6.387 6.387 6.387 6.387 6.387 6.387 6.387 6.387 6.387 6.387 6.387 6.387 6.387 6.387 6.387 6.387 6.387 6.387 6.387 6.387 6.387 6.387 6.387 5.387 5.387 5.387 5.387 5.387 5.387 5.387 5.387 5.387 5.386 5.386 5.386 5.386 5.386 5.385 5.385 5.385 5.385 5.385 5.385 5.385 5.385 5.384 5.384 5.384 5.384 5.384
6.387 6.387 6.387 6.387 6.387 6.387 6.387 6.387 6.387 6.387 6.387 6.387 6.387 6.387 6.387 6.387 6.387 6.387 6.387 6.387 6.387 6.387 6.387 6.387 6.387 6.387 6.387 6.387 6.387 6.387 6.387 6.387 6.387 6.387 6.387 6.387 6.387 6.387 6.387 6.387 6.387 6.387 6.387 6.387 6.387 6.387 6.387 6.387 6.387 6.387 5.387 5.387 5.387 5.387 5.387 5.387 5.387 5.387 5.387 5.386 5.386 5.386 5.386 5.385 5.385 5.385 5.385 5.385 5.385 5.385 5.385 5.385 5.384 5.384 5.384 5.384
6.387 6.387 6.387 6.387 6.387 6.387 6.387 6.387 6.387 6.387 6.387 6.387 6.387 6.387 6.387 6.387 6.387 6.387 6.387 6.387 6.387 6.387 6.387 6.387 6.387 6.387 6.387 6.387 6.387 6.387 6.387 6.387 6.387 6.387 6.387 6.387 6.387 6.387 6.387 6.387 6.387 6.387 6.387 6.387 6.387 6.387 6.387 6.387 6.387 6.387 6.387 5.387 5.387 5.387 5.387 5.387 5.387 5.387 5.387 5.387 5.386 5.386 5.386 5.385 5.385 5.385 5.385 5.385 5.385 5.385 5.385 5.385 5.384 5.384 5.384 4.384
