includes/mahajanga_coast/floodfiles/results/res-0002.wdfp
ncols         269
nrows         308
xllcorner     384108.384600
yllcorner     1149646.260900
cellsize      30.000000
NODATA_value  -9999.000000
[rows 136 to 169 of 308, columns 0 to 75 of 269]
10.927 10.926 10.926 10.925 10.924 10.924 10.923 10.923 10.922 10.921 10.921 10.920 10.919 10.919 10.918 10.918 10.917 10.917 10.916 10.915 10.915 10.914 10.914 10.913 10.912 10.912 10.911 10.911 9.910 9.909 9.909 9.908 9.907 9.907 9.906 9.906 9.905 9.905 9.904 8.904 8.903 8.903 8.903 8.902 8.902 8.901 7.901 7.901 7.900 7.900 7.899 7.899 7.898 7.898 7.897 7.897 7.896 6.896 6.896 6.895 6.895 6.894 6.894 6.893 6.893 6.892 6.892 6.892 5.891 5.891 5.890 5.890 5.890 5.889 4.889 4.888
10.927 10.926 10.926 10.925 10.924 10.924 10.923 10.922 10.922 10.921 10.921 10.920 10.919 10.919 10.918 10.918 10.917 10.917 10.916 10.915 10.915 10.914 10.914 10.913 10.913 10.912 10.911 9.911 9.910 9.910 9.909 9.908 9.908 9.907 9.906 9.906 9.905 9.905 8.904 8.904 8.904 8.903 8.903 8.902 8.902 8.902 7.901 7.901 7.900 7.900 7.900 7.899 7.899 7.898 7.898 6.897 6.897 6.896 6.896 6.895 6.895 6.894 6.894 6.893 6.893 6.893 6.892 5.892 5.891 5.891 5.891 5.890 5.890 4.889 4.889 4.888
10.927 10.926 10.926 10.925 10.924 10.924 10.923 10.922 10.922 10.921 10.921 10.920 10.920 10.919 10.918 10.918 10.917 10.917 10.916 10.916 10.915 10.914 10.914 10.913 10.913 10.912 10.912 9.911 9.910 9.910 9.909 9.908 9.908 9.907 9.907 9.906 9.906 9.905 8.905 8.904 8.904 8.903 8.903 8.903 8.902 7.902 7.901 7.901 7.901 7.900 7.900 7.899 7.899 7.898 6.898 6.897 6.897 6.896 6.896 6.895 6.895 6.895 6.894 6.894 6.893 6.893 5.893 5.892 5.892 5.891 5.891 5.891 4.890 4.890 4.889 4.889
10.927 10.926 10.926 10.925 10.924 10.924 10.923 10.922 10.922 10.921 10.921 10.920 10.920 10.919 10.918 10.918 10.917 10.917 10.916 10.916 10.915 10.914 10.914 10.913 10.913 10.912 9.912 9.911 9.910 9.910 9.909 9.908 9.908 9.907 9.907 9.906 9.906 8.905 8.905 8.904 8.904 8.903 8.903 8.903 8.902 7.902 7.902 7.901 7.901 7.900 7.900 7.899 7.899 6.898 6.898 6.897 6.897 6.897 6.896 6.896 6.895 6.895 6.894 6.894 6.894 5.893 5.893 5.892 5.892 5.892 5.891 4.891 4.890 4.890 4.889 4.889
10.927 10.926 10.926 10.925 10.924 10.924 10.923 10.922 10.922 10.921 10.921 10.920 10.920 10.919 10.918 10.918 10.917 10.917 10.916 10.916 10.915 10.915 10.914 10.913 10.913 10.912 9.912 9.911 9.910 9.910 9.909 9.909 9.908 9.907 9.907 9.906 9.906 8.905 8.905 8.904 8.904 8.904 8.903 8.903 7.903 7.902 7.902 7.901 7.901 7.901 7.900 7.900 6.899 6.899 6.898 6.898 6.897 6.897 6.896 6.896 6.895 6.895 6.895 6.894 5.894 5.893 5.893 5.893 5.892 5.892 4.891 4.891 4.890 4.890 4.890 4.889
10.927 10.926 10.926 10.925 10.924 10.924 10.923 10.922 10.922 10.921 10.921 10.920 10.920 10.919 10.919 10.918 10.917 10.917 10.916 10.916 10.915 10.915 10.914 10.913 10.913 10.912 9.912 9.911 9.911 9.910 9.909 9.909 9.908 9.908 9.907 9.907 8.906 8.906 8.905 8.905 8.904 8.904 8.903 8.903 7.903 7.902 7.902 7.902 7.901 7.901 7.900 7.900 6.899 6.899 6.898 6.898 6.897 6.897 6.897 6.896 6.896 6.895 5.895 5.894 5.894 5.894 5.893 5.893 5.893 4.892 4.892 4.891 4.891 4.890 4.890 3.889
10.927 10.926 10.926 10.925 10.924 10.924 10.923 10.922 10.922 10.921 10.921 10.920 10.920 10.919 10.919 10.918 10.917 10.917 10.916 10.916 10.915 10.915 10.914 10.914 10.913 10.913 9.912 9.911 9.911 9.910 9.910 9.909 9.908 9.908 9.907 9.907 8.906 8.906 8.905 8.905 8.904 8.904 8.904 7.903 7.903 7.903 7.902 7.902 7.901 7.901 7.901 6.900 6.900 6.899 6.899 6.898 6.898 6.897 6.897 6.896 6.896 5.895 5.895 5.894 5.894 5.894 5.893 5.893 5.893 4.892 4.892 4.891 4.891 4.890 3.890 3.890
10.927 10.926 10.926 10.925 10.924 10.924 10.923 10.922 10.922 10.921 10.921 10.920 10.920 10.919 10.919 10.918 10.918 10.917 10.916 10.916 10.915 10.915 10.914 10.914 10.913 9.913 9.912 9.911 9.911 9.910 9.910 9.909 9.909 9.908 9.908 8.907 8.906 8.906 8.905 8.905 8.905 8.904 8.904 7.904 7.903 7.903 7.902 7.902 7.902 7.901 6.901 6.900 6.900 6.899 6.899 6.898 6.898 6.897 6.897 6.897 5.896 5.896 5.895 5.895 5.894 5.894 5.894 5.893 4.893 4.893 4.892 4.892 4.891 3.891 3.890 3.890
10.927 10.926 10.926 10.925 10.924 10.924 10.923 10.922 10.922 10.921 10.921 10.920 10.920 10.919 10.919 10.918 10.918 10.917 10.916 10.916 10.915 10.915 10.914 10.914 10.913 9.913 9.912 9.912 9.911 9.910 9.910 9.909 9.909 9.908 9.908 8.907 8.907 8.906 8.906 8.905 8.905 8.904 7.904 7.904 7.903 7.903 7.903 7.902 7.902 7.901 6.901 6.901 6.900 6.900 6.899 6.899 6.898 6.898 6.897 5.897 5.896 5.896 5.895 5.895 5.894 5.894 5.894 4.894 4.893 4.893 4.892 4.892 3.891 3.891 3.890 3.890
10.927 10.926 10.926 10.925 10.924 10.924 10.923 10.922 10.922 10.921 10.921 10.920 10.920 10.919 10.919 10.918 10.918 10.917 10.917 10.916 10.915 10.915 10.914 10.914 10.913 9.913 9.912 9.912 9.911 9.911 9.910 9.910 9.909 9.908 8.908 8.907 8.907 8.906 8.906 8.905 8.905 8.905 7.904 7.904 7.904 7.903 7.903 7.902 7.902 6.902 6.901 6.901 6.900 6.900 6.899 6.899 6.898 6.898 5.897 5.897 5.896 5.896 5.896 5.895 5.895 5.894 4.894 4.894 4.893 4.893 4.893 3.892 3.892 3.891 3.891 3.890
10.927 10.926 10.926 10.925 10.924 10.924 10.923 10.923 10.922 10.921 10.921 10.920 10.920 10.919 10.919 10.918 10.918 10.917 10.917 10.916 10.916 10.915 10.914 10.914 10.913 9.913 9.912 9.912 9.911 9.911 9.910 9.910 9.909 8.909 8.908 8.908 8.907 8.907 8.906 8.906 8.905 7.905 7.904 7.904 7.904 7.903 7.903 7.903 7.902 6.902 6.901 6.901 6.901 6.900 6.900 6.899 6.899 5.898 5.898 5.897 5.897 5.896 5.896 5.895 5.895 5.895 4.895 4.894 4.894 4.893 3.893 3.892 3.892 3.891 3.891 3.891
10.927 10.926 10.926 10.925 10.924 10.924 10.923 10.923 10.922 10.921 10.921 10.920 10.920 10.919 10.919 10.918 10.918 10.917 10.917 10.916 10.916 10.915 10.915 10.914 10.914 9.913 9.913 9.912 9.911 9.911 9.910 9.910 9.909 8.909 8.908 8.908 8.907 8.907 8.906 8.906 8.906 7.905 7.905 7.904 7.904 7.904 7.903 7.903 7.903 6.902 6.902 6.901 6.901 6.900 6.900 6.899 6.899 5.898 5.898 5.898 5.897 5.897 5.896 5.896 5.895 5.895 4.895 4.894 4.894 4.894 3.893 3.893 3.892 3.892 3.891 3.891
10.927 10.926 10.926 10.925 10.924 10.924 10.923 10.923 10.922 10.922 10.921 10.920 10.920 10.919 10.919 10.918 10.918 10.917 10.917 10.916 10.916 10.915 10.915 10.914 10.914 9.913 9.913 9.912 9.912 9.911 9.911 9.910 9.910 8.909 8.908 8.908 8.907 8.907 8.907 8.906 8.906 7.905 7.905 7.905 7.904 7.904 7.903 7.903 6.903 6.902 6.902 6.901 6.901 6.901 6.900 6.900 5.899 5.899 5.898 5.898 5.897 5.897 5.896 5.896 5.896 4.895 4.895 4.895 4.894 3.894 3.893 3.893 3.892 3.892 3.891 2.891
10.927 10.926 10.926 10.925 10.924 10.924 10.923 10.923 10.922 10.922 10.921 10.920 10.920 10.919 10.919 10.918 10.918 10.917 10.917 10.916 10.916 10.915 10.915 10.914 10.914 9.913 9.913 9.912 9.912 9.911 9.911 9.910 9.910 8.909 8.909 8.908 8.908 8.907 8.907 8.906 7.906 7.906 7.905 7.905 7.904 7.904 7.904 7.903 6.903 6.902 6.902 6.902 6.901 6.901 6.900 6.900 5.899 5.899 5.898 5.898 5.897 5.897 5.897 5.896 4.896 4.895 4.895 4.895 4.895 3.894 3.894 3.893 3.892 3.892 2.891 2.891
10.927 10.926 10.926 10.925 10.924 10.924 10.923 10.923 10.922 10.922 10.921 10.921 10.920 10.919 10.919 10.918 10.918 10.917 10.917 10.916 10.916 10.915 10.915 10.914 9.914 9.913 9.913 9.912 9.912 9.911 9.911 9.910 8.910 8.909 8.909 8.908 8.908 8.907 8.907 8.907 7.906 7.906 7.905 7.905 7.905 7.904 7.904 6.904 6.903 6.903 6.902 6.902 6.901 6.901 6.900 5.900 5.900 5.899 5.899 5.898 5.898 5.897 5.897 4.896 4.896 4.896 4.895 4.895 4.895 3.894 3.894 3.893 3.893 2.892 2.891 2.891
10.927 10.926 10.926 10.925 10.924 10.924 10.923 10.923 10.922 10.922 10.921 10.921 10.920 10.920 10.919 10.919 10.918 10.918 10.917 10.916 10.916 10.916 10.915 10.915 9.914 9.914 9.913 9.913 9.912 9.912 9.911 9.911 8.910 8.910 8.909 8.909 8.908 8.908 8.907 7.907 7.907 7.906 7.906 7.905 7.905 7.905 7.904 6.904 6.903 6.903 6.902 6.902 6.901 6.901 5.901 5.900 5.900 5.899 5.899 5.898 5.898 5.897 4.897 4.897 4.896 4.896 4.896 4.895 3.895 3.894 3.894 3.893 2.893 2.892 2.891 2.891
10.927 10.926 10.926 10.925 10.924 10.924 10.923 10.923 10.922 10.922 10.921 10.921 10.920 10.920 10.919 10.919 10.918 10.918 10.917 10.917 10.916 10.916 10.915 10.915 9.914 9.914 9.913 9.913 9.912 9.912 9.911 9.911 8.910 8.910 8.909 8.909 8.908 8.908 8.908 7.907 7.907 7.906 7.906 7.906 7.905 7.905 6.904 6.904 6.904 6.903 6.903 6.902 6.902 6.901 5.901 5.900 5.900 5.899 5.899 5.898 5.898 4.898 4.897 4.897 4.896 4.896 4.896 3.895 3.895 3.895 3.894 2.893 2.893 2.892 2.891 2.891
10.927 10.926 10.926 10.925 10.924 10.924 10.923 10.923 10.922 10.922 10.921 10.921 10.920 10.920 10.919 10.919 10.918 10.918 10.917 10.917 10.916 10.916 10.915 9.915 9.914 9.914 9.913 9.913 9.912 9.912 9.911 8.911 8.910 8.910 8.910 8.909 8.909 8.908 8.908 7.907 7.907 7.907 7.906 7.906 7.905 7.905 6.905 6.904 6.904 6.903 6.903 6.902 6.902 5.901 5.901 5.901 5.900 5.900 5.899 5.899 4.898 4.898 4.897 4.897 4.897 4.896 3.896 3.896 3.895 3.895 2.894 2.893 2.893 2.892 2.891 2.891
10.927 10.926 10.926 10.925 10.925 10.924 10.923 10.923 10.922 10.922 10.921 10.921 10.920 10.920 10.919 10.919 10.918 10.918 10.917 10.917 10.916 10.916 10.916 9.915 9.915 9.914 9.914 9.913 9.913 9.912 9.912 8.911 8.911 8.910 8.910 8.909 8.909 8.908 8.908 7.908 7.907 7.907 7.906 7.906 7.906 7.905 6.905 6.904 6.904 6.903 6.903 6.902 5.902 5.901 5.901 5.901 5.900 5.900 5.899 4.899 4.898 4.898 4.898 4.897 4.897 3.896 3.896 3.896 3.895 2.895 2.894 2.893 2.892 2.892 2.891 2.891
10.927 10.926 10.926 10.925 10.925 10.924 10.924 10.923 10.923 10.922 10.922 10.921 10.921 10.920 10.920 10.919 10.919 10.918 10.918 10.917 10.917 10.916 10.916 9.915 9.915 9.914 9.914 9.913 9.913 9.912 9.912 8.911 8.911 8.910 8.910 8.910 8.909 8.909 8.908 7.908 7.907 7.907 7.907 7.906 7.906 6.905 6.905 6.905 6.904 6.904 6.903 6.903 5.902 5.902 5.901 5.901 5.900 5.900 4.899 4.899 4.899 4.898 4.898 4.897 3.897 3.896 3.896 3.896 3.895 2.895 2.894 2.893 2.892 2.892 2.891 2.891
10.927 10.926 10.926 10.925 10.925 10.924 10.924 10.923 10.923 10.922 10.922 10.921 10.921 10.920 10.920 10.919 10.919 10.918 10.918 10.917 10.917 10.916 9.916 9.915 9.915 9.914 9.914 9.913 9.913 9.912 9.912 8.912 8.911 8.911 8.910 8.910 8.909 8.909 8.908 7.908 7.908 7.907 7.907 7.906 7.906 6.906 6.905 6.905 6.904 6.904 6.903 5.903 5.902 5.902 5.901 5.901 5.901 4.900 4.900 4.899 4.899 4.898 4.898 3.897 3.897 3.896 3.896 3.896 2.895 2.894 2.894 2.893 2.892 2.892 2.891 2.891
10.927 10.926 10.926 10.925 10.925 10.924 10.924 10.923 10.923 10.922 10.922 10.921 10.921 10.920 10.920 10.919 10.919 10.918 10.918 10.918 10.917 9.917 9.916 9.916 9.915 9.915 9.914 9.914 9.913 9.913 9.912 8.912 8.911 8.911 8.910 8.910 8.910 8.909 8.909 7.908 7.908 7.907 7.907 7.907 7.906 6.906 6.905 6.905 6.904 6.904 6.904 5.903 5.903 5.902 5.902 5.901 4.901 4.900 4.900 4.899 4.899 4.899 3.898 3.898 3.897 3.896 3.896 2.895 2.895 2.894 2.894 2.893 2.892 2.892 2.891 2.890
10.927 10.926 10.926 10.925 10.925 10.924 10.924 10.923 10.923 10.922 10.922 10.921 10.921 10.921 10.920 10.920 10.919 10.919 10.918 10.918 10.917 9.917 9.916 9.916 9.915 9.915 9.914 9.914 9.913 9.913 9.912 8.912 8.911 8.911 8.911 8.910 8.910 8.909 8.909 7.909 7.908 7.908 7.907 7.907 7.906 6.906 6.906 6.905 6.905 6.904 6.904 5.903 5.903 5.902 5.902 5.901 4.901 4.900 4.900 4.900 4.899 3.899 3.898 3.898 3.897 3.897 2.896 2.895 2.895 2.894 2.894 2.893 2.892 2.892 2.891 2.890
11.927 10.927 10.926 10.925 10.925 10.924 10.924 10.923 10.923 10.922 10.922 10.922 10.921 10.921 10.920 10.920 10.919 10.919 10.918 10.918 9.917 9.917 9.917 9.916 9.916 9.915 9.915 9.914 9.914 9.913 8.913 8.912 8.912 8.911 8.911 8.910 8.910 8.909 7.909 7.909 7.908 7.908 7.907 7.907 6.907 6.906 6.906 6.905 6.905 6.905 5.904 5.904 5.903 5.903 5.902 4.902 4.901 4.901 4.900 4.900 3.899 3.899 3.898 3.898 3.897 2.896 2.896 2.895 2.895 2.894 2.894 2.893 2.892 2.892 2.891 2.890
11.927 10.927 10.926 10.925 10.925 10.925 10.924 10.924 10.923 10.923 10.922 10.922 10.921 10.921 10.920 10.920 10.919 10.919 9.919 9.918 9.918 9.917 9.917 9.916 9.916 9.915 9.915 9.914 9.914 9.913 8.913 8.912 8.912 8.911 8.911 8.910 8.910 8.910 7.909 7.909 7.908 7.908 7.908 7.907 6.907 6.906 6.906 6.906 6.905 6.905 5.904 5.904 5.903 5.903 5.903 4.902 4.901 4.901 4.901 3.900 3.899 3.899 3.898 3.898 2.897 2.896 2.896 2.895 2.895 2.894 2.894 2.893 2.892 2.892 2.891 2.890
11.927 10.927 10.926 10.926 10.925 10.925 10.924 10.924 10.923 10.923 10.922 10.922 10.921 10.921 10.921 10.920 10.920 9.919 9.919 9.918 9.918 9.917 9.917 9.916 9.916 9.916 9.915 9.915 9.914 9.914 8.913 8.913 8.912 8.912 8.911 8.911 8.910 8.910 7.909 7.909 7.909 7.908 7.908 7.907 6.907 6.907 6.906 6.906 6.905 6.905 5.905 5.904 5.904 5.903 4.903 4.902 4.902 4.901 4.901 3.900 3.900 3.899 3.898 2.898 2.897 2.896 2.896 2.895 2.895 2.894 2.894 2.893 2.893 2.892 2.891 2.890
11.927 10.927 10.926 10.926 10.925 10.925 10.924 10.924 10.923 10.923 10.922 10.922 10.922 10.921 10.921 10.920 9.920 9.919 9.919 9.919 9.918 9.918 9.917 9.917 9.916 9.916 9.915 9.915 9.914 9.914 8.913 8.913 8.912 8.912 8.911 8.911 8.910 8.910 7.910 7.909 7.909 7.908 7.908 7.908 6.907 6.907 6.906 6.906 6.906 5.905 5.905 5.905 5.904 5.904 4.903 4.903 4.902 4.902 3.901 3.901 3.900 3.899 2.898 2.898 2.897 2.896 2.896 2.895 2.895 2.894 2.894 2.893 2.893 2.892 2.891 2.891
11.927 10.927 10.926 10.926 10.925 10.925 10.924 10.924 10.923 10.923 10.923 10.922 10.922 10.921 10.921 9.920 9.920 9.920 9.919 9.919 9.918 9.918 9.917 9.917 9.916 9.916 9.915 9.915 9.914 8.914 8.913 8.913 8.912 8.912 8.912 8.911 8.911 8.910 7.910 7.909 7.909 7.909 7.908 7.908 6.907 6.907 6.907 6.906 6.906 5.906 5.905 5.905 5.904 4.904 4.904 4.903 4.903 4.902 3.901 3.901 3.900 3.899 2.898 2.898 2.897 2.896 2.896 2.895 2.895 2.894 2.894 2.893 2.893 2.892 2.892 2.891
11.927 10.927 10.926 10.926 10.925 10.925 10.924 10.924 10.924 10.923 10.923 10.922 10.922 10.922 9.921 9.921 9.920 9.920 9.919 9.919 9.918 9.918 9.918 9.917 9.917 9.916 9.916 9.915 9.915 8.914 8.914 8.913 8.913 8.912 8.912 8.911 8.911 8.911 7.910 7.910 7.909 7.909 7.909 6.908 6.908 6.907 6.907 6.907 6.906 5.906 5.906 5.905 5.905 4.904 4.904 4.904 4.903 3.902 3.902 3.901 3.900 2.900 2.899 2.898 2.897 2.896 2.896 2.895 2.895 2.894 2.894 2.894 2.893 2.893 2.892 2.891
11.927 11.927 10.926 10.926 10.925 10.925 10.925 10.924 10.924 10.923 10.923 10.923 10.922 10.922 9.921 9.921 9.920 9.920 9.920 9.919 9.919 9.918 9.918 9.917 9.917 9.916 9.916 9.915 8.915 8.914 8.914 8.913 8.913 8.912 8.912 8.912 8.911 8.911 7.910 7.910 7.910 7.909 7.909 6.908 6.908 6.908 6.907 6.907 5.907 5.906 5.906 5.906 5.905 4.905 4.904 4.904 4.903 3.903 3.902 3.902 2.901 2.900 2.899 2.898 2.897 2.897 2.896 2.895 2.895 2.894 2.894 2.894 2.893 2.893 2.892 2.892
11.927 11.927 10.926 10.926 10.925 10.925 10.925 10.924 10.924 10.923 10.923 10.923 10.922 9.922 9.921 9.921 9.921 9.920 9.920 9.919 9.919 9.918 9.918 9.918 9.917 9.917 9.916 9.916 8.915 8.915 8.914 8.914 8.913 8.913 8.912 8.912 8.912 8.911 7.911 7.910 7.910 7.909 7.909 6.909 6.908 6.908 6.908 6.907 5.907 5.907 5.906 5.906 4.906 4.905 4.905 4.904 3.904 3.903 3.903 3.902 2.901 2.900 2.899 2.898 2.898 2.897 2.896 2.896 2.895 2.895 2.894 2.894 2.894 2.893 2.893 2.892
11.927 11.927 10.926 10.926 10.926 10.925 10.925 10.924 10.924 10.924 10.923 10.923 10.922 10.922 9.922 9.921 9.921 9.920 9.920 9.919 9.919 9.919 9.918 9.918 9.917 9.917 9.916 9.916 8.915 8.915 8.914 8.914 8.913 8.913 8.913 8.912 8.912 8.911 7.911 7.911 7.910 7.910 7.909 6.909 6.909 6.908 6.908 6.908 5.907 5.907 5.907 5.906 4.906 4.906 4.905 4.905 3.904 3.904 3.903 3.902 2.901 2.901 2.900 2.899 2.898 2.897 2.897 2.896 2.895 2.895 2.895 2.894 2.894 2.893 2.893 1.893
11.927 11.927 10.926 10.926 10.926 10.925 10.925 10.924 10.924 10.924 10.923 10.923 10.923 10.922 9.922 9.921 9.921 9.921 9.920 9.920 9.919 9.919 9.918 9.918 9.917 9.917 9.917 9.916 9.916 8.915 8.915 8.914 8.914 8.913 8.913 8.912 8.912 8.912 7.911 7.911 7.910 7.910 7.910 6.909 6.909 6.909 6.908 6.908 5.908 5.907 5.907 5.907 4.906 4.906 4.906 4.905 3.905 3.904 3.904 2.903 2.902 2.901 2.900 2.899 2.898 2.898 2.897 2.897 2.896 2.896 2.895 2.895 2.894 2.894 1.893 0.000
11.927 11.927 10.926 10.926 10.926 10.925 10.925 10.925 10.924 10.924 10.924 10.923 10.923 10.922 10.922 9.922 9.921 9.921 9.920 9.920 9.919 9.919 9.919 9.918 9.918 9.917 9.917 9.916 9.916 8.915 8.915 8.914 8.914 8.913 8.913 8.913 8.912 8.912 7.912 7.911 7.911 7.910 7.910 6.910 6.909 6.909 6.909 6.908 5.908 5.908 5.907 5.907 4.907 4.906 4.906 4.906 3.905 3.905 3.904 2.903 2.902 2.901 2.900 2.900 2.899 2.898 2.898 2.897 2.897 2.896 2.896 2.895 2.894 1.894 0.000 0.000
