includes/mahajanga_coast/floodfiles/results/res-0003.wdfp
ncols         269
nrows         308
xllcorner     384108.384600
yllcorner     1149646.260900
cellsize      30.000000
NODATA_value  -9999.000000
[rows 272 to 305 of 308, columns 152 to 227 of 269]
4.226 4.226 4.226 4.226 4.226 4.226 4.226 4.226 4.226 4.226 4.226 4.226 4.226 4.226 4.227 4.227 4.226 4.226 4.226 4.226 4.226 4.226 4.226 4.226 4.225 4.225 4.225 4.225 4.225 4.225 4.225 4.225 4.225 4.225 4.225 4.225 4.225 4.225 4.225 4.225 4.225 4.225 4.225 4.225 4.225 4.225 4.225 4.225 4.225 4.225 4.225 4.224 4.225 4.225 4.225 4.225 4.225 0.000 0.000 0.000 0.000 0.000 0.000 0.000 0.000 0.000 0.000 0.000 0.000 0.000 0.065 1.092 1.095 1.037 1.020 0.150
4.226 4.226 4.226 4.226 4.226 4.226 4.226 4.226 4.226 4.226 4.226 4.226 4.226 4.226 4.226 4.226 4.226 4.226 4.226 4.226 4.226 4.226 4.226 4.226 4.226 4.225 4.225 4.225 4.225 4.225 4.225 4.225 4.225 4.225 4.225 4.225 4.225 4.225 4.225 4.225 4.225 4.225 4.225 4.225 4.225 4.225 4.225 4.225 4.225 4.225 4.225 4.225 4.225 4.225 4.225 4.225 4.225 4.225 4.225 0.225 0.000 0.000 0.000 0.000 0.000 0.000 0.000 0.000 0.000 0.000 0.000 0.165 1.164 0.160 0.000 4.227
4.226 4.226 4.226 4.226 4.226 4.226 4.226 4.226 4.226 4.226 4.226 4.226 4.226 4.226 4.226 4.226 4.226 4.226 4.226 4.226 4.226 4.226 4.226 4.226 4.226 4.226 4.225 4.225 4.225 4.225 4.225 4.225 4.225 4.225 4.225 4.225 4.225 4.225 4.225 4.225 4.225 4.225 4.225 4.225 4.225 4.225 4.225 4.225 4.225 4.225 4.225 4.225 4.225 4.225 4.225 4.225 4.225 4.225 4.226 0.225 0.000 0.000 0.000 0.000 0.000 0.000 0.000 0.000 0.000 0.000 0.000 0.198 1.201 0.201 0.000 4.227
4.226 4.226 4.226 4.226 4.226 4.226 4.226 4.226 4.226 4.226 4.226 4.226 4.226 4.226 4.226 4.226 4.226 4.226 4.226 4.226 4.226 4.226 4.226 4.226 4.226 4.226 4.226 4.225 4.225 4.225 4.225 4.225 4.225 4.225 4.225 4.225 4.225 4.225 4.225 4.225 4.225 4.225 4.225 4.225 4.225 4.225 4.225 4.225 4.225 4.225 4.225 4.225 4.225 4.225 4.225 4.225 4.225 4.226 4.226 4.226 0.000 1.226 1.227 0.000 0.000 0.000 4.227 4.227 4.227 4.227 4.227 4.227 4.227 4.227 4.227 4.227
4.226 4.226 4.226 4.226 4.226 4.226 4.226 4.226 4.226 4.226 4.226 4.226 4.226 4.226 4.226 4.226 4.226 4.226 4.226 4.226 4.226 4.226 4.226 4.226 4.225 4.225 4.225 4.225 4.225 4.225 4.225 4.225 4.225 4.225 4.225 4.225 4.225 4.225 4.225 4.225 4.225 4.225 4.225 4.225 4.225 4.225 4.225 4.225 4.225 4.225 4.225 4.225 4.225 4.225 4.225 4.226 4.226 4.226 4.226 4.226 4.226 4.226 4.227 4.227 4.227 4.227 4.227 4.227 4.227 4.227 4.227 4.227 4.227 4.227 4.227 4.227
4.226 4.226 4.226 4.226 4.226 4.226 4.226 4.226 4.226 4.226 4.226 4.226 4.226 4.226 4.226 4.226 4.226 4.226 4.226 4.226 4.226 4.226 4.226 4.225 4.225 4.225 4.225 4.225 4.225 4.225 4.225 4.225 4.225 3.225 4.225 4.225 4.225 4.225 4.225 4.225 4.225 4.225 4.225 4.225 4.225 4.225 4.225 4.225 4.225 4.225 4.225 4.225 4.226 4.226 4.226 4.226 4.226 4.226 4.226 4.226 4.226 4.226 4.227 4.227 4.227 4.227 4.227 4.227 4.227 4.227 4.227 4.227 4.227 4.227 4.227 4.227
4.226 4.226 4.226 4.226 4.226 4.226 4.226 4.226 4.226 4.226 4.226 4.226 4.226 4.226 4.226 4.226 4.226 4.226 4.226 4.226 4.226 4.225 4.225 4.225 4.225 4.225 4.225 4.225 3.225 0.000 0.000 3.225 3.225 3.225 3.225 3.225 4.225 4.225 4.225 4.225 4.225 4.225 4.225 4.225 4.225 4.225 4.225 4.225 4.225 4.225 4.225 4.226 4.226 4.226 4.226 4.226 4.226 4.226 4.226 4.226 4.226 4.226 4.227 4.227 4.227 4.227 4.227 4.227 4.227 4.227 4.227 4.227 4.227 4.227 4.227 4.227
4.227 4.227 4.226 4.226 4.226 4.226 4.226 4.226 4.226 4.226 4.226 4.226 4.226 4.226 4.226 4.226 4.226 4.226 4.226 4.226 4.226 4.225 4.225 4.225 4.225 4.225 4.225 3.225 1.225 0.000 0.000 0.224 1.225 1.225 0.225 1.225 2.225 3.225 3.225 4.225 4.225 4.225 4.225 4.225 4.225 4.225 4.225 4.225 4.225 4.225 4.226 4.226 4.226 4.226 4.226 4.226 4.226 4.226 4.226 4.226 4.226 4.227 4.227 4.227 4.227 4.227 4.227 4.227 4.227 4.227 4.227 4.227 4.227 4.227 4.227 4.227
4.227 4.227 4.227 4.227 4.226 4.226 4.226 4.226 4.226 4.226 4.226 4.226 4.226 4.226 4.226 4.226 4.226 4.226 4.226 4.226 4.225 4.225 4.225 4.225 4.225 4.225 0.225 1.225 0.000 0.000 0.000 0.000 0.000 0.000 0.000 0.000 0.225 1.225 3.225 3.225 3.225 3.225 4.225 4.225 4.225 4.225 4.225 4.226 4.226 4.226 4.226 4.226 4.226 4.226 4.226 4.226 4.226 4.226 4.226 4.226 4.226 4.227 4.227 4.227 4.227 4.227 4.227 4.227 4.227 4.227 4.227 4.227 4.227 4.227 4.227 4.227
4.227 4.227 4.227 4.227 4.227 4.226 4.226 4.226 4.226 4.226 4.226 4.226 4.226 4.226 4.226 4.226 4.226 4.226 4.226 4.226 1.226 3.225 1.225 4.225 0.225 0.000 0.000 0.000 0.000 0.000 0.000 0.000 0.000 0.221 0.000 0.000 1.225 1.225 1.225 1.225 2.225 1.225 1.225 3.225 3.225 4.225 0.000 0.000 4.226 4.226 4.226 4.226 4.226 4.226 4.226 4.226 4.226 4.226 4.227 4.227 4.227 4.227 4.227 4.227 4.227 4.227 4.227 4.227 4.227 4.227 4.227 4.227 4.227 4.227 4.227 4.227
4.227 4.227 4.227 4.227 4.227 4.227 4.226 4.226 4.226 4.226 4.226 4.226 4.226 4.226 4.226 4.226 4.226 4.226 0.000 0.000 0.000 2.225 0.225 0.000 0.000 0.000 0.000 0.000 0.000 0.000 0.000 0.000 0.000 1.223 1.222 0.223 0.223 0.000 0.000 0.000 1.225 0.225 0.225 1.225 3.225 1.225 0.000 0.000 0.000 4.226 4.226 4.226 4.226 4.226 4.226 4.227 4.227 4.227 4.227 4.227 4.227 4.227 4.227 4.227 4.227 4.227 4.227 4.227 4.227 4.227 4.227 4.227 4.227 4.227 4.228 4.228
4.227 4.227 4.227 4.227 4.227 4.227 4.227 4.226 4.226 4.226 4.226 4.226 4.226 4.226 4.226 4.226 4.226 4.226 0.000 0.000 0.224 1.225 1.225 0.000 0.000 0.000 0.000 1.227 1.227 0.000 0.000 0.223 0.223 1.223 2.223 0.222 0.000 0.000 0.000 0.000 0.225 0.225 0.000 1.225 2.225 0.225 0.000 0.000 0.225 3.226 3.226 4.226 4.226 4.226 4.227 4.227 4.227 4.227 4.227 4.227 4.227 4.227 4.227 4.227 4.227 4.227 4.227 4.227 4.227 4.227 4.227 4.227 4.228 4.228 4.228 4.228
4.228 4.227 4.227 4.227 4.227 4.227 4.227 4.227 4.227 4.226 4.226 4.226 4.226 4.226 4.226 4.226 4.226 3.226 0.000 0.225 0.000 0.000 0.000 0.226 0.226 2.227 4.227 3.227 1.227 0.000 0.224 2.223 2.223 3.223 2.223 0.000 0.000 0.000 0.000 0.000 0.000 0.000 0.000 1.225 1.225 1.225 0.000 0.000 0.000 2.226 3.226 1.226 1.226 4.227 4.227 4.227 4.227 4.227 4.227 4.227 4.227 4.227 4.227 4.227 4.227 4.227 4.227 4.227 4.227 4.227 4.228 4.228 4.228 4.228 4.228 4.228
4.228 4.228 4.228 4.227 4.227 4.227 4.227 4.227 4.227 4.227 4.227 4.227 4.227 4.227 4.227 4.226 4.226 3.226 2.226 1.226 0.000 0.000 1.227 1.227 3.227 4.227 5.227 5.227 0.226 0.225 0.225 1.223 2.223 4.224 3.224 0.000 0.000 0.000 0.000 0.000 0.000 0.000 0.000 0.225 1.225 2.225 0.224 0.000 0.000 0.226 1.226 1.226 0.227 0.000 0.000 0.000 0.000 0.227 4.227 4.227 4.227 4.227 4.227 4.227 4.227 4.227 4.227 4.227 4.227 4.228 4.228 4.228 4.228 4.228 4.228 4.228
5.228 4.228 4.228 4.228 4.228 4.228 4.227 4.227 4.227 4.227 4.227 4.227 4.227 4.227 4.227 4.227 4.227 4.227 2.227 0.227 0.000 1.227 2.227 2.227 4.227 4.227 4.227 4.227 3.227 1.227 0.226 0.000 0.225 2.224 1.224 0.000 0.000 0.000 0.000 0.000 0.000 0.000 0.225 0.225 0.225 3.225 1.225 0.000 0.000 0.000 1.226 2.227 1.227 0.000 0.000 0.000 0.000 1.227 3.227 3.227 4.227 4.227 4.227 4.227 4.227 4.227 4.227 4.227 4.228 4.228 4.228 4.228 4.228 4.228 4.228 0.229
5.228 5.228 5.228 4.228 4.228 4.228 4.228 4.228 4.227 4.227 4.227 4.227 4.227 4.227 4.227 4.227 4.227 4.227 4.227 4.227 4.227 4.227 2.227 1.227 2.227 2.227 2.227 4.227 4.227 3.227 3.227 1.227 0.225 1.225 1.225 0.226 2.227 0.227 0.000 0.000 0.000 0.227 2.227 1.227 0.226 4.225 1.225 0.000 0.000 0.000 0.226 1.227 0.000 0.000 0.000 0.000 0.000 0.000 0.000 0.227 1.227 0.227 0.000 0.000 0.173 3.227 2.227 0.227 3.228 2.228 0.000 0.000 2.228 3.228 3.229 3.230
5.228 5.228 5.228 5.228 5.228 4.228 4.228 4.228 4.228 4.228 4.227 4.227 4.227 4.227 4.227 4.227 4.227 4.227 4.227 4.227 4.227 4.227 4.227 0.227 0.000 0.000 1.227 3.227 2.227 3.227 5.227 3.227 1.227 1.226 1.226 2.227 3.227 0.227 4.227 4.227 4.227 4.227 3.227 2.227 1.227 4.225 1.226 0.226 0.000 0.000 0.000 0.000 0.000 0.000 0.000 0.000 0.000 0.000 0.000 0.000 0.000 0.000 0.000 0.582 0.591 0.132 0.000 0.227 1.228 0.227 0.000 0.000 1.229 3.229 3.229 0.227
5.228 5.228 5.228 5.228 5.228 5.228 4.228 4.228 4.228 4.228 4.228 4.228 4.227 4.227 4.227 4.227 4.227 4.227 4.227 4.227 4.227 4.227 4.227 4.227 0.000 0.000 1.227 5.227 2.227 3.227 5.227 5.227 2.227 1.227 1.227 2.227 4.227 4.227 4.227 4.227 4.227 4.227 4.227 4.227 4.227 1.226 0.226 1.228 0.227 0.000 0.000 0.000 0.000 0.000 0.000 0.000 0.000 0.000 0.000 0.000 0.000 0.000 0.000 0.000 0.000 0.000 0.000 0.000 0.000 0.000 0.000 0.000 0.226 2.229 1.229 0.210
5.228 5.228 5.228 5.228 5.228 5.228 5.228 4.228 4.228 4.228 4.228 4.228 4.228 4.228 4.227 4.227 4.227 4.227 4.227 4.227 4.227 4.227 4.227 4.227 4.227 4.227 0.000 3.227 2.227 2.227 3.227 3.227 0.227 1.227 1.227 4.227 4.227 4.227 4.227 4.227 4.227 4.227 4.227 4.227 4.227 0.000 0.227 2.228 1.228 0.000 0.000 0.000 0.000 0.000 0.000 0.000 0.000 0.000 0.000 0.000 0.000 0.000 0.000 0.000 0.000 0.000 0.000 0.000 0.000 0.000 0.000 0.000 0.223 1.228 0.228 0.000
5.228 5.228 5.228 5.228 5.228 5.228 5.228 4.228 4.228 4.228 4.228 4.228 4.228 4.228 4.228 4.228 4.227 4.227 4.227 4.227 4.227 4.227 4.227 4.227 4.227 4.227 4.227 4.227 4.227 4.227 4.227 0.227 0.000 4.227 4.227 4.227 4.227 4.227 4.227 4.227 4.227 4.227 4.227 4.227 4.227 0.000 0.228 1.228 0.228 0.000 0.000 0.000 0.000 0.000 0.000 0.000 0.000 0.000 0.000 0.000 0.000 0.000 0.000 0.000 0.000 0.000 0.000 0.000 0.000 0.000 0.215 1.215 0.217 0.220 0.000 0.000
5.228 5.228 5.228 5.229 5.229 5.229 5.228 4.228 4.228 4.228 4.228 4.228 4.228 4.228 4.228 4.228 4.228 4.228 4.228 4.228 4.228 4.228 4.228 4.228 4.228 4.227 4.227 4.227 4.227 4.227 4.227 4.227 4.227 4.227 4.227 4.227 4.227 4.227 4.227 4.227 4.227 4.227 4.227 4.227 4.227 0.000 0.228 2.228 0.228 0.000 0.000 0.000 0.000 0.000 0.000 0.000 0.000 0.000 0.000 0.013 0.000 0.000 0.000 0.000 0.200 0.208 0.212 1.215 1.215 2.215 5.215 2.215 0.216 0.000 0.000 0.000
5.229 5.229 5.229 5.229 5.229 5.229 5.229 5.228 4.228 4.228 4.228 4.228 4.228 4.228 4.228 4.228 4.228 4.228 4.228 4.228 4.228 4.228 4.228 4.228 4.228 4.228 4.227 4.227 4.227 4.227 4.227 4.227 4.227 4.227 4.227 4.227 4.227 4.227 4.227 4.227 4.227 4.227 4.227 4.227 4.227 0.000 0.228 3.228 2.228 0.000 0.000 0.000 0.000 0.000 0.000 0.000 0.000 0.000 0.021 0.062 0.000 0.000 0.000 0.190 0.197 1.214 1.214 1.215 3.215 4.215 4.215 2.215 0.000 0.000 4.213 4.213
5.229 5.229 5.229 5.229 5.229 5.229 5.229 5.229 4.228 4.228 4.228 4.228 4.228 4.228 4.228 4.228 4.228 4.228 4.228 4.228 4.228 4.228 4.228 4.228 4.228 4.228 4.228 4.228 4.228 4.227 4.227 4.227 4.227 4.227 4.227 4.227 4.227 4.227 4.227 4.227 4.227 4.227 4.227 4.227 4.228 0.000 1.228 3.228 2.228 0.000 0.000 0.000 0.000 0.000 0.000 0.000 0.000 0.010 0.056 0.122 0.179 1.189 1.189 1.189 0.195 0.208 1.215 2.215 3.215 4.215 1.215 0.000 4.214 4.214 4.214 4.213
5.229 5.229 5.229 5.229 5.229 5.229 5.229 5.229 5.229 4.228 4.228 4.228 4.228 4.228 4.228 4.228 4.228 4.228 4.228 4.228 4.228 4.228 4.228 4.228 4.228 4.228 4.228 4.228 4.228 4.228 4.227 4.227 4.227 4.227 4.227 4.227 4.227 4.227 4.228 4.228 4.228 4.228 4.228 4.228 4.228 1.228 3.228 3.228 0.000 0.000 0.000 0.000 0.000 0.000 0.000 0.000 0.000 0.028 0.034 0.121 2.188 3.189 3.189 2.189 1.189 0.000 0.215 3.215 3.215 3.215 2.215 4.215 4.214 4.214 4.214 4.213
5.229 5.229 5.229 5.229 5.229 5.229 5.229 5.229 5.229 5.229 4.228 4.228 4.228 4.228 4.228 4.228 4.228 4.228 4.228 4.228 4.228 4.228 4.228 4.228 4.228 4.228 4.228 4.228 4.228 4.228 4.228 4.228 4.228 4.228 4.228 4.228 4.228 4.228 4.228 4.228 4.228 4.228 4.228 4.228 4.228 4.228 4.228 4.228 1.228 0.000 0.000 0.000 0.000 0.000 0.000 0.000 0.000 0.312 0.129 0.084 2.188 3.189 2.189 3.189 1.189 0.000 0.000 1.215 2.215 4.215 4.215 4.215 4.214 4.214 4.214 4.214
5.229 5.229 5.229 5.229 5.229 5.229 5.229 5.229 5.229 5.229 5.229 4.228 4.228 4.228 4.228 4.228 4.228 4.228 4.228 4.228 4.228 4.228 4.228 4.228 4.228 4.228 4.228 4.228 4.228 4.228 4.228 4.228 4.228 4.228 4.228 4.228 4.228 4.228 4.228 4.228 4.228 4.228 4.228 4.228 4.228 4.228 4.228 4.228 4.228 4.228 4.228 4.228 0.000 0.000 0.000 0.000 0.212 1.305 0.157 0.079 0.169 2.189 1.189 1.189 0.189 0.000 0.000 0.000 4.215 4.215 4.215 4.215 4.215 4.214 4.214 4.214
5.229 5.229 5.229 5.229 5.229 5.229 5.229 5.229 5.229 5.229 5.229 5.229 4.229 4.228 4.228 4.228 4.228 4.228 4.228 4.228 4.228 4.228 4.228 4.228 4.228 4.228 4.228 4.228 4.228 4.228 4.228 4.228 4.228 4.228 4.228 4.228 4.228 4.228 4.228 4.228 4.228 4.228 4.228 4.228 4.228 4.228 4.228 4.228 4.228 4.228 4.228 4.228 4.229 0.000 0.000 0.000 0.049 0.138 0.127 0.117 0.177 1.192 1.191 0.191 0.000 0.000 0.000 4.216 4.216 4.215 4.215 4.215 4.215 4.214 4.214 4.214
5.229 5.229 5.229 5.229 5.229 5.229 5.229 5.229 5.229 5.229 5.229 5.229 5.229 5.229 4.229 4.228 4.228 4.228 4.228 4.228 4.228 4.228 4.228 4.228 4.228 4.228 4.228 4.228 4.228 4.228 4.228 4.228 4.228 4.228 4.228 4.228 4.228 4.228 4.228 4.228 4.228 4.228 4.228 4.228 4.228 4.228 4.228 4.228 4.228 4.228 4.228 4.228 4.228 0.000 0.000 0.000 0.096 0.000 0.142 1.197 1.197 1.196 0.193 0.194 0.201 0.000 4.216 4.216 4.216 4.215 4.215 4.215 4.215 4.215 4.214 4.214
5.229 5.229 5.229 5.229 5.229 5.229 5.229 5.229 5.229 5.229 5.229 5.229 5.229 5.229 5.229 5.229 5.229 4.229 4.228 4.229 4.228 4.228 4.228 4.228 4.228 4.228 4.228 4.228 4.228 4.228 4.228 4.228 4.228 4.228 4.228 4.228 4.228 4.228 4.228 4.228 4.228 4.228 4.228 4.228 4.228 4.228 4.228 4.228 4.228 4.228 4.228 4.228 4.228 4.228 0.000 0.000 0.203 0.207 0.202 1.197 1.198 1.199 0.000 0.000 0.213 4.217 4.217 4.216 4.216 4.216 4.215 4.215 4.215 4.215 4.215 4.214
5.229 5.229 5.229 5.229 5.229 5.229 5.229 5.229 5.229 5.229 5.229 5.229 5.229 5.229 5.229 5.229 5.229 5.229 5.229 5.229 5.229 5.229 5.228 5.228 5.228 4.228 4.228 4.228 4.228 4.228 4.228 4.228 4.228 4.228 4.228 4.228 4.228 4.228 4.228 4.228 4.228 4.228 4.228 4.228 4.228 4.228 4.228 4.228 4.228 4.228 4.228 4.228 4.228 4.228 4.228 0.000 1.227 3.227 1.226 0.214 0.211 1.210 0.217 4.219 4.219 4.218 4.217 4.217 4.216 4.216 4.216 4.215 4.215 4.215 4.215 4.215
5.229 5.229 5.229 5.229 5.229 5.229 5.229 5.229 5.229 5.229 5.229 5.229 5.229 5.229 5.229 5.229 5.229 5.229 5.229 5.229 5.229 5.229 5.229 5.229 5.229 5.229 5.229 5.229 5.229 5.228 5.228 5.228 5.228 5.228 5.228 5.229 5.229 5.229 5.229 5.229 5.229 5.229 5.229 5.229 5.229 5.229 5.229 4.229 4.229 4.229 4.229 4.229 4.229 4.228 4.228 4.228 4.228 4.227 4.227 4.226 4.225 4.223 4.222 4.220 4.219 4.218 4.217 4.217 4.216 4.216 4.216 4.215 4.215 4.215 4.215 4.215
5.229 5.229 5.229 5.229 5.229 5.229 5.229 5.229 5.229 5.229 5.229 5.229 5.229 5.229 5.229 5.229 5.229 5.229 5.229 5.229 5.229 5.229 5.229 5.229 5.229 5.229 5.229 5.229 5.229 5.229 5.229 5.229 5.229 5.229 5.229 5.229 5.229 5.229 5.229 5.229 5.229 5.229 5.229 5.229 5.229 5.229 5.229 5.229 5.229 4.229 4.229 4.229 4.229 4.229 4.228 4.228 4.228 4.227 4.227 4.226 4.225 4.223 4.222 4.220 4.219 4.218 4.217 4.217 4.216 4.216 4.216 4.215 4.215 4.215 4.215 4.215
5.229 5.229 5.229 5.229 5.229 5.229 5.229 5.229 5.229 5.229 5.229 5.229 5.229 5.229 5.229 5.229 5.229 5.229 5.229 5.229 5.229 5.229 5.229 5.229 5.229 5.229 5.229 5.229 5.229 5.229 5.229 5.229 5.229 5.229 5.229 5.229 5.229 5.229 5.229 5.229 5.229 5.229 5.229 5.229 5.229 5.229 5.229 5.229 5.229 5.229 4.229 4.229 4.229 4.229 4.228 4.228 4.228 4.228 4.227 4.226 4.225 4.223 4.222 4.221 4.219 4.218 4.218 4.217 4.216 4.216 4.216 4.216 4.215 4.215 4.215 4.215
5.229 5.229 5.229 5.229 5.229 5.229 5.229 5.229 5.229 5.229 5.229 5.229 5.229 5.229 5.229 5.229 5.229 5.229 5.229 5.229 5.229 5.229 5.229 5.229 5.229 5.229 5.229 5.229 5.229 5.229 5.229 5.229 5.229 5.229 5.229 5.229 5.229 5.229 5.229 5.229 5.229 5.229 5.229 5.229 5.229 5.229 5.229 5.229 5.229 5.229 5.229 4.229 4.229 4.229 4.229 4.228 4.228 4.228 4.227 4.226 4.225 4.224 4.222 4.221 4.220 4.218 4.218 4.217 4.217 4.216 4.216 4.216 4.215 4.215 4.215 3.215
