includes/mahajanga_coast/floodfiles/results/res-0007.wdfp
ncols         269
nrows         308
xllcorner     384108.384600
yllcorner     1149646.260900
cellsize      30.000000
NODATA_value  -9999.000000
[rows 231 to 263 of 308, columns 152 to 227 of 269]
0.000 0.000 0.000 0.000 0.000 0.000 0.000 0.000 0.000 0.000 1.297 1.297 1.297 1.297 1.297 2.297 1.297 0.297 0.000 0.000 0.000 0.299 3.299 3.299 3.299 1.299 0.000 0.000 0.000 0.000 0.000 0.000 0.000 0.000 0.000 0.000 0.000 0.000 0.000 0.000 0.000 0.000 0.000 0.000 0.000 0.000 0.000 0.000 0.000 0.000 0.000 0.000 0.000 0.000 0.000 0.000 0.000 0.000 0.000 0.000 0.000 0.000 0.000 0.000 0.000 0.000 0.000 0.000 0.000 0.000 0.000 0.000 0.000 0.000 0.000 0.000
0.000 0.000 0.000 0.000 0.000 0.000 0.000 0.000 0.000 0.000 1.297 1.297 1.297 1.297 1.297 2.297 1.297 0.297 0.000 0.000 0.000 0.299 3.299 3.299 3.299 1.299 0.000 0.000 0.000 0.000 0.000 0.000 0.000 0.000 0.000 0.000 0.000 0.000 0.000 0.000 0.000 0.000 0.000 0.000 0.000 0.000 0.000 0.000 0.000 0.000 0.000 0.000 0.000 0.000 0.000 0.000 0.000 0.000 0.000 0.000 0.000 0.000 0.000 0.000 0.000 0.000 0.000 0.000 0.000 0.000 0.000 0.000 0.000 0.000 0.000 0.000
0.000 0.000 0.000 0.000 0.000 0.000 0.000 0.000 0.000 0.000 2.297 2.297 1.297 1.297 2.297 3.297 2.297 1.297 0.297 0.000 0.000 0.299 3.299 3.299 3.299 1.299 0.000 0.000 0.000 0.000 0.000 0.000 0.000 0.000 0.000 0.000 0.000 0.000 0.000 0.000 0.000 0.000 0.000 0.000 0.000 0.000 0.000 0.000 0.000 0.000 0.000 0.000 0.000 0.000 0.000 0.000 0.000 0.000 0.000 0.000 0.000 0.000 0.000 0.000 0.000 0.000 0.000 0.000 0.000 0.000 0.000 0.000 0.000 0.000 0.000 0.000
0.000 0.000 0.000 0.000 0.000 0.000 0.000 0.000 0.000 0.000 1.297 1.297 0.297 1.297 2.297 2.297 1.297 1.297 0.297 0.000 0.000 1.299 3.299 2.299 2.299 2.299 0.299 0.000 0.000 0.000 0.000 0.000 0.000 0.000 0.000 0.000 0.000 0.000 0.000 0.000 0.000 0.000 0.000 0.000 0.000 0.000 0.000 0.000 0.000 0.000 0.000 0.000 0.000 0.000 0.000 0.000 0.000 0.000 0.000 0.000 0.000 0.000 0.000 0.000 0.000 0.000 0.000 0.000 0.000 0.000 0.000 0.000 0.000 0.000 0.000 0.000
0.000 0.000 0.000 0.000 0.000 0.000 0.000 0.000 0.000 0.000 0.298 0.298 0.000 0.000 0.298 2.298 2.298 2.298 1.298 0.299 1.299 3.299 5.299 4.299 1.299 2.299 2.299 0.299 0.000 0.000 0.000 0.000 0.000 0.000 0.000 0.000 0.000 0.000 0.000 0.000 0.000 0.000 0.000 0.000 0.000 0.000 0.000 0.000 0.000 0.000 0.000 0.000 0.000 0.000 0.000 0.000 0.000 0.000 0.000 0.000 0.000 0.000 0.000 0.000 0.000 0.000 0.000 0.000 0.000 0.000 0.000 0.000 0.000 0.000 0.000 0.000
0.000 0.000 0.000 0.000 0.000 0.000 0.000 0.000 0.000 0.000 1.299 1.299 0.299 0.299 1.298 2.298 2.298 1.298 2.299 2.299 3.299 6.299 8.299 5.299 1.299 0.299 3.299 2.299 0.299 0.299 0.299 0.000 0.000 0.000 0.000 0.000 0.000 0.000 0.000 0.000 0.000 0.000 0.000 0.000 0.000 0.000 0.000 0.000 0.000 0.000 0.000 0.000 0.000 0.000 0.000 0.000 0.000 0.000 0.000 0.000 0.000 0.000 0.000 0.000 0.000 0.000 0.000 0.000 0.000 0.000 0.000 0.000 0.000 0.000 0.000 0.000
0.000 0.000 0.000 0.000 0.000 0.000 0.000 0.000 0.000 0.000 1.300 2.300 2.300 2.300 1.299 0.298 0.000 0.000 0.299 2.299 5.299 7.299 9.299 5.299 1.299 0.299 1.299 1.299 2.299 1.299 0.300 0.300 0.000 0.000 0.000 0.000 0.000 0.000 0.000 0.000 0.000 0.000 0.000 0.000 0.000 0.000 0.000 0.000 0.000 0.000 0.000 0.000 0.000 0.000 0.000 0.000 0.000 0.000 0.000 0.000 0.000 0.000 0.000 0.000 0.000 0.000 0.000 0.000 0.000 0.000 0.000 0.000 0.000 0.000 0.000 0.000
0.000 0.000 0.000 0.000 0.000 0.000 0.000 0.000 0.000 0.000 0.300 1.300 3.300 3.300 0.300 0.000 0.000 0.000 0.299 2.299 3.299 5.299 6.299 5.299 1.300 1.300 0.300 1.300 0.300 0.000 0.300 1.300 0.000 0.000 0.000 0.000 0.000 0.000 0.000 0.000 0.000 0.000 0.000 0.000 0.000 0.000 0.000 0.000 0.000 0.000 0.000 0.000 0.000 0.000 0.000 0.000 0.000 0.000 0.000 0.000 0.000 0.000 0.000 0.000 0.000 0.000 0.000 0.000 0.000 0.000 0.000 0.000 0.000 0.000 0.000 0.000
0.000 0.000 0.000 0.000 0.000 0.000 0.000 0.000 0.000 0.000 0.301 0.301 2.300 2.300 0.300 0.000 0.000 0.000 0.299 1.299 3.299 3.299 3.299 3.299 4.300 2.300 1.300 1.300 1.300 0.300 1.301 3.301 1.301 0.000 0.000 0.000 0.000 0.000 0.000 0.000 0.000 0.000 0.000 0.000 0.000 0.000 0.000 0.000 0.000 0.000 0.000 0.295 0.295 0.000 0.000 0.000 0.000 0.000 0.295 0.000 0.000 0.000 0.000 0.000 0.000 0.295 0.295 0.000 0.000 0.000 0.000 0.000 0.000 0.000 0.000 0.000
0.000 0.000 0.000 0.000 0.000 0.000 0.000 0.000 0.000 0.303 1.303 0.302 2.300 2.300 0.300 0.000 0.000 0.000 0.299 1.299 2.299 2.299 1.299 2.300 4.300 6.300 2.300 1.300 2.301 2.301 3.301 3.301 2.301 0.000 0.000 0.000 0.000 0.000 0.000 0.000 0.000 0.000 0.000 0.000 0.000 0.000 0.000 0.000 0.000 0.000 0.000 0.000 1.295 0.296 0.000 0.000 0.000 0.000 0.295 0.295 0.000 0.000 0.000 0.000 0.000 3.294 2.296 0.000 0.000 0.000 0.000 0.000 0.000 0.000 0.000 0.000
0.000 0.000 0.000 0.000 0.000 0.000 0.000 0.000 0.304 2.304 2.303 0.302 2.300 1.300 0.000 0.000 0.000 0.000 0.299 1.299 2.299 2.299 1.299 0.300 6.300 6.300 6.300 6.301 2.301 2.301 2.301 3.301 2.301 0.000 0.000 0.000 0.000 0.300 0.300 0.000 0.299 0.300 0.000 0.000 0.000 0.000 0.000 0.000 0.000 0.000 0.000 0.000 0.000 1.297 1.297 0.000 0.000 0.000 0.295 0.295 0.000 0.000 0.000 0.000 0.000 1.296 1.295 0.000 0.296 0.296 0.000 0.000 0.000 0.000 0.000 0.000
0.000 0.000 0.000 0.000 0.000 0.000 0.304 1.304 3.304 3.304 2.303 0.302 1.301 1.301 0.000 0.000 0.000 0.000 1.299 2.299 3.299 3.299 1.299 0.000 0.000 6.301 6.301 6.301 6.301 6.301 1.301 2.301 2.301 0.301 0.000 0.000 1.301 1.300 0.300 0.300 1.299 1.299 0.299 0.000 0.000 0.000 0.000 0.000 0.000 0.000 0.000 0.000 0.000 1.297 1.297 1.297 0.000 0.000 0.296 1.296 0.296 0.296 0.296 0.000 0.296 2.295 0.295 0.000 0.296 1.297 0.296 0.296 0.000 0.000 0.000 0.000
0.000 0.000 0.000 0.000 0.000 0.304 2.304 4.304 4.304 3.304 0.304 0.000 1.301 2.301 0.301 0.000 0.000 0.299 1.299 2.299 3.299 3.299 0.300 0.000 0.301 6.301 6.301 6.301 6.301 6.301 6.301 6.301 1.301 1.301 0.301 0.301 1.300 1.301 0.000 0.000 0.299 1.299 1.299 0.300 0.000 0.000 0.000 0.000 0.000 0.000 0.000 0.000 0.298 1.297 1.297 1.297 0.000 0.000 0.296 1.296 2.296 2.296 1.296 1.296 2.296 3.296 1.296 0.296 0.296 1.297 1.297 0.000 0.000 0.000 0.000 0.000
0.000 0.000 0.000 0.000 1.304 1.304 2.304 3.304 3.304 3.304 1.304 0.303 0.301 1.301 2.301 1.301 0.300 0.300 1.299 1.299 2.300 3.300 0.300 1.300 1.300 6.301 6.301 6.301 6.301 6.301 6.301 6.301 6.301 1.301 0.301 0.301 1.300 0.301 0.000 0.000 0.299 0.300 0.300 1.301 0.302 0.000 0.303 2.302 1.302 0.302 0.000 0.298 1.297 1.297 1.297 1.297 0.000 0.000 0.000 1.296 1.296 2.296 3.296 2.296 2.296 2.296 0.296 0.000 0.297 1.297 1.297 0.294 0.292 0.290 0.290 1.289
0.000 0.000 0.000 1.304 1.304 1.304 1.304 1.304 2.304 2.304 3.304 1.304 0.000 0.301 1.301 0.301 0.000 0.000 0.299 0.299 0.300 2.300 2.300 1.300 2.301 3.301 6.301 6.301 6.301 6.301 6.301 6.301 6.301 6.301 0.301 0.000 1.301 1.301 0.000 0.000 0.300 0.300 0.301 2.302 2.302 0.302 1.303 2.302 2.302 0.302 0.000 0.297 1.297 2.297 1.297 1.297 0.297 0.000 0.000 0.296 1.296 1.296 1.296 1.296 0.296 0.296 0.000 0.000 0.297 1.297 1.297 0.294 0.292 1.290 1.290 3.289
0.000 0.304 0.304 0.304 0.304 0.304 0.304 2.304 2.304 2.304 2.304 1.304 0.000 0.000 0.301 0.000 0.000 0.000 0.000 0.299 0.000 1.300 2.300 0.300 0.301 1.301 6.301 6.301 6.301 6.301 6.301 6.301 6.301 6.301 6.301 0.301 0.301 1.301 1.301 0.301 0.301 1.301 1.302 2.302 2.302 2.302 2.302 2.302 1.302 0.000 0.000 0.000 1.297 1.297 1.297 0.298 0.298 0.298 0.298 1.298 1.297 0.297 0.297 0.000 0.000 0.000 0.000 0.297 1.297 1.297 1.297 0.295 0.292 1.290 1.290 2.290
0.303 0.303 0.000 0.000 0.000 0.000 1.304 2.304 2.303 1.303 0.304 0.000 0.000 0.000 0.000 0.000 0.000 0.000 0.000 0.299 0.000 0.300 1.300 0.300 0.000 0.301 6.301 6.301 6.301 6.301 6.301 6.301 6.301 6.301 6.301 6.301 1.301 1.301 2.301 2.301 2.301 2.301 3.302 3.302 2.302 2.302 3.302 2.302 0.302 0.000 0.000 0.000 0.297 0.297 1.298 1.298 1.298 0.298 1.298 1.298 0.298 0.298 0.298 0.298 0.000 0.000 0.298 0.297 0.297 1.297 0.297 0.296 0.000 0.291 1.290 1.290
0.303 0.000 0.000 0.000 0.303 0.303 1.303 2.303 3.303 1.303 0.303 0.000 0.000 0.000 0.302 0.000 0.000 0.000 0.000 0.000 0.300 0.300 0.300 0.300 0.301 2.301 6.301 6.301 6.301 6.301 6.301 6.301 6.301 6.301 6.301 6.301 2.301 2.301 2.301 3.301 2.301 2.301 2.302 2.302 2.302 2.302 3.302 3.302 0.000 0.000 0.000 0.000 0.000 0.000 1.298 1.298 2.299 1.299 1.298 1.298 0.299 0.299 1.299 1.299 0.299 0.299 1.298 0.298 0.297 1.297 1.297 0.296 0.295 0.292 1.291 1.291
2.303 1.303 0.303 0.303 1.303 0.303 0.000 1.303 2.304 2.304 2.304 2.303 0.000 0.000 1.302 0.000 0.000 0.301 0.301 0.000 0.000 0.000 0.300 1.301 2.301 3.301 6.301 6.301 6.301 6.301 6.301 6.301 6.301 6.301 6.301 6.301 6.301 6.301 3.301 2.301 1.301 2.301 2.301 2.302 1.302 1.302 3.302 3.302 0.302 0.000 0.000 0.000 0.000 0.000 0.298 0.298 1.299 2.299 1.299 1.299 1.299 1.299 1.299 2.299 1.299 1.299 2.298 1.298 1.298 2.298 2.298 1.298 0.296 0.293 1.292 1.292
3.304 3.304 1.304 0.304 1.304 0.303 0.000 0.304 2.303 3.303 3.303 3.303 2.303 0.303 0.303 1.303 2.302 1.302 1.302 0.301 0.000 0.000 0.000 0.301 1.301 2.301 6.301 6.301 6.301 6.301 6.301 6.301 6.301 6.301 6.301 6.301 6.301 6.301 6.301 6.301 1.301 3.301 3.301 1.301 1.302 0.301 2.302 3.302 2.302 1.301 0.301 0.000 1.299 0.300 0.000 0.000 1.299 3.299 1.299 0.299 1.299 1.299 2.299 2.299 1.299 1.299 1.298 2.298 3.298 3.298 3.298 2.298 1.298 0.294 0.293 1.293
3.304 2.304 6.304 6.304 6.304 6.304 6.304 6.303 6.303 6.303 6.303 6.303 2.303 1.303 1.303 3.303 3.302 1.302 1.302 1.301 0.000 0.000 0.000 0.000 0.301 0.000 6.301 6.301 6.301 6.301 6.301 6.301 6.301 6.301 6.301 6.301 6.301 6.301 6.301 6.301 6.301 6.301 6.301 2.301 1.301 0.000 0.301 3.302 3.301 3.301 1.301 0.300 2.300 1.300 0.000 0.000 0.299 2.299 1.299 0.299 1.300 1.299 1.299 2.299 2.299 1.299 0.299 1.298 2.298 3.298 3.298 2.298 1.298 0.000 0.000 0.295
6.304 6.304 6.304 6.304 6.304 6.304 6.304 6.303 6.303 6.303 6.303 6.303 6.303 6.303 6.303 4.303 3.303 0.000 0.000 1.301 0.300 0.000 0.000 0.000 0.301 1.302 6.301 6.301 6.301 6.301 6.301 6.301 6.301 6.301 6.301 6.301 6.301 6.301 6.301 6.301 6.301 6.301 6.301 6.301 6.301 1.301 2.301 2.301 2.301 3.301 2.301 0.301 0.301 0.300 0.300 1.300 1.300 2.300 1.299 1.300 1.300 1.300 1.300 2.300 2.300 1.299 0.299 0.000 2.298 2.298 2.298 1.298 1.298 0.298 0.000 0.296
6.304 6.304 6.304 6.304 6.304 6.304 6.304 6.303 6.303 6.303 6.303 6.303 6.303 6.303 6.303 6.303 4.303 0.000 0.000 0.300 0.300 0.000 0.000 0.000 1.302 2.302 6.301 6.301 6.301 6.301 6.301 6.301 6.301 6.301 6.301 6.301 6.301 6.301 6.301 6.301 6.301 6.301 6.301 6.301 6.301 6.301 6.301 6.301 6.301 6.301 6.301 6.301 6.301 0.000 0.300 3.301 3.301 1.300 0.300 1.300 2.300 2.300 2.300 3.300 3.300 2.300 0.299 0.000 0.298 2.298 0.298 0.298 1.298 3.298 2.298 1.298
6.304 6.304 6.304 6.304 6.304 6.304 6.304 6.303 6.303 6.303 6.303 6.303 6.303 6.303 6.303 6.303 6.303 0.000 0.000 0.000 0.301 0.000 0.000 0.000 1.302 3.302 6.302 6.302 6.302 6.302 6.301 6.301 6.301 6.301 6.301 6.301 6.301 6.301 6.301 6.301 6.301 6.301 6.301 6.301 6.301 6.301 6.301 6.301 6.301 6.301 6.301 6.301 6.301 6.301 6.301 6.301 6.301 6.301 1.301 0.300 2.300 3.300 2.300 2.300 2.300 2.300 1.300 0.000 0.298 1.298 0.000 0.000 2.298 4.298 4.298 2.298
6.304 6.304 6.304 6.304 6.304 6.304 6.304 6.304 6.303 6.303 6.303 6.303 6.303 6.303 6.303 6.303 6.303 6.303 6.303 6.303 6.303 6.302 6.302 6.302 2.302 6.302 6.302 6.302 6.302 6.302 6.302 6.302 6.301 6.301 6.301 6.301 6.301 6.301 6.301 6.301 6.301 6.301 6.301 6.301 6.301 6.301 6.301 6.301 6.301 6.301 6.301 6.301 6.301 6.301 6.301 6.301 6.301 6.301 6.300 6.300 6.300 6.300 6.300 0.300 1.300 2.300 1.300 0.299 2.300 0.299 0.000 0.299 2.298 3.298 3.298 3.298
6.304 6.304 6.304 6.304 6.304 6.304 6.304 6.303 6.303 6.303 6.303 6.303 6.303 6.303 6.303 6.303 6.303 6.303 6.303 6.303 6.303 6.302 6.302 6.302 6.302 6.302 6.302 6.302 6.302 6.302 6.302 6.302 6.302 6.302 6.301 6.301 6.301 6.301 6.301 6.301 6.301 6.301 6.301 6.301 6.301 6.301 6.301 6.301 6.301 6.301 6.301 6.301 6.301 6.301 6.301 6.301 6.301 6.301 6.301 6.300 6.300 6.300 6.300 6.300 6.300 6.300 6.300 6.300 6.300 1.299 0.299 2.299 3.299 2.299 4.298 4.298
6.304 6.304 6.304 6.304 6.304 6.304 6.304 6.303 6.303 6.303 6.303 6.303 6.303 6.303 6.303 6.303 6.303 6.303 6.303 6.303 6.303 6.302 6.302 6.302 6.302 6.302 6.302 6.302 6.302 6.302 6.302 6.302 6.302 6.302 6.302 6.301 6.302 6.302 6.302 6.301 6.301 6.301 6.301 6.301 6.301 6.301 6.301 6.301 6.301 6.301 6.301 6.301 6.301 6.301 6.301 6.301 6.301 6.301 6.300 6.300 6.300 6.300 6.300 6.300 6.300 6.300 6.300 6.300 6.300 6.299 6.299 4.299 4.299 4.299 2.299 4.298
6.304 6.304 6.304 6.304 6.304 6.304 6.304 6.303 6.303 6.303 6.303 6.303 6.303 6.303 6.303 6.303 6.303 6.303 6.303 6.303 6.303 6.302 6.302 6.302 6.302 6.302 6.302 6.302 6.302 6.302 6.302 6.302 6.302 6.302 6.302 6.302 6.302 6.302 6.302 6.301 6.301 6.301 6.301 6.301 6.301 6.301 6.301 6.301 6.301 6.301 6.301 6.301 6.301 6.301 6.301 6.301 6.301 6.301 6.300 6.300 6.300 6.300 6.300 6.300 6.300 6.300 6.300 6.300 6.299 6.299 6.299 6.299 5.299 5.299 3.299 1.298
6.304 6.304 6.304 6.304 6.304 6.304 6.304 6.304 6.303 6.303 6.303 6.303 6.303 6.303 6.303 6.303 6.303 6.303 6.303 6.303 6.303 6.302 6.302 6.302 6.302 6.302 6.302 6.302 6.302 6.302 6.302 6.302 6.302 6.302 6.302 6.302 6.302 6.302 6.302 6.302 6.301 6.301 6.301 6.301 6.301 6.301 6.301 6.301 6.301 6.301 6.301 6.301 6.301 6.301 6.301 6.301 6.301 6.301 6.300 6.300 6.300 6.300 6.300 6.300 6.300 6.300 6.300 6.300 6.300 6.299 6.299 5.299 5.299 6.299 4.299 0.298
6.304 6.304 6.304 6.304 6.304 6.304 6.304 6.304 6.303 6.303 6.303 6.303 6.303 6.303 6.303 6.303 6.303 6.303 6.303 6.303 6.303 6.302 6.302 6.302 6.302 6.302 6.302 6.302 6.302 6.302 6.302 6.302 6.302 6.302 6.302 6.302 6.302 6.302 6.302 6.302 6.302 6.301 6.301 6.301 6.301 6.301 6.301 6.301 6.301 6.301 6.301 6.301 6.301 6.301 6.301 6.301 6.301 6.301 6.300 6.300 6.300 6.300 6.300 6.300 6.300 6.300 6.300 6.300 6.300 6.299 6.299 5.299 4.299 4.299 3.299 1.299
6.304 6.304 6.304 6.304 6.304 6.304 6.304 6.304 6.304 6.303 6.303 6.303 6.303 6.303 6.303 6.303 6.303 6.303 6.303 6.303 6.303 6.303 6.302 6.302 6.302 6.302 6.302 6.302 6.302 6.302 6.302 6.302 6.302 6.302 6.302 6.302 6.302 6.302 6.302 6.302 6.302 6.301 6.301 6.301 6.301 6.301 6.301 6.301 6.301 6.301 6.301 6.301 6.301 6.301 6.301 6.301 6.301 6.301 6.300 6.300 6.300 6.300 6.300 6.300 6.300 6.300 6.300 2.300 6.299 6.299 2.299 3.299 3.299 3.299 3.299 2.299
6.304 6.304 6.304 6.304 6.304 6.304 6.304 6.304 6.303 6.303 6.303 6.303 6.303 6.303 6.303 6.303 6.303 6.303 6.303 6.303 6.303 6.303 6.302 6.302 6.302 6.302 6.302 6.302 6.302 6.302 6.302 6.302 6.302 6.302 6.302 6.302 6.302 6.302 6.302 6.302 6.302 6.301 6.301 6.301 6.301 6.301 6.301 6.301 6.301 6.301 6.301 6.301 6.301 6.301 6.301 6.301 6.301 6.301 6.300 6.300 6.300 6.300 6.300 6.300 6.300 6.300 0.300 2.300 2.300 1.299 0.299 2.299 2.299 2.299 3.299 3.298
6.304 6.304 6.304 6.304 6.304 6.304 6.304 6.304 6.304 6.303 6.303 6.303 6.303 6.303 6.303 6.303 6.303 6.303 6.303 6.303 6.303 6.303 6.303 6.302 6.302 6.302 6.302 6.302 6.302 6.302 6.302 6.302 6.302 6.302 6.302 6.302 6.302 6.302 6.302 6.302 6.302 6.302 6.301 6.301 6.301 6.301 6.301 6.301 6.301 6.301 6.301 6.301 6.301 6.301 6.301 6.301 6.301 6.301 6.301 6.300 6.300 6.300 4.300 3.300 3.300 1.300 0.300 2.300 3.300 1.300 0.000 0.299 1.299 3.299 4.298 3.298
