includes/mahajanga_coast/floodfiles/results/res-0011.wdfp
ncols         269
nrows         308
xllcorner     384108.384600
yllcorner     1149646.260900
cellsize      30.000000
NODATA_value  -9999.000000
[rows 264 to 296 of 308, columns 152 to 227 of 269]
7.421 7.421 7.421 7.421 7.421 7.421 7.421 7.421 7.421 7.421 7.421 7.421 7.421 7.421 7.421 7.422 7.422 7.422 7.422 7.422 7.422 7.422 7.422 7.422 7.422 7.422 7.422 7.422 7.422 7.422 7.422 7.422 7.422 7.422 7.422 7.422 7.422 7.422 7.422 7.422 7.422 7.422 7.422 7.422 7.422 7.422 7.422 7.422 7.422 7.422 7.422 7.422 7.422 7.422 7.422 7.422 7.422 7.423 2.423 2.423 4.423 4.423 3.423 2.423 2.423 1.423 1.423 4.423 5.423 3.424 0.424 0.424 2.424 4.424 5.425 5.425
7.421 7.421 7.421 7.421 7.421 7.421 7.421 7.421 7.421 7.421 7.421 7.421 7.421 7.421 7.422 7.422 7.422 7.422 7.422 7.422 7.422 7.422 7.422 7.422 7.422 7.422 7.422 7.422 7.422 7.422 7.422 7.422 7.422 7.422 7.422 7.422 7.422 7.422 7.422 7.422 7.422 7.422 3.422 0.422 3.422 6.422 6.422 6.422 6.422 6.422 3.422 2.422 2.422 1.422 1.422 2.422 0.000 1.423 2.423 3.423 4.423 4.423 3.423 1.423 1.423 1.423 1.423 3.423 5.423 3.424 1.424 0.424 0.424 2.424 3.425 3.425
7.421 7.421 7.421 7.421 7.421 7.421 7.421 7.421 7.421 7.421 7.421 7.421 7.421 7.422 7.422 7.422 7.422 7.422 7.422 7.422 7.422 7.422 7.422 7.422 7.422 7.422 7.422 7.422 7.422 7.422 7.422 7.422 7.422 7.422 7.422 7.422 7.422 7.422 7.422 7.422 7.422 2.422 1.422 2.422 3.422 6.422 7.422 6.422 6.422 4.422 2.422 2.422 2.422 1.422 2.422 2.422 1.423 2.423 4.423 4.423 4.423 4.423 3.423 1.423 0.423 2.423 2.423 3.423 3.423 3.424 1.424 0.424 0.424 1.425 3.425 2.425
7.421 7.421 7.421 7.421 7.421 7.421 7.421 7.421 7.421 7.421 7.421 7.421 7.421 7.422 7.422 7.422 7.422 7.422 7.422 7.422 7.422 7.422 7.422 7.422 7.422 7.422 7.422 7.422 7.422 7.422 7.422 7.422 7.422 7.422 7.422 7.422 7.422 7.422 7.422 7.422 7.422 0.422 3.422 4.422 2.422 1.422 4.422 5.422 6.422 5.422 2.422 2.422 2.422 1.422 2.422 4.422 3.422 4.423 5.423 4.423 3.423 4.423 3.423 2.423 1.423 3.423 3.423 4.423 3.423 2.423 1.424 0.424 0.424 2.425 4.425 4.425
7.421 7.421 7.421 7.421 7.421 7.421 7.421 7.421 7.421 7.421 7.421 7.421 7.421 7.422 7.422 7.422 7.422 7.422 7.422 7.422 7.422 7.422 7.422 7.422 7.422 7.422 7.422 7.422 7.422 7.422 7.422 7.422 7.422 7.422 7.422 7.422 7.422 7.422 7.422 7.422 7.422 7.422 6.422 3.422 0.000 0.000 0.000 2.422 5.422 4.422 2.422 3.422 3.422 1.422 2.422 3.423 2.422 3.423 3.423 3.423 3.423 4.423 4.423 3.423 2.423 3.423 4.423 5.423 3.423 1.424 0.000 0.424 1.424 3.425 5.425 4.425
7.421 7.421 7.421 7.421 7.421 7.421 7.421 7.421 7.421 7.421 7.421 7.421 7.421 7.422 7.422 7.422 7.422 7.422 7.422 7.422 7.422 7.422 7.422 7.422 7.422 7.422 7.422 7.422 7.422 7.422 7.422 7.422 7.422 7.422 7.422 7.422 7.422 7.422 7.422 7.422 7.422 7.422 7.422 7.422 7.422 7.422 7.422 7.422 4.422 4.422 2.422 4.422 4.422 2.422 2.422 2.423 2.423 2.423 2.423 2.423 2.423 3.423 3.423 3.423 2.423 3.423 4.423 5.423 4.424 2.424 0.000 1.424 2.424 3.424 5.425 3.425
7.421 7.421 7.421 7.421 7.421 7.421 7.421 7.421 7.421 7.421 7.421 7.421 7.421 7.422 7.422 7.422 7.422 7.422 7.422 7.422 7.422 7.422 7.422 7.422 7.422 7.422 7.422 7.422 7.422 7.422 7.422 7.422 7.422 7.422 7.422 7.422 7.422 7.422 7.422 7.422 7.422 7.422 7.422 7.422 7.422 7.422 7.422 7.422 7.422 7.422 7.422 3.422 2.422 1.422 3.422 3.422 2.423 1.423 1.423 1.423 1.423 1.423 2.423 1.423 1.423 2.423 3.423 4.423 5.424 3.424 3.424 4.424 3.424 3.424 4.425 3.425
7.421 7.421 7.421 7.421 7.421 7.421 7.421 7.421 7.421 7.421 7.421 7.421 7.421 7.422 7.422 7.422 7.422 7.422 7.422 7.422 7.422 7.422 7.422 7.422 7.422 7.422 7.422 7.422 7.422 7.422 7.422 7.422 7.422 7.422 7.422 7.422 7.422 7.422 7.422 7.422 7.422 7.422 7.422 7.422 7.422 7.422 7.422 7.422 7.422 7.422 7.422 7.422 7.422 0.422 3.423 4.423 4.423 1.423 1.423 1.423 1.423 1.423 1.423 1.423 1.423 1.423 1.424 1.424 2.424 3.424 5.424 5.424 3.424 4.425 4.425 3.425
7.421 7.421 7.421 7.421 7.421 7.421 7.421 7.421 7.421 7.421 7.421 7.421 7.421 7.422 7.422 7.422 7.422 7.422 7.422 7.422 7.422 7.422 7.422 7.422 7.422 7.422 7.422 7.422 7.422 7.422 7.422 7.422 7.422 7.422 7.422 7.422 7.422 7.422 7.422 7.422 7.422 7.422 7.422 7.422 7.422 7.422 7.422 7.422 7.422 7.422 7.422 7.422 7.422 7.422 7.423 7.423 7.423 1.423 1.423 2.423 2.423 1.423 1.423 1.423 1.423 1.423 1.424 2.424 1.424 2.424 3.424 4.424 4.424 4.425 4.425 3.425
7.421 7.421 7.421 7.421 7.421 7.421 7.421 7.421 7.421 7.421 7.421 7.421 7.422 7.422 7.422 7.422 7.422 7.422 7.422 7.422 7.422 7.422 7.422 7.422 7.422 7.422 7.422 7.422 7.422 7.422 7.422 7.422 7.422 7.422 7.422 7.422 7.422 7.422 7.422 7.422 7.422 7.422 7.422 7.422 7.422 7.422 7.422 7.422 7.422 7.422 7.422 7.422 7.422 7.422 7.422 7.423 7.423 7.423 7.423 3.423 2.423 2.423 2.423 1.423 2.423 1.423 2.424 2.424 2.424 2.424 1.424 3.424 4.424 3.424 2.425 7.425
7.421 7.421 7.421 7.421 7.421 7.421 7.421 7.421 7.421 7.421 7.421 7.421 7.422 7.422 7.422 7.422 7.422 7.422 7.422 7.422 7.422 7.422 7.422 7.422 7.422 7.422 7.422 7.422 7.422 7.422 7.422 7.422 7.422 7.422 7.422 7.422 7.422 7.422 7.422 7.422 7.422 7.422 7.422 7.422 7.422 7.422 7.422 7.422 7.422 7.422 7.422 7.422 7.422 7.422 7.423 7.423 7.423 7.423 7.423 3.423 2.423 2.423 2.423 1.423 2.423 1.424 2.424 2.424 2.424 2.424 1.424 3.424 4.424 3.424 2.425 7.425
7.421 7.421 7.421 7.421 7.421 7.421 7.421 7.421 7.421 7.421 7.421 7.422 7.422 7.422 7.422 7.422 7.422 7.422 7.422 7.422 7.422 7.422 7.422 7.422 7.422 7.422 7.422 7.422 7.422 7.422 7.422 7.422 7.422 7.422 7.422 7.422 7.422 7.422 7.422 7.422 7.422 7.422 7.422 7.422 7.422 7.422 7.422 7.422 7.422 7.422 7.422 7.422 7.422 7.422 7.423 7.423 7.423 7.423 7.423 7.423 2.423 4.423 4.423 2.423 0.423 1.424 7.424 7.424 7.424 7.424 7.424 7.424 7.424 7.424 7.425 7.425
7.421 7.421 7.421 7.421 7.421 7.421 7.421 7.421 7.421 7.421 7.421 7.421 7.422 7.422 7.422 7.422 7.422 7.422 7.422 7.422 7.422 7.422 7.422 7.422 7.422 7.422 7.422 7.422 7.422 7.422 7.422 7.422 7.422 7.422 7.422 7.422 7.422 7.422 7.422 7.422 7.422 7.422 7.422 7.422 7.422 7.422 7.422 7.422 7.422 7.422 7.422 7.422 7.422 7.422 7.423 7.423 7.423 7.423 7.423 7.423 7.423 7.423 7.423 7.423 7.424 7.424 7.424 7.424 7.424 7.424 7.424 7.424 7.424 7.424 7.425 7.425
7.421 7.421 7.421 7.421 7.421 7.421 7.421 7.421 7.421 7.421 7.421 7.422 7.422 7.422 7.422 7.422 7.422 7.422 7.422 7.422 7.422 7.422 7.422 7.422 7.422 7.422 7.422 7.422 7.422 7.422 7.422 7.422 7.422 6.422 7.422 7.422 7.422 7.422 7.422 7.422 7.422 7.422 7.422 7.422 7.422 7.422 7.422 7.422 7.422 7.422 7.422 7.422 7.422 7.423 7.423 7.423 7.423 7.423 7.423 7.423 7.423 7.423 7.423 7.423 7.424 7.424 7.424 7.424 7.424 7.424 7.424 7.424 7.424 7.424 7.424 7.425
7.421 7.421 7.421 7.421 7.421 7.421 7.421 7.421 7.421 7.421 7.421 7.422 7.422 7.422 7.422 7.422 7.422 7.422 7.422 7.422 7.422 7.422 7.422 7.422 7.422 7.422 7.422 7.422 6.422 1.422 2.422 6.422 6.422 6.422 6.422 6.422 7.422 7.422 7.422 7.422 7.422 7.422 7.422 7.422 7.422 7.422 7.422 7.422 7.422 7.422 7.422 7.422 7.422 7.423 7.423 7.423 7.423 7.423 7.423 7.423 7.423 7.423 7.423 7.423 7.423 7.424 7.424 7.424 7.424 7.424 7.424 7.424 7.424 7.424 7.424 7.425
7.421 7.421 7.421 7.421 7.421 7.421 7.421 7.421 7.421 7.421 7.421 7.421 7.422 7.422 7.422 7.422 7.422 7.422 7.422 7.422 7.422 7.422 7.422 7.422 7.422 7.422 7.422 6.422 4.422 0.422 0.422 3.422 4.422 4.422 3.422 4.422 5.422 6.422 6.422 7.422 7.422 7.422 7.422 7.422 7.422 7.422 7.422 7.422 7.422 7.422 7.422 7.422 7.423 7.423 7.423 7.423 7.423 7.423 7.423 7.423 7.423 7.423 7.423 7.423 7.423 7.424 7.424 7.424 7.424 7.424 7.424 7.424 7.424 7.424 7.424 7.425
7.421 7.421 7.421 7.421 7.421 7.421 7.421 7.421 7.421 7.421 7.421 7.421 7.422 7.422 7.422 7.422 7.422 7.422 7.422 7.422 7.422 7.422 7.422 7.422 7.422 7.422 3.422 4.422 1.422 0.000 0.422 1.422 2.422 2.422 1.422 2.422 3.422 4.422 6.422 6.422 6.422 6.422 7.422 7.422 7.422 7.422 7.422 7.422 7.422 7.422 7.422 7.422 7.423 7.423 7.423 7.423 7.423 7.423 7.423 7.423 7.423 7.423 7.423 7.423 7.424 7.424 7.424 7.424 7.424 7.424 7.424 7.424 7.424 7.424 7.424 7.425
7.421 7.421 7.421 7.421 7.421 7.421 7.421 7.421 7.421 7.421 7.421 7.421 7.422 7.422 7.422 7.422 7.422 7.422 7.422 7.422 4.422 6.422 4.422 7.422 3.422 2.422 1.422 0.422 0.422 0.000 0.422 1.422 2.422 3.422 2.422 2.422 4.422 4.422 4.422 4.422 5.422 4.422 4.422 6.422 6.422 7.422 2.422 0.000 7.422 7.422 7.422 7.422 7.423 7.423 7.423 7.423 7.423 7.423 7.423 7.423 7.423 7.423 7.423 7.423 7.423 7.424 7.424 7.424 7.424 7.424 7.424 7.424 7.424 7.424 7.424 7.424
7.421 7.421 7.421 7.421 7.421 7.421 7.421 7.421 7.421 7.421 7.421 7.421 7.421 7.421 7.422 7.422 7.422 7.422 0.000 0.000 1.422 5.422 3.422 1.422 1.422 1.422 0.422 1.422 1.422 0.422 0.422 2.422 2.422 4.422 4.422 3.422 3.422 2.422 1.422 2.422 4.422 3.422 3.422 4.422 6.422 4.422 1.422 1.422 2.422 7.422 7.422 7.422 7.423 7.423 7.423 7.423 7.423 7.423 7.423 7.423 7.423 7.423 7.423 7.423 7.423 7.424 7.424 7.424 7.424 7.424 7.424 7.424 7.424 7.424 7.424 7.424
7.421 7.421 7.421 7.421 7.421 7.421 7.421 7.421 7.421 7.421 7.421 7.421 7.421 7.421 7.422 7.422 7.422 7.422 0.000 0.421 3.422 4.422 4.422 2.422 1.422 2.422 2.422 4.422 4.422 2.422 2.422 3.422 3.422 4.422 5.422 3.422 2.422 0.422 0.422 1.422 3.422 3.422 2.422 4.422 5.422 3.422 2.422 2.422 3.422 6.422 6.422 7.422 7.423 7.423 7.423 7.423 7.423 7.423 7.423 7.423 7.423 7.423 7.423 7.423 7.423 7.424 7.424 7.424 7.424 7.424 7.424 7.424 7.424 7.424 7.424 7.424
7.421 7.421 7.421 7.421 7.421 7.421 7.421 7.421 7.421 7.421 7.421 7.421 7.421 7.422 7.422 7.422 7.422 6.422 2.422 3.421 0.422 2.422 2.422 3.422 3.422 5.422 7.422 6.422 4.422 2.422 3.422 5.422 5.422 6.422 5.422 2.422 1.422 0.422 0.422 1.422 2.422 1.422 1.422 4.422 4.422 4.422 2.422 1.422 2.422 5.422 6.422 4.422 4.422 7.423 7.423 7.423 7.423 7.423 7.423 7.423 7.423 7.423 7.423 7.423 7.424 7.424 7.424 7.424 7.424 7.424 7.424 7.424 7.424 7.424 7.424 7.424
7.421 7.421 7.421 7.421 7.421 7.421 7.421 7.421 7.421 7.421 7.421 7.421 7.422 7.422 7.422 7.422 7.422 6.422 5.422 4.421 1.422 1.422 4.422 4.422 6.422 7.422 8.422 8.422 3.422 3.422 3.422 4.422 5.422 7.422 6.422 2.422 1.422 1.422 2.422 3.422 2.422 1.422 2.422 3.422 4.422 5.422 3.422 0.422 0.422 3.422 4.422 4.422 3.422 2.423 1.423 0.000 0.000 3.423 7.423 7.423 7.423 7.423 7.423 7.423 7.424 7.424 7.424 7.424 7.424 7.424 7.424 7.424 7.424 7.424 7.424 7.424
8.421 7.421 7.421 7.421 7.421 7.421 7.421 7.421 7.421 7.421 7.421 7.421 7.421 7.422 7.422 7.422 7.422 7.422 5.422 3.422 2.422 4.422 5.422 5.422 7.422 7.422 7.422 7.422 6.422 4.422 3.422 2.422 3.422 5.422 4.422 2.422 2.422 2.422 3.422 3.422 3.422 2.422 3.422 3.422 3.422 6.422 4.422 1.422 0.422 2.422 4.422 5.422 4.422 2.423 0.423 0.000 0.423 4.423 6.423 6.423 7.423 7.423 7.423 7.423 7.424 7.424 7.424 7.424 7.424 7.424 7.424 7.424 7.424 7.424 7.424 3.424
8.421 8.421 8.421 7.421 7.421 7.421 7.421 7.421 7.421 7.421 7.421 7.421 7.421 7.422 7.422 7.422 7.422 7.422 7.422 7.422 7.422 7.422 5.422 4.422 5.422 5.422 5.422 7.422 7.422 6.422 6.422 4.422 3.422 4.422 4.422 3.422 5.422 3.422 1.422 2.422 2.422 3.422 5.422 4.422 3.422 7.422 4.422 2.422 1.422 2.422 3.422 4.422 2.422 0.422 0.000 0.000 0.423 1.423 2.423 3.423 4.423 3.423 2.423 2.423 3.423 6.424 5.424 3.424 6.424 5.424 2.424 2.424 5.424 6.424 6.424 6.424
8.421 8.421 8.421 8.421 8.421 7.421 7.421 7.421 7.421 7.421 7.421 7.421 7.421 7.421 7.422 7.422 7.422 7.422 7.422 7.422 7.422 7.422 7.422 3.422 2.422 2.422 4.422 6.422 5.422 6.422 8.422 6.422 4.422 4.422 4.422 5.422 6.422 3.422 7.422 7.422 7.422 7.422 6.422 5.422 4.422 7.422 4.422 3.422 2.422 1.422 1.422 1.422 0.422 0.422 0.422 0.000 0.423 2.423 1.423 1.423 1.423 2.423 3.423 4.423 4.423 3.424 2.424 3.424 4.424 3.424 0.424 0.424 4.424 6.424 6.424 3.424
8.421 8.421 8.421 8.421 8.421 8.421 7.421 7.421 7.421 7.421 7.421 7.421 7.421 7.422 7.422 7.422 7.422 7.422 7.422 7.422 7.422 7.422 7.422 7.422 0.422 0.422 4.422 8.422 5.422 6.422 8.422 8.422 5.422 4.422 4.422 5.422 7.422 7.422 7.422 7.422 7.422 7.422 7.422 7.422 7.422 4.422 3.422 4.422 3.422 0.422 0.000 0.000 0.000 0.000 0.422 0.422 2.423 3.423 3.423 2.423 1.423 1.423 3.423 3.423 2.423 0.423 0.424 1.424 0.424 0.000 0.424 1.424 3.424 5.424 4.424 3.424
8.421 8.421 8.421 8.421 8.421 8.421 8.421 7.421 7.421 7.421 7.421 7.421 7.421 7.422 7.422 7.421 7.421 7.422 7.422 7.422 7.422 7.422 7.422 7.422 7.422 7.422 2.422 6.422 5.422 5.422 6.422 6.422 3.422 4.422 4.422 7.422 7.422 7.422 7.422 7.422 7.422 7.422 7.422 7.422 7.422 2.422 3.422 5.422 4.422 1.422 0.422 0.422 0.422 0.422 0.422 1.422 2.422 4.423 4.423 3.423 2.423 1.423 2.423 1.423 0.423 0.000 0.423 1.424 0.424 0.000 1.424 2.424 3.424 4.424 3.424 2.424
8.421 8.421 8.421 8.421 8.421 8.421 8.421 7.421 7.421 7.421 7.421 7.421 7.421 7.421 7.422 7.421 7.421 7.421 7.422 7.422 7.422 7.422 7.422 7.422 7.421 7.422 7.422 7.422 7.422 7.422 7.422 3.422 1.422 7.422 7.422 7.422 7.422 7.422 7.422 7.422 7.422 7.422 7.422 7.422 7.422 2.422 3.422 4.422 3.422 0.422 1.422 2.422 2.422 1.422 1.422 1.422 1.422 3.423 3.423 2.423 1.423 1.423 0.423 1.423 1.423 1.423 1.423 2.423 1.423 1.423 3.424 4.424 3.424 3.424 2.424 0.424
8.421 8.421 8.421 8.421 8.421 8.421 8.421 7.421 7.421 7.421 7.421 7.421 7.421 7.421 7.421 7.421 7.421 7.421 7.421 7.422 7.422 7.421 7.421 7.421 7.421 7.422 7.422 7.422 7.422 7.422 7.422 7.422 7.422 7.422 7.422 7.422 7.422 7.422 7.422 7.422 7.422 7.422 7.422 7.422 7.422 2.422 3.422 5.422 3.422 1.422 1.422 3.422 2.422 2.422 1.422 1.422 2.422 2.422 3.422 3.423 2.423 0.423 1.423 1.423 3.423 3.423 3.423 4.423 4.423 5.423 8.423 5.424 3.424 2.424 1.424 0.424
8.421 8.421 8.421 8.421 8.421 8.421 8.421 8.421 7.421 7.421 7.421 7.421 7.421 7.421 7.421 7.421 7.421 7.421 7.421 7.421 7.421 7.422 7.421 7.421 7.421 7.421 7.422 7.422 7.422 7.422 7.422 7.422 7.422 7.422 7.422 7.422 7.422 7.422 7.422 7.422 7.422 7.422 7.422 7.422 7.422 1.422 3.422 6.422 5.422 2.422 2.422 3.422 3.422 2.422 1.422 2.422 3.422 3.422 3.422 3.423 2.423 1.423 2.423 3.423 3.423 4.423 4.423 4.423 6.423 7.423 7.423 5.424 2.424 1.424 7.424 7.424
8.421 8.421 8.421 8.421 8.421 8.421 8.421 8.421 7.421 7.421 7.421 7.421 7.421 7.421 7.421 7.421 7.421 7.421 7.421 7.421 7.421 7.421 7.421 7.421 7.421 7.421 7.422 7.422 7.422 7.421 7.421 7.422 7.422 7.422 7.422 7.422 7.422 7.422 7.422 7.422 7.422 7.422 7.422 7.422 7.422 1.422 4.422 6.422 5.422 2.422 1.422 1.422 2.422 2.422 2.422 2.422 3.422 3.422 3.422 3.422 3.423 4.423 4.423 4.423 3.423 3.423 4.423 5.423 6.423 7.423 4.423 1.423 7.424 7.424 7.424 7.424
8.421 8.421 8.421 8.421 8.421 8.421 8.421 8.421 8.421 7.421 7.421 7.421 7.421 7.421 7.421 7.421 7.421 7.421 7.421 7.421 7.421 7.421 7.421 7.422 7.421 7.421 7.421 7.421 7.421 7.421 7.421 7.421 7.422 7.422 7.422 7.422 7.422 7.422 7.422 7.422 7.422 7.422 7.422 7.422 7.422 4.422 6.422 6.422 1.422 0.422 1.422 1.422 1.422 1.422 2.422 2.422 3.422 4.422 3.422 3.422 5.422 6.423 6.423 5.423 4.423 2.423 3.423 6.423 6.423 6.423 5.423 7.423 7.424 7.424 7.424 7.424
8.421 8.421 8.421 8.421 8.421 8.421 8.421 8.421 8.421 8.421 7.421 7.421 7.421 7.421 7.421 7.421 7.421 7.421 7.421 7.421 7.421 7.421 7.421 7.421 7.421 7.421 7.421 7.421 7.421 7.421 7.421 7.421 7.421 7.421 7.421 7.421 7.421 7.421 7.421 7.421 7.421 7.421 7.421 7.421 7.421 7.422 7.422 7.422 4.421 0.422 2.422 2.422 0.000 0.422 2.422 2.422 4.422 6.422 5.422 3.422 5.422 6.422 5.423 6.423 4.423 2.423 2.423 4.423 5.423 7.423 7.423 7.423 7.423 7.424 7.424 7.424
