includes/mahajanga_coast/floodfiles/results/res-0010.wd
ncols         269
nrows         308
xllcorner     384108.384600
yllcorner     1149646.260900
cellsize      30.000000
NODATA_value  -9999.000000
[rows 0 to 32 of 308, columns 76 to 151 of 269]
19.232 19.232 19.232 19.232 19.232 19.232 18.232 18.232 18.232 18.232 18.232 18.232 18.232 17.232 17.232 17.232 17.232 17.232 17.232 17.232 16.232 16.232 16.232 16.232 16.232 16.232 16.232 15.232 15.232 15.232 15.232 15.232 15.232 14.232 14.232 14.232 14.232 14.232 13.232 13.233 13.233 13.233 12.233 12.233 12.233 12.233 12.233 11.233 11.233 11.233 11.233 11.233 11.233 11.233 11.234 11.234 11.234 11.234 11.234 11.234 11.234 11.234 10.234 10.234 10.234 10.234 10.234 10.234 9.234 9.234 9.234 9.234 9.234 8.234 8.234 8.234
19.232 19.232 19.232 19.232 19.232 18.232 18.232 18.232 18.232 18.232 18.232 18.232 18.232 17.232 17.232 17.232 17.232 17.232 17.232 17.232 16.232 16.232 16.232 16.232 16.232 16.232 15.232 15.232 15.232 15.232 15.232 15.232 14.232 14.232 14.232 14.232 14.232 13.232 13.232 13.233 13.233 12.233 12.233 12.233 12.233 12.233 11.233 11.233 11.233 11.233 11.233 11.233 11.233 11.234 11.234 11.234 11.234 10.234 10.234 10.234 10.234 10.234 10.234 10.234 10.234 10.234 10.234 9.234 9.234 9.234 9.234 9.234 8.234 8.234 8.234 8.234
19.232 19.232 19.232 19.232 19.232 18.232 18.232 18.232 18.232 18.232 18.232 18.232 17.232 17.232 17.232 17.232 17.232 17.232 17.232 16.232 16.232 16.232 16.232 16.232 16.232 15.232 15.232 15.232 15.232 15.232 15.232 14.232 14.232 14.232 14.232 14.232 13.232 13.232 13.232 13.233 12.233 12.233 12.233 12.233 12.233 11.233 11.233 11.233 11.233 11.233 11.233 11.233 10.233 10.234 10.234 10.234 10.234 10.234 10.234 10.234 10.234 10.234 10.234 10.234 10.234 10.234 9.234 9.234 9.234 9.234 9.234 8.234 8.234 8.234 8.234 8.234
19.232 19.232 19.232 19.232 18.232 18.232 18.232 18.232 18.232 18.232 18.232 18.232 17.232 17.232 17.232 17.232 17.232 17.232 17.232 16.232 16.232 16.232 16.232 16.232 15.232 15.232 15.232 15.232 15.232 15.232 14.232 14.232 14.232 14.232 14.232 13.232 13.232 13.232 13.232 12.233 12.233 12.233 12.233 12.233 11.233 11.233 11.233 11.233 10.233 10.233 10.233 10.233 10.233 10.234 10.234 10.234 10.234 10.234 10.234 10.234 10.234 10.234 10.234 10.234 10.234 9.234 9.234 9.234 9.234 9.234 8.234 8.234 8.234 8.234 8.234 0.000
19.232 19.232 19.232 19.232 18.232 18.232 18.232 18.232 18.232 18.232 18.232 17.232 17.232 17.232 17.232 17.232 17.232 17.232 17.232 16.232 16.232 16.232 16.232 16.232 15.232 15.232 15.232 15.232 15.232 14.232 14.232 14.232 14.232 14.232 13.232 13.232 13.232 13.232 12.233 12.233 12.233 12.233 12.233 11.233 11.233 11.233 11.233 10.233 10.233 10.233 10.233 10.233 10.233 10.234 10.234 10.234 10.234 10.234 10.234 10.234 10.234 10.234 10.234 10.234 9.234 9.234 9.234 9.234 9.234 8.234 8.234 8.234 0.000 0.000 0.000 0.000
18.232 18.232 18.232 18.232 18.232 18.232 18.232 18.232 18.232 18.232 18.232 17.232 17.232 17.232 17.232 17.232 17.232 17.232 16.232 16.232 16.232 16.232 16.232 15.232 15.232 15.232 15.232 15.232 14.232 14.232 14.232 14.232 14.232 13.232 13.232 13.232 13.232 12.232 12.233 12.233 12.233 12.233 11.233 11.233 11.233 11.233 10.233 10.233 10.233 10.233 10.233 10.233 10.233 10.233 10.234 10.234 10.234 10.234 10.234 10.234 9.234 9.234 9.234 9.234 9.234 9.234 9.234 9.234 8.234 8.234 8.234 0.234 0.000 0.000 0.000 0.000
18.232 18.232 18.232 18.232 18.232 18.232 18.232 18.232 18.232 18.232 17.232 17.232 17.232 17.232 17.232 17.232 17.232 17.232 16.232 16.232 16.232 16.232 16.232 15.232 15.232 15.232 15.232 14.232 14.232 14.232 14.232 14.232 13.232 13.232 13.232 13.232 12.232 12.232 12.232 12.233 12.233 11.233 11.233 11.233 11.233 10.233 10.233 10.233 10.233 10.233 10.233 10.233 9.233 9.233 9.234 9.234 9.234 9.234 9.234 9.234 9.234 9.234 9.234 9.234 9.234 9.234 9.234 8.234 8.234 8.234 0.000 0.000 0.000 0.000 0.000 0.000
18.232 18.232 18.232 18.232 18.232 18.232 18.232 18.232 18.232 18.232 17.232 17.232 17.232 17.232 17.232 17.232 17.232 16.232 16.232 16.232 16.232 16.232 15.232 15.232 15.232 15.232 15.232 14.232 14.232 14.232 14.232 13.232 13.232 13.232 13.232 13.232 12.232 12.232 12.232 12.233 11.233 11.233 11.233 11.233 10.233 10.233 10.233 10.233 9.233 9.233 9.233 9.233 9.233 9.233 9.233 9.234 9.234 9.234 9.234 9.234 9.234 9.234 9.234 9.234 9.234 9.234 8.234 8.234 8.234 8.234 0.000 0.000 0.000 0.000 0.000 0.000
18.232 18.232 18.232 18.232 18.232 18.232 18.232 18.232 18.232 17.232 17.232 17.232 17.232 17.232 17.232 17.232 17.232 16.232 16.232 16.232 16.232 16.232 15.232 15.232 15.232 15.232 14.232 14.232 14.232 14.232 13.232 13.232 13.232 13.232 13.232 12.232 12.232 12.232 12.232 11.233 11.233 11.233 11.233 10.233 10.233 10.233 10.233 9.233 9.233 9.233 9.233 9.233 9.233 9.233 9.233 9.234 9.234 9.234 9.234 9.234 9.234 9.234 9.234 9.234 9.234 8.234 8.234 8.234 8.234 0.000 0.000 0.000 0.000 0.000 0.000 0.000
18.232 18.232 18.232 18.232 18.232 18.232 18.232 18.232 18.232 17.232 17.232 17.232 17.232 17.232 17.232 17.232 16.232 16.232 16.232 16.232 16.232 15.232 15.232 15.232 15.232 15.232 14.232 14.232 14.232 14.232 13.232 13.232 13.232 13.232 12.232 12.232 12.232 12.232 11.232 11.233 11.233 11.233 10.233 10.233 10.233 10.233 9.233 9.233 9.233 9.233 9.233 9.233 9.233 9.233 9.233 9.234 9.234 9.234 9.234 9.234 9.234 9.234 9.234 9.234 8.234 8.234 8.234 8.234 0.000 0.000 0.000 0.000 0.000 0.000 0.000 0.000
18.232 18.232 18.232 18.232 18.232 18.232 18.232 18.232 17.232 17.232 17.232 17.232 17.232 17.232 17.232 17.232 16.232 16.232 16.232 16.232 16.232 15.232 15.232 15.232 15.232 14.232 14.232 14.232 14.232 13.232 13.232 13.232 13.232 12.232 12.232 12.232 12.232 11.232 11.232 11.232 11.233 10.233 10.233 10.233 10.233 9.233 9.233 9.233 9.233 9.233 9.233 9.233 8.233 8.233 8.233 8.233 8.234 8.234 8.234 8.234 8.234 8.234 8.234 8.234 8.234 8.234 8.234 8.234 0.000 0.000 0.000 0.000 0.000 0.000 0.000 0.000
18.232 18.232 18.232 18.232 18.232 18.232 18.232 18.232 17.232 17.232 17.232 17.232 17.232 17.232 17.232 16.232 16.232 16.232 16.232 16.232 16.232 15.232 15.232 15.232 15.232 14.232 14.232 14.232 13.232 13.232 13.232 13.232 12.232 12.232 12.232 12.232 11.232 11.232 11.232 11.232 10.233 10.233 10.233 10.233 9.233 9.233 9.233 9.233 8.233 8.233 8.233 8.233 8.233 8.233 8.233 8.233 8.233 8.233 8.234 8.234 8.234 8.234 8.234 8.234 8.234 8.234 1.233 0.000 0.000 0.000 0.000 0.000 0.000 0.000 0.000 0.000
18.232 18.232 18.232 18.232 18.232 18.232 18.232 17.232 17.232 17.232 17.232 17.232 17.232 17.232 17.232 16.232 16.232 16.232 16.232 16.232 15.232 15.232 15.232 15.232 14.232 14.232 14.232 14.232 13.232 13.232 13.232 13.232 12.232 12.232 12.232 11.232 11.232 11.232 11.232 10.232 10.232 10.233 10.233 9.233 9.233 9.233 9.233 8.233 8.233 8.233 8.233 8.233 8.233 8.233 8.233 8.233 8.233 8.233 8.233 8.234 8.234 8.234 8.234 8.234 0.233 0.233 0.233 0.000 0.000 0.000 0.000 0.000 0.000 0.000 0.000 0.000
18.232 18.232 18.232 18.232 18.232 18.232 17.232 17.232 17.232 17.232 17.232 17.232 17.232 17.232 16.232 16.232 16.232 16.232 16.232 16.232 15.232 15.232 15.232 15.232 14.232 14.232 14.232 14.232 13.232 13.232 13.232 12.232 12.232 12.232 12.232 11.232 11.232 11.232 11.232 10.232 10.232 10.233 10.233 9.233 9.233 9.233 9.233 8.233 8.233 8.233 8.233 8.233 8.233 8.233 8.233 8.233 8.233 8.233 8.233 8.234 8.234 8.234 8.234 2.234 0.000 0.000 0.000 0.000 0.000 0.000 0.000 0.000 0.000 0.000 0.000 0.000
18.232 18.232 18.232 18.232 18.232 17.232 17.232 17.232 17.232 17.232 17.232 17.232 17.232 16.232 16.232 16.232 16.232 16.232 16.232 15.232 15.232 15.232 15.232 14.232 14.232 14.232 14.232 13.232 13.232 13.232 13.232 12.232 12.232 12.232 12.232 11.232 11.232 11.232 11.232 10.232 10.232 10.232 10.233 9.233 9.233 9.233 9.233 8.233 8.233 8.233 8.233 8.233 8.233 8.233 8.233 8.233 8.233 8.233 8.233 8.233 8.234 8.234 8.234 1.234 0.000 0.000 0.000 0.000 0.000 0.000 0.000 0.000 0.000 0.000 0.000 0.000
18.232 18.232 18.232 18.232 17.232 17.232 17.232 17.232 17.232 17.232 17.232 17.232 16.232 16.232 16.232 16.232 16.232 16.232 16.232 15.232 15.232 15.232 15.232 14.232 14.232 14.232 14.232 13.232 13.232 13.232 13.232 12.232 12.232 12.232 12.232 11.232 11.232 11.232 11.232 10.232 10.232 10.232 10.233 9.233 9.233 9.233 9.233 8.233 8.233 8.233 8.233 8.233 8.233 8.233 8.233 8.233 8.233 8.233 8.233 8.233 8.234 7.234 3.234 0.000 0.000 0.000 0.000 0.000 0.000 0.000 0.000 0.000 0.000 0.000 0.000 0.000
17.232 17.232 17.232 17.232 17.232 17.232 17.232 17.232 17.232 17.232 17.232 16.232 16.232 16.232 16.232 16.232 16.232 16.232 15.232 15.232 15.232 15.232 14.232 14.232 14.232 14.232 13.232 13.232 13.232 13.232 12.232 12.232 12.232 12.232 11.232 11.232 11.232 11.232 10.232 10.232 10.232 10.232 9.233 9.233 9.233 9.233 8.233 8.233 8.233 8.233 8.233 8.233 8.233 8.233 8.233 8.233 8.233 8.233 7.233 7.233 7.233 4.234 0.000 0.000 0.000 0.000 0.000 0.000 0.000 0.000 0.000 0.000 0.000 0.000 0.000 0.000
17.232 17.232 17.232 17.232 17.232 17.232 17.232 17.232 17.232 17.232 16.232 16.232 16.232 16.232 16.232 16.232 16.232 15.232 15.232 15.232 15.232 15.232 14.232 14.232 14.232 14.232 13.232 13.232 13.232 13.232 12.232 12.232 12.232 12.232 11.232 11.232 11.232 11.232 10.232 10.232 10.232 10.232 9.232 9.233 9.233 9.233 8.233 8.233 8.233 8.233 8.233 8.233 8.233 8.233 8.233 8.233 7.233 7.233 7.233 7.233 7.233 0.000 0.000 0.000 0.000 0.000 0.000 0.000 0.000 0.000 0.000 0.000 0.000 0.000 0.000 0.000
17.232 17.232 17.232 17.232 17.232 17.232 17.232 17.232 17.232 16.232 16.232 16.232 16.232 16.232 16.232 16.232 15.232 15.232 15.232 15.232 15.232 14.232 14.232 14.232 14.232 14.232 13.232 13.232 13.232 13.232 12.232 12.232 12.232 12.232 11.232 11.232 11.232 11.232 10.232 10.232 10.232 10.232 9.232 9.232 9.233 9.233 8.233 8.233 8.233 8.233 8.233 8.233 8.233 8.233 8.233 7.233 7.233 7.233 7.233 7.233 0.000 0.000 0.000 0.000 0.000 0.000 0.000 0.000 0.000 0.000 0.000 0.000 0.000 0.000 0.000 0.000
17.232 17.232 17.232 17.232 17.232 17.232 17.232 17.232 16.232 16.232 16.232 16.232 16.232 16.232 16.232 15.232 15.232 15.232 15.232 15.232 15.232 14.232 14.232 14.232 14.232 13.232 13.232 13.232 13.232 12.232 12.232 12.232 12.232 12.232 11.232 11.232 11.232 11.232 10.232 10.232 10.232 10.232 9.232 9.232 9.232 9.233 8.233 8.233 8.233 8.233 8.233 8.233 8.233 8.233 7.233 7.233 7.233 7.233 7.233 1.233 0.000 0.000 0.000 0.000 0.000 0.000 0.000 0.000 0.000 0.000 0.000 0.000 0.000 0.000 0.000 0.000
17.232 17.232 17.232 17.232 17.232 17.232 17.232 17.232 16.232 16.232 16.232 16.232 16.232 16.232 16.232 15.232 15.232 15.232 15.232 15.232 15.232 14.232 14.232 14.232 14.232 13.232 13.232 13.232 13.232 12.232 12.232 12.232 12.232 11.232 11.232 11.232 11.232 11.232 10.232 10.232 10.232 10.232 9.232 9.232 9.232 9.232 8.232 8.233 8.233 8.233 8.233 8.233 8.233 7.233 7.233 7.233 7.233 7.233 0.000 0.000 0.000 0.000 0.000 0.000 0.000 0.000 0.000 0.000 0.000 0.000 0.000 0.000 0.000 0.000 0.000 0.000
17.232 17.232 17.232 17.232 17.232 17.232 17.232 16.232 16.232 16.232 16.232 16.232 16.232 16.232 15.232 15.232 15.232 15.232 15.232 15.232 14.232 14.232 14.232 14.232 14.232 13.232 13.232 13.232 13.232 12.232 12.232 12.232 12.232 11.232 11.232 11.232 11.232 11.232 10.232 10.232 10.232 10.232 9.232 9.232 9.232 9.232 8.232 8.232 8.233 8.233 8.233 8.233 8.233 7.233 7.233 7.233 7.233 7.233 0.000 0.000 0.000 0.000 0.000 0.000 0.000 0.000 0.000 0.000 0.000 0.000 0.000 0.000 0.000 0.000 0.000 0.000
17.232 17.232 17.232 17.232 17.232 17.232 16.232 16.232 16.232 16.232 16.232 16.232 16.232 15.232 15.232 15.232 15.232 15.232 15.232 15.232 14.232 14.232 14.232 14.232 13.232 13.232 13.232 13.232 13.232 12.232 12.232 12.232 12.232 11.232 11.232 11.232 11.232 10.232 10.232 10.232 10.232 10.232 9.232 9.232 9.232 9.232 8.232 8.232 8.233 8.233 8.233 8.233 8.233 7.233 7.233 7.233 7.233 1.233 1.233 0.000 0.000 0.000 0.000 0.000 0.000 0.000 0.000 0.000 0.000 0.000 0.000 0.000 0.000 0.000 0.000 0.000
17.232 17.232 17.232 17.232 17.232 16.232 16.232 16.232 16.232 16.232 16.232 16.232 15.232 15.232 15.232 15.232 15.232 15.232 15.232 14.232 14.232 14.232 14.232 14.232 13.232 13.232 13.232 13.232 12.232 12.232 12.232 12.232 12.232 11.232 11.232 11.232 11.232 10.232 10.232 10.232 10.232 10.232 9.232 9.232 9.232 9.232 8.232 8.232 8.232 8.233 8.233 8.233 7.233 7.232 7.232 7.232 7.232 0.000 0.000 0.000 0.000 0.000 0.000 0.000 0.000 0.000 0.000 0.000 0.000 0.000 0.000 0.000 0.000 0.000 0.000 0.000
17.232 17.232 17.232 17.232 16.232 16.232 16.232 16.232 16.232 16.232 16.232 15.232 15.232 15.232 15.232 15.232 15.232 15.232 15.232 14.232 14.232 14.232 14.232 13.232 13.232 13.232 13.232 13.232 12.232 12.232 12.232 12.232 11.232 11.232 11.232 11.232 11.232 10.232 10.232 10.232 10.232 10.232 9.232 9.232 9.232 9.232 8.232 8.232 8.232 8.232 8.232 8.232 7.232 7.232 7.232 7.232 0.000 0.000 0.000 0.000 0.000 0.000 0.000 0.000 0.000 0.000 0.000 0.000 0.000 0.000 0.000 0.000 0.000 0.000 0.000 0.000
16.232 16.232 16.232 16.232 16.232 16.232 16.232 16.232 16.232 16.232 15.232 15.232 15.232 15.232 15.232 15.232 15.232 15.232 14.232 14.232 14.232 14.232 14.232 13.232 13.232 13.232 13.232 12.232 12.232 12.232 12.232 12.232 11.232 11.232 11.232 11.232 11.232 10.232 10.232 10.232 10.232 9.232 9.232 9.232 9.232 9.232 8.232 8.232 8.232 8.232 8.232 8.232 7.232 7.232 7.232 7.232 0.232 0.000 0.000 0.000 0.000 0.000 0.000 0.000 0.000 0.000 0.000 0.000 0.000 0.000 0.000 0.000 0.000 0.000 0.000 0.000
16.232 16.232 16.232 16.232 16.232 16.232 16.232 16.232 16.232 15.232 15.232 15.232 15.232 15.232 15.232 15.232 15.232 14.232 14.232 14.232 14.232 14.232 13.232 13.232 13.232 13.232 13.232 12.232 12.232 12.232 12.232 12.232 11.232 11.232 11.232 11.232 11.232 10.232 10.232 10.232 10.232 9.232 9.232 9.232 9.232 9.232 8.232 8.232 8.232 8.232 8.232 7.232 7.232 7.232 7.232 7.232 0.232 0.000 0.000 0.000 0.000 0.000 0.000 0.000 0.000 0.000 0.000 0.000 0.000 0.000 0.000 0.000 0.000 0.000 0.000 0.000
16.233 16.232 16.232 16.232 16.232 16.232 16.232 16.232 15.232 15.232 15.232 15.232 15.232 15.232 15.232 15.232 14.232 14.232 14.232 14.232 14.232 14.232 13.232 13.232 13.232 13.232 12.232 12.232 12.232 12.232 12.232 11.232 11.232 11.232 11.232 11.232 10.232 10.232 10.232 10.232 10.232 9.232 9.232 9.232 9.232 9.232 8.232 8.232 8.232 8.232 8.232 7.232 7.232 7.232 7.232 1.232 1.232 0.232 0.000 0.000 0.000 0.000 0.000 0.000 0.000 0.000 0.000 0.000 0.000 0.000 0.000 0.000 0.000 0.000 0.000 0.000
16.233 16.233 16.233 16.232 16.232 16.232 16.232 15.232 15.232 15.232 15.232 15.232 15.232 15.232 15.232 14.232 14.232 14.232 14.232 14.232 14.232 13.232 13.232 13.232 13.232 13.232 12.232 12.232 12.232 12.232 12.232 11.232 11.232 11.232 11.232 11.232 10.232 10.232 10.232 10.232 10.232 9.232 9.232 9.232 9.232 9.232 8.232 8.232 8.232 8.232 8.232 7.232 7.232 7.232 7.232 0.233 0.000 0.000 0.000 0.000 0.000 0.000 0.000 0.000 0.000 0.000 0.000 0.000 0.000 0.000 0.000 0.000 0.000 0.000 0.000 0.000
16.233 16.233 16.233 16.233 16.232 16.232 15.232 15.232 15.232 15.232 15.232 15.232 15.232 15.232 14.232 14.232 14.232 14.232 14.232 14.232 13.232 13.232 13.232 13.232 13.232 12.232 12.232 12.232 12.232 12.232 11.232 11.232 11.232 11.232 11.232 10.232 10.232 10.232 10.232 10.232 9.232 9.232 9.232 9.232 9.232 8.232 8.232 8.232 8.232 8.232 7.232 7.232 7.232 7.232 2.232 0.000 0.000 0.000 0.000 0.000 0.000 0.000 0.000 0.000 0.000 0.000 0.000 0.000 0.000 0.000 0.000 0.000 0.000 0.000 0.000 0.000
16.233 16.233 16.233 16.233 16.233 15.232 15.232 15.232 15.232 15.232 15.232 15.232 15.232 14.232 14.232 14.232 14.232 14.232 14.232 14.232 13.232 13.232 13.232 13.232 13.232 12.232 12.232 12.232 12.232 12.232 11.232 11.232 11.232 11.232 11.232 10.232 10.232 10.232 10.232 9.232 9.232 9.232 9.232 9.232 8.232 8.232 8.232 8.232 8.232 7.232 7.232 7.232 7.232 7.232 1.232 0.000 0.000 0.000 0.000 0.000 0.000 0.000 0.000 0.000 0.000 0.000 0.000 0.000 0.000 0.000 0.000 0.000 0.000 0.000 0.000 0.000
16.232 16.233 16.232 16.232 15.232 15.232 15.232 15.232 15.232 15.232 15.232 15.232 14.232 14.232 14.232 14.232 14.232 14.232 14.232 13.232 13.232 13.232 13.232 13.232 12.232 12.232 12.232 12.232 12.232 11.232 11.232 11.232 11.232 11.232 10.232 10.232 10.232 10.232 10.232 9.232 9.232 9.232 9.232 8.232 8.232 8.232 8.232 8.232 7.232 7.232 7.232 7.232 7.232 7.232 1.232 0.000 0.000 0.000 0.000 0.000 0.000 0.000 0.000 0.000 0.000 0.000 0.000 0.000 0.000 0.000 0.000 0.000 0.000 0.000 0.000 0.000
15.232 15.232 15.232 15.232 15.232 15.232 15.232 15.232 15.232 15.232 15.232 14.232 14.232 14.232 14.232 14.232 14.232 14.232 13.232 13.232 13.232 13.232 13.232 12.232 12.232 12.232 12.232 12.232 11.232 11.232 11.232 11.232 11.232 10.232 10.232 10.232 10.232 10.232 9.232 9.232 9.232 9.232 9.232 8.232 8.232 8.232 8.232 7.232 7.232 7.232 7.232 7.232 7.232 3.232 1.232 0.000 0.000 0.000 0.000 0.000 0.000 0.000 0.000 0.000 0.000 0.000 0.000 0.000 0.000 0.000 0.000 0.000 0.000 0.000 0.000 0.000
