includes/mahajanga_coast/floodfiles/results/res-0005.wd
ncols         269
nrows         308
xllcorner     384108.384600
yllcorner     1149646.260900
cellsize      30.000000
NODATA_value  -9999.000000
[rows 68 to 101 of 308, columns 0 to 75 of 269]
14.387 14.387 14.387 14.387 14.386 14.386 14.386 14.386 14.386 14.385 14.385 14.385 14.385 13.385 13.384 13.384 13.384 13.384 13.384 13.384 13.383 13.383 13.383 13.383 13.383 13.383 13.382 13.382 13.382 13.382 13.382 13.381 13.381 12.381 12.381 12.381 12.380 12.380 12.380 12.380 12.380 12.379 12.379 12.379 12.379 12.379 12.379 12.379 12.378 12.378 12.378 12.378 12.378 12.378 12.378 12.378 12.377 12.377 11.377 11.377 11.376 11.376 11.376 11.376 11.375 11.375 11.375 11.375 11.375 11.374 11.374 11.374 11.374 11.374 11.374 11.374
14.387 14.387 14.387 14.387 14.386 14.386 14.386 14.386 14.386 14.385 14.385 14.385 14.385 13.385 13.384 13.384 13.384 13.384 13.384 13.384 13.383 13.383 13.383 13.383 13.383 13.382 13.382 13.382 13.382 13.382 13.381 13.381 12.381 12.381 12.381 12.380 12.380 12.380 12.380 12.380 12.379 12.379 12.379 12.379 12.379 12.379 12.379 12.378 12.378 12.378 12.378 12.378 12.378 12.378 12.377 12.377 12.377 12.377 11.377 11.376 11.376 11.376 11.376 11.375 11.375 11.375 11.375 11.375 11.374 11.374 11.374 11.374 11.374 11.374 11.374 11.374
14.387 14.387 14.387 14.387 14.386 14.386 14.386 14.386 14.386 14.385 14.385 14.385 14.385 13.385 13.384 13.384 13.384 13.384 13.384 13.383 13.383 13.383 13.383 13.383 13.382 13.382 13.382 13.382 13.382 13.381 13.381 12.381 12.381 12.381 12.380 12.380 12.380 12.380 12.380 12.379 12.379 12.379 12.379 12.379 12.379 12.379 12.378 12.378 12.378 12.378 12.378 12.378 12.377 12.377 12.377 12.377 12.377 12.377 11.376 11.376 11.376 11.376 11.375 11.375 11.375 11.375 11.375 11.374 11.374 11.374 11.374 11.374 11.374 11.374 11.373 11.373
14.387 14.387 14.387 14.387 14.386 14.386 14.386 14.386 14.386 14.385 14.385 14.385 14.385 13.385 13.384 13.384 13.384 13.384 13.383 13.383 13.383 13.383 13.383 13.382 13.382 13.382 13.382 13.382 13.382 13.381 12.381 12.381 12.381 12.380 12.380 12.380 12.380 12.380 12.379 12.379 12.379 12.379 12.379 12.379 12.379 12.378 12.378 12.378 12.378 12.378 12.378 12.377 12.377 12.377 12.377 12.377 12.377 12.376 11.376 11.376 11.376 11.375 11.375 11.375 11.375 11.375 11.374 11.374 11.374 11.374 11.374 11.374 11.373 11.373 11.373 11.373
14.387 14.387 14.387 14.387 14.386 14.386 14.386 14.386 14.386 14.385 14.385 14.385 14.385 13.385 13.384 13.384 13.384 13.384 13.383 13.383 13.383 13.383 13.382 13.382 13.382 13.382 13.382 13.382 13.381 12.381 12.381 12.381 12.381 12.380 12.380 12.380 12.380 12.380 12.379 12.379 12.379 12.379 12.379 12.379 12.378 12.378 12.378 12.378 12.378 12.378 12.377 12.377 12.377 12.377 12.377 12.377 12.376 12.376 11.376 11.376 11.375 11.375 11.375 11.375 11.374 11.374 11.374 11.374 11.374 11.374 11.373 11.373 11.373 11.373 11.373 11.373
14.387 14.387 14.387 14.386 14.386 14.386 14.386 14.386 14.386 14.385 14.385 14.385 14.385 13.384 13.384 13.384 13.384 13.383 13.383 13.383 13.383 13.382 13.382 13.382 13.382 13.382 13.381 13.381 13.381 12.381 12.381 12.381 12.380 12.380 12.380 12.380 12.380 12.379 12.379 12.379 12.379 12.379 12.379 12.378 12.378 12.378 12.378 12.378 12.378 12.377 12.377 12.377 12.377 12.377 12.376 12.376 12.376 12.376 11.376 11.375 11.375 11.375 11.375 11.374 11.374 11.374 11.374 11.374 11.373 11.373 11.373 11.373 11.373 11.373 11.373 11.373
14.387 14.387 14.387 14.386 14.386 14.386 14.386 14.386 14.386 14.385 14.385 14.385 14.385 13.384 13.384 13.384 13.384 13.383 13.383 13.383 13.383 13.382 13.382 13.382 13.382 13.382 13.381 13.381 12.381 12.381 12.381 12.380 12.380 12.380 12.380 12.380 12.379 12.379 12.379 12.379 12.379 12.379 12.378 12.378 12.378 12.378 12.378 12.378 12.377 12.377 12.377 12.377 12.377 12.376 12.376 12.376 12.376 12.376 11.375 11.375 11.375 11.375 11.374 11.374 11.374 11.374 11.374 11.373 11.373 11.373 11.373 11.373 11.373 11.373 11.373 11.373
14.387 14.387 14.387 14.386 14.386 14.386 14.386 14.386 14.386 14.385 14.385 14.385 14.385 13.384 13.384 13.384 13.383 13.383 13.383 13.383 13.382 13.382 13.382 13.382 13.382 13.381 13.381 12.381 12.381 12.381 12.380 12.380 12.380 12.380 12.380 12.379 12.379 12.379 12.379 12.379 12.379 12.378 12.378 12.378 12.378 12.378 12.378 12.377 12.377 12.377 12.377 12.377 12.376 12.376 12.376 12.376 12.376 11.375 11.375 11.375 11.375 11.374 11.374 11.374 11.374 11.374 11.373 11.373 11.373 11.373 11.373 11.373 11.373 11.373 11.373 11.373
14.387 14.387 14.387 14.386 14.386 14.386 14.386 14.386 14.385 14.385 14.385 14.385 14.385 13.384 13.384 13.384 13.383 13.383 13.383 13.383 13.382 13.382 13.382 13.382 13.382 13.381 13.381 12.381 12.381 12.380 12.380 12.380 12.380 12.380 12.379 12.379 12.379 12.379 12.379 12.378 12.378 12.378 12.378 12.378 12.378 12.378 12.377 12.377 12.377 12.377 12.377 12.376 12.376 12.376 12.376 12.376 11.375 11.375 11.375 11.375 11.374 11.374 11.374 11.374 11.373 11.373 11.373 11.373 11.373 11.373 11.373 11.372 11.372 11.372 11.372 11.372
14.387 14.387 14.387 14.386 14.386 14.386 14.386 14.386 14.385 14.385 14.385 14.385 14.385 13.384 13.384 13.384 13.383 13.383 13.383 13.383 13.382 13.382 13.382 13.382 13.381 13.381 12.381 12.381 12.380 12.380 12.380 12.380 12.380 12.379 12.379 12.379 12.379 12.379 12.378 12.378 12.378 12.378 12.378 12.378 12.378 12.377 12.377 12.377 12.377 12.377 12.377 12.376 12.376 12.376 12.376 11.375 11.375 11.375 11.375 11.374 11.374 11.374 11.374 11.373 11.373 11.373 11.373 11.373 11.373 11.373 11.372 11.372 11.372 11.372 11.372 11.372
15.387 14.387 14.387 14.386 14.386 14.386 14.386 14.386 14.385 14.385 14.385 14.385 14.384 13.384 13.384 13.384 13.383 13.383 13.383 13.383 13.382 13.382 13.382 13.382 13.381 12.381 12.381 12.381 12.380 12.380 12.380 12.380 12.379 12.379 12.379 12.379 12.379 12.378 12.378 12.378 12.378 12.378 12.378 12.378 12.377 12.377 12.377 12.377 12.377 12.377 12.376 12.376 12.376 12.376 11.375 11.375 11.375 11.375 11.375 11.374 11.374 11.374 11.374 11.373 11.373 11.373 11.373 11.373 11.373 11.372 11.372 11.372 11.372 11.372 11.372 11.372
15.387 15.387 14.386 14.386 14.386 14.386 14.386 14.385 14.385 14.385 14.385 14.385 14.384 13.384 13.384 13.384 13.383 13.383 13.383 13.383 13.382 13.382 13.382 13.382 12.381 12.381 12.381 12.381 12.380 12.380 12.380 12.380 12.379 12.379 12.379 12.379 12.379 12.378 12.378 12.378 12.378 12.378 12.378 12.377 12.377 12.377 12.377 12.377 12.377 12.376 12.376 12.376 12.376 11.376 11.375 11.375 11.375 11.375 11.374 11.374 11.374 11.374 11.373 11.373 11.373 11.373 11.373 11.373 11.372 11.372 11.372 11.372 11.372 11.372 11.372 11.372
15.387 15.387 15.386 14.386 14.386 14.386 14.386 14.385 14.385 14.385 14.385 14.385 14.384 13.384 13.384 13.384 13.383 13.383 13.383 13.383 13.382 13.382 13.382 12.382 12.381 12.381 12.381 12.381 12.380 12.380 12.380 12.379 12.379 12.379 12.379 12.379 12.378 12.378 12.378 12.378 12.378 12.378 12.378 12.377 12.377 12.377 12.377 12.377 12.377 12.376 12.376 12.376 11.376 11.375 11.375 11.375 11.375 11.375 11.374 11.374 11.374 11.374 11.373 11.373 11.373 11.373 11.373 11.372 11.372 11.372 11.372 11.372 11.372 11.372 11.372 11.372
15.387 15.387 15.386 15.386 15.386 14.386 14.386 14.385 14.385 14.385 14.385 14.385 14.384 13.384 13.384 13.384 13.383 13.383 13.383 13.383 13.382 12.382 12.382 12.382 12.381 12.381 12.381 12.380 12.380 12.380 12.380 12.379 12.379 12.379 12.379 12.379 12.378 12.378 12.378 12.378 12.378 12.378 12.377 12.377 12.377 12.377 12.377 12.377 12.376 12.376 12.376 11.376 11.375 11.375 11.375 11.375 11.375 11.374 11.374 11.374 11.374 11.373 11.373 11.373 11.373 11.373 11.373 11.372 11.372 11.372 11.372 11.372 11.372 11.372 11.372 11.372
15.387 15.387 15.386 15.386 15.386 15.386 14.386 14.385 14.385 14.385 14.385 14.385 14.384 13.384 13.384 13.384 13.384 13.383 13.383 13.383 12.382 12.382 12.382 12.382 12.381 12.381 12.381 12.380 12.380 12.380 12.380 12.379 12.379 12.379 12.379 12.378 12.378 12.378 12.378 12.378 12.378 12.378 12.377 12.377 12.377 12.377 12.377 12.377 12.376 12.376 11.376 11.375 11.375 11.375 11.375 11.375 11.374 11.374 11.374 11.374 11.374 11.373 11.373 11.373 11.373 10.373 10.372 10.372 10.372 10.372 10.372 10.372 10.372 10.372 10.372 10.372
15.387 15.387 15.386 15.386 15.386 15.386 14.386 14.385 14.385 14.385 14.385 14.385 14.384 13.384 13.384 13.384 13.384 13.383 13.383 13.383 12.383 12.382 12.382 12.382 12.381 12.381 12.381 12.380 12.380 12.380 12.380 12.379 12.379 12.379 12.379 12.378 12.378 12.378 12.378 12.378 12.378 12.378 12.377 12.377 12.377 12.377 12.377 12.376 11.376 11.376 11.376 11.375 11.375 11.375 11.375 11.374 11.374 11.374 11.374 11.374 11.374 11.373 11.373 11.373 10.373 10.373 10.372 10.372 10.372 10.372 10.372 10.372 10.372 10.372 10.372 10.372
15.387 15.387 15.386 15.386 15.386 15.386 15.386 14.385 14.385 14.385 14.385 14.385 14.384 13.384 13.384 13.384 13.384 13.383 13.383 12.383 12.383 12.382 12.382 12.382 12.381 12.381 12.381 12.380 12.380 12.380 12.380 12.379 12.379 12.379 12.379 12.378 12.378 12.378 12.378 12.378 12.378 12.377 12.377 12.377 12.377 12.377 12.377 11.376 11.376 11.376 11.376 11.375 11.375 11.375 11.375 11.374 11.374 11.374 11.374 11.374 11.373 11.373 11.373 10.373 10.373 10.372 10.372 10.372 10.372 10.372 10.372 10.372 10.372 10.372 10.371 10.371
15.387 15.387 15.386 15.386 15.386 15.386 15.386 14.385 14.385 14.385 14.385 14.384 14.384 13.384 13.384 13.384 13.384 13.383 13.383 12.383 12.383 12.382 12.382 12.382 12.381 12.381 12.381 12.380 12.380 12.380 12.379 12.379 12.379 12.379 12.379 12.378 12.378 12.378 12.378 12.378 12.378 12.377 12.377 12.377 12.377 12.377 11.376 11.376 11.376 11.376 11.375 11.375 11.375 11.375 11.374 11.374 11.374 11.374 11.374 11.373 11.373 11.373 10.373 10.373 10.373 10.372 10.372 10.372 10.372 10.372 10.372 10.372 10.371 10.371 10.371 10.371
15.387 15.387 15.386 15.386 15.386 15.386 15.386 14.385 14.385 14.385 14.385 14.385 14.384 13.384 13.384 13.384 13.384 13.383 13.383 12.383 12.382 12.382 12.382 12.381 12.381 12.381 12.381 12.380 12.380 12.380 12.379 12.379 12.379 12.379 12.379 12.378 12.378 12.378 12.378 12.378 12.378 12.377 12.377 12.377 12.377 11.377 11.376 11.376 11.376 11.376 11.375 11.375 11.375 11.375 11.374 11.374 11.374 11.374 11.373 11.373 11.373 10.373 10.373 10.373 10.372 10.372 10.372 10.372 10.372 10.372 10.371 10.371 10.371 10.371 10.371 10.371
15.387 15.387 15.386 15.386 15.386 15.386 15.386 15.385 14.385 14.385 14.385 14.385 14.384 13.384 13.384 13.384 13.384 13.383 12.383 12.383 12.382 12.382 12.382 12.381 12.381 12.381 12.381 12.380 12.380 12.380 12.379 12.379 12.379 12.379 12.378 12.378 12.378 12.378 12.378 12.378 12.377 12.377 12.377 12.377 11.377 11.376 11.376 11.376 11.376 11.375 11.375 11.375 11.375 11.375 11.374 11.374 11.374 11.374 11.373 11.373 10.373 10.373 10.373 10.373 10.372 10.372 10.372 10.372 10.372 10.371 10.371 10.371 10.371 10.371 10.371 10.371
15.387 15.387 15.386 15.386 15.386 15.386 15.386 15.385 14.385 14.385 14.385 14.385 14.384 13.384 13.384 13.384 13.384 13.383 12.383 12.383 12.382 12.382 12.382 12.381 12.381 12.381 12.381 12.380 12.380 12.380 12.379 12.379 12.379 12.379 12.378 12.378 12.378 12.378 12.378 12.378 12.377 12.377 12.377 12.377 11.377 11.376 11.376 11.376 11.376 11.375 11.375 11.375 11.375 11.374 11.374 11.374 11.374 11.374 11.373 10.373 10.373 10.373 10.373 10.372 10.372 10.372 10.372 10.372 10.372 10.371 10.371 10.371 10.371 10.371 10.371 10.371
15.387 15.387 15.386 15.386 15.386 15.386 15.386 15.385 14.385 14.385 14.385 14.385 14.384 13.384 13.384 13.384 13.384 13.383 12.383 12.383 12.382 12.382 12.382 12.381 12.381 12.381 12.381 12.380 12.380 12.380 12.379 12.379 12.379 12.379 12.378 12.378 12.378 12.378 12.378 12.377 12.377 12.377 12.377 11.377 11.376 11.376 11.376 11.376 11.375 11.375 11.375 11.375 11.375 11.374 11.374 11.374 11.374 11.374 10.373 10.373 10.373 10.373 10.373 10.372 10.372 10.372 10.372 10.372 10.371 10.371 10.371 10.371 10.371 10.371 10.371 10.371
15.387 15.387 15.386 15.386 15.386 15.386 15.386 14.385 14.385 14.385 14.385 14.385 14.384 13.384 13.384 13.384 13.384 13.383 12.383 12.383 12.382 12.382 12.382 12.381 12.381 12.381 12.381 12.380 12.380 12.380 12.379 12.379 12.379 12.379 12.378 12.378 12.378 12.378 12.378 12.377 12.377 12.377 12.377 11.377 11.376 11.376 11.376 11.376 11.375 11.375 11.375 11.375 11.374 11.374 11.374 11.374 11.374 10.373 10.373 10.373 10.373 10.373 10.372 10.372 10.372 10.372 10.372 10.372 10.371 10.371 10.371 10.371 10.371 10.371 10.371 10.371
15.387 15.387 15.387 15.386 15.386 15.386 15.386 14.385 14.385 14.385 14.385 14.385 13.384 13.384 13.384 13.384 13.383 13.383 12.383 12.383 12.382 12.382 12.382 12.381 12.381 12.381 12.380 12.380 12.380 12.380 12.379 12.379 12.379 12.379 12.378 12.378 12.378 12.378 12.378 12.377 12.377 12.377 11.377 11.376 11.376 11.376 11.376 11.375 11.375 11.375 11.375 11.375 11.374 11.374 11.374 11.374 10.374 10.373 10.373 10.373 10.373 10.373 10.372 10.372 10.372 10.372 10.372 10.372 10.371 10.371 10.371 10.371 10.371 10.371 10.370 10.370
15.387 15.387 15.387 15.386 15.386 15.386 14.386 14.385 14.385 14.385 14.385 14.385 13.384 13.384 13.384 13.384 13.383 13.383 12.383 12.382 12.382 12.382 12.382 12.381 12.381 12.381 12.380 12.380 12.380 12.380 12.379 12.379 12.379 12.379 12.378 12.378 12.378 12.378 12.377 12.377 12.377 12.377 11.377 11.376 11.376 11.376 11.376 11.375 11.375 11.375 11.375 11.374 11.374 11.374 11.374 10.374 10.373 10.373 10.373 10.373 10.373 10.372 10.372 10.372 10.372 10.372 10.372 10.372 10.371 10.371 10.371 10.371 10.371 10.370 10.370 10.370
15.387 15.387 15.386 15.386 15.386 14.386 14.386 14.385 14.385 14.385 14.385 13.385 13.384 13.384 13.384 13.384 13.383 12.383 12.383 12.382 12.382 12.382 12.382 12.381 12.381 12.381 12.380 12.380 12.380 12.380 12.379 12.379 12.379 12.379 12.378 12.378 12.378 12.378 12.377 12.377 12.377 11.377 11.376 11.376 11.376 11.376 11.375 11.375 11.375 11.375 11.375 11.374 11.374 11.374 10.374 10.373 10.373 10.373 10.373 10.373 10.372 10.372 10.372 10.372 10.372 10.372 10.372 10.371 10.371 10.371 10.371 10.371 10.370 10.370 10.370 10.370
15.387 15.387 14.386 14.386 14.386 14.386 14.386 14.385 14.385 14.385 14.385 13.385 13.384 13.384 13.384 13.384 13.383 12.383 12.383 12.382 12.382 12.382 12.381 12.381 12.381 12.381 12.380 12.380 12.380 12.380 12.379 12.379 12.379 12.379 12.378 12.378 12.378 12.378 12.377 12.377 12.377 11.377 11.376 11.376 11.376 11.376 11.375 11.375 11.375 11.375 11.374 11.374 11.374 10.374 10.374 10.373 10.373 10.373 10.373 10.373 10.372 10.372 10.372 10.372 10.372 10.372 10.372 10.371 10.371 10.371 10.371 10.371 9.370 9.370 9.370 9.370
14.387 14.387 14.386 14.386 14.386 14.386 14.386 14.385 14.385 14.385 13.385 13.385 13.384 13.384 13.384 13.384 13.383 12.383 12.383 12.382 12.382 12.382 12.381 12.381 12.381 12.381 12.380 12.380 12.380 12.380 12.379 12.379 12.379 12.379 12.378 12.378 12.378 12.377 12.377 12.377 12.377 11.376 11.376 11.376 11.376 11.375 11.375 11.375 11.375 11.375 11.374 11.374 10.374 10.374 10.373 10.373 10.373 10.373 10.373 10.372 10.372 10.372 10.372 10.372 10.372 10.372 10.371 10.371 9.371 9.371 9.371 9.370 9.370 9.370 9.370 9.370
14.387 14.387 14.386 14.386 14.386 14.386 14.386 14.385 14.385 14.385 13.385 13.385 13.384 13.384 13.384 13.384 13.383 12.383 12.383 12.382 12.382 12.382 12.382 12.381 12.381 12.381 12.380 12.380 12.380 12.380 12.379 12.379 12.379 12.379 12.378 12.378 12.378 12.377 12.377 12.377 12.377 11.376 11.376 11.376 11.376 11.375 11.375 11.375 11.375 11.374 11.374 10.374 10.374 10.374 10.373 10.373 10.373 10.373 10.372 10.372 10.372 10.372 10.372 10.372 10.372 10.371 10.371 9.371 9.371 9.371 9.371 9.370 9.370 9.370 9.370 9.370
14.387 14.387 14.386 14.386 14.386 14.386 14.386 14.385 14.385 13.385 13.385 13.385 13.384 13.384 13.384 13.383 13.383 12.383 12.383 12.382 12.382 12.382 12.382 12.381 12.381 12.381 12.381 12.380 12.380 12.380 12.379 12.379 12.379 12.379 12.378 12.378 12.378 12.377 12.377 12.377 11.377 11.376 11.376 11.376 11.376 11.375 11.375 11.375 11.375 11.374 10.374 10.374 10.374 10.373 10.373 10.373 10.373 10.373 10.372 10.372 10.372 10.372 10.372 10.371 10.371 9.371 9.371 9.371 9.371 9.371 9.370 9.370 9.370 9.370 9.370 9.370
14.387 14.387 14.386 14.386 14.386 14.386 14.385 14.385 13.385 13.385 13.385 13.384 13.384 13.384 13.384 13.383 12.383 12.383 12.383 12.382 12.382 12.382 12.382 12.381 12.381 12.381 12.381 12.380 12.380 12.380 12.379 12.379 12.379 12.379 12.378 12.378 12.378 12.377 12.377 12.377 11.377 11.376 11.376 11.376 11.376 11.375 11.375 11.375 11.375 11.374 10.374 10.374 10.374 10.373 10.373 10.373 10.373 10.372 10.372 10.372 10.372 10.371 10.371 10.371 9.371 9.371 9.371 9.371 9.371 9.371 9.370 9.370 9.370 9.370 9.370 9.370
14.387 14.387 14.386 14.386 14.386 14.386 14.385 13.385 13.385 13.385 13.385 13.384 13.384 13.384 13.384 13.383 12.383 12.383 12.383 12.382 12.382 12.382 12.382 12.381 12.381 12.381 12.381 12.380 12.380 12.380 12.379 12.379 12.379 12.379 12.378 12.378 12.378 12.377 12.377 12.377 11.377 11.376 11.376 11.376 11.376 11.375 11.375 11.375 11.375 10.374 10.374 10.374 10.374 10.373 10.373 10.373 10.373 10.372 10.372 10.372 10.372 10.371 10.371 9.371 9.371 9.371 9.371 9.371 9.371 9.370 9.370 9.370 9.370 9.370 9.370 9.370
14.387 14.387 14.386 14.386 14.386 14.386 13.385 13.385 13.385 13.385 13.384 13.384 13.384 13.384 13.384 13.383 12.383 12.383 12.383 12.382 12.382 12.382 12.382 12.381 12.381 12.381 12.381 12.380 12.380 12.380 12.380 12.379 12.379 12.379 12.378 12.378 12.378 12.378 12.377 12.377 11.377 11.376 11.376 11.376 11.376 11.375 11.375 11.375 10.375 10.374 10.374 10.374 10.374 10.373 10.373 10.373 10.372 10.372 10.372 10.372 10.371 10.371 9.371 9.371 9.371 9.371 9.371 9.371 9.370 9.370 9.370 9.370 9.370 9.370 9.370 9.369
14.387 14.387 14.386 14.386 14.386 13.386 13.385 13.385 13.385 13.385 13.384 13.384 13.384 13.384 13.384 12.383 12.383 12.383 12.383 12.382 12.382 12.382 12.382 12.381 12.381 12.381 12.381 12.380 12.380 12.380 12.380 12.379 12.379 12.379 12.378 12.378 12.378 12.378 12.377 12.377 11.377 11.377 11.376 11.376 11.376 11.375 11.375 11.375 10.375 10.374 10.374 10.374 10.374 10.373 10.373 10.373 10.372 10.372 10.372 10.372 10.371 9.371 9.371 9.371 9.371 9.371 9.371 9.370 9.370 9.370 9.370 9.370 9.370 9.369 9.369 9.369
