includes/mahajanga_coast/floodfiles/results/res-0010.wd
ncols         269
nrows         308
xllcorner     384108.384600
yllcorner     1149646.260900
cellsize      30.000000
NODATA_value  -9999.000000
[rows 66 to 98 of 308, columns 76 to 151 of 269]
13.232 13.232 13.232 12.232 12.232 12.232 12.232 12.232 12.232 12.232 12.232 12.231 12.231 12.231 12.231 12.231 12.231 12.231 11.231 11.231 11.231 11.231 11.230 10.230 10.230 10.230 10.230 9.230 9.230 9.230 9.230 8.229 8.229 8.229 8.229 7.229 7.229 7.229 7.229 7.229 7.229 7.229 7.229 7.229 7.229 7.229 6.229 2.229 0.000 0.000 0.000 0.000 0.000 0.000 0.000 0.000 0.000 0.000 0.000 0.000 0.000 0.000 0.000 0.000 0.000 0.000 0.000 0.000 0.000 0.000 0.000 0.000 0.000 0.000 0.000 0.000
13.232 13.232 13.232 13.232 12.232 12.232 12.232 12.232 12.232 12.232 12.231 12.231 12.231 12.231 12.231 12.231 12.231 12.231 12.231 11.231 11.231 11.230 11.230 10.230 10.230 10.230 10.230 9.230 9.230 9.230 9.230 8.229 8.229 8.229 8.229 7.229 7.229 7.229 7.229 7.229 7.229 7.229 7.229 7.229 7.229 7.229 6.228 1.228 0.000 0.000 0.000 0.000 0.000 0.000 0.000 0.000 0.000 0.000 0.000 0.000 0.000 0.000 0.000 0.000 0.000 0.000 0.000 0.000 0.000 0.000 0.000 0.000 0.000 0.000 0.000 0.000
13.232 13.232 13.232 13.232 13.232 12.232 12.232 12.232 12.232 12.232 12.231 12.231 12.231 12.231 12.231 12.231 12.231 12.231 12.231 11.231 11.231 11.230 11.230 10.230 10.230 10.230 10.230 9.230 9.230 9.230 9.230 8.229 8.229 8.229 8.229 7.229 7.229 7.229 7.229 7.229 7.229 7.229 7.229 7.229 7.229 7.229 3.228 0.000 0.000 0.000 0.000 0.000 0.000 0.000 0.000 0.000 0.000 0.000 0.000 0.000 0.000 0.000 0.000 0.000 0.000 0.000 0.000 0.000 0.000 0.000 0.000 0.000 0.000 0.000 0.000 0.000
13.232 13.232 13.232 13.232 13.232 13.232 12.232 12.232 12.232 12.231 12.231 12.231 12.231 12.231 12.231 12.231 12.231 12.231 12.231 11.231 11.231 11.230 11.230 10.230 10.230 10.230 10.230 9.230 9.230 9.230 9.230 8.230 8.229 8.229 8.229 7.229 7.229 7.229 7.229 7.229 7.229 7.229 7.229 7.229 7.229 6.229 1.228 0.000 0.000 0.000 0.000 0.000 0.000 0.000 0.000 0.000 0.000 0.000 0.000 0.000 0.000 0.000 0.000 0.000 0.000 0.000 0.000 0.000 0.000 0.000 0.000 0.000 0.000 0.000 0.000 0.000
13.232 13.232 13.232 13.232 13.232 13.232 13.232 12.232 12.232 12.231 12.231 12.231 12.231 12.231 12.231 12.231 12.231 12.231 12.231 11.231 11.231 11.230 11.230 10.230 10.230 10.230 10.230 9.230 9.230 9.230 9.230 8.230 8.229 8.229 8.229 7.229 7.229 7.229 7.229 7.229 7.229 7.229 7.229 7.229 7.229 4.229 0.000 0.000 0.000 0.000 0.000 0.000 0.000 0.000 0.000 0.000 0.000 0.000 0.000 0.000 0.000 0.000 0.000 0.000 0.000 0.000 0.000 0.000 0.000 0.000 0.000 0.000 0.000 0.000 0.000 0.000
13.232 13.232 13.232 13.232 13.232 13.232 13.232 13.232 12.232 12.231 12.231 12.231 12.231 12.231 12.231 12.231 12.231 12.231 12.231 12.231 11.231 11.230 11.230 11.230 10.230 10.230 10.230 10.230 9.230 9.230 9.230 9.230 8.230 8.229 8.229 7.229 7.229 7.229 7.229 7.229 7.229 7.229 7.229 7.229 7.229 5.229 0.000 0.000 0.000 0.000 0.000 0.000 0.000 0.000 0.000 0.000 0.000 0.000 0.000 0.000 0.000 0.000 0.000 0.000 0.000 0.000 0.000 0.000 0.000 0.000 0.000 0.000 0.000 0.000 0.000 0.000
13.232 13.232 13.232 13.232 13.232 13.232 13.232 13.232 13.232 12.231 12.231 12.231 12.231 12.231 12.231 12.231 12.231 12.231 12.231 12.231 11.231 11.230 11.230 11.230 10.230 10.230 10.230 10.230 9.230 9.230 9.230 9.230 8.230 8.229 8.229 7.229 7.229 7.229 7.229 7.229 7.229 7.229 7.229 7.229 7.229 4.229 0.227 0.000 0.000 0.000 0.000 0.000 0.000 0.000 0.000 0.000 0.000 0.000 0.000 0.000 0.000 0.000 0.000 0.000 0.000 0.000 0.000 0.000 0.000 0.000 0.000 0.000 0.000 0.000 0.000 0.000
13.232 13.232 13.232 13.232 13.232 13.232 13.232 13.232 13.232 13.231 12.231 12.231 12.231 12.231 12.231 12.231 12.231 12.231 12.231 12.231 11.230 11.230 11.230 11.230 10.230 10.230 10.230 10.230 9.230 9.230 9.230 9.230 8.230 8.229 8.229 7.229 7.229 7.229 7.229 7.229 7.229 7.229 7.229 7.229 3.229 0.229 0.000 0.000 0.000 0.000 0.000 0.000 0.000 0.000 0.000 0.000 0.000 0.000 0.000 0.000 0.000 0.000 0.000 0.000 0.000 0.000 0.000 0.000 0.000 0.000 0.000 0.000 0.000 0.000 0.000 0.000
13.232 13.232 13.232 13.232 13.232 13.232 13.232 13.232 13.232 13.231 13.231 12.231 12.231 12.231 12.231 12.231 12.231 12.231 12.231 12.231 11.230 11.230 11.230 11.230 10.230 10.230 10.230 10.230 9.230 9.230 9.230 9.230 8.230 8.229 8.229 7.229 7.229 7.229 7.229 7.229 7.229 7.229 7.229 7.229 4.229 1.229 0.000 0.000 0.000 0.000 0.000 0.000 0.000 0.000 0.000 0.000 0.000 0.000 0.000 0.000 0.000 0.000 0.000 0.000 0.000 0.000 0.000 0.000 0.000 0.000 0.000 0.000 0.000 0.000 0.000 0.000
13.232 13.232 13.232 13.232 13.232 13.232 13.232 13.232 13.232 13.231 12.231 12.231 12.231 12.231 12.231 12.231 12.231 12.231 12.231 12.231 11.230 11.230 11.230 11.230 10.230 10.230 10.230 9.230 9.230 9.230 9.230 8.230 8.229 8.229 8.229 7.229 7.229 7.229 7.229 7.229 7.229 7.229 7.229 7.229 4.229 1.229 0.000 0.000 0.000 0.000 0.000 0.000 0.000 0.000 0.000 0.000 0.000 0.000 0.000 0.000 0.000 0.000 0.000 0.000 0.000 0.000 0.000 0.000 0.000 0.000 0.000 0.000 0.000 0.000 0.000 0.000
13.232 13.232 13.232 13.232 13.232 13.232 13.232 13.232 12.231 12.231 12.231 12.231 12.231 12.231 12.231 12.231 12.231 12.231 12.231 11.231 11.230 11.230 11.230 10.230 10.230 10.230 10.230 9.230 9.230 9.230 9.230 8.230 8.229 8.229 7.229 7.229 7.229 7.229 7.229 7.229 7.229 7.229 7.229 7.229 2.228 0.228 0.000 0.000 0.000 0.000 0.000 0.000 0.000 0.000 0.000 0.000 0.000 0.000 0.000 0.000 0.000 0.000 0.000 0.000 0.000 0.000 0.000 0.000 0.000 0.000 0.000 0.000 0.000 0.000 0.000 0.000
13.232 13.232 13.232 13.232 13.232 13.232 13.232 12.232 12.231 12.231 12.231 12.231 12.231 12.231 12.231 12.231 12.231 12.231 12.231 11.231 11.230 11.230 11.230 10.230 10.230 10.230 9.230 9.230 9.230 9.230 8.230 8.230 8.229 8.229 7.229 7.229 7.229 7.229 7.229 7.229 7.229 7.229 7.229 7.229 0.228 0.000 0.000 0.000 0.000 0.000 0.000 0.000 0.000 0.000 0.000 0.000 0.000 0.000 0.000 0.000 0.000 0.000 0.000 0.000 0.000 0.000 0.000 0.000 0.000 0.000 0.000 0.000 0.000 0.000 0.000 0.000
13.232 13.232 13.232 13.232 13.232 13.232 12.232 12.232 12.231 12.231 12.231 12.231 12.231 12.231 12.231 12.231 12.231 12.231 11.231 11.231 11.230 11.230 10.230 10.230 10.230 10.230 9.230 9.230 9.230 9.230 8.230 8.230 8.229 7.229 7.229 7.229 7.229 7.229 7.229 7.229 7.229 7.229 7.229 2.229 0.228 0.000 0.000 0.000 0.000 0.000 0.000 0.000 0.000 0.000 0.000 0.000 0.000 0.000 0.000 0.000 0.000 0.000 0.000 0.000 0.000 0.000 0.000 0.000 0.000 0.000 0.000 0.000 0.000 0.000 0.000 0.000
13.232 13.232 13.232 13.232 13.232 12.232 12.232 12.232 12.231 12.231 12.231 12.231 12.231 12.231 12.231 12.231 12.231 11.231 11.231 11.231 11.230 11.230 10.230 10.230 10.230 9.230 9.230 9.230 9.230 8.230 8.230 8.230 8.229 7.229 7.229 7.229 7.229 7.229 7.229 7.229 7.229 7.229 7.229 2.229 0.000 0.000 0.000 0.000 0.000 0.000 0.000 0.000 0.000 0.000 0.000 0.000 0.000 0.000 0.000 0.000 0.000 0.000 0.000 0.000 0.000 0.000 0.000 0.000 0.000 0.000 0.000 0.000 0.000 0.000 0.000 0.000
13.232 13.232 13.232 13.232 13.232 12.232 12.232 12.232 12.231 12.231 12.231 12.231 12.231 12.231 12.231 11.231 11.231 11.231 11.231 11.231 11.230 10.230 10.230 10.230 10.230 9.230 9.230 9.230 9.230 8.230 8.230 8.230 7.229 7.229 7.229 7.229 7.229 7.229 7.229 7.229 7.229 7.229 2.229 0.228 0.000 0.000 0.000 0.000 0.000 0.000 0.000 0.000 0.000 0.000 0.000 0.000 0.000 0.000 0.000 0.000 0.000 0.000 0.000 0.000 0.000 0.000 0.000 0.000 0.000 0.000 0.000 0.000 0.000 0.000 0.000 0.000
13.232 13.232 13.232 13.232 12.232 12.232 12.232 12.232 12.231 12.231 12.231 12.231 12.231 12.231 11.231 11.231 11.231 11.231 11.231 11.231 11.231 10.230 10.230 10.230 9.230 9.230 9.230 9.230 8.230 8.230 8.230 8.229 7.229 7.229 7.229 7.229 7.229 7.229 7.229 7.229 7.229 7.229 0.000 0.000 0.000 0.000 0.000 0.000 0.000 0.000 0.000 0.000 0.000 0.000 0.000 0.000 0.000 0.000 0.000 0.000 0.000 0.000 0.000 0.000 0.000 0.000 0.000 0.000 0.000 0.000 0.000 0.000 0.000 0.000 0.000 0.000
12.232 12.232 12.232 12.232 12.232 12.232 12.232 12.232 12.231 12.231 12.231 12.231 12.231 11.231 11.231 11.231 11.231 11.231 11.231 11.231 10.230 10.230 10.230 10.230 9.230 9.230 9.230 9.230 8.230 8.230 8.229 7.229 7.229 7.229 7.229 7.229 7.229 7.229 7.229 7.229 7.229 7.229 0.000 0.000 0.000 0.000 0.000 0.000 0.000 0.000 0.000 0.000 0.000 0.000 0.000 0.000 0.000 0.000 0.000 0.000 0.000 0.000 0.000 0.000 0.000 0.000 0.000 0.000 0.000 0.000 0.000 0.000 0.000 0.000 0.000 0.000
12.232 12.232 12.232 12.232 12.232 12.232 12.232 12.232 12.231 12.231 12.231 12.231 11.231 11.231 11.231 11.231 11.231 11.231 11.231 11.231 10.230 10.230 10.230 9.230 9.230 9.230 9.230 8.230 8.230 8.230 8.229 7.229 7.229 7.229 7.229 7.229 7.229 7.229 7.229 7.229 7.229 0.000 0.000 0.000 0.000 0.000 0.000 0.000 0.000 0.000 0.000 0.000 0.000 0.000 0.000 0.000 0.000 0.000 0.000 0.000 0.000 0.000 0.000 0.000 0.000 0.000 0.000 0.000 0.000 0.000 0.000 0.000 0.000 0.000 0.000 0.000
12.232 12.232 12.232 12.232 12.232 12.232 12.232 12.232 12.231 12.231 12.231 11.231 11.231 11.231 11.231 11.231 11.231 11.231 11.231 10.231 10.230 10.230 10.230 9.230 9.230 9.230 9.230 8.230 8.230 8.229 7.229 7.229 7.229 7.229 7.229 7.229 7.229 7.229 7.229 7.229 7.229 0.000 0.000 0.000 0.000 0.000 0.000 0.000 0.000 0.000 0.000 0.000 0.000 0.000 0.000 0.000 0.000 0.000 0.000 0.000 0.000 0.000 0.000 0.000 0.000 0.000 0.000 0.000 0.000 0.000 0.000 0.000 0.000 0.000 0.000 0.000
12.232 12.232 12.232 12.232 12.232 12.232 12.232 12.232 12.231 12.231 11.231 11.231 11.231 11.231 11.231 11.231 11.231 11.231 11.231 10.230 10.230 10.230 9.230 9.230 9.230 9.230 8.230 8.230 8.230 8.229 7.229 7.229 7.229 7.229 7.229 7.229 7.229 7.229 7.229 7.229 2.229 0.000 0.000 0.000 0.000 0.000 0.000 0.000 0.000 0.000 0.000 0.000 0.000 0.000 0.000 0.000 0.000 0.000 0.000 0.000 0.000 0.000 0.000 0.000 0.000 0.000 0.000 0.000 0.000 0.000 0.000 0.000 0.000 0.000 0.000 0.000
12.232 12.232 12.232 12.232 12.232 12.232 12.232 12.232 12.231 11.231 11.231 11.231 11.231 11.231 11.231 11.231 11.231 11.231 10.231 10.230 10.230 10.230 9.230 9.230 9.230 9.230 8.230 8.230 8.230 7.230 7.229 7.229 7.229 7.229 7.229 7.229 7.229 7.229 6.229 2.229 0.229 0.000 0.000 0.000 0.000 0.000 0.000 0.000 0.000 0.000 0.000 0.000 0.000 0.000 0.000 0.000 0.000 0.000 0.000 0.000 0.000 0.000 0.000 0.000 0.000 0.000 0.000 0.000 0.000 0.000 0.000 0.000 0.000 0.000 0.000 0.000
12.232 12.232 12.232 12.232 12.232 12.232 12.232 12.232 12.231 11.231 11.231 11.231 11.231 11.231 11.231 11.231 11.231 10.231 10.231 10.230 10.230 9.230 9.230 9.230 9.230 8.230 8.230 8.230 8.230 7.230 7.229 7.229 7.229 7.229 7.229 7.229 7.229 7.229 0.229 0.000 0.000 0.000 0.000 0.000 0.000 0.000 0.000 0.000 0.000 0.000 0.000 0.000 0.000 0.000 0.000 0.000 0.000 0.000 0.000 0.000 0.000 0.000 0.000 0.000 0.000 0.000 0.000 0.000 0.000 0.000 0.000 0.000 0.000 0.000 0.000 0.000
12.232 12.232 12.232 12.232 12.232 12.232 12.232 12.232 11.231 11.231 11.231 11.231 11.231 11.231 11.231 11.231 10.231 10.231 10.231 10.230 10.230 9.230 9.230 9.230 9.230 8.230 8.230 8.230 7.230 7.230 7.230 7.229 7.229 7.229 7.229 7.229 7.229 7.229 0.000 0.000 0.000 0.000 0.000 0.000 0.000 0.000 0.000 0.000 0.000 0.000 0.000 0.000 0.000 0.000 0.000 0.000 0.000 0.000 0.000 0.000 0.000 0.000 0.000 0.000 0.000 0.000 0.000 0.000 0.000 0.000 0.000 0.000 0.000 0.000 0.000 0.000
12.232 12.232 12.232 12.232 12.232 12.232 12.232 11.232 11.231 11.231 11.231 11.231 11.231 11.231 11.231 10.231 10.231 10.231 10.231 10.230 9.230 9.230 9.230 9.230 8.230 8.230 8.230 8.230 7.230 7.230 7.230 7.230 7.229 7.229 7.229 7.229 7.229 0.000 0.000 0.000 0.000 0.000 0.000 0.000 0.000 0.000 0.000 0.000 0.000 0.000 0.000 0.000 0.000 0.000 0.000 0.000 0.000 0.000 0.000 0.000 0.000 0.000 0.000 0.000 0.000 0.000 0.000 0.000 0.000 0.000 0.000 0.000 0.000 0.000 0.000 0.000
12.232 12.232 12.232 12.232 12.232 12.232 11.232 11.232 11.231 11.231 11.231 11.231 11.231 11.231 10.231 10.231 10.231 10.231 10.231 10.230 9.230 9.230 9.230 9.230 8.230 8.230 8.230 8.230 7.230 7.230 7.230 7.230 7.230 7.229 7.229 7.229 0.000 0.000 0.000 0.000 0.000 0.000 0.000 0.000 0.000 0.000 0.000 0.000 0.000 0.000 0.000 0.000 0.000 0.000 0.000 0.000 0.000 0.000 0.000 0.000 0.000 0.000 0.000 0.000 0.000 0.000 0.000 0.000 0.000 0.000 0.000 0.000 0.000 0.000 0.000 0.000
12.232 12.232 12.232 12.232 12.232 11.232 11.232 11.231 11.231 11.231 11.231 11.231 11.231 10.231 10.231 10.231 10.231 10.231 10.231 9.230 9.230 9.230 9.230 8.230 8.230 8.230 8.230 7.230 7.230 7.230 7.230 7.230 7.230 7.230 7.230 1.229 0.000 0.000 0.000 0.000 0.000 0.000 0.000 0.000 0.000 0.000 0.000 0.000 0.000 0.000 0.000 0.000 0.000 0.000 0.000 0.000 0.000 0.000 0.000 0.000 0.000 0.000 0.000 0.000 0.000 0.000 0.000 0.000 0.000 0.000 0.000 0.000 0.000 0.000 0.000 0.000
12.232 12.232 12.232 12.232 11.232 11.232 11.232 11.231 11.231 11.231 11.231 11.231 10.231 10.231 10.231 10.231 10.231 10.231 10.231 9.230 9.230 9.230 9.230 8.230 8.230 8.230 8.230 7.230 7.230 7.230 7.230 7.230 7.230 7.230 7.230 1.230 0.000 0.000 0.000 0.000 0.000 0.000 0.000 0.000 0.000 0.000 0.000 0.000 0.000 0.000 0.000 0.000 0.000 0.000 0.000 0.000 0.000 0.000 0.000 0.000 0.000 0.000 0.000 0.000 0.000 0.000 0.000 0.000 0.000 0.000 0.000 0.000 0.000 0.000 0.000 0.000
12.232 12.232 11.232 11.232 11.232 11.232 11.232 11.231 11.231 11.231 11.231 10.231 10.231 10.231 10.231 10.231 10.231 10.231 9.230 9.230 9.230 9.230 8.230 8.230 8.230 8.230 7.230 7.230 7.230 7.230 7.230 7.230 7.230 7.230 4.230 0.228 0.000 0.000 0.000 0.000 0.000 0.000 0.000 0.000 0.000 0.000 0.000 0.000 0.000 0.000 0.000 0.000 0.000 0.000 0.000 0.000 0.000 0.000 0.000 0.000 0.000 0.000 0.000 0.000 0.000 0.000 0.000 0.000 0.000 0.000 0.000 0.000 0.000 0.000 0.000 0.000
11.232 11.232 11.232 11.232 11.232 11.232 11.232 11.231 11.231 11.231 10.231 10.231 10.231 10.231 10.231 10.231 10.231 9.231 9.230 9.230 9.230 9.230 8.230 8.230 8.230 8.230 7.230 7.230 7.230 7.230 7.230 7.230 7.230 7.230 4.230 0.228 0.000 0.000 0.000 0.000 0.000 0.000 0.000 0.000 0.000 0.000 0.000 0.000 0.000 0.000 0.000 0.000 0.000 0.000 0.000 0.000 0.000 0.000 0.000 0.000 0.000 0.000 0.000 0.000 0.000 0.000 0.000 0.000 0.000 0.000 0.000 0.000 0.000 0.000 0.000 0.000
11.232 11.232 11.232 11.232 11.232 11.232 11.232 11.231 11.231 10.231 10.231 10.231 10.231 10.231 10.231 10.231 9.231 9.231 9.230 9.230 9.230 8.230 8.230 8.230 8.230 8.230 7.230 7.230 7.230 7.230 7.230 7.230 7.230 7.230 3.229 0.229 0.000 0.000 0.000 0.000 0.000 0.000 0.000 0.000 0.000 0.000 0.000 0.000 0.000 0.000 0.000 0.000 0.000 0.000 0.000 0.000 0.000 0.000 0.000 0.000 0.000 0.000 0.000 0.000 0.000 0.000 0.000 0.000 0.000 0.000 0.000 0.000 0.000 0.000 0.000 0.000
11.232 11.232 11.232 11.232 11.232 11.232 11.232 11.231 10.231 10.231 10.231 10.231 10.231 10.231 10.231 9.231 9.231 9.231 9.230 9.230 9.230 8.230 8.230 8.230 8.230 7.230 7.230 7.230 7.230 7.230 7.230 7.230 7.230 2.230 0.000 0.000 0.000 0.000 0.000 0.000 0.000 0.000 0.000 0.000 0.000 0.000 0.000 0.000 0.000 0.000 0.000 0.000 0.000 0.000 0.000 0.000 0.000 0.000 0.000 0.000 0.000 0.000 0.000 0.000 0.000 0.000 0.000 0.000 0.000 0.000 0.000 0.000 0.000 0.000 0.000 0.000
11.232 11.232 11.232 11.232 11.232 11.232 11.232 10.231 10.231 10.231 10.231 10.231 10.231 10.231 9.231 9.231 9.231 9.231 9.231 9.230 8.230 8.230 8.230 8.230 8.230 7.230 7.230 7.230 7.230 7.230 7.230 7.230 7.230 0.230 0.000 0.000 0.000 0.000 0.000 0.000 0.000 0.000 0.000 0.000 0.000 0.000 0.000 0.000 0.000 0.000 0.000 0.000 0.000 0.000 0.000 0.000 0.000 0.000 0.000 0.000 0.000 0.000 0.000 0.000 0.000 0.000 0.000 0.000 0.000 0.000 0.000 0.000 0.000 0.000 0.000 0.000
11.232 11.232 11.232 11.232 11.232 11.232 10.232 10.231 10.231 10.231 10.231 10.231 10.231 9.231 9.231 9.231 9.231 9.231 9.231 9.230 8.230 8.230 8.230 8.230 7.230 7.230 7.230 7.230 7.230 7.230 7.230 7.230 0.000 0.000 0.000 0.000 0.000 0.000 0.000 0.000 0.000 0.000 0.000 0.000 0.000 0.000 0.000 0.000 0.000 0.000 0.000 0.000 0.000 0.000 0.000 0.000 0.000 0.000 0.000 0.000 0.000 0.000 0.000 0.000 0.000 0.000 0.000 0.000 0.000 0.000 0.000 0.000 0.000 0.000 0.000 0.000
