includes/mahajanga_coast/floodfiles/results/res-0012.wd
ncols         269
nrows         308
xllcorner     384108.384600
yllcorner     1149646.260900
cellsize      30.000000
NODATA_value  -9999.000000
[rows 231 to 263 of 308, columns 152 to 227 of 269]
0.000 0.000 0.000 0.000 0.000 0.000 0.000 0.000 0.000 0.553 2.553 2.553 2.553 2.553 2.553 3.553 2.553 1.553 0.553 0.000 0.000 1.553 4.553 4.553 4.553 2.553 0.000 0.000 0.000 0.000 0.000 0.000 0.000 0.000 0.000 0.000 0.000 0.000 0.000 0.000 0.000 0.000 0.000 0.000 0.000 0.000 0.000 0.000 0.000 0.000 0.000 0.000 0.000 0.000 0.000 0.000 0.000 0.000 0.000 0.000 0.000 0.000 0.000 0.000 0.000 0.000 0.000 0.000 0.000 0.000 0.000 0.000 0.000 0.000 0.000 0.000
0.000 0.000 0.000 0.000 0.000 0.000 0.000 0.000 0.000 0.553 2.553 2.553 2.553 2.553 2.553 3.553 2.553 1.553 0.553 0.000 0.000 1.553 4.553 4.553 4.553 2.553 0.000 0.000 0.000 0.000 0.000 0.000 0.000 0.000 0.000 0.000 0.000 0.000 0.000 0.000 0.000 0.000 0.000 0.000 0.000 0.000 0.000 0.000 0.000 0.000 0.000 0.000 0.000 0.000 0.000 0.000 0.000 0.000 0.000 0.000 0.000 0.000 0.000 0.000 0.000 0.000 0.000 0.000 0.000 0.000 0.000 0.000 0.000 0.000 0.000 0.000
0.000 0.000 0.000 0.000 0.000 0.000 0.000 0.000 0.000 0.553 3.553 3.553 2.553 2.553 3.553 4.553 3.553 2.553 1.553 0.000 0.000 1.553 4.553 4.553 4.553 2.553 0.000 0.000 0.000 0.000 0.000 0.000 0.000 0.000 0.000 0.000 0.000 0.000 0.000 0.000 0.000 0.000 0.000 0.000 0.000 0.000 0.000 0.000 0.000 0.000 0.000 0.000 0.000 0.000 0.000 0.000 0.000 0.000 0.000 0.000 0.000 0.000 0.000 0.000 0.000 0.000 0.000 0.000 0.000 0.000 0.000 0.000 0.000 0.000 0.000 0.000
0.000 0.000 0.550 0.550 0.550 0.000 0.550 0.000 0.000 0.000 2.553 2.553 1.553 2.553 3.553 3.553 2.553 2.553 1.553 0.553 0.553 2.553 4.553 3.553 3.553 3.553 1.553 0.000 0.000 0.000 0.000 0.000 0.000 0.000 0.000 0.000 0.000 0.000 0.000 0.000 0.000 0.000 0.000 0.000 0.000 0.000 0.000 0.000 0.000 0.000 0.000 0.000 0.000 0.000 0.000 0.000 0.000 0.000 0.000 0.000 0.000 0.000 0.000 0.000 0.000 0.000 0.000 0.000 0.000 0.000 0.000 0.000 0.000 0.000 0.000 0.000
0.550 0.000 1.550 1.550 0.550 0.550 0.550 0.000 0.000 0.000 1.553 1.553 0.553 0.553 1.553 3.553 3.553 3.553 2.553 1.553 2.553 4.553 6.553 5.553 2.553 3.553 3.553 1.553 0.000 0.000 0.000 0.000 0.000 0.000 0.000 0.000 0.000 0.000 0.000 0.000 0.000 0.000 0.000 0.000 0.000 0.000 0.000 0.000 0.000 0.000 0.000 0.000 0.000 0.000 0.000 0.000 0.000 0.000 0.000 0.000 0.000 0.000 0.000 0.000 0.000 0.000 0.000 0.000 0.000 0.000 0.000 0.000 0.000 0.000 0.000 0.000
1.550 0.550 1.550 1.550 1.550 0.550 0.000 0.000 0.000 0.000 2.553 2.553 1.553 1.553 2.553 3.553 3.553 2.553 3.553 3.553 4.553 7.553 9.553 6.553 2.553 1.553 4.553 3.553 1.553 1.553 1.553 0.553 0.000 0.000 0.000 0.000 0.000 0.000 0.000 0.000 0.000 0.000 0.000 0.000 0.000 0.000 0.000 0.000 0.000 0.000 0.000 0.000 0.000 0.000 0.000 0.000 0.000 0.000 0.000 0.000 0.000 0.000 0.000 0.000 0.000 0.000 0.000 0.000 0.000 0.000 0.000 0.000 0.000 0.000 0.000 0.000
1.550 0.550 1.550 2.550 2.550 2.550 0.551 0.000 0.000 0.553 2.553 3.553 3.553 3.553 2.553 1.553 0.553 0.553 1.553 3.553 6.553 8.553 10.553 6.553 2.553 1.553 2.553 2.553 3.553 2.553 1.553 1.553 0.000 0.000 0.000 0.000 0.000 0.000 0.000 0.000 0.000 0.000 0.000 0.000 0.000 0.000 0.000 0.000 0.000 0.000 0.000 0.000 0.000 0.000 0.000 0.000 0.000 0.000 0.000 0.000 0.000 0.000 0.000 0.000 0.000 0.000 0.000 0.000 0.000 0.000 0.000 0.000 0.000 0.000 0.000 0.000
0.550 0.000 0.550 2.550 3.550 3.551 0.551 0.000 0.000 0.000 1.553 2.553 4.553 4.553 1.553 0.000 0.000 0.000 1.553 3.553 4.553 6.553 7.553 6.553 2.553 2.553 1.553 2.553 1.553 0.553 1.553 2.553 0.553 0.000 0.000 0.000 0.000 0.000 0.000 0.000 0.000 0.000 0.000 0.000 0.000 0.000 0.000 0.000 0.000 0.000 0.000 0.000 0.000 0.000 0.000 0.000 0.000 0.000 0.557 0.000 0.000 0.000 0.000 0.000 0.000 0.000 0.000 0.000 0.000 0.000 0.000 0.000 0.000 0.000 0.000 0.000
0.550 0.550 0.551 2.551 3.551 3.551 0.551 0.000 0.000 0.000 1.552 1.553 3.553 3.553 1.553 0.000 0.000 0.553 1.553 2.553 4.553 4.553 4.553 4.553 5.553 3.553 2.553 2.553 2.553 1.553 2.553 4.553 2.553 0.000 0.000 0.000 0.000 0.553 0.553 0.000 0.000 0.000 0.000 0.000 0.000 0.000 0.000 0.000 0.000 0.000 0.000 1.556 1.556 0.556 0.000 0.000 0.000 0.557 1.557 0.557 0.000 0.000 1.558 1.557 0.557 1.557 1.557 0.000 0.000 0.000 0.000 0.000 0.000 0.000 0.000 0.000
0.000 0.550 0.551 1.551 2.551 2.551 0.551 0.000 0.552 1.552 2.553 1.553 3.552 3.552 1.553 0.553 0.000 0.000 1.553 2.553 3.553 3.553 2.553 3.553 5.553 7.553 3.553 2.553 3.553 3.553 4.553 4.553 3.553 0.553 0.000 0.000 0.000 0.553 0.553 0.553 0.000 0.000 0.000 0.000 0.000 0.000 0.000 0.000 0.000 0.000 0.000 0.556 2.556 1.556 0.556 0.000 0.000 0.557 1.557 1.557 0.557 1.557 2.556 2.555 0.557 4.557 3.557 0.557 0.000 0.000 0.000 0.000 0.000 0.000 0.559 1.559
0.550 0.550 0.000 0.551 1.551 1.551 0.551 0.552 1.552 3.552 3.552 1.552 3.552 2.552 0.553 0.000 0.000 0.000 1.553 2.553 3.553 3.553 2.553 1.553 7.553 7.553 7.553 7.553 3.553 3.553 3.553 4.553 3.553 0.553 0.000 0.000 0.553 1.553 1.553 0.553 1.554 1.554 0.000 0.000 0.000 0.000 0.000 0.000 0.000 0.000 0.000 0.000 0.556 2.556 2.556 0.556 0.000 0.557 1.557 1.557 0.557 0.000 0.557 0.557 0.000 2.557 2.557 0.000 1.557 1.557 0.000 0.557 0.000 0.000 0.000 1.559
0.550 0.550 0.000 0.000 0.552 0.552 1.552 2.552 4.552 4.552 3.552 1.552 2.552 2.552 0.552 0.000 0.000 0.553 2.553 3.553 4.553 4.553 2.553 0.000 0.553 7.553 7.553 7.553 7.553 7.553 2.553 3.553 3.553 1.553 0.000 0.553 2.553 2.553 1.553 1.553 2.554 2.554 1.554 0.000 0.000 0.000 0.000 0.000 0.000 0.000 0.000 0.000 0.556 2.556 2.556 2.556 0.556 0.557 1.557 2.557 1.557 1.557 1.557 0.557 1.557 3.557 1.557 0.557 1.557 2.557 1.557 1.557 0.000 0.000 0.000 0.000
0.000 0.000 0.000 0.000 0.552 1.552 3.552 5.552 5.552 4.552 1.552 0.552 2.552 3.552 1.552 0.553 0.553 1.553 2.553 3.553 4.553 4.553 1.553 0.553 1.553 7.553 7.553 7.553 7.553 7.553 7.553 7.553 2.553 2.553 1.553 1.553 2.553 2.554 0.554 0.554 1.554 2.554 2.554 1.554 0.000 0.000 0.000 0.555 0.555 0.555 0.000 0.556 1.556 2.556 2.556 2.556 0.556 0.557 1.557 2.557 3.557 3.557 2.557 2.557 3.557 4.557 2.557 1.557 1.557 2.557 2.557 0.557 0.557 0.000 0.000 0.558
0.000 0.000 0.000 0.552 2.552 2.552 3.552 4.552 4.552 4.552 2.552 1.552 1.552 2.552 3.552 2.553 1.553 1.553 2.553 2.553 3.553 4.553 1.553 2.553 2.553 7.553 7.553 7.553 7.553 7.553 7.553 7.553 7.553 2.553 1.553 1.553 2.553 1.553 0.553 0.554 1.554 1.554 1.554 2.554 1.554 0.554 1.554 3.555 2.555 1.555 0.555 1.556 2.556 2.556 2.556 2.556 0.556 0.557 0.557 2.557 2.557 3.557 4.557 3.557 3.557 3.557 1.557 0.557 1.557 2.557 2.557 1.557 1.557 1.557 1.558 2.558
0.000 0.000 0.000 2.552 2.552 2.552 2.552 2.552 3.552 3.552 4.552 2.552 0.552 1.552 2.552 1.553 0.553 0.553 1.553 1.553 1.553 3.553 3.553 2.553 3.553 4.553 7.553 7.553 7.553 7.553 7.553 7.553 7.553 7.553 1.553 0.553 2.553 2.553 0.554 0.554 1.554 1.554 1.554 3.554 3.554 1.554 2.554 3.554 3.554 1.555 0.555 1.556 2.556 3.556 2.556 2.556 1.556 0.556 0.557 1.557 2.556 2.557 2.557 2.557 1.557 1.557 0.557 0.557 1.557 2.557 2.557 1.557 1.557 2.557 2.558 4.558
0.551 1.551 1.552 1.552 1.552 1.552 1.552 3.552 3.552 3.552 3.552 2.552 0.552 0.552 1.552 0.553 0.000 0.000 0.553 1.553 0.553 2.553 3.553 1.553 1.553 2.553 7.553 7.553 7.553 7.553 7.553 7.553 7.553 7.553 7.553 1.553 1.554 2.554 2.554 1.554 1.554 2.554 2.554 3.554 3.554 3.554 3.554 3.554 2.554 0.554 0.000 0.556 2.556 2.556 2.556 1.556 1.556 1.556 1.556 2.556 2.557 1.557 1.557 0.557 0.557 0.557 0.557 1.557 2.557 2.557 2.557 1.557 1.557 2.557 2.558 3.558
1.551 1.551 0.551 0.552 0.552 0.552 2.552 3.552 3.552 2.552 1.552 0.000 0.000 0.000 0.552 0.000 0.000 0.000 0.553 1.553 0.553 1.553 2.553 1.553 0.000 1.553 7.553 7.553 7.553 7.553 7.553 7.553 7.553 7.553 7.553 7.554 2.554 2.554 3.554 3.554 3.554 3.554 4.554 4.554 3.554 3.554 4.554 3.554 1.554 0.000 0.000 0.000 1.556 1.556 2.556 2.556 2.556 1.556 2.556 2.556 1.556 1.557 1.557 1.557 0.557 0.557 1.557 1.557 1.557 2.557 1.557 1.557 0.557 1.557 2.558 2.558
1.551 0.551 0.551 0.551 1.552 1.552 2.552 3.552 4.552 2.552 1.552 0.552 0.000 0.000 1.552 0.000 0.000 0.552 0.553 0.553 1.553 1.553 1.553 1.553 1.553 3.553 7.553 7.553 7.553 7.553 7.553 7.553 7.553 7.553 7.554 7.554 3.554 3.554 3.554 4.554 3.554 3.554 3.554 3.554 3.554 3.554 4.554 4.554 0.554 0.000 0.000 0.000 0.000 0.556 2.556 2.556 3.556 2.556 2.556 2.556 1.556 1.556 2.556 2.557 1.557 1.557 2.557 1.557 1.557 2.557 2.557 1.557 1.557 1.557 2.558 2.558
3.551 2.551 1.551 1.552 2.552 1.552 0.552 2.552 3.552 3.552 3.552 3.552 0.552 0.552 2.552 0.552 0.552 1.552 1.553 0.553 0.553 0.553 1.553 2.553 3.553 4.553 7.553 7.553 7.553 7.553 7.553 7.553 7.553 7.553 7.554 7.554 7.554 7.554 4.554 3.554 2.554 3.554 3.554 3.554 2.554 2.554 4.554 4.554 1.555 0.555 0.000 0.000 0.556 0.556 1.556 1.556 2.556 3.556 2.556 2.556 2.556 2.556 2.556 3.557 2.557 2.557 3.557 2.557 2.557 3.557 3.557 2.557 1.557 1.557 2.557 2.558
4.551 4.551 2.551 1.552 2.552 1.552 0.552 1.552 3.552 4.552 4.552 4.552 3.552 1.552 1.552 2.552 3.552 2.552 2.552 1.553 0.553 0.553 0.553 1.553 2.553 3.553 7.553 7.553 7.553 7.553 7.553 7.553 7.554 7.554 7.554 7.554 7.554 7.554 7.554 7.554 2.554 4.554 4.554 2.554 2.554 1.554 3.554 4.555 3.555 2.555 1.555 0.555 2.555 1.555 0.556 0.556 2.556 4.556 2.556 1.556 2.556 2.556 3.556 3.556 2.556 2.557 2.557 3.557 4.557 4.557 4.557 3.557 2.557 1.557 1.557 2.558
4.551 3.551 7.552 7.552 7.552 7.552 7.552 7.552 7.552 7.552 7.552 7.552 3.552 2.552 2.552 4.552 4.552 2.553 2.552 2.552 0.553 0.553 1.553 0.553 1.553 0.553 7.553 7.553 7.553 7.553 7.553 7.553 7.554 7.554 7.554 7.554 7.554 7.554 7.554 7.554 7.554 7.554 7.554 3.554 2.554 0.554 1.554 4.555 4.555 4.555 2.555 1.555 3.555 2.555 0.556 0.556 1.556 3.556 2.556 1.556 2.556 2.556 2.556 3.556 3.556 2.557 1.557 2.557 3.557 4.557 4.557 3.557 2.557 0.557 0.000 1.557
7.551 7.552 7.552 7.552 7.552 7.552 7.552 7.552 7.552 7.552 7.552 7.552 7.552 7.552 7.552 5.552 4.552 0.552 0.000 2.553 1.553 0.553 0.553 0.553 1.553 2.553 7.553 7.553 7.553 7.553 7.553 7.553 7.554 7.554 7.554 7.554 7.554 7.554 7.554 7.554 7.554 7.554 7.554 7.554 7.554 2.554 3.554 3.555 3.555 4.555 3.555 1.555 1.555 1.555 1.555 2.556 2.556 3.556 2.556 2.556 2.556 2.556 2.556 3.556 3.556 2.556 1.557 0.557 3.557 3.557 3.557 2.557 2.557 1.557 0.000 1.558
7.551 7.552 7.552 7.552 7.552 7.552 7.552 7.552 7.552 7.552 7.552 7.552 7.552 7.552 7.552 7.552 5.552 0.000 0.000 1.553 1.553 0.553 0.000 0.553 2.553 3.553 7.553 7.553 7.553 7.553 7.553 7.553 7.554 7.554 7.554 7.554 7.554 7.554 7.554 7.554 7.554 7.554 7.554 7.554 7.554 7.554 7.554 7.555 7.555 7.555 7.555 7.555 7.555 0.555 1.555 4.555 4.556 2.556 1.556 2.556 3.556 3.556 3.556 4.556 4.556 3.556 1.557 0.557 1.557 3.557 1.557 1.557 2.557 4.557 3.557 2.557
7.552 7.552 7.552 7.552 7.552 7.552 7.552 7.552 7.552 7.552 7.552 7.552 7.552 7.552 7.552 7.552 7.552 0.000 0.000 0.553 1.553 0.553 0.000 0.553 2.553 4.553 7.553 7.553 7.553 7.553 7.553 7.553 7.553 7.553 7.554 7.554 7.554 7.554 7.554 7.554 7.554 7.554 7.554 7.554 7.554 7.554 7.554 7.555 7.555 7.555 7.555 7.555 7.555 7.555 7.555 7.555 7.555 7.556 2.556 1.556 3.556 4.556 3.556 3.556 3.556 3.556 2.556 0.557 1.557 2.557 0.000 0.557 3.557 5.557 5.557 3.557
7.552 7.552 7.552 7.552 7.552 7.552 7.552 7.552 7.552 7.552 7.552 7.552 7.552 7.552 7.552 7.552 7.552 7.552 7.553 7.553 7.553 7.553 7.553 7.553 3.553 7.553 7.553 7.553 7.553 7.553 7.553 7.553 7.553 7.553 7.554 7.554 7.554 7.554 7.554 7.554 7.554 7.554 7.554 7.554 7.554 7.554 7.554 7.555 7.555 7.555 7.555 7.555 7.555 7.555 7.555 7.555 7.555 7.556 7.556 7.556 7.556 7.556 7.556 1.556 2.556 3.556 2.556 1.556 3.556 1.557 0.000 1.557 3.557 4.557 4.557 4.557
7.552 7.552 7.552 7.552 7.552 7.552 7.552 7.552 7.552 7.552 7.552 7.552 7.552 7.552 7.552 7.552 7.552 7.552 7.553 7.553 7.553 7.553 7.553 7.553 7.553 7.553 7.553 7.553 7.553 7.553 7.553 7.553 7.553 7.553 7.554 7.554 7.554 7.554 7.554 7.554 7.554 7.554 7.554 7.554 7.554 7.554 7.554 7.555 7.555 7.555 7.555 7.555 7.555 7.555 7.555 7.555 7.555 7.556 7.556 7.556 7.556 7.556 7.556 7.556 7.556 7.556 7.556 7.556 7.556 2.556 1.557 3.557 4.557 3.557 5.557 5.557
7.552 7.552 7.552 7.552 7.552 7.552 7.552 7.552 7.552 7.552 7.552 7.552 7.552 7.552 7.552 7.552 7.552 7.552 7.552 7.553 7.553 7.553 7.553 7.553 7.553 7.553 7.553 7.553 7.553 7.553 7.553 7.553 7.553 7.553 7.554 7.554 7.554 7.554 7.554 7.554 7.554 7.554 7.554 7.554 7.554 7.554 7.554 7.555 7.555 7.555 7.555 7.555 7.555 7.555 7.555 7.555 7.555 7.556 7.556 7.556 7.556 7.556 7.556 7.556 7.556 7.556 7.556 7.556 7.556 7.556 7.556 5.557 5.557 5.557 3.557 5.557
7.552 7.552 7.552 7.552 7.552 7.552 7.552 7.552 7.552 7.552 7.552 7.552 7.552 7.552 7.552 7.552 7.552 7.552 7.552 7.553 7.553 7.553 7.553 7.553 7.553 7.553 7.553 7.553 7.553 7.553 7.553 7.553 7.553 7.553 7.554 7.554 7.554 7.554 7.554 7.554 7.554 7.554 7.554 7.554 7.554 7.554 7.554 7.555 7.555 7.555 7.555 7.555 7.555 7.555 7.555 7.555 7.555 7.555 7.556 7.556 7.556 7.556 7.556 7.556 7.556 7.556 7.556 7.556 7.556 7.556 7.556 7.557 6.557 6.557 4.557 2.557
7.552 7.552 7.552 7.552 7.552 7.552 7.552 7.552 7.552 7.552 7.552 7.552 7.552 7.552 7.552 7.552 7.552 7.552 7.552 7.553 7.553 7.553 7.553 7.553 7.553 7.553 7.553 7.553 7.553 7.553 7.553 7.553 7.553 7.553 7.554 7.554 7.554 7.554 7.554 7.554 7.554 7.554 7.554 7.554 7.554 7.554 7.554 7.555 7.555 7.555 7.555 7.555 7.555 7.555 7.555 7.555 7.555 7.555 7.555 7.556 7.556 7.556 7.556 7.556 7.556 7.556 7.556 7.556 7.556 7.556 7.557 6.557 6.557 7.557 5.557 1.557
7.552 7.552 7.552 7.552 7.552 7.552 7.552 7.552 7.552 7.552 7.552 7.552 7.552 7.552 7.552 7.552 7.552 7.552 7.552 7.552 7.553 7.553 7.553 7.553 7.553 7.553 7.553 7.553 7.553 7.553 7.553 7.553 7.553 7.553 7.553 7.554 7.554 7.554 7.554 7.554 7.554 7.554 7.554 7.554 7.554 7.554 7.554 7.555 7.555 7.555 7.555 7.555 7.555 7.555 7.555 7.555 7.555 7.555 7.555 7.556 7.556 7.556 7.556 7.556 7.556 7.556 7.556 7.556 7.556 7.556 7.557 6.557 5.557 5.557 4.557 2.557
7.552 7.552 7.552 7.552 7.552 7.552 7.552 7.552 7.552 7.552 7.552 7.552 7.552 7.552 7.552 7.552 7.552 7.552 7.552 7.552 7.553 7.553 7.553 7.553 7.553 7.553 7.553 7.553 7.553 7.553 7.553 7.553 7.553 7.553 7.553 7.554 7.554 7.554 7.554 7.554 7.554 7.554 7.554 7.554 7.554 7.554 7.554 7.555 7.555 7.555 7.555 7.555 7.555 7.555 7.555 7.555 7.555 7.555 7.555 7.556 7.556 7.556 7.556 7.556 7.556 7.556 7.556 3.556 7.556 7.556 3.557 4.557 4.557 4.557 4.557 3.557
7.552 7.552 7.552 7.552 7.552 7.552 7.552 7.552 7.552 7.552 7.552 7.552 7.552 7.552 7.552 7.552 7.552 7.552 7.552 7.552 7.553 7.553 7.553 7.553 7.553 7.553 7.553 7.553 7.553 7.553 7.553 7.553 7.553 7.553 7.553 7.554 7.554 7.554 7.554 7.554 7.554 7.554 7.554 7.554 7.554 7.554 7.554 7.555 7.555 7.555 7.555 7.555 7.555 7.555 7.555 7.555 7.555 7.555 7.555 7.556 7.556 7.556 7.556 7.556 7.556 7.556 1.556 3.556 3.556 2.556 1.557 3.557 3.557 3.557 4.557 4.557
7.552 7.552 7.552 7.552 7.552 7.552 7.552 7.552 7.552 7.552 7.552 7.552 7.552 7.552 7.552 7.552 7.552 7.552 7.552 7.552 7.552 7.553 7.553 7.553 7.553 7.553 7.553 7.553 7.553 7.553 7.553 7.553 7.553 7.553 7.553 7.554 7.554 7.554 7.554 7.554 7.554 7.554 7.554 7.554 7.554 7.554 7.554 7.555 7.555 7.555 7.555 7.555 7.555 7.555 7.555 7.555 7.555 7.555 7.555 7.556 7.556 7.556 5.556 4.556 4.556 2.556 1.556 3.556 4.556 2.556 0.557 1.557 2.557 4.557 5.557 4.557
