includes/mahajanga_coast/floodfiles/results/res-0012.wd
ncols         269
nrows         308
xllcorner     384108.384600
yllcorner     1149646.260900
cellsize      30.000000
NODATA_value  -9999.000000
[rows 165 to 197 of 308, columns 0 to 75 of 269]
16.550 16.550 15.550 15.550 15.550 15.550 15.551 15.551 15.551 15.551 15.551 15.551 15.551 15.551 14.551 14.551 14.551 14.551 14.552 14.552 14.552 14.552 14.552 14.552 14.552 14.552 14.552 14.552 13.552 13.552 13.553 13.553 13.553 13.553 13.553 13.553 13.553 13.553 12.553 12.553 12.553 12.554 12.554 11.554 11.554 11.554 11.554 11.554 10.554 10.554 10.555 10.555 10.555 9.555 9.555 9.555 9.555 8.556 8.556 8.556 7.556 7.556 7.556 7.556 7.557 7.557 7.557 7.557 7.557 7.557 7.557 7.558 7.558 7.558 7.558 7.558
16.550 16.550 15.550 15.550 15.550 15.550 15.551 15.551 15.551 15.551 15.551 15.551 15.551 14.551 14.551 14.551 14.551 14.551 14.552 14.552 14.552 14.552 14.552 14.552 14.552 14.552 14.552 14.552 13.552 13.552 13.553 13.553 13.553 13.553 13.553 13.553 13.553 13.553 12.553 12.553 12.553 12.554 12.554 11.554 11.554 11.554 11.554 11.554 10.554 10.554 10.555 10.555 9.555 9.555 9.555 9.555 8.555 8.556 8.556 8.556 7.556 7.556 7.556 7.556 7.557 7.557 7.557 7.557 7.557 7.557 7.557 7.558 7.558 7.558 7.558 7.558
16.550 16.550 15.550 15.550 15.550 15.550 15.551 15.551 15.551 15.551 15.551 15.551 15.551 15.551 14.551 14.551 14.551 14.551 14.551 14.552 14.552 14.552 14.552 14.552 14.552 14.552 14.552 14.552 13.552 13.552 13.552 13.553 13.553 13.553 13.553 13.553 13.553 13.553 12.553 12.553 12.553 12.554 12.554 11.554 11.554 11.554 11.554 11.554 10.554 10.554 10.555 10.555 9.555 9.555 9.555 9.555 8.555 8.556 8.556 8.556 7.556 7.556 7.556 7.556 7.556 7.557 7.557 7.557 7.557 7.557 7.557 7.558 7.558 7.558 7.558 6.558
16.550 16.550 15.550 15.550 15.550 15.551 15.551 15.551 15.551 15.551 15.551 15.551 15.551 15.551 14.551 14.551 14.551 14.551 14.551 14.552 14.552 14.552 14.552 14.552 14.552 14.552 14.552 14.552 14.552 13.552 13.552 13.553 13.553 13.553 13.553 13.553 13.553 13.553 12.553 12.553 12.553 12.554 12.554 11.554 11.554 11.554 11.554 11.554 10.554 10.554 10.554 10.555 9.555 9.555 9.555 9.555 8.555 8.556 8.556 7.556 7.556 7.556 7.556 7.556 7.556 7.557 7.557 7.557 7.557 7.557 7.557 7.558 7.558 7.558 6.558 0.103
16.550 16.550 15.550 15.550 15.550 15.550 15.551 15.551 15.551 15.551 15.551 15.551 15.551 15.551 15.551 14.551 14.551 14.551 14.551 14.552 14.552 14.552 14.552 14.552 14.552 14.552 14.552 14.552 14.552 13.552 13.552 13.553 13.553 13.553 13.553 13.553 13.553 13.553 12.553 12.553 12.553 12.553 12.554 11.554 11.554 11.554 11.554 11.554 10.554 10.554 10.554 10.555 9.555 9.555 9.555 9.555 8.555 8.555 8.556 7.556 7.556 7.556 7.556 7.556 7.556 7.556 7.557 7.557 7.557 7.557 7.557 7.557 7.558 6.558 0.101 0.103
16.550 16.550 15.550 15.550 15.550 15.550 15.551 15.551 15.551 15.551 15.551 15.551 15.551 15.551 15.551 15.551 14.551 14.551 14.551 14.551 14.552 14.552 14.552 14.552 14.552 14.552 14.552 14.552 14.552 14.552 13.552 13.553 13.553 13.553 13.553 13.553 13.553 13.553 12.553 12.553 12.553 12.553 12.554 11.554 11.554 11.554 11.554 11.554 10.554 10.554 10.554 10.554 9.555 9.555 9.555 8.555 8.555 8.555 8.556 7.556 7.556 7.556 7.556 7.556 7.556 7.556 7.557 7.557 7.557 7.557 7.557 7.557 2.558 0.102 0.103 0.000
16.550 16.550 15.550 15.550 15.550 15.550 15.551 15.551 15.551 15.551 15.551 15.551 15.551 15.551 15.551 15.551 15.551 14.551 14.551 14.551 14.552 14.552 14.552 14.552 14.552 14.552 14.552 14.552 14.552 14.552 13.552 13.553 13.553 13.553 13.553 13.553 13.553 13.553 12.553 12.553 12.553 12.553 12.554 11.554 11.554 11.554 11.554 11.554 10.554 10.554 10.554 10.554 9.555 9.555 9.555 8.555 8.555 8.555 8.556 7.556 7.556 7.556 7.556 7.556 7.556 7.556 7.557 7.557 7.557 7.557 7.557 0.558 0.102 0.103 0.000 0.000
16.550 16.550 15.550 15.550 15.550 15.550 15.551 15.551 15.551 15.551 15.551 15.551 15.551 15.551 15.551 15.551 15.551 15.551 14.551 14.551 14.552 14.552 14.552 14.552 14.552 14.552 14.552 14.552 14.552 14.552 13.552 13.552 13.553 13.553 13.553 13.553 13.553 13.553 12.553 12.553 12.553 12.553 12.554 11.554 11.554 11.554 11.554 11.554 10.554 10.554 10.554 10.554 9.555 9.555 9.555 8.555 8.555 8.555 7.555 7.556 7.556 7.556 7.556 7.556 7.556 7.556 7.556 7.557 7.557 7.557 2.557 0.102 0.103 0.000 0.000 0.000
16.550 16.550 15.550 15.550 15.550 15.550 15.551 15.551 15.551 15.551 15.551 15.551 15.551 15.551 15.551 15.551 15.551 15.551 15.551 15.551 14.552 14.552 14.552 14.552 14.552 14.552 14.552 14.552 14.552 14.552 13.552 13.552 13.553 13.553 13.553 13.553 13.553 13.553 12.553 12.553 12.553 12.553 12.553 11.554 11.554 11.554 11.554 11.554 10.554 10.554 10.554 10.554 9.554 9.555 9.555 8.555 8.555 8.555 7.555 7.555 7.556 7.556 7.556 7.556 7.556 7.556 7.556 7.556 7.557 0.557 0.101 0.102 0.000 0.000 0.000 0.000
16.550 16.550 15.550 15.550 15.550 15.550 15.551 15.551 15.551 15.551 15.551 15.551 15.551 15.551 15.551 15.551 15.551 15.551 15.551 15.551 15.551 14.552 14.552 14.552 14.552 14.552 14.552 14.552 14.552 14.552 14.552 13.552 13.552 13.553 13.553 13.553 13.553 13.553 12.553 12.553 12.553 12.553 12.553 11.554 11.554 11.554 11.554 11.554 10.554 10.554 10.554 10.554 9.554 9.555 9.555 8.555 8.555 8.555 7.555 7.555 7.556 7.556 7.556 7.556 7.556 7.556 7.556 7.556 7.557 0.101 0.101 0.000 0.000 0.000 0.000 0.000
16.550 16.550 15.550 15.550 15.550 15.550 15.551 15.551 15.551 15.551 15.551 15.551 15.551 15.551 15.551 15.551 15.551 15.551 15.551 15.551 15.551 14.552 14.552 14.552 14.552 14.552 14.552 14.552 14.552 14.552 14.552 13.552 13.552 13.553 13.553 13.553 13.553 13.553 12.553 12.553 12.553 12.553 12.553 11.553 11.554 11.554 11.554 11.554 10.554 10.554 10.554 10.554 9.554 9.554 9.555 8.555 8.555 8.555 7.555 7.555 7.555 7.556 7.556 7.556 7.556 7.556 7.556 7.556 0.101 0.102 0.000 0.000 0.000 0.000 0.000 0.000
16.550 16.550 15.550 15.550 15.550 15.550 15.551 15.551 15.551 15.551 15.551 15.551 15.551 15.551 15.551 15.551 15.551 15.551 15.551 15.551 15.551 15.551 14.552 14.552 14.552 14.552 14.552 14.552 14.552 14.552 14.552 13.552 13.552 13.553 13.553 13.553 13.553 13.553 12.553 12.553 12.553 12.553 12.553 11.553 11.554 11.554 11.554 11.554 10.554 10.554 10.554 10.554 9.554 9.554 9.555 8.555 8.555 8.555 7.555 7.555 7.555 7.556 7.556 7.556 7.556 7.556 7.556 0.000 0.103 0.000 0.000 0.000 0.000 0.000 0.000 0.000
16.550 16.550 15.550 15.550 15.550 15.550 15.551 15.551 15.551 15.551 15.551 15.551 15.551 15.551 15.551 15.551 15.551 15.551 15.551 15.551 15.551 15.551 15.552 14.552 14.552 14.552 14.552 14.552 14.552 14.552 14.552 13.552 13.552 13.552 13.553 13.553 13.553 13.553 12.553 12.553 12.553 12.553 12.553 11.553 11.553 11.554 11.554 11.554 10.554 10.554 10.554 10.554 9.554 9.554 9.554 8.555 8.555 7.555 7.555 7.555 7.555 7.555 7.556 7.556 7.556 7.556 0.101 0.103 0.104 0.000 0.000 0.000 0.000 0.000 0.000 0.000
16.550 16.550 15.550 15.550 15.550 15.550 15.550 15.551 15.551 15.551 15.551 15.551 15.551 15.551 15.551 15.551 15.551 15.551 15.551 15.551 15.551 15.551 15.552 14.552 14.552 14.552 14.552 14.552 14.552 14.552 14.552 13.552 13.552 13.552 13.553 13.553 13.553 13.553 12.553 12.553 12.553 12.553 12.553 11.553 11.553 11.554 11.554 11.554 10.554 10.554 10.554 10.554 9.554 9.554 9.554 8.555 8.555 7.555 7.555 7.555 7.555 7.555 7.555 7.556 7.556 0.100 0.101 0.000 0.000 0.000 0.000 0.000 0.000 0.000 0.000 0.000
16.550 16.550 15.550 15.550 15.550 15.550 15.550 15.551 15.551 15.551 15.551 15.551 15.551 15.551 15.551 15.551 15.551 15.551 15.551 15.551 15.551 15.551 15.552 14.552 14.552 14.552 14.552 14.552 14.552 14.552 14.552 13.552 13.552 13.552 13.552 13.553 13.553 13.553 12.553 12.553 12.553 12.553 12.553 11.553 11.553 11.553 11.554 11.554 10.554 10.554 10.554 10.554 9.554 9.554 8.554 8.554 8.555 7.555 7.555 7.555 7.555 7.555 7.555 7.556 0.100 0.101 0.559 0.000 0.000 0.000 0.000 0.000 0.000 0.000 0.000 0.000
16.550 16.550 15.550 15.550 15.550 15.550 15.550 15.551 15.551 15.551 15.551 15.551 15.551 15.551 15.551 15.551 15.551 15.551 15.551 15.551 15.551 15.551 15.551 15.552 14.552 14.552 14.552 14.552 14.552 14.552 14.552 14.552 13.552 13.552 13.552 13.553 13.553 13.553 12.553 12.553 12.553 12.553 12.553 11.553 11.553 11.553 11.553 11.554 10.554 10.554 10.554 10.554 9.554 9.554 8.554 8.554 8.554 7.555 7.555 7.555 7.555 7.555 0.555 0.000 0.000 0.000 0.000 0.000 0.000 0.000 0.000 0.000 0.000 0.000 0.000 0.000
16.550 16.550 15.550 15.550 15.550 15.550 15.550 15.550 15.551 15.551 15.551 15.551 15.551 15.551 15.551 15.551 15.551 15.551 15.551 15.551 15.551 15.551 15.551 15.552 14.552 14.552 14.552 14.552 14.552 14.552 14.552 14.552 13.552 13.552 13.552 13.552 13.553 13.553 12.553 12.553 12.553 12.553 12.553 11.553 11.553 11.553 11.553 11.553 10.554 10.554 10.554 10.554 9.554 9.554 8.554 8.554 8.554 7.555 7.555 7.555 7.555 1.555 0.000 0.000 0.000 0.000 0.000 0.000 0.000 0.000 0.000 0.000 0.000 0.000 0.000 0.000
16.550 16.550 15.550 15.550 15.550 15.550 15.550 15.550 15.551 15.551 15.551 15.551 15.551 15.551 15.551 15.551 15.551 15.551 15.551 15.551 15.551 15.551 15.551 15.552 15.552 14.552 14.552 14.552 14.552 14.552 14.552 14.552 13.552 13.552 13.552 13.552 13.553 13.553 12.553 12.553 12.553 12.553 12.553 11.553 11.553 11.553 11.553 11.553 10.554 10.554 10.554 10.554 9.554 9.554 8.554 8.554 8.554 7.554 7.555 7.555 2.555 0.000 0.000 0.000 0.000 0.000 0.000 0.000 0.000 0.000 0.000 0.000 0.000 0.000 0.000 0.000
16.550 16.550 16.550 15.550 15.550 15.550 15.550 15.550 15.551 15.551 15.551 15.551 15.551 15.551 15.551 15.551 15.551 15.551 15.551 15.551 15.551 15.551 15.551 15.552 15.552 14.552 14.552 14.552 14.552 14.552 14.552 14.552 13.552 13.552 13.552 13.552 13.552 13.553 12.553 12.553 12.553 12.553 12.553 11.553 11.553 11.553 11.553 10.553 10.553 10.554 10.554 9.554 9.554 9.554 8.554 8.554 7.554 7.554 0.000 0.555 1.555 0.000 0.000 0.000 0.000 0.000 0.000 0.000 0.000 0.000 0.000 0.000 0.000 0.000 0.000 0.000
16.550 16.550 16.550 15.550 15.550 15.550 15.550 15.550 15.550 15.551 15.551 15.551 15.551 15.551 15.551 15.551 15.551 15.551 15.551 15.551 15.551 15.551 15.551 15.551 15.552 14.552 14.552 14.552 14.552 14.552 14.552 14.552 13.552 13.552 13.552 13.552 13.552 13.552 12.553 12.553 12.553 12.553 12.553 11.553 11.553 11.553 11.553 10.553 10.553 10.553 10.554 9.554 9.554 9.554 8.554 8.554 7.554 0.000 0.000 0.555 0.556 0.000 0.000 0.000 0.000 0.000 0.000 0.000 0.000 0.000 0.000 0.000 0.000 0.000 0.000 0.000
16.550 16.550 16.550 15.550 15.550 15.550 15.550 15.550 15.550 15.551 15.551 15.551 15.551 15.551 15.551 15.551 15.551 15.551 15.551 15.551 15.551 15.551 15.551 15.551 15.552 15.552 14.552 14.552 14.552 14.552 14.552 14.552 13.552 13.552 13.552 13.552 13.552 13.552 12.553 12.553 12.553 12.553 11.553 11.553 11.553 11.553 11.553 10.553 10.553 10.553 10.553 9.554 9.554 9.554 8.554 8.554 7.554 3.554 0.553 0.000 0.000 0.000 0.000 0.000 0.000 0.000 0.000 0.000 0.000 0.000 0.000 0.000 0.000 0.000 0.000 0.000
16.550 16.550 16.550 16.550 15.550 15.550 15.550 15.550 15.550 15.551 15.551 15.551 15.551 15.551 15.551 15.551 15.551 15.551 15.551 15.551 15.551 15.551 15.551 15.551 15.551 15.552 14.552 14.552 14.552 14.552 14.552 14.552 13.552 13.552 13.552 13.552 13.552 13.552 12.552 12.553 12.553 12.553 11.553 11.553 11.553 11.553 11.553 10.553 10.553 10.553 10.553 9.553 9.553 8.554 8.554 8.554 7.554 3.554 0.000 0.000 0.000 0.000 0.000 0.000 0.000 0.000 0.000 0.000 0.000 0.000 0.000 0.000 0.000 0.000 0.000 0.000
16.550 16.550 16.550 16.550 16.550 15.550 15.550 15.550 15.550 15.551 15.551 15.551 15.551 15.551 15.551 15.551 15.551 15.551 15.551 15.551 15.551 15.551 15.551 15.551 15.551 15.551 14.552 14.552 14.552 14.552 14.552 14.552 13.552 13.552 13.552 13.552 13.552 13.552 12.552 12.552 12.553 12.553 11.553 11.553 11.553 11.553 11.553 10.553 10.553 10.553 10.553 9.553 9.553 8.553 8.554 8.554 3.554 1.554 0.000 0.000 0.000 0.000 0.000 0.000 0.000 0.000 0.000 0.000 0.000 0.000 0.000 0.000 0.000 0.000 0.000 0.000
16.550 16.550 16.550 16.550 16.550 15.550 15.550 15.550 15.550 15.551 15.551 15.551 15.551 15.551 15.551 15.551 15.551 15.551 15.551 15.551 15.551 15.551 15.551 15.551 15.551 15.551 14.552 14.552 14.552 14.552 14.552 14.552 13.552 13.552 13.552 13.552 13.552 13.552 12.552 12.552 12.553 12.553 11.553 11.553 11.553 11.553 10.553 10.553 10.553 10.553 10.553 9.553 9.553 8.553 8.553 8.553 1.554 0.000 0.000 0.000 0.000 0.000 0.000 0.000 0.000 0.000 0.000 0.000 0.000 0.000 0.000 0.000 0.000 0.000 0.000 0.000
16.550 16.550 16.550 16.550 16.550 15.550 15.550 15.550 15.550 15.551 15.551 15.551 15.551 15.551 15.551 15.551 15.551 15.551 15.551 15.551 15.551 15.551 15.551 15.551 15.551 15.551 14.551 14.552 14.552 14.552 14.552 14.552 13.552 13.552 13.552 13.552 13.552 13.552 12.552 12.552 12.553 12.553 11.553 11.553 11.553 11.553 10.553 10.553 10.553 10.553 10.553 9.553 9.553 8.553 8.553 8.553 1.553 0.000 0.000 0.000 0.000 0.000 0.000 0.000 0.000 0.000 0.000 0.000 0.000 0.000 0.000 0.000 0.000 0.000 0.000 0.000
16.550 16.550 16.550 16.550 16.550 16.550 16.550 16.550 16.550 16.551 16.551 16.551 16.551 16.551 16.551 16.551 16.551 16.551 16.551 16.551 16.551 15.551 15.551 15.551 15.551 15.551 15.551 14.552 14.552 14.552 14.552 14.552 14.552 13.552 13.552 13.552 13.552 13.552 12.552 12.552 12.552 12.553 11.553 11.553 11.553 11.553 10.553 10.553 10.553 10.553 9.553 9.553 9.553 8.553 8.553 7.553 0.000 0.000 0.000 0.000 0.000 0.000 0.000 0.000 0.000 0.000 0.000 0.000 0.000 0.000 0.000 0.000 0.000 0.000 0.000 0.000
16.550 16.550 16.550 16.550 16.550 16.550 16.550 16.550 16.550 16.550 16.551 16.551 16.551 16.551 16.551 16.551 16.551 16.551 16.551 16.551 16.551 15.551 15.551 15.551 15.551 15.551 15.551 14.551 14.552 14.552 14.552 14.552 14.552 13.552 13.552 13.552 13.552 13.552 12.552 12.552 12.552 12.552 11.553 11.553 11.553 11.553 10.553 10.553 10.553 10.553 9.553 9.553 9.553 8.553 0.000 0.000 0.000 0.000 0.000 0.000 0.000 0.000 0.000 0.000 0.000 0.000 0.000 0.000 0.000 0.000 0.000 0.000 0.000 0.000 0.000 0.000
16.550 16.550 16.550 16.550 16.550 16.550 16.550 16.550 16.550 16.550 16.550 16.551 16.551 16.551 16.551 16.551 16.551 16.551 16.551 16.551 16.551 15.551 15.551 15.551 15.551 15.551 15.551 14.551 14.551 14.552 14.552 14.552 14.552 13.552 13.552 13.552 13.552 13.552 12.552 12.552 12.552 12.552 11.552 11.552 11.553 11.553 10.553 10.553 10.553 10.553 9.553 6.553 2.553 0.000 0.000 0.000 0.000 0.000 0.000 0.000 0.000 0.000 0.000 0.000 0.000 0.000 0.000 0.000 0.000 0.000 0.000 0.000 0.000 0.000 0.000 0.000
16.550 16.550 16.550 16.550 16.550 16.550 16.550 16.550 16.550 16.550 16.550 16.551 16.551 16.551 16.551 16.551 16.551 16.551 16.551 16.551 16.551 16.551 15.551 15.551 15.551 15.551 15.551 14.551 14.551 14.552 14.552 14.552 14.552 13.552 13.552 13.552 13.552 13.552 12.552 12.552 12.552 12.552 11.552 11.552 11.552 11.553 10.553 10.553 10.553 2.553 3.553 3.553 0.000 0.000 0.000 0.000 0.000 0.000 0.000 0.000 0.000 0.000 0.000 0.000 0.000 0.000 0.000 0.000 0.000 0.000 0.000 0.000 0.000 0.000 0.000 0.000
16.550 16.550 16.550 16.550 16.550 16.550 16.550 16.550 16.550 16.550 16.550 16.550 16.551 16.551 16.551 16.551 16.551 16.551 16.551 16.551 16.551 16.551 15.551 15.551 15.551 15.551 15.551 14.551 14.551 14.551 14.552 14.552 14.552 1.552 0.000 0.000 1.552 0.552 12.552 12.552 12.552 11.552 11.552 11.552 11.552 5.553 6.553 3.553 1.552 0.000 0.000 0.000 0.000 0.000 0.000 0.000 0.000 0.000 0.000 0.000 0.000 0.000 0.000 0.000 0.000 0.000 0.000 0.000 0.000 0.000 0.000 0.000 0.000 0.000 0.000 0.000
16.550 16.550 16.550 16.550 16.550 16.550 16.550 16.550 16.550 16.550 16.550 16.550 16.551 16.551 16.551 16.551 16.551 16.551 16.551 16.551 16.551 16.551 15.551 15.551 15.551 15.551 15.551 15.551 14.551 14.551 0.000 0.000 0.000 0.000 0.000 0.000 0.000 0.000 0.000 0.000 0.000 0.000 4.552 4.552 4.552 2.552 0.552 0.552 0.552 0.000 0.000 0.000 0.000 0.000 0.000 0.000 0.000 0.000 0.000 0.000 0.000 0.000 0.000 0.000 0.000 0.000 0.000 0.000 0.000 0.000 0.000 0.000 0.000 0.000 0.000 0.000
16.550 16.550 16.550 16.550 16.550 16.550 16.550 16.550 16.550 16.550 16.550 16.550 16.551 16.551 16.551 16.551 16.551 16.551 16.551 16.551 16.551 16.551 16.551 15.551 15.551 15.551 15.551 0.000 0.000 0.000 0.000 1.551 3.551 5.551 2.551 0.000 0.000 0.000 0.000 3.551 4.551 5.552 5.552 3.552 4.552 1.552 0.000 0.000 0.000 0.000 0.000 0.000 0.000 0.000 0.000 0.000 0.000 0.000 0.000 0.000 0.000 0.000 0.000 0.000 0.000 0.000 0.000 0.000 0.000 0.000 0.000 0.000 0.000 0.000 0.000 0.000
16.550 16.550 16.550 16.550 16.550 16.550 16.550 16.550 16.550 16.550 16.550 16.550 16.550 16.551 16.551 16.551 16.551 16.551 16.551 16.551 16.551 16.551 16.551 15.551 15.551 15.551 15.551 0.000 1.551 2.551 2.551 2.551 3.551 13.551 13.551 13.551 13.551 12.551 4.551 5.551 6.551 6.551 6.552 5.552 3.552 1.552 0.000 0.000 0.000 0.000 0.000 0.000 0.000 0.000 0.000 0.000 0.000 0.000 0.000 0.000 0.000 0.000 0.000 0.000 0.000 0.000 0.000 0.000 0.000 0.000 0.000 0.000 0.000 0.000 0.000 0.000
