includes/mahajanga_coast/floodfiles/results/res-0003.wdfp
ncols         269
nrows         308
xllcorner     384108.384600
yllcorner     1149646.260900
cellsize      30.000000
NODATA_value  -9999.000000
[rows 136 to 169 of 308, columns 0 to 75 of 269]
12.230 12.230 12.230 12.230 12.231 12.231 12.231 12.232 12.232 12.232 12.232 12.232 12.233 12.233 12.233 12.233 12.233 12.234 12.234 12.234 12.234 12.234 12.234 12.234 12.235 12.235 12.235 12.235 11.235 11.236 11.236 11.236 11.236 11.236 11.236 11.237 11.237 11.237 11.237 10.237 10.237 10.237 10.237 10.237 10.237 10.237 9.237 9.238 9.238 9.238 9.238 9.238 9.238 9.238 9.239 9.239 9.239 8.239 8.239 8.239 8.240 8.240 8.240 8.240 8.240 8.240 8.241 8.241 7.241 7.241 7.241 7.242 7.242 7.242 6.243 6.243
12.230 12.230 12.230 12.230 12.231 12.231 12.231 12.232 12.232 12.232 12.232 12.232 12.233 12.233 12.233 12.233 12.233 12.233 12.234 12.234 12.234 12.234 12.234 12.234 12.235 12.235 12.235 11.235 11.235 11.236 11.236 11.236 11.236 11.236 11.236 11.236 11.237 11.237 10.237 10.237 10.237 10.237 10.237 10.237 10.237 10.237 9.237 9.237 9.238 9.238 9.238 9.238 9.238 9.238 9.238 8.239 8.239 8.239 8.239 8.239 8.239 8.239 8.240 8.240 8.240 8.240 8.240 7.241 7.241 7.241 7.241 7.242 7.242 6.242 6.243 6.243
12.230 12.230 12.230 12.230 12.231 12.231 12.231 12.231 12.232 12.232 12.232 12.232 12.232 12.233 12.233 12.233 12.233 12.233 12.234 12.234 12.234 12.234 12.234 12.234 12.235 12.235 12.235 11.235 11.235 11.236 11.236 11.236 11.236 11.236 11.236 11.236 11.236 11.237 10.237 10.237 10.237 10.237 10.237 10.237 10.237 9.237 9.237 9.237 9.237 9.238 9.238 9.238 9.238 9.238 8.238 8.239 8.239 8.239 8.239 8.239 8.239 8.239 8.240 8.240 8.240 8.240 7.240 7.241 7.241 7.241 7.241 7.242 6.242 6.242 6.242 6.243
12.230 12.230 12.230 12.230 12.231 12.231 12.231 12.231 12.232 12.232 12.232 12.232 12.232 12.233 12.233 12.233 12.233 12.233 12.233 12.234 12.234 12.234 12.234 12.234 12.234 12.235 11.235 11.235 11.235 11.235 11.236 11.236 11.236 11.236 11.236 11.236 11.236 10.236 10.236 10.237 10.237 10.237 10.237 10.237 10.237 9.237 9.237 9.237 9.237 9.238 9.238 9.238 9.238 8.238 8.238 8.238 8.239 8.239 8.239 8.239 8.239 8.239 8.239 8.240 8.240 7.240 7.240 7.240 7.241 7.241 7.241 6.242 6.242 6.242 6.242 6.242
12.230 12.230 12.230 12.230 12.231 12.231 12.231 12.231 12.232 12.232 12.232 12.232 12.232 12.233 12.233 12.233 12.233 12.233 12.233 12.234 12.234 12.234 12.234 12.234 12.234 12.235 11.235 11.235 11.235 11.235 11.235 11.236 11.236 11.236 11.236 11.236 11.236 10.236 10.236 10.236 10.237 10.237 10.237 10.237 9.237 9.237 9.237 9.237 9.237 9.237 9.238 9.238 8.238 8.238 8.238 8.238 8.238 8.239 8.239 8.239 8.239 8.239 8.239 8.239 7.240 7.240 7.240 7.240 7.241 7.241 6.241 6.241 6.242 6.242 6.242 6.242
12.230 12.230 12.230 12.230 12.231 12.231 12.231 12.231 12.232 12.232 12.232 12.232 12.232 12.232 12.233 12.233 12.233 12.233 12.233 12.233 12.234 12.234 12.234 12.234 12.234 12.235 11.235 11.235 11.235 11.235 11.235 11.235 11.236 11.236 11.236 11.236 10.236 10.236 10.236 10.236 10.236 10.237 10.237 10.237 9.237 9.237 9.237 9.237 9.237 9.237 9.237 9.238 8.238 8.238 8.238 8.238 8.238 8.239 8.239 8.239 8.239 8.239 7.239 7.239 7.239 7.240 7.240 7.240 7.240 6.241 6.241 6.241 6.241 6.242 6.242 5.242
12.230 12.230 12.230 12.230 12.231 12.231 12.231 12.231 12.231 12.232 12.232 12.232 12.232 12.232 12.233 12.233 12.233 12.233 12.233 12.233 12.234 12.234 12.234 12.234 12.234 12.234 11.235 11.235 11.235 11.235 11.235 11.235 11.235 11.236 11.236 11.236 10.236 10.236 10.236 10.236 10.236 10.237 10.237 9.237 9.237 9.237 9.237 9.237 9.237 9.237 9.237 8.237 8.238 8.238 8.238 8.238 8.238 8.238 8.239 8.239 8.239 7.239 7.239 7.239 7.239 7.240 7.240 7.240 7.240 6.240 6.241 6.241 6.241 6.241 5.242 5.242
12.230 12.230 12.230 12.230 12.231 12.231 12.231 12.231 12.231 12.232 12.232 12.232 12.232 12.232 12.233 12.233 12.233 12.233 12.233 12.233 12.233 12.234 12.234 12.234 12.234 11.234 11.235 11.235 11.235 11.235 11.235 11.235 11.235 11.235 11.236 10.236 10.236 10.236 10.236 10.236 10.236 10.236 10.237 9.237 9.237 9.237 9.237 9.237 9.237 9.237 8.237 8.237 8.237 8.238 8.238 8.238 8.238 8.238 8.238 8.239 7.239 7.239 7.239 7.239 7.239 7.240 7.240 7.240 6.240 6.240 6.240 6.241 6.241 5.241 5.241 5.242
12.230 12.230 12.230 12.230 12.231 12.231 12.231 12.231 12.231 12.232 12.232 12.232 12.232 12.232 12.232 12.233 12.233 12.233 12.233 12.233 12.233 12.234 12.234 12.234 12.234 11.234 11.234 11.235 11.235 11.235 11.235 11.235 11.235 11.235 11.235 10.236 10.236 10.236 10.236 10.236 10.236 10.236 9.237 9.237 9.237 9.237 9.237 9.237 9.237 9.237 8.237 8.237 8.237 8.238 8.238 8.238 8.238 8.238 8.238 7.239 7.239 7.239 7.239 7.239 7.239 7.239 7.240 6.240 6.240 6.240 6.240 6.241 5.241 5.241 5.241 5.241
12.230 12.230 12.230 12.230 12.231 12.231 12.231 12.231 12.231 12.231 12.232 12.232 12.232 12.232 12.232 12.233 12.233 12.233 12.233 12.233 12.233 12.234 12.234 12.234 12.234 11.234 11.234 11.234 11.235 11.235 11.235 11.235 11.235 11.235 10.235 10.236 10.236 10.236 10.236 10.236 10.236 10.236 9.236 9.237 9.237 9.237 9.237 9.237 9.237 8.237 8.237 8.237 8.237 8.237 8.238 8.238 8.238 8.238 7.238 7.238 7.238 7.239 7.239 7.239 7.239 7.239 6.239 6.240 6.240 6.240 6.240 5.240 5.241 5.241 5.241 5.241
12.230 12.230 12.230 12.230 12.230 12.231 12.231 12.231 12.231 12.231 12.232 12.232 12.232 12.232 12.232 12.233 12.233 12.233 12.233 12.233 12.233 12.233 12.234 12.234 12.234 11.234 11.234 11.234 11.234 11.235 11.235 11.235 11.235 10.235 10.235 10.235 10.236 10.236 10.236 10.236 10.236 9.236 9.236 9.236 9.237 9.237 9.237 9.237 9.237 8.237 8.237 8.237 8.237 8.237 8.237 8.238 8.238 7.238 7.238 7.238 7.238 7.239 7.239 7.239 7.239 7.239 6.239 6.239 6.240 6.240 5.240 5.240 5.240 5.241 5.241 5.241
12.230 12.230 12.230 12.230 12.230 12.231 12.231 12.231 12.231 12.231 12.232 12.232 12.232 12.232 12.232 12.232 12.233 12.233 12.233 12.233 12.233 12.233 12.234 12.234 12.234 11.234 11.234 11.234 11.234 11.235 11.235 11.235 11.235 10.235 10.235 10.235 10.236 10.236 10.236 10.236 10.236 9.236 9.236 9.236 9.237 9.237 9.237 9.237 9.237 8.237 8.237 8.237 8.237 8.237 8.237 8.238 8.238 7.238 7.238 7.238 7.238 7.238 7.239 7.239 7.239 7.239 6.239 6.239 6.240 6.240 5.240 5.240 5.240 5.240 5.240 5.241
12.230 12.230 12.230 12.230 12.230 12.231 12.231 12.231 12.231 12.231 12.231 12.232 12.232 12.232 12.232 12.232 12.233 12.233 12.233 12.233 12.233 12.233 12.233 12.234 12.234 11.234 11.234 11.234 11.234 11.235 11.235 11.235 11.235 10.235 10.235 10.235 10.236 10.236 10.236 10.236 10.236 9.236 9.236 9.236 9.236 9.237 9.237 9.237 8.237 8.237 8.237 8.237 8.237 8.237 8.237 8.237 7.237 7.238 7.238 7.238 7.238 7.238 7.238 7.239 7.239 6.239 6.239 6.239 6.239 5.240 5.240 5.240 5.240 5.240 5.240 4.240
12.230 12.230 12.230 12.230 12.230 12.231 12.231 12.231 12.231 12.231 12.231 12.232 12.232 12.232 12.232 12.232 12.232 12.233 12.233 12.233 12.233 12.233 12.233 12.234 12.234 11.234 11.234 11.234 11.234 11.234 11.235 11.235 11.235 10.235 10.235 10.235 10.235 10.235 10.236 10.236 9.236 9.236 9.236 9.236 9.236 9.236 9.237 9.237 8.237 8.237 8.237 8.237 8.237 8.237 8.237 8.237 7.237 7.238 7.238 7.238 7.238 7.238 7.238 7.239 6.239 6.239 6.239 6.239 6.239 5.240 5.240 5.240 5.240 5.240 4.240 4.240
12.230 12.230 12.230 12.230 12.230 12.230 12.231 12.231 12.231 12.231 12.231 12.231 12.232 12.232 12.232 12.232 12.232 12.233 12.233 12.233 12.233 12.233 12.233 12.233 11.234 11.234 11.234 11.234 11.234 11.234 11.235 11.235 10.235 10.235 10.235 10.235 10.235 10.235 10.235 10.236 9.236 9.236 9.236 9.236 9.236 9.236 9.236 8.237 8.237 8.237 8.237 8.237 8.237 8.237 8.237 7.237 7.237 7.237 7.238 7.238 7.238 7.238 7.238 6.238 6.239 6.239 6.239 6.239 6.239 5.239 5.240 5.240 5.240 4.240 4.240 4.240
12.230 12.230 12.230 12.230 12.230 12.230 12.231 12.231 12.231 12.231 12.231 12.231 12.232 12.232 12.232 12.232 12.232 12.232 12.233 12.233 12.233 12.233 12.233 12.233 11.234 11.234 11.234 11.234 11.234 11.234 11.234 11.235 10.235 10.235 10.235 10.235 10.235 10.235 10.235 9.235 9.236 9.236 9.236 9.236 9.236 9.236 9.236 8.236 8.237 8.237 8.237 8.237 8.237 8.237 7.237 7.237 7.237 7.237 7.237 7.238 7.238 7.238 6.238 6.238 6.238 6.239 6.239 6.239 5.239 5.239 5.239 5.240 4.240 4.240 4.240 4.240
12.230 12.230 12.230 12.230 12.230 12.230 12.230 12.231 12.231 12.231 12.231 12.231 12.232 12.232 12.232 12.232 12.232 12.232 12.233 12.233 12.233 12.233 12.233 12.233 11.233 11.234 11.234 11.234 11.234 11.234 11.234 11.234 10.235 10.235 10.235 10.235 10.235 10.235 10.235 9.235 9.235 9.236 9.236 9.236 9.236 9.236 8.236 8.236 8.236 8.236 8.236 8.236 8.236 8.237 7.237 7.237 7.237 7.237 7.237 7.237 7.238 6.238 6.238 6.238 6.238 6.238 6.239 5.239 5.239 5.239 5.239 4.239 4.239 4.239 4.240 4.240
12.230 12.230 12.230 12.230 12.230 12.230 12.230 12.231 12.231 12.231 12.231 12.231 12.232 12.232 12.232 12.232 12.232 12.232 12.232 12.233 12.233 12.233 12.233 11.233 11.233 11.234 11.234 11.234 11.234 11.234 11.234 10.234 10.234 10.235 10.235 10.235 10.235 10.235 10.235 9.235 9.235 9.236 9.236 9.236 9.236 9.236 8.236 8.236 8.236 8.236 8.236 8.236 8.236 7.236 7.237 7.237 7.237 7.237 7.237 7.237 6.237 6.238 6.238 6.238 6.238 6.238 5.238 5.238 5.239 5.239 4.239 4.239 4.239 4.239 4.239 4.240
12.230 12.230 12.230 12.230 12.230 12.230 12.230 12.231 12.231 12.231 12.231 12.231 12.231 12.232 12.232 12.232 12.232 12.232 12.232 12.233 12.233 12.233 12.233 11.233 11.233 11.233 11.234 11.234 11.234 11.234 11.234 10.234 10.234 10.234 10.235 10.235 10.235 10.235 10.235 9.235 9.235 9.235 9.236 9.236 9.236 9.236 8.236 8.236 8.236 8.236 8.236 8.236 7.236 7.236 7.236 7.236 7.237 7.237 7.237 6.237 6.237 6.238 6.238 6.238 6.238 5.238 5.238 5.238 5.238 4.238 4.239 4.239 4.239 4.239 4.239 4.239
12.230 12.230 12.230 12.230 12.230 12.230 12.230 12.231 12.231 12.231 12.231 12.231 12.231 12.232 12.232 12.232 12.232 12.232 12.232 12.233 12.233 12.233 12.233 11.233 11.233 11.233 11.233 11.234 11.234 11.234 11.234 10.234 10.234 10.234 10.234 10.235 10.235 10.235 10.235 9.235 9.235 9.235 9.236 9.236 9.236 8.236 8.236 8.236 8.236 8.236 8.236 8.236 7.236 7.236 7.236 7.236 7.236 7.237 6.237 6.237 6.237 6.237 6.237 6.238 5.238 5.238 5.238 5.238 5.238 4.238 4.238 4.239 4.239 4.239 4.239 4.239
12.230 12.230 12.230 12.230 12.230 12.230 12.230 12.231 12.231 12.231 12.231 12.231 12.231 12.232 12.232 12.232 12.232 12.232 12.232 12.233 12.233 12.233 11.233 11.233 11.233 11.233 11.233 11.234 11.234 11.234 11.234 10.234 10.234 10.234 10.234 10.234 10.235 10.235 10.235 9.235 9.235 9.235 9.235 9.236 9.236 8.236 8.236 8.236 8.236 8.236 8.236 7.236 7.236 7.236 7.236 7.236 7.236 6.236 6.237 6.237 6.237 6.237 6.237 5.237 5.238 5.238 5.238 5.238 4.238 4.238 4.238 4.238 4.239 4.239 4.239 4.239
12.230 12.230 12.230 12.230 12.230 12.230 12.230 12.231 12.231 12.231 12.231 12.231 12.231 12.232 12.232 12.232 12.232 12.232 12.233 12.233 12.233 11.233 11.233 11.233 11.233 11.233 11.233 11.234 11.234 11.234 11.234 10.234 10.234 10.234 10.234 10.234 10.234 10.235 10.235 9.235 9.235 9.235 9.235 9.235 9.236 8.236 8.236 8.236 8.236 8.236 8.236 7.236 7.236 7.236 7.236 7.236 6.236 6.236 6.236 6.237 6.237 6.237 5.237 5.237 5.237 5.237 5.238 4.238 4.238 4.238 4.238 4.238 4.238 4.239 4.239 4.239
12.230 12.230 12.230 12.230 12.230 12.230 12.230 12.231 12.231 12.231 12.231 12.231 12.231 12.232 12.232 12.232 12.232 12.232 12.233 12.233 12.233 11.233 11.233 11.233 11.233 11.233 11.233 11.233 11.234 11.234 11.234 10.234 10.234 10.234 10.234 10.234 10.234 10.234 10.235 9.235 9.235 9.235 9.235 9.235 9.235 8.235 8.236 8.236 8.236 8.236 8.236 7.236 7.236 7.236 7.236 7.236 6.236 6.236 6.236 6.237 6.237 5.237 5.237 5.237 5.237 5.237 4.237 4.237 4.238 4.238 4.238 4.238 4.238 4.238 4.239 4.239
13.230 12.230 12.230 12.230 12.230 12.230 12.230 12.231 12.231 12.231 12.231 12.231 12.231 12.232 12.232 12.232 12.232 12.232 12.233 12.233 11.233 11.233 11.233 11.233 11.233 11.233 11.233 11.233 11.234 11.234 10.234 10.234 10.234 10.234 10.234 10.234 10.234 10.234 9.234 9.235 9.235 9.235 9.235 9.235 8.235 8.235 8.235 8.235 8.236 8.236 7.236 7.236 7.236 7.236 7.236 6.236 6.236 6.236 6.236 6.236 5.236 5.237 5.237 5.237 5.237 4.237 4.237 4.237 4.238 4.238 4.238 4.238 4.238 4.238 4.238 4.238
13.230 12.230 12.230 12.230 12.230 12.230 12.230 12.231 12.231 12.231 12.231 12.231 12.231 12.232 12.232 12.232 12.232 12.232 11.233 11.233 11.233 11.233 11.233 11.233 11.233 11.233 11.233 11.233 11.234 11.234 10.234 10.234 10.234 10.234 10.234 10.234 10.234 10.234 9.234 9.234 9.235 9.235 9.235 9.235 8.235 8.235 8.235 8.235 8.235 8.235 7.235 7.235 7.235 7.235 7.236 6.236 6.236 6.236 6.236 5.236 5.236 5.236 5.237 5.237 4.237 4.237 4.237 4.237 4.237 4.238 4.238 4.238 4.238 4.238 4.238 4.238
13.230 12.230 12.230 12.230 12.230 12.230 12.230 12.231 12.231 12.231 12.231 12.231 12.231 12.232 12.232 12.232 12.232 11.232 11.233 11.233 11.233 11.233 11.233 11.233 11.233 11.233 11.233 11.233 11.234 11.234 10.234 10.234 10.234 10.234 10.234 10.234 10.234 10.234 9.234 9.234 9.234 9.234 9.235 9.235 8.235 8.235 8.235 8.235 8.235 8.235 7.235 7.235 7.235 7.235 6.235 6.236 6.236 6.236 6.236 5.236 5.236 5.236 5.236 4.236 4.236 4.237 4.237 4.237 4.237 4.237 4.238 4.238 4.238 4.238 4.238 4.238
13.230 12.230 12.230 12.230 12.230 12.230 12.230 12.231 12.231 12.231 12.231 12.231 12.231 12.232 12.232 12.232 11.232 11.232 11.233 11.233 11.233 11.233 11.233 11.233 11.233 11.233 11.233 11.233 11.233 11.234 10.234 10.234 10.234 10.234 10.234 10.234 10.234 10.234 9.234 9.234 9.234 9.234 9.234 9.235 8.235 8.235 8.235 8.235 8.235 7.235 7.235 7.235 7.235 7.235 6.235 6.235 6.236 6.236 5.236 5.236 5.236 5.236 4.236 4.236 4.236 4.236 4.237 4.237 4.237 4.237 4.237 4.238 4.238 4.238 4.238 4.238
13.230 12.230 12.230 12.230 12.230 12.230 12.230 12.231 12.231 12.231 12.231 12.231 12.231 12.232 12.232 11.232 11.232 11.232 11.233 11.233 11.233 11.233 11.233 11.233 11.233 11.233 11.233 11.233 11.233 10.234 10.234 10.234 10.234 10.234 10.234 10.234 10.234 10.234 9.234 9.234 9.234 9.234 9.234 9.234 8.235 8.235 8.235 8.235 8.235 7.235 7.235 7.235 7.235 6.235 6.235 6.235 6.235 6.235 5.235 5.235 5.235 5.236 4.236 4.236 4.236 4.236 4.236 4.237 4.237 4.237 4.237 4.237 4.238 4.238 4.238 4.237
13.230 12.230 12.230 12.230 12.230 12.230 12.230 12.231 12.231 12.231 12.231 12.231 12.231 12.232 11.232 11.232 11.232 11.232 11.232 11.233 11.233 11.233 11.233 11.233 11.233 11.233 11.233 11.233 11.233 10.233 10.234 10.234 10.234 10.234 10.234 10.234 10.234 10.234 9.234 9.234 9.234 9.234 9.234 8.234 8.234 8.234 8.235 8.235 8.235 7.235 7.235 7.235 7.235 6.235 6.235 6.235 6.235 5.235 5.235 5.235 5.235 4.235 4.236 4.236 4.236 4.236 4.236 4.237 4.237 4.237 4.237 4.237 4.237 4.237 4.237 4.237
13.230 13.230 12.230 12.230 12.230 12.230 12.230 12.231 12.231 12.231 12.231 12.231 12.231 12.232 11.232 11.232 11.232 11.232 11.232 11.233 11.233 11.233 11.233 11.233 11.233 11.233 11.233 11.233 10.233 10.233 10.233 10.233 10.234 10.234 10.234 10.234 10.234 10.234 9.234 9.234 9.234 9.234 9.234 8.234 8.234 8.234 8.234 8.234 7.234 7.234 7.234 7.235 7.235 6.235 6.235 6.235 6.235 5.235 5.235 5.235 4.235 4.235 4.235 4.235 4.236 4.236 4.236 4.237 4.237 4.237 4.237 4.237 4.237 4.237 4.237 4.237
13.230 13.230 12.230 12.230 12.230 12.230 12.230 12.231 12.231 12.231 12.231 12.231 12.231 11.232 11.232 11.232 11.232 11.232 11.232 11.233 11.233 11.233 11.233 11.233 11.233 11.233 11.233 11.233 10.233 10.233 10.233 10.233 10.233 10.233 10.233 10.234 10.234 10.234 9.234 9.234 9.234 9.234 9.234 8.234 8.234 8.234 8.234 8.234 7.234 7.234 7.234 7.234 6.235 6.235 6.235 6.235 5.235 5.235 5.235 5.235 4.235 4.235 4.235 4.235 4.236 4.236 4.236 4.237 4.237 4.237 4.237 4.237 4.238 4.237 4.237 4.237
13.230 13.230 12.230 12.230 12.230 12.230 12.230 12.231 12.231 12.231 12.231 12.231 12.231 12.232 11.232 11.232 11.232 11.232 11.232 11.232 11.233 11.233 11.233 11.233 11.233 11.233 11.233 11.233 10.233 10.233 10.233 10.233 10.233 10.233 10.233 10.233 10.233 10.234 9.234 9.234 9.234 9.234 9.234 8.234 8.234 8.234 8.234 8.234 7.234 7.234 7.234 7.234 6.234 6.234 6.234 6.234 5.235 5.235 5.235 5.235 4.235 4.235 4.235 4.235 4.236 4.236 4.236 4.237 4.237 4.237 4.237 4.238 4.238 4.238 4.237 3.237
13.230 13.230 12.230 12.230 12.230 12.230 12.230 12.231 12.231 12.231 12.231 12.231 12.232 12.232 11.232 11.232 11.232 11.232 11.232 11.232 11.232 11.233 11.233 11.233 11.233 11.233 11.233 11.233 11.233 10.233 10.233 10.233 10.233 10.233 10.233 10.233 10.233 10.233 9.233 9.234 9.234 9.234 9.234 8.234 8.234 8.234 8.234 8.234 7.234 7.234 7.234 7.234 6.234 6.234 6.234 6.234 5.234 5.234 5.235 4.235 4.235 4.235 4.235 4.235 4.236 4.236 4.236 4.237 4.237 4.237 4.237 4.238 4.238 4.238 3.238 0.000
13.230 13.230 12.230 12.230 12.230 12.230 12.230 12.231 12.231 12.231 12.231 12.231 12.231 12.232 12.232 11.232 11.232 11.232 11.232 11.232 11.232 11.232 11.233 11.233 11.233 11.233 11.233 11.233 11.233 10.233 10.233 10.233 10.233 10.233 10.233 10.233 10.233 10.233 9.233 9.233 9.233 9.233 9.234 8.234 8.234 8.234 8.234 8.234 7.234 7.234 7.234 7.234 6.234 6.234 6.234 6.234 5.234 5.234 5.235 4.235 4.235 4.235 4.235 4.235 4.236 4.236 4.236 4.237 4.237 4.237 4.237 4.238 4.238 3.238 0.000 0.000
