includes/mahajanga_coast/floodfiles/results/res.dem
ncols         269
nrows         308
xllcorner     384108.384600
yllcorner     1149646.260900
cellsize      30.000000
NODATA_value  -9999.000000
[rows 224 to 255 of 308, columns 0 to 71 of 269]
-11.000 -11.000 -11.000 -11.000 -11.000 -11.000 -11.000 -11.000 -11.000 -11.000 -10.000 -10.000 -10.000 -10.000 -10.000 -10.000 -10.000 -10.000 -10.000 -10.000 -10.000 -10.000 -9.000 -9.000 -9.000 -9.000 -9.000 -8.000 -8.000 -8.000 -8.000 -8.000 -7.000 -7.000 -7.000 -7.000 -7.000 -6.000 -6.000 -6.000 -5.000 6.000 8.000 7.000 6.000 7.000 10.000 14.000 15.000 16.000 19.000 20.000 22.000 25.000 25.000 27.000 29.000 32.000 35.000 40.000 42.000 43.000 43.000 44.000 44.000 45.000 48.000 49.000 48.000 48.000 49.000 50.000
-11.000 -11.000 -11.000 -11.000 -11.000 -11.000 -11.000 -11.000 -11.000 -11.000 -11.000 -10.000 -10.000 -10.000 -10.000 -10.000 -10.000 -10.000 -10.000 -10.000 -10.000 -10.000 -9.000 -9.000 -9.000 -9.000 -9.000 -8.000 -8.000 -8.000 -8.000 -8.000 -7.000 -7.000 -7.000 -7.000 -7.000 -6.000 -6.000 -6.000 -6.000 -5.000 -5.000 4.000 5.000 5.000 7.000 10.000 10.000 10.000 11.000 15.000 21.000 24.000 25.000 25.000 26.000 27.000 31.000 37.000 40.000 40.000 40.000 42.000 42.000 42.000 44.000 44.000 45.000 46.000 47.000 50.000
-11.000 -11.000 -11.000 -11.000 -11.000 -11.000 -11.000 -11.000 -11.000 -11.000 -11.000 -11.000 -10.000 -10.000 -10.000 -10.000 -10.000 -10.000 -10.000 -10.000 -10.000 -10.000 -10.000 -9.000 -9.000 -9.000 -9.000 -9.000 -8.000 -8.000 -8.000 -8.000 -8.000 -7.000 -7.000 -7.000 -7.000 -6.000 -6.000 -6.000 -6.000 -5.000 -5.000 -5.000 -5.000 -4.000 5.000 7.000 6.000 5.000 9.000 15.000 18.000 21.000 22.000 23.000 24.000 24.000 27.000 34.000 37.000 36.000 35.000 37.000 38.000 39.000 40.000 41.000 44.000 45.000 46.000 49.000
-11.000 -11.000 -11.000 -11.000 -11.000 -11.000 -11.000 -11.000 -11.000 -11.000 -11.000 -11.000 -11.000 -10.000 -10.000 -10.000 -10.000 -10.000 -10.000 -10.000 -10.000 -10.000 -10.000 -9.000 -9.000 -9.000 -9.000 -9.000 -8.000 -8.000 -8.000 -8.000 -8.000 -7.000 -7.000 -7.000 -7.000 -6.000 -6.000 -6.000 -6.000 -5.000 -5.000 -5.000 -5.000 -4.000 -4.000 -4.000 1.000 2.000 7.000 14.000 16.000 18.000 20.000 22.000 24.000 24.000 25.000 31.000 33.000 31.000 32.000 33.000 35.000 37.000 39.000 41.000 42.000 43.000 44.000 46.000
-11.000 -11.000 -11.000 -11.000 -11.000 -11.000 -11.000 -11.000 -11.000 -11.000 -11.000 -11.000 -11.000 -11.000 -10.000 -10.000 -10.000 -10.000 -10.000 -10.000 -10.000 -10.000 -10.000 -9.000 -9.000 -9.000 -9.000 -9.000 -8.000 -8.000 -8.000 -8.000 -8.000 -7.000 -7.000 -7.000 -7.000 -7.000 -6.000 -6.000 -6.000 -5.000 -5.000 -5.000 -5.000 -4.000 -4.000 -4.000 -4.000 -3.000 4.000 9.000 12.000 15.000 18.000 20.000 21.000 22.000 24.000 27.000 26.000 27.000 27.000 29.000 32.000 35.000 38.000 39.000 41.000 42.000 42.000 43.000
-11.000 -11.000 -11.000 -11.000 -11.000 -11.000 -11.000 -11.000 -11.000 -11.000 -11.000 -11.000 -11.000 -11.000 -10.000 -10.000 -10.000 -10.000 -10.000 -10.000 -10.000 -10.000 -10.000 -10.000 -9.000 -9.000 -9.000 -9.000 -9.000 -8.000 -8.000 -8.000 -8.000 -8.000 -7.000 -7.000 -7.000 -7.000 -6.000 -6.000 -6.000 -6.000 -5.000 -5.000 -5.000 -4.000 -4.000 -4.000 -4.000 -3.000 -3.000 6.000 9.000 13.000 16.000 17.000 19.000 20.000 22.000 24.000 22.000 23.000 25.000 27.000 31.000 35.000 36.000 37.000 39.000 41.000 40.000 40.000
-11.000 -11.000 -11.000 -11.000 -11.000 -11.000 -11.000 -11.000 -11.000 -11.000 -11.000 -11.000 -11.000 -11.000 -11.000 -10.000 -10.000 -10.000 -10.000 -10.000 -10.000 -10.000 -10.000 -10.000 -9.000 -9.000 -9.000 -9.000 -9.000 -8.000 -8.000 -8.000 -8.000 -8.000 -7.000 -7.000 -7.000 -7.000 -6.000 -6.000 -6.000 -6.000 -5.000 -5.000 -5.000 -5.000 -4.000 -4.000 -4.000 -3.000 -3.000 -3.000 4.000 8.000 13.000 15.000 17.000 19.000 21.000 21.000 19.000 20.000 23.000 25.000 29.000 33.000 33.000 34.000 37.000 39.000 37.000 37.000
-11.000 -11.000 -11.000 -11.000 -11.000 -11.000 -11.000 -11.000 -11.000 -11.000 -11.000 -11.000 -11.000 -11.000 -11.000 -10.000 -10.000 -10.000 -10.000 -10.000 -10.000 -10.000 -10.000 -10.000 -9.000 -9.000 -9.000 -9.000 -9.000 -8.000 -8.000 -8.000 -8.000 -8.000 -7.000 -7.000 -7.000 -7.000 -6.000 -6.000 -6.000 -6.000 -5.000 -5.000 -5.000 -5.000 -4.000 -4.000 -4.000 -3.000 -3.000 -3.000 4.000 8.000 13.000 15.000 17.000 19.000 21.000 21.000 19.000 20.000 23.000 25.000 29.000 33.000 33.000 34.000 37.000 39.000 37.000 37.000
-11.000 -11.000 -11.000 -11.000 -11.000 -11.000 -11.000 -11.000 -11.000 -11.000 -11.000 -11.000 -11.000 -11.000 -11.000 -11.000 -10.000 -10.000 -10.000 -10.000 -10.000 -10.000 -10.000 -10.000 -9.000 -9.000 -9.000 -9.000 -9.000 -8.000 -8.000 -8.000 -8.000 -8.000 -7.000 -7.000 -7.000 -7.000 -6.000 -6.000 -6.000 -6.000 -5.000 -5.000 -5.000 -5.000 -4.000 -4.000 -4.000 -4.000 -3.000 -3.000 1.000 3.000 8.000 12.000 17.000 17.000 18.000 18.000 17.000 17.000 20.000 23.000 26.000 28.000 30.000 32.000 34.000 36.000 35.000 35.000
-11.000 -11.000 -11.000 -11.000 -11.000 -11.000 -11.000 -11.000 -11.000 -11.000 -11.000 -11.000 -11.000 -11.000 -11.000 -11.000 -11.000 -10.000 -10.000 -10.000 -10.000 -10.000 -10.000 -10.000 -10.000 -9.000 -9.000 -9.000 -9.000 -9.000 -8.000 -8.000 -8.000 -8.000 -8.000 -7.000 -7.000 -7.000 -7.000 -6.000 -6.000 -6.000 -5.000 -5.000 -5.000 -5.000 -4.000 -4.000 -4.000 -4.000 -3.000 -3.000 -3.000 1.000 5.000 10.000 8.760 8.760 14.000 13.000 15.000 16.000 19.000 21.000 24.000 25.000 26.000 28.000 27.000 31.000 32.000 32.000
-11.000 -11.000 -11.000 -11.000 -11.000 -11.000 -11.000 -11.000 -11.000 -11.000 -11.000 -11.000 -11.000 -11.000 -11.000 -11.000 -11.000 -11.000 -10.000 -10.000 -10.000 -10.000 -10.000 -10.000 -10.000 -9.000 -9.000 -9.000 -9.000 -9.000 -8.000 -8.000 -8.000 -8.000 -8.000 -7.000 -7.000 -7.000 -7.000 -6.000 -6.000 -6.000 -6.000 -5.000 -5.000 -5.000 -4.000 -4.000 -4.000 -4.000 -3.000 -3.000 -3.000 4.000 7.000 8.000 8.000 8.760 8.760 11.000 14.000 18.000 19.000 20.000 21.000 23.000 24.000 22.000 24.000 27.000 26.000 27.000
-11.000 -11.000 -11.000 -11.000 -11.000 -11.000 -11.000 -11.000 -11.000 -11.000 -11.000 -11.000 -11.000 -11.000 -11.000 -11.000 -11.000 -11.000 -11.000 -11.000 -10.000 -10.000 -10.000 -10.000 -10.000 -9.000 -9.000 -9.000 -9.000 -9.000 -8.000 -8.000 -8.000 -8.000 -8.000 -7.000 -7.000 -7.000 -7.000 -6.000 -6.000 -6.000 -6.000 -5.000 -5.000 -5.000 -5.000 -4.000 -4.000 -4.000 -3.000 -3.000 -3.000 -3.000 7.000 6.000 7.000 8.000 8.760 12.000 15.000 18.000 19.000 18.000 20.000 22.000 23.000 22.000 24.000 25.000 24.000 24.000
-11.000 -11.000 -11.000 -11.000 -11.000 -11.000 -11.000 -11.000 -11.000 -11.000 -11.000 -11.000 -11.000 -11.000 -11.000 -11.000 -11.000 -11.000 -11.000 -11.000 -11.000 -10.000 -10.000 -10.000 -10.000 -10.000 -9.000 -9.000 -9.000 -9.000 -9.000 -8.000 -8.000 -8.000 -8.000 -8.000 -7.000 -7.000 -7.000 -6.000 -6.000 -6.000 -6.000 -5.000 -5.000 -5.000 -5.000 -4.000 -4.000 -4.000 -4.000 -3.000 -3.000 -3.000 -2.000 5.000 6.000 7.000 8.760 11.000 14.000 18.000 17.000 17.000 19.000 22.000 22.000 21.000 23.000 25.000 23.000 23.000
-11.000 -11.000 -11.000 -11.000 -11.000 -11.000 -11.000 -11.000 -11.000 -11.000 -11.000 -11.000 -11.000 -11.000 -11.000 -11.000 -11.000 -11.000 -11.000 -11.000 -11.000 -10.000 -10.000 -10.000 -10.000 -10.000 -9.000 -9.000 -9.000 -9.000 -9.000 -8.000 -8.000 -8.000 -8.000 -8.000 -7.000 -7.000 -7.000 -7.000 -6.000 -6.000 -6.000 -5.000 -5.000 -5.000 -5.000 -4.000 -4.000 -4.000 -4.000 -3.000 -3.000 -3.000 -2.000 -2.000 -2.000 6.000 8.760 11.000 15.000 17.000 17.000 16.000 16.000 19.000 19.000 20.000 22.000 25.000 22.000 22.000
-11.000 -11.000 -11.000 -11.000 -11.000 -11.000 -11.000 -11.000 -11.000 -11.000 -11.000 -11.000 -11.000 -11.000 -11.000 -11.000 -11.000 -11.000 -11.000 -11.000 -11.000 -10.000 -10.000 -10.000 -10.000 -10.000 -9.000 -9.000 -9.000 -9.000 -9.000 -8.000 -8.000 -8.000 -8.000 -8.000 -7.000 -7.000 -7.000 -7.000 -6.000 -6.000 -6.000 -6.000 -5.000 -5.000 -5.000 -4.000 -4.000 -4.000 -4.000 -3.000 -3.000 -3.000 -3.000 -2.000 -2.000 4.000 8.760 13.000 14.000 16.000 17.000 16.000 14.000 14.000 16.000 18.000 21.000 23.000 21.000 20.000
-11.000 -11.000 -11.000 -11.000 -11.000 -11.000 -11.000 -11.000 -11.000 -11.000 -11.000 -11.000 -11.000 -11.000 -11.000 -11.000 -11.000 -11.000 -11.000 -11.000 -11.000 -11.000 -10.000 -10.000 -10.000 -10.000 -10.000 -9.000 -9.000 -9.000 -9.000 -9.000 -8.000 -8.000 -8.000 -8.000 -7.000 -7.000 -7.000 -7.000 -6.000 -6.000 -6.000 -6.000 -5.000 -5.000 -5.000 -5.000 -4.000 -4.000 -4.000 -3.000 -3.000 -3.000 -3.000 -2.000 -2.000 5.000 8.760 13.000 14.000 14.000 16.000 16.000 13.000 13.000 14.000 17.000 18.000 18.000 17.000 16.000
-11.000 -11.000 -11.000 -11.000 -11.000 -11.000 -11.000 -11.000 -11.000 -11.000 -11.000 -11.000 -11.000 -11.000 -11.000 -11.000 -11.000 -11.000 -11.000 -11.000 -11.000 -11.000 -10.000 -10.000 -10.000 -10.000 -10.000 -9.000 -9.000 -9.000 -9.000 -9.000 -8.000 -8.000 -8.000 -8.000 -8.000 -7.000 -7.000 -7.000 -6.000 -6.000 -6.000 -6.000 -5.000 -5.000 -5.000 -5.000 -4.000 -4.000 -4.000 -4.000 -3.000 -3.000 -3.000 -3.000 -2.000 8.000 8.760 13.000 15.000 14.000 14.000 13.000 13.000 13.000 13.000 14.000 15.000 15.000 15.000 15.000
-11.000 -11.000 -11.000 -11.000 -11.000 -11.000 -11.000 -11.000 -11.000 -11.000 -11.000 -11.000 -11.000 -11.000 -11.000 -11.000 -11.000 -11.000 -11.000 -11.000 -11.000 -11.000 -10.000 -10.000 -10.000 -10.000 -10.000 -9.000 -9.000 -9.000 -9.000 -9.000 -8.000 -8.000 -8.000 -8.000 -8.000 -7.000 -7.000 -7.000 -7.000 -6.000 -6.000 -6.000 -5.000 -5.000 -5.000 -5.000 -4.000 -4.000 -4.000 -4.000 -3.000 -3.000 -3.000 -3.000 -3.000 9.000 8.760 13.000 15.000 15.000 14.000 13.000 13.000 14.000 12.000 10.000 12.000 14.000 14.000 13.000
-11.000 -11.000 -11.000 -11.000 -11.000 -11.000 -11.000 -11.000 -11.000 -11.000 -11.000 -11.000 -11.000 -11.000 -11.000 -11.000 -11.000 -11.000 -11.000 -11.000 -11.000 -11.000 -11.000 -10.000 -10.000 -10.000 -10.000 -10.000 -9.000 -9.000 -9.000 -9.000 -9.000 -8.000 -8.000 -8.000 -8.000 -7.000 -7.000 -7.000 -7.000 -6.000 -6.000 -6.000 -6.000 -5.000 -5.000 -5.000 -4.000 -4.000 -4.000 -4.000 -4.000 -3.000 -3.000 -3.000 -3.000 6.000 8.760 12.000 15.000 14.000 14.000 14.000 14.000 15.000 12.000 9.000 11.000 13.000 13.000 10.000
-11.000 -11.000 -11.000 -11.000 -11.000 -11.000 -11.000 -11.000 -11.000 -11.000 -11.000 -11.000 -11.000 -11.000 -11.000 -11.000 -11.000 -11.000 -11.000 -11.000 -11.000 -11.000 -11.000 -10.000 -10.000 -10.000 -10.000 -10.000 -9.000 -9.000 -9.000 -9.000 -9.000 -8.000 -8.000 -8.000 -8.000 -7.000 -7.000 -7.000 -7.000 -6.000 -6.000 -6.000 -6.000 -5.000 -5.000 -5.000 -5.000 -4.000 -4.000 -4.000 -4.000 -3.000 -3.000 -3.000 -3.000 8.760 8.760 12.000 14.000 15.000 15.000 15.000 13.000 13.000 13.000 12.000 12.000 13.000 12.000 10.000
-11.000 -11.000 -11.000 -11.000 -11.000 -11.000 -11.000 -11.000 -11.000 -11.000 -11.000 -11.000 -11.000 -11.000 -11.000 -11.000 -11.000 -11.000 -11.000 -11.000 -11.000 -11.000 -11.000 -10.000 -10.000 -10.000 -10.000 -10.000 -9.000 -9.000 -9.000 -9.000 -9.000 -9.000 -8.000 -8.000 -8.000 -8.000 -7.000 -7.000 -7.000 -7.000 -6.000 -6.000 -6.000 -6.000 -5.000 -5.000 -5.000 -4.000 -4.000 -4.000 -4.000 -4.000 -3.000 -3.000 -3.000 8.760 11.000 13.000 15.000 16.000 18.000 17.000 14.000 12.000 13.000 13.000 13.000 12.000 10.000 10.000
-11.000 -11.000 -11.000 -11.000 -11.000 -11.000 -11.000 -11.000 -11.000 -11.000 -11.000 -11.000 -11.000 -11.000 -11.000 -11.000 -11.000 -11.000 -11.000 -11.000 -11.000 -11.000 -11.000 -10.000 -10.000 -10.000 -10.000 -10.000 -9.000 -9.000 -9.000 -9.000 -9.000 -9.000 -8.000 -8.000 -8.000 -8.000 -7.000 -7.000 -7.000 -7.000 -6.000 -6.000 -6.000 -6.000 -5.000 -5.000 -5.000 -5.000 -4.000 -4.000 -4.000 -4.000 -4.000 -3.000 -3.000 8.760 11.000 15.000 17.000 17.000 18.000 18.000 15.000 13.000 12.000 12.000 12.000 10.000 9.000 10.000
-10.000 -11.000 -11.000 -11.000 -11.000 -11.000 -11.000 -11.000 -11.000 -11.000 -11.000 -11.000 -11.000 -11.000 -11.000 -11.000 -11.000 -11.000 -11.000 -11.000 -11.000 -11.000 -10.000 -10.000 -10.000 -10.000 -10.000 -10.000 -10.000 -9.000 -9.000 -9.000 -9.000 -9.000 -9.000 -8.000 -8.000 -8.000 -8.000 -7.000 -7.000 -7.000 -7.000 -6.000 -6.000 -6.000 -6.000 -5.000 -5.000 -5.000 -5.000 -4.000 -4.000 -4.000 -4.000 -3.000 -3.000 8.760 10.000 15.000 17.000 17.000 16.000 16.000 14.000 13.000 14.000 13.000 12.000 11.000 12.000 11.000
-10.000 -10.000 -11.000 -11.000 -11.000 -11.000 -11.000 -11.000 -11.000 -11.000 -11.000 -11.000 -11.000 -11.000 -11.000 -11.000 -11.000 -11.000 -11.000 -11.000 -11.000 -11.000 -10.000 -10.000 -10.000 -10.000 -10.000 -10.000 -10.000 -9.000 -9.000 -9.000 -9.000 -9.000 -9.000 -9.000 -8.000 -8.000 -8.000 -8.000 -7.000 -7.000 -7.000 -7.000 -6.000 -6.000 -6.000 -6.000 -5.000 -5.000 -5.000 -5.000 -4.000 -4.000 -4.000 -4.000 7.000 8.760 10.000 13.000 15.000 17.000 15.000 14.000 12.000 14.000 15.000 13.000 11.000 12.000 13.000 13.000
-10.000 -10.000 -10.000 -11.000 -11.000 -11.000 -11.000 -11.000 -11.000 -11.000 -11.000 -11.000 -11.000 -11.000 -11.000 -11.000 -11.000 -11.000 -11.000 -11.000 -11.000 -11.000 -10.000 -10.000 -10.000 -10.000 -10.000 -10.000 -10.000 -9.000 -9.000 -9.000 -9.000 -9.000 -9.000 -9.000 -8.000 -8.000 -8.000 -8.000 -7.000 -7.000 -7.000 -7.000 -6.000 -6.000 -6.000 -6.000 -5.000 -5.000 -5.000 -5.000 -5.000 -4.000 -4.000 -4.000 6.000 8.760 10.000 12.000 14.000 13.000 12.000 11.000 11.000 13.000 14.000 12.000 11.000 11.000 13.000 13.000
-10.000 -10.000 -10.000 -10.000 -11.000 -11.000 -11.000 -11.000 -11.000 -11.000 -11.000 -11.000 -11.000 -11.000 -11.000 -11.000 -11.000 -11.000 -11.000 -11.000 -11.000 -10.000 -10.000 -10.000 -10.000 -10.000 -10.000 -10.000 -10.000 -10.000 -9.000 -9.000 -9.000 -9.000 -9.000 -9.000 -9.000 -8.000 -8.000 -8.000 -8.000 -7.000 -7.000 -7.000 -7.000 -6.000 -6.000 -6.000 -6.000 -5.000 -5.000 -5.000 -5.000 -4.000 -4.000 -4.000 -4.000 8.760 10.000 11.000 12.000 10.000 9.000 9.000 10.000 11.000 13.000 10.000 10.000 11.000 12.000 13.000
-10.000 -10.000 -10.000 -10.000 -10.000 -11.000 -11.000 -11.000 -11.000 -11.000 -11.000 -11.000 -11.000 -11.000 -11.000 -11.000 -11.000 -11.000 -11.000 -11.000 -11.000 -10.000 -10.000 -10.000 -10.000 -10.000 -10.000 -10.000 -10.000 -10.000 -9.000 -9.000 -9.000 -9.000 -9.000 -9.000 -9.000 -8.000 -8.000 -8.000 -8.000 -8.000 -7.000 -7.000 -7.000 -7.000 -6.000 -6.000 -6.000 -6.000 -5.000 -5.000 -5.000 -5.000 -4.000 -4.000 8.760 8.760 10.000 10.000 9.000 9.000 8.000 8.000 9.000 9.000 10.000 8.000 9.000 9.000 10.000 11.000
-10.000 -10.000 -10.000 -10.000 -10.000 -10.000 -10.000 -10.000 -10.000 -10.000 -10.000 -10.000 -10.000 -10.000 -10.000 -10.000 -10.000 -10.000 -10.000 -10.000 -10.000 -10.000 -10.000 -10.000 -10.000 -10.000 -10.000 -10.000 -10.000 -10.000 -10.000 -9.000 -9.000 -9.000 -9.000 -9.000 -9.000 -9.000 -8.000 -8.000 -8.000 -8.000 -7.000 -7.000 -7.000 -7.000 -7.000 -6.000 -6.000 -6.000 -6.000 -5.000 -5.000 -5.000 -5.000 -4.000 8.760 8.000 9.000 9.000 10.000 10.000 9.000 8.000 7.000 7.000 8.000 8.000 9.000 9.000 9.000 10.000
-10.000 -10.000 -10.000 -10.000 -10.000 -10.000 -10.000 -10.000 -10.000 -10.000 -10.000 -10.000 -10.000 -10.000 -10.000 -10.000 -10.000 -10.000 -10.000 -10.000 -10.000 -10.000 -10.000 -10.000 -10.000 -10.000 -10.000 -10.000 -10.000 -10.000 -10.000 -10.000 -9.000 -9.000 -9.000 -9.000 -9.000 -9.000 -9.000 -8.000 -8.000 -8.000 -8.000 -7.000 -7.000 -7.000 -7.000 -6.000 -6.000 -6.000 -6.000 -6.000 -5.000 -5.000 -5.000 -4.000 8.760 7.000 8.000 9.000 10.000 11.000 10.000 8.000 7.000 7.000 6.000 8.000 10.000 10.000 8.000 9.000
-10.000 -10.000 -10.000 -10.000 -10.000 -10.000 -10.000 -10.000 -10.000 -10.000 -10.000 -10.000 -10.000 -10.000 -10.000 -10.000 -10.000 -10.000 -10.000 -10.000 -10.000 -10.000 -10.000 -10.000 -10.000 -10.000 -10.000 -10.000 -10.000 -10.000 -10.000 -10.000 -10.000 -9.000 -9.000 -9.000 -9.000 -9.000 -9.000 -8.000 -8.000 -8.000 -8.000 -8.000 -7.000 -7.000 -7.000 -7.000 -6.000 -6.000 -6.000 -6.000 -5.000 -5.000 -5.000 -5.000 8.760 7.000 7.000 7.000 9.000 10.000 9.000 7.000 7.000 6.000 6.000 7.000 8.000 9.000 9.000 9.000
-10.000 -10.000 -10.000 -10.000 -10.000 -10.000 -10.000 -10.000 -10.000 -10.000 -10.000 -10.000 -10.000 -10.000 -10.000 -10.000 -10.000 -10.000 -10.000 -10.000 -10.000 -10.000 -10.000 -10.000 -10.000 -10.000 -10.000 -10.000 -10.000 -10.000 -10.000 -10.000 -10.000 -10.000 -10.000 -9.000 -9.000 -9.000 -9.000 -9.000 -8.000 -8.000 -8.000 -8.000 -8.000 -7.000 -7.000 -7.000 -7.000 -6.000 -6.000 -6.000 -6.000 -5.000 -5.000 -5.000 8.760 7.000 7.000 7.000 8.000 8.000 8.000 7.000 7.000 7.000 6.000 6.000 5.000 7.000 8.000 8.000
-10.000 -10.000 -10.000 -10.000 -10.000 -10.000 -10.000 -10.000 -10.000 -10.000 -10.000 -10.000 -10.000 -10.000 -10.000 -10.000 -10.000 -10.000 -10.000 -10.000 -10.000 -10.000 -10.000 -10.000 -10.000 -10.000 -10.000 -10.000 -10.000 -10.000 -10.000 -10.000 -10.000 -10.000 -10.000 -10.000 -9.000 -9.000 -9.000 -9.000 -9.000 -8.000 -8.000 -8.000 -8.000 -7.000 -7.000 -7.000 -7.000 -7.000 -6.000 -6.000 -6.000 -5.000 -5.000 -5.000 8.760 6.000 7.000 7.000 8.000 9.000 8.000 8.760 6.000 6.000 6.000 6.000 5.000 6.000 7.000 8.000
