includes/mahajanga_coast/floodfiles/results/res.dem
ncols         269
nrows         308
xllcorner     384108.384600
yllcorner     1149646.260900
cellsize      30.000000
NODATA_value  -9999.000000
[rows 192 to 223 of 308, columns 144 to 215 of 269]
10.000 9.000 11.000 13.000 14.000 16.000 17.000 17.000 18.000 19.000 20.000 20.000 20.000 19.000 18.000 18.000 18.000 18.000 19.000 18.000 16.000 14.000 15.000 17.000 17.000 17.000 16.000 16.000 15.000 15.000 16.000 16.000 18.000 18.000 19.000 20.000 20.000 19.000 18.000 19.000 19.000 20.000 20.000 20.000 20.000 20.000 21.000 22.000 22.000 23.000 23.000 23.000 21.000 16.000 13.000 12.000 13.000 15.000 17.000 16.000 15.000 15.000 16.000 17.000 19.000 21.000 24.000 24.000 24.000 22.000 20.000 21.000
11.000 10.000 10.000 12.000 14.000 15.000 15.000 15.000 16.000 17.000 18.000 18.000 18.000 17.000 16.000 16.000 15.000 16.000 17.000 16.000 15.000 14.000 15.000 16.000 16.000 16.000 16.000 16.000 15.000 14.000 14.000 16.000 18.000 19.000 20.000 22.000 22.000 20.000 19.000 21.000 22.000 21.000 21.000 21.000 20.000 20.000 21.000 22.000 22.000 22.000 22.000 21.000 20.000 15.000 13.000 12.000 12.000 14.000 16.000 16.000 14.000 16.000 17.000 18.000 20.000 24.000 25.000 25.000 24.000 22.000 21.000 21.000
10.000 11.000 12.000 12.000 12.000 12.000 12.000 13.000 15.000 16.000 16.000 16.000 17.000 17.000 15.000 13.000 12.000 13.000 15.000 15.000 16.000 14.000 13.000 14.000 14.000 14.000 15.000 15.000 15.000 14.000 14.000 17.000 20.000 19.000 20.000 22.000 22.000 20.000 20.000 22.000 22.000 21.000 20.000 21.000 20.000 20.000 21.000 21.000 21.000 21.000 20.000 19.000 19.000 17.000 14.000 13.000 13.000 13.000 15.000 14.000 14.000 16.000 18.000 19.000 21.000 24.000 25.000 25.000 24.000 24.000 23.000 21.000
10.000 10.000 11.000 11.000 10.000 10.000 10.000 11.000 13.000 14.000 14.000 14.000 15.000 15.000 14.000 12.000 12.000 12.000 13.000 14.000 15.000 14.000 13.000 12.000 12.000 12.000 13.000 13.000 14.000 14.000 15.000 18.000 19.000 19.000 20.000 21.000 20.000 19.000 20.000 21.000 23.000 22.000 20.000 19.000 19.000 19.000 20.000 21.000 21.000 20.000 19.000 18.000 18.000 19.000 18.000 16.000 15.000 15.000 14.000 13.000 13.000 16.000 18.000 18.000 20.000 22.000 24.000 24.000 24.000 24.000 24.000 24.000
8.000 9.000 9.000 9.000 11.000 10.000 10.000 10.000 12.000 12.000 12.000 12.000 13.000 13.000 13.000 12.000 11.000 11.000 12.000 12.000 13.000 12.000 11.000 12.000 11.000 11.000 11.000 12.000 14.000 15.000 17.000 18.000 20.000 20.000 20.000 20.000 19.000 18.000 19.000 20.000 21.000 21.000 20.000 19.000 18.000 19.000 21.000 20.000 20.000 20.000 19.000 18.000 19.000 20.000 20.000 18.000 16.000 15.000 14.000 13.000 13.000 15.000 18.000 18.000 18.000 20.000 21.000 23.000 24.000 24.000 25.000 24.000
8.000 8.000 8.000 8.000 10.000 10.000 9.000 10.000 11.000 11.000 11.000 11.000 11.000 12.000 11.000 11.000 11.000 10.000 10.000 10.000 11.000 11.000 10.000 11.000 11.000 11.000 11.000 12.000 14.000 16.000 16.000 17.000 19.000 20.000 19.000 19.000 19.000 18.000 17.000 18.000 18.000 19.000 20.000 19.000 19.000 20.000 21.000 22.000 20.000 20.000 21.000 20.000 20.000 21.000 21.000 18.000 16.000 15.000 14.000 13.000 13.000 15.000 18.000 18.000 17.000 18.000 19.000 22.000 24.000 25.000 25.000 25.000
8.000 8.000 8.000 7.000 8.000 8.000 9.000 10.000 10.000 10.000 9.000 9.000 9.000 10.000 10.000 10.000 10.000 9.000 9.000 10.000 10.000 10.000 9.000 11.000 11.000 12.000 12.000 13.000 14.000 15.000 16.000 17.000 18.000 18.000 18.000 18.000 18.000 17.000 16.000 16.000 17.000 18.000 19.000 19.000 19.000 20.000 22.000 22.000 22.000 22.000 21.000 21.000 21.000 21.000 20.000 18.000 16.000 15.000 15.000 14.000 15.000 17.000 18.000 19.000 17.000 17.000 19.000 22.000 24.000 25.000 25.000 26.000
8.000 8.000 8.000 7.000 7.000 8.000 8.000 9.000 9.000 8.000 8.000 8.000 8.000 8.000 9.000 9.000 10.000 9.000 10.000 11.000 10.000 9.000 10.000 12.000 14.000 14.000 13.000 13.000 13.000 14.000 15.000 17.000 17.000 17.000 16.000 16.000 16.000 16.000 16.000 16.000 16.000 17.000 18.000 18.000 18.000 18.000 20.000 20.000 21.000 22.000 22.000 22.000 22.000 21.000 20.000 19.000 17.000 16.000 16.000 17.000 18.000 18.000 19.000 19.000 18.000 18.000 20.000 22.000 24.000 25.000 25.000 26.000
8.000 9.000 8.000 7.000 6.000 7.000 8.000 8.000 8.000 8.000 7.000 8.000 8.000 8.000 9.000 9.000 11.000 12.000 13.000 13.000 12.000 11.000 13.000 17.000 18.000 17.000 15.000 12.000 14.000 15.000 15.000 16.000 18.000 17.000 16.000 15.000 16.000 16.000 16.000 16.000 15.000 16.000 17.000 16.000 16.000 16.000 17.000 18.000 19.000 20.000 21.000 21.000 22.000 21.000 20.000 19.000 18.000 18.000 17.000 18.000 19.000 19.000 20.000 20.000 18.000 18.000 19.000 20.000 22.000 24.000 25.000 26.000
9.000 9.000 8.000 6.000 6.000 7.000 7.000 7.000 8.000 8.000 8.000 8.000 8.000 8.000 9.000 10.000 13.000 15.000 16.000 15.000 14.000 15.000 18.000 20.000 19.000 18.000 15.000 15.000 16.000 16.000 15.000 15.000 17.000 18.000 17.000 15.000 15.000 16.000 16.000 16.000 16.000 16.000 16.000 16.000 16.000 16.000 17.000 17.000 17.000 18.000 19.000 20.000 21.000 21.000 21.000 20.000 19.000 18.000 18.000 19.000 20.000 20.000 21.000 21.000 19.000 18.000 19.000 21.000 22.000 23.000 26.000 28.000
9.000 8.000 7.000 6.000 6.000 7.000 6.000 6.000 8.000 9.000 8.000 9.000 9.000 9.000 10.000 12.000 16.000 17.000 17.000 16.000 16.000 17.000 19.000 20.000 19.000 18.000 17.000 17.000 17.000 15.000 14.000 15.000 17.000 18.000 17.000 15.000 15.000 15.000 15.000 16.000 16.000 16.000 16.000 17.000 17.000 18.000 17.000 17.000 16.000 17.000 18.000 18.000 19.000 22.000 21.000 20.000 19.000 18.000 19.000 21.000 22.000 22.000 22.000 22.000 21.000 20.000 22.000 23.000 24.000 24.000 26.000 28.000
9.000 8.000 7.000 6.000 7.000 6.000 6.000 7.000 8.000 9.000 10.000 11.000 11.000 12.000 13.000 14.000 16.000 18.000 18.000 16.000 16.000 17.000 18.000 19.000 20.000 19.000 18.000 18.000 17.000 15.000 15.000 16.000 17.000 17.000 16.000 15.000 14.000 14.000 15.000 17.000 17.000 17.000 17.000 18.000 19.000 18.000 17.000 15.000 14.000 16.000 17.000 17.000 17.000 20.000 20.000 19.000 19.000 20.000 21.000 22.000 23.000 22.000 22.000 22.000 23.000 23.000 25.000 26.000 26.000 25.000 26.000 28.000
9.000 8.000 7.000 6.000 6.000 6.000 7.000 7.000 7.000 7.000 9.000 10.000 11.000 12.000 13.000 15.000 16.000 18.000 18.000 17.000 17.000 18.000 18.000 20.000 21.000 20.000 19.000 18.000 18.000 17.000 17.000 18.000 17.000 16.000 15.000 15.000 15.000 15.000 16.000 17.000 18.000 18.000 18.000 19.000 19.000 18.000 16.000 15.000 15.000 16.000 17.000 17.000 17.000 19.000 19.000 18.000 20.000 22.000 22.000 23.000 23.000 23.000 22.000 23.000 24.000 24.000 25.000 26.000 27.000 26.000 27.000 29.000
8.000 7.000 6.000 6.000 6.000 7.000 7.000 7.000 7.000 7.000 8.000 8.000 9.000 10.000 11.000 13.000 15.000 17.000 18.000 18.000 19.000 19.000 19.000 21.000 22.000 23.000 21.000 19.000 19.000 19.000 19.000 19.000 17.000 15.000 15.000 15.000 16.000 16.000 17.000 17.000 18.000 18.000 19.000 19.000 19.000 18.000 17.000 16.000 16.000 17.000 17.000 17.000 17.000 18.000 18.000 18.000 20.000 22.000 23.000 23.000 23.000 23.000 23.000 24.000 24.000 24.000 24.000 25.000 27.000 28.000 29.000 30.000
6.000 6.000 6.000 5.000 6.000 7.000 7.000 7.000 7.000 7.000 7.000 8.000 8.000 9.000 8.000 10.000 13.000 16.000 17.000 19.000 20.000 20.000 19.000 21.000 23.000 24.000 23.000 20.000 19.000 19.000 19.000 18.000 17.000 16.000 16.000 16.000 16.000 16.000 17.000 17.000 18.000 18.000 19.000 20.000 20.000 18.000 16.000 16.000 16.000 17.000 17.000 17.000 17.000 18.000 18.000 19.000 21.000 22.000 23.000 24.000 23.000 23.000 24.000 25.000 25.000 25.000 24.000 24.000 27.000 28.000 29.000 29.000
6.000 5.000 4.000 4.000 5.000 7.000 7.000 7.000 6.000 7.000 7.000 7.000 7.000 7.000 7.000 8.000 12.000 15.000 18.000 20.000 22.000 21.000 20.000 21.000 24.000 25.000 23.000 20.000 20.000 20.000 19.000 18.000 17.000 17.000 16.000 15.000 15.000 16.000 17.000 17.000 17.000 18.000 18.000 20.000 19.000 17.000 16.000 16.000 17.000 18.000 17.000 16.000 17.000 19.000 20.000 21.000 22.000 23.000 24.000 25.000 24.000 23.000 24.000 25.000 25.000 24.000 23.000 22.000 24.000 26.000 26.000 27.000
5.000 4.000 4.000 4.000 4.000 6.000 7.000 7.000 6.000 6.000 6.000 6.000 7.000 8.000 7.000 8.000 11.000 14.000 17.000 21.000 23.000 23.000 21.000 22.000 24.000 24.000 22.000 21.000 21.000 23.000 22.000 20.000 19.000 18.000 17.000 16.000 15.000 16.000 17.000 16.000 16.000 17.000 18.000 19.000 18.000 17.000 16.000 17.000 19.000 19.000 18.000 17.000 16.000 20.000 21.000 23.000 23.000 24.000 25.000 25.000 24.000 22.000 22.000 24.000 24.000 24.000 23.000 22.000 23.000 25.000 26.000 25.000
5.000 6.000 6.000 5.000 4.000 5.000 7.000 7.000 7.000 6.000 6.000 6.000 6.000 7.000 8.000 9.000 11.000 14.000 17.000 20.000 23.000 23.000 21.000 22.000 23.000 24.000 23.000 22.000 22.000 23.000 23.000 22.000 21.000 20.000 18.000 16.000 16.000 16.000 16.000 16.000 16.000 17.000 17.000 18.000 18.000 17.000 17.000 18.000 19.000 20.000 19.000 18.000 17.000 20.000 22.000 22.000 23.000 25.000 25.000 25.000 23.000 21.000 21.000 23.000 24.000 24.000 24.000 23.000 24.000 26.000 26.000 25.000
6.000 8.000 8.000 6.000 5.000 5.000 6.000 7.000 6.000 6.000 6.000 5.000 4.000 6.000 8.000 9.000 11.000 14.000 17.000 20.000 22.000 22.000 22.000 22.000 23.000 24.000 24.000 24.000 23.000 22.000 22.000 22.000 21.000 20.000 18.000 16.000 16.000 16.000 16.000 16.000 16.000 16.000 17.000 18.000 19.000 19.000 18.000 18.000 18.000 19.000 20.000 19.000 18.000 21.000 23.000 23.000 24.000 25.000 25.000 24.000 23.000 22.000 22.000 23.000 23.000 23.000 24.000 24.000 24.000 26.000 26.000 24.000
5.000 7.000 7.000 6.000 5.000 6.000 6.000 6.000 6.000 6.000 6.000 5.000 3.000 4.000 6.000 9.000 11.000 13.000 15.000 18.000 20.000 22.000 22.000 23.000 24.000 24.000 24.000 24.000 23.000 22.000 21.000 20.000 19.000 19.000 18.000 17.000 16.000 16.000 16.000 16.000 16.000 16.000 17.000 18.000 20.000 20.000 19.000 19.000 19.000 20.000 20.000 19.000 19.000 22.000 24.000 24.000 24.000 23.000 23.000 23.000 24.000 24.000 24.000 23.000 23.000 23.000 23.000 24.000 25.000 26.000 26.000 25.000
4.000 5.000 5.000 5.000 6.000 6.000 5.000 5.000 6.000 6.000 6.000 6.000 4.000 3.000 4.000 8.000 11.000 12.000 14.000 16.000 19.000 21.000 23.000 24.000 24.000 24.000 23.000 22.000 22.000 22.000 20.000 19.000 18.000 18.000 17.000 16.000 16.000 16.000 17.000 17.000 17.000 16.000 16.000 18.000 19.000 20.000 21.000 21.000 22.000 22.000 21.000 20.000 20.000 22.000 23.000 23.000 22.000 22.000 21.000 22.000 23.000 24.000 24.000 24.000 23.000 23.000 23.000 25.000 26.000 27.000 27.000 27.000
5.000 4.000 4.000 4.000 6.000 6.000 5.000 5.000 6.000 7.000 7.000 7.000 6.000 5.000 5.000 8.000 11.000 11.000 14.000 16.000 17.000 19.000 22.000 24.000 24.000 23.000 21.000 20.000 19.000 19.000 18.000 17.000 17.000 17.000 16.000 15.000 15.000 15.000 17.000 18.000 18.000 16.000 15.000 17.000 19.000 21.000 22.000 23.000 23.000 23.000 23.000 23.000 23.000 22.000 22.000 22.000 22.000 22.000 22.000 23.000 23.000 23.000 24.000 24.000 24.000 24.000 24.000 25.000 27.000 28.000 28.000 27.000
6.000 6.000 5.000 5.000 7.000 7.000 5.000 5.000 6.000 6.000 7.000 7.000 7.000 6.000 6.000 8.000 9.000 11.000 14.000 16.000 16.000 17.000 19.000 22.000 23.000 21.000 20.000 19.000 17.000 18.000 17.000 16.000 16.000 15.000 14.000 14.000 14.000 14.000 16.000 16.000 17.000 16.000 15.000 16.000 18.000 20.000 22.000 23.000 23.000 23.000 24.000 25.000 24.000 21.000 22.000 23.000 23.000 24.000 25.000 24.000 23.000 23.000 24.000 25.000 25.000 24.000 24.000 25.000 27.000 28.000 27.000 27.000
6.000 8.000 8.000 7.000 7.000 6.000 5.000 5.000 5.000 6.000 6.000 6.000 5.000 5.000 4.000 5.000 7.000 10.000 13.000 15.000 15.000 16.000 17.000 19.000 20.000 19.000 19.000 18.000 18.000 17.000 17.000 15.000 14.000 14.000 14.000 14.000 13.000 13.000 13.000 14.000 14.000 15.000 15.000 16.000 18.000 19.000 21.000 21.000 21.000 21.000 23.000 24.000 24.000 20.000 23.000 24.000 25.000 25.000 26.000 26.000 24.000 24.000 24.000 24.000 24.000 24.000 25.000 26.000 28.000 28.000 27.000 27.000
6.000 8.000 7.000 6.000 4.000 3.000 3.000 5.000 5.000 6.000 5.000 4.000 4.000 2.000 2.000 4.000 7.000 10.000 11.000 12.000 14.000 15.000 16.000 17.000 18.000 17.000 17.000 18.000 17.000 16.000 15.000 13.000 12.000 12.000 14.000 13.000 12.000 11.000 12.000 12.000 13.000 14.000 15.000 16.000 18.000 19.000 21.000 21.000 20.000 20.000 22.000 23.000 24.000 21.000 23.000 25.000 25.000 26.000 27.000 26.000 26.000 25.000 25.000 24.000 24.000 25.000 27.000 28.000 28.000 28.000 27.000 28.000
7.000 8.000 7.000 6.000 4.000 2.000 4.000 6.000 5.000 6.000 5.000 6.000 4.000 3.000 3.000 5.000 7.000 8.000 10.000 11.000 13.000 14.000 13.000 15.000 16.000 16.000 15.000 16.000 15.000 14.000 12.000 10.000 9.000 11.000 11.000 11.000 10.000 10.000 11.000 12.000 12.000 13.000 14.000 16.000 17.000 18.000 19.000 20.000 20.000 21.000 22.000 23.000 23.000 22.000 23.000 24.000 26.000 27.000 27.000 26.000 26.000 27.000 26.000 25.000 25.000 27.000 28.000 29.000 29.000 28.000 28.000 29.000
7.000 7.000 7.000 7.000 5.000 4.000 5.000 6.000 6.000 6.000 8.000 7.000 5.000 4.000 5.000 6.000 6.000 7.000 8.000 14.857 12.000 12.000 12.000 14.000 14.000 14.000 14.000 13.000 12.000 11.000 10.000 8.000 8.000 8.000 8.000 8.000 7.000 8.000 10.000 11.000 12.000 12.000 14.000 15.000 15.000 15.000 18.000 20.000 21.000 22.000 23.000 23.000 22.000 23.000 23.000 24.000 26.000 27.000 28.000 27.000 27.000 27.000 26.000 25.000 25.000 26.000 27.000 28.000 28.000 29.000 30.000 30.000
7.000 7.000 7.000 6.000 6.000 6.000 6.000 7.000 7.000 7.000 8.000 9.000 7.000 7.000 6.000 5.000 5.000 14.857 14.857 14.857 11.000 10.000 10.000 11.000 12.000 12.000 13.000 11.000 9.000 9.000 8.000 7.000 7.000 7.000 7.000 7.000 7.000 7.000 9.000 11.000 11.000 12.000 14.000 15.000 15.000 15.000 17.000 19.000 21.000 22.000 23.000 22.000 21.000 23.000 24.000 25.000 26.000 28.000 29.000 28.000 28.000 26.000 25.000 25.000 25.000 25.000 25.000 26.000 28.000 29.000 30.000 30.000
8.000 8.000 7.000 6.000 7.000 7.000 7.000 7.000 7.000 8.000 8.000 8.000 8.000 7.000 4.000 4.000 5.000 14.857 9.000 8.000 8.000 8.000 9.000 10.000 10.000 11.000 11.000 9.000 8.000 7.000 7.000 5.000 6.000 8.000 8.000 8.000 8.000 8.000 9.000 10.000 12.000 14.000 15.000 16.000 16.000 16.000 17.000 20.000 21.000 22.000 22.000 21.000 20.000 23.000 25.000 26.000 27.000 29.000 29.000 29.000 28.000 26.000 25.000 24.000 24.000 24.000 24.000 25.000 26.000 28.000 29.000 28.000
8.000 8.000 7.000 7.000 9.000 9.000 8.000 7.000 7.000 8.000 8.000 7.000 7.000 7.000 4.000 4.000 14.857 14.857 7.000 6.000 6.000 6.000 7.000 8.000 9.000 10.000 10.000 8.000 7.000 7.000 7.000 6.000 7.000 8.000 8.000 8.000 8.000 10.000 10.000 11.000 13.000 16.000 17.000 17.000 17.000 16.000 17.000 19.000 20.000 21.000 21.000 21.000 22.000 25.000 25.000 26.000 28.000 28.000 28.000 28.000 27.000 25.000 24.000 23.000 23.000 23.000 23.000 23.000 24.000 24.000 25.000 26.000
7.000 8.000 9.000 10.000 11.000 11.000 10.000 8.000 7.000 8.000 8.000 7.000 7.000 6.000 6.000 14.857 14.857 7.000 6.000 5.000 6.000 5.000 5.000 7.000 8.000 9.000 9.000 8.000 7.000 7.000 7.000 6.000 7.000 8.000 8.000 8.000 10.000 10.000 11.000 12.000 14.000 14.000 15.000 16.000 17.000 17.000 18.000 20.000 21.000 21.000 21.000 22.000 23.000 24.000 25.000 26.000 27.000 27.000 26.000 25.000 24.000 24.000 23.000 22.000 22.000 22.000 22.000 23.000 23.000 22.000 23.000 24.000
8.000 10.000 12.000 12.000 14.000 15.000 14.000 10.000 8.000 9.000 8.000 7.000 7.000 6.000 7.000 14.857 6.000 5.000 6.000 6.000 6.000 5.000 5.000 6.000 7.000 8.000 8.000 7.000 6.000 6.000 6.000 6.000 7.000 7.000 8.000 10.000 11.000 12.000 12.000 13.000 14.000 14.000 14.000 16.000 17.000 17.000 18.000 21.000 22.000 22.000 23.000 24.000 25.000 25.000 25.000 26.000 27.000 26.000 25.000 24.000 24.000 24.000 23.000 22.000 22.000 22.000 22.000 22.000 22.000 22.000 22.000 22.000
