includes/mahajanga_coast/floodfiles/results/res.inittm
ncols         269
nrows         308
xllcorner     384108.384600
yllcorner     1149646.260900
cellsize      30.000000
NODATA_value  -9999.000000
[rows 232 to 260 of 308, columns 192 to 255 of 269]
-9999.000 -9999.000 -9999.000 -9999.000 -9999.000 -9999.000 -9999.000 -9999.000 -9999.000 -9999.000 -9999.000 -9999.000 -9999.000 -9999.000 -9999.000 -9999.000 -9999.000 -9999.000 -9999.000 -9999.000 -9999.000 -9999.000 -9999.000 -9999.000 -9999.000 -9999.000 -9999.000 -9999.000 -9999.000 -9999.000 -9999.000 -9999.000 -9999.000 -9999.000 -9999.000 -9999.000 -9999.000 -9999.000 -9999.000 -9999.000 -9999.000 -9999.000 -9999.000 -9999.000 -9999.000 -9999.000 -9999.000 -9999.000 -9999.000 -9999.000 -9999.000 -9999.000 -9999.000 -9999.000 -9999.000 -9999.000 -9999.000 -9999.000 -9999.000 -9999.000 -9999.000 -9999.000 -9999.000 8.341
-9999.000 -9999.000 -9999.000 -9999.000 -9999.000 -9999.000 -9999.000 -9999.000 -9999.000 -9999.000 -9999.000 -9999.000 -9999.000 -9999.000 -9999.000 -9999.000 -9999.000 -9999.000 -9999.000 -9999.000 -9999.000 -9999.000 -9999.000 -9999.000 -9999.000 -9999.000 -9999.000 -9999.000 -9999.000 -9999.000 -9999.000 -9999.000 -9999.000 -9999.000 -9999.000 -9999.000 -9999.000 -9999.000 -9999.000 -9999.000 -9999.000 -9999.000 -9999.000 -9999.000 -9999.000 -9999.000 -9999.000 -9999.000 -9999.000 -9999.000 -9999.000 -9999.000 -9999.000 -9999.000 -9999.000 -9999.000 -9999.000 -9999.000 -9999.000 -9999.000 -9999.000 -9999.000 9.117 7.939
-9999.000 -9999.000 -9999.000 -9999.000 -9999.000 -9999.000 -9999.000 -9999.000 -9999.000 -9999.000 -9999.000 -9999.000 -9999.000 -9999.000 -9999.000 -9999.000 -9999.000 -9999.000 -9999.000 -9999.000 -9999.000 -9999.000 -9999.000 -9999.000 -9999.000 -9999.000 -9999.000 -9999.000 -9999.000 -9999.000 -9999.000 -9999.000 -9999.000 -9999.000 -9999.000 -9999.000 -9999.000 -9999.000 -9999.000 -9999.000 -9999.000 -9999.000 -9999.000 -9999.000 -9999.000 -9999.000 -9999.000 -9999.000 -9999.000 -9999.000 -9999.000 -9999.000 -9999.000 -9999.000 -9999.000 -9999.000 -9999.000 -9999.000 -9999.000 -9999.000 -9999.000 -9999.000 9.115 7.910
-9999.000 -9999.000 -9999.000 -9999.000 -9999.000 -9999.000 -9999.000 -9999.000 -9999.000 -9999.000 -9999.000 -9999.000 -9999.000 -9999.000 -9999.000 -9999.000 -9999.000 -9999.000 -9999.000 -9999.000 -9999.000 -9999.000 -9999.000 -9999.000 -9999.000 -9999.000 -9999.000 -9999.000 -9999.000 -9999.000 -9999.000 -9999.000 -9999.000 -9999.000 -9999.000 -9999.000 -9999.000 -9999.000 -9999.000 -9999.000 -9999.000 -9999.000 -9999.000 -9999.000 -9999.000 -9999.000 -9999.000 -9999.000 -9999.000 -9999.000 -9999.000 -9999.000 -9999.000 -9999.000 -9999.000 -9999.000 -9999.000 -9999.000 9.423 -9999.000 -9999.000 9.116 8.030 7.891
-9999.000 -9999.000 -9999.000 -9999.000 -9999.000 -9999.000 -9999.000 -9999.000 -9999.000 -9999.000 -9999.000 -9999.000 -9999.000 -9999.000 -9999.000 -9999.000 -9999.000 -9999.000 -9999.000 -9999.000 -9999.000 -9999.000 -9999.000 -9999.000 -9999.000 -9999.000 -9999.000 -9999.000 -9999.000 -9999.000 -9999.000 -9999.000 -9999.000 -9999.000 -9999.000 -9999.000 -9999.000 -9999.000 -9999.000 -9999.000 -9999.000 -9999.000 -9999.000 9.076 7.230 7.239 9.080 9.130 9.085 9.131 -9999.000 -9999.000 -9999.000 -9999.000 -9999.000 -9999.000 -9999.000 9.373 9.349 -9999.000 -9999.000 8.344 7.963 7.874
-9999.000 -9999.000 -9999.000 -9999.000 -9999.000 -9999.000 -9999.000 -9999.000 -9999.000 -9999.000 -9999.000 -9999.000 -9999.000 -9999.000 -9999.000 -9999.000 -9999.000 -9999.000 -9999.000 -9999.000 -9999.000 -9999.000 -9999.000 -9999.000 -9999.000 -9999.000 -9999.000 -9999.000 -9999.000 -9999.000 -9999.000 -9999.000 -9999.000 -9999.000 -9999.000 -9999.000 -9999.000 -9999.000 -9999.000 -9999.000 -9999.000 9.077 7.413 7.230 7.138 7.230 -9999.000 -9999.000 7.277 9.079 -9999.000 -9999.000 -9999.000 -9999.000 -9999.000 -9999.000 -9999.000 9.322 9.279 -9999.000 9.119 8.344 7.948 7.906
-9999.000 -9999.000 -9999.000 -9999.000 -9999.000 -9999.000 -9999.000 -9999.000 -9999.000 -9999.000 -9999.000 -9999.000 -9999.000 -9999.000 -9999.000 -9999.000 -9999.000 -9999.000 9.095 -9999.000 -9999.000 -9999.000 -9999.000 -9999.000 -9999.000 -9999.000 -9999.000 -9999.000 -9999.000 -9999.000 -9999.000 -9999.000 -9999.000 -9999.000 -9999.000 -9999.000 -9999.000 -9999.000 -9999.000 9.085 7.288 7.246 7.240 7.231 7.061 7.229 -9999.000 7.418 7.240 7.423 9.089 -9999.000 -9999.000 -9999.000 -9999.000 -9999.000 -9999.000 9.274 9.221 9.159 9.119 8.360 8.344 -9999.000
-9999.000 -9999.000 -9999.000 -9999.000 -9999.000 -9999.000 -9999.000 -9999.000 -9999.000 -9999.000 -9999.000 6.618 6.606 9.081 -9999.000 -9999.000 -9999.000 9.095 6.516 9.086 -9999.000 -9999.000 9.193 9.118 9.092 6.330 6.331 -9999.000 -9999.000 -9999.000 -9999.000 -9999.000 -9999.000 -9999.000 -9999.000 -9999.000 -9999.000 -9999.000 -9999.000 9.088 7.420 7.417 7.416 7.230 7.015 7.138 7.230 7.233 7.236 7.422 9.089 9.143 9.178 9.191 -9999.000 -9999.000 9.296 9.261 9.216 -9999.000 9.148 9.120 -9999.000 -9999.000
-9999.000 -9999.000 -9999.000 -9999.000 -9999.000 -9999.000 -9999.000 -9999.000 -9999.000 -9999.000 -9999.000 9.081 6.341 6.324 9.084 -9999.000 -9999.000 9.102 6.459 6.407 9.102 9.135 9.115 9.119 9.095 5.555 5.586 9.092 -9999.000 -9999.000 -9999.000 -9999.000 -9999.000 -9999.000 9.744 9.242 -9999.000 -9999.000 -9999.000 -9999.000 9.081 9.078 9.073 7.412 6.955 7.010 7.228 7.198 7.167 7.416 9.075 9.098 9.135 9.139 -9999.000 -9999.000 9.239 9.219 9.169 9.119 9.085 9.122 -9999.000 -9999.000
6.733 6.732 -9999.000 -9999.000 -9999.000 -9999.000 -9999.000 -9999.000 -9999.000 -9999.000 -9999.000 -9999.000 9.083 5.185 5.164 9.093 -9999.000 9.102 6.395 6.341 9.091 -9999.000 9.095 9.138 -9999.000 5.547 5.568 -9999.000 6.386 6.331 -9999.000 9.101 -9999.000 -9999.000 -9999.000 9.177 9.152 -9999.000 -9999.000 -9999.000 6.615 7.023 7.024 6.937 6.924 6.925 7.142 7.175 7.161 7.150 7.417 7.420 9.082 9.080 7.435 9.089 9.158 9.188 9.130 9.077 6.809 9.079 9.088 9.142
6.432 6.450 6.731 -9999.000 -9999.000 -9999.000 -9999.000 -9999.000 -9999.000 -9999.000 -9999.000 -9999.000 9.087 5.148 5.087 5.132 9.102 9.102 6.341 5.109 6.333 6.336 6.336 9.086 6.328 5.267 6.326 9.087 6.336 5.311 6.320 6.382 -9999.000 -9999.000 -9999.000 -9999.000 9.094 -9999.000 -9999.000 9.097 6.540 6.560 6.591 6.921 6.914 6.918 6.935 6.963 7.149 6.993 6.971 7.149 7.149 7.149 7.419 7.436 9.084 9.107 9.091 6.809 6.498 6.470 6.407 9.084
6.525 6.405 6.347 6.320 -9999.000 -9999.000 -9999.000 9.095 9.099 9.095 -9999.000 9.090 6.327 5.082 5.021 5.073 9.102 9.102 6.340 5.000 4.896 4.930 5.545 5.546 5.147 5.156 5.547 6.336 6.328 5.283 5.303 9.088 9.106 -9999.000 -9999.000 9.084 6.318 6.318 6.365 9.079 6.507 6.523 6.604 6.848 6.905 6.912 6.928 6.948 6.965 6.972 6.944 6.912 6.871 6.819 7.419 9.076 7.420 7.396 6.594 6.517 6.477 6.402 6.338 6.333
6.460 6.391 6.320 4.323 6.318 9.090 6.317 2.937 4.317 6.322 9.093 6.334 5.080 5.021 4.978 5.020 9.097 9.154 9.090 4.926 4.869 4.891 4.914 5.071 5.128 5.147 6.329 9.087 6.328 5.258 5.280 6.338 6.403 6.333 6.321 5.096 4.883 5.097 6.318 6.375 6.441 6.510 6.574 6.668 6.861 6.904 6.913 6.930 6.955 6.992 6.911 6.865 6.836 6.776 7.412 7.409 7.400 6.759 6.514 6.471 6.430 6.343 4.985 4.885
6.393 6.329 6.320 3.020 2.978 6.316 4.318 2.901 2.937 6.321 9.093 6.334 5.028 4.962 4.949 4.981 6.343 9.096 9.095 6.329 4.812 4.869 4.923 5.010 6.334 6.339 9.091 9.091 6.318 5.236 5.258 6.340 6.333 4.820 4.706 4.573 4.570 6.315 6.361 6.412 6.464 6.516 6.563 6.587 6.622 6.891 6.908 6.922 6.954 6.950 6.895 6.835 6.764 6.694 6.733 6.773 6.759 6.641 6.556 6.479 6.434 6.347 4.901 4.810
6.320 4.329 4.320 2.978 2.930 2.882 2.843 2.866 4.318 9.098 -9999.000 9.090 4.983 4.950 4.923 6.327 6.334 6.365 6.328 4.676 4.742 6.332 6.344 9.089 9.107 9.101 9.093 6.328 5.236 5.215 5.238 6.340 6.333 4.706 4.626 4.544 4.539 6.319 6.369 6.407 6.415 6.482 6.509 6.463 6.535 6.890 9.084 7.039 6.976 6.917 6.853 6.775 6.694 6.623 6.673 6.724 6.778 6.739 6.641 7.396 9.084 6.346 4.858 4.708
2.966 2.927 2.908 2.921 2.889 2.843 2.450 2.838 6.318 -9999.000 -9999.000 -9999.000 6.339 6.332 4.901 4.883 4.872 6.320 4.668 4.621 6.327 6.366 6.326 6.328 9.090 9.092 6.334 6.375 6.318 5.194 6.320 6.382 9.090 6.323 4.564 4.508 4.498 6.333 6.399 6.335 6.335 6.400 6.508 6.407 6.460 6.891 9.083 6.982 6.998 7.073 7.149 7.257 7.286 6.556 6.619 6.677 7.406 7.403 7.402 9.093 9.091 6.335 4.798 4.649
2.927 2.879 2.879 2.923 2.888 2.843 2.417 2.386 9.094 -9999.000 -9999.000 -9999.000 -9999.000 9.094 4.886 4.872 4.719 4.681 4.618 4.567 6.327 6.319 4.368 4.322 6.320 6.322 4.694 6.326 6.318 5.176 5.177 6.326 6.387 6.333 4.504 4.443 4.410 6.333 6.335 4.630 4.725 6.327 6.354 6.370 6.377 6.892 6.918 6.925 6.861 6.973 7.073 7.170 7.239 6.489 9.087 9.095 9.094 9.094 9.107 9.091 6.351 4.835 4.502 4.555
4.318 2.838 2.838 2.879 4.320 4.319 2.386 2.351 6.320 9.101 -9999.000 -9999.000 9.097 9.091 6.340 6.324 4.776 4.599 4.567 4.511 4.445 4.372 4.320 3.099 4.321 4.377 4.417 4.694 4.718 4.742 4.828 5.175 6.326 6.333 4.448 4.384 4.294 6.324 6.335 4.526 4.630 4.677 6.328 6.333 6.336 9.086 6.927 6.839 6.783 6.852 6.591 6.532 6.479 6.426 9.084 9.095 9.095 9.095 9.090 6.336 6.399 6.338 4.462 4.484
4.314 2.170 2.170 4.316 4.357 6.316 2.839 2.316 2.838 4.320 6.315 9.089 6.574 6.719 9.089 9.086 4.775 4.434 4.619 6.323 4.409 4.326 3.100 3.077 4.317 4.363 4.433 4.472 4.506 4.561 4.551 4.531 4.515 6.336 6.322 4.291 3.374 4.287 6.321 4.444 4.465 4.554 4.575 5.005 5.007 6.324 9.083 6.783 6.744 6.706 6.660 6.456 6.426 6.365 6.338 6.338 6.338 6.338 6.327 4.329 6.332 6.329 4.388 4.422
1.142 1.155 1.166 2.832 4.316 9.084 6.311 2.281 2.244 2.205 4.316 6.324 6.342 6.420 9.090 9.093 6.316 4.404 4.538 6.321 4.405 4.373 4.319 3.057 3.057 4.323 6.321 5.174 4.865 4.551 4.496 4.462 4.432 9.093 -9999.000 6.318 3.248 3.240 4.287 4.378 4.437 4.490 4.520 4.547 4.711 5.006 9.089 9.086 6.719 6.740 6.612 6.484 6.435 6.338 4.973 4.956 4.386 4.357 4.329 3.219 3.191 4.322 4.329 4.368
1.134 1.147 1.159 1.171 1.183 4.313 2.835 2.834 2.832 2.171 2.832 6.314 6.322 6.386 6.328 4.326 4.326 4.346 4.469 4.393 4.325 4.325 4.319 3.044 3.044 4.315 6.325 9.090 4.701 4.558 4.473 4.432 4.366 6.322 -9999.000 6.318 3.240 3.177 3.197 4.295 4.398 4.451 4.507 4.537 4.605 5.006 6.329 -9999.000 6.702 6.719 9.085 9.096 9.079 6.392 6.329 4.956 4.403 4.354 4.329 3.191 3.160 3.129 3.096 4.323
1.126 1.138 1.151 1.164 1.177 1.191 1.203 1.215 1.225 1.236 1.247 1.259 1.271 9.082 6.317 2.173 2.173 4.318 6.316 4.325 2.859 2.837 2.859 2.872 2.898 2.905 6.322 9.096 6.320 4.721 6.322 6.318 4.295 3.043 3.146 4.287 3.372 3.168 3.186 4.286 4.340 6.320 -9999.000 9.089 5.006 5.021 6.329 6.387 6.424 9.087 -9999.000 9.087 6.787 9.085 9.086 6.336 4.750 4.750 6.335 6.343 6.329 4.326 3.062 3.028
1.119 1.131 1.144 1.157 1.171 1.184 1.198 1.212 1.224 1.235 1.247 1.259 1.271 1.284 1.297 1.309 1.322 1.335 4.314 6.311 2.832 2.171 2.832 2.857 2.890 2.866 4.325 9.090 6.317 5.177 -9999.000 9.084 2.868 2.859 2.883 3.146 4.285 3.160 3.172 3.186 6.318 9.089 9.096 9.096 9.082 6.329 6.376 6.435 6.489 9.097 -9999.000 6.685 6.484 6.440 6.352 6.340 4.957 4.957 6.340 9.088 9.092 6.334 4.327 2.995
1.112 1.124 1.137 1.151 1.165 1.179 1.193 1.208 1.222 1.234 1.246 1.258 1.271 1.284 1.297 1.310 1.323 1.336 1.349 1.362 1.375 1.387 1.399 6.311 4.310 2.835 4.311 6.313 2.835 6.313 -9999.000 6.316 2.835 2.845 2.873 2.923 3.146 3.148 3.160 4.287 9.089 9.096 4.367 4.325 4.325 6.318 6.371 9.082 6.547 9.104 9.096 6.565 6.457 6.352 5.031 4.998 4.971 4.971 5.371 6.340 9.095 9.088 6.325 2.962
1.104 1.118 1.131 1.146 1.160 1.174 1.188 1.203 1.218 1.233 1.246 1.258 1.271 1.285 1.299 1.313 1.326 1.339 1.352 1.365 1.378 1.390 1.402 1.413 1.424 1.434 1.444 1.454 1.464 4.309 6.313 2.832 2.171 2.832 2.841 2.864 2.877 3.057 4.290 6.317 -9999.000 9.086 4.318 3.746 3.730 4.325 6.318 9.088 9.104 -9999.000 6.723 6.389 6.426 6.352 5.075 5.013 4.998 4.998 5.027 5.373 6.352 6.341 4.331 2.929
1.098 1.112 1.126 1.140 1.155 1.170 1.185 1.200 1.215 1.230 1.245 1.259 1.273 1.286 1.299 1.312 1.325 1.338 1.351 1.364 1.378 1.391 1.402 1.413 1.424 1.434 1.445 1.454 1.464 1.474 1.483 1.696 1.698 1.696 2.832 2.845 2.873 3.146 -9999.000 6.327 3.883 4.315 3.806 3.730 3.711 4.320 4.330 6.334 -9999.000 -9999.000 9.089 6.340 6.340 6.352 5.373 5.371 5.030 5.371 5.373 5.396 6.352 6.328 4.330 2.898
1.091 1.106 1.121 1.136 1.152 1.167 1.182 1.197 1.213 1.228 1.243 1.258 1.272 1.286 1.299 1.312 1.326 1.339 1.352 1.364 1.376 1.389 1.401 1.413 1.423 1.434 1.445 1.455 1.464 1.474 1.483 1.491 1.534 1.545 2.169 4.292 3.147 6.316 -9999.000 6.327 3.842 3.801 3.765 3.733 3.691 3.676 3.684 6.327 9.096 9.095 6.328 4.809 4.810 6.327 6.340 5.392 5.373 6.340 9.095 9.095 6.340 4.453 4.382 4.323
1.086 1.102 1.119 1.134 1.150 1.166 1.182 1.197 1.213 1.229 1.245 1.260 1.275 1.289 1.302 1.315 1.327 1.340 1.352 1.364 1.377 1.389 1.401 1.413 1.423 1.434 1.444 1.454 1.464 1.474 1.483 1.533 1.542 1.549 1.699 6.313 6.323 9.083 -9999.000 9.081 4.318 3.767 3.730 3.701 3.678 3.663 3.663 3.663 4.325 6.322 4.807 4.474 4.671 5.017 6.327 6.332 6.352 9.095 -9999.000 -9999.000 6.318 4.440 4.377 4.322
1.078 1.094 1.110 1.126 1.142 1.158 1.173 1.188 1.204 1.221 1.237 1.253 1.270 1.287 1.302 1.316 1.328 1.340 1.353 1.365 1.378 1.391 1.402 1.413 1.423 1.434 1.444 1.454 1.464 1.473 1.482 1.534 1.696 1.699 2.169 4.307 6.319 6.320 4.322 4.323 4.369 6.320 6.320 4.320 3.662 3.313 3.278 3.255 3.663 4.334 4.370 4.442 4.808 5.017 5.039 5.064 6.326 9.087 9.090 4.989 4.476 4.432 4.409 4.360
