includes/mahajanga_coast/floodfiles/results/res.inittm
ncols         269
nrows         308
xllcorner     384108.384600
yllcorner     1149646.260900
cellsize      30.000000
NODATA_value  -9999.000000
[rows 232 to 260 of 308, columns 128 to 191 of 269]
-9999.000 -9999.000 -9999.000 -9999.000 -9999.000 -9999.000 -9999.000 -9999.000 -9999.000 -9999.000 -9999.000 -9999.000 -9999.000 -9999.000 -9999.000 -9999.000 -9999.000 -9999.000 -9999.000 -9999.000 -9999.000 -9999.000 -9999.000 -9999.000 -9999.000 -9999.000 -9999.000 -9999.000 -9999.000 -9999.000 -9999.000 -9999.000 -9999.000 9.107 5.148 5.109 5.079 5.056 5.038 4.689 5.039 6.321 9.093 -9999.000 -9999.000 6.330 2.718 2.732 2.746 4.321 -9999.000 -9999.000 -9999.000 -9999.000 -9999.000 -9999.000 -9999.000 -9999.000 -9999.000 -9999.000 -9999.000 -9999.000 -9999.000 -9999.000
-9999.000 -9999.000 -9999.000 -9999.000 -9999.000 -9999.000 -9999.000 -9999.000 -9999.000 -9999.000 -9999.000 -9999.000 -9999.000 -9999.000 -9999.000 -9999.000 -9999.000 -9999.000 -9999.000 -9999.000 -9999.000 -9999.000 -9999.000 -9999.000 -9999.000 -9999.000 -9999.000 -9999.000 -9999.000 -9999.000 -9999.000 -9999.000 -9999.000 9.099 5.112 5.083 5.066 5.040 4.583 4.511 4.689 5.039 6.327 -9999.000 -9999.000 6.323 2.702 2.717 2.732 4.310 -9999.000 -9999.000 -9999.000 -9999.000 -9999.000 -9999.000 -9999.000 -9999.000 -9999.000 -9999.000 -9999.000 -9999.000 -9999.000 -9999.000
-9999.000 -9999.000 -9999.000 -9999.000 -9999.000 -9999.000 -9999.000 -9999.000 -9999.000 -9999.000 -9999.000 -9999.000 -9999.000 -9999.000 -9999.000 -9999.000 -9999.000 -9999.000 -9999.000 10.153 -9999.000 -9999.000 -9999.000 -9999.000 -9999.000 -9999.000 10.118 10.118 10.131 -9999.000 10.177 -9999.000 -9999.000 -9999.000 5.246 5.246 6.318 5.040 4.533 4.483 5.030 5.027 6.319 9.094 9.091 4.315 2.690 2.880 2.885 2.906 6.315 -9999.000 -9999.000 -9999.000 -9999.000 -9999.000 -9999.000 -9999.000 -9999.000 -9999.000 -9999.000 -9999.000 -9999.000 -9999.000
-9999.000 -9999.000 -9999.000 -9999.000 -9999.000 -9999.000 -9999.000 -9999.000 -9999.000 -9999.000 -9999.000 -9999.000 -9999.000 -9999.000 -9999.000 -9999.000 -9999.000 -9999.000 10.153 10.135 10.115 10.095 -9999.000 -9999.000 10.077 -9999.000 9.883 9.870 10.117 10.132 10.154 -9999.000 -9999.000 -9999.000 6.320 6.322 9.090 9.090 6.318 4.439 4.393 4.344 4.322 6.314 4.315 2.689 2.471 2.597 4.312 2.930 2.957 6.320 -9999.000 -9999.000 -9999.000 -9999.000 -9999.000 -9999.000 -9999.000 -9999.000 -9999.000 -9999.000 -9999.000 -9999.000
-9999.000 -9999.000 -9999.000 -9999.000 -9999.000 -9999.000 -9999.000 -9999.000 -9999.000 -9999.000 -9999.000 -9999.000 -9999.000 -9999.000 -9999.000 -9999.000 -9999.000 -9999.000 -9999.000 -9999.000 -9999.000 10.078 10.079 10.076 9.847 10.078 9.865 9.849 9.849 10.118 -9999.000 -9999.000 -9999.000 -9999.000 5.577 5.562 6.322 6.322 5.031 4.424 4.353 4.322 2.904 2.883 2.688 2.273 0.001 2.273 4.322 6.318 2.976 3.167 6.323 6.331 6.373 9.094 -9999.000 -9999.000 -9999.000 -9999.000 -9999.000 -9999.000 -9999.000 -9999.000
-9999.000 -9999.000 -9999.000 -9999.000 -9999.000 -9999.000 -9999.000 -9999.000 -9999.000 -9999.000 -9999.000 -9999.000 -9999.000 -9999.000 -9999.000 -9999.000 10.221 10.211 -9999.000 -9999.000 -9999.000 9.822 9.556 9.534 9.825 10.080 9.849 9.602 9.589 9.589 9.992 -9999.000 -9999.000 9.104 5.562 5.136 5.096 5.069 5.054 6.322 9.093 9.092 6.317 2.883 2.471 0.001 0.001 2.223 4.326 6.319 4.321 4.312 4.354 4.644 6.327 6.316 -9999.000 -9999.000 -9999.000 -9999.000 -9999.000 -9999.000 -9999.000 -9999.000
-9999.000 -9999.000 -9999.000 -9999.000 -9999.000 -9999.000 -9999.000 -9999.000 -9999.000 -9999.000 -9999.000 -9999.000 -9999.000 -9999.000 -9999.000 -9999.000 10.211 10.040 -9999.000 -9999.000 -9999.000 9.300 9.330 9.491 10.077 -9999.000 10.116 9.589 9.260 9.224 9.657 -9999.000 -9999.000 -9999.000 6.321 5.560 5.106 5.083 6.322 -9999.000 -9999.000 -9999.000 6.329 2.883 2.497 2.293 2.204 2.184 4.318 4.329 6.315 4.387 6.318 9.090 6.313 4.329 9.089 -9999.000 -9999.000 -9999.000 -9999.000 -9999.000 -9999.000 -9999.000
-9999.000 -9999.000 -9999.000 -9999.000 -9999.000 -9999.000 -9999.000 -9999.000 -9999.000 -9999.000 -9999.000 -9999.000 -9999.000 -9999.000 -9999.000 -9999.000 10.211 9.813 10.039 -9999.000 -9999.000 9.242 9.304 9.413 10.067 9.949 10.053 9.588 9.218 9.174 9.356 -9999.000 -9999.000 -9999.000 6.322 6.322 5.298 5.299 6.341 -9999.000 -9999.000 9.106 6.330 4.319 2.378 2.269 2.206 2.166 1.712 2.833 4.319 4.351 4.326 6.315 4.326 2.932 4.326 -9999.000 -9999.000 -9999.000 -9999.000 9.175 9.176 -9999.000
-9999.000 -9999.000 -9999.000 -9999.000 -9999.000 -9999.000 -9999.000 -9999.000 -9999.000 -9999.000 -9999.000 -9999.000 -9999.000 -9999.000 -9999.000 -9999.000 -9999.000 9.315 9.236 9.547 9.161 9.169 9.190 9.404 -9999.000 9.821 9.963 9.847 9.202 9.149 9.193 -9999.000 9.089 6.316 4.330 6.318 5.314 5.316 6.332 9.106 -9999.000 -9999.000 6.325 4.321 2.883 2.883 4.313 2.837 1.691 1.219 2.831 4.317 2.860 2.879 2.898 2.896 2.991 9.113 -9999.000 -9999.000 -9999.000 9.099 9.099 9.142
-9999.000 -9999.000 -9999.000 -9999.000 -9999.000 -9999.000 -9999.000 -9999.000 -9999.000 -9999.000 -9999.000 -9999.000 -9999.000 -9999.000 -9999.000 -9999.000 -9999.000 -9999.000 9.217 9.118 9.103 9.107 9.175 9.354 9.534 9.676 -9999.000 10.117 9.173 9.123 9.110 9.087 6.315 3.585 3.597 6.317 5.335 5.560 9.095 -9999.000 -9999.000 -9999.000 6.317 4.312 2.904 2.904 4.320 6.312 1.219 1.202 1.189 1.187 2.831 2.836 2.878 2.855 2.931 9.101 -9999.000 -9999.000 9.089 6.322 6.379 9.084
-9999.000 -9999.000 -9999.000 -9999.000 -9999.000 -9999.000 -9999.000 -9999.000 -9999.000 -9999.000 -9999.000 -9999.000 -9999.000 -9999.000 -9999.000 -9999.000 -9999.000 -9999.000 9.105 9.093 7.063 9.090 9.143 9.244 9.379 9.537 -9999.000 -9999.000 9.148 9.093 6.318 4.327 3.211 3.159 3.585 6.317 5.561 5.573 9.095 -9999.000 -9999.000 9.091 4.319 3.171 2.918 2.918 4.319 -9999.000 9.087 1.184 1.169 1.169 1.169 1.171 4.316 2.834 2.877 6.319 -9999.000 9.094 4.677 4.722 6.322 6.391
-9999.000 -9999.000 -9999.000 -9999.000 -9999.000 -9999.000 9.775 9.775 -9999.000 -9999.000 -9999.000 -9999.000 -9999.000 -9999.000 -9999.000 -9999.000 -9999.000 -9999.000 7.060 6.591 6.624 7.059 9.095 -9999.000 -9999.000 -9999.000 -9999.000 -9999.000 9.093 6.318 3.586 3.131 3.102 3.127 6.312 9.080 5.575 5.581 6.328 9.097 9.092 6.325 4.319 3.171 2.943 2.943 6.315 9.086 6.315 1.167 1.150 1.151 1.152 1.154 1.157 1.161 4.318 4.352 6.327 6.330 4.621 4.677 9.097 9.097
-9999.000 -9999.000 -9999.000 -9999.000 -9999.000 -9999.000 9.725 9.749 -9999.000 -9999.000 -9999.000 -9999.000 -9999.000 -9999.000 -9999.000 -9999.000 7.086 7.062 6.567 6.544 6.584 6.565 9.088 -9999.000 -9999.000 -9999.000 -9999.000 9.099 4.386 4.333 3.586 3.120 3.084 3.102 4.324 6.317 6.326 5.649 5.653 5.715 6.340 6.326 4.364 4.310 3.169 2.968 6.310 4.359 4.322 1.150 1.131 1.133 1.135 1.137 1.140 1.146 1.153 4.319 6.327 6.330 4.562 6.315 9.115 9.114
-9999.000 -9999.000 -9999.000 -9999.000 -9999.000 9.709 9.575 9.695 -9999.000 -9999.000 -9999.000 -9999.000 -9999.000 -9999.000 -9999.000 9.095 7.080 7.061 6.531 6.497 6.541 6.505 7.060 -9999.000 -9999.000 -9999.000 -9999.000 4.465 4.422 4.375 4.333 4.321 3.066 3.087 3.098 4.327 9.084 6.324 5.715 6.326 9.084 9.087 6.321 6.325 6.317 3.171 3.185 4.313 2.835 2.162 1.113 1.117 1.118 1.121 1.125 1.130 1.139 1.147 6.312 9.089 4.501 4.440 9.102 9.101
-9999.000 -9999.000 -9999.000 -9999.000 -9999.000 9.320 9.439 -9999.000 -9999.000 -9999.000 -9999.000 -9999.000 -9999.000 9.437 9.422 9.112 9.093 9.092 6.492 6.453 6.478 6.436 7.060 9.091 9.096 6.435 6.375 6.324 6.324 6.323 6.312 3.060 3.047 3.064 3.088 4.327 9.102 9.082 6.329 9.085 -9999.000 -9999.000 9.088 6.383 9.090 4.307 3.203 6.315 6.315 4.320 1.095 1.100 1.101 1.105 1.110 1.115 1.125 1.133 1.139 6.312 6.315 4.375 4.329 6.320
-9999.000 -9999.000 -9999.000 -9999.000 -9999.000 9.300 9.362 -9999.000 -9999.000 -9999.000 -9999.000 -9999.000 -9999.000 -9999.000 -9999.000 9.101 7.085 7.061 6.451 6.412 6.440 6.395 -9999.000 9.097 6.389 6.446 9.091 9.103 9.096 9.100 4.323 3.046 3.035 4.320 6.312 -9999.000 -9999.000 -9999.000 9.085 -9999.000 -9999.000 -9999.000 9.099 6.437 9.084 6.312 4.312 6.322 -9999.000 6.308 1.078 1.083 1.085 1.090 1.095 1.101 1.112 1.120 1.126 1.133 4.318 4.322 2.875 2.924
-9999.000 -9999.000 -9999.000 -9999.000 -9999.000 9.254 -9999.000 -9999.000 -9999.000 -9999.000 -9999.000 -9999.000 -9999.000 -9999.000 -9999.000 9.093 7.113 9.090 6.412 6.375 6.360 6.324 9.086 6.324 6.324 9.091 9.125 9.112 6.330 6.331 4.334 3.035 2.880 4.322 6.322 9.104 -9999.000 -9999.000 6.694 -9999.000 -9999.000 9.116 9.104 9.091 6.423 6.361 6.328 6.331 6.315 2.832 1.061 1.065 1.068 1.076 1.082 1.088 1.098 1.106 1.113 1.121 2.831 2.835 2.835 2.847
-9999.000 -9999.000 -9999.000 -9999.000 -9999.000 9.196 -9999.000 -9999.000 -9999.000 -9999.000 6.321 6.318 9.092 -9999.000 9.089 6.568 9.088 9.094 6.425 6.363 6.315 4.329 4.320 2.877 2.832 4.320 6.319 6.329 4.384 6.329 9.097 4.322 2.859 2.830 2.830 2.830 9.108 9.104 6.358 9.105 9.094 6.315 6.312 9.092 9.101 9.097 6.332 4.332 2.837 2.165 1.045 1.048 1.053 1.061 1.068 1.076 1.084 1.092 1.101 1.110 1.119 1.129 2.164 2.832
-9999.000 -9999.000 -9999.000 -9999.000 -9999.000 9.119 9.114 9.115 9.089 6.323 3.084 3.039 4.308 6.314 6.333 6.553 -9999.000 -9999.000 -9999.000 -9999.000 4.328 2.831 2.865 2.832 2.133 2.171 4.316 6.309 4.320 6.313 9.094 6.311 2.821 2.104 2.105 2.106 2.826 6.317 6.318 4.319 2.829 4.317 4.365 6.309 9.116 9.179 9.102 6.318 4.320 2.832 1.029 1.032 1.038 1.048 1.056 1.063 1.072 1.081 1.090 1.099 1.109 1.119 1.130 1.140
-9999.000 -9999.000 -9999.000 -9999.000 9.097 6.709 6.692 6.390 6.340 6.319 4.306 2.988 2.943 2.903 6.320 -9999.000 -9999.000 -9999.000 -9999.000 -9999.000 4.320 2.128 2.828 2.822 2.097 2.819 0.827 0.835 0.843 0.851 0.860 0.867 0.875 0.883 0.890 0.896 2.821 4.315 4.316 2.115 2.139 4.327 4.399 4.451 9.097 9.175 9.140 9.102 6.327 9.085 1.013 1.018 1.025 1.035 1.043 1.052 1.061 1.069 1.079 1.089 1.099 1.110 1.120 1.131
-9999.000 -9999.000 -9999.000 9.093 6.716 6.703 6.691 6.410 6.377 6.365 9.090 6.316 2.886 2.866 9.095 -9999.000 -9999.000 -9999.000 -9999.000 -9999.000 4.321 2.096 2.819 0.794 0.802 0.809 0.818 0.826 0.834 0.842 0.849 0.857 0.864 0.870 0.876 0.882 0.888 0.894 0.900 1.546 2.109 9.108 -9999.000 4.498 6.322 9.126 9.196 9.111 6.319 4.317 0.999 1.005 1.013 1.023 1.032 1.041 1.050 1.059 1.069 1.079 1.089 1.100 1.111 1.123
-9999.000 -9999.000 -9999.000 -9999.000 9.102 -9999.000 -9999.000 9.099 6.374 6.322 -9999.000 -9999.000 4.311 2.827 6.315 6.322 6.364 9.102 4.377 6.309 4.315 0.768 0.776 0.783 0.791 0.799 0.807 0.814 0.822 0.828 0.835 0.842 0.848 0.855 0.860 0.867 0.872 0.878 0.885 0.892 1.549 -9999.000 -9999.000 6.322 6.383 9.124 -9999.000 9.118 4.327 2.832 0.984 0.992 1.002 1.012 1.021 1.030 1.039 1.049 1.059 1.069 1.080 1.091 1.103 1.115
9.533 9.147 9.117 -9999.000 -9999.000 -9999.000 -9999.000 -9999.000 6.322 2.828 4.322 -9999.000 6.311 2.084 1.488 1.489 6.314 9.102 4.323 4.315 0.749 0.757 0.764 0.771 0.777 0.785 0.792 0.798 0.805 0.811 0.818 0.824 0.830 0.837 0.843 0.850 0.856 0.862 0.869 0.877 0.884 -9999.000 -9999.000 9.094 6.320 9.097 -9999.000 9.095 4.316 2.155 0.970 0.980 0.990 1.000 1.009 1.018 1.029 1.039 1.050 1.060 1.071 1.083 1.094 1.107
-9999.000 9.117 4.386 6.323 -9999.000 -9999.000 -9999.000 -9999.000 9.103 1.505 1.477 2.824 4.315 1.484 0.954 0.961 4.317 9.096 0.720 0.728 0.735 0.741 0.747 0.754 0.760 0.767 0.773 0.779 0.786 0.792 0.799 0.805 0.812 0.819 0.825 0.832 0.839 0.845 0.853 0.860 0.867 0.875 0.881 0.891 0.898 0.907 0.917 0.926 2.826 0.946 0.956 0.966 0.977 0.986 0.997 1.007 1.017 1.028 1.039 1.051 1.063 1.075 1.087 1.099
-9999.000 -9999.000 4.361 6.314 -9999.000 -9999.000 -9999.000 -9999.000 -9999.000 2.078 0.921 1.475 2.822 0.664 0.673 0.682 0.689 0.696 0.703 0.710 0.716 0.722 0.728 0.735 0.741 0.747 0.754 0.760 0.767 0.773 0.780 0.787 0.793 0.800 0.807 0.813 0.820 0.827 0.834 0.842 0.849 0.857 0.864 0.873 0.881 0.891 0.900 0.910 0.920 0.930 0.941 0.952 0.962 0.972 0.983 0.994 1.005 1.017 1.029 1.041 1.054 1.066 1.079 1.091
-9999.000 -9999.000 4.322 0.558 0.565 0.573 0.581 0.590 0.599 0.608 0.618 0.628 0.637 0.646 0.655 0.662 0.670 0.676 0.683 0.689 0.696 0.702 0.709 0.715 0.721 0.728 0.734 0.741 0.747 0.754 0.761 0.767 0.774 0.781 0.788 0.795 0.802 0.809 0.816 0.823 0.830 0.839 0.846 0.855 0.864 0.873 0.882 0.892 0.902 0.913 0.924 0.936 0.947 0.958 0.969 0.981 0.993 1.005 1.018 1.031 1.044 1.058 1.071 1.084
0.517 0.522 0.528 0.535 0.543 0.551 0.559 0.569 0.578 0.588 0.598 0.608 0.618 0.626 0.634 0.642 0.649 0.656 0.662 0.669 0.675 0.682 0.688 0.695 0.702 0.709 0.715 0.721 0.728 0.735 0.742 0.748 0.756 0.762 0.769 0.776 0.783 0.790 0.797 0.805 0.812 0.820 0.828 0.837 0.845 0.855 0.864 0.875 0.885 0.896 0.907 0.919 0.932 0.943 0.955 0.967 0.980 0.993 1.007 1.021 1.035 1.049 1.063 1.077
0.491 0.497 0.503 0.510 0.519 0.527 0.536 0.546 0.556 0.567 0.577 0.587 0.597 0.605 0.613 0.621 0.628 0.635 0.642 0.648 0.655 0.661 0.668 0.675 0.682 0.689 0.696 0.702 0.709 0.716 0.723 0.730 0.736 0.744 0.750 0.757 0.764 0.771 0.778 0.786 0.793 0.801 0.809 0.818 0.827 0.837 0.846 0.857 0.867 0.879 0.891 0.903 0.915 0.928 0.941 0.954 0.968 0.982 0.996 1.010 1.025 1.040 1.055 1.070
0.464 0.471 0.477 0.485 0.494 0.503 0.513 0.523 0.534 0.545 0.556 0.566 0.576 0.584 0.592 0.600 0.607 0.614 0.620 0.627 0.633 0.640 0.647 0.655 0.662 0.669 0.676 0.683 0.689 0.697 0.703 0.711 0.718 0.725 0.732 0.739 0.746 0.753 0.760 0.767 0.775 0.782 0.791 0.799 0.808 0.818 0.828 0.839 0.850 0.861 0.874 0.886 0.899 0.912 0.926 0.940 0.955 0.969 0.984 0.999 1.014 1.029 1.045 1.061
