includes/MNT20m_cadre.asc
ncols        254
nrows        198
xllcorner    371459.352804777503
yllcorner    6537192.948590115644
cellsize     20.025440742576
NODATA_value  -3.4028229999999999496e+38
[rows 85 to 101 of 198, columns 160 to 199 of 254]
2.5799999237060546875 2.6500000953674316406 2.5599999427795410156 2.6700000762939453125 2.8299999237060546875 2.7100000381469726562 2.4200000762939453125 2.4400000572204589844 2.3199999332427978516 4.2600002288818359375 0.89999997615814208984 0.85000002384185791016 0.51999998092651367188 0.41999998688697814941 0.56999999284744262695 0.52999997138977050781 0.51999998092651367188 0.46000000834465026855 0.40000000596046447754 0.38999998569488525391 0.28999999165534973145 0.18999999761581420898 0.25 0.20999999344348907471 0.11999999731779098511 0.090000003576278686523 -0.029999999329447746277 -0.090000003576278686523 0 -0.28000000119209289551 -0.15000000596046447754 -0.10999999940395355225 -0.21999999880790710449 -0.31000000238418579102 -0.23000000417232513428 -0.31999999284744262695 -0.30000001192092895508 -0.44999998807907104492 -0.40000000596046447754 -0.43000000715255737305
2.6500000953674316406 2.3699998855590820312 2.8199999332427978516 2.7200000286102294922 2.6099998950958251953 2.8599998950958251953 2.6400001049041748047 2.3099999427795410156 2.7000000476837158203 4.2899999618530273438 0.98000001907348632812 0.76999998092651367188 0.54000002145767211914 0.63999998569488525391 0.50999999046325683594 0.41999998688697814941 0.38999998569488525391 0.51999998092651367188 0.43999999761581420898 0.23999999463558197021 0.34999999403953552246 0.23999999463558197021 0.23000000417232513428 0.15999999642372131348 0.070000000298023223877 -0.0099999997764825820923 -0.090000003576278686523 0.019999999552965164185 -0.070000000298023223877 -0.18000000715255737305 -0.15000000596046447754 -0.15999999642372131348 -0.27000001072883605957 -0.41999998688697814941 -0.31999999284744262695 -0.37000000476837158203 -0.36000001430511474609 -0.36000001430511474609 -0.46999999880790710449 -0.44999998807907104492
2.3299999237060546875 2.6500000953674316406 2.3399999141693115234 2.7799999713897705078 2.9800000190734863281 3.2300000190734863281 2.4600000381469726562 2.4100000858306884766 3.1500000953674316406 3.7799999713897705078 1.379999995231628418 0.68000000715255737305 0.54000002145767211914 0.47999998927116394043 0.43000000715255737305 0.5 0.40000000596046447754 0.47999998927116394043 0.49000000953674316406 0.23999999463558197021 0.28000000119209289551 0.25 0.039999999105930328369 0.090000003576278686523 0.039999999105930328369 -0.0099999997764825820923 0.0099999997764825820923 0.019999999552965164185 0 -0.18000000715255737305 -0.18000000715255737305 -0.28999999165534973145 -0.33000001311302185059 -0.38999998569488525391 -0.31999999284744262695 -0.21999999880790710449 -0.28999999165534973145 -0.40000000596046447754 -0.43000000715255737305 -0.5
2.0799999237060546875 2.6500000953674316406 2.7999999523162841797 2.6400001049041748047 2.8900001049041748047 3.4900000095367431641 2.2400000095367431641 2.2699999809265136719 2.1700000762939453125 2.75 2.0899999141693115234 0.75 0.72000002861022949219 0.52999997138977050781 0.34000000357627868652 0.36000001430511474609 0.43999999761581420898 0.37999999523162841797 0.36000001430511474609 0.27000001072883605957 0.15000000596046447754 0.070000000298023223877 0.23000000417232513428 0.23999999463558197021 -0.0099999997764825820923 0.029999999329447746277 0.0099999997764825820923 -0.059999998658895492554 -0.12999999523162841797 -0.0099999997764825820923 -0.10000000149011611938 -0.18000000715255737305 -0.15000000596046447754 -0.18999999761581420898 -0.28999999165534973145 -0.31999999284744262695 -0.30000001192092895508 -0.31999999284744262695 -0.44999998807907104492 -0.37999999523162841797
1.7899999618530273438 2.3599998950958251953 2.5099999904632568359 2.8099999427795410156 2.7999999523162841797 3.6600000858306884766 2.7000000476837158203 3.4200000762939453125 2.7100000381469726562 2.9200000762939453125 4.1799998283386230469 0.70999997854232788086 0.67000001668930053711 0.44999998807907104492 0.37000000476837158203 0.5 0.56999999284744262695 0.33000001311302185059 0.31999999284744262695 0.30000001192092895508 0.33000001311302185059 0.37999999523162841797 0.27000001072883605957 0.090000003576278686523 0.14000000059604644775 -0.0099999997764825820923 0.039999999105930328369 -0.18999999761581420898 -0.079999998211860656738 -0.079999998211860656738 -0.10999999940395355225 -0.30000001192092895508 -0.25 -0.18000000715255737305 -0.28000000119209289551 -0.30000001192092895508 -0.34999999403953552246 -0.37999999523162841797 -0.40000000596046447754 -0.38999998569488525391
2.1900000572204589844 1.870000004768371582 3.6400001049041748047 2.6900000572204589844 2.8299999237060546875 3.5299999713897705078 2.5499999523162841797 2.5499999523162841797 2.3199999332427978516 2.5399999618530273438 3.9900000095367431641 1.0099999904632568359 0.51999998092651367188 0.64999997615814208984 0.55000001192092895508 0.37999999523162841797 0.43000000715255737305 0.34999999403953552246 0.23000000417232513428 0.37999999523162841797 0.34000000357627868652 0.28000000119209289551 0.25999999046325683594 0.21999999880790710449 0.050000000745058059692 0.12999999523162841797 0.039999999105930328369 -0.0099999997764825820923 -0.17000000178813934326 -0.10000000149011611938 -0.10000000149011611938 -0.23000000417232513428 -0.25999999046325683594 -0.20000000298023223877 -0.31000000238418579102 -0.33000001311302185059 -0.34999999403953552246 -0.46000000834465026855 -0.31999999284744262695 -0.61000001430511474609
1.6900000572204589844 2.6900000572204589844 2.2699999809265136719 2.3499999046325683594 3.3099999427795410156 2.4600000381469726562 3.1199998855590820312 2.4700000286102294922 2.6300001144409179688 2.8800001144409179688 3.3800001144409179688 1.5399999618530273438 0.62000000476837158203 0.54000002145767211914 0.50999999046325683594 0.43999999761581420898 0.41999998688697814941 0.56999999284744262695 0.41999998688697814941 0.40999999642372131348 0.31000000238418579102 0.28000000119209289551 0.18000000715255737305 0.18000000715255737305 0.090000003576278686523 0.039999999105930328369 0.039999999105930328369 0.079999998211860656738 0.039999999105930328369 -0.10000000149011611938 -0.12999999523162841797 -0.15000000596046447754 -0.21999999880790710449 -0.21999999880790710449 -0.20999999344348907471 -0.34999999403953552246 -0.36000001430511474609 -0.31999999284744262695 -0.56999999284744262695 -0.56000000238418579102
2.3099999427795410156 2.75 1.8300000429153442383 3.1800000667572021484 3.2000000476837158203 2.9500000476837158203 2.6700000762939453125 2.5699999332427978516 2.4600000381469726562 2.7799999713897705078 2.8299999237060546875 2.5799999237060546875 0.81999999284744262695 0.54000002145767211914 0.57999998331069946289 0.41999998688697814941 0.37999999523162841797 0.37999999523162841797 0.43999999761581420898 0.37999999523162841797 0.23999999463558197021 0.28999999165534973145 0.21999999880790710449 0.12999999523162841797 0.20000000298023223877 0.10999999940395355225 0.019999999552965164185 0.029999999329447746277 -0.0099999997764825820923 -0.10000000149011611938 -0.10000000149011611938 -0.15000000596046447754 -0.23000000417232513428 -0.21999999880790710449 -0.28000000119209289551 -0.31000000238418579102 -0.43999999761581420898 -0.38999998569488525391 -0.46000000834465026855 -0.43999999761581420898
2.2999999523162841797 2.9800000190734863281 2.9600000381469726562 3 3.7599999904632568359 2.9100000858306884766 2.7200000286102294922 2.8699998855590820312 2.6199998855590820312 2.5 2.9200000762939453125 4.3699998855590820312 0.80000001192092895508 0.55000001192092895508 0.50999999046325683594 0.57999998331069946289 0.34999999403953552246 0.43000000715255737305 0.36000001430511474609 0.41999998688697814941 0.34999999403953552246 0.28999999165534973145 0.20000000298023223877 0.20000000298023223877 0.18000000715255737305 -0.0099999997764825820923 -0.059999998658895492554 -0.090000003576278686523 0.0099999997764825820923 0.029999999329447746277 -0.30000001192092895508 -0.23999999463558197021 -0.15999999642372131348 -0.25 -0.21999999880790710449 -0.40000000596046447754 -0.46000000834465026855 -0.37000000476837158203 -0.27000001072883605957 -0.40999999642372131348
3.0199999809265136719 2.9000000953674316406 2.6800000667572021484 3.0199999809265136719 3.8699998855590820312 2.5799999237060546875 2.6099998950958251953 2.6500000953674316406 2.8299999237060546875 2.9200000762939453125 2.9300000667572021484 4.4299998283386230469 1.3999999761581420898 0.46000000834465026855 0.43000000715255737305 0.37999999523162841797 0.40999999642372131348 0.51999998092651367188 0.34999999403953552246 0.36000001430511474609 0.37000000476837158203 0.30000001192092895508 0.18999999761581420898 0.15999999642372131348 0.20000000298023223877 0.18999999761581420898 0.039999999105930328369 0.019999999552965164185 -0.039999999105930328369 -0.059999998658895492554 -0.029999999329447746277 -0.10999999940395355225 -0.21999999880790710449 -0.11999999731779098511 -0.20000000298023223877 -0.23999999463558197021 -0.38999998569488525391 -0.38999998569488525391 -0.37999999523162841797 -0.34999999403953552246
2.9500000476837158203 2.9500000476837158203 2.2799999713897705078 2.5299999713897705078 3.7100000381469726562 2.6199998855590820312 2.8099999427795410156 2.6600000858306884766 2.5999999046325683594 2.9100000858306884766 3.4800000190734863281 3.2999999523162841797 1.9199999570846557617 0.49000000953674316406 0.52999997138977050781 0.5 0.37000000476837158203 0.28999999165534973145 0.30000001192092895508 0.41999998688697814941 0.38999998569488525391 0.31999999284744262695 0.20000000298023223877 0.31000000238418579102 0.18999999761581420898 0.15999999642372131348 0.0099999997764825820923 -0.0099999997764825820923 0.039999999105930328369 -0.029999999329447746277 -0.14000000059604644775 -0.14000000059604644775 -0.23000000417232513428 -0.30000001192092895508 -0.23999999463558197021 -0.30000001192092895508 -0.28000000119209289551 -0.38999998569488525391 -0.43000000715255737305 -0.36000001430511474609
1.9500000476837158203 2.8900001049041748047 2.1099998950958251953 2.4900000095367431641 2.25 2.7799999713897705078 2.7599999904632568359 2.8699998855590820312 3.3499999046325683594 3.4100000858306884766 3.0099999904632568359 3.0099999904632568359 3.5 0.58999997377395629883 0.40000000596046447754 0.37000000476837158203 0.43999999761581420898 0.40999999642372131348 0.38999998569488525391 0.25999999046325683594 0.34000000357627868652 0.18000000715255737305 0.20999999344348907471 0.15000000596046447754 0.18999999761581420898 0.070000000298023223877 0.050000000745058059692 0.019999999552965164185 -0.10000000149011611938 -0.0099999997764825820923 -0.070000000298023223877 -0.11999999731779098511 -0.15000000596046447754 -0.37999999523162841797 -0.21999999880790710449 -0.31000000238418579102 -0.30000001192092895508 -0.41999998688697814941 -0.34000000357627868652 -0.34000000357627868652
2.0499999523162841797 2.8399999141693115234 2.2400000095367431641 3.1099998950958251953 2.6700000762939453125 2.4700000286102294922 2.4300000667572021484 2.1500000953674316406 2.4700000286102294922 2.4200000762939453125 2.2200000286102294922 2.9700000286102294922 4.3200001716613769531 0.83999997377395629883 0.43999999761581420898 0.43000000715255737305 0.43000000715255737305 0.46999999880790710449 0.43000000715255737305 0.30000001192092895508 0.37000000476837158203 0.34999999403953552246 0.20000000298023223877 0.15999999642372131348 0.17000000178813934326 0.10000000149011611938 0 0.059999998658895492554 0.019999999552965164185 -0.039999999105930328369 -0.090000003576278686523 -0.11999999731779098511 -0.11999999731779098511 -0.10000000149011611938 -0.17000000178813934326 -0.31999999284744262695 -0.40999999642372131348 -0.38999998569488525391 -0.28000000119209289551 -0.33000001311302185059
2.6400001049041748047 2.9700000286102294922 2.3499999046325683594 3.5099999904632568359 2.4600000381469726562 2.2300000190734863281 2.6199998855590820312 2.3900001049041748047 3.1600000858306884766 2.9800000190734863281 2.0999999046325683594 3.3499999046325683594 4.3499999046325683594 0.92000001668930053711 0.5 0.31000000238418579102 0.41999998688697814941 0.38999998569488525391 0.37999999523162841797 0.31000000238418579102 0.37000000476837158203 0.27000001072883605957 0.34000000357627868652 0.20000000298023223877 0.12999999523162841797 0.17000000178813934326 0.20000000298023223877 0.10000000149011611938 0.059999998658895492554 -0.0099999997764825820923 -0.12999999523162841797 -0.12999999523162841797 -0.17000000178813934326 -0.17000000178813934326 -0.31999999284744262695 -0.34999999403953552246 -0.38999998569488525391 -0.37999999523162841797 -0.40000000596046447754 -0.34999999403953552246
3.1199998855590820312 3.1700000762939453125 2.5 3.9100000858306884766 2.9800000190734863281 3.6600000858306884766 3.4300000667572021484 3.1300001144409179688 3.6900000572204589844 3.3699998855590820312 3.1300001144409179688 3.2400000095367431641 4.3099999427795410156 1.1599999666213989258 0.40000000596046447754 0.47999998927116394043 0.37999999523162841797 0.27000001072883605957 0.43000000715255737305 0.28000000119209289551 0.20999999344348907471 0.27000001072883605957 0.18999999761581420898 0.25999999046325683594 0.20999999344348907471 0.15999999642372131348 0.14000000059604644775 0.070000000298023223877 0.079999998211860656738 0.019999999552965164185 -0.059999998658895492554 -0.059999998658895492554 -0.15000000596046447754 -0.10000000149011611938 -0.15999999642372131348 -0.34000000357627868652 -0.37999999523162841797 -0.36000001430511474609 -0.37999999523162841797 -0.60000002384185791016
3.4300000667572021484 3.2100000381469726562 3.0499999523162841797 2.1199998855590820312 2.0799999237060546875 3.2300000190734863281 3.2699999809265136719 2.4500000476837158203 2.3399999141693115234 2.25 2.5799999237060546875 2.4400000572204589844 3.9800000190734863281 0.97000002861022949219 0.20000000298023223877 0.40000000596046447754 0.37999999523162841797 0.33000001311302185059 0.38999998569488525391 0.21999999880790710449 0.40000000596046447754 0.15999999642372131348 0.23999999463558197021 0.12999999523162841797 0.18000000715255737305 0.21999999880790710449 0.12999999523162841797 0.10999999940395355225 -0.059999998658895492554 -0.050000000745058059692 -0.079999998211860656738 -0.15000000596046447754 -0.079999998211860656738 -0.23000000417232513428 -0.20999999344348907471 -0.30000001192092895508 -0.18999999761581420898 -0.41999998688697814941 -0.44999998807907104492 -0.43999999761581420898
3.75 3.2300000190734863281 3.8299999237060546875 2.7999999523162841797 3.1800000667572021484 2.6800000667572021484 2.7100000381469726562 2.5999999046325683594 2.6400001049041748047 2.3399999141693115234 2.2799999713897705078 2.6300001144409179688 3.4800000190734863281 0.61000001430511474609 0.40999999642372131348 0.43000000715255737305 0.46000000834465026855 0.27000001072883605957 0.44999998807907104492 0.27000001072883605957 0.36000001430511474609 0.20000000298023223877 0.15999999642372131348 0.14000000059604644775 0.20000000298023223877 0.18000000715255737305 0.090000003576278686523 0.050000000745058059692 -0.15000000596046447754 -0.079999998211860656738 0.0099999997764825820923 -0.10000000149011611938 -0.10000000149011611938 -0.20000000298023223877 -0.34999999403953552246 -0.25999999046325683594 -0.28000000119209289551 -0.47999998927116394043 -0.36000001430511474609 -0.28000000119209289551
