includes/MNT20m_cadre.asc
ncols        254
nrows        198
xllcorner    371459.352804777503
yllcorner    6537192.948590115644
cellsize     20.025440742576
NODATA_value  -3.4028229999999999496e+38
[rows 34 to 50 of 198, columns 160 to 199 of 254]
9.31999969482421875 9.56999969482421875 9.5500001907348632812 9.75 9.9700002670288085938 9.4899997711181640625 9.6000003814697265625 9.270000457763671875 9.2600002288818359375 8.8599996566772460938 7.9800000190734863281 8.6999998092651367188 8.2100000381469726562 9.020000457763671875 9.3800001144409179688 9.75 7.5300002098083496094 12.119999885559082031 8.4499998092651367188 3.6199998855590820312 4.3800001144409179688 11.229999542236328125 7.8699998855590820312 8.0299997329711914062 10.010000228881835938 8.9600000381469726562 6.4699997901916503906 8.1000003814697265625 3.0999999046325683594 5.0199999809265136719 2.9200000762939453125 4.7699999809265136719 3.9200000762939453125 9.659999847412109375 7.7800002098083496094 0.15999999642372131348 -0.28000000119209289551 -0.50999999046325683594 -0.37000000476837158203 -0.40000000596046447754
9.5399999618530273438 9.4600000381469726562 10.06999969482421875 9.8800001144409179688 9.979999542236328125 10.210000038146972656 9.840000152587890625 9.4399995803833007812 9.3900003433227539062 9.340000152587890625 9.0299997329711914062 8.93000030517578125 8.3800001144409179688 9.5399999618530273438 9.6700000762939453125 10.109999656677246094 8.1999998092651367188 6.5 4.6199998855590820312 4.340000152587890625 12.439999580383300781 9.6499996185302734375 7.7699999809265136719 8.0100002288818359375 8.090000152587890625 9.4399995803833007812 8.6899995803833007812 7.0799999237060546875 3.6099998950958251953 16.1100006103515625 4.0100002288818359375 4.2600002288818359375 6.9600000381469726562 7.1500000953674316406 6.8499999046325683594 0.34000000357627868652 0.10000000149011611938 -0.37000000476837158203 -0.40999999642372131348 -0.43000000715255737305
9.4200000762939453125 9.6400003433227539062 9.8000001907348632812 9.6700000762939453125 9.8100004196166992188 10.359999656677246094 9.9399995803833007812 9.5100002288818359375 9.340000152587890625 8.590000152587890625 9.43000030517578125 7.8699998855590820312 8.4700002670288085938 8.9700002670288085938 9.7600002288818359375 10.079999923706054688 7.7800002098083496094 7.9299998283386230469 5.2100000381469726562 10.550000190734863281 10.939999580383300781 7.7600002288818359375 7.1199998855590820312 5.2800002098083496094 4.9899997711181640625 7.6900000572204589844 7.590000152587890625 3.9100000858306884766 11.93000030517578125 14.289999961853027344 15.170000076293945312 6.8600001335144042969 12.890000343322753906 12.68000030517578125 0.97000002861022949219 0.18999999761581420898 -0.10999999940395355225 -0.38999998569488525391 -0.37000000476837158203 -0.44999998807907104492
9.229999542236328125 9.3599996566772460938 9.4899997711181640625 9.270000457763671875 9.979999542236328125 10.159999847412109375 10.119999885559082031 9.6499996185302734375 7.6399998664855957031 7.6199998855590820312 7.6799998283386230469 9.4200000762939453125 9.2200002670288085938 9.5100002288818359375 10.659999847412109375 8.0299997329711914062 8.6300001144409179688 13.100000381469726562 11.81999969482421875 11.420000076293945312 7.6100001335144042969 7.7699999809265136719 6.3800001144409179688 13.779999732971191406 12.149999618530273438 11.81999969482421875 13.420000076293945312 3.2300000190734863281 16.969999313354492188 15.020000457763671875 10.119999885559082031 11.010000228881835938 12.630000114440917969 12.439999580383300781 0.97000002861022949219 0.090000003576278686523 -0.10999999940395355225 -0.25999999046325683594 -0.49000000953674316406 -0.55000001192092895508
9.4399995803833007812 9.9700002670288085938 9.590000152587890625 8.8100004196166992188 9.4600000381469726562 9.770000457763671875 9.770000457763671875 9.3999996185302734375 7.4000000953674316406 7.4699997901916503906 7.9200000762939453125 8.93000030517578125 9.5799999237060546875 9.9200000762939453125 8.8999996185302734375 8.1700000762939453125 8.8000001907348632812 11.600000381469726562 12.090000152587890625 10.409999847412109375 7.75 7.8299999237060546875 7.840000152587890625 7.1900000572204589844 9.7899999618530273438 9.4200000762939453125 9.3699998855590820312 2.3299999237060546875 17.06999969482421875 15.359999656677246094 9.8100004196166992188 9.770000457763671875 6.5799999237060546875 12.600000381469726562 0.41999998688697814941 0.18999999761581420898 0.079999998211860656738 -0.15000000596046447754 -0.54000002145767211914 -0.49000000953674316406
9.1000003814697265625 9.1899995803833007812 9.1700000762939453125 8.5100002288818359375 9.1000003814697265625 9.4499998092651367188 9.090000152587890625 9.0100002288818359375 7.3800001144409179688 7.9400000572204589844 8.6199998855590820312 8.43000030517578125 8.840000152587890625 9.68000030517578125 9.7200002670288085938 9.5 9.1499996185302734375 8.8299999237060546875 8.520000457763671875 10.520000457763671875 12.270000457763671875 9.2200002670288085938 8 7.1100001335144042969 11.260000228881835938 8.909999847412109375 3.8199999332427978516 3.1099998950958251953 15.729999542236328125 12.689999580383300781 9.6999998092651367188 9.8299999237060546875 12.800000190734863281 12.760000228881835938 0.46000000834465026855 0.20000000298023223877 -0.039999999105930328369 -0.14000000059604644775 -0.30000001192092895508 -0.37000000476837158203
8.8999996185302734375 8.7600002288818359375 8.2799997329711914062 8.3999996185302734375 8.4200000762939453125 8.4499998092651367188 8.68000030517578125 8.8299999237060546875 7.5599999427795410156 7.4200000762939453125 7.8600001335144042969 7.909999847412109375 7.9000000953674316406 7.8499999046325683594 7.8200001716613769531 8.840000152587890625 9.2899999618530273438 8.8999996185302734375 7.9699997901916503906 7.5 6.5500001907348632812 9.9899997711181640625 12.310000419616699219 9.5799999237060546875 4.7300000190734863281 3.8299999237060546875 3.4500000476837158203 5.0999999046325683594 16.229999542236328125 9.7100000381469726562 9.8100004196166992188 9.7899999618530273438 11.510000228881835938 1.0900000333786010742 0.23999999463558197021 0.15000000596046447754 0.039999999105930328369 -0.25999999046325683594 -0.46000000834465026855 -0.54000002145767211914
8.520000457763671875 8.020000457763671875 7.909999847412109375 7.5100002288818359375 7.4800000190734863281 7.75 7.7899999618530273438 8.7799997329711914062 7.9000000953674316406 7.7600002288818359375 7.7399997711181640625 7.8099999427795410156 7.6999998092651367188 7.8000001907348632812 7.9400000572204589844 7.9600000381469726562 8.1899995803833007812 9.1999998092651367188 7.9800000190734863281 7.2300000190734863281 6.25 5.9000000953674316406 5.6199998855590820312 5.4200000762939453125 4.8499999046325683594 5 6.5700001716613769531 16.1399993896484375 9.8000001907348632812 9.6199998855590820312 9.590000152587890625 9.770000457763671875 10.800000190734863281 0.5 0.20999999344348907471 0.18999999761581420898 0.079999998211860656738 -0.059999998658895492554 -0.30000001192092895508 -0.43999999761581420898
7.1700000762939453125 7.0300002098083496094 7.2600002288818359375 6.7100000381469726562 6.7899999618530273438 6.5999999046325683594 7.2899999618530273438 7.8899998664855957031 7.840000152587890625 7.7699999809265136719 7.5100002288818359375 7.4800000190734863281 7.75 7.6900000572204589844 7.8299999237060546875 7.9400000572204589844 7.5599999427795410156 7.6799998283386230469 9.090000152587890625 7.0199999809265136719 6.1500000953674316406 5.7699999809265136719 5.5300002098083496094 5.0799999237060546875 14.649999618530273438 15.420000076293945312 15.520000457763671875 13.279999732971191406 9.8699998855590820312 9.6999998092651367188 9.4499998092651367188 9.75 12.090000152587890625 0.28000000119209289551 0.20999999344348907471 0.20000000298023223877 -0.019999999552965164185 -0.17000000178813934326 -0.28999999165534973145 -0.40999999642372131348
7.1799998283386230469 6.7899999618530273438 6.8200001716613769531 6.9200000762939453125 6.409999847412109375 5.6700000762939453125 7.2600002288818359375 7.0199999809265136719 7.5100002288818359375 7.4600000381469726562 7.1500000953674316406 7.3000001907348632812 7.5700001716613769531 7.6399998664855957031 7.7699999809265136719 8.0299997329711914062 7.7600002288818359375 7.5999999046325683594 7.4800000190734863281 10.619999885559082031 7.909999847412109375 5.5100002288818359375 5.3499999046325683594 17.3600006103515625 15.689999580383300781 10.25 10.18000030517578125 10.25 9.9700002670288085938 9.7200002670288085938 9.5100002288818359375 9.81999969482421875 9.6300001144409179688 0.41999998688697814941 0.10999999940395355225 0.20000000298023223877 0.059999998658895492554 -0.15000000596046447754 -0.37000000476837158203 -0.37000000476837158203
5.0100002288818359375 4.2800002098083496094 3.4700000286102294922 4.3899998664855957031 4.6900000572204589844 5 3.1700000762939453125 1.3099999427795410156 0.87999999523162841797 0.75999999046325683594 3.8399999141693115234 6.9800000190734863281 8.18000030517578125 7.4200000762939453125 7.5999999046325683594 7.5 7.5799999237060546875 7.5599999427795410156 9.3999996185302734375 10.239999771118164062 10.710000038146972656 5.4000000953674316406 4.4600000381469726562 4.2899999618530273438 16.75 15.390000343322753906 13.619999885559082031 11.880000114440917969 10.109999656677246094 10.060000419616699219 9.6099996566772460938 9.8299999237060546875 8.6700000762939453125 1.1900000572204589844 0.059999998658895492554 0.11999999731779098511 0.019999999552965164185 -0.25999999046325683594 -0.37000000476837158203 -0.37999999523162841797
2.7799999713897705078 3.9800000190734863281 4.2300000190734863281 4.2600002288818359375 4.2899999618530273438 4.6100001335144042969 4.3600001335144042969 4.3800001144409179688 4.3499999046325683594 4.4000000953674316406 3.9000000953674316406 0.82999998331069946289 7.4299998283386230469 8.6499996185302734375 8.75 8.43000030517578125 9.7100000381469726562 9.8800001144409179688 9.8800001144409179688 9.8299999237060546875 10.390000343322753906 9.8699998855590820312 6.7800002098083496094 3.8699998855590820312 4.2800002098083496094 4.3800001144409179688 5.4200000762939453125 3.3399999141693115234 10.56999969482421875 10.100000381469726562 9.8999996185302734375 9.5399999618530273438 13.369999885559082031 14.239999771118164062 0.20000000298023223877 -0.050000000745058059692 -0.090000003576278686523 -0.25999999046325683594 -0.31999999284744262695 -0.41999998688697814941
4.9699997901916503906 4.6799998283386230469 4.0799999237060546875 4 4.1999998092651367188 4.0700001716613769531 4.4699997901916503906 4.1900000572204589844 4 4.1300001144409179688 4.2100000381469726562 3.8299999237060546875 0.75 0.66000002622604370117 3.2599999904632568359 1.0599999427795410156 2.2000000476837158203 0.75999999046325683594 -1.5700000524520874023 -1.5700000524520874023 6.3600001335144042969 10.010000228881835938 7.9299998283386230469 0.43999999761581420898 0.38999998569488525391 4.1399998664855957031 4.5199999809265136719 5.0100002288818359375 6.2800002098083496094 10.369999885559082031 9.8500003814697265625 9.4200000762939453125 5.4000000953674316406 17.25 0.62000000476837158203 -0.12999999523162841797 -0.18000000715255737305 -0.25 -0.34000000357627868652 -0.52999997138977050781
4.1900000572204589844 3.7699999809265136719 3.4500000476837158203 3.7899999618530273438 3.7400000095367431641 4.0599999427795410156 3.6199998855590820312 3.5999999046325683594 3.9300000667572021484 4.4899997711181640625 4.340000152587890625 4.0999999046325683594 1.2400000095367431641 3.7799999713897705078 4.5999999046325683594 4.5399999618530273438 3.3800001144409179688 -1.25 -1.2699999809265136719 -1.3600000143051147461 -3.4028230607370965251e+38 -3.4028230607370965251e+38 9.7899999618530273438 0 3.4600000381469726562 4.0500001907348632812 4.2800002098083496094 4.3000001907348632812 13.609999656677246094 13.579999923706054688 9.8900003433227539062 12.300000190734863281 5.1799998283386230469 17.190000534057617188 1.0099999904632568359 -0.059999998658895492554 -0.33000001311302185059 -0.36000001430511474609 -0.33000001311302185059 -0.58999997377395629883
2.7799999713897705078 2.5299999713897705078 3.0399999618530273438 3.4600000381469726562 3.7400000095367431641 3.0399999618530273438 1.3899999856948852539 2.1900000572204589844 2.8699998855590820312 3.1600000858306884766 3.1900000572204589844 2.0599999427795410156 4.4200000762939453125 4.2100000381469726562 4.4200000762939453125 3.7200000286102294922 1.1799999475479125977 3.1099998950958251953 -1.379999995231628418 -1.5900000333786010742 -1.5099999904632568359 -1.7000000476837158203 -3.4028230607370965251e+38 -1.6599999666213989258 3.5 3.8699998855590820312 3.9000000953674316406 4.0799999237060546875 14.079999923706054688 10.090000152587890625 9.9600000381469726562 13.489999771118164062 15 15.189999580383300781 1.2300000190734863281 -0.039999999105930328369 -0.34000000357627868652 -0.37000000476837158203 -0.38999998569488525391 -0.51999998092651367188
2.1800000667572021484 2.2599999904632568359 2.75 3.2100000381469726562 3.4000000953674316406 2.2300000190734863281 0.69999998807907104492 2.1099998950958251953 1.0399999618530273438 1.5 0.79000002145767211914 2.1500000953674316406 4.3200001716613769531 4.2100000381469726562 4.0399999618530273438 4.3899998664855957031 4.2899999618530273438 4.8000001907348632812 3.7899999618530273438 3.0699999332427978516 -1.2200000286102294922 2.5 3.9300000667572021484 -3.4028230607370965251e+38 -3.4028230607370965251e+38 -3.4028230607370965251e+38 -3.4028230607370965251e+38 3.7699999809265136719 3.8900001049041748047 12.989999771118164062 16.049999237060546875 1.9199999570846557617 1.0299999713897705078 0.74000000953674316406 0.46000000834465026855 0.070000000298023223877 -0.23000000417232513428 -0.52999997138977050781 -0.33000001311302185059 -0.46999999880790710449
2.2000000476837158203 2.4400000572204589844 2.6600000858306884766 3.2599999904632568359 3.2200000286102294922 0.87000000476837158203 0.85000002384185791016 3.1800000667572021484 3.1199998855590820312 2.9400000572204589844 3.2400000095367431641 3.7899999618530273438 4.1500000953674316406 3.2200000286102294922 4.1799998283386230469 4.159999847412109375 4.5100002288818359375 4.5300002098083496094 4.6300001144409179688 4.6100001335144042969 3.8800001144409179688 3.7200000286102294922 4.2100000381469726562 -3.4028230607370965251e+38 -3.4028230607370965251e+38 -3.4028230607370965251e+38 -3.4028230607370965251e+38 -3.4028230607370965251e+38 3.7799999713897705078 14.869999885559082031 2 0.64999997615814208984 0.57999998331069946289 0.49000000953674316406 0.33000001311302185059 -0.090000003576278686523 -0.33000001311302185059 -0.36000001430511474609 -0.37999999523162841797 -0.40000000596046447754
