includes/lisflood/camargue/results/res-0008.wdfp
ncols         906
nrows         631
xllcorner     362177.146667
yllcorner     6534725.688020
cellsize      20.000000
NODATA_value  -9999.000000
[rows 442 to 475 of 631, columns 770 to 846 of 906]
2.661 2.722 2.784 2.846 2.908 2.970 3.032 3.094 3.156 3.218 3.275 3.388 3.388 3.445 3.501 3.557 3.614 3.670 3.721 3.772 3.823 3.874 3.926 3.977 4.029 4.082 4.134 4.239 4.239 4.291 4.343 4.406 4.483 4.560 4.637 4.713 4.790 4.884 4.999 5.115 5.230 5.346 5.447 5.539 5.539 5.724 5.816 5.908 6.001 6.093 6.185 6.277 6.365 6.450 6.535 6.621 6.706 6.791 6.876 6.992 6.992 7.375 7.566 7.757 7.948 8.139 8.331 8.573 8.828 9.082 9.337 9.592 9.846 10.101 10.355 10.610 10.610
2.660 2.721 2.783 2.845 2.907 2.969 3.031 3.094 3.155 3.218 3.275 3.388 3.388 3.444 3.501 3.557 3.614 3.669 3.721 3.772 3.823 3.874 3.926 3.977 4.029 4.082 4.134 4.239 4.239 4.291 4.343 4.406 4.483 4.560 4.637 4.713 4.790 4.884 4.999 5.115 5.230 5.346 5.447 5.539 5.539 5.724 5.816 5.908 6.001 6.093 6.185 6.277 6.365 6.450 6.535 6.620 6.706 6.791 6.876 6.992 6.992 7.375 7.566 7.757 7.948 8.139 8.331 8.573 8.828 9.082 9.337 9.591 9.846 10.101 10.355 10.610 10.610
2.703 2.765 2.827 2.889 2.951 3.013 3.075 3.137 3.200 3.262 3.319 3.432 3.432 3.488 3.544 3.601 3.657 3.714 3.770 3.823 3.874 3.926 3.977 4.029 4.081 4.133 4.185 4.290 4.290 4.356 4.433 4.510 4.587 4.664 4.741 4.817 4.894 4.993 5.108 5.224 5.339 5.455 5.570 5.683 5.683 5.868 5.960 6.052 6.144 6.237 6.329 6.421 6.509 6.594 6.680 6.765 6.850 6.935 7.050 7.241 7.241 7.623 7.815 8.006 8.197 8.388 8.579 8.801 9.056 9.311 9.565 9.820 10.074 10.329 10.584 10.838 10.838
2.747 2.809 2.871 2.933 2.995 3.057 3.119 3.181 3.244 3.306 3.362 3.475 3.475 3.532 3.588 3.645 3.701 3.758 3.814 3.871 3.926 3.977 4.028 4.080 4.132 4.185 4.237 4.384 4.384 4.460 4.537 4.614 4.691 4.768 4.845 4.922 4.999 5.102 5.217 5.333 5.448 5.564 5.679 5.795 5.794 6.012 6.104 6.196 6.288 6.381 6.473 6.565 6.654 6.739 6.824 6.909 6.995 7.108 7.299 7.490 7.490 7.872 8.063 8.255 8.446 8.637 8.828 9.030 9.285 9.539 9.794 10.048 10.303 10.558 10.812 11.051 11.051
2.835 2.897 2.959 3.022 3.083 3.146 3.208 3.270 3.332 3.393 3.450 3.563 3.563 3.619 3.676 3.732 3.789 3.845 3.902 3.958 4.015 4.071 4.128 4.208 4.285 4.361 4.438 4.592 4.592 4.669 4.746 4.823 4.899 4.976 5.053 5.130 5.207 5.320 5.435 5.551 5.666 5.782 5.897 6.013 6.013 6.244 6.359 6.475 6.576 6.669 6.761 6.853 6.943 7.028 7.113 7.223 7.414 7.605 7.796 7.988 7.988 8.370 8.561 8.752 8.944 9.135 9.326 9.517 9.742 9.996 10.251 10.505 10.760 11.015 11.209 11.394 11.394
2.879 2.941 3.003 3.065 3.128 3.190 3.252 3.314 3.376 3.437 3.493 3.607 3.606 3.663 3.719 3.776 3.832 3.889 3.945 4.002 4.061 4.148 4.235 4.313 4.389 4.466 4.543 4.696 4.696 4.773 4.850 4.927 5.004 5.080 5.157 5.234 5.314 5.429 5.544 5.660 5.775 5.891 6.006 6.122 6.122 6.353 6.468 6.584 6.699 6.812 6.905 6.997 7.087 7.172 7.280 7.472 7.663 7.854 8.045 8.236 8.236 8.619 8.810 9.001 9.192 9.384 9.575 9.766 9.970 10.225 10.479 10.734 10.989 11.196 11.381 11.566 11.566
2.923 2.985 3.047 3.109 3.171 3.234 3.296 3.358 3.420 3.481 3.537 3.650 3.650 3.706 3.763 3.819 3.876 3.932 3.994 4.081 4.168 4.255 4.342 4.419 4.494 4.570 4.647 4.800 4.800 4.877 4.954 5.031 5.108 5.185 5.262 5.338 5.423 5.538 5.653 5.769 5.884 6.000 6.115 6.231 6.231 6.462 6.577 6.693 6.808 6.924 7.039 7.141 7.232 7.338 7.529 7.721 7.912 8.103 8.294 8.485 8.485 8.868 9.059 9.250 9.441 9.633 9.824 10.015 10.206 10.453 10.708 10.963 11.183 11.368 11.553 11.738 11.738
2.977 3.032 3.091 3.153 3.215 3.278 3.340 3.402 3.464 3.524 3.581 3.694 3.694 3.750 3.807 3.863 3.927 4.014 4.101 4.188 4.275 4.363 4.449 4.525 4.600 4.676 4.751 4.905 4.904 4.981 5.058 5.135 5.212 5.289 5.366 5.442 5.532 5.647 5.763 5.878 5.993 6.109 6.224 6.340 6.340 6.571 6.686 6.802 6.917 7.033 7.148 7.264 7.395 7.587 7.778 7.969 8.161 8.352 8.543 8.734 8.734 9.117 9.308 9.499 9.690 9.881 10.073 10.264 10.455 10.682 10.936 11.169 11.354 11.539 11.724 11.909 11.909
3.035 3.090 3.145 3.200 3.259 3.322 3.384 3.446 3.508 3.568 3.624 3.738 3.737 3.794 3.861 3.948 4.035 4.122 4.209 4.296 4.383 4.470 4.555 4.630 4.706 4.782 4.857 5.009 5.009 5.085 5.162 5.239 5.316 5.393 5.470 5.547 5.641 5.756 5.872 5.987 6.103 6.218 6.333 6.449 6.449 6.680 6.795 6.911 7.026 7.142 7.319 7.502 7.658 7.819 8.012 8.206 8.399 8.592 8.786 8.979 8.979 9.365 9.557 9.748 9.939 10.130 10.322 10.513 10.704 10.910 11.156 11.341 11.526 11.711 11.896 12.081 12.080
3.093 3.148 3.203 3.258 3.313 3.368 3.428 3.490 3.552 3.612 3.668 3.794 3.794 3.881 3.968 4.055 4.142 4.229 4.316 4.403 4.490 4.577 4.661 4.736 4.812 4.887 4.963 5.114 5.114 5.190 5.266 5.343 5.420 5.497 5.574 5.651 5.750 5.865 5.981 6.096 6.212 6.327 6.443 6.558 6.558 6.789 6.904 7.058 7.242 7.425 7.609 7.792 7.929 8.056 8.243 8.436 8.630 8.823 9.016 9.210 9.210 9.596 9.790 9.983 10.176 10.370 10.563 10.757 10.950 11.144 11.327 11.512 11.698 11.882 12.067 12.252 12.252
3.151 3.206 3.261 3.316 3.372 3.427 3.482 3.537 3.596 3.655 3.727 3.901 3.901 3.988 4.075 4.162 4.249 4.336 4.423 4.510 4.597 4.684 4.766 4.842 4.918 4.993 5.069 5.220 5.220 5.296 5.371 5.447 5.524 5.601 5.678 5.755 5.859 5.974 6.090 6.205 6.321 6.436 6.551 6.667 6.667 6.981 7.164 7.348 7.531 7.715 7.898 8.073 8.200 8.327 8.473 8.667 8.860 9.053 9.247 9.440 9.440 9.827 10.020 10.214 10.407 10.600 10.794 10.987 11.181 11.298 11.417 11.612 11.807 12.003 12.199 12.395 12.395
3.209 3.265 3.320 3.375 3.430 3.485 3.540 3.595 3.658 3.746 3.834 4.008 4.008 4.095 4.182 4.269 4.356 4.444 4.531 4.618 4.705 4.792 4.872 4.948 5.023 5.099 5.175 5.326 5.326 5.401 5.477 5.553 5.629 5.705 5.782 5.859 5.968 6.083 6.199 6.314 6.430 6.545 6.720 6.904 6.904 7.271 7.454 7.638 7.821 8.005 8.188 8.344 8.471 8.598 8.725 8.897 9.090 9.284 9.477 9.670 9.670 10.057 10.251 10.444 10.637 10.831 11.024 11.218 11.386 11.444 11.503 11.694 11.890 12.085 12.281 12.477 12.477
3.268 3.323 3.378 3.433 3.488 3.543 3.598 3.674 3.751 3.841 3.937 4.116 4.116 4.203 4.290 4.377 4.464 4.551 4.638 4.725 4.812 4.899 4.978 5.053 5.129 5.205 5.280 5.432 5.432 5.507 5.583 5.658 5.734 5.810 5.886 5.963 6.077 6.192 6.308 6.460 6.643 6.827 7.010 7.193 7.193 7.560 7.744 7.927 8.111 8.294 8.478 8.615 8.742 8.869 8.996 9.127 9.321 9.514 9.708 9.901 9.901 10.288 10.481 10.675 10.868 11.061 11.255 11.448 11.532 11.591 11.650 11.776 11.972 12.168 12.363 12.559 12.559
3.326 3.381 3.436 3.491 3.546 3.615 3.691 3.767 3.843 3.935 4.032 4.223 4.223 4.310 4.397 4.484 4.571 4.658 4.745 4.832 4.919 5.006 5.084 5.159 5.235 5.310 5.386 5.537 5.537 5.613 5.689 5.764 5.840 5.915 5.991 6.070 6.199 6.382 6.566 6.749 6.933 7.116 7.300 7.483 7.483 7.850 8.034 8.217 8.400 8.584 8.759 8.886 9.013 9.140 9.267 9.394 9.551 9.745 9.938 10.131 10.131 10.518 10.712 10.905 11.099 11.292 11.484 11.620 11.679 11.738 11.797 11.858 12.054 12.250 12.446 12.641 12.641
3.384 3.439 3.494 3.555 3.631 3.707 3.783 3.860 3.936 4.030 4.126 4.319 4.319 4.415 4.504 4.591 4.678 4.765 4.853 4.940 5.027 5.114 5.189 5.265 5.341 5.416 5.492 5.643 5.643 5.719 5.794 5.870 5.946 6.021 6.150 6.306 6.489 6.672 6.856 7.039 7.222 7.406 7.589 7.773 7.773 8.140 8.323 8.507 8.690 8.874 9.030 9.157 9.284 9.411 9.538 9.665 9.792 9.975 10.169 10.362 10.362 10.749 10.942 11.136 11.328 11.521 11.708 11.767 11.826 11.885 11.944 12.002 12.136 12.332 12.528 12.724 12.724
3.442 3.498 3.572 3.648 3.724 3.800 3.876 3.952 4.029 4.125 4.221 4.414 4.414 4.510 4.606 4.699 4.786 4.873 4.960 5.047 5.134 5.219 5.295 5.371 5.446 5.522 5.598 5.749 5.749 5.824 5.900 5.993 6.140 6.286 6.433 6.596 6.779 6.962 7.145 7.329 7.512 7.696 7.879 8.063 8.062 8.429 8.613 8.796 8.980 9.163 9.301 9.428 9.555 9.682 9.809 9.936 10.063 10.206 10.399 10.592 10.592 10.979 11.172 11.365 11.559 11.752 11.855 11.914 11.973 12.032 12.090 12.149 12.218 12.414 12.610 12.806 12.806
3.512 3.588 3.664 3.740 3.816 3.893 3.969 4.045 4.123 4.220 4.316 4.509 4.508 4.605 4.701 4.797 4.893 4.980 5.067 5.154 5.241 5.325 5.401 5.476 5.552 5.628 5.703 5.855 5.855 5.983 6.129 6.276 6.423 6.569 6.716 6.887 7.070 7.252 7.435 7.618 7.802 7.985 8.169 8.352 8.352 8.719 8.903 9.086 9.270 9.445 9.572 9.699 9.826 9.953 10.080 10.208 10.335 10.462 10.630 10.823 10.822 11.209 11.402 11.596 11.789 11.944 12.002 12.061 12.120 12.179 12.237 12.296 12.355 12.496 12.692 12.888 12.888
3.512 3.588 3.664 3.740 3.816 3.892 3.968 4.045 4.123 4.220 4.316 4.508 4.508 4.605 4.701 4.797 4.893 4.980 5.067 5.154 5.241 5.325 5.401 5.476 5.552 5.628 5.703 5.855 5.854 5.983 6.129 6.276 6.422 6.569 6.716 6.887 7.069 7.252 7.435 7.618 7.802 7.985 8.169 8.352 8.352 8.719 8.903 9.086 9.269 9.445 9.572 9.699 9.826 9.953 10.080 10.208 10.335 10.462 10.629 10.822 10.822 11.209 11.402 11.596 11.789 11.944 12.002 12.061 12.120 12.179 12.237 12.296 12.355 12.496 12.692 12.888 12.888
3.604 3.681 3.757 3.833 3.909 3.985 4.061 4.137 4.218 4.314 4.411 4.603 4.603 4.699 4.796 4.892 4.988 5.084 5.174 5.261 5.349 5.431 5.507 5.582 5.658 5.733 5.826 6.119 6.119 6.266 6.412 6.559 6.706 6.852 6.999 7.178 7.360 7.543 7.725 7.908 8.091 8.275 8.458 8.642 8.642 9.009 9.192 9.376 9.559 9.716 9.843 9.970 10.098 10.225 10.352 10.479 10.606 10.732 10.859 11.053 11.053 11.439 11.633 11.826 12.020 12.090 12.149 12.208 12.267 12.326 12.384 12.443 12.502 12.579 12.774 12.970 12.970
3.697 3.773 3.849 3.925 4.001 4.078 4.154 4.230 4.313 4.409 4.505 4.698 4.698 4.794 4.890 4.987 5.083 5.179 5.275 5.369 5.456 5.537 5.612 5.688 5.816 5.962 6.109 6.402 6.402 6.549 6.695 6.842 6.989 7.135 7.286 7.468 7.651 7.833 8.016 8.198 8.381 8.565 8.748 8.932 8.932 9.298 9.482 9.665 9.849 9.987 10.115 10.242 10.369 10.496 10.623 10.749 10.876 11.003 11.130 11.283 11.283 11.670 11.863 12.057 12.179 12.237 12.296 12.355 12.414 12.473 12.531 12.590 12.649 12.708 12.856 13.052 13.052
3.847 3.949 4.035 4.111 4.187 4.263 4.339 4.415 4.503 4.599 4.695 4.888 4.888 4.984 5.080 5.176 5.273 5.369 5.465 5.591 5.731 5.928 6.088 6.235 6.382 6.528 6.675 6.968 6.968 7.115 7.261 7.408 7.555 7.701 7.867 8.050 8.232 8.415 8.597 8.780 8.962 9.145 9.328 9.511 9.511 9.878 10.062 10.245 10.403 10.530 10.657 10.784 10.911 11.037 11.164 11.291 11.418 11.545 11.672 11.799 11.799 12.131 12.324 12.414 12.473 12.531 12.590 12.649 12.708 12.766 12.825 12.884 12.943 13.002 13.060 13.217 13.216
3.908 4.010 4.112 4.203 4.280 4.356 4.432 4.508 4.598 4.694 4.790 4.983 4.982 5.079 5.175 5.271 5.373 5.513 5.653 5.793 5.936 6.142 6.348 6.518 6.665 6.811 6.958 7.251 7.251 7.398 7.544 7.691 7.838 7.984 8.158 8.341 8.523 8.706 8.888 9.071 9.253 9.436 9.618 9.801 9.801 10.168 10.351 10.535 10.674 10.801 10.928 11.055 11.181 11.308 11.435 11.562 11.689 11.816 11.943 12.070 12.070 12.361 12.502 12.561 12.619 12.678 12.737 12.796 12.855 12.913 12.972 13.031 13.090 13.148 13.206 13.298 13.298
3.970 4.072 4.174 4.276 4.372 4.448 4.525 4.601 4.692 4.789 4.885 5.077 5.077 5.174 5.295 5.435 5.575 5.715 5.854 5.994 6.150 6.356 6.562 6.768 6.948 7.094 7.241 7.534 7.534 7.681 7.827 7.974 8.121 8.267 8.449 8.631 8.814 8.996 9.179 9.361 9.544 9.726 9.909 10.091 10.091 10.458 10.641 10.818 10.945 11.072 11.199 11.325 11.452 11.579 11.706 11.833 11.960 12.087 12.215 12.342 12.342 12.583 12.644 12.707 12.766 12.825 12.884 12.943 13.002 13.060 13.119 13.177 13.236 13.295 13.353 13.412 13.412
4.032 4.134 4.236 4.338 4.440 4.541 4.617 4.693 4.787 4.883 4.980 5.217 5.217 5.357 5.497 5.636 5.776 5.916 6.056 6.196 6.364 6.570 6.776 6.982 7.188 7.377 7.524 7.817 7.817 7.964 8.111 8.257 8.404 8.557 8.739 8.922 9.104 9.287 9.470 9.652 9.835 10.017 10.200 10.382 10.382 10.747 10.931 11.089 11.216 11.342 11.469 11.596 11.723 11.850 11.977 12.071 12.162 12.253 12.344 12.435 12.435 12.586 12.620 12.684 12.747 12.811 12.874 12.938 13.001 13.064 13.128 13.191 13.255 13.318 13.382 13.445 13.445
4.093 4.195 4.297 4.399 4.501 4.603 4.705 4.786 4.882 4.999 5.139 5.419 5.418 5.558 5.698 5.838 5.978 6.117 6.257 6.397 6.578 6.784 6.990 7.196 7.402 7.608 7.807 8.100 8.100 8.247 8.394 8.540 8.687 8.848 9.030 9.213 9.395 9.578 9.760 9.943 10.125 10.308 10.490 10.673 10.673 11.038 11.221 11.360 11.467 11.559 11.650 11.741 11.832 11.923 12.014 12.106 12.197 12.288 12.379 12.470 12.470 12.590 12.608 12.660 12.724 12.787 12.851 12.913 12.977 13.040 13.104 13.167 13.231 13.295 13.358 13.386 13.386
4.155 4.257 4.359 4.461 4.563 4.665 4.769 4.895 5.061 5.200 5.340 5.620 5.620 5.760 5.899 6.039 6.179 6.319 6.459 6.599 6.792 6.998 7.204 7.410 7.616 7.822 8.028 8.383 8.383 8.530 8.677 8.823 8.970 9.138 9.321 9.503 9.686 9.868 10.051 10.233 10.416 10.599 10.781 10.964 10.964 11.227 11.330 11.411 11.502 11.593 11.684 11.776 11.867 11.958 12.049 12.140 12.231 12.323 12.414 12.505 12.505 12.593 12.611 12.636 12.700 12.763 12.826 12.890 12.953 13.017 13.080 13.144 13.207 13.271 13.320 13.327 13.327
4.217 4.319 4.421 4.527 4.639 4.751 4.863 5.013 5.227 5.402 5.542 5.821 5.821 5.961 6.101 6.241 6.380 6.520 6.660 6.800 7.006 7.212 7.418 7.624 7.830 8.036 8.242 8.654 8.654 8.813 8.960 9.106 9.253 9.429 9.612 9.794 9.977 10.159 10.342 10.524 10.707 10.854 10.961 11.067 11.067 11.278 11.375 11.454 11.537 11.628 11.719 11.810 11.902 11.993 12.084 12.175 12.266 12.357 12.448 12.540 12.540 12.597 12.614 12.631 12.675 12.739 12.802 12.866 12.930 12.993 13.057 13.120 13.184 13.247 13.262 13.268 13.268
4.285 4.397 4.509 4.621 4.733 4.845 4.957 5.131 5.345 5.558 5.743 6.023 6.023 6.162 6.302 6.442 6.582 6.722 6.862 7.015 7.221 7.426 7.632 7.838 8.044 8.250 8.456 8.868 8.868 9.074 9.243 9.389 9.537 9.720 9.902 10.085 10.267 10.450 10.588 10.695 10.801 10.907 11.013 11.120 11.119 11.331 11.421 11.499 11.578 11.663 11.754 11.845 11.936 12.027 12.119 12.210 12.301 12.392 12.483 12.565 12.565 12.599 12.617 12.635 12.652 12.715 12.779 12.842 12.906 12.969 13.033 13.097 13.160 13.196 13.203 13.209 13.209
4.379 4.491 4.603 4.715 4.827 4.938 5.050 5.249 5.463 5.676 5.889 6.224 6.224 6.364 6.504 6.644 6.783 6.923 7.063 7.229 7.435 7.641 7.846 8.052 8.258 8.464 8.670 9.082 9.082 9.288 9.494 9.672 9.828 10.010 10.193 10.322 10.429 10.535 10.641 10.747 10.854 10.960 11.066 11.171 11.171 11.384 11.466 11.544 11.623 11.702 11.789 11.880 11.971 12.062 12.153 12.244 12.336 12.427 12.518 12.567 12.567 12.603 12.620 12.638 12.656 12.692 12.755 12.819 12.882 12.946 13.009 13.073 13.131 13.137 13.144 13.150 13.150
4.472 4.584 4.696 4.808 4.920 5.032 5.154 5.367 5.581 5.794 6.008 6.426 6.425 6.565 6.705 6.845 6.985 7.125 7.265 7.443 7.649 7.855 8.061 8.267 8.472 8.678 8.884 9.296 9.296 9.502 9.708 9.914 10.056 10.163 10.269 10.375 10.481 10.588 10.694 10.800 10.906 11.011 11.118 11.224 11.224 11.432 11.511 11.590 11.668 11.747 11.826 11.915 12.006 12.097 12.188 12.279 12.370 12.460 12.552 12.571 12.571 12.606 12.624 12.642 12.659 12.677 12.732 12.795 12.859 12.922 12.986 13.049 13.072 13.078 13.085 13.091 13.091
4.566 4.678 4.790 4.902 5.014 5.126 5.272 5.486 5.699 5.912 6.126 6.553 6.552 6.766 6.907 7.046 7.186 7.326 7.466 7.657 7.863 8.069 8.275 8.481 8.687 8.892 9.098 9.510 9.510 9.702 9.883 10.063 10.152 10.215 10.321 10.428 10.534 10.640 10.746 10.853 10.958 11.064 11.170 11.277 11.277 11.477 11.556 11.635 11.714 11.792 11.871 11.950 12.040 12.132 12.223 12.314 12.404 12.495 12.556 12.574 12.574 12.610 12.627 12.645 12.663 12.681 12.708 12.772 12.835 12.899 12.962 13.006 13.013 13.019 13.026 13.033 13.033
4.660 4.772 4.884 4.996 5.108 5.220 5.390 5.604 5.817 6.030 6.244 6.671 6.671 6.884 7.097 7.248 7.388 7.528 7.667 7.871 8.077 8.283 8.489 8.695 8.901 9.107 9.304 9.665 9.665 9.846 10.027 10.208 10.267 10.315 10.374 10.480 10.587 10.693 10.799 10.904 11.011 11.117 11.223 11.329 11.329 11.523 11.601 11.680 11.759 11.838 11.916 11.995 12.075 12.166 12.256 12.348 12.439 12.530 12.560 12.578 12.578 12.613 12.631 12.649 12.666 12.684 12.702 12.748 12.811 12.875 12.939 12.947 12.954 12.960 12.966 12.973 12.973
4.754 4.866 4.978 5.090 5.202 5.314 5.509 5.722 5.935 6.149 6.362 6.789 6.789 7.002 7.216 7.429 7.589 7.729 7.879 8.085 8.291 8.497 8.703 8.905 9.086 9.267 9.448 9.809 9.809 9.990 10.171 10.334 10.381 10.429 10.477 10.533 10.639 10.746 10.851 10.957 11.063 11.170 11.276 11.382 11.382 11.568 11.647 11.725 11.804 11.883 11.961 12.040 12.118 12.200 12.291 12.382 12.474 12.546 12.563 12.581 12.581 12.617 12.634 12.652 12.670 12.688 12.705 12.724 12.788 12.851 12.882 12.888 12.894 12.901 12.907 12.914 12.914
4.848 4.960 5.072 5.184 5.296 5.413 5.627 5.840 6.053 6.267 6.480 6.907 6.907 7.120 7.334 7.547 7.760 7.930 8.093 8.299 8.505 8.688 8.869 9.050 9.230 9.411 9.592 9.953 9.953 10.134 10.315 10.448 10.496 10.544 10.591 10.639 10.692 10.797 10.904 11.010 11.116 11.222 11.328 11.435 11.435 11.613 11.692 11.771 11.849 11.928 12.007 12.084 12.163 12.242 12.326 12.417 12.508 12.549 12.567 12.585 12.585 12.620 12.638 12.656 12.673 12.691 12.709 12.727 12.764 12.815 12.822 12.829 12.835 12.842 12.848 12.855 12.855
