includes/lisflood/camargue/results/res-0007.wdfp
ncols         906
nrows         631
xllcorner     362177.146667
yllcorner     6534725.688020
cellsize      20.000000
NODATA_value  -9999.000000
[rows 476 to 509 of 631, columns 308 to 384 of 906]
0.000 0.000 0.000 0.000 0.992 0.183 0.000 0.000 1.432 0.222 0.292 0.004 0.000 0.000 0.000 0.000 0.000 0.000 0.000 0.000 0.000 0.000 0.000 0.000 0.000 0.000 0.000 0.000 0.000 0.000 0.000 0.000 0.000 0.000 0.000 0.000 0.000 0.000 0.000 0.000 0.000 0.000 0.000 0.000 0.000 0.000 0.000 0.000 0.000 0.000 0.000 0.000 0.000 0.000 0.000 0.000 0.000 0.000 0.000 0.000 0.000 0.000 0.000 0.000 0.000 0.000 0.000 0.000 0.000 0.000 0.000 0.000 0.000 0.000 0.000 0.000 0.000
0.000 0.000 0.000 0.000 0.024 0.000 0.000 0.226 0.146 0.182 0.203 0.244 0.254 0.000 0.000 0.000 0.000 0.000 0.000 0.000 0.000 0.000 0.003 0.000 0.000 0.000 0.000 0.000 0.000 0.000 0.000 0.000 0.000 0.000 0.000 0.000 0.000 0.000 0.000 0.000 0.000 0.000 0.000 0.000 0.000 0.000 0.000 0.000 0.000 0.000 0.000 0.000 0.000 0.000 0.000 0.000 0.000 0.000 0.000 0.000 0.000 0.000 0.000 0.000 0.000 0.000 0.000 0.000 0.000 0.000 0.000 0.000 0.000 0.000 0.000 0.000 0.000
0.000 0.000 0.000 1.113 0.943 1.063 1.064 0.107 0.071 0.172 0.273 0.174 0.244 0.275 0.000 0.000 0.000 0.000 0.000 0.000 0.000 0.294 0.294 0.684 0.000 0.000 0.000 0.000 0.000 0.000 0.000 0.000 0.000 0.000 0.000 0.000 0.000 0.000 0.000 0.000 0.000 0.000 0.000 0.000 0.000 0.000 0.000 0.000 0.000 0.000 0.000 0.000 0.000 0.000 0.000 0.000 0.000 0.000 0.000 0.000 0.000 0.000 0.000 0.000 0.000 0.000 0.000 0.000 0.000 0.000 0.000 0.000 0.000 0.000 0.000 0.000 0.000
0.000 0.000 1.073 1.073 1.183 1.163 0.000 0.190 0.130 0.232 0.163 0.204 0.355 0.057 0.179 0.000 0.000 0.000 0.000 0.000 0.684 0.864 0.864 0.734 0.824 0.594 0.000 0.000 0.000 0.000 0.000 0.000 0.000 0.000 0.000 0.000 0.000 0.000 0.000 0.000 0.000 0.000 0.000 0.000 0.000 0.000 0.000 0.000 0.000 0.000 0.000 0.000 0.000 0.000 0.000 0.000 0.000 0.000 0.000 0.000 0.000 0.000 0.000 0.000 0.000 0.000 0.000 0.000 0.000 0.000 0.000 0.000 0.000 0.000 0.000 0.000 0.000
0.000 1.163 1.193 1.313 0.983 1.143 0.000 0.000 0.000 0.183 0.164 0.255 0.335 0.008 0.349 0.389 0.399 0.000 0.000 0.763 0.794 0.774 0.774 0.854 0.974 0.714 0.914 0.574 0.000 0.000 0.000 0.000 0.000 0.000 0.000 0.000 0.000 0.000 0.000 0.000 0.000 0.000 0.000 0.000 0.000 0.000 0.000 0.000 0.000 0.000 0.000 0.000 0.000 0.000 0.000 0.000 0.000 0.000 0.000 0.000 0.000 0.000 0.000 0.000 0.000 0.000 0.000 0.000 0.000 0.000 0.000 0.000 0.000 0.000 0.000 0.000 0.000
1.122 1.092 1.272 1.172 1.122 1.183 1.182 1.172 0.000 0.000 0.000 0.215 0.157 0.319 0.289 0.379 0.429 0.000 0.000 0.883 0.853 0.893 0.893 1.033 1.083 0.714 0.834 0.794 0.884 0.155 0.000 0.000 0.000 0.000 0.000 0.000 0.000 0.000 0.000 0.000 0.000 0.000 0.000 0.000 0.000 0.000 0.000 0.000 0.000 0.000 0.000 0.000 0.000 0.000 0.000 0.000 0.000 0.000 0.000 0.000 0.000 0.000 0.000 0.000 0.000 0.000 0.000 0.000 0.000 0.000 0.000 0.000 0.000 0.000 0.000 0.000 0.000
1.282 1.272 1.402 1.312 1.312 1.172 1.172 1.092 1.252 1.282 0.000 0.000 0.248 0.179 0.279 0.369 0.000 0.000 0.973 0.943 0.963 0.973 0.973 1.083 0.963 0.993 0.924 0.894 0.904 0.634 0.000 0.000 0.000 0.000 0.000 0.000 0.000 0.000 0.000 0.000 0.000 0.000 0.000 0.000 0.000 0.000 0.000 0.000 0.000 0.000 0.000 0.000 0.000 0.000 0.000 0.000 0.000 0.000 0.000 0.000 0.000 0.000 0.000 0.000 0.000 0.000 0.000 0.000 0.000 0.000 0.000 0.000 0.000 0.000 0.000 0.000 0.000
1.272 1.362 1.282 1.432 1.332 1.292 1.292 1.352 1.292 1.272 1.202 0.000 0.000 0.000 0.439 0.000 0.000 0.902 1.033 1.003 1.003 1.063 1.063 1.073 1.043 1.213 1.013 0.964 1.024 0.954 0.214 0.000 0.000 0.000 0.000 0.000 0.000 0.000 0.000 0.000 0.000 0.000 0.000 0.000 0.000 0.000 0.000 0.000 0.000 0.000 0.000 0.000 0.000 0.000 0.000 0.000 0.000 0.000 0.000 0.000 0.000 0.000 0.000 0.000 0.000 0.000 0.000 0.000 0.000 0.000 0.000 0.000 0.000 0.000 0.000 0.000 0.000
1.422 1.462 1.492 1.382 1.332 1.312 1.312 1.322 1.282 1.372 1.231 1.151 1.271 0.000 0.000 0.000 1.252 1.122 1.192 1.172 1.093 0.973 0.973 1.413 1.113 1.113 1.053 1.003 1.024 0.894 0.404 0.003 0.000 0.000 0.000 0.000 0.000 0.000 0.000 0.000 0.000 0.000 0.000 0.000 0.000 0.000 0.000 0.000 0.000 0.000 0.000 0.000 0.000 0.000 0.000 0.000 0.000 0.000 0.000 0.000 0.000 0.000 0.000 0.000 0.000 0.000 0.000 0.000 0.000 0.000 0.000 0.000 0.000 0.000 0.000 0.000 0.000
1.481 1.441 1.461 1.352 1.392 1.322 1.322 1.362 1.312 1.321 1.341 1.301 1.201 1.281 1.161 1.341 1.262 1.252 1.202 1.122 1.162 1.172 1.173 1.213 1.253 1.123 1.013 1.083 0.983 0.894 0.594 0.363 0.000 0.000 0.000 0.000 0.000 0.000 0.000 0.000 0.000 0.000 0.000 0.000 0.000 0.000 0.000 0.000 0.000 0.000 0.000 0.000 0.000 0.000 0.000 0.000 0.000 0.000 0.000 0.000 0.000 0.000 0.000 0.000 0.000 0.000 0.000 0.000 0.000 0.000 0.000 0.000 0.000 0.000 0.000 0.000 0.000
1.551 1.581 1.391 1.421 1.351 1.471 1.471 1.371 1.331 1.441 1.341 1.431 1.381 1.341 1.251 1.261 1.351 1.262 1.212 1.222 1.212 1.152 1.152 1.232 1.203 1.243 1.083 1.023 0.903 0.933 0.813 0.453 0.000 0.000 0.000 0.000 0.000 0.000 0.000 0.000 0.000 0.000 0.000 0.000 0.000 0.000 0.000 0.000 0.000 0.000 0.000 0.000 0.000 0.000 0.000 0.000 0.000 0.000 0.000 0.000 0.000 0.000 0.000 0.000 0.000 0.000 0.000 0.000 0.000 0.000 0.000 0.000 0.000 0.000 0.000 0.000 0.000
1.671 1.531 1.551 1.501 1.501 1.441 1.441 1.361 1.391 1.381 1.391 1.531 1.451 1.401 1.371 1.321 1.321 1.331 1.412 1.342 1.202 1.332 1.332 1.302 1.182 1.142 1.173 1.163 1.023 1.083 0.903 0.493 0.003 0.000 0.000 0.000 0.000 0.000 0.000 0.000 0.000 0.000 0.000 0.000 0.000 0.000 0.000 0.000 0.000 0.000 0.000 0.000 0.000 0.000 0.000 0.000 0.000 0.000 0.000 0.000 0.000 0.000 0.000 0.000 0.000 0.000 0.000 0.000 0.000 0.000 0.000 0.000 0.000 0.000 0.000 0.000 0.000
1.621 1.561 1.611 1.521 1.641 1.501 1.501 1.381 1.541 1.551 1.541 1.571 1.531 1.431 1.311 1.511 1.381 1.281 1.281 1.291 1.242 1.292 1.292 1.352 1.252 1.252 1.162 1.082 1.033 0.963 1.103 0.833 0.076 0.000 0.000 0.000 0.000 0.000 0.000 0.000 0.000 0.000 0.000 0.000 0.000 0.000 0.000 0.000 0.000 0.000 0.000 0.000 0.000 0.000 0.000 0.000 0.000 0.000 0.000 0.000 0.000 0.000 0.000 0.000 0.000 0.000 0.000 0.000 0.000 0.000 0.000 0.000 0.000 0.000 0.000 0.000 0.000
1.581 1.601 1.611 1.561 1.571 1.471 1.471 1.621 1.561 1.571 1.701 1.550 1.380 1.480 1.400 1.361 1.311 1.361 1.301 1.291 1.411 1.381 1.381 1.311 1.192 1.212 1.212 1.152 1.042 1.002 0.902 0.932 0.214 0.000 0.000 0.000 0.000 0.000 0.000 0.000 0.000 0.000 0.000 0.000 0.000 0.000 0.000 0.000 0.000 0.000 0.000 0.000 0.000 0.000 0.000 0.000 0.000 0.000 0.000 0.000 0.000 0.000 0.000 0.000 0.000 0.000 0.000 0.000 0.000 0.000 0.000 0.000 0.000 0.000 0.000 0.000 0.000
1.710 1.660 1.641 1.631 1.591 1.741 1.741 1.701 1.651 1.650 1.620 1.510 1.540 1.430 1.400 1.550 1.430 1.331 1.391 1.421 1.511 1.521 1.521 1.351 1.311 1.201 1.201 1.122 1.092 1.072 1.012 0.822 0.124 0.000 0.000 0.000 0.000 0.000 0.000 0.000 0.000 0.000 0.000 0.000 0.000 0.000 0.000 0.000 0.000 0.000 0.000 0.000 0.000 0.000 0.000 0.000 0.000 0.000 0.000 0.000 0.000 0.000 0.000 0.000 0.000 0.000 0.000 0.000 0.000 0.000 0.000 0.000 0.000 0.000 0.000 0.000 0.000
1.710 1.680 1.680 1.760 1.730 1.690 1.690 1.570 1.670 1.640 1.660 1.610 1.600 1.640 1.480 1.560 1.430 1.500 1.540 1.560 1.460 1.451 1.451 1.291 1.421 1.221 1.351 1.201 1.091 0.941 0.992 0.832 0.000 0.000 0.000 0.000 0.000 0.000 0.000 0.000 0.000 0.000 0.000 0.000 0.000 0.000 0.000 0.000 0.000 0.000 0.000 0.000 0.000 0.000 0.000 0.000 0.000 0.000 0.000 0.000 0.000 0.000 0.000 0.000 0.000 0.000 0.000 0.000 0.000 0.000 0.000 0.000 0.000 0.000 0.000 0.000 0.000
1.710 1.680 1.680 1.760 1.730 1.690 1.690 1.570 1.670 1.640 1.660 1.610 1.600 1.640 1.480 1.560 1.430 1.500 1.540 1.560 1.460 1.450 1.450 1.290 1.420 1.220 1.351 1.201 1.091 0.941 0.991 0.832 0.000 0.000 0.000 0.000 0.000 0.000 0.000 0.000 0.000 0.000 0.000 0.000 0.000 0.000 0.000 0.000 0.000 0.000 0.000 0.000 0.000 0.000 0.000 0.000 0.000 0.000 0.000 0.000 0.000 0.000 0.000 0.000 0.000 0.000 0.000 0.000 0.000 0.000 0.000 0.000 0.000 0.000 0.000 0.000 0.000
1.750 1.730 1.780 1.690 1.850 1.740 1.740 1.660 1.630 1.750 1.649 1.529 1.529 1.519 1.539 1.569 1.479 1.510 1.530 1.570 1.570 1.480 1.480 1.460 1.450 1.250 1.290 1.290 1.060 1.120 0.000 0.000 0.000 0.000 0.000 0.000 0.000 0.002 0.000 0.000 0.000 0.000 0.000 0.000 0.000 0.000 0.000 0.000 0.000 0.000 0.000 0.000 0.000 0.000 0.000 0.000 0.000 0.000 0.000 0.000 0.000 0.000 0.000 0.000 0.000 0.000 0.000 0.000 0.000 0.000 0.000 0.000 0.000 0.000 0.000 0.000 0.000
1.949 1.760 1.880 1.930 1.750 1.730 1.729 1.639 1.739 1.789 1.809 1.709 1.759 1.719 1.579 1.599 1.669 1.669 1.599 1.469 1.529 1.609 1.609 1.589 1.479 1.459 1.399 1.329 1.279 1.049 0.000 0.000 0.000 0.000 0.000 0.001 0.134 0.165 1.105 1.105 0.000 0.000 0.000 0.000 0.000 0.000 0.000 0.000 0.000 0.000 0.000 0.000 0.000 0.000 0.000 0.000 0.000 0.000 0.000 0.000 0.000 0.000 0.000 0.000 0.000 0.000 0.000 0.000 0.000 0.000 0.000 0.000 0.000 0.000 0.000 0.000 0.000
1.939 1.849 1.999 1.859 1.799 1.759 1.759 1.839 2.009 1.739 1.809 1.789 1.689 1.789 1.609 1.639 1.599 1.719 1.689 1.629 1.579 1.719 1.719 1.469 1.559 1.569 1.479 1.379 1.339 1.358 0.538 0.012 0.196 0.386 0.325 0.395 0.615 0.835 1.515 1.515 1.265 1.105 1.035 0.745 0.000 0.000 0.000 0.000 0.000 0.000 0.000 0.000 0.000 0.000 0.000 0.000 0.000 0.000 0.000 0.000 0.000 0.000 0.000 0.000 0.000 0.000 0.000 0.000 0.000 0.000 0.000 0.000 0.000 0.000 0.000 0.000 0.000
1.969 1.959 1.949 1.909 1.879 1.819 1.819 1.839 1.889 1.899 1.879 1.909 1.878 1.768 1.758 1.718 1.719 1.619 1.689 1.649 1.729 1.559 1.559 1.789 1.699 1.629 1.548 1.478 1.468 1.348 1.227 0.777 1.036 0.646 0.506 0.635 1.315 1.285 1.515 1.515 1.595 1.375 1.135 1.195 0.805 0.000 0.000 0.000 0.000 0.000 0.000 0.000 0.000 0.000 0.000 0.000 0.000 0.000 0.000 0.000 0.000 0.000 0.000 0.000 0.000 0.000 0.000 0.000 0.000 0.000 0.000 0.000 0.000 0.000 0.000 0.000 0.000
2.039 1.999 1.899 1.919 1.979 1.919 1.919 1.918 1.868 1.858 1.938 1.928 1.908 1.978 1.798 1.688 1.828 1.808 1.708 1.658 1.778 1.758 1.758 1.678 1.698 1.678 1.608 1.618 1.478 1.467 1.457 1.227 1.476 1.316 1.296 1.495 1.415 1.325 1.495 1.495 1.545 1.395 1.365 1.225 1.065 0.000 0.000 0.000 0.000 0.000 0.000 0.000 0.000 0.000 0.000 0.000 0.000 0.000 0.000 0.000 0.000 0.000 0.000 0.000 1.142 1.222 1.152 0.000 0.000 0.000 0.000 0.000 0.000 0.000 0.000 0.000 0.000
1.908 1.938 2.009 2.078 1.878 1.958 1.958 1.928 1.948 1.898 1.908 1.888 1.858 1.868 1.848 1.828 1.788 1.818 1.748 1.808 1.658 1.598 1.598 1.718 1.868 1.718 1.798 1.687 1.617 1.527 1.577 1.597 1.446 1.746 1.676 1.566 1.565 1.415 1.735 1.735 1.655 1.405 1.355 1.405 1.415 0.000 0.000 0.000 0.000 0.000 0.000 0.000 0.000 0.000 0.000 0.000 0.000 0.000 0.000 0.000 1.112 1.412 1.372 1.442 1.352 1.272 1.202 1.371 1.431 1.441 1.561 1.561 1.410 1.450 1.490 1.500 1.460
2.008 2.058 2.514 2.098 2.008 1.998 1.998 1.928 1.948 1.908 1.948 2.058 1.968 1.918 1.898 1.918 1.888 1.918 1.848 1.808 1.868 1.838 1.838 1.688 1.778 1.847 1.717 1.727 1.687 1.617 1.687 1.636 1.656 1.676 1.466 1.636 1.595 1.545 1.705 1.705 1.455 1.485 1.575 1.545 1.525 1.665 1.455 0.944 0.000 0.000 0.000 0.000 0.000 0.000 0.000 0.000 0.722 1.322 1.302 1.502 1.602 1.452 1.402 1.582 1.582 1.602 1.402 1.621 1.521 1.491 1.511 1.511 1.540 1.400 1.500 1.550 1.590
2.058 2.038 2.551 2.058 2.018 2.497 2.497 2.008 2.028 1.958 1.898 1.988 1.898 1.878 2.098 1.888 1.938 1.918 1.838 1.798 1.938 1.868 1.867 1.767 1.857 1.807 1.767 1.777 1.737 1.767 1.726 1.656 1.696 1.526 1.506 1.605 1.595 1.625 1.645 1.645 1.695 1.615 1.655 1.645 1.655 1.595 1.684 1.594 1.654 1.514 1.153 0.963 1.203 1.283 1.633 1.632 1.662 1.572 1.582 1.582 1.472 1.672 1.592 1.642 1.482 1.702 1.491 1.501 1.571 1.611 1.541 1.541 1.350 1.440 1.510 1.500 1.480
2.098 2.118 2.058 2.569 1.968 2.098 2.098 2.078 2.068 2.028 2.017 2.047 1.897 1.927 1.947 1.997 1.917 2.027 1.857 1.847 1.857 1.827 1.827 1.827 1.697 1.957 1.747 1.807 1.836 1.666 1.766 1.786 1.616 1.626 1.576 1.755 1.585 1.725 1.755 1.755 1.625 1.595 1.645 1.505 1.695 1.624 1.624 1.674 1.744 1.714 1.923 1.723 1.623 1.683 1.593 1.592 1.692 1.612 1.542 1.612 1.572 1.752 1.782 1.692 1.612 1.552 1.751 1.531 1.741 1.491 1.561 1.561 1.490 1.430 1.620 1.670 1.550
2.636 2.047 1.997 2.057 2.588 2.570 2.570 2.535 2.117 2.499 2.007 2.027 1.977 2.077 2.047 2.047 1.897 2.017 1.977 2.037 1.877 1.997 1.997 1.927 1.807 1.897 2.047 1.876 1.796 1.736 1.806 1.626 1.686 1.636 1.686 1.775 1.765 1.755 1.695 1.695 1.665 1.605 1.575 1.545 1.594 1.684 1.744 1.714 1.774 1.694 1.723 1.643 1.813 1.693 1.623 1.622 1.742 1.542 1.702 1.682 1.742 1.622 1.762 1.622 1.702 1.592 1.641 1.601 1.591 1.531 1.541 1.541 1.590 1.630 1.620 1.600 1.480
2.669 2.667 2.659 2.642 2.624 2.606 2.606 2.117 2.067 2.536 1.977 1.947 2.047 1.947 2.434 2.057 2.027 1.957 1.987 1.997 1.887 1.957 1.957 1.897 1.797 1.957 1.906 1.876 1.886 1.716 1.676 1.746 1.696 1.636 1.706 1.735 1.745 1.775 1.675 1.675 1.805 1.755 1.715 1.675 1.734 1.814 1.634 1.664 1.744 1.664 1.743 1.743 1.703 1.693 1.753 1.753 1.712 1.772 1.742 1.702 1.692 1.552 1.682 1.722 1.732 1.601 1.671 1.621 1.621 1.561 1.681 1.681 1.610 1.620 1.530 1.630 1.580
2.701 2.699 2.695 2.678 2.660 2.643 2.643 2.607 2.590 2.097 2.554 2.007 2.077 2.037 2.455 2.421 2.387 2.057 1.937 2.047 2.067 2.047 2.047 1.847 1.926 1.866 1.936 1.786 1.736 1.786 1.736 1.826 1.836 1.666 1.796 1.865 1.905 1.805 1.685 1.685 1.775 1.695 1.875 1.675 1.795 1.814 1.784 1.764 1.734 1.854 1.794 1.853 1.733 1.653 1.833 1.833 1.602 1.692 1.742 1.552 1.772 1.792 1.742 1.642 1.602 1.661 1.671 1.701 1.741 1.671 1.721 1.720 1.800 1.640 1.660 1.650 1.600
2.733 2.732 2.730 2.714 2.697 2.679 2.679 2.644 2.626 2.608 2.591 2.067 2.097 2.017 2.057 2.442 2.107 2.097 1.997 2.007 1.917 2.067 2.066 2.006 1.846 1.966 1.906 1.916 1.836 1.846 1.836 1.836 1.856 1.716 1.756 1.836 1.825 1.895 1.835 1.835 1.725 1.765 1.775 1.765 1.825 1.724 1.834 1.824 1.774 1.674 1.734 1.693 1.743 1.693 1.823 1.823 1.772 1.762 1.682 1.702 1.892 1.802 1.762 1.632 1.681 1.721 1.821 1.751 1.611 1.671 1.771 1.770 1.690 1.670 1.800 1.650 1.699
2.766 2.764 2.763 2.751 2.733 2.715 2.715 2.680 2.662 2.645 2.627 2.601 2.567 2.067 2.498 2.463 2.429 2.395 2.007 2.326 2.087 2.076 2.076 1.976 1.956 1.846 1.886 1.856 1.856 1.816 2.076 1.896 1.846 1.746 1.816 1.826 1.915 1.795 1.735 1.735 1.755 1.765 1.815 1.815 1.795 1.825 1.674 1.714 1.724 1.854 1.904 1.843 1.813 1.823 1.703 1.703 1.762 1.702 1.742 1.712 1.742 1.822 1.852 1.881 1.881 1.731 1.791 1.771 1.831 1.750 1.710 1.710 1.900 1.810 1.790 1.719 1.669
2.798 2.797 2.795 2.787 2.769 2.752 2.752 2.716 2.699 2.107 2.657 2.622 2.588 2.554 2.519 2.485 2.450 2.416 1.987 2.067 2.086 2.016 2.016 2.096 1.926 2.006 1.956 1.876 1.886 2.006 2.026 1.846 1.766 2.016 1.786 1.876 1.806 1.875 1.815 1.815 1.825 1.825 1.875 1.895 1.805 1.735 1.714 1.784 1.834 1.764 1.724 1.913 1.753 1.753 1.733 1.733 1.752 1.772 1.882 1.812 1.782 1.792 1.971 1.841 1.771 1.831 1.881 1.771 1.740 1.780 1.830 1.830 1.800 1.880 1.929 1.739 1.689
2.798 2.797 2.795 2.787 2.769 2.752 2.752 2.716 2.699 2.107 2.657 2.622 2.588 2.554 2.519 2.485 2.450 2.416 1.986 2.066 2.086 2.016 2.016 2.096 1.926 2.006 1.956 1.876 1.886 2.006 2.026 1.846 1.766 2.016 1.786 1.876 1.806 1.876 1.815 1.815 1.825 1.825 1.875 1.895 1.805 1.735 1.714 1.784 1.834 1.764 1.724 1.913 1.753 1.753 1.733 1.732 1.752 1.772 1.882 1.812 1.782 1.791 1.971 1.841 1.771 1.831 1.881 1.771 1.740 1.780 1.830 1.830 1.800 1.879 1.929 1.739 1.689
2.831 2.829 2.827 2.823 2.805 2.788 2.788 2.753 2.735 2.712 2.678 2.117 2.609 2.575 2.540 2.506 2.472 2.437 2.403 2.368 2.106 2.096 2.096 2.076 1.976 1.856 1.906 1.856 1.796 2.212 1.956 1.856 2.086 1.676 1.786 1.926 1.996 1.856 1.896 1.895 1.825 1.845 1.875 1.865 1.895 1.835 1.884 1.804 1.694 1.924 1.964 1.853 1.853 1.773 1.803 1.802 1.822 1.832 1.832 1.842 1.842 1.741 2.051 1.871 1.881 1.931 2.011 1.810 1.870 1.840 1.920 1.920 1.889 1.779 1.789 1.749 1.859
