includes/lisflood/camargue/results/res-0007.wdfp
ncols         906
nrows         631
xllcorner     362177.146667
yllcorner     6534725.688020
cellsize      20.000000
NODATA_value  -9999.000000
[rows 408 to 441 of 631, columns 770 to 846 of 906]
3.284 3.319 3.353 3.387 3.422 3.456 3.490 3.528 3.565 3.602 3.639 3.713 3.713 3.750 3.790 3.829 3.869 3.909 3.949 3.988 4.027 4.065 4.104 4.142 4.181 4.219 4.257 4.327 4.327 4.358 4.389 4.420 4.451 4.483 4.514 4.545 4.576 4.607 4.638 4.669 4.700 4.730 4.739 4.748 4.748 4.766 4.775 4.784 4.793 4.802 4.811 4.820 4.829 4.838 4.847 4.856 4.882 4.912 4.941 4.959 4.959 4.978 4.988 4.998 5.008 5.018 5.033 5.052 5.072 5.091 5.110 5.129 5.149 5.165 5.174 5.182 5.183
3.316 3.350 3.385 3.419 3.454 3.491 3.528 3.565 3.603 3.640 3.677 3.751 3.751 3.788 3.828 3.867 3.907 3.947 3.987 4.027 4.067 4.105 4.144 4.182 4.220 4.259 4.297 4.366 4.366 4.397 4.428 4.459 4.490 4.521 4.552 4.583 4.615 4.646 4.678 4.715 4.752 4.784 4.807 4.816 4.817 4.834 4.843 4.852 4.861 4.870 4.879 4.888 4.897 4.906 4.915 4.933 4.962 4.992 5.022 5.044 5.044 5.064 5.074 5.083 5.093 5.103 5.113 5.123 5.137 5.156 5.176 5.195 5.214 5.231 5.239 5.248 5.248
3.348 3.382 3.417 3.454 3.492 3.529 3.566 3.603 3.640 3.677 3.714 3.788 3.788 3.826 3.866 3.906 3.946 3.985 4.025 4.065 4.105 4.145 4.184 4.222 4.260 4.299 4.337 4.404 4.405 4.436 4.467 4.498 4.529 4.560 4.591 4.622 4.657 4.694 4.731 4.769 4.806 4.836 4.863 4.885 4.885 4.903 4.912 4.921 4.930 4.939 4.948 4.957 4.966 4.975 4.984 5.013 5.043 5.073 5.102 5.129 5.130 5.149 5.159 5.169 5.179 5.188 5.198 5.208 5.218 5.228 5.241 5.260 5.280 5.296 5.305 5.313 5.313
3.349 3.383 3.418 3.455 3.492 3.530 3.567 3.604 3.641 3.678 3.715 3.789 3.789 3.826 3.866 3.906 3.946 3.986 4.026 4.066 4.106 4.146 4.184 4.223 4.261 4.300 4.338 4.405 4.405 4.436 4.467 4.498 4.530 4.561 4.592 4.623 4.658 4.695 4.732 4.769 4.806 4.836 4.863 4.885 4.886 4.903 4.912 4.921 4.930 4.939 4.948 4.957 4.966 4.975 4.984 5.014 5.043 5.073 5.103 5.130 5.130 5.149 5.159 5.169 5.179 5.189 5.199 5.208 5.218 5.228 5.241 5.261 5.280 5.297 5.305 5.314 5.314
3.381 3.418 3.456 3.493 3.530 3.567 3.604 3.642 3.679 3.716 3.753 3.827 3.827 3.864 3.904 3.944 3.984 4.024 4.064 4.104 4.144 4.184 4.224 4.263 4.301 4.339 4.378 4.444 4.444 4.475 4.506 4.537 4.568 4.599 4.637 4.674 4.711 4.748 4.785 4.823 4.860 4.888 4.915 4.942 4.942 4.972 4.981 4.990 4.999 5.008 5.016 5.025 5.034 5.043 5.065 5.094 5.124 5.154 5.183 5.213 5.213 5.235 5.245 5.255 5.264 5.274 5.284 5.294 5.303 5.313 5.323 5.333 5.346 5.362 5.379 5.408 5.408
3.420 3.456 3.494 3.531 3.568 3.605 3.642 3.679 3.716 3.753 3.791 3.864 3.865 3.903 3.943 3.982 4.022 4.062 4.102 4.142 4.182 4.222 4.262 4.302 4.341 4.379 4.418 4.483 4.483 4.514 4.545 4.579 4.616 4.653 4.690 4.727 4.765 4.802 4.839 4.876 4.913 4.940 4.967 4.994 4.994 5.040 5.049 5.058 5.067 5.076 5.085 5.094 5.103 5.115 5.145 5.175 5.204 5.234 5.264 5.294 5.294 5.320 5.330 5.340 5.350 5.359 5.369 5.379 5.389 5.399 5.408 5.418 5.428 5.465 5.479 5.508 5.509
3.511 3.542 3.573 3.605 3.643 3.680 3.717 3.754 3.791 3.828 3.865 3.939 3.939 3.978 4.018 4.058 4.098 4.138 4.178 4.217 4.257 4.297 4.337 4.377 4.417 4.457 4.498 4.574 4.574 4.611 4.648 4.685 4.723 4.760 4.797 4.834 4.871 4.908 4.946 4.983 5.016 5.043 5.070 5.097 5.097 5.151 5.177 5.194 5.203 5.212 5.221 5.230 5.246 5.276 5.306 5.335 5.365 5.395 5.424 5.454 5.454 5.491 5.500 5.510 5.520 5.530 5.540 5.549 5.559 5.569 5.586 5.639 5.691 5.744 5.756 5.763 5.763
3.557 3.588 3.619 3.650 3.681 3.717 3.755 3.792 3.829 3.866 3.903 3.977 3.977 4.016 4.056 4.096 4.136 4.176 4.216 4.256 4.295 4.335 4.375 4.415 4.457 4.503 4.548 4.627 4.628 4.665 4.702 4.739 4.776 4.813 4.850 4.888 4.925 4.962 4.999 5.036 5.068 5.095 5.121 5.148 5.148 5.202 5.229 5.256 5.271 5.280 5.289 5.298 5.327 5.357 5.386 5.416 5.446 5.475 5.505 5.535 5.535 5.576 5.586 5.596 5.605 5.615 5.625 5.635 5.644 5.669 5.722 5.774 5.827 5.879 5.897 5.905 5.905
3.603 3.634 3.665 3.696 3.727 3.758 3.792 3.829 3.866 3.904 3.941 4.015 4.015 4.054 4.094 4.134 4.174 4.214 4.254 4.294 4.333 4.373 4.416 4.462 4.507 4.553 4.598 4.678 4.678 4.718 4.756 4.793 4.830 4.867 4.904 4.941 4.978 5.016 5.053 5.090 5.119 5.146 5.173 5.200 5.200 5.254 5.281 5.308 5.335 5.349 5.358 5.378 5.407 5.437 5.467 5.497 5.526 5.556 5.586 5.615 5.615 5.661 5.671 5.681 5.691 5.701 5.710 5.720 5.752 5.804 5.857 5.909 5.962 6.015 6.039 6.046 6.046
3.649 3.680 3.711 3.742 3.773 3.804 3.835 3.867 3.904 3.941 3.978 4.052 4.053 4.092 4.132 4.172 4.212 4.252 4.292 4.332 4.375 4.421 4.466 4.512 4.557 4.603 4.647 4.728 4.728 4.768 4.809 4.846 4.883 4.921 4.958 4.995 5.032 5.069 5.106 5.143 5.171 5.198 5.225 5.252 5.252 5.306 5.332 5.359 5.386 5.413 5.429 5.458 5.488 5.518 5.547 5.577 5.607 5.636 5.666 5.696 5.696 5.747 5.756 5.766 5.776 5.786 5.796 5.835 5.887 5.940 5.992 6.045 6.097 6.150 6.181 6.188 6.188
3.695 3.726 3.757 3.788 3.819 3.850 3.881 3.912 3.943 3.979 4.016 4.090 4.090 4.130 4.170 4.210 4.250 4.290 4.334 4.380 4.426 4.471 4.517 4.562 4.608 4.653 4.697 4.777 4.777 4.818 4.858 4.899 4.937 4.974 5.011 5.048 5.085 5.123 5.160 5.196 5.223 5.250 5.276 5.303 5.304 5.357 5.384 5.411 5.438 5.470 5.505 5.538 5.569 5.598 5.628 5.658 5.687 5.717 5.747 5.776 5.776 5.832 5.842 5.851 5.861 5.871 5.917 5.970 6.022 6.075 6.128 6.180 6.233 6.285 6.322 6.330 6.330
3.741 3.772 3.803 3.834 3.865 3.896 3.927 3.958 3.989 4.019 4.054 4.128 4.129 4.168 4.208 4.248 4.294 4.339 4.385 4.430 4.476 4.521 4.567 4.612 4.658 4.703 4.746 4.827 4.827 4.867 4.908 4.948 4.988 5.028 5.065 5.102 5.139 5.176 5.213 5.248 5.274 5.301 5.328 5.355 5.355 5.409 5.436 5.468 5.505 5.541 5.576 5.609 5.641 5.674 5.706 5.738 5.768 5.797 5.827 5.857 5.857 5.916 5.927 5.937 5.947 6.000 6.053 6.105 6.158 6.210 6.263 6.315 6.368 6.421 6.464 6.471 6.472
3.787 3.818 3.849 3.880 3.911 3.942 3.973 4.004 4.035 4.065 4.096 4.166 4.167 4.207 4.253 4.298 4.344 4.389 4.435 4.481 4.526 4.572 4.617 4.663 4.708 4.754 4.796 4.876 4.876 4.917 4.957 4.998 5.038 5.078 5.118 5.155 5.193 5.230 5.267 5.299 5.326 5.353 5.380 5.407 5.407 5.466 5.503 5.539 5.576 5.612 5.648 5.680 5.713 5.745 5.778 5.810 5.843 5.875 5.907 5.937 5.937 5.996 6.012 6.030 6.083 6.135 6.188 6.240 6.293 6.346 6.398 6.451 6.503 6.556 6.606 6.613 6.613
3.833 3.864 3.895 3.926 3.957 3.988 4.019 4.050 4.080 4.111 4.142 4.211 4.212 4.257 4.303 4.349 4.394 4.440 4.485 4.531 4.576 4.622 4.667 4.713 4.758 4.804 4.845 4.926 4.926 4.966 5.007 5.047 5.087 5.128 5.168 5.208 5.246 5.283 5.320 5.351 5.378 5.405 5.432 5.464 5.465 5.537 5.574 5.610 5.647 5.683 5.719 5.751 5.784 5.816 5.849 5.881 5.914 5.946 5.978 6.011 6.011 6.076 6.113 6.165 6.218 6.270 6.323 6.376 6.428 6.481 6.534 6.586 6.639 6.691 6.744 6.755 6.755
3.880 3.910 3.941 3.972 4.003 4.034 4.065 4.096 4.126 4.157 4.187 4.257 4.258 4.306 4.353 4.399 4.444 4.490 4.535 4.581 4.627 4.672 4.718 4.763 4.809 4.854 4.895 4.975 4.975 5.016 5.056 5.096 5.137 5.177 5.217 5.258 5.298 5.337 5.374 5.403 5.430 5.463 5.499 5.535 5.536 5.608 5.645 5.681 5.718 5.754 5.790 5.823 5.855 5.888 5.920 5.953 5.985 6.017 6.050 6.082 6.082 6.174 6.253 6.303 6.353 6.406 6.458 6.511 6.564 6.616 6.669 6.721 6.774 6.827 6.879 6.897 6.897
3.926 3.956 3.987 4.018 4.049 4.080 4.111 4.141 4.171 4.201 4.230 4.303 4.304 4.352 4.401 4.449 4.495 4.540 4.586 4.631 4.677 4.722 4.768 4.813 4.859 4.904 4.944 5.025 5.025 5.065 5.106 5.146 5.186 5.227 5.267 5.307 5.348 5.388 5.427 5.461 5.497 5.534 5.570 5.607 5.607 5.680 5.716 5.752 5.789 5.825 5.862 5.894 5.926 5.959 5.991 6.024 6.056 6.089 6.121 6.153 6.154 6.309 6.396 6.446 6.496 6.546 6.596 6.646 6.699 6.752 6.804 6.857 6.909 6.962 7.014 7.038 7.038
3.972 4.002 4.033 4.064 4.095 4.125 4.155 4.185 4.215 4.244 4.274 4.350 4.350 4.399 4.447 4.496 4.544 4.590 4.636 4.681 4.727 4.772 4.818 4.863 4.909 4.954 4.994 5.074 5.074 5.115 5.155 5.195 5.236 5.276 5.316 5.357 5.397 5.441 5.487 5.530 5.568 5.605 5.641 5.678 5.678 5.751 5.787 5.823 5.860 5.896 5.933 5.965 5.998 6.030 6.063 6.095 6.127 6.160 6.192 6.266 6.266 6.445 6.534 6.588 6.638 6.688 6.738 6.788 6.838 6.888 6.939 6.992 7.045 7.097 7.150 7.180 7.180
4.018 4.049 4.079 4.109 4.139 4.169 4.199 4.229 4.258 4.288 4.318 4.396 4.396 4.445 4.493 4.542 4.590 4.639 4.686 4.731 4.777 4.823 4.868 4.914 4.959 5.003 5.043 5.124 5.124 5.164 5.204 5.245 5.285 5.325 5.366 5.411 5.457 5.503 5.549 5.591 5.634 5.676 5.712 5.749 5.749 5.822 5.858 5.894 5.931 5.967 6.004 6.036 6.069 6.101 6.134 6.166 6.199 6.231 6.312 6.401 6.402 6.580 6.669 6.731 6.780 6.830 6.880 6.930 6.980 7.030 7.080 7.130 7.180 7.232 7.285 7.322 7.322
4.064 4.093 4.123 4.153 4.183 4.213 4.243 4.272 4.302 4.332 4.362 4.442 4.442 4.491 4.539 4.588 4.636 4.685 4.734 4.782 4.827 4.873 4.918 4.964 5.009 5.053 5.093 5.173 5.173 5.214 5.254 5.294 5.335 5.380 5.426 5.472 5.518 5.564 5.610 5.652 5.695 5.738 5.780 5.820 5.820 5.893 5.929 5.966 6.002 6.038 6.075 6.108 6.140 6.173 6.205 6.237 6.270 6.358 6.447 6.537 6.537 6.715 6.804 6.873 6.923 6.973 7.023 7.073 7.123 7.172 7.222 7.272 7.322 7.372 7.422 7.485 7.485
4.064 4.094 4.124 4.154 4.184 4.214 4.243 4.273 4.303 4.333 4.362 4.443 4.443 4.491 4.540 4.588 4.637 4.686 4.734 4.782 4.828 4.873 4.919 4.964 5.010 5.053 5.093 5.174 5.174 5.214 5.255 5.295 5.335 5.380 5.426 5.473 5.519 5.565 5.610 5.653 5.695 5.738 5.781 5.820 5.820 5.893 5.930 5.966 6.002 6.039 6.075 6.108 6.140 6.173 6.205 6.238 6.270 6.358 6.448 6.537 6.537 6.715 6.805 6.873 6.923 6.973 7.023 7.073 7.123 7.173 7.223 7.273 7.323 7.373 7.423 7.485 7.485
4.108 4.138 4.168 4.198 4.228 4.257 4.287 4.317 4.347 4.376 4.406 4.489 4.489 4.537 4.586 4.635 4.683 4.732 4.780 4.829 4.877 4.923 4.969 5.014 5.060 5.103 5.143 5.223 5.223 5.264 5.304 5.350 5.396 5.442 5.488 5.534 5.580 5.626 5.671 5.714 5.757 5.799 5.842 5.885 5.885 5.964 6.001 6.037 6.073 6.110 6.146 6.179 6.212 6.244 6.277 6.315 6.404 6.494 6.583 6.672 6.672 6.851 6.940 7.016 7.066 7.115 7.165 7.215 7.265 7.315 7.365 7.415 7.465 7.515 7.598 7.830 7.830
4.152 4.182 4.212 4.241 4.271 4.301 4.331 4.361 4.390 4.420 4.450 4.535 4.535 4.584 4.632 4.681 4.729 4.778 4.826 4.875 4.923 4.972 5.019 5.065 5.110 5.152 5.192 5.273 5.273 5.319 5.365 5.411 5.457 5.503 5.549 5.595 5.641 5.687 5.732 5.775 5.818 5.860 5.903 5.946 5.946 6.031 6.072 6.108 6.145 6.181 6.217 6.251 6.283 6.315 6.361 6.450 6.539 6.629 6.718 6.807 6.807 6.986 7.075 7.158 7.208 7.258 7.308 7.358 7.408 7.458 7.507 7.557 7.607 7.695 7.926 8.157 8.157
4.237 4.268 4.298 4.328 4.358 4.388 4.417 4.447 4.477 4.507 4.537 4.626 4.626 4.675 4.723 4.772 4.821 4.869 4.918 4.966 5.015 5.063 5.112 5.161 5.209 5.257 5.303 5.395 5.395 5.441 5.487 5.533 5.579 5.625 5.671 5.717 5.763 5.810 5.854 5.897 5.939 5.982 6.025 6.067 6.068 6.153 6.195 6.238 6.281 6.323 6.359 6.393 6.452 6.542 6.631 6.720 6.809 6.899 6.988 7.077 7.077 7.256 7.345 7.434 7.492 7.542 7.592 7.642 7.692 7.742 7.792 7.887 8.118 8.349 8.580 8.812 8.812
4.255 4.303 4.342 4.372 4.402 4.431 4.461 4.491 4.521 4.551 4.580 4.672 4.672 4.721 4.769 4.818 4.867 4.915 4.964 5.012 5.061 5.109 5.158 5.210 5.261 5.314 5.364 5.456 5.456 5.502 5.548 5.595 5.641 5.687 5.733 5.779 5.825 5.871 5.915 5.958 6.000 6.043 6.086 6.129 6.129 6.214 6.257 6.299 6.342 6.385 6.427 6.498 6.588 6.677 6.766 6.855 6.945 7.034 7.123 7.212 7.213 7.391 7.480 7.569 7.635 7.684 7.734 7.784 7.834 7.884 7.983 8.214 8.445 8.677 8.908 9.139 9.139
4.273 4.322 4.370 4.415 4.445 4.475 4.505 4.535 4.564 4.594 4.624 4.718 4.718 4.767 4.815 4.864 4.913 4.961 5.010 5.058 5.107 5.159 5.210 5.262 5.314 5.366 5.419 5.518 5.518 5.564 5.610 5.656 5.702 5.748 5.794 5.840 5.886 5.932 5.976 6.019 6.062 6.104 6.147 6.190 6.190 6.275 6.318 6.360 6.403 6.460 6.552 6.641 6.727 6.812 6.901 6.991 7.080 7.169 7.258 7.348 7.348 7.526 7.615 7.704 7.777 7.827 7.877 7.927 7.976 8.079 8.310 8.541 8.773 9.004 9.235 9.467 9.467
4.292 4.340 4.389 4.437 4.486 4.519 4.549 4.578 4.608 4.638 4.667 4.764 4.764 4.813 4.861 4.910 4.958 5.007 5.057 5.108 5.159 5.211 5.263 5.314 5.366 5.418 5.471 5.576 5.576 5.625 5.671 5.717 5.763 5.809 5.855 5.901 5.948 5.994 6.037 6.080 6.123 6.165 6.208 6.251 6.251 6.336 6.379 6.421 6.512 6.604 6.697 6.786 6.872 6.957 7.043 7.128 7.215 7.304 7.393 7.483 7.483 7.661 7.750 7.840 7.919 7.969 8.019 8.069 8.175 8.406 8.637 8.869 9.100 9.331 9.563 9.794 9.794
4.310 4.359 4.407 4.456 4.504 4.553 4.592 4.622 4.652 4.681 4.713 4.810 4.810 4.859 4.907 4.956 5.006 5.057 5.109 5.160 5.212 5.263 5.315 5.366 5.418 5.471 5.523 5.628 5.628 5.681 5.733 5.779 5.825 5.871 5.917 5.963 6.009 6.055 6.099 6.141 6.184 6.226 6.269 6.312 6.312 6.397 6.471 6.564 6.656 6.749 6.841 6.931 7.017 7.102 7.188 7.273 7.359 7.444 7.530 7.618 7.618 7.796 7.886 7.975 8.062 8.111 8.161 8.271 8.502 8.734 8.965 9.196 9.427 9.659 9.890 10.121 10.121
4.329 4.377 4.426 4.474 4.523 4.571 4.619 4.666 4.695 4.725 4.759 4.856 4.856 4.905 4.955 5.006 5.058 5.109 5.161 5.212 5.264 5.315 5.367 5.418 5.470 5.523 5.575 5.680 5.681 5.733 5.786 5.838 5.886 5.932 5.978 6.024 6.070 6.116 6.160 6.202 6.245 6.288 6.330 6.373 6.373 6.524 6.616 6.709 6.801 6.893 6.986 7.076 7.162 7.247 7.333 7.418 7.504 7.589 7.675 7.760 7.761 7.931 8.021 8.110 8.199 8.254 8.367 8.598 8.830 9.061 9.292 9.523 9.755 9.986 10.217 10.449 10.449
4.347 4.396 4.444 4.492 4.541 4.589 4.638 4.686 4.735 4.769 4.805 4.903 4.904 4.955 5.007 5.058 5.110 5.161 5.213 5.264 5.316 5.367 5.419 5.470 5.523 5.575 5.628 5.733 5.733 5.785 5.838 5.890 5.943 5.993 6.040 6.086 6.132 6.178 6.221 6.264 6.306 6.349 6.391 6.483 6.483 6.668 6.761 6.853 6.945 7.038 7.130 7.221 7.307 7.392 7.478 7.563 7.649 7.734 7.820 7.905 7.906 8.076 8.162 8.247 8.334 8.463 8.695 8.926 9.157 9.388 9.620 9.851 10.082 10.313 10.545 10.776 10.776
4.366 4.414 4.462 4.511 4.559 4.608 4.656 4.704 4.753 4.801 4.853 4.956 4.956 5.007 5.059 5.110 5.162 5.213 5.265 5.316 5.368 5.419 5.471 5.522 5.575 5.627 5.680 5.785 5.785 5.837 5.890 5.943 5.995 6.048 6.100 6.147 6.193 6.239 6.282 6.325 6.367 6.443 6.535 6.628 6.628 6.813 6.905 6.997 7.090 7.182 7.275 7.367 7.452 7.537 7.623 7.708 7.794 7.879 7.965 8.050 8.051 8.221 8.307 8.392 8.516 8.734 8.989 9.244 9.484 9.716 9.947 10.178 10.409 10.641 10.872 11.103 11.103
4.384 4.432 4.481 4.529 4.578 4.626 4.675 4.723 4.777 4.840 4.899 5.008 5.008 5.059 5.111 5.162 5.214 5.265 5.317 5.369 5.420 5.472 5.523 5.575 5.627 5.679 5.732 5.837 5.837 5.890 5.942 5.995 6.047 6.100 6.152 6.205 6.254 6.300 6.343 6.402 6.495 6.587 6.680 6.772 6.772 6.957 7.050 7.142 7.234 7.327 7.419 7.512 7.597 7.683 7.768 7.854 7.939 8.024 8.110 8.195 8.195 8.366 8.452 8.574 8.766 8.963 9.218 9.472 9.727 9.982 10.237 10.491 10.737 10.968 11.199 11.431 11.431
4.402 4.451 4.499 4.548 4.596 4.644 4.697 4.760 4.822 4.885 4.944 5.057 5.057 5.112 5.163 5.215 5.266 5.318 5.369 5.421 5.472 5.524 5.575 5.627 5.679 5.732 5.784 5.889 5.889 5.942 5.994 6.047 6.100 6.152 6.205 6.257 6.310 6.362 6.454 6.547 6.639 6.732 6.824 6.917 6.917 7.102 7.194 7.286 7.379 7.471 7.564 7.656 7.742 7.828 7.913 7.999 8.084 8.169 8.255 8.340 8.340 8.511 8.632 8.824 9.015 9.206 9.446 9.701 9.956 10.211 10.466 10.720 10.975 11.230 11.485 11.739 11.739
4.421 4.469 4.518 4.566 4.617 4.680 4.742 4.805 4.867 4.930 4.988 5.102 5.102 5.159 5.215 5.267 5.318 5.370 5.421 5.473 5.524 5.576 5.627 5.679 5.731 5.784 5.836 5.941 5.942 5.994 6.047 6.099 6.152 6.204 6.257 6.313 6.390 6.474 6.590 6.691 6.784 6.876 6.969 7.061 7.061 7.246 7.339 7.431 7.523 7.616 7.708 7.801 7.887 7.973 8.058 8.144 8.229 8.314 8.400 8.485 8.485 8.690 8.882 9.073 9.264 9.456 9.675 9.930 10.185 10.440 10.694 10.949 11.204 11.459 11.713 11.968 11.968
4.439 4.488 4.537 4.599 4.662 4.725 4.787 4.850 4.912 4.975 5.033 5.146 5.146 5.203 5.260 5.317 5.370 5.422 5.473 5.525 5.576 5.628 5.679 5.731 5.784 5.836 5.889 5.994 5.994 6.046 6.099 6.151 6.204 6.263 6.341 6.418 6.495 6.584 6.699 6.815 6.928 7.021 7.113 7.206 7.206 7.390 7.483 7.575 7.668 7.760 7.853 7.945 8.032 8.118 8.203 8.289 8.374 8.459 8.545 8.630 8.630 8.939 9.131 9.322 9.513 9.705 9.904 10.159 10.414 10.669 10.923 11.178 11.433 11.688 11.943 12.197 12.197
