includes/lisflood/camargue/results/res-0008.wdfp
ncols         906
nrows         631
xllcorner     362177.146667
yllcorner     6534725.688020
cellsize      20.000000
NODATA_value  -9999.000000
[rows 578 to 611 of 631, columns 616 to 692 of 906]
7.099 7.121 7.159 7.229 7.372 7.371 7.441 7.512 7.561 7.607 7.653 7.700 7.746 7.792 7.838 7.869 7.891 7.912 7.934 7.955 7.999 7.998 8.020 8.041 8.062 8.084 8.097 8.120 8.167 8.213 8.264 8.318 8.371 8.425 8.479 8.533 8.641 8.641 8.694 8.754 8.820 8.886 8.952 9.011 9.058 9.105 9.151 9.198 9.245 9.292 9.339 9.372 9.439 9.438 9.471 9.504 9.537 9.570 9.603 9.636 9.664 9.685 9.705 9.729 9.755 9.781 9.797 9.789 9.781 9.780 9.764 9.756 9.747 9.739 9.731 9.722 9.724
7.159 7.180 7.210 7.280 7.423 7.422 7.491 7.537 7.584 7.630 7.676 7.722 7.768 7.815 7.861 7.897 7.918 7.940 7.961 7.982 8.026 8.025 8.047 8.068 8.090 8.101 8.110 8.125 8.172 8.219 8.266 8.313 8.359 8.409 8.463 8.516 8.625 8.624 8.678 8.735 8.801 8.868 8.923 8.970 9.017 9.064 9.110 9.157 9.204 9.251 9.298 9.333 9.400 9.400 9.433 9.466 9.499 9.532 9.565 9.590 9.611 9.631 9.651 9.674 9.701 9.727 9.753 9.779 9.776 9.775 9.759 9.751 9.742 9.734 9.725 9.718 9.720
7.219 7.240 7.262 7.332 7.469 7.468 7.514 7.560 7.606 7.652 7.699 7.745 7.791 7.837 7.884 7.924 7.945 7.967 7.988 8.010 8.053 8.052 8.074 8.095 8.105 8.114 8.123 8.132 8.177 8.224 8.271 8.318 8.365 8.412 8.459 8.505 8.609 8.608 8.662 8.717 8.783 8.835 8.882 8.929 8.976 9.022 9.069 9.116 9.163 9.210 9.256 9.295 9.362 9.361 9.394 9.427 9.461 9.494 9.516 9.536 9.557 9.577 9.597 9.620 9.647 9.673 9.699 9.725 9.751 9.750 9.754 9.745 9.737 9.729 9.720 9.715 9.717
7.278 7.300 7.321 7.383 7.492 7.490 7.536 7.582 7.629 7.675 7.721 7.767 7.814 7.860 7.906 7.951 7.972 7.994 8.015 8.037 8.081 8.080 8.100 8.110 8.118 8.127 8.136 8.145 8.183 8.230 8.277 8.323 8.370 8.417 8.464 8.511 8.605 8.605 8.651 8.699 8.747 8.794 8.841 8.888 8.934 8.981 9.028 9.075 9.122 9.169 9.215 9.257 9.324 9.323 9.356 9.389 9.421 9.442 9.462 9.482 9.503 9.523 9.543 9.566 9.592 9.619 9.645 9.671 9.697 9.696 9.749 9.740 9.732 9.723 9.715 9.712 9.714
7.344 7.363 7.381 7.421 7.514 7.513 7.559 7.605 7.651 7.697 7.744 7.790 7.836 7.882 7.929 7.975 8.000 8.021 8.043 8.064 8.106 8.105 8.114 8.122 8.132 8.141 8.149 8.159 8.188 8.235 8.282 8.329 8.376 8.422 8.469 8.516 8.611 8.610 8.657 8.641 8.680 8.739 8.797 8.847 8.893 8.940 8.987 9.034 9.081 9.128 9.174 9.218 9.285 9.285 9.318 9.347 9.367 9.388 9.408 9.428 9.449 9.469 9.489 9.512 9.538 9.565 9.591 9.617 9.643 9.642 9.695 9.721 9.727 9.718 9.710 9.708 9.710
7.414 7.432 7.432 7.446 7.537 7.536 7.581 7.628 7.674 7.720 7.766 7.812 7.859 7.905 7.951 7.997 8.027 8.048 8.070 8.091 8.119 8.118 8.127 8.136 8.145 8.154 8.163 8.172 8.194 8.240 8.287 8.334 8.381 8.428 8.475 8.522 8.610 8.609 8.593 8.578 8.601 8.659 8.718 8.776 8.834 8.893 8.946 8.993 9.040 9.086 9.133 9.180 9.247 9.246 9.273 9.293 9.313 9.334 9.354 9.374 9.395 9.415 9.435 9.458 9.485 9.511 9.537 9.563 9.589 9.588 9.641 9.667 9.693 9.713 9.705 9.705 9.707
7.483 7.479 7.469 7.472 7.563 7.562 7.607 7.652 7.697 7.742 7.789 7.835 7.881 7.927 7.974 8.020 8.054 8.075 8.097 8.113 8.132 8.131 8.140 8.149 8.158 8.167 8.176 8.185 8.199 8.246 8.293 8.340 8.387 8.433 8.480 8.527 8.546 8.545 8.530 8.514 8.522 8.580 8.638 8.697 8.755 8.813 8.872 8.930 8.988 9.045 9.092 9.139 9.199 9.198 9.219 9.239 9.259 9.280 9.300 9.320 9.341 9.361 9.381 9.404 9.430 9.457 9.483 9.509 9.535 9.534 9.587 9.613 9.639 9.665 9.690 9.681 9.668
7.527 7.517 7.507 7.498 7.589 7.588 7.633 7.678 7.723 7.768 7.813 7.858 7.904 7.950 7.996 8.042 8.081 8.103 8.117 8.126 8.145 8.144 8.153 8.162 8.171 8.180 8.189 8.198 8.207 8.251 8.298 8.345 8.392 8.439 8.486 8.513 8.482 8.482 8.466 8.451 8.442 8.501 8.559 8.617 8.675 8.734 8.792 8.851 8.909 8.967 9.026 9.084 9.145 9.144 9.165 9.185 9.205 9.226 9.246 9.267 9.287 9.307 9.328 9.350 9.376 9.403 9.429 9.455 9.481 9.480 9.533 9.559 9.583 9.605 9.625 9.630 9.624
7.564 7.554 7.544 7.534 7.615 7.614 7.659 7.704 7.749 7.794 7.839 7.884 7.929 7.974 8.020 8.065 8.108 8.121 8.130 8.139 8.158 8.157 8.166 8.175 8.184 8.193 8.202 8.211 8.220 8.257 8.304 8.350 8.397 8.444 8.465 8.449 8.419 8.418 8.403 8.387 8.371 8.421 8.480 8.538 8.596 8.654 8.713 8.771 8.829 8.888 8.945 8.983 9.062 9.062 9.102 9.131 9.152 9.172 9.192 9.213 9.233 9.253 9.274 9.296 9.323 9.349 9.375 9.401 9.427 9.426 9.477 9.499 9.521 9.544 9.560 9.565 9.570
7.601 7.592 7.582 7.572 7.641 7.640 7.685 7.730 7.775 7.820 7.865 7.910 7.955 8.000 8.046 8.091 8.122 8.133 8.143 8.152 8.171 8.170 8.179 8.188 8.197 8.206 8.215 8.224 8.233 8.262 8.309 8.356 8.403 8.417 8.401 8.386 8.355 8.354 8.339 8.323 8.308 8.342 8.400 8.459 8.517 8.575 8.634 8.692 8.750 8.805 8.842 8.880 8.960 8.959 8.999 9.039 9.079 9.118 9.138 9.159 9.179 9.199 9.220 9.243 9.268 9.295 9.321 9.347 9.370 9.370 9.415 9.437 9.460 9.482 9.495 9.500 9.506
7.601 7.592 7.582 7.572 7.641 7.640 7.685 7.730 7.775 7.820 7.865 7.910 7.955 8.000 8.046 8.091 8.122 8.133 8.143 8.152 8.171 8.170 8.179 8.188 8.197 8.206 8.215 8.224 8.233 8.262 8.309 8.356 8.403 8.417 8.401 8.386 8.355 8.355 8.339 8.323 8.308 8.342 8.400 8.459 8.517 8.575 8.634 8.692 8.750 8.805 8.843 8.880 8.960 8.959 8.999 9.039 9.079 9.118 9.138 9.159 9.179 9.200 9.220 9.243 9.269 9.295 9.321 9.347 9.371 9.370 9.415 9.437 9.460 9.482 9.496 9.501 9.506
7.639 7.629 7.619 7.609 7.668 7.666 7.711 7.756 7.801 7.846 7.891 7.936 7.981 8.026 8.072 8.101 8.129 8.145 8.154 8.163 8.183 8.182 8.192 8.201 8.210 8.219 8.228 8.237 8.246 8.267 8.314 8.361 8.369 8.353 8.338 8.322 8.292 8.291 8.275 8.260 8.244 8.263 8.321 8.379 8.438 8.496 8.554 8.613 8.665 8.702 8.740 8.778 8.857 8.856 8.896 8.936 8.977 9.017 9.057 9.097 9.125 9.146 9.166 9.189 9.215 9.241 9.264 9.287 9.309 9.308 9.353 9.376 9.398 9.420 9.431 9.436 9.441
7.676 7.666 7.656 7.646 7.694 7.692 7.737 7.782 7.827 7.872 7.917 7.962 8.007 8.052 8.081 8.108 8.136 8.156 8.165 8.175 8.195 8.194 8.203 8.213 8.222 8.232 8.241 8.250 8.259 8.273 8.320 8.321 8.305 8.289 8.274 8.258 8.228 8.227 8.212 8.196 8.181 8.183 8.242 8.300 8.358 8.417 8.475 8.524 8.562 8.600 8.638 8.676 8.755 8.754 8.794 8.834 8.874 8.914 8.954 8.994 9.034 9.074 9.112 9.135 9.158 9.180 9.202 9.225 9.247 9.246 9.292 9.314 9.336 9.359 9.366 9.371 9.376
7.751 7.741 7.731 7.721 7.746 7.744 7.789 7.834 7.879 7.924 7.969 8.012 8.040 8.067 8.095 8.123 8.150 8.178 8.188 8.198 8.218 8.217 8.226 8.236 8.245 8.255 8.264 8.274 8.283 8.251 8.224 8.203 8.181 8.162 8.147 8.131 8.101 8.100 8.085 8.069 8.054 8.038 8.083 8.141 8.199 8.244 8.282 8.320 8.358 8.396 8.434 8.471 8.549 8.548 8.589 8.629 8.669 8.709 8.749 8.789 8.829 8.864 8.896 8.938 8.997 9.055 9.079 9.101 9.123 9.123 9.168 9.190 9.213 9.231 9.236 9.241 9.246
7.789 7.779 7.769 7.759 7.772 7.770 7.815 7.860 7.905 7.950 7.992 8.019 8.047 8.074 8.102 8.130 8.157 8.185 8.200 8.209 8.229 8.228 8.237 8.247 8.256 8.266 8.276 8.285 8.252 8.213 8.181 8.160 8.139 8.118 8.097 8.076 8.037 8.036 8.021 8.005 7.990 7.974 8.003 8.062 8.104 8.142 8.180 8.218 8.255 8.293 8.331 8.369 8.447 8.446 8.486 8.526 8.566 8.606 8.646 8.686 8.719 8.751 8.783 8.826 8.884 8.942 9.001 9.039 9.062 9.061 9.106 9.129 9.151 9.166 9.171 9.176 9.181
7.826 7.816 7.806 7.796 7.798 7.796 7.841 7.886 7.931 7.971 7.999 8.026 8.054 8.082 8.109 8.137 8.164 8.192 8.211 8.220 8.240 8.239 8.249 8.258 8.268 8.277 8.287 8.253 8.214 8.175 8.138 8.117 8.096 8.075 8.054 8.033 7.992 7.991 7.970 7.949 7.928 7.911 7.924 7.964 8.001 8.039 8.077 8.115 8.153 8.191 8.229 8.267 8.344 8.343 8.383 8.424 8.464 8.504 8.542 8.574 8.606 8.638 8.670 8.713 8.771 8.829 8.888 8.946 9.000 8.999 9.045 9.067 9.089 9.102 9.107 9.112 9.117
7.863 7.853 7.843 7.833 7.824 7.822 7.867 7.912 7.951 7.979 8.006 8.033 8.061 8.088 8.116 8.144 8.171 8.199 8.222 8.232 8.252 8.251 8.260 8.270 8.279 8.289 8.253 8.214 8.176 8.137 8.098 8.074 8.053 8.032 8.011 7.990 7.949 7.949 7.928 7.907 7.886 7.865 7.862 7.882 7.902 7.937 7.975 8.013 8.051 8.089 8.127 8.165 8.242 8.241 8.281 8.321 8.361 8.397 8.429 8.461 8.493 8.525 8.557 8.600 8.658 8.716 8.775 8.833 8.891 8.891 8.983 9.005 9.027 9.037 9.042 9.047 9.052
7.904 7.891 7.881 7.871 7.852 7.851 7.893 7.931 7.958 7.986 8.013 8.040 8.068 8.096 8.123 8.151 8.178 8.206 8.234 8.243 8.263 8.262 8.272 8.281 8.291 8.254 8.215 8.176 8.138 8.099 8.060 8.032 8.011 7.990 7.969 7.948 7.907 7.906 7.885 7.864 7.843 7.837 7.831 7.847 7.867 7.887 7.907 7.927 7.949 7.987 8.025 8.063 8.139 8.138 8.178 8.218 8.252 8.284 8.316 8.348 8.380 8.412 8.445 8.487 8.545 8.604 8.662 8.720 8.778 8.778 8.895 8.943 8.966 8.972 8.977 8.977 8.971
7.947 7.935 7.923 7.911 7.890 7.888 7.911 7.938 7.965 7.992 8.020 8.047 8.075 8.102 8.130 8.158 8.185 8.213 8.241 8.254 8.274 8.273 8.283 8.292 8.255 8.216 8.177 8.138 8.100 8.061 8.022 7.989 7.968 7.947 7.926 7.905 7.864 7.863 7.842 7.821 7.815 7.809 7.804 7.813 7.833 7.853 7.873 7.893 7.913 7.933 7.953 7.973 8.037 8.036 8.075 8.107 8.139 8.171 8.203 8.235 8.268 8.300 8.332 8.374 8.432 8.491 8.549 8.607 8.666 8.665 8.782 8.841 8.897 8.891 8.885 8.879 8.873
7.991 7.979 7.967 7.955 7.893 7.891 7.878 7.922 7.967 8.000 8.027 8.054 8.082 8.109 8.137 8.165 8.192 8.220 8.248 8.266 8.286 8.285 8.294 8.256 8.217 8.178 8.139 8.100 8.061 8.023 7.984 7.946 7.925 7.904 7.883 7.862 7.821 7.820 7.800 7.793 7.788 7.782 7.776 7.778 7.798 7.818 7.838 7.858 7.878 7.898 7.918 7.938 7.976 7.975 7.986 8.000 8.026 8.058 8.090 8.123 8.155 8.187 8.219 8.261 8.320 8.378 8.436 8.495 8.553 8.552 8.692 8.767 8.804 8.794 8.788 8.782 8.776
8.034 8.023 8.011 7.999 7.863 7.861 7.822 7.866 7.910 7.954 7.998 8.042 8.086 8.116 8.144 8.172 8.199 8.227 8.255 8.277 8.297 8.296 8.257 8.218 8.179 8.140 8.101 8.062 8.024 7.985 7.946 7.907 7.882 7.862 7.841 7.820 7.779 7.778 7.772 7.766 7.760 7.755 7.749 7.743 7.763 7.784 7.804 7.824 7.844 7.864 7.884 7.904 7.929 7.928 7.936 7.950 7.964 7.979 7.993 8.010 8.042 8.074 8.106 8.148 8.207 8.265 8.328 8.403 8.478 8.477 8.627 8.701 8.711 8.701 8.691 8.685 8.679
8.078 8.066 8.054 7.982 7.832 7.831 7.765 7.809 7.853 7.897 7.941 7.985 8.029 8.074 8.118 8.162 8.206 8.234 8.262 8.288 8.258 8.258 8.219 8.180 8.141 8.102 8.063 8.024 7.985 7.947 7.908 7.869 7.840 7.819 7.798 7.777 7.751 7.750 7.744 7.739 7.733 7.727 7.721 7.716 7.729 7.749 7.769 7.789 7.809 7.829 7.849 7.867 7.882 7.881 7.888 7.901 7.915 7.929 7.943 7.957 7.971 7.986 8.000 8.039 8.113 8.188 8.263 8.337 8.412 8.411 8.561 8.629 8.619 8.609 8.599 8.588 8.581
8.122 8.102 8.027 7.951 7.802 7.801 7.725 7.752 7.796 7.840 7.884 7.928 7.972 8.017 8.061 8.106 8.150 8.194 8.239 8.282 8.220 8.219 8.181 8.142 8.103 8.064 8.025 7.986 7.947 7.909 7.870 7.831 7.797 7.776 7.755 7.734 7.723 7.723 7.717 7.711 7.705 7.700 7.694 7.688 7.694 7.714 7.734 7.754 7.774 7.795 7.813 7.820 7.834 7.834 7.841 7.851 7.865 7.879 7.894 7.908 7.922 7.936 7.952 7.986 8.048 8.123 8.197 8.272 8.346 8.345 8.496 8.536 8.526 8.516 8.506 8.496 8.486
8.148 8.072 7.997 7.921 7.772 7.770 7.695 7.695 7.739 7.783 7.827 7.871 7.916 7.960 8.004 8.049 8.093 8.137 8.182 8.171 8.128 8.127 8.102 8.078 8.053 8.026 7.987 7.948 7.909 7.870 7.832 7.793 7.754 7.733 7.712 7.707 7.696 7.695 7.689 7.684 7.678 7.672 7.667 7.661 7.660 7.680 7.700 7.720 7.740 7.759 7.766 7.773 7.787 7.787 7.793 7.801 7.816 7.830 7.844 7.858 7.872 7.887 7.917 7.952 7.986 8.057 8.131 8.206 8.281 8.280 8.430 8.444 8.434 8.423 8.413 8.403 8.393
8.117 8.042 7.966 7.891 7.742 7.740 7.665 7.638 7.682 7.726 7.770 7.814 7.859 7.903 7.947 7.992 8.036 8.081 8.075 8.060 8.020 8.019 7.995 7.970 7.946 7.922 7.897 7.873 7.848 7.824 7.794 7.755 7.716 7.691 7.685 7.679 7.668 7.668 7.662 7.656 7.651 7.645 7.639 7.634 7.628 7.645 7.665 7.685 7.705 7.712 7.719 7.726 7.740 7.739 7.746 7.753 7.766 7.780 7.795 7.809 7.823 7.849 7.883 7.917 7.951 7.991 8.066 8.141 8.215 8.214 8.361 8.351 8.341 8.331 8.321 8.311 8.300
8.087 8.012 7.936 7.861 7.712 7.710 7.635 7.581 7.625 7.669 7.713 7.757 7.802 7.846 7.890 7.935 7.979 7.980 7.965 7.950 7.913 7.912 7.887 7.863 7.838 7.814 7.790 7.765 7.741 7.716 7.692 7.667 7.643 7.667 7.659 7.652 7.641 7.640 7.635 7.629 7.623 7.618 7.612 7.606 7.600 7.611 7.631 7.651 7.658 7.665 7.671 7.678 7.693 7.692 7.699 7.706 7.717 7.731 7.745 7.759 7.780 7.814 7.848 7.882 7.917 7.951 8.000 8.075 8.149 8.149 8.269 8.259 8.249 8.238 8.228 8.218 8.208
8.087 8.011 7.936 7.860 7.711 7.710 7.634 7.581 7.625 7.669 7.713 7.757 7.801 7.846 7.890 7.934 7.979 7.980 7.965 7.949 7.913 7.912 7.887 7.863 7.838 7.814 7.789 7.765 7.741 7.716 7.692 7.667 7.643 7.667 7.658 7.652 7.641 7.640 7.635 7.629 7.623 7.618 7.612 7.606 7.601 7.611 7.631 7.651 7.658 7.665 7.672 7.679 7.693 7.693 7.699 7.706 7.717 7.731 7.745 7.759 7.780 7.814 7.849 7.883 7.917 7.951 8.001 8.075 8.150 8.149 8.269 8.259 8.249 8.239 8.229 8.218 8.208
8.057 7.981 7.906 7.830 7.681 7.679 7.604 7.529 7.568 7.612 7.656 7.700 7.744 7.789 7.833 7.878 7.884 7.869 7.854 7.839 7.805 7.804 7.780 7.755 7.731 7.706 7.682 7.658 7.633 7.609 7.584 7.560 7.606 7.651 7.643 7.635 7.619 7.619 7.611 7.603 7.596 7.590 7.584 7.579 7.573 7.576 7.596 7.603 7.610 7.617 7.624 7.631 7.646 7.645 7.652 7.659 7.667 7.682 7.696 7.711 7.746 7.780 7.814 7.848 7.883 7.917 7.951 8.010 8.084 8.083 8.177 8.166 8.156 8.146 8.136 8.126 8.116
8.026 7.951 7.875 7.800 7.651 7.649 7.574 7.498 7.511 7.555 7.599 7.643 7.687 7.732 7.776 7.789 7.774 7.758 7.743 7.728 7.698 7.697 7.672 7.648 7.623 7.599 7.574 7.550 7.526 7.501 7.477 7.517 7.571 7.624 7.628 7.620 7.604 7.604 7.596 7.587 7.579 7.571 7.563 7.555 7.547 7.542 7.549 7.556 7.563 7.570 7.577 7.584 7.599 7.598 7.605 7.612 7.619 7.632 7.646 7.677 7.711 7.745 7.780 7.814 7.848 7.882 7.916 7.951 8.019 8.018 8.084 8.074 8.064 8.054 8.044 8.033 8.057
7.966 7.890 7.815 7.739 7.590 7.589 7.513 7.438 7.397 7.441 7.485 7.529 7.574 7.598 7.583 7.568 7.552 7.537 7.522 7.507 7.477 7.476 7.458 7.433 7.409 7.384 7.360 7.335 7.311 7.341 7.394 7.447 7.501 7.554 7.597 7.589 7.574 7.573 7.565 7.557 7.549 7.541 7.533 7.525 7.548 7.582 7.604 7.598 7.593 7.587 7.581 7.576 7.565 7.564 7.559 7.553 7.547 7.562 7.598 7.635 7.671 7.707 7.743 7.779 7.816 7.852 7.888 7.924 7.960 7.959 8.085 8.142 8.200 8.258 8.315 8.373 8.430
7.932 7.860 7.784 7.709 7.560 7.558 7.483 7.408 7.340 7.384 7.428 7.472 7.503 7.487 7.472 7.457 7.441 7.426 7.411 7.396 7.367 7.366 7.350 7.326 7.301 7.277 7.252 7.228 7.252 7.306 7.359 7.412 7.465 7.519 7.572 7.574 7.559 7.558 7.550 7.542 7.534 7.526 7.518 7.537 7.571 7.605 7.639 7.636 7.630 7.625 7.619 7.613 7.603 7.602 7.596 7.591 7.592 7.667 7.719 7.755 7.791 7.827 7.864 7.900 7.936 7.972 8.008 8.044 8.099 8.098 8.272 8.329 8.387 8.444 8.502 8.559 8.617
7.739 7.727 7.716 7.679 7.529 7.528 7.453 7.377 7.302 7.327 7.371 7.407 7.392 7.377 7.361 7.346 7.331 7.316 7.300 7.285 7.256 7.255 7.240 7.218 7.194 7.169 7.145 7.164 7.217 7.270 7.324 7.377 7.430 7.483 7.537 7.559 7.543 7.543 7.535 7.527 7.519 7.511 7.525 7.559 7.593 7.627 7.661 7.673 7.668 7.662 7.657 7.651 7.640 7.640 7.634 7.628 7.693 7.767 7.839 7.875 7.912 7.948 7.984 8.020 8.056 8.093 8.129 8.165 8.255 8.254 8.446 8.516 8.574 8.631 8.689 8.746 8.804
7.546 7.534 7.523 7.512 7.491 7.489 7.422 7.347 7.272 7.270 7.312 7.297 7.281 7.266 7.250 7.235 7.220 7.205 7.190 7.174 7.145 7.144 7.129 7.110 7.086 7.062 7.076 7.129 7.182 7.235 7.288 7.342 7.395 7.448 7.502 7.544 7.528 7.527 7.519 7.512 7.503 7.514 7.548 7.582 7.616 7.650 7.684 7.711 7.705 7.700 7.694 7.689 7.678 7.677 7.672 7.718 7.793 7.868 7.942 7.996 8.032 8.068 8.105 8.141 8.177 8.213 8.249 8.315 8.411 8.410 8.602 8.698 8.761 8.818 8.876 8.933 8.990
7.353 7.341 7.330 7.319 7.298 7.296 7.285 7.274 7.241 7.213 7.201 7.186 7.170 7.155 7.140 7.124 7.109 7.094 7.079 7.064 7.034 7.033 7.018 7.003 6.979 6.987 7.040 7.093 7.147 7.200 7.253 7.307 7.360 7.413 7.467 7.520 7.513 7.512 7.504 7.496 7.502 7.536 7.570 7.604 7.638 7.672 7.706 7.741 7.743 7.737 7.732 7.726 7.715 7.715 7.744 7.819 7.893 7.968 8.043 8.116 8.153 8.189 8.225 8.261 8.298 8.334 8.375 8.471 8.567 8.566 8.758 8.854 8.947 9.005 9.062 9.120 9.177
