includes/lisflood/camargue/results/res-0004.wd
ncols         906
nrows         631
xllcorner     362177.146667
yllcorner     6534725.688020
cellsize      20.000000
NODATA_value  -9999.000000
[rows 544 to 577 of 631, columns 616 to 692 of 906]
6.962 7.029 7.095 7.162 7.295 7.295 7.362 7.429 7.495 7.562 7.621 7.668 7.718 7.767 7.816 7.865 7.914 7.963 8.012 8.061 8.159 8.160 8.209 8.274 8.344 8.414 8.484 8.554 8.624 8.694 8.764 8.836 8.914 8.991 9.069 9.147 9.305 9.305 9.384 9.463 9.541 9.609 9.677 9.745 9.813 9.881 9.949 9.999 10.008 10.018 10.028 10.038 10.065 10.065 10.083 10.102 10.120 10.138 10.157 10.175 10.196 10.226 10.257 10.287 10.317 10.347 10.464 10.624 10.784 10.784 11.103 11.263 11.423 11.583 11.732 11.868 12.004
7.064 7.131 7.197 7.264 7.397 7.397 7.464 7.531 7.598 7.666 7.740 7.792 7.843 7.892 7.942 7.991 8.040 8.089 8.138 8.187 8.285 8.285 8.335 8.398 8.468 8.538 8.608 8.678 8.748 8.818 8.893 8.970 9.048 9.125 9.203 9.281 9.439 9.439 9.518 9.597 9.676 9.755 9.834 9.903 9.971 10.039 10.107 10.161 10.171 10.181 10.190 10.205 10.241 10.242 10.260 10.278 10.297 10.315 10.333 10.352 10.374 10.405 10.435 10.465 10.495 10.526 10.556 10.684 10.844 10.844 11.163 11.323 11.483 11.642 11.782 11.918 12.054
7.166 7.233 7.299 7.366 7.499 7.500 7.566 7.633 7.705 7.781 7.857 7.910 7.962 8.015 8.067 8.117 8.166 8.215 8.264 8.313 8.411 8.411 8.461 8.522 8.592 8.662 8.732 8.802 8.872 8.950 9.027 9.105 9.182 9.259 9.337 9.415 9.573 9.573 9.652 9.731 9.810 9.889 9.968 10.047 10.126 10.198 10.265 10.324 10.334 10.345 10.363 10.381 10.418 10.418 10.437 10.455 10.473 10.492 10.510 10.528 10.553 10.583 10.613 10.644 10.674 10.704 10.734 10.765 10.903 10.903 11.223 11.382 11.542 11.695 11.831 11.968 12.104
7.268 7.335 7.401 7.468 7.601 7.601 7.668 7.743 7.819 7.896 7.972 8.027 8.080 8.133 8.185 8.238 8.291 8.341 8.390 8.439 8.537 8.537 8.586 8.646 8.716 8.786 8.856 8.929 9.006 9.084 9.161 9.239 9.316 9.393 9.471 9.549 9.706 9.707 9.786 9.865 9.944 10.023 10.102 10.181 10.260 10.339 10.418 10.487 10.503 10.521 10.540 10.558 10.594 10.595 10.613 10.631 10.650 10.668 10.686 10.705 10.731 10.761 10.791 10.822 10.852 10.882 10.913 10.943 10.973 10.973 11.282 11.442 11.602 11.745 11.881 12.017 12.153
7.370 7.437 7.503 7.570 7.705 7.705 7.781 7.858 7.934 8.011 8.087 8.144 8.197 8.250 8.303 8.355 8.408 8.461 8.514 8.565 8.663 8.663 8.712 8.770 8.840 8.910 8.985 9.063 9.140 9.218 9.295 9.373 9.450 9.528 9.605 9.683 9.840 9.841 9.920 9.999 10.078 10.157 10.236 10.315 10.394 10.473 10.549 10.616 10.670 10.698 10.716 10.735 10.771 10.771 10.790 10.808 10.826 10.845 10.863 10.881 10.909 10.940 10.970 11.000 11.030 11.061 11.091 11.121 11.151 11.152 11.342 11.502 11.658 11.794 11.931 12.067 12.203
7.472 7.539 7.606 7.672 7.819 7.820 7.896 7.972 8.049 8.125 8.202 8.262 8.314 8.367 8.420 8.473 8.525 8.578 8.631 8.684 8.788 8.789 8.838 8.893 8.964 9.042 9.119 9.197 9.274 9.352 9.429 9.507 9.584 9.662 9.739 9.817 9.974 9.975 10.054 10.133 10.212 10.291 10.370 10.449 10.528 10.599 10.668 10.736 10.789 10.842 10.893 10.911 10.948 10.948 10.966 10.985 11.003 11.021 11.040 11.058 11.088 11.118 11.148 11.178 11.209 11.239 11.269 11.300 11.330 11.330 11.402 11.561 11.708 11.844 11.980 12.117 12.253
7.574 7.641 7.707 7.782 7.934 7.934 8.011 8.087 8.164 8.240 8.316 8.379 8.432 8.485 8.537 8.590 8.643 8.696 8.748 8.801 8.906 8.907 8.959 9.021 9.099 9.176 9.253 9.331 9.408 9.486 9.563 9.641 9.718 9.796 9.873 9.951 10.108 10.109 10.188 10.267 10.346 10.425 10.504 10.581 10.649 10.718 10.786 10.855 10.908 10.961 11.015 11.068 11.124 11.125 11.143 11.161 11.179 11.198 11.216 11.236 11.266 11.296 11.327 11.357 11.387 11.417 11.448 11.478 11.508 11.508 11.569 11.621 11.757 11.887 12.018 12.149 12.279
7.676 7.744 7.820 7.896 8.049 8.049 8.126 8.202 8.278 8.355 8.431 8.496 8.549 8.602 8.655 8.707 8.760 8.813 8.866 8.918 9.023 9.024 9.088 9.157 9.234 9.311 9.388 9.465 9.543 9.620 9.697 9.775 9.852 9.930 10.007 10.085 10.242 10.243 10.322 10.400 10.480 10.558 10.631 10.700 10.768 10.837 10.905 10.973 11.027 11.080 11.133 11.187 11.293 11.293 11.319 11.338 11.356 11.374 11.393 11.414 11.444 11.475 11.505 11.535 11.565 11.596 11.626 11.656 11.686 11.687 11.714 11.725 11.769 11.900 12.031 12.161 12.292
7.782 7.859 7.935 8.011 8.164 8.164 8.240 8.317 8.393 8.470 8.546 8.614 8.666 8.719 8.772 8.825 8.877 8.930 8.983 9.036 9.157 9.158 9.225 9.293 9.370 9.447 9.523 9.600 9.677 9.754 9.832 9.909 9.986 10.064 10.141 10.219 10.376 10.376 10.455 10.534 10.613 10.681 10.750 10.818 10.887 10.955 11.024 11.092 11.146 11.199 11.252 11.306 11.412 11.412 11.466 11.514 11.533 11.551 11.569 11.592 11.623 11.653 11.683 11.713 11.744 11.773 11.786 11.798 11.810 11.811 11.835 11.845 11.853 11.913 12.043 12.174 12.305
7.897 7.973 8.050 8.126 8.278 8.279 8.355 8.432 8.508 8.584 8.661 8.731 8.784 8.837 8.889 8.942 8.995 9.047 9.100 9.159 9.294 9.294 9.362 9.430 9.506 9.582 9.659 9.736 9.813 9.889 9.966 10.043 10.120 10.198 10.275 10.353 10.510 10.510 10.589 10.663 10.732 10.800 10.869 10.937 11.005 11.074 11.142 11.211 11.265 11.318 11.371 11.425 11.531 11.531 11.585 11.638 11.691 11.727 11.746 11.771 11.801 11.831 11.857 11.869 11.882 11.894 11.906 11.919 11.931 11.931 11.956 11.965 11.973 11.981 12.056 12.187 12.318
8.012 8.088 8.164 8.241 8.393 8.394 8.470 8.546 8.623 8.699 8.775 8.848 8.901 8.954 9.006 9.059 9.112 9.165 9.228 9.296 9.431 9.431 9.499 9.567 9.642 9.718 9.795 9.872 9.948 10.025 10.102 10.178 10.255 10.332 10.409 10.487 10.644 10.644 10.713 10.782 10.850 10.919 10.987 11.056 11.124 11.193 11.261 11.329 11.384 11.437 11.490 11.544 11.650 11.650 11.704 11.757 11.810 11.863 11.917 11.941 11.953 11.965 11.978 11.990 12.003 12.015 12.027 12.040 12.052 12.052 12.076 12.084 12.092 12.101 12.109 12.200 12.330
8.151 8.217 8.284 8.356 8.508 8.508 8.585 8.661 8.737 8.814 8.890 8.966 9.018 9.071 9.124 9.177 9.229 9.297 9.365 9.433 9.568 9.568 9.636 9.704 9.778 9.854 9.931 10.008 10.084 10.161 10.238 10.314 10.391 10.468 10.544 10.621 10.763 10.764 10.832 10.901 10.969 11.038 11.106 11.174 11.243 11.311 11.380 11.448 11.503 11.556 11.609 11.663 11.769 11.769 11.822 11.876 11.929 11.981 12.031 12.059 12.074 12.086 12.099 12.111 12.123 12.136 12.148 12.160 12.173 12.173 12.196 12.204 12.212 12.220 12.228 12.237 12.343
8.151 8.218 8.284 8.356 8.508 8.509 8.585 8.662 8.738 8.814 8.891 8.966 9.019 9.072 9.124 9.177 9.230 9.297 9.365 9.433 9.568 9.569 9.637 9.705 9.778 9.855 9.931 10.008 10.085 10.161 10.238 10.315 10.391 10.468 10.545 10.621 10.764 10.764 10.833 10.901 10.969 11.038 11.106 11.175 11.243 11.312 11.380 11.448 11.503 11.556 11.610 11.663 11.769 11.770 11.823 11.876 11.929 11.982 12.031 12.059 12.074 12.087 12.099 12.111 12.124 12.136 12.148 12.161 12.173 12.173 12.196 12.204 12.212 12.220 12.229 12.237 12.343
8.290 8.357 8.423 8.490 8.623 8.624 8.700 8.776 8.853 8.929 9.005 9.082 9.136 9.189 9.242 9.299 9.367 9.434 9.502 9.570 9.706 9.706 9.774 9.842 9.914 9.991 10.067 10.144 10.221 10.297 10.374 10.451 10.527 10.604 10.681 10.746 10.882 10.882 10.951 11.020 11.088 11.157 11.225 11.293 11.362 11.430 11.499 11.567 11.622 11.675 11.729 11.782 11.888 11.888 11.942 11.995 12.045 12.094 12.144 12.168 12.192 12.207 12.220 12.232 12.245 12.257 12.269 12.282 12.294 12.294 12.316 12.324 12.332 12.340 12.348 12.356 12.364
8.429 8.496 8.562 8.629 8.762 8.762 8.829 8.895 8.967 9.044 9.120 9.197 9.254 9.306 9.368 9.436 9.503 9.571 9.639 9.707 9.842 9.843 9.911 9.978 10.050 10.127 10.203 10.280 10.357 10.433 10.510 10.586 10.663 10.740 10.800 10.861 10.996 10.996 11.067 11.137 11.207 11.275 11.344 11.412 11.480 11.549 11.617 11.686 11.741 11.794 11.848 11.901 12.007 12.007 12.058 12.108 12.158 12.207 12.255 12.278 12.301 12.324 12.341 12.353 12.365 12.378 12.390 12.402 12.415 12.415 12.435 12.443 12.451 12.460 12.468 12.476 12.484
8.707 8.773 8.840 8.906 9.039 9.040 9.106 9.173 9.239 9.306 9.373 9.436 9.502 9.574 9.641 9.709 9.777 9.845 9.913 9.981 10.116 10.116 10.184 10.252 10.321 10.398 10.475 10.551 10.628 10.705 10.781 10.848 10.908 10.969 11.029 11.090 11.223 11.223 11.294 11.364 11.435 11.506 11.576 11.647 11.718 11.786 11.854 11.923 11.979 12.032 12.084 12.134 12.233 12.234 12.283 12.333 12.383 12.433 12.473 12.496 12.520 12.543 12.566 12.589 12.607 12.619 12.631 12.644 12.656 12.656 12.674 12.682 12.690 12.699 12.707 12.715 12.723
8.846 8.912 8.979 9.045 9.178 9.179 9.245 9.312 9.378 9.445 9.504 9.553 9.615 9.692 9.769 9.846 9.914 9.982 10.050 10.118 10.253 10.253 10.321 10.389 10.457 10.534 10.611 10.687 10.764 10.841 10.902 10.963 11.023 11.084 11.144 11.205 11.336 11.337 11.407 11.478 11.549 11.619 11.690 11.761 11.831 11.902 11.973 12.041 12.098 12.147 12.197 12.247 12.346 12.347 12.396 12.446 12.496 12.546 12.582 12.606 12.629 12.652 12.676 12.699 12.722 12.740 12.752 12.765 12.777 12.777 12.794 12.802 12.810 12.818 12.826 12.834 12.843
8.985 9.051 9.118 9.184 9.317 9.318 9.384 9.451 9.517 9.572 9.621 9.671 9.728 9.805 9.882 9.959 10.036 10.113 10.187 10.255 10.390 10.390 10.458 10.526 10.594 10.670 10.747 10.823 10.896 10.957 11.017 11.078 11.138 11.199 11.259 11.320 11.450 11.450 11.521 11.592 11.662 11.733 11.804 11.874 11.945 12.016 12.086 12.139 12.203 12.260 12.310 12.360 12.459 12.459 12.509 12.559 12.609 12.659 12.692 12.715 12.738 12.762 12.785 12.808 12.832 12.855 12.873 12.885 12.897 12.897 12.913 12.921 12.930 12.938 12.942 12.929 12.915
9.123 9.190 9.257 9.323 9.456 9.456 9.523 9.590 9.641 9.690 9.739 9.788 9.841 9.918 9.995 10.072 10.149 10.226 10.303 10.381 10.527 10.527 10.595 10.663 10.731 10.806 10.882 10.951 11.011 11.072 11.132 11.193 11.253 11.313 11.374 11.434 11.564 11.564 11.635 11.705 11.776 11.847 11.917 11.988 12.059 12.129 12.172 12.208 12.266 12.340 12.414 12.473 12.572 12.572 12.622 12.672 12.722 12.771 12.801 12.824 12.848 12.871 12.894 12.918 12.941 12.964 12.988 13.006 13.016 13.017 13.033 13.019 13.005 12.991 12.978 12.964 12.950
9.262 9.329 9.396 9.462 9.595 9.595 9.660 9.709 9.758 9.807 9.856 9.905 9.954 10.031 10.108 10.185 10.262 10.339 10.417 10.494 10.647 10.648 10.725 10.800 10.867 10.942 11.005 11.065 11.126 11.186 11.247 11.307 11.368 11.428 11.489 11.549 11.677 11.678 11.748 11.819 11.890 11.960 12.031 12.102 12.168 12.205 12.241 12.277 12.330 12.404 12.477 12.551 12.685 12.685 12.735 12.785 12.835 12.884 12.911 12.934 12.957 12.980 13.004 13.027 13.050 13.074 13.097 13.100 13.095 13.096 13.068 13.054 13.040 13.027 13.013 12.999 12.985
9.401 9.468 9.535 9.601 9.727 9.728 9.777 9.826 9.875 9.924 9.973 10.022 10.071 10.144 10.221 10.298 10.375 10.453 10.530 10.607 10.761 10.761 10.838 10.915 10.986 11.048 11.120 11.180 11.241 11.301 11.362 11.422 11.483 11.543 11.604 11.664 11.791 11.791 11.862 11.933 12.003 12.074 12.145 12.201 12.237 12.274 12.310 12.346 12.394 12.467 12.541 12.615 12.761 12.762 12.835 12.898 12.947 12.997 13.020 13.043 13.066 13.090 13.106 13.109 13.112 13.115 13.118 13.121 13.121 13.122 13.103 13.089 13.076 13.062 13.048 13.034 13.021
9.540 9.607 9.673 9.740 9.844 9.845 9.894 9.943 9.992 10.041 10.090 10.139 10.188 10.257 10.334 10.411 10.488 10.566 10.643 10.720 10.874 10.874 10.951 11.009 11.027 11.077 11.170 11.263 11.356 11.416 11.476 11.537 11.598 11.658 11.718 11.779 11.905 11.905 11.976 12.046 12.117 12.188 12.233 12.270 12.306 12.343 12.379 12.416 12.458 12.531 12.605 12.678 12.825 12.825 12.899 12.973 13.046 13.106 13.116 13.119 13.122 13.125 13.128 13.130 13.133 13.136 13.139 13.141 13.142 13.142 13.138 13.125 13.111 13.097 13.083 13.070 13.056
9.679 9.746 9.812 9.864 9.962 9.962 10.011 10.060 10.109 10.158 10.207 10.256 10.305 10.370 10.447 10.524 10.601 10.679 10.756 10.833 10.987 10.987 11.032 11.050 11.068 11.107 11.200 11.293 11.385 11.478 11.571 11.652 11.712 11.773 11.833 11.894 12.018 12.018 12.089 12.160 12.229 12.266 12.302 12.339 12.375 12.412 12.448 12.485 12.521 12.595 12.668 12.742 12.889 12.889 12.963 13.036 13.105 13.128 13.137 13.140 13.143 13.146 13.149 13.152 13.155 13.157 13.160 13.161 13.162 13.162 13.164 13.160 13.146 13.132 13.118 13.105 13.091
9.818 9.883 9.932 9.981 10.079 10.079 10.128 10.177 10.226 10.275 10.324 10.373 10.422 10.483 10.560 10.637 10.715 10.792 10.869 10.946 11.054 11.054 11.073 11.091 11.109 11.136 11.229 11.322 11.415 11.508 11.601 11.694 11.786 11.879 11.948 12.008 12.132 12.132 12.203 12.262 12.298 12.335 12.371 12.408 12.444 12.481 12.517 12.554 12.590 12.658 12.732 12.806 12.953 12.953 13.026 13.092 13.116 13.139 13.158 13.161 13.164 13.167 13.170 13.173 13.176 13.179 13.181 13.182 13.183 13.183 13.184 13.185 13.181 13.167 13.154 13.140 13.126
9.940 10.000 10.049 10.098 10.196 10.196 10.245 10.294 10.343 10.392 10.441 10.490 10.539 10.596 10.673 10.751 10.828 10.905 10.982 11.059 11.095 11.095 11.114 11.132 11.150 11.168 11.259 11.352 11.444 11.537 11.630 11.723 11.816 11.909 12.001 12.094 12.246 12.246 12.295 12.331 12.368 12.404 12.440 12.477 12.513 12.550 12.586 12.623 12.659 12.722 12.796 12.869 13.016 13.017 13.080 13.103 13.126 13.149 13.172 13.182 13.185 13.188 13.191 13.194 13.197 13.200 13.201 13.202 13.203 13.203 13.205 13.205 13.206 13.203 13.189 13.175 13.161
9.997 10.064 10.137 10.209 10.313 10.313 10.362 10.411 10.460 10.509 10.558 10.607 10.656 10.709 10.786 10.863 10.941 11.018 11.082 11.100 11.136 11.137 11.155 11.173 11.191 11.209 11.288 11.381 11.474 11.567 11.660 11.752 11.845 11.938 12.031 12.124 12.276 12.276 12.343 12.400 12.437 12.473 12.509 12.546 12.582 12.619 12.655 12.692 12.728 12.786 12.859 12.933 13.067 13.067 13.090 13.114 13.137 13.160 13.183 13.204 13.206 13.209 13.212 13.215 13.218 13.221 13.222 13.223 13.223 13.224 13.225 13.226 13.227 13.227 13.224 13.210 13.197
10.057 10.116 10.188 10.261 10.405 10.405 10.478 10.528 10.577 10.626 10.675 10.724 10.773 10.822 10.899 10.977 11.054 11.105 11.123 11.141 11.177 11.178 11.196 11.214 11.232 11.251 11.318 11.410 11.503 11.596 11.689 11.782 11.875 11.967 12.060 12.150 12.260 12.260 12.325 12.392 12.459 12.526 12.578 12.615 12.651 12.688 12.724 12.761 12.797 12.850 12.923 12.997 13.078 13.078 13.101 13.124 13.147 13.170 13.193 13.216 13.228 13.231 13.233 13.236 13.239 13.241 13.242 13.243 13.244 13.244 13.245 13.246 13.247 13.248 13.249 13.246 13.232
10.117 10.167 10.240 10.312 10.456 10.457 10.529 10.602 10.674 10.744 10.793 10.841 10.891 10.939 11.013 11.090 11.128 11.146 11.164 11.182 11.218 11.219 11.237 11.255 11.273 11.292 11.347 11.440 11.533 11.626 11.718 11.811 11.904 11.997 12.079 12.134 12.243 12.244 12.307 12.374 12.441 12.508 12.575 12.642 12.710 12.757 12.793 12.830 12.866 12.913 12.987 13.042 13.088 13.088 13.111 13.134 13.158 13.181 13.204 13.227 13.249 13.252 13.255 13.258 13.260 13.262 13.262 13.263 13.264 13.264 13.266 13.267 13.267 13.268 13.269 13.270 13.267
10.118 10.168 10.240 10.312 10.457 10.457 10.530 10.602 10.674 10.744 10.793 10.842 10.891 10.940 11.013 11.090 11.128 11.146 11.164 11.183 11.219 11.219 11.237 11.256 11.274 11.292 11.347 11.440 11.533 11.626 11.719 11.812 11.904 11.997 12.079 12.134 12.244 12.244 12.307 12.374 12.441 12.508 12.576 12.643 12.710 12.757 12.793 12.830 12.866 12.913 12.987 13.043 13.088 13.089 13.112 13.135 13.158 13.181 13.204 13.227 13.249 13.252 13.255 13.258 13.261 13.262 13.263 13.263 13.264 13.264 13.266 13.267 13.268 13.268 13.269 13.270 13.267
10.178 10.219 10.292 10.364 10.508 10.509 10.581 10.653 10.726 10.798 10.871 10.943 11.008 11.057 11.126 11.151 11.169 11.187 11.205 11.224 11.260 11.260 11.278 11.297 11.315 11.333 11.377 11.470 11.563 11.655 11.748 11.841 11.934 12.008 12.063 12.118 12.227 12.228 12.289 12.356 12.423 12.490 12.557 12.624 12.691 12.759 12.826 12.893 12.935 12.977 13.030 13.053 13.099 13.099 13.122 13.145 13.168 13.191 13.214 13.237 13.260 13.273 13.276 13.279 13.281 13.282 13.283 13.284 13.285 13.285 13.286 13.287 13.288 13.289 13.290 13.283 13.275
10.238 10.271 10.343 10.415 10.560 10.560 10.633 10.705 10.777 10.850 10.922 10.994 11.067 11.137 11.171 11.192 11.210 11.228 11.247 11.265 11.301 11.301 11.319 11.338 11.356 11.374 11.406 11.499 11.592 11.685 11.778 11.870 11.937 11.991 12.046 12.101 12.211 12.211 12.270 12.337 12.405 12.472 12.539 12.606 12.673 12.740 12.807 12.875 12.942 12.999 13.033 13.064 13.109 13.110 13.133 13.156 13.179 13.202 13.225 13.248 13.271 13.294 13.297 13.300 13.302 13.303 13.303 13.304 13.305 13.305 13.307 13.307 13.299 13.292 13.285 13.278 13.272
10.357 10.381 10.446 10.518 10.663 10.663 10.735 10.808 10.880 10.952 11.025 11.087 11.135 11.183 11.226 11.249 11.272 11.294 11.317 11.340 11.383 11.383 11.401 11.419 11.438 11.456 11.474 11.558 11.651 11.739 11.794 11.849 11.904 11.959 12.014 12.069 12.178 12.179 12.234 12.301 12.368 12.435 12.502 12.569 12.636 12.703 12.770 12.821 12.869 12.917 12.957 12.991 13.059 13.059 13.093 13.127 13.162 13.196 13.230 13.264 13.292 13.315 13.338 13.342 13.342 13.340 13.333 13.325 13.318 13.318 13.304 13.296 13.289 13.282 13.275 13.267 13.265
10.417 10.441 10.497 10.570 10.714 10.714 10.787 10.859 10.932 11.004 11.062 11.110 11.158 11.206 11.253 11.276 11.299 11.322 11.345 11.368 11.413 11.413 11.436 11.459 11.479 11.497 11.515 11.587 11.668 11.723 11.778 11.833 11.888 11.943 11.998 12.052 12.162 12.162 12.217 12.282 12.349 12.417 12.484 12.551 12.618 12.684 12.732 12.780 12.828 12.876 12.919 12.953 13.021 13.021 13.055 13.089 13.123 13.157 13.191 13.226 13.260 13.294 13.328 13.349 13.342 13.335 13.328 13.320 13.313 13.313 13.299 13.291 13.284 13.277 13.270 13.262 13.262
10.478 10.501 10.549 10.621 10.766 10.766 10.838 10.911 10.983 11.038 11.085 11.133 11.181 11.229 11.276 11.304 11.327 11.350 11.372 11.395 11.440 11.441 11.463 11.486 11.509 11.532 11.554 11.596 11.651 11.707 11.761 11.816 11.871 11.926 11.981 12.036 12.146 12.146 12.201 12.264 12.331 12.398 12.465 12.532 12.596 12.644 12.691 12.739 12.787 12.835 12.880 12.915 12.983 12.983 13.017 13.051 13.085 13.119 13.153 13.187 13.221 13.253 13.275 13.299 13.326 13.330 13.323 13.315 13.308 13.308 13.294 13.286 13.279 13.272 13.265 13.257 13.259
