includes/camargue/floodfiles/results_R2_t1.562343928288E12/res-0007.wdfp
ncols         906
nrows         631
xllcorner     362177.146667
yllcorner     6534725.688020
cellsize      20.000000
NODATA_value  -9999.000000
[rows 544 to 577 of 631, columns 154 to 230 of 906]
6.155 6.466 6.777 7.088 7.197 7.282 7.368 7.424 7.396 7.369 7.341 7.314 7.286 7.388 7.633 7.633 8.124 8.370 8.615 8.860 8.944 8.953 8.825 8.605 8.386 8.166 7.947 7.727 7.508 7.288 7.068 7.068 7.004 7.005 7.006 7.006 7.007 7.008 7.008 7.009 7.010 7.011 6.985 6.949 6.914 6.879 6.844 6.844 6.774 6.739 6.704 6.669 6.634 6.599 6.580 6.654 6.727 6.800 6.873 6.946 7.019 7.092 7.165 7.317 7.318 7.396 7.433 7.424 7.415 7.406 7.397 7.388 7.379 7.370 7.425 7.501 7.577
6.009 6.320 6.631 6.911 6.996 7.082 7.168 7.253 7.327 7.300 7.272 7.245 7.217 7.392 7.637 7.637 8.128 8.373 8.619 8.864 9.109 9.178 8.960 8.741 8.521 8.302 8.082 7.841 7.574 7.308 7.042 7.041 6.949 6.950 6.952 6.954 6.955 6.957 6.958 6.960 6.962 6.963 6.913 6.864 6.838 6.811 6.785 6.785 6.732 6.706 6.680 6.653 6.627 6.601 6.599 6.666 6.733 6.800 6.867 6.935 7.002 7.069 7.136 7.270 7.270 7.311 7.302 7.293 7.284 7.275 7.266 7.257 7.248 7.239 7.312 7.388 7.464
5.863 6.174 6.485 6.711 6.796 6.882 6.968 7.053 7.139 7.225 7.203 7.175 7.150 7.395 7.641 7.640 8.131 8.377 8.622 8.868 8.985 9.073 8.835 8.568 8.302 8.035 7.769 7.503 7.236 6.970 6.704 6.704 6.906 6.908 6.909 6.911 6.912 6.914 6.915 6.917 6.919 6.904 6.817 6.735 6.708 6.682 6.656 6.656 6.603 6.577 6.550 6.524 6.498 6.465 6.423 6.463 6.530 6.597 6.664 6.731 6.799 6.866 6.933 7.067 7.067 7.134 7.171 7.162 7.153 7.144 7.135 7.126 7.117 7.124 7.200 7.276 7.352
5.717 6.028 6.339 6.510 6.596 6.682 6.767 6.853 6.939 7.025 7.110 7.106 7.153 7.399 7.644 7.644 8.047 8.138 8.228 8.319 8.410 8.496 8.497 8.230 7.964 7.698 7.431 7.165 6.898 6.632 6.573 6.573 6.830 6.865 6.866 6.868 6.869 6.871 6.873 6.874 6.876 6.807 6.720 6.632 6.579 6.553 6.526 6.526 6.474 6.447 6.421 6.395 6.368 6.326 6.284 6.260 6.327 6.394 6.461 6.528 6.595 6.663 6.730 6.864 6.864 6.931 6.998 7.030 7.021 7.012 7.003 6.994 6.985 7.011 7.087 7.163 7.239
5.571 5.882 6.193 6.310 6.396 6.482 6.567 6.653 6.739 6.824 6.910 6.996 7.110 7.200 7.291 7.291 7.472 7.563 7.654 7.744 7.834 7.919 8.003 7.892 7.626 7.359 7.093 6.827 6.560 6.326 6.455 6.454 6.712 6.822 6.823 6.825 6.826 6.828 6.830 6.831 6.798 6.711 6.623 6.536 6.450 6.423 6.397 6.397 6.344 6.318 6.291 6.265 6.229 6.187 6.145 6.103 6.124 6.191 6.258 6.325 6.392 6.459 6.527 6.660 6.661 6.727 6.794 6.861 6.890 6.881 6.872 6.863 6.854 6.898 6.974 7.050 7.126
5.425 5.736 6.024 6.110 6.196 6.281 6.367 6.453 6.539 6.624 6.655 6.662 6.633 6.625 6.716 6.716 6.897 6.988 7.078 7.169 7.257 7.341 7.426 7.511 7.288 7.021 6.755 6.489 6.222 6.208 6.337 6.336 6.594 6.723 6.780 6.782 6.784 6.785 6.787 6.788 6.702 6.614 6.527 6.439 6.352 6.294 6.267 6.267 6.215 6.188 6.162 6.131 6.089 6.047 6.006 5.964 5.922 5.988 6.055 6.122 6.189 6.256 6.324 6.457 6.457 6.524 6.591 6.658 6.725 6.750 6.741 6.732 6.723 6.786 6.862 6.938 7.014
5.279 5.590 5.824 5.910 5.996 6.081 6.167 6.252 6.259 6.266 6.274 6.281 6.250 6.196 6.141 6.141 6.322 6.413 6.503 6.594 6.679 6.764 6.849 6.933 6.950 6.683 6.417 6.151 5.961 6.090 6.218 6.218 6.476 6.605 6.733 6.739 6.741 6.742 6.744 6.693 6.605 6.518 6.430 6.343 6.255 6.168 6.138 6.138 6.085 6.059 6.033 5.992 5.950 5.908 5.866 5.825 5.783 5.785 5.852 5.919 5.986 6.053 6.120 6.254 6.254 6.321 6.388 6.455 6.522 6.589 6.609 6.600 6.597 6.673 6.749 6.825 6.901
5.133 5.444 5.624 5.710 5.796 5.857 5.864 5.871 5.878 5.885 5.892 5.899 5.867 5.812 5.758 5.758 5.747 5.838 5.928 6.017 6.102 6.187 6.271 6.356 6.441 6.345 6.079 5.813 5.843 5.972 6.100 6.100 6.358 6.487 6.615 6.696 6.698 6.700 6.684 6.596 6.509 6.421 6.334 6.246 6.159 6.071 6.009 6.009 5.956 5.930 5.895 5.853 5.811 5.769 5.727 5.685 5.644 5.602 5.649 5.716 5.783 5.850 5.917 6.051 6.051 6.118 6.185 6.252 6.318 6.385 6.452 6.469 6.484 6.560 6.636 6.712 6.744
5.184 5.298 5.424 5.462 5.469 5.476 5.483 5.490 5.497 5.504 5.511 5.518 5.484 5.429 5.375 5.375 5.267 5.263 5.353 5.440 5.525 5.609 5.694 5.779 5.863 5.948 5.741 5.596 5.725 5.854 5.982 5.982 6.240 6.369 6.497 6.626 6.655 6.657 6.587 6.500 6.412 6.325 6.237 6.150 6.062 5.975 5.887 5.887 5.827 5.798 5.756 5.714 5.672 5.630 5.588 5.546 5.504 5.463 5.446 5.513 5.580 5.647 5.714 5.848 5.848 5.914 5.981 6.048 6.115 6.182 6.249 6.316 6.372 6.366 6.355 6.343 6.332
5.120 5.128 5.074 5.081 5.088 5.095 5.102 5.109 5.116 5.123 5.130 5.137 5.101 5.046 4.992 4.992 4.884 4.829 4.789 4.864 4.947 5.032 5.117 5.201 5.286 5.371 5.403 5.478 5.607 5.736 5.864 5.864 6.122 6.251 6.379 6.508 6.612 6.578 6.491 6.403 6.316 6.228 6.141 6.053 5.966 5.878 5.791 5.791 5.697 5.659 5.617 5.575 5.533 5.491 5.449 5.407 5.365 5.323 5.281 5.310 5.377 5.444 5.511 5.644 5.644 5.711 5.778 5.845 5.912 5.967 5.994 6.022 5.982 5.954 5.943 5.932 5.921
4.898 4.894 4.843 4.773 4.707 4.714 4.721 4.728 4.735 4.742 4.749 4.756 4.718 4.663 4.609 4.609 4.501 4.490 4.504 4.564 4.639 4.715 4.790 4.865 4.941 5.016 5.059 5.157 5.298 5.439 5.579 5.579 5.860 6.001 6.141 6.282 6.419 6.391 6.322 6.254 6.186 6.117 6.044 5.957 5.869 5.782 5.694 5.694 5.562 5.520 5.478 5.436 5.394 5.352 5.310 5.268 5.226 5.184 5.142 5.106 5.174 5.241 5.307 5.441 5.441 5.508 5.549 5.577 5.604 5.631 5.659 5.686 5.627 5.560 5.531 5.520 5.509
4.665 4.661 4.622 4.551 4.481 4.411 4.340 4.347 4.354 4.361 4.368 4.375 4.335 4.280 4.226 4.226 4.194 4.208 4.222 4.264 4.339 4.414 4.490 4.565 4.641 4.694 4.716 4.761 4.901 5.042 5.182 5.182 5.463 5.604 5.745 5.885 5.952 5.979 5.911 5.842 5.774 5.705 5.637 5.569 5.500 5.432 5.364 5.363 5.309 5.287 5.264 5.242 5.220 5.197 5.171 5.129 5.087 5.045 5.003 4.961 4.971 5.037 5.104 5.159 5.159 5.187 5.214 5.241 5.269 5.296 5.324 5.341 5.273 5.205 5.138 5.108 5.097
4.665 4.661 4.622 4.552 4.481 4.411 4.340 4.347 4.354 4.361 4.368 4.375 4.335 4.280 4.226 4.226 4.194 4.208 4.222 4.264 4.339 4.414 4.490 4.565 4.641 4.694 4.716 4.761 4.901 5.042 5.182 5.182 5.463 5.604 5.745 5.885 5.952 5.979 5.911 5.842 5.774 5.705 5.637 5.569 5.500 5.432 5.364 5.364 5.309 5.287 5.264 5.242 5.220 5.197 5.171 5.129 5.087 5.045 5.003 4.961 4.971 5.037 5.104 5.159 5.159 5.187 5.214 5.241 5.269 5.296 5.324 5.341 5.273 5.205 5.138 5.108 5.097
4.431 4.427 4.401 4.330 4.260 4.189 4.119 4.048 3.978 3.980 3.987 3.994 3.952 3.897 3.885 3.885 3.913 3.927 3.941 3.964 4.039 4.114 4.190 4.265 4.328 4.351 4.373 4.396 4.504 4.645 4.786 4.785 5.067 5.207 5.348 5.442 5.486 5.529 5.499 5.430 5.362 5.294 5.225 5.157 5.089 5.020 4.952 4.952 4.974 4.957 4.934 4.912 4.890 4.867 4.845 4.823 4.801 4.778 4.756 4.734 4.730 4.742 4.769 4.824 4.824 4.851 4.879 4.906 4.933 4.961 4.988 4.987 4.919 4.851 4.783 4.716 4.685
4.198 4.194 4.179 4.109 4.038 3.968 3.897 3.827 3.756 3.685 3.615 3.613 3.576 3.590 3.604 3.604 3.632 3.646 3.660 3.674 3.739 3.814 3.889 3.963 3.985 4.008 4.030 4.053 4.107 4.248 4.389 4.389 4.670 4.810 4.933 4.976 5.019 5.063 5.087 5.019 4.950 4.882 4.813 4.745 4.677 4.608 4.584 4.584 4.625 4.627 4.605 4.582 4.560 4.538 4.515 4.493 4.471 4.448 4.426 4.419 4.443 4.437 4.434 4.488 4.489 4.516 4.543 4.571 4.598 4.626 4.653 4.633 4.565 4.497 4.429 4.361 4.294
3.730 3.727 3.723 3.666 3.595 3.525 3.454 3.384 3.313 3.242 3.217 3.213 3.193 3.160 3.128 3.128 3.069 3.083 3.097 3.111 3.138 3.213 3.254 3.277 3.299 3.322 3.344 3.367 3.389 3.454 3.595 3.595 3.876 3.956 4.000 4.043 4.087 4.130 4.174 4.195 4.127 4.058 3.990 3.921 3.853 3.865 3.886 3.886 3.927 3.947 3.945 3.923 3.900 3.878 3.856 3.833 3.811 3.795 3.818 3.842 3.866 3.870 3.860 3.842 3.842 3.845 3.873 3.900 3.927 3.955 3.982 3.924 3.856 3.788 3.721 3.653 3.585
3.497 3.493 3.489 3.444 3.374 3.303 3.233 3.162 3.092 3.081 3.077 3.072 3.059 3.026 2.993 2.993 2.928 2.895 2.862 2.830 2.844 2.889 2.911 2.934 2.956 2.979 3.001 3.024 3.046 3.069 3.198 3.198 3.446 3.490 3.533 3.577 3.620 3.664 3.707 3.751 3.715 3.646 3.578 3.510 3.496 3.516 3.537 3.537 3.578 3.598 3.615 3.593 3.570 3.548 3.526 3.504 3.483 3.506 3.530 3.554 3.577 3.586 3.577 3.558 3.559 3.549 3.540 3.565 3.592 3.620 3.638 3.570 3.502 3.434 3.366 3.299 3.231
3.263 3.260 3.256 3.223 3.152 3.082 3.011 2.949 2.945 2.940 2.936 2.931 2.924 2.891 2.859 2.858 2.793 2.760 2.728 2.695 2.678 2.665 2.641 2.617 2.613 2.636 2.658 2.681 2.703 2.726 2.801 2.801 2.980 3.024 3.067 3.110 3.154 3.197 3.241 3.284 3.303 3.235 3.166 3.126 3.147 3.167 3.188 3.188 3.229 3.249 3.270 3.263 3.241 3.218 3.196 3.174 3.194 3.218 3.241 3.265 3.289 3.302 3.293 3.275 3.275 3.266 3.257 3.248 3.257 3.284 3.283 3.216 3.148 3.080 3.012 2.948 2.932
3.030 3.026 3.022 3.002 2.931 2.860 2.813 2.809 2.804 2.800 2.795 2.791 2.786 2.757 2.724 2.724 2.658 2.626 2.593 2.579 2.582 2.577 2.553 2.529 2.505 2.481 2.458 2.434 2.410 2.386 2.406 2.406 2.514 2.557 2.601 2.644 2.688 2.731 2.775 2.818 2.862 2.823 2.757 2.777 2.798 2.818 2.839 2.839 2.880 2.901 2.921 2.933 2.911 2.889 2.866 2.882 2.906 2.929 2.953 2.977 3.000 3.018 3.009 2.991 2.991 2.982 2.973 2.964 2.955 2.949 2.929 2.866 2.849 2.833 2.816 2.799 2.782
2.797 2.793 2.789 2.780 2.710 2.677 2.673 2.668 2.664 2.659 2.655 2.650 2.646 2.622 2.589 2.589 2.524 2.491 2.480 2.483 2.486 2.489 2.465 2.442 2.418 2.394 2.370 2.346 2.322 2.298 2.281 2.281 2.275 2.274 2.274 2.274 2.274 2.273 2.308 2.352 2.395 2.411 2.408 2.428 2.449 2.469 2.490 2.490 2.531 2.552 2.572 2.593 2.581 2.559 2.570 2.594 2.617 2.641 2.665 2.688 2.712 2.735 2.726 2.707 2.707 2.698 2.689 2.680 2.671 2.712 2.734 2.717 2.700 2.683 2.666 2.650 2.633
2.671 2.630 2.589 2.552 2.541 2.537 2.532 2.528 2.523 2.519 2.514 2.510 2.505 2.487 2.455 2.454 2.389 2.381 2.384 2.387 2.390 2.393 2.378 2.354 2.330 2.306 2.282 2.258 2.234 2.217 2.202 2.202 2.191 2.190 2.190 2.190 2.190 2.189 2.189 2.189 2.189 2.200 2.199 2.191 2.182 2.173 2.164 2.164 2.182 2.203 2.223 2.244 2.251 2.258 2.282 2.305 2.329 2.352 2.376 2.400 2.423 2.447 2.442 2.424 2.424 2.415 2.406 2.427 2.492 2.558 2.571 2.568 2.551 2.534 2.517 2.500 2.484
2.563 2.522 2.481 2.482 2.466 2.434 2.403 2.387 2.383 2.378 2.374 2.369 2.365 2.353 2.320 2.320 2.283 2.285 2.288 2.291 2.294 2.297 2.290 2.266 2.242 2.218 2.194 2.170 2.152 2.138 2.124 2.124 2.107 2.106 2.106 2.106 2.105 2.105 2.105 2.105 2.108 2.133 2.151 2.142 2.133 2.124 2.116 2.116 2.098 2.089 2.080 2.071 2.068 2.031 1.993 2.017 2.040 2.064 2.088 2.111 2.135 2.159 2.158 2.140 2.140 2.142 2.207 2.272 2.338 2.403 2.407 2.405 2.401 2.385 2.368 2.351 2.334
2.456 2.415 2.417 2.425 2.420 2.388 2.357 2.326 2.294 2.263 2.233 2.229 2.224 2.218 2.185 2.185 2.187 2.190 2.192 2.195 2.198 2.201 2.202 2.178 2.154 2.130 2.106 2.088 2.074 2.060 2.045 2.045 2.023 2.022 2.022 2.022 2.021 2.021 2.021 2.021 2.042 2.067 2.092 2.094 2.085 2.076 2.067 2.067 2.050 2.041 2.032 2.025 2.029 2.011 1.968 1.924 1.880 1.837 1.799 1.823 1.847 1.870 1.875 1.922 1.922 1.987 2.053 2.118 2.184 2.246 2.244 2.242 2.240 2.235 2.218 2.202 2.185
2.348 2.352 2.361 2.369 2.374 2.343 2.311 2.280 2.249 2.217 2.186 2.154 2.123 2.092 2.085 2.085 2.091 2.094 2.097 2.100 2.103 2.105 2.108 2.090 2.067 2.043 2.024 2.010 1.996 1.981 1.967 1.966 1.939 1.938 1.938 1.938 1.937 1.937 1.937 1.951 1.976 2.001 2.026 2.046 2.037 2.028 2.019 2.019 2.001 1.992 1.984 1.986 1.990 1.992 1.949 1.905 1.861 1.817 1.774 1.730 1.686 1.643 1.637 1.767 1.767 1.833 1.898 1.964 2.029 2.083 2.081 2.079 2.077 2.076 2.069 2.052 2.036
2.288 2.296 2.304 2.312 2.320 2.297 2.266 2.234 2.203 2.172 2.140 2.109 2.077 2.049 2.031 2.031 2.012 2.002 2.001 2.004 2.007 2.010 2.013 2.003 1.979 1.960 1.946 1.931 1.917 1.903 1.888 1.888 1.859 1.854 1.854 1.854 1.853 1.853 1.861 1.885 1.910 1.935 1.960 1.985 1.988 1.979 1.971 1.971 1.953 1.944 1.942 1.947 1.951 1.955 1.929 1.886 1.842 1.798 1.755 1.711 1.667 1.630 1.606 1.613 1.613 1.679 1.744 1.810 1.875 1.920 1.918 1.916 1.914 1.913 1.911 1.903 1.886
2.231 2.239 2.247 2.255 2.263 2.251 2.220 2.189 2.157 2.126 2.095 2.063 2.035 2.006 1.984 1.984 1.964 1.955 1.945 1.935 1.925 1.915 1.917 1.915 1.896 1.882 1.867 1.853 1.839 1.824 1.810 1.809 1.781 1.770 1.770 1.770 1.770 1.770 1.794 1.819 1.844 1.869 1.894 1.918 1.940 1.931 1.922 1.922 1.904 1.899 1.903 1.907 1.912 1.916 1.910 1.866 1.823 1.779 1.735 1.692 1.652 1.625 1.597 1.593 1.593 1.592 1.592 1.655 1.721 1.757 1.755 1.753 1.752 1.750 1.748 1.746 1.737
2.175 2.183 2.191 2.199 2.207 2.206 2.174 2.143 2.112 2.080 2.049 2.021 1.992 1.964 1.937 1.937 1.917 1.907 1.898 1.888 1.878 1.868 1.858 1.840 1.821 1.804 1.789 1.775 1.760 1.746 1.731 1.731 1.702 1.688 1.686 1.686 1.686 1.704 1.728 1.753 1.778 1.803 1.828 1.852 1.877 1.883 1.874 1.874 1.856 1.860 1.864 1.868 1.873 1.877 1.881 1.847 1.804 1.760 1.716 1.674 1.647 1.619 1.592 1.580 1.580 1.579 1.579 1.579 1.579 1.595 1.595 1.604 1.612 1.620 1.628 1.636 1.652
2.118 2.126 2.134 2.142 2.150 2.158 2.129 2.097 2.066 2.035 2.006 1.978 1.950 1.922 1.893 1.893 1.870 1.860 1.850 1.841 1.831 1.821 1.801 1.777 1.757 1.738 1.719 1.700 1.682 1.667 1.653 1.653 1.624 1.609 1.602 1.602 1.613 1.638 1.662 1.687 1.712 1.737 1.762 1.786 1.811 1.835 1.826 1.826 1.816 1.821 1.825 1.829 1.833 1.838 1.842 1.828 1.785 1.741 1.697 1.669 1.641 1.614 1.587 1.567 1.567 1.567 1.566 1.566 1.556 1.536 1.544 1.553 1.561 1.569 1.577 1.585 1.614
2.118 2.126 2.135 2.143 2.151 2.159 2.129 2.098 2.066 2.035 2.007 1.979 1.950 1.922 1.894 1.893 1.870 1.861 1.851 1.841 1.831 1.821 1.801 1.778 1.757 1.739 1.720 1.701 1.682 1.668 1.653 1.653 1.624 1.610 1.603 1.602 1.613 1.638 1.663 1.688 1.712 1.737 1.762 1.787 1.811 1.835 1.826 1.826 1.817 1.821 1.825 1.829 1.834 1.838 1.842 1.828 1.785 1.741 1.698 1.669 1.642 1.614 1.587 1.567 1.567 1.567 1.567 1.566 1.556 1.537 1.545 1.553 1.561 1.569 1.577 1.586 1.614
2.062 2.070 2.078 2.086 2.094 2.102 2.084 2.052 2.021 1.993 1.964 1.936 1.908 1.879 1.851 1.851 1.823 1.813 1.804 1.794 1.784 1.762 1.738 1.715 1.693 1.675 1.656 1.637 1.618 1.599 1.580 1.580 1.546 1.531 1.519 1.522 1.547 1.572 1.597 1.622 1.646 1.671 1.696 1.721 1.745 1.770 1.778 1.778 1.778 1.782 1.786 1.790 1.795 1.799 1.803 1.808 1.766 1.722 1.691 1.664 1.636 1.609 1.582 1.554 1.554 1.554 1.554 1.546 1.520 1.494 1.494 1.502 1.510 1.518 1.526 1.548 1.576
2.005 2.013 2.021 2.029 2.038 2.046 2.038 2.007 1.979 1.950 1.922 1.894 1.865 1.837 1.809 1.809 1.776 1.766 1.756 1.746 1.722 1.699 1.675 1.651 1.630 1.611 1.592 1.573 1.554 1.535 1.516 1.516 1.478 1.460 1.441 1.462 1.486 1.511 1.535 1.560 1.584 1.609 1.633 1.658 1.682 1.707 1.731 1.731 1.739 1.743 1.747 1.751 1.756 1.760 1.764 1.769 1.747 1.713 1.686 1.659 1.631 1.604 1.577 1.541 1.541 1.541 1.535 1.510 1.484 1.458 1.443 1.451 1.459 1.467 1.481 1.509 1.537
1.987 1.988 1.988 1.989 1.990 1.990 1.968 1.938 1.905 1.873 1.840 1.808 1.780 1.752 1.723 1.723 1.681 1.666 1.643 1.619 1.596 1.572 1.549 1.525 1.502 1.482 1.464 1.445 1.426 1.407 1.388 1.388 1.377 1.379 1.384 1.421 1.458 1.483 1.508 1.532 1.557 1.581 1.606 1.630 1.655 1.679 1.679 1.679 1.682 1.685 1.689 1.692 1.695 1.699 1.702 1.706 1.706 1.690 1.665 1.640 1.614 1.589 1.563 1.514 1.514 1.488 1.463 1.437 1.412 1.386 1.360 1.349 1.357 1.376 1.404 1.432 1.460
1.981 1.982 1.982 1.983 1.984 1.969 1.944 1.916 1.883 1.851 1.818 1.785 1.753 1.720 1.688 1.688 1.626 1.603 1.579 1.556 1.533 1.509 1.486 1.462 1.439 1.419 1.400 1.381 1.362 1.343 1.344 1.344 1.348 1.350 1.360 1.397 1.434 1.469 1.494 1.518 1.543 1.567 1.592 1.617 1.641 1.653 1.654 1.654 1.654 1.658 1.661 1.664 1.668 1.671 1.675 1.676 1.676 1.674 1.648 1.623 1.598 1.572 1.547 1.506 1.506 1.478 1.444 1.409 1.376 1.350 1.324 1.298 1.310 1.338 1.366 1.394 1.422
1.975 1.976 1.977 1.977 1.969 1.944 1.919 1.894 1.861 1.829 1.796 1.764 1.731 1.698 1.666 1.666 1.541 1.525 1.508 1.492 1.470 1.446 1.423 1.399 1.376 1.355 1.336 1.317 1.311 1.313 1.315 1.315 1.319 1.320 1.336 1.373 1.410 1.447 1.480 1.505 1.529 1.554 1.578 1.603 1.627 1.628 1.628 1.628 1.629 1.630 1.634 1.637 1.640 1.644 1.647 1.647 1.646 1.646 1.632 1.607 1.581 1.556 1.530 1.499 1.499 1.480 1.446 1.412 1.378 1.343 1.309 1.275 1.273 1.300 1.328 1.356 1.384
