includes/camargue/floodfiles/results_R2_t1.562343928288E12/res-0005.wd
ncols         906
nrows         631
xllcorner     362177.146667
yllcorner     6534725.688020
cellsize      20.000000
NODATA_value  -9999.000000
[rows 408 to 441 of 631, columns 231 to 307 of 906]
0.574 0.484 1.214 1.214 0.224 0.174 0.944 1.494 1.534 1.524 0.654 0.000 0.755 1.455 1.455 1.505 0.000 0.205 0.165 0.165 0.865 0.425 0.725 1.045 0.735 0.775 1.335 1.115 0.175 0.095 2.067 0.000 0.000 1.654 1.514 1.514 1.904 0.544 1.484 0.374 0.204 1.434 1.324 0.274 0.000 1.104 1.014 0.000 1.404 0.314 0.000 0.000 0.404 0.514 1.534 0.474 0.505 0.000 2.135 0.355 0.001 0.126 0.676 0.366 0.596 0.226 0.000 0.000 0.000 0.996 1.027 0.000 1.117 0.937 0.000 0.156 0.000
0.744 1.014 0.354 0.354 0.000 0.184 0.154 0.000 0.864 1.614 1.534 1.494 0.194 0.000 0.785 1.505 1.475 1.585 0.385 0.385 0.995 0.185 0.795 0.665 0.165 0.455 0.275 1.065 0.215 2.043 0.000 0.000 0.173 2.194 0.000 0.000 1.054 0.914 0.334 0.854 0.294 0.644 1.464 1.094 1.054 1.144 0.804 0.011 1.184 0.864 1.164 1.164 0.174 1.414 0.001 0.114 0.564 0.026 2.447 0.000 0.020 0.826 0.406 0.406 0.656 0.656 0.976 0.976 1.006 0.926 0.000 0.947 1.057 0.000 0.000 0.000 0.877
0.664 1.154 0.104 0.104 0.484 0.504 0.016 0.804 1.404 0.284 0.394 1.504 1.524 1.554 0.654 0.000 1.275 1.525 1.145 1.145 0.000 1.045 0.855 0.935 0.046 0.000 0.000 2.000 2.019 0.000 1.681 1.301 0.231 0.000 0.913 0.913 1.064 0.743 1.463 0.963 0.114 0.444 0.764 0.994 1.024 0.984 0.204 0.254 0.734 1.094 0.814 0.814 0.804 1.174 1.184 0.504 0.764 0.175 1.055 0.000 0.476 0.836 0.856 0.856 0.886 0.076 0.586 0.586 1.106 1.146 0.000 1.087 0.977 0.337 0.567 0.627 0.707
0.664 1.154 0.104 0.104 0.484 0.504 0.016 0.805 1.404 0.284 0.394 1.504 1.524 1.554 0.654 0.000 1.275 1.525 1.145 1.145 0.000 1.045 0.855 0.935 0.046 0.000 0.000 2.000 2.019 0.000 1.681 1.301 0.231 0.000 0.914 0.913 1.063 0.743 1.463 0.963 0.114 0.444 0.764 0.994 1.024 0.984 0.204 0.254 0.734 1.094 0.814 0.814 0.804 1.174 1.184 0.504 0.764 0.175 1.055 0.000 0.476 0.836 0.856 0.856 0.886 0.077 0.586 0.586 1.106 1.146 0.000 1.087 0.977 0.337 0.567 0.627 0.707
1.104 1.264 1.454 1.455 0.164 0.964 0.584 1.365 0.234 0.414 1.434 0.794 0.224 1.544 1.554 1.574 0.265 0.000 1.145 1.145 0.975 1.165 0.425 0.534 0.000 0.000 1.977 1.996 0.000 0.231 0.201 0.000 1.281 1.061 0.443 0.443 0.973 0.793 0.963 0.633 0.353 0.504 0.494 1.234 0.274 0.000 1.124 1.044 1.004 0.404 0.244 0.244 1.114 0.704 0.000 1.074 2.184 1.974 0.000 0.386 0.826 0.876 0.876 0.886 0.001 0.698 0.000 0.000 1.166 0.000 0.867 1.017 0.000 0.087 0.000 0.627 0.088
1.204 1.205 1.265 1.265 1.324 0.634 0.534 0.194 0.494 0.594 0.834 0.814 1.014 0.324 0.264 1.704 1.204 1.405 0.000 0.000 1.055 1.165 0.000 0.562 0.000 0.243 1.973 0.000 0.270 0.000 1.510 1.060 0.391 0.961 0.162 0.162 0.303 0.863 0.563 0.553 0.223 0.473 1.123 0.853 0.094 0.684 1.114 1.084 1.054 1.144 1.154 1.154 0.394 0.000 0.924 0.644 0.000 2.429 2.315 0.476 0.786 0.576 0.706 0.286 0.000 0.638 0.000 0.000 0.586 0.107 1.047 0.587 0.028 0.327 0.827 0.677 0.212
0.009 1.305 1.015 1.015 0.025 1.204 1.204 1.254 0.000 1.364 1.304 0.234 0.364 0.724 0.934 0.655 1.045 0.335 1.404 1.404 0.000 0.000 2.480 0.630 1.921 0.780 0.341 1.450 1.120 1.100 0.830 0.170 1.181 1.461 1.491 1.491 1.012 1.172 0.803 0.573 0.000 2.247 2.267 2.271 1.913 0.704 1.464 2.224 2.246 1.884 0.000 0.000 1.154 1.164 0.124 0.494 2.416 0.384 0.094 0.000 0.917 0.447 0.537 0.000 0.787 0.000 0.856 0.856 0.946 0.000 0.000 0.927 1.007 0.967 0.617 0.000 0.244
0.345 1.175 1.105 1.105 0.575 0.001 1.434 1.414 1.384 1.414 1.314 0.884 0.254 0.594 1.134 0.000 0.575 0.000 0.112 0.112 0.000 0.000 0.610 1.897 1.050 0.170 0.570 0.940 0.140 0.470 1.330 1.280 1.371 1.391 1.401 1.401 0.000 0.000 0.513 0.000 1.333 2.243 0.000 0.000 0.000 0.584 0.544 0.464 0.000 1.814 0.554 0.554 0.604 0.484 0.000 1.312 0.083 0.644 0.000 0.837 0.817 0.487 0.907 0.000 0.697 0.000 0.077 0.077 0.011 1.097 0.687 0.000 0.000 0.907 0.827 0.000 0.000
0.000 0.645 1.005 1.005 0.395 0.275 0.825 1.244 1.344 1.274 0.154 0.764 0.474 1.014 0.052 0.188 0.060 0.000 0.248 0.248 0.000 0.559 1.873 0.260 1.350 1.150 0.840 1.110 1.110 1.410 1.310 1.400 1.540 0.261 0.000 0.000 0.200 0.100 0.282 2.199 2.218 0.002 0.266 0.306 0.576 0.000 0.524 0.554 0.003 0.003 2.260 2.260 0.504 0.633 0.172 2.394 2.692 0.000 0.897 0.917 0.847 0.517 0.857 0.000 0.757 0.000 0.006 0.005 0.157 0.977 0.000 0.857 0.907 0.807 0.000 1.117 0.000
0.525 0.715 0.915 0.915 0.345 0.405 0.575 1.345 0.365 1.194 0.254 1.283 0.324 0.000 0.368 0.298 0.288 0.028 2.598 2.598 2.648 1.848 0.000 1.330 1.250 1.170 1.190 1.200 1.180 1.390 0.750 0.000 0.410 0.001 0.000 0.000 2.136 2.155 2.174 1.101 0.099 0.186 0.276 0.486 0.716 0.596 0.000 0.233 0.542 0.000 2.260 2.260 0.001 0.232 0.701 2.394 0.000 1.167 0.887 0.877 0.917 0.787 0.857 0.727 0.677 0.003 0.347 0.347 0.477 0.347 0.487 0.006 0.807 0.967 0.000 1.227 0.000
0.656 0.595 0.805 0.805 0.725 0.435 0.865 1.205 0.425 1.034 0.774 1.563 0.000 0.478 0.498 0.000 0.000 2.688 0.000 0.000 1.825 0.000 0.900 1.370 1.110 0.910 0.000 0.000 0.940 0.880 0.930 1.470 0.000 0.140 2.112 2.112 2.131 0.000 1.240 0.000 1.026 0.886 0.746 0.936 0.936 0.926 0.306 0.000 0.732 0.200 0.000 0.000 2.311 1.450 2.365 0.095 1.177 0.627 0.887 0.927 0.757 0.137 0.467 0.807 0.857 0.867 0.287 0.287 0.657 0.000 0.567 0.407 0.257 0.907 0.307 1.007 0.000
0.766 0.525 0.725 0.725 0.695 0.755 0.144 0.375 1.074 1.254 0.000 2.253 0.219 0.198 0.408 1.028 1.988 0.608 2.618 2.618 1.268 0.000 0.000 0.000 0.499 0.999 0.929 1.955 1.974 1.993 2.013 2.032 2.051 2.070 2.108 2.108 0.430 0.900 0.860 0.000 0.476 0.596 0.516 0.516 0.466 0.636 0.957 0.897 0.000 0.558 0.438 0.439 2.120 0.650 0.000 0.857 0.897 0.947 0.887 0.867 0.697 0.877 0.707 0.877 0.477 1.047 0.447 0.447 0.000 0.108 0.000 0.537 0.717 0.437 1.007 0.677 0.367
0.975 0.545 0.263 0.262 0.312 0.352 0.212 1.295 0.645 0.002 0.339 2.003 0.346 0.624 0.009 0.000 0.006 0.619 1.797 1.797 0.000 0.000 0.269 0.219 1.509 1.912 1.931 1.859 0.789 0.000 0.630 0.000 0.000 0.000 0.850 0.850 0.660 0.000 0.000 0.335 0.666 0.616 0.206 0.966 0.946 1.076 0.827 1.017 1.137 0.817 0.498 0.499 0.960 0.000 1.257 0.697 1.087 1.047 0.517 0.787 0.807 0.737 0.397 0.677 0.357 0.657 0.557 0.557 0.177 0.347 0.000 0.000 0.000 0.247 0.777 0.000 0.000
0.354 0.282 0.309 0.307 0.566 0.458 0.828 0.000 0.000 0.735 0.825 0.315 1.654 0.603 0.332 0.851 0.000 0.089 1.793 1.793 1.812 1.831 1.850 1.869 1.888 0.288 0.000 1.218 1.088 1.048 0.000 0.687 0.627 0.118 0.740 0.740 0.001 0.145 0.245 0.735 0.275 0.556 0.496 0.516 0.956 0.896 0.607 0.847 0.557 0.727 0.858 0.858 0.000 0.707 0.517 0.737 0.927 0.977 0.457 0.247 0.167 0.887 1.017 0.987 0.187 0.237 0.807 0.807 0.407 0.000 0.000 0.841 0.571 0.000 0.000 0.375 0.225
1.110 0.206 0.243 0.242 0.561 0.000 0.148 0.105 0.020 0.000 0.524 1.624 0.793 1.782 1.142 0.591 0.949 0.016 1.629 1.629 0.000 0.625 0.505 0.225 0.000 0.695 0.766 1.157 1.068 0.908 0.377 0.327 0.257 0.387 0.279 0.279 0.019 0.584 0.454 0.495 0.675 0.465 0.615 0.306 0.676 0.536 0.937 0.967 0.567 1.027 0.118 0.120 0.897 0.587 0.607 0.847 0.737 0.607 0.507 1.007 0.807 0.287 1.007 0.907 0.787 1.037 0.000 0.000 0.618 0.000 0.841 0.691 0.004 0.470 0.000 0.002 0.000
0.334 0.320 0.644 0.644 0.744 0.000 0.972 0.193 0.093 0.000 0.324 0.000 0.323 0.762 1.112 0.120 1.069 1.299 0.000 0.000 1.500 1.400 0.951 1.261 1.332 1.064 1.206 1.386 0.106 0.000 0.455 0.000 0.637 0.587 0.098 0.098 0.654 0.684 0.594 0.664 0.395 0.585 0.595 0.635 0.376 0.756 0.167 0.237 0.777 0.077 0.000 0.000 0.837 0.647 0.797 0.437 0.577 0.317 0.777 0.000 1.117 1.207 1.187 0.497 0.000 0.937 0.168 0.169 0.190 0.711 0.601 0.121 0.351 0.000 0.075 0.555 0.305
0.373 0.359 1.003 1.003 0.743 0.872 0.792 0.052 0.672 0.732 0.000 0.963 0.000 0.000 2.742 0.349 0.859 0.438 0.000 0.000 1.329 0.699 1.091 1.131 0.000 0.934 0.474 0.000 0.854 0.843 1.494 1.364 0.115 0.215 0.010 0.010 0.164 0.624 0.564 0.654 0.644 0.355 0.745 0.525 0.665 0.155 0.000 0.697 0.000 0.000 0.184 0.184 0.486 0.547 0.877 0.000 0.757 0.000 0.437 0.267 0.000 0.000 0.087 0.197 0.000 0.877 0.000 0.000 0.690 0.361 0.121 0.181 0.411 0.012 0.000 0.093 0.018
0.493 0.000 0.731 0.731 0.301 0.512 1.212 0.772 0.542 1.102 0.892 0.122 0.432 0.001 0.355 1.833 0.002 1.993 0.000 0.000 1.308 1.258 0.549 0.620 1.100 0.503 0.463 1.174 1.214 1.254 1.294 1.214 1.123 1.193 0.503 0.503 0.634 0.764 0.614 0.264 0.414 0.374 0.745 0.575 0.000 0.674 0.664 0.000 0.000 0.001 0.854 0.854 0.614 0.000 0.777 0.807 0.107 0.000 0.757 0.003 0.010 0.048 0.347 0.617 0.000 1.118 0.000 0.000 0.650 0.000 0.032 0.461 0.011 0.002 0.040 0.110 0.000
0.000 0.297 0.759 0.759 0.240 0.221 1.121 0.662 0.812 0.652 2.292 2.782 1.621 1.640 1.660 1.679 2.163 1.718 1.673 1.673 1.245 0.367 0.528 1.378 0.400 1.092 0.523 1.044 1.254 1.013 0.754 1.404 1.313 1.303 0.513 0.513 0.514 0.724 0.744 0.364 0.634 0.834 0.854 0.000 0.644 0.664 0.000 0.000 0.051 0.100 0.000 0.000 1.052 1.232 0.000 0.827 0.837 0.387 0.617 0.447 0.527 0.457 0.177 0.107 0.788 0.918 0.628 0.628 0.000 0.607 0.000 0.003 0.000 0.133 0.018 0.147 0.000
0.000 0.296 0.757 0.757 0.238 0.220 1.121 0.661 0.811 0.652 2.292 2.782 1.621 1.640 1.660 1.679 2.163 1.718 1.673 1.674 1.244 0.366 0.528 1.378 0.399 1.092 0.523 1.043 1.254 1.013 0.754 1.403 1.313 1.303 0.513 0.513 0.514 0.724 0.744 0.364 0.634 0.834 0.854 0.000 0.644 0.664 0.000 0.000 0.050 0.100 0.000 0.000 1.052 1.232 0.000 0.827 0.837 0.387 0.617 0.447 0.527 0.457 0.177 0.108 0.788 0.918 0.628 0.628 0.000 0.607 0.000 0.006 0.000 0.133 0.017 0.145 0.000
0.000 2.403 0.804 0.805 1.085 0.258 0.870 0.900 0.591 1.559 1.578 1.597 2.702 1.636 1.655 1.675 1.694 1.713 1.683 1.684 0.714 0.446 1.147 1.298 1.368 0.002 1.273 1.253 0.773 0.843 1.013 1.213 1.413 1.353 0.863 0.863 0.574 0.664 1.094 0.344 0.774 0.000 0.604 0.724 0.564 0.000 0.000 0.169 0.309 0.909 0.619 0.620 0.662 0.432 0.532 0.000 0.367 0.217 0.000 0.127 0.357 0.337 0.006 0.058 1.128 0.958 0.578 0.578 0.508 0.000 0.594 0.000 0.463 0.463 0.000 0.086 0.623
1.232 2.762 0.513 0.514 0.854 0.156 0.579 0.999 1.534 1.554 1.011 0.871 0.191 0.622 0.662 1.453 0.723 0.623 0.854 0.854 0.565 1.116 1.027 0.937 1.348 1.140 1.061 0.000 1.043 0.953 0.763 0.603 1.453 1.363 0.943 0.943 0.594 1.184 1.014 1.054 0.354 0.724 0.774 0.604 0.000 0.105 0.686 0.058 0.899 0.849 0.619 0.619 0.000 0.003 0.000 0.000 0.000 0.069 0.210 0.030 0.117 0.217 0.808 0.000 0.918 0.019 0.318 0.318 0.000 0.094 0.344 0.414 0.000 0.233 0.463 0.323 0.333
0.941 0.912 0.962 0.963 2.654 1.462 1.483 1.503 0.719 0.720 1.020 0.800 0.680 1.370 0.690 0.681 0.000 0.924 2.434 2.434 0.745 0.786 1.536 1.306 0.528 1.280 1.301 1.051 0.592 0.473 0.993 0.933 0.993 0.813 0.683 0.683 0.964 0.964 1.184 0.934 0.324 0.344 0.364 0.954 0.894 0.654 0.000 0.955 0.000 0.839 0.319 0.318 1.338 0.418 0.066 0.184 0.000 0.031 0.300 0.330 0.000 0.048 0.768 0.000 1.008 0.000 0.000 0.000 1.143 0.000 0.000 0.133 0.413 0.263 0.513 0.363 0.433
0.980 1.041 1.417 1.418 1.438 1.458 0.815 0.635 0.000 1.859 0.559 0.770 0.509 0.889 1.300 0.680 0.000 1.334 0.904 0.904 0.000 1.856 1.946 0.776 0.378 0.340 0.141 0.822 0.922 0.013 0.793 0.913 0.883 1.043 0.723 0.723 0.714 0.714 0.234 0.544 0.584 0.354 0.434 0.484 0.364 0.000 0.905 0.705 0.776 0.357 0.818 0.818 1.128 0.000 0.534 0.434 0.000 0.000 0.170 0.560 0.190 0.039 0.358 0.428 0.838 0.000 0.000 0.000 0.000 0.893 0.000 0.000 0.503 0.733 0.693 0.313 0.923
1.358 1.374 2.662 2.662 0.823 0.894 2.125 1.395 0.665 0.687 0.538 0.548 0.568 0.869 0.819 0.108 0.938 0.241 1.383 1.384 1.054 1.035 1.055 0.326 0.218 0.400 0.500 0.000 0.643 0.803 0.553 1.203 0.823 0.653 0.573 0.573 0.584 0.594 0.604 1.024 0.234 0.494 0.594 1.034 1.084 0.834 0.195 0.435 0.001 0.356 0.196 0.196 0.347 0.000 0.314 0.454 0.014 0.023 0.120 0.180 0.430 0.000 0.118 1.048 0.388 0.000 0.031 0.031 0.000 0.193 0.293 0.813 0.683 0.483 0.643 0.923 0.873
1.352 1.369 1.441 1.442 0.823 0.773 0.514 0.955 0.575 0.656 0.737 0.917 1.627 0.658 0.748 1.098 1.208 0.878 0.251 0.252 0.983 0.834 0.725 0.825 0.000 0.320 0.540 0.251 0.052 0.833 0.603 0.893 0.863 0.983 0.603 0.603 0.774 0.864 0.874 0.974 0.364 0.414 0.924 0.774 1.174 0.844 0.624 0.914 0.744 0.724 0.514 0.514 0.185 0.000 0.414 0.374 0.000 0.260 0.450 0.000 0.149 0.020 0.228 0.958 0.398 0.208 0.398 0.398 0.000 0.000 0.413 0.000 0.123 0.623 0.723 0.903 0.843
0.839 0.700 1.791 1.792 0.852 0.823 0.504 1.395 0.735 0.756 0.736 0.836 0.957 0.867 0.928 0.928 1.268 1.208 1.319 1.319 1.399 0.000 0.293 0.240 0.766 0.000 0.330 0.201 0.363 0.463 0.133 0.653 0.383 0.000 0.553 0.553 0.724 0.904 1.124 0.594 1.244 1.044 1.114 1.294 0.534 0.194 0.384 0.504 1.054 1.354 1.274 1.274 0.514 0.844 0.434 0.414 0.000 0.000 0.149 0.000 0.597 0.088 0.000 0.968 0.000 0.198 0.000 0.000 0.000 0.000 0.000 0.752 0.014 0.753 0.823 0.883 0.583
0.979 0.790 0.821 0.821 0.792 0.823 0.524 0.785 0.675 0.825 0.875 0.876 0.866 0.966 0.000 0.208 1.148 1.328 1.159 1.159 1.349 1.299 0.000 0.876 0.886 0.966 0.000 0.493 0.582 0.492 0.332 0.000 0.423 0.232 0.000 0.000 1.094 1.114 1.124 0.314 0.934 0.864 0.624 0.634 0.001 0.003 0.005 0.234 0.934 0.874 0.944 0.944 0.674 0.994 0.314 0.474 0.000 0.087 0.061 0.000 0.667 0.000 0.000 1.038 0.000 0.178 0.000 0.000 0.641 0.000 0.332 0.692 1.102 0.802 0.583 0.903 0.343
0.738 0.729 0.750 0.751 0.561 0.722 0.364 0.854 0.814 0.915 0.905 1.045 0.906 0.856 1.047 1.288 1.358 1.178 0.609 0.609 0.159 1.229 1.089 0.000 0.916 0.826 0.215 0.000 0.432 0.432 0.382 0.182 0.000 0.252 0.152 0.151 0.000 1.034 1.064 1.084 1.074 1.034 1.374 1.014 0.944 0.994 0.924 0.994 0.884 0.924 0.914 0.914 0.454 0.474 0.154 0.364 0.404 0.565 0.465 0.000 0.687 0.337 0.797 0.977 0.000 0.000 0.000 0.000 0.501 0.000 0.781 0.032 0.862 0.592 0.712 0.742 0.403
0.798 0.669 0.730 0.730 0.760 0.531 0.122 1.204 0.954 0.954 0.954 0.915 1.036 0.806 0.000 1.198 1.338 0.228 0.198 0.198 0.379 0.569 0.005 0.755 0.295 0.705 0.724 0.754 0.000 0.069 0.342 0.562 0.372 0.000 0.000 0.000 0.244 0.000 1.104 1.154 1.134 1.114 1.094 0.514 0.034 0.000 0.000 0.000 0.000 0.000 0.000 0.000 0.854 1.014 0.000 0.434 0.464 0.445 0.255 0.000 0.747 0.637 0.000 1.097 0.000 0.183 0.000 0.000 0.261 0.861 0.561 0.911 0.531 0.142 0.882 0.942 0.000
1.888 0.868 0.469 0.469 0.670 0.850 0.361 0.273 0.904 0.994 1.104 1.034 0.000 0.576 0.335 0.677 0.767 0.448 0.868 0.868 0.000 0.527 0.577 0.275 0.545 0.000 0.533 0.763 0.001 0.373 0.000 0.522 0.411 0.132 0.000 0.000 0.364 0.824 1.204 1.154 1.114 1.064 1.044 1.044 0.584 0.914 0.984 0.904 1.064 1.114 1.054 1.054 0.874 1.054 0.000 0.414 0.554 0.375 0.495 0.201 0.537 0.687 0.000 0.477 0.000 0.273 0.001 0.001 0.041 0.551 0.191 1.081 0.871 0.931 0.442 0.000 0.730
2.047 1.917 0.818 0.818 0.659 0.609 0.270 0.372 0.663 0.463 0.923 1.013 0.793 0.263 0.913 0.465 0.000 0.204 0.006 0.006 0.576 0.576 0.466 0.000 0.101 0.401 0.422 0.713 0.632 0.562 0.603 0.000 0.000 0.362 0.422 0.422 0.000 1.074 1.094 1.074 1.034 1.024 1.104 1.044 0.264 1.014 0.814 0.744 0.884 1.034 0.934 0.934 1.004 1.084 0.000 0.404 0.494 0.000 0.465 0.079 0.076 0.727 0.000 0.977 0.000 0.553 0.533 0.533 0.000 0.641 0.911 0.911 0.171 0.761 0.003 0.719 1.269
2.177 2.017 1.398 1.398 0.898 0.638 0.330 0.401 0.602 0.452 0.512 0.782 0.722 0.912 0.802 0.000 0.680 0.680 0.000 0.000 0.435 0.506 0.000 0.256 0.298 0.350 0.051 0.362 0.732 0.652 0.703 0.683 0.000 0.000 0.122 0.122 0.000 0.414 0.934 0.994 1.004 1.094 1.064 1.154 1.064 0.134 0.844 0.184 0.184 0.544 0.794 0.794 0.424 1.084 1.084 0.574 0.634 0.000 0.345 0.465 0.000 0.667 0.297 0.377 0.000 0.863 0.373 0.373 0.145 0.561 0.871 0.361 0.531 0.641 0.901 0.013 2.659
2.057 2.067 2.007 2.007 1.437 1.108 0.000 0.360 0.610 0.660 0.551 0.501 0.571 0.591 0.700 0.660 0.560 0.140 0.710 0.710 0.311 0.000 0.474 0.585 0.486 0.000 0.549 0.450 0.092 0.682 0.542 0.652 0.232 0.008 0.007 0.008 0.000 0.444 0.573 0.724 1.084 1.074 1.084 0.764 0.774 0.414 0.654 0.814 0.824 0.000 0.574 0.574 0.624 1.104 0.804 0.544 0.324 0.365 0.675 0.165 0.000 0.657 0.677 0.577 0.000 0.743 0.673 0.673 0.874 0.029 0.509 0.419 0.250 0.991 0.000 2.729 2.409
