includes/camargue/floodfiles/results_R2_t1.562343928288E12/res-0005.wd
ncols         906
nrows         631
xllcorner     362177.146667
yllcorner     6534725.688020
cellsize      20.000000
NODATA_value  -9999.000000
[rows 510 to 543 of 631, columns 462 to 538 of 906]
3.267 3.273 3.280 3.286 3.293 3.299 3.305 3.312 3.318 3.324 3.331 3.342 3.353 3.376 3.376 3.388 3.400 3.412 3.425 3.437 3.450 3.463 3.475 3.488 3.500 3.502 3.501 3.500 3.499 3.497 3.498 3.497 3.497 3.497 3.498 3.498 3.498 3.499 3.499 3.499 3.499 3.499 3.500 3.500 3.500 3.498 3.498 3.496 3.504 3.511 3.518 3.525 3.532 3.539 3.546 3.553 3.561 3.568 3.574 3.581 3.571 3.493 3.494 3.455 3.416 3.378 3.339 3.300 3.245 3.179 3.113 2.772 3.041 3.115 3.188 3.253 3.294
3.301 3.307 3.313 3.319 3.326 3.332 3.338 3.345 3.351 3.358 3.364 3.373 3.384 3.407 3.408 3.420 3.433 3.445 3.458 3.470 3.483 3.495 3.508 3.521 3.533 3.546 3.551 3.550 3.549 3.547 3.548 3.547 3.548 3.548 3.548 3.548 3.549 3.549 3.549 3.550 3.550 3.550 3.550 3.550 3.551 3.551 3.552 3.560 3.572 3.581 3.588 3.595 3.602 3.609 3.616 3.623 3.630 3.637 3.644 3.651 3.631 3.554 3.554 3.515 3.476 3.438 3.399 3.360 3.322 3.283 3.244 3.205 3.185 3.226 3.267 3.309 3.350
3.321 3.327 3.332 3.337 3.343 3.348 3.355 3.361 3.368 3.374 3.380 3.388 3.399 3.424 3.424 3.436 3.449 3.461 3.474 3.487 3.499 3.512 3.524 3.537 3.549 3.562 3.575 3.575 3.574 3.572 3.572 3.572 3.573 3.573 3.573 3.574 3.574 3.574 3.574 3.575 3.575 3.575 3.576 3.576 3.577 3.577 3.578 3.588 3.600 3.612 3.622 3.629 3.636 3.643 3.650 3.657 3.664 3.671 3.678 3.685 3.661 3.584 3.584 3.545 3.506 3.468 3.429 3.390 3.351 3.313 3.274 2.611 3.257 3.270 3.295 3.337 3.378
3.341 3.347 3.352 3.357 3.363 3.368 3.374 3.379 3.385 3.390 3.397 3.403 3.415 3.440 3.440 3.452 3.465 3.478 3.490 3.503 3.515 3.528 3.541 3.553 3.566 3.578 3.591 3.599 3.599 3.597 3.597 3.597 3.598 3.598 3.598 3.599 3.599 3.599 3.599 3.600 3.601 3.601 3.602 3.602 3.603 3.603 3.604 3.615 3.628 3.640 3.652 3.664 3.671 3.678 3.685 3.692 3.699 3.706 3.713 3.720 3.691 3.613 3.614 3.575 3.536 3.498 3.459 3.420 3.381 3.358 3.350 2.630 3.340 3.352 3.365 3.377 3.406
3.361 3.366 3.372 3.377 3.383 3.388 3.394 3.399 3.405 3.410 3.416 3.421 3.432 3.456 3.456 3.469 3.481 3.494 3.506 3.519 3.532 3.544 3.557 3.569 3.582 3.595 3.607 3.620 3.623 3.622 3.622 3.622 3.623 3.623 3.623 3.624 3.624 3.625 3.625 3.626 3.627 3.627 3.628 3.628 3.628 3.630 3.631 3.643 3.655 3.667 3.680 3.692 3.704 3.712 3.719 3.726 3.733 3.740 3.747 3.754 3.721 3.643 3.644 3.605 3.566 3.527 3.489 3.456 3.448 3.440 3.432 3.425 3.422 3.435 3.447 3.460 3.472
3.381 3.386 3.392 3.397 3.403 3.408 3.413 3.419 3.424 3.430 3.436 3.442 3.451 3.475 3.475 3.487 3.499 3.511 3.523 3.535 3.548 3.560 3.573 3.586 3.598 3.611 3.624 3.636 3.648 3.647 3.647 3.647 3.648 3.648 3.649 3.649 3.650 3.651 3.651 3.652 3.652 3.653 3.653 3.654 3.654 3.658 3.658 3.670 3.683 3.695 3.707 3.719 3.732 3.744 3.754 3.761 3.768 3.775 3.782 3.789 3.751 3.673 3.673 3.635 3.596 3.557 3.546 3.538 3.530 3.522 3.515 3.507 3.505 3.517 3.530 3.542 3.555
3.400 3.406 3.411 3.417 3.422 3.428 3.433 3.439 3.444 3.450 3.456 3.462 3.470 3.494 3.494 3.506 3.518 3.530 3.542 3.555 3.567 3.579 3.591 3.603 3.615 3.628 3.640 3.653 3.665 3.672 3.672 3.673 3.674 3.674 3.675 3.675 3.676 3.677 3.677 3.678 3.678 3.679 3.679 3.680 3.680 3.685 3.686 3.698 3.710 3.722 3.735 3.747 3.759 3.771 3.784 3.795 3.802 3.809 3.816 3.819 3.781 3.703 3.703 3.665 3.644 3.636 3.628 3.620 3.613 3.605 3.597 3.589 3.587 3.600 3.613 3.625 3.638
3.420 3.426 3.431 3.437 3.442 3.448 3.453 3.459 3.465 3.471 3.477 3.483 3.489 3.513 3.513 3.525 3.537 3.550 3.562 3.574 3.586 3.598 3.610 3.623 3.635 3.647 3.659 3.671 3.683 3.698 3.698 3.699 3.699 3.700 3.701 3.701 3.702 3.702 3.703 3.703 3.704 3.704 3.705 3.705 3.706 3.713 3.713 3.726 3.738 3.750 3.762 3.774 3.787 3.799 3.811 3.823 3.836 3.844 3.851 3.849 3.810 3.741 3.741 3.734 3.726 3.718 3.710 3.703 3.695 3.687 3.679 3.672 3.670 3.683 3.695 3.708 3.720
3.440 3.446 3.451 3.457 3.462 3.468 3.473 3.479 3.485 3.491 3.497 3.503 3.510 3.532 3.532 3.545 3.557 3.569 3.581 3.593 3.605 3.617 3.630 3.642 3.654 3.666 3.678 3.691 3.695 3.710 3.711 3.722 3.725 3.726 3.726 3.727 3.728 3.728 3.729 3.729 3.730 3.730 3.731 3.731 3.732 3.740 3.741 3.753 3.765 3.778 3.790 3.802 3.814 3.826 3.839 3.851 3.863 3.875 3.885 3.879 3.840 3.823 3.823 3.816 3.808 3.800 3.792 3.785 3.777 3.769 3.761 3.754 3.752 3.765 3.778 3.790 3.803
3.460 3.466 3.471 3.477 3.482 3.488 3.493 3.499 3.506 3.512 3.518 3.524 3.530 3.551 3.551 3.564 3.576 3.588 3.600 3.612 3.624 3.636 3.649 3.661 3.673 3.685 3.697 3.701 3.705 3.720 3.720 3.731 3.742 3.751 3.752 3.753 3.753 3.754 3.755 3.755 3.756 3.756 3.757 3.757 3.758 3.768 3.768 3.780 3.793 3.805 3.817 3.829 3.842 3.854 3.866 3.878 3.891 3.903 3.915 3.929 3.921 3.906 3.906 3.898 3.890 3.882 3.875 3.867 3.859 3.851 3.844 3.836 3.835 3.848 3.860 3.873 3.885
3.480 3.485 3.491 3.497 3.502 3.508 3.514 3.520 3.526 3.532 3.539 3.545 3.551 3.570 3.571 3.583 3.595 3.607 3.619 3.631 3.643 3.656 3.668 3.680 3.692 3.703 3.707 3.711 3.715 3.730 3.730 3.741 3.751 3.762 3.773 3.779 3.779 3.780 3.780 3.781 3.781 3.782 3.782 3.783 3.783 3.795 3.796 3.808 3.820 3.832 3.845 3.857 3.869 3.881 3.894 3.906 3.918 3.925 3.929 3.946 3.979 3.988 3.988 3.980 3.972 3.965 3.957 3.949 3.941 3.934 3.926 3.918 3.918 3.930 3.943 3.955 3.968
3.500 3.505 3.511 3.516 3.522 3.528 3.535 3.541 3.547 3.553 3.559 3.565 3.571 3.590 3.590 3.602 3.614 3.626 3.638 3.650 3.663 3.675 3.687 3.699 3.709 3.713 3.717 3.721 3.725 3.739 3.740 3.750 3.761 3.772 3.782 3.793 3.804 3.806 3.806 3.807 3.807 3.808 3.808 3.809 3.809 3.823 3.823 3.836 3.848 3.860 3.872 3.884 3.897 3.909 3.921 3.928 3.932 3.937 3.941 3.960 3.993 4.058 4.058 4.062 4.055 4.047 4.039 4.031 4.024 4.016 4.008 4.000 4.000 4.013 4.025 4.038 4.050
3.520 3.525 3.531 3.537 3.543 3.549 3.555 3.561 3.568 3.574 3.580 3.586 3.592 3.609 3.609 3.621 3.633 3.645 3.658 3.670 3.682 3.694 3.706 3.715 3.719 3.723 3.727 3.731 3.735 3.749 3.749 3.760 3.771 3.781 3.792 3.803 3.813 3.824 3.832 3.833 3.833 3.834 3.834 3.835 3.835 3.850 3.851 3.863 3.875 3.887 3.900 3.912 3.924 3.931 3.935 3.939 3.944 3.948 3.953 3.973 4.006 4.071 4.072 4.104 4.137 4.129 4.122 4.114 4.106 4.098 4.090 4.083 4.083 4.095 4.108 4.120 4.133
3.540 3.545 3.551 3.557 3.564 3.570 3.576 3.582 3.588 3.594 3.600 3.606 3.613 3.628 3.628 3.640 3.652 3.664 3.677 3.689 3.701 3.713 3.721 3.725 3.729 3.733 3.737 3.741 3.745 3.759 3.759 3.770 3.780 3.791 3.802 3.812 3.823 3.834 3.844 3.855 3.859 3.860 3.860 3.861 3.861 3.878 3.878 3.891 3.903 3.915 3.927 3.934 3.938 3.942 3.947 3.951 3.955 3.960 3.964 3.986 4.019 4.085 4.085 4.118 4.151 4.184 4.204 4.196 4.188 4.180 4.173 4.165 4.165 4.178 4.190 4.203 4.215
3.540 3.545 3.551 3.557 3.563 3.569 3.576 3.582 3.588 3.594 3.600 3.606 3.612 3.628 3.628 3.640 3.652 3.664 3.676 3.688 3.701 3.713 3.720 3.724 3.729 3.733 3.737 3.741 3.745 3.758 3.759 3.769 3.780 3.791 3.801 3.812 3.823 3.833 3.844 3.855 3.859 3.859 3.860 3.860 3.861 3.878 3.878 3.890 3.902 3.915 3.927 3.933 3.938 3.942 3.946 3.951 3.955 3.959 3.964 3.986 4.019 4.084 4.084 4.117 4.150 4.183 4.203 4.195 4.188 4.180 4.172 4.164 4.165 4.177 4.190 4.202 4.215
3.560 3.566 3.572 3.578 3.584 3.590 3.596 3.602 3.608 3.615 3.621 3.627 3.633 3.647 3.647 3.659 3.671 3.683 3.696 3.708 3.720 3.726 3.730 3.734 3.739 3.743 3.747 3.751 3.755 3.768 3.768 3.779 3.790 3.800 3.811 3.822 3.832 3.843 3.854 3.864 3.875 3.885 3.886 3.886 3.887 3.905 3.906 3.918 3.930 3.936 3.941 3.945 3.949 3.954 3.958 3.962 3.967 3.971 3.975 3.999 4.032 4.097 4.098 4.131 4.163 4.196 4.229 4.262 4.270 4.262 4.254 4.247 4.247 4.260 4.272 4.285 4.290
3.580 3.586 3.592 3.598 3.605 3.611 3.617 3.623 3.629 3.635 3.641 3.647 3.654 3.666 3.666 3.678 3.691 3.703 3.715 3.727 3.732 3.736 3.740 3.744 3.749 3.753 3.757 3.761 3.765 3.778 3.778 3.789 3.799 3.810 3.821 3.831 3.842 3.853 3.863 3.874 3.885 3.895 3.906 3.912 3.913 3.933 3.933 3.939 3.944 3.948 3.952 3.957 3.961 3.965 3.970 3.974 3.978 3.983 3.987 4.012 4.045 4.111 4.111 4.144 4.177 4.210 4.243 4.275 4.308 4.341 4.336 4.329 4.330 4.342 4.354 4.348 4.341
3.652 3.654 3.657 3.659 3.661 3.663 3.665 3.668 3.671 3.677 3.683 3.689 3.695 3.707 3.708 3.717 3.729 3.740 3.744 3.748 3.752 3.757 3.761 3.765 3.769 3.773 3.777 3.781 3.785 3.797 3.798 3.808 3.819 3.830 3.840 3.851 3.862 3.873 3.883 3.894 3.904 3.915 3.926 3.942 3.966 3.959 3.959 3.963 3.967 3.972 3.976 3.980 3.985 3.989 3.993 3.998 4.002 4.006 4.010 4.039 4.072 4.138 4.138 4.171 4.204 4.237 4.270 4.302 4.335 4.368 4.401 4.434 4.459 4.463 4.457 4.451 4.445
3.684 3.692 3.694 3.696 3.698 3.700 3.702 3.705 3.707 3.709 3.711 3.713 3.716 3.728 3.728 3.737 3.746 3.750 3.754 3.758 3.762 3.767 3.771 3.775 3.779 3.783 3.787 3.791 3.795 3.807 3.807 3.818 3.829 3.839 3.850 3.861 3.872 3.882 3.893 3.903 3.914 3.926 3.950 3.974 3.998 3.987 3.988 3.980 3.979 3.983 3.988 3.992 3.996 4.001 4.005 4.009 4.014 4.018 4.022 4.053 4.085 4.151 4.151 4.184 4.217 4.250 4.283 4.316 4.349 4.381 4.414 4.446 4.470 4.487 4.504 4.502 4.496
3.711 3.728 3.731 3.733 3.735 3.737 3.739 3.742 3.744 3.746 3.748 3.750 3.753 3.757 3.757 3.761 3.756 3.760 3.764 3.768 3.772 3.777 3.781 3.785 3.789 3.793 3.797 3.801 3.806 3.817 3.817 3.828 3.839 3.849 3.860 3.870 3.881 3.892 3.902 3.913 3.934 3.958 3.982 4.006 4.030 4.018 4.019 4.011 4.004 3.996 3.999 4.004 4.008 4.012 4.017 4.021 4.025 4.029 4.034 4.066 4.099 4.164 4.164 4.197 4.230 4.263 4.296 4.329 4.361 4.393 4.426 4.458 4.482 4.498 4.515 4.532 4.547
3.737 3.766 3.768 3.770 3.772 3.774 3.777 3.779 3.781 3.783 3.785 3.787 3.790 3.799 3.799 3.810 3.799 3.788 3.776 3.779 3.783 3.787 3.791 3.795 3.799 3.803 3.807 3.811 3.816 3.826 3.827 3.837 3.848 3.859 3.869 3.880 3.891 3.902 3.919 3.942 3.966 3.990 4.014 4.038 4.062 4.050 4.050 4.042 4.035 4.027 4.020 4.015 4.020 4.024 4.028 4.032 4.037 4.041 4.046 4.079 4.112 4.178 4.178 4.211 4.243 4.276 4.309 4.341 4.373 4.405 4.438 4.470 4.493 4.510 4.527 4.543 4.560
3.764 3.802 3.805 3.807 3.809 3.811 3.814 3.816 3.818 3.820 3.822 3.824 3.827 3.846 3.846 3.857 3.849 3.838 3.826 3.814 3.803 3.797 3.801 3.805 3.809 3.813 3.817 3.821 3.826 3.836 3.837 3.847 3.858 3.869 3.879 3.890 3.903 3.927 3.951 3.974 3.998 4.022 4.046 4.070 4.094 4.081 4.081 4.073 4.066 4.058 4.051 4.043 4.035 4.035 4.040 4.044 4.048 4.052 4.059 4.092 4.125 4.191 4.191 4.224 4.256 4.289 4.321 4.353 4.385 4.417 4.450 4.482 4.505 4.521 4.538 4.555 4.572
3.791 3.828 3.842 3.844 3.846 3.848 3.851 3.853 3.855 3.857 3.859 3.861 3.871 3.893 3.893 3.905 3.899 3.888 3.876 3.864 3.853 3.841 3.830 3.818 3.819 3.823 3.827 3.832 3.836 3.846 3.846 3.857 3.867 3.878 3.889 3.911 3.935 3.959 3.982 4.006 4.030 4.054 4.078 4.102 4.125 4.112 4.112 4.104 4.097 4.089 4.081 4.074 4.066 4.059 4.051 4.055 4.060 4.064 4.072 4.105 4.138 4.204 4.204 4.236 4.268 4.301 4.333 4.365 4.397 4.429 4.462 4.494 4.516 4.533 4.549 4.566 4.583
3.817 3.855 3.879 3.881 3.883 3.885 3.888 3.890 3.892 3.894 3.897 3.908 3.918 3.940 3.940 3.952 3.949 3.937 3.926 3.914 3.903 3.891 3.880 3.868 3.856 3.845 3.838 3.842 3.846 3.856 3.856 3.867 3.877 3.895 3.919 3.943 3.967 3.990 4.014 4.038 4.062 4.086 4.110 4.134 4.157 4.143 4.143 4.135 4.128 4.120 4.112 4.105 4.097 4.090 4.082 4.074 4.071 4.076 4.086 4.119 4.152 4.216 4.216 4.248 4.280 4.312 4.345 4.377 4.409 4.441 4.473 4.506 4.527 4.544 4.561 4.578 4.594
3.844 3.882 3.916 3.918 3.920 3.923 3.925 3.927 3.929 3.933 3.944 3.955 3.966 3.987 3.988 3.999 3.999 3.987 3.976 3.964 3.953 3.941 3.930 3.918 3.906 3.895 3.883 3.872 3.860 3.865 3.866 3.879 3.903 3.927 3.951 3.975 3.998 4.022 4.046 4.070 4.094 4.118 4.141 4.165 4.189 4.174 4.174 4.166 4.159 4.151 4.143 4.136 4.128 4.121 4.113 4.105 4.098 4.090 4.099 4.131 4.164 4.228 4.228 4.260 4.292 4.324 4.357 4.389 4.421 4.453 4.485 4.517 4.539 4.556 4.572 4.589 4.606
3.871 3.908 3.946 3.955 3.958 3.960 3.962 3.964 3.969 3.980 3.991 4.002 4.013 4.034 4.035 4.046 4.049 4.037 4.026 4.014 4.003 3.991 3.980 3.968 3.956 3.945 3.933 3.921 3.910 3.881 3.881 3.911 3.935 3.959 3.983 4.006 4.030 4.054 4.078 4.102 4.126 4.150 4.173 4.197 4.220 4.204 4.205 4.197 4.190 4.182 4.174 4.167 4.159 4.152 4.144 4.136 4.129 4.119 4.119 4.143 4.176 4.240 4.240 4.272 4.304 4.336 4.369 4.401 4.433 4.465 4.497 4.529 4.550 4.567 4.584 4.600 4.617
3.898 3.935 3.973 3.992 3.995 3.997 3.999 4.005 4.016 4.027 4.038 4.049 4.060 4.081 4.082 4.093 4.099 4.087 4.076 4.064 4.053 4.041 4.029 4.018 4.006 3.995 3.983 3.971 3.954 3.891 3.892 3.927 3.963 3.991 4.015 4.038 4.062 4.086 4.110 4.134 4.158 4.181 4.205 4.229 4.251 4.236 4.236 4.228 4.221 4.213 4.205 4.198 4.190 4.182 4.175 4.166 4.155 4.144 4.145 4.169 4.193 4.252 4.252 4.284 4.316 4.348 4.381 4.413 4.445 4.477 4.509 4.541 4.562 4.578 4.595 4.612 4.629
3.924 3.962 3.999 4.029 4.032 4.034 4.041 4.052 4.063 4.074 4.085 4.096 4.107 4.129 4.129 4.140 4.149 4.137 4.126 4.114 4.103 4.091 4.079 4.068 4.056 4.044 4.033 4.005 3.967 3.902 3.902 3.938 3.973 4.008 4.044 4.070 4.094 4.118 4.142 4.166 4.189 4.213 4.237 4.261 4.282 4.266 4.267 4.259 4.251 4.244 4.236 4.229 4.221 4.213 4.202 4.191 4.180 4.169 4.171 4.195 4.219 4.266 4.267 4.296 4.328 4.360 4.392 4.425 4.457 4.489 4.521 4.553 4.573 4.590 4.606 4.623 4.640
3.951 3.988 4.026 4.064 4.069 4.077 4.088 4.099 4.110 4.121 4.132 4.143 4.154 4.176 4.176 4.187 4.198 4.187 4.176 4.164 4.153 4.141 4.129 4.118 4.106 4.093 4.055 4.017 3.979 3.912 3.912 3.948 3.983 4.019 4.054 4.090 4.125 4.150 4.174 4.197 4.221 4.245 4.269 4.293 4.313 4.297 4.297 4.290 4.282 4.275 4.267 4.260 4.249 4.238 4.227 4.216 4.205 4.194 4.197 4.221 4.245 4.292 4.293 4.316 4.340 4.372 4.404 4.436 4.469 4.501 4.533 4.565 4.584 4.601 4.618 4.635 4.651
3.964 4.005 4.046 4.086 4.113 4.124 4.135 4.146 4.157 4.168 4.179 4.190 4.201 4.223 4.223 4.234 4.245 4.237 4.226 4.214 4.202 4.191 4.179 4.168 4.144 4.106 4.068 4.030 3.992 3.922 3.923 3.958 3.994 4.029 4.065 4.100 4.135 4.171 4.205 4.229 4.253 4.277 4.301 4.324 4.343 4.328 4.328 4.321 4.313 4.306 4.296 4.285 4.274 4.263 4.252 4.241 4.230 4.219 4.223 4.247 4.271 4.318 4.319 4.342 4.366 4.390 4.416 4.448 4.481 4.513 4.545 4.577 4.596 4.612 4.629 4.646 4.663
3.964 4.005 4.045 4.086 4.113 4.124 4.135 4.146 4.157 4.168 4.179 4.190 4.201 4.222 4.223 4.234 4.245 4.237 4.225 4.214 4.202 4.191 4.179 4.167 4.144 4.106 4.068 4.029 3.991 3.922 3.922 3.958 3.993 4.029 4.064 4.100 4.135 4.170 4.205 4.229 4.253 4.276 4.300 4.324 4.343 4.328 4.328 4.320 4.313 4.305 4.295 4.284 4.273 4.262 4.251 4.240 4.229 4.218 4.223 4.247 4.270 4.318 4.318 4.342 4.365 4.389 4.416 4.448 4.480 4.512 4.544 4.576 4.595 4.612 4.629 4.645 4.662
3.971 4.011 4.052 4.082 4.112 4.142 4.173 4.193 4.204 4.215 4.226 4.237 4.248 4.270 4.270 4.281 4.292 4.287 4.275 4.264 4.252 4.240 4.229 4.194 4.156 4.118 4.080 4.042 4.004 3.933 3.933 3.968 4.004 4.039 4.074 4.110 4.145 4.181 4.216 4.252 4.284 4.308 4.332 4.356 4.374 4.359 4.359 4.351 4.342 4.331 4.320 4.309 4.298 4.287 4.276 4.265 4.254 4.243 4.249 4.273 4.297 4.344 4.344 4.368 4.391 4.415 4.439 4.463 4.492 4.524 4.556 4.588 4.606 4.623 4.640 4.658 4.680
3.977 4.018 4.047 4.076 4.106 4.136 4.167 4.197 4.228 4.259 4.273 4.284 4.295 4.317 4.317 4.328 4.339 4.337 4.325 4.314 4.302 4.283 4.245 4.207 4.169 4.131 4.093 4.054 4.016 3.943 3.943 3.979 4.014 4.049 4.085 4.120 4.156 4.191 4.227 4.262 4.297 4.333 4.364 4.387 4.405 4.389 4.389 4.378 4.367 4.356 4.345 4.334 4.323 4.312 4.301 4.290 4.279 4.267 4.275 4.299 4.322 4.370 4.370 4.394 4.417 4.441 4.465 4.489 4.512 4.536 4.568 4.600 4.618 4.634 4.656 4.678 4.700
3.978 4.007 4.036 4.065 4.094 4.125 4.155 4.186 4.216 4.247 4.277 4.308 4.338 4.399 4.400 4.422 4.434 4.437 4.422 4.384 4.346 4.308 4.270 4.232 4.194 4.156 4.118 4.080 4.041 3.965 3.965 4.000 4.035 4.070 4.106 4.141 4.177 4.212 4.247 4.283 4.318 4.354 4.389 4.420 4.442 4.439 4.439 4.428 4.417 4.406 4.395 4.384 4.373 4.362 4.351 4.340 4.329 4.318 4.328 4.351 4.375 4.423 4.423 4.446 4.470 4.494 4.518 4.541 4.565 4.589 4.611 4.632 4.654 4.676 4.698 4.720 4.742
