includes/camargue/floodfiles/results_R2_t1.562343928288E12/res-0003.wd
ncols         906
nrows         631
xllcorner     362177.146667
yllcorner     6534725.688020
cellsize      20.000000
NODATA_value  -9999.000000
[rows 578 to 611 of 631, columns 385 to 461 of 906]
6.540 6.271 6.002 5.734 5.605 5.718 5.831 5.866 5.858 5.842 5.842 5.834 5.826 5.818 5.810 5.802 5.794 5.786 5.779 5.771 5.763 5.874 6.049 6.079 6.024 5.969 5.969 5.859 5.804 5.749 5.694 5.638 5.583 5.528 5.473 5.418 5.404 5.418 5.433 5.448 5.462 5.477 5.477 5.507 5.521 5.536 5.549 5.542 5.535 5.527 5.520 5.518 5.589 5.661 5.733 5.805 5.800 5.726 5.726 5.644 5.661 5.677 5.694 5.711 5.727 5.744 5.761 5.778 5.803 5.829 5.855 5.881 5.907 5.933 5.932 5.984 6.010
6.406 6.138 5.869 5.600 5.551 5.665 5.778 5.891 5.889 5.874 5.874 5.866 5.858 5.850 5.842 5.834 5.826 5.818 5.810 5.802 5.844 6.019 6.194 6.344 6.289 6.234 6.234 6.123 6.068 6.013 5.958 5.903 5.848 5.793 5.738 5.676 5.573 5.566 5.560 5.554 5.548 5.545 5.545 5.575 5.589 5.604 5.619 5.613 5.605 5.637 5.709 5.781 5.853 5.924 5.996 6.068 6.028 5.955 5.955 5.808 5.788 5.805 5.821 5.838 5.855 5.871 5.888 5.906 5.932 5.958 5.984 6.010 6.036 6.062 6.062 6.114 6.140
6.273 6.005 5.736 5.467 5.498 5.611 5.724 5.837 5.921 5.905 5.905 5.897 5.889 5.882 5.874 5.866 5.858 5.850 5.842 5.834 5.990 6.164 6.340 6.515 6.553 6.498 6.498 6.388 6.333 6.278 6.223 6.168 6.113 6.058 6.002 5.908 5.805 5.749 5.743 5.736 5.730 5.724 5.724 5.712 5.706 5.700 5.694 5.757 5.828 5.900 5.972 6.044 6.116 6.188 6.259 6.329 6.256 6.183 6.183 6.036 5.963 5.932 5.948 5.965 5.982 5.999 6.016 6.035 6.061 6.087 6.113 6.139 6.165 6.191 6.191 6.243 6.269
6.140 5.871 5.602 5.334 5.445 5.558 5.671 5.784 5.897 5.937 5.937 5.929 5.921 5.913 5.905 5.898 5.890 5.882 5.874 5.960 6.135 6.310 6.485 6.660 6.818 6.763 6.763 6.653 6.598 6.543 6.487 6.432 6.377 6.322 6.242 6.139 6.037 5.934 5.925 5.919 5.913 5.907 5.907 5.895 5.889 5.883 5.920 6.017 6.092 6.163 6.235 6.307 6.379 6.451 6.522 6.558 6.484 6.411 6.411 6.265 6.191 6.118 6.075 6.092 6.109 6.126 6.143 6.165 6.190 6.216 6.242 6.268 6.294 6.320 6.320 6.372 6.398
6.007 5.738 5.469 5.279 5.392 5.505 5.618 5.731 5.844 5.969 5.969 5.961 5.953 5.945 5.937 5.929 5.921 5.914 5.930 6.105 6.280 6.455 6.631 6.806 6.981 7.028 7.028 6.917 6.862 6.807 6.752 6.697 6.642 6.577 6.474 6.371 6.269 6.166 6.108 6.102 6.096 6.089 6.089 6.077 6.071 6.065 6.160 6.257 6.354 6.427 6.498 6.570 6.642 6.714 6.786 6.786 6.712 6.639 6.639 6.493 6.420 6.346 6.273 6.219 6.236 6.253 6.270 6.294 6.320 6.346 6.372 6.397 6.423 6.449 6.449 6.501 6.527
5.873 5.605 5.336 5.225 5.338 5.451 5.565 5.678 5.791 6.001 6.001 5.993 5.985 5.977 5.969 5.961 5.953 5.945 6.076 6.251 6.426 6.601 6.776 6.951 7.126 7.292 7.292 7.182 7.127 7.072 7.017 6.962 6.907 6.809 6.706 6.603 6.500 6.398 6.295 6.284 6.278 6.272 6.272 6.260 6.254 6.302 6.400 6.497 6.594 6.690 6.762 6.833 6.905 6.977 7.049 7.014 6.941 6.868 6.868 6.721 6.648 6.574 6.501 6.428 6.363 6.380 6.397 6.423 6.449 6.475 6.501 6.527 6.553 6.587 6.587 6.696 6.751
5.740 5.471 5.203 5.172 5.285 5.398 5.511 5.624 5.737 5.964 5.964 6.025 6.017 6.009 6.001 5.993 5.985 6.046 6.221 6.396 6.571 6.746 6.921 7.097 7.272 7.447 7.447 7.447 7.392 7.337 7.281 7.226 7.144 7.041 6.938 6.835 6.732 6.629 6.527 6.467 6.461 6.455 6.454 6.442 6.445 6.542 6.639 6.737 6.834 6.931 7.025 7.097 7.168 7.240 7.312 7.242 7.169 7.096 7.096 6.949 6.876 6.803 6.729 6.656 6.583 6.510 6.526 6.552 6.578 6.626 6.681 6.736 6.790 6.845 6.845 6.955 7.009
5.607 5.338 5.070 5.119 5.232 5.345 5.458 5.571 5.684 5.910 5.910 6.023 6.048 6.041 6.033 6.025 6.017 6.192 6.367 6.542 6.717 6.892 7.067 7.242 7.417 7.592 7.592 7.711 7.656 7.601 7.546 7.479 7.376 7.273 7.170 7.067 6.964 6.861 6.759 6.656 6.643 6.637 6.637 6.625 6.685 6.782 6.879 6.976 7.074 7.171 7.268 7.360 7.432 7.503 7.544 7.471 7.398 7.324 7.324 7.178 7.104 7.031 6.958 6.885 6.809 6.717 6.718 6.775 6.830 6.885 6.940 6.994 7.049 7.104 7.104 7.213 7.268
5.474 5.205 4.952 5.065 5.178 5.292 5.405 5.518 5.631 5.857 5.857 5.970 6.080 6.072 6.064 6.057 6.162 6.337 6.512 6.687 6.862 7.037 7.212 7.387 7.562 7.738 7.738 7.976 7.921 7.866 7.811 7.711 7.608 7.505 7.402 7.299 7.196 7.093 6.990 6.888 6.826 6.820 6.820 6.827 6.925 7.022 7.119 7.216 7.314 7.411 7.508 7.605 7.695 7.767 7.773 7.699 7.626 7.553 7.553 7.406 7.328 7.236 7.145 7.053 6.961 6.869 6.936 7.034 7.089 7.143 7.198 7.253 7.308 7.362 7.362 7.472 7.527
5.340 5.072 4.899 5.012 5.125 5.238 5.351 5.464 5.578 5.804 5.804 5.917 6.030 6.104 6.096 6.132 6.307 6.482 6.658 6.833 7.008 7.183 7.358 7.533 7.708 7.883 7.883 8.233 8.186 8.131 8.045 7.943 7.840 7.737 7.634 7.531 7.428 7.325 7.223 7.120 7.017 7.002 7.002 7.067 7.165 7.262 7.359 7.456 7.553 7.651 7.748 7.845 7.942 8.030 8.001 7.928 7.847 7.756 7.755 7.572 7.480 7.388 7.296 7.205 7.113 7.053 7.154 7.255 7.347 7.402 7.457 7.511 7.566 7.621 7.621 7.730 7.785
5.340 5.072 4.899 5.012 5.125 5.238 5.351 5.465 5.578 5.804 5.804 5.917 6.030 6.104 6.096 6.132 6.308 6.483 6.658 6.833 7.008 7.183 7.358 7.533 7.708 7.883 7.883 8.233 8.186 8.131 8.045 7.943 7.840 7.737 7.634 7.531 7.428 7.325 7.223 7.120 7.017 7.002 7.002 7.067 7.165 7.262 7.359 7.456 7.554 7.651 7.748 7.845 7.943 8.030 8.001 7.928 7.847 7.756 7.756 7.572 7.480 7.388 7.296 7.205 7.113 7.053 7.154 7.255 7.347 7.402 7.457 7.512 7.566 7.621 7.621 7.730 7.785
5.207 4.939 4.846 4.959 5.072 5.185 5.298 5.411 5.524 5.751 5.751 5.864 5.977 6.090 6.128 6.278 6.453 6.628 6.803 6.978 7.153 7.328 7.503 7.678 7.854 8.029 8.029 8.379 8.450 8.380 8.277 8.174 8.072 7.969 7.866 7.763 7.660 7.557 7.455 7.352 7.249 7.185 7.185 7.307 7.405 7.502 7.599 7.696 7.793 7.891 7.979 8.036 8.092 8.149 8.183 8.091 7.999 7.907 7.907 7.723 7.632 7.540 7.448 7.356 7.264 7.271 7.372 7.473 7.574 7.661 7.715 7.770 7.825 7.880 7.879 7.989 8.044
5.200 4.805 4.792 4.905 5.019 5.132 5.250 5.370 5.489 5.728 5.728 5.847 5.967 6.086 6.137 6.313 6.495 6.678 6.860 7.042 7.225 7.407 7.589 7.772 7.954 8.136 8.136 8.501 8.684 8.594 8.494 8.393 8.293 8.193 8.092 7.992 7.891 7.789 7.687 7.584 7.481 7.378 7.378 7.482 7.539 7.595 7.652 7.709 7.765 7.822 7.879 7.935 7.992 8.085 8.235 8.243 8.151 8.059 8.059 7.875 7.783 7.691 7.600 7.508 7.416 7.488 7.590 7.691 7.792 7.893 7.974 8.029 8.083 8.138 8.138 8.248 8.302
5.580 5.275 4.971 5.040 5.159 5.279 5.398 5.518 5.637 5.876 5.876 5.996 6.115 6.139 6.112 6.085 6.230 6.412 6.595 6.777 6.959 7.142 7.324 7.507 7.689 7.871 7.871 8.218 8.255 8.293 8.238 8.137 8.037 7.937 7.836 7.736 7.635 7.535 7.435 7.334 7.234 7.234 7.234 7.281 7.338 7.394 7.451 7.508 7.564 7.621 7.678 7.734 7.809 7.958 8.108 8.257 8.407 8.362 8.362 8.178 8.086 7.995 7.903 7.811 7.822 7.924 8.025 8.126 8.227 8.328 8.429 8.531 8.600 8.655 8.655 8.765 8.801
5.849 5.544 5.240 5.114 5.233 5.353 5.472 5.592 5.711 5.950 5.950 6.070 6.154 6.127 6.100 6.073 6.097 6.280 6.462 6.645 6.827 7.009 7.192 7.374 7.556 7.739 7.739 8.003 8.041 8.079 8.110 8.010 7.909 7.809 7.708 7.608 7.508 7.407 7.307 7.206 7.150 7.165 7.165 7.194 7.237 7.294 7.351 7.407 7.464 7.520 7.577 7.634 7.745 7.895 8.044 8.194 8.343 8.493 8.493 8.330 8.238 8.146 8.055 7.963 8.040 8.141 8.242 8.344 8.445 8.546 8.647 8.748 8.849 8.914 8.914 9.023 8.999
6.117 5.813 5.508 5.204 5.307 5.427 5.546 5.666 5.785 6.024 6.024 6.144 6.142 6.115 6.088 6.060 6.033 6.147 6.330 6.512 6.694 6.877 7.059 7.241 7.424 7.606 7.606 7.789 7.826 7.864 7.902 7.882 7.781 7.681 7.580 7.480 7.380 7.279 7.179 7.079 7.081 7.096 7.096 7.125 7.140 7.194 7.250 7.307 7.363 7.420 7.477 7.533 7.682 7.831 7.981 8.130 8.280 8.429 8.429 8.482 8.390 8.298 8.206 8.157 8.258 8.359 8.460 8.561 8.663 8.764 8.865 8.966 9.067 9.168 9.168 9.267 9.197
6.386 6.082 5.777 5.473 5.382 5.501 5.621 5.740 5.860 6.098 6.098 6.157 6.130 6.103 6.075 6.048 6.021 6.015 6.197 6.379 6.562 6.744 6.927 7.109 7.291 7.474 7.473 7.574 7.612 7.649 7.687 7.725 7.653 7.553 7.453 7.352 7.252 7.151 7.051 6.997 7.012 7.026 7.026 7.056 7.070 7.093 7.150 7.206 7.263 7.320 7.376 7.468 7.618 7.768 7.917 8.067 8.216 8.366 8.366 8.633 8.542 8.450 8.358 8.374 8.476 8.577 8.678 8.779 8.880 8.981 9.082 9.184 9.285 9.386 9.386 9.465 9.395
6.655 6.351 6.046 5.742 5.456 5.575 5.695 5.814 5.934 6.172 6.172 6.145 6.118 6.090 6.063 6.036 6.009 5.981 6.065 6.247 6.429 6.612 6.794 6.976 7.159 7.284 7.284 7.360 7.397 7.435 7.473 7.510 7.525 7.425 7.325 7.224 7.124 7.024 6.923 6.928 6.942 6.957 6.957 6.986 7.001 7.016 7.049 7.106 7.163 7.219 7.276 7.405 7.555 7.704 7.854 8.003 8.153 8.302 8.302 8.601 8.693 8.601 8.510 8.592 8.693 8.795 8.896 8.997 9.098 9.199 9.300 9.386 9.389 9.391 9.391 9.329 9.209
6.924 6.619 6.315 6.011 5.706 5.649 5.769 5.888 6.008 6.160 6.160 6.133 6.105 6.078 6.051 6.024 5.996 5.969 5.942 6.114 6.297 6.479 6.661 6.844 7.026 7.070 7.070 7.145 7.183 7.221 7.258 7.296 7.333 7.297 7.197 7.096 6.996 6.896 6.844 6.858 6.873 6.888 6.888 6.917 6.932 6.946 6.961 7.006 7.062 7.119 7.192 7.341 7.491 7.641 7.790 7.940 8.089 8.239 8.239 8.538 8.688 8.753 8.709 8.810 8.911 9.012 9.102 9.105 9.107 9.109 9.112 9.114 9.117 9.119 9.119 9.046 8.974
7.193 6.888 6.584 6.279 5.975 5.724 5.843 5.963 6.082 6.148 6.148 6.120 6.093 6.066 6.039 6.011 5.984 5.957 5.930 5.982 6.164 6.347 6.529 6.711 6.818 6.856 6.856 6.931 6.969 7.006 7.044 7.081 7.119 7.157 7.069 6.969 6.868 6.768 6.774 6.789 6.804 6.818 6.818 6.848 6.862 6.877 6.891 6.906 6.962 7.018 7.128 7.278 7.427 7.577 7.727 7.876 8.026 8.175 8.175 8.475 8.624 8.769 8.820 8.822 8.825 8.827 8.830 8.832 8.835 8.837 8.840 8.842 8.844 8.847 8.847 8.754 8.698
7.462 7.157 6.853 6.548 6.244 5.940 5.917 6.037 6.156 6.136 6.135 6.108 6.081 6.054 6.026 5.999 5.972 5.945 5.917 5.890 6.032 6.214 6.396 6.566 6.604 6.641 6.641 6.717 6.754 6.792 6.829 6.867 6.904 6.942 6.941 6.841 6.740 6.690 6.705 6.720 6.734 6.749 6.749 6.778 6.793 6.808 6.822 6.837 6.861 6.918 7.065 7.214 7.364 7.514 7.663 7.813 7.934 8.055 8.055 8.297 8.418 8.539 8.547 8.550 8.553 8.555 8.558 8.560 8.562 8.565 8.567 8.570 8.572 8.573 8.573 8.462 8.406
7.730 7.426 7.122 6.817 6.513 6.208 5.991 6.111 6.178 6.123 6.123 6.096 6.069 6.041 6.014 5.987 5.960 5.932 5.905 5.878 5.899 6.082 6.264 6.352 6.389 6.427 6.427 6.502 6.540 6.577 6.615 6.652 6.690 6.728 6.765 6.713 6.612 6.621 6.636 6.650 6.665 6.680 6.680 6.709 6.724 6.738 6.753 6.767 6.782 6.852 6.978 7.099 7.220 7.341 7.462 7.583 7.704 7.825 7.825 8.067 8.187 8.271 8.274 8.277 8.280 8.283 8.285 8.288 8.290 8.292 8.295 8.297 8.300 8.281 8.281 8.170 8.114
7.822 7.589 7.355 7.086 6.782 6.477 6.173 6.185 6.166 6.111 6.111 6.083 6.056 6.029 6.002 5.975 5.947 5.920 5.893 5.865 5.838 5.949 6.099 6.137 6.175 6.212 6.212 6.288 6.325 6.363 6.400 6.438 6.476 6.513 6.551 6.585 6.537 6.552 6.566 6.581 6.596 6.610 6.610 6.638 6.652 6.666 6.681 6.695 6.709 6.681 6.748 6.869 6.990 7.111 7.232 7.353 7.474 7.595 7.594 7.836 7.957 7.998 8.001 8.004 8.008 8.010 8.013 8.015 8.018 8.020 8.023 8.025 8.028 7.989 7.989 7.877 7.822
7.708 7.475 7.241 7.008 6.775 6.542 6.308 6.205 6.174 6.112 6.112 6.081 6.050 6.019 5.990 5.962 5.935 5.908 5.881 5.853 5.826 5.817 5.885 5.923 5.960 5.998 5.998 6.081 6.127 6.173 6.218 6.264 6.309 6.355 6.401 6.446 6.465 6.479 6.493 6.508 6.522 6.536 6.536 6.564 6.578 6.592 6.607 6.621 6.624 6.585 6.545 6.639 6.760 6.881 7.002 7.122 7.243 7.364 7.364 7.606 7.721 7.724 7.728 7.731 7.735 7.738 7.741 7.743 7.746 7.748 7.751 7.753 7.752 7.696 7.696 7.585 7.529
7.594 7.361 7.127 6.894 6.661 6.428 6.289 6.298 6.273 6.211 6.211 6.179 6.149 6.117 6.086 6.055 6.024 5.993 5.962 5.931 5.900 5.839 5.788 5.834 5.879 5.925 5.925 6.016 6.062 6.107 6.153 6.199 6.244 6.290 6.335 6.370 6.389 6.405 6.419 6.434 6.448 6.462 6.462 6.490 6.504 6.518 6.533 6.547 6.528 6.488 6.449 6.409 6.530 6.651 6.771 6.892 7.013 7.134 7.134 7.376 7.448 7.451 7.455 7.458 7.462 7.465 7.468 7.471 7.473 7.476 7.478 7.481 7.460 7.404 7.404 7.293 7.237
7.480 7.247 7.013 6.780 6.547 6.361 6.370 6.378 6.372 6.309 6.309 6.278 6.247 6.216 6.185 6.154 6.123 6.092 6.061 6.030 5.999 5.889 5.769 5.768 5.814 5.860 5.860 5.951 5.996 6.042 6.088 6.133 6.179 6.224 6.270 6.292 6.311 6.330 6.345 6.359 6.374 6.388 6.388 6.416 6.430 6.444 6.459 6.471 6.431 6.392 6.352 6.313 6.299 6.420 6.541 6.662 6.783 6.904 6.904 7.146 7.175 7.178 7.182 7.185 7.188 7.192 7.195 7.199 7.201 7.204 7.206 7.209 7.168 7.112 7.112 7.001 6.945
7.480 7.247 7.014 6.780 6.547 6.361 6.370 6.379 6.372 6.310 6.310 6.278 6.247 6.216 6.185 6.154 6.123 6.092 6.061 6.030 5.999 5.889 5.769 5.769 5.814 5.860 5.860 5.951 5.997 6.042 6.088 6.133 6.179 6.225 6.270 6.293 6.312 6.330 6.345 6.360 6.374 6.388 6.388 6.416 6.430 6.445 6.459 6.471 6.432 6.392 6.352 6.313 6.300 6.421 6.541 6.662 6.783 6.904 6.904 7.146 7.175 7.178 7.182 7.185 7.189 7.192 7.195 7.199 7.201 7.204 7.206 7.209 7.168 7.112 7.112 7.001 6.945
7.366 7.133 6.900 6.666 6.434 6.442 6.451 6.459 6.468 6.408 6.408 6.377 6.346 6.315 6.284 6.253 6.222 6.191 6.160 6.129 6.060 5.939 5.819 5.703 5.749 5.795 5.795 5.886 5.931 5.977 6.023 6.068 6.114 6.159 6.196 6.215 6.234 6.253 6.271 6.286 6.300 6.314 6.314 6.342 6.356 6.371 6.385 6.375 6.335 6.296 6.256 6.216 6.177 6.190 6.311 6.432 6.553 6.674 6.674 6.899 6.902 6.905 6.909 6.912 6.916 6.919 6.922 6.926 6.929 6.931 6.934 6.931 6.876 6.820 6.820 6.709 6.653
7.252 7.019 6.786 6.552 6.514 6.523 6.531 6.540 6.549 6.507 6.507 6.476 6.445 6.414 6.383 6.352 6.321 6.290 6.259 6.227 6.110 5.990 5.869 5.749 5.684 5.729 5.729 5.821 5.866 5.912 5.957 6.003 6.049 6.094 6.118 6.137 6.156 6.175 6.194 6.211 6.226 6.240 6.240 6.268 6.282 6.296 6.311 6.279 6.239 6.199 6.160 6.120 6.080 6.041 6.081 6.202 6.323 6.444 6.444 6.626 6.629 6.632 6.636 6.639 6.642 6.646 6.649 6.653 6.656 6.659 6.662 6.639 6.584 6.528 6.528 6.417 6.361
7.024 6.791 6.659 6.667 6.676 6.684 6.693 6.701 6.710 6.704 6.704 6.673 6.642 6.611 6.580 6.549 6.518 6.487 6.451 6.331 6.210 6.090 5.970 5.849 5.729 5.609 5.609 5.690 5.736 5.781 5.827 5.872 5.918 5.944 5.963 5.982 6.001 6.020 6.038 6.057 6.076 6.092 6.091 6.120 6.134 6.148 6.125 6.086 6.046 6.006 5.967 5.927 5.887 5.848 5.808 5.769 5.862 5.983 5.983 6.079 6.083 6.086 6.089 6.093 6.096 6.099 6.103 6.106 6.121 6.167 6.213 6.234 6.241 6.247 6.247 6.260 6.266
6.910 6.731 6.739 6.748 6.756 6.765 6.774 6.782 6.791 6.803 6.803 6.772 6.741 6.710 6.679 6.648 6.617 6.586 6.501 6.381 6.261 6.140 6.020 5.900 5.779 5.659 5.659 5.625 5.670 5.716 5.762 5.807 5.848 5.866 5.885 5.904 5.923 5.942 5.961 5.980 5.999 6.017 6.017 6.046 6.060 6.069 6.029 5.989 5.950 5.910 5.870 5.831 5.791 5.752 5.712 5.672 5.633 5.753 5.753 5.806 5.809 5.813 5.816 5.830 5.877 5.923 5.969 6.016 6.062 6.109 6.151 6.189 6.210 6.216 6.216 6.229 6.235
6.803 6.812 6.820 6.829 6.837 6.846 6.855 6.863 6.872 6.889 6.889 6.871 6.840 6.809 6.778 6.747 6.716 6.672 6.552 6.431 6.311 6.191 6.070 5.950 5.830 5.709 5.709 5.560 5.605 5.651 5.696 5.742 5.770 5.789 5.808 5.827 5.845 5.864 5.883 5.902 5.921 5.940 5.940 5.972 5.986 5.972 5.933 5.893 5.853 5.814 5.774 5.734 5.695 5.655 5.616 5.576 5.536 5.523 5.523 5.586 5.633 5.679 5.725 5.772 5.818 5.865 5.911 5.957 6.004 6.050 6.090 6.128 6.166 6.186 6.186 6.199 6.205
6.884 6.892 6.901 6.910 6.918 6.927 6.935 6.944 6.953 6.970 6.970 6.970 6.939 6.908 6.877 6.846 6.814 6.722 6.602 6.481 6.361 6.241 6.121 6.000 5.880 5.760 5.759 5.519 5.540 5.586 5.631 5.674 5.692 5.711 5.730 5.749 5.768 5.787 5.806 5.825 5.844 5.863 5.863 5.898 5.912 5.876 5.836 5.797 5.757 5.718 5.678 5.638 5.602 5.579 5.557 5.534 5.512 5.488 5.488 5.528 5.574 5.620 5.667 5.713 5.760 5.806 5.852 5.899 5.945 5.991 6.029 6.067 6.105 6.143 6.143 6.168 6.174
6.965 6.973 6.982 6.990 6.999 7.008 7.016 7.025 7.033 7.051 7.051 7.059 7.038 7.007 6.975 6.944 6.892 6.772 6.652 6.532 6.411 6.291 6.171 6.051 5.930 5.810 5.810 5.569 5.475 5.520 5.566 5.596 5.615 5.633 5.652 5.671 5.690 5.709 5.728 5.747 5.766 5.785 5.785 5.823 5.819 5.779 5.746 5.723 5.701 5.678 5.655 5.633 5.610 5.588 5.565 5.543 5.520 5.494 5.494 5.469 5.516 5.562 5.608 5.655 5.701 5.747 5.794 5.840 5.887 5.930 5.968 6.006 6.044 6.082 6.082 6.138 6.144
