includes/camargue/floodfiles/results_R2_t1.562343928288E12/res-0014.wd
ncols         906
nrows         631
xllcorner     362177.146667
yllcorner     6534725.688020
cellsize      20.000000
NODATA_value  -9999.000000
[rows 544 to 577 of 631, columns 0 to 76 of 906]
4.883 4.526 4.169 3.811 3.454 3.096 2.739 2.381 2.381 2.270 2.521 2.925 3.330 3.735 4.140 4.545 4.950 5.355 5.760 6.166 6.381 6.293 6.206 6.118 6.118 5.943 5.856 5.768 5.680 5.593 5.505 5.386 5.263 5.115 4.966 4.817 4.668 4.518 4.322 4.127 4.126 3.809 3.770 3.731 3.686 3.631 3.576 3.522 3.467 3.503 3.559 3.615 3.644 3.670 3.696 3.722 3.722 3.780 3.820 3.860 3.899 3.939 3.979 4.018 4.102 4.304 4.475 4.646 4.817 4.988 5.159 5.330 6.233 6.233 6.698 7.164 7.629
4.736 4.379 4.021 3.664 3.307 2.949 2.592 2.384 2.384 2.281 2.302 2.707 3.112 3.517 3.922 4.327 4.732 5.137 5.542 5.962 6.488 6.401 6.304 6.207 6.207 6.012 5.917 5.830 5.742 5.654 5.567 5.468 5.334 5.185 5.028 4.832 4.637 4.441 4.246 4.050 4.050 3.724 3.685 3.646 3.607 3.568 3.529 3.480 3.426 3.438 3.484 3.510 3.536 3.562 3.588 3.614 3.614 3.670 3.710 3.750 3.789 3.829 3.869 3.908 3.955 4.016 4.160 4.331 4.502 4.673 4.844 5.015 5.894 5.894 6.359 6.825 7.290
4.588 4.231 3.874 3.517 3.159 2.802 2.447 2.395 2.395 2.292 2.240 2.488 2.893 3.298 3.703 4.108 4.513 4.918 5.323 5.840 6.365 6.524 6.427 6.330 6.330 6.136 6.039 5.941 5.844 5.747 5.650 5.553 5.342 5.147 4.951 4.756 4.560 4.365 4.169 3.974 3.974 3.638 3.600 3.561 3.522 3.483 3.444 3.405 3.366 3.354 3.376 3.402 3.428 3.454 3.480 3.506 3.506 3.560 3.600 3.639 3.679 3.719 3.760 3.809 3.857 3.916 3.978 4.040 4.187 4.358 4.529 4.700 5.555 5.555 6.021 6.475 6.799
4.448 4.084 3.727 3.369 3.012 2.655 2.458 2.406 2.406 2.303 2.251 2.269 2.674 3.079 3.484 3.889 4.294 4.699 5.192 5.718 6.243 6.648 6.550 6.453 6.453 6.259 6.162 6.065 5.967 5.870 5.773 5.553 5.321 5.083 4.875 4.680 4.484 4.289 4.093 3.897 3.897 3.553 3.514 3.475 3.437 3.398 3.359 3.327 3.330 3.330 3.322 3.314 3.320 3.346 3.372 3.398 3.398 3.451 3.490 3.529 3.569 3.613 3.662 3.711 3.760 3.817 3.879 3.941 4.002 4.064 4.214 4.385 5.217 5.216 5.581 5.904 6.228
4.416 3.937 3.579 3.222 2.865 2.521 2.469 2.418 2.417 2.314 2.263 2.211 2.456 2.861 3.266 3.671 4.076 4.545 5.070 5.595 6.121 6.646 6.674 6.576 6.576 6.382 6.285 6.188 6.091 5.994 5.773 5.551 5.322 5.084 4.847 4.609 4.408 4.212 4.017 3.821 3.821 3.468 3.429 3.390 3.351 3.312 3.298 3.301 3.303 3.306 3.298 3.290 3.282 3.274 3.266 3.291 3.290 3.343 3.380 3.419 3.466 3.515 3.564 3.613 3.662 3.718 3.780 3.841 3.903 3.965 4.026 4.088 4.686 4.686 5.010 5.333 5.657
4.384 3.858 3.432 3.075 2.717 2.532 2.480 2.429 2.428 2.325 2.274 2.222 2.237 2.642 3.047 3.452 3.898 4.423 4.948 5.473 5.998 6.523 6.797 6.700 6.700 6.505 6.408 6.311 6.214 5.993 5.771 5.549 5.323 5.085 4.847 4.610 4.372 4.136 3.940 3.744 3.744 3.383 3.344 3.305 3.266 3.268 3.272 3.274 3.277 3.280 3.274 3.266 3.258 3.250 3.242 3.234 3.234 3.235 3.271 3.320 3.369 3.417 3.466 3.515 3.564 3.618 3.680 3.742 3.804 3.865 3.925 3.979 4.115 4.115 4.439 4.762 5.086
4.352 3.826 3.300 2.928 2.595 2.543 2.492 2.440 2.440 2.337 2.285 2.233 2.182 2.423 2.828 3.250 3.775 4.301 4.826 5.351 5.876 6.401 6.920 6.823 6.823 6.629 6.532 6.434 6.214 5.991 5.769 5.547 5.324 5.086 4.848 4.610 4.372 4.135 3.897 3.668 3.668 3.298 3.259 3.237 3.239 3.242 3.245 3.248 3.251 3.254 3.249 3.241 3.233 3.226 3.218 3.210 3.209 3.197 3.207 3.236 3.271 3.320 3.368 3.417 3.466 3.519 3.581 3.643 3.702 3.756 3.810 3.864 3.981 3.981 4.040 4.191 4.515
4.321 3.795 3.268 2.780 2.606 2.554 2.503 2.451 2.451 2.348 2.296 2.244 2.193 2.205 2.610 3.128 3.653 4.178 4.703 5.229 5.754 6.279 6.804 6.946 6.946 6.752 6.655 6.434 6.212 5.990 5.768 5.545 5.323 5.087 4.849 4.611 4.373 4.135 3.898 3.660 3.659 3.213 3.208 3.210 3.213 3.216 3.219 3.222 3.225 3.228 3.225 3.217 3.209 3.201 3.193 3.185 3.185 3.181 3.181 3.209 3.238 3.267 3.296 3.325 3.368 3.420 3.479 3.533 3.587 3.641 3.696 3.750 3.867 3.867 3.926 3.985 4.044
4.351 3.829 3.307 2.814 2.664 2.608 2.553 2.497 2.497 2.385 2.330 2.274 2.218 2.163 2.481 3.006 3.531 4.056 4.581 5.106 5.631 6.157 6.682 7.070 7.069 6.875 6.654 6.432 6.210 5.988 5.766 5.544 5.322 5.087 4.850 4.612 4.374 4.136 3.898 3.661 3.660 3.207 3.191 3.184 3.187 3.190 3.193 3.196 3.199 3.202 3.201 3.193 3.185 3.177 3.169 3.167 3.167 3.165 3.163 3.183 3.212 3.241 3.270 3.298 3.327 3.340 3.365 3.419 3.473 3.527 3.581 3.635 3.753 3.753 3.812 3.871 3.930
4.478 3.956 3.434 3.066 2.783 2.725 2.669 2.613 2.613 2.502 2.446 2.390 2.335 2.288 2.355 2.880 3.406 3.932 4.458 4.983 5.509 6.034 6.559 7.085 7.085 6.874 6.652 6.430 6.208 5.986 5.764 5.542 5.320 5.088 4.850 4.613 4.375 4.137 3.899 3.674 3.673 3.234 3.189 3.182 3.174 3.166 3.167 3.170 3.173 3.176 3.177 3.169 3.161 3.154 3.153 3.151 3.151 3.149 3.147 3.157 3.186 3.215 3.243 3.272 3.300 3.294 3.289 3.304 3.358 3.412 3.466 3.520 3.639 3.638 3.698 3.757 3.816
4.604 4.083 3.601 3.318 3.036 2.841 2.785 2.730 2.729 2.618 2.563 2.507 2.451 2.421 2.391 2.754 3.280 3.806 4.332 4.857 5.383 5.909 6.435 6.961 6.961 6.872 6.650 6.428 6.206 5.984 5.762 5.540 5.318 5.089 4.851 4.613 4.376 4.140 3.920 3.700 3.700 3.260 3.188 3.181 3.173 3.165 3.157 3.150 3.147 3.150 3.153 3.145 3.139 3.138 3.137 3.135 3.135 3.133 3.131 3.131 3.160 3.188 3.217 3.246 3.254 3.249 3.244 3.239 3.244 3.298 3.352 3.406 3.524 3.524 3.583 3.642 3.702
4.731 4.209 3.853 3.571 3.288 3.005 2.902 2.846 2.846 2.735 2.679 2.623 2.583 2.553 2.523 2.628 3.154 3.680 4.205 4.731 5.257 5.783 6.309 6.912 6.912 7.067 6.774 6.480 6.204 5.982 5.760 5.538 5.316 5.090 4.852 4.614 4.386 4.166 3.947 3.727 3.727 3.287 3.187 3.180 3.172 3.164 3.156 3.148 3.141 3.133 3.127 3.125 3.123 3.122 3.121 3.119 3.119 3.117 3.115 3.114 3.133 3.162 3.191 3.214 3.209 3.204 3.199 3.194 3.189 3.183 3.237 3.292 3.410 3.410 3.469 3.526 3.582
4.731 4.209 3.853 3.571 3.288 3.005 2.902 2.846 2.846 2.735 2.679 2.623 2.583 2.553 2.524 2.628 3.154 3.680 4.206 4.731 5.257 5.783 6.309 6.912 6.912 7.067 6.774 6.481 6.204 5.982 5.760 5.538 5.316 5.090 4.852 4.614 4.386 4.167 3.947 3.727 3.727 3.287 3.187 3.180 3.172 3.164 3.156 3.149 3.141 3.133 3.127 3.125 3.123 3.122 3.121 3.120 3.119 3.117 3.115 3.114 3.133 3.162 3.191 3.214 3.209 3.204 3.199 3.194 3.189 3.183 3.237 3.292 3.410 3.410 3.469 3.526 3.582
4.858 4.388 4.105 3.823 3.540 3.257 3.018 2.963 2.962 2.851 2.796 2.745 2.715 2.686 2.656 2.626 3.028 3.554 4.079 4.605 5.131 5.657 6.248 6.868 6.868 7.287 6.993 6.700 6.406 6.113 5.819 5.536 5.314 5.091 4.853 4.633 4.413 4.193 3.973 3.754 3.753 3.314 3.186 3.179 3.171 3.163 3.155 3.147 3.140 3.132 3.117 3.111 3.108 3.106 3.105 3.104 3.103 3.101 3.099 3.098 3.107 3.136 3.165 3.169 3.164 3.159 3.154 3.149 3.143 3.138 3.133 3.178 3.293 3.292 3.349 3.405 3.462
4.985 4.640 4.358 4.075 3.792 3.509 3.227 3.079 3.079 2.968 2.912 2.877 2.848 2.818 2.789 2.759 2.902 3.428 3.953 4.479 5.005 5.584 6.204 6.824 6.824 7.506 7.212 6.919 6.625 6.332 6.039 5.745 5.452 5.073 4.879 4.659 4.440 4.220 4.000 3.780 3.780 3.341 3.185 3.177 3.170 3.162 3.154 3.146 3.135 3.120 3.106 3.098 3.095 3.093 3.090 3.088 3.088 3.085 3.084 3.082 3.081 3.110 3.129 3.124 3.119 3.114 3.108 3.103 3.098 3.093 3.089 3.086 3.172 3.172 3.228 3.285 3.341
5.427 5.145 4.862 4.579 4.297 4.014 3.731 3.448 3.448 3.202 3.172 3.142 3.113 3.083 3.054 3.024 2.994 3.175 3.701 4.256 4.876 5.496 6.116 6.736 6.736 7.944 7.651 7.357 7.064 6.770 6.477 6.004 5.458 4.911 4.622 4.476 4.329 4.183 4.037 3.833 3.833 3.394 3.183 3.175 3.167 3.157 3.143 3.128 3.113 3.098 3.083 3.072 3.070 3.067 3.065 3.062 3.062 3.057 3.055 3.052 3.050 3.044 3.039 3.035 3.031 3.026 3.022 3.017 3.013 3.008 3.004 3.002 3.003 3.003 3.003 3.044 3.100
5.680 5.397 5.114 4.832 4.549 4.266 3.983 3.700 3.700 3.334 3.304 3.275 3.245 3.216 3.186 3.157 3.127 3.097 3.592 4.212 4.832 5.452 6.072 6.692 6.692 7.932 7.870 7.577 7.283 6.990 6.470 5.923 5.377 4.830 4.482 4.336 4.190 4.043 3.897 3.751 3.750 3.421 3.201 3.174 3.161 3.146 3.131 3.117 3.102 3.087 3.072 3.060 3.057 3.055 3.052 3.050 3.049 3.045 3.042 3.039 3.003 2.984 2.995 2.993 2.988 2.984 2.979 2.975 2.970 2.966 2.961 2.960 2.961 2.961 2.961 2.961 2.980
5.758 5.469 5.178 4.889 4.599 4.309 4.018 3.728 3.728 3.378 3.353 3.329 3.304 3.279 3.255 3.230 3.205 3.181 3.541 4.167 4.788 5.408 6.028 6.648 6.648 7.888 8.089 7.796 7.482 6.935 6.389 5.842 5.295 4.749 4.343 4.196 4.050 3.904 3.757 3.611 3.611 3.318 3.186 3.165 3.150 3.135 3.120 3.106 3.091 3.076 3.061 3.047 3.044 3.042 3.039 3.037 3.037 3.032 3.011 2.975 2.939 2.921 2.932 2.943 2.946 2.941 2.937 2.932 2.928 2.923 2.919 2.919 2.919 2.919 2.919 2.919 2.919
5.745 5.455 5.165 4.875 4.585 4.295 4.005 3.715 3.715 3.440 3.381 3.356 3.331 3.307 3.282 3.257 3.233 3.300 3.472 4.097 4.723 5.349 5.975 6.601 6.601 7.844 8.308 7.948 7.401 6.854 6.308 5.761 5.214 4.668 4.203 4.057 3.910 3.764 3.618 3.471 3.471 3.227 3.164 3.139 3.132 3.124 3.109 3.094 3.079 3.065 3.050 3.035 3.032 3.029 3.027 3.024 3.024 2.983 2.947 2.911 2.876 2.858 2.869 2.880 2.890 2.899 2.894 2.890 2.885 2.881 2.877 2.877 2.877 2.877 2.877 2.877 2.877
5.703 5.441 5.151 4.862 4.571 4.281 3.991 3.701 3.701 3.507 3.426 3.384 3.359 3.334 3.310 3.285 3.319 3.421 3.523 4.028 4.654 5.280 5.906 6.532 6.532 7.784 8.259 7.866 7.320 6.773 6.227 5.680 5.133 4.587 4.064 3.917 3.771 3.625 3.478 3.332 3.331 3.205 3.142 3.112 3.104 3.097 3.089 3.082 3.068 3.054 3.039 3.024 3.019 3.017 3.014 2.991 2.990 2.919 2.884 2.848 2.812 2.795 2.806 2.816 2.827 2.838 2.849 2.847 2.843 2.838 2.835 2.835 2.835 2.835 2.835 2.835 2.825
5.571 5.428 5.138 4.848 4.558 4.268 3.978 3.737 3.737 3.575 3.494 3.412 3.386 3.362 3.337 3.338 3.440 3.542 3.644 3.959 4.585 5.211 5.837 6.463 6.463 7.569 7.793 7.559 7.114 6.670 6.145 5.599 5.052 4.506 3.959 3.778 3.631 3.485 3.373 3.310 3.309 3.183 3.120 3.084 3.077 3.069 3.062 3.054 3.047 3.039 3.028 3.013 3.006 2.998 2.963 2.927 2.927 2.856 2.820 2.784 2.749 2.732 2.743 2.753 2.764 2.775 2.786 2.797 2.800 2.796 2.793 2.793 2.793 2.793 2.771 2.747 2.722
5.440 5.333 5.124 4.834 4.544 4.255 3.964 3.805 3.805 3.642 3.561 3.480 3.414 3.389 3.365 3.458 3.560 3.663 3.765 3.890 4.516 5.142 5.768 6.394 6.394 7.103 7.327 7.241 6.797 6.352 5.908 5.463 4.971 4.424 3.878 3.638 3.492 3.414 3.351 3.288 3.287 3.162 3.098 3.057 3.049 3.042 3.034 3.027 3.019 3.012 3.004 2.997 2.970 2.935 2.899 2.863 2.863 2.792 2.756 2.721 2.685 2.669 2.679 2.690 2.701 2.712 2.723 2.733 2.744 2.753 2.751 2.740 2.692 2.692 2.667 2.643 2.619
5.309 5.202 5.096 4.821 4.531 4.241 3.954 3.873 3.873 3.710 3.629 3.547 3.466 3.417 3.477 3.579 3.681 3.783 3.885 3.987 4.447 5.072 5.698 6.190 6.190 6.637 6.861 6.924 6.479 6.035 5.590 5.146 4.701 4.257 3.797 3.518 3.455 3.392 3.329 3.266 3.266 3.140 3.077 3.030 3.022 3.015 3.007 3.000 2.992 2.985 2.972 2.944 2.911 2.872 2.835 2.800 2.799 2.728 2.693 2.657 2.621 2.605 2.616 2.627 2.638 2.649 2.660 2.670 2.681 2.696 2.671 2.637 2.589 2.588 2.564 2.540 2.516
5.178 5.071 4.964 4.807 4.517 4.227 4.022 3.940 3.940 3.778 3.696 3.615 3.540 3.518 3.604 3.700 3.802 3.904 4.006 4.108 4.377 5.003 5.500 5.724 5.724 6.171 6.395 6.606 6.162 5.717 5.273 4.828 4.384 3.939 3.633 3.484 3.433 3.370 3.307 3.244 3.244 3.118 3.055 3.002 2.995 2.987 2.980 2.972 2.965 2.942 2.914 2.886 2.853 2.814 2.776 2.737 2.737 2.665 2.629 2.594 2.558 2.542 2.553 2.564 2.575 2.586 2.596 2.611 2.627 2.643 2.617 2.560 2.485 2.485 2.461 2.437 2.413
5.046 4.940 4.833 4.726 4.504 4.214 4.089 4.008 4.008 3.845 3.804 3.774 3.744 3.715 3.789 3.875 3.961 4.046 4.132 4.229 4.331 4.810 5.034 5.258 5.257 5.705 5.929 6.153 5.844 5.399 4.955 4.511 4.157 3.871 3.585 3.435 3.385 3.334 3.284 3.222 3.222 3.096 3.033 2.975 2.967 2.960 2.952 2.940 2.912 2.884 2.855 2.827 2.795 2.757 2.718 2.679 2.679 2.602 2.566 2.530 2.494 2.479 2.490 2.501 2.512 2.527 2.543 2.559 2.575 2.591 2.563 2.506 2.392 2.392 2.358 2.334 2.310
4.915 4.808 4.702 4.595 4.488 4.238 4.157 4.097 4.097 4.037 4.008 3.978 3.948 3.919 3.975 4.061 4.146 4.232 4.318 4.403 4.548 4.663 4.673 4.792 4.791 5.239 5.463 5.687 5.526 5.082 4.682 4.396 4.110 3.824 3.538 3.386 3.336 3.286 3.235 3.185 3.184 3.074 3.011 2.948 2.940 2.932 2.909 2.881 2.853 2.825 2.797 2.769 2.737 2.699 2.660 2.621 2.621 2.544 2.506 2.467 2.431 2.416 2.427 2.443 2.459 2.475 2.491 2.507 2.523 2.539 2.508 2.451 2.338 2.337 2.281 2.231 2.206
4.827 4.715 4.602 4.490 4.377 4.360 4.331 4.301 4.301 4.241 4.212 4.182 4.152 4.123 4.161 4.246 4.332 4.418 4.503 4.659 4.921 5.133 5.143 5.152 5.152 5.172 5.182 5.221 5.209 4.921 4.635 4.349 4.063 3.776 3.490 3.338 3.288 3.237 3.187 3.136 3.136 3.035 2.985 2.926 2.906 2.878 2.850 2.822 2.794 2.766 2.738 2.710 2.679 2.641 2.602 2.563 2.563 2.486 2.448 2.409 2.370 2.360 2.375 2.391 2.407 2.423 2.439 2.455 2.471 2.487 2.454 2.397 2.283 2.283 2.226 2.169 2.112
4.773 4.660 4.548 4.435 4.425 4.490 4.495 4.501 4.500 4.445 4.416 4.386 4.356 4.326 4.346 4.432 4.518 4.603 4.770 5.033 5.295 5.557 5.612 5.622 5.622 5.642 5.651 5.661 5.259 4.873 4.587 4.301 4.015 3.729 3.443 3.289 3.239 3.189 3.138 3.088 3.087 2.987 2.936 2.895 2.854 2.820 2.792 2.764 2.736 2.708 2.680 2.652 2.621 2.583 2.544 2.505 2.505 2.428 2.390 2.371 2.360 2.350 2.340 2.339 2.355 2.371 2.387 2.403 2.419 2.435 2.400 2.343 2.229 2.229 2.172 2.115 2.058
4.773 4.660 4.548 4.435 4.425 4.490 4.495 4.501 4.500 4.445 4.416 4.386 4.356 4.327 4.346 4.432 4.518 4.603 4.771 5.033 5.295 5.557 5.613 5.622 5.622 5.642 5.652 5.661 5.259 4.874 4.587 4.301 4.015 3.729 3.443 3.290 3.239 3.189 3.138 3.088 3.088 2.987 2.936 2.895 2.854 2.820 2.792 2.764 2.736 2.708 2.680 2.652 2.622 2.583 2.544 2.506 2.505 2.428 2.390 2.372 2.361 2.350 2.341 2.339 2.355 2.371 2.387 2.403 2.419 2.435 2.400 2.343 2.229 2.229 2.172 2.115 2.058
4.718 4.606 4.493 4.458 4.536 4.615 4.624 4.629 4.629 4.640 4.620 4.590 4.560 4.531 4.532 4.618 4.703 4.882 5.144 5.406 5.668 5.930 6.082 6.092 6.092 6.112 6.121 5.891 5.409 4.928 4.540 4.254 3.968 3.682 3.395 3.241 3.191 3.140 3.090 3.039 3.039 2.939 2.901 2.864 2.824 2.783 2.741 2.706 2.678 2.649 2.621 2.593 2.564 2.525 2.486 2.448 2.448 2.384 2.373 2.362 2.351 2.341 2.331 2.322 2.312 2.319 2.335 2.351 2.367 2.383 2.346 2.289 2.175 2.175 2.118 2.063 2.035
4.664 4.551 4.490 4.569 4.648 4.726 4.752 4.758 4.758 4.769 4.774 4.779 4.764 4.735 4.718 4.803 4.993 5.255 5.517 5.779 6.041 6.304 6.552 6.562 6.562 6.581 6.522 6.041 5.559 5.078 4.596 4.206 3.920 3.634 3.348 3.193 3.142 3.092 3.041 2.991 2.990 2.908 2.871 2.833 2.794 2.753 2.711 2.669 2.628 2.591 2.563 2.535 2.506 2.467 2.428 2.397 2.397 2.375 2.364 2.353 2.342 2.331 2.322 2.312 2.303 2.293 2.283 2.299 2.315 2.331 2.291 2.235 2.122 2.122 2.094 2.066 2.038
4.555 4.633 4.712 4.791 4.870 4.949 5.010 5.015 5.015 5.026 5.031 5.037 5.042 5.048 5.068 5.321 5.668 6.001 6.263 6.526 6.788 7.050 7.312 7.501 7.501 7.303 6.822 6.340 5.859 5.378 4.896 4.415 3.933 3.539 3.253 3.095 3.045 2.995 2.958 2.921 2.920 2.846 2.809 2.772 2.734 2.692 2.651 2.609 2.568 2.526 2.484 2.443 2.402 2.400 2.389 2.378 2.377 2.356 2.345 2.334 2.323 2.312 2.303 2.293 2.283 2.274 2.264 2.255 2.245 2.235 2.212 2.184 2.129 2.129 2.101 2.073 2.045
4.666 4.744 4.823 4.902 4.981 5.060 5.139 5.144 5.144 5.155 5.160 5.165 5.171 5.194 5.219 5.387 5.733 6.079 6.425 6.771 7.118 7.423 7.685 7.948 7.948 7.453 6.972 6.490 6.009 5.528 5.046 4.565 4.083 3.602 3.205 3.047 3.001 2.964 2.927 2.890 2.889 2.815 2.778 2.741 2.704 2.662 2.621 2.579 2.537 2.496 2.453 2.410 2.370 2.372 2.374 2.368 2.368 2.346 2.335 2.324 2.313 2.303 2.293 2.284 2.274 2.264 2.255 2.245 2.228 2.209 2.196 2.185 2.132 2.132 2.104 2.077 2.049
4.777 4.856 4.934 5.013 5.092 5.171 5.250 5.273 5.272 5.283 5.289 5.296 5.320 5.345 5.370 5.452 5.798 6.144 6.490 6.837 7.183 7.529 7.875 8.222 8.222 7.608 7.126 6.645 6.163 5.682 5.200 4.718 4.237 3.755 3.273 3.008 2.970 2.933 2.896 2.859 2.859 2.784 2.747 2.710 2.673 2.632 2.590 2.549 2.507 2.463 2.420 2.376 2.338 2.340 2.342 2.343 2.343 2.337 2.326 2.315 2.304 2.293 2.284 2.274 2.265 2.255 2.239 2.220 2.202 2.183 2.170 2.159 2.136 2.136 2.108 2.080 2.052
