includes/camargue/floodfiles/results_R2_t1.562343928288E12/res-0004.wd
ncols         906
nrows         631
xllcorner     362177.146667
yllcorner     6534725.688020
cellsize      20.000000
NODATA_value  -9999.000000
[rows 510 to 543 of 631, columns 154 to 230 of 906]
4.989 4.978 4.961 4.944 4.928 4.838 4.748 4.658 4.568 4.478 4.388 4.298 4.208 4.134 4.094 4.094 4.036 4.009 3.989 3.970 3.951 3.931 3.912 3.892 3.926 3.964 3.990 3.985 3.980 3.975 3.971 3.970 3.960 3.953 3.946 3.939 3.931 3.922 3.910 3.898 3.887 3.875 3.890 3.906 3.923 3.939 3.956 3.956 4.005 4.036 4.053 4.044 4.034 4.024 4.015 4.005 3.996 3.978 3.994 4.044 4.094 4.144 4.194 4.295 4.295 4.345 4.380 4.358 4.337 4.316 4.294 4.273 4.269 4.267 4.265 4.263 4.298
4.969 4.969 4.968 4.951 4.881 4.791 4.701 4.611 4.522 4.437 4.352 4.267 4.182 4.097 4.046 4.046 3.990 3.971 3.951 3.932 3.912 3.893 3.873 3.880 3.918 3.955 3.993 4.030 4.067 4.076 4.071 4.071 4.062 4.055 4.047 4.040 4.028 4.016 4.004 3.993 3.981 3.969 3.957 3.973 3.990 4.006 4.029 4.029 4.090 4.121 4.152 4.160 4.151 4.141 4.131 4.108 4.076 4.044 4.048 4.098 4.147 4.197 4.246 4.346 4.346 4.396 4.445 4.424 4.402 4.397 4.395 4.393 4.391 4.390 4.388 4.386 4.420
4.959 4.959 4.958 4.947 4.861 4.776 4.691 4.607 4.522 4.437 4.353 4.268 4.183 4.108 4.057 4.057 3.971 3.951 3.932 3.913 3.893 3.874 3.854 3.876 3.913 3.951 3.988 4.025 4.062 4.100 4.122 4.122 4.112 4.105 4.098 4.087 4.075 4.063 4.052 4.040 4.028 4.016 4.004 4.006 4.023 4.041 4.071 4.071 4.133 4.164 4.194 4.219 4.209 4.199 4.173 4.141 4.109 4.077 4.076 4.125 4.175 4.224 4.273 4.372 4.372 4.422 4.472 4.462 4.460 4.458 4.456 4.454 4.453 4.451 4.449 4.447 4.481
5.018 5.046 5.074 5.005 4.862 4.777 4.692 4.607 4.522 4.438 4.353 4.268 4.183 4.120 4.069 4.069 3.966 3.932 3.913 3.894 3.874 3.854 3.835 3.872 3.909 3.946 3.983 4.021 4.058 4.095 4.133 4.132 4.162 4.156 4.145 4.134 4.122 4.110 4.099 4.087 4.075 4.063 4.051 4.040 4.056 4.083 4.114 4.114 4.176 4.206 4.237 4.268 4.267 4.238 4.206 4.174 4.142 4.110 4.103 4.152 4.202 4.251 4.301 4.400 4.400 4.449 4.531 4.525 4.521 4.519 4.518 4.516 4.514 4.512 4.510 4.508 4.542
5.171 5.199 5.227 5.083 4.910 4.777 4.693 4.608 4.523 4.438 4.353 4.269 4.184 4.132 4.080 4.081 3.977 3.926 3.894 3.874 3.855 3.835 3.830 3.867 3.905 3.942 3.979 4.016 4.053 4.091 4.128 4.128 4.202 4.204 4.192 4.181 4.169 4.157 4.145 4.133 4.122 4.110 4.098 4.086 4.095 4.126 4.157 4.157 4.222 4.255 4.288 4.320 4.304 4.271 4.239 4.207 4.175 4.143 4.130 4.180 4.229 4.279 4.328 4.442 4.442 4.531 4.621 4.613 4.595 4.581 4.579 4.577 4.575 4.573 4.571 4.570 4.603
5.324 5.352 5.332 5.160 4.987 4.815 4.693 4.608 4.523 4.438 4.354 4.269 4.195 4.143 4.092 4.092 3.989 3.938 3.886 3.855 3.836 3.816 3.825 3.863 3.900 3.937 3.975 4.012 4.049 4.086 4.203 4.203 4.529 4.371 4.352 4.340 4.327 4.315 4.302 4.289 4.277 4.264 4.252 4.239 4.183 4.193 4.226 4.226 4.291 4.324 4.357 4.389 4.357 4.313 4.272 4.240 4.208 4.176 4.158 4.207 4.256 4.306 4.355 4.532 4.532 4.622 4.712 4.701 4.683 4.664 4.645 4.638 4.636 4.634 4.633 4.631 4.663
5.477 5.505 5.409 5.237 5.065 4.893 4.721 4.609 4.524 4.439 4.354 4.269 4.206 4.155 4.104 4.104 4.001 3.949 3.898 3.846 3.816 3.797 3.821 3.858 3.896 3.933 3.970 4.130 4.293 4.456 4.619 4.619 4.849 4.669 4.526 4.513 4.501 4.488 4.476 4.463 4.451 4.438 4.425 4.402 4.335 4.268 4.294 4.294 4.360 4.393 4.425 4.453 4.409 4.365 4.322 4.278 4.241 4.210 4.185 4.234 4.284 4.353 4.443 4.623 4.623 4.712 4.802 4.789 4.771 4.752 4.734 4.715 4.697 4.696 4.694 4.692 4.724
5.630 5.658 5.486 5.314 5.142 4.970 4.798 4.626 4.524 4.440 4.355 4.270 4.218 4.167 4.115 4.115 4.012 3.961 3.909 3.858 3.806 3.779 3.817 3.894 4.057 4.220 4.383 4.546 4.709 4.872 5.035 5.035 5.147 4.967 4.787 4.687 4.675 4.662 4.650 4.637 4.625 4.612 4.599 4.554 4.487 4.421 4.363 4.363 4.429 4.462 4.494 4.505 4.461 4.418 4.374 4.331 4.287 4.243 4.212 4.264 4.354 4.444 4.534 4.713 4.713 4.803 4.893 4.877 4.859 4.840 4.822 4.803 4.784 4.766 4.755 4.753 4.785
5.783 5.735 5.563 5.391 5.219 5.047 4.875 4.703 4.531 4.440 4.355 4.281 4.230 4.179 4.127 4.127 4.024 3.972 3.921 3.871 3.876 3.962 4.147 4.310 4.473 4.636 4.799 4.962 5.125 5.288 5.451 5.451 5.445 5.265 5.085 4.904 4.849 4.836 4.824 4.811 4.798 4.786 4.772 4.706 4.639 4.573 4.506 4.506 4.498 4.530 4.563 4.557 4.514 4.470 4.426 4.383 4.339 4.296 4.289 4.355 4.444 4.534 4.624 4.804 4.804 4.893 4.983 4.965 4.947 4.928 4.910 4.891 4.872 4.854 4.836 4.817 4.869
5.936 5.812 5.640 5.468 5.296 5.124 4.952 4.780 4.608 4.441 4.356 4.293 4.241 4.190 4.139 4.139 4.103 4.108 4.113 4.118 4.122 4.291 4.549 4.726 4.889 5.052 5.215 5.378 5.541 5.704 5.867 5.867 5.743 5.563 5.382 5.202 5.023 5.010 4.998 4.985 4.972 4.960 4.925 4.858 4.792 4.725 4.659 4.658 4.566 4.599 4.632 4.610 4.566 4.522 4.479 4.435 4.432 4.432 4.434 4.488 4.544 4.625 4.714 4.894 4.894 4.984 5.072 5.054 5.035 5.016 4.998 4.979 4.961 4.942 4.961 5.003 5.035
6.062 5.890 5.717 5.545 5.373 5.201 5.029 4.857 4.685 4.513 4.356 4.326 4.331 4.336 4.341 4.341 4.350 4.355 4.360 4.365 4.369 4.621 4.878 5.135 5.305 5.468 5.631 5.794 5.957 6.120 6.283 6.283 6.041 5.861 5.680 5.500 5.320 5.184 5.171 5.159 5.146 5.134 5.077 5.010 4.944 4.877 4.811 4.811 4.677 4.668 4.701 4.662 4.618 4.576 4.576 4.575 4.575 4.574 4.578 4.633 4.688 4.743 4.805 4.985 4.984 5.074 5.160 5.141 5.123 5.104 5.086 5.067 5.091 5.132 5.174 5.215 5.245
6.139 5.967 5.795 5.623 5.450 5.278 5.108 5.057 5.006 4.955 4.814 4.573 4.578 4.583 4.587 4.587 4.597 4.602 4.607 4.612 4.694 4.951 5.208 5.465 5.721 5.884 6.047 6.210 6.373 6.536 6.699 6.699 6.339 6.159 5.978 5.798 5.617 5.437 5.345 5.333 5.320 5.296 5.229 5.163 5.096 5.029 4.963 4.963 4.830 4.763 4.757 4.720 4.719 4.718 4.718 4.717 4.717 4.716 4.723 4.778 4.833 4.888 4.943 5.075 5.075 5.165 5.248 5.229 5.211 5.192 5.220 5.261 5.303 5.344 5.386 5.426 5.456
6.216 6.044 5.961 5.910 5.859 5.808 5.757 5.705 5.654 5.603 5.369 5.041 4.825 4.830 4.834 4.834 4.844 4.849 4.853 4.858 5.024 5.281 5.538 5.795 6.052 6.300 6.463 6.626 6.789 6.952 6.997 6.998 6.637 6.457 6.276 6.096 5.916 5.735 5.555 5.507 5.494 5.448 5.382 5.315 5.248 5.182 5.115 5.115 4.988 4.948 4.894 4.862 4.861 4.860 4.860 4.859 4.858 4.858 4.867 4.922 4.977 5.033 5.088 5.198 5.198 5.255 5.336 5.317 5.349 5.391 5.432 5.473 5.515 5.556 5.598 5.637 5.667
6.712 6.661 6.609 6.558 6.507 6.456 6.405 6.354 6.303 6.252 5.924 5.596 5.268 5.076 5.081 5.081 5.091 5.096 5.100 5.105 5.354 5.611 5.867 6.124 6.381 6.638 6.879 7.042 7.205 7.368 7.296 7.296 6.935 6.755 6.574 6.394 6.213 6.033 5.853 5.681 5.667 5.600 5.534 5.467 5.415 5.375 5.335 5.335 5.255 5.215 5.155 5.074 5.003 5.003 5.002 5.001 5.001 5.000 5.012 5.067 5.122 5.177 5.232 5.343 5.343 5.398 5.475 5.520 5.561 5.603 5.644 5.686 5.727 5.769 5.810 5.848 5.877
6.712 6.661 6.609 6.558 6.507 6.456 6.405 6.354 6.302 6.251 5.924 5.596 5.267 5.076 5.081 5.081 5.091 5.095 5.100 5.105 5.353 5.610 5.867 6.124 6.381 6.638 6.879 7.042 7.205 7.368 7.295 7.295 6.935 6.754 6.574 6.394 6.213 6.033 5.852 5.680 5.666 5.600 5.533 5.467 5.414 5.374 5.334 5.334 5.254 5.215 5.155 5.073 5.003 5.003 5.002 5.001 5.000 5.000 5.012 5.067 5.122 5.177 5.232 5.343 5.343 5.398 5.475 5.520 5.561 5.603 5.644 5.686 5.727 5.769 5.810 5.848 5.877
7.307 7.309 7.258 7.206 7.155 7.104 7.053 7.002 6.951 6.808 6.479 6.151 5.822 5.494 5.328 5.328 5.337 5.342 5.347 5.426 5.683 5.940 6.197 6.454 6.711 6.968 7.225 7.458 7.621 7.774 7.593 7.593 7.233 7.052 6.872 6.692 6.511 6.331 6.150 5.970 5.841 5.801 5.761 5.721 5.681 5.641 5.601 5.601 5.521 5.482 5.416 5.335 5.253 5.171 5.144 5.143 5.142 5.142 5.156 5.211 5.266 5.322 5.377 5.512 5.512 5.599 5.675 5.728 5.774 5.815 5.856 5.898 5.939 5.981 6.022 6.058 6.088
7.781 7.923 7.906 7.855 7.804 7.752 7.701 7.650 7.599 7.363 7.034 6.706 6.377 6.049 5.721 5.721 5.584 5.589 5.594 5.756 6.013 6.270 6.527 6.784 7.041 7.298 7.554 7.812 8.037 8.072 7.891 7.892 7.531 7.350 7.170 6.989 6.808 6.628 6.447 6.267 6.148 6.068 6.028 5.988 5.948 5.908 5.868 5.868 5.788 5.749 5.678 5.596 5.514 5.433 5.351 5.285 5.285 5.284 5.301 5.356 5.411 5.466 5.544 5.718 5.718 5.805 5.876 5.929 5.982 6.027 6.069 6.110 6.152 6.193 6.235 6.269 6.298
8.729 8.871 9.013 9.151 9.100 9.049 8.998 8.946 8.801 8.473 8.145 7.816 7.488 7.159 6.831 6.831 6.174 6.083 6.159 6.416 6.673 6.930 7.187 7.431 7.653 7.876 8.098 8.321 8.527 8.579 8.485 8.485 8.124 7.943 7.763 7.582 7.401 7.221 7.040 6.903 6.800 6.696 6.593 6.522 6.482 6.442 6.403 6.403 6.323 6.282 6.200 6.119 6.037 5.956 5.874 5.792 5.711 5.629 5.609 5.696 5.783 5.869 5.956 6.130 6.130 6.217 6.277 6.330 6.383 6.436 6.489 6.535 6.576 6.618 6.659 6.690 6.720
9.203 9.345 9.487 9.629 9.748 9.697 9.646 9.595 9.357 9.028 8.700 8.372 8.043 7.715 7.386 7.386 6.729 6.401 6.488 6.711 6.933 7.156 7.379 7.601 7.824 8.047 8.269 8.492 8.635 8.687 8.739 8.739 8.420 8.240 8.059 7.879 7.698 7.517 7.337 7.229 7.125 7.022 6.919 6.815 6.749 6.709 6.670 6.670 6.590 6.543 6.462 6.380 6.299 6.217 6.135 6.054 5.972 5.891 5.842 5.914 5.988 6.075 6.162 6.336 6.336 6.423 6.478 6.531 6.584 6.636 6.689 6.742 6.788 6.830 6.871 6.901 6.930
9.677 9.819 9.961 10.103 10.245 10.346 10.294 10.240 9.912 9.583 9.255 8.927 8.598 8.270 7.922 7.922 7.091 6.675 6.679 6.882 7.104 7.327 7.550 7.772 7.995 8.218 8.440 8.663 8.742 8.794 8.846 8.846 8.717 8.536 8.356 8.175 7.994 7.814 7.658 7.554 7.451 7.348 7.244 7.141 7.038 6.977 6.937 6.937 6.857 6.805 6.723 6.642 6.560 6.478 6.397 6.316 6.235 6.154 6.078 6.150 6.221 6.293 6.368 6.542 6.542 6.626 6.679 6.731 6.784 6.837 6.890 6.943 6.995 7.042 7.082 7.111 7.141
10.150 10.292 10.435 10.577 10.719 10.861 10.942 10.795 10.467 10.139 9.778 9.362 8.947 8.531 8.116 8.116 7.285 6.986 7.019 7.052 7.275 7.498 7.721 7.943 8.166 8.388 8.611 8.797 8.849 8.902 8.954 8.954 9.013 8.833 8.652 8.472 8.291 8.110 7.983 7.880 7.777 7.673 7.570 7.467 7.364 7.260 7.204 7.204 7.124 7.066 6.984 6.903 6.821 6.740 6.659 6.578 6.497 6.416 6.336 6.386 6.458 6.529 6.601 6.748 6.748 6.826 6.879 6.932 6.985 7.038 7.091 7.143 7.196 7.249 7.293 7.317 7.340
10.624 10.766 10.908 11.050 11.192 11.334 11.405 11.218 10.803 10.387 9.972 9.556 9.141 8.725 8.310 8.310 7.479 7.325 7.358 7.391 7.446 7.669 7.891 8.114 8.337 8.559 8.782 8.905 8.957 9.009 9.061 9.061 9.166 9.129 8.949 8.768 8.587 8.412 8.309 8.206 8.102 7.999 7.896 7.793 7.689 7.586 7.483 7.483 7.391 7.327 7.246 7.164 7.083 7.002 6.921 6.841 6.760 6.679 6.598 6.622 6.694 6.766 6.837 6.980 6.980 7.077 7.133 7.188 7.244 7.299 7.355 7.410 7.466 7.512 7.501 7.514 7.537
11.098 11.240 11.376 11.343 11.309 11.276 11.243 11.189 10.997 10.581 10.166 9.751 9.335 8.920 8.504 8.504 7.673 7.665 7.698 7.731 7.764 7.840 8.062 8.285 8.508 8.730 8.953 9.012 9.064 9.116 9.169 9.169 9.273 9.325 9.245 9.065 8.884 8.738 8.635 8.531 8.428 8.325 8.222 8.118 8.015 7.912 7.808 7.808 7.658 7.589 7.507 7.426 7.346 7.265 7.184 7.103 7.022 6.941 6.861 6.859 6.930 7.002 7.074 7.247 7.247 7.355 7.426 7.482 7.537 7.593 7.649 7.704 7.747 7.727 7.716 7.727 7.738
11.280 11.247 11.214 11.181 11.147 11.114 11.077 11.021 10.965 10.776 10.360 9.945 9.529 9.114 8.698 8.698 7.972 8.004 8.037 8.070 8.103 8.136 8.233 8.456 8.678 8.901 9.067 9.119 9.172 9.224 9.276 9.276 9.381 9.433 9.485 9.361 9.180 9.064 8.960 8.857 8.754 8.651 8.547 8.444 8.341 8.237 8.134 8.134 7.927 7.851 7.770 7.689 7.608 7.527 7.446 7.366 7.285 7.204 7.123 7.095 7.167 7.238 7.310 7.520 7.520 7.628 7.720 7.776 7.831 7.887 7.942 7.982 7.962 7.942 7.931 7.942 7.953
11.118 11.085 11.052 11.019 10.986 10.952 10.910 10.853 10.797 10.741 10.554 10.139 9.723 9.308 8.893 8.893 8.311 8.344 8.377 8.410 8.443 8.476 8.509 8.627 8.849 9.072 9.175 9.227 9.279 9.331 9.383 9.384 9.488 9.540 9.592 9.644 9.493 9.390 9.286 9.183 9.080 8.967 8.828 8.689 8.550 8.411 8.272 8.272 8.031 7.996 7.962 7.928 7.871 7.790 7.709 7.628 7.547 7.467 7.386 7.331 7.403 7.475 7.576 7.793 7.793 7.901 8.009 8.069 8.125 8.180 8.217 8.197 8.177 8.157 8.146 8.157 8.168
10.956 10.923 10.890 10.857 10.824 10.791 10.742 10.686 10.630 10.573 10.517 10.333 9.918 9.502 9.087 9.087 8.651 8.684 8.717 8.749 8.782 8.815 8.848 8.881 9.020 9.230 9.282 9.334 9.387 9.439 9.491 9.491 9.595 9.644 9.674 9.703 9.689 9.550 9.411 9.272 9.133 8.994 8.855 8.716 8.577 8.438 8.299 8.299 8.116 8.081 8.047 8.013 7.979 7.946 7.912 7.878 7.810 7.729 7.649 7.568 7.640 7.741 7.849 8.066 8.066 8.174 8.282 8.363 8.418 8.452 8.432 8.413 8.393 8.373 8.361 8.372 8.383
10.794 10.761 10.728 10.695 10.662 10.629 10.574 10.518 10.462 10.406 10.349 10.293 10.112 9.696 9.281 9.281 8.990 9.023 9.056 9.089 9.122 9.155 9.188 9.221 9.254 9.337 9.384 9.413 9.443 9.473 9.502 9.502 9.562 9.591 9.621 9.648 9.649 9.577 9.438 9.299 9.160 9.021 8.882 8.743 8.604 8.465 8.326 8.326 8.201 8.166 8.132 8.098 8.064 8.030 7.997 7.963 7.929 7.895 7.861 7.828 7.905 8.013 8.122 8.339 8.339 8.447 8.555 8.657 8.687 8.667 8.648 8.628 8.608 8.588 8.576 8.587 8.598
10.632 10.599 10.566 10.533 10.500 10.463 10.407 10.350 10.294 10.238 10.182 10.125 10.069 9.891 9.475 9.475 9.330 9.363 9.396 9.428 9.461 9.483 9.492 9.501 9.510 9.328 9.331 9.360 9.390 9.420 9.449 9.450 9.509 9.538 9.568 9.581 9.582 9.583 9.464 9.325 9.186 9.047 8.908 8.769 8.630 8.491 8.357 8.356 8.287 8.252 8.217 8.183 8.149 8.115 8.081 8.048 8.014 7.980 7.946 7.963 8.047 8.165 8.283 8.519 8.519 8.637 8.755 8.868 8.903 8.883 8.863 8.843 8.823 8.803 8.791 8.802 8.813
10.471 10.437 10.404 10.371 10.338 10.295 10.239 10.183 10.126 10.070 10.014 9.958 9.901 9.845 9.669 9.669 9.663 9.672 9.681 9.690 9.700 9.709 9.718 9.727 9.682 9.463 9.278 9.308 9.337 9.367 9.397 9.397 9.456 9.486 9.514 9.515 9.515 9.516 9.491 9.352 9.213 9.074 8.935 8.796 8.657 8.518 8.442 8.442 8.372 8.337 8.302 8.268 8.234 8.200 8.166 8.132 8.099 8.065 8.046 8.118 8.191 8.294 8.412 8.648 8.648 8.766 8.884 8.976 9.037 9.098 9.078 9.058 9.038 9.018 9.006 9.017 9.027
10.155 10.276 10.242 10.209 10.176 10.127 10.071 10.015 9.959 9.902 9.846 9.790 9.738 9.710 9.722 9.722 9.889 9.898 9.907 9.916 9.925 9.934 9.943 9.952 9.818 9.598 9.379 9.255 9.284 9.314 9.344 9.344 9.403 9.433 9.447 9.448 9.449 9.450 9.451 9.379 9.240 9.101 8.962 8.823 8.684 8.562 8.527 8.527 8.457 8.422 8.387 8.353 8.319 8.285 8.251 8.217 8.183 8.150 8.202 8.275 8.347 8.424 8.542 8.778 8.778 8.896 9.014 9.085 9.146 9.207 9.268 9.273 9.253 9.233 9.221 9.231 9.242
10.155 10.275 10.242 10.209 10.176 10.127 10.071 10.015 9.959 9.902 9.846 9.790 9.738 9.710 9.721 9.722 9.888 9.898 9.907 9.916 9.925 9.934 9.943 9.952 9.817 9.598 9.379 9.255 9.284 9.314 9.344 9.344 9.403 9.433 9.447 9.448 9.449 9.450 9.451 9.379 9.240 9.101 8.962 8.823 8.684 8.562 8.527 8.527 8.457 8.422 8.387 8.352 8.319 8.285 8.251 8.217 8.183 8.149 8.202 8.274 8.347 8.424 8.542 8.778 8.778 8.896 9.014 9.085 9.146 9.206 9.267 9.273 9.253 9.233 9.221 9.231 9.242
9.693 9.894 10.080 10.047 10.014 9.960 9.903 9.847 9.791 9.750 9.723 9.695 9.668 9.641 9.725 9.725 10.114 10.123 10.132 10.141 10.150 10.159 10.168 10.172 9.953 9.733 9.514 9.294 9.231 9.261 9.291 9.291 9.350 9.380 9.381 9.381 9.382 9.383 9.384 9.385 9.266 9.127 8.988 8.849 8.710 8.647 8.612 8.612 8.542 8.508 8.473 8.438 8.403 8.370 8.336 8.302 8.268 8.285 8.358 8.431 8.503 8.577 8.671 8.907 8.907 9.025 9.132 9.193 9.254 9.315 9.376 9.437 9.468 9.448 9.435 9.446 9.457
9.231 9.432 9.633 9.835 9.848 9.792 9.762 9.735 9.708 9.681 9.653 9.626 9.599 9.571 9.728 9.728 10.220 10.348 10.357 10.366 10.375 10.384 10.393 10.307 10.088 9.868 9.649 9.430 9.210 9.208 9.238 9.238 9.297 9.313 9.314 9.315 9.316 9.317 9.317 9.318 9.293 9.154 9.015 8.876 8.768 8.733 8.698 8.698 8.628 8.593 8.558 8.523 8.488 8.454 8.421 8.387 8.368 8.441 8.514 8.587 8.659 8.733 8.805 9.037 9.037 9.155 9.240 9.301 9.362 9.423 9.484 9.545 9.606 9.663 9.650 9.661 9.617
8.402 8.713 9.025 9.336 9.499 9.585 9.624 9.596 9.569 9.542 9.515 9.487 9.460 9.489 9.735 9.735 10.227 10.472 10.718 10.816 10.825 10.834 10.797 10.578 10.358 10.139 9.920 9.700 9.481 9.261 9.133 9.133 9.180 9.180 9.181 9.182 9.183 9.184 9.184 9.185 9.186 9.187 9.069 8.973 8.938 8.903 8.868 8.868 8.799 8.764 8.729 8.694 8.659 8.624 8.590 8.607 8.680 8.753 8.826 8.899 8.972 9.045 9.118 9.296 9.296 9.395 9.456 9.517 9.578 9.639 9.635 9.625 9.616 9.607 9.643 9.718 9.704
