includes/camargue/floodfiles/results_R2_t1.562343928288E12/res-0010.wd
ncols         906
nrows         631
xllcorner     362177.146667
yllcorner     6534725.688020
cellsize      20.000000
NODATA_value  -9999.000000
[rows 442 to 475 of 631, columns 770 to 846 of 906]
0.011 0.011 0.012 0.012 0.012 0.013 0.013 0.013 0.014 0.014 0.013 0.027 0.017 0.024 0.046 0.085 0.135 0.188 0.237 0.287 0.337 0.387 0.438 0.488 0.540 0.592 0.644 0.748 0.748 0.799 0.851 0.914 0.990 1.067 1.143 1.220 1.297 1.390 1.505 1.621 1.736 1.851 1.953 2.045 2.045 2.229 2.321 2.413 2.506 2.598 2.690 2.782 2.869 2.954 3.040 3.125 3.210 3.295 3.381 3.497 3.497 3.879 4.070 4.261 4.452 4.644 4.835 5.077 5.332 5.586 5.841 6.096 6.350 6.605 6.859 7.114 7.114
0.006 0.006 0.006 0.007 0.007 0.007 0.007 0.007 0.008 0.008 0.007 0.017 0.011 0.018 0.041 0.083 0.133 0.186 0.236 0.286 0.336 0.386 0.437 0.487 0.539 0.591 0.643 0.747 0.747 0.798 0.850 0.913 0.989 1.066 1.143 1.219 1.296 1.390 1.505 1.620 1.736 1.851 1.952 2.044 2.044 2.229 2.321 2.413 2.505 2.597 2.690 2.782 2.869 2.954 3.039 3.124 3.210 3.295 3.380 3.496 3.496 3.879 4.070 4.261 4.452 4.643 4.835 5.077 5.332 5.586 5.841 6.095 6.350 6.605 6.859 7.114 7.114
0.006 0.006 0.006 0.007 0.007 0.007 0.007 0.007 0.007 0.008 0.007 0.020 0.014 0.032 0.070 0.119 0.173 0.228 0.283 0.335 0.385 0.436 0.486 0.538 0.589 0.641 0.693 0.798 0.797 0.863 0.940 1.016 1.093 1.170 1.246 1.323 1.400 1.498 1.613 1.729 1.844 1.959 2.075 2.188 2.188 2.372 2.464 2.557 2.649 2.741 2.833 2.925 3.013 3.098 3.184 3.269 3.354 3.439 3.554 3.745 3.745 4.127 4.318 4.510 4.701 4.892 5.083 5.305 5.560 5.814 6.069 6.324 6.578 6.833 7.088 7.342 7.342
0.005 0.005 0.005 0.005 0.006 0.006 0.006 0.006 0.006 0.007 0.006 0.029 0.025 0.057 0.106 0.160 0.214 0.270 0.325 0.381 0.435 0.486 0.537 0.588 0.640 0.692 0.744 0.890 0.890 0.966 1.043 1.120 1.197 1.273 1.350 1.427 1.504 1.607 1.722 1.837 1.953 2.068 2.183 2.299 2.299 2.516 2.608 2.700 2.792 2.884 2.977 3.069 3.157 3.242 3.328 3.413 3.498 3.611 3.802 3.993 3.993 4.376 4.567 4.758 4.949 5.141 5.332 5.533 5.788 6.043 6.297 6.552 6.807 7.062 7.316 7.555 7.555
0.006 0.006 0.007 0.007 0.007 0.007 0.007 0.007 0.008 0.008 0.014 0.085 0.083 0.135 0.189 0.244 0.300 0.355 0.411 0.467 0.523 0.578 0.635 0.714 0.791 0.868 0.944 1.098 1.098 1.174 1.251 1.328 1.404 1.481 1.558 1.635 1.712 1.824 1.940 2.055 2.170 2.286 2.401 2.517 2.516 2.747 2.863 2.978 3.080 3.172 3.264 3.356 3.446 3.531 3.616 3.726 3.917 4.108 4.300 4.491 4.491 4.873 5.065 5.256 5.447 5.638 5.829 6.021 6.245 6.500 6.755 7.008 7.263 7.518 7.712 7.897 7.897
0.006 0.006 0.007 0.007 0.007 0.007 0.007 0.008 0.008 0.012 0.030 0.124 0.123 0.176 0.231 0.286 0.342 0.398 0.453 0.509 0.568 0.654 0.741 0.819 0.894 0.971 1.048 1.201 1.201 1.278 1.355 1.432 1.508 1.585 1.662 1.738 1.818 1.933 2.048 2.164 2.279 2.394 2.510 2.625 2.625 2.856 2.971 3.087 3.202 3.316 3.408 3.500 3.590 3.675 3.783 3.975 4.166 4.357 4.548 4.739 4.740 5.122 5.313 5.504 5.696 5.887 6.078 6.269 6.473 6.728 6.982 7.237 7.492 7.699 7.884 8.069 8.069
0.006 0.006 0.006 0.007 0.007 0.007 0.007 0.008 0.009 0.024 0.059 0.164 0.163 0.218 0.273 0.328 0.384 0.440 0.501 0.587 0.674 0.761 0.847 0.924 0.999 1.075 1.151 1.305 1.305 1.382 1.458 1.535 1.612 1.689 1.765 1.842 1.926 2.041 2.157 2.272 2.388 2.503 2.618 2.734 2.734 2.965 3.080 3.196 3.311 3.427 3.542 3.644 3.734 3.841 4.032 4.223 4.414 4.606 4.797 4.988 4.988 5.371 5.562 5.753 5.944 6.135 6.327 6.518 6.709 6.956 7.211 7.466 7.686 7.871 8.056 8.241 8.241
0.006 0.006 0.006 0.006 0.007 0.007 0.007 0.008 0.017 0.049 0.096 0.205 0.204 0.259 0.314 0.370 0.434 0.520 0.607 0.693 0.780 0.867 0.953 1.029 1.104 1.180 1.255 1.409 1.408 1.485 1.562 1.639 1.716 1.792 1.869 1.946 2.035 2.150 2.265 2.381 2.496 2.612 2.727 2.842 2.842 3.073 3.189 3.304 3.420 3.535 3.651 3.766 3.898 4.089 4.281 4.472 4.663 4.854 5.045 5.237 5.237 5.619 5.810 6.002 6.193 6.384 6.576 6.767 6.958 7.185 7.439 7.672 7.857 8.042 8.227 8.412 8.412
0.006 0.006 0.006 0.006 0.006 0.007 0.007 0.012 0.037 0.084 0.136 0.246 0.245 0.301 0.366 0.453 0.540 0.626 0.713 0.800 0.886 0.973 1.058 1.134 1.209 1.285 1.361 1.512 1.512 1.589 1.666 1.742 1.819 1.896 1.973 2.050 2.143 2.259 2.374 2.489 2.605 2.720 2.836 2.951 2.951 3.182 3.298 3.413 3.529 3.644 3.821 4.005 4.160 4.321 4.515 4.708 4.901 5.095 5.288 5.481 5.481 5.868 6.059 6.250 6.441 6.632 6.824 7.016 7.207 7.413 7.659 7.844 8.028 8.214 8.399 8.584 8.583
0.006 0.006 0.006 0.006 0.006 0.006 0.008 0.025 0.068 0.123 0.176 0.300 0.299 0.385 0.472 0.558 0.645 0.732 0.819 0.906 0.993 1.080 1.163 1.239 1.315 1.390 1.466 1.617 1.617 1.693 1.769 1.846 1.923 2.000 2.076 2.153 2.252 2.367 2.483 2.598 2.714 2.829 2.944 3.060 3.060 3.291 3.406 3.560 3.744 3.927 4.111 4.294 4.431 4.558 4.745 4.938 5.131 5.325 5.518 5.712 5.712 6.098 6.292 6.485 6.678 6.872 7.065 7.259 7.452 7.646 7.829 8.014 8.200 8.385 8.570 8.755 8.755
0.006 0.006 0.006 0.006 0.006 0.008 0.020 0.054 0.106 0.163 0.232 0.405 0.404 0.491 0.578 0.665 0.752 0.839 0.926 1.012 1.100 1.187 1.269 1.344 1.420 1.495 1.571 1.722 1.722 1.798 1.873 1.950 2.026 2.103 2.180 2.257 2.360 2.476 2.591 2.707 2.822 2.938 3.053 3.169 3.169 3.483 3.666 3.849 4.033 4.216 4.400 4.575 4.702 4.829 4.975 5.168 5.362 5.555 5.748 5.942 5.942 6.329 6.522 6.716 6.909 7.102 7.296 7.489 7.683 7.800 7.919 8.115 8.310 8.506 8.702 8.898 8.898
0.006 0.006 0.006 0.006 0.008 0.021 0.056 0.105 0.164 0.250 0.337 0.510 0.510 0.597 0.684 0.771 0.858 0.945 1.032 1.119 1.206 1.293 1.374 1.449 1.525 1.601 1.676 1.828 1.828 1.903 1.979 2.054 2.130 2.207 2.284 2.360 2.469 2.584 2.700 2.815 2.931 3.046 3.222 3.405 3.405 3.772 3.955 4.139 4.322 4.506 4.689 4.846 4.972 5.100 5.226 5.398 5.592 5.785 5.979 6.172 6.172 6.559 6.753 6.946 7.139 7.333 7.526 7.720 7.888 7.947 8.006 8.197 8.393 8.588 8.784 8.980 8.980
0.006 0.006 0.006 0.008 0.022 0.057 0.107 0.180 0.254 0.343 0.438 0.617 0.616 0.703 0.790 0.877 0.964 1.052 1.139 1.226 1.313 1.400 1.479 1.555 1.630 1.706 1.781 1.933 1.933 2.008 2.084 2.159 2.235 2.311 2.387 2.464 2.578 2.693 2.808 2.960 3.144 3.327 3.511 3.694 3.694 4.061 4.245 4.428 4.612 4.795 4.979 5.116 5.243 5.370 5.497 5.629 5.822 6.015 6.209 6.402 6.402 6.789 6.982 7.176 7.369 7.562 7.756 7.949 8.034 8.093 8.152 8.279 8.475 8.671 8.866 9.062 9.062
0.006 0.007 0.008 0.022 0.058 0.121 0.195 0.270 0.345 0.436 0.532 0.723 0.723 0.810 0.897 0.984 1.071 1.158 1.245 1.332 1.420 1.507 1.584 1.660 1.735 1.811 1.887 2.038 2.038 2.113 2.189 2.265 2.340 2.416 2.491 2.571 2.699 2.883 3.066 3.250 3.433 3.617 3.800 3.984 3.984 4.351 4.534 4.718 4.901 5.085 5.260 5.387 5.514 5.641 5.768 5.895 6.052 6.246 6.439 6.632 6.632 7.019 7.213 7.406 7.600 7.793 7.986 8.122 8.181 8.240 8.299 8.360 8.556 8.752 8.948 9.143 9.143
0.007 0.008 0.023 0.065 0.136 0.211 0.286 0.361 0.436 0.530 0.626 0.818 0.818 0.914 1.003 1.090 1.178 1.265 1.352 1.439 1.526 1.613 1.689 1.765 1.841 1.916 1.992 2.143 2.143 2.219 2.294 2.370 2.445 2.521 2.650 2.806 2.989 3.172 3.355 3.539 3.722 3.906 4.090 4.273 4.273 4.640 4.823 5.007 5.191 5.374 5.531 5.658 5.785 5.912 6.039 6.166 6.293 6.476 6.670 6.863 6.863 7.250 7.443 7.637 7.830 8.023 8.210 8.269 8.328 8.387 8.446 8.504 8.638 8.834 9.030 9.226 9.226
0.009 0.024 0.078 0.151 0.227 0.302 0.377 0.452 0.528 0.624 0.720 0.912 0.912 1.008 1.105 1.197 1.284 1.371 1.458 1.546 1.633 1.718 1.794 1.870 1.946 2.021 2.097 2.248 2.248 2.324 2.399 2.492 2.639 2.786 2.932 3.096 3.278 3.461 3.645 3.828 4.012 4.195 4.379 4.562 4.562 4.929 5.113 5.296 5.480 5.664 5.802 5.929 6.056 6.183 6.310 6.437 6.563 6.706 6.899 7.092 7.092 7.479 7.673 7.866 8.061 8.254 8.357 8.416 8.475 8.534 8.592 8.651 8.720 8.916 9.112 9.308 9.308
0.036 0.094 0.167 0.242 0.318 0.393 0.468 0.544 0.622 0.718 0.814 1.007 1.006 1.102 1.199 1.295 1.391 1.478 1.565 1.652 1.740 1.824 1.899 1.975 2.051 2.126 2.202 2.353 2.353 2.482 2.628 2.775 2.921 3.068 3.215 3.386 3.569 3.751 3.934 4.118 4.301 4.485 4.668 4.852 4.852 5.219 5.402 5.586 5.769 5.945 6.072 6.199 6.326 6.453 6.580 6.708 6.835 6.962 7.130 7.323 7.323 7.710 7.903 8.097 8.290 8.445 8.503 8.562 8.621 8.680 8.738 8.797 8.857 8.998 9.194 9.390 9.390
0.032 0.092 0.166 0.241 0.316 0.392 0.467 0.543 0.621 0.717 0.813 1.006 1.005 1.102 1.198 1.294 1.390 1.477 1.564 1.652 1.739 1.823 1.899 1.974 2.050 2.126 2.201 2.353 2.353 2.481 2.628 2.774 2.921 3.068 3.214 3.385 3.568 3.751 3.933 4.117 4.301 4.484 4.668 4.851 4.851 5.218 5.402 5.585 5.769 5.945 6.072 6.199 6.326 6.453 6.580 6.708 6.835 6.962 7.130 7.323 7.323 7.710 7.903 8.097 8.290 8.445 8.503 8.562 8.621 8.680 8.738 8.797 8.856 8.997 9.193 9.389 9.389
0.104 0.179 0.254 0.330 0.406 0.482 0.558 0.634 0.715 0.811 0.907 1.100 1.099 1.196 1.292 1.388 1.484 1.581 1.671 1.758 1.845 1.928 2.004 2.079 2.155 2.231 2.323 2.617 2.617 2.763 2.910 3.057 3.203 3.350 3.497 3.676 3.858 4.041 4.224 4.406 4.590 4.774 4.957 5.141 5.141 5.508 5.691 5.875 6.058 6.216 6.343 6.470 6.597 6.724 6.851 6.978 7.105 7.232 7.359 7.553 7.553 7.939 8.134 8.327 8.521 8.591 8.650 8.709 8.768 8.827 8.885 8.944 9.003 9.080 9.275 9.471 9.471
0.193 0.268 0.345 0.421 0.497 0.573 0.649 0.725 0.808 0.905 1.001 1.194 1.194 1.290 1.386 1.482 1.579 1.675 1.771 1.865 1.952 2.033 2.109 2.185 2.312 2.459 2.606 2.899 2.899 3.046 3.193 3.339 3.486 3.633 3.783 3.966 4.149 4.331 4.514 4.697 4.879 5.063 5.247 5.430 5.430 5.797 5.981 6.164 6.348 6.486 6.614 6.741 6.868 6.995 7.122 7.249 7.376 7.503 7.630 7.783 7.783 8.170 8.363 8.557 8.679 8.737 8.796 8.855 8.915 8.974 9.032 9.091 9.150 9.209 9.357 9.553 9.553
0.341 0.443 0.529 0.605 0.681 0.757 0.834 0.910 0.997 1.094 1.190 1.383 1.382 1.479 1.575 1.671 1.768 1.864 1.961 2.087 2.227 2.424 2.584 2.731 2.878 3.025 3.171 3.465 3.465 3.611 3.758 3.905 4.052 4.198 4.365 4.547 4.730 4.912 5.095 5.278 5.460 5.643 5.826 6.009 6.009 6.376 6.560 6.743 6.901 7.028 7.155 7.283 7.410 7.537 7.664 7.791 7.918 8.045 8.172 8.299 8.299 8.631 8.824 8.914 8.973 9.031 9.090 9.149 9.208 9.266 9.325 9.384 9.443 9.502 9.560 9.717 9.717
0.402 0.504 0.606 0.697 0.773 0.849 0.926 1.002 1.091 1.188 1.284 1.477 1.476 1.573 1.669 1.766 1.868 2.008 2.148 2.288 2.431 2.637 2.843 3.014 3.160 3.307 3.454 3.747 3.747 3.894 4.041 4.187 4.334 4.481 4.655 4.838 5.020 5.203 5.386 5.568 5.751 5.933 6.116 6.299 6.299 6.666 6.849 7.033 7.172 7.299 7.426 7.553 7.680 7.807 7.934 8.061 8.188 8.315 8.442 8.569 8.570 8.861 9.002 9.061 9.119 9.178 9.237 9.296 9.355 9.413 9.472 9.531 9.590 9.649 9.707 9.799 9.799
0.463 0.564 0.666 0.769 0.865 0.941 1.017 1.094 1.186 1.282 1.378 1.571 1.571 1.667 1.789 1.929 2.069 2.209 2.349 2.489 2.645 2.851 3.057 3.263 3.443 3.590 3.736 4.030 4.030 4.177 4.323 4.470 4.617 4.764 4.945 5.128 5.311 5.493 5.676 5.859 6.041 6.224 6.406 6.589 6.589 6.956 7.139 7.316 7.443 7.570 7.697 7.824 7.951 8.078 8.205 8.332 8.459 8.586 8.714 8.841 8.841 9.082 9.143 9.206 9.265 9.324 9.383 9.443 9.502 9.560 9.619 9.678 9.737 9.796 9.854 9.913 9.913
0.523 0.625 0.727 0.830 0.932 1.033 1.109 1.186 1.280 1.376 1.472 1.710 1.710 1.850 1.990 2.129 2.270 2.410 2.550 2.690 2.858 3.064 3.270 3.477 3.683 3.872 4.019 4.312 4.312 4.459 4.606 4.753 4.900 5.053 5.236 5.418 5.601 5.784 5.966 6.149 6.332 6.514 6.697 6.879 6.879 7.244 7.428 7.586 7.713 7.840 7.968 8.095 8.222 8.349 8.476 8.570 8.661 8.752 8.843 8.934 8.934 9.085 9.119 9.183 9.246 9.310 9.373 9.437 9.500 9.564 9.628 9.691 9.755 9.818 9.883 9.946 9.946
0.584 0.686 0.788 0.891 0.993 1.095 1.197 1.278 1.374 1.491 1.631 1.911 1.911 2.050 2.190 2.330 2.470 2.611 2.751 2.891 3.072 3.278 3.484 3.690 3.896 4.102 4.302 4.595 4.595 4.742 4.889 5.035 5.182 5.343 5.526 5.709 5.891 6.074 6.257 6.439 6.622 6.805 6.987 7.170 7.170 7.535 7.718 7.857 7.965 8.057 8.148 8.239 8.330 8.421 8.512 8.604 8.695 8.786 8.878 8.969 8.969 9.089 9.107 9.159 9.223 9.286 9.350 9.413 9.477 9.540 9.604 9.667 9.731 9.795 9.858 9.886 9.886
0.645 0.747 0.849 0.951 1.054 1.156 1.260 1.386 1.552 1.692 1.832 2.112 2.112 2.251 2.391 2.531 2.671 2.811 2.952 3.092 3.286 3.492 3.698 3.904 4.110 4.316 4.522 4.878 4.878 5.025 5.171 5.318 5.465 5.634 5.816 5.999 6.182 6.364 6.547 6.729 6.912 7.095 7.277 7.461 7.461 7.724 7.828 7.909 8.000 8.091 8.182 8.274 8.365 8.456 8.547 8.638 8.729 8.821 8.912 9.003 9.003 9.091 9.109 9.134 9.198 9.262 9.326 9.390 9.453 9.517 9.580 9.644 9.707 9.771 9.820 9.827 9.827
0.706 0.808 0.910 1.017 1.129 1.241 1.353 1.504 1.717 1.893 2.033 2.313 2.312 2.452 2.592 2.732 2.872 3.012 3.152 3.293 3.499 3.705 3.911 4.117 4.324 4.530 4.736 5.148 5.148 5.307 5.454 5.601 5.748 5.924 6.107 6.289 6.472 6.655 6.838 7.020 7.203 7.350 7.457 7.563 7.563 7.775 7.872 7.951 8.034 8.125 8.217 8.308 8.400 8.491 8.582 8.673 8.764 8.855 8.946 9.038 9.038 9.095 9.112 9.130 9.174 9.238 9.301 9.365 9.429 9.492 9.556 9.619 9.683 9.747 9.762 9.768 9.768
0.773 0.885 0.997 1.110 1.222 1.334 1.447 1.621 1.835 2.048 2.234 2.514 2.514 2.653 2.794 2.933 3.074 3.213 3.354 3.507 3.713 3.919 4.125 4.331 4.537 4.743 4.950 5.362 5.362 5.568 5.737 5.884 6.032 6.215 6.397 6.580 6.762 6.945 7.084 7.191 7.297 7.403 7.509 7.616 7.616 7.828 7.918 7.996 8.075 8.160 8.251 8.342 8.433 8.524 8.616 8.707 8.798 8.889 8.980 9.063 9.063 9.098 9.116 9.134 9.151 9.214 9.278 9.341 9.405 9.468 9.532 9.596 9.659 9.695 9.702 9.708 9.708
0.866 0.978 1.091 1.203 1.315 1.427 1.540 1.739 1.953 2.166 2.380 2.715 2.715 2.855 2.994 3.135 3.274 3.415 3.555 3.720 3.927 4.133 4.339 4.545 4.751 4.957 5.163 5.576 5.576 5.782 5.988 6.166 6.322 6.505 6.688 6.817 6.924 7.030 7.136 7.242 7.349 7.455 7.561 7.667 7.667 7.881 7.963 8.041 8.120 8.199 8.286 8.377 8.468 8.559 8.650 8.741 8.833 8.924 9.015 9.065 9.065 9.101 9.118 9.136 9.154 9.190 9.254 9.318 9.381 9.445 9.508 9.572 9.630 9.636 9.643 9.649 9.649
0.959 1.071 1.183 1.296 1.408 1.521 1.643 1.856 2.070 2.284 2.497 2.916 2.916 3.056 3.196 3.336 3.476 3.616 3.756 3.934 4.140 4.346 4.552 4.759 4.965 5.171 5.377 5.789 5.789 5.995 6.202 6.408 6.550 6.657 6.763 6.869 6.975 7.083 7.189 7.295 7.401 7.507 7.614 7.720 7.720 7.928 8.007 8.086 8.164 8.243 8.322 8.411 8.503 8.594 8.685 8.776 8.867 8.958 9.050 9.069 9.069 9.104 9.122 9.140 9.157 9.175 9.230 9.293 9.357 9.420 9.484 9.547 9.570 9.577 9.584 9.590 9.590
1.052 1.164 1.276 1.389 1.501 1.614 1.760 1.974 2.188 2.401 2.615 3.042 3.042 3.256 3.397 3.537 3.677 3.817 3.957 4.148 4.354 4.560 4.766 4.972 5.178 5.385 5.591 6.003 6.003 6.195 6.376 6.557 6.646 6.709 6.815 6.922 7.028 7.134 7.240 7.347 7.453 7.560 7.666 7.773 7.773 7.973 8.052 8.131 8.210 8.288 8.367 8.446 8.536 8.628 8.719 8.810 8.901 8.992 9.054 9.072 9.072 9.108 9.125 9.143 9.161 9.179 9.206 9.270 9.333 9.397 9.460 9.504 9.511 9.517 9.524 9.531 9.531
1.145 1.257 1.370 1.482 1.595 1.707 1.878 2.092 2.305 2.519 2.733 3.160 3.160 3.373 3.587 3.738 3.878 4.018 4.158 4.362 4.568 4.774 4.980 5.186 5.392 5.598 5.796 6.158 6.158 6.339 6.520 6.701 6.760 6.808 6.867 6.974 7.081 7.187 7.293 7.399 7.506 7.612 7.718 7.824 7.824 8.018 8.096 8.175 8.254 8.334 8.412 8.491 8.571 8.662 8.753 8.845 8.936 9.027 9.057 9.075 9.075 9.110 9.128 9.146 9.163 9.182 9.200 9.246 9.309 9.373 9.437 9.445 9.452 9.458 9.465 9.472 9.472
1.238 1.350 1.463 1.575 1.688 1.800 1.996 2.209 2.423 2.637 2.850 3.277 3.277 3.491 3.705 3.918 4.079 4.219 4.369 4.575 4.782 4.988 5.194 5.396 5.577 5.758 5.939 6.301 6.301 6.482 6.664 6.827 6.874 6.922 6.970 7.026 7.132 7.239 7.345 7.452 7.558 7.665 7.771 7.877 7.877 8.063 8.142 8.220 8.299 8.378 8.456 8.535 8.614 8.697 8.788 8.879 8.971 9.043 9.060 9.078 9.078 9.114 9.131 9.149 9.167 9.185 9.202 9.221 9.285 9.348 9.379 9.385 9.392 9.399 9.405 9.413 9.413
1.331 1.443 1.556 1.669 1.781 1.899 2.113 2.327 2.541 2.754 2.968 3.395 3.395 3.609 3.822 4.036 4.250 4.420 4.583 4.789 4.995 5.178 5.359 5.540 5.721 5.902 6.083 6.445 6.445 6.626 6.807 6.940 6.988 7.037 7.084 7.132 7.185 7.291 7.398 7.504 7.610 7.716 7.822 7.929 7.929 8.108 8.187 8.266 8.344 8.423 8.502 8.580 8.659 8.738 8.822 8.913 9.004 9.045 9.064 9.082 9.082 9.117 9.135 9.153 9.170 9.188 9.206 9.224 9.261 9.313 9.320 9.327 9.333 9.340 9.346 9.353 9.353
