includes/camargue/floodfiles/results_R2_t1.562343928288E12/res-0012.wd
ncols         906
nrows         631
xllcorner     362177.146667
yllcorner     6534725.688020
cellsize      20.000000
NODATA_value  -9999.000000
[rows 442 to 475 of 631, columns 0 to 76 of 906]
2.140 2.123 2.190 2.266 2.343 2.419 2.496 2.572 2.572 2.726 2.728 2.693 2.657 2.622 2.623 2.633 2.644 2.655 2.666 2.714 2.766 2.818 2.869 2.921 2.921 3.025 2.938 2.808 2.699 2.589 2.480 2.371 2.243 2.115 1.988 1.860 1.745 1.673 1.601 1.529 1.529 1.383 1.311 1.238 1.166 1.085 0.970 0.854 0.739 0.624 0.509 0.503 0.651 0.799 0.947 0.985 0.985 1.055 1.089 1.124 1.159 1.193 1.237 1.311 1.278 0.998 0.702 0.406 0.109 0.001 0.000 0.000 0.000 0.003 0.001 0.000 0.001
2.140 2.123 2.189 2.266 2.343 2.419 2.496 2.572 2.572 2.726 2.728 2.692 2.657 2.622 2.622 2.633 2.644 2.655 2.666 2.714 2.766 2.818 2.869 2.921 2.921 3.025 2.937 2.808 2.699 2.589 2.480 2.370 2.243 2.115 1.987 1.859 1.744 1.673 1.601 1.528 1.528 1.383 1.310 1.238 1.165 1.085 0.969 0.854 0.739 0.624 0.509 0.503 0.651 0.799 0.947 0.985 0.985 1.054 1.089 1.124 1.158 1.193 1.237 1.311 1.278 0.998 0.702 0.406 0.109 0.000 0.000 0.000 0.000 0.001 0.000 0.000 0.000
2.164 2.181 2.229 2.294 2.370 2.447 2.524 2.600 2.600 2.753 2.726 2.691 2.656 2.620 2.585 2.583 2.594 2.604 2.622 2.674 2.726 2.777 2.829 2.881 2.881 2.984 3.036 2.973 2.853 2.725 2.597 2.469 2.341 2.213 2.085 1.957 1.855 1.784 1.713 1.641 1.641 1.496 1.423 1.350 1.278 1.188 1.073 0.958 0.843 0.727 0.612 0.497 0.455 0.603 0.736 0.771 0.771 0.840 0.875 0.923 0.997 1.072 1.146 1.221 1.165 1.071 0.833 0.536 0.240 0.000 0.000 0.000 0.000 0.000 0.000 0.000 0.000
2.190 2.238 2.286 2.334 2.398 2.475 2.551 2.628 2.628 2.760 2.725 2.689 2.654 2.619 2.583 2.548 2.543 2.554 2.582 2.634 2.685 2.737 2.789 2.841 2.840 2.900 2.918 2.986 2.952 2.824 2.696 2.568 2.439 2.312 2.183 2.055 1.966 1.895 1.824 1.752 1.752 1.608 1.536 1.463 1.390 1.292 1.177 1.062 0.946 0.831 0.716 0.601 0.486 0.407 0.521 0.556 0.557 0.683 0.757 0.832 0.907 0.981 1.056 1.131 1.052 0.957 0.863 0.667 0.371 0.074 0.000 0.000 0.000 0.000 0.000 0.000 0.000
2.305 2.353 2.401 2.449 2.497 2.546 2.607 2.684 2.683 2.757 2.722 2.686 2.651 2.616 2.580 2.545 2.509 2.481 2.436 2.455 2.473 2.491 2.509 2.527 2.527 2.563 2.588 2.689 2.790 2.891 2.892 2.764 2.636 2.508 2.380 2.260 2.189 2.118 2.046 1.975 1.975 1.832 1.761 1.688 1.616 1.500 1.385 1.270 1.154 1.042 0.945 0.847 0.750 0.653 0.524 0.381 0.382 0.502 0.577 0.651 0.726 0.801 0.875 0.919 0.825 0.731 0.636 0.542 0.448 0.336 0.032 0.000 0.000 0.001 0.000 0.000 0.000
2.362 2.410 2.458 2.507 2.555 2.603 2.651 2.711 2.711 2.756 2.720 2.685 2.649 2.621 2.593 2.565 2.537 2.489 2.349 2.286 2.304 2.322 2.340 2.358 2.358 2.394 2.440 2.541 2.642 2.742 2.843 2.862 2.734 2.606 2.478 2.371 2.300 2.229 2.157 2.086 2.086 1.943 1.872 1.801 1.720 1.604 1.501 1.404 1.306 1.209 1.111 1.014 0.916 0.819 0.680 0.537 0.538 0.411 0.486 0.561 0.635 0.710 0.785 0.805 0.711 0.617 0.523 0.429 0.334 0.240 0.144 0.000 0.000 0.001 0.000 0.000 0.000
2.419 2.468 2.516 2.564 2.612 2.660 2.709 2.757 2.757 2.760 2.733 2.705 2.677 2.649 2.621 2.593 2.565 2.488 2.347 2.207 2.135 2.153 2.171 2.189 2.189 2.225 2.292 2.393 2.493 2.594 2.695 2.795 2.832 2.704 2.576 2.483 2.411 2.340 2.269 2.197 2.197 2.055 1.990 1.937 1.863 1.765 1.668 1.570 1.473 1.375 1.278 1.180 1.083 0.981 0.837 0.694 0.694 0.408 0.395 0.470 0.545 0.620 0.694 0.692 0.598 0.504 0.410 0.315 0.221 0.126 0.020 0.000 0.000 0.001 0.000 0.000 0.000
2.477 2.525 2.573 2.621 2.670 2.701 2.725 2.749 2.749 2.789 2.761 2.733 2.705 2.677 2.649 2.621 2.594 2.487 2.347 2.206 2.066 1.984 2.002 2.020 2.020 2.056 2.144 2.244 2.345 2.446 2.546 2.647 2.748 2.802 2.674 2.594 2.522 2.451 2.382 2.329 2.329 2.223 2.170 2.117 2.032 1.932 1.834 1.737 1.639 1.542 1.444 1.347 1.249 1.138 0.994 0.851 0.851 0.565 0.422 0.379 0.454 0.529 0.604 0.578 0.484 0.390 0.296 0.202 0.108 0.002 0.000 0.000 0.000 0.002 0.001 0.000 0.000
2.534 2.570 2.594 2.618 2.642 2.666 2.690 2.714 2.714 2.773 2.789 2.761 2.733 2.705 2.677 2.650 2.622 2.486 2.346 2.205 2.065 1.924 1.833 1.851 1.851 1.895 1.995 2.096 2.197 2.297 2.398 2.499 2.599 2.700 2.776 2.722 2.668 2.615 2.562 2.509 2.509 2.403 2.350 2.297 2.201 2.101 2.002 1.903 1.806 1.708 1.611 1.513 1.416 1.295 1.151 1.008 1.008 0.721 0.578 0.435 0.363 0.438 0.513 0.464 0.370 0.276 0.182 0.087 0.000 0.000 0.000 0.000 0.000 0.002 0.000 0.001 0.000
2.511 2.535 2.559 2.583 2.607 2.631 2.655 2.679 2.679 2.740 2.770 2.789 2.761 2.733 2.705 2.678 2.625 2.485 2.344 2.204 2.064 1.923 1.783 1.683 1.682 1.746 1.847 1.948 2.048 2.149 2.250 2.375 2.504 2.633 2.768 2.902 2.848 2.795 2.742 2.689 2.689 2.583 2.530 2.470 2.370 2.270 2.171 2.071 1.972 1.875 1.777 1.680 1.582 1.452 1.308 1.165 1.165 0.878 0.735 0.592 0.448 0.346 0.421 0.350 0.255 0.161 0.116 0.077 0.030 0.000 0.000 0.000 0.000 0.002 0.000 0.000 0.001
2.476 2.500 2.524 2.547 2.572 2.596 2.620 2.645 2.645 2.706 2.737 2.767 2.789 2.761 2.734 2.706 2.624 2.484 2.343 2.203 2.063 1.922 1.782 1.641 1.641 1.598 1.699 1.823 1.952 2.081 2.210 2.339 2.469 2.598 2.737 2.884 3.029 2.975 2.922 2.869 2.869 2.763 2.710 2.639 2.539 2.439 2.339 2.240 2.140 2.041 1.944 1.846 1.749 1.609 1.465 1.322 1.322 1.035 0.892 0.748 0.605 0.462 0.330 0.285 0.247 0.209 0.170 0.132 0.092 0.053 0.003 0.001 0.000 0.002 0.000 0.000 0.000
2.470 2.464 2.488 2.512 2.536 2.560 2.584 2.612 2.611 2.673 2.703 2.734 2.764 2.789 2.762 2.734 2.623 2.483 2.342 2.202 2.062 1.921 1.781 1.647 1.647 1.530 1.659 1.788 1.917 2.046 2.175 2.304 2.433 2.562 2.706 2.853 3.000 3.147 3.102 3.049 3.049 2.943 2.890 2.808 2.708 2.608 2.508 2.409 2.309 2.209 2.110 2.013 1.909 1.766 1.622 1.479 1.479 1.192 1.049 0.886 0.719 0.551 0.408 0.343 0.302 0.264 0.226 0.187 0.148 0.109 0.070 0.022 0.000 0.002 0.000 0.000 0.000
2.470 2.462 2.454 2.477 2.501 2.525 2.549 2.578 2.578 2.639 2.670 2.700 2.731 2.761 2.790 2.762 2.622 2.482 2.341 2.209 2.076 1.944 1.811 1.679 1.678 1.588 1.623 1.752 1.881 2.010 2.139 2.268 2.397 2.528 2.675 2.822 2.969 3.116 3.263 3.229 3.229 3.123 3.070 2.976 2.877 2.777 2.677 2.578 2.478 2.378 2.279 2.179 2.066 1.923 1.779 1.618 1.618 1.283 1.115 0.948 0.780 0.613 0.494 0.429 0.365 0.319 0.281 0.243 0.204 0.165 0.127 0.088 0.000 0.002 0.000 0.000 0.000
2.471 2.462 2.454 2.446 2.466 2.490 2.514 2.544 2.544 2.605 2.636 2.666 2.697 2.727 2.759 2.769 2.637 2.505 2.373 2.240 2.108 1.975 1.843 1.710 1.710 1.661 1.685 1.716 1.845 1.974 2.103 2.232 2.361 2.497 2.643 2.790 2.937 3.084 3.231 3.378 3.378 3.303 3.245 3.145 3.046 2.946 2.846 2.747 2.647 2.547 2.448 2.323 2.182 2.015 1.847 1.680 1.680 1.345 1.177 1.010 0.842 0.674 0.580 0.515 0.451 0.387 0.337 0.298 0.260 0.222 0.183 0.145 0.001 0.002 0.000 0.000 0.000
2.471 2.462 2.454 2.446 2.437 2.455 2.480 2.511 2.511 2.572 2.602 2.650 2.698 2.746 2.794 2.765 2.667 2.536 2.404 2.272 2.139 2.007 1.874 1.741 1.741 1.735 1.759 1.782 1.809 1.938 2.067 2.196 2.325 2.465 2.612 2.759 2.906 3.053 3.200 3.347 3.347 3.484 3.414 3.314 3.215 3.115 3.015 2.885 2.754 2.622 2.491 2.360 2.221 2.077 1.909 1.742 1.741 1.407 1.239 1.072 0.904 0.736 0.666 0.602 0.537 0.473 0.409 0.354 0.316 0.278 0.239 0.202 0.001 0.002 0.000 0.001 0.000
2.471 2.462 2.454 2.446 2.437 2.429 2.447 2.494 2.494 2.590 2.637 2.685 2.733 2.781 2.829 2.761 2.663 2.565 2.435 2.303 2.171 2.038 1.906 1.773 1.772 1.808 1.832 1.856 1.880 1.904 2.032 2.161 2.290 2.434 2.581 2.728 2.875 3.022 3.169 3.316 3.316 3.610 3.578 3.447 3.315 3.184 3.053 2.921 2.790 2.659 2.528 2.395 2.255 2.114 1.971 1.803 1.803 1.468 1.301 1.133 0.966 0.816 0.752 0.688 0.623 0.559 0.495 0.431 0.371 0.333 0.295 0.257 0.000 0.002 0.000 0.000 0.001
2.471 2.462 2.454 2.451 2.456 2.461 2.487 2.529 2.529 2.625 2.672 2.720 2.768 2.816 2.854 2.757 2.659 2.561 2.463 2.334 2.202 2.069 1.937 1.834 1.833 1.881 1.905 1.929 1.953 1.977 2.001 2.125 2.256 2.403 2.550 2.697 2.844 2.991 3.143 3.302 3.302 3.619 3.592 3.483 3.352 3.221 3.089 2.958 2.827 2.695 2.564 2.429 2.289 2.148 2.007 1.865 1.865 1.530 1.363 1.195 1.028 0.902 0.838 0.774 0.710 0.645 0.581 0.517 0.453 0.389 0.351 0.313 0.005 0.004 0.001 0.000 0.000
2.471 2.462 2.454 2.451 2.456 2.461 2.487 2.529 2.529 2.624 2.672 2.720 2.768 2.816 2.854 2.756 2.659 2.561 2.463 2.334 2.202 2.069 1.937 1.833 1.833 1.881 1.905 1.929 1.953 1.977 2.001 2.125 2.256 2.403 2.550 2.697 2.844 2.991 3.143 3.302 3.301 3.619 3.592 3.483 3.352 3.220 3.089 2.958 2.827 2.695 2.564 2.429 2.289 2.148 2.007 1.865 1.865 1.530 1.363 1.195 1.027 0.902 0.838 0.774 0.709 0.645 0.581 0.517 0.453 0.389 0.351 0.313 0.006 0.004 0.000 0.000 0.000
2.481 2.486 2.490 2.495 2.500 2.505 2.537 2.570 2.570 2.659 2.707 2.755 2.803 2.851 2.850 2.752 2.654 2.556 2.458 2.360 2.233 2.101 1.968 1.907 1.906 1.955 1.979 2.003 2.027 2.051 2.075 2.098 2.225 2.372 2.527 2.686 2.844 3.003 3.161 3.320 3.320 3.607 3.551 3.496 3.388 3.257 3.126 2.994 2.863 2.732 2.601 2.463 2.323 2.182 2.041 1.900 1.900 1.592 1.424 1.257 1.089 0.988 0.924 0.860 0.795 0.731 0.667 0.603 0.539 0.475 0.411 0.369 0.068 0.068 0.000 0.000 0.000
2.525 2.530 2.534 2.539 2.544 2.555 2.588 2.621 2.620 2.694 2.742 2.790 2.838 2.886 2.846 2.748 2.650 2.552 2.454 2.356 2.258 2.132 2.000 1.980 1.980 2.028 2.052 2.076 2.100 2.119 2.098 2.077 2.221 2.387 2.545 2.704 2.862 3.021 3.179 3.338 3.338 3.566 3.510 3.455 3.400 3.294 3.162 3.031 2.900 2.768 2.637 2.497 2.357 2.216 2.075 1.934 1.934 1.653 1.486 1.319 1.151 1.074 1.010 0.946 0.882 0.817 0.753 0.689 0.625 0.561 0.497 0.433 0.142 0.142 0.000 0.000 0.000
2.613 2.618 2.622 2.627 2.632 2.657 2.689 2.722 2.722 2.788 2.821 2.860 2.908 2.936 2.838 2.740 2.642 2.544 2.446 2.348 2.250 2.166 2.057 1.997 1.997 1.955 1.934 1.913 1.892 1.870 1.849 1.885 2.114 2.343 2.572 2.740 2.899 3.057 3.216 3.374 3.374 3.484 3.429 3.373 3.318 3.263 3.207 3.104 2.973 2.842 2.706 2.565 2.425 2.284 2.143 2.002 2.002 1.721 1.580 1.439 1.311 1.246 1.182 1.115 1.047 0.979 0.911 0.843 0.775 0.707 0.640 0.576 1.154 1.154 0.823 0.493 0.162
2.657 2.662 2.666 2.671 2.676 2.707 2.740 2.773 2.772 2.838 2.871 2.904 2.943 2.932 2.834 2.736 2.643 2.561 2.478 2.396 2.313 2.231 2.093 1.912 1.912 1.831 1.810 1.788 1.767 1.746 1.725 1.831 2.060 2.289 2.519 2.748 2.917 3.076 3.234 3.393 3.393 3.443 3.388 3.332 3.277 3.222 3.166 3.111 3.009 2.878 2.740 2.600 2.459 2.318 2.177 2.036 2.036 1.762 1.636 1.510 1.386 1.314 1.247 1.179 1.111 1.043 0.975 0.907 0.839 0.772 0.704 0.857 1.663 1.663 1.526 1.195 0.865
2.512 2.675 2.710 2.715 2.725 2.758 2.791 2.823 2.823 2.889 2.922 2.955 2.980 2.955 2.873 2.790 2.708 2.625 2.543 2.460 2.378 2.295 2.129 1.948 1.948 1.706 1.685 1.664 1.643 1.622 1.600 1.778 2.007 2.236 2.465 2.694 2.924 3.094 3.252 3.411 3.411 3.402 3.347 3.292 3.236 3.181 3.125 3.070 3.015 2.915 2.774 2.634 2.502 2.376 2.251 2.125 2.125 1.874 1.749 1.623 1.499 1.378 1.311 1.243 1.175 1.107 1.039 0.971 0.904 0.836 0.768 1.139 1.944 1.944 2.229 1.898 1.568
2.367 2.530 2.694 2.759 2.776 2.809 2.841 2.874 2.873 2.919 2.943 2.966 2.989 2.975 2.937 2.855 2.772 2.690 2.607 2.525 2.442 2.346 2.165 1.984 1.984 1.622 1.561 1.540 1.518 1.497 1.495 1.724 1.953 2.182 2.412 2.641 2.870 3.100 3.271 3.429 3.429 3.361 3.306 3.251 3.195 3.140 3.084 3.048 3.024 2.981 2.865 2.740 2.614 2.489 2.363 2.238 2.238 1.987 1.861 1.736 1.613 1.489 1.375 1.307 1.239 1.171 1.103 1.036 0.968 0.900 1.017 1.420 2.225 2.225 2.628 2.601 2.271
2.222 2.385 2.549 2.712 2.813 2.836 2.859 2.882 2.881 2.928 2.951 2.974 2.987 2.972 2.958 2.919 2.837 2.754 2.672 2.589 2.507 2.382 2.201 2.020 2.020 1.658 1.477 1.415 1.394 1.373 1.442 1.671 1.900 2.129 2.358 2.588 2.817 3.046 3.275 3.431 3.431 3.321 3.279 3.255 3.232 3.208 3.184 3.161 3.137 3.070 2.969 2.852 2.727 2.601 2.476 2.350 2.350 2.099 1.974 1.850 1.726 1.603 1.479 1.371 1.303 1.235 1.168 1.100 1.032 0.964 1.299 1.701 2.507 2.507 2.909 3.304 2.974
2.077 2.241 2.404 2.568 2.744 2.844 2.867 2.890 2.890 2.936 2.959 2.982 2.984 2.969 2.955 2.940 2.901 2.819 2.736 2.654 2.571 2.418 2.237 2.056 2.056 1.694 1.513 1.331 1.270 1.248 1.388 1.617 1.846 2.076 2.305 2.534 2.763 2.989 3.203 3.419 3.419 3.416 3.392 3.368 3.345 3.321 3.297 3.273 3.250 3.159 3.058 2.957 2.840 2.714 2.589 2.463 2.463 2.212 2.087 1.963 1.839 1.716 1.592 1.469 1.367 1.300 1.232 1.164 1.096 1.177 1.580 1.982 2.788 2.788 3.190 3.593 3.676
1.933 2.097 2.260 2.428 2.604 2.780 2.875 2.898 2.898 2.944 2.967 2.991 2.981 2.966 2.952 2.937 2.923 2.883 2.801 2.718 2.635 2.454 2.273 2.092 2.091 1.730 1.549 1.367 1.186 1.124 1.335 1.564 1.792 2.007 2.221 2.436 2.650 2.865 3.080 3.296 3.296 3.529 3.505 3.481 3.458 3.434 3.410 3.386 3.349 3.248 3.147 3.046 2.945 2.827 2.701 2.576 2.576 2.325 2.200 2.076 1.953 1.829 1.706 1.582 1.459 1.364 1.296 1.228 1.160 1.458 1.861 2.264 3.069 3.069 3.472 3.874 4.277
1.789 1.953 2.116 2.288 2.464 2.640 2.816 2.907 2.906 2.953 2.976 2.992 2.978 2.963 2.949 2.934 2.920 2.906 2.865 2.783 2.670 2.490 2.309 2.127 2.127 1.765 1.584 1.403 1.244 1.102 1.239 1.454 1.668 1.883 2.098 2.312 2.527 2.742 2.956 3.173 3.173 3.608 3.618 3.594 3.570 3.547 3.523 3.499 3.438 3.338 3.237 3.136 3.035 2.934 2.814 2.688 2.688 2.437 2.313 2.190 2.066 1.943 1.819 1.696 1.572 1.448 1.360 1.292 1.337 1.740 2.142 2.545 3.350 3.350 3.753 4.156 4.558
1.645 1.809 1.972 2.148 2.324 2.500 2.676 2.852 2.851 2.961 2.984 2.989 2.975 2.960 2.946 2.931 2.917 2.903 2.888 2.847 2.706 2.525 2.344 2.182 2.182 1.870 1.713 1.557 1.401 1.278 1.186 1.330 1.545 1.759 1.974 2.189 2.403 2.618 2.833 3.051 3.050 3.485 3.702 3.707 3.683 3.660 3.636 3.612 3.528 3.427 3.326 3.225 3.124 3.023 2.922 2.801 2.801 2.550 2.427 2.303 2.180 2.056 1.932 1.809 1.685 1.562 1.438 1.356 1.618 2.021 2.423 2.826 3.632 3.632 4.034 4.437 4.840
1.502 1.665 1.832 2.008 2.183 2.359 2.535 2.711 2.711 2.969 2.992 2.986 2.972 2.957 2.943 2.928 2.914 2.900 2.889 2.879 2.807 2.651 2.495 2.339 2.339 2.027 1.870 1.714 1.558 1.455 1.362 1.270 1.421 1.636 1.851 2.065 2.280 2.494 2.711 2.928 2.928 3.362 3.579 3.797 3.796 3.773 3.749 3.718 3.617 3.516 3.415 3.314 3.213 3.112 3.011 2.910 2.910 2.663 2.540 2.416 2.293 2.169 2.046 1.922 1.799 1.675 1.548 1.451 1.821 2.226 2.631 3.037 3.848 3.848 4.254 4.659 5.065
1.358 1.521 1.692 1.868 2.043 2.219 2.395 2.571 2.571 2.923 2.998 2.983 2.969 2.959 2.949 2.940 2.930 2.921 2.912 2.901 2.886 2.808 2.652 2.496 2.496 2.183 2.027 1.871 1.723 1.631 1.539 1.447 1.354 1.512 1.727 1.942 2.156 2.371 2.588 2.805 2.805 3.239 3.456 3.674 3.891 3.886 3.862 3.807 3.706 3.605 3.504 3.403 3.302 3.201 3.100 2.999 2.999 2.777 2.652 2.524 2.396 2.269 2.141 2.014 1.886 1.759 1.631 1.616 1.733 2.138 2.544 2.949 3.760 3.760 4.166 4.571 4.977
1.214 1.377 1.552 1.727 1.903 2.079 2.255 2.432 2.432 2.787 2.959 3.000 2.991 2.981 2.972 2.963 2.953 2.944 2.934 2.922 2.907 2.892 2.809 2.653 2.652 2.340 2.184 2.028 1.900 1.808 1.715 1.623 1.531 1.439 1.604 1.818 2.033 2.248 2.465 2.682 2.682 3.116 3.334 3.551 3.768 3.985 3.975 3.896 3.795 3.694 3.593 3.492 3.390 3.287 3.184 3.080 3.080 2.862 2.734 2.607 2.479 2.352 2.224 2.097 1.969 1.841 1.714 1.781 1.853 2.050 2.456 2.861 3.673 3.673 4.078 4.484 4.889
1.148 1.237 1.414 1.591 1.769 1.946 2.124 2.302 2.301 2.657 2.823 2.984 3.014 3.004 2.995 2.985 2.976 2.966 2.957 2.943 2.928 2.913 2.898 2.809 2.809 2.497 2.341 2.185 2.077 1.984 1.892 1.800 1.707 1.615 1.523 1.695 1.909 2.125 2.342 2.559 2.559 2.994 3.211 3.428 3.645 3.863 4.081 3.982 3.879 3.776 3.672 3.569 3.466 3.363 3.259 3.156 3.156 2.933 2.817 2.689 2.562 2.434 2.307 2.179 2.052 1.924 1.873 1.945 2.018 2.090 2.368 2.774 3.585 3.585 3.990 4.396 4.777
1.071 1.153 1.284 1.461 1.639 1.816 1.994 2.172 2.171 2.525 2.687 2.848 3.010 3.027 3.017 3.008 2.999 2.989 2.979 2.964 2.949 2.934 2.919 2.904 2.904 2.654 2.498 2.345 2.253 2.161 2.069 1.976 1.884 1.792 1.700 1.607 1.786 2.002 2.219 2.436 2.436 2.883 3.125 3.367 3.609 3.851 4.024 4.058 3.955 3.852 3.748 3.645 3.542 3.438 3.335 3.232 3.232 3.005 2.890 2.772 2.644 2.517 2.389 2.262 2.134 2.007 2.038 2.110 2.182 2.255 2.327 2.686 3.497 3.497 3.903 4.308 4.262
