includes/camargue/floodfiles/results_R2_t1.562343928288E12/res-0012.wd
ncols         906
nrows         631
xllcorner     362177.146667
yllcorner     6534725.688020
cellsize      20.000000
NODATA_value  -9999.000000
[rows 476 to 509 of 631, columns 77 to 153 of 906]
3.931 3.599 3.267 2.909 2.376 1.842 1.309 0.775 0.242 0.000 0.000 0.000 0.000 0.000 0.000 0.000 0.000 0.000 0.000 0.000 0.000 0.000 0.000 0.000 0.000 0.000 0.000 0.000 0.000 0.000 0.000 0.000 0.000 0.000 0.000 0.000 0.000 0.000 0.000 0.000 0.000 0.000 0.000 0.000 0.000 0.000 0.000 0.000 0.000 0.000 0.000 0.001 0.001 0.001 0.001 0.001 0.001 0.002 0.000 0.000 0.000 0.000 0.001 0.001 0.002 0.002 0.001 0.001 0.000 0.000 0.000 0.000 0.000 0.000 0.000 0.000 0.000
3.416 3.084 2.752 2.421 1.962 1.429 0.896 0.362 0.000 0.000 0.000 0.000 0.000 0.000 0.000 0.000 0.000 0.000 0.000 0.000 0.000 0.000 0.000 0.000 0.000 0.000 0.000 0.000 0.000 0.000 0.000 0.000 0.000 0.000 0.000 0.000 0.000 0.000 0.000 0.000 0.000 0.000 0.000 0.000 0.000 0.000 0.000 0.000 0.000 0.000 0.000 0.000 0.001 0.000 0.000 0.001 0.001 0.001 0.000 0.000 0.001 0.000 0.001 0.001 0.001 0.001 0.000 0.001 0.000 0.000 0.000 0.000 0.000 0.000 0.000 0.000 0.000
2.386 2.054 1.723 1.391 1.059 0.602 0.212 0.000 0.000 0.000 0.000 0.000 0.000 0.000 0.000 0.000 0.001 0.000 0.040 0.000 0.000 0.000 0.000 0.000 0.000 0.000 0.000 0.000 0.000 0.000 0.000 0.000 0.000 0.000 0.000 0.000 0.000 0.000 0.000 0.000 0.000 0.000 0.000 0.000 0.000 0.000 0.000 0.000 0.000 0.000 0.000 0.000 0.000 0.001 0.001 0.001 0.002 0.001 0.000 0.000 0.001 0.000 0.001 0.001 0.001 0.001 0.001 0.000 0.000 0.000 0.000 0.000 0.000 0.000 0.000 0.000 0.000
2.082 1.787 1.492 1.197 0.902 0.536 0.249 0.004 0.000 0.000 0.000 0.000 0.000 0.000 0.000 0.000 0.000 0.000 0.137 0.318 0.256 0.180 0.112 0.065 0.017 0.000 0.000 0.000 0.000 0.000 0.000 0.000 0.000 0.000 0.000 0.000 0.000 0.000 0.000 0.000 0.000 0.000 0.000 0.000 0.000 0.000 0.000 0.000 0.000 0.000 0.000 0.001 0.000 0.001 0.001 0.002 0.002 0.001 0.000 0.000 0.002 0.001 0.000 0.000 0.000 0.000 0.000 0.000 0.000 0.000 0.000 0.000 0.000 0.000 0.000 0.000 0.000
2.464 2.168 1.873 1.578 1.283 0.869 0.421 0.053 0.000 0.000 0.000 0.000 0.000 0.000 0.000 0.000 0.000 0.021 0.201 0.382 0.563 0.550 0.492 0.444 0.397 0.323 0.198 0.000 0.000 0.000 0.000 0.000 0.000 0.000 0.000 0.000 0.000 0.000 0.000 0.000 0.000 0.000 0.000 0.000 0.000 0.000 0.000 0.000 0.000 0.000 0.001 0.000 0.001 0.000 0.001 0.002 0.001 0.000 0.000 0.000 0.001 0.000 0.000 0.000 0.000 0.000 0.000 0.000 0.000 0.000 0.000 0.000 0.000 0.000 0.000 0.000 0.000
2.845 2.549 2.254 1.959 1.649 1.202 0.754 0.306 0.000 0.000 0.000 0.000 0.000 0.000 0.000 0.000 0.000 0.085 0.265 0.446 0.627 0.769 0.709 0.585 0.461 0.337 0.212 0.000 0.000 0.000 0.000 0.000 0.000 0.000 0.002 0.012 0.027 0.042 0.055 0.042 0.029 0.016 0.004 0.000 0.000 0.000 0.000 0.001 0.000 0.000 0.000 0.001 0.000 0.000 0.001 0.002 0.000 0.001 0.000 0.000 0.001 0.000 0.000 0.001 0.000 0.000 0.000 0.000 0.000 0.000 0.000 0.000 0.000 0.000 0.000 0.000 0.000
3.226 2.931 2.635 2.340 1.983 1.535 1.087 0.639 0.192 0.000 0.000 0.000 0.000 0.000 0.000 0.000 0.000 0.149 0.281 0.406 0.531 0.657 0.635 0.599 0.475 0.351 0.226 0.000 0.000 0.000 0.000 0.000 0.033 0.113 0.150 0.165 0.180 0.195 0.193 0.181 0.168 0.155 0.142 0.115 0.115 0.099 0.082 0.046 0.010 0.001 0.000 0.001 0.001 0.001 0.001 0.002 0.000 0.000 0.000 0.000 0.001 0.001 0.001 0.000 0.001 0.000 0.000 0.000 0.000 0.000 0.000 0.000 0.000 0.000 0.000 0.000 0.000
3.607 3.312 3.016 2.721 2.316 1.868 1.420 0.972 0.525 0.077 0.000 0.000 0.000 0.000 0.000 0.000 0.000 0.043 0.169 0.294 0.419 0.540 0.512 0.484 0.455 0.365 0.240 0.000 0.000 0.000 0.000 0.046 0.127 0.207 0.288 0.318 0.333 0.345 0.332 0.319 0.306 0.293 0.280 0.254 0.254 0.240 0.214 0.178 0.142 0.098 0.053 0.009 0.001 0.001 0.001 0.002 0.001 0.000 0.000 0.000 0.002 0.000 0.001 0.000 0.001 0.000 0.000 0.000 0.000 0.000 0.000 0.000 0.000 0.000 0.000 0.000 0.000
3.717 3.693 3.398 3.096 2.649 2.201 1.753 1.305 0.858 0.410 0.000 0.000 0.000 0.000 0.000 0.000 0.000 0.000 0.056 0.181 0.306 0.418 0.389 0.361 0.332 0.304 0.255 0.004 0.003 0.000 0.059 0.140 0.220 0.301 0.381 0.462 0.486 0.483 0.470 0.457 0.444 0.431 0.418 0.366 0.366 0.336 0.323 0.278 0.233 0.188 0.144 0.099 0.054 0.010 0.001 0.003 0.004 0.001 0.001 0.001 0.002 0.000 0.000 0.001 0.000 0.001 0.000 0.000 0.000 0.000 0.000 0.000 0.000 0.000 0.000 0.000 0.000
3.692 3.859 3.779 3.429 2.982 2.534 2.086 1.620 1.142 0.665 0.187 0.000 0.000 0.000 0.000 0.000 0.000 0.000 0.000 0.069 0.194 0.295 0.266 0.238 0.210 0.181 0.153 0.013 0.008 0.073 0.153 0.234 0.314 0.395 0.475 0.553 0.618 0.588 0.558 0.529 0.499 0.469 0.439 0.380 0.380 0.375 0.393 0.368 0.323 0.279 0.234 0.189 0.144 0.100 0.094 0.100 0.105 0.111 0.100 0.064 0.064 0.002 0.001 0.000 0.000 0.000 0.000 0.000 0.000 0.000 0.000 0.000 0.000 0.000 0.023 0.052 0.059
3.667 3.833 4.000 3.741 3.263 2.785 2.308 1.830 1.352 0.874 0.397 0.000 0.000 0.000 0.000 0.000 0.000 0.000 0.000 0.000 0.081 0.172 0.144 0.115 0.087 0.058 0.027 0.056 0.055 0.132 0.209 0.286 0.362 0.439 0.516 0.593 0.609 0.602 0.572 0.542 0.512 0.483 0.453 0.395 0.395 0.413 0.431 0.449 0.413 0.369 0.324 0.279 0.234 0.201 0.207 0.212 0.218 0.223 0.229 0.211 0.212 0.140 0.097 0.042 0.001 0.000 0.000 0.000 0.002 0.003 0.005 0.012 0.045 0.071 0.083 0.097 0.107
3.600 3.757 3.912 3.811 3.473 2.995 2.518 2.040 1.562 1.084 0.607 0.000 0.000 0.000 0.000 0.000 0.000 0.000 0.000 0.000 0.000 0.049 0.021 0.000 0.000 0.000 0.000 0.090 0.090 0.172 0.249 0.325 0.402 0.479 0.555 0.599 0.600 0.600 0.586 0.556 0.526 0.496 0.466 0.433 0.433 0.451 0.469 0.487 0.503 0.459 0.414 0.369 0.324 0.313 0.319 0.324 0.330 0.335 0.341 0.346 0.347 0.287 0.237 0.182 0.126 0.070 0.016 0.006 0.008 0.012 0.019 0.026 0.052 0.071 0.085 0.099 0.109
3.513 3.670 3.737 3.636 3.535 3.205 2.727 2.250 1.772 1.294 0.816 0.266 0.266 0.071 0.000 0.000 0.000 0.000 0.000 0.000 0.000 0.000 0.000 0.000 0.000 0.000 0.000 0.126 0.126 0.211 0.289 0.365 0.442 0.518 0.589 0.590 0.590 0.591 0.592 0.569 0.540 0.510 0.480 0.471 0.472 0.490 0.508 0.526 0.544 0.549 0.504 0.459 0.420 0.426 0.431 0.436 0.442 0.447 0.453 0.459 0.459 0.432 0.377 0.321 0.261 0.196 0.131 0.066 0.023 0.022 0.029 0.033 0.039 0.066 0.084 0.099 0.111
3.426 3.583 3.562 3.461 3.360 3.259 2.937 2.460 1.982 1.504 1.026 0.551 0.551 0.357 0.162 0.000 0.000 0.000 0.000 0.000 0.000 0.000 0.000 0.000 0.000 0.000 0.000 0.161 0.161 0.246 0.328 0.405 0.482 0.558 0.580 0.581 0.581 0.582 0.583 0.583 0.553 0.523 0.494 0.510 0.510 0.528 0.546 0.564 0.582 0.600 0.594 0.549 0.532 0.538 0.543 0.548 0.554 0.559 0.565 0.556 0.556 0.552 0.487 0.422 0.357 0.292 0.227 0.163 0.099 0.049 0.038 0.039 0.044 0.052 0.079 0.098 0.111
3.339 3.488 3.387 3.286 3.185 3.085 2.984 2.670 2.192 1.714 1.236 0.837 0.837 0.642 0.448 0.254 0.060 0.000 0.000 0.000 0.000 0.000 0.000 0.000 0.000 0.000 0.028 0.197 0.197 0.282 0.366 0.444 0.521 0.571 0.571 0.572 0.572 0.573 0.573 0.574 0.567 0.537 0.512 0.548 0.548 0.566 0.584 0.602 0.621 0.639 0.657 0.639 0.645 0.650 0.628 0.600 0.572 0.544 0.516 0.488 0.488 0.533 0.584 0.519 0.454 0.389 0.324 0.259 0.195 0.131 0.065 0.050 0.051 0.054 0.067 0.093 0.109
3.251 3.313 3.212 3.111 3.010 2.909 2.809 2.708 2.402 1.924 1.511 1.122 1.122 0.928 0.734 0.539 0.345 0.151 0.000 0.000 0.000 0.000 0.000 0.000 0.000 0.000 0.063 0.232 0.232 0.317 0.402 0.484 0.561 0.561 0.562 0.563 0.563 0.564 0.564 0.565 0.566 0.551 0.550 0.586 0.587 0.605 0.623 0.636 0.645 0.653 0.662 0.648 0.617 0.588 0.560 0.532 0.504 0.476 0.448 0.420 0.420 0.512 0.592 0.615 0.551 0.486 0.421 0.356 0.291 0.222 0.133 0.083 0.074 0.073 0.072 0.084 0.105
3.251 3.313 3.212 3.111 3.010 2.909 2.809 2.708 2.402 1.924 1.511 1.122 1.122 0.928 0.734 0.539 0.345 0.151 0.000 0.000 0.000 0.000 0.000 0.000 0.000 0.000 0.063 0.232 0.232 0.317 0.402 0.484 0.561 0.561 0.562 0.563 0.563 0.564 0.564 0.565 0.566 0.551 0.550 0.586 0.587 0.605 0.623 0.636 0.645 0.653 0.662 0.648 0.617 0.588 0.560 0.532 0.504 0.476 0.448 0.420 0.421 0.512 0.592 0.616 0.551 0.486 0.421 0.356 0.291 0.222 0.130 0.068 0.053 0.051 0.052 0.069 0.093
3.164 3.138 3.037 2.936 2.835 2.735 2.634 2.533 2.432 2.134 1.796 1.408 1.407 1.213 0.997 0.749 0.501 0.252 0.001 0.000 0.000 0.000 0.000 0.000 0.000 0.001 0.084 0.260 0.260 0.348 0.436 0.522 0.552 0.552 0.553 0.553 0.553 0.553 0.553 0.553 0.553 0.552 0.558 0.575 0.575 0.584 0.593 0.601 0.610 0.619 0.627 0.589 0.549 0.520 0.492 0.464 0.436 0.408 0.380 0.352 0.353 0.491 0.570 0.650 0.647 0.582 0.517 0.452 0.388 0.306 0.212 0.123 0.067 0.054 0.053 0.056 0.086
2.889 2.788 2.687 2.603 2.530 2.458 2.385 2.312 2.240 2.148 1.959 1.483 1.482 1.234 0.986 0.738 0.489 0.241 0.000 0.000 0.000 0.000 0.000 0.000 0.000 0.014 0.102 0.278 0.278 0.366 0.454 0.476 0.495 0.505 0.505 0.505 0.505 0.505 0.505 0.505 0.504 0.500 0.497 0.506 0.506 0.514 0.523 0.532 0.540 0.549 0.512 0.471 0.431 0.391 0.356 0.328 0.299 0.271 0.244 0.288 0.288 0.448 0.527 0.607 0.687 0.766 0.710 0.645 0.570 0.475 0.381 0.288 0.203 0.144 0.124 0.120 0.155
2.808 2.735 2.663 2.590 2.517 2.445 2.372 2.299 2.227 2.091 1.902 1.477 1.477 1.228 0.980 0.732 0.484 0.235 0.000 0.000 0.000 0.000 0.000 0.000 0.000 0.022 0.111 0.287 0.287 0.375 0.420 0.440 0.459 0.478 0.481 0.481 0.481 0.481 0.481 0.481 0.478 0.474 0.471 0.471 0.471 0.480 0.488 0.497 0.505 0.493 0.453 0.413 0.373 0.332 0.292 0.259 0.231 0.203 0.186 0.266 0.267 0.426 0.506 0.586 0.665 0.745 0.807 0.742 0.655 0.560 0.465 0.373 0.287 0.217 0.168 0.143 0.175
2.736 2.722 2.650 2.577 2.504 2.432 2.359 2.286 2.214 2.034 1.845 1.466 1.466 1.223 0.974 0.726 0.478 0.229 0.000 0.000 0.000 0.000 0.000 0.000 0.000 0.030 0.119 0.296 0.296 0.364 0.384 0.403 0.422 0.441 0.457 0.457 0.457 0.457 0.457 0.456 0.452 0.448 0.445 0.438 0.438 0.445 0.453 0.462 0.471 0.435 0.394 0.354 0.314 0.274 0.233 0.193 0.163 0.136 0.165 0.245 0.246 0.405 0.485 0.564 0.644 0.723 0.802 0.835 0.730 0.609 0.490 0.371 0.259 0.168 0.120 0.098 0.129
2.655 2.655 2.637 2.564 2.491 2.418 2.346 2.273 2.167 1.977 1.788 1.409 1.409 1.217 0.969 0.720 0.472 0.224 0.090 0.037 0.000 0.000 0.000 0.000 0.000 0.035 0.127 0.304 0.304 0.328 0.347 0.366 0.386 0.405 0.424 0.433 0.433 0.433 0.433 0.429 0.426 0.422 0.419 0.412 0.412 0.410 0.418 0.427 0.416 0.376 0.336 0.295 0.255 0.215 0.175 0.135 0.095 0.068 0.144 0.224 0.224 0.384 0.461 0.529 0.596 0.663 0.730 0.752 0.684 0.564 0.444 0.325 0.211 0.120 0.075 0.062 0.092
2.574 2.574 2.574 2.551 2.478 2.405 2.333 2.260 2.110 1.920 1.731 1.352 1.352 1.162 0.963 0.715 0.466 0.229 0.182 0.135 0.089 0.044 0.017 0.016 0.021 0.031 0.132 0.270 0.271 0.290 0.310 0.329 0.349 0.368 0.387 0.407 0.409 0.409 0.407 0.403 0.400 0.396 0.393 0.386 0.386 0.382 0.383 0.392 0.357 0.317 0.277 0.236 0.196 0.156 0.116 0.076 0.036 0.029 0.098 0.165 0.166 0.300 0.368 0.435 0.502 0.569 0.636 0.623 0.606 0.518 0.398 0.279 0.163 0.074 0.042 0.041 0.069
2.493 2.493 2.493 2.493 2.465 2.392 2.320 2.242 2.052 1.863 1.674 1.295 1.295 1.105 0.916 0.709 0.460 0.320 0.273 0.227 0.182 0.142 0.111 0.093 0.084 0.083 0.131 0.231 0.232 0.253 0.273 0.292 0.312 0.331 0.351 0.370 0.384 0.384 0.381 0.377 0.374 0.370 0.367 0.360 0.360 0.356 0.353 0.339 0.299 0.257 0.214 0.172 0.130 0.087 0.045 0.004 0.000 0.000 0.005 0.072 0.072 0.207 0.274 0.341 0.408 0.475 0.511 0.493 0.476 0.459 0.352 0.233 0.117 0.037 0.028 0.029 0.052
2.413 2.412 2.413 2.413 2.413 2.379 2.307 2.185 1.995 1.806 1.616 1.237 1.237 1.048 0.859 0.669 0.459 0.412 0.365 0.318 0.274 0.234 0.204 0.185 0.174 0.165 0.144 0.191 0.194 0.216 0.236 0.256 0.276 0.296 0.315 0.334 0.354 0.358 0.354 0.351 0.347 0.343 0.340 0.332 0.332 0.329 0.325 0.269 0.225 0.182 0.140 0.098 0.055 0.013 0.000 0.000 0.000 0.000 0.000 0.000 0.000 0.113 0.180 0.247 0.314 0.381 0.381 0.364 0.347 0.330 0.307 0.187 0.071 0.024 0.023 0.026 0.045
2.332 2.332 2.332 2.332 2.332 2.332 2.293 2.128 1.938 1.749 1.559 1.207 1.207 1.034 0.860 0.687 0.500 0.402 0.350 0.299 0.250 0.206 0.171 0.148 0.133 0.121 0.131 0.179 0.183 0.205 0.226 0.246 0.266 0.286 0.305 0.325 0.337 0.329 0.325 0.322 0.318 0.315 0.311 0.303 0.304 0.300 0.273 0.210 0.150 0.108 0.066 0.023 0.000 0.000 0.000 0.000 0.000 0.000 0.000 0.000 0.000 0.019 0.086 0.153 0.220 0.269 0.252 0.235 0.217 0.200 0.183 0.141 0.035 0.019 0.020 0.027 0.043
2.251 2.251 2.251 2.251 2.260 2.276 2.278 2.142 1.969 1.795 1.622 1.275 1.275 1.102 0.929 0.755 0.556 0.356 0.305 0.254 0.205 0.160 0.125 0.103 0.091 0.087 0.124 0.168 0.172 0.194 0.215 0.236 0.256 0.276 0.295 0.315 0.311 0.303 0.296 0.293 0.289 0.286 0.282 0.275 0.275 0.271 0.213 0.151 0.088 0.034 0.000 0.000 0.000 0.000 0.000 0.000 0.000 0.000 0.000 0.000 0.000 0.000 0.000 0.059 0.126 0.140 0.122 0.105 0.088 0.071 0.055 0.042 0.024 0.017 0.015 0.025 0.037
2.207 2.223 2.239 2.255 2.271 2.288 2.259 2.188 2.037 1.864 1.690 1.344 1.344 1.170 0.997 0.811 0.612 0.412 0.259 0.208 0.158 0.113 0.080 0.065 0.063 0.086 0.117 0.157 0.161 0.183 0.204 0.225 0.245 0.265 0.285 0.293 0.285 0.277 0.269 0.264 0.260 0.257 0.253 0.246 0.246 0.217 0.154 0.091 0.029 0.000 0.000 0.000 0.000 0.000 0.000 0.000 0.000 0.000 0.000 0.001 0.000 0.000 0.000 0.000 0.028 0.011 0.004 0.004 0.006 0.008 0.010 0.014 0.020 0.018 0.017 0.022 0.031
2.218 2.235 2.251 2.267 2.283 2.299 2.240 2.169 2.098 1.932 1.759 1.412 1.412 1.238 1.065 0.867 0.668 0.468 0.268 0.162 0.112 0.067 0.042 0.041 0.050 0.084 0.111 0.148 0.152 0.172 0.193 0.214 0.235 0.255 0.275 0.267 0.259 0.251 0.243 0.235 0.232 0.228 0.225 0.217 0.217 0.158 0.095 0.032 0.000 0.000 0.000 0.000 0.000 0.000 0.000 0.000 0.000 0.000 0.000 0.000 0.000 0.000 0.000 0.000 0.000 0.001 0.001 0.002 0.003 0.005 0.007 0.010 0.014 0.018 0.021 0.020 0.027
2.230 2.246 2.263 2.279 2.295 2.292 2.221 2.150 2.079 2.000 1.827 1.480 1.480 1.307 1.122 0.923 0.723 0.524 0.324 0.124 0.064 0.025 0.023 0.027 0.052 0.079 0.103 0.139 0.142 0.160 0.181 0.203 0.224 0.244 0.248 0.241 0.233 0.225 0.218 0.209 0.203 0.199 0.196 0.161 0.161 0.098 0.036 0.000 0.000 0.000 0.000 0.000 0.000 0.000 0.000 0.000 0.000 0.000 0.000 0.000 0.000 0.000 0.000 0.000 0.000 0.000 0.000 0.001 0.002 0.004 0.006 0.010 0.016 0.023 0.030 0.025 0.030
2.242 2.258 2.274 2.291 2.307 2.273 2.202 2.131 2.060 1.989 1.895 1.548 1.548 1.375 1.178 0.979 0.779 0.579 0.380 0.180 0.011 0.010 0.014 0.023 0.049 0.072 0.094 0.129 0.131 0.150 0.168 0.190 0.212 0.228 0.221 0.214 0.207 0.199 0.192 0.184 0.176 0.170 0.167 0.102 0.102 0.039 0.000 0.000 0.000 0.000 0.000 0.000 0.000 0.000 0.000 0.000 0.000 0.000 0.000 0.000 0.000 0.000 0.000 0.000 0.000 0.000 0.000 0.002 0.004 0.006 0.009 0.013 0.018 0.022 0.026 0.029 0.033
2.265 2.270 2.286 2.302 2.318 2.254 2.183 2.112 2.041 1.970 1.899 1.617 1.617 1.433 1.234 1.034 0.835 0.635 0.436 0.236 0.021 0.002 0.003 0.022 0.042 0.063 0.082 0.116 0.118 0.137 0.155 0.176 0.199 0.199 0.194 0.187 0.180 0.173 0.166 0.158 0.150 0.142 0.138 0.042 0.042 0.000 0.000 0.000 0.000 0.000 0.000 0.000 0.000 0.000 0.000 0.000 0.000 0.000 0.000 0.000 0.000 0.000 0.000 0.000 0.000 0.001 0.001 0.002 0.003 0.006 0.008 0.012 0.015 0.017 0.020 0.023 0.026
2.265 2.270 2.286 2.302 2.318 2.254 2.183 2.112 2.041 1.970 1.899 1.617 1.617 1.433 1.234 1.034 0.835 0.635 0.435 0.236 0.025 0.003 0.003 0.022 0.040 0.057 0.074 0.106 0.108 0.126 0.146 0.168 0.194 0.197 0.192 0.186 0.180 0.173 0.165 0.158 0.150 0.141 0.137 0.042 0.042 0.000 0.000 0.000 0.000 0.000 0.000 0.000 0.000 0.000 0.000 0.000 0.000 0.000 0.000 0.001 0.000 0.000 0.000 0.000 0.001 0.001 0.002 0.003 0.005 0.007 0.010 0.014 0.017 0.019 0.021 0.023 0.026
2.378 2.290 2.298 2.314 2.307 2.235 2.164 2.093 2.022 1.951 1.880 1.685 1.685 1.489 1.289 1.090 0.890 0.691 0.491 0.292 0.090 0.000 0.000 0.007 0.019 0.032 0.047 0.078 0.079 0.097 0.118 0.142 0.168 0.168 0.165 0.160 0.154 0.147 0.140 0.132 0.124 0.116 0.108 0.000 0.000 0.000 0.000 0.000 0.000 0.000 0.000 0.000 0.000 0.000 0.000 0.000 0.000 0.000 0.000 0.000 0.000 0.000 0.000 0.000 0.000 0.000 0.000 0.000 0.000 0.002 0.004 0.007 0.009 0.011 0.012 0.015 0.017
