includes/camargue/floodfiles/results_R2_t1.562343928288E12/res-0008.wdfp
ncols         906
nrows         631
xllcorner     362177.146667
yllcorner     6534725.688020
cellsize      20.000000
NODATA_value  -9999.000000
[rows 476 to 509 of 631, columns 0 to 76 of 906]
2.310 2.395 2.529 2.709 2.888 3.067 3.246 3.425 3.426 3.781 3.943 4.106 4.268 4.285 4.277 4.268 4.259 4.250 4.240 4.226 4.212 4.198 4.183 4.169 4.169 3.920 3.764 3.612 3.521 3.429 3.338 3.246 3.154 3.063 2.971 2.880 3.059 3.276 3.494 3.711 3.712 4.158 4.401 4.643 4.885 5.128 5.300 5.335 5.232 5.129 5.026 4.923 4.820 4.717 4.614 4.511 4.511 4.284 4.169 4.052 3.925 3.798 3.670 3.543 3.416 3.289 3.320 3.393 3.465 3.538 3.611 3.969 4.781 4.781 5.186 5.592 5.546
2.237 2.336 2.434 2.579 2.758 2.937 3.116 3.295 3.296 3.646 3.808 3.970 4.132 4.295 4.300 4.291 4.282 4.274 4.262 4.248 4.233 4.219 4.205 4.191 4.191 4.077 3.922 3.789 3.698 3.606 3.514 3.423 3.331 3.240 3.148 3.057 2.962 3.197 3.439 3.682 3.682 4.167 4.409 4.651 4.894 5.136 5.243 5.281 5.308 5.205 5.102 4.999 4.896 4.793 4.690 4.586 4.586 4.356 4.241 4.127 4.008 3.880 3.753 3.626 3.499 3.412 3.485 3.558 3.630 3.703 3.776 3.882 4.693 4.693 5.098 5.363 5.031
2.119 2.217 2.316 2.414 2.512 2.678 2.857 3.036 3.037 3.375 3.537 3.699 3.862 4.024 4.186 4.337 4.329 4.319 4.305 4.291 4.276 4.262 4.248 4.233 4.234 4.210 4.227 4.070 3.944 3.818 3.693 3.567 3.441 3.315 3.190 3.064 3.139 3.298 3.457 3.698 3.698 4.183 4.425 4.667 4.910 5.090 5.128 5.167 5.205 5.243 5.254 5.151 5.048 4.945 4.842 4.730 4.730 4.500 4.385 4.270 4.155 4.040 3.919 3.792 3.669 3.742 3.814 3.887 3.960 4.033 4.105 4.178 4.518 4.518 4.665 4.333 4.001
2.059 2.158 2.257 2.355 2.452 2.550 2.727 2.906 2.907 3.240 3.402 3.564 3.726 3.888 4.051 4.213 4.352 4.341 4.326 4.312 4.318 4.335 4.352 4.368 4.369 4.402 4.340 4.101 3.943 3.818 3.692 3.566 3.440 3.314 3.189 3.070 3.228 3.387 3.545 3.706 3.706 4.191 4.433 4.676 4.918 5.033 5.071 5.109 5.148 5.186 5.224 5.227 5.124 5.021 4.917 4.802 4.802 4.572 4.457 4.342 4.227 4.112 3.997 3.874 3.834 3.907 3.979 4.052 4.125 4.197 4.270 4.343 4.472 4.472 4.252 3.957 3.662
2.000 2.099 2.197 2.295 2.393 2.491 2.597 2.776 2.777 3.104 3.267 3.429 3.591 3.753 3.914 4.073 4.232 4.459 4.476 4.493 4.510 4.526 4.543 4.559 4.560 4.593 4.448 4.208 3.969 3.817 3.691 3.565 3.439 3.313 3.188 3.158 3.317 3.476 3.634 3.793 3.793 4.199 4.441 4.684 4.926 4.976 5.014 5.052 5.091 5.129 5.167 5.205 5.200 5.097 4.989 4.874 4.874 4.644 4.529 4.414 4.299 4.184 4.069 3.956 3.964 4.012 4.061 4.110 4.158 4.207 4.255 4.304 4.437 4.437 4.604 4.338 4.043
1.941 2.040 2.138 2.236 2.334 2.432 2.529 2.643 2.644 2.963 3.122 3.281 3.441 3.600 3.759 3.918 4.102 4.430 4.667 4.684 4.701 4.717 4.734 4.751 4.751 4.784 4.556 4.316 4.076 3.836 3.690 3.564 3.438 3.313 3.187 3.247 3.406 3.565 3.723 3.882 3.882 4.207 4.450 4.692 4.880 4.918 4.957 4.995 5.033 5.071 5.110 5.148 5.186 5.173 5.061 4.946 4.946 4.723 4.616 4.508 4.401 4.293 4.186 4.070 3.918 3.941 3.989 4.038 4.087 4.135 4.184 4.232 4.412 4.412 4.579 4.719 4.424
1.884 1.988 2.093 2.197 2.300 2.404 2.507 2.568 2.569 2.808 2.967 3.126 3.286 3.445 3.604 3.763 4.006 4.334 4.662 4.875 4.892 4.908 4.925 4.942 4.942 4.904 4.664 4.424 4.184 3.944 3.704 3.563 3.437 3.312 3.186 3.336 3.495 3.653 3.812 3.970 3.971 4.287 4.458 4.700 4.823 4.861 4.899 4.938 4.976 5.014 5.053 5.097 5.141 5.185 5.167 5.060 5.060 4.845 4.738 4.630 4.523 4.416 4.308 4.176 4.024 3.872 3.918 3.967 4.015 4.064 4.112 4.161 4.387 4.387 4.553 4.720 4.806
1.868 1.973 2.077 2.181 2.285 2.388 2.491 2.524 2.525 2.653 2.812 2.971 3.131 3.290 3.449 3.608 3.911 4.239 4.567 4.894 5.083 5.100 5.116 5.133 5.133 5.011 4.771 4.532 4.292 4.052 3.812 3.572 3.436 3.311 3.266 3.425 3.584 3.742 3.901 4.059 4.059 4.376 4.534 4.708 4.766 4.808 4.852 4.896 4.940 4.984 5.027 5.071 5.115 5.162 5.212 5.182 5.183 4.968 4.860 4.753 4.645 4.538 4.430 4.282 4.130 3.978 3.847 3.895 3.944 3.992 4.041 4.090 4.362 4.362 4.528 4.695 4.861
1.852 1.957 2.061 2.165 2.269 2.372 2.450 2.480 2.481 2.541 2.657 2.816 2.976 3.135 3.294 3.488 3.816 4.144 4.471 4.799 5.126 5.291 5.307 5.324 5.324 5.119 4.879 4.639 4.399 4.160 3.920 3.680 3.440 3.310 3.355 3.514 3.672 3.831 3.989 4.144 4.144 4.417 4.553 4.675 4.739 4.783 4.827 4.870 4.914 4.958 5.002 5.046 5.090 5.138 5.188 5.238 5.238 5.090 4.982 4.875 4.768 4.660 4.540 4.388 4.236 4.084 3.932 3.824 3.872 3.921 3.969 4.018 4.336 4.336 4.503 4.670 4.836
1.836 1.941 2.046 2.150 2.253 2.357 2.406 2.436 2.437 2.497 2.527 2.661 2.821 2.980 3.139 3.393 3.720 4.048 4.376 4.703 5.031 5.359 5.498 5.515 5.515 5.227 4.987 4.747 4.507 4.267 4.028 3.788 3.548 3.309 3.431 3.568 3.705 3.842 3.978 4.115 4.115 4.388 4.524 4.625 4.695 4.757 4.801 4.845 4.889 4.933 4.977 5.021 5.065 5.115 5.165 5.215 5.215 5.212 5.105 4.997 4.890 4.782 4.647 4.494 4.342 4.190 4.038 3.886 3.801 3.849 3.898 3.978 4.311 4.311 4.478 4.644 4.811
1.842 1.925 2.030 2.134 2.238 2.331 2.362 2.392 2.393 2.453 2.483 2.513 2.666 2.825 2.984 3.297 3.625 3.953 4.280 4.608 4.936 5.263 5.591 5.706 5.706 5.334 5.095 4.855 4.615 4.379 4.144 3.908 3.673 3.474 3.402 3.539 3.676 3.813 3.949 4.086 4.086 4.359 4.496 4.575 4.645 4.714 4.776 4.820 4.864 4.908 4.951 4.995 5.042 5.092 5.142 5.191 5.191 5.291 5.227 5.120 5.012 4.905 4.753 4.601 4.449 4.297 4.144 3.992 3.840 3.778 3.827 3.953 4.286 4.286 4.453 4.619 4.786
1.863 1.924 2.014 2.118 2.222 2.287 2.318 2.348 2.349 2.409 2.439 2.469 2.511 2.670 2.874 3.202 3.529 3.857 4.185 4.513 4.840 5.168 5.495 5.812 5.812 5.453 5.217 4.981 4.746 4.510 4.274 4.039 3.803 3.653 3.572 3.510 3.647 3.784 3.920 4.057 4.057 4.330 4.454 4.524 4.594 4.664 4.734 4.794 4.838 4.882 4.926 4.970 5.018 5.068 5.118 5.168 5.168 5.268 5.317 5.242 5.135 5.011 4.859 4.707 4.555 4.403 4.251 4.099 3.947 3.794 3.761 3.928 4.256 4.256 4.414 4.571 4.729
1.885 1.945 2.005 2.103 2.206 2.243 2.274 2.304 2.305 2.365 2.395 2.425 2.456 2.515 2.778 3.106 3.434 3.748 4.056 4.364 4.672 4.980 5.288 5.564 5.564 5.583 5.347 5.112 4.876 4.640 4.405 4.169 3.934 3.833 3.752 3.671 3.618 3.755 3.891 4.028 4.028 4.301 4.404 4.474 4.544 4.614 4.684 4.754 4.813 4.857 4.901 4.945 4.995 5.045 5.095 5.145 5.145 5.244 5.294 5.344 5.257 5.117 4.965 4.813 4.661 4.509 4.356 4.197 4.037 3.878 3.767 3.854 4.169 4.169 4.327 4.484 4.642
1.906 1.966 2.026 2.087 2.169 2.199 2.230 2.260 2.261 2.322 2.357 2.392 2.427 2.461 2.607 2.915 3.223 3.531 3.839 4.147 4.455 4.763 5.071 5.304 5.304 5.661 5.478 5.242 5.007 4.771 4.535 4.300 4.094 4.013 3.932 3.851 3.770 3.726 3.862 3.999 3.999 4.272 4.354 4.424 4.494 4.564 4.634 4.704 4.774 4.831 4.875 4.922 4.972 5.022 5.071 5.121 5.121 5.221 5.271 5.321 5.365 5.211 5.052 4.892 4.733 4.573 4.414 4.255 4.095 3.936 3.866 3.824 4.082 4.082 4.240 4.397 4.555
1.905 1.962 2.018 2.073 2.144 2.180 2.215 2.250 2.251 2.320 2.355 2.389 2.424 2.467 2.524 2.699 3.007 3.315 3.623 3.931 4.239 4.547 4.854 5.044 5.044 5.401 5.580 5.373 5.137 4.901 4.666 4.430 4.274 4.193 4.112 4.030 3.949 3.868 3.834 3.970 3.971 4.234 4.304 4.374 4.444 4.514 4.584 4.654 4.724 4.794 4.850 4.899 4.948 4.998 5.050 5.105 5.105 5.213 5.267 5.321 5.329 5.269 5.110 4.950 4.791 4.632 4.472 4.313 4.154 4.008 3.966 3.924 3.995 3.995 4.153 4.310 4.468
1.841 1.897 1.953 2.020 2.112 2.177 2.212 2.247 2.248 2.317 2.352 2.387 2.421 2.473 2.530 2.587 2.790 3.098 3.406 3.714 4.022 4.330 4.605 4.784 4.784 5.141 5.320 5.499 5.268 5.032 4.796 4.561 4.453 4.372 4.291 4.210 4.129 4.048 3.967 3.941 3.942 4.184 4.254 4.324 4.394 4.464 4.534 4.604 4.674 4.745 4.819 4.890 4.944 4.998 5.053 5.107 5.107 5.215 5.269 5.324 5.293 5.234 5.168 5.009 4.849 4.690 4.531 4.371 4.212 4.107 4.065 4.023 3.938 3.938 4.066 4.223 4.381
1.841 1.897 1.953 2.020 2.113 2.177 2.212 2.247 2.248 2.317 2.352 2.387 2.422 2.474 2.530 2.587 2.790 3.098 3.406 3.714 4.022 4.330 4.605 4.784 4.784 5.141 5.320 5.499 5.268 5.032 4.797 4.561 4.454 4.373 4.291 4.210 4.129 4.048 3.967 3.941 3.942 4.184 4.254 4.324 4.394 4.464 4.534 4.604 4.674 4.745 4.819 4.890 4.945 4.999 5.053 5.107 5.107 5.215 5.270 5.324 5.293 5.235 5.168 5.009 4.850 4.690 4.531 4.371 4.212 4.107 4.065 4.023 3.939 3.939 4.066 4.224 4.381
1.776 1.833 1.889 1.976 2.068 2.160 2.210 2.245 2.246 2.315 2.350 2.384 2.423 2.480 2.536 2.593 2.650 2.882 3.190 3.498 3.806 4.114 4.345 4.524 4.524 4.881 5.060 5.239 5.398 5.163 4.927 4.715 4.633 4.552 4.471 4.390 4.309 4.228 4.147 4.066 4.066 4.134 4.204 4.275 4.346 4.417 4.489 4.560 4.631 4.703 4.784 4.877 4.947 5.001 5.055 5.109 5.110 5.218 5.272 5.317 5.258 5.199 5.140 5.067 4.908 4.748 4.589 4.430 4.270 4.206 4.164 4.122 4.038 4.038 3.996 4.137 4.294
1.647 1.703 1.794 1.887 1.979 2.071 2.163 2.239 2.240 2.309 2.344 2.379 2.435 2.492 2.549 2.605 2.662 2.718 2.775 3.064 3.372 3.646 3.825 4.003 4.004 4.361 4.540 4.718 4.897 5.076 5.188 5.074 4.978 4.850 4.722 4.594 4.466 4.338 4.210 4.082 4.082 4.065 4.118 4.189 4.261 4.332 4.403 4.475 4.546 4.619 4.713 4.806 4.900 4.994 5.059 5.114 5.114 5.222 5.276 5.245 5.186 5.127 5.069 5.010 4.951 4.865 4.705 4.546 4.447 4.405 4.362 4.320 4.236 4.236 4.194 4.152 4.120
1.582 1.656 1.749 1.842 1.935 2.027 2.119 2.211 2.212 2.307 2.341 2.384 2.441 2.498 2.555 2.611 2.668 2.724 2.781 2.848 3.156 3.386 3.565 3.743 3.743 4.101 4.279 4.470 4.667 4.864 5.044 5.039 4.911 4.783 4.655 4.527 4.399 4.271 4.143 4.016 4.016 4.051 4.093 4.146 4.218 4.289 4.361 4.432 4.503 4.583 4.677 4.771 4.865 4.959 5.052 5.116 5.116 5.224 5.269 5.210 5.151 5.092 5.033 4.974 4.915 4.856 4.764 4.604 4.546 4.504 4.462 4.420 4.335 4.335 4.278 4.202 4.125
1.518 1.612 1.705 1.798 1.890 1.983 2.075 2.167 2.168 2.304 2.339 2.391 2.447 2.504 2.561 2.617 2.674 2.730 2.787 2.843 2.939 3.126 3.323 3.520 3.520 3.914 4.111 4.308 4.504 4.701 4.828 4.853 4.844 4.717 4.588 4.461 4.333 4.205 4.077 3.954 3.954 4.037 4.079 4.121 4.175 4.247 4.318 4.389 4.461 4.548 4.642 4.736 4.829 4.923 5.017 5.110 5.111 5.226 5.233 5.174 5.115 5.056 4.997 4.938 4.880 4.821 4.762 4.687 4.632 4.555 4.478 4.402 4.248 4.248 4.172 4.095 4.024
1.474 1.567 1.660 1.753 1.846 1.938 2.030 2.122 2.123 2.301 2.340 2.397 2.453 2.510 2.567 2.623 2.679 2.734 2.789 2.845 2.895 2.964 3.161 3.357 3.358 3.751 3.948 4.145 4.342 4.538 4.613 4.638 4.663 4.650 4.522 4.394 4.266 4.138 4.010 3.940 3.940 4.023 4.065 4.107 4.148 4.204 4.275 4.347 4.419 4.513 4.606 4.700 4.794 4.888 4.981 5.075 5.075 5.229 5.198 5.139 5.080 5.021 4.966 4.935 4.905 4.874 4.843 4.695 4.525 4.448 4.372 4.295 4.141 4.141 4.065 3.988 3.943
1.430 1.523 1.616 1.709 1.802 1.894 1.987 2.079 2.080 2.263 2.344 2.400 2.455 2.511 2.567 2.622 2.677 2.733 2.788 2.843 2.888 2.924 2.998 3.195 3.195 3.588 3.785 3.982 4.179 4.372 4.397 4.422 4.447 4.473 4.455 4.327 4.200 4.072 3.944 3.926 3.926 4.009 4.051 4.093 4.134 4.176 4.233 4.304 4.383 4.477 4.571 4.665 4.758 4.852 4.946 5.040 5.040 5.232 5.215 5.184 5.154 5.123 5.093 5.062 5.031 5.001 4.970 4.751 4.503 4.342 4.265 4.188 4.035 4.035 3.958 3.881 3.863
1.390 1.483 1.577 1.670 1.762 1.855 1.947 2.039 2.040 2.223 2.319 2.399 2.454 2.510 2.565 2.621 2.676 2.732 2.787 2.842 2.880 2.917 2.953 3.032 3.032 3.426 3.623 3.819 4.016 4.156 4.181 4.207 4.232 4.257 4.282 4.261 4.133 4.005 3.877 3.912 3.912 3.995 4.037 4.079 4.120 4.162 4.204 4.261 4.348 4.442 4.536 4.630 4.729 4.827 4.925 5.023 5.024 5.224 5.333 5.311 5.280 5.250 5.219 5.189 5.158 5.127 5.054 4.807 4.559 4.311 4.158 4.081 3.928 3.928 3.851 3.782 3.782
1.355 1.444 1.537 1.630 1.723 1.815 1.908 2.000 2.001 2.186 2.282 2.378 2.453 2.509 2.564 2.620 2.675 2.730 2.786 2.837 2.873 2.909 2.945 2.982 2.982 3.263 3.460 3.657 3.853 3.941 3.966 3.991 4.016 4.042 4.067 4.092 4.066 3.939 3.856 3.898 3.898 3.981 4.023 4.065 4.106 4.148 4.176 4.192 4.324 4.423 4.521 4.619 4.718 4.816 4.914 5.012 5.013 5.217 5.326 5.435 5.407 5.377 5.346 5.315 5.285 5.254 5.110 4.862 4.615 4.367 4.119 3.975 3.821 3.821 3.744 3.701 3.702
1.398 1.404 1.497 1.590 1.683 1.775 1.868 1.960 1.961 2.148 2.244 2.340 2.436 2.508 2.563 2.619 2.674 2.729 2.785 2.830 2.866 2.902 2.938 2.974 2.974 3.100 3.297 3.494 3.691 3.725 3.750 3.775 3.801 3.826 3.851 3.876 3.902 3.872 3.842 3.884 3.884 3.951 3.967 3.983 3.999 4.016 4.032 4.096 4.279 4.412 4.510 4.608 4.707 4.805 4.903 5.001 5.001 5.209 5.318 5.427 5.534 5.503 5.473 5.442 5.411 5.381 5.166 4.918 4.670 4.423 4.175 3.927 3.714 3.714 3.638 3.621 3.621
1.440 1.379 1.457 1.550 1.643 1.736 1.828 1.921 1.922 2.111 2.207 2.303 2.399 2.495 2.562 2.617 2.673 2.728 2.783 2.822 2.858 2.895 2.931 2.967 2.967 3.039 3.134 3.331 3.484 3.510 3.535 3.560 3.585 3.610 3.636 3.661 3.695 3.733 3.758 3.774 3.775 3.807 3.823 3.839 3.856 3.872 3.888 4.003 4.186 4.369 4.499 4.597 4.696 4.794 4.892 4.990 4.990 5.201 5.310 5.419 5.528 5.630 5.599 5.569 5.538 5.469 5.221 4.974 4.726 4.478 4.231 3.983 3.607 3.608 3.540 3.540 3.541
1.483 1.421 1.417 1.510 1.603 1.696 1.789 1.881 1.882 2.073 2.169 2.265 2.361 2.457 2.553 2.616 2.672 2.727 2.779 2.815 2.851 2.887 2.923 2.960 2.960 3.032 3.068 3.168 3.269 3.294 3.319 3.351 3.389 3.427 3.465 3.503 3.541 3.577 3.606 3.630 3.631 3.663 3.679 3.695 3.712 3.728 3.744 3.910 4.093 4.275 4.458 4.586 4.685 4.783 4.881 4.979 4.980 5.194 5.303 5.412 5.521 5.630 5.726 5.695 5.665 5.525 5.277 5.029 4.782 4.534 4.287 4.039 3.544 3.544 3.460 3.464 3.481
1.525 1.464 1.403 1.470 1.564 1.656 1.749 1.842 1.843 2.035 2.132 2.228 2.324 2.420 2.515 2.611 2.670 2.726 2.771 2.808 2.844 2.880 2.916 2.952 2.953 3.025 3.058 3.084 3.084 3.122 3.160 3.197 3.235 3.273 3.311 3.349 3.387 3.420 3.450 3.479 3.479 3.519 3.535 3.552 3.568 3.584 3.634 3.817 3.999 4.182 4.365 4.547 4.674 4.772 4.870 4.968 4.968 5.186 5.295 5.404 5.513 5.622 5.731 5.822 5.792 5.581 5.333 5.085 4.837 4.590 4.343 4.097 3.605 3.605 3.483 3.477 3.493
1.567 1.506 1.445 1.430 1.524 1.617 1.709 1.804 1.806 1.998 2.094 2.190 2.286 2.382 2.478 2.573 2.669 2.724 2.764 2.800 2.836 2.873 2.901 2.927 2.927 2.980 3.006 3.024 2.979 2.968 3.005 3.043 3.081 3.119 3.157 3.195 3.233 3.264 3.293 3.322 3.323 3.375 3.391 3.408 3.424 3.440 3.541 3.724 3.906 4.089 4.271 4.454 4.637 4.761 4.859 4.961 4.961 5.179 5.288 5.397 5.506 5.615 5.724 5.833 5.884 5.638 5.392 5.146 4.900 4.654 4.407 4.161 3.683 3.683 3.595 3.507 3.505
1.610 1.548 1.487 1.426 1.484 1.577 1.670 1.767 1.768 1.960 2.057 2.153 2.249 2.344 2.440 2.536 2.632 2.717 2.744 2.770 2.796 2.823 2.849 2.875 2.875 2.928 2.954 2.953 2.909 2.864 2.851 2.889 2.927 2.965 3.003 3.040 3.078 3.107 3.136 3.166 3.166 3.224 3.248 3.264 3.280 3.297 3.447 3.630 3.813 3.996 4.178 4.361 4.544 4.726 4.848 4.953 4.953 5.171 5.280 5.390 5.502 5.614 5.726 5.837 5.842 5.702 5.456 5.210 4.964 4.718 4.472 4.225 3.796 3.796 3.708 3.620 3.532
1.652 1.590 1.529 1.468 1.443 1.537 1.632 1.729 1.730 1.923 2.019 2.115 2.211 2.316 2.430 2.544 2.658 2.724 2.693 2.718 2.744 2.771 2.797 2.823 2.823 2.876 2.902 2.883 2.838 2.794 2.749 2.735 2.773 2.811 2.848 2.886 2.921 2.951 2.980 3.009 3.009 3.067 3.097 3.120 3.136 3.171 3.354 3.537 3.720 3.902 4.085 4.268 4.450 4.633 4.822 4.950 4.950 5.174 5.286 5.397 5.509 5.621 5.733 5.845 5.778 5.663 5.520 5.274 5.028 4.782 4.536 4.290 3.908 3.908 3.821 3.733 3.645
1.652 1.590 1.529 1.468 1.443 1.536 1.632 1.729 1.731 1.923 2.019 2.115 2.211 2.316 2.430 2.544 2.658 2.725 2.693 2.718 2.744 2.771 2.797 2.823 2.823 2.876 2.902 2.883 2.838 2.794 2.749 2.735 2.773 2.811 2.848 2.886 2.921 2.951 2.980 3.009 3.010 3.068 3.097 3.120 3.137 3.172 3.355 3.537 3.720 3.903 4.085 4.268 4.451 4.633 4.822 4.951 4.951 5.174 5.286 5.398 5.510 5.621 5.733 5.845 5.778 5.663 5.520 5.274 5.028 4.782 4.536 4.290 3.909 3.909 3.821 3.733 3.645
1.742 1.634 1.571 1.509 1.449 1.496 1.594 1.691 1.693 1.898 2.013 2.127 2.241 2.356 2.470 2.584 2.697 2.737 2.705 2.673 2.692 2.719 2.745 2.771 2.771 2.824 2.850 2.812 2.768 2.723 2.679 2.634 2.619 2.656 2.694 2.732 2.765 2.794 2.823 2.852 2.853 2.911 2.940 2.969 2.993 3.079 3.261 3.444 3.627 3.816 4.009 4.202 4.394 4.587 4.774 4.944 4.944 5.181 5.293 5.405 5.517 5.629 5.740 5.828 5.714 5.599 5.485 5.338 5.092 4.846 4.600 4.354 4.021 4.021 3.934 3.846 3.758
