includes/camargue/floodfiles/results_R2_t1.562343928288E12/res-0013.wd
ncols         906
nrows         631
xllcorner     362177.146667
yllcorner     6534725.688020
cellsize      20.000000
NODATA_value  -9999.000000
[rows 510 to 543 of 631, columns 462 to 538 of 906]
0.000 0.002 0.002 0.002 0.002 0.002 0.001 0.001 0.001 0.001 0.000 0.001 0.000 0.001 0.000 0.000 0.000 0.000 0.000 0.000 0.001 0.002 0.002 0.005 0.007 0.006 0.005 0.004 0.003 0.001 0.002 0.001 0.001 0.001 0.001 0.001 0.001 0.001 0.001 0.001 0.001 0.001 0.000 0.001 0.000 0.000 0.001 0.000 0.000 0.000 0.000 0.000 0.001 0.000 0.001 0.001 0.001 0.001 0.001 0.002 0.001 0.000 0.000 0.000 0.000 0.000 0.000 0.000 0.000 0.000 0.000 0.000 0.000 0.000 0.000 0.000 0.000
0.001 0.002 0.002 0.002 0.002 0.002 0.002 0.002 0.002 0.001 0.001 0.000 0.000 0.001 0.000 0.000 0.000 0.001 0.001 0.001 0.001 0.002 0.002 0.005 0.007 0.009 0.008 0.006 0.004 0.002 0.002 0.001 0.001 0.001 0.001 0.001 0.002 0.002 0.001 0.001 0.001 0.001 0.001 0.001 0.001 0.000 0.001 0.000 0.000 0.000 0.000 0.000 0.001 0.001 0.001 0.001 0.001 0.001 0.001 0.003 0.001 0.000 0.000 0.000 0.000 0.000 0.000 0.000 0.000 0.000 0.000 0.000 0.000 0.000 0.000 0.000 0.000
0.000 0.001 0.002 0.002 0.002 0.002 0.002 0.002 0.002 0.002 0.001 0.001 0.000 0.001 0.000 0.001 0.000 0.000 0.001 0.000 0.001 0.001 0.002 0.004 0.006 0.008 0.010 0.007 0.005 0.002 0.002 0.001 0.001 0.001 0.002 0.002 0.002 0.002 0.002 0.002 0.001 0.001 0.001 0.001 0.001 0.000 0.000 0.001 0.000 0.000 0.000 0.001 0.000 0.001 0.001 0.001 0.001 0.001 0.001 0.004 0.000 0.000 0.000 0.000 0.000 0.000 0.000 0.000 0.000 0.000 0.000 0.000 0.000 0.000 0.000 0.000 0.000
0.000 0.001 0.002 0.002 0.002 0.002 0.002 0.002 0.002 0.002 0.001 0.001 0.001 0.002 0.001 0.000 0.000 0.001 0.000 0.001 0.001 0.001 0.002 0.003 0.005 0.007 0.009 0.009 0.006 0.003 0.002 0.002 0.002 0.002 0.002 0.002 0.002 0.002 0.002 0.002 0.002 0.001 0.001 0.001 0.001 0.001 0.001 0.000 0.000 0.001 0.000 0.001 0.001 0.001 0.000 0.001 0.001 0.001 0.002 0.004 0.000 0.000 0.000 0.000 0.000 0.000 0.000 0.000 0.000 0.000 0.000 0.000 0.000 0.000 0.000 0.000 0.000
0.000 0.001 0.002 0.002 0.002 0.002 0.002 0.002 0.002 0.002 0.002 0.001 0.001 0.002 0.001 0.000 0.000 0.000 0.000 0.000 0.000 0.001 0.002 0.003 0.004 0.006 0.008 0.010 0.009 0.004 0.003 0.002 0.002 0.002 0.002 0.002 0.002 0.002 0.002 0.002 0.002 0.002 0.002 0.001 0.001 0.001 0.000 0.000 0.001 0.000 0.000 0.000 0.001 0.000 0.000 0.001 0.001 0.001 0.002 0.004 0.000 0.000 0.000 0.000 0.000 0.000 0.000 0.000 0.000 0.000 0.000 0.000 0.000 0.000 0.000 0.000 0.000
0.000 0.001 0.002 0.002 0.002 0.002 0.002 0.002 0.002 0.002 0.002 0.001 0.001 0.002 0.000 0.001 0.000 0.001 0.001 0.000 0.000 0.000 0.001 0.002 0.003 0.005 0.007 0.009 0.011 0.006 0.004 0.003 0.002 0.002 0.002 0.002 0.002 0.002 0.002 0.002 0.002 0.002 0.002 0.002 0.001 0.001 0.000 0.001 0.000 0.000 0.000 0.000 0.000 0.000 0.001 0.001 0.001 0.001 0.002 0.005 0.000 0.000 0.000 0.000 0.000 0.000 0.000 0.000 0.000 0.000 0.000 0.000 0.000 0.000 0.000 0.000 0.000
0.001 0.001 0.001 0.002 0.002 0.002 0.002 0.002 0.002 0.002 0.002 0.002 0.001 0.002 0.001 0.001 0.001 0.000 0.000 0.000 0.000 0.001 0.001 0.002 0.003 0.004 0.006 0.008 0.010 0.008 0.006 0.004 0.003 0.002 0.002 0.002 0.002 0.002 0.002 0.002 0.002 0.002 0.002 0.002 0.001 0.002 0.000 0.001 0.000 0.000 0.000 0.000 0.000 0.001 0.000 0.001 0.001 0.001 0.002 0.005 0.000 0.000 0.000 0.000 0.000 0.000 0.000 0.000 0.000 0.000 0.000 0.000 0.000 0.000 0.000 0.000 0.000
0.001 0.000 0.001 0.002 0.002 0.002 0.003 0.003 0.002 0.002 0.002 0.002 0.001 0.002 0.001 0.001 0.000 0.001 0.000 0.000 0.001 0.001 0.001 0.002 0.003 0.004 0.005 0.007 0.009 0.011 0.008 0.006 0.004 0.003 0.002 0.002 0.002 0.002 0.002 0.002 0.002 0.002 0.002 0.002 0.001 0.002 0.001 0.000 0.000 0.001 0.000 0.001 0.001 0.000 0.001 0.001 0.001 0.002 0.003 0.004 0.000 0.000 0.000 0.000 0.000 0.000 0.000 0.000 0.000 0.000 0.000 0.000 0.000 0.000 0.000 0.000 0.000
0.000 0.000 0.001 0.002 0.002 0.002 0.002 0.003 0.003 0.002 0.002 0.002 0.001 0.003 0.001 0.001 0.001 0.001 0.000 0.001 0.001 0.000 0.001 0.002 0.002 0.003 0.004 0.007 0.008 0.012 0.009 0.009 0.007 0.004 0.003 0.002 0.002 0.002 0.002 0.002 0.002 0.002 0.002 0.002 0.001 0.002 0.001 0.000 0.001 0.000 0.001 0.000 0.000 0.000 0.001 0.001 0.001 0.002 0.005 0.003 0.000 0.000 0.000 0.000 0.000 0.000 0.000 0.000 0.000 0.000 0.000 0.000 0.000 0.000 0.000 0.000 0.000
0.000 0.000 0.001 0.002 0.002 0.002 0.002 0.003 0.003 0.003 0.002 0.002 0.002 0.003 0.001 0.001 0.001 0.001 0.001 0.001 0.000 0.001 0.001 0.002 0.002 0.003 0.005 0.006 0.007 0.011 0.008 0.009 0.008 0.008 0.005 0.003 0.003 0.002 0.002 0.002 0.002 0.002 0.002 0.002 0.001 0.002 0.001 0.001 0.000 0.001 0.000 0.000 0.000 0.001 0.000 0.001 0.001 0.002 0.004 0.006 0.000 0.000 0.000 0.000 0.000 0.000 0.000 0.000 0.000 0.000 0.000 0.000 0.000 0.000 0.000 0.000 0.001
0.000 0.000 0.001 0.001 0.002 0.002 0.002 0.003 0.003 0.003 0.003 0.002 0.002 0.003 0.002 0.002 0.001 0.001 0.001 0.001 0.001 0.001 0.001 0.002 0.002 0.003 0.005 0.006 0.006 0.010 0.008 0.008 0.008 0.008 0.008 0.007 0.004 0.003 0.002 0.002 0.002 0.002 0.002 0.002 0.001 0.002 0.001 0.000 0.001 0.001 0.000 0.000 0.001 0.000 0.000 0.001 0.001 0.002 0.003 0.005 0.030 0.061 0.069 0.064 0.059 0.052 0.044 0.037 0.029 0.022 0.016 0.010 0.010 0.022 0.046 0.072 0.089
0.000 0.001 0.001 0.001 0.002 0.002 0.002 0.003 0.003 0.003 0.003 0.002 0.002 0.003 0.002 0.002 0.002 0.002 0.001 0.001 0.001 0.001 0.002 0.002 0.003 0.003 0.004 0.005 0.005 0.010 0.007 0.008 0.008 0.008 0.008 0.008 0.008 0.006 0.004 0.003 0.002 0.002 0.002 0.002 0.001 0.002 0.001 0.001 0.001 0.001 0.000 0.001 0.000 0.001 0.001 0.001 0.002 0.002 0.002 0.009 0.071 0.151 0.155 0.164 0.160 0.155 0.150 0.144 0.137 0.131 0.125 0.118 0.120 0.134 0.149 0.164 0.176
0.000 0.000 0.001 0.001 0.002 0.002 0.002 0.003 0.003 0.003 0.003 0.003 0.002 0.004 0.002 0.002 0.002 0.002 0.002 0.002 0.002 0.002 0.002 0.002 0.003 0.003 0.004 0.005 0.005 0.009 0.007 0.008 0.008 0.009 0.009 0.009 0.009 0.008 0.008 0.005 0.004 0.003 0.002 0.002 0.001 0.002 0.001 0.001 0.001 0.001 0.001 0.000 0.001 0.001 0.001 0.001 0.002 0.002 0.002 0.028 0.091 0.169 0.173 0.211 0.248 0.243 0.238 0.231 0.225 0.218 0.212 0.206 0.207 0.222 0.236 0.249 0.261
0.001 0.002 0.002 0.002 0.003 0.004 0.004 0.005 0.005 0.005 0.005 0.005 0.004 0.007 0.004 0.004 0.004 0.004 0.004 0.004 0.004 0.004 0.004 0.004 0.005 0.005 0.006 0.007 0.006 0.011 0.008 0.009 0.010 0.010 0.011 0.011 0.011 0.011 0.011 0.012 0.011 0.009 0.007 0.005 0.003 0.005 0.003 0.003 0.003 0.003 0.003 0.004 0.003 0.003 0.003 0.003 0.004 0.004 0.005 0.057 0.110 0.186 0.190 0.228 0.264 0.301 0.323 0.317 0.311 0.304 0.298 0.291 0.293 0.307 0.320 0.333 0.346
0.000 0.001 0.000 0.001 0.001 0.002 0.002 0.002 0.003 0.003 0.003 0.003 0.002 0.004 0.002 0.002 0.002 0.002 0.002 0.002 0.002 0.002 0.003 0.003 0.003 0.003 0.004 0.004 0.004 0.007 0.005 0.006 0.007 0.007 0.007 0.008 0.008 0.008 0.008 0.009 0.008 0.006 0.004 0.003 0.002 0.003 0.001 0.001 0.001 0.001 0.002 0.002 0.002 0.002 0.002 0.002 0.002 0.002 0.008 0.064 0.115 0.189 0.193 0.230 0.267 0.303 0.325 0.319 0.313 0.306 0.300 0.293 0.295 0.308 0.322 0.334 0.347
0.001 0.000 0.001 0.001 0.001 0.002 0.002 0.002 0.003 0.003 0.003 0.003 0.002 0.004 0.002 0.002 0.002 0.002 0.002 0.002 0.002 0.003 0.003 0.003 0.003 0.003 0.004 0.004 0.003 0.007 0.005 0.005 0.006 0.007 0.007 0.007 0.008 0.008 0.008 0.009 0.009 0.009 0.006 0.004 0.002 0.003 0.002 0.002 0.002 0.002 0.002 0.002 0.002 0.002 0.002 0.002 0.002 0.004 0.032 0.085 0.133 0.206 0.210 0.247 0.283 0.319 0.354 0.389 0.398 0.392 0.385 0.378 0.380 0.393 0.406 0.419 0.425
0.001 0.001 0.000 0.001 0.001 0.001 0.002 0.002 0.002 0.002 0.002 0.002 0.002 0.003 0.002 0.002 0.002 0.002 0.002 0.002 0.002 0.002 0.002 0.002 0.003 0.003 0.003 0.003 0.003 0.006 0.004 0.004 0.005 0.005 0.006 0.006 0.006 0.007 0.007 0.007 0.008 0.008 0.007 0.006 0.002 0.004 0.002 0.002 0.002 0.002 0.002 0.002 0.002 0.002 0.002 0.002 0.002 0.021 0.057 0.105 0.150 0.223 0.226 0.263 0.299 0.335 0.370 0.404 0.439 0.473 0.469 0.463 0.465 0.478 0.490 0.484 0.478
0.003 0.002 0.001 0.001 0.001 0.002 0.002 0.002 0.002 0.002 0.003 0.003 0.002 0.004 0.002 0.002 0.002 0.003 0.003 0.003 0.003 0.003 0.003 0.003 0.003 0.003 0.004 0.004 0.003 0.006 0.004 0.005 0.006 0.006 0.007 0.007 0.008 0.008 0.008 0.008 0.009 0.009 0.007 0.006 0.007 0.003 0.002 0.002 0.002 0.002 0.002 0.002 0.002 0.002 0.002 0.003 0.026 0.064 0.091 0.138 0.181 0.253 0.256 0.293 0.329 0.364 0.399 0.433 0.468 0.502 0.536 0.569 0.595 0.601 0.595 0.589 0.583
0.004 0.003 0.002 0.001 0.001 0.002 0.002 0.002 0.002 0.002 0.002 0.002 0.002 0.004 0.002 0.002 0.003 0.003 0.003 0.003 0.003 0.003 0.003 0.003 0.003 0.003 0.004 0.004 0.003 0.006 0.004 0.005 0.005 0.006 0.006 0.007 0.007 0.008 0.008 0.008 0.007 0.007 0.007 0.007 0.010 0.002 0.002 0.002 0.001 0.002 0.002 0.002 0.002 0.003 0.003 0.017 0.058 0.086 0.109 0.155 0.197 0.269 0.272 0.308 0.344 0.379 0.414 0.448 0.482 0.516 0.550 0.583 0.608 0.625 0.643 0.642 0.636
0.004 0.004 0.003 0.002 0.002 0.002 0.002 0.002 0.002 0.002 0.002 0.002 0.002 0.003 0.002 0.002 0.001 0.002 0.003 0.003 0.003 0.003 0.003 0.003 0.003 0.004 0.004 0.004 0.003 0.006 0.004 0.004 0.005 0.005 0.006 0.006 0.007 0.007 0.007 0.006 0.006 0.006 0.007 0.008 0.023 0.007 0.007 0.003 0.002 0.001 0.002 0.002 0.003 0.005 0.021 0.059 0.085 0.107 0.127 0.173 0.214 0.285 0.288 0.324 0.359 0.394 0.429 0.463 0.497 0.530 0.563 0.596 0.621 0.638 0.656 0.673 0.689
0.004 0.005 0.003 0.002 0.002 0.002 0.002 0.002 0.002 0.002 0.002 0.002 0.002 0.003 0.002 0.003 0.002 0.002 0.001 0.002 0.002 0.003 0.003 0.003 0.003 0.004 0.004 0.004 0.003 0.006 0.004 0.004 0.005 0.005 0.006 0.006 0.006 0.006 0.006 0.006 0.006 0.008 0.025 0.063 0.089 0.080 0.078 0.069 0.058 0.047 0.036 0.030 0.036 0.053 0.073 0.093 0.111 0.129 0.146 0.190 0.230 0.301 0.303 0.339 0.375 0.409 0.443 0.477 0.510 0.544 0.577 0.610 0.634 0.651 0.668 0.686 0.703
0.003 0.006 0.004 0.003 0.002 0.002 0.002 0.002 0.002 0.002 0.002 0.002 0.002 0.003 0.002 0.004 0.002 0.002 0.002 0.002 0.002 0.001 0.002 0.003 0.003 0.004 0.004 0.004 0.003 0.006 0.004 0.004 0.005 0.005 0.005 0.005 0.005 0.005 0.005 0.006 0.022 0.066 0.095 0.123 0.147 0.136 0.136 0.129 0.122 0.115 0.109 0.102 0.096 0.098 0.109 0.122 0.136 0.150 0.166 0.208 0.247 0.317 0.319 0.355 0.389 0.423 0.457 0.491 0.524 0.557 0.590 0.623 0.647 0.664 0.681 0.699 0.716
0.003 0.005 0.005 0.004 0.003 0.002 0.002 0.002 0.002 0.002 0.002 0.002 0.002 0.004 0.002 0.005 0.002 0.002 0.002 0.002 0.002 0.002 0.002 0.002 0.002 0.003 0.003 0.004 0.003 0.006 0.004 0.004 0.004 0.004 0.004 0.004 0.004 0.005 0.012 0.055 0.090 0.121 0.146 0.172 0.197 0.184 0.185 0.178 0.172 0.167 0.161 0.155 0.149 0.142 0.138 0.147 0.158 0.169 0.185 0.225 0.263 0.333 0.335 0.370 0.404 0.437 0.471 0.504 0.538 0.571 0.604 0.637 0.660 0.677 0.694 0.711 0.729
0.003 0.004 0.006 0.004 0.003 0.003 0.002 0.002 0.002 0.002 0.002 0.002 0.002 0.004 0.002 0.005 0.003 0.002 0.002 0.002 0.002 0.002 0.002 0.002 0.002 0.002 0.002 0.003 0.003 0.005 0.003 0.004 0.003 0.003 0.004 0.004 0.005 0.032 0.080 0.110 0.139 0.167 0.192 0.217 0.242 0.228 0.229 0.223 0.217 0.211 0.205 0.199 0.193 0.187 0.182 0.178 0.179 0.188 0.204 0.243 0.280 0.347 0.350 0.384 0.418 0.451 0.485 0.518 0.551 0.584 0.617 0.650 0.673 0.690 0.707 0.725 0.742
0.003 0.004 0.006 0.005 0.004 0.003 0.003 0.002 0.002 0.002 0.002 0.006 0.014 0.044 0.047 0.062 0.063 0.047 0.028 0.015 0.006 0.002 0.002 0.002 0.002 0.002 0.002 0.002 0.001 0.004 0.003 0.003 0.003 0.003 0.003 0.009 0.057 0.094 0.128 0.156 0.182 0.209 0.235 0.260 0.284 0.269 0.270 0.264 0.258 0.251 0.245 0.239 0.233 0.227 0.222 0.217 0.213 0.209 0.222 0.259 0.295 0.362 0.364 0.398 0.432 0.465 0.499 0.532 0.565 0.598 0.631 0.664 0.686 0.703 0.720 0.738 0.755
0.002 0.003 0.006 0.006 0.004 0.003 0.003 0.006 0.014 0.035 0.063 0.081 0.094 0.117 0.118 0.129 0.133 0.121 0.109 0.097 0.086 0.071 0.046 0.023 0.010 0.003 0.002 0.002 0.002 0.002 0.002 0.003 0.003 0.003 0.018 0.075 0.109 0.141 0.171 0.198 0.223 0.249 0.275 0.300 0.323 0.308 0.310 0.303 0.297 0.290 0.283 0.277 0.271 0.266 0.260 0.255 0.250 0.244 0.247 0.275 0.310 0.377 0.379 0.413 0.446 0.480 0.513 0.546 0.579 0.612 0.645 0.678 0.699 0.716 0.733 0.751 0.768
0.002 0.003 0.005 0.010 0.017 0.032 0.055 0.075 0.093 0.109 0.125 0.139 0.152 0.174 0.175 0.187 0.193 0.181 0.170 0.158 0.147 0.134 0.119 0.104 0.090 0.076 0.048 0.015 0.003 0.001 0.001 0.002 0.003 0.023 0.083 0.121 0.152 0.182 0.211 0.237 0.263 0.288 0.313 0.338 0.361 0.346 0.347 0.340 0.334 0.327 0.321 0.314 0.308 0.303 0.297 0.291 0.282 0.274 0.277 0.304 0.331 0.392 0.393 0.427 0.461 0.494 0.527 0.560 0.593 0.626 0.659 0.691 0.712 0.730 0.747 0.764 0.781
0.002 0.002 0.012 0.076 0.086 0.097 0.115 0.134 0.150 0.165 0.180 0.193 0.206 0.228 0.229 0.241 0.250 0.238 0.227 0.215 0.203 0.191 0.178 0.164 0.150 0.136 0.119 0.081 0.010 0.000 0.000 0.001 0.004 0.074 0.128 0.163 0.193 0.222 0.249 0.275 0.301 0.326 0.351 0.376 0.397 0.383 0.384 0.377 0.371 0.364 0.357 0.351 0.345 0.338 0.329 0.320 0.311 0.303 0.307 0.334 0.360 0.409 0.411 0.442 0.475 0.508 0.541 0.574 0.607 0.640 0.673 0.705 0.726 0.743 0.760 0.777 0.794
0.003 0.004 0.068 0.122 0.135 0.152 0.171 0.188 0.204 0.218 0.232 0.246 0.258 0.281 0.282 0.293 0.304 0.293 0.282 0.270 0.258 0.246 0.233 0.220 0.207 0.192 0.149 0.102 0.039 0.000 0.000 0.001 0.018 0.094 0.145 0.189 0.231 0.260 0.287 0.313 0.338 0.363 0.388 0.413 0.433 0.419 0.420 0.413 0.406 0.400 0.393 0.387 0.377 0.368 0.359 0.349 0.340 0.331 0.337 0.363 0.389 0.438 0.439 0.464 0.489 0.522 0.555 0.588 0.621 0.654 0.687 0.719 0.739 0.756 0.773 0.791 0.808
0.003 0.017 0.095 0.151 0.187 0.205 0.223 0.240 0.255 0.270 0.284 0.297 0.310 0.332 0.333 0.345 0.356 0.348 0.336 0.324 0.313 0.301 0.288 0.275 0.250 0.209 0.167 0.123 0.077 0.001 0.000 0.001 0.052 0.115 0.163 0.206 0.247 0.286 0.324 0.349 0.374 0.399 0.424 0.449 0.469 0.454 0.455 0.448 0.442 0.435 0.426 0.416 0.406 0.397 0.387 0.378 0.368 0.359 0.366 0.393 0.418 0.467 0.468 0.493 0.518 0.542 0.570 0.602 0.635 0.668 0.701 0.733 0.752 0.769 0.787 0.804 0.821
0.002 0.019 0.098 0.154 0.191 0.209 0.227 0.243 0.259 0.273 0.287 0.301 0.313 0.336 0.337 0.348 0.360 0.352 0.340 0.328 0.316 0.304 0.292 0.279 0.254 0.214 0.173 0.130 0.087 0.001 0.000 0.003 0.073 0.125 0.170 0.212 0.252 0.290 0.327 0.353 0.378 0.403 0.428 0.453 0.473 0.458 0.459 0.452 0.445 0.439 0.430 0.420 0.410 0.400 0.390 0.381 0.371 0.362 0.369 0.395 0.420 0.469 0.470 0.495 0.520 0.544 0.571 0.604 0.637 0.669 0.702 0.735 0.754 0.771 0.788 0.805 0.822
0.001 0.030 0.108 0.154 0.194 0.233 0.270 0.295 0.311 0.326 0.339 0.353 0.365 0.388 0.389 0.401 0.412 0.407 0.395 0.383 0.372 0.359 0.347 0.311 0.272 0.232 0.192 0.151 0.108 0.007 0.001 0.030 0.098 0.146 0.188 0.229 0.268 0.306 0.343 0.380 0.415 0.440 0.464 0.489 0.508 0.493 0.494 0.487 0.479 0.469 0.459 0.449 0.439 0.429 0.419 0.410 0.400 0.391 0.399 0.424 0.450 0.498 0.499 0.524 0.548 0.573 0.597 0.621 0.651 0.684 0.716 0.749 0.767 0.784 0.802 0.820 0.842
0.001 0.042 0.106 0.152 0.192 0.231 0.268 0.304 0.339 0.373 0.391 0.404 0.417 0.440 0.441 0.452 0.464 0.461 0.450 0.438 0.426 0.407 0.368 0.329 0.290 0.250 0.210 0.170 0.128 0.027 0.011 0.075 0.123 0.166 0.206 0.245 0.283 0.321 0.358 0.395 0.432 0.468 0.500 0.525 0.543 0.527 0.528 0.518 0.508 0.498 0.487 0.477 0.467 0.458 0.448 0.438 0.429 0.419 0.428 0.454 0.479 0.527 0.528 0.553 0.577 0.601 0.625 0.650 0.674 0.698 0.730 0.763 0.781 0.798 0.820 0.842 0.865
0.001 0.032 0.098 0.145 0.185 0.223 0.260 0.296 0.331 0.365 0.399 0.432 0.464 0.527 0.528 0.551 0.562 0.566 0.551 0.513 0.474 0.436 0.397 0.359 0.320 0.281 0.242 0.202 0.162 0.076 0.078 0.115 0.156 0.196 0.234 0.272 0.309 0.347 0.383 0.420 0.456 0.493 0.529 0.561 0.584 0.581 0.582 0.572 0.562 0.552 0.541 0.531 0.521 0.511 0.502 0.492 0.482 0.473 0.484 0.509 0.534 0.583 0.583 0.608 0.632 0.656 0.681 0.705 0.729 0.753 0.776 0.797 0.819 0.841 0.863 0.886 0.908
