includes/camargue/floodfiles/results_R2_t1.562343928288E12/res-0001.wd
ncols         906
nrows         631
xllcorner     362177.146667
yllcorner     6534725.688020
cellsize      20.000000
NODATA_value  -9999.000000
[rows 544 to 577 of 631, columns 154 to 230 of 906]
5.380 5.691 6.003 6.314 6.424 6.510 6.596 6.652 6.625 6.598 6.571 6.544 6.517 6.619 6.865 6.866 7.357 7.603 7.849 8.094 8.178 8.187 8.060 7.841 7.622 7.403 7.183 6.964 6.745 6.526 6.306 6.306 6.242 6.243 6.244 6.245 6.246 6.247 6.248 6.248 6.249 6.250 6.225 6.188 6.153 6.119 6.084 6.084 6.014 5.979 5.944 5.909 5.874 5.839 5.820 5.893 5.966 6.039 6.112 6.185 6.258 6.331 6.403 6.555 6.555 6.633 6.670 6.661 6.652 6.642 6.633 6.624 6.614 6.605 6.659 6.734 6.810
5.234 5.545 5.856 6.137 6.223 6.309 6.396 6.482 6.556 6.529 6.502 6.475 6.448 6.623 6.869 6.869 7.360 7.606 7.852 8.098 8.344 8.413 8.195 7.976 7.757 7.538 7.318 7.077 6.811 6.545 6.279 6.279 6.187 6.189 6.190 6.192 6.194 6.196 6.197 6.199 6.201 6.202 6.153 6.103 6.077 6.051 6.025 6.025 5.972 5.946 5.919 5.893 5.867 5.840 5.838 5.905 5.972 6.039 6.106 6.173 6.240 6.307 6.374 6.508 6.508 6.548 6.539 6.530 6.520 6.511 6.502 6.492 6.483 6.473 6.546 6.622 6.697
5.087 5.399 5.710 5.937 6.023 6.109 6.195 6.281 6.368 6.454 6.432 6.405 6.380 6.626 6.872 6.872 7.364 7.610 7.855 8.101 8.219 8.308 8.069 7.803 7.537 7.271 7.005 6.739 6.473 6.207 5.941 5.941 6.144 6.146 6.147 6.149 6.151 6.153 6.154 6.156 6.158 6.143 6.056 5.974 5.948 5.922 5.895 5.895 5.843 5.816 5.790 5.764 5.737 5.704 5.662 5.702 5.769 5.836 5.903 5.970 6.037 6.104 6.171 6.305 6.304 6.371 6.408 6.398 6.389 6.379 6.370 6.361 6.351 6.358 6.433 6.509 6.584
4.941 5.253 5.564 5.736 5.823 5.909 5.995 6.081 6.167 6.254 6.340 6.336 6.384 6.630 6.875 6.876 7.280 7.371 7.462 7.553 7.644 7.730 7.731 7.465 7.199 6.933 6.667 6.401 6.135 5.869 5.810 5.810 6.068 6.103 6.104 6.106 6.108 6.110 6.111 6.113 6.115 6.047 5.959 5.872 5.818 5.792 5.766 5.766 5.713 5.687 5.660 5.634 5.607 5.565 5.523 5.499 5.566 5.633 5.700 5.767 5.834 5.901 5.968 6.101 6.101 6.168 6.234 6.267 6.257 6.248 6.239 6.229 6.220 6.245 6.321 6.396 6.472
4.795 5.106 5.418 5.536 5.622 5.708 5.795 5.881 5.967 6.053 6.139 6.226 6.340 6.431 6.522 6.522 6.704 6.795 6.887 6.978 7.068 7.153 7.238 7.127 6.861 6.595 6.329 6.063 5.797 5.563 5.692 5.692 5.950 6.060 6.061 6.063 6.065 6.067 6.068 6.070 6.037 5.950 5.863 5.775 5.689 5.662 5.636 5.636 5.584 5.557 5.531 5.505 5.468 5.426 5.384 5.342 5.363 5.430 5.497 5.564 5.630 5.697 5.764 5.898 5.898 5.964 6.031 6.098 6.126 6.117 6.107 6.098 6.088 6.132 6.208 6.283 6.359
4.649 4.960 5.249 5.336 5.422 5.508 5.594 5.681 5.767 5.853 5.884 5.891 5.863 5.856 5.947 5.947 6.129 6.220 6.311 6.402 6.490 6.575 6.660 6.746 6.523 6.257 5.991 5.725 5.459 5.445 5.574 5.574 5.832 5.961 6.018 6.020 6.022 6.024 6.025 6.027 5.941 5.853 5.766 5.679 5.591 5.533 5.507 5.507 5.454 5.428 5.401 5.371 5.329 5.287 5.245 5.203 5.161 5.226 5.293 5.360 5.427 5.494 5.561 5.695 5.694 5.761 5.828 5.894 5.961 5.985 5.976 5.966 5.957 6.020 6.095 6.171 6.246
4.502 4.814 5.049 5.135 5.221 5.308 5.394 5.480 5.487 5.495 5.503 5.510 5.480 5.426 5.372 5.373 5.554 5.645 5.736 5.827 5.913 5.998 6.083 6.168 6.185 5.919 5.653 5.387 5.197 5.326 5.455 5.456 5.713 5.842 5.971 5.977 5.979 5.981 5.983 5.931 5.844 5.757 5.669 5.582 5.495 5.407 5.377 5.377 5.325 5.298 5.272 5.231 5.189 5.147 5.105 5.063 5.021 5.023 5.090 5.157 5.224 5.291 5.358 5.491 5.491 5.558 5.624 5.691 5.757 5.824 5.844 5.835 5.831 5.907 5.982 6.058 6.133
4.356 4.668 4.849 4.935 5.021 5.083 5.091 5.099 5.106 5.114 5.121 5.129 5.096 5.043 4.989 4.989 4.979 5.070 5.161 5.250 5.335 5.420 5.506 5.591 5.676 5.581 5.315 5.048 5.079 5.208 5.337 5.337 5.595 5.724 5.853 5.934 5.936 5.938 5.922 5.835 5.747 5.660 5.573 5.485 5.398 5.310 5.248 5.248 5.195 5.169 5.134 5.092 5.050 5.008 4.966 4.924 4.882 4.840 4.887 4.954 5.021 5.088 5.155 5.288 5.288 5.354 5.421 5.487 5.554 5.620 5.687 5.704 5.718 5.794 5.869 5.945 5.976
4.407 4.521 4.648 4.687 4.694 4.702 4.710 4.717 4.725 4.732 4.740 4.747 4.713 4.660 4.606 4.606 4.498 4.495 4.586 4.673 4.758 4.843 4.928 5.013 5.098 5.183 4.976 4.832 4.961 5.090 5.219 5.219 5.477 5.606 5.735 5.864 5.893 5.895 5.825 5.738 5.651 5.563 5.476 5.389 5.301 5.214 5.126 5.126 5.066 5.037 4.995 4.953 4.911 4.869 4.827 4.785 4.743 4.701 4.684 4.751 4.818 4.885 4.951 5.085 5.084 5.151 5.218 5.284 5.351 5.417 5.484 5.550 5.606 5.599 5.588 5.576 5.564
4.343 4.351 4.298 4.305 4.313 4.321 4.328 4.336 4.343 4.351 4.359 4.366 4.330 4.276 4.222 4.223 4.115 4.061 4.021 4.097 4.180 4.266 4.351 4.436 4.521 4.606 4.638 4.714 4.843 4.972 5.101 5.101 5.359 5.488 5.617 5.746 5.850 5.816 5.729 5.641 5.554 5.467 5.379 5.292 5.204 5.117 5.030 5.030 4.936 4.898 4.856 4.814 4.772 4.730 4.688 4.646 4.604 4.562 4.520 4.548 4.615 4.681 4.748 4.881 4.881 4.948 5.014 5.081 5.147 5.202 5.229 5.256 5.215 5.187 5.176 5.164 5.152
4.121 4.117 4.067 3.997 3.932 3.939 3.947 3.954 3.962 3.970 3.977 3.985 3.947 3.893 3.839 3.840 3.732 3.721 3.736 3.797 3.872 3.948 4.024 4.100 4.175 4.251 4.294 4.393 4.534 4.675 4.816 4.816 5.097 5.238 5.379 5.520 5.656 5.629 5.561 5.492 5.424 5.356 5.283 5.195 5.108 5.020 4.933 4.933 4.800 4.758 4.717 4.675 4.633 4.591 4.549 4.507 4.465 4.422 4.380 4.344 4.411 4.478 4.545 4.678 4.678 4.744 4.785 4.812 4.839 4.866 4.893 4.920 4.861 4.793 4.763 4.752 4.740
3.887 3.883 3.845 3.775 3.705 3.635 3.565 3.573 3.581 3.588 3.596 3.603 3.564 3.510 3.456 3.456 3.425 3.440 3.454 3.496 3.572 3.648 3.723 3.799 3.875 3.928 3.951 3.996 4.137 4.278 4.419 4.419 4.700 4.841 4.982 5.123 5.190 5.217 5.149 5.080 5.012 4.944 4.876 4.807 4.739 4.671 4.602 4.602 4.548 4.525 4.503 4.481 4.458 4.436 4.409 4.367 4.325 4.283 4.241 4.199 4.208 4.275 4.341 4.396 4.396 4.423 4.450 4.477 4.504 4.531 4.558 4.575 4.507 4.438 4.370 4.340 4.328
3.886 3.883 3.845 3.775 3.705 3.635 3.565 3.573 3.580 3.588 3.596 3.603 3.563 3.510 3.456 3.456 3.425 3.440 3.454 3.496 3.572 3.647 3.723 3.799 3.875 3.928 3.951 3.996 4.137 4.278 4.419 4.419 4.700 4.841 4.982 5.123 5.190 5.217 5.149 5.080 5.012 4.944 4.876 4.807 4.739 4.671 4.602 4.602 4.548 4.525 4.503 4.481 4.458 4.436 4.409 4.367 4.325 4.283 4.241 4.199 4.208 4.275 4.341 4.396 4.396 4.423 4.450 4.477 4.504 4.531 4.558 4.575 4.506 4.438 4.370 4.340 4.328
3.653 3.649 3.623 3.553 3.483 3.413 3.343 3.273 3.204 3.207 3.214 3.222 3.180 3.126 3.114 3.115 3.143 3.158 3.172 3.195 3.271 3.347 3.423 3.499 3.562 3.585 3.608 3.631 3.740 3.881 4.022 4.022 4.303 4.444 4.585 4.680 4.723 4.767 4.737 4.669 4.600 4.532 4.464 4.395 4.327 4.259 4.190 4.190 4.212 4.195 4.173 4.151 4.128 4.106 4.084 4.061 4.039 4.016 3.994 3.971 3.967 3.979 4.006 4.060 4.060 4.087 4.114 4.141 4.168 4.195 4.222 4.220 4.152 4.084 4.016 3.947 3.916
3.419 3.415 3.401 3.331 3.261 3.191 3.121 3.052 2.982 2.912 2.842 2.840 2.804 2.818 2.833 2.833 2.862 2.876 2.891 2.905 2.971 3.046 3.122 3.196 3.219 3.242 3.265 3.288 3.343 3.484 3.625 3.625 3.906 4.047 4.170 4.213 4.257 4.301 4.325 4.257 4.188 4.120 4.052 3.984 3.915 3.847 3.822 3.822 3.863 3.866 3.843 3.821 3.798 3.776 3.754 3.731 3.709 3.686 3.664 3.657 3.680 3.674 3.670 3.725 3.725 3.752 3.779 3.806 3.833 3.860 3.887 3.866 3.798 3.730 3.661 3.593 3.525
2.951 2.948 2.944 2.888 2.818 2.748 2.678 2.608 2.538 2.468 2.444 2.440 2.421 2.388 2.356 2.357 2.299 2.313 2.328 2.342 2.370 2.446 2.487 2.510 2.532 2.555 2.578 2.601 2.624 2.690 2.831 2.831 3.112 3.193 3.237 3.280 3.324 3.368 3.411 3.433 3.365 3.296 3.228 3.160 3.092 3.104 3.124 3.124 3.165 3.186 3.183 3.161 3.139 3.116 3.094 3.071 3.049 3.032 3.056 3.079 3.103 3.106 3.097 3.078 3.078 3.081 3.108 3.135 3.162 3.189 3.216 3.157 3.089 3.021 2.953 2.884 2.816
2.717 2.713 2.710 2.666 2.596 2.526 2.456 2.386 2.316 2.306 2.302 2.298 2.285 2.253 2.221 2.222 2.157 2.125 2.092 2.060 2.075 2.120 2.143 2.166 2.189 2.212 2.235 2.258 2.281 2.304 2.433 2.434 2.682 2.726 2.770 2.814 2.857 2.901 2.945 2.989 2.953 2.884 2.816 2.748 2.734 2.755 2.775 2.775 2.816 2.837 2.853 2.831 2.809 2.786 2.764 2.741 2.720 2.744 2.767 2.791 2.814 2.822 2.813 2.795 2.794 2.785 2.776 2.800 2.827 2.854 2.871 2.803 2.735 2.666 2.598 2.530 2.461
2.483 2.479 2.476 2.444 2.374 2.304 2.234 2.173 2.169 2.165 2.161 2.157 2.150 2.118 2.086 2.086 2.021 1.989 1.957 1.925 1.909 1.896 1.873 1.849 1.846 1.869 1.892 1.915 1.938 1.961 2.036 2.037 2.216 2.260 2.303 2.347 2.391 2.434 2.478 2.522 2.541 2.473 2.404 2.364 2.385 2.405 2.426 2.426 2.467 2.488 2.508 2.501 2.479 2.456 2.434 2.411 2.432 2.455 2.478 2.502 2.525 2.539 2.529 2.511 2.510 2.501 2.492 2.482 2.491 2.518 2.517 2.448 2.380 2.312 2.244 2.179 2.162
2.248 2.245 2.242 2.222 2.152 2.082 2.035 2.031 2.027 2.023 2.020 2.016 2.012 1.983 1.951 1.951 1.886 1.854 1.822 1.808 1.812 1.807 1.784 1.761 1.737 1.714 1.690 1.667 1.643 1.620 1.640 1.640 1.749 1.793 1.837 1.880 1.924 1.968 2.011 2.055 2.099 2.060 1.994 2.015 2.036 2.056 2.077 2.077 2.118 2.138 2.159 2.171 2.149 2.126 2.104 2.119 2.143 2.166 2.190 2.213 2.237 2.255 2.245 2.227 2.226 2.217 2.208 2.198 2.189 2.182 2.162 2.099 2.082 2.064 2.047 2.030 2.012
2.014 2.011 2.007 1.999 1.930 1.898 1.894 1.890 1.886 1.882 1.878 1.874 1.870 1.847 1.815 1.815 1.751 1.719 1.708 1.712 1.715 1.718 1.695 1.672 1.649 1.625 1.602 1.578 1.555 1.531 1.514 1.515 1.509 1.509 1.509 1.509 1.509 1.509 1.544 1.588 1.632 1.648 1.645 1.665 1.686 1.707 1.727 1.727 1.768 1.789 1.810 1.830 1.818 1.796 1.807 1.830 1.854 1.877 1.901 1.925 1.948 1.971 1.961 1.943 1.942 1.933 1.924 1.914 1.905 1.945 1.966 1.949 1.932 1.915 1.897 1.880 1.862
1.887 1.847 1.806 1.770 1.760 1.756 1.752 1.748 1.744 1.741 1.737 1.733 1.729 1.712 1.679 1.680 1.615 1.608 1.611 1.615 1.618 1.622 1.607 1.583 1.560 1.537 1.513 1.490 1.466 1.449 1.435 1.435 1.424 1.424 1.424 1.424 1.424 1.424 1.424 1.424 1.424 1.436 1.436 1.427 1.418 1.409 1.400 1.400 1.419 1.439 1.460 1.480 1.488 1.494 1.518 1.541 1.565 1.589 1.612 1.635 1.659 1.682 1.677 1.659 1.658 1.649 1.640 1.660 1.725 1.790 1.803 1.799 1.782 1.765 1.747 1.730 1.713
1.778 1.738 1.698 1.699 1.683 1.652 1.622 1.607 1.603 1.599 1.595 1.591 1.587 1.576 1.544 1.544 1.508 1.511 1.514 1.518 1.521 1.525 1.518 1.495 1.471 1.448 1.424 1.401 1.384 1.370 1.356 1.356 1.339 1.339 1.339 1.339 1.339 1.339 1.339 1.339 1.343 1.368 1.386 1.377 1.369 1.360 1.351 1.351 1.333 1.325 1.316 1.307 1.304 1.266 1.228 1.252 1.276 1.299 1.323 1.346 1.370 1.393 1.393 1.374 1.374 1.375 1.440 1.505 1.570 1.635 1.639 1.637 1.632 1.615 1.597 1.580 1.563
1.670 1.629 1.632 1.641 1.636 1.605 1.574 1.544 1.513 1.482 1.453 1.449 1.445 1.440 1.408 1.408 1.410 1.414 1.417 1.421 1.424 1.428 1.429 1.406 1.382 1.359 1.336 1.318 1.304 1.290 1.276 1.276 1.254 1.254 1.255 1.254 1.254 1.254 1.254 1.254 1.276 1.301 1.326 1.328 1.319 1.310 1.301 1.301 1.284 1.275 1.266 1.259 1.263 1.245 1.202 1.158 1.114 1.070 1.033 1.057 1.080 1.104 1.108 1.155 1.155 1.220 1.285 1.350 1.415 1.478 1.475 1.473 1.471 1.465 1.447 1.430 1.413
1.561 1.566 1.574 1.583 1.589 1.558 1.527 1.497 1.466 1.435 1.404 1.374 1.343 1.312 1.306 1.307 1.313 1.317 1.320 1.324 1.327 1.331 1.334 1.317 1.294 1.270 1.252 1.238 1.225 1.211 1.197 1.197 1.169 1.169 1.169 1.169 1.169 1.169 1.169 1.184 1.209 1.234 1.258 1.278 1.269 1.261 1.252 1.252 1.234 1.225 1.216 1.218 1.223 1.225 1.181 1.137 1.093 1.050 1.006 0.962 0.919 0.875 0.869 0.999 0.999 1.064 1.130 1.195 1.260 1.314 1.312 1.309 1.307 1.304 1.298 1.280 1.263
1.499 1.508 1.516 1.525 1.533 1.511 1.480 1.449 1.419 1.388 1.357 1.326 1.296 1.268 1.251 1.251 1.232 1.223 1.223 1.226 1.230 1.234 1.237 1.228 1.205 1.186 1.172 1.158 1.145 1.131 1.117 1.117 1.088 1.084 1.084 1.084 1.084 1.084 1.091 1.116 1.141 1.166 1.191 1.215 1.219 1.211 1.202 1.202 1.184 1.175 1.173 1.178 1.182 1.186 1.160 1.116 1.073 1.029 0.985 0.942 0.898 0.860 0.837 0.844 0.843 0.909 0.974 1.040 1.105 1.150 1.148 1.145 1.143 1.141 1.138 1.130 1.113
1.441 1.449 1.458 1.467 1.475 1.464 1.433 1.402 1.371 1.340 1.310 1.279 1.251 1.224 1.202 1.203 1.184 1.174 1.165 1.156 1.147 1.138 1.139 1.139 1.120 1.107 1.092 1.078 1.064 1.051 1.037 1.037 1.008 0.998 0.999 0.999 0.998 0.998 1.023 1.048 1.073 1.098 1.123 1.148 1.169 1.161 1.152 1.151 1.134 1.128 1.132 1.137 1.141 1.145 1.139 1.095 1.052 1.008 0.964 0.921 0.881 0.853 0.826 0.821 0.821 0.821 0.821 0.884 0.949 0.985 0.983 0.981 0.979 0.977 0.974 0.972 0.963
1.383 1.391 1.400 1.408 1.417 1.416 1.386 1.355 1.324 1.293 1.262 1.235 1.207 1.179 1.153 1.153 1.135 1.125 1.116 1.107 1.098 1.088 1.079 1.062 1.043 1.026 1.013 0.998 0.984 0.970 0.957 0.957 0.928 0.914 0.913 0.913 0.913 0.930 0.956 0.981 1.005 1.030 1.055 1.080 1.105 1.110 1.101 1.101 1.083 1.087 1.091 1.095 1.100 1.104 1.108 1.074 1.030 0.987 0.943 0.901 0.873 0.846 0.818 0.806 0.806 0.806 0.806 0.805 0.805 0.820 0.821 0.829 0.837 0.845 0.853 0.860 0.876
1.324 1.333 1.341 1.350 1.358 1.367 1.338 1.307 1.276 1.246 1.218 1.190 1.163 1.135 1.107 1.108 1.085 1.076 1.067 1.058 1.048 1.039 1.020 0.997 0.977 0.959 0.941 0.922 0.904 0.890 0.876 0.876 0.848 0.834 0.827 0.827 0.838 0.862 0.887 0.912 0.937 0.962 0.986 1.011 1.036 1.060 1.051 1.051 1.041 1.046 1.050 1.054 1.058 1.063 1.067 1.053 1.009 0.965 0.922 0.893 0.866 0.838 0.811 0.791 0.791 0.790 0.790 0.790 0.780 0.760 0.768 0.776 0.784 0.792 0.800 0.809 0.836
1.323 1.331 1.340 1.348 1.357 1.365 1.336 1.306 1.275 1.244 1.216 1.189 1.161 1.134 1.106 1.106 1.084 1.075 1.065 1.056 1.047 1.038 1.018 0.995 0.976 0.957 0.939 0.921 0.903 0.888 0.875 0.875 0.847 0.832 0.825 0.825 0.836 0.860 0.885 0.910 0.935 0.960 0.984 1.009 1.034 1.058 1.049 1.049 1.039 1.044 1.048 1.052 1.056 1.061 1.065 1.051 1.007 0.963 0.920 0.891 0.863 0.836 0.809 0.789 0.789 0.788 0.788 0.788 0.778 0.759 0.767 0.775 0.783 0.791 0.799 0.808 0.835
1.264 1.273 1.281 1.290 1.298 1.306 1.289 1.258 1.227 1.200 1.172 1.144 1.117 1.089 1.062 1.062 1.035 1.025 1.016 1.007 0.998 0.976 0.953 0.930 0.910 0.891 0.873 0.855 0.837 0.818 0.799 0.800 0.766 0.751 0.739 0.743 0.768 0.792 0.817 0.842 0.867 0.891 0.916 0.941 0.966 0.991 0.998 0.998 0.998 1.002 1.006 1.011 1.015 1.019 1.023 1.028 0.985 0.942 0.910 0.883 0.855 0.828 0.801 0.773 0.773 0.773 0.773 0.765 0.739 0.714 0.714 0.722 0.730 0.738 0.746 0.768 0.796
1.205 1.214 1.222 1.231 1.239 1.248 1.241 1.210 1.182 1.155 1.127 1.100 1.072 1.044 1.017 1.017 0.985 0.976 0.967 0.957 0.934 0.911 0.888 0.865 0.844 0.826 0.807 0.789 0.770 0.752 0.733 0.733 0.696 0.677 0.658 0.679 0.704 0.728 0.752 0.777 0.802 0.826 0.851 0.875 0.900 0.925 0.948 0.948 0.956 0.961 0.965 0.969 0.973 0.977 0.982 0.986 0.964 0.930 0.902 0.875 0.847 0.820 0.793 0.757 0.757 0.757 0.752 0.726 0.701 0.675 0.660 0.668 0.677 0.685 0.699 0.727 0.756
1.185 1.185 1.186 1.187 1.189 1.190 1.169 1.138 1.107 1.075 1.043 1.012 0.984 0.956 0.929 0.929 0.888 0.873 0.851 0.828 0.805 0.782 0.759 0.736 0.713 0.695 0.676 0.658 0.639 0.620 0.602 0.601 0.591 0.593 0.598 0.635 0.672 0.697 0.721 0.746 0.771 0.795 0.820 0.845 0.869 0.893 0.894 0.894 0.897 0.900 0.903 0.907 0.910 0.913 0.917 0.920 0.919 0.904 0.878 0.853 0.827 0.802 0.776 0.727 0.727 0.701 0.676 0.650 0.624 0.599 0.574 0.563 0.571 0.591 0.620 0.648 0.676
1.176 1.177 1.178 1.179 1.180 1.166 1.141 1.114 1.082 1.050 1.018 0.986 0.954 0.922 0.890 0.891 0.830 0.808 0.785 0.762 0.739 0.716 0.693 0.670 0.646 0.627 0.608 0.590 0.572 0.553 0.554 0.554 0.558 0.560 0.570 0.607 0.644 0.680 0.704 0.728 0.754 0.778 0.803 0.827 0.853 0.865 0.865 0.865 0.866 0.869 0.873 0.876 0.879 0.883 0.886 0.887 0.886 0.884 0.859 0.833 0.807 0.782 0.756 0.715 0.716 0.687 0.653 0.618 0.584 0.559 0.534 0.509 0.521 0.550 0.578 0.607 0.635
1.167 1.168 1.169 1.170 1.163 1.139 1.114 1.089 1.057 1.025 0.993 0.961 0.929 0.897 0.865 0.866 0.742 0.726 0.711 0.694 0.673 0.650 0.627 0.603 0.580 0.560 0.541 0.522 0.516 0.518 0.520 0.520 0.524 0.526 0.542 0.579 0.616 0.653 0.687 0.711 0.736 0.761 0.786 0.810 0.835 0.836 0.836 0.836 0.837 0.839 0.842 0.845 0.849 0.852 0.855 0.854 0.854 0.853 0.839 0.813 0.787 0.762 0.736 0.705 0.705 0.685 0.651 0.617 0.583 0.548 0.515 0.481 0.480 0.508 0.536 0.564 0.593
