includes/camargue/floodfiles/results_R2_t1.562343928288E12/res-0009.wdfp
ncols         906
nrows         631
xllcorner     362177.146667
yllcorner     6534725.688020
cellsize      20.000000
NODATA_value  -9999.000000
[rows 578 to 611 of 631, columns 308 to 384 of 906]
0.967 0.927 0.886 0.846 0.805 0.763 0.761 0.750 0.801 0.853 0.904 0.983 1.195 1.408 1.621 1.834 2.047 2.260 2.474 2.519 2.532 2.545 2.545 2.571 2.584 2.597 2.610 2.623 2.530 2.412 2.293 2.175 2.057 1.902 1.743 1.583 1.423 1.264 0.944 0.944 0.785 0.625 0.466 0.306 0.146 0.018 0.002 0.000 0.000 0.000 0.000 0.000 0.000 0.003 0.072 0.071 0.162 0.255 0.348 0.441 0.535 0.628 0.721 0.815 0.908 1.001 1.071 1.025 0.978 0.932 0.839 0.839 0.793 0.747 0.700 0.654 0.604
0.928 0.887 0.847 0.806 0.765 0.724 0.722 0.674 0.724 0.775 0.826 1.023 1.235 1.448 1.661 1.874 2.088 2.301 2.515 2.635 2.648 2.661 2.661 2.687 2.700 2.713 2.726 2.639 2.520 2.402 2.284 2.165 2.047 1.904 1.745 1.585 1.425 1.266 0.946 0.946 0.787 0.627 0.468 0.308 0.148 0.019 0.002 0.000 0.000 0.000 0.000 0.000 0.000 0.002 0.224 0.224 0.411 0.504 0.598 0.691 0.784 0.877 0.971 1.064 1.157 1.250 1.332 1.286 1.239 1.193 1.100 1.100 1.054 1.007 0.961 0.738 0.470
0.888 0.848 0.808 0.767 0.726 0.685 0.683 0.600 0.648 0.698 0.851 1.063 1.275 1.488 1.702 1.915 2.129 2.342 2.556 2.751 2.764 2.777 2.777 2.803 2.816 2.829 2.747 2.629 2.511 2.392 2.274 2.155 2.037 1.906 1.746 1.587 1.427 1.267 0.948 0.948 0.789 0.629 0.470 0.310 0.150 0.019 0.002 0.000 0.000 0.000 0.000 0.000 0.000 0.001 0.200 0.199 0.408 0.618 0.827 0.940 1.033 1.127 1.220 1.313 1.406 1.500 1.593 1.547 1.500 1.454 1.361 1.361 1.315 1.141 0.873 0.604 0.336
0.848 0.808 0.768 0.728 0.687 0.645 0.643 0.560 0.572 0.681 0.892 1.103 1.316 1.529 1.743 1.956 2.170 2.383 2.597 2.811 2.880 2.893 2.893 2.919 2.932 2.856 2.738 2.619 2.501 2.382 2.264 2.145 2.027 1.908 1.748 1.588 1.429 1.269 0.950 0.950 0.790 0.631 0.471 0.312 0.152 0.018 0.003 0.001 0.000 0.000 0.000 0.000 0.000 0.001 0.175 0.175 0.384 0.593 0.803 1.013 1.223 1.376 1.469 1.562 1.656 1.749 1.842 1.808 1.761 1.715 1.546 1.546 1.277 1.008 0.739 0.471 0.203
0.806 0.766 0.726 0.686 0.646 0.605 0.603 0.521 0.514 0.722 0.932 1.144 1.357 1.570 1.784 1.997 2.211 2.424 2.638 2.852 2.996 3.009 3.009 3.035 2.965 2.846 2.728 2.609 2.491 2.372 2.254 2.136 2.017 1.899 1.750 1.590 1.430 1.270 0.951 0.951 0.791 0.632 0.473 0.313 0.154 0.041 0.006 0.002 0.001 0.000 0.000 0.000 0.000 0.000 0.151 0.151 0.360 0.569 0.779 0.989 1.199 1.409 1.618 1.812 1.905 1.998 2.091 2.069 2.022 1.950 1.412 1.412 1.144 0.875 0.606 0.338 0.071
0.764 0.725 0.685 0.645 0.604 0.563 0.561 0.479 0.474 0.663 0.905 1.148 1.393 1.612 1.825 2.038 2.252 2.466 2.679 2.893 3.107 3.125 3.125 3.073 2.955 2.837 2.718 2.600 2.481 2.362 2.244 2.125 2.007 1.888 1.751 1.591 1.431 1.271 0.952 0.952 0.792 0.632 0.473 0.313 0.188 0.094 0.017 0.004 0.002 0.000 0.000 0.000 0.000 0.000 0.128 0.128 0.336 0.545 0.755 0.965 1.175 1.384 1.594 1.804 2.014 2.224 2.341 2.330 2.085 1.816 1.279 1.279 1.010 0.742 0.473 0.204 0.006
0.723 0.683 0.643 0.603 0.562 0.521 0.519 0.460 0.465 0.553 0.795 1.039 1.283 1.528 1.773 2.018 2.264 2.507 2.720 2.934 3.148 3.241 3.241 3.064 2.945 2.827 2.708 2.590 2.471 2.353 2.234 2.115 1.996 1.878 1.752 1.592 1.432 1.272 0.952 0.952 0.792 0.632 0.472 0.338 0.242 0.147 0.054 0.008 0.003 0.001 0.000 0.000 0.000 0.000 0.105 0.104 0.311 0.521 0.731 0.941 1.150 1.360 1.570 1.780 1.990 2.199 2.421 2.280 1.952 1.683 1.146 1.146 0.877 0.608 0.340 0.072 0.001
0.681 0.641 0.601 0.561 0.521 0.479 0.477 0.452 0.456 0.461 0.685 0.929 1.173 1.418 1.663 1.909 2.154 2.399 2.645 2.890 3.135 3.275 3.275 3.054 2.936 2.817 2.699 2.580 2.461 2.342 2.224 2.105 1.986 1.867 1.748 1.593 1.432 1.272 0.952 0.951 0.791 0.630 0.488 0.392 0.296 0.200 0.105 0.022 0.004 0.002 0.000 0.000 0.000 0.000 0.083 0.082 0.287 0.497 0.707 0.917 1.126 1.336 1.546 1.756 1.966 2.191 2.440 2.444 2.034 1.623 1.013 1.013 0.744 0.475 0.207 0.005 0.000
0.639 0.600 0.560 0.520 0.479 0.437 0.435 0.443 0.448 0.453 0.576 0.819 1.064 1.309 1.554 1.799 2.044 2.290 2.535 2.780 2.948 3.048 3.048 3.003 2.926 2.807 2.689 2.570 2.451 2.332 2.213 2.094 1.975 1.856 1.737 1.593 1.432 1.271 0.950 0.949 0.788 0.638 0.541 0.444 0.348 0.252 0.157 0.063 0.009 0.003 0.001 0.000 0.000 0.000 0.063 0.062 0.263 0.473 0.683 0.892 1.102 1.312 1.522 1.732 1.962 2.211 2.460 2.609 2.198 1.787 0.965 0.965 0.611 0.342 0.074 0.000 0.000
0.597 0.558 0.518 0.478 0.437 0.421 0.418 0.434 0.439 0.444 0.467 0.710 0.954 1.199 1.444 1.689 1.935 2.180 2.425 2.574 2.710 2.821 2.821 2.776 2.753 2.731 2.679 2.560 2.441 2.322 2.203 2.083 1.964 1.844 1.725 1.592 1.431 1.270 0.948 0.946 0.787 0.690 0.592 0.496 0.399 0.304 0.208 0.114 0.030 0.008 0.003 0.001 0.000 0.000 0.046 0.044 0.239 0.449 0.658 0.868 1.078 1.288 1.498 1.732 1.981 2.230 2.479 2.728 2.363 1.952 1.130 1.130 0.719 0.308 0.005 0.000 0.000
0.598 0.558 0.518 0.478 0.437 0.421 0.418 0.434 0.439 0.445 0.468 0.710 0.954 1.199 1.444 1.689 1.935 2.180 2.425 2.574 2.710 2.821 2.821 2.776 2.753 2.731 2.679 2.560 2.441 2.321 2.202 2.082 1.962 1.842 1.722 1.589 1.427 1.265 0.942 0.939 0.779 0.682 0.584 0.487 0.391 0.296 0.201 0.107 0.025 0.005 0.002 0.000 0.000 0.000 0.049 0.046 0.239 0.449 0.659 0.868 1.078 1.288 1.498 1.732 1.981 2.230 2.479 2.728 2.363 1.952 1.130 1.130 0.719 0.308 0.005 0.000 0.000
0.556 0.516 0.476 0.436 0.405 0.412 0.410 0.425 0.431 0.437 0.442 0.601 0.845 1.089 1.335 1.580 1.825 2.066 2.201 2.337 2.473 2.595 2.594 2.549 2.527 2.504 2.481 2.457 2.431 2.311 2.191 2.071 1.951 1.830 1.709 1.586 1.423 1.260 0.936 0.932 0.827 0.729 0.630 0.533 0.436 0.339 0.243 0.147 0.054 0.008 0.003 0.001 0.000 0.000 0.034 0.030 0.215 0.425 0.634 0.844 1.054 1.264 1.502 1.752 2.001 2.250 2.499 2.748 2.527 2.116 1.295 1.295 0.884 0.473 0.064 0.000 0.000
0.514 0.475 0.435 0.394 0.396 0.403 0.401 0.416 0.422 0.428 0.434 0.492 0.735 0.980 1.225 1.470 1.692 1.828 1.964 2.100 2.235 2.368 2.368 2.323 2.300 2.277 2.254 2.230 2.207 2.183 2.158 2.060 1.939 1.817 1.695 1.572 1.418 1.254 0.978 0.973 0.873 0.774 0.675 0.577 0.479 0.381 0.284 0.187 0.092 0.016 0.004 0.001 0.000 0.000 0.023 0.020 0.191 0.400 0.610 0.820 1.030 1.273 1.522 1.771 2.020 2.269 2.518 2.767 2.692 2.281 1.459 1.459 1.048 0.638 0.227 0.000 0.000
0.431 0.391 0.363 0.371 0.379 0.386 0.383 0.399 0.405 0.411 0.417 0.424 0.516 0.761 0.946 1.082 1.218 1.353 1.489 1.625 1.761 1.896 1.896 1.869 1.846 1.823 1.799 1.776 1.752 1.727 1.703 1.677 1.651 1.624 1.596 1.545 1.412 1.281 1.082 1.076 0.976 0.877 0.778 0.679 0.580 0.482 0.383 0.285 0.187 0.091 0.016 0.004 0.001 0.000 0.013 0.009 0.143 0.352 0.564 0.813 1.062 1.311 1.561 1.810 2.059 2.308 2.557 2.806 3.021 2.610 1.788 1.788 1.377 0.967 0.556 0.145 0.000
0.389 0.349 0.355 0.362 0.370 0.377 0.375 0.390 0.397 0.403 0.409 0.416 0.423 0.574 0.709 0.845 0.980 1.116 1.252 1.387 1.523 1.659 1.658 1.642 1.619 1.595 1.572 1.548 1.523 1.498 1.472 1.446 1.418 1.389 1.359 1.339 1.415 1.365 1.129 1.123 1.022 0.922 0.823 0.725 0.626 0.528 0.430 0.332 0.235 0.140 0.048 0.007 0.002 0.000 0.012 0.008 0.119 0.335 0.584 0.833 1.082 1.331 1.580 1.829 2.078 2.327 2.576 2.825 3.074 2.774 1.953 1.953 1.542 1.131 0.720 0.309 0.006
0.347 0.338 0.346 0.354 0.361 0.368 0.366 0.383 0.390 0.397 0.405 0.413 0.421 0.421 0.472 0.607 0.743 0.879 1.014 1.150 1.285 1.421 1.421 1.415 1.391 1.368 1.343 1.319 1.293 1.267 1.240 1.211 1.181 1.193 1.243 1.293 1.417 1.536 1.300 1.295 1.176 1.057 0.939 0.822 0.704 0.587 0.476 0.378 0.281 0.185 0.090 0.017 0.004 0.000 0.009 0.006 0.106 0.354 0.603 0.852 1.101 1.350 1.599 1.848 2.097 2.346 2.596 2.845 3.094 2.939 2.117 2.117 1.706 1.296 0.885 0.521 0.216
0.320 0.332 0.341 0.350 0.358 0.366 0.364 0.381 0.389 0.396 0.404 0.412 0.419 0.418 0.418 0.418 0.506 0.641 0.777 0.912 1.048 1.183 1.183 1.187 1.163 1.139 1.114 1.089 1.062 1.033 1.004 1.047 1.098 1.149 1.199 1.248 1.420 1.601 1.474 1.469 1.350 1.232 1.114 0.996 0.878 0.760 0.643 0.526 0.409 0.293 0.177 0.065 0.007 0.001 0.009 0.005 0.125 0.373 0.623 0.872 1.121 1.370 1.619 1.868 2.117 2.366 2.615 2.864 3.113 3.104 2.282 2.282 1.871 1.460 1.094 0.789 0.485
0.256 0.315 0.339 0.348 0.357 0.365 0.362 0.380 0.388 0.395 0.403 0.411 0.417 0.416 0.416 0.415 0.415 0.415 0.538 0.674 0.809 0.945 0.944 0.959 0.935 0.910 0.883 0.855 0.850 0.902 0.954 1.005 1.055 1.105 1.155 1.245 1.424 1.606 1.649 1.645 1.527 1.409 1.292 1.174 1.057 0.939 0.822 0.705 0.588 0.471 0.355 0.239 0.125 0.023 0.001 0.001 0.097 0.389 0.642 0.891 1.140 1.389 1.638 1.887 2.136 2.385 2.634 2.883 3.132 3.268 2.446 2.446 2.036 1.667 1.363 1.058 0.754
0.192 0.251 0.309 0.347 0.355 0.363 0.361 0.379 0.386 0.394 0.402 0.410 0.414 0.413 0.413 0.412 0.411 0.411 0.411 0.434 0.570 0.705 0.705 0.729 0.704 0.676 0.704 0.757 0.809 0.861 0.912 0.962 1.012 1.062 1.111 1.250 1.430 1.613 1.826 1.824 1.706 1.589 1.472 1.354 1.237 1.120 1.004 0.887 0.771 0.655 0.539 0.423 0.308 0.194 0.000 0.000 0.005 0.236 0.528 0.821 1.114 1.407 1.657 1.906 2.156 2.405 2.654 2.903 3.152 3.401 2.611 2.611 2.240 1.936 1.631 1.327 1.023
0.128 0.187 0.245 0.303 0.354 0.362 0.360 0.377 0.385 0.392 0.400 0.408 0.411 0.410 0.409 0.408 0.407 0.406 0.406 0.405 0.404 0.463 0.461 0.501 0.556 0.611 0.664 0.717 0.769 0.820 0.870 0.920 0.970 1.020 1.077 1.256 1.438 1.622 1.995 1.993 1.887 1.770 1.653 1.536 1.420 1.303 1.187 1.071 0.955 0.839 0.724 0.609 0.495 0.258 0.000 0.000 0.000 0.084 0.375 0.668 0.961 1.253 1.546 1.839 2.132 2.424 2.673 2.922 3.171 3.420 2.813 2.813 2.509 2.205 1.900 1.596 1.292
0.069 0.123 0.181 0.239 0.297 0.355 0.352 0.375 0.383 0.391 0.398 0.406 0.408 0.407 0.405 0.404 0.402 0.401 0.399 0.398 0.396 0.402 0.400 0.463 0.518 0.572 0.625 0.677 0.729 0.780 0.830 0.880 0.929 0.978 1.084 1.264 1.447 1.632 2.006 2.005 2.068 1.952 1.835 1.719 1.603 1.487 1.371 1.255 1.140 1.025 0.910 0.795 0.598 0.320 0.001 0.002 0.000 0.004 0.222 0.515 0.807 1.100 1.393 1.686 1.978 2.271 2.564 2.857 3.150 3.440 3.082 3.082 2.778 2.473 2.169 1.865 1.561
0.030 0.064 0.118 0.175 0.233 0.291 0.288 0.373 0.381 0.389 0.396 0.404 0.404 0.402 0.401 0.399 0.397 0.395 0.392 0.401 0.418 0.434 0.432 0.425 0.480 0.534 0.586 0.639 0.690 0.740 0.790 0.840 0.889 0.937 1.091 1.273 1.458 1.643 2.018 2.017 2.204 2.134 2.018 1.902 1.787 1.671 1.555 1.440 1.325 1.210 1.095 0.938 0.660 0.382 0.002 0.004 0.000 0.000 0.070 0.361 0.654 0.947 1.240 1.532 1.825 2.118 2.411 2.704 2.996 3.263 3.130 3.130 2.897 2.664 2.430 2.134 1.829
0.019 0.028 0.059 0.112 0.169 0.227 0.224 0.338 0.379 0.386 0.394 0.402 0.400 0.398 0.396 0.393 0.390 0.403 0.419 0.435 0.451 0.468 0.465 0.446 0.443 0.497 0.549 0.601 0.652 0.702 0.751 0.800 0.849 0.921 1.101 1.284 1.469 1.655 2.031 2.030 2.217 2.318 2.202 2.086 1.971 1.855 1.740 1.625 1.510 1.396 1.278 1.000 0.722 0.443 0.004 0.007 0.000 0.000 0.003 0.208 0.501 0.794 1.086 1.379 1.672 1.965 2.258 2.550 2.835 2.999 3.016 3.016 2.783 2.549 2.316 2.083 1.850
0.017 0.019 0.027 0.055 0.106 0.163 0.161 0.273 0.330 0.384 0.391 0.398 0.396 0.393 0.391 0.406 0.422 0.438 0.454 0.470 0.486 0.499 0.497 0.475 0.462 0.461 0.513 0.564 0.615 0.664 0.713 0.762 0.810 0.931 1.112 1.296 1.482 1.668 2.044 2.043 2.231 2.418 2.386 2.271 2.155 2.040 1.925 1.810 1.696 1.581 1.340 1.062 0.784 0.505 0.010 0.013 0.000 0.000 0.000 0.057 0.348 0.640 0.933 1.226 1.519 1.812 2.104 2.397 2.572 2.736 2.902 2.902 2.669 2.435 2.202 1.969 1.736
0.017 0.018 0.020 0.026 0.052 0.101 0.098 0.208 0.265 0.322 0.379 0.394 0.395 0.411 0.426 0.442 0.458 0.473 0.489 0.506 0.522 0.529 0.527 0.505 0.492 0.477 0.478 0.529 0.578 0.628 0.676 0.724 0.772 0.942 1.124 1.309 1.495 1.682 2.058 2.057 2.245 2.433 2.570 2.455 2.340 2.225 2.110 1.996 1.881 1.680 1.402 1.124 0.845 0.567 0.029 0.031 0.000 0.000 0.000 0.003 0.194 0.487 0.780 1.073 1.365 1.658 1.951 2.145 2.308 2.472 2.788 2.788 2.555 2.321 2.088 1.855 1.622
0.017 0.017 0.018 0.020 0.027 0.055 0.048 0.144 0.200 0.257 0.313 0.375 0.432 0.447 0.463 0.478 0.494 0.510 0.526 0.542 0.558 0.560 0.557 0.536 0.522 0.508 0.492 0.495 0.543 0.592 0.640 0.688 0.775 0.954 1.137 1.322 1.509 1.696 2.072 2.072 2.260 2.448 2.636 2.640 2.525 2.410 2.296 2.181 2.020 1.742 1.463 1.185 0.907 0.629 0.076 0.078 0.002 0.000 0.000 0.000 0.046 0.334 0.627 0.919 1.212 1.505 1.717 1.881 2.045 2.209 2.536 2.536 2.440 2.207 1.974 1.741 1.508
0.028 0.029 0.030 0.031 0.038 0.062 0.053 0.145 0.201 0.256 0.312 0.374 0.430 0.446 0.461 0.476 0.492 0.508 0.524 0.540 0.556 0.558 0.555 0.534 0.520 0.506 0.490 0.493 0.541 0.589 0.637 0.684 0.771 0.951 1.134 1.320 1.506 1.693 2.070 2.069 2.257 2.446 2.634 2.638 2.523 2.409 2.294 2.180 2.018 1.740 1.462 1.184 0.906 0.628 0.075 0.076 0.001 0.000 0.000 0.001 0.046 0.334 0.627 0.919 1.212 1.505 1.717 1.881 2.045 2.209 2.536 2.536 2.440 2.207 1.974 1.741 1.507
0.018 0.018 0.018 0.019 0.021 0.035 0.023 0.082 0.137 0.194 0.252 0.313 0.388 0.463 0.498 0.514 0.529 0.545 0.561 0.577 0.593 0.590 0.587 0.565 0.552 0.537 0.521 0.504 0.509 0.557 0.603 0.650 0.785 0.965 1.149 1.334 1.521 1.708 2.085 2.084 2.272 2.461 2.649 2.823 2.708 2.594 2.479 2.358 2.079 1.801 1.523 1.245 0.967 0.689 0.133 0.133 0.002 0.000 0.000 0.000 0.002 0.180 0.473 0.766 1.059 1.290 1.454 1.618 1.782 1.945 2.273 2.273 2.326 2.093 1.860 1.626 1.393
0.017 0.017 0.017 0.017 0.019 0.029 0.016 0.035 0.078 0.135 0.193 0.252 0.326 0.401 0.477 0.551 0.567 0.582 0.598 0.614 0.631 0.621 0.618 0.597 0.583 0.569 0.553 0.536 0.518 0.525 0.571 0.624 0.799 0.980 1.164 1.350 1.536 1.723 2.100 2.099 2.288 2.476 2.664 2.853 2.893 2.779 2.664 2.419 2.140 1.862 1.584 1.306 1.028 0.749 0.193 0.193 0.004 0.000 0.000 0.000 0.000 0.033 0.320 0.613 0.863 1.027 1.191 1.354 1.518 1.682 2.009 2.009 2.173 1.978 1.745 1.512 1.279
0.013 0.013 0.014 0.014 0.015 0.023 0.011 0.015 0.019 0.035 0.076 0.132 0.204 0.278 0.353 0.429 0.505 0.582 0.658 0.690 0.698 0.687 0.684 0.662 0.649 0.635 0.619 0.603 0.583 0.557 0.530 0.634 0.812 0.994 1.180 1.368 1.556 1.745 2.126 2.125 2.316 2.506 2.696 2.885 3.074 3.100 2.821 2.543 2.264 1.986 1.708 1.429 1.151 0.873 0.315 0.315 0.042 0.000 0.000 0.000 0.000 0.000 0.021 0.172 0.336 0.500 0.664 0.828 0.991 1.155 1.482 1.482 1.645 1.750 1.516 1.282 1.049
0.016 0.016 0.016 0.016 0.018 0.026 0.014 0.017 0.018 0.021 0.035 0.074 0.143 0.217 0.291 0.367 0.443 0.520 0.596 0.673 0.714 0.698 0.695 0.663 0.644 0.624 0.603 0.581 0.557 0.531 0.521 0.544 0.721 0.903 1.088 1.275 1.464 1.653 2.034 2.033 2.223 2.413 2.604 2.794 2.985 3.238 2.983 2.685 2.387 2.089 1.791 1.493 1.212 0.934 0.376 0.376 0.099 0.001 0.000 0.000 0.000 0.000 0.000 0.003 0.074 0.237 0.401 0.564 0.728 0.891 1.218 1.218 1.381 1.544 1.400 1.167 0.932
0.016 0.016 0.016 0.016 0.017 0.026 0.013 0.016 0.017 0.018 0.022 0.034 0.084 0.156 0.230 0.305 0.381 0.457 0.534 0.610 0.686 0.671 0.668 0.636 0.617 0.598 0.577 0.555 0.531 0.510 0.516 0.521 0.630 0.811 0.996 1.183 1.371 1.560 1.941 1.940 2.130 2.320 2.511 2.701 2.933 3.187 3.177 2.879 2.581 2.282 1.984 1.686 1.388 1.090 0.493 0.493 0.194 0.003 0.000 0.000 0.000 0.000 0.000 0.000 0.000 0.010 0.138 0.301 0.464 0.627 0.953 0.953 1.116 1.279 1.284 1.049 0.814
0.020 0.019 0.016 0.016 0.017 0.025 0.013 0.016 0.017 0.018 0.019 0.022 0.039 0.096 0.169 0.244 0.319 0.395 0.470 0.546 0.621 0.644 0.642 0.610 0.591 0.571 0.551 0.528 0.504 0.504 0.511 0.517 0.540 0.720 0.904 1.091 1.279 1.468 1.848 1.847 2.037 2.228 2.418 2.629 2.883 3.137 3.371 3.073 2.775 2.476 2.178 1.880 1.582 1.283 0.686 0.686 0.387 0.090 0.000 0.000 0.000 0.000 0.000 0.000 0.000 0.000 0.001 0.042 0.200 0.362 0.687 0.686 0.849 1.011 1.165 0.930 0.693
0.021 0.020 0.020 0.019 0.017 0.023 0.012 0.016 0.017 0.017 0.019 0.020 0.024 0.047 0.110 0.183 0.257 0.332 0.407 0.482 0.557 0.618 0.615 0.583 0.565 0.545 0.524 0.502 0.491 0.499 0.506 0.513 0.519 0.630 0.813 0.999 1.186 1.375 1.755 1.755 1.944 2.135 2.325 2.579 2.833 3.087 3.340 3.267 2.969 2.670 2.372 2.074 1.776 1.477 0.880 0.879 0.581 0.282 0.013 0.000 0.000 0.000 0.000 0.000 0.000 0.000 0.002 0.007 0.057 0.141 0.411 0.411 0.575 0.738 0.902 0.807 0.725
