includes/camargue/floodfiles/results_R2_t1.562343928288E12/res-0010.wd
ncols         906
nrows         631
xllcorner     362177.146667
yllcorner     6534725.688020
cellsize      20.000000
NODATA_value  -9999.000000
[rows 578 to 611 of 631, columns 539 to 615 of 906]
1.441 1.442 1.399 1.357 1.315 1.273 1.240 1.272 1.304 1.336 1.369 1.401 1.432 1.465 1.497 1.512 1.510 1.511 1.507 1.506 1.505 1.522 1.547 1.573 1.598 1.623 1.614 1.593 1.572 1.551 1.529 1.508 1.487 1.487 1.445 1.423 1.402 1.426 1.450 1.474 1.498 1.522 1.546 1.570 1.594 1.610 1.617 1.624 1.631 1.631 1.644 1.651 1.691 1.802 1.912 2.022 2.133 2.243 2.353 2.463 2.573 2.683 2.793 2.903 3.013 3.014 3.136 3.157 3.180 3.203 3.226 3.249 3.272 3.295 3.318 3.341 3.364
1.633 1.633 1.591 1.549 1.507 1.465 1.438 1.470 1.502 1.534 1.566 1.598 1.630 1.643 1.641 1.640 1.639 1.639 1.636 1.635 1.633 1.653 1.679 1.704 1.729 1.755 1.780 1.797 1.776 1.754 1.733 1.712 1.691 1.691 1.648 1.627 1.606 1.627 1.651 1.675 1.699 1.724 1.747 1.771 1.785 1.792 1.799 1.805 1.812 1.812 1.825 1.832 1.849 1.959 2.070 2.180 2.290 2.400 2.511 2.621 2.731 2.841 2.951 3.061 3.155 3.156 3.205 3.225 3.245 3.265 3.285 3.308 3.331 3.354 3.377 3.400 3.423
1.770 1.770 1.782 1.741 1.699 1.657 1.635 1.667 1.699 1.731 1.763 1.774 1.773 1.771 1.770 1.768 1.767 1.767 1.764 1.763 1.761 1.785 1.810 1.835 1.861 1.886 1.912 1.937 1.962 1.958 1.937 1.916 1.894 1.895 1.852 1.831 1.809 1.828 1.853 1.877 1.901 1.925 1.949 1.960 1.967 1.973 1.980 1.986 1.993 1.994 2.006 2.013 2.020 2.117 2.228 2.338 2.448 2.558 2.668 2.779 2.889 2.999 3.109 3.197 3.223 3.223 3.273 3.293 3.313 3.333 3.353 3.373 3.393 3.414 3.436 3.459 3.483
1.880 1.881 1.892 1.904 1.891 1.848 1.832 1.864 1.897 1.905 1.904 1.902 1.901 1.900 1.898 1.897 1.895 1.896 1.892 1.891 1.891 1.916 1.941 1.967 1.992 2.018 2.043 2.068 2.094 2.119 2.141 2.119 2.098 2.098 2.056 2.034 2.013 2.030 2.054 2.078 2.102 2.126 2.135 2.141 2.148 2.155 2.161 2.168 2.174 2.175 2.188 2.194 2.201 2.275 2.385 2.496 2.606 2.716 2.826 2.936 3.046 3.157 3.238 3.264 3.290 3.290 3.341 3.362 3.382 3.402 3.422 3.442 3.462 3.482 3.502 3.522 3.542
1.991 1.991 2.003 2.015 2.026 2.038 2.030 2.036 2.035 2.034 2.032 2.031 2.029 2.028 2.026 2.025 2.024 2.024 2.021 2.019 2.022 2.048 2.073 2.098 2.124 2.149 2.174 2.200 2.225 2.250 2.276 2.301 2.302 2.302 2.259 2.238 2.217 2.231 2.255 2.279 2.303 2.309 2.316 2.323 2.329 2.336 2.343 2.349 2.356 2.356 2.369 2.376 2.382 2.433 2.543 2.654 2.764 2.874 2.984 3.094 3.204 3.280 3.306 3.332 3.357 3.357 3.409 3.430 3.450 3.470 3.490 3.510 3.530 3.550 3.570 3.590 3.610
2.101 2.102 2.113 2.125 2.137 2.119 2.139 2.165 2.163 2.162 2.161 2.159 2.158 2.156 2.155 2.153 2.152 2.152 2.149 2.148 2.154 2.179 2.204 2.230 2.255 2.281 2.306 2.331 2.357 2.382 2.407 2.433 2.458 2.459 2.463 2.442 2.420 2.432 2.456 2.478 2.484 2.491 2.498 2.504 2.511 2.517 2.524 2.531 2.537 2.538 2.550 2.557 2.564 2.591 2.701 2.811 2.922 3.032 3.142 3.252 3.322 3.347 3.373 3.399 3.425 3.425 3.476 3.499 3.519 3.539 3.559 3.579 3.599 3.619 3.639 3.659 3.679
2.212 2.212 2.224 2.202 2.179 2.157 2.187 2.243 2.292 2.290 2.289 2.287 2.286 2.285 2.283 2.282 2.280 2.281 2.277 2.276 2.285 2.310 2.336 2.361 2.387 2.412 2.437 2.463 2.488 2.513 2.539 2.564 2.589 2.590 2.640 2.645 2.624 2.634 2.653 2.659 2.666 2.672 2.679 2.686 2.692 2.699 2.705 2.712 2.718 2.719 2.732 2.738 2.745 2.751 2.859 2.969 3.079 3.190 3.300 3.363 3.389 3.415 3.440 3.466 3.492 3.492 3.543 3.567 3.587 3.607 3.627 3.647 3.667 3.687 3.707 3.727 3.747
2.284 2.284 2.262 2.240 2.217 2.195 2.234 2.291 2.347 2.403 2.417 2.416 2.414 2.413 2.411 2.410 2.409 2.409 2.406 2.404 2.416 2.442 2.467 2.492 2.518 2.543 2.569 2.594 2.619 2.645 2.670 2.695 2.721 2.721 2.771 2.797 2.822 2.827 2.834 2.841 2.847 2.854 2.860 2.867 2.874 2.880 2.887 2.893 2.900 2.900 2.913 2.920 2.926 2.933 3.017 3.127 3.237 3.348 3.405 3.431 3.456 3.482 3.508 3.533 3.559 3.560 3.611 3.636 3.656 3.676 3.696 3.716 3.736 3.756 3.776 3.796 3.816
2.322 2.322 2.300 2.278 2.255 2.233 2.282 2.338 2.395 2.451 2.507 2.544 2.543 2.541 2.540 2.538 2.537 2.537 2.534 2.532 2.548 2.573 2.598 2.624 2.649 2.675 2.700 2.725 2.751 2.776 2.801 2.827 2.852 2.852 2.903 2.877 2.841 2.933 2.957 2.982 3.006 3.031 3.042 3.049 3.055 3.062 3.068 3.075 3.081 3.082 3.094 3.101 3.107 3.114 3.175 3.285 3.395 3.446 3.472 3.498 3.524 3.549 3.575 3.601 3.627 3.627 3.678 3.704 3.725 3.744 3.764 3.784 3.804 3.824 3.844 3.864 3.856
2.360 2.360 2.338 2.316 2.293 2.274 2.330 2.386 2.442 2.499 2.555 2.611 2.667 2.670 2.668 2.667 2.665 2.666 2.662 2.661 2.679 2.705 2.730 2.755 2.781 2.806 2.831 2.857 2.882 2.907 2.933 2.958 2.951 2.951 2.880 2.845 2.848 2.967 3.034 3.058 3.083 3.107 3.132 3.156 3.181 3.205 3.230 3.254 3.263 3.263 3.276 3.282 3.289 3.295 3.333 3.443 3.488 3.514 3.539 3.565 3.591 3.617 3.642 3.668 3.694 3.694 3.745 3.771 3.793 3.813 3.833 3.853 3.873 3.893 3.909 3.901 3.893
2.360 2.360 2.338 2.316 2.293 2.274 2.330 2.386 2.442 2.499 2.555 2.611 2.667 2.670 2.668 2.667 2.665 2.666 2.662 2.661 2.679 2.704 2.730 2.755 2.780 2.806 2.831 2.856 2.882 2.907 2.932 2.958 2.951 2.951 2.880 2.844 2.848 2.967 3.034 3.058 3.083 3.107 3.132 3.156 3.181 3.205 3.229 3.254 3.262 3.263 3.276 3.282 3.288 3.295 3.332 3.443 3.487 3.513 3.539 3.565 3.590 3.616 3.642 3.668 3.694 3.694 3.745 3.771 3.793 3.813 3.833 3.853 3.873 3.892 3.909 3.901 3.892
2.398 2.398 2.376 2.354 2.331 2.322 2.378 2.434 2.490 2.546 2.602 2.659 2.715 2.771 2.796 2.795 2.793 2.794 2.790 2.789 2.810 2.836 2.861 2.886 2.912 2.937 2.962 2.988 3.013 3.025 2.990 2.954 2.919 2.919 2.848 2.813 2.869 2.988 3.106 3.134 3.159 3.183 3.208 3.232 3.257 3.281 3.306 3.330 3.355 3.355 3.404 3.428 3.453 3.476 3.490 3.529 3.555 3.580 3.606 3.632 3.658 3.684 3.709 3.735 3.761 3.761 3.812 3.838 3.861 3.881 3.901 3.921 3.941 3.954 3.946 3.938 3.929
2.436 2.436 2.414 2.392 2.370 2.369 2.426 2.482 2.538 2.594 2.650 2.706 2.762 2.819 2.875 2.923 2.922 2.922 2.919 2.917 2.942 2.967 2.992 3.018 3.043 3.069 3.094 3.064 3.028 2.993 2.958 2.922 2.887 2.887 2.816 2.780 2.890 3.009 3.127 3.211 3.235 3.260 3.284 3.309 3.333 3.358 3.382 3.407 3.431 3.431 3.480 3.504 3.529 3.553 3.576 3.600 3.624 3.648 3.674 3.699 3.725 3.751 3.777 3.802 3.828 3.828 3.880 3.905 3.930 3.950 3.970 3.990 3.999 3.991 3.983 3.975 3.966
2.512 2.512 2.490 2.468 2.446 2.465 2.521 2.577 2.633 2.689 2.746 2.802 2.858 2.914 2.970 3.026 3.082 3.083 3.175 3.179 3.205 3.213 3.177 3.142 3.106 3.071 3.035 3.000 2.964 2.929 2.894 2.858 2.823 2.823 2.752 2.814 2.933 3.051 3.170 3.289 3.388 3.413 3.437 3.462 3.486 3.510 3.535 3.559 3.584 3.584 3.633 3.657 3.681 3.703 3.725 3.747 3.771 3.795 3.820 3.844 3.868 3.892 3.916 3.941 3.965 3.965 4.015 4.040 4.066 4.087 4.090 4.082 4.074 4.066 4.057 4.049 4.041
2.550 2.551 2.528 2.506 2.484 2.513 2.569 2.625 2.681 2.737 2.793 2.849 2.905 2.962 3.018 3.074 3.130 3.130 3.242 3.252 3.216 3.181 3.145 3.110 3.074 3.039 3.003 2.968 2.932 2.897 2.861 2.826 2.791 2.791 2.720 2.835 2.954 3.072 3.191 3.310 3.429 3.489 3.513 3.538 3.562 3.587 3.611 3.636 3.660 3.660 3.709 3.733 3.755 3.777 3.799 3.821 3.844 3.869 3.893 3.917 3.941 3.965 3.990 4.014 4.038 4.038 4.086 4.110 4.135 4.136 4.127 4.119 4.111 4.103 4.094 4.086 4.078
2.588 2.589 2.566 2.544 2.522 2.560 2.616 2.673 2.729 2.785 2.841 2.897 2.953 3.009 3.065 3.121 3.171 3.171 3.234 3.227 3.185 3.149 3.113 3.078 3.042 3.007 2.971 2.936 2.900 2.865 2.829 2.794 2.759 2.759 2.738 2.856 2.975 3.094 3.212 3.331 3.450 3.565 3.590 3.614 3.639 3.663 3.688 3.712 3.736 3.737 3.785 3.808 3.829 3.851 3.873 3.895 3.918 3.942 3.966 3.990 4.015 4.039 4.063 4.087 4.111 4.112 4.160 4.184 4.186 4.179 4.168 4.158 4.148 4.140 4.131 4.123 4.115
2.626 2.627 2.604 2.582 2.560 2.608 2.664 2.720 2.776 2.832 2.889 2.945 3.001 3.057 3.096 3.128 3.160 3.161 3.224 3.202 3.160 3.118 3.081 3.046 3.010 2.975 2.939 2.904 2.868 2.833 2.797 2.762 2.727 2.727 2.759 2.877 2.996 3.115 3.233 3.352 3.471 3.589 3.666 3.691 3.715 3.739 3.764 3.788 3.813 3.813 3.860 3.882 3.904 3.925 3.947 3.969 3.991 4.015 4.040 4.064 4.088 4.112 4.136 4.161 4.185 4.185 4.233 4.233 4.228 4.222 4.212 4.201 4.191 4.181 4.171 4.160 4.152
2.664 2.665 2.642 2.620 2.600 2.656 2.712 2.768 2.824 2.880 2.936 2.991 3.022 3.054 3.086 3.118 3.150 3.150 3.214 3.178 3.136 3.094 3.051 3.014 2.978 2.943 2.907 2.872 2.836 2.801 2.765 2.730 2.694 2.695 2.780 2.898 3.017 3.136 3.255 3.373 3.492 3.610 3.729 3.767 3.791 3.816 3.840 3.864 3.889 3.889 3.934 3.956 3.978 4.000 4.021 4.043 4.065 4.089 4.113 4.137 4.161 4.186 4.210 4.234 4.258 4.258 4.281 4.276 4.270 4.265 4.255 4.245 4.235 4.224 4.214 4.204 4.194
2.702 2.703 2.680 2.658 2.647 2.703 2.760 2.816 2.872 2.917 2.949 2.980 3.012 3.044 3.076 3.108 3.140 3.140 3.195 3.153 3.111 3.069 3.027 2.985 2.946 2.911 2.875 2.840 2.804 2.769 2.733 2.698 2.662 2.663 2.801 2.920 3.038 3.157 3.276 3.394 3.513 3.631 3.750 3.843 3.867 3.892 3.916 3.941 3.965 3.965 4.009 4.030 4.052 4.074 4.096 4.117 4.139 4.162 4.186 4.210 4.235 4.259 4.283 4.307 4.331 4.332 4.323 4.318 4.313 4.307 4.298 4.288 4.278 4.268 4.257 4.247 4.237
2.665 2.666 2.711 2.696 2.695 2.751 2.807 2.843 2.875 2.906 2.938 2.970 3.002 3.034 3.065 3.097 3.129 3.130 3.171 3.129 3.086 3.044 3.002 2.960 2.918 2.879 2.843 2.808 2.772 2.737 2.701 2.666 2.630 2.631 2.822 2.941 3.059 3.178 3.297 3.415 3.534 3.653 3.771 3.890 3.944 3.968 3.993 4.017 4.039 4.040 4.083 4.104 4.126 4.148 4.170 4.191 4.213 4.235 4.259 4.284 4.308 4.332 4.356 4.381 4.376 4.376 4.366 4.360 4.355 4.350 4.342 4.332 4.321 4.311 4.301 4.290 4.280
2.609 2.609 2.655 2.700 2.737 2.769 2.801 2.832 2.864 2.896 2.928 2.960 2.991 3.023 3.055 3.087 3.119 3.119 3.146 3.104 3.062 3.020 2.978 2.935 2.893 2.851 2.811 2.776 2.740 2.705 2.669 2.634 2.606 2.606 2.843 2.962 3.080 3.199 3.318 3.436 3.555 3.674 3.792 3.911 4.020 4.044 4.069 4.092 4.113 4.114 4.157 4.179 4.200 4.222 4.244 4.266 4.287 4.309 4.333 4.357 4.381 4.406 4.429 4.424 4.419 4.419 4.408 4.403 4.397 4.392 4.385 4.375 4.364 4.354 4.344 4.334 4.323
2.552 2.552 2.611 2.680 2.728 2.758 2.790 2.822 2.854 2.886 2.917 2.949 2.981 3.013 3.045 3.077 3.108 3.109 3.121 3.079 3.037 2.995 2.953 2.911 2.869 2.827 2.784 2.743 2.708 2.672 2.637 2.601 2.627 2.627 2.864 2.983 3.101 3.220 3.339 3.457 3.576 3.695 3.813 3.932 4.050 4.121 4.144 4.166 4.188 4.188 4.231 4.253 4.275 4.296 4.318 4.340 4.362 4.383 4.406 4.430 4.455 4.477 4.472 4.466 4.461 4.461 4.450 4.445 4.440 4.434 4.428 4.418 4.408 4.398 4.387 4.377 4.367
2.539 2.540 2.609 2.677 2.719 2.750 2.780 2.812 2.844 2.875 2.907 2.939 2.971 3.003 3.034 3.066 3.098 3.098 3.097 3.054 3.012 2.970 2.928 2.886 2.844 2.802 2.760 2.717 2.676 2.640 2.605 2.569 2.648 2.648 2.885 3.004 3.122 3.241 3.360 3.479 3.597 3.716 3.834 3.953 4.071 4.174 4.216 4.240 4.262 4.262 4.306 4.327 4.349 4.371 4.392 4.414 4.436 4.457 4.480 4.504 4.524 4.519 4.514 4.509 4.503 4.503 4.493 4.487 4.482 4.477 4.471 4.461 4.451 4.441 4.431 4.420 4.410
2.537 2.537 2.606 2.675 2.711 2.741 2.772 2.802 2.833 2.865 2.897 2.929 2.960 2.992 3.024 3.056 3.088 3.088 3.072 3.030 2.988 2.945 2.903 2.861 2.819 2.777 2.735 2.693 2.651 2.609 2.573 2.550 2.669 2.669 2.906 3.025 3.144 3.262 3.381 3.486 3.590 3.693 3.797 3.901 4.004 4.086 4.136 4.177 4.217 4.218 4.299 4.339 4.380 4.421 4.461 4.488 4.510 4.532 4.553 4.572 4.567 4.562 4.556 4.551 4.546 4.546 4.535 4.530 4.524 4.519 4.514 4.505 4.494 4.484 4.474 4.464 4.453
2.534 2.534 2.603 2.672 2.702 2.733 2.763 2.794 2.824 2.855 2.886 2.918 2.950 2.982 3.014 3.045 3.077 3.078 3.047 3.005 2.963 2.921 2.879 2.836 2.794 2.752 2.710 2.668 2.626 2.584 2.542 2.571 2.690 2.691 2.898 3.002 3.106 3.210 3.313 3.417 3.521 3.624 3.728 3.832 3.935 3.998 4.053 4.097 4.138 4.138 4.219 4.260 4.300 4.341 4.382 4.422 4.463 4.504 4.538 4.569 4.609 4.604 4.599 4.593 4.588 4.588 4.577 4.572 4.567 4.561 4.556 4.548 4.538 4.528 4.517 4.507 4.468
2.531 2.532 2.601 2.663 2.694 2.724 2.755 2.785 2.815 2.846 2.876 2.908 2.940 2.971 3.003 3.035 3.067 3.067 3.023 2.980 2.938 2.896 2.854 2.812 2.770 2.728 2.685 2.643 2.601 2.551 2.495 2.525 2.622 2.622 2.829 2.933 3.037 3.141 3.244 3.348 3.452 3.555 3.659 3.763 3.855 3.910 3.965 4.018 4.058 4.059 4.140 4.180 4.221 4.261 4.302 4.343 4.383 4.420 4.425 4.448 4.496 4.544 4.592 4.636 4.630 4.631 4.620 4.614 4.609 4.604 4.598 4.591 4.581 4.571 4.561 4.512 4.438
2.532 2.532 2.600 2.663 2.694 2.724 2.754 2.785 2.815 2.845 2.876 2.908 2.939 2.971 3.003 3.035 3.067 3.067 3.022 2.980 2.938 2.896 2.854 2.812 2.769 2.727 2.685 2.643 2.601 2.551 2.495 2.525 2.622 2.622 2.829 2.933 3.037 3.140 3.244 3.347 3.451 3.555 3.659 3.762 3.855 3.910 3.965 4.017 4.058 4.058 4.139 4.180 4.220 4.261 4.302 4.342 4.383 4.420 4.425 4.448 4.496 4.543 4.591 4.635 4.630 4.630 4.619 4.614 4.609 4.603 4.598 4.591 4.581 4.570 4.560 4.511 4.437
2.529 2.529 2.598 2.655 2.685 2.715 2.746 2.776 2.806 2.837 2.867 2.898 2.929 2.961 2.993 3.024 3.056 3.056 2.998 2.956 2.913 2.871 2.829 2.787 2.745 2.703 2.655 2.599 2.543 2.488 2.432 2.491 2.558 2.558 2.760 2.864 2.967 3.071 3.175 3.278 3.382 3.486 3.589 3.693 3.767 3.822 3.876 3.931 3.978 3.979 4.060 4.100 4.141 4.182 4.222 4.263 4.302 4.307 4.312 4.327 4.375 4.423 4.470 4.518 4.566 4.566 4.662 4.656 4.651 4.646 4.640 4.634 4.624 4.614 4.554 4.480 4.407
2.526 2.526 2.595 2.646 2.677 2.707 2.737 2.768 2.798 2.828 2.859 2.889 2.919 2.950 2.982 3.014 3.046 3.046 2.973 2.931 2.889 2.847 2.804 2.759 2.703 2.647 2.592 2.536 2.481 2.425 2.391 2.457 2.524 2.525 2.691 2.795 2.898 3.002 3.106 3.209 3.313 3.417 3.520 3.624 3.679 3.734 3.788 3.843 3.898 3.899 3.980 4.021 4.061 4.102 4.143 4.183 4.188 4.193 4.198 4.206 4.254 4.302 4.350 4.397 4.445 4.445 4.541 4.589 4.636 4.684 4.683 4.677 4.667 4.598 4.524 4.450 4.376
2.521 2.521 2.590 2.629 2.659 2.690 2.720 2.750 2.781 2.811 2.842 2.872 2.902 2.933 2.963 2.993 3.008 3.009 2.911 2.856 2.800 2.745 2.689 2.633 2.578 2.522 2.467 2.411 2.355 2.300 2.324 2.390 2.457 2.457 2.590 2.657 2.760 2.864 2.968 3.071 3.175 3.279 3.382 3.448 3.503 3.558 3.613 3.668 3.723 3.723 3.821 3.862 3.903 3.943 3.953 3.958 3.963 3.968 3.973 3.978 4.013 4.061 4.108 4.156 4.204 4.204 4.300 4.347 4.395 4.443 4.464 4.458 4.449 4.439 4.430 4.389 4.316
2.518 2.519 2.587 2.621 2.651 2.681 2.712 2.742 2.772 2.803 2.833 2.863 2.894 2.924 2.954 2.972 2.958 2.958 2.849 2.793 2.737 2.682 2.626 2.570 2.515 2.459 2.404 2.348 2.293 2.237 2.290 2.357 2.423 2.424 2.556 2.623 2.691 2.795 2.899 3.002 3.106 3.210 3.305 3.360 3.415 3.470 3.525 3.580 3.635 3.635 3.742 3.782 3.823 3.835 3.840 3.845 3.850 3.854 3.860 3.865 3.892 3.940 3.988 4.035 4.083 4.083 4.179 4.227 4.274 4.278 4.271 4.264 4.256 4.246 4.237 4.227 4.217
2.516 2.516 2.582 2.612 2.642 2.673 2.703 2.733 2.764 2.794 2.824 2.855 2.884 2.893 2.901 2.910 2.886 2.886 2.786 2.730 2.675 2.619 2.563 2.508 2.452 2.397 2.341 2.285 2.230 2.190 2.256 2.323 2.390 2.390 2.523 2.589 2.656 2.726 2.829 2.933 3.037 3.140 3.217 3.272 3.327 3.382 3.437 3.492 3.546 3.547 3.656 3.703 3.716 3.721 3.726 3.731 3.736 3.741 3.746 3.751 3.771 3.819 3.867 3.914 3.962 3.962 4.058 4.098 4.091 4.084 4.078 4.071 4.063 4.053 4.044 4.034 4.024
2.513 2.513 2.573 2.604 2.634 2.664 2.695 2.725 2.755 2.785 2.804 2.813 2.822 2.831 2.839 2.848 2.814 2.814 2.718 2.668 2.612 2.556 2.501 2.445 2.389 2.334 2.278 2.222 2.167 2.156 2.223 2.289 2.356 2.356 2.489 2.556 2.622 2.689 2.760 2.864 2.968 3.071 3.129 3.184 3.239 3.293 3.348 3.403 3.458 3.459 3.576 3.615 3.603 3.608 3.613 3.618 3.623 3.628 3.633 3.638 3.650 3.698 3.746 3.793 3.841 3.841 3.911 3.904 3.898 3.891 3.884 3.878 3.870 3.860 3.850 3.841 3.831
2.510 2.510 2.565 2.595 2.625 2.656 2.686 2.716 2.725 2.734 2.742 2.751 2.760 2.768 2.777 2.786 2.742 2.742 2.646 2.598 2.549 2.494 2.438 2.382 2.327 2.271 2.215 2.160 2.104 2.122 2.189 2.255 2.322 2.322 2.455 2.522 2.588 2.655 2.721 2.795 2.898 2.986 3.041 3.095 3.150 3.205 3.266 3.329 3.392 3.392 3.517 3.549 3.534 3.518 3.502 3.505 3.510 3.515 3.520 3.525 3.530 3.577 3.625 3.672 3.720 3.720 3.717 3.711 3.704 3.698 3.691 3.684 3.677 3.667 3.657 3.648 3.638
