includes/camargue/floodfiles/results_R2_t1.562343928288E12/res-0004.wd
ncols         906
nrows         631
xllcorner     362177.146667
yllcorner     6534725.688020
cellsize      20.000000
NODATA_value  -9999.000000
[rows 510 to 543 of 631, columns 462 to 538 of 906]
3.636 3.642 3.647 3.653 3.658 3.664 3.669 3.675 3.681 3.686 3.692 3.702 3.713 3.735 3.735 3.746 3.757 3.769 3.781 3.794 3.806 3.818 3.830 3.842 3.854 3.855 3.854 3.853 3.852 3.849 3.849 3.848 3.847 3.847 3.847 3.846 3.846 3.846 3.846 3.845 3.845 3.845 3.845 3.844 3.844 3.842 3.842 3.839 3.846 3.854 3.861 3.867 3.874 3.881 3.887 3.894 3.901 3.907 3.914 3.921 3.910 3.833 3.833 3.794 3.755 3.717 3.678 3.639 3.584 3.517 3.451 3.109 3.378 3.451 3.525 3.589 3.630
3.672 3.677 3.682 3.687 3.693 3.698 3.704 3.709 3.715 3.721 3.726 3.734 3.745 3.768 3.767 3.779 3.791 3.803 3.815 3.828 3.840 3.852 3.864 3.876 3.888 3.900 3.905 3.904 3.902 3.900 3.900 3.899 3.899 3.898 3.898 3.898 3.897 3.897 3.897 3.897 3.897 3.896 3.896 3.896 3.896 3.896 3.896 3.904 3.916 3.924 3.931 3.937 3.944 3.951 3.957 3.964 3.971 3.978 3.984 3.991 3.971 3.894 3.894 3.855 3.816 3.777 3.739 3.700 3.661 3.622 3.583 3.543 3.522 3.563 3.605 3.646 3.687
3.693 3.698 3.702 3.707 3.711 3.716 3.722 3.727 3.733 3.738 3.744 3.751 3.762 3.785 3.785 3.797 3.809 3.821 3.833 3.845 3.857 3.869 3.881 3.894 3.906 3.918 3.930 3.929 3.928 3.926 3.926 3.925 3.925 3.925 3.924 3.924 3.924 3.923 3.923 3.923 3.923 3.923 3.923 3.923 3.923 3.923 3.923 3.933 3.945 3.957 3.966 3.973 3.979 3.986 3.993 4.000 4.006 4.013 4.020 4.027 4.002 3.925 3.925 3.886 3.847 3.808 3.769 3.730 3.691 3.652 3.613 2.950 3.596 3.608 3.633 3.674 3.716
3.714 3.719 3.723 3.728 3.732 3.737 3.742 3.746 3.751 3.756 3.762 3.767 3.778 3.803 3.802 3.814 3.826 3.838 3.850 3.863 3.875 3.887 3.899 3.911 3.923 3.935 3.947 3.955 3.954 3.952 3.951 3.951 3.951 3.951 3.950 3.950 3.950 3.949 3.949 3.949 3.949 3.950 3.950 3.950 3.950 3.950 3.950 3.961 3.973 3.985 3.997 4.008 4.015 4.022 4.028 4.035 4.042 4.048 4.055 4.062 4.033 3.955 3.956 3.917 3.878 3.839 3.800 3.761 3.722 3.698 3.690 2.970 3.679 3.691 3.704 3.716 3.744
3.735 3.740 3.744 3.749 3.753 3.758 3.763 3.767 3.772 3.777 3.782 3.787 3.796 3.820 3.820 3.832 3.844 3.856 3.868 3.880 3.892 3.904 3.916 3.928 3.941 3.953 3.965 3.977 3.980 3.978 3.978 3.977 3.977 3.977 3.976 3.976 3.976 3.976 3.976 3.976 3.976 3.976 3.977 3.977 3.976 3.978 3.978 3.990 4.002 4.014 4.025 4.037 4.049 4.057 4.064 4.070 4.077 4.084 4.091 4.098 4.064 3.986 3.986 3.948 3.909 3.870 3.831 3.797 3.790 3.782 3.774 3.766 3.763 3.775 3.787 3.800 3.812
3.756 3.761 3.765 3.770 3.774 3.779 3.784 3.788 3.793 3.798 3.803 3.808 3.817 3.840 3.840 3.851 3.863 3.875 3.886 3.898 3.910 3.922 3.934 3.946 3.958 3.970 3.982 3.994 4.006 4.004 4.004 4.004 4.003 4.003 4.003 4.003 4.003 4.003 4.003 4.003 4.003 4.003 4.003 4.003 4.003 4.007 4.006 4.018 4.030 4.042 4.054 4.066 4.078 4.090 4.099 4.106 4.112 4.119 4.126 4.133 4.095 4.017 4.017 3.978 3.939 3.900 3.888 3.881 3.873 3.865 3.857 3.849 3.846 3.859 3.871 3.883 3.896
3.777 3.782 3.786 3.791 3.795 3.800 3.805 3.809 3.814 3.819 3.825 3.830 3.837 3.860 3.860 3.872 3.883 3.895 3.907 3.918 3.930 3.941 3.953 3.965 3.977 3.988 4.000 4.012 4.024 4.030 4.030 4.030 4.030 4.030 4.030 4.030 4.030 4.030 4.030 4.030 4.030 4.030 4.030 4.030 4.030 4.035 4.035 4.047 4.059 4.071 4.082 4.094 4.106 4.118 4.130 4.141 4.148 4.154 4.161 4.164 4.125 4.048 4.048 4.009 3.988 3.980 3.972 3.964 3.956 3.948 3.940 3.932 3.930 3.942 3.954 3.967 3.979
3.798 3.802 3.807 3.812 3.816 3.821 3.826 3.830 3.835 3.841 3.846 3.852 3.857 3.881 3.880 3.892 3.904 3.915 3.927 3.938 3.950 3.962 3.974 3.985 3.997 4.008 4.020 4.032 4.043 4.057 4.057 4.057 4.057 4.057 4.057 4.057 4.057 4.057 4.057 4.057 4.057 4.057 4.057 4.057 4.057 4.064 4.063 4.075 4.087 4.099 4.111 4.123 4.135 4.147 4.158 4.170 4.182 4.190 4.197 4.195 4.156 4.087 4.087 4.079 4.071 4.063 4.055 4.047 4.039 4.031 4.023 4.015 4.014 4.026 4.038 4.050 4.063
3.819 3.823 3.828 3.833 3.838 3.842 3.847 3.852 3.857 3.862 3.868 3.873 3.879 3.901 3.901 3.912 3.924 3.935 3.947 3.959 3.970 3.982 3.994 4.006 4.017 4.029 4.041 4.052 4.057 4.071 4.071 4.081 4.084 4.084 4.084 4.084 4.084 4.084 4.084 4.084 4.084 4.084 4.084 4.084 4.084 4.092 4.092 4.104 4.116 4.128 4.139 4.151 4.163 4.175 4.187 4.199 4.211 4.223 4.232 4.226 4.187 4.170 4.170 4.162 4.154 4.146 4.138 4.130 4.122 4.114 4.106 4.098 4.097 4.109 4.121 4.134 4.146
3.840 3.844 3.849 3.854 3.858 3.863 3.868 3.873 3.879 3.884 3.890 3.895 3.901 3.922 3.921 3.933 3.944 3.956 3.967 3.979 3.991 4.003 4.014 4.026 4.038 4.049 4.060 4.064 4.068 4.082 4.081 4.092 4.102 4.111 4.111 4.111 4.111 4.111 4.111 4.111 4.111 4.111 4.111 4.111 4.111 4.121 4.121 4.132 4.144 4.156 4.168 4.180 4.191 4.203 4.215 4.227 4.239 4.251 4.263 4.276 4.269 4.253 4.253 4.245 4.237 4.229 4.221 4.213 4.205 4.197 4.189 4.181 4.180 4.193 4.205 4.217 4.230
3.861 3.866 3.870 3.875 3.879 3.884 3.890 3.895 3.900 3.906 3.912 3.917 3.923 3.942 3.941 3.953 3.964 3.976 3.987 3.999 4.011 4.023 4.034 4.046 4.058 4.068 4.072 4.075 4.079 4.092 4.092 4.102 4.112 4.122 4.132 4.138 4.138 4.138 4.138 4.138 4.138 4.138 4.138 4.138 4.138 4.149 4.149 4.161 4.173 4.185 4.196 4.208 4.220 4.232 4.244 4.256 4.268 4.274 4.278 4.295 4.327 4.336 4.336 4.328 4.320 4.312 4.304 4.296 4.288 4.281 4.273 4.265 4.264 4.276 4.288 4.301 4.313
3.882 3.887 3.891 3.896 3.901 3.906 3.911 3.917 3.922 3.928 3.933 3.939 3.945 3.962 3.962 3.973 3.985 3.996 4.008 4.020 4.031 4.043 4.055 4.066 4.075 4.079 4.083 4.086 4.090 4.103 4.103 4.113 4.123 4.133 4.143 4.153 4.163 4.165 4.165 4.165 4.165 4.165 4.165 4.165 4.165 4.178 4.178 4.190 4.201 4.213 4.225 4.237 4.249 4.260 4.272 4.279 4.283 4.286 4.290 4.309 4.342 4.407 4.407 4.411 4.403 4.395 4.387 4.380 4.372 4.364 4.356 4.348 4.347 4.359 4.372 4.384 4.397
3.903 3.907 3.912 3.917 3.922 3.928 3.933 3.939 3.944 3.950 3.955 3.961 3.966 3.982 3.982 3.993 4.005 4.017 4.028 4.040 4.052 4.063 4.075 4.083 4.086 4.090 4.094 4.097 4.101 4.114 4.113 4.123 4.134 4.144 4.154 4.164 4.174 4.184 4.192 4.192 4.192 4.192 4.192 4.192 4.192 4.207 4.206 4.218 4.230 4.242 4.254 4.265 4.277 4.283 4.287 4.291 4.295 4.299 4.303 4.323 4.356 4.422 4.421 4.454 4.486 4.479 4.471 4.463 4.455 4.447 4.439 4.431 4.431 4.443 4.455 4.468 4.480
3.924 3.928 3.933 3.939 3.944 3.950 3.955 3.960 3.966 3.971 3.977 3.982 3.988 4.003 4.002 4.014 4.025 4.037 4.049 4.060 4.072 4.084 4.090 4.094 4.097 4.101 4.105 4.108 4.112 4.125 4.124 4.134 4.144 4.154 4.164 4.174 4.185 4.195 4.205 4.215 4.219 4.219 4.219 4.219 4.219 4.235 4.235 4.247 4.259 4.270 4.282 4.288 4.292 4.296 4.300 4.304 4.308 4.312 4.316 4.338 4.370 4.436 4.436 4.468 4.501 4.534 4.554 4.546 4.538 4.530 4.522 4.514 4.514 4.526 4.539 4.551 4.564
3.924 3.929 3.934 3.940 3.945 3.950 3.956 3.961 3.967 3.972 3.977 3.983 3.988 4.003 4.003 4.014 4.026 4.038 4.049 4.061 4.073 4.084 4.091 4.095 4.098 4.102 4.105 4.109 4.112 4.125 4.125 4.135 4.145 4.155 4.165 4.175 4.185 4.196 4.206 4.216 4.219 4.219 4.219 4.219 4.219 4.236 4.236 4.247 4.259 4.271 4.283 4.289 4.293 4.297 4.301 4.304 4.308 4.312 4.316 4.338 4.371 4.436 4.436 4.469 4.502 4.534 4.554 4.546 4.538 4.530 4.523 4.515 4.515 4.527 4.539 4.552 4.564
3.945 3.950 3.956 3.961 3.967 3.972 3.978 3.983 3.988 3.994 3.999 4.005 4.010 4.023 4.023 4.035 4.046 4.058 4.070 4.081 4.093 4.098 4.102 4.106 4.109 4.113 4.116 4.120 4.123 4.136 4.136 4.145 4.156 4.166 4.176 4.186 4.196 4.206 4.216 4.226 4.236 4.246 4.246 4.246 4.246 4.264 4.264 4.276 4.288 4.294 4.298 4.302 4.306 4.309 4.313 4.317 4.321 4.325 4.329 4.353 4.385 4.451 4.450 4.483 4.516 4.548 4.581 4.614 4.621 4.614 4.606 4.598 4.598 4.611 4.623 4.636 4.641
3.967 3.972 3.978 3.983 3.988 3.994 3.999 4.005 4.010 4.016 4.021 4.026 4.032 4.044 4.043 4.055 4.067 4.078 4.090 4.101 4.106 4.109 4.113 4.116 4.120 4.124 4.127 4.131 4.134 4.147 4.146 4.156 4.166 4.177 4.187 4.197 4.207 4.217 4.227 4.237 4.247 4.257 4.268 4.273 4.273 4.293 4.293 4.299 4.303 4.306 4.310 4.314 4.318 4.322 4.326 4.330 4.334 4.338 4.342 4.367 4.399 4.465 4.465 4.497 4.530 4.563 4.595 4.628 4.661 4.694 4.689 4.681 4.682 4.694 4.706 4.700 4.693
4.040 4.041 4.043 4.045 4.046 4.047 4.049 4.051 4.053 4.058 4.064 4.069 4.075 4.086 4.086 4.095 4.106 4.117 4.120 4.124 4.127 4.131 4.134 4.138 4.141 4.145 4.149 4.152 4.156 4.167 4.167 4.177 4.187 4.197 4.207 4.218 4.228 4.238 4.248 4.258 4.268 4.278 4.288 4.304 4.328 4.320 4.320 4.323 4.327 4.331 4.335 4.339 4.343 4.347 4.351 4.355 4.359 4.362 4.366 4.395 4.427 4.493 4.493 4.525 4.558 4.591 4.623 4.656 4.689 4.722 4.755 4.787 4.812 4.817 4.811 4.804 4.798
4.073 4.079 4.081 4.082 4.084 4.085 4.087 4.088 4.090 4.091 4.093 4.094 4.096 4.108 4.107 4.115 4.124 4.128 4.131 4.135 4.138 4.142 4.145 4.149 4.153 4.156 4.160 4.163 4.167 4.178 4.178 4.188 4.198 4.208 4.218 4.228 4.238 4.248 4.259 4.269 4.279 4.291 4.314 4.337 4.361 4.350 4.350 4.342 4.340 4.344 4.348 4.352 4.356 4.360 4.364 4.367 4.371 4.375 4.379 4.409 4.442 4.507 4.507 4.540 4.572 4.605 4.638 4.671 4.703 4.736 4.768 4.800 4.824 4.841 4.858 4.856 4.850
4.100 4.117 4.119 4.120 4.122 4.123 4.125 4.126 4.128 4.129 4.131 4.132 4.134 4.138 4.137 4.141 4.135 4.139 4.142 4.146 4.149 4.153 4.156 4.160 4.164 4.167 4.171 4.174 4.178 4.189 4.189 4.199 4.209 4.219 4.229 4.239 4.249 4.259 4.269 4.280 4.300 4.324 4.347 4.370 4.394 4.382 4.382 4.374 4.366 4.358 4.361 4.365 4.368 4.372 4.376 4.380 4.384 4.388 4.392 4.423 4.456 4.521 4.521 4.554 4.587 4.619 4.652 4.685 4.717 4.749 4.781 4.813 4.837 4.854 4.871 4.887 4.903
4.128 4.155 4.157 4.158 4.160 4.161 4.163 4.164 4.166 4.167 4.169 4.170 4.172 4.181 4.180 4.191 4.179 4.167 4.155 4.157 4.160 4.164 4.167 4.171 4.175 4.178 4.182 4.185 4.189 4.199 4.199 4.209 4.219 4.230 4.240 4.250 4.260 4.270 4.287 4.310 4.333 4.357 4.380 4.404 4.427 4.414 4.414 4.406 4.398 4.390 4.382 4.377 4.381 4.385 4.389 4.393 4.397 4.400 4.405 4.438 4.470 4.536 4.536 4.568 4.601 4.634 4.666 4.698 4.730 4.762 4.794 4.826 4.850 4.866 4.883 4.900 4.916
4.155 4.192 4.195 4.196 4.198 4.199 4.201 4.202 4.204 4.205 4.207 4.208 4.210 4.229 4.228 4.239 4.230 4.218 4.206 4.194 4.182 4.175 4.178 4.182 4.186 4.189 4.193 4.197 4.200 4.210 4.210 4.220 4.230 4.240 4.250 4.260 4.273 4.296 4.320 4.343 4.366 4.390 4.413 4.437 4.460 4.447 4.446 4.438 4.430 4.422 4.414 4.406 4.398 4.398 4.401 4.405 4.409 4.413 4.420 4.452 4.485 4.550 4.550 4.583 4.615 4.647 4.679 4.711 4.743 4.775 4.807 4.839 4.862 4.879 4.896 4.912 4.929
4.183 4.220 4.233 4.234 4.236 4.237 4.238 4.240 4.241 4.243 4.245 4.246 4.256 4.277 4.276 4.287 4.281 4.269 4.257 4.244 4.232 4.220 4.208 4.196 4.197 4.201 4.204 4.208 4.211 4.221 4.221 4.231 4.241 4.251 4.261 4.283 4.306 4.329 4.353 4.376 4.399 4.423 4.446 4.470 4.493 4.479 4.478 4.470 4.462 4.454 4.446 4.438 4.430 4.422 4.414 4.418 4.422 4.426 4.434 4.467 4.499 4.564 4.564 4.596 4.628 4.660 4.692 4.724 4.756 4.788 4.820 4.853 4.875 4.892 4.908 4.925 4.942
4.210 4.247 4.271 4.272 4.273 4.275 4.276 4.278 4.279 4.281 4.283 4.293 4.304 4.325 4.324 4.335 4.332 4.320 4.307 4.295 4.283 4.271 4.259 4.247 4.235 4.223 4.215 4.219 4.222 4.231 4.231 4.242 4.252 4.269 4.292 4.315 4.339 4.362 4.386 4.409 4.433 4.456 4.479 4.503 4.526 4.511 4.510 4.502 4.494 4.486 4.478 4.470 4.462 4.454 4.446 4.438 4.435 4.439 4.448 4.481 4.514 4.578 4.577 4.609 4.641 4.673 4.705 4.737 4.769 4.801 4.833 4.866 4.887 4.904 4.921 4.938 4.954
4.238 4.275 4.308 4.310 4.311 4.313 4.314 4.316 4.317 4.320 4.331 4.341 4.352 4.373 4.372 4.383 4.383 4.370 4.358 4.346 4.334 4.322 4.310 4.298 4.286 4.274 4.262 4.250 4.238 4.242 4.242 4.255 4.279 4.302 4.325 4.349 4.372 4.395 4.418 4.442 4.465 4.489 4.512 4.536 4.558 4.543 4.542 4.535 4.527 4.519 4.510 4.502 4.494 4.486 4.478 4.470 4.462 4.454 4.463 4.495 4.527 4.591 4.591 4.623 4.655 4.686 4.718 4.750 4.782 4.814 4.846 4.879 4.900 4.917 4.934 4.950 4.967
4.265 4.302 4.339 4.348 4.349 4.350 4.352 4.354 4.358 4.368 4.379 4.389 4.400 4.421 4.420 4.431 4.433 4.421 4.409 4.397 4.385 4.373 4.361 4.349 4.337 4.325 4.313 4.301 4.288 4.259 4.258 4.288 4.311 4.335 4.358 4.381 4.405 4.428 4.451 4.475 4.498 4.522 4.545 4.569 4.591 4.575 4.575 4.567 4.559 4.551 4.542 4.534 4.526 4.518 4.510 4.502 4.494 4.485 4.484 4.508 4.540 4.604 4.604 4.636 4.668 4.700 4.732 4.763 4.796 4.828 4.860 4.892 4.913 4.929 4.946 4.963 4.980
4.293 4.329 4.366 4.385 4.387 4.388 4.390 4.395 4.406 4.416 4.427 4.437 4.447 4.469 4.468 4.479 4.484 4.472 4.460 4.448 4.436 4.424 4.412 4.400 4.388 4.376 4.363 4.351 4.334 4.270 4.270 4.305 4.340 4.368 4.391 4.414 4.438 4.461 4.485 4.508 4.531 4.555 4.578 4.602 4.623 4.607 4.607 4.599 4.591 4.583 4.575 4.566 4.558 4.550 4.542 4.533 4.522 4.511 4.511 4.535 4.558 4.617 4.617 4.649 4.681 4.713 4.745 4.777 4.809 4.841 4.873 4.905 4.925 4.942 4.959 4.976 4.992
4.320 4.357 4.394 4.423 4.425 4.426 4.433 4.443 4.454 4.464 4.475 4.485 4.495 4.517 4.516 4.527 4.535 4.523 4.511 4.499 4.487 4.474 4.462 4.451 4.439 4.427 4.414 4.386 4.347 4.282 4.281 4.316 4.351 4.386 4.421 4.447 4.470 4.494 4.517 4.541 4.564 4.588 4.611 4.635 4.655 4.639 4.639 4.631 4.623 4.615 4.607 4.599 4.590 4.582 4.571 4.559 4.548 4.537 4.539 4.562 4.586 4.633 4.633 4.662 4.694 4.726 4.758 4.790 4.822 4.854 4.886 4.918 4.938 4.955 4.971 4.988 5.005
4.347 4.384 4.421 4.458 4.462 4.470 4.481 4.491 4.502 4.512 4.522 4.533 4.543 4.565 4.564 4.575 4.585 4.574 4.562 4.550 4.537 4.525 4.513 4.501 4.489 4.476 4.438 4.399 4.361 4.293 4.293 4.328 4.363 4.398 4.433 4.468 4.503 4.527 4.550 4.574 4.597 4.621 4.644 4.668 4.687 4.671 4.671 4.663 4.655 4.647 4.639 4.631 4.620 4.608 4.597 4.585 4.574 4.563 4.566 4.589 4.613 4.660 4.660 4.683 4.707 4.739 4.771 4.803 4.835 4.867 4.899 4.931 4.950 4.967 4.984 5.001 5.018
4.361 4.401 4.442 4.482 4.508 4.518 4.528 4.539 4.550 4.560 4.570 4.581 4.591 4.612 4.612 4.623 4.633 4.625 4.613 4.601 4.588 4.576 4.564 4.552 4.528 4.490 4.451 4.413 4.374 4.304 4.304 4.339 4.374 4.409 4.444 4.479 4.514 4.549 4.584 4.607 4.631 4.654 4.677 4.701 4.719 4.703 4.703 4.695 4.687 4.679 4.669 4.657 4.646 4.634 4.623 4.611 4.600 4.588 4.593 4.617 4.640 4.687 4.687 4.711 4.734 4.758 4.784 4.816 4.848 4.880 4.912 4.944 4.963 4.980 4.996 5.013 5.030
4.362 4.402 4.442 4.482 4.508 4.519 4.529 4.540 4.550 4.561 4.571 4.581 4.592 4.613 4.613 4.623 4.634 4.625 4.613 4.601 4.589 4.577 4.565 4.553 4.529 4.490 4.452 4.413 4.375 4.305 4.305 4.340 4.375 4.410 4.445 4.480 4.515 4.550 4.584 4.608 4.631 4.655 4.678 4.701 4.720 4.704 4.704 4.696 4.687 4.679 4.669 4.658 4.646 4.635 4.623 4.612 4.600 4.589 4.594 4.617 4.641 4.688 4.688 4.711 4.735 4.758 4.785 4.817 4.849 4.881 4.913 4.945 4.964 4.980 4.997 5.014 5.031
4.369 4.409 4.449 4.479 4.508 4.538 4.568 4.588 4.598 4.609 4.619 4.629 4.640 4.661 4.661 4.672 4.682 4.676 4.664 4.652 4.640 4.628 4.616 4.581 4.542 4.504 4.465 4.426 4.388 4.316 4.316 4.351 4.386 4.421 4.456 4.491 4.526 4.561 4.596 4.632 4.664 4.688 4.711 4.734 4.752 4.736 4.736 4.728 4.718 4.707 4.695 4.684 4.672 4.661 4.649 4.638 4.626 4.615 4.621 4.644 4.668 4.715 4.715 4.738 4.762 4.786 4.809 4.833 4.862 4.894 4.926 4.958 4.976 4.993 5.010 5.028 5.050
4.377 4.417 4.446 4.474 4.503 4.533 4.563 4.593 4.623 4.653 4.667 4.678 4.688 4.709 4.709 4.720 4.730 4.727 4.715 4.703 4.691 4.671 4.633 4.594 4.556 4.517 4.478 4.440 4.401 4.328 4.327 4.362 4.398 4.433 4.468 4.503 4.538 4.573 4.608 4.643 4.678 4.713 4.744 4.767 4.784 4.767 4.767 4.756 4.744 4.733 4.721 4.710 4.698 4.687 4.675 4.664 4.652 4.641 4.648 4.671 4.695 4.742 4.742 4.766 4.789 4.813 4.837 4.860 4.884 4.908 4.939 4.971 4.989 5.006 5.028 5.050 5.072
4.379 4.407 4.435 4.464 4.492 4.522 4.552 4.582 4.612 4.642 4.672 4.702 4.733 4.793 4.793 4.815 4.826 4.828 4.813 4.775 4.736 4.697 4.659 4.620 4.582 4.543 4.504 4.466 4.427 4.351 4.351 4.385 4.420 4.455 4.490 4.525 4.560 4.595 4.630 4.665 4.700 4.735 4.770 4.800 4.822 4.819 4.818 4.807 4.795 4.784 4.772 4.761 4.749 4.738 4.727 4.715 4.704 4.692 4.702 4.725 4.749 4.796 4.796 4.820 4.843 4.867 4.891 4.914 4.938 4.961 4.984 5.005 5.026 5.048 5.070 5.092 5.114
