includes/camargue/floodfiles/results_R2_t1.562343928288E12/res-0006.wd
ncols         906
nrows         631
xllcorner     362177.146667
yllcorner     6534725.688020
cellsize      20.000000
NODATA_value  -9999.000000
[rows 374 to 407 of 631, columns 616 to 692 of 906]
0.000 0.000 1.060 1.210 0.971 0.972 1.102 1.102 0.743 0.563 0.644 0.464 0.944 0.825 1.285 1.145 1.356 1.306 1.285 0.865 1.174 1.174 1.093 1.183 0.652 1.464 1.431 1.721 1.560 1.610 1.560 1.390 1.480 1.520 1.460 1.539 1.599 1.599 1.669 1.669 1.749 1.619 1.679 1.789 1.709 1.758 1.888 1.758 1.708 1.938 1.728 1.747 1.767 1.767 1.687 1.597 1.567 1.567 1.547 1.527 1.487 1.377 1.476 1.406 1.306 1.326 1.385 0.955 0.535 0.535 0.000 0.702 0.001 0.023 0.000 0.000 0.000
1.209 1.180 1.230 1.220 1.271 1.271 1.072 1.132 1.193 0.893 1.124 0.644 0.924 1.055 1.275 1.145 1.255 1.355 1.355 0.925 1.114 1.114 1.073 1.373 1.212 1.536 1.569 1.491 1.731 1.520 1.520 1.460 1.550 1.540 1.630 1.540 1.639 1.639 1.699 1.669 1.759 1.769 1.729 1.718 1.818 1.698 1.798 1.768 2.017 1.797 1.777 1.717 1.827 1.827 1.557 1.647 1.637 1.646 1.566 1.536 1.466 1.456 1.426 1.396 1.415 1.475 1.335 1.134 0.664 0.664 0.163 0.005 0.019 0.009 0.000 0.000 0.000
1.109 1.179 1.160 1.140 1.341 1.341 1.331 1.402 1.363 1.243 1.213 0.974 1.104 1.474 1.375 1.365 1.365 1.305 1.425 1.334 1.304 1.303 1.463 1.533 1.562 1.432 1.642 1.441 1.441 1.350 1.580 1.490 1.520 1.540 1.599 1.659 1.689 1.689 1.739 1.969 1.769 1.808 1.828 1.838 1.868 1.948 1.827 1.847 1.907 1.737 1.707 1.826 1.816 1.816 1.596 1.696 1.726 1.586 1.636 1.576 1.526 1.465 1.545 1.605 1.445 1.504 1.284 1.274 1.043 1.043 0.483 0.222 0.008 0.000 0.000 0.302 0.912
1.219 1.089 1.199 1.330 1.400 1.401 1.401 1.472 1.442 1.353 1.143 1.273 1.184 1.394 1.314 1.414 1.395 1.335 1.434 1.404 1.314 1.313 1.513 1.563 1.622 1.252 1.714 1.931 1.571 1.520 1.460 1.530 1.630 1.709 1.659 1.719 1.839 1.839 1.819 1.858 1.848 1.798 1.818 1.968 1.867 1.847 2.047 1.847 1.807 1.826 1.876 1.846 1.766 1.766 1.786 1.816 1.716 1.685 1.685 1.665 1.505 1.505 1.494 1.494 1.404 1.554 1.263 1.393 1.173 1.172 0.462 0.361 0.006 0.000 0.000 1.213 1.717
1.359 1.169 1.299 1.520 1.350 1.351 1.401 1.362 1.392 1.353 1.393 1.493 1.024 1.564 1.464 1.384 1.454 1.444 1.554 1.414 1.403 1.403 1.593 1.602 1.642 1.532 2.001 1.819 1.311 1.570 1.550 1.630 1.670 1.629 1.699 1.719 1.829 1.829 1.838 1.908 1.958 1.928 1.958 1.937 1.947 1.877 1.886 1.816 1.786 1.866 1.905 2.155 1.855 1.855 1.785 1.835 1.725 1.735 1.575 1.675 1.574 1.514 1.544 1.594 1.373 1.463 1.312 1.342 1.272 1.271 0.551 0.600 0.359 0.135 0.194 1.253 1.775
1.358 1.169 1.299 1.520 1.350 1.351 1.401 1.362 1.392 1.352 1.393 1.493 1.023 1.564 1.464 1.384 1.454 1.444 1.554 1.413 1.403 1.403 1.592 1.602 1.642 1.532 2.001 1.819 1.311 1.570 1.550 1.629 1.669 1.629 1.699 1.719 1.828 1.828 1.838 1.908 1.957 1.927 1.957 1.937 1.946 1.876 1.886 1.816 1.785 1.865 1.905 2.155 1.855 1.855 1.785 1.834 1.724 1.734 1.574 1.674 1.574 1.513 1.543 1.593 1.373 1.462 1.312 1.341 1.271 1.271 0.550 0.600 0.359 0.135 0.194 1.253 1.775
1.368 1.169 1.209 1.459 1.370 1.370 1.381 1.341 1.462 1.372 1.222 1.133 1.073 1.503 1.373 1.453 1.423 1.453 1.463 1.523 1.623 1.623 1.672 1.542 1.542 1.601 1.451 1.891 2.240 1.620 1.579 1.669 1.639 1.719 1.799 1.828 1.848 1.848 1.978 1.947 2.007 1.977 1.896 2.016 1.976 1.896 1.925 2.025 1.945 2.045 1.945 1.915 1.804 1.804 1.934 1.724 1.714 1.724 1.693 1.753 1.693 1.623 1.542 1.502 1.462 1.551 1.501 1.501 1.450 1.450 0.849 0.798 0.468 0.266 0.424 1.833 2.263
1.408 1.388 1.499 1.339 1.360 1.360 1.400 1.551 1.391 1.342 1.492 1.372 1.253 1.433 1.553 1.503 1.523 1.473 1.553 1.653 1.562 1.562 1.522 1.562 1.641 1.551 1.551 1.950 1.996 1.660 1.669 1.739 1.859 1.739 1.768 1.788 2.008 2.008 2.047 1.967 1.867 1.986 1.966 2.126 1.946 1.945 2.055 1.935 1.945 1.974 2.084 1.894 1.824 1.824 1.784 1.873 1.743 1.753 1.903 1.833 1.712 1.552 1.632 1.691 1.611 1.541 1.550 1.500 1.619 1.619 1.098 0.937 0.857 0.595 0.894 1.856 0.983
1.478 1.478 1.479 1.549 1.470 1.470 1.560 1.561 1.391 1.471 1.462 1.592 1.662 1.672 1.633 1.643 1.623 1.683 1.773 1.622 1.572 1.572 1.541 1.631 1.581 1.681 1.720 1.690 2.141 2.174 1.809 1.879 1.979 1.898 1.888 1.998 2.027 2.027 1.997 2.047 1.916 2.036 1.986 2.015 1.995 1.925 2.125 2.014 2.094 2.084 1.994 2.143 1.933 1.933 1.913 1.853 1.893 1.933 1.742 1.712 1.812 1.701 1.601 1.691 1.640 1.670 1.740 1.489 1.449 1.448 1.327 1.617 1.846 1.935 1.931 1.534 1.573
1.548 1.548 1.519 1.619 1.689 1.690 1.560 1.480 1.451 1.581 1.521 1.672 1.622 1.662 1.682 1.642 1.692 1.662 1.642 1.822 1.652 1.651 1.521 1.831 1.711 1.830 1.700 1.800 1.819 2.246 1.649 1.928 1.968 1.988 1.958 2.017 2.037 2.037 2.096 2.046 1.966 2.125 2.025 2.025 2.005 2.004 2.004 2.114 2.123 2.103 1.973 2.143 1.953 1.953 1.972 1.952 2.012 1.792 1.772 1.771 1.761 1.731 1.710 1.680 1.650 1.639 1.699 1.529 1.608 1.607 1.397 1.716 1.855 1.970 2.304 1.614 1.663
1.488 1.538 1.699 1.539 1.569 1.570 1.470 1.540 1.490 1.461 1.511 1.731 1.662 1.662 1.692 1.642 1.742 1.792 1.822 1.692 1.701 1.701 1.621 1.771 1.740 1.910 1.850 1.800 1.889 2.309 2.323 2.018 2.018 2.058 2.047 2.047 2.057 2.056 2.036 2.026 2.095 2.055 2.105 2.144 2.054 2.134 2.033 2.053 1.943 2.053 2.062 2.052 2.022 2.022 2.152 2.072 1.862 1.781 1.751 1.841 1.880 1.770 1.730 1.899 1.749 1.599 1.658 1.638 1.517 1.517 1.196 1.676 2.009 2.006 1.654 1.744 1.703
1.518 1.608 1.608 1.599 1.649 1.649 1.560 1.600 1.690 1.690 1.681 1.791 1.611 1.701 1.691 1.762 1.732 1.772 1.771 1.761 1.851 1.851 1.631 1.810 1.750 1.870 1.949 1.909 1.829 1.768 2.345 1.968 1.958 1.997 2.097 2.047 2.136 2.136 2.096 2.045 2.055 2.165 1.964 2.114 2.184 2.133 2.163 2.073 2.023 2.162 2.102 2.072 2.142 2.141 2.041 1.981 1.911 1.931 1.830 1.780 1.880 1.780 1.849 1.829 1.778 1.798 1.728 1.577 1.687 1.686 1.236 2.495 2.044 1.985 1.634 1.674 1.623
1.598 1.578 1.618 1.598 1.689 1.689 1.559 1.690 1.680 1.600 1.681 1.671 1.691 1.791 1.871 1.811 1.751 1.751 1.791 1.801 1.830 1.830 1.800 1.830 1.899 1.779 2.039 1.949 1.948 1.878 2.368 2.207 2.127 2.057 2.086 2.026 2.156 2.156 2.085 2.245 2.154 2.084 2.234 2.194 2.223 2.173 2.173 2.022 2.292 2.102 2.172 2.331 2.031 2.031 1.961 2.001 1.960 1.990 2.020 2.019 1.849 1.879 1.919 1.858 1.818 1.697 1.767 1.727 1.716 1.716 1.555 2.083 2.080 1.694 1.624 1.664 1.843
1.578 1.508 1.618 1.558 1.679 1.679 1.709 1.710 1.680 1.610 1.640 1.810 1.721 1.761 1.781 1.761 1.841 1.871 1.821 1.880 1.900 1.900 1.989 1.839 1.889 1.839 1.938 1.878 2.068 1.988 1.957 2.404 2.067 2.056 2.136 2.166 2.025 2.025 2.245 2.074 2.144 2.144 2.133 2.173 2.213 2.073 2.192 2.152 2.222 2.181 2.261 2.091 2.111 2.110 2.050 1.950 1.910 2.079 2.019 1.919 1.979 1.918 1.948 1.888 1.897 1.777 1.827 1.736 1.746 1.745 2.375 2.118 1.685 1.744 1.714 1.783 1.813
1.598 1.698 1.638 1.798 1.729 1.729 1.739 1.579 1.600 1.740 1.680 1.950 1.670 1.860 1.830 1.890 1.870 1.920 1.940 2.030 2.000 1.999 1.929 1.979 1.938 1.908 2.008 1.968 2.037 1.927 1.987 2.427 2.046 2.126 2.226 2.195 2.185 2.185 2.354 2.174 2.254 2.253 2.143 2.163 2.142 2.172 2.392 2.161 2.251 2.071 2.020 2.090 2.130 2.130 2.060 2.069 2.039 2.159 2.009 1.988 2.068 1.998 1.957 1.937 1.907 1.847 1.866 1.886 1.776 1.775 2.157 2.153 1.694 1.434 1.784 1.843 1.903
1.598 1.688 1.618 1.758 1.748 1.749 1.749 1.679 1.649 1.749 1.780 1.990 1.770 1.850 1.830 1.880 2.000 1.910 1.949 1.949 1.989 1.989 1.968 1.978 1.888 1.988 1.947 1.897 2.127 2.027 2.136 2.449 2.463 2.225 2.185 2.315 2.174 2.174 2.034 2.154 2.253 2.253 2.282 2.212 2.142 2.251 2.191 2.241 2.230 2.080 2.190 2.120 2.069 2.069 2.129 2.169 2.059 2.038 2.038 2.008 2.157 2.027 2.007 1.987 1.966 1.836 1.956 1.715 1.715 1.715 2.192 1.484 1.554 1.704 1.724 1.933 1.933
1.707 1.788 1.688 1.718 1.918 1.918 1.759 1.679 1.609 1.729 1.839 1.849 1.869 1.919 1.819 2.009 1.989 2.029 1.889 2.009 2.048 2.048 2.038 2.038 2.027 1.947 2.117 2.077 2.116 2.136 1.996 2.015 2.485 2.075 2.065 2.334 2.164 2.164 2.083 2.043 2.243 2.222 2.312 2.232 2.161 2.291 2.101 2.290 2.290 2.140 2.129 2.149 2.199 2.199 2.199 2.118 2.048 2.078 2.108 2.117 1.997 2.057 2.026 1.966 1.936 1.956 1.885 1.945 1.885 1.884 2.244 1.884 1.824 1.924 1.843 1.803 1.953
1.737 1.807 1.728 1.798 1.778 1.778 1.748 1.638 1.719 1.789 1.699 1.829 1.899 1.939 1.919 1.939 1.949 1.959 1.978 2.018 1.978 1.978 2.067 1.977 2.007 1.957 1.966 2.096 2.116 2.066 2.045 1.975 2.508 2.174 2.154 2.134 2.253 2.253 2.153 2.242 2.192 2.242 2.061 2.221 2.131 2.220 2.200 2.170 2.230 2.169 2.309 2.179 2.159 2.158 2.158 2.198 2.158 2.087 2.127 2.127 1.967 2.126 2.206 2.026 2.055 1.955 1.965 2.045 2.165 2.164 1.694 1.944 2.054 1.953 1.933 2.013 1.983
1.767 1.787 1.758 1.818 1.798 1.798 1.978 1.758 1.718 1.698 2.009 1.809 1.948 2.038 2.098 1.968 1.968 1.988 1.988 2.138 2.047 2.047 2.037 2.107 2.136 2.076 2.056 2.045 2.075 2.075 1.965 2.084 2.531 2.544 2.253 2.403 2.103 2.102 2.182 2.232 2.301 2.251 2.361 2.350 2.200 2.190 2.310 2.139 2.179 2.299 2.189 2.228 2.258 2.258 2.228 2.197 2.147 2.187 2.047 2.056 2.076 2.156 2.176 2.075 2.085 1.975 1.995 2.024 2.319 2.318 1.904 2.074 2.053 2.043 1.933 2.003 2.053
1.757 1.647 1.947 1.717 2.088 2.088 1.708 1.728 1.738 1.888 1.988 1.918 1.928 1.978 1.978 1.918 2.088 2.147 2.047 2.157 2.107 2.107 2.066 2.286 2.226 2.126 2.095 2.085 2.155 2.184 2.124 2.104 2.063 2.566 2.323 2.173 2.162 2.162 2.242 2.151 2.311 2.331 2.280 2.210 2.180 2.199 2.249 2.259 2.299 2.268 2.288 2.641 2.258 2.257 2.297 2.317 2.247 2.157 2.106 2.206 2.146 2.196 2.235 2.165 2.035 2.074 2.114 2.104 2.358 2.358 2.104 2.123 2.133 2.013 2.023 2.223 2.343
1.957 1.717 1.807 1.897 1.977 1.978 1.868 1.858 1.908 1.858 2.068 1.958 2.038 2.028 2.028 2.197 2.027 2.147 2.047 2.166 2.096 2.096 2.206 2.095 2.095 2.255 2.185 2.094 2.124 2.204 2.194 2.083 2.093 2.589 2.602 2.412 2.322 2.321 2.301 2.251 2.250 2.160 2.370 2.299 2.349 2.239 2.269 2.278 2.248 2.328 2.458 2.417 2.642 2.642 2.397 2.257 2.286 2.166 2.256 2.196 2.275 2.185 2.205 2.145 2.164 2.054 2.064 2.399 2.398 2.398 2.223 2.123 2.163 2.143 2.143 2.153 2.253
1.957 1.717 1.807 1.897 1.977 1.977 1.867 1.857 1.907 1.857 2.067 1.957 2.037 2.027 2.027 2.197 2.027 2.146 2.046 2.166 2.096 2.095 2.205 2.095 2.095 2.255 2.184 2.094 2.124 2.203 2.193 2.083 2.092 2.588 2.602 2.412 2.321 2.321 2.300 2.250 2.250 2.160 2.369 2.299 2.349 2.238 2.268 2.278 2.248 2.327 2.457 2.417 2.642 2.642 2.397 2.256 2.286 2.166 2.255 2.195 2.275 2.185 2.205 2.144 2.164 2.054 2.064 2.399 2.398 2.398 2.223 2.123 2.163 2.143 2.143 2.153 2.253
1.866 1.807 1.807 1.787 2.097 2.097 1.997 1.937 1.937 1.967 2.077 1.977 1.997 2.137 2.127 2.206 2.096 2.186 2.106 2.095 2.285 2.285 2.275 2.085 2.274 2.244 2.234 2.093 2.093 2.363 2.243 2.262 2.192 1.992 2.627 2.261 2.471 2.470 2.360 2.170 2.159 2.169 2.159 2.249 2.228 2.258 2.278 2.288 2.247 2.367 2.317 2.317 2.416 2.416 2.306 2.276 2.346 2.215 2.235 2.295 2.135 2.244 2.174 2.154 2.124 2.244 2.213 2.443 2.441 2.441 2.203 2.203 2.263 2.223 2.123 2.253 2.173
1.846 1.956 1.876 2.006 1.927 1.927 2.047 2.147 1.927 2.177 1.937 1.947 2.086 2.056 1.996 2.136 2.146 2.105 2.165 2.205 2.135 2.135 2.044 2.224 2.274 2.173 2.263 2.233 2.283 2.212 2.352 2.502 2.172 2.321 2.658 2.666 2.360 2.360 2.240 2.239 2.229 2.269 2.298 2.691 2.478 2.388 2.377 2.267 2.357 2.207 2.396 2.296 2.366 2.366 2.276 2.415 2.365 2.355 2.385 2.295 2.244 2.114 2.164 2.304 2.054 2.253 2.487 2.486 2.423 2.423 2.233 2.303 2.223 2.233 2.243 2.203 2.173
1.816 1.886 1.726 1.946 1.916 1.916 2.026 1.976 2.066 2.276 2.016 2.036 2.266 2.356 2.226 2.065 2.225 2.205 2.105 2.135 2.244 2.244 2.154 2.294 2.243 2.323 2.223 2.663 2.302 2.302 2.688 2.291 2.241 2.481 2.210 2.721 2.250 2.250 2.329 2.289 2.379 2.328 2.328 2.358 2.347 2.467 2.297 2.207 2.296 2.386 2.406 2.456 2.728 2.728 2.285 2.686 2.665 2.375 2.354 2.114 2.084 2.224 2.264 2.578 2.333 2.473 2.574 2.572 2.353 2.353 2.313 2.293 2.353 2.373 2.353 2.303 2.223
1.926 1.906 2.016 1.996 1.946 1.946 2.286 2.366 1.976 2.156 2.036 2.096 2.065 2.125 2.125 2.225 2.155 2.245 2.174 2.304 2.214 2.214 2.403 2.283 2.343 2.283 2.262 2.432 2.332 2.311 2.421 2.361 2.260 2.200 2.290 2.500 2.289 2.289 2.449 2.288 2.348 2.378 2.468 2.467 2.447 2.357 2.467 2.446 2.406 2.316 2.416 2.395 2.746 2.746 2.195 2.335 2.275 2.034 2.184 2.154 2.144 2.264 2.363 2.621 2.303 2.618 2.617 2.483 2.343 2.343 2.373 2.423 2.303 2.283 2.393 2.453 2.373
1.956 2.186 2.166 2.176 2.016 2.016 2.285 2.145 2.055 2.125 2.055 2.165 2.275 2.095 2.175 2.134 2.304 2.154 2.204 2.334 2.323 2.323 2.353 2.253 2.282 2.282 2.402 2.272 2.381 2.361 2.331 2.340 2.280 2.270 2.169 2.179 2.735 2.734 2.418 2.458 2.358 2.418 2.457 2.457 2.387 2.417 2.436 2.356 2.396 2.416 2.365 2.355 2.365 2.365 2.750 2.264 2.264 2.274 2.244 2.224 2.263 2.413 2.423 2.243 2.303 2.662 2.333 2.433 2.513 2.513 2.423 2.383 2.483 2.716 2.732 2.463 2.373
1.916 1.966 2.015 2.075 2.385 2.385 2.125 1.975 2.255 2.245 2.085 2.145 2.205 2.134 2.284 2.144 2.204 2.164 2.303 2.353 2.303 2.303 2.352 2.412 2.402 2.352 2.391 2.321 2.281 2.301 2.240 2.230 2.170 2.269 2.249 2.189 2.745 2.744 2.428 2.428 2.752 2.317 2.759 2.497 2.436 2.769 2.772 2.406 2.425 2.485 2.445 2.425 2.455 2.454 2.771 2.750 2.274 2.364 2.354 2.293 2.243 2.313 2.333 2.283 2.706 2.705 2.443 2.472 2.701 2.701 2.705 2.462 2.482 2.423 2.393 2.463 2.433
2.025 2.075 2.025 2.075 2.275 2.275 2.005 1.965 2.325 2.265 2.125 2.104 2.124 2.104 2.274 2.154 2.223 2.373 2.293 2.353 2.252 2.252 2.342 2.282 2.391 2.251 2.361 2.421 2.270 2.180 2.270 2.459 2.369 2.299 2.329 2.288 2.755 2.755 2.508 2.759 2.427 2.765 2.769 2.506 2.486 2.386 2.782 2.496 2.789 2.515 2.445 2.415 2.314 2.314 2.793 2.772 2.414 2.759 2.353 2.233 2.253 2.433 2.333 2.433 2.750 2.748 2.402 2.746 2.744 2.744 2.492 2.761 2.462 2.794 2.473 2.473 2.503
2.005 2.105 2.315 2.265 2.355 2.355 2.085 2.134 2.254 2.134 2.284 2.234 2.234 2.154 2.143 2.243 2.393 2.433 2.383 2.452 2.362 2.362 2.341 2.261 2.321 2.351 2.470 2.280 2.320 2.280 2.289 2.359 2.339 2.359 2.348 2.368 2.765 2.765 2.765 2.768 2.517 2.457 2.456 2.406 2.785 2.486 2.515 2.795 2.798 2.285 2.325 2.454 2.374 2.374 2.814 2.806 2.804 2.403 2.373 2.433 2.393 2.263 2.463 2.794 2.793 2.382 2.790 2.789 2.787 2.787 2.785 2.452 2.512 2.834 2.850 2.473 2.884
2.165 2.145 2.115 2.105 2.284 2.284 2.144 2.114 2.314 2.124 2.164 2.274 2.253 2.213 2.393 2.283 2.273 2.302 2.322 2.362 2.322 2.321 2.381 2.341 2.441 2.330 2.310 2.340 2.340 2.349 2.319 2.349 2.368 2.378 2.348 2.198 2.268 2.268 2.775 2.407 2.437 2.436 2.486 2.791 2.794 2.798 2.801 2.805 2.808 2.455 2.254 2.464 2.434 2.434 2.434 2.413 2.848 2.503 2.443 2.363 2.353 2.323 2.422 2.837 2.836 2.835 2.833 2.832 2.831 2.831 2.828 2.839 2.856 2.873 2.890 2.906 2.923
2.175 2.105 2.115 2.154 2.434 2.434 2.154 2.104 2.264 2.154 2.393 2.293 2.203 2.283 2.233 2.312 2.232 2.322 2.442 2.402 2.331 2.331 2.301 2.470 2.370 2.260 2.430 2.289 2.279 2.359 2.359 2.348 2.388 2.458 2.398 2.378 2.377 2.377 2.784 2.787 2.791 2.406 2.416 2.801 2.495 2.807 2.811 2.814 2.818 2.474 2.404 2.264 2.384 2.384 2.443 2.343 2.904 2.899 2.894 2.889 2.463 2.482 2.882 2.881 2.879 2.878 2.877 2.875 2.874 2.874 2.871 2.879 2.895 2.912 2.929 2.946 2.957
2.035 2.084 2.154 2.204 2.443 2.443 2.234 2.254 2.223 2.273 2.323 2.263 2.243 2.313 2.432 2.382 2.292 2.422 2.171 2.811 2.321 2.321 2.430 2.340 2.490 2.430 2.489 2.349 2.419 2.459 2.478 2.498 2.418 2.428 2.397 2.447 2.327 2.327 2.377 2.797 2.426 2.804 2.807 2.811 2.814 2.817 2.821 2.824 2.827 2.831 2.454 2.374 2.384 2.383 2.413 2.393 2.413 2.955 2.463 2.512 2.482 2.392 2.929 2.924 2.923 2.922 2.502 2.919 2.917 2.918 2.915 2.918 2.935 2.952 2.968 2.977 2.984
2.124 2.074 2.084 2.094 2.468 2.468 2.123 2.113 2.323 2.293 2.433 2.333 2.322 2.392 2.402 2.292 2.382 2.441 2.371 2.371 2.441 2.440 2.430 2.370 2.470 2.349 2.409 2.409 2.398 2.378 2.418 2.398 2.458 2.338 2.327 2.277 2.407 2.407 2.287 2.807 2.810 2.814 2.817 2.485 2.824 2.827 2.830 2.834 2.837 2.840 2.844 2.877 2.483 2.483 2.473 3.020 2.493 3.012 3.006 3.001 2.996 2.991 2.986 2.980 2.975 2.970 2.965 2.962 2.961 2.961 2.958 2.957 2.974 2.991 2.998 3.005 3.011
