includes/camargue/floodfiles/results_R2_t1.562343928288E12/res-0007.wdfp
ncols         906
nrows         631
xllcorner     362177.146667
yllcorner     6534725.688020
cellsize      20.000000
NODATA_value  -9999.000000
[rows 510 to 543 of 631, columns 308 to 384 of 906]
1.872 1.870 1.869 1.867 1.850 1.833 1.833 1.797 1.776 1.742 1.708 1.673 1.639 1.605 1.570 1.536 1.502 1.467 1.105 1.025 0.975 1.015 1.015 1.320 1.015 1.005 1.085 0.875 1.025 0.964 0.814 1.004 0.844 0.734 0.914 1.084 1.014 0.884 0.865 0.865 0.985 0.945 0.855 0.836 0.846 1.006 0.967 1.310 1.107 0.978 0.898 0.949 0.799 0.939 0.940 0.940 0.950 0.941 0.921 0.961 0.881 0.872 0.912 1.102 0.912 0.893 0.893 1.003 0.893 0.963 0.874 0.874 0.984 0.884 0.864 0.935 0.955
1.937 1.936 1.934 1.932 1.924 1.906 1.906 1.853 1.819 1.785 1.751 1.716 1.682 1.647 1.613 1.579 1.545 1.510 0.985 0.895 0.915 1.105 1.105 1.015 1.085 1.075 1.095 0.935 1.125 1.005 1.065 1.015 0.824 0.974 1.104 1.084 0.885 0.865 0.885 0.885 1.015 1.025 0.906 1.006 0.936 1.017 0.887 1.007 0.968 0.938 0.958 0.929 1.009 0.969 0.950 0.950 0.940 0.961 0.941 1.051 1.091 1.002 1.348 1.102 1.072 1.023 1.053 1.053 1.003 1.053 0.964 0.964 0.924 1.084 0.945 0.955 0.895
2.102 2.026 1.967 1.965 1.960 1.943 1.943 1.875 1.841 1.806 1.772 1.738 1.703 1.669 1.635 1.600 1.566 1.532 1.035 1.045 0.905 0.965 0.965 0.955 1.025 0.985 0.835 0.975 1.085 0.965 1.105 0.915 0.855 1.085 0.995 0.945 0.865 1.075 1.045 1.045 1.005 0.996 0.996 1.056 1.006 0.927 0.897 1.087 1.078 0.958 0.918 0.979 0.969 1.039 0.980 0.980 0.950 1.461 1.031 1.101 1.011 1.472 1.112 1.477 1.480 1.053 1.043 1.133 1.103 1.123 0.994 0.994 0.944 1.034 1.005 0.975 0.925
2.287 2.212 2.136 2.061 1.996 1.965 1.965 1.897 1.862 1.828 1.794 1.759 1.725 1.691 1.656 1.622 1.588 1.096 1.036 0.916 0.976 0.946 0.946 0.906 1.085 0.915 1.045 1.035 1.005 0.965 0.895 1.065 1.005 1.005 0.975 1.055 0.975 0.995 0.915 0.916 1.423 1.006 1.116 1.036 1.047 1.438 0.977 1.108 1.461 1.048 1.009 0.999 0.939 1.489 1.130 1.130 1.100 1.500 1.121 1.101 1.101 1.102 1.132 1.132 1.520 1.521 1.073 1.509 1.033 1.494 1.134 1.134 1.134 1.469 0.995 1.045 1.105
2.473 2.397 2.322 2.237 2.143 2.054 2.055 1.957 1.909 1.860 1.815 1.781 1.747 1.712 1.678 1.644 1.609 1.575 1.026 1.086 1.086 1.106 1.106 0.966 0.956 1.036 0.946 1.096 0.935 1.095 0.975 1.416 1.085 1.426 1.125 1.045 0.965 0.826 0.946 0.946 0.976 0.946 1.066 0.977 0.957 1.475 1.067 1.491 1.038 1.088 1.029 1.069 1.039 1.079 1.534 1.535 1.120 1.540 1.111 1.061 1.549 1.551 1.554 1.122 1.122 1.556 1.113 1.545 1.103 1.529 1.124 1.124 1.506 1.094 1.085 1.488 1.105
2.659 2.574 2.487 2.399 2.295 2.174 2.174 2.069 2.021 1.972 1.924 1.875 1.827 1.778 1.729 1.681 1.632 1.597 1.562 1.528 1.026 0.996 0.996 1.016 0.876 0.886 0.936 1.076 1.116 1.066 1.116 0.986 1.106 1.460 1.016 1.106 1.026 0.876 1.016 1.016 1.116 1.046 0.957 1.499 1.506 1.027 1.108 1.529 1.537 1.545 1.553 1.059 1.079 1.120 1.100 1.100 1.577 1.131 1.583 1.101 1.588 1.591 1.594 1.595 1.593 1.590 1.588 1.581 1.573 1.566 1.064 1.064 1.124 1.534 1.115 1.518 1.105
2.823 2.736 2.648 2.561 2.446 2.325 2.325 2.182 2.133 2.084 2.036 1.987 1.939 1.890 1.842 1.793 1.744 1.696 1.647 1.599 1.056 1.502 1.502 0.906 0.986 0.926 1.116 1.106 1.066 1.106 1.477 1.126 1.026 1.493 0.996 1.076 1.006 1.514 1.521 1.521 1.087 1.087 1.530 1.087 1.037 1.552 1.560 1.568 1.576 1.583 1.591 1.119 1.606 1.609 1.614 1.614 1.617 1.111 1.623 1.625 1.628 1.631 1.632 1.630 1.627 1.625 1.622 1.617 1.609 1.134 1.586 1.586 1.578 1.570 1.562 1.554 1.547
2.985 2.898 2.810 2.719 2.598 2.477 2.477 2.294 2.245 2.197 2.148 2.100 2.051 2.002 1.954 1.905 1.857 1.808 1.760 1.711 1.662 1.107 1.107 0.906 0.926 0.956 1.106 1.494 1.066 1.504 1.510 1.066 1.520 0.986 1.046 1.536 1.542 1.547 1.555 1.555 1.558 1.561 1.087 1.575 1.058 1.078 1.598 1.078 1.614 1.129 1.630 1.638 1.645 1.649 1.654 1.654 1.657 1.660 1.663 1.665 1.668 1.669 1.667 1.665 1.662 1.660 1.657 1.653 1.646 1.638 1.622 1.622 1.614 1.606 1.598 1.590 1.583
3.147 3.060 2.972 2.871 2.749 2.628 2.628 2.406 2.357 2.309 2.260 2.212 2.163 2.115 2.066 2.017 1.969 1.920 1.872 1.823 1.775 1.117 1.117 1.017 1.067 1.037 1.086 1.006 0.946 0.966 0.996 1.548 1.066 1.559 1.087 1.107 1.575 1.580 1.027 1.027 1.592 1.598 1.606 1.118 1.088 1.629 1.088 1.645 1.652 1.660 1.668 1.676 1.684 1.689 1.694 1.694 1.697 1.700 1.702 1.705 1.707 1.704 1.702 1.699 1.697 1.694 1.692 1.689 1.682 1.674 1.658 1.658 1.650 1.642 1.635 1.627 1.619
3.309 3.222 3.134 3.022 2.901 2.780 2.780 2.537 2.470 2.421 2.373 2.324 2.275 2.227 2.178 2.130 2.081 2.033 1.984 1.936 1.887 1.803 1.804 1.017 1.067 0.957 1.047 1.117 1.047 1.027 1.602 1.603 1.603 1.604 1.604 1.604 1.608 1.613 1.077 1.077 1.629 1.048 1.644 1.652 1.660 1.668 1.675 1.683 1.691 1.699 1.706 1.714 1.722 1.729 1.734 1.734 1.737 1.740 1.742 1.744 1.741 1.739 1.736 1.734 1.732 1.729 1.727 1.724 1.718 1.710 1.694 1.694 1.686 1.678 1.671 1.663 1.655
3.471 3.383 3.295 3.174 3.052 2.931 2.931 2.689 2.582 2.533 2.485 2.436 2.388 2.339 2.290 2.242 2.193 2.145 2.096 2.048 1.972 1.889 1.889 1.037 1.007 1.047 1.087 1.027 1.657 1.657 1.657 1.658 1.658 1.658 1.127 1.659 1.660 1.660 1.659 1.659 1.668 1.675 1.683 1.691 1.698 1.706 1.714 1.722 1.729 1.737 1.745 1.753 1.760 1.768 1.774 1.774 1.777 1.780 1.781 1.779 1.776 1.774 1.771 1.769 1.766 1.764 1.761 1.759 1.754 1.746 1.730 1.730 1.723 1.715 1.707 1.699 1.691
3.632 3.545 3.446 3.325 3.204 3.083 3.083 2.840 2.719 2.645 2.597 2.548 2.500 2.451 2.403 2.354 2.306 2.257 2.209 2.141 2.058 1.975 1.975 1.809 1.725 1.108 0.918 1.711 1.711 1.712 1.712 1.712 1.713 1.098 1.713 1.714 1.714 1.128 1.692 1.693 1.701 1.710 1.719 1.129 1.737 1.745 1.752 1.760 1.768 1.775 1.783 1.791 1.799 1.807 1.814 1.814 1.817 1.819 1.816 1.814 1.811 1.809 1.806 1.804 1.801 1.799 1.796 1.794 1.790 1.782 1.766 1.767 1.759 1.751 1.743 1.735 1.727
3.794 3.707 3.598 3.477 3.355 3.234 3.234 2.992 2.871 2.758 2.709 2.661 2.612 2.564 2.515 2.466 2.418 2.369 2.310 2.227 2.144 2.061 2.061 1.894 1.811 1.098 1.765 1.766 1.766 1.766 1.767 1.767 1.058 1.768 1.768 1.769 1.769 1.764 1.734 1.734 1.735 1.744 1.753 1.762 1.771 1.780 1.789 1.798 1.806 1.814 1.822 1.829 1.837 1.845 1.854 1.854 1.856 1.853 1.851 1.848 1.846 1.843 1.841 1.838 1.836 1.833 1.831 1.828 1.826 1.818 1.802 1.803 1.795 1.787 1.779 1.771 1.765
3.956 3.869 3.749 3.628 3.507 3.386 3.386 3.143 3.022 2.901 2.821 2.773 2.724 2.676 2.627 2.579 2.530 2.479 2.396 2.313 2.230 2.147 2.147 1.980 1.897 1.820 1.820 1.820 1.821 1.821 1.821 1.822 1.822 1.823 1.823 1.823 1.820 1.805 1.775 1.775 1.768 1.777 1.786 1.795 1.804 1.813 1.822 1.831 1.840 1.849 1.858 1.867 1.876 1.883 1.893 1.893 1.891 1.888 1.886 1.883 1.881 1.878 1.876 1.873 1.871 1.868 1.866 1.863 1.861 1.855 1.839 1.839 1.831 1.823 1.815 1.809 1.803
3.956 3.869 3.749 3.628 3.507 3.386 3.386 3.144 3.022 2.901 2.822 2.773 2.724 2.676 2.627 2.579 2.530 2.480 2.396 2.313 2.230 2.147 2.147 1.980 1.897 1.820 1.820 1.821 1.821 1.821 1.822 1.822 1.823 1.823 1.823 1.824 1.820 1.805 1.776 1.776 1.769 1.778 1.787 1.796 1.805 1.813 1.822 1.831 1.840 1.849 1.858 1.867 1.876 1.884 1.893 1.893 1.891 1.888 1.886 1.883 1.881 1.878 1.876 1.873 1.871 1.868 1.866 1.863 1.861 1.855 1.839 1.839 1.831 1.823 1.815 1.809 1.803
4.118 4.022 3.901 3.780 3.659 3.537 3.537 3.295 3.174 3.053 2.934 2.885 2.837 2.788 2.740 2.691 2.643 2.565 2.482 2.399 2.316 2.233 2.233 2.066 1.983 1.900 1.875 1.875 1.876 1.876 1.876 1.877 1.877 1.878 1.878 1.876 1.862 1.847 1.817 1.817 1.802 1.811 1.820 1.829 1.838 1.847 1.856 1.865 1.874 1.883 1.891 1.900 1.909 1.918 1.925 1.925 1.926 1.923 1.921 1.918 1.916 1.913 1.911 1.908 1.906 1.903 1.901 1.898 1.896 1.891 1.875 1.875 1.867 1.859 1.853 1.847 1.842
4.280 4.173 4.052 3.931 3.810 3.689 3.689 3.447 3.326 3.204 3.083 2.997 2.949 2.900 2.852 2.803 2.734 2.651 2.568 2.485 2.401 2.318 2.318 2.152 2.069 1.986 1.930 1.930 1.930 1.931 1.931 1.932 1.932 1.932 1.933 1.918 1.903 1.888 1.858 1.858 1.844 1.844 1.853 1.862 1.871 1.880 1.889 1.898 1.907 1.916 1.925 1.934 1.943 1.951 1.945 1.946 1.947 1.948 1.950 1.951 1.951 1.948 1.945 1.943 1.940 1.938 1.936 1.933 1.931 1.927 1.911 1.911 1.903 1.897 1.892 1.886 1.880
4.597 4.476 4.355 4.234 4.113 3.992 3.992 3.749 3.628 3.507 3.386 3.265 3.173 3.124 3.072 2.988 2.905 2.822 2.739 2.656 2.573 2.489 2.490 2.323 2.240 2.157 2.074 2.039 2.039 2.040 2.040 2.040 2.041 2.030 2.015 2.000 1.985 1.971 1.941 1.941 1.926 1.911 1.920 1.929 1.938 1.947 1.955 1.964 1.973 1.982 1.991 2.000 1.998 1.994 1.987 1.987 1.987 1.989 1.990 1.992 1.993 1.994 1.996 1.997 1.998 2.000 2.001 2.002 2.000 1.997 1.985 1.985 1.980 1.974 1.968 1.963 1.957
4.736 4.617 4.499 4.380 4.261 4.142 4.143 3.901 3.780 3.659 3.538 3.416 3.295 3.237 3.157 3.074 2.991 2.908 2.825 2.741 2.658 2.575 2.575 2.409 2.326 2.242 2.159 2.093 2.094 2.094 2.095 2.095 2.086 2.071 2.056 2.041 2.027 2.012 1.982 1.982 1.967 1.953 1.953 1.962 1.971 1.980 1.989 1.998 2.007 2.016 2.025 2.023 2.019 2.016 2.009 2.009 2.008 2.009 2.011 2.012 2.013 2.015 2.016 2.017 2.019 2.020 2.021 2.023 2.024 2.026 2.023 2.024 2.018 2.012 2.007 2.001 1.995
4.848 4.745 4.626 4.508 4.389 4.270 4.270 4.033 3.914 3.795 3.677 3.558 3.439 3.319 3.243 3.160 3.077 2.994 2.910 2.827 2.744 2.661 2.661 2.495 2.411 2.328 2.245 2.162 2.148 2.149 2.149 2.142 2.127 2.112 2.097 2.083 2.068 2.053 2.023 2.024 2.009 1.994 1.986 1.995 2.004 2.013 2.022 2.031 2.040 2.049 2.048 2.045 2.041 2.038 2.031 2.031 2.028 2.030 2.031 2.032 2.034 2.035 2.036 2.038 2.039 2.040 2.042 2.043 2.045 2.046 2.047 2.047 2.047 2.047 2.045 2.039 2.034
4.926 4.873 4.754 4.635 4.517 4.398 4.398 4.161 4.042 3.923 3.805 3.686 3.540 3.367 3.291 3.215 3.139 3.063 2.987 2.911 2.830 2.747 2.747 2.580 2.497 2.414 2.331 2.248 2.203 2.203 2.198 2.183 2.168 2.154 2.139 2.124 2.109 2.094 2.065 2.065 2.050 2.035 2.020 2.029 2.038 2.047 2.056 2.064 2.073 2.073 2.070 2.066 2.063 2.060 2.053 2.053 2.049 2.050 2.051 2.053 2.054 2.055 2.057 2.058 2.059 2.061 2.062 2.064 2.065 2.067 2.068 2.068 2.068 2.068 2.068 2.067 2.067
5.004 5.000 4.882 4.763 4.644 4.526 4.526 4.288 4.170 4.051 3.932 3.796 3.623 3.450 3.339 3.263 3.187 3.111 3.035 2.959 2.883 2.807 2.807 2.655 2.578 2.500 2.417 2.333 2.257 2.254 2.239 2.224 2.209 2.195 2.180 2.165 2.150 2.136 2.106 2.106 2.091 2.077 2.062 2.062 2.071 2.080 2.089 2.098 2.098 2.095 2.092 2.088 2.085 2.081 2.074 2.075 2.071 2.070 2.072 2.073 2.074 2.076 2.077 2.078 2.080 2.081 2.082 2.084 2.086 2.087 2.089 2.089 2.089 2.089 2.089 2.088 2.088
5.082 5.128 5.010 4.891 4.772 4.653 4.654 4.416 4.297 4.179 4.051 3.879 3.706 3.533 3.386 3.310 3.234 3.158 3.082 3.006 2.930 2.854 2.854 2.702 2.626 2.550 2.474 2.398 2.344 2.333 2.280 2.266 2.251 2.236 2.221 2.207 2.192 2.177 2.147 2.147 2.133 2.118 2.103 2.095 2.104 2.113 2.122 2.124 2.120 2.117 2.114 2.110 2.107 2.103 2.096 2.096 2.093 2.091 2.092 2.094 2.095 2.096 2.097 2.099 2.100 2.101 2.103 2.105 2.106 2.108 2.110 2.110 2.110 2.110 2.110 2.110 2.109
5.160 5.237 5.137 5.019 4.900 4.781 4.781 4.544 4.425 4.307 4.134 3.962 3.789 3.616 3.443 3.358 3.282 3.206 3.130 3.054 2.978 2.902 2.902 2.750 2.674 2.598 2.522 2.446 2.554 2.613 2.548 2.484 2.419 2.354 2.289 2.248 2.233 2.218 2.189 2.189 2.174 2.159 2.144 2.130 2.137 2.146 2.149 2.145 2.142 2.139 2.135 2.132 2.128 2.125 2.118 2.118 2.115 2.111 2.113 2.114 2.115 2.116 2.118 2.119 2.120 2.122 2.124 2.125 2.127 2.128 2.131 2.131 2.131 2.131 2.131 2.131 2.130
5.239 5.315 5.265 5.146 5.028 4.909 4.909 4.672 4.553 4.390 4.217 4.044 3.872 3.699 3.526 3.406 3.330 3.254 3.178 3.102 3.025 2.949 2.950 2.797 2.721 2.645 2.569 2.642 2.764 2.885 2.828 2.763 2.699 2.634 2.569 2.505 2.440 2.375 2.246 2.246 2.215 2.200 2.185 2.171 2.171 2.174 2.171 2.167 2.164 2.160 2.157 2.154 2.150 2.147 2.140 2.140 2.137 2.133 2.133 2.134 2.136 2.137 2.138 2.139 2.141 2.143 2.144 2.146 2.147 2.149 2.152 2.152 2.152 2.152 2.152 2.152 2.151
5.317 5.393 5.393 5.274 5.155 5.037 5.037 4.799 4.646 4.473 4.300 4.127 3.955 3.782 3.609 3.453 3.377 3.301 3.225 3.149 3.073 2.997 2.997 2.845 2.769 2.693 2.730 2.852 2.973 3.095 3.108 3.043 2.979 2.914 2.849 2.784 2.720 2.655 2.526 2.526 2.461 2.396 2.331 2.267 2.200 2.196 2.192 2.189 2.186 2.182 2.179 2.175 2.172 2.169 2.162 2.162 2.158 2.155 2.153 2.155 2.156 2.157 2.159 2.160 2.162 2.163 2.165 2.166 2.168 2.170 2.173 2.173 2.173 2.173 2.173 2.173 2.173
5.395 5.471 5.520 5.402 5.283 5.164 5.165 4.901 4.729 4.556 4.383 4.210 4.037 3.865 3.692 3.519 3.425 3.349 3.273 3.197 3.121 3.045 3.045 2.893 2.817 2.818 2.940 3.061 3.183 3.305 3.388 3.323 3.258 3.194 3.129 3.064 3.000 2.935 2.805 2.806 2.741 2.676 2.611 2.508 2.271 2.245 2.233 2.221 2.209 2.204 2.201 2.197 2.194 2.190 2.183 2.183 2.180 2.177 2.174 2.175 2.176 2.178 2.179 2.181 2.182 2.184 2.185 2.187 2.189 2.190 2.193 2.194 2.194 2.194 2.194 2.194 2.193
5.473 5.549 5.626 5.529 5.411 5.292 5.292 4.984 4.812 4.639 4.466 4.293 4.120 3.948 3.775 3.602 3.472 3.396 3.320 3.244 3.168 3.092 3.092 2.940 2.906 3.028 3.149 3.271 3.393 3.514 3.636 3.603 3.538 3.474 3.409 3.344 3.279 3.215 3.085 3.085 3.021 2.956 2.880 2.643 2.406 2.302 2.290 2.278 2.266 2.254 2.242 2.230 2.219 2.212 2.205 2.205 2.202 2.198 2.195 2.195 2.197 2.198 2.200 2.201 2.203 2.204 2.206 2.208 2.209 2.211 2.214 2.214 2.215 2.215 2.215 2.215 2.215
5.551 5.628 5.704 5.657 5.539 5.413 5.413 5.067 4.894 4.722 4.549 4.376 4.203 4.030 3.858 3.685 3.520 3.444 3.368 3.292 3.216 3.140 3.140 2.994 3.116 3.237 3.359 3.481 3.602 3.724 3.846 3.883 3.818 3.753 3.689 3.624 3.559 3.494 3.365 3.365 3.300 3.236 3.015 2.778 2.541 2.359 2.347 2.336 2.324 2.312 2.300 2.288 2.276 2.264 2.240 2.240 2.228 2.220 2.217 2.216 2.217 2.219 2.220 2.222 2.223 2.225 2.227 2.228 2.230 2.231 2.234 2.235 2.236 2.236 2.236 2.236 2.236
5.630 5.706 5.782 5.785 5.666 5.496 5.496 5.150 4.977 4.805 4.632 4.459 4.286 4.113 3.941 3.768 3.595 3.492 3.416 3.340 3.264 3.188 3.188 3.204 3.325 3.447 3.569 3.690 3.812 3.934 4.055 4.163 4.098 4.033 3.968 3.904 3.839 3.774 3.645 3.645 3.580 3.387 3.150 2.913 2.676 2.440 2.405 2.393 2.381 2.369 2.357 2.345 2.333 2.321 2.297 2.297 2.285 2.273 2.261 2.246 2.240 2.239 2.241 2.242 2.244 2.246 2.247 2.249 2.250 2.252 2.255 2.255 2.257 2.257 2.257 2.257 2.257
5.630 5.706 5.782 5.785 5.666 5.496 5.496 5.150 4.978 4.805 4.632 4.459 4.286 4.114 3.941 3.768 3.595 3.492 3.416 3.340 3.264 3.188 3.188 3.204 3.326 3.447 3.569 3.691 3.812 3.934 4.056 4.163 4.098 4.033 3.969 3.904 3.839 3.775 3.645 3.645 3.580 3.387 3.150 2.913 2.677 2.440 2.405 2.393 2.381 2.369 2.357 2.345 2.333 2.321 2.297 2.297 2.285 2.274 2.262 2.246 2.240 2.240 2.241 2.243 2.244 2.246 2.247 2.249 2.251 2.252 2.255 2.255 2.257 2.258 2.257 2.257 2.257
5.825 5.849 5.872 5.913 5.752 5.579 5.579 5.233 5.060 4.888 4.715 4.542 4.369 4.196 4.024 3.851 3.678 3.539 3.463 3.387 3.311 3.235 3.236 3.414 3.535 3.657 3.779 3.900 4.022 4.144 4.265 4.387 4.378 4.313 4.248 4.184 4.119 4.054 3.925 3.925 3.759 3.522 3.285 3.049 2.812 2.575 2.462 2.450 2.438 2.426 2.414 2.402 2.390 2.379 2.355 2.355 2.343 2.331 2.313 2.292 2.285 2.280 2.275 2.269 2.265 2.266 2.268 2.270 2.271 2.273 2.276 2.276 2.277 2.278 2.278 2.278 2.278
6.028 6.052 6.075 5.988 5.828 5.659 5.659 5.316 5.143 4.971 4.798 4.625 4.452 4.279 4.107 3.934 3.761 3.588 3.511 3.435 3.359 3.380 3.380 3.623 3.745 3.867 3.988 4.110 4.232 4.353 4.475 4.597 4.658 4.593 4.528 4.464 4.399 4.334 4.131 4.131 3.894 3.657 3.421 3.184 2.947 2.710 2.519 2.508 2.495 2.484 2.472 2.460 2.448 2.436 2.412 2.412 2.400 2.383 2.362 2.341 2.330 2.325 2.320 2.314 2.309 2.303 2.298 2.293 2.292 2.293 2.296 2.296 2.298 2.300 2.299 2.299 2.297
6.384 6.285 6.187 6.089 5.960 5.792 5.792 5.454 5.285 5.116 4.947 4.778 4.609 4.441 4.272 4.099 3.927 3.754 3.606 3.556 3.677 3.799 3.799 4.043 4.164 4.286 4.408 4.529 4.651 4.773 4.894 5.016 5.138 5.152 5.088 5.023 4.958 4.875 4.401 4.401 4.164 3.928 3.691 3.454 3.217 2.980 2.744 2.622 2.610 2.598 2.586 2.574 2.562 2.550 2.522 2.522 2.501 2.481 2.460 2.440 2.420 2.415 2.409 2.404 2.398 2.393 2.388 2.382 2.377 2.372 2.361 2.361 2.356 2.350 2.344 2.338 2.336
