includes/camargue/floodfiles/results_R2_t1.562343928288E12/res-0006.wd
ncols         906
nrows         631
xllcorner     362177.146667
yllcorner     6534725.688020
cellsize      20.000000
NODATA_value  -9999.000000
[rows 544 to 577 of 631, columns 308 to 384 of 906]
7.834 7.736 7.637 7.539 7.427 7.258 7.258 6.920 6.751 6.582 6.413 6.244 6.075 5.906 5.737 5.568 5.399 5.230 5.061 5.164 5.285 5.407 5.407 5.650 5.772 5.893 6.015 6.137 6.258 6.380 6.501 6.623 6.745 6.830 6.765 6.700 6.635 6.407 5.933 5.933 5.697 5.460 5.223 4.986 4.749 4.512 4.275 4.075 4.063 4.051 4.039 4.027 4.015 4.003 3.966 3.966 3.945 3.925 3.904 3.883 3.862 3.853 3.848 3.842 3.837 3.831 3.826 3.820 3.814 3.809 3.798 3.798 3.792 3.793 3.790 3.778 3.766
7.884 7.786 7.687 7.589 7.490 7.324 7.324 6.986 6.817 6.648 6.479 6.310 6.141 5.972 5.803 5.634 5.465 5.296 5.115 5.104 5.278 5.452 5.452 5.800 5.974 6.103 6.224 6.346 6.468 6.589 6.711 6.832 6.954 7.076 7.044 6.980 6.779 6.542 6.068 6.068 5.831 5.594 5.358 5.121 4.884 4.647 4.410 4.173 4.120 4.108 4.096 4.084 4.072 4.057 4.015 4.015 3.994 3.973 3.952 3.932 3.911 3.898 3.892 3.887 3.881 3.876 3.870 3.865 3.859 3.853 3.842 3.842 3.843 3.845 3.845 3.833 3.821
7.934 7.836 7.737 7.639 7.540 7.390 7.390 7.052 6.883 6.714 6.545 6.376 6.207 6.038 5.870 5.701 5.532 5.352 5.167 5.010 5.184 5.358 5.358 5.706 5.880 6.054 6.228 6.402 6.576 6.750 6.920 7.042 7.163 7.285 7.324 7.151 6.914 6.677 6.203 6.203 5.966 5.729 5.492 5.256 5.019 4.782 4.545 4.308 4.177 4.165 4.153 4.141 4.126 4.105 4.064 4.064 4.043 4.022 4.001 3.981 3.960 3.943 3.937 3.931 3.926 3.920 3.915 3.909 3.904 3.898 3.894 3.894 3.895 3.896 3.897 3.888 3.875
7.984 7.886 7.787 7.689 7.590 7.456 7.456 7.119 6.950 6.781 6.612 6.443 6.274 6.105 5.936 5.767 5.590 5.405 5.220 5.034 5.091 5.265 5.265 5.613 5.786 5.960 6.134 6.308 6.482 6.656 6.830 7.004 7.178 7.352 7.493 7.274 7.049 6.812 6.338 6.338 6.101 5.864 5.627 5.390 5.154 4.917 4.680 4.443 4.234 4.222 4.210 4.196 4.175 4.154 4.113 4.113 4.092 4.071 4.050 4.029 4.009 3.988 3.982 3.976 3.971 3.965 3.959 3.954 3.948 3.943 3.946 3.946 3.947 3.948 3.949 3.943 3.930
8.034 7.936 7.837 7.739 7.640 7.523 7.523 7.185 7.016 6.847 6.678 6.509 6.340 6.171 6.002 5.828 5.643 5.457 5.272 5.087 4.997 5.171 5.171 5.519 5.693 5.867 6.041 6.215 6.389 6.563 6.737 6.911 7.085 7.251 7.393 7.310 7.091 6.871 6.432 6.432 6.212 5.993 5.762 5.525 5.288 5.051 4.815 4.578 4.341 4.279 4.265 4.245 4.224 4.203 4.161 4.161 4.141 4.120 4.099 4.078 4.057 4.037 4.026 4.021 4.015 4.010 4.004 3.999 3.994 3.995 3.997 3.997 3.998 3.999 4.000 3.998 3.985
8.084 7.986 7.887 7.789 7.691 7.589 7.589 7.251 7.082 6.913 6.744 6.575 6.406 6.237 6.066 5.880 5.695 5.510 5.324 5.139 4.954 5.078 5.078 5.425 5.599 5.773 5.947 6.121 6.295 6.469 6.643 6.817 6.991 7.133 7.274 7.347 7.128 6.908 6.469 6.469 6.249 6.029 5.810 5.590 5.370 5.151 4.931 4.712 4.476 4.335 4.314 4.293 4.273 4.252 4.210 4.210 4.189 4.169 4.148 4.127 4.106 4.085 4.071 4.065 4.060 4.054 4.049 4.044 4.045 4.047 4.049 4.049 4.050 4.051 4.052 4.053 4.040
8.134 8.036 7.937 7.839 7.741 7.642 7.642 7.317 7.148 6.979 6.811 6.642 6.473 6.304 6.118 5.933 5.748 5.562 5.377 5.192 5.006 4.984 4.984 5.332 5.506 5.680 5.854 6.028 6.202 6.375 6.549 6.723 6.872 7.014 7.155 7.297 7.164 6.945 6.505 6.505 6.286 6.066 5.847 5.627 5.407 5.188 4.968 4.748 4.529 4.382 4.362 4.342 4.321 4.301 4.259 4.259 4.238 4.218 4.197 4.176 4.155 4.134 4.116 4.110 4.105 4.099 4.095 4.096 4.097 4.098 4.100 4.100 4.101 4.103 4.104 4.105 4.095
8.184 8.086 7.987 7.889 7.791 7.692 7.692 7.384 7.215 7.046 6.877 6.708 6.539 6.356 6.171 5.985 5.800 5.615 5.429 5.244 5.059 4.890 4.890 5.238 5.412 5.586 5.760 5.934 6.108 6.282 6.456 6.612 6.754 6.895 7.036 7.178 7.201 6.981 6.542 6.542 6.322 6.103 5.883 5.664 5.444 5.224 5.005 4.785 4.609 4.465 4.408 4.388 4.368 4.348 4.308 4.308 4.287 4.266 4.246 4.225 4.204 4.183 4.162 4.155 4.149 4.145 4.147 4.148 4.149 4.150 4.152 4.152 4.153 4.154 4.155 4.156 4.150
8.234 8.136 8.037 7.939 7.841 7.742 7.742 7.450 7.281 7.112 6.943 6.774 6.594 6.409 6.223 6.038 5.853 5.667 5.482 5.297 5.111 4.926 4.926 5.145 5.319 5.492 5.666 5.840 6.014 6.188 6.352 6.494 6.635 6.776 6.918 7.059 7.201 7.018 6.579 6.579 6.359 6.140 5.920 5.700 5.481 5.261 5.041 4.845 4.701 4.557 4.455 4.434 4.414 4.394 4.354 4.354 4.334 4.314 4.294 4.273 4.253 4.232 4.211 4.199 4.196 4.197 4.198 4.199 4.200 4.201 4.204 4.204 4.205 4.206 4.207 4.208 4.205
8.284 8.186 8.087 7.989 7.891 7.792 7.792 7.516 7.347 7.178 7.009 6.832 6.646 6.461 6.276 6.090 5.905 5.720 5.534 5.349 5.164 4.979 4.979 5.051 5.225 5.399 5.573 5.747 5.921 6.092 6.233 6.375 6.516 6.658 6.799 6.940 7.082 7.055 6.615 6.616 6.396 6.176 5.957 5.737 5.517 5.298 5.081 4.937 4.793 4.649 4.505 4.481 4.461 4.441 4.400 4.400 4.380 4.360 4.340 4.320 4.300 4.280 4.259 4.246 4.248 4.249 4.250 4.251 4.252 4.253 4.255 4.255 4.256 4.257 4.258 4.259 4.260
8.334 8.236 8.138 8.039 7.941 7.842 7.842 7.583 7.414 7.245 7.069 6.884 6.699 6.514 6.328 6.143 5.958 5.772 5.587 5.402 5.216 5.031 5.031 4.957 5.131 5.305 5.479 5.653 5.827 5.973 6.115 6.256 6.397 6.539 6.680 6.822 6.963 7.092 6.652 6.652 6.433 6.213 5.993 5.774 5.554 5.334 5.173 5.029 4.885 4.740 4.596 4.527 4.507 4.487 4.447 4.446 4.426 4.406 4.386 4.366 4.346 4.326 4.283 4.231 4.256 4.282 4.301 4.302 4.304 4.305 4.307 4.307 4.308 4.309 4.310 4.311 4.312
8.156 8.170 8.185 8.089 7.991 7.892 7.892 7.649 7.480 7.307 7.122 6.937 6.751 6.566 6.381 6.195 6.010 5.825 5.639 5.454 5.269 5.083 5.083 4.864 5.038 5.212 5.386 5.559 5.713 5.855 5.996 6.137 6.279 6.420 6.562 6.703 6.844 6.986 6.689 6.689 6.469 6.250 6.030 5.810 5.591 5.409 5.264 5.120 4.976 4.832 4.688 4.573 4.553 4.533 4.493 4.493 4.473 4.453 4.433 4.412 4.392 4.344 4.277 4.210 4.235 4.261 4.287 4.313 4.339 4.356 4.358 4.358 4.359 4.360 4.362 4.363 4.364
8.156 8.170 8.185 8.089 7.991 7.892 7.892 7.649 7.480 7.307 7.122 6.937 6.751 6.566 6.381 6.195 6.010 5.825 5.639 5.454 5.269 5.083 5.083 4.864 5.038 5.212 5.385 5.559 5.713 5.854 5.996 6.137 6.279 6.420 6.561 6.703 6.844 6.986 6.689 6.689 6.469 6.250 6.030 5.810 5.591 5.408 5.264 5.120 4.976 4.832 4.688 4.573 4.553 4.533 4.493 4.493 4.473 4.452 4.432 4.412 4.392 4.344 4.276 4.210 4.235 4.261 4.287 4.313 4.338 4.356 4.358 4.358 4.359 4.360 4.361 4.362 4.364
7.965 7.979 7.994 8.008 8.023 7.942 7.942 7.715 7.545 7.360 7.174 6.989 6.804 6.618 6.433 6.248 6.062 5.877 5.692 5.506 5.321 5.136 5.136 4.770 4.944 5.118 5.292 5.453 5.594 5.736 5.877 6.019 6.160 6.301 6.443 6.584 6.725 6.867 6.725 6.726 6.506 6.286 6.067 5.847 5.644 5.500 5.356 5.212 5.068 4.924 4.780 4.635 4.599 4.579 4.539 4.539 4.519 4.499 4.479 4.458 4.405 4.337 4.270 4.203 4.214 4.240 4.266 4.292 4.317 4.343 4.395 4.395 4.411 4.412 4.413 4.414 4.415
7.774 7.789 7.803 7.818 7.832 7.847 7.847 7.781 7.598 7.412 7.227 7.041 6.856 6.671 6.485 6.300 6.115 5.929 5.744 5.559 5.374 5.188 5.188 4.818 4.850 5.024 5.193 5.334 5.476 5.617 5.758 5.900 6.041 6.182 6.324 6.465 6.607 6.748 6.762 6.762 6.543 6.323 6.103 5.884 5.736 5.592 5.448 5.304 5.159 5.015 4.871 4.727 4.645 4.625 4.585 4.585 4.565 4.545 4.525 4.466 4.398 4.331 4.263 4.196 4.193 4.219 4.245 4.271 4.296 4.322 4.374 4.374 4.399 4.425 4.451 4.466 4.467
7.392 7.407 7.421 7.436 7.466 7.539 7.539 7.677 7.718 7.532 7.346 7.159 6.973 6.786 6.600 6.414 6.227 6.041 5.855 5.669 5.482 5.296 5.296 4.923 4.737 4.814 4.955 5.097 5.238 5.380 5.521 5.662 5.804 5.945 6.086 6.228 6.369 6.511 6.793 6.793 6.616 6.397 6.208 6.064 5.920 5.775 5.631 5.487 5.343 5.199 5.055 4.911 4.767 4.718 4.678 4.678 4.655 4.587 4.520 4.453 4.385 4.318 4.250 4.183 4.151 4.177 4.203 4.229 4.254 4.280 4.332 4.332 4.358 4.383 4.409 4.435 4.465
7.202 7.216 7.234 7.308 7.382 7.455 7.455 7.588 7.643 7.594 7.408 7.221 7.035 6.849 6.662 6.476 6.290 6.103 5.917 5.731 5.544 5.358 5.358 4.985 4.876 4.913 5.020 5.127 5.234 5.341 5.449 5.556 5.685 5.826 5.968 6.109 6.250 6.392 6.675 6.675 6.653 6.444 6.299 6.155 6.011 5.867 5.723 5.579 5.435 5.291 5.147 5.003 4.859 4.764 4.716 4.716 4.648 4.581 4.513 4.446 4.379 4.311 4.244 4.176 4.130 4.156 4.182 4.208 4.233 4.259 4.311 4.311 4.337 4.362 4.388 4.426 4.486
7.011 7.076 7.150 7.224 7.298 7.371 7.371 7.500 7.554 7.609 7.470 7.284 7.097 6.911 6.725 6.538 6.352 6.166 5.979 5.793 5.607 5.420 5.420 5.067 5.067 5.067 5.163 5.270 5.377 5.484 5.591 5.699 5.806 5.913 6.020 6.127 6.235 6.342 6.556 6.556 6.690 6.535 6.391 6.247 6.103 5.959 5.815 5.671 5.527 5.383 5.239 5.094 4.950 4.811 4.709 4.709 4.642 4.574 4.507 4.440 4.372 4.305 4.237 4.170 4.109 4.135 4.161 4.187 4.212 4.238 4.290 4.290 4.316 4.341 4.387 4.446 4.506
6.918 6.992 7.066 7.140 7.213 7.287 7.287 7.411 7.466 7.520 7.532 7.346 7.160 6.973 6.787 6.600 6.414 6.228 6.041 5.855 5.669 5.482 5.482 5.259 5.259 5.259 5.306 5.413 5.520 5.627 5.735 5.842 5.949 6.056 6.163 6.270 6.378 6.485 6.699 6.699 6.657 6.509 6.369 6.228 6.088 5.948 5.808 5.668 5.528 5.387 5.247 5.107 4.967 4.827 4.703 4.703 4.635 4.568 4.500 4.433 4.366 4.298 4.231 4.163 4.096 4.114 4.140 4.166 4.191 4.217 4.269 4.269 4.294 4.348 4.407 4.467 4.526
6.834 6.908 6.982 7.056 7.129 7.203 7.203 7.322 7.377 7.432 7.487 7.408 7.222 7.035 6.849 6.663 6.476 6.290 6.104 5.917 5.731 5.545 5.545 5.450 5.450 5.450 5.450 5.556 5.663 5.770 5.878 5.985 6.092 6.199 6.306 6.414 6.521 6.628 6.771 6.771 6.617 6.462 6.319 6.179 6.039 5.899 5.759 5.618 5.478 5.338 5.198 5.058 4.918 4.797 4.685 4.685 4.629 4.561 4.494 4.426 4.359 4.292 4.224 4.157 4.089 4.093 4.119 4.145 4.170 4.196 4.249 4.249 4.309 4.368 4.428 4.487 4.547
6.750 6.824 6.898 6.972 7.045 7.119 7.119 7.234 7.289 7.343 7.398 7.453 7.284 7.097 6.911 6.725 6.538 6.352 6.166 5.979 5.793 5.642 5.642 5.642 5.642 5.642 5.642 5.699 5.806 5.913 6.021 6.128 6.235 6.342 6.449 6.557 6.664 6.771 6.731 6.731 6.576 6.422 6.270 6.130 5.990 5.849 5.709 5.569 5.429 5.289 5.149 5.008 4.868 4.769 4.657 4.657 4.601 4.545 4.487 4.420 4.352 4.285 4.218 4.150 4.083 4.072 4.098 4.124 4.149 4.175 4.270 4.270 4.329 4.389 4.448 4.508 4.567
6.666 6.740 6.814 6.887 6.961 7.035 7.035 7.145 7.200 7.255 7.309 7.364 7.346 7.160 6.973 6.787 6.601 6.414 6.228 6.042 5.855 5.833 5.833 5.833 5.833 5.833 5.833 5.842 5.949 6.056 6.164 6.271 6.378 6.485 6.592 6.699 6.807 6.914 6.690 6.690 6.536 6.381 6.227 6.081 5.940 5.800 5.660 5.520 5.380 5.239 5.099 4.959 4.819 4.742 4.630 4.630 4.574 4.518 4.462 4.406 4.346 4.278 4.211 4.144 4.076 4.051 4.077 4.103 4.128 4.171 4.290 4.290 4.350 4.409 4.468 4.528 4.587
6.582 6.656 6.730 6.803 6.877 6.947 6.947 7.057 7.111 7.166 7.221 7.275 7.330 7.222 7.036 6.849 6.663 6.476 6.290 6.104 6.025 6.025 6.025 6.025 6.025 6.025 6.025 6.025 6.092 6.199 6.307 6.414 6.521 6.628 6.735 6.842 6.950 6.959 6.650 6.650 6.495 6.341 6.186 6.032 5.891 5.751 5.611 5.471 5.330 5.190 5.050 4.910 4.770 4.714 4.602 4.602 4.546 4.490 4.434 4.378 4.322 4.266 4.205 4.137 4.070 4.030 4.056 4.082 4.132 4.192 4.311 4.311 4.370 4.429 4.489 4.548 4.608
6.498 6.572 6.646 6.719 6.793 6.859 6.859 6.968 7.023 7.077 7.132 7.187 7.242 7.284 7.098 6.911 6.725 6.539 6.352 6.216 6.216 6.216 6.216 6.216 6.216 6.216 6.216 6.216 6.235 6.342 6.450 6.557 6.664 6.771 6.878 6.986 7.073 6.919 6.609 6.609 6.455 6.300 6.146 5.991 5.842 5.702 5.561 5.421 5.281 5.141 5.001 4.860 4.742 4.686 4.574 4.574 4.518 4.462 4.406 4.350 4.294 4.238 4.182 4.126 4.063 4.009 4.035 4.093 4.152 4.212 4.331 4.331 4.390 4.450 4.509 4.569 4.628
6.414 6.488 6.561 6.635 6.709 6.770 6.770 6.879 6.934 6.989 7.044 7.098 7.153 7.208 7.160 6.974 6.787 6.601 6.414 6.408 6.408 6.408 6.408 6.408 6.408 6.408 6.408 6.408 6.408 6.486 6.593 6.700 6.807 6.914 7.021 7.129 7.033 6.878 6.569 6.569 6.415 6.260 6.105 5.951 5.796 5.652 5.512 5.372 5.232 5.092 4.951 4.811 4.714 4.658 4.546 4.546 4.490 4.434 4.378 4.322 4.266 4.210 4.154 4.098 4.042 4.028 4.054 4.113 4.173 4.232 4.351 4.351 4.411 4.470 4.530 4.589 4.649
6.330 6.404 6.477 6.551 6.625 6.681 6.681 6.791 6.846 6.900 6.955 7.010 7.064 7.119 7.174 7.036 6.849 6.663 6.599 6.599 6.599 6.599 6.599 6.599 6.599 6.599 6.599 6.599 6.599 6.629 6.736 6.843 6.950 7.057 7.165 7.147 6.992 6.838 6.529 6.529 6.374 6.220 6.065 5.911 5.756 5.603 5.463 5.323 5.182 5.042 4.902 4.762 4.686 4.630 4.518 4.518 4.462 4.406 4.350 4.294 4.238 4.182 4.126 4.091 4.184 4.277 4.242 4.196 4.193 4.253 4.372 4.372 4.431 4.491 4.550 4.610 4.669
6.331 6.350 6.393 6.467 6.538 6.593 6.593 6.702 6.757 6.812 6.866 6.921 6.976 7.031 7.085 7.098 6.912 6.791 6.791 6.791 6.791 6.791 6.791 6.791 6.791 6.791 6.791 6.791 6.791 6.791 6.879 6.986 7.093 7.200 7.261 7.106 6.952 6.797 6.488 6.488 6.334 6.179 6.025 5.870 5.716 5.561 5.413 5.273 5.133 4.993 4.853 4.714 4.658 4.602 4.490 4.490 4.434 4.378 4.322 4.266 4.210 4.154 4.247 4.340 4.433 4.526 4.503 4.457 4.410 4.364 4.392 4.392 4.452 4.511 4.571 4.630 4.689
6.352 6.371 6.390 6.408 6.449 6.504 6.504 6.614 6.668 6.723 6.778 6.833 6.887 6.942 6.997 7.051 6.982 6.982 6.982 6.982 6.982 6.982 6.982 6.982 6.982 6.982 6.982 6.982 6.982 6.982 7.022 7.129 7.236 7.343 7.220 7.066 6.911 6.757 6.448 6.448 6.293 6.139 5.984 5.830 5.675 5.521 5.366 5.224 5.084 4.944 4.803 4.686 4.630 4.574 4.462 4.462 4.406 4.350 4.294 4.238 4.309 4.403 4.496 4.589 4.682 4.775 4.764 4.718 4.671 4.625 4.532 4.532 4.486 4.531 4.591 4.651 4.710
6.352 6.370 6.389 6.408 6.449 6.504 6.504 6.613 6.668 6.723 6.778 6.832 6.887 6.942 6.997 7.051 6.982 6.982 6.982 6.982 6.982 6.982 6.982 6.982 6.982 6.982 6.982 6.982 6.982 6.982 7.022 7.129 7.236 7.343 7.220 7.066 6.911 6.757 6.447 6.447 6.293 6.139 5.984 5.830 5.675 5.520 5.366 5.224 5.084 4.943 4.803 4.686 4.630 4.574 4.462 4.462 4.406 4.350 4.294 4.238 4.309 4.402 4.496 4.589 4.682 4.775 4.764 4.717 4.671 4.625 4.532 4.532 4.485 4.531 4.591 4.650 4.710
6.372 6.391 6.410 6.407 6.372 6.427 6.427 6.536 6.590 6.644 6.699 6.753 6.808 6.862 6.916 6.971 7.131 7.144 7.157 7.170 7.174 7.174 7.174 7.174 7.174 7.174 7.173 7.173 7.174 7.174 7.174 7.272 7.379 7.334 7.180 7.025 6.871 6.716 6.407 6.407 6.253 6.098 5.944 5.789 5.634 5.480 5.325 5.174 5.034 4.894 4.754 4.658 4.602 4.546 4.434 4.434 4.378 4.322 4.372 4.465 4.558 4.652 4.745 4.838 4.931 5.024 5.025 4.978 4.932 4.885 4.793 4.793 4.746 4.700 4.653 4.671 4.730
6.393 6.412 6.407 6.367 6.327 6.351 6.351 6.460 6.514 6.568 6.623 6.677 6.732 6.786 6.840 6.975 7.188 7.260 7.273 7.286 7.299 7.312 7.312 7.338 7.351 7.364 7.365 7.365 7.365 7.365 7.365 7.415 7.448 7.294 7.139 6.985 6.830 6.676 6.367 6.367 6.212 6.058 5.903 5.748 5.594 5.439 5.285 5.130 4.985 4.845 4.705 4.630 4.574 4.518 4.406 4.406 4.435 4.528 4.621 4.714 4.808 4.901 4.994 5.087 5.180 5.273 5.285 5.239 5.193 5.146 5.053 5.053 5.007 4.961 4.914 4.868 4.821
6.408 6.368 6.328 6.288 6.248 6.208 6.208 6.308 6.362 6.417 6.471 6.526 6.580 6.634 6.843 7.057 7.271 7.484 7.505 7.518 7.531 7.544 7.544 7.570 7.583 7.596 7.610 7.623 7.636 7.649 7.662 7.552 7.404 7.244 7.084 6.925 6.765 6.605 6.286 6.286 6.131 5.977 5.822 5.668 5.513 5.359 5.204 5.050 4.895 4.746 4.631 4.575 4.560 4.653 4.840 4.840 4.933 5.026 5.119 5.213 5.306 5.399 5.492 5.585 5.679 5.772 5.807 5.761 5.714 5.668 5.575 5.575 5.529 5.482 5.436 5.390 5.343
6.368 6.328 6.288 6.248 6.209 6.169 6.169 6.232 6.287 6.341 6.395 6.450 6.504 6.670 6.884 7.098 7.312 7.525 7.621 7.634 7.647 7.660 7.660 7.686 7.699 7.712 7.725 7.739 7.752 7.765 7.661 7.542 7.406 7.246 7.086 6.927 6.767 6.607 6.288 6.288 6.128 5.969 5.809 5.649 5.490 5.330 5.170 5.011 4.855 4.700 4.623 4.716 4.809 4.902 5.089 5.089 5.182 5.275 5.369 5.462 5.555 5.648 5.741 5.835 5.928 6.021 6.068 6.021 5.975 5.929 5.836 5.836 5.790 5.743 5.697 5.650 5.604
6.328 6.289 6.249 6.209 6.169 6.129 6.129 6.156 6.211 6.265 6.319 6.374 6.498 6.712 6.925 7.139 7.353 7.566 7.737 7.750 7.763 7.776 7.776 7.802 7.815 7.828 7.842 7.855 7.868 7.769 7.651 7.533 7.408 7.248 7.088 6.929 6.769 6.609 6.290 6.290 6.130 5.971 5.811 5.651 5.492 5.332 5.172 5.013 4.853 4.710 4.741 4.950 5.058 5.152 5.338 5.338 5.431 5.524 5.618 5.711 5.804 5.897 5.991 6.084 6.177 6.270 6.328 6.282 6.236 6.189 6.097 6.097 6.050 6.004 5.958 5.911 5.865
