includes/camargue/floodfiles/results_R2_t1.562343928288E12/res-0001.wd
ncols         906
nrows         631
xllcorner     362177.146667
yllcorner     6534725.688020
cellsize      20.000000
NODATA_value  -9999.000000
[rows 340 to 373 of 631, columns 770 to 846 of 906]
0.000 0.000 0.000 0.000 0.000 0.000 0.000 0.000 0.000 0.000 0.000 0.000 0.000 0.000 0.000 0.000 0.000 0.000 0.000 0.000 0.000 0.000 0.000 0.000 0.000 0.000 0.000 0.000 0.000 0.000 0.000 0.000 0.000 0.000 0.000 0.000 0.000 0.000 0.000 0.148 0.126 0.123 0.176 0.183 0.181 0.358 0.278 0.338 0.357 0.347 0.297 0.296 0.365 0.327 0.517 0.307 0.406 0.425 0.323 0.212 0.213 0.302 0.180 0.000 0.000 0.000 0.000 0.000 0.000 0.000 0.000 0.000 0.000 0.000 0.000 0.000 0.000
0.000 0.000 0.000 0.000 0.000 0.000 0.000 0.000 0.000 0.000 0.000 0.000 0.000 0.000 0.000 0.000 0.000 0.000 0.000 0.000 0.000 0.000 0.000 0.000 0.000 0.000 0.000 0.000 0.000 0.000 0.000 0.000 0.000 0.000 0.000 0.000 0.000 0.000 0.000 0.102 0.212 0.317 0.194 0.291 0.288 0.297 0.366 0.325 0.395 0.385 0.464 0.433 0.461 0.572 0.443 0.344 0.433 0.392 0.350 0.309 0.310 0.350 0.290 0.099 0.100 0.000 0.000 0.000 0.000 0.000 0.000 0.000 0.000 0.000 0.000 0.000 0.000
0.000 0.000 0.000 0.000 0.000 0.000 0.000 0.000 0.000 0.000 0.000 0.000 0.000 0.000 0.000 0.000 0.000 0.000 0.000 0.000 0.000 0.000 0.000 0.000 0.000 0.000 0.000 0.000 0.000 0.000 0.000 0.000 0.000 0.000 0.000 0.082 0.165 0.000 0.199 0.143 0.145 0.231 0.309 0.288 0.285 0.415 0.393 0.387 0.334 0.432 0.567 0.300 0.630 0.620 0.612 0.440 0.400 0.585 0.378 0.427 0.427 0.237 0.239 0.217 0.046 0.000 0.038 0.000 0.000 0.000 0.000 0.000 0.000 0.000 0.000 0.000 0.000
0.000 0.000 0.000 0.000 0.000 0.000 0.000 0.000 0.000 0.000 0.000 0.000 0.000 0.000 0.000 0.000 0.000 0.000 0.000 0.000 0.000 0.000 0.000 0.000 0.000 0.000 0.000 0.000 0.000 0.000 0.000 0.000 0.000 0.000 0.056 0.140 0.217 0.180 0.125 0.121 0.415 0.356 0.307 0.345 0.342 0.352 0.368 0.359 0.339 0.429 0.608 0.667 0.679 0.669 0.661 0.653 0.427 0.634 0.625 0.615 0.615 0.295 0.365 0.254 0.203 0.160 0.062 0.000 0.000 0.000 0.000 0.000 0.000 0.000 0.000 0.000 0.000
0.000 0.000 0.000 0.000 0.000 0.000 0.000 0.000 0.000 0.000 0.000 0.000 0.000 0.000 0.000 0.000 0.000 0.000 0.000 0.000 0.000 0.000 0.000 0.000 0.000 0.000 0.000 0.000 0.000 0.000 0.000 0.000 0.002 0.000 0.082 0.229 0.257 0.140 0.221 0.000 0.290 0.371 0.173 0.431 0.430 0.438 0.410 0.470 0.455 0.589 0.649 0.709 0.728 0.720 0.711 0.702 0.693 0.685 0.675 0.665 0.665 0.632 0.302 0.362 0.251 0.180 0.188 0.045 0.000 0.000 0.000 0.000 0.000 0.000 0.000 0.000 0.000
0.000 0.000 0.000 0.000 0.000 0.000 0.000 0.000 0.000 0.000 0.000 0.000 0.000 0.000 0.000 0.000 0.000 0.000 0.000 0.000 0.000 0.000 0.000 0.000 0.000 0.000 0.000 0.000 0.000 0.000 0.000 0.023 0.007 0.181 0.182 0.146 0.305 0.426 0.386 0.275 0.407 0.387 0.436 0.408 0.407 0.393 0.452 0.511 0.571 0.631 0.691 0.752 0.778 0.769 0.761 0.751 0.743 0.734 0.724 0.715 0.715 0.380 0.626 0.351 0.390 0.389 0.279 0.118 0.000 0.000 0.000 0.000 0.000 0.000 0.000 0.000 0.000
0.000 0.000 0.000 0.000 0.000 0.000 0.000 0.000 0.000 0.000 0.000 0.000 0.000 0.000 0.000 0.000 0.000 0.000 0.000 0.000 0.000 0.000 0.000 0.000 0.000 0.000 0.000 0.000 0.000 0.180 0.178 0.163 0.073 0.217 0.158 0.302 0.402 0.443 0.424 0.404 0.444 0.365 0.455 0.455 0.454 0.435 0.494 0.553 0.613 0.674 0.733 0.794 0.828 0.819 0.810 0.801 0.792 0.784 0.774 0.750 0.749 0.684 0.399 0.349 0.319 0.358 0.210 0.058 0.089 0.000 0.000 0.000 0.000 0.000 0.000 0.000 0.000
0.000 0.000 0.000 0.000 0.000 0.000 0.000 0.000 0.000 0.000 0.000 0.000 0.000 0.000 0.000 0.000 0.000 0.000 0.000 0.000 0.000 0.000 0.000 0.000 0.000 0.000 0.000 0.000 0.000 0.178 0.178 0.162 0.069 0.215 0.158 0.299 0.401 0.441 0.422 0.401 0.441 0.361 0.451 0.451 0.451 0.431 0.491 0.551 0.610 0.671 0.731 0.791 0.826 0.817 0.809 0.800 0.791 0.781 0.771 0.747 0.746 0.682 0.395 0.346 0.318 0.357 0.207 0.058 0.089 0.000 0.000 0.000 0.000 0.000 0.000 0.000 0.000
0.000 0.000 0.000 0.000 0.000 0.000 0.000 0.000 0.000 0.000 0.000 0.000 0.000 0.000 0.000 0.000 0.000 0.000 0.000 0.000 0.000 0.000 0.000 0.000 0.000 0.000 0.000 0.076 0.077 0.232 0.069 0.196 0.216 0.329 0.041 0.267 0.389 0.419 0.360 0.231 0.268 0.400 0.339 0.376 0.376 0.473 0.533 0.593 0.652 0.712 0.773 0.833 0.875 0.867 0.858 0.849 0.840 0.830 0.805 0.773 0.772 0.708 0.676 0.644 0.335 0.305 0.185 0.076 0.046 0.033 0.036 0.000 0.000 0.000 0.000 0.000 0.000
0.000 0.000 0.000 0.000 0.000 0.000 0.000 0.000 0.000 0.000 0.000 0.000 0.000 0.000 0.000 0.000 0.000 0.000 0.000 0.000 0.000 0.000 0.000 0.000 0.000 0.050 0.118 0.284 0.284 0.274 0.282 0.363 0.184 0.426 0.367 0.400 0.282 0.321 0.357 0.444 0.430 0.467 0.503 0.539 0.539 0.612 0.648 0.685 0.739 0.798 0.859 0.919 0.977 0.968 0.959 0.950 0.926 0.893 0.860 0.827 0.827 0.763 0.730 0.699 0.342 0.293 0.313 0.244 0.214 0.264 0.073 0.000 0.000 0.000 0.000 0.000 0.000
0.000 0.000 0.000 0.000 0.000 0.000 0.000 0.000 0.000 0.000 0.000 0.000 0.000 0.000 0.000 0.000 0.000 0.000 0.000 0.000 0.000 0.000 0.000 0.000 0.102 0.179 0.097 0.223 0.221 0.170 0.209 0.261 0.212 0.314 0.285 0.397 0.249 0.440 0.437 0.473 0.510 0.547 0.584 0.620 0.620 0.693 0.729 0.766 0.802 0.841 0.901 0.962 1.023 1.018 1.009 0.985 0.952 0.919 0.887 0.854 0.853 0.789 0.757 0.725 0.693 0.259 0.291 0.391 0.183 0.174 0.113 0.075 0.000 0.000 0.000 0.000 0.000
0.000 0.000 0.000 0.000 0.000 0.000 0.000 0.000 0.000 0.000 0.000 0.000 0.000 0.000 0.000 0.000 0.000 0.000 0.000 0.000 0.000 0.000 0.002 0.012 0.033 0.272 0.169 0.372 0.368 0.296 0.227 0.420 0.391 0.422 0.367 0.405 0.435 0.479 0.517 0.554 0.591 0.628 0.665 0.702 0.702 0.774 0.811 0.847 0.883 0.919 0.956 1.005 1.065 1.067 1.043 1.011 0.978 0.946 0.913 0.881 0.880 0.815 0.784 0.752 0.720 0.688 0.360 0.401 0.283 0.153 0.055 0.032 0.000 0.000 0.000 0.000 0.000
0.000 0.000 0.000 0.000 0.000 0.000 0.000 0.000 0.000 0.000 0.000 0.000 0.000 0.000 0.000 0.000 0.000 0.000 0.000 0.000 0.009 0.001 0.000 0.179 0.131 0.097 0.140 0.229 0.225 0.254 0.405 0.131 0.358 0.382 0.447 0.485 0.522 0.560 0.598 0.635 0.672 0.709 0.746 0.783 0.783 0.856 0.892 0.928 0.964 1.001 1.038 1.075 1.111 1.102 1.069 1.037 1.005 0.973 0.940 0.907 0.907 0.842 0.810 0.778 0.747 0.716 0.329 0.230 0.223 0.193 0.098 0.133 0.000 0.000 0.000 0.000 0.000
0.000 0.000 0.000 0.000 0.000 0.000 0.000 0.000 0.000 0.000 0.000 0.000 0.000 0.000 0.000 0.000 0.000 0.000 0.000 0.048 0.156 0.000 0.220 0.100 0.252 0.235 0.336 0.296 0.294 0.415 0.083 0.426 0.338 0.464 0.528 0.566 0.603 0.641 0.679 0.717 0.754 0.790 0.827 0.864 0.864 0.937 0.973 1.010 1.046 1.083 1.119 1.136 1.147 1.155 1.123 1.091 1.058 1.026 0.994 0.961 0.961 0.896 0.864 0.832 0.800 0.266 0.359 0.221 0.224 0.081 0.156 0.000 0.000 0.000 0.000 0.000 0.000
0.000 0.000 0.000 0.000 0.000 0.000 0.000 0.000 0.000 0.000 0.000 0.000 0.000 0.000 0.000 0.000 0.000 0.005 0.004 0.095 0.237 0.251 0.198 0.299 0.102 0.144 0.233 0.232 0.231 0.042 0.169 0.385 0.421 0.546 0.610 0.648 0.686 0.724 0.761 0.798 0.835 0.872 0.909 0.946 0.946 1.019 1.055 1.091 1.126 1.137 1.149 1.161 1.171 1.180 1.179 1.147 1.115 1.083 1.051 1.018 1.018 0.954 0.921 0.888 0.856 0.132 0.000 0.152 0.000 0.043 0.000 0.000 0.000 0.000 0.000 0.000 0.000
0.000 0.000 0.000 0.000 0.000 0.000 0.000 0.000 0.000 0.000 0.000 0.000 0.000 0.000 0.000 0.000 0.017 0.086 0.011 0.152 0.305 0.091 0.318 0.209 0.260 0.230 0.329 0.198 0.199 0.342 0.252 0.414 0.504 0.630 0.693 0.730 0.768 0.806 0.843 0.880 0.918 0.954 0.991 1.028 1.028 1.100 1.128 1.140 1.151 1.163 1.174 1.185 1.196 1.204 1.213 1.204 1.172 1.140 1.107 1.075 1.075 1.010 0.977 0.944 0.912 0.226 0.000 0.000 0.000 0.000 0.000 0.000 0.000 0.000 0.000 0.000 0.000
0.000 0.000 0.000 0.000 0.000 0.000 0.000 0.000 0.000 0.000 0.000 0.000 0.000 0.002 0.011 0.000 0.044 0.108 0.235 0.300 0.214 0.070 0.377 0.247 0.308 0.357 0.276 0.407 0.408 0.379 0.334 0.462 0.587 0.713 0.775 0.813 0.850 0.888 0.925 0.962 0.999 1.036 1.073 1.110 1.109 1.142 1.153 1.165 1.176 1.187 1.199 1.210 1.220 1.229 1.238 1.247 1.229 1.196 1.164 1.131 1.131 1.067 1.034 1.001 0.969 0.363 0.000 0.000 0.000 0.000 0.000 0.000 0.000 0.000 0.000 0.000 0.000
0.000 0.000 0.000 0.000 0.000 0.000 0.000 0.000 0.000 0.000 0.000 0.000 0.000 0.107 0.141 0.103 0.187 0.209 0.182 0.256 0.091 0.233 0.325 0.285 0.215 0.344 0.304 0.355 0.357 0.293 0.418 0.544 0.670 0.796 0.858 0.895 0.933 0.970 1.007 1.044 1.081 1.118 1.133 1.145 1.144 1.167 1.178 1.190 1.201 1.212 1.223 1.235 1.244 1.253 1.262 1.272 1.281 1.253 1.220 1.188 1.188 1.123 1.090 1.057 1.025 0.992 0.000 0.000 0.000 0.000 0.000 0.000 0.000 0.000 0.000 0.000 0.000
0.000 0.000 0.000 0.000 0.000 0.000 0.000 0.000 0.000 0.000 0.000 0.178 0.176 0.252 0.233 0.344 0.167 0.209 0.151 0.137 0.221 0.000 0.292 0.362 0.292 0.352 0.263 0.327 0.328 0.410 0.501 0.627 0.753 0.879 0.940 0.977 1.015 1.052 1.089 1.123 1.135 1.147 1.158 1.170 1.169 1.192 1.203 1.214 1.225 1.236 1.248 1.260 1.269 1.278 1.287 1.296 1.306 1.310 1.277 1.245 1.244 1.180 1.147 1.115 1.082 1.049 1.017 0.039 0.000 0.000 0.000 0.000 0.000 0.000 0.000 0.000 0.000
0.000 0.000 0.000 0.000 0.000 0.000 0.000 0.000 0.000 0.000 0.111 0.229 0.227 0.143 0.103 0.176 0.268 0.299 0.163 0.361 0.214 0.391 0.361 0.380 0.400 0.371 0.305 0.402 0.403 0.553 0.635 0.718 0.835 0.961 1.022 1.059 1.097 1.124 1.136 1.148 1.160 1.172 1.183 1.195 1.195 1.217 1.228 1.239 1.250 1.262 1.273 1.284 1.293 1.303 1.312 1.321 1.331 1.340 1.334 1.302 1.302 1.237 1.204 1.171 1.139 1.107 1.075 1.011 0.000 0.000 0.000 0.000 0.000 0.000 0.000 0.000 0.000
0.000 0.000 0.000 0.000 0.000 0.000 0.000 0.007 0.073 0.092 0.101 0.267 0.267 0.220 0.274 0.338 0.358 0.278 0.163 0.362 0.294 0.035 0.117 0.199 0.390 0.410 0.447 0.400 0.402 0.695 0.777 0.860 0.942 1.044 1.103 1.125 1.137 1.150 1.162 1.174 1.186 1.197 1.209 1.220 1.220 1.242 1.253 1.265 1.276 1.287 1.299 1.309 1.318 1.328 1.337 1.346 1.356 1.365 1.373 1.359 1.359 1.294 1.261 1.229 1.197 1.165 1.133 0.996 0.338 0.000 0.000 0.000 0.000 0.000 0.000 0.000 0.000
0.000 0.000 0.000 0.000 0.000 0.000 0.000 0.147 0.033 0.179 0.252 0.285 0.286 0.228 0.143 0.289 0.259 0.220 0.000 0.195 0.314 0.314 0.259 0.342 0.425 0.508 0.590 0.753 0.754 0.837 0.919 1.002 1.084 1.119 1.138 1.150 1.163 1.175 1.187 1.199 1.211 1.223 1.234 1.245 1.245 1.268 1.279 1.290 1.302 1.313 1.325 1.334 1.343 1.353 1.362 1.371 1.380 1.389 1.398 1.407 1.407 1.351 1.318 1.286 1.254 1.222 1.190 0.980 0.749 0.518 0.000 0.000 0.000 0.000 0.000 0.000 0.000
0.000 0.000 0.000 0.000 0.000 0.000 0.090 0.171 0.231 0.221 0.232 0.324 0.325 0.256 0.000 0.393 0.324 0.316 0.281 0.384 0.404 0.404 0.402 0.485 0.568 0.650 0.732 0.896 0.897 0.980 1.062 1.106 1.120 1.135 1.155 1.176 1.189 1.201 1.213 1.225 1.236 1.248 1.260 1.271 1.271 1.293 1.305 1.316 1.327 1.339 1.350 1.360 1.369 1.378 1.387 1.396 1.405 1.414 1.423 1.432 1.432 1.408 1.376 1.344 1.311 1.280 1.196 0.965 0.734 0.502 0.271 0.336 0.000 0.000 0.000 0.000 0.000
0.000 0.000 0.000 0.000 0.000 0.000 0.088 0.170 0.231 0.221 0.232 0.323 0.324 0.255 0.000 0.393 0.324 0.316 0.281 0.384 0.404 0.404 0.401 0.484 0.567 0.650 0.731 0.895 0.896 0.978 1.061 1.105 1.119 1.133 1.154 1.174 1.187 1.199 1.211 1.224 1.235 1.247 1.258 1.269 1.269 1.292 1.303 1.315 1.326 1.338 1.349 1.358 1.367 1.376 1.385 1.394 1.403 1.412 1.421 1.431 1.431 1.407 1.375 1.342 1.310 1.278 1.195 0.963 0.733 0.502 0.271 0.336 0.000 0.000 0.000 0.000 0.000
0.000 0.000 0.000 0.000 0.005 0.107 0.134 0.172 0.162 0.292 0.222 0.273 0.274 0.339 0.276 0.000 0.335 0.138 0.332 0.298 0.373 0.461 0.543 0.627 0.709 0.366 0.336 1.038 1.038 1.091 1.106 1.120 1.135 1.149 1.170 1.191 1.211 1.225 1.237 1.249 1.261 1.273 1.284 1.295 1.295 1.317 1.329 1.341 1.352 1.364 1.375 1.384 1.392 1.401 1.410 1.419 1.428 1.437 1.447 1.456 1.456 1.465 1.432 1.400 1.367 1.336 1.179 0.948 0.716 0.486 0.256 0.023 0.000 0.000 0.000 0.000 0.000
0.000 0.001 0.099 0.127 0.245 0.049 0.239 0.217 0.276 0.354 0.313 0.000 0.000 0.182 0.303 0.150 0.216 0.342 0.352 0.372 0.522 0.604 0.686 0.769 0.852 0.934 1.016 1.091 1.092 1.107 1.121 1.136 1.150 1.166 1.186 1.207 1.227 1.247 1.263 1.275 1.287 1.299 1.310 1.321 1.320 1.343 1.355 1.366 1.378 1.390 1.400 1.409 1.418 1.426 1.435 1.444 1.453 1.463 1.472 1.481 1.481 1.499 1.490 1.457 1.425 1.393 1.163 0.932 0.700 0.470 0.239 0.000 0.000 0.000 0.000 0.000 0.000
0.153 0.231 0.170 0.118 0.265 0.264 0.372 0.299 0.318 0.288 0.062 0.230 0.229 0.306 0.373 0.439 0.505 0.570 0.645 0.726 0.808 0.890 0.972 1.052 1.067 1.081 1.096 1.124 1.125 1.139 1.154 1.169 1.183 1.200 1.220 1.241 1.261 1.281 1.301 1.322 1.340 1.351 1.363 1.374 1.373 1.396 1.408 1.419 1.431 1.443 1.452 1.461 1.470 1.478 1.487 1.496 1.505 1.515 1.524 1.533 1.533 1.551 1.560 1.569 1.541 1.364 1.133 0.907 0.745 0.581 0.416 0.251 0.087 0.000 0.000 0.000 0.000
0.093 0.141 0.241 0.301 0.168 0.226 0.372 0.000 0.026 0.367 0.193 0.346 0.347 0.432 0.359 0.582 0.647 0.712 0.787 0.869 0.951 1.033 1.053 1.068 1.083 1.097 1.112 1.141 1.141 1.156 1.170 1.185 1.199 1.216 1.236 1.257 1.277 1.297 1.317 1.338 1.358 1.377 1.388 1.400 1.399 1.422 1.434 1.445 1.457 1.468 1.477 1.486 1.495 1.504 1.513 1.522 1.531 1.540 1.549 1.558 1.558 1.576 1.585 1.594 1.581 1.419 1.256 1.093 0.930 0.766 0.602 0.438 0.272 0.107 0.000 0.000 0.000
0.233 0.323 0.133 0.383 0.263 0.262 0.000 0.084 0.325 0.239 0.318 0.475 0.477 0.555 0.634 0.713 0.790 0.854 0.930 1.012 1.040 1.055 1.069 1.084 1.099 1.113 1.128 1.157 1.157 1.172 1.186 1.200 1.215 1.232 1.252 1.273 1.293 1.313 1.333 1.353 1.374 1.394 1.413 1.426 1.425 1.448 1.460 1.471 1.483 1.494 1.503 1.512 1.521 1.530 1.538 1.547 1.557 1.566 1.575 1.584 1.583 1.601 1.621 1.641 1.648 1.605 1.442 1.279 1.116 0.952 0.787 0.623 0.459 0.294 0.129 0.000 0.000
0.254 0.274 0.254 0.354 0.245 0.375 0.375 0.375 0.235 0.363 0.442 0.599 0.600 0.679 0.758 0.836 0.914 0.993 1.028 1.042 1.056 1.071 1.085 1.100 1.115 1.130 1.144 1.173 1.173 1.188 1.202 1.217 1.231 1.249 1.269 1.289 1.309 1.329 1.349 1.369 1.390 1.410 1.429 1.449 1.449 1.474 1.486 1.497 1.509 1.519 1.528 1.537 1.546 1.555 1.564 1.573 1.582 1.591 1.600 1.619 1.619 1.658 1.678 1.697 1.696 1.675 1.628 1.465 1.301 1.138 0.973 0.809 0.645 0.482 0.318 0.155 0.152
0.253 0.354 0.174 0.315 0.305 0.355 0.355 0.335 0.375 0.487 0.565 0.722 0.723 0.802 0.881 0.959 1.021 1.041 1.049 1.058 1.073 1.087 1.102 1.116 1.131 1.146 1.161 1.189 1.190 1.204 1.218 1.233 1.247 1.266 1.285 1.305 1.325 1.345 1.365 1.385 1.406 1.426 1.446 1.465 1.465 1.500 1.512 1.523 1.535 1.544 1.553 1.563 1.572 1.581 1.590 1.598 1.618 1.637 1.657 1.676 1.676 1.715 1.735 1.754 1.745 1.724 1.703 1.651 1.487 1.323 1.160 0.995 0.832 0.668 0.505 0.341 0.340
0.343 0.244 0.365 0.385 0.315 0.295 0.275 0.452 0.355 0.610 0.688 0.846 0.846 0.925 1.004 1.029 1.049 1.069 1.077 1.083 1.089 1.103 1.118 1.133 1.147 1.162 1.177 1.205 1.205 1.220 1.235 1.249 1.263 1.282 1.302 1.322 1.342 1.362 1.382 1.402 1.422 1.442 1.462 1.482 1.482 1.521 1.538 1.549 1.561 1.570 1.579 1.588 1.597 1.616 1.636 1.655 1.675 1.694 1.714 1.733 1.733 1.772 1.791 1.811 1.793 1.772 1.751 1.730 1.673 1.510 1.346 1.182 1.019 0.855 0.692 0.528 0.527
0.262 0.000 0.131 0.263 0.335 0.419 0.394 0.575 0.375 0.733 0.812 0.969 0.969 1.017 1.038 1.058 1.078 1.098 1.104 1.110 1.115 1.121 1.134 1.149 1.163 1.178 1.192 1.221 1.222 1.236 1.251 1.265 1.279 1.299 1.319 1.339 1.358 1.378 1.398 1.418 1.438 1.458 1.478 1.498 1.498 1.537 1.557 1.576 1.586 1.595 1.615 1.634 1.654 1.673 1.693 1.712 1.732 1.751 1.771 1.790 1.790 1.829 1.849 1.862 1.841 1.820 1.799 1.778 1.757 1.696 1.533 1.369 1.206 1.042 0.879 0.715 0.714
0.373 0.115 0.315 0.386 0.464 0.542 0.620 0.699 0.777 0.856 0.935 1.025 1.025 1.046 1.066 1.087 1.106 1.126 1.132 1.137 1.143 1.149 1.155 1.165 1.179 1.193 1.208 1.237 1.237 1.252 1.267 1.281 1.296 1.316 1.336 1.356 1.375 1.395 1.415 1.435 1.455 1.475 1.495 1.514 1.514 1.554 1.574 1.601 1.632 1.652 1.672 1.691 1.711 1.730 1.750 1.769 1.789 1.808 1.828 1.847 1.847 1.886 1.905 1.911 1.890 1.869 1.848 1.827 1.806 1.784 1.720 1.556 1.393 1.229 1.065 0.902 0.901
