includes/camargue/floodfiles/results_R2_t1.562343928288E12/res-0014.wd
ncols         906
nrows         631
xllcorner     362177.146667
yllcorner     6534725.688020
cellsize      20.000000
NODATA_value  -9999.000000
[rows 510 to 543 of 631, columns 0 to 76 of 906]
3.570 3.461 3.352 3.244 3.135 3.050 3.163 3.277 3.277 3.504 3.617 3.730 3.844 3.957 4.071 4.184 4.297 4.309 4.277 4.245 4.213 4.226 4.252 4.278 4.278 4.330 4.344 4.299 4.254 4.209 4.164 4.119 4.074 4.057 4.094 4.132 4.161 4.190 4.218 4.247 4.246 4.304 4.332 4.361 4.410 4.548 4.740 4.932 5.125 5.317 5.509 5.701 5.893 6.086 6.266 6.435 6.435 6.729 6.841 6.952 7.064 7.175 7.287 7.303 7.189 7.074 6.959 6.844 6.695 6.448 6.202 5.956 5.671 5.671 5.583 5.495 5.407
4.051 3.942 3.834 3.586 3.295 3.034 3.181 3.329 3.329 3.582 3.695 3.809 3.922 4.035 4.149 4.262 4.365 4.333 4.301 4.269 4.237 4.205 4.173 4.174 4.174 4.226 4.203 4.158 4.113 4.068 4.023 3.978 3.933 3.888 3.846 3.858 3.921 3.983 4.046 4.108 4.108 4.233 4.295 4.358 4.439 4.564 4.689 4.846 5.038 5.230 5.423 5.615 5.807 5.996 6.165 6.335 6.335 6.674 6.843 6.966 7.078 7.189 7.289 7.174 7.060 6.945 6.830 6.715 6.601 6.486 6.329 6.083 5.896 5.896 5.808 5.720 5.621
4.292 4.183 3.905 3.614 3.323 3.032 3.173 3.320 3.320 3.615 3.734 3.848 3.961 4.074 4.188 4.301 4.377 4.345 4.313 4.281 4.249 4.217 4.185 4.153 4.152 4.174 4.132 4.088 4.043 3.998 3.965 3.949 3.932 3.916 3.900 3.902 3.926 3.988 4.051 4.113 4.113 4.238 4.301 4.363 4.462 4.588 4.713 4.838 4.995 5.187 5.379 5.572 5.764 5.946 6.115 6.285 6.285 6.623 6.793 6.962 7.084 7.196 7.225 7.110 6.995 6.880 6.766 6.651 6.536 6.421 6.306 6.184 5.958 5.958 5.843 5.729 5.614
4.514 4.224 3.933 3.642 3.351 3.060 3.164 3.311 3.311 3.606 3.754 3.887 4.000 4.113 4.227 4.340 4.389 4.357 4.325 4.293 4.261 4.229 4.197 4.165 4.164 4.107 4.083 4.067 4.051 4.035 4.019 4.003 3.987 3.971 3.956 3.963 3.970 3.994 4.056 4.119 4.118 4.243 4.306 4.368 4.486 4.611 4.736 4.861 4.987 5.144 5.336 5.528 5.721 5.896 6.065 6.235 6.234 6.573 6.743 6.912 7.082 7.203 7.160 7.045 6.931 6.816 6.713 6.661 6.609 6.556 6.504 6.307 5.951 5.951 5.836 5.722 5.607
4.542 4.252 3.961 3.670 3.379 3.088 3.155 3.302 3.302 3.597 3.745 3.893 4.039 4.153 4.266 4.379 4.401 4.369 4.337 4.305 4.273 4.241 4.211 4.206 4.205 4.176 4.138 4.122 4.106 4.090 4.074 4.058 4.041 4.025 4.017 4.024 4.031 4.038 4.061 4.124 4.124 4.249 4.311 4.384 4.509 4.634 4.760 4.885 5.010 5.135 5.293 5.485 5.677 5.846 6.015 6.185 6.184 6.523 6.693 6.862 7.031 7.208 7.194 7.142 7.089 7.037 6.985 6.932 6.880 6.827 6.775 6.493 5.944 5.944 5.830 5.715 5.600
4.571 4.280 3.989 3.698 3.407 3.116 3.146 3.293 3.293 3.589 3.736 3.884 4.032 4.179 4.305 4.419 4.413 4.381 4.349 4.325 4.320 4.314 4.308 4.303 4.303 4.265 4.217 4.176 4.160 4.144 4.128 4.112 4.096 4.080 4.077 4.084 4.091 4.098 4.105 4.129 4.129 4.254 4.316 4.408 4.533 4.658 4.783 4.908 5.034 5.159 5.284 5.442 5.626 5.796 5.965 6.134 6.134 6.491 6.674 6.857 7.040 7.229 7.434 7.413 7.360 7.308 7.256 7.203 7.151 7.099 6.984 6.679 6.069 6.069 5.823 5.708 5.594
4.599 4.308 4.017 3.726 3.435 3.144 3.137 3.285 3.284 3.580 3.727 3.875 4.023 4.170 4.318 4.458 4.440 4.434 4.428 4.423 4.417 4.411 4.406 4.400 4.400 4.354 4.305 4.257 4.215 4.199 4.183 4.167 4.150 4.134 4.138 4.145 4.152 4.159 4.166 4.173 4.173 4.259 4.322 4.431 4.556 4.681 4.807 4.932 5.057 5.182 5.308 5.431 5.592 5.775 5.957 6.140 6.140 6.506 6.689 6.872 7.054 7.250 7.455 7.659 7.632 7.579 7.527 7.475 7.422 7.370 7.170 6.865 6.255 6.254 5.949 5.701 5.587
4.627 4.336 4.045 3.754 3.463 3.172 3.128 3.276 3.276 3.571 3.719 3.866 4.014 4.161 4.309 4.454 4.529 4.531 4.526 4.520 4.514 4.508 4.503 4.497 4.497 4.442 4.394 4.346 4.298 4.253 4.237 4.221 4.205 4.192 4.199 4.206 4.213 4.220 4.227 4.234 4.234 4.265 4.329 4.454 4.580 4.705 4.830 4.947 5.062 5.176 5.291 5.405 5.597 5.789 5.972 6.155 6.155 6.521 6.704 6.886 7.069 7.272 7.476 7.681 7.885 7.851 7.798 7.746 7.694 7.641 7.355 7.050 6.440 6.440 6.135 5.830 5.579
4.655 4.364 4.073 3.782 3.491 3.200 3.120 3.267 3.267 3.562 3.710 3.857 4.005 4.153 4.301 4.444 4.519 4.594 4.623 4.617 4.611 4.606 4.600 4.594 4.594 4.531 4.483 4.435 4.386 4.338 4.292 4.275 4.259 4.253 4.260 4.267 4.274 4.281 4.288 4.295 4.295 4.309 4.348 4.463 4.577 4.692 4.806 4.921 5.035 5.150 5.264 5.395 5.595 5.795 5.987 6.170 6.170 6.536 6.718 6.901 7.088 7.293 7.498 7.702 7.907 8.111 8.070 8.017 7.965 7.846 7.541 7.236 6.626 6.626 6.321 6.016 5.711
4.667 4.392 4.101 3.810 3.519 3.228 3.111 3.258 3.258 3.553 3.701 3.849 3.996 4.144 4.292 4.434 4.509 4.585 4.660 4.714 4.709 4.703 4.697 4.692 4.691 4.620 4.572 4.523 4.475 4.427 4.378 4.330 4.314 4.314 4.321 4.328 4.335 4.339 4.335 4.332 4.331 4.324 4.360 4.437 4.551 4.666 4.780 4.895 5.009 5.124 5.238 5.392 5.592 5.792 5.992 6.185 6.185 6.550 6.733 6.916 7.110 7.314 7.519 7.723 7.928 8.133 8.337 8.288 8.236 8.032 7.727 7.422 6.812 6.812 6.507 6.202 5.897
4.524 4.297 4.071 3.838 3.547 3.256 3.102 3.249 3.249 3.545 3.692 3.840 3.988 4.136 4.283 4.424 4.499 4.575 4.650 4.725 4.800 4.800 4.794 4.789 4.789 4.709 4.660 4.612 4.564 4.515 4.467 4.419 4.370 4.363 4.359 4.356 4.352 4.348 4.345 4.341 4.341 4.333 4.388 4.449 4.525 4.639 4.754 4.868 4.983 5.097 5.212 5.389 5.589 5.789 5.989 6.189 6.189 6.565 6.748 6.931 7.131 7.336 7.540 7.745 7.949 8.154 8.358 8.560 8.507 8.218 7.913 7.608 6.998 6.998 6.692 6.406 6.143
4.381 4.155 3.928 3.701 3.474 3.248 3.093 3.241 3.240 3.536 3.684 3.831 3.979 4.127 4.275 4.414 4.489 4.565 4.640 4.715 4.790 4.866 4.892 4.886 4.886 4.797 4.749 4.701 4.650 4.587 4.523 4.460 4.405 4.373 4.369 4.365 4.361 4.358 4.354 4.350 4.350 4.356 4.417 4.477 4.537 4.613 4.728 4.842 4.957 5.071 5.186 5.386 5.586 5.786 5.986 6.186 6.186 6.580 6.763 6.948 7.153 7.357 7.562 7.766 7.971 8.175 8.380 8.583 8.782 8.520 8.258 7.995 7.471 7.471 7.209 6.946 6.684
4.239 4.012 3.785 3.559 3.332 3.153 3.088 3.233 3.233 3.527 3.675 3.823 3.970 4.118 4.266 4.404 4.480 4.555 4.630 4.705 4.781 4.856 4.931 4.983 4.982 4.867 4.803 4.740 4.677 4.614 4.550 4.487 4.442 4.409 4.378 4.374 4.371 4.367 4.363 4.359 4.359 4.385 4.445 4.505 4.565 4.625 4.701 4.816 4.930 5.045 5.184 5.384 5.584 5.784 5.983 6.183 6.183 6.583 6.778 6.970 7.174 7.379 7.581 7.774 7.966 8.159 8.351 8.544 8.859 9.061 8.798 8.536 8.012 8.012 7.749 7.487 7.225
4.096 3.869 3.643 3.416 3.268 3.182 3.096 3.229 3.228 3.520 3.666 3.814 3.962 4.110 4.257 4.394 4.470 4.545 4.620 4.695 4.771 4.846 4.963 5.047 5.046 4.893 4.830 4.767 4.704 4.641 4.577 4.514 4.478 4.446 4.414 4.384 4.380 4.376 4.372 4.369 4.368 4.413 4.473 4.533 4.593 4.653 4.713 4.790 4.904 5.019 5.181 5.381 5.581 5.781 5.981 6.181 6.180 6.581 6.746 6.965 7.157 7.350 7.542 7.735 7.927 8.120 8.312 8.505 8.888 9.272 9.339 9.077 8.553 8.553 8.290 8.028 7.766
4.096 3.869 3.642 3.416 3.268 3.182 3.095 3.229 3.228 3.520 3.666 3.814 3.962 4.110 4.257 4.394 4.470 4.545 4.620 4.695 4.771 4.846 4.963 5.047 5.046 4.893 4.830 4.767 4.704 4.640 4.577 4.514 4.478 4.446 4.414 4.384 4.380 4.376 4.372 4.369 4.368 4.413 4.473 4.533 4.593 4.653 4.713 4.790 4.904 5.019 5.181 5.381 5.581 5.781 5.981 6.181 6.180 6.581 6.746 6.965 7.157 7.350 7.542 7.735 7.927 8.120 8.312 8.505 8.888 9.272 9.339 9.077 8.553 8.552 8.290 8.028 7.766
3.953 3.726 3.500 3.383 3.297 3.210 3.124 3.224 3.224 3.515 3.661 3.806 3.953 4.101 4.249 4.385 4.460 4.535 4.610 4.693 4.815 4.937 5.060 5.108 5.108 4.920 4.857 4.794 4.731 4.667 4.604 4.547 4.515 4.482 4.450 4.418 4.389 4.385 4.382 4.378 4.378 4.441 4.501 4.561 4.621 4.681 4.741 4.802 4.878 4.992 5.178 5.378 5.578 5.778 5.948 6.106 6.105 6.420 6.577 6.853 7.118 7.311 7.503 7.696 7.888 8.081 8.273 8.533 8.917 9.301 9.686 9.618 9.093 9.093 8.831 8.569 8.164
3.810 3.584 3.498 3.412 3.326 3.239 3.153 3.220 3.219 3.511 3.656 3.802 3.947 4.093 4.240 4.375 4.450 4.544 4.667 4.789 4.911 5.034 5.156 5.169 5.169 4.975 4.884 4.821 4.758 4.694 4.631 4.583 4.551 4.519 4.486 4.454 4.422 4.395 4.391 4.387 4.387 4.469 4.529 4.589 4.649 4.710 4.770 4.830 4.890 4.976 5.151 5.308 5.465 5.623 5.780 5.937 5.937 6.252 6.427 6.714 7.001 7.272 7.464 7.657 7.849 8.042 8.234 8.562 8.947 9.331 9.715 10.099 9.634 9.634 9.372 9.110 8.472
3.728 3.642 3.555 3.469 3.383 3.296 3.210 3.211 3.210 3.502 3.647 3.793 3.938 4.084 4.211 4.336 4.535 4.733 4.859 4.982 5.104 5.226 5.349 5.292 5.292 5.098 5.001 4.903 4.812 4.748 4.688 4.656 4.624 4.592 4.559 4.527 4.495 4.463 4.430 4.406 4.405 4.500 4.535 4.570 4.605 4.641 4.676 4.711 4.746 4.809 4.891 4.973 5.129 5.286 5.443 5.601 5.601 5.915 6.150 6.437 6.724 7.011 7.298 7.579 7.771 7.964 8.237 8.621 9.005 9.390 9.774 10.158 10.716 10.716 10.392 9.740 9.088
3.757 3.670 3.584 3.498 3.412 3.325 3.239 3.206 3.206 3.497 3.643 3.788 3.927 4.052 4.177 4.302 4.490 4.688 4.886 5.078 5.200 5.323 5.445 5.354 5.354 5.159 5.062 4.965 4.868 4.776 4.725 4.693 4.660 4.628 4.589 4.546 4.503 4.460 4.417 4.379 4.379 4.409 4.444 4.479 4.514 4.549 4.584 4.619 4.654 4.729 4.811 4.893 4.975 5.118 5.275 5.432 5.432 5.747 6.011 6.298 6.585 6.872 7.159 7.446 7.732 7.925 8.266 8.651 9.035 9.419 9.803 10.187 10.938 10.938 10.722 10.047 9.396
3.728 3.677 3.613 3.527 3.440 3.354 3.268 3.202 3.201 3.493 3.638 3.768 3.893 4.018 4.143 4.268 4.445 4.643 4.841 5.040 5.238 5.419 5.512 5.415 5.415 5.221 5.124 5.023 4.922 4.822 4.722 4.679 4.636 4.593 4.550 4.507 4.463 4.420 4.377 4.345 4.345 4.317 4.353 4.388 4.423 4.458 4.493 4.528 4.566 4.648 4.731 4.813 4.895 4.977 5.107 5.264 5.264 5.585 5.872 6.159 6.446 6.733 7.020 7.307 7.594 7.888 8.258 8.624 8.991 9.357 9.723 10.090 10.879 10.879 11.273 10.596 9.919
3.665 3.613 3.562 3.510 3.459 3.383 3.296 3.210 3.209 3.484 3.609 3.734 3.859 3.984 4.109 4.234 4.399 4.598 4.796 4.994 5.193 5.391 5.553 5.460 5.460 5.259 5.159 5.058 4.958 4.850 4.726 4.639 4.596 4.553 4.510 4.467 4.424 4.381 4.340 4.311 4.311 4.252 4.261 4.296 4.331 4.366 4.401 4.437 4.486 4.568 4.650 4.733 4.815 4.897 4.979 5.096 5.096 5.446 5.733 6.020 6.307 6.594 6.862 7.120 7.377 7.687 8.137 8.509 8.875 9.241 9.608 9.974 10.862 10.862 11.397 11.147 10.470
3.601 3.550 3.498 3.447 3.395 3.343 3.292 3.238 3.238 3.450 3.575 3.700 3.825 3.950 4.075 4.201 4.354 4.553 4.751 4.949 5.148 5.306 5.453 5.496 5.496 5.295 5.194 5.093 4.993 4.874 4.750 4.626 4.556 4.513 4.470 4.427 4.384 4.341 4.306 4.276 4.276 4.218 4.188 4.205 4.240 4.275 4.310 4.345 4.406 4.488 4.570 4.653 4.735 4.817 4.899 4.981 4.981 5.308 5.595 5.857 6.114 6.372 6.630 6.888 7.145 7.486 7.936 8.386 8.759 9.126 9.492 9.859 10.844 10.844 11.380 11.698 11.021
3.538 3.486 3.435 3.383 3.332 3.280 3.227 3.162 3.162 3.404 3.541 3.666 3.791 3.916 4.042 4.167 4.309 4.508 4.706 4.904 5.059 5.205 5.352 5.499 5.499 5.330 5.229 5.129 5.022 4.898 4.774 4.650 4.525 4.473 4.430 4.387 4.344 4.301 4.272 4.242 4.242 4.184 4.154 4.125 4.148 4.183 4.219 4.254 4.326 4.408 4.490 4.572 4.654 4.737 4.819 4.901 4.901 5.111 5.367 5.625 5.882 6.140 6.398 6.656 6.913 7.285 7.735 8.185 8.635 9.010 9.377 9.755 10.826 10.826 11.362 11.898 11.572
3.474 3.423 3.371 3.320 3.268 3.209 3.145 3.080 3.080 3.302 3.455 3.608 3.758 3.883 4.008 4.133 4.264 4.462 4.661 4.812 4.958 5.105 5.252 5.398 5.398 5.365 5.264 5.164 5.046 4.922 4.797 4.673 4.549 4.433 4.390 4.347 4.304 4.267 4.237 4.208 4.208 4.149 4.120 4.091 4.061 4.092 4.127 4.163 4.246 4.328 4.410 4.492 4.574 4.655 4.729 4.803 4.803 5.013 5.179 5.393 5.650 5.908 6.166 6.424 6.681 7.083 7.533 7.984 8.434 8.884 9.261 9.737 10.809 10.809 11.344 11.880 12.123
3.411 3.359 3.308 3.256 3.192 3.127 3.063 2.998 2.998 3.200 3.353 3.506 3.659 3.812 3.965 4.099 4.224 4.417 4.565 4.711 4.858 5.004 5.151 5.298 5.298 5.400 5.300 5.194 5.069 4.945 4.821 4.697 4.573 4.449 4.350 4.307 4.264 4.232 4.203 4.174 4.173 4.115 4.086 4.056 4.027 4.001 4.036 4.083 4.165 4.248 4.330 4.406 4.480 4.554 4.628 4.702 4.702 4.916 5.081 5.247 5.418 5.676 5.934 6.192 6.449 6.882 7.332 7.782 8.233 8.683 9.080 9.719 10.791 10.791 11.327 11.863 12.398
3.580 3.296 3.239 3.175 3.110 3.045 2.981 2.916 2.916 3.098 3.251 3.404 3.557 3.710 3.863 4.016 4.183 4.344 4.464 4.611 4.757 4.904 5.051 5.197 5.197 5.435 5.335 5.217 5.093 4.969 4.845 4.721 4.597 4.472 4.348 4.267 4.227 4.198 4.169 4.139 4.139 4.081 4.051 4.022 3.993 3.963 3.944 4.003 4.084 4.158 4.232 4.306 4.380 4.454 4.528 4.602 4.602 4.819 4.984 5.149 5.315 5.481 5.702 5.960 6.231 6.681 7.131 7.581 7.935 8.271 8.607 9.223 10.504 10.504 11.144 11.785 12.381
3.718 3.222 3.157 3.093 3.028 2.963 2.899 2.834 2.834 2.995 3.148 3.301 3.454 3.608 3.761 3.954 4.293 4.546 4.638 4.730 4.822 4.915 5.007 5.099 5.099 5.390 5.365 5.241 5.117 4.993 4.869 4.744 4.620 4.496 4.372 4.248 4.193 4.164 4.135 4.106 4.106 4.049 4.020 3.991 3.963 3.934 3.905 3.912 3.983 4.057 4.131 4.205 4.279 4.353 4.427 4.501 4.501 4.721 4.887 5.052 5.218 5.383 5.549 5.728 6.030 6.473 6.808 7.144 7.480 7.815 8.151 8.726 10.007 10.007 10.647 11.288 11.923
3.738 3.418 3.113 3.011 2.946 2.881 2.817 2.752 2.752 2.893 3.046 3.199 3.352 3.505 3.726 4.065 4.404 4.742 4.840 4.932 5.025 5.117 5.209 5.301 5.301 5.486 5.421 5.300 5.178 5.056 4.934 4.812 4.690 4.568 4.446 4.322 4.173 4.143 4.115 4.086 4.086 4.028 4.000 3.971 3.942 3.914 3.865 3.847 3.903 3.959 4.031 4.105 4.179 4.253 4.327 4.401 4.401 4.624 4.789 4.955 5.120 5.286 5.452 5.606 5.740 6.017 6.353 6.688 7.024 7.360 7.695 8.229 9.510 9.510 10.150 10.771 11.337
3.950 3.644 3.338 3.032 2.864 2.799 2.735 2.670 2.670 2.791 2.944 3.097 3.250 3.498 3.837 4.175 4.514 4.853 5.042 5.135 5.227 5.319 5.411 5.503 5.503 5.574 5.486 5.382 5.260 5.138 5.016 4.894 4.772 4.650 4.528 4.393 4.244 4.123 4.094 4.066 4.065 4.008 3.979 3.951 3.922 3.878 3.823 3.782 3.838 3.894 3.950 4.006 4.078 4.152 4.226 4.300 4.300 4.526 4.692 4.858 5.023 5.183 5.280 5.377 5.506 5.726 5.946 6.233 6.568 6.904 7.240 7.732 9.013 9.013 9.619 10.185 10.750
4.175 3.869 3.564 3.258 2.952 2.717 2.653 2.588 2.588 2.689 2.841 2.995 3.270 3.609 3.947 4.286 4.625 4.963 5.245 5.337 5.429 5.521 5.613 5.706 5.705 5.635 5.548 5.460 5.342 5.220 5.098 4.976 4.854 4.732 4.610 4.464 4.315 4.166 4.074 4.045 4.045 3.988 3.959 3.930 3.892 3.837 3.782 3.728 3.773 3.829 3.885 3.941 3.997 4.053 4.126 4.200 4.200 4.429 4.595 4.760 4.857 4.954 5.052 5.149 5.272 5.492 5.712 5.932 6.152 6.448 6.784 7.235 8.467 8.466 9.033 9.599 10.165
4.175 3.869 3.564 3.258 2.952 2.717 2.653 2.588 2.588 2.689 2.842 2.995 3.270 3.609 3.947 4.286 4.625 4.963 5.245 5.337 5.429 5.521 5.613 5.706 5.705 5.635 5.548 5.460 5.342 5.220 5.098 4.976 4.854 4.732 4.610 4.464 4.315 4.166 4.074 4.045 4.045 3.988 3.959 3.930 3.892 3.837 3.782 3.728 3.773 3.829 3.885 3.941 3.997 4.053 4.126 4.200 4.200 4.429 4.595 4.760 4.857 4.955 5.052 5.149 5.272 5.492 5.712 5.932 6.152 6.448 6.784 7.235 8.467 8.466 9.033 9.599 10.165
4.401 4.095 3.789 3.483 3.178 2.872 2.571 2.506 2.506 2.586 2.739 3.042 3.380 3.719 4.058 4.397 4.735 5.074 5.413 5.539 5.631 5.723 5.816 5.872 5.872 5.697 5.609 5.522 5.424 5.302 5.180 5.058 4.936 4.814 4.683 4.534 4.385 4.237 4.088 4.025 4.025 3.968 3.939 3.905 3.850 3.796 3.741 3.686 3.708 3.764 3.820 3.876 3.932 3.988 4.044 4.100 4.100 4.332 4.434 4.532 4.629 4.726 4.823 4.920 5.037 5.258 5.478 5.698 5.918 6.138 6.358 6.738 7.880 7.880 8.446 9.012 9.578
4.626 4.320 4.015 3.709 3.403 3.097 2.792 2.486 2.485 2.484 2.814 3.152 3.491 3.830 4.168 4.507 4.846 5.185 5.523 5.741 5.833 5.926 6.018 5.934 5.934 5.759 5.671 5.583 5.496 5.384 5.262 5.140 5.018 4.896 4.754 4.605 4.456 4.307 4.158 4.009 4.009 3.947 3.918 3.864 3.809 3.755 3.700 3.645 3.643 3.699 3.755 3.811 3.867 3.923 3.979 4.035 4.034 4.110 4.206 4.303 4.400 4.497 4.594 4.691 4.803 5.023 5.243 5.463 5.683 5.904 6.105 6.319 7.294 7.294 7.860 8.426 8.992
5.030 4.673 4.316 3.958 3.601 3.244 2.886 2.529 2.528 2.335 2.739 3.144 3.549 3.954 4.359 4.728 5.067 5.406 5.744 6.083 6.238 6.232 6.144 6.057 6.057 5.882 5.794 5.706 5.619 5.531 5.426 5.304 5.182 5.044 4.895 4.746 4.597 4.449 4.300 4.151 4.150 3.891 3.836 3.781 3.727 3.672 3.617 3.563 3.512 3.568 3.624 3.680 3.736 3.778 3.804 3.830 3.830 3.890 3.930 3.970 4.009 4.049 4.136 4.234 4.334 4.554 4.774 4.961 5.132 5.303 5.474 5.646 6.572 6.572 7.037 7.502 7.968
