includes/camargue/floodfiles/results_R2_t1.562343928288E12/res-0002.wd
ncols         906
nrows         631
xllcorner     362177.146667
yllcorner     6534725.688020
cellsize      20.000000
NODATA_value  -9999.000000
[rows 510 to 543 of 631, columns 308 to 384 of 906]
2.623 2.622 2.620 2.619 2.602 2.585 2.585 2.549 2.528 2.494 2.459 2.425 2.391 2.356 2.322 2.288 2.253 2.219 1.857 1.777 1.727 1.767 1.767 2.071 1.767 1.757 1.837 1.627 1.776 1.716 1.566 1.756 1.597 1.487 1.667 1.837 1.768 1.638 1.618 1.618 1.739 1.699 1.609 1.590 1.600 1.760 1.721 2.064 1.861 1.732 1.652 1.702 1.553 1.693 1.693 1.693 1.703 1.693 1.673 1.714 1.634 1.624 1.664 1.854 1.664 1.645 1.645 1.755 1.645 1.715 1.625 1.625 1.735 1.636 1.616 1.686 1.706
2.689 2.687 2.686 2.684 2.675 2.658 2.658 2.605 2.571 2.537 2.502 2.468 2.434 2.399 2.365 2.331 2.296 2.262 1.737 1.647 1.667 1.857 1.857 1.767 1.837 1.827 1.847 1.687 1.877 1.757 1.817 1.767 1.577 1.727 1.857 1.838 1.638 1.618 1.639 1.639 1.769 1.779 1.659 1.760 1.690 1.770 1.641 1.761 1.722 1.692 1.712 1.682 1.763 1.723 1.703 1.703 1.693 1.713 1.694 1.804 1.844 1.754 2.100 1.854 1.825 1.775 1.805 1.805 1.755 1.805 1.715 1.716 1.676 1.836 1.696 1.706 1.647
2.853 2.778 2.719 2.717 2.712 2.695 2.695 2.627 2.593 2.558 2.524 2.490 2.456 2.421 2.387 2.352 2.318 2.284 1.788 1.798 1.658 1.718 1.717 1.707 1.777 1.737 1.587 1.727 1.837 1.717 1.857 1.667 1.607 1.838 1.748 1.698 1.618 1.829 1.799 1.799 1.759 1.750 1.750 1.810 1.760 1.681 1.651 1.841 1.832 1.712 1.672 1.732 1.723 1.793 1.733 1.733 1.703 2.214 1.784 1.854 1.764 2.224 1.864 2.230 2.233 1.805 1.795 1.885 1.855 1.876 1.746 1.746 1.696 1.786 1.756 1.727 1.677
3.039 2.964 2.888 2.813 2.748 2.717 2.717 2.649 2.614 2.580 2.546 2.512 2.477 2.443 2.409 2.374 2.340 1.848 1.788 1.668 1.728 1.698 1.698 1.658 1.838 1.668 1.798 1.788 1.757 1.717 1.647 1.818 1.758 1.758 1.728 1.808 1.729 1.749 1.669 1.669 2.177 1.760 1.870 1.790 1.801 2.192 1.731 1.861 2.215 1.802 1.762 1.753 1.693 2.243 1.883 1.883 1.854 2.254 1.874 1.854 1.854 1.855 1.885 1.885 2.273 2.274 1.826 2.262 1.786 2.247 1.886 1.886 1.886 2.222 1.747 1.797 1.857
3.225 3.149 3.074 2.990 2.896 2.807 2.807 2.710 2.661 2.612 2.568 2.533 2.499 2.465 2.431 2.396 2.362 2.327 1.778 1.838 1.838 1.858 1.858 1.718 1.708 1.788 1.698 1.848 1.688 1.848 1.728 2.169 1.838 2.180 1.878 1.799 1.719 1.579 1.700 1.700 1.730 1.700 1.820 1.731 1.711 2.229 1.821 2.245 1.792 1.842 1.783 1.823 1.793 1.833 2.288 2.288 1.874 2.293 1.864 1.814 2.302 2.304 2.307 1.875 1.876 2.309 1.866 2.298 1.856 2.282 1.876 1.876 2.259 1.847 1.837 2.240 1.857
3.411 3.326 3.239 3.152 3.047 2.926 2.926 2.822 2.773 2.725 2.676 2.628 2.579 2.531 2.482 2.434 2.385 2.349 2.315 2.280 1.779 1.748 1.748 1.768 1.628 1.638 1.688 1.828 1.868 1.818 1.868 1.738 1.858 2.213 1.769 1.859 1.779 1.630 1.770 1.770 1.870 1.801 1.711 2.253 2.260 1.781 1.862 2.283 2.291 2.299 2.307 1.813 1.833 1.873 1.854 1.854 2.331 1.884 2.336 1.854 2.342 2.344 2.347 2.348 2.346 2.343 2.341 2.334 2.326 2.318 1.817 1.817 1.877 2.286 1.867 2.271 1.858
3.575 3.488 3.401 3.314 3.199 3.078 3.078 2.934 2.886 2.837 2.788 2.740 2.691 2.643 2.594 2.546 2.497 2.449 2.400 2.351 1.809 2.254 2.254 1.659 1.739 1.679 1.869 1.859 1.819 1.859 2.229 1.879 1.779 2.246 1.749 1.830 1.760 2.268 2.275 2.275 1.841 1.841 2.284 1.841 1.791 2.306 2.314 2.322 2.330 2.337 2.345 1.873 2.360 2.363 2.368 2.368 2.371 1.864 2.376 2.379 2.381 2.384 2.386 2.383 2.381 2.378 2.375 2.370 2.362 1.887 2.338 2.339 2.331 2.323 2.315 2.307 2.299
3.737 3.650 3.563 3.472 3.351 3.229 3.229 3.046 2.998 2.949 2.901 2.852 2.804 2.755 2.707 2.658 2.610 2.561 2.512 2.464 2.415 1.859 1.859 1.659 1.679 1.709 1.859 2.247 1.819 2.257 2.263 1.819 2.274 1.740 1.800 2.290 2.296 2.301 2.309 2.309 2.312 2.315 1.841 2.329 1.812 1.832 2.352 1.832 2.368 1.883 2.384 2.391 2.399 2.403 2.408 2.408 2.411 2.413 2.416 2.419 2.421 2.423 2.420 2.418 2.415 2.413 2.410 2.406 2.398 2.391 2.375 2.375 2.367 2.359 2.351 2.343 2.335
3.899 3.812 3.725 3.623 3.502 3.381 3.381 3.159 3.110 3.062 3.013 2.965 2.916 2.867 2.819 2.770 2.722 2.673 2.625 2.576 2.528 1.870 1.870 1.769 1.819 1.790 1.839 1.759 1.699 1.720 1.750 2.302 1.820 2.312 1.840 1.861 2.329 2.335 1.781 1.781 2.346 2.352 2.360 1.872 1.842 2.383 1.843 2.399 2.406 2.414 2.422 2.430 2.437 2.443 2.448 2.448 2.451 2.453 2.456 2.459 2.460 2.458 2.455 2.453 2.450 2.447 2.445 2.442 2.435 2.427 2.411 2.411 2.403 2.395 2.387 2.379 2.371
4.061 3.974 3.887 3.775 3.654 3.532 3.532 3.290 3.222 3.174 3.125 3.077 3.028 2.980 2.931 2.883 2.834 2.785 2.737 2.688 2.640 2.556 2.556 1.770 1.820 1.710 1.800 1.870 1.800 1.780 2.356 2.356 2.357 2.357 2.358 2.359 2.362 2.368 1.832 1.832 2.383 1.802 2.398 2.406 2.414 2.422 2.429 2.437 2.445 2.453 2.460 2.468 2.476 2.483 2.488 2.488 2.490 2.493 2.496 2.497 2.495 2.492 2.490 2.487 2.485 2.482 2.480 2.477 2.471 2.463 2.447 2.447 2.439 2.431 2.423 2.416 2.408
4.223 4.136 4.047 3.926 3.805 3.684 3.684 3.442 3.335 3.286 3.238 3.189 3.140 3.092 3.043 2.995 2.946 2.898 2.849 2.801 2.725 2.642 2.642 1.790 1.760 1.800 1.840 1.780 2.410 2.410 2.411 2.411 2.411 2.412 1.881 2.413 2.414 2.414 2.413 2.413 2.422 2.429 2.437 2.445 2.452 2.460 2.468 2.476 2.483 2.491 2.499 2.507 2.514 2.522 2.528 2.528 2.530 2.533 2.534 2.532 2.529 2.527 2.524 2.522 2.519 2.517 2.514 2.512 2.507 2.499 2.483 2.483 2.475 2.468 2.460 2.452 2.444
4.385 4.298 4.199 4.078 3.957 3.835 3.836 3.593 3.472 3.399 3.350 3.301 3.253 3.204 3.155 3.107 3.058 3.010 2.962 2.894 2.811 2.728 2.728 2.562 2.478 1.861 1.671 2.464 2.464 2.465 2.465 2.466 2.466 1.851 2.467 2.468 2.468 1.882 2.447 2.447 2.455 2.464 2.473 1.883 2.491 2.499 2.506 2.514 2.522 2.529 2.537 2.545 2.553 2.560 2.568 2.568 2.570 2.572 2.569 2.567 2.564 2.562 2.559 2.557 2.554 2.552 2.549 2.547 2.543 2.535 2.519 2.519 2.511 2.504 2.496 2.488 2.480
4.547 4.460 4.350 4.229 4.108 3.987 3.987 3.745 3.624 3.511 3.462 3.413 3.365 3.316 3.268 3.219 3.171 3.122 3.063 2.980 2.897 2.814 2.814 2.647 2.564 1.851 2.518 2.519 2.519 2.520 2.520 2.520 1.811 2.521 2.522 2.522 2.523 2.517 2.488 2.488 2.489 2.498 2.507 2.516 2.525 2.533 2.542 2.551 2.560 2.568 2.576 2.583 2.591 2.599 2.607 2.607 2.609 2.607 2.604 2.602 2.599 2.597 2.594 2.591 2.589 2.587 2.584 2.582 2.579 2.571 2.555 2.556 2.548 2.540 2.532 2.524 2.517
4.709 4.622 4.502 4.381 4.260 4.139 4.139 3.896 3.775 3.654 3.574 3.526 3.477 3.429 3.380 3.332 3.283 3.232 3.149 3.066 2.983 2.900 2.900 2.733 2.650 2.573 2.573 2.573 2.574 2.574 2.575 2.575 2.576 2.576 2.576 2.577 2.573 2.559 2.529 2.529 2.522 2.531 2.540 2.549 2.558 2.567 2.576 2.585 2.594 2.603 2.612 2.621 2.629 2.637 2.646 2.647 2.644 2.641 2.639 2.636 2.634 2.631 2.629 2.626 2.624 2.621 2.619 2.616 2.614 2.608 2.592 2.592 2.584 2.576 2.568 2.562 2.556
4.709 4.622 4.502 4.381 4.260 4.139 4.139 3.897 3.776 3.655 3.575 3.526 3.477 3.429 3.380 3.332 3.283 3.233 3.149 3.066 2.983 2.900 2.900 2.734 2.650 2.573 2.574 2.574 2.574 2.575 2.575 2.575 2.576 2.576 2.577 2.577 2.574 2.559 2.529 2.529 2.522 2.531 2.540 2.549 2.558 2.567 2.576 2.585 2.594 2.603 2.612 2.621 2.629 2.637 2.647 2.647 2.644 2.642 2.639 2.637 2.634 2.632 2.629 2.627 2.624 2.622 2.619 2.617 2.614 2.608 2.592 2.592 2.584 2.576 2.568 2.562 2.556
4.871 4.775 4.654 4.533 4.412 4.290 4.291 4.048 3.927 3.806 3.687 3.638 3.590 3.541 3.493 3.444 3.396 3.318 3.235 3.152 3.069 2.986 2.986 2.819 2.736 2.653 2.628 2.629 2.629 2.629 2.630 2.630 2.631 2.631 2.631 2.630 2.615 2.600 2.571 2.571 2.556 2.565 2.573 2.582 2.591 2.600 2.609 2.618 2.627 2.636 2.645 2.654 2.663 2.672 2.678 2.679 2.679 2.677 2.674 2.672 2.669 2.666 2.664 2.662 2.659 2.657 2.654 2.652 2.649 2.644 2.628 2.628 2.620 2.612 2.606 2.600 2.594
5.033 4.927 4.805 4.684 4.563 4.442 4.442 4.200 4.079 3.958 3.836 3.751 3.702 3.653 3.605 3.556 3.487 3.404 3.321 3.238 3.155 3.072 3.072 2.905 2.822 2.739 2.683 2.683 2.684 2.684 2.685 2.685 2.685 2.686 2.686 2.671 2.656 2.641 2.612 2.612 2.597 2.598 2.607 2.616 2.625 2.634 2.643 2.652 2.661 2.669 2.678 2.687 2.696 2.704 2.699 2.699 2.700 2.702 2.703 2.705 2.704 2.701 2.699 2.696 2.694 2.691 2.689 2.686 2.684 2.680 2.664 2.664 2.656 2.650 2.644 2.639 2.633
5.351 5.229 5.108 4.987 4.866 4.745 4.745 4.503 4.382 4.261 4.139 4.018 3.926 3.878 3.825 3.742 3.658 3.575 3.492 3.409 3.326 3.243 3.243 3.077 2.993 2.910 2.827 2.792 2.793 2.793 2.794 2.794 2.794 2.783 2.768 2.753 2.738 2.724 2.694 2.694 2.679 2.665 2.673 2.682 2.691 2.700 2.709 2.718 2.727 2.736 2.745 2.754 2.751 2.747 2.740 2.741 2.741 2.742 2.744 2.745 2.746 2.748 2.749 2.750 2.752 2.753 2.755 2.756 2.753 2.751 2.738 2.738 2.733 2.727 2.721 2.715 2.710
5.489 5.370 5.252 5.133 5.014 4.896 4.896 4.654 4.533 4.412 4.291 4.170 4.049 3.990 3.910 3.827 3.744 3.661 3.578 3.495 3.412 3.329 3.329 3.162 3.079 2.996 2.913 2.847 2.847 2.848 2.848 2.849 2.839 2.825 2.810 2.795 2.780 2.765 2.735 2.736 2.721 2.706 2.706 2.715 2.724 2.733 2.742 2.751 2.760 2.769 2.778 2.776 2.773 2.769 2.762 2.762 2.761 2.763 2.764 2.765 2.767 2.768 2.769 2.771 2.772 2.773 2.775 2.776 2.778 2.779 2.777 2.777 2.771 2.765 2.760 2.754 2.748
5.601 5.498 5.380 5.261 5.142 5.023 5.024 4.786 4.667 4.549 4.430 4.311 4.193 4.073 3.996 3.913 3.830 3.747 3.664 3.581 3.498 3.414 3.415 3.248 3.165 3.082 2.999 2.916 2.902 2.902 2.903 2.896 2.881 2.866 2.851 2.836 2.821 2.806 2.777 2.777 2.762 2.747 2.740 2.749 2.758 2.767 2.776 2.785 2.794 2.803 2.802 2.798 2.795 2.791 2.784 2.784 2.782 2.783 2.784 2.786 2.787 2.788 2.790 2.791 2.792 2.794 2.795 2.797 2.798 2.799 2.800 2.800 2.800 2.800 2.798 2.792 2.787
5.679 5.626 5.507 5.389 5.270 5.151 5.151 4.914 4.795 4.677 4.558 4.439 4.293 4.120 4.044 3.968 3.892 3.816 3.740 3.664 3.583 3.500 3.500 3.334 3.251 3.168 3.084 3.001 2.957 2.957 2.952 2.937 2.922 2.907 2.892 2.878 2.863 2.848 2.818 2.818 2.803 2.789 2.774 2.782 2.791 2.800 2.809 2.818 2.827 2.827 2.823 2.820 2.816 2.813 2.806 2.806 2.803 2.803 2.805 2.806 2.807 2.809 2.810 2.811 2.813 2.814 2.815 2.817 2.818 2.820 2.821 2.821 2.821 2.821 2.821 2.820 2.820
5.757 5.754 5.635 5.516 5.398 5.279 5.279 5.042 4.923 4.804 4.686 4.549 4.376 4.203 4.092 4.016 3.940 3.864 3.788 3.712 3.636 3.560 3.560 3.408 3.332 3.253 3.170 3.087 3.011 3.008 2.993 2.978 2.964 2.949 2.934 2.919 2.904 2.889 2.860 2.860 2.845 2.830 2.815 2.816 2.824 2.833 2.842 2.851 2.852 2.849 2.845 2.842 2.838 2.835 2.828 2.828 2.824 2.824 2.825 2.826 2.828 2.829 2.830 2.832 2.833 2.834 2.836 2.837 2.839 2.841 2.842 2.843 2.842 2.842 2.842 2.842 2.841
5.836 5.881 5.763 5.644 5.525 5.407 5.407 5.169 5.051 4.932 4.805 4.632 4.459 4.286 4.140 4.064 3.988 3.912 3.836 3.760 3.684 3.608 3.608 3.456 3.380 3.304 3.228 3.152 3.098 3.087 3.034 3.020 3.005 2.990 2.975 2.960 2.946 2.931 2.901 2.901 2.886 2.871 2.857 2.849 2.858 2.867 2.876 2.877 2.874 2.870 2.867 2.863 2.860 2.857 2.849 2.850 2.846 2.844 2.845 2.847 2.848 2.849 2.851 2.852 2.853 2.855 2.856 2.858 2.860 2.861 2.863 2.864 2.863 2.863 2.863 2.863 2.862
5.914 5.990 5.890 5.772 5.653 5.534 5.535 5.297 5.178 5.060 4.888 4.715 4.542 4.369 4.196 4.111 4.035 3.959 3.883 3.807 3.731 3.656 3.656 3.504 3.428 3.352 3.276 3.200 3.308 3.367 3.302 3.238 3.173 3.108 3.043 3.002 2.987 2.972 2.942 2.942 2.927 2.913 2.898 2.883 2.891 2.900 2.902 2.899 2.895 2.892 2.889 2.885 2.882 2.878 2.871 2.871 2.868 2.865 2.866 2.867 2.868 2.870 2.871 2.872 2.874 2.875 2.877 2.879 2.880 2.882 2.885 2.885 2.885 2.884 2.884 2.884 2.883
5.992 6.068 6.018 5.900 5.781 5.662 5.662 5.425 5.306 5.143 4.971 4.798 4.625 4.452 4.279 4.159 4.083 4.007 3.931 3.855 3.779 3.703 3.703 3.551 3.476 3.400 3.324 3.396 3.518 3.639 3.582 3.518 3.453 3.388 3.323 3.259 3.194 3.129 3.000 3.000 2.969 2.954 2.939 2.925 2.925 2.928 2.924 2.921 2.917 2.914 2.910 2.907 2.904 2.900 2.893 2.893 2.890 2.886 2.886 2.887 2.889 2.890 2.892 2.893 2.894 2.896 2.898 2.899 2.901 2.902 2.905 2.906 2.906 2.905 2.905 2.905 2.904
6.070 6.146 6.146 6.027 5.909 5.790 5.790 5.553 5.399 5.226 5.054 4.881 4.708 4.535 4.362 4.207 4.131 4.055 3.979 3.903 3.827 3.751 3.751 3.599 3.523 3.447 3.484 3.606 3.728 3.849 3.862 3.798 3.733 3.668 3.603 3.539 3.474 3.409 3.280 3.280 3.215 3.150 3.085 3.021 2.953 2.950 2.946 2.942 2.939 2.936 2.932 2.929 2.925 2.922 2.915 2.915 2.912 2.908 2.906 2.908 2.909 2.910 2.912 2.913 2.915 2.917 2.918 2.920 2.921 2.923 2.926 2.926 2.927 2.926 2.926 2.926 2.925
6.148 6.224 6.274 6.155 6.036 5.918 5.918 5.655 5.482 5.309 5.136 4.964 4.791 4.618 4.445 4.272 4.178 4.102 4.026 3.950 3.874 3.799 3.799 3.647 3.571 3.572 3.694 3.816 3.937 4.059 4.142 4.077 4.013 3.948 3.883 3.819 3.754 3.689 3.560 3.560 3.495 3.430 3.365 3.261 3.025 2.999 2.987 2.974 2.962 2.957 2.954 2.950 2.947 2.944 2.937 2.937 2.933 2.930 2.927 2.928 2.929 2.931 2.932 2.934 2.935 2.937 2.939 2.940 2.942 2.943 2.947 2.947 2.948 2.947 2.947 2.947 2.946
6.226 6.303 6.379 6.283 6.164 6.045 6.045 5.738 5.565 5.392 5.219 5.047 4.874 4.701 4.528 4.355 4.226 4.150 4.074 3.998 3.922 3.846 3.846 3.695 3.660 3.782 3.904 4.026 4.147 4.269 4.391 4.357 4.293 4.228 4.163 4.099 4.034 3.969 3.839 3.839 3.775 3.710 3.634 3.397 3.160 3.056 3.044 3.032 3.020 3.008 2.996 2.984 2.972 2.965 2.958 2.959 2.955 2.952 2.948 2.948 2.950 2.951 2.953 2.954 2.956 2.958 2.959 2.961 2.962 2.964 2.967 2.967 2.969 2.968 2.968 2.968 2.967
6.305 6.381 6.457 6.410 6.292 6.166 6.166 5.821 5.648 5.475 5.302 5.129 4.957 4.784 4.611 4.438 4.274 4.198 4.122 4.046 3.970 3.894 3.894 3.748 3.870 3.992 4.114 4.235 4.357 4.479 4.600 4.637 4.573 4.508 4.443 4.378 4.314 4.249 4.119 4.119 4.055 3.990 3.769 3.532 3.295 3.113 3.101 3.089 3.077 3.065 3.053 3.041 3.029 3.017 2.993 2.993 2.981 2.973 2.970 2.969 2.970 2.972 2.973 2.975 2.977 2.978 2.980 2.981 2.983 2.985 2.988 2.988 2.989 2.989 2.989 2.989 2.988
6.383 6.459 6.535 6.538 6.419 6.249 6.249 5.903 5.731 5.558 5.385 5.212 5.040 4.867 4.694 4.521 4.348 4.245 4.169 4.093 4.017 3.942 3.942 3.958 4.080 4.202 4.323 4.445 4.567 4.689 4.810 4.917 4.853 4.788 4.723 4.658 4.593 4.529 4.399 4.399 4.335 4.141 3.904 3.667 3.430 3.194 3.158 3.146 3.134 3.122 3.110 3.098 3.086 3.074 3.050 3.050 3.038 3.026 3.014 2.999 2.993 2.992 2.994 2.996 2.997 2.999 3.000 3.002 3.004 3.005 3.008 3.008 3.010 3.010 3.010 3.010 3.009
6.383 6.459 6.536 6.538 6.420 6.249 6.249 5.904 5.731 5.558 5.385 5.213 5.040 4.867 4.694 4.522 4.349 4.246 4.170 4.094 4.018 3.942 3.942 3.958 4.080 4.202 4.324 4.445 4.567 4.689 4.810 4.918 4.853 4.788 4.723 4.658 4.594 4.529 4.399 4.400 4.335 4.141 3.904 3.668 3.431 3.194 3.159 3.147 3.135 3.123 3.111 3.098 3.087 3.075 3.051 3.051 3.039 3.027 3.015 2.999 2.993 2.993 2.994 2.996 2.997 2.999 3.001 3.002 3.004 3.005 3.008 3.008 3.010 3.011 3.010 3.010 3.010
6.578 6.602 6.625 6.666 6.505 6.332 6.332 5.987 5.814 5.641 5.468 5.295 5.123 4.950 4.777 4.604 4.432 4.293 4.217 4.141 4.066 3.990 3.990 4.168 4.290 4.412 4.533 4.655 4.777 4.898 5.020 5.142 5.133 5.068 5.003 4.938 4.874 4.809 4.679 4.679 4.513 4.277 4.040 3.803 3.566 3.329 3.216 3.204 3.192 3.180 3.168 3.156 3.144 3.132 3.108 3.108 3.096 3.084 3.066 3.045 3.039 3.033 3.028 3.022 3.018 3.020 3.021 3.023 3.024 3.026 3.029 3.029 3.031 3.032 3.031 3.031 3.031
6.781 6.805 6.828 6.741 6.581 6.412 6.412 6.069 5.897 5.724 5.551 5.378 5.206 5.033 4.860 4.687 4.515 4.342 4.265 4.189 4.113 4.134 4.135 4.378 4.500 4.621 4.743 4.865 4.986 5.108 5.230 5.351 5.412 5.348 5.283 5.218 5.153 5.089 4.885 4.885 4.649 4.412 4.175 3.938 3.701 3.464 3.273 3.261 3.249 3.237 3.225 3.213 3.201 3.189 3.165 3.165 3.153 3.136 3.115 3.095 3.084 3.078 3.073 3.067 3.062 3.057 3.051 3.046 3.045 3.047 3.050 3.050 3.051 3.053 3.052 3.052 3.051
7.137 7.039 6.940 6.842 6.714 6.545 6.545 6.207 6.038 5.869 5.700 5.532 5.363 5.194 5.025 4.853 4.680 4.508 4.360 4.310 4.432 4.554 4.554 4.797 4.919 5.041 5.162 5.284 5.406 5.527 5.649 5.771 5.892 5.907 5.842 5.777 5.713 5.629 5.156 5.156 4.919 4.682 4.445 4.208 3.971 3.734 3.498 3.376 3.364 3.352 3.340 3.328 3.315 3.303 3.275 3.275 3.255 3.234 3.213 3.193 3.173 3.168 3.162 3.157 3.152 3.146 3.141 3.136 3.130 3.125 3.114 3.114 3.109 3.104 3.097 3.091 3.089
