includes/camargue/floodfiles/results_R2_t1.562343928288E12/res-0003.wd
ncols         906
nrows         631
xllcorner     362177.146667
yllcorner     6534725.688020
cellsize      20.000000
NODATA_value  -9999.000000
[rows 544 to 577 of 631, columns 616 to 692 of 906]
6.585 6.652 6.718 6.784 6.917 6.917 6.983 7.050 7.116 7.182 7.240 7.288 7.336 7.385 7.434 7.483 7.531 7.580 7.629 7.678 7.775 7.775 7.824 7.889 7.959 8.028 8.098 8.168 8.238 8.308 8.377 8.449 8.526 8.604 8.681 8.759 8.916 8.917 8.995 9.074 9.152 9.220 9.288 9.355 9.423 9.491 9.558 9.608 9.617 9.627 9.636 9.645 9.672 9.672 9.690 9.708 9.726 9.745 9.763 9.781 9.801 9.832 9.862 9.892 9.922 9.952 10.069 10.228 10.388 10.388 10.707 10.867 11.026 11.186 11.335 11.471 11.607
6.687 6.753 6.820 6.886 7.019 7.019 7.085 7.151 7.218 7.286 7.359 7.411 7.462 7.511 7.560 7.608 7.657 7.706 7.755 7.803 7.901 7.901 7.950 8.013 8.082 8.152 8.222 8.292 8.362 8.431 8.506 8.583 8.660 8.737 8.815 8.893 9.050 9.050 9.129 9.208 9.287 9.365 9.444 9.513 9.581 9.649 9.716 9.770 9.780 9.789 9.798 9.813 9.849 9.849 9.867 9.885 9.903 9.921 9.939 9.957 9.980 10.010 10.040 10.070 10.100 10.130 10.160 10.288 10.447 10.448 10.767 10.926 11.086 11.246 11.385 11.521 11.657
6.789 6.855 6.921 6.988 7.120 7.120 7.187 7.253 7.324 7.401 7.476 7.528 7.581 7.633 7.685 7.734 7.783 7.832 7.880 7.929 8.027 8.027 8.075 8.136 8.206 8.276 8.346 8.416 8.485 8.563 8.640 8.717 8.794 8.871 8.949 9.026 9.184 9.184 9.263 9.342 9.420 9.499 9.578 9.657 9.735 9.807 9.874 9.933 9.942 9.953 9.971 9.989 10.025 10.025 10.043 10.061 10.080 10.098 10.116 10.134 10.158 10.188 10.218 10.248 10.278 10.308 10.339 10.369 10.507 10.507 10.826 10.986 11.146 11.298 11.434 11.570 11.707
6.890 6.957 7.023 7.090 7.222 7.222 7.289 7.363 7.439 7.515 7.591 7.646 7.698 7.750 7.803 7.855 7.908 7.957 8.006 8.055 8.152 8.152 8.201 8.260 8.330 8.400 8.469 8.542 8.619 8.697 8.774 8.851 8.928 9.005 9.083 9.160 9.318 9.318 9.397 9.475 9.554 9.633 9.712 9.790 9.869 9.948 10.027 10.095 10.111 10.129 10.147 10.166 10.202 10.202 10.220 10.238 10.256 10.274 10.292 10.310 10.336 10.366 10.396 10.426 10.457 10.487 10.517 10.547 10.577 10.577 10.886 11.045 11.205 11.348 11.484 11.620 11.756
6.992 7.059 7.125 7.191 7.325 7.325 7.401 7.477 7.554 7.630 7.706 7.763 7.815 7.868 7.920 7.972 8.025 8.077 8.130 8.180 8.278 8.278 8.327 8.384 8.454 8.523 8.599 8.676 8.753 8.830 8.908 8.985 9.062 9.139 9.217 9.294 9.451 9.452 9.530 9.609 9.688 9.767 9.845 9.924 10.003 10.082 10.158 10.225 10.278 10.306 10.324 10.342 10.378 10.378 10.396 10.414 10.432 10.450 10.469 10.487 10.514 10.545 10.575 10.605 10.635 10.665 10.695 10.725 10.755 10.755 10.945 11.105 11.261 11.397 11.533 11.670 11.806
7.094 7.160 7.227 7.293 7.440 7.440 7.516 7.592 7.668 7.744 7.820 7.880 7.932 7.985 8.037 8.090 8.142 8.194 8.247 8.299 8.403 8.404 8.452 8.508 8.578 8.655 8.733 8.810 8.887 8.964 9.042 9.119 9.196 9.273 9.350 9.428 9.585 9.585 9.664 9.743 9.822 9.900 9.979 10.058 10.137 10.208 10.276 10.344 10.397 10.450 10.500 10.518 10.554 10.555 10.573 10.591 10.609 10.627 10.645 10.663 10.693 10.723 10.753 10.783 10.813 10.843 10.873 10.903 10.933 10.934 11.005 11.165 11.311 11.447 11.583 11.719 11.855
7.196 7.262 7.328 7.402 7.554 7.554 7.631 7.707 7.783 7.859 7.935 7.997 8.049 8.102 8.154 8.207 8.259 8.311 8.364 8.416 8.521 8.521 8.574 8.635 8.712 8.789 8.867 8.944 9.021 9.098 9.176 9.253 9.330 9.407 9.484 9.562 9.719 9.719 9.798 9.877 9.955 10.034 10.113 10.190 10.258 10.326 10.395 10.462 10.516 10.569 10.622 10.675 10.731 10.731 10.749 10.767 10.785 10.803 10.821 10.841 10.871 10.901 10.931 10.961 10.991 11.021 11.051 11.082 11.112 11.112 11.172 11.224 11.360 11.490 11.621 11.751 11.882
7.298 7.365 7.441 7.517 7.669 7.669 7.745 7.821 7.897 7.973 8.049 8.114 8.167 8.219 8.271 8.324 8.376 8.429 8.481 8.533 8.638 8.638 8.703 8.771 8.847 8.924 9.001 9.078 9.155 9.232 9.309 9.387 9.464 9.541 9.618 9.695 9.853 9.853 9.932 10.010 10.089 10.168 10.240 10.309 10.377 10.445 10.513 10.581 10.634 10.687 10.740 10.794 10.900 10.900 10.925 10.944 10.962 10.980 10.998 11.019 11.049 11.079 11.109 11.139 11.169 11.200 11.230 11.260 11.290 11.290 11.317 11.328 11.372 11.503 11.633 11.764 11.894
7.403 7.479 7.555 7.631 7.784 7.784 7.860 7.936 8.012 8.088 8.164 8.231 8.284 8.336 8.389 8.441 8.493 8.546 8.598 8.651 8.772 8.772 8.839 8.907 8.983 9.060 9.136 9.212 9.289 9.366 9.443 9.521 9.598 9.675 9.752 9.829 9.987 9.987 10.065 10.144 10.222 10.291 10.359 10.427 10.495 10.563 10.632 10.700 10.753 10.806 10.859 10.912 11.018 11.019 11.072 11.120 11.138 11.156 11.174 11.197 11.227 11.257 11.288 11.318 11.348 11.377 11.389 11.402 11.414 11.414 11.438 11.448 11.456 11.515 11.646 11.776 11.907
7.518 7.594 7.670 7.746 7.898 7.898 7.974 8.050 8.126 8.202 8.278 8.348 8.401 8.453 8.506 8.558 8.610 8.663 8.715 8.774 8.909 8.909 8.976 9.044 9.119 9.195 9.272 9.348 9.425 9.501 9.577 9.654 9.732 9.809 9.886 9.963 10.120 10.120 10.199 10.273 10.341 10.409 10.477 10.546 10.614 10.682 10.750 10.818 10.872 10.925 10.978 11.031 11.137 11.137 11.190 11.243 11.297 11.333 11.351 11.375 11.406 11.436 11.461 11.474 11.486 11.498 11.510 11.522 11.534 11.535 11.559 11.567 11.575 11.583 11.658 11.789 11.919
7.632 7.708 7.784 7.861 8.013 8.013 8.089 8.165 8.241 8.317 8.393 8.465 8.518 8.570 8.623 8.675 8.728 8.780 8.843 8.910 9.045 9.046 9.113 9.181 9.255 9.331 9.408 9.484 9.560 9.637 9.713 9.790 9.866 9.943 10.020 10.097 10.254 10.254 10.323 10.391 10.459 10.528 10.596 10.664 10.732 10.800 10.869 10.937 10.991 11.044 11.097 11.150 11.256 11.256 11.309 11.362 11.415 11.468 11.522 11.545 11.558 11.570 11.582 11.594 11.606 11.619 11.631 11.643 11.655 11.655 11.679 11.687 11.695 11.703 11.711 11.801 11.932
7.771 7.837 7.904 7.975 8.127 8.127 8.203 8.279 8.355 8.431 8.507 8.583 8.635 8.687 8.740 8.792 8.845 8.912 8.980 9.047 9.182 9.182 9.250 9.317 9.391 9.467 9.543 9.620 9.696 9.773 9.849 9.925 10.002 10.078 10.155 10.231 10.373 10.373 10.442 10.510 10.578 10.646 10.714 10.783 10.851 10.919 10.987 11.055 11.110 11.163 11.216 11.269 11.375 11.375 11.428 11.481 11.534 11.586 11.636 11.663 11.678 11.690 11.703 11.715 11.727 11.739 11.751 11.764 11.776 11.776 11.798 11.806 11.814 11.822 11.830 11.838 11.945
7.771 7.838 7.904 7.975 8.127 8.127 8.203 8.279 8.355 8.432 8.508 8.583 8.635 8.688 8.740 8.793 8.845 8.912 8.980 9.047 9.182 9.183 9.250 9.318 9.391 9.467 9.544 9.620 9.696 9.773 9.849 9.926 10.002 10.078 10.155 10.231 10.373 10.373 10.442 10.510 10.578 10.646 10.715 10.783 10.851 10.919 10.987 11.056 11.110 11.163 11.216 11.269 11.375 11.375 11.428 11.481 11.534 11.586 11.636 11.664 11.679 11.691 11.703 11.715 11.727 11.739 11.752 11.764 11.776 11.776 11.798 11.806 11.814 11.822 11.830 11.838 11.945
7.910 7.976 8.043 8.109 8.242 8.242 8.318 8.394 8.470 8.546 8.622 8.698 8.752 8.805 8.857 8.914 8.982 9.049 9.117 9.184 9.319 9.319 9.387 9.454 9.527 9.603 9.679 9.756 9.832 9.909 9.985 10.061 10.138 10.214 10.290 10.355 10.491 10.491 10.560 10.628 10.697 10.765 10.833 10.901 10.969 11.038 11.106 11.174 11.229 11.282 11.335 11.388 11.494 11.494 11.547 11.600 11.650 11.699 11.749 11.773 11.796 11.811 11.824 11.836 11.848 11.860 11.872 11.884 11.897 11.897 11.918 11.926 11.934 11.942 11.950 11.958 11.966
8.049 8.115 8.182 8.248 8.380 8.380 8.446 8.513 8.584 8.661 8.737 8.813 8.869 8.922 8.983 9.051 9.118 9.186 9.253 9.321 9.456 9.456 9.524 9.591 9.662 9.739 9.815 9.892 9.968 10.044 10.121 10.197 10.273 10.350 10.410 10.470 10.605 10.605 10.675 10.746 10.815 10.883 10.952 11.020 11.088 11.156 11.224 11.293 11.348 11.401 11.454 11.507 11.613 11.613 11.663 11.713 11.762 11.812 11.859 11.882 11.905 11.928 11.944 11.956 11.969 11.981 11.993 12.005 12.017 12.017 12.037 12.045 12.053 12.061 12.069 12.077 12.085
8.326 8.392 8.459 8.525 8.657 8.658 8.724 8.790 8.856 8.923 8.989 9.052 9.117 9.189 9.257 9.324 9.392 9.459 9.527 9.594 9.729 9.730 9.797 9.865 9.934 10.010 10.086 10.163 10.239 10.316 10.392 10.458 10.519 10.579 10.639 10.699 10.832 10.832 10.902 10.973 11.043 11.114 11.184 11.254 11.325 11.393 11.461 11.529 11.585 11.638 11.690 11.740 11.839 11.839 11.888 11.938 11.988 12.037 12.077 12.100 12.124 12.147 12.170 12.193 12.210 12.222 12.234 12.246 12.259 12.259 12.276 12.284 12.292 12.300 12.308 12.316 12.324
8.465 8.531 8.598 8.664 8.796 8.796 8.862 8.929 8.995 9.061 9.120 9.169 9.230 9.307 9.384 9.461 9.529 9.596 9.664 9.731 9.866 9.866 9.934 10.001 10.070 10.146 10.222 10.299 10.375 10.451 10.513 10.573 10.633 10.694 10.754 10.814 10.945 10.945 11.016 11.086 11.157 11.227 11.298 11.368 11.438 11.509 11.579 11.648 11.704 11.753 11.803 11.853 11.952 11.952 12.001 12.051 12.100 12.150 12.187 12.210 12.233 12.256 12.279 12.302 12.325 12.343 12.355 12.367 12.379 12.379 12.396 12.403 12.411 12.419 12.427 12.435 12.443
8.604 8.670 8.736 8.803 8.935 8.935 9.001 9.068 9.134 9.189 9.237 9.286 9.343 9.420 9.497 9.574 9.651 9.727 9.800 9.868 10.003 10.003 10.071 10.138 10.206 10.282 10.358 10.434 10.507 10.567 10.628 10.688 10.748 10.808 10.869 10.929 11.059 11.059 11.129 11.200 11.270 11.341 11.411 11.481 11.552 11.622 11.693 11.746 11.809 11.866 11.916 11.965 12.064 12.064 12.114 12.164 12.213 12.263 12.296 12.319 12.342 12.365 12.388 12.411 12.435 12.458 12.476 12.488 12.499 12.499 12.515 12.523 12.531 12.539 12.543 12.530 12.516
8.743 8.809 8.875 8.941 9.074 9.074 9.140 9.206 9.257 9.306 9.354 9.403 9.456 9.533 9.610 9.687 9.763 9.840 9.917 9.994 10.140 10.140 10.207 10.275 10.343 10.417 10.494 10.562 10.622 10.682 10.742 10.803 10.863 10.923 10.983 11.044 11.172 11.173 11.243 11.313 11.384 11.454 11.525 11.595 11.665 11.736 11.778 11.815 11.872 11.946 12.019 12.078 12.177 12.177 12.227 12.276 12.326 12.376 12.405 12.428 12.451 12.474 12.498 12.521 12.544 12.567 12.590 12.608 12.619 12.619 12.634 12.620 12.606 12.592 12.579 12.565 12.551
8.881 8.948 9.014 9.080 9.212 9.212 9.276 9.325 9.374 9.423 9.471 9.520 9.569 9.646 9.723 9.799 9.876 9.953 10.030 10.107 10.260 10.260 10.337 10.412 10.479 10.553 10.616 10.676 10.737 10.797 10.857 10.917 10.978 11.038 11.098 11.158 11.286 11.286 11.356 11.427 11.497 11.568 11.638 11.708 11.775 11.811 11.847 11.884 11.936 12.009 12.083 12.156 12.290 12.290 12.340 12.389 12.439 12.488 12.514 12.538 12.561 12.584 12.607 12.630 12.653 12.676 12.699 12.702 12.697 12.697 12.669 12.655 12.641 12.628 12.614 12.600 12.586
9.020 9.086 9.153 9.219 9.345 9.345 9.393 9.442 9.491 9.540 9.588 9.637 9.686 9.759 9.836 9.912 9.989 10.066 10.143 10.220 10.373 10.373 10.450 10.527 10.598 10.659 10.731 10.791 10.851 10.912 10.972 11.032 11.092 11.152 11.213 11.273 11.400 11.400 11.470 11.540 11.611 11.681 11.752 11.808 11.844 11.880 11.916 11.952 11.999 12.073 12.146 12.220 12.366 12.366 12.440 12.502 12.552 12.601 12.624 12.647 12.670 12.693 12.709 12.712 12.715 12.717 12.720 12.723 12.723 12.723 12.704 12.690 12.677 12.663 12.649 12.635 12.621
9.159 9.225 9.291 9.358 9.462 9.462 9.510 9.559 9.608 9.656 9.705 9.754 9.803 9.872 9.948 10.025 10.102 10.179 10.256 10.333 10.486 10.486 10.563 10.621 10.639 10.689 10.781 10.874 10.966 11.026 11.086 11.147 11.207 11.267 11.327 11.387 11.513 11.513 11.584 11.654 11.724 11.795 11.840 11.876 11.913 11.949 11.985 12.021 12.063 12.136 12.210 12.283 12.430 12.430 12.503 12.577 12.650 12.710 12.719 12.722 12.725 12.728 12.730 12.733 12.736 12.738 12.741 12.743 12.743 12.744 12.740 12.726 12.712 12.698 12.684 12.670 12.656
9.298 9.364 9.430 9.481 9.578 9.579 9.627 9.676 9.725 9.773 9.822 9.871 9.919 9.984 10.061 10.138 10.215 10.292 10.369 10.445 10.599 10.599 10.644 10.661 10.679 10.718 10.811 10.903 10.996 11.088 11.181 11.261 11.322 11.382 11.442 11.502 11.626 11.627 11.697 11.767 11.837 11.873 11.909 11.945 11.982 12.018 12.054 12.090 12.127 12.200 12.273 12.347 12.494 12.494 12.567 12.640 12.709 12.732 12.741 12.743 12.746 12.749 12.751 12.754 12.757 12.759 12.762 12.763 12.764 12.764 12.765 12.761 12.747 12.733 12.719 12.705 12.691
9.436 9.501 9.549 9.598 9.695 9.695 9.744 9.793 9.842 9.890 9.939 9.988 10.036 10.097 10.174 10.251 10.328 10.405 10.482 10.558 10.666 10.666 10.684 10.702 10.720 10.747 10.840 10.933 11.025 11.118 11.210 11.303 11.395 11.488 11.557 11.617 11.740 11.740 11.811 11.870 11.906 11.942 11.978 12.014 12.050 12.087 12.123 12.159 12.195 12.264 12.337 12.410 12.557 12.557 12.631 12.696 12.719 12.742 12.762 12.764 12.767 12.770 12.772 12.775 12.778 12.781 12.783 12.783 12.784 12.784 12.785 12.786 12.782 12.768 12.754 12.740 12.726
9.558 9.618 9.666 9.715 9.812 9.812 9.861 9.910 9.958 10.007 10.056 10.105 10.153 10.210 10.287 10.364 10.441 10.518 10.594 10.671 10.707 10.707 10.725 10.743 10.761 10.779 10.869 10.962 11.054 11.147 11.240 11.332 11.425 11.517 11.610 11.703 11.854 11.854 11.902 11.938 11.975 12.011 12.047 12.083 12.119 12.156 12.192 12.228 12.264 12.327 12.401 12.474 12.621 12.621 12.684 12.707 12.730 12.753 12.775 12.785 12.788 12.791 12.794 12.796 12.799 12.802 12.803 12.804 12.804 12.804 12.806 12.806 12.807 12.803 12.789 12.775 12.761
9.615 9.682 9.754 9.826 9.929 9.929 9.978 10.027 10.075 10.124 10.173 10.222 10.270 10.323 10.400 10.477 10.554 10.630 10.694 10.712 10.748 10.748 10.766 10.784 10.802 10.820 10.899 10.991 11.084 11.176 11.269 11.362 11.454 11.547 11.639 11.732 11.884 11.884 11.951 12.007 12.043 12.080 12.116 12.152 12.188 12.224 12.261 12.297 12.333 12.391 12.464 12.538 12.671 12.672 12.694 12.717 12.740 12.763 12.786 12.806 12.809 12.812 12.815 12.817 12.820 12.823 12.823 12.824 12.825 12.825 12.826 12.827 12.827 12.828 12.824 12.810 12.796
9.675 9.733 9.805 9.877 10.021 10.021 10.093 10.144 10.192 10.241 10.290 10.338 10.387 10.436 10.513 10.590 10.666 10.717 10.735 10.753 10.789 10.789 10.807 10.825 10.843 10.861 10.928 11.021 11.113 11.206 11.298 11.391 11.484 11.576 11.669 11.758 11.867 11.867 11.932 11.999 12.066 12.133 12.185 12.221 12.257 12.293 12.330 12.366 12.402 12.454 12.528 12.601 12.682 12.682 12.705 12.728 12.750 12.773 12.796 12.819 12.830 12.833 12.836 12.838 12.841 12.843 12.844 12.844 12.845 12.845 12.846 12.847 12.847 12.848 12.849 12.845 12.832
9.735 9.784 9.856 9.929 10.073 10.073 10.145 10.217 10.289 10.358 10.407 10.455 10.504 10.553 10.626 10.702 10.740 10.758 10.776 10.794 10.830 10.830 10.848 10.866 10.884 10.902 10.957 11.050 11.142 11.235 11.328 11.420 11.513 11.605 11.687 11.742 11.851 11.851 11.914 11.981 12.048 12.115 12.182 12.248 12.315 12.362 12.398 12.435 12.471 12.518 12.591 12.647 12.692 12.692 12.715 12.738 12.761 12.784 12.807 12.829 12.851 12.854 12.857 12.859 12.862 12.863 12.864 12.864 12.865 12.865 12.866 12.867 12.868 12.868 12.869 12.870 12.867
9.735 9.785 9.857 9.929 10.073 10.073 10.145 10.217 10.289 10.358 10.407 10.456 10.504 10.553 10.626 10.703 10.740 10.758 10.776 10.794 10.830 10.830 10.848 10.866 10.884 10.902 10.957 11.050 11.143 11.235 11.328 11.420 11.513 11.606 11.687 11.742 11.851 11.851 11.914 11.981 12.048 12.115 12.182 12.248 12.315 12.362 12.399 12.435 12.471 12.518 12.591 12.647 12.692 12.692 12.715 12.738 12.761 12.784 12.807 12.829 12.852 12.854 12.857 12.860 12.862 12.863 12.864 12.865 12.865 12.865 12.867 12.867 12.868 12.868 12.869 12.870 12.867
9.795 9.836 9.908 9.980 10.124 10.124 10.196 10.268 10.340 10.412 10.485 10.557 10.621 10.670 10.739 10.763 10.781 10.799 10.817 10.835 10.871 10.871 10.889 10.907 10.925 10.943 10.987 11.079 11.172 11.265 11.357 11.450 11.542 11.616 11.671 11.725 11.835 11.835 11.896 11.962 12.029 12.096 12.163 12.230 12.297 12.364 12.431 12.498 12.540 12.582 12.634 12.657 12.703 12.703 12.726 12.749 12.771 12.794 12.817 12.840 12.863 12.875 12.878 12.881 12.883 12.884 12.884 12.885 12.886 12.886 12.887 12.887 12.888 12.889 12.889 12.882 12.875
9.855 9.887 9.959 10.031 10.175 10.175 10.248 10.320 10.392 10.464 10.536 10.608 10.680 10.750 10.784 10.804 10.822 10.840 10.858 10.876 10.912 10.912 10.930 10.948 10.966 10.984 11.016 11.109 11.201 11.294 11.386 11.479 11.545 11.600 11.654 11.709 11.819 11.819 11.877 11.944 12.011 12.078 12.145 12.212 12.279 12.345 12.412 12.479 12.546 12.603 12.638 12.668 12.713 12.713 12.736 12.759 12.782 12.805 12.827 12.850 12.873 12.896 12.899 12.902 12.903 12.904 12.905 12.905 12.906 12.906 12.907 12.907 12.899 12.892 12.885 12.877 12.871
9.974 9.997 10.062 10.134 10.278 10.278 10.350 10.422 10.494 10.566 10.638 10.700 10.748 10.795 10.839 10.861 10.884 10.906 10.929 10.951 10.994 10.994 11.012 11.030 11.048 11.066 11.084 11.167 11.260 11.348 11.403 11.457 11.512 11.567 11.621 11.676 11.786 11.786 11.840 11.907 11.974 12.041 12.108 12.175 12.241 12.308 12.375 12.426 12.473 12.521 12.561 12.595 12.662 12.663 12.696 12.730 12.764 12.798 12.832 12.866 12.894 12.916 12.939 12.943 12.944 12.941 12.934 12.926 12.919 12.919 12.904 12.897 12.889 12.882 12.874 12.867 12.864
10.034 10.057 10.113 10.185 10.329 10.329 10.401 10.473 10.545 10.618 10.676 10.723 10.771 10.818 10.866 10.889 10.911 10.934 10.956 10.979 11.024 11.024 11.046 11.069 11.089 11.106 11.124 11.196 11.277 11.331 11.386 11.441 11.496 11.550 11.605 11.660 11.769 11.769 11.824 11.889 11.956 12.022 12.089 12.156 12.223 12.289 12.337 12.385 12.432 12.480 12.523 12.556 12.624 12.624 12.658 12.692 12.726 12.760 12.794 12.828 12.862 12.896 12.930 12.951 12.944 12.936 12.929 12.921 12.914 12.914 12.899 12.891 12.884 12.877 12.869 12.862 12.861
10.094 10.117 10.165 10.237 10.381 10.381 10.453 10.525 10.597 10.651 10.698 10.746 10.793 10.841 10.888 10.916 10.939 10.961 10.984 11.006 11.051 11.051 11.074 11.096 11.119 11.141 11.164 11.205 11.260 11.315 11.370 11.425 11.479 11.534 11.589 11.644 11.753 11.753 11.808 11.870 11.937 12.004 12.071 12.138 12.201 12.248 12.296 12.344 12.391 12.439 12.484 12.518 12.586 12.586 12.620 12.654 12.688 12.722 12.756 12.789 12.823 12.855 12.876 12.901 12.928 12.931 12.924 12.916 12.909 12.909 12.894 12.886 12.879 12.871 12.864 12.857 12.858
