includes/camargue/floodfiles/results_R2_t1.562343928288E12/res-0009.wdfp
ncols         906
nrows         631
xllcorner     362177.146667
yllcorner     6534725.688020
cellsize      20.000000
NODATA_value  -9999.000000
[rows 340 to 373 of 631, columns 693 to 769 of 906]
1.049 0.949 0.019 0.328 0.138 0.000 0.000 0.000 0.000 0.000 0.000 0.000 0.000 0.000 0.472 0.000 0.000 0.000 0.000 0.000 0.000 0.000 0.000 0.000 0.000 0.000 0.000 0.000 0.000 0.000 0.000 0.000 0.000 0.000 0.000 0.000 0.000 0.000 0.000 0.000 0.000 0.000 0.000 0.000 0.000 0.000 0.000 0.000 0.000 0.424 0.144 0.374 0.714 0.534 0.244 0.000 0.344 0.344 0.514 0.544 0.564 0.294 0.614 0.654 0.754 0.624 0.574 0.734 0.804 0.664 0.644 0.474 0.000 0.000 0.614 0.684 0.634
1.119 0.000 0.239 0.258 0.218 0.568 0.338 0.000 0.000 0.048 0.228 0.000 0.004 0.000 2.812 0.000 0.000 0.000 0.000 0.000 0.000 0.000 0.000 0.000 0.000 0.000 0.000 0.000 0.000 0.000 0.000 0.000 0.000 0.000 0.000 0.000 0.000 0.000 0.000 0.000 0.000 0.000 0.000 0.000 0.000 0.000 0.000 0.000 0.000 0.000 0.000 0.000 0.000 0.014 0.464 0.634 0.134 0.134 0.414 0.534 0.644 0.534 0.824 0.474 0.684 0.524 0.694 0.574 0.584 0.654 0.704 0.574 0.000 0.000 0.364 0.664 0.474
0.199 0.349 0.339 0.288 0.278 0.428 0.038 0.208 0.208 0.308 0.388 0.000 0.000 0.000 0.000 0.000 0.000 0.000 0.000 0.000 0.000 0.000 0.000 0.000 0.000 0.000 0.000 0.000 0.000 0.000 0.000 0.000 0.000 0.000 0.000 0.000 0.000 0.000 0.000 0.000 0.000 0.000 0.000 0.000 0.000 0.000 0.000 0.000 0.000 0.104 0.404 0.524 0.414 0.424 0.514 0.634 0.794 0.794 0.384 0.604 0.444 0.574 0.074 0.574 0.454 0.564 0.554 0.574 0.734 0.654 0.524 0.324 0.184 0.184 0.814 0.000 0.944
1.019 0.409 0.239 0.258 0.368 1.038 0.128 0.038 0.038 0.348 0.748 0.000 0.000 1.444 0.000 0.000 0.534 0.394 0.204 0.000 0.244 0.254 0.000 0.000 0.000 0.000 0.000 0.000 0.104 0.000 0.000 0.000 0.094 0.000 0.000 0.174 0.024 0.000 0.000 0.000 0.000 0.000 0.204 0.594 0.274 0.234 0.000 0.000 0.064 0.574 0.404 0.584 0.534 0.494 0.684 0.624 0.384 0.384 0.404 0.454 0.754 0.564 0.474 0.184 0.384 0.574 0.584 0.544 0.524 0.574 0.284 0.654 0.000 0.000 0.774 0.000 0.864
0.359 0.000 0.329 0.218 0.308 0.298 0.178 0.318 0.318 0.338 0.678 0.000 0.154 1.194 0.094 0.000 0.554 0.564 0.704 0.674 0.774 0.784 0.834 0.834 0.834 0.644 0.404 0.834 0.784 0.674 0.694 0.794 0.684 0.794 0.684 0.754 0.684 0.404 0.724 0.274 0.274 0.104 0.534 0.464 0.544 0.634 0.704 0.694 0.004 0.664 0.714 0.554 0.644 0.534 0.814 0.674 0.514 0.514 0.000 0.494 0.534 0.634 0.514 0.254 0.734 0.564 0.664 0.844 0.224 0.014 0.374 0.584 0.424 0.424 0.000 0.514 0.554
0.449 0.000 0.000 1.618 1.008 0.000 0.198 0.168 0.168 0.498 0.228 0.000 2.404 0.000 0.114 0.494 0.604 0.674 0.674 0.764 0.944 0.874 0.834 0.944 0.944 0.894 0.484 0.914 0.694 0.764 0.754 0.884 0.864 0.844 0.864 0.914 0.674 1.234 0.824 0.654 0.654 0.774 0.564 0.594 0.774 0.814 0.724 0.724 0.064 0.604 0.664 0.684 0.634 0.514 0.924 0.654 0.554 0.554 0.004 0.464 0.514 0.634 0.504 0.354 0.124 0.394 0.464 0.414 0.574 0.604 0.174 0.634 0.000 0.000 0.604 0.224 0.284
0.339 0.409 0.308 0.358 0.338 0.009 0.000 1.708 1.708 0.000 0.000 0.000 0.001 1.722 0.000 0.704 0.774 0.704 0.744 0.694 1.094 0.894 0.924 0.844 0.844 0.794 0.674 0.754 0.724 0.754 0.814 0.804 0.894 0.994 0.914 1.264 0.914 1.194 0.774 0.814 0.814 0.954 0.824 0.704 0.954 0.704 0.664 0.684 0.194 0.704 0.614 0.624 0.644 0.554 0.774 0.684 0.654 0.654 0.974 0.454 0.674 0.394 0.594 0.454 0.444 0.354 0.494 0.414 0.594 0.704 0.654 0.414 0.000 0.000 0.684 0.254 0.354
0.339 0.409 0.308 0.358 0.338 0.009 0.000 1.708 1.708 0.000 0.000 0.000 0.002 1.722 0.000 0.704 0.774 0.704 0.744 0.694 1.094 0.894 0.924 0.844 0.844 0.794 0.674 0.754 0.724 0.754 0.814 0.804 0.894 0.994 0.914 1.264 0.914 1.194 0.774 0.814 0.814 0.954 0.824 0.704 0.954 0.704 0.664 0.684 0.194 0.704 0.614 0.624 0.644 0.554 0.774 0.684 0.654 0.654 0.974 0.454 0.674 0.394 0.594 0.454 0.444 0.354 0.494 0.414 0.594 0.704 0.654 0.414 0.000 0.000 0.684 0.254 0.354
0.329 0.469 0.308 0.308 0.418 1.408 1.458 1.368 1.368 0.068 0.000 1.104 0.000 0.000 0.000 0.504 0.744 0.754 0.694 0.674 1.224 0.854 0.834 0.774 0.774 0.524 0.384 0.864 0.734 0.854 0.804 0.844 0.904 0.854 0.944 1.224 0.784 0.924 0.834 0.994 0.994 0.704 0.724 0.654 0.744 0.594 0.674 0.714 0.264 0.674 0.524 0.634 0.704 0.714 0.644 0.714 0.714 0.714 0.584 0.504 0.584 0.584 0.554 0.594 0.604 0.444 0.604 0.574 0.604 0.654 0.524 0.794 0.884 0.884 0.564 0.444 0.524
0.299 0.379 0.278 0.578 0.148 0.228 0.278 0.568 0.568 1.448 0.437 1.766 0.000 0.741 0.000 0.714 0.634 0.664 0.604 0.604 1.374 0.754 0.794 0.744 0.744 0.634 0.514 0.674 0.854 0.854 0.814 0.834 0.904 0.874 0.764 0.784 0.734 0.834 0.684 0.724 0.724 0.554 0.604 0.584 0.724 0.724 0.644 0.714 0.284 0.754 0.694 0.694 0.814 1.084 0.534 0.704 0.734 0.734 0.744 0.484 0.504 0.574 0.654 0.584 0.504 0.364 0.524 0.554 0.704 0.000 1.044 0.000 0.964 0.964 0.474 0.544 0.554
0.389 0.399 0.398 0.538 0.448 0.618 1.148 0.858 0.858 0.000 0.000 0.505 0.335 0.000 0.000 0.594 0.704 0.664 0.834 0.644 1.524 0.744 0.894 0.704 0.704 0.294 0.624 0.684 0.894 0.794 0.814 0.754 0.904 0.744 0.734 0.764 0.794 0.624 0.644 0.754 0.754 0.674 0.554 0.614 0.674 0.764 0.564 0.594 0.374 0.874 0.744 0.754 0.814 1.024 0.594 0.684 0.734 0.734 0.824 0.604 0.684 0.454 0.614 0.654 0.734 0.644 0.574 0.914 0.000 0.894 0.544 0.864 0.664 0.664 0.554 0.604 0.494
0.319 0.109 0.468 0.398 1.148 1.018 1.378 0.788 0.788 0.000 0.000 1.294 0.000 0.000 0.000 0.000 0.684 0.704 0.644 0.604 1.334 0.704 0.664 0.744 0.744 0.704 0.784 0.874 0.864 0.904 0.814 0.674 0.814 0.724 0.664 0.594 0.754 0.734 0.554 0.614 0.614 0.554 0.644 0.714 0.574 0.944 0.814 0.584 0.384 0.664 0.774 0.814 0.794 0.874 0.574 0.624 0.734 0.734 0.754 0.704 0.374 0.714 0.724 0.804 0.634 0.604 0.000 0.864 0.000 0.744 0.464 0.434 0.514 0.514 0.354 0.404 0.384
0.009 0.139 0.109 0.198 0.278 0.198 0.478 0.758 0.758 0.000 0.000 2.354 0.000 0.000 0.000 0.000 0.274 0.674 0.664 0.694 1.034 0.664 0.754 0.414 0.414 0.504 1.064 0.954 1.254 0.664 0.824 0.714 0.774 0.704 0.644 0.374 0.714 0.604 0.554 0.624 0.624 0.574 0.604 0.714 0.984 0.674 0.624 0.704 0.324 0.824 0.754 0.714 0.724 0.584 0.664 0.644 0.834 0.834 0.904 0.794 0.194 0.454 0.814 0.634 0.854 0.514 0.000 0.000 0.834 0.814 0.334 0.000 0.000 0.000 0.354 0.594 0.294
1.409 0.219 0.189 0.228 0.568 0.358 0.928 0.238 0.238 0.004 0.000 1.984 0.000 0.000 1.134 0.000 0.000 0.654 0.654 0.714 0.764 0.664 0.374 0.564 0.564 0.874 1.284 0.914 1.274 0.654 0.734 0.814 0.804 0.684 0.724 0.514 0.794 0.584 0.574 0.584 0.584 0.504 0.634 1.044 0.584 0.674 0.754 0.754 0.554 0.734 0.684 0.734 0.754 0.704 0.654 0.734 0.714 0.714 0.754 0.744 0.584 0.554 0.544 0.674 0.664 0.474 0.000 0.000 0.874 0.924 0.094 0.074 0.084 0.084 0.504 0.504 0.454
0.090 0.000 0.000 1.218 1.109 0.869 0.488 0.238 0.238 0.000 0.000 2.334 0.000 0.000 1.124 1.104 0.000 0.000 0.634 0.704 0.684 0.834 0.324 0.544 0.544 0.844 1.414 1.054 1.174 0.834 0.754 0.774 0.764 0.704 0.774 0.514 0.664 0.644 0.494 0.594 0.594 0.504 0.454 0.754 0.544 0.614 0.834 0.824 0.634 0.694 0.844 0.794 0.734 0.624 0.744 0.804 0.774 0.774 0.774 0.744 0.584 0.624 0.774 0.694 0.674 0.644 0.000 0.000 0.704 0.634 0.000 0.314 0.494 0.494 0.654 0.554 0.494
0.200 0.219 0.229 0.199 0.289 0.279 0.189 0.279 0.279 0.000 0.000 1.216 0.000 1.304 0.784 0.914 1.064 0.034 0.000 0.344 0.694 0.724 0.484 0.484 0.484 0.734 1.024 1.004 0.994 0.794 0.734 0.864 0.744 0.714 0.794 0.454 0.664 0.724 0.704 0.494 0.494 1.064 0.224 0.594 0.704 0.684 0.774 0.684 0.574 0.804 0.744 0.734 0.824 0.684 0.704 0.884 0.814 0.814 0.834 0.864 0.654 0.434 0.664 0.584 0.634 0.564 0.000 0.654 0.854 0.324 0.604 0.434 0.684 0.684 0.584 0.514 0.384
0.000 0.059 0.079 0.239 0.199 0.189 0.119 0.139 0.139 0.000 0.000 1.230 2.014 1.244 1.084 0.564 0.794 1.024 0.274 0.000 0.574 0.644 0.644 0.594 0.594 0.884 0.944 0.904 0.924 0.934 0.894 0.804 0.764 0.714 0.724 0.404 0.694 0.784 0.684 0.734 0.734 0.624 0.404 0.674 0.734 0.694 0.694 0.684 0.654 0.754 0.774 0.774 0.874 0.704 0.654 0.804 0.824 0.824 0.724 0.794 0.774 0.074 0.734 0.604 0.584 0.000 0.000 0.000 0.554 0.704 0.644 0.484 0.134 0.134 0.000 0.484 0.314
0.050 0.189 0.139 0.249 0.249 0.159 0.179 0.309 0.309 0.000 1.272 0.000 0.000 1.254 0.754 1.094 1.164 0.584 0.854 0.264 0.244 0.494 0.644 0.544 0.544 0.824 0.954 0.794 0.844 0.884 0.864 0.784 0.724 0.834 0.844 0.604 0.864 0.814 0.724 0.464 0.464 0.634 0.544 0.754 0.824 0.754 0.674 0.594 0.754 0.754 0.944 0.934 0.844 0.714 0.654 1.184 0.784 0.784 0.744 0.724 0.814 0.084 0.604 0.000 0.000 0.000 0.000 0.754 0.234 0.644 0.574 0.584 0.574 0.574 0.002 0.524 0.000
0.172 0.000 0.099 0.239 0.369 0.329 0.269 0.339 0.339 0.000 1.286 0.000 0.000 1.284 1.124 0.904 0.854 0.944 0.564 0.874 0.604 1.024 1.214 0.974 0.974 1.024 0.924 0.824 0.894 0.914 0.914 0.774 0.814 0.864 0.934 0.654 0.714 0.824 0.674 0.784 0.784 0.704 0.664 0.724 0.794 0.684 0.644 0.714 0.794 0.764 1.094 0.764 0.814 0.794 0.694 0.834 1.004 1.004 0.804 0.754 0.774 0.674 0.000 0.000 0.000 0.000 0.794 0.894 0.504 0.744 0.574 0.504 0.604 0.604 0.434 0.000 0.000
0.272 0.262 0.050 0.000 0.000 0.000 0.000 0.000 0.000 2.543 0.313 0.000 0.000 1.054 0.674 1.004 0.824 0.864 1.054 0.734 0.934 0.524 0.204 0.614 0.614 1.024 0.914 0.784 0.884 0.864 0.964 0.854 0.804 0.874 0.874 0.714 0.744 0.894 1.004 0.824 0.824 0.734 0.594 0.824 0.874 0.774 0.644 0.864 0.804 0.864 0.924 0.814 0.724 0.784 0.744 0.784 0.874 0.874 0.934 0.804 0.864 0.704 0.584 0.000 0.000 0.714 0.724 0.824 0.664 0.634 0.464 0.474 0.000 0.000 0.000 0.000 0.000
0.000 0.092 0.092 0.143 0.004 0.033 0.213 0.263 0.263 1.323 0.000 0.000 0.834 1.204 0.314 0.814 1.024 0.634 0.754 1.064 0.534 0.394 0.000 0.000 0.000 0.904 0.904 0.884 0.854 0.914 0.994 0.884 0.874 0.984 0.914 0.784 0.774 0.714 0.474 0.714 0.714 0.754 0.654 0.724 0.804 0.824 0.714 0.754 0.874 0.834 0.994 0.934 0.824 0.814 0.704 0.704 0.724 0.724 1.044 0.724 0.714 0.714 0.104 0.000 0.000 0.000 0.964 0.764 0.064 0.604 0.504 0.864 0.324 0.324 0.000 0.000 0.000
0.463 0.203 0.293 0.183 0.083 0.193 0.353 0.000 0.000 0.000 0.000 0.000 1.394 0.924 0.434 0.484 0.734 0.804 0.404 0.794 1.104 0.000 0.894 0.000 0.000 1.114 0.824 0.774 0.874 0.824 0.994 0.924 0.954 0.904 0.954 0.794 0.744 0.804 0.524 0.804 0.804 0.794 0.644 0.764 0.784 0.854 0.734 0.804 0.784 0.784 0.794 0.914 0.754 0.844 0.774 0.624 0.714 0.714 0.974 0.704 0.704 0.744 0.000 0.000 0.014 0.000 0.984 0.000 0.000 0.554 0.534 0.824 0.000 0.000 0.000 0.000 0.000
0.493 0.363 0.373 0.223 0.123 0.063 0.283 0.000 0.000 0.423 0.000 0.000 1.214 0.854 0.754 0.774 0.384 0.664 0.924 0.374 0.944 0.000 1.314 1.194 1.194 0.000 0.164 0.564 0.884 0.944 1.004 1.044 1.024 0.884 0.774 0.834 0.764 0.554 0.484 0.944 0.944 0.824 0.754 0.874 0.824 0.884 0.944 0.914 0.744 0.864 0.904 0.834 0.844 0.864 1.014 0.754 0.654 0.654 0.764 0.794 0.744 0.000 0.000 0.264 0.604 0.084 0.444 0.394 0.000 0.554 0.000 0.000 0.000 0.000 0.000 0.000 0.000
0.493 0.363 0.373 0.223 0.123 0.063 0.283 0.000 0.000 0.423 0.000 0.000 1.214 0.854 0.754 0.774 0.384 0.664 0.924 0.374 0.944 0.000 1.314 1.194 1.194 0.000 0.164 0.564 0.884 0.944 1.004 1.044 1.024 0.884 0.774 0.834 0.764 0.554 0.484 0.944 0.944 0.824 0.754 0.874 0.824 0.884 0.944 0.914 0.744 0.864 0.904 0.834 0.844 0.864 1.014 0.754 0.654 0.654 0.764 0.794 0.744 0.000 0.000 0.264 0.604 0.084 0.444 0.394 0.000 0.554 0.000 0.000 0.000 0.000 0.000 0.000 0.000
0.333 0.443 0.083 0.063 0.243 0.000 0.000 1.569 1.569 0.002 0.055 0.002 0.554 0.804 1.024 0.634 0.474 0.554 0.464 1.014 0.624 0.000 1.194 0.174 0.174 0.144 0.144 0.000 0.924 0.874 0.834 1.014 0.874 0.794 0.724 0.854 0.734 0.514 0.584 0.774 0.774 0.694 0.724 0.874 0.834 0.804 0.994 0.764 0.814 0.834 0.864 0.864 0.944 0.854 1.044 0.714 0.164 0.164 0.000 0.000 0.000 0.000 0.000 0.000 0.000 0.000 0.364 0.014 0.644 1.044 0.000 0.000 0.000 0.000 0.000 0.000 0.000
0.493 0.213 0.000 0.243 0.233 0.383 0.000 1.588 1.588 0.000 0.000 0.000 0.000 0.754 0.864 1.044 0.734 0.694 0.724 0.674 1.484 0.000 1.324 0.104 0.104 0.454 1.244 0.434 0.000 1.274 0.874 0.814 0.944 0.894 0.804 0.864 0.664 0.584 0.574 0.824 0.824 0.784 0.904 1.034 0.924 0.764 0.954 0.534 0.754 0.944 0.864 0.784 0.804 0.984 0.000 0.000 0.000 0.000 0.000 0.000 0.000 0.002 0.002 0.000 0.000 0.000 0.000 0.294 0.384 0.234 0.000 0.000 0.000 0.000 0.000 0.000 0.000
0.000 0.001 0.173 0.153 0.000 0.000 0.537 0.000 0.000 0.000 0.000 0.000 0.000 0.010 0.000 0.884 0.784 0.924 0.374 1.124 0.000 1.324 1.414 0.334 0.334 1.294 1.284 1.194 1.194 0.974 0.574 0.000 1.074 0.794 0.794 1.074 0.634 0.964 0.834 0.884 0.884 0.964 1.094 0.864 0.594 0.554 0.974 0.000 0.000 0.000 0.000 0.000 0.000 0.003 0.000 0.000 0.000 0.000 0.000 0.000 0.000 0.000 0.002 0.000 0.000 0.000 0.000 0.000 0.000 0.000 0.000 0.000 0.000 0.000 0.000 0.000 0.000
0.034 0.094 0.000 0.000 0.000 0.564 0.556 1.479 1.479 1.539 0.000 0.000 0.046 0.016 0.000 0.000 0.684 0.804 1.014 0.634 0.000 1.194 1.354 0.364 0.364 1.224 1.104 1.274 0.474 1.094 1.024 0.954 0.914 0.774 0.000 0.000 0.844 1.074 0.954 0.694 0.694 0.704 0.834 0.384 0.000 0.000 0.000 0.000 0.000 0.000 0.000 0.000 0.000 0.000 0.000 0.000 0.000 0.000 0.291 0.111 0.411 0.051 0.000 0.000 0.000 0.000 0.000 0.000 0.000 0.000 0.000 0.000 0.000 0.000 0.000 0.031 0.000
0.324 0.004 0.000 0.000 0.003 0.582 0.000 0.000 0.000 0.000 0.000 2.554 0.000 1.554 0.000 0.000 0.000 0.524 0.714 1.194 0.000 1.244 0.244 0.884 0.884 1.304 0.394 1.214 0.634 1.044 0.914 0.864 0.884 0.914 0.984 1.064 1.054 1.124 0.514 0.000 0.000 0.000 0.000 0.000 0.000 0.000 0.000 0.000 0.000 0.000 0.000 0.000 0.000 0.000 0.391 0.241 0.251 0.251 0.481 0.101 0.000 0.000 0.000 0.000 0.000 0.000 0.000 0.000 0.000 0.000 0.000 0.000 0.002 0.000 0.032 0.000 0.000
0.000 0.190 0.050 0.000 0.094 0.000 0.000 0.544 0.544 0.000 0.000 0.664 1.934 0.204 0.000 0.000 0.000 0.000 0.000 1.224 0.424 1.304 0.384 1.034 1.034 1.414 0.474 1.364 0.654 1.004 0.914 0.954 0.924 0.994 1.114 0.954 1.074 0.974 0.000 0.044 0.044 0.000 0.000 0.000 0.000 0.000 0.000 0.000 0.000 0.000 0.000 0.000 0.000 0.000 0.000 0.131 0.361 0.361 0.000 0.000 0.000 0.000 0.000 0.000 0.000 0.000 0.000 0.000 0.000 0.000 0.000 0.000 0.000 0.000 0.000 0.001 0.000
0.000 0.150 0.000 0.114 1.120 0.000 0.000 0.384 0.384 0.000 0.184 0.234 0.174 0.000 1.961 0.000 0.592 0.000 0.061 0.000 0.000 0.934 1.344 1.224 1.224 1.204 1.054 1.204 1.034 1.214 0.534 0.964 0.904 1.034 1.054 0.744 0.000 2.124 1.754 1.844 1.844 0.000 0.000 0.000 1.254 1.724 1.954 1.654 0.000 0.000 0.000 0.000 0.000 0.000 0.039 0.015 0.341 0.341 0.000 0.000 0.000 0.000 0.000 0.000 0.000 0.000 0.000 0.000 0.000 0.000 0.000 0.031 0.000 0.000 0.000 0.074 0.002
0.021 0.018 0.000 0.045 0.000 0.000 0.000 0.114 0.114 1.044 0.174 0.224 0.334 0.254 0.000 0.000 2.682 1.532 0.000 2.214 2.344 0.874 1.724 2.244 2.244 0.154 0.000 0.000 0.002 0.000 0.000 0.000 0.000 0.000 0.002 0.000 0.844 0.234 0.134 0.364 0.364 0.454 0.644 0.694 0.674 0.624 0.544 0.000 0.000 0.000 0.000 0.011 0.017 0.552 0.172 0.000 0.000 0.000 0.000 0.000 0.000 0.000 0.000 0.000 0.000 0.000 0.000 0.000 0.000 0.000 0.000 0.000 0.000 0.000 0.061 0.000 0.000
0.111 0.011 0.032 0.023 0.000 0.000 0.000 0.000 0.000 0.000 0.264 0.334 0.214 0.154 0.114 0.034 0.000 0.000 0.002 0.001 0.000 0.000 0.000 0.000 0.000 1.424 0.000 0.000 0.556 2.216 1.076 0.496 0.306 1.956 0.116 2.126 0.000 0.000 0.000 0.554 0.554 0.634 0.714 0.604 0.594 0.054 0.000 0.000 0.000 0.463 0.603 0.020 0.000 0.000 0.000 0.000 0.001 0.000 0.000 0.000 0.000 0.000 0.000 0.000 0.000 0.000 0.000 0.000 0.000 0.000 0.000 0.000 0.076 0.076 0.000 0.000 0.001
0.041 0.000 0.034 0.000 0.000 0.852 0.262 0.000 0.000 0.194 0.204 0.184 0.184 0.234 0.000 0.154 0.000 0.092 0.001 0.000 0.000 0.011 0.000 0.000 0.000 0.000 2.242 2.672 0.000 0.346 0.166 0.000 0.000 0.000 0.116 0.000 0.000 0.000 0.000 0.434 0.434 0.654 0.714 0.604 0.000 0.024 0.000 0.043 0.373 0.383 0.113 0.073 0.002 0.000 0.063 0.083 0.000 0.000 0.000 0.000 0.000 0.000 0.000 0.000 0.000 0.000 0.000 0.000 0.000 0.000 0.000 0.000 0.066 0.066 0.000 0.044 0.124
