includes/camargue/floodfiles/results_R2_t1.562343928288E12/res-0008.wdfp
ncols         906
nrows         631
xllcorner     362177.146667
yllcorner     6534725.688020
cellsize      20.000000
NODATA_value  -9999.000000
[rows 510 to 543 of 631, columns 231 to 307 of 906]
0.191 0.232 0.320 0.320 0.372 0.425 0.479 0.533 0.587 0.624 0.635 0.645 0.656 0.666 0.677 0.709 0.742 0.774 0.839 0.839 0.870 0.901 0.931 0.961 0.992 1.022 1.043 1.064 1.086 1.107 1.128 1.149 1.103 1.047 0.934 0.934 0.878 0.821 0.765 0.742 0.727 0.711 0.696 0.669 0.625 0.581 0.537 0.514 0.514 0.514 0.514 0.514 0.514 0.514 0.499 0.462 0.425 0.387 0.350 0.313 0.275 0.282 0.300 0.319 0.337 0.356 0.316 0.316 0.166 0.094 0.044 0.028 0.023 0.021 0.025 0.027 0.030
0.307 0.350 0.440 0.440 0.485 0.530 0.576 0.624 0.678 0.717 0.728 0.747 0.779 0.811 0.844 0.876 0.909 0.941 1.006 1.006 1.037 1.068 1.098 1.128 1.159 1.189 1.219 1.250 1.280 1.302 1.324 1.345 1.294 1.237 1.147 1.147 1.132 1.116 1.101 1.085 1.070 1.055 1.039 1.011 0.967 0.923 0.879 0.835 0.791 0.747 0.714 0.714 0.714 0.714 0.704 0.667 0.630 0.592 0.584 0.602 0.620 0.638 0.657 0.675 0.694 0.712 0.687 0.687 0.536 0.460 0.385 0.310 0.234 0.160 0.090 0.047 0.032
0.366 0.410 0.501 0.500 0.546 0.591 0.636 0.682 0.727 0.765 0.798 0.830 0.862 0.895 0.927 0.960 0.992 1.025 1.089 1.089 1.121 1.151 1.182 1.212 1.242 1.273 1.303 1.333 1.363 1.394 1.421 1.442 1.389 1.350 1.319 1.319 1.304 1.288 1.273 1.257 1.242 1.226 1.211 1.183 1.139 1.094 1.050 1.006 0.962 0.918 0.874 0.874 0.814 0.814 0.807 0.770 0.732 0.744 0.762 0.780 0.799 0.817 0.835 0.854 0.872 0.890 0.872 0.873 0.722 0.646 0.571 0.495 0.420 0.344 0.269 0.194 0.121
0.426 0.471 0.561 0.561 0.606 0.652 0.697 0.743 0.820 0.876 0.881 0.914 0.946 0.978 1.011 1.043 1.076 1.108 1.173 1.173 1.205 1.235 1.265 1.296 1.326 1.356 1.386 1.417 1.447 1.477 1.507 1.540 1.537 1.522 1.491 1.491 1.475 1.460 1.445 1.429 1.414 1.398 1.383 1.354 1.310 1.266 1.222 1.178 1.134 1.089 1.045 1.045 0.957 0.914 0.910 0.886 0.904 0.922 0.941 0.959 0.977 0.995 1.014 1.032 1.050 1.069 1.058 1.058 0.907 0.832 0.756 0.681 0.605 0.530 0.454 0.379 0.303
0.486 0.531 0.622 0.621 0.667 0.712 0.780 0.865 0.950 1.003 1.008 1.012 1.030 1.062 1.094 1.127 1.159 1.192 1.257 1.257 1.288 1.319 1.349 1.379 1.409 1.440 1.470 1.500 1.531 1.562 1.601 1.639 1.671 1.694 1.663 1.663 1.647 1.632 1.617 1.601 1.586 1.570 1.555 1.526 1.481 1.437 1.393 1.349 1.305 1.261 1.217 1.217 1.128 1.084 1.028 1.064 1.082 1.101 1.119 1.137 1.155 1.174 1.192 1.210 1.229 1.247 1.244 1.244 1.093 1.017 0.942 0.866 0.791 0.715 0.640 0.564 0.489
0.547 0.592 0.682 0.682 0.740 0.825 0.910 0.995 1.080 1.130 1.134 1.139 1.144 1.149 1.178 1.211 1.243 1.276 1.340 1.340 1.372 1.402 1.433 1.463 1.493 1.523 1.554 1.584 1.623 1.662 1.700 1.739 1.771 1.803 1.835 1.835 1.819 1.804 1.789 1.773 1.758 1.742 1.727 1.697 1.653 1.609 1.565 1.521 1.476 1.432 1.388 1.388 1.289 1.223 1.159 1.203 1.247 1.279 1.297 1.315 1.334 1.352 1.370 1.389 1.407 1.425 1.429 1.430 1.278 1.203 1.127 1.052 0.976 0.901 0.825 0.750 0.674
0.607 0.652 0.785 0.785 0.870 0.955 1.040 1.125 1.211 1.256 1.261 1.266 1.271 1.275 1.280 1.294 1.327 1.359 1.424 1.424 1.456 1.486 1.516 1.547 1.577 1.607 1.645 1.683 1.722 1.761 1.800 1.838 1.870 1.902 1.966 1.966 1.991 1.976 1.960 1.945 1.930 1.914 1.899 1.868 1.824 1.780 1.736 1.692 1.648 1.604 1.555 1.555 1.423 1.357 1.290 1.334 1.378 1.422 1.466 1.494 1.512 1.530 1.549 1.567 1.585 1.604 1.615 1.615 1.464 1.388 1.313 1.237 1.162 1.086 1.011 0.935 0.849
0.668 0.745 0.915 0.915 1.000 1.086 1.171 1.256 1.341 1.383 1.388 1.393 1.398 1.402 1.407 1.412 1.417 1.443 1.508 1.508 1.539 1.569 1.600 1.630 1.667 1.705 1.744 1.783 1.822 1.860 1.899 1.937 1.969 2.001 2.065 2.065 2.097 2.129 2.132 2.117 2.102 2.086 2.071 2.040 1.996 1.952 1.908 1.863 1.819 1.755 1.688 1.688 1.556 1.490 1.424 1.465 1.509 1.553 1.597 1.641 1.685 1.709 1.727 1.745 1.764 1.782 1.800 1.800 1.650 1.574 1.499 1.423 1.347 1.272 1.185 1.098 1.011
0.791 0.876 1.046 1.046 1.131 1.216 1.301 1.386 1.471 1.510 1.515 1.520 1.524 1.529 1.534 1.539 1.543 1.548 1.591 1.592 1.623 1.653 1.689 1.727 1.766 1.805 1.844 1.882 1.921 1.960 1.999 2.036 2.068 2.100 2.165 2.165 2.197 2.229 2.261 2.289 2.274 2.258 2.243 2.211 2.167 2.123 2.079 2.020 1.954 1.888 1.822 1.822 1.689 1.623 1.557 1.596 1.640 1.684 1.728 1.772 1.816 1.860 1.904 1.924 1.942 1.960 1.979 1.979 1.835 1.760 1.684 1.609 1.521 1.434 1.347 1.260 1.173
0.921 1.006 1.176 1.176 1.261 1.346 1.431 1.517 1.602 1.637 1.642 1.646 1.651 1.656 1.661 1.666 1.670 1.675 1.684 1.685 1.710 1.749 1.788 1.827 1.866 1.904 1.943 1.982 2.021 2.059 2.098 2.135 2.168 2.200 2.264 2.264 2.296 2.328 2.360 2.392 2.424 2.430 2.415 2.383 2.339 2.286 2.220 2.154 2.087 2.021 1.955 1.955 1.823 1.757 1.691 1.727 1.771 1.815 1.859 1.903 1.947 1.991 2.035 2.079 2.120 2.139 2.157 2.157 2.021 1.945 1.858 1.770 1.683 1.596 1.509 1.422 1.335
1.111 1.141 1.306 1.307 1.392 1.477 1.562 1.647 1.732 1.764 1.768 1.773 1.778 1.783 1.788 1.792 1.797 1.802 1.807 1.807 1.823 1.849 1.887 1.926 1.965 2.004 2.043 2.081 2.120 2.159 2.198 2.235 2.267 2.299 2.363 2.363 2.395 2.427 2.459 2.491 2.523 2.555 2.587 2.551 2.485 2.419 2.353 2.287 2.221 2.155 2.089 2.089 1.956 1.890 1.824 1.858 1.902 1.946 1.990 2.034 2.078 2.122 2.166 2.210 2.254 2.298 2.335 2.335 2.194 2.106 2.019 1.932 1.845 1.758 1.671 1.583 1.496
1.322 1.351 1.437 1.437 1.522 1.607 1.692 1.777 1.863 1.891 1.895 1.900 1.905 1.910 1.914 1.919 1.923 1.925 1.928 1.928 1.945 1.968 1.991 2.026 2.064 2.103 2.142 2.181 2.220 2.258 2.297 2.334 2.366 2.398 2.462 2.462 2.494 2.526 2.559 2.591 2.623 2.655 2.660 2.654 2.619 2.553 2.486 2.420 2.354 2.288 2.222 2.222 2.090 2.023 1.957 1.989 2.033 2.077 2.121 2.165 2.209 2.253 2.297 2.341 2.385 2.429 2.404 2.404 2.355 2.268 2.181 2.094 2.007 1.919 1.832 1.745 1.658
1.532 1.562 1.621 1.622 1.652 1.738 1.823 1.908 1.993 2.017 2.022 2.027 2.032 2.037 2.040 2.042 2.044 2.046 2.049 2.049 2.067 2.091 2.114 2.137 2.164 2.203 2.242 2.280 2.319 2.358 2.397 2.433 2.465 2.497 2.562 2.562 2.594 2.626 2.658 2.690 2.698 2.703 2.708 2.701 2.689 2.676 2.620 2.554 2.488 2.421 2.355 2.355 2.223 2.157 2.091 2.120 2.164 2.208 2.252 2.296 2.340 2.384 2.428 2.472 2.475 2.441 2.408 2.408 2.435 2.430 2.343 2.256 2.168 2.081 1.994 1.907 1.820
1.743 1.773 1.832 1.832 1.862 1.892 1.953 2.038 2.123 2.144 2.149 2.154 2.158 2.160 2.162 2.163 2.165 2.167 2.170 2.170 2.190 2.213 2.236 2.259 2.283 2.306 2.341 2.380 2.419 2.457 2.496 2.533 2.565 2.597 2.661 2.661 2.693 2.725 2.737 2.741 2.746 2.751 2.756 2.749 2.736 2.723 2.710 2.687 2.621 2.555 2.489 2.489 2.356 2.290 2.224 2.251 2.295 2.339 2.383 2.427 2.471 2.515 2.546 2.512 2.478 2.445 2.411 2.411 2.437 2.459 2.481 2.417 2.330 2.243 2.156 2.069 1.981
1.743 1.773 1.832 1.832 1.862 1.892 1.953 2.038 2.123 2.144 2.149 2.154 2.158 2.160 2.162 2.163 2.165 2.167 2.170 2.171 2.190 2.213 2.236 2.260 2.283 2.306 2.341 2.380 2.419 2.457 2.496 2.533 2.565 2.597 2.661 2.661 2.693 2.725 2.737 2.742 2.746 2.751 2.756 2.749 2.736 2.723 2.710 2.687 2.621 2.555 2.489 2.489 2.356 2.290 2.224 2.251 2.295 2.339 2.383 2.427 2.471 2.515 2.546 2.512 2.478 2.445 2.411 2.411 2.437 2.459 2.481 2.417 2.330 2.243 2.156 2.069 1.981
1.954 1.984 2.043 2.043 2.073 2.103 2.132 2.169 2.254 2.271 2.275 2.277 2.279 2.281 2.283 2.284 2.286 2.288 2.292 2.292 2.312 2.336 2.359 2.382 2.405 2.428 2.452 2.479 2.518 2.557 2.596 2.632 2.664 2.696 2.760 2.760 2.775 2.780 2.784 2.789 2.794 2.799 2.803 2.796 2.783 2.770 2.758 2.745 2.732 2.688 2.622 2.622 2.490 2.424 2.358 2.382 2.426 2.470 2.514 2.558 2.602 2.583 2.549 2.515 2.482 2.448 2.414 2.414 2.439 2.461 2.483 2.505 2.492 2.405 2.317 2.230 2.143
2.165 2.194 2.254 2.254 2.284 2.313 2.343 2.373 2.401 2.395 2.396 2.398 2.400 2.402 2.404 2.405 2.407 2.409 2.413 2.413 2.435 2.458 2.481 2.504 2.528 2.551 2.574 2.597 2.620 2.656 2.695 2.731 2.763 2.795 2.818 2.818 2.823 2.827 2.832 2.837 2.841 2.846 2.851 2.843 2.830 2.818 2.805 2.792 2.779 2.766 2.753 2.753 2.623 2.557 2.491 2.513 2.557 2.601 2.645 2.653 2.620 2.586 2.552 2.519 2.485 2.452 2.418 2.418 2.441 2.463 2.485 2.507 2.529 2.551 2.479 2.392 2.305
2.586 2.616 2.675 2.675 2.702 2.726 2.749 2.772 2.791 2.743 2.695 2.647 2.642 2.644 2.646 2.648 2.649 2.651 2.656 2.656 2.679 2.703 2.726 2.749 2.772 2.796 2.819 2.842 2.865 2.888 2.933 2.910 2.899 2.904 2.913 2.913 2.918 2.923 2.927 2.932 2.937 2.941 2.946 2.938 2.925 2.912 2.899 2.886 2.874 2.861 2.848 2.848 2.822 2.809 2.758 2.775 2.761 2.728 2.694 2.660 2.627 2.593 2.559 2.526 2.492 2.458 2.425 2.425 2.446 2.468 2.489 2.511 2.533 2.555 2.577 2.599 2.621
2.797 2.827 2.876 2.876 2.899 2.923 2.946 2.969 2.982 2.934 2.886 2.838 2.790 2.765 2.767 2.769 2.770 2.772 2.779 2.779 2.802 2.825 2.848 2.872 2.895 2.918 2.941 2.964 3.013 3.094 3.174 3.139 3.021 2.951 2.961 2.961 2.966 2.970 2.975 2.980 2.984 2.989 2.994 2.985 2.972 2.959 2.946 2.934 2.921 2.908 2.895 2.895 2.869 2.857 2.879 2.798 2.765 2.731 2.697 2.664 2.630 2.596 2.563 2.529 2.495 2.462 2.428 2.428 2.448 2.470 2.492 2.514 2.536 2.557 2.579 2.601 2.630
3.003 3.026 3.073 3.073 3.096 3.120 3.143 3.166 3.173 3.125 3.077 3.029 2.981 2.933 2.888 2.890 2.892 2.893 2.901 2.901 2.924 2.948 2.971 2.994 3.017 3.040 3.094 3.174 3.255 3.336 3.416 3.367 3.249 3.132 3.008 3.009 3.013 3.018 3.023 3.027 3.032 3.037 3.042 3.032 3.019 3.006 2.994 2.981 2.968 2.955 2.942 2.942 2.936 3.002 3.068 2.982 2.842 2.734 2.701 2.667 2.633 2.600 2.566 2.532 2.499 2.465 2.431 2.431 2.450 2.472 2.494 2.516 2.538 2.560 2.581 2.632 2.708
3.200 3.224 3.270 3.270 3.294 3.317 3.340 3.364 3.364 3.316 3.268 3.220 3.172 3.125 3.077 3.029 3.013 3.015 3.023 3.023 3.047 3.070 3.093 3.116 3.174 3.255 3.335 3.416 3.497 3.577 3.658 3.595 3.478 3.360 3.125 3.125 3.061 3.066 3.070 3.075 3.080 3.085 3.089 3.079 3.066 3.054 3.041 3.028 3.015 3.002 2.993 2.993 3.125 3.191 3.257 3.172 3.032 2.891 2.751 2.670 2.637 2.603 2.569 2.536 2.502 2.468 2.435 2.435 2.452 2.474 2.496 2.518 2.540 2.562 2.634 2.710 2.786
3.397 3.421 3.467 3.467 3.491 3.514 3.537 3.561 3.555 3.507 3.459 3.411 3.364 3.316 3.268 3.220 3.172 3.136 3.146 3.146 3.169 3.192 3.254 3.335 3.416 3.497 3.577 3.658 3.739 3.819 3.900 3.824 3.706 3.589 3.353 3.353 3.236 3.118 3.118 3.123 3.127 3.132 3.137 3.126 3.114 3.101 3.088 3.075 3.062 3.116 3.182 3.182 3.314 3.380 3.446 3.362 3.222 3.082 2.941 2.801 2.660 2.607 2.573 2.539 2.506 2.472 2.438 2.438 2.454 2.476 2.498 2.520 2.559 2.636 2.712 2.788 2.864
3.594 3.618 3.664 3.664 3.688 3.711 3.734 3.758 3.746 3.698 3.650 3.603 3.555 3.507 3.459 3.411 3.363 3.315 3.268 3.268 3.335 3.416 3.496 3.577 3.658 3.738 3.819 3.900 3.980 4.061 4.142 4.052 3.934 3.817 3.582 3.582 3.464 3.347 3.229 3.170 3.175 3.180 3.184 3.174 3.161 3.148 3.135 3.172 3.238 3.304 3.370 3.371 3.503 3.569 3.635 3.553 3.412 3.272 3.131 2.991 2.851 2.710 2.576 2.543 2.509 2.475 2.441 2.441 2.456 2.478 2.500 2.561 2.637 2.713 2.790 2.866 2.942
3.801 3.815 3.861 3.861 3.885 3.908 3.931 3.955 3.937 3.889 3.841 3.794 3.746 3.698 3.650 3.602 3.554 3.506 3.511 3.511 3.577 3.657 3.738 3.819 3.899 3.980 4.061 4.142 4.222 4.303 4.384 4.280 4.163 4.045 3.810 3.810 3.693 3.575 3.457 3.340 3.223 3.227 3.232 3.221 3.208 3.229 3.295 3.361 3.427 3.493 3.559 3.559 3.691 3.757 3.824 3.743 3.602 3.462 3.322 3.181 3.041 2.900 2.760 2.620 2.512 2.479 2.445 2.445 2.459 2.487 2.563 2.639 2.715 2.791 2.868 2.944 3.020
4.016 4.027 4.058 4.059 4.082 4.105 4.129 4.152 4.128 4.080 4.032 3.985 3.937 3.889 3.841 3.805 3.792 3.778 3.791 3.791 3.843 3.899 3.980 4.061 4.141 4.222 4.303 4.383 4.464 4.545 4.625 4.509 4.391 4.274 4.038 4.038 3.921 3.803 3.686 3.568 3.450 3.333 3.280 3.286 3.352 3.418 3.484 3.550 3.616 3.682 3.748 3.748 3.880 3.946 4.012 3.933 3.793 3.652 3.512 3.371 3.231 3.091 2.950 2.810 2.669 2.529 2.448 2.448 2.489 2.565 2.641 2.717 2.793 2.869 2.946 3.022 3.098
4.231 4.242 4.265 4.265 4.279 4.302 4.326 4.349 4.319 4.271 4.224 4.176 4.128 4.103 4.090 4.077 4.064 4.051 4.071 4.071 4.123 4.175 4.226 4.302 4.383 4.464 4.544 4.625 4.706 4.786 4.855 4.737 4.620 4.502 4.267 4.267 4.149 4.032 3.914 3.796 3.679 3.555 3.395 3.475 3.541 3.607 3.673 3.739 3.805 3.871 3.937 3.937 4.069 4.135 4.201 4.123 3.983 3.843 3.702 3.562 3.421 3.281 3.140 3.000 2.859 2.719 2.578 2.578 2.567 2.643 2.719 2.795 2.871 2.947 3.024 3.100 3.176
4.446 4.457 4.480 4.480 4.491 4.502 4.523 4.546 4.510 4.462 4.415 4.402 4.388 4.375 4.362 4.349 4.336 4.323 4.351 4.351 4.403 4.455 4.507 4.558 4.625 4.706 4.786 4.867 4.948 5.028 5.083 4.966 4.848 4.730 4.495 4.495 4.378 4.260 4.142 4.017 3.858 3.698 3.544 3.632 3.719 3.796 3.862 3.928 3.994 4.060 4.126 4.126 4.258 4.324 4.390 4.314 4.173 4.033 3.892 3.752 3.611 3.471 3.331 3.190 3.050 2.918 2.795 2.795 2.738 2.761 2.797 2.873 2.949 3.025 3.102 3.178 3.254
4.661 4.672 4.695 4.695 4.706 4.717 4.728 4.743 4.713 4.700 4.687 4.674 4.661 4.647 4.634 4.621 4.608 4.595 4.631 4.631 4.683 4.735 4.787 4.838 4.890 4.947 5.028 5.109 5.189 5.270 5.312 5.194 5.076 4.959 4.723 4.724 4.606 4.480 4.321 4.161 4.002 3.842 3.701 3.788 3.875 3.963 4.050 4.117 4.183 4.249 4.315 4.315 4.447 4.513 4.579 4.504 4.363 4.223 4.082 3.942 3.802 3.661 3.521 3.382 3.259 3.135 3.011 3.011 2.941 2.964 2.987 3.011 3.034 3.103 3.179 3.256 3.332
4.876 4.888 4.910 4.910 4.921 4.932 4.893 4.843 4.985 4.972 4.959 4.946 4.933 4.920 4.907 4.893 4.880 4.867 4.911 4.911 4.963 5.015 5.067 5.118 5.170 5.222 5.274 5.351 5.431 5.512 5.540 5.422 5.305 5.187 4.943 4.943 4.783 4.624 4.464 4.305 4.145 3.986 3.857 3.944 4.031 4.119 4.206 4.293 4.372 4.438 4.504 4.504 4.636 4.702 4.768 4.694 4.554 4.413 4.273 4.132 3.992 3.851 3.723 3.599 3.475 3.352 3.228 3.228 3.143 3.167 3.190 3.213 3.237 3.260 3.284 3.334 3.410
5.091 5.103 5.121 5.121 5.060 4.999 4.937 4.919 5.068 5.217 5.231 5.218 5.205 5.192 5.179 5.165 5.152 5.139 5.191 5.191 5.243 5.295 5.347 5.398 5.450 5.502 5.554 5.605 5.673 5.754 5.768 5.651 5.533 5.406 5.087 5.087 4.927 4.768 4.608 4.449 4.289 4.129 4.013 4.101 4.188 4.275 4.362 4.450 4.537 4.624 4.693 4.693 4.825 4.891 4.957 4.884 4.744 4.603 4.463 4.323 4.186 4.063 3.939 3.816 3.692 3.569 3.445 3.445 3.346 3.370 3.393 3.416 3.440 3.463 3.486 3.510 3.533
5.091 5.103 5.121 5.121 5.060 4.999 4.937 4.919 5.068 5.217 5.231 5.218 5.205 5.192 5.179 5.166 5.152 5.139 5.191 5.191 5.243 5.295 5.347 5.399 5.450 5.502 5.554 5.605 5.673 5.754 5.768 5.651 5.533 5.406 5.087 5.087 4.927 4.768 4.608 4.449 4.289 4.130 4.013 4.101 4.188 4.275 4.362 4.450 4.537 4.624 4.693 4.693 4.825 4.891 4.957 4.884 4.744 4.603 4.463 4.323 4.187 4.063 3.939 3.816 3.692 3.569 3.445 3.445 3.346 3.370 3.393 3.416 3.440 3.463 3.486 3.510 3.533
5.306 5.288 5.165 5.165 5.104 5.042 4.981 4.996 5.145 5.293 5.442 5.490 5.477 5.464 5.451 5.438 5.425 5.411 5.471 5.471 5.523 5.575 5.627 5.679 5.730 5.782 5.834 5.886 5.937 5.996 5.997 5.869 5.709 5.550 5.230 5.231 5.071 4.911 4.752 4.592 4.433 4.273 4.170 4.257 4.344 4.431 4.519 4.606 4.693 4.781 4.868 4.868 5.014 5.080 5.146 5.075 4.934 4.794 4.653 4.527 4.403 4.280 4.156 4.033 3.909 3.785 3.662 3.662 3.549 3.572 3.596 3.619 3.642 3.666 3.689 3.713 3.736
5.393 5.332 5.209 5.209 5.148 5.086 5.025 5.073 5.221 5.370 5.519 5.667 5.749 5.736 5.723 5.710 5.697 5.684 5.751 5.751 5.803 5.855 5.907 5.959 6.010 6.062 6.114 6.166 6.217 6.168 6.137 6.012 5.853 5.693 5.374 5.374 5.215 5.055 4.896 4.736 4.577 4.417 4.326 4.413 4.501 4.588 4.675 4.762 4.850 4.937 5.024 5.024 5.199 5.268 5.334 5.265 5.124 4.991 4.867 4.744 4.620 4.496 4.373 4.249 4.126 4.002 3.878 3.878 3.752 3.775 3.799 3.822 3.845 3.869 3.892 3.915 3.939
5.481 5.419 5.296 5.297 5.235 5.174 5.112 5.226 5.375 5.523 5.672 5.820 5.969 6.118 6.266 6.254 6.241 6.228 6.311 6.312 6.363 6.415 6.467 6.519 6.441 6.286 6.131 5.976 5.821 5.667 5.691 5.790 5.890 5.981 5.662 5.662 5.502 5.343 5.183 5.024 4.864 4.704 4.638 4.726 4.813 4.900 4.988 5.075 5.162 5.250 5.337 5.337 5.511 5.599 5.564 5.591 5.548 5.424 5.301 5.177 5.053 4.930 4.806 4.683 4.559 4.435 4.312 4.312 4.157 4.181 4.204 4.227 4.251 4.274 4.297 4.321 4.344
