includes/camargue/floodfiles/results_R2_t1.562343928288E12/res-0011.wd
ncols         906
nrows         631
xllcorner     362177.146667
yllcorner     6534725.688020
cellsize      20.000000
NODATA_value  -9999.000000
[rows 476 to 509 of 631, columns 693 to 769 of 906]
0.002 0.002 0.002 0.001 0.001 0.001 0.001 0.000 0.002 0.000 0.000 0.000 0.000 0.000 0.000 0.000 0.000 0.000 0.000 0.000 0.000 0.000 0.000 0.001 0.001 0.000 0.000 0.001 0.000 0.001 0.001 0.001 0.000 0.001 0.000 0.000 0.001 0.000 0.001 0.002 0.000 0.001 0.001 0.001 0.001 0.002 0.002 0.002 0.002 0.003 0.003 0.004 0.005 0.006 0.008 0.008 0.046 0.045 0.156 0.258 0.345 0.432 0.519 0.606 0.693 0.780 0.867 0.954 1.041 1.127 1.223 1.331 1.548 1.548 1.657 1.765 1.877
0.002 0.002 0.002 0.002 0.002 0.002 0.002 0.002 0.004 0.001 0.001 0.000 0.000 0.000 0.000 0.000 0.000 0.000 0.000 0.000 0.000 0.000 0.000 0.001 0.000 0.000 0.000 0.000 0.001 0.000 0.001 0.001 0.000 0.000 0.000 0.000 0.000 0.001 0.000 0.002 0.000 0.001 0.001 0.001 0.001 0.001 0.001 0.001 0.002 0.002 0.002 0.003 0.004 0.005 0.006 0.008 0.109 0.110 0.222 0.333 0.433 0.520 0.608 0.695 0.782 0.869 0.956 1.043 1.130 1.217 1.319 1.428 1.644 1.645 1.753 1.862 1.970
0.004 0.004 0.004 0.004 0.005 0.005 0.006 0.006 0.010 0.004 0.006 0.006 0.005 0.004 0.004 0.003 0.002 0.002 0.001 0.000 0.000 0.000 0.000 0.001 0.000 0.001 0.000 0.000 0.001 0.001 0.002 0.002 0.001 0.000 0.001 0.000 0.001 0.000 0.000 0.002 0.000 0.001 0.000 0.000 0.001 0.001 0.001 0.002 0.002 0.002 0.003 0.003 0.004 0.005 0.024 0.074 0.248 0.249 0.361 0.471 0.583 0.694 0.788 0.875 0.963 1.050 1.137 1.223 1.310 1.405 1.514 1.623 1.839 1.840 1.948 2.056 2.165
0.005 0.005 0.005 0.005 0.005 0.005 0.005 0.001 0.002 0.000 0.000 0.000 0.000 0.000 0.000 0.000 0.000 0.000 0.000 0.000 0.000 0.000 0.000 0.001 0.000 0.000 0.000 0.000 0.000 0.001 0.001 0.001 0.001 0.000 0.000 0.001 0.000 0.000 0.000 0.002 0.001 0.000 0.000 0.000 0.001 0.001 0.001 0.002 0.002 0.002 0.003 0.003 0.004 0.017 0.071 0.120 0.317 0.318 0.429 0.541 0.652 0.763 0.875 0.965 1.052 1.139 1.226 1.313 1.400 1.502 1.611 1.719 1.936 1.936 2.045 2.153 2.262
0.005 0.005 0.005 0.005 0.004 0.003 0.000 0.000 0.001 0.000 0.000 0.000 0.000 0.000 0.000 0.000 0.000 0.000 0.000 0.000 0.000 0.000 0.000 0.001 0.000 0.000 0.000 0.001 0.000 0.001 0.001 0.001 0.000 0.001 0.000 0.000 0.000 0.000 0.000 0.002 0.000 0.000 0.000 0.000 0.001 0.001 0.001 0.002 0.002 0.002 0.002 0.003 0.012 0.064 0.116 0.168 0.386 0.387 0.499 0.610 0.721 0.833 0.944 1.055 1.142 1.229 1.316 1.403 1.490 1.599 1.708 1.816 2.033 2.033 2.142 2.250 2.359
0.005 0.005 0.004 0.004 0.003 0.002 0.000 0.000 0.001 0.000 0.000 0.000 0.000 0.000 0.000 0.000 0.000 0.000 0.000 0.000 0.000 0.000 0.000 0.001 0.000 0.000 0.001 0.000 0.001 0.001 0.001 0.001 0.000 0.000 0.001 0.000 0.000 0.000 0.000 0.002 0.000 0.000 0.000 0.000 0.001 0.001 0.002 0.002 0.002 0.002 0.002 0.007 0.059 0.111 0.162 0.233 0.455 0.456 0.568 0.679 0.790 0.902 1.014 1.125 1.232 1.319 1.406 1.493 1.587 1.696 1.805 1.913 2.130 2.130 2.239 2.347 2.456
0.005 0.004 0.004 0.003 0.002 0.000 0.000 0.000 0.000 0.000 0.000 0.000 0.000 0.000 0.000 0.000 0.000 0.000 0.000 0.000 0.000 0.000 0.000 0.002 0.001 0.001 0.000 0.000 0.001 0.001 0.001 0.001 0.001 0.001 0.000 0.000 0.000 0.000 0.000 0.003 0.000 0.000 0.001 0.001 0.001 0.001 0.002 0.002 0.002 0.002 0.004 0.055 0.106 0.157 0.209 0.302 0.525 0.525 0.637 0.748 0.860 0.971 1.083 1.194 1.305 1.409 1.495 1.582 1.684 1.793 1.901 2.010 2.227 2.227 2.335 2.444 2.562
0.004 0.004 0.003 0.002 0.000 0.000 0.000 0.000 0.000 0.000 0.000 0.000 0.000 0.000 0.000 0.000 0.000 0.000 0.000 0.000 0.000 0.000 0.000 0.002 0.001 0.000 0.000 0.001 0.001 0.001 0.001 0.001 0.001 0.001 0.000 0.000 0.000 0.000 0.000 0.003 0.000 0.000 0.001 0.001 0.001 0.002 0.002 0.002 0.002 0.003 0.048 0.100 0.152 0.203 0.258 0.371 0.594 0.595 0.706 0.817 0.929 1.040 1.152 1.263 1.375 1.486 1.585 1.672 1.781 1.890 1.998 2.107 2.342 2.343 2.463 2.584 2.704
0.004 0.003 0.002 0.001 0.000 0.000 0.000 0.000 0.001 0.000 0.000 0.000 0.000 0.000 0.000 0.000 0.000 0.000 0.000 0.000 0.000 0.000 0.000 0.002 0.000 0.001 0.001 0.001 0.001 0.002 0.001 0.001 0.001 0.001 0.000 0.000 0.000 0.001 0.000 0.003 0.001 0.001 0.001 0.001 0.002 0.002 0.002 0.002 0.004 0.048 0.094 0.147 0.199 0.251 0.327 0.440 0.663 0.664 0.775 0.886 0.998 1.110 1.221 1.332 1.444 1.555 1.666 1.769 1.883 2.003 2.124 2.244 2.484 2.485 2.605 2.725 2.846
0.003 0.002 0.002 0.000 0.000 0.000 0.000 0.000 0.000 0.000 0.000 0.000 0.000 0.000 0.000 0.000 0.000 0.000 0.000 0.000 0.000 0.000 0.000 0.002 0.000 0.001 0.001 0.001 0.002 0.001 0.001 0.001 0.001 0.001 0.001 0.000 0.001 0.000 0.000 0.003 0.000 0.001 0.001 0.002 0.002 0.002 0.002 0.010 0.055 0.102 0.148 0.194 0.245 0.298 0.396 0.509 0.732 0.733 0.844 0.956 1.067 1.179 1.290 1.402 1.513 1.623 1.734 1.891 2.025 2.145 2.265 2.386 2.626 2.626 2.747 2.867 2.987
0.002 0.001 0.000 0.000 0.000 0.000 0.000 0.000 0.000 0.000 0.000 0.000 0.000 0.000 0.000 0.000 0.000 0.000 0.000 0.000 0.000 0.000 0.000 0.002 0.000 0.002 0.002 0.002 0.002 0.001 0.001 0.001 0.001 0.001 0.001 0.001 0.001 0.000 0.000 0.003 0.000 0.001 0.002 0.002 0.002 0.002 0.020 0.065 0.111 0.156 0.202 0.246 0.292 0.351 0.465 0.578 0.801 0.802 0.913 1.024 1.135 1.247 1.358 1.469 1.580 1.691 1.805 1.982 2.158 2.287 2.407 2.527 2.768 2.768 2.889 3.009 3.129
0.002 0.001 0.000 0.000 0.000 0.000 0.000 0.000 0.000 0.000 0.000 0.000 0.000 0.000 0.000 0.000 0.000 0.000 0.000 0.000 0.000 0.000 0.000 0.002 0.000 0.001 0.002 0.002 0.001 0.001 0.001 0.001 0.001 0.001 0.001 0.001 0.001 0.000 0.000 0.003 0.000 0.001 0.002 0.002 0.002 0.031 0.076 0.120 0.166 0.211 0.255 0.299 0.343 0.420 0.533 0.646 0.868 0.869 0.980 1.091 1.203 1.314 1.425 1.536 1.647 1.758 1.897 2.073 2.250 2.427 2.549 2.669 2.909 2.910 3.030 3.151 3.271
0.001 0.000 0.000 0.000 0.000 0.000 0.000 0.000 0.000 0.000 0.000 0.000 0.000 0.000 0.000 0.000 0.000 0.000 0.000 0.000 0.000 0.000 0.000 0.002 0.000 0.000 0.002 0.002 0.001 0.001 0.001 0.001 0.001 0.001 0.001 0.001 0.001 0.001 0.000 0.003 0.001 0.001 0.001 0.002 0.044 0.086 0.134 0.205 0.275 0.345 0.413 0.482 0.552 0.533 0.600 0.712 0.935 0.936 1.047 1.159 1.270 1.381 1.493 1.604 1.715 1.826 1.988 2.165 2.342 2.518 2.690 2.811 3.051 3.052 3.172 3.292 3.413
0.001 0.000 0.000 0.000 0.000 0.000 0.000 0.000 0.000 0.000 0.000 0.000 0.000 0.000 0.000 0.000 0.000 0.000 0.000 0.000 0.000 0.000 0.000 0.001 0.000 0.000 0.002 0.002 0.002 0.001 0.001 0.001 0.001 0.001 0.001 0.001 0.001 0.001 0.001 0.003 0.001 0.004 0.080 0.146 0.215 0.285 0.355 0.425 0.494 0.563 0.632 0.701 0.737 0.708 0.681 0.779 1.001 1.003 1.115 1.226 1.337 1.449 1.560 1.671 1.782 1.903 2.080 2.256 2.433 2.610 2.786 2.953 3.193 3.193 3.314 3.434 3.555
0.000 0.000 0.000 0.000 0.000 0.000 0.000 0.000 0.000 0.000 0.000 0.000 0.000 0.000 0.000 0.000 0.000 0.000 0.000 0.000 0.000 0.000 0.000 0.001 0.000 0.000 0.001 0.002 0.002 0.002 0.002 0.002 0.001 0.001 0.001 0.001 0.001 0.001 0.001 0.005 0.003 0.229 0.297 0.367 0.436 0.505 0.574 0.644 0.712 0.782 0.851 0.920 0.912 0.884 0.856 0.846 1.069 1.070 1.182 1.293 1.405 1.516 1.627 1.739 1.850 1.994 2.171 2.348 2.525 2.701 2.878 3.055 3.334 3.335 3.456 3.576 3.696
0.000 0.000 0.000 0.000 0.000 0.000 0.000 0.000 0.000 0.000 0.000 0.000 0.000 0.000 0.000 0.000 0.000 0.000 0.000 0.000 0.000 0.000 0.000 0.003 0.001 0.000 0.001 0.002 0.003 0.004 0.004 0.004 0.004 0.004 0.005 0.005 0.005 0.005 0.026 0.166 0.165 0.449 0.518 0.587 0.656 0.725 0.794 0.863 0.932 1.000 1.070 1.117 1.089 1.060 1.032 1.004 1.136 1.137 1.249 1.360 1.472 1.583 1.695 1.806 1.917 2.086 2.263 2.439 2.616 2.793 2.970 3.146 3.476 3.477 3.597 3.718 3.838
0.000 0.000 0.000 0.000 0.000 0.000 0.000 0.000 0.001 0.000 0.000 0.000 0.000 0.000 0.000 0.000 0.000 0.000 0.000 0.000 0.000 0.000 0.000 0.001 0.000 0.000 0.000 0.000 0.001 0.001 0.001 0.001 0.002 0.002 0.002 0.002 0.002 0.002 0.026 0.165 0.165 0.450 0.518 0.587 0.656 0.725 0.793 0.862 0.931 1.000 1.069 1.116 1.088 1.059 1.031 1.002 1.134 1.136 1.248 1.359 1.471 1.582 1.694 1.805 1.916 2.085 2.262 2.438 2.615 2.792 2.969 3.145 3.475 3.476 3.596 3.717 3.837
0.000 0.000 0.000 0.000 0.000 0.000 0.000 0.000 0.000 0.000 0.000 0.000 0.000 0.000 0.000 0.000 0.000 0.000 0.000 0.000 0.000 0.000 0.000 0.001 0.000 0.000 0.000 0.000 0.000 0.000 0.001 0.001 0.001 0.001 0.002 0.002 0.022 0.078 0.158 0.319 0.320 0.641 0.738 0.806 0.875 0.944 1.012 1.081 1.150 1.219 1.288 1.293 1.264 1.235 1.206 1.178 1.201 1.203 1.315 1.426 1.538 1.649 1.761 1.872 1.999 2.176 2.353 2.530 2.707 2.883 3.060 3.237 3.589 3.590 3.738 3.858 3.979
0.000 0.000 0.000 0.000 0.000 0.000 0.000 0.000 0.000 0.000 0.000 0.000 0.000 0.000 0.000 0.000 0.000 0.000 0.000 0.000 0.000 0.000 0.000 0.001 0.000 0.000 0.000 0.000 0.001 0.001 0.001 0.002 0.016 0.074 0.127 0.179 0.230 0.310 0.471 0.632 0.633 0.953 1.113 1.245 1.314 1.383 1.451 1.520 1.589 1.658 1.674 1.645 1.617 1.588 1.559 1.530 1.471 1.472 1.451 1.562 1.674 1.785 1.897 2.008 2.183 2.360 2.537 2.714 2.891 3.068 3.244 3.421 3.774 3.775 3.951 4.128 4.263
0.000 0.000 0.000 0.000 0.000 0.000 0.000 0.000 0.000 0.000 0.000 0.000 0.000 0.000 0.000 0.000 0.000 0.000 0.000 0.000 0.000 0.000 0.000 0.001 0.000 0.000 0.000 0.000 0.000 0.000 0.014 0.072 0.124 0.176 0.228 0.280 0.331 0.467 0.628 0.788 0.789 1.109 1.269 1.429 1.533 1.602 1.670 1.739 1.808 1.877 1.851 1.822 1.793 1.764 1.735 1.706 1.646 1.648 1.619 1.629 1.741 1.853 1.964 2.098 2.275 2.452 2.629 2.806 2.982 3.159 3.336 3.513 3.865 3.866 4.043 4.219 4.396
0.000 0.000 0.000 0.000 0.000 0.000 0.000 0.000 0.000 0.000 0.000 0.000 0.000 0.000 0.000 0.000 0.000 0.000 0.000 0.000 0.000 0.000 0.000 0.000 0.000 0.000 0.000 0.000 0.000 0.001 0.100 0.175 0.226 0.278 0.329 0.380 0.463 0.623 0.784 0.944 0.945 1.264 1.425 1.584 1.744 1.821 1.889 1.958 2.027 2.056 2.027 1.998 1.969 1.940 1.911 1.882 1.822 1.823 1.794 1.765 1.809 1.920 2.032 2.189 2.366 2.543 2.720 2.897 3.074 3.251 3.428 3.604 3.957 3.958 4.137 4.318 4.498
0.000 0.000 0.000 0.000 0.000 0.000 0.000 0.000 0.000 0.000 0.000 0.000 0.000 0.000 0.000 0.000 0.000 0.000 0.000 0.000 0.000 0.000 0.000 0.001 0.000 0.000 0.000 0.000 0.000 0.028 0.158 0.276 0.327 0.379 0.430 0.481 0.619 0.780 0.940 1.100 1.101 1.420 1.580 1.740 1.900 2.040 2.109 2.177 2.246 2.232 2.203 2.174 2.145 2.116 2.086 2.057 1.998 1.999 1.970 1.941 1.912 1.988 2.104 2.281 2.458 2.635 2.812 2.989 3.166 3.345 3.525 3.705 4.065 4.066 4.246 4.427 4.612
0.000 0.000 0.000 0.000 0.000 0.000 0.000 0.000 0.000 0.000 0.000 0.000 0.000 0.000 0.000 0.000 0.000 0.000 0.000 0.000 0.000 0.000 0.000 0.001 0.000 0.000 0.000 0.000 0.000 0.090 0.216 0.341 0.428 0.479 0.530 0.615 0.775 0.936 1.096 1.256 1.257 1.576 1.736 1.896 2.056 2.216 2.328 2.397 2.438 2.409 2.379 2.350 2.321 2.292 2.262 2.233 2.174 2.175 2.146 2.117 2.088 2.059 2.195 2.372 2.551 2.731 2.912 3.093 3.273 3.453 3.634 3.814 4.174 4.175 4.355 4.536 4.747
0.000 0.000 0.000 0.000 0.000 0.000 0.000 0.000 0.000 0.000 0.000 0.000 0.000 0.000 0.000 0.000 0.000 0.000 0.000 0.000 0.000 0.000 0.000 0.001 0.000 0.000 0.000 0.000 0.017 0.148 0.273 0.398 0.522 0.580 0.631 0.771 0.931 1.091 1.252 1.412 1.413 1.732 1.892 2.052 2.212 2.372 2.532 2.616 2.614 2.585 2.555 2.526 2.497 2.468 2.438 2.409 2.350 2.352 2.324 2.297 2.270 2.243 2.298 2.479 2.660 2.840 3.021 3.202 3.382 3.563 3.743 3.923 4.283 4.284 4.465 4.645 4.882
0.000 0.000 0.000 0.000 0.000 0.000 0.000 0.000 0.000 0.000 0.000 0.000 0.000 0.000 0.000 0.000 0.000 0.000 0.000 0.000 0.000 0.000 0.000 0.001 0.000 0.000 0.001 0.000 0.080 0.206 0.330 0.455 0.580 0.681 0.767 0.927 1.087 1.247 1.407 1.568 1.568 1.887 2.047 2.207 2.367 2.528 2.688 2.820 2.793 2.765 2.737 2.710 2.682 2.655 2.627 2.600 2.544 2.545 2.517 2.490 2.463 2.456 2.483 2.588 2.769 2.949 3.130 3.311 3.491 3.672 3.852 4.032 4.392 4.393 4.574 4.754 5.016
0.000 0.000 0.000 0.000 0.000 0.000 0.000 0.000 0.000 0.000 0.000 0.000 0.000 0.000 0.000 0.000 0.000 0.000 0.000 0.000 0.000 0.000 0.000 0.000 0.000 0.000 0.000 0.004 0.138 0.263 0.389 0.520 0.650 0.781 0.944 1.114 1.284 1.454 1.624 1.794 1.795 2.134 2.303 2.473 2.643 2.813 2.983 3.014 2.986 2.958 2.931 2.903 2.876 2.848 2.820 2.793 2.737 2.738 2.711 2.683 2.656 2.677 2.704 2.731 2.878 3.058 3.239 3.420 3.600 3.781 3.961 4.141 4.501 4.502 4.683 4.886 5.151
0.000 0.000 0.000 0.000 0.000 0.000 0.000 0.000 0.000 0.000 0.000 0.000 0.000 0.000 0.000 0.000 0.000 0.000 0.000 0.000 0.000 0.000 0.000 0.000 0.000 0.017 0.156 0.287 0.417 0.548 0.678 0.809 0.940 1.083 1.245 1.415 1.585 1.756 1.925 2.095 2.096 2.435 2.605 2.775 2.945 3.115 3.238 3.209 3.179 3.152 3.124 3.096 3.069 3.041 3.014 2.986 2.930 2.931 2.904 2.876 2.870 2.897 2.925 2.952 2.987 3.167 3.348 3.529 3.709 3.890 4.070 4.251 4.610 4.611 4.792 5.021 5.286
0.000 0.000 0.000 0.000 0.000 0.000 0.000 0.000 0.000 0.000 0.000 0.000 0.000 0.000 0.000 0.000 0.000 0.000 0.000 0.000 0.000 0.000 0.000 0.052 0.054 0.316 0.446 0.577 0.707 0.838 0.968 1.099 1.230 1.390 1.551 1.717 1.887 2.057 2.227 2.397 2.398 2.737 2.907 3.077 3.247 3.417 3.432 3.403 3.374 3.345 3.317 3.290 3.262 3.235 3.207 3.179 3.123 3.124 3.097 3.069 3.091 3.118 3.145 3.172 3.199 3.277 3.457 3.638 3.818 3.999 4.179 4.360 4.720 4.720 4.901 5.155 5.420
0.000 0.000 0.000 0.000 0.000 0.000 0.000 0.000 0.000 0.000 0.000 0.000 0.000 0.000 0.000 0.000 0.000 0.000 0.000 0.000 0.000 0.051 0.215 0.345 0.346 0.606 0.736 0.867 0.997 1.128 1.258 1.389 1.536 1.697 1.858 2.020 2.189 2.359 2.529 2.698 2.699 3.038 3.208 3.378 3.548 3.656 3.627 3.597 3.568 3.539 3.511 3.483 3.455 3.428 3.400 3.373 3.316 3.317 3.290 3.285 3.312 3.339 3.366 3.393 3.420 3.447 3.566 3.747 3.927 4.108 4.288 4.469 4.829 4.830 5.025 5.290 5.555
0.000 0.000 0.000 0.000 0.000 0.000 0.000 0.000 0.000 0.000 0.000 0.000 0.000 0.000 0.000 0.000 0.000 0.000 0.000 0.000 0.100 0.302 0.502 0.635 0.636 0.896 1.026 1.157 1.287 1.418 1.548 1.681 1.843 2.004 2.165 2.326 2.490 2.660 2.830 3.000 3.001 3.340 3.510 3.680 3.850 3.850 3.821 3.792 3.762 3.733 3.704 3.676 3.649 3.621 3.593 3.566 3.510 3.511 3.483 3.506 3.533 3.560 3.587 3.614 3.641 3.668 3.695 3.856 4.036 4.217 4.397 4.578 4.938 4.939 5.160 5.425 5.690
0.000 0.000 0.000 0.000 0.000 0.000 0.000 0.000 0.000 0.000 0.000 0.000 0.000 0.000 0.000 0.000 0.000 0.000 0.000 0.152 0.352 0.552 0.752 0.925 0.926 1.186 1.316 1.447 1.577 1.707 1.838 1.988 2.150 2.311 2.472 2.633 2.795 2.962 3.132 3.302 3.302 3.641 3.811 3.981 4.074 4.045 4.015 3.986 3.957 3.927 3.898 3.869 3.842 3.814 3.787 3.759 3.703 3.704 3.699 3.726 3.753 3.780 3.807 3.834 3.861 3.888 3.915 3.965 4.146 4.326 4.507 4.687 5.047 5.048 5.295 5.560 5.825
0.000 0.000 0.000 0.000 0.000 0.000 0.000 0.000 0.000 0.000 0.000 0.000 0.000 0.000 0.000 0.000 0.000 0.001 0.202 0.402 0.602 0.802 1.002 1.202 1.202 1.475 1.606 1.736 1.867 1.997 2.134 2.295 2.457 2.618 2.779 2.940 3.102 3.263 3.433 3.603 3.604 3.943 4.113 4.283 4.268 4.239 4.210 4.180 4.151 4.122 4.093 4.063 4.035 4.007 3.980 3.952 3.896 3.897 3.920 3.947 3.974 4.001 4.028 4.055 4.082 4.109 4.136 4.163 4.255 4.435 4.616 4.796 5.164 5.165 5.430 5.695 5.959
0.000 0.000 0.000 0.000 0.000 0.000 0.000 0.000 0.000 0.000 0.000 0.000 0.000 0.000 0.000 0.000 0.000 0.001 0.202 0.402 0.602 0.802 1.001 1.201 1.202 1.475 1.606 1.736 1.866 1.997 2.134 2.295 2.456 2.617 2.779 2.940 3.101 3.263 3.433 3.603 3.604 3.943 4.113 4.283 4.268 4.238 4.209 4.180 4.151 4.121 4.092 4.063 4.035 4.007 3.979 3.952 3.895 3.897 3.920 3.947 3.974 4.001 4.028 4.055 4.081 4.108 4.135 4.162 4.254 4.434 4.615 4.795 5.163 5.164 5.429 5.694 5.959
0.000 0.000 0.000 0.000 0.000 0.000 0.000 0.000 0.000 0.000 0.000 0.000 0.000 0.000 0.000 0.000 0.053 0.253 0.453 0.652 0.852 1.052 1.251 1.451 1.452 1.765 1.895 2.026 2.156 2.287 2.441 2.602 2.763 2.924 3.086 3.247 3.408 3.569 3.734 3.904 3.905 4.244 4.414 4.492 4.462 4.433 4.403 4.374 4.345 4.316 4.286 4.257 4.228 4.200 4.173 4.145 4.113 4.114 4.141 4.168 4.195 4.221 4.248 4.275 4.302 4.329 4.356 4.383 4.410 4.544 4.724 4.905 5.298 5.299 5.564 5.829 6.093
