includes/camargue/floodfiles/results_R2_t1.562343928288E12/res-0011.wd
ncols         906
nrows         631
xllcorner     362177.146667
yllcorner     6534725.688020
cellsize      20.000000
NODATA_value  -9999.000000
[rows 408 to 441 of 631, columns 770 to 846 of 906]
0.002 0.002 0.002 0.002 0.002 0.002 0.002 0.002 0.002 0.003 0.002 0.006 0.003 0.003 0.003 0.003 0.003 0.003 0.003 0.003 0.003 0.003 0.003 0.003 0.004 0.004 0.003 0.008 0.004 0.005 0.005 0.005 0.005 0.006 0.006 0.006 0.008 0.050 0.090 0.128 0.156 0.182 0.191 0.201 0.202 0.218 0.226 0.234 0.242 0.249 0.256 0.263 0.271 0.278 0.285 0.293 0.318 0.346 0.375 0.391 0.390 0.409 0.418 0.428 0.437 0.445 0.460 0.478 0.496 0.515 0.533 0.552 0.570 0.587 0.594 0.602 0.601
0.002 0.002 0.002 0.002 0.002 0.003 0.003 0.003 0.003 0.003 0.002 0.006 0.003 0.003 0.003 0.003 0.003 0.003 0.003 0.003 0.004 0.004 0.004 0.004 0.004 0.004 0.003 0.008 0.005 0.005 0.005 0.005 0.005 0.006 0.006 0.010 0.063 0.096 0.133 0.172 0.206 0.236 0.259 0.268 0.268 0.286 0.293 0.299 0.306 0.313 0.319 0.327 0.336 0.345 0.352 0.369 0.397 0.425 0.453 0.474 0.473 0.492 0.501 0.511 0.520 0.529 0.538 0.546 0.560 0.579 0.597 0.615 0.634 0.650 0.658 0.665 0.664
0.005 0.005 0.005 0.005 0.005 0.005 0.005 0.006 0.006 0.006 0.005 0.011 0.006 0.006 0.006 0.006 0.006 0.006 0.007 0.007 0.007 0.007 0.007 0.007 0.007 0.007 0.007 0.014 0.008 0.009 0.009 0.009 0.009 0.010 0.016 0.070 0.108 0.146 0.186 0.223 0.258 0.286 0.312 0.333 0.334 0.351 0.358 0.365 0.372 0.379 0.386 0.394 0.402 0.411 0.419 0.447 0.476 0.504 0.532 0.558 0.558 0.576 0.585 0.594 0.604 0.612 0.621 0.630 0.639 0.648 0.660 0.679 0.698 0.713 0.721 0.728 0.728
0.002 0.002 0.002 0.002 0.002 0.003 0.003 0.003 0.003 0.003 0.002 0.006 0.003 0.003 0.003 0.003 0.003 0.003 0.003 0.003 0.003 0.004 0.004 0.004 0.004 0.004 0.003 0.008 0.004 0.004 0.005 0.005 0.005 0.006 0.026 0.071 0.107 0.146 0.185 0.223 0.258 0.285 0.311 0.332 0.332 0.349 0.356 0.363 0.371 0.379 0.386 0.393 0.401 0.409 0.417 0.446 0.474 0.503 0.531 0.557 0.557 0.576 0.584 0.593 0.602 0.610 0.619 0.628 0.637 0.646 0.659 0.678 0.696 0.712 0.719 0.727 0.726
0.002 0.002 0.002 0.002 0.002 0.003 0.003 0.003 0.003 0.003 0.002 0.006 0.003 0.003 0.003 0.003 0.003 0.003 0.003 0.003 0.003 0.004 0.004 0.004 0.004 0.004 0.003 0.008 0.004 0.004 0.005 0.005 0.008 0.049 0.087 0.123 0.159 0.197 0.235 0.272 0.308 0.335 0.361 0.387 0.386 0.414 0.421 0.428 0.436 0.444 0.452 0.460 0.467 0.475 0.495 0.524 0.552 0.581 0.610 0.638 0.638 0.659 0.667 0.676 0.685 0.694 0.702 0.711 0.720 0.729 0.738 0.748 0.760 0.775 0.790 0.819 0.818
0.002 0.002 0.002 0.002 0.002 0.002 0.002 0.002 0.002 0.002 0.002 0.005 0.002 0.002 0.002 0.003 0.003 0.003 0.003 0.003 0.003 0.003 0.003 0.003 0.003 0.003 0.003 0.006 0.003 0.004 0.004 0.020 0.068 0.106 0.140 0.175 0.212 0.249 0.286 0.323 0.358 0.384 0.410 0.436 0.435 0.479 0.486 0.494 0.501 0.510 0.518 0.526 0.534 0.545 0.573 0.602 0.630 0.659 0.688 0.716 0.716 0.741 0.750 0.759 0.768 0.777 0.786 0.795 0.804 0.812 0.821 0.830 0.839 0.876 0.889 0.917 0.917
0.002 0.002 0.002 0.002 0.002 0.003 0.003 0.003 0.003 0.003 0.002 0.006 0.003 0.003 0.003 0.003 0.003 0.003 0.003 0.003 0.004 0.004 0.004 0.004 0.004 0.004 0.003 0.013 0.013 0.067 0.103 0.136 0.171 0.206 0.243 0.280 0.317 0.354 0.390 0.426 0.458 0.484 0.510 0.536 0.535 0.587 0.612 0.627 0.635 0.644 0.652 0.660 0.675 0.703 0.732 0.760 0.789 0.817 0.846 0.875 0.874 0.909 0.918 0.927 0.936 0.944 0.953 0.962 0.971 0.980 0.997 1.049 1.101 1.152 1.163 1.170 1.169
0.002 0.002 0.002 0.002 0.002 0.002 0.003 0.003 0.003 0.003 0.002 0.006 0.003 0.003 0.003 0.003 0.003 0.003 0.003 0.003 0.004 0.004 0.004 0.004 0.004 0.004 0.004 0.085 0.083 0.118 0.153 0.188 0.223 0.259 0.295 0.332 0.369 0.405 0.441 0.477 0.507 0.533 0.558 0.584 0.583 0.636 0.661 0.687 0.701 0.709 0.718 0.725 0.753 0.781 0.810 0.839 0.867 0.896 0.924 0.953 0.952 0.992 1.001 1.009 1.019 1.028 1.037 1.046 1.055 1.078 1.130 1.182 1.234 1.286 1.303 1.309 1.309
0.002 0.002 0.002 0.002 0.002 0.002 0.003 0.003 0.003 0.003 0.002 0.006 0.003 0.003 0.003 0.003 0.003 0.003 0.003 0.004 0.004 0.004 0.004 0.004 0.004 0.004 0.046 0.132 0.131 0.169 0.203 0.238 0.274 0.310 0.347 0.383 0.420 0.456 0.492 0.528 0.556 0.582 0.608 0.633 0.633 0.685 0.711 0.736 0.762 0.775 0.783 0.802 0.831 0.860 0.889 0.917 0.946 0.975 1.003 1.031 1.030 1.075 1.084 1.093 1.102 1.111 1.120 1.129 1.160 1.212 1.263 1.315 1.367 1.419 1.443 1.449 1.449
0.002 0.003 0.003 0.003 0.003 0.003 0.003 0.003 0.003 0.003 0.002 0.006 0.003 0.003 0.003 0.003 0.003 0.003 0.003 0.003 0.003 0.003 0.004 0.004 0.004 0.052 0.096 0.177 0.176 0.214 0.252 0.288 0.325 0.361 0.397 0.434 0.471 0.507 0.543 0.579 0.606 0.631 0.657 0.683 0.682 0.735 0.760 0.786 0.812 0.838 0.852 0.880 0.909 0.938 0.967 0.996 1.025 1.053 1.082 1.110 1.109 1.158 1.167 1.176 1.185 1.194 1.203 1.241 1.293 1.345 1.397 1.449 1.501 1.553 1.583 1.589 1.589
0.003 0.003 0.003 0.003 0.003 0.003 0.003 0.003 0.003 0.003 0.002 0.006 0.003 0.003 0.003 0.003 0.003 0.003 0.003 0.003 0.003 0.004 0.004 0.005 0.058 0.100 0.143 0.223 0.222 0.260 0.299 0.339 0.376 0.413 0.449 0.485 0.522 0.558 0.594 0.629 0.655 0.681 0.706 0.732 0.732 0.784 0.810 0.836 0.862 0.892 0.927 0.958 0.988 1.017 1.046 1.075 1.103 1.132 1.160 1.189 1.188 1.242 1.251 1.260 1.269 1.278 1.323 1.375 1.427 1.479 1.531 1.583 1.634 1.686 1.723 1.729 1.729
0.003 0.003 0.003 0.003 0.003 0.003 0.003 0.003 0.003 0.003 0.002 0.006 0.003 0.003 0.003 0.003 0.003 0.003 0.003 0.003 0.003 0.004 0.005 0.061 0.105 0.148 0.190 0.269 0.268 0.307 0.346 0.386 0.425 0.464 0.500 0.536 0.573 0.609 0.645 0.678 0.704 0.730 0.756 0.782 0.781 0.834 0.860 0.891 0.926 0.962 0.996 1.028 1.059 1.091 1.122 1.153 1.182 1.211 1.239 1.267 1.267 1.325 1.335 1.344 1.353 1.405 1.457 1.509 1.561 1.613 1.665 1.716 1.768 1.820 1.863 1.869 1.869
0.003 0.003 0.003 0.003 0.003 0.003 0.003 0.003 0.003 0.003 0.002 0.006 0.003 0.003 0.003 0.003 0.003 0.003 0.003 0.003 0.004 0.006 0.065 0.108 0.151 0.195 0.236 0.315 0.314 0.354 0.394 0.434 0.473 0.512 0.552 0.588 0.624 0.660 0.696 0.728 0.754 0.779 0.805 0.831 0.831 0.889 0.925 0.960 0.996 1.031 1.066 1.097 1.129 1.160 1.192 1.223 1.255 1.286 1.318 1.346 1.345 1.403 1.418 1.435 1.487 1.539 1.590 1.642 1.694 1.746 1.798 1.850 1.902 1.954 2.003 2.010 2.009
0.003 0.003 0.003 0.003 0.003 0.003 0.003 0.003 0.003 0.003 0.002 0.006 0.003 0.003 0.003 0.003 0.003 0.003 0.003 0.004 0.008 0.067 0.110 0.153 0.198 0.242 0.282 0.361 0.361 0.401 0.441 0.481 0.521 0.560 0.599 0.639 0.676 0.712 0.748 0.777 0.803 0.829 0.855 0.886 0.886 0.958 0.993 1.029 1.065 1.100 1.135 1.167 1.198 1.229 1.261 1.292 1.324 1.355 1.387 1.418 1.417 1.481 1.517 1.569 1.620 1.672 1.724 1.776 1.828 1.880 1.932 1.984 2.036 2.088 2.140 2.150 2.150
0.003 0.003 0.003 0.003 0.003 0.003 0.003 0.003 0.003 0.003 0.002 0.006 0.003 0.003 0.003 0.003 0.003 0.003 0.003 0.010 0.069 0.113 0.157 0.201 0.246 0.289 0.328 0.408 0.408 0.448 0.488 0.528 0.568 0.607 0.646 0.686 0.725 0.763 0.799 0.827 0.852 0.884 0.920 0.955 0.954 1.026 1.062 1.098 1.134 1.169 1.205 1.236 1.267 1.299 1.330 1.361 1.393 1.425 1.456 1.488 1.487 1.578 1.656 1.705 1.754 1.806 1.858 1.910 1.962 2.014 2.066 2.117 2.169 2.221 2.273 2.290 2.290
0.003 0.003 0.003 0.003 0.003 0.003 0.003 0.003 0.003 0.003 0.003 0.006 0.003 0.003 0.003 0.003 0.003 0.003 0.012 0.071 0.117 0.161 0.204 0.248 0.292 0.336 0.375 0.455 0.456 0.496 0.535 0.575 0.614 0.654 0.693 0.732 0.771 0.811 0.850 0.882 0.918 0.953 0.988 1.024 1.023 1.095 1.131 1.167 1.202 1.238 1.274 1.305 1.337 1.368 1.399 1.431 1.462 1.494 1.525 1.557 1.556 1.711 1.796 1.846 1.895 1.944 1.993 2.043 2.095 2.147 2.199 2.251 2.303 2.355 2.407 2.430 2.430
0.003 0.003 0.003 0.003 0.003 0.003 0.003 0.003 0.003 0.003 0.003 0.006 0.003 0.003 0.003 0.003 0.003 0.014 0.074 0.119 0.164 0.207 0.251 0.295 0.339 0.383 0.423 0.503 0.503 0.543 0.582 0.622 0.661 0.700 0.739 0.779 0.818 0.862 0.907 0.949 0.986 1.022 1.057 1.092 1.092 1.164 1.199 1.235 1.271 1.307 1.343 1.374 1.406 1.437 1.469 1.500 1.531 1.563 1.594 1.667 1.667 1.844 1.933 1.986 2.036 2.085 2.134 2.183 2.233 2.282 2.333 2.385 2.437 2.489 2.541 2.571 2.570
0.003 0.003 0.003 0.003 0.003 0.003 0.003 0.003 0.003 0.003 0.003 0.007 0.003 0.003 0.003 0.003 0.010 0.074 0.121 0.165 0.210 0.254 0.298 0.342 0.387 0.430 0.470 0.550 0.550 0.590 0.629 0.669 0.708 0.747 0.786 0.830 0.875 0.921 0.966 1.008 1.050 1.091 1.126 1.161 1.160 1.232 1.268 1.304 1.340 1.376 1.412 1.444 1.475 1.506 1.538 1.569 1.600 1.632 1.712 1.800 1.800 1.977 2.066 2.127 2.176 2.225 2.275 2.324 2.373 2.423 2.472 2.521 2.571 2.623 2.675 2.711 2.710
0.007 0.007 0.007 0.007 0.007 0.007 0.007 0.007 0.007 0.007 0.006 0.012 0.007 0.007 0.007 0.009 0.070 0.118 0.165 0.212 0.256 0.301 0.345 0.389 0.434 0.477 0.517 0.598 0.597 0.637 0.676 0.715 0.755 0.798 0.843 0.889 0.934 0.980 1.025 1.067 1.109 1.150 1.192 1.230 1.229 1.301 1.337 1.373 1.409 1.445 1.481 1.513 1.544 1.576 1.607 1.638 1.670 1.757 1.845 1.934 1.933 2.111 2.199 2.267 2.317 2.366 2.415 2.465 2.514 2.563 2.613 2.662 2.711 2.761 2.810 2.872 2.872
0.003 0.003 0.003 0.003 0.003 0.003 0.003 0.004 0.004 0.004 0.003 0.007 0.003 0.003 0.003 0.006 0.066 0.115 0.162 0.209 0.254 0.298 0.342 0.387 0.432 0.475 0.516 0.596 0.596 0.635 0.674 0.713 0.752 0.796 0.841 0.887 0.932 0.978 1.023 1.065 1.107 1.149 1.191 1.229 1.228 1.300 1.335 1.371 1.407 1.443 1.479 1.511 1.543 1.574 1.605 1.637 1.668 1.755 1.843 1.932 1.932 2.109 2.198 2.266 2.316 2.365 2.414 2.463 2.513 2.562 2.611 2.661 2.710 2.760 2.809 2.871 2.871
0.003 0.003 0.003 0.003 0.003 0.004 0.004 0.004 0.004 0.004 0.003 0.007 0.003 0.003 0.005 0.062 0.108 0.157 0.205 0.252 0.300 0.345 0.390 0.434 0.479 0.522 0.563 0.643 0.643 0.682 0.721 0.766 0.810 0.855 0.900 0.946 0.992 1.037 1.082 1.124 1.166 1.208 1.250 1.292 1.291 1.369 1.405 1.440 1.476 1.512 1.548 1.580 1.612 1.643 1.675 1.712 1.800 1.888 1.977 2.065 2.065 2.243 2.332 2.407 2.456 2.506 2.555 2.604 2.653 2.703 2.752 2.802 2.851 2.900 2.983 3.214 3.214
0.003 0.003 0.003 0.003 0.003 0.003 0.003 0.003 0.003 0.003 0.002 0.006 0.003 0.004 0.057 0.104 0.151 0.199 0.247 0.295 0.343 0.390 0.437 0.482 0.527 0.569 0.610 0.690 0.689 0.734 0.779 0.824 0.869 0.914 0.959 1.005 1.051 1.097 1.141 1.183 1.226 1.267 1.309 1.351 1.350 1.434 1.474 1.509 1.545 1.581 1.617 1.650 1.681 1.713 1.757 1.845 1.933 2.022 2.110 2.199 2.199 2.376 2.465 2.548 2.597 2.646 2.696 2.745 2.794 2.844 2.893 2.942 2.992 3.079 3.309 3.540 3.540
0.005 0.005 0.004 0.004 0.004 0.004 0.004 0.004 0.004 0.004 0.003 0.038 0.043 0.094 0.142 0.191 0.239 0.287 0.335 0.383 0.431 0.479 0.528 0.576 0.625 0.672 0.718 0.809 0.808 0.854 0.899 0.944 0.989 1.034 1.080 1.125 1.171 1.217 1.261 1.303 1.345 1.387 1.429 1.470 1.469 1.554 1.596 1.638 1.680 1.721 1.757 1.790 1.849 1.937 2.025 2.113 2.202 2.290 2.379 2.467 2.467 2.645 2.734 2.822 2.880 2.929 2.978 3.028 3.077 3.127 3.176 3.270 3.501 3.732 3.963 4.193 4.193
0.005 0.006 0.006 0.005 0.004 0.004 0.004 0.004 0.004 0.004 0.003 0.091 0.090 0.138 0.186 0.236 0.283 0.331 0.378 0.426 0.475 0.523 0.572 0.623 0.674 0.727 0.777 0.868 0.867 0.913 0.958 1.003 1.048 1.093 1.139 1.184 1.230 1.276 1.320 1.362 1.404 1.446 1.487 1.529 1.528 1.613 1.655 1.697 1.739 1.781 1.823 1.894 1.982 2.070 2.159 2.247 2.335 2.424 2.512 2.601 2.601 2.779 2.867 2.956 3.021 3.070 3.119 3.169 3.218 3.267 3.365 3.596 3.827 4.058 4.289 4.520 4.519
0.005 0.005 0.006 0.006 0.005 0.005 0.005 0.004 0.004 0.005 0.035 0.134 0.133 0.182 0.230 0.279 0.326 0.374 0.422 0.470 0.519 0.570 0.622 0.673 0.724 0.777 0.829 0.927 0.926 0.971 1.016 1.062 1.107 1.152 1.198 1.244 1.289 1.335 1.379 1.421 1.463 1.505 1.546 1.588 1.587 1.672 1.714 1.756 1.798 1.854 1.946 2.035 2.119 2.204 2.292 2.381 2.469 2.558 2.646 2.735 2.734 2.912 3.001 3.090 3.162 3.211 3.260 3.310 3.359 3.461 3.691 3.922 4.153 4.384 4.615 4.846 4.846
0.004 0.005 0.005 0.006 0.007 0.006 0.005 0.005 0.008 0.050 0.081 0.177 0.177 0.225 0.273 0.322 0.370 0.417 0.466 0.517 0.568 0.620 0.671 0.723 0.774 0.826 0.879 0.983 0.982 1.030 1.075 1.120 1.166 1.211 1.257 1.303 1.349 1.394 1.438 1.480 1.522 1.563 1.605 1.647 1.646 1.731 1.773 1.815 1.905 1.997 2.089 2.178 2.263 2.347 2.432 2.517 2.603 2.691 2.780 2.869 2.868 3.046 3.135 3.223 3.303 3.352 3.401 3.451 3.556 3.787 4.018 4.249 4.479 4.710 4.941 5.172 5.172
0.004 0.004 0.005 0.005 0.006 0.007 0.007 0.020 0.064 0.094 0.125 0.221 0.221 0.269 0.317 0.365 0.414 0.465 0.516 0.567 0.618 0.670 0.721 0.773 0.824 0.876 0.928 1.033 1.032 1.084 1.134 1.180 1.225 1.271 1.316 1.362 1.408 1.453 1.496 1.538 1.580 1.622 1.664 1.706 1.705 1.790 1.864 1.956 2.048 2.140 2.232 2.321 2.406 2.491 2.575 2.660 2.745 2.830 2.915 3.002 3.002 3.180 3.269 3.357 3.444 3.493 3.542 3.652 3.882 4.113 4.344 4.575 4.806 5.037 5.267 5.499 5.498
0.004 0.004 0.005 0.005 0.005 0.006 0.013 0.075 0.106 0.135 0.168 0.265 0.265 0.313 0.362 0.413 0.464 0.515 0.566 0.617 0.668 0.720 0.771 0.822 0.874 0.926 0.978 1.082 1.082 1.133 1.185 1.237 1.284 1.330 1.375 1.421 1.467 1.512 1.555 1.597 1.639 1.681 1.723 1.765 1.764 1.914 2.006 2.098 2.190 2.282 2.374 2.464 2.549 2.634 2.719 2.804 2.889 2.973 3.058 3.143 3.143 3.314 3.402 3.491 3.580 3.634 3.747 3.978 4.209 4.439 4.670 4.901 5.132 5.363 5.594 5.825 5.825
0.004 0.004 0.004 0.005 0.005 0.006 0.035 0.095 0.143 0.175 0.212 0.311 0.311 0.362 0.412 0.463 0.514 0.565 0.616 0.667 0.718 0.770 0.821 0.872 0.924 0.976 1.028 1.132 1.131 1.183 1.235 1.287 1.339 1.389 1.435 1.480 1.526 1.571 1.614 1.656 1.698 1.740 1.782 1.873 1.872 2.057 2.149 2.241 2.333 2.425 2.517 2.608 2.693 2.777 2.862 2.947 3.032 3.117 3.202 3.287 3.287 3.457 3.542 3.627 3.714 3.842 4.073 4.304 4.535 4.766 4.997 5.227 5.458 5.689 5.920 6.151 6.151
0.004 0.004 0.004 0.005 0.005 0.006 0.061 0.111 0.158 0.206 0.258 0.360 0.360 0.411 0.462 0.513 0.564 0.615 0.666 0.717 0.768 0.819 0.871 0.922 0.974 1.026 1.078 1.182 1.181 1.233 1.285 1.337 1.389 1.441 1.493 1.539 1.585 1.630 1.673 1.715 1.757 1.831 1.923 2.015 2.015 2.199 2.291 2.384 2.476 2.568 2.660 2.751 2.836 2.921 3.006 3.090 3.175 3.260 3.345 3.430 3.430 3.601 3.686 3.771 3.895 4.112 4.366 4.621 4.861 5.092 5.323 5.554 5.785 6.016 6.247 6.478 6.478
0.004 0.004 0.004 0.004 0.005 0.014 0.078 0.126 0.181 0.242 0.301 0.409 0.409 0.460 0.511 0.562 0.613 0.664 0.715 0.767 0.818 0.869 0.920 0.972 1.023 1.075 1.127 1.232 1.231 1.283 1.335 1.387 1.439 1.491 1.543 1.595 1.644 1.689 1.731 1.790 1.882 1.974 2.066 2.158 2.158 2.342 2.434 2.526 2.618 2.710 2.803 2.894 2.979 3.064 3.149 3.234 3.319 3.404 3.489 3.574 3.574 3.744 3.829 3.952 4.143 4.340 4.594 4.848 5.103 5.357 5.612 5.866 6.111 6.342 6.573 6.804 6.804
0.004 0.004 0.004 0.004 0.005 0.043 0.098 0.161 0.223 0.285 0.343 0.456 0.456 0.509 0.561 0.612 0.663 0.714 0.765 0.816 0.868 0.919 0.970 1.021 1.073 1.125 1.177 1.281 1.281 1.333 1.385 1.437 1.489 1.541 1.593 1.645 1.697 1.749 1.841 1.932 2.024 2.116 2.208 2.300 2.300 2.485 2.577 2.669 2.761 2.853 2.945 3.037 3.122 3.207 3.292 3.377 3.462 3.547 3.632 3.718 3.717 3.888 4.009 4.200 4.391 4.582 4.822 5.076 5.331 5.585 5.840 6.094 6.349 6.603 6.858 7.112 7.112
0.004 0.004 0.004 0.004 0.008 0.078 0.140 0.203 0.266 0.328 0.385 0.498 0.497 0.554 0.610 0.661 0.713 0.764 0.815 0.866 0.918 0.969 1.020 1.071 1.123 1.175 1.227 1.332 1.331 1.383 1.435 1.487 1.539 1.591 1.643 1.699 1.775 1.859 1.974 2.075 2.167 2.259 2.351 2.443 2.443 2.627 2.720 2.812 2.904 2.996 3.088 3.180 3.266 3.351 3.436 3.521 3.606 3.691 3.776 3.861 3.861 4.065 4.257 4.448 4.639 4.830 5.050 5.304 5.558 5.813 6.067 6.322 6.576 6.831 7.086 7.340 7.340
0.004 0.004 0.004 0.004 0.060 0.120 0.182 0.245 0.308 0.370 0.427 0.540 0.539 0.596 0.652 0.709 0.762 0.814 0.865 0.916 0.967 1.019 1.070 1.121 1.173 1.225 1.277 1.382 1.381 1.433 1.485 1.537 1.589 1.648 1.725 1.801 1.878 1.966 2.082 2.197 2.309 2.402 2.494 2.586 2.586 2.770 2.862 2.955 3.047 3.139 3.231 3.323 3.409 3.494 3.579 3.664 3.749 3.834 3.920 4.005 4.005 4.313 4.505 4.696 4.887 5.078 5.277 5.532 5.786 6.041 6.295 6.550 6.804 7.059 7.314 7.568 7.568
