includes/camargue/floodfiles/results_R2_t1.562343928288E12/res-0002.wd
ncols         906
nrows         631
xllcorner     362177.146667
yllcorner     6534725.688020
cellsize      20.000000
NODATA_value  -9999.000000
[rows 578 to 611 of 631, columns 154 to 230 of 906]
2.729 2.729 2.730 2.730 2.705 2.680 2.655 2.630 2.601 2.569 2.536 2.504 2.472 2.439 2.379 2.379 2.217 2.200 2.184 2.168 2.151 2.134 2.118 2.100 2.077 2.055 2.042 2.044 2.046 2.047 2.049 2.049 2.053 2.055 2.076 2.113 2.150 2.187 2.224 2.256 2.280 2.305 2.330 2.354 2.367 2.367 2.368 2.368 2.368 2.369 2.371 2.374 2.377 2.381 2.382 2.381 2.381 2.380 2.379 2.353 2.327 2.302 2.276 2.254 2.255 2.244 2.210 2.176 2.141 2.107 2.072 2.019 2.006 2.032 2.057 2.083 2.108
2.723 2.723 2.724 2.705 2.680 2.655 2.631 2.606 2.579 2.546 2.514 2.482 2.449 2.390 2.305 2.305 2.135 2.113 2.096 2.079 2.063 2.046 2.030 2.014 1.997 1.930 2.012 2.014 2.016 2.018 2.020 2.020 2.024 2.026 2.051 2.088 2.125 2.162 2.200 2.237 2.267 2.292 2.316 2.341 2.342 2.342 2.342 2.342 2.343 2.343 2.344 2.347 2.350 2.353 2.352 2.352 2.351 2.350 2.350 2.337 2.311 2.285 2.268 2.247 2.248 2.237 2.213 2.178 2.144 2.109 2.055 2.002 1.979 2.005 2.030 2.055 2.081
2.717 2.718 2.705 2.680 2.655 2.631 2.606 2.581 2.556 2.524 2.492 2.460 2.401 2.316 2.231 2.231 2.061 2.025 2.008 1.991 1.975 1.958 1.942 1.910 1.897 1.896 1.896 1.896 1.971 1.989 1.991 1.990 1.994 1.996 2.027 2.064 2.101 2.138 2.175 2.212 2.250 2.278 2.303 2.316 2.316 2.316 2.317 2.317 2.317 2.317 2.318 2.319 2.323 2.323 2.322 2.322 2.321 2.321 2.320 2.319 2.294 2.272 2.261 2.240 2.241 2.230 2.215 2.180 2.144 2.091 2.037 1.984 1.952 1.978 2.003 2.028 2.054
2.711 2.705 2.680 2.656 2.631 2.606 2.581 2.556 2.532 2.502 2.470 2.412 2.327 2.241 2.157 2.157 1.987 1.936 1.920 1.903 1.897 1.898 1.898 1.898 1.897 1.897 1.896 1.896 1.896 1.896 1.910 1.909 1.965 1.967 2.002 2.040 2.077 2.114 2.151 2.188 2.225 2.262 2.289 2.290 2.291 2.291 2.291 2.291 2.292 2.292 2.292 2.292 2.294 2.293 2.293 2.292 2.291 2.291 2.290 2.290 2.278 2.265 2.254 2.233 2.234 2.223 2.213 2.180 2.127 2.073 2.019 1.966 1.925 1.951 1.976 2.001 2.027
2.705 2.681 2.656 2.631 2.606 2.581 2.557 2.532 2.507 2.480 2.423 2.338 2.253 2.167 2.083 2.083 1.912 1.898 1.898 1.898 1.898 1.898 1.898 1.898 1.898 1.897 1.897 1.897 1.897 1.896 1.896 1.896 1.896 1.941 1.967 1.988 2.009 2.030 2.051 2.072 2.094 2.115 2.184 2.180 2.176 2.173 2.169 2.169 2.161 2.157 2.153 2.149 2.008 2.011 2.013 2.016 2.018 2.021 2.024 2.026 2.171 2.221 2.211 2.189 2.189 2.178 2.167 2.156 2.109 2.055 2.001 1.948 1.898 1.923 1.949 1.974 2.000
2.648 2.638 2.614 2.591 2.567 2.543 2.520 2.496 2.472 2.452 2.361 2.264 2.178 2.093 2.009 2.009 1.899 1.898 1.898 1.898 1.899 1.899 1.899 1.899 1.898 1.898 1.897 1.897 1.897 1.896 1.896 1.896 1.896 1.896 1.896 1.896 1.896 1.896 1.896 1.896 1.896 1.896 1.896 1.937 1.933 1.929 1.925 1.925 1.918 1.914 1.910 1.895 1.895 1.895 1.895 1.895 1.895 1.895 1.895 1.895 1.895 2.141 2.130 2.108 2.108 2.097 2.086 2.075 2.064 2.037 1.983 1.930 1.895 1.896 1.922 1.947 1.970
2.589 2.588 2.570 2.546 2.522 2.498 2.475 2.451 2.429 2.414 2.345 2.247 2.150 2.053 1.955 1.955 1.899 1.899 1.899 1.899 1.899 1.899 1.899 1.899 1.898 1.898 1.897 1.897 1.897 1.896 1.896 1.896 1.896 1.896 1.896 1.896 1.896 1.897 1.897 1.897 1.897 1.897 1.897 1.897 1.896 1.896 1.896 1.896 1.896 1.896 1.896 1.896 1.896 1.895 1.895 1.896 1.896 1.896 1.896 1.896 1.896 1.896 2.049 2.027 2.027 2.016 2.005 1.994 1.983 1.971 1.960 1.912 1.896 1.896 1.896 1.915 1.934
2.530 2.529 2.525 2.501 2.477 2.454 2.430 2.407 2.391 2.376 2.328 2.231 2.134 2.036 1.939 1.939 1.899 1.899 1.899 1.899 1.899 1.899 1.899 1.899 1.899 1.898 1.898 1.897 1.897 1.897 1.897 1.897 1.897 1.897 1.897 1.896 1.897 1.897 1.897 1.897 1.897 1.897 1.897 1.897 1.897 1.897 1.897 1.897 1.897 1.897 1.896 1.896 1.896 1.896 1.896 1.896 1.896 1.896 1.896 1.896 1.896 1.896 1.916 1.946 1.946 1.935 1.924 1.913 1.901 1.896 1.896 1.896 1.896 1.896 1.896 1.896 1.898
2.471 2.470 2.468 2.456 2.433 2.409 2.385 2.368 2.353 2.338 2.312 2.215 2.117 2.020 1.922 1.922 1.900 1.900 1.900 1.900 1.900 1.899 1.899 1.899 1.899 1.899 1.898 1.898 1.897 1.897 1.897 1.898 1.897 1.897 1.897 1.897 1.897 1.897 1.897 1.897 1.897 1.897 1.897 1.897 1.897 1.897 1.897 1.897 1.897 1.897 1.897 1.897 1.896 1.896 1.896 1.896 1.896 1.896 1.896 1.896 1.896 1.896 1.897 1.897 1.897 1.897 1.896 1.896 1.896 1.896 1.896 1.896 1.896 1.896 1.896 1.896 1.896
2.412 2.410 2.409 2.408 2.388 2.364 2.345 2.330 2.315 2.300 2.285 2.198 2.101 2.003 1.906 1.906 1.900 1.900 1.900 1.900 1.900 1.900 1.899 1.899 1.899 1.899 1.898 1.898 1.898 1.898 1.898 1.898 1.898 1.897 1.897 1.897 1.897 1.897 1.897 1.897 1.897 1.898 1.897 1.897 1.897 1.897 1.898 1.898 1.898 1.898 1.897 1.897 1.897 1.896 1.896 1.897 1.897 1.897 1.897 1.897 1.896 1.897 1.897 1.897 1.897 1.897 1.897 1.897 1.896 1.896 1.896 1.896 1.896 1.896 1.896 1.896 1.896
2.412 2.411 2.410 2.408 2.388 2.365 2.345 2.330 2.315 2.300 2.286 2.198 2.101 2.003 1.906 1.906 1.900 1.900 1.900 1.900 1.900 1.900 1.900 1.900 1.899 1.899 1.899 1.898 1.898 1.898 1.898 1.898 1.898 1.898 1.898 1.898 1.898 1.898 1.898 1.898 1.898 1.898 1.898 1.898 1.898 1.898 1.898 1.898 1.898 1.898 1.898 1.897 1.897 1.897 1.897 1.897 1.897 1.897 1.897 1.897 1.897 1.897 1.897 1.897 1.897 1.897 1.897 1.897 1.897 1.897 1.897 1.896 1.896 1.897 1.897 1.897 1.897
2.353 2.352 2.351 2.349 2.343 2.322 2.307 2.292 2.277 2.262 2.247 2.182 2.084 1.987 1.900 1.900 1.900 1.901 1.901 1.901 1.900 1.900 1.900 1.900 1.900 1.899 1.899 1.899 1.899 1.899 1.899 1.898 1.898 1.898 1.898 1.898 1.898 1.898 1.898 1.898 1.898 1.898 1.898 1.898 1.898 1.898 1.899 1.899 1.898 1.898 1.898 1.898 1.898 1.897 1.897 1.897 1.897 1.897 1.897 1.897 1.897 1.897 1.897 1.897 1.897 1.897 1.897 1.897 1.897 1.897 1.897 1.897 1.897 1.897 1.897 1.897 1.897
2.294 2.293 2.292 2.290 2.297 2.286 2.269 2.254 2.239 2.224 2.209 2.166 2.068 1.900 1.901 1.901 1.901 1.901 1.901 1.901 1.900 1.900 1.900 1.900 1.900 1.900 1.899 1.900 1.900 1.899 1.899 1.899 1.899 1.898 1.898 1.898 1.898 1.898 1.899 1.899 1.899 1.899 1.898 1.898 1.898 1.899 1.899 1.899 1.899 1.899 1.898 1.898 1.898 1.898 1.898 1.898 1.898 1.898 1.897 1.897 1.897 1.897 1.897 1.897 1.898 1.898 1.898 1.898 1.898 1.898 1.897 1.897 1.897 1.897 1.897 1.897 1.897
2.201 2.212 2.224 2.236 2.248 2.243 2.224 2.205 2.186 2.166 2.147 2.033 1.901 1.901 1.901 1.901 1.901 1.901 1.901 1.901 1.901 1.901 1.901 1.901 1.900 1.900 1.900 1.900 1.900 1.899 1.899 1.899 1.899 1.899 1.899 1.899 1.899 1.899 1.899 1.899 1.899 1.899 1.899 1.899 1.899 1.899 1.899 1.899 1.899 1.899 1.899 1.898 1.898 1.898 1.898 1.898 1.898 1.898 1.898 1.897 1.897 1.897 1.898 1.898 1.898 1.898 1.898 1.898 1.898 1.898 1.898 1.898 1.898 1.898 1.898 1.898 1.897
2.176 2.188 2.200 2.212 2.224 2.222 2.203 2.184 2.164 2.145 2.032 1.902 1.901 1.901 1.901 1.901 1.901 1.901 1.901 1.901 1.901 1.901 1.901 1.901 1.901 1.901 1.901 1.900 1.900 1.900 1.900 1.900 1.900 1.900 1.899 1.899 1.899 1.899 1.899 1.899 1.899 1.899 1.899 1.900 1.900 1.900 1.899 1.899 1.899 1.899 1.899 1.899 1.898 1.898 1.899 1.899 1.899 1.898 1.898 1.898 1.898 1.898 1.898 1.898 1.898 1.898 1.898 1.898 1.898 1.898 1.898 1.898 1.898 1.898 1.898 1.898 1.898
2.151 2.163 2.175 2.187 2.199 2.201 2.182 2.162 2.143 2.030 1.902 1.902 1.902 1.902 1.902 1.902 1.901 1.901 1.901 1.902 1.902 1.902 1.901 1.901 1.901 1.901 1.901 1.901 1.900 1.900 1.900 1.900 1.900 1.900 1.900 1.900 1.900 1.900 1.899 1.899 1.899 1.900 1.900 1.900 1.900 1.900 1.900 1.900 1.900 1.899 1.899 1.899 1.899 1.899 1.899 1.899 1.899 1.899 1.899 1.898 1.898 1.898 1.899 1.899 1.899 1.899 1.898 1.898 1.898 1.898 1.899 1.899 1.898 1.898 1.898 1.898 1.898
2.128 2.139 2.151 2.163 2.175 2.180 2.160 2.141 2.028 1.903 1.903 1.903 1.902 1.902 1.902 1.902 1.902 1.902 1.902 1.902 1.902 1.902 1.902 1.902 1.902 1.902 1.901 1.901 1.901 1.901 1.901 1.901 1.901 1.900 1.900 1.900 1.900 1.900 1.900 1.900 1.900 1.900 1.900 1.900 1.900 1.900 1.900 1.900 1.900 1.900 1.899 1.899 1.899 1.899 1.900 1.900 1.900 1.899 1.899 1.899 1.899 1.899 1.899 1.899 1.899 1.899 1.899 1.899 1.899 1.899 1.899 1.899 1.899 1.899 1.899 1.898 1.898
2.107 2.117 2.127 2.138 2.150 2.158 2.139 2.026 1.904 1.903 1.903 1.903 1.903 1.902 1.902 1.902 1.902 1.902 1.902 1.902 1.902 1.902 1.902 1.902 1.902 1.902 1.902 1.902 1.901 1.901 1.901 1.901 1.901 1.901 1.901 1.901 1.900 1.900 1.900 1.900 1.901 1.901 1.901 1.900 1.900 1.900 1.900 1.900 1.900 1.900 1.900 1.900 1.900 1.900 1.900 1.900 1.900 1.900 1.900 1.899 1.899 1.899 1.899 1.899 1.899 1.899 1.899 1.899 1.899 1.899 1.899 1.899 1.899 1.899 1.899 1.899 1.899
2.085 2.095 2.106 2.116 2.126 2.137 2.024 1.904 1.904 1.904 1.904 1.903 1.903 1.903 1.903 1.903 1.903 1.903 1.903 1.903 1.903 1.903 1.903 1.903 1.903 1.902 1.902 1.902 1.902 1.902 1.902 1.902 1.902 1.901 1.901 1.901 1.901 1.901 1.901 1.901 1.901 1.901 1.901 1.900 1.900 1.901 1.901 1.901 1.900 1.900 1.900 1.900 1.900 1.900 1.900 1.900 1.900 1.900 1.900 1.900 1.900 1.900 1.900 1.900 1.900 1.900 1.899 1.899 1.899 1.899 1.899 1.899 1.899 1.899 1.899 1.899 1.899
2.064 2.074 2.085 2.095 2.105 2.107 1.905 1.904 1.904 1.904 1.904 1.904 1.904 1.903 1.903 1.903 1.903 1.903 1.903 1.903 1.903 1.903 1.903 1.903 1.903 1.903 1.903 1.903 1.903 1.903 1.902 1.902 1.902 1.902 1.902 1.902 1.902 1.901 1.901 1.901 1.901 1.901 1.901 1.901 1.901 1.901 1.901 1.901 1.901 1.901 1.901 1.901 1.901 1.900 1.900 1.901 1.901 1.901 1.901 1.900 1.900 1.900 1.900 1.900 1.900 1.900 1.900 1.899 1.899 1.899 1.899 1.899 1.899 1.899 1.899 1.899 1.899
2.043 2.053 2.063 2.074 2.074 2.072 1.907 1.905 1.905 1.905 1.905 1.904 1.904 1.904 1.904 1.904 1.904 1.904 1.903 1.903 1.903 1.903 1.903 1.903 1.903 1.903 1.903 1.903 1.903 1.903 1.903 1.903 1.903 1.903 1.903 1.902 1.902 1.902 1.902 1.902 1.901 1.901 1.901 1.901 1.901 1.901 1.901 1.901 1.901 1.901 1.901 1.901 1.901 1.901 1.901 1.901 1.901 1.901 1.901 1.901 1.901 1.901 1.901 1.901 1.901 1.900 1.900 1.900 1.900 1.899 1.900 1.900 1.900 1.900 1.900 1.900 1.899
2.022 2.032 2.043 2.041 2.039 2.037 1.926 1.906 1.905 1.905 1.905 1.905 1.905 1.905 1.905 1.905 1.905 1.904 1.904 1.904 1.904 1.904 1.904 1.904 1.904 1.904 1.904 1.904 1.904 1.903 1.903 1.903 1.903 1.903 1.903 1.903 1.903 1.902 1.902 1.902 1.902 1.902 1.901 1.901 1.901 1.902 1.901 1.901 1.901 1.901 1.901 1.901 1.901 1.901 1.901 1.902 1.902 1.902 1.902 1.902 1.902 1.901 1.901 1.901 1.901 1.901 1.901 1.900 1.900 1.900 1.900 1.900 1.900 1.900 1.900 1.900 1.900
2.001 2.010 2.008 2.006 2.004 2.002 1.945 1.906 1.906 1.906 1.906 1.906 1.906 1.905 1.905 1.905 1.905 1.905 1.905 1.905 1.905 1.905 1.905 1.905 1.905 1.904 1.904 1.904 1.904 1.904 1.904 1.904 1.904 1.903 1.903 1.903 1.903 1.903 1.902 1.902 1.902 1.902 1.902 1.902 1.902 1.902 1.902 1.902 1.902 1.902 1.902 1.902 1.902 1.902 1.902 1.902 1.902 1.902 1.902 1.902 1.902 1.902 1.902 1.902 1.901 1.901 1.901 1.901 1.901 1.900 1.900 1.900 1.900 1.900 1.900 1.900 1.900
1.977 1.975 1.973 1.971 1.969 1.966 1.964 1.907 1.907 1.907 1.907 1.906 1.906 1.906 1.906 1.906 1.906 1.906 1.906 1.906 1.906 1.905 1.905 1.905 1.905 1.905 1.905 1.905 1.904 1.904 1.904 1.904 1.904 1.904 1.903 1.903 1.903 1.903 1.903 1.903 1.902 1.902 1.902 1.902 1.902 1.902 1.902 1.902 1.902 1.902 1.902 1.902 1.902 1.903 1.903 1.903 1.903 1.903 1.903 1.903 1.903 1.902 1.902 1.902 1.902 1.902 1.902 1.901 1.901 1.901 1.901 1.901 1.901 1.901 1.901 1.901 1.901
1.942 1.940 1.937 1.935 1.933 1.931 1.929 1.907 1.907 1.907 1.907 1.907 1.907 1.907 1.906 1.906 1.906 1.906 1.906 1.906 1.906 1.906 1.906 1.906 1.906 1.906 1.906 1.905 1.905 1.905 1.905 1.905 1.904 1.904 1.904 1.904 1.904 1.903 1.903 1.903 1.903 1.903 1.902 1.902 1.902 1.902 1.902 1.902 1.903 1.902 1.902 1.903 1.903 1.903 1.903 1.903 1.903 1.903 1.903 1.903 1.903 1.903 1.903 1.902 1.902 1.902 1.902 1.902 1.902 1.902 1.902 1.901 1.901 1.901 1.901 1.901 1.901
1.908 1.908 1.908 1.908 1.908 1.908 1.908 1.908 1.908 1.908 1.908 1.908 1.907 1.907 1.907 1.907 1.907 1.907 1.907 1.906 1.906 1.906 1.906 1.906 1.906 1.906 1.906 1.906 1.906 1.906 1.905 1.905 1.905 1.905 1.905 1.904 1.904 1.904 1.904 1.904 1.903 1.903 1.903 1.903 1.903 1.903 1.903 1.903 1.903 1.903 1.903 1.903 1.904 1.904 1.904 1.904 1.904 1.904 1.903 1.904 1.904 1.904 1.903 1.903 1.903 1.903 1.903 1.903 1.903 1.903 1.902 1.902 1.902 1.902 1.901 1.901 1.901
1.909 1.909 1.909 1.909 1.909 1.909 1.909 1.909 1.909 1.909 1.908 1.908 1.908 1.908 1.908 1.907 1.907 1.907 1.907 1.907 1.907 1.907 1.907 1.907 1.907 1.907 1.906 1.906 1.906 1.906 1.906 1.906 1.906 1.905 1.905 1.905 1.905 1.904 1.904 1.904 1.904 1.904 1.904 1.903 1.903 1.903 1.903 1.903 1.903 1.903 1.904 1.904 1.904 1.904 1.904 1.904 1.904 1.904 1.904 1.904 1.904 1.904 1.904 1.904 1.904 1.903 1.903 1.903 1.903 1.903 1.903 1.903 1.902 1.902 1.902 1.901 1.902
1.910 1.910 1.910 1.909 1.909 1.910 1.910 1.910 1.910 1.909 1.909 1.909 1.909 1.909 1.908 1.908 1.908 1.908 1.908 1.908 1.908 1.908 1.908 1.907 1.907 1.907 1.907 1.907 1.907 1.907 1.907 1.907 1.906 1.906 1.906 1.905 1.905 1.905 1.905 1.905 1.904 1.904 1.904 1.904 1.903 1.904 1.904 1.904 1.904 1.904 1.904 1.904 1.905 1.905 1.904 1.904 1.904 1.904 1.904 1.905 1.905 1.905 1.904 1.904 1.904 1.904 1.904 1.904 1.904 1.903 1.903 1.903 1.903 1.902 1.902 1.902 1.902
1.920 1.911 1.911 1.910 1.910 1.910 1.910 1.910 1.910 1.910 1.910 1.910 1.910 1.909 1.909 1.909 1.909 1.908 1.908 1.908 1.908 1.908 1.908 1.908 1.908 1.908 1.908 1.908 1.908 1.908 1.907 1.907 1.907 1.907 1.906 1.906 1.906 1.905 1.905 1.905 1.905 1.905 1.905 1.904 1.904 1.904 1.904 1.904 1.904 1.905 1.905 1.905 1.905 1.905 1.905 1.905 1.905 1.905 1.905 1.905 1.905 1.905 1.905 1.905 1.905 1.905 1.905 1.904 1.904 1.904 1.904 1.903 1.903 1.903 1.903 1.903 1.903
1.956 1.934 1.913 1.911 1.911 1.911 1.911 1.911 1.911 1.911 1.910 1.910 1.910 1.910 1.910 1.910 1.910 1.909 1.909 1.909 1.909 1.909 1.909 1.908 1.908 1.908 1.908 1.908 1.908 1.908 1.908 1.908 1.908 1.908 1.907 1.907 1.906 1.906 1.906 1.906 1.906 1.905 1.905 1.905 1.905 1.905 1.905 1.905 1.905 1.905 1.905 1.905 1.905 1.905 1.905 1.905 1.905 1.905 1.906 1.906 1.906 1.906 1.905 1.905 1.905 1.905 1.905 1.905 1.905 1.904 1.904 1.904 1.903 1.903 1.903 1.904 1.904
1.974 1.952 1.931 1.912 1.912 1.911 1.911 1.911 1.911 1.911 1.911 1.911 1.911 1.911 1.911 1.911 1.910 1.910 1.910 1.910 1.909 1.909 1.909 1.909 1.909 1.909 1.909 1.909 1.909 1.909 1.909 1.909 1.908 1.908 1.908 1.907 1.907 1.907 1.907 1.906 1.906 1.906 1.906 1.906 1.906 1.905 1.906 1.906 1.906 1.906 1.906 1.906 1.906 1.906 1.906 1.906 1.906 1.906 1.906 1.906 1.906 1.906 1.906 1.906 1.906 1.906 1.906 1.905 1.905 1.905 1.904 1.904 1.904 1.904 1.904 1.905 1.905
1.992 1.970 1.949 1.928 1.912 1.912 1.912 1.912 1.912 1.911 1.911 1.911 1.912 1.911 1.911 1.911 1.911 1.911 1.911 1.910 1.910 1.910 1.910 1.909 1.909 1.909 1.909 1.909 1.909 1.909 1.909 1.909 1.909 1.908 1.908 1.908 1.908 1.908 1.908 1.907 1.907 1.907 1.907 1.906 1.906 1.906 1.906 1.907 1.907 1.907 1.907 1.907 1.906 1.906 1.906 1.906 1.906 1.907 1.907 1.907 1.907 1.906 1.906 1.906 1.906 1.906 1.906 1.906 1.905 1.905 1.904 1.905 1.905 1.905 1.905 1.905 1.905
2.010 1.988 1.967 1.915 1.913 1.913 1.912 1.912 1.912 1.912 1.912 1.912 1.912 1.912 1.912 1.912 1.912 1.912 1.912 1.911 1.911 1.911 1.911 1.910 1.910 1.910 1.910 1.910 1.910 1.910 1.910 1.910 1.909 1.909 1.909 1.909 1.909 1.908 1.908 1.908 1.908 1.908 1.907 1.907 1.907 1.907 1.907 1.907 1.907 1.907 1.907 1.907 1.907 1.907 1.907 1.907 1.907 1.907 1.907 1.907 1.907 1.907 1.907 1.907 1.907 1.907 1.906 1.906 1.905 1.905 1.905 1.905 1.906 1.906 1.906 1.906 1.906
2.022 1.998 1.946 1.914 1.914 1.913 1.913 1.913 1.913 1.913 1.913 1.913 1.913 1.913 1.913 1.913 1.913 1.912 1.912 1.912 1.912 1.912 1.912 1.911 1.911 1.911 1.911 1.911 1.911 1.910 1.910 1.910 1.910 1.910 1.910 1.910 1.909 1.909 1.909 1.909 1.909 1.908 1.908 1.908 1.908 1.908 1.908 1.908 1.908 1.908 1.908 1.908 1.908 1.908 1.908 1.908 1.908 1.908 1.908 1.908 1.908 1.907 1.907 1.907 1.907 1.907 1.906 1.906 1.906 1.906 1.906 1.906 1.906 1.907 1.907 1.907 1.907
