includes/camargue/floodfiles/results_R2_t1.562343928288E12/res.totaltm
ncols         906
nrows         631
xllcorner     362177.146667
yllcorner     6534725.688020
cellsize      20.000000
NODATA_value  -9999.000000
[rows 408 to 441 of 631, columns 231 to 307 of 906]
11.568 11.553 11.543 11.526 4.672 3.661 11.374 11.413 11.424 11.431 11.361 0.000 11.313 11.344 11.353 11.346 0.943 4.138 3.454 3.444 11.240 11.231 11.328 11.331 11.260 11.249 11.267 11.274 3.784 3.381 11.155 0.476 0.000 11.333 11.339 11.346 11.386 11.288 11.280 6.885 3.842 11.397 11.404 4.992 0.767 11.404 11.385 0.000 11.208 5.684 0.000 0.000 8.761 11.026 11.020 10.951 10.960 0.347 10.898 9.549 1.312 3.284 10.878 10.242 10.889 5.281 0.880 0.932 0.000 10.846 10.835 0.000 10.675 10.679 0.000 4.401 0.000
11.614 11.656 10.297 10.514 1.688 4.341 3.612 0.533 11.420 11.449 11.458 11.465 3.908 0.000 11.359 11.353 11.342 11.335 11.261 11.259 11.254 3.612 11.359 11.345 3.427 11.221 5.639 11.280 4.994 11.199 0.368 0.845 3.664 11.327 0.000 0.000 11.394 11.379 5.783 11.349 5.512 11.296 11.430 11.436 11.429 11.421 11.344 1.836 11.220 11.189 11.183 11.173 3.407 11.124 1.405 2.827 10.977 1.887 10.930 0.000 1.876 10.938 10.884 10.882 10.904 10.895 10.888 10.878 10.870 10.853 0.000 10.665 10.666 0.000 0.000 0.000 10.641
11.595 11.687 3.092 3.082 11.466 11.493 2.210 11.458 11.454 6.184 11.423 11.474 11.467 11.461 11.365 0.185 11.317 11.321 11.296 11.304 1.449 11.370 11.376 11.391 2.442 0.000 0.293 11.352 11.344 0.308 11.329 11.326 11.334 0.191 11.378 11.372 11.411 11.400 11.413 11.363 2.934 9.614 11.382 11.443 11.436 11.424 3.903 5.010 11.230 11.223 11.185 11.175 11.153 11.139 11.117 11.025 11.017 4.112 10.937 0.000 10.914 10.953 10.946 10.936 10.928 2.746 10.841 10.829 10.862 10.854 0.000 10.679 10.667 10.630 10.639 10.654 10.648
11.599 11.700 3.104 3.104 11.484 11.510 2.212 11.464 11.460 6.206 11.440 11.485 11.474 11.467 11.367 0.199 11.326 11.318 11.306 11.316 1.449 11.377 11.384 11.399 2.618 0.000 0.296 11.362 11.353 0.308 11.348 11.345 7.973 0.212 11.393 11.383 11.425 11.420 11.428 11.375 2.934 9.611 11.406 11.449 11.443 11.432 3.903 4.799 11.243 11.235 11.186 11.176 11.159 11.147 11.124 11.025 11.017 3.996 10.941 0.000 10.930 10.962 10.955 10.945 10.936 3.780 10.828 10.816 10.852 10.845 0.000 10.687 10.673 10.630 10.649 10.662 10.655
11.706 11.738 11.741 11.745 3.544 11.582 11.519 11.513 4.642 11.464 11.517 11.493 4.392 11.457 11.448 11.439 5.433 0.000 11.316 11.328 11.335 11.375 11.384 11.406 1.522 0.661 11.383 11.373 0.409 11.340 4.741 0.268 11.474 11.483 8.794 8.808 11.436 11.443 11.436 11.385 6.713 11.382 11.354 11.469 5.143 0.648 11.410 11.328 11.289 7.960 4.419 4.422 11.150 11.071 0.000 11.086 11.081 11.055 0.987 10.954 10.983 10.976 10.967 10.957 1.330 10.821 0.366 0.317 10.844 0.000 10.698 10.693 0.000 2.745 0.000 10.668 2.627
11.736 11.745 11.752 11.756 11.743 11.592 11.532 3.928 11.475 11.498 11.524 11.508 11.500 8.033 5.376 11.431 11.405 11.400 0.737 0.707 11.336 11.359 0.000 11.431 0.873 4.829 11.392 0.000 5.143 0.000 11.482 11.438 6.949 11.490 3.491 3.501 5.306 11.457 11.412 11.395 4.178 10.138 11.495 11.474 2.653 11.442 11.431 11.385 11.310 11.310 11.302 11.291 7.694 0.000 11.086 11.091 1.079 11.051 11.037 10.967 10.989 10.962 10.952 7.145 0.000 10.787 0.000 0.000 10.787 3.142 10.721 10.688 1.633 10.379 10.696 10.677 10.628
2.119 11.770 11.762 11.764 2.244 11.583 11.566 11.556 1.374 11.583 11.590 4.666 10.728 11.458 11.451 11.417 11.412 10.159 11.379 11.379 0.498 1.511 11.464 11.470 11.555 11.479 8.456 11.541 11.497 11.488 11.491 3.457 11.543 11.554 11.546 11.536 11.494 11.487 11.454 11.413 0.903 11.583 11.576 11.569 11.548 11.460 11.453 11.445 11.434 11.386 0.000 0.000 11.156 11.127 2.937 11.095 11.092 8.777 2.746 0.490 11.005 10.947 10.946 0.000 10.914 0.000 10.799 10.795 10.783 0.629 0.000 10.708 10.722 10.730 10.701 0.457 10.649
11.520 11.780 11.792 11.802 11.585 1.887 11.570 11.590 11.582 11.593 11.600 11.606 5.168 11.464 11.459 1.446 11.385 0.164 3.147 3.147 0.443 1.238 11.467 11.555 11.562 3.450 11.456 11.551 3.183 9.376 11.598 11.582 11.574 11.563 11.553 11.542 0.000 1.116 11.362 1.112 11.593 11.589 0.550 0.000 1.122 11.382 11.322 9.685 0.894 11.371 11.213 11.197 11.176 10.289 0.793 11.117 2.543 11.056 0.000 11.020 11.011 10.967 10.987 0.669 10.922 0.000 3.040 3.037 1.577 10.824 10.801 0.000 0.000 10.736 10.723 0.000 0.000
1.286 11.700 11.804 11.816 11.545 5.933 11.558 11.605 11.589 11.594 3.430 11.612 11.553 11.538 2.439 4.125 2.586 0.374 4.813 4.813 1.107 11.565 11.560 4.448 11.622 11.623 11.533 11.601 11.615 11.625 11.605 11.599 11.592 4.666 0.717 0.723 4.256 2.919 4.994 11.646 11.637 1.763 4.648 5.329 11.271 0.677 11.276 11.245 1.777 1.770 11.206 11.192 11.096 11.132 3.458 11.151 11.147 0.679 11.046 11.038 11.021 10.978 10.997 0.000 10.947 0.000 1.636 1.559 4.069 10.830 0.948 10.757 10.756 10.741 0.000 10.742 0.000
11.644 11.754 11.815 11.831 9.277 11.633 11.589 11.697 10.457 11.601 5.290 11.633 8.329 0.974 7.250 6.096 6.154 2.324 11.669 11.676 11.688 11.634 0.842 11.622 11.634 11.644 11.630 11.633 11.645 11.636 11.611 0.000 8.132 1.788 1.066 1.065 11.740 11.732 11.724 11.651 2.819 3.656 4.787 11.272 11.290 11.280 0.346 6.478 11.158 1.486 11.191 11.178 1.572 4.205 11.160 11.157 0.000 11.049 11.057 11.044 11.037 11.015 11.007 10.981 10.958 1.509 10.875 10.862 10.853 10.833 10.829 1.486 10.767 10.758 0.000 10.790 0.000
11.752 11.779 11.827 11.848 11.866 11.756 11.739 11.720 11.488 11.607 11.611 11.646 1.656 11.654 11.636 1.381 0.457 11.566 1.492 1.487 11.694 0.000 11.542 11.633 11.644 11.652 1.783 0.526 11.653 11.640 11.645 11.721 0.901 3.364 11.766 11.757 11.749 1.011 11.663 0.000 11.383 11.398 11.347 11.336 11.323 11.311 5.335 0.441 11.195 4.067 0.260 0.243 11.210 11.187 11.185 2.857 11.091 11.052 11.066 11.059 11.036 3.385 10.935 10.972 10.961 10.950 7.927 8.022 10.863 0.408 10.822 10.800 6.741 10.767 9.044 10.804 0.808
11.783 11.801 11.838 11.866 11.891 11.887 3.509 11.411 11.661 11.651 0.351 11.680 4.679 4.000 10.078 11.638 11.623 11.572 11.791 11.806 11.699 0.000 0.523 1.815 10.448 11.679 11.666 11.843 11.834 11.825 11.814 11.804 11.794 11.784 11.775 11.765 8.104 11.617 11.629 0.919 11.373 11.411 11.360 11.339 11.283 11.299 11.311 11.293 1.190 11.250 11.227 11.218 11.216 11.159 0.277 11.099 11.087 11.084 11.073 11.064 11.035 11.026 10.992 10.985 10.926 10.942 10.902 10.893 0.271 3.437 0.000 10.794 10.787 10.771 10.804 10.817 10.830
11.822 11.834 5.799 5.720 7.519 9.928 4.448 11.811 11.668 2.096 9.056 11.686 9.538 11.722 2.330 1.648 2.238 11.574 11.801 11.816 0.447 0.356 5.101 3.990 11.786 11.831 11.843 11.850 11.740 0.000 11.552 1.403 0.599 1.374 11.627 11.627 11.552 1.739 1.068 5.960 11.432 11.437 3.667 11.387 11.365 11.354 11.317 11.311 11.303 11.272 11.244 11.232 11.222 0.195 11.115 11.105 11.105 11.097 11.043 11.045 11.036 11.016 10.931 10.954 10.144 10.913 10.902 10.896 4.902 10.848 0.000 0.000 1.067 6.653 10.773 0.000 0.000
11.831 6.745 11.882 7.360 12.082 10.655 11.993 0.000 1.625 11.681 11.692 7.706 11.735 11.730 6.083 11.757 1.204 3.111 11.815 11.830 11.850 11.874 11.857 11.843 11.828 4.978 0.000 11.855 11.839 11.822 1.673 11.531 11.477 3.051 11.593 11.593 1.782 3.316 4.203 11.494 4.522 11.448 11.414 11.399 11.387 11.350 11.298 11.290 11.258 11.259 11.254 11.245 0.508 11.135 11.120 11.115 11.110 11.104 11.036 5.838 3.922 11.009 10.999 10.999 4.316 5.557 10.912 10.897 10.868 0.000 0.482 10.953 10.882 0.000 0.297 11.009 10.946
11.914 4.390 4.850 4.626 11.375 0.899 3.540 3.290 2.678 1.553 11.696 11.735 11.738 11.764 11.767 11.763 11.794 2.371 11.748 11.760 0.263 11.883 10.679 4.191 0.458 11.837 11.832 11.861 11.848 11.811 7.492 8.425 4.565 11.417 7.696 5.956 2.193 11.530 8.384 11.503 11.493 11.456 11.449 5.086 11.365 11.322 11.315 11.305 11.258 11.255 3.319 3.443 11.174 11.139 11.134 11.129 11.114 11.094 11.047 11.038 10.996 6.925 10.999 11.006 11.011 11.033 1.259 1.243 10.869 0.682 10.956 10.969 1.919 10.849 0.469 1.690 0.202
11.930 11.803 12.187 10.689 12.188 1.724 12.157 3.822 3.160 2.158 6.396 1.793 5.971 11.748 11.772 3.138 11.837 11.851 0.373 0.344 12.005 11.980 11.943 11.938 11.929 11.897 11.891 11.884 2.991 1.088 7.858 1.721 11.467 11.488 3.004 2.987 11.536 11.554 11.540 11.532 7.434 11.478 11.462 11.445 7.340 11.366 3.353 4.741 11.253 2.676 0.000 0.000 11.165 11.156 11.147 11.116 11.108 8.256 11.037 0.898 10.990 10.983 10.991 10.939 0.000 11.039 4.821 5.171 10.881 10.952 10.969 5.124 11.083 0.207 3.933 11.174 11.118
11.960 11.982 12.245 12.244 12.198 12.191 12.165 2.590 12.012 11.984 1.971 11.780 1.937 1.334 11.839 6.461 11.850 11.862 0.252 0.240 12.016 11.920 11.937 11.927 1.686 11.875 9.329 1.015 11.736 11.727 11.747 11.736 3.005 4.126 2.171 2.159 3.409 11.563 11.547 11.541 11.528 6.013 11.462 11.409 11.401 3.278 0.967 11.217 1.023 0.181 4.898 4.719 11.169 11.164 11.157 0.000 11.098 0.365 11.029 7.039 0.598 0.360 2.735 6.968 0.000 11.044 0.000 0.000 10.939 10.952 4.580 11.000 11.153 2.332 0.649 10.174 2.157
11.939 1.166 12.255 12.252 3.998 6.320 12.242 12.141 7.982 12.031 11.981 3.583 6.223 2.206 6.641 12.168 2.227 12.128 0.356 0.347 12.029 12.005 10.233 11.859 11.848 9.568 8.463 11.768 11.762 11.757 11.752 11.741 11.725 11.717 8.015 8.065 11.607 11.594 11.562 4.255 8.780 6.862 11.445 11.413 1.248 11.343 11.327 0.000 0.000 1.692 11.169 11.175 11.179 0.922 11.137 11.131 3.100 0.345 11.060 1.547 1.841 2.324 10.969 10.959 0.768 11.063 0.000 0.000 10.891 0.000 2.110 11.148 2.097 1.764 2.889 11.206 0.519
1.712 4.140 12.279 12.270 3.858 3.741 12.259 12.105 12.092 12.040 12.313 12.307 12.205 12.197 12.187 12.177 12.170 12.133 12.121 12.110 12.041 5.185 9.139 11.849 6.033 11.773 10.278 11.773 11.769 11.756 11.725 11.736 11.720 11.712 8.572 10.080 8.383 11.598 11.583 6.393 11.513 11.497 11.477 0.270 11.369 11.357 0.000 0.000 2.810 9.573 0.684 0.644 11.204 11.200 1.272 11.122 11.115 11.076 11.069 11.068 11.062 11.032 4.606 3.090 11.068 11.069 11.036 11.026 0.000 10.795 0.346 2.172 1.287 9.649 2.143 11.248 0.000
1.765 3.962 12.288 12.279 3.822 3.764 12.282 12.129 12.105 12.040 12.325 12.318 12.205 12.197 12.187 12.177 12.170 12.142 12.123 12.114 12.041 5.179 8.893 11.832 6.009 11.773 9.926 11.777 11.774 11.760 11.729 11.734 11.715 11.708 8.227 8.533 8.266 11.617 11.596 6.395 11.514 11.499 11.478 0.280 11.382 11.370 0.000 0.000 2.589 4.281 0.715 0.688 11.210 11.205 1.287 11.114 11.108 11.093 11.082 11.089 11.080 11.056 4.728 3.177 11.076 11.075 11.044 11.032 0.000 10.824 0.387 7.845 1.331 4.213 2.181 11.275 0.000
1.313 12.363 12.299 12.292 12.345 3.911 12.298 12.338 9.320 12.342 12.332 12.321 12.313 12.191 12.185 12.177 12.167 12.156 12.132 12.116 11.930 6.418 11.848 11.836 11.827 2.114 11.799 11.790 11.771 11.765 11.757 11.747 11.734 11.713 11.679 11.671 9.461 11.633 11.621 5.587 11.514 0.000 11.425 11.417 11.390 0.405 1.237 4.654 8.640 11.262 11.227 11.221 11.215 11.199 11.199 0.963 11.093 5.397 1.065 3.655 11.047 9.443 1.692 2.465 11.097 11.082 11.045 11.031 10.997 0.000 11.259 0.290 11.337 11.352 0.778 5.834 11.392
12.429 12.419 4.535 4.594 12.354 3.273 7.473 12.368 12.362 12.353 12.205 12.034 3.490 10.755 11.925 12.113 11.936 10.727 11.961 11.960 8.875 11.880 11.848 11.830 11.825 11.812 11.803 0.000 11.767 11.757 11.737 9.793 11.722 11.703 11.682 11.676 10.123 11.637 11.609 11.603 6.035 11.511 11.490 11.423 0.412 3.945 11.298 2.387 11.262 11.272 11.230 11.227 0.515 1.899 1.583 1.083 1.153 2.860 11.139 2.080 3.502 5.392 11.090 0.000 11.102 1.843 8.865 8.863 0.000 3.315 11.269 11.313 0.871 5.214 9.107 5.912 4.603
12.442 10.804 12.387 12.380 12.473 12.446 12.426 12.407 12.291 12.268 12.250 12.009 11.945 11.951 11.915 11.927 1.831 11.904 11.953 11.953 11.878 11.867 11.859 11.837 8.130 11.808 11.802 11.790 9.626 7.171 11.738 11.715 11.707 11.676 11.655 11.651 11.645 11.636 11.628 11.600 5.110 5.812 6.318 11.440 11.390 11.363 1.594 11.312 1.597 11.284 8.772 8.716 11.265 11.232 2.496 3.869 0.434 2.342 11.180 11.166 1.131 2.501 11.102 0.000 11.119 0.000 0.440 0.402 10.890 0.164 1.293 5.494 7.708 4.195 8.926 5.017 5.940
12.458 12.441 12.491 12.491 12.481 12.466 12.347 7.492 1.276 12.254 8.672 11.996 7.239 11.962 11.955 11.912 0.765 11.894 11.880 11.880 0.814 11.879 11.871 11.826 6.570 7.582 3.246 11.780 11.776 2.227 11.713 11.703 11.684 11.674 11.651 11.645 11.635 11.625 3.921 11.557 11.554 5.719 8.595 11.445 6.031 1.561 11.323 11.324 11.310 11.292 11.284 11.278 11.272 0.449 11.269 11.264 0.547 1.552 11.193 11.184 11.141 2.297 11.110 11.128 11.159 0.000 1.313 1.385 1.202 11.319 0.462 1.259 10.070 11.567 11.583 4.057 11.648
12.674 12.660 12.650 12.633 12.354 12.359 12.354 12.299 12.251 12.236 7.998 8.420 9.135 11.978 11.965 3.088 11.937 3.789 11.882 11.892 11.899 11.885 11.876 4.556 3.862 11.758 11.747 1.915 11.759 11.755 8.585 11.715 11.675 11.647 11.629 11.622 11.612 11.599 11.583 11.572 3.911 9.133 11.454 11.438 11.420 11.397 3.670 11.335 1.757 10.887 4.341 4.411 11.279 0.000 4.874 11.275 2.237 2.344 7.675 11.193 11.182 0.000 3.346 11.208 11.196 0.000 2.492 2.537 0.000 4.658 5.323 11.468 11.483 6.083 11.596 11.647 11.659
12.660 12.647 12.634 12.615 12.354 10.531 5.881 12.274 8.821 12.207 12.198 12.185 12.171 11.990 11.978 12.004 11.992 11.928 3.878 3.884 11.906 11.882 11.857 11.847 1.700 5.464 11.733 4.518 2.510 11.748 10.083 11.717 11.701 11.690 11.631 11.622 11.614 11.604 11.592 11.581 5.619 6.453 11.444 11.431 11.425 11.398 11.381 11.376 11.360 11.353 9.530 9.769 4.085 0.000 9.929 8.665 0.000 11.208 11.229 0.621 11.189 2.053 6.066 11.232 11.250 7.699 11.250 11.218 0.000 1.534 11.370 1.544 2.979 11.573 11.605 11.647 11.659
6.103 5.215 12.623 12.603 12.360 12.142 5.979 12.270 12.239 12.232 12.215 12.202 12.183 12.046 12.034 12.016 12.005 11.980 11.970 11.955 11.943 2.163 4.648 3.818 11.763 0.361 6.976 3.740 5.590 11.706 3.138 11.642 6.531 1.587 11.615 11.604 11.596 11.593 11.585 11.513 11.505 11.475 11.469 11.463 10.891 3.606 6.054 8.952 11.404 11.397 11.383 11.374 9.214 11.313 9.794 10.596 0.210 1.594 11.237 1.121 11.254 3.480 0.000 11.202 0.749 6.607 0.000 0.000 0.000 0.000 1.743 11.496 2.108 11.585 11.605 11.625 10.885
7.640 6.912 8.822 9.074 8.722 12.325 6.990 12.241 12.223 12.222 12.211 12.194 12.164 12.140 1.353 3.628 11.974 11.972 11.948 11.941 11.934 11.920 0.766 11.764 11.752 11.768 0.000 11.629 11.665 11.688 5.173 1.473 11.583 5.514 0.251 0.247 11.588 11.584 11.574 4.789 11.504 11.480 11.434 11.430 1.796 1.976 2.005 3.946 11.412 11.396 11.391 11.380 11.331 11.327 4.867 11.289 1.214 3.102 2.682 0.147 11.279 0.660 0.369 11.196 0.000 5.549 0.000 0.000 11.403 1.597 4.443 11.507 11.569 11.577 10.461 11.613 4.299
5.752 5.951 7.519 8.202 4.565 7.124 4.288 12.236 12.220 12.213 12.197 12.185 12.138 12.087 12.073 12.059 12.041 11.978 10.570 10.787 3.277 11.910 11.899 1.378 11.768 11.778 3.691 0.342 9.601 11.645 11.626 3.695 0.000 11.487 4.737 10.098 1.108 11.559 11.556 11.548 11.535 11.516 11.509 11.482 11.471 11.464 11.446 11.438 11.418 11.412 11.400 11.390 7.633 8.694 3.260 5.680 6.753 11.283 11.268 0.569 11.296 9.663 11.214 11.205 0.000 1.429 0.000 0.000 11.411 0.512 11.461 2.251 11.531 11.507 11.571 11.587 5.371
5.456 4.893 7.490 9.047 12.312 4.439 3.180 12.230 12.210 12.200 12.185 12.158 12.143 12.072 2.204 12.003 12.012 3.734 3.573 3.567 5.355 11.869 2.456 11.771 6.016 11.789 11.812 11.806 1.281 2.861 11.644 11.630 11.526 1.744 1.365 1.335 4.480 1.540 11.549 11.544 11.531 11.519 11.509 9.307 2.298 0.590 0.272 0.000 1.210 0.464 1.038 0.990 11.353 11.359 0.000 8.110 11.297 11.289 4.150 0.366 11.326 11.337 1.078 11.196 0.000 3.872 0.000 0.000 5.767 11.469 11.470 11.540 11.476 2.998 11.560 11.580 0.000
6.355 4.929 4.136 4.164 6.812 12.314 4.188 3.907 12.183 12.185 12.176 12.152 1.419 9.765 4.346 11.977 11.964 8.305 11.893 11.870 1.806 11.850 11.840 4.198 11.802 1.667 11.823 11.826 2.156 11.732 1.371 11.587 11.532 6.754 0.382 0.379 6.070 11.495 11.564 11.556 11.541 11.521 11.506 11.496 11.429 11.421 11.424 11.409 11.403 11.395 11.384 11.377 11.360 11.371 0.251 7.017 11.310 11.293 11.289 4.953 11.311 11.366 0.000 11.180 0.338 4.553 1.981 1.984 2.525 11.476 3.334 11.636 11.533 11.522 5.834 0.000 11.836
6.381 6.109 4.742 5.002 4.930 4.665 3.836 4.741 12.067 6.114 12.137 12.139 12.102 3.828 12.077 6.527 2.117 3.729 2.587 2.573 11.827 11.840 6.614 1.212 3.166 11.848 11.834 11.842 11.804 11.783 11.773 1.315 0.000 11.497 11.560 11.537 1.609 11.558 11.572 11.565 11.553 11.535 11.524 11.495 4.226 11.424 11.430 11.415 11.407 11.397 11.395 11.385 11.375 11.381 1.217 6.577 11.315 0.000 11.300 2.857 2.942 11.398 0.000 11.284 0.455 11.559 11.550 11.542 1.713 11.507 11.700 11.662 3.200 11.488 1.984 11.834 11.887
13.085 6.270 5.344 5.480 4.960 4.579 4.141 5.480 12.084 5.804 7.429 12.101 12.126 12.116 12.100 1.983 12.017 12.003 2.252 2.235 9.868 11.790 0.152 4.023 4.760 11.764 2.591 11.852 11.842 11.801 11.791 11.772 1.936 0.000 5.731 5.705 1.845 6.540 11.579 11.572 11.563 11.554 11.533 11.523 11.483 3.083 11.444 3.592 3.592 11.362 11.404 11.394 6.948 11.388 11.381 11.340 11.333 0.000 11.309 11.300 0.997 11.414 7.743 11.298 0.834 11.593 5.211 5.298 3.215 11.502 11.730 4.738 11.526 11.505 11.489 2.139 11.997
6.304 6.800 6.263 6.328 5.396 4.986 1.363 4.466 12.110 12.193 8.883 7.059 9.340 10.158 12.123 12.056 10.373 3.314 11.902 11.899 10.969 1.552 11.922 11.924 11.900 1.307 11.912 11.882 3.051 11.806 11.771 11.765 3.862 2.679 2.555 2.605 0.000 7.723 11.586 11.579 11.572 11.559 11.547 11.457 11.454 6.774 11.451 11.470 11.454 1.686 11.411 11.401 11.391 11.398 11.375 11.345 5.462 11.312 11.345 3.363 0.000 11.431 11.461 11.404 0.438 11.605 11.617 11.629 11.662 2.387 11.751 6.099 3.842 11.591 0.231 12.024 12.001
