includes/camargue/floodfiles/results_R2_t1.562343928288E12/res.max
ncols         906
nrows         631
xllcorner     362177.146667
yllcorner     6534725.688020
cellsize      20.000000
NODATA_value  -9999.000000
[rows 510 to 543 of 631, columns 770 to 846 of 906]
12.883 13.146 13.410 13.638 13.842 14.046 14.250 14.454 14.658 14.862 15.065 14.961 14.961 14.893 14.824 14.768 14.728 14.688 14.647 14.606 14.566 14.526 14.486 14.445 14.417 14.396 14.376 14.335 14.335 14.314 14.293 14.273 14.252 14.232 14.211 14.191 14.145 14.144 14.211 14.277 14.351 14.427 14.502 14.576 14.576 14.727 14.802 14.878 14.953 15.028 15.094 15.090 15.087 15.083 15.080 15.077 15.073 15.070 15.069 15.068 15.067 15.064 15.063 15.062 15.061 15.065 15.072 15.080 15.088 15.095 15.103 15.095 15.085 15.076 15.067 15.057 15.057
12.994 13.198 13.402 13.605 13.809 14.013 14.217 14.421 14.625 14.828 14.983 14.846 14.846 14.778 14.709 14.641 14.573 14.504 14.462 14.422 14.382 14.342 14.302 14.261 14.241 14.220 14.200 14.159 14.158 14.137 14.117 14.096 14.076 14.056 14.040 14.041 14.042 14.108 14.185 14.260 14.336 14.411 14.485 14.561 14.561 14.711 14.787 14.862 14.937 15.012 15.049 15.045 15.042 15.038 15.035 15.032 15.028 15.025 15.022 15.018 15.017 15.013 15.012 15.011 15.010 15.012 15.019 15.027 15.035 15.028 15.019 15.009 15.000 14.991 14.981 14.972 14.972
12.977 13.181 13.385 13.589 13.793 13.997 14.200 14.404 14.608 14.811 14.925 14.789 14.789 14.720 14.652 14.584 14.515 14.447 14.377 14.330 14.290 14.250 14.210 14.173 14.153 14.132 14.112 14.070 14.070 14.049 14.029 14.008 14.009 14.010 14.011 14.012 14.017 14.096 14.175 14.253 14.328 14.403 14.478 14.553 14.553 14.703 14.779 14.854 14.929 15.005 15.026 15.023 15.019 15.016 15.013 15.009 15.006 15.002 14.999 14.995 14.995 14.988 14.986 14.985 14.984 14.985 14.993 15.000 14.994 14.985 14.976 14.966 14.957 14.948 14.938 14.929 14.929
12.961 13.165 13.368 13.572 13.776 13.980 14.184 14.388 14.592 14.795 14.868 14.731 14.731 14.663 14.594 14.526 14.458 14.388 14.320 14.252 14.198 14.158 14.118 14.085 14.065 14.044 14.024 13.982 13.982 13.977 13.978 13.979 13.980 13.980 13.981 13.982 14.005 14.084 14.163 14.242 14.320 14.394 14.470 14.545 14.545 14.696 14.771 14.846 14.921 14.997 15.004 15.000 14.997 14.993 14.990 14.987 14.983 14.980 14.977 14.972 14.972 14.966 14.962 14.959 14.958 14.959 14.966 14.961 14.952 14.942 14.933 14.924 14.914 14.905 14.896 14.886 14.885
12.944 13.148 13.352 13.555 13.759 13.963 14.167 14.371 14.574 14.778 14.811 14.674 14.674 14.605 14.537 14.469 14.399 14.331 14.263 14.194 14.126 14.066 14.026 13.997 13.976 13.956 13.946 13.947 13.947 13.948 13.949 13.949 13.950 13.951 13.952 13.953 13.993 14.072 14.151 14.230 14.308 14.387 14.462 14.537 14.537 14.688 14.763 14.838 14.914 14.984 14.981 14.978 14.974 14.971 14.968 14.964 14.961 14.957 14.953 14.950 14.950 14.943 14.940 14.936 14.933 14.932 14.928 14.918 14.909 14.900 14.890 14.881 14.872 14.862 14.853 14.844 14.843
12.928 13.131 13.335 13.539 13.743 13.947 14.151 14.354 14.558 14.762 14.753 14.616 14.616 14.548 14.480 14.411 14.342 14.273 14.205 14.137 14.068 14.000 13.934 13.915 13.915 13.916 13.916 13.918 13.918 13.918 13.919 13.920 13.921 13.922 13.922 13.923 13.981 14.060 14.139 14.217 14.296 14.375 14.454 14.529 14.529 14.680 14.755 14.831 14.906 14.962 14.959 14.955 14.952 14.948 14.945 14.942 14.937 14.934 14.931 14.927 14.927 14.921 14.917 14.914 14.903 14.895 14.888 14.878 14.868 14.858 14.848 14.838 14.829 14.820 14.810 14.800 14.800
12.932 13.115 13.319 13.522 13.726 13.930 14.134 14.337 14.541 14.745 14.696 14.559 14.559 14.491 14.422 14.354 14.284 14.216 14.148 14.079 14.011 13.955 13.901 13.886 13.886 13.887 13.887 13.888 13.888 13.889 13.890 13.891 13.891 13.892 13.893 13.894 13.969 14.047 14.126 14.205 14.284 14.363 14.442 14.521 14.521 14.672 14.747 14.823 14.898 14.939 14.936 14.933 14.929 14.926 14.923 14.919 14.915 14.911 14.908 14.905 14.905 14.891 14.879 14.868 14.857 14.853 14.850 14.840 14.831 14.821 14.811 14.801 14.791 14.781 14.771 14.760 14.760
12.975 13.142 13.309 13.506 13.710 13.914 14.117 14.321 14.525 14.707 14.638 14.501 14.501 14.433 14.365 14.296 14.227 14.159 14.094 14.041 13.988 13.934 13.888 13.874 13.860 13.856 13.857 13.859 13.859 13.859 13.860 13.861 13.862 13.863 13.863 13.878 13.957 14.035 14.114 14.193 14.272 14.351 14.430 14.509 14.509 14.664 14.740 14.815 14.890 14.917 14.914 14.910 14.907 14.903 14.900 14.896 14.892 14.889 14.878 14.867 14.867 14.845 14.834 14.823 14.812 14.811 14.809 14.803 14.793 14.783 14.774 14.764 14.754 14.744 14.733 14.723 14.723
13.019 13.186 13.353 13.520 13.693 13.897 14.100 14.304 14.508 14.649 14.581 14.444 14.444 14.376 14.307 14.238 14.181 14.128 14.074 14.021 13.967 13.914 13.875 13.861 13.847 13.832 13.828 13.829 13.829 13.830 13.831 13.832 13.832 13.833 13.834 13.866 13.944 14.023 14.102 14.181 14.260 14.339 14.418 14.497 14.497 14.655 14.732 14.807 14.882 14.894 14.891 14.888 14.884 14.880 14.876 14.865 14.854 14.843 14.832 14.821 14.821 14.799 14.788 14.777 14.770 14.769 14.767 14.766 14.756 14.746 14.736 14.726 14.717 14.706 14.696 14.686 14.686
13.062 13.229 13.396 13.563 13.730 13.897 14.084 14.288 14.492 14.592 14.523 14.387 14.387 14.322 14.268 14.214 14.161 14.107 14.054 14.000 13.947 13.894 13.863 13.849 13.835 13.820 13.806 13.800 13.800 13.801 13.801 13.802 13.803 13.804 13.805 13.854 13.932 14.011 14.090 14.169 14.248 14.327 14.406 14.485 14.485 14.643 14.722 14.799 14.875 14.872 14.869 14.864 14.853 14.841 14.830 14.819 14.808 14.797 14.786 14.775 14.775 14.753 14.742 14.731 14.728 14.727 14.725 14.724 14.719 14.709 14.699 14.689 14.678 14.668 14.659 14.649 14.649
13.106 13.273 13.440 13.607 13.774 13.941 14.107 14.274 14.475 14.534 14.466 14.355 14.355 14.302 14.247 14.194 14.140 14.087 14.033 13.980 13.927 13.873 13.850 13.836 13.822 13.807 13.793 13.770 13.770 13.771 13.772 13.773 13.774 13.774 13.775 13.842 13.920 13.999 14.078 14.157 14.236 14.315 14.394 14.473 14.473 14.630 14.709 14.788 14.852 14.841 14.830 14.819 14.807 14.795 14.784 14.773 14.762 14.751 14.740 14.729 14.729 14.707 14.696 14.687 14.686 14.684 14.683 14.681 14.680 14.672 14.662 14.651 14.641 14.631 14.621 14.611 14.611
13.149 13.316 13.483 13.650 13.817 13.985 14.151 14.318 14.483 14.495 14.441 14.335 14.335 14.280 14.227 14.173 14.120 14.067 14.013 13.960 13.906 13.853 13.837 13.823 13.809 13.795 13.781 13.753 13.753 13.742 13.742 13.743 13.744 13.745 13.751 13.829 13.908 13.987 14.066 14.145 14.224 14.303 14.382 14.460 14.460 14.619 14.701 14.783 14.815 14.795 14.784 14.772 14.761 14.750 14.739 14.728 14.717 14.705 14.694 14.683 14.683 14.661 14.650 14.645 14.644 14.642 14.641 14.639 14.638 14.634 14.625 14.614 14.604 14.594 14.584 14.574 14.574
13.193 13.360 13.527 13.694 13.861 14.027 14.194 14.306 14.391 14.418 14.421 14.314 14.314 14.260 14.206 14.153 14.100 14.046 13.993 13.939 13.886 13.839 13.825 13.811 13.796 13.782 13.768 13.740 13.740 13.726 13.713 13.714 13.715 13.715 13.739 13.817 13.896 13.975 14.054 14.133 14.212 14.290 14.371 14.452 14.452 14.616 14.698 14.780 14.781 14.756 14.737 14.726 14.715 14.704 14.693 14.682 14.671 14.660 14.649 14.638 14.638 14.615 14.605 14.603 14.602 14.600 14.598 14.597 14.595 14.594 14.586 14.576 14.567 14.557 14.547 14.537 14.537
13.236 13.403 13.570 13.738 13.905 14.043 14.128 14.214 14.300 14.318 14.326 14.294 14.294 14.240 14.186 14.133 14.079 14.026 13.973 13.919 13.866 13.826 13.812 13.797 13.783 13.769 13.756 13.728 13.728 13.714 13.700 13.686 13.685 13.686 13.727 13.805 13.884 13.963 14.041 14.122 14.204 14.286 14.368 14.450 14.450 14.614 14.695 14.771 14.746 14.722 14.699 14.680 14.669 14.658 14.647 14.636 14.625 14.614 14.603 14.592 14.592 14.570 14.562 14.561 14.559 14.558 14.556 14.555 14.553 14.551 14.549 14.539 14.529 14.519 14.510 14.500 14.500
13.236 13.403 13.570 13.738 13.904 14.043 14.128 14.214 14.300 14.318 14.326 14.294 14.293 14.240 14.186 14.133 14.079 14.026 13.973 13.919 13.866 13.826 13.812 13.797 13.783 13.769 13.756 13.728 13.728 13.714 13.700 13.686 13.685 13.686 13.726 13.805 13.884 13.963 14.041 14.122 14.204 14.286 14.368 14.450 14.450 14.614 14.695 14.770 14.746 14.722 14.699 14.680 14.669 14.658 14.647 14.636 14.625 14.614 14.603 14.592 14.592 14.570 14.562 14.561 14.559 14.558 14.556 14.555 14.552 14.551 14.549 14.539 14.529 14.519 14.510 14.500 14.500
13.280 13.447 13.614 13.780 13.865 13.951 14.037 14.122 14.208 14.219 14.227 14.243 14.242 14.219 14.166 14.112 14.059 14.006 13.952 13.899 13.845 13.814 13.800 13.785 13.771 13.757 13.743 13.715 13.715 13.701 13.687 13.673 13.660 13.656 13.714 13.793 13.873 13.955 14.037 14.119 14.201 14.283 14.365 14.447 14.447 14.611 14.692 14.736 14.712 14.688 14.665 14.641 14.623 14.612 14.601 14.590 14.579 14.568 14.557 14.546 14.546 14.524 14.520 14.519 14.517 14.516 14.514 14.512 14.510 14.509 14.507 14.502 14.492 14.482 14.472 14.462 14.462
13.323 13.490 13.602 13.688 13.773 13.859 13.945 14.030 14.112 14.120 14.128 14.143 14.143 14.151 14.146 14.092 14.039 13.985 13.932 13.878 13.825 13.801 13.786 13.772 13.758 13.744 13.730 13.703 13.703 13.689 13.675 13.661 13.647 13.644 13.707 13.789 13.870 13.952 14.034 14.116 14.198 14.280 14.362 14.444 14.444 14.608 14.689 14.702 14.678 14.654 14.631 14.607 14.583 14.566 14.555 14.544 14.533 14.522 14.511 14.500 14.500 14.479 14.478 14.476 14.475 14.473 14.472 14.469 14.468 14.466 14.465 14.463 14.455 14.445 14.435 14.425 14.425
13.248 13.333 13.419 13.504 13.590 13.676 13.761 13.847 13.913 13.921 13.928 13.944 13.944 13.952 13.960 13.968 13.976 13.945 13.891 13.838 13.790 13.776 13.761 13.747 13.733 13.719 13.705 13.705 13.705 13.708 13.711 13.714 13.716 13.735 13.768 13.802 13.865 13.947 14.029 14.111 14.193 14.275 14.356 14.438 14.438 14.601 14.658 14.634 14.610 14.586 14.563 14.539 14.515 14.491 14.468 14.452 14.441 14.430 14.419 14.408 14.408 14.395 14.394 14.392 14.391 14.389 14.387 14.385 14.383 14.382 14.380 14.379 14.377 14.370 14.361 14.351 14.351
13.156 13.241 13.327 13.413 13.498 13.584 13.669 13.755 13.814 13.822 13.829 13.845 13.845 13.853 13.861 13.869 13.877 13.885 13.871 13.817 13.777 13.762 13.748 13.734 13.730 13.733 13.736 13.742 13.742 13.746 13.749 13.752 13.754 13.781 13.814 13.848 13.881 13.944 14.026 14.108 14.190 14.272 14.354 14.436 14.436 14.598 14.624 14.600 14.576 14.552 14.529 14.505 14.481 14.457 14.434 14.410 14.396 14.385 14.374 14.362 14.362 14.353 14.351 14.350 14.348 14.347 14.344 14.343 14.341 14.340 14.338 14.337 14.335 14.333 14.323 14.313 14.313
13.064 13.150 13.235 13.321 13.406 13.492 13.578 13.663 13.715 13.722 13.730 13.746 13.746 13.754 13.762 13.770 13.778 13.786 13.794 13.797 13.763 13.758 13.761 13.764 13.768 13.771 13.774 13.780 13.780 13.783 13.787 13.790 13.793 13.827 13.860 13.894 13.927 13.961 14.023 14.105 14.187 14.269 14.351 14.433 14.432 14.596 14.590 14.566 14.542 14.519 14.495 14.471 14.447 14.423 14.400 14.376 14.352 14.339 14.328 14.317 14.317 14.311 14.309 14.308 14.306 14.304 14.302 14.301 14.299 14.298 14.296 14.295 14.293 14.292 14.286 14.323 14.323
12.972 13.058 13.143 13.229 13.314 13.400 13.485 13.571 13.615 13.623 13.631 13.647 13.647 13.655 13.663 13.671 13.679 13.687 13.700 13.733 13.789 13.796 13.799 13.802 13.805 13.809 13.812 13.818 13.818 13.821 13.825 13.828 13.839 13.873 13.906 13.940 13.973 14.007 14.041 14.102 14.184 14.266 14.348 14.430 14.429 14.580 14.556 14.532 14.508 14.485 14.461 14.437 14.413 14.389 14.366 14.342 14.318 14.294 14.282 14.272 14.272 14.269 14.267 14.265 14.264 14.261 14.260 14.258 14.257 14.255 14.254 14.252 14.262 14.277 14.301 14.366 14.366
12.896 12.972 13.051 13.137 13.222 13.308 13.394 13.479 13.516 13.524 13.532 13.548 13.548 13.555 13.563 13.571 13.600 13.633 13.666 13.699 13.762 13.826 13.837 13.840 13.843 13.846 13.850 13.856 13.856 13.859 13.862 13.865 13.885 13.919 13.952 13.986 14.019 14.053 14.087 14.120 14.181 14.263 14.345 14.426 14.426 14.546 14.522 14.498 14.474 14.451 14.427 14.403 14.379 14.355 14.332 14.308 14.284 14.260 14.236 14.229 14.229 14.226 14.225 14.240 14.254 14.268 14.282 14.297 14.311 14.326 14.341 14.355 14.370 14.384 14.432 14.496 14.496
12.819 12.896 12.972 13.049 13.131 13.216 13.302 13.387 13.417 13.424 13.432 13.448 13.448 13.466 13.499 13.532 13.566 13.599 13.632 13.673 13.736 13.800 13.864 13.878 13.881 13.884 13.888 13.894 13.894 13.897 13.900 13.902 13.931 13.965 13.998 14.032 14.065 14.099 14.133 14.166 14.200 14.260 14.342 14.423 14.423 14.512 14.488 14.464 14.440 14.417 14.393 14.369 14.345 14.321 14.298 14.274 14.253 14.248 14.243 14.289 14.289 14.318 14.332 14.347 14.361 14.375 14.390 14.404 14.419 14.433 14.448 14.462 14.477 14.500 14.564 14.627 14.627
12.743 12.820 12.896 12.972 13.049 13.125 13.210 13.295 13.317 13.325 13.333 13.399 13.399 13.432 13.465 13.499 13.532 13.565 13.598 13.646 13.710 13.774 13.837 13.901 13.919 13.922 13.925 13.932 13.932 13.935 13.937 13.944 13.977 14.011 14.044 14.078 14.111 14.145 14.179 14.212 14.246 14.279 14.340 14.421 14.420 14.478 14.454 14.430 14.406 14.383 14.359 14.335 14.318 14.313 14.307 14.302 14.297 14.291 14.301 14.367 14.367 14.425 14.440 14.454 14.468 14.482 14.497 14.512 14.526 14.541 14.555 14.570 14.584 14.632 14.695 14.759 14.759
12.667 12.743 12.820 12.896 12.972 13.049 13.125 13.204 13.231 13.265 13.298 13.365 13.365 13.398 13.432 13.465 13.498 13.532 13.565 13.620 13.684 13.747 13.811 13.875 13.939 13.960 13.963 13.970 13.970 13.972 13.975 13.990 14.023 14.057 14.090 14.124 14.158 14.191 14.225 14.258 14.292 14.325 14.359 14.419 14.418 14.444 14.420 14.396 14.383 14.378 14.372 14.367 14.362 14.356 14.351 14.345 14.340 14.335 14.371 14.437 14.437 14.532 14.547 14.562 14.575 14.590 14.604 14.619 14.633 14.648 14.662 14.677 14.700 14.764 14.827 14.890 14.890
12.591 12.667 12.743 12.820 12.896 12.973 13.049 13.124 13.198 13.231 13.265 13.332 13.331 13.365 13.398 13.432 13.465 13.498 13.532 13.594 13.658 13.721 13.785 13.849 13.912 13.976 14.001 14.008 14.007 14.010 14.013 14.036 14.069 14.103 14.136 14.170 14.204 14.237 14.271 14.304 14.338 14.371 14.405 14.437 14.437 14.442 14.437 14.432 14.426 14.421 14.416 14.410 14.405 14.400 14.394 14.389 14.383 14.378 14.441 14.506 14.506 14.638 14.654 14.668 14.682 14.697 14.712 14.726 14.741 14.755 14.770 14.784 14.832 14.895 14.958 15.022 15.022
12.514 12.591 12.667 12.743 12.819 12.895 12.971 13.046 13.120 13.194 13.231 13.298 13.298 13.331 13.365 13.398 13.431 13.465 13.504 13.568 13.631 13.695 13.759 13.822 13.886 13.950 14.014 14.045 14.044 14.048 14.051 14.082 14.115 14.149 14.182 14.216 14.250 14.283 14.317 14.350 14.375 14.391 14.405 14.421 14.421 14.486 14.480 14.475 14.470 14.464 14.459 14.454 14.448 14.443 14.438 14.432 14.427 14.445 14.511 14.576 14.576 14.707 14.762 14.776 14.790 14.804 14.819 14.833 14.848 14.862 14.877 14.900 14.963 15.027 15.090 15.153 15.153
12.438 12.514 12.590 12.666 12.742 12.818 12.893 12.968 13.042 13.116 13.190 13.264 13.264 13.298 13.331 13.364 13.398 13.431 13.478 13.542 13.605 13.669 13.733 13.796 13.860 13.924 13.987 14.082 14.082 14.085 14.094 14.128 14.161 14.195 14.228 14.262 14.293 14.308 14.324 14.339 14.355 14.369 14.385 14.410 14.410 14.517 14.524 14.518 14.513 14.508 14.502 14.497 14.492 14.486 14.481 14.476 14.470 14.515 14.580 14.646 14.646 14.777 14.843 14.883 14.897 14.912 14.926 14.941 14.955 14.970 14.984 15.031 15.095 15.158 15.221 15.285 15.285
12.361 12.437 12.513 12.588 12.664 12.740 12.816 12.890 12.964 13.038 13.112 13.231 13.231 13.264 13.297 13.331 13.364 13.398 13.452 13.515 13.579 13.643 13.706 13.770 13.834 13.897 13.960 14.087 14.087 14.123 14.140 14.174 14.207 14.225 14.241 14.256 14.272 14.288 14.303 14.319 14.334 14.349 14.364 14.402 14.402 14.509 14.562 14.562 14.556 14.551 14.546 14.540 14.535 14.530 14.524 14.519 14.519 14.585 14.650 14.716 14.716 14.847 14.912 14.978 15.005 15.019 15.033 15.048 15.063 15.077 15.099 15.163 15.226 15.290 15.353 15.416 15.416
12.283 12.359 12.435 12.511 12.587 12.663 12.738 12.812 12.886 12.960 13.034 13.182 13.182 13.230 13.264 13.297 13.331 13.364 13.425 13.489 13.553 13.616 13.680 13.744 13.808 13.870 13.934 14.061 14.061 14.121 14.158 14.174 14.189 14.205 14.220 14.236 14.251 14.267 14.282 14.298 14.312 14.328 14.343 14.394 14.394 14.501 14.554 14.605 14.600 14.594 14.589 14.584 14.578 14.573 14.568 14.562 14.589 14.654 14.720 14.786 14.786 14.917 14.982 15.048 15.112 15.126 15.141 15.155 15.170 15.184 15.231 15.294 15.358 15.421 15.484 15.548 15.548
12.283 12.359 12.435 12.511 12.587 12.662 12.738 12.812 12.886 12.960 13.034 13.182 13.182 13.230 13.264 13.297 13.330 13.364 13.425 13.489 13.553 13.616 13.680 13.744 13.808 13.870 13.934 14.061 14.061 14.121 14.158 14.174 14.189 14.205 14.220 14.236 14.251 14.267 14.282 14.298 14.312 14.328 14.343 14.394 14.394 14.501 14.554 14.605 14.600 14.594 14.589 14.584 14.578 14.573 14.568 14.562 14.589 14.654 14.720 14.786 14.786 14.917 14.982 15.048 15.112 15.126 15.141 15.155 15.170 15.184 15.231 15.294 15.358 15.421 15.484 15.548 15.548
12.206 12.281 12.357 12.433 12.509 12.585 12.660 12.734 12.808 12.882 12.956 13.104 13.104 13.178 13.230 13.263 13.297 13.335 13.399 13.463 13.526 13.590 13.654 13.718 13.781 13.844 13.899 14.010 14.010 14.065 14.119 14.153 14.169 14.184 14.200 14.215 14.231 14.246 14.262 14.277 14.293 14.307 14.333 14.386 14.386 14.493 14.546 14.599 14.643 14.638 14.632 14.627 14.622 14.616 14.611 14.606 14.659 14.724 14.790 14.855 14.855 14.987 15.052 15.118 15.183 15.234 15.249 15.263 15.278 15.300 15.362 15.426 15.489 15.553 15.616 15.679 15.679
12.128 12.204 12.280 12.356 12.431 12.507 12.582 12.656 12.730 12.804 12.878 13.026 13.026 13.100 13.174 13.230 13.263 13.309 13.373 13.436 13.500 13.564 13.624 13.679 13.733 13.788 13.844 13.954 13.954 14.009 14.063 14.117 14.148 14.163 14.179 14.195 14.210 14.226 14.241 14.257 14.272 14.287 14.325 14.378 14.378 14.485 14.538 14.591 14.645 14.681 14.676 14.670 14.665 14.660 14.654 14.663 14.728 14.794 14.860 14.925 14.925 15.056 15.122 15.187 15.253 15.319 15.356 15.371 15.385 15.432 15.495 15.557 15.621 15.684 15.747 15.811 15.811
12.090 12.098 12.125 12.201 12.276 12.352 12.426 12.500 12.574 12.648 12.722 12.870 12.870 12.944 13.018 13.092 13.165 13.236 13.291 13.346 13.402 13.457 13.512 13.567 13.622 13.677 13.733 13.843 13.843 13.897 13.951 14.005 14.058 14.112 14.138 14.153 14.169 14.184 14.200 14.215 14.231 14.257 14.309 14.362 14.362 14.469 14.522 14.575 14.629 14.682 14.735 14.757 14.752 14.746 14.741 14.802 14.868 14.934 14.999 15.065 15.065 15.196 15.262 15.327 15.393 15.458 15.524 15.585 15.631 15.695 15.758 15.821 15.885 15.947 16.010 16.074 16.074
