includes/camargue/floodfiles/results_R2_t1.562343928288E12/res.totaltm
ncols         906
nrows         631
xllcorner     362177.146667
yllcorner     6534725.688020
cellsize      20.000000
NODATA_value  -9999.000000
[rows 510 to 543 of 631, columns 385 to 461 of 906]
9.939 10.427 8.066 6.740 13.319 6.599 6.872 7.482 7.443 7.125 7.232 7.873 6.480 6.546 7.473 9.695 9.708 5.360 0.000 0.000 0.000 0.000 0.000 0.000 0.000 0.000 0.000 0.000 0.000 0.000 0.000 0.000 0.000 0.000 0.000 0.000 0.000 0.000 0.000 0.000 0.000 0.000 0.000 0.000 0.000 0.000 0.000 0.000 0.000 0.000 0.000 0.000 0.000 0.000 0.000 9.782 13.580 7.407 7.432 13.624 7.490 10.672 9.302 9.415 8.038 7.595 12.265 10.929 10.463 7.899 10.999 10.238 10.637 14.078 11.403 11.756 12.905
7.458 13.542 13.525 14.500 13.464 8.944 9.912 9.649 8.866 9.801 11.607 7.777 6.924 6.576 6.254 10.166 5.750 0.000 0.000 0.000 0.000 0.000 0.000 0.000 0.000 0.000 0.000 0.000 0.000 0.000 0.000 0.000 0.000 0.000 0.000 0.000 0.000 0.000 0.000 0.000 0.000 0.000 0.000 0.000 0.000 0.000 0.000 0.000 0.000 0.000 0.000 7.300 8.038 6.667 7.680 13.597 8.291 7.555 7.568 10.267 9.640 8.690 14.500 14.500 14.500 7.616 12.272 11.945 11.382 11.067 7.652 10.902 11.900 14.390 12.278 12.303 13.174
10.502 13.568 7.257 8.428 7.045 13.562 7.094 10.085 7.615 7.232 7.280 8.100 6.665 6.700 6.701 10.879 5.438 0.000 0.000 0.000 0.000 0.000 0.000 0.000 0.000 0.000 0.000 0.000 0.000 0.000 0.000 0.000 0.000 0.000 0.000 0.000 0.000 0.000 0.000 0.000 0.000 0.000 0.000 0.000 0.000 0.000 0.000 0.000 0.000 0.000 7.799 6.206 10.430 13.589 8.584 13.348 8.522 8.804 9.514 7.899 14.500 14.500 14.500 7.767 7.571 9.019 11.634 11.814 11.597 11.482 11.323 11.133 11.898 14.404 12.475 12.512 13.058
13.691 13.673 7.387 8.417 14.500 14.500 7.608 10.383 7.528 7.310 7.371 8.334 6.814 6.788 11.289 12.005 5.475 0.000 0.000 0.000 0.000 0.000 0.000 0.000 0.000 0.000 0.000 0.000 0.000 0.000 0.000 0.000 0.000 0.000 0.000 0.000 0.000 0.000 0.000 0.000 0.000 0.000 0.000 0.000 0.000 0.000 0.000 0.000 7.201 13.526 13.537 13.568 13.588 13.596 13.613 13.622 13.630 7.504 7.482 14.500 14.500 7.667 7.797 14.500 7.590 9.421 11.196 11.636 11.875 12.204 11.649 11.376 11.913 14.422 12.606 12.673 13.004
14.500 9.015 7.501 10.334 12.757 8.900 8.664 9.344 13.599 7.909 8.701 8.496 6.919 6.590 11.376 6.106 5.647 0.000 10.881 0.000 0.000 0.000 0.000 0.000 0.000 0.000 0.000 0.000 0.000 0.000 0.000 0.000 0.000 0.000 0.000 0.000 0.000 0.000 0.000 0.000 0.000 0.000 0.000 0.000 0.000 0.000 7.219 10.277 13.482 13.491 6.046 13.559 6.595 6.845 8.951 13.631 13.659 13.674 10.850 14.500 7.681 9.038 9.294 7.753 9.257 7.673 10.819 11.781 12.409 12.300 11.887 11.602 11.958 14.441 12.698 12.794 12.996
14.500 7.940 14.022 14.494 7.610 14.500 7.312 9.507 9.710 7.707 8.521 7.086 7.280 6.841 11.464 6.345 5.932 0.000 0.693 10.930 0.000 0.000 0.000 0.000 0.000 0.000 0.000 0.000 0.000 0.000 0.000 0.000 0.000 0.000 0.000 0.000 0.000 0.000 0.000 0.000 0.000 0.000 0.000 0.000 0.000 7.249 8.058 5.358 13.473 5.809 6.167 6.447 6.726 6.974 13.627 13.652 8.569 14.452 14.245 14.500 14.500 13.916 12.738 11.611 10.730 10.121 11.015 12.130 12.399 12.371 12.074 11.808 12.034 14.458 12.775 12.885 13.013
14.500 12.217 13.697 7.697 7.742 8.736 7.694 11.757 8.719 7.943 8.659 13.603 7.318 7.687 11.552 7.295 9.021 0.428 2.634 0.000 0.000 3.674 1.420 0.000 0.000 0.000 0.000 0.000 0.000 0.000 0.000 0.000 0.000 0.000 0.000 0.000 0.000 0.000 0.000 0.000 0.000 0.000 0.000 5.023 7.178 13.260 13.434 13.424 13.440 13.424 13.409 6.512 6.799 7.072 7.398 10.468 10.890 14.500 14.268 14.500 14.500 14.500 14.168 13.312 12.337 11.995 11.867 12.123 12.394 12.435 12.228 11.995 12.136 14.474 12.850 12.953 13.044
14.500 12.733 13.333 10.043 10.668 11.376 11.674 11.571 7.823 8.098 8.608 8.069 7.602 11.160 11.539 9.171 9.099 0.000 0.839 7.385 6.728 6.136 5.451 4.850 0.000 0.000 0.000 0.000 0.000 0.000 0.000 0.000 0.000 0.000 0.000 0.000 0.000 0.000 0.000 0.000 0.000 0.000 0.000 5.925 13.456 13.476 13.448 13.419 13.427 5.946 6.288 6.616 6.869 7.156 7.521 9.971 10.789 14.500 14.037 14.500 14.500 14.500 14.500 14.253 14.154 13.601 12.583 12.284 12.422 12.491 12.358 12.169 12.255 14.486 12.934 13.004 13.082
14.500 12.817 12.938 10.455 10.941 11.344 7.691 11.788 9.591 9.616 10.481 10.756 7.697 11.447 11.505 9.288 9.181 7.374 6.886 7.533 6.945 7.116 6.667 7.404 4.881 0.000 0.000 0.000 0.000 0.000 0.000 0.000 0.000 0.000 0.000 0.000 0.000 0.000 0.000 0.000 0.000 4.279 4.086 7.992 7.715 13.487 5.891 6.024 6.137 6.283 6.402 6.664 6.933 7.237 7.594 9.685 10.484 14.500 13.586 14.500 14.500 14.500 14.500 14.500 14.500 14.205 13.345 12.667 12.526 12.563 12.481 12.327 12.378 14.499 13.030 13.047 13.122
14.500 12.745 12.599 10.739 11.064 11.303 10.955 11.743 9.851 9.855 10.600 7.640 11.168 11.474 11.429 9.387 9.265 7.505 7.678 7.509 7.243 7.161 7.231 7.099 5.883 0.000 0.000 0.000 0.000 0.000 0.000 0.000 0.000 0.000 0.000 0.000 0.000 0.000 0.000 0.000 2.448 5.593 5.341 13.543 7.079 11.680 6.392 6.525 6.616 6.698 6.781 6.870 6.975 7.304 7.647 9.169 10.066 14.500 13.073 14.500 14.500 14.500 14.500 14.500 14.500 14.476 13.984 13.200 12.767 12.671 12.602 12.483 12.512 14.500 13.138 13.088 13.162
14.399 12.661 12.362 10.942 11.157 11.326 11.315 11.699 10.045 10.136 10.844 11.024 11.409 11.498 11.324 9.477 9.339 7.693 8.202 7.749 7.585 7.414 7.235 7.082 6.480 0.000 0.000 0.000 0.000 5.758 7.120 7.978 6.770 5.897 0.000 0.000 0.000 0.000 0.000 0.000 5.356 7.793 7.361 13.553 7.508 13.565 6.746 6.879 6.998 7.104 7.212 7.359 7.481 7.573 7.674 8.610 9.646 14.500 12.561 14.500 14.500 14.500 14.500 14.500 14.500 14.500 14.370 13.758 13.133 12.856 12.742 12.637 12.650 14.500 13.255 13.126 13.202
14.175 12.611 12.176 11.095 11.250 11.389 11.444 11.654 10.242 10.369 11.138 11.333 11.500 11.578 11.340 9.569 9.416 9.258 7.866 8.887 7.528 13.622 7.918 7.409 7.057 5.694 5.694 7.299 13.339 13.366 13.375 13.381 13.391 10.345 6.817 7.063 0.000 0.000 0.000 0.000 6.536 13.561 13.566 13.567 13.608 7.803 8.165 7.341 7.490 7.584 7.675 7.769 8.190 8.321 8.449 8.729 9.102 14.500 11.240 14.500 14.500 14.500 14.500 14.500 14.500 14.500 14.500 14.224 13.595 13.131 12.917 12.800 12.796 14.500 13.359 13.223 13.241
13.977 12.575 12.081 11.235 11.362 11.459 11.511 11.614 10.482 10.647 11.416 11.481 11.567 11.607 11.337 9.732 9.559 9.400 9.139 8.739 8.340 8.085 7.323 7.117 13.590 6.698 6.752 6.282 6.031 13.373 13.382 13.393 13.406 13.438 13.449 13.464 13.456 13.435 7.125 8.030 13.593 13.606 13.621 7.392 7.704 8.111 8.124 8.408 8.432 8.449 8.528 8.654 8.830 8.920 8.967 9.088 9.281 14.500 11.213 14.500 14.500 14.500 14.500 14.500 14.500 14.500 14.500 14.493 14.175 13.625 13.241 13.038 12.990 14.500 13.509 13.386 13.317
14.500 14.500 14.306 13.849 13.805 13.764 13.832 13.792 13.651 13.325 14.500 13.259 13.080 12.832 12.384 11.710 11.639 11.598 11.808 9.944 9.851 9.643 9.069 8.452 8.227 7.609 8.854 6.889 6.638 13.372 13.387 6.529 13.438 13.461 6.647 13.514 6.741 6.839 13.593 7.161 7.424 13.618 11.471 13.509 13.675 13.822 13.884 13.908 13.928 13.948 13.965 13.978 13.988 13.996 14.002 14.474 14.500 14.500 14.500 14.500 14.500 14.500 14.500 14.500 14.500 14.500 14.500 14.500 14.500 14.500 14.500 14.500 14.500 14.500 14.500 14.500 14.500
13.223 12.456 12.098 11.887 11.862 11.817 11.873 11.824 11.685 11.528 12.386 11.952 11.846 11.654 11.128 10.426 10.234 10.084 10.224 9.176 9.021 8.743 8.377 7.835 7.609 7.341 7.491 6.828 6.610 13.393 13.412 6.527 13.459 13.481 6.653 13.534 6.759 6.838 13.616 7.157 7.405 9.567 8.496 9.430 9.546 9.625 9.687 9.739 9.742 9.703 9.668 9.634 9.641 9.684 9.788 10.896 14.500 14.500 14.500 13.144 14.500 14.500 14.500 14.500 14.500 14.500 14.500 14.500 14.500 14.500 14.500 14.500 14.476 14.500 14.099 14.128 13.903
13.121 12.444 12.126 11.945 11.910 11.861 11.902 11.867 11.790 11.678 12.468 11.992 11.863 11.636 11.112 10.470 10.196 10.125 10.253 9.984 9.876 9.148 9.002 8.867 8.500 8.210 8.379 7.417 7.207 6.957 7.065 7.154 7.271 7.524 7.567 13.548 12.049 9.806 8.756 8.259 8.379 10.338 9.088 9.859 9.999 10.016 10.002 9.958 9.956 10.014 10.129 10.662 11.185 10.931 10.886 11.906 14.500 14.500 14.500 13.168 14.283 14.500 14.500 14.500 14.500 14.500 14.500 14.500 14.500 14.500 14.500 14.500 14.500 14.500 14.500 14.500 14.402
12.511 12.095 11.891 11.773 11.728 11.673 11.679 11.638 11.569 11.472 12.276 11.847 11.663 11.323 10.788 10.282 10.143 10.109 10.174 10.020 9.916 9.698 9.595 9.182 9.060 8.951 9.022 8.357 8.074 7.577 7.674 7.740 7.801 8.308 8.392 14.162 12.991 11.011 9.825 9.124 9.028 10.494 9.408 9.924 10.084 10.222 10.350 10.842 11.066 10.813 10.656 10.648 10.789 10.654 10.711 11.645 14.398 14.500 14.500 12.108 11.535 14.477 14.500 14.500 14.500 14.500 14.500 14.500 14.500 14.500 14.500 14.500 14.500 14.500 14.500 14.500 14.500
13.084 12.515 12.227 12.068 12.027 11.986 11.993 12.013 11.981 11.918 12.640 12.075 11.904 11.441 11.207 10.789 10.522 10.373 10.401 10.276 10.172 10.059 9.934 9.813 9.729 9.762 9.748 9.347 9.205 9.084 9.164 9.206 9.241 9.274 9.319 14.500 14.500 14.500 14.485 10.924 11.311 12.215 10.780 10.971 11.332 11.366 11.322 11.398 11.471 11.292 11.145 11.127 11.280 11.194 11.479 13.352 14.500 14.500 14.500 12.101 12.071 12.204 14.351 14.500 14.500 14.500 14.500 14.500 14.500 14.500 14.500 14.500 14.500 14.500 14.500 14.500 14.500
13.005 12.515 12.266 12.133 12.092 12.056 12.054 12.084 12.071 12.026 12.714 12.079 11.742 11.579 11.362 11.048 10.763 10.566 10.520 10.408 10.331 10.247 10.154 10.051 9.959 9.978 9.826 9.831 9.915 9.448 9.633 12.446 13.215 14.295 14.500 14.500 14.500 14.500 14.254 11.198 11.492 11.770 10.992 10.685 11.293 11.397 11.397 11.462 11.529 11.418 11.296 11.263 11.378 11.467 12.491 14.500 14.500 14.500 14.500 12.019 12.196 12.239 12.615 14.369 14.500 14.500 14.500 14.500 14.500 14.500 14.500 14.500 14.500 14.500 14.500 14.500 14.500
12.961 12.536 12.320 12.206 12.165 12.133 12.131 12.154 12.145 12.091 12.748 12.006 11.881 11.722 11.526 11.259 10.997 10.776 10.672 10.555 10.478 10.409 10.335 10.251 10.165 10.180 9.963 9.996 10.854 11.589 12.567 13.731 14.385 14.500 14.500 14.500 14.500 14.482 13.910 11.322 11.422 11.517 11.157 10.616 11.170 11.406 11.459 11.533 11.599 11.530 11.436 11.406 11.523 11.896 13.865 14.500 14.500 14.500 14.500 11.959 12.101 11.964 11.473 13.217 14.368 14.500 14.500 14.500 14.500 14.500 14.500 14.500 14.500 14.500 14.500 14.500 14.500
13.471 12.707 12.430 12.290 12.245 12.216 12.211 12.209 12.183 12.095 12.665 12.259 12.029 11.868 11.687 11.450 11.208 10.987 10.843 10.715 10.625 10.561 10.499 10.428 10.353 10.372 10.132 11.262 12.169 12.917 13.809 14.407 14.500 14.500 14.500 14.500 14.500 14.339 13.483 11.368 11.411 11.375 11.307 10.752 11.004 11.370 11.506 11.602 11.678 11.638 11.570 11.558 11.777 12.939 14.500 14.500 14.500 14.494 14.500 11.892 11.987 11.794 11.545 11.768 13.357 14.335 14.500 14.500 14.500 14.500 14.500 14.500 14.500 14.500 14.500 14.500 14.500
13.552 12.956 12.713 12.636 12.423 12.337 12.282 12.230 12.109 12.234 12.612 12.401 12.180 12.006 11.842 11.635 11.407 11.194 11.028 10.888 10.778 10.711 10.653 10.593 10.528 10.558 10.382 12.751 13.158 13.888 14.395 14.500 14.500 14.500 14.500 14.500 14.500 14.126 13.026 11.366 11.431 11.320 11.445 10.869 11.080 11.140 11.523 11.664 11.759 11.745 11.702 11.733 12.210 14.194 14.500 14.500 14.500 14.366 14.500 11.816 11.865 11.642 11.400 11.180 12.474 13.433 14.279 14.500 14.500 14.500 14.500 14.500 14.500 14.500 14.500 14.500 14.500
13.624 13.084 12.852 12.758 12.622 12.567 12.542 12.273 12.159 12.341 12.547 12.464 12.305 12.145 11.985 11.809 11.603 11.391 11.218 11.069 10.936 10.862 10.805 10.752 10.707 11.100 12.749 13.309 13.950 14.397 14.500 14.500 14.500 14.500 14.500 14.500 14.475 13.854 12.610 11.417 11.459 11.326 11.576 10.991 11.190 11.255 11.362 11.697 11.832 11.851 11.841 12.001 13.302 14.500 14.500 14.500 14.494 14.151 14.500 11.739 11.756 11.537 11.334 11.182 11.244 12.669 13.473 14.210 14.500 14.500 14.500 14.500 14.500 14.500 14.500 14.500 14.500
13.703 13.212 12.990 12.886 12.765 12.704 12.662 12.188 12.198 12.634 12.772 12.685 12.513 12.319 12.145 11.977 11.790 11.590 11.410 11.258 11.111 11.025 10.981 10.979 11.447 12.118 14.055 13.790 14.397 14.500 14.500 14.500 14.500 14.500 14.500 14.500 14.336 13.516 12.251 11.500 11.500 11.373 11.701 11.128 11.311 11.373 11.442 11.580 11.877 11.946 11.994 12.466 14.404 14.500 14.500 14.500 14.352 13.910 14.500 11.679 11.676 11.485 11.331 11.236 11.209 11.878 12.793 13.497 14.108 13.973 14.266 14.500 14.500 14.500 14.500 14.500 14.500
13.812 13.340 13.126 13.023 12.912 12.862 12.737 12.032 11.948 12.834 12.725 12.816 12.830 12.819 12.640 12.350 12.061 11.829 11.649 11.529 11.445 11.437 11.632 12.474 12.779 12.862 14.498 14.218 14.500 14.500 14.500 14.500 14.500 14.500 14.500 14.500 14.123 13.147 12.080 11.587 11.558 11.452 11.823 11.274 11.444 11.501 11.564 11.639 11.796 12.028 12.251 13.633 14.500 14.500 14.500 14.500 14.114 13.679 14.500 11.642 11.627 11.457 11.312 11.188 11.042 10.778 12.148 12.837 12.894 13.286 13.943 14.372 14.500 14.500 14.500 14.500 14.500
13.908 13.493 13.271 13.162 13.087 12.970 12.797 11.993 11.542 12.968 12.700 12.810 12.876 12.921 12.915 12.883 12.874 12.736 12.667 12.864 13.329 14.083 14.500 14.500 14.270 14.044 14.500 14.454 14.500 14.500 14.500 14.500 14.500 14.500 14.500 14.439 13.846 12.788 12.031 11.676 11.635 11.554 11.941 11.432 11.593 11.653 11.723 11.808 11.897 12.041 12.718 14.500 14.500 14.500 14.500 14.368 13.861 13.477 14.500 11.625 11.601 11.442 11.296 11.163 11.038 10.950 11.388 11.819 12.172 12.902 13.552 14.113 14.471 14.500 14.500 14.500 14.500
14.042 13.629 13.420 13.338 13.208 13.061 12.851 12.007 11.143 13.091 12.715 12.815 12.904 12.978 13.016 13.029 13.073 13.869 14.500 14.500 14.500 14.500 14.500 14.500 14.500 14.500 14.500 14.500 14.500 14.500 14.500 14.500 14.500 14.500 14.500 14.285 13.528 12.567 12.040 11.776 11.733 11.684 12.067 11.614 11.777 11.865 11.989 12.170 12.441 12.841 13.832 14.500 14.500 14.500 14.500 14.117 13.631 13.311 14.500 11.620 11.588 11.432 11.280 11.133 10.975 10.786 10.396 11.053 11.822 12.520 13.171 13.775 14.298 14.500 14.500 14.500 14.500
14.170 13.779 13.608 13.463 13.317 13.147 12.895 12.030 10.943 13.203 12.729 12.827 12.922 13.015 13.084 13.145 13.585 14.500 14.500 14.500 14.500 14.500 14.500 14.500 14.500 14.500 14.500 14.500 14.500 14.500 14.500 14.500 14.500 14.500 14.474 14.065 13.224 12.553 12.183 11.999 11.972 11.952 12.337 12.001 12.235 12.446 12.767 13.252 13.891 14.413 14.500 14.500 14.500 14.500 14.380 13.812 13.388 13.113 14.500 11.609 11.569 11.409 11.247 11.082 10.892 10.637 10.071 10.846 11.664 12.355 12.995 13.571 14.134 14.500 14.500 14.500 14.500
14.385 14.008 13.756 13.595 13.433 13.237 12.940 12.077 10.906 13.319 12.745 12.847 12.946 13.049 13.147 13.420 14.500 14.500 14.500 14.500 14.500 14.500 14.500 14.500 14.500 14.500 14.500 14.500 14.500 14.500 14.500 14.500 14.500 14.500 14.500 14.378 14.129 14.171 14.306 14.446 14.500 14.500 14.500 14.500 14.500 14.500 14.500 14.500 14.500 14.500 14.500 14.500 14.500 14.500 14.110 13.568 13.231 13.018 14.500 11.611 11.566 11.401 11.229 11.044 10.824 10.520 9.998 10.341 11.112 11.827 12.523 13.198 13.899 14.500 14.500 14.500 14.500
14.500 14.500 14.500 14.500 14.457 14.137 13.712 13.032 11.500 14.500 13.591 13.629 13.687 13.764 13.916 14.500 14.500 14.500 14.500 14.500 14.500 14.500 14.500 14.500 14.500 14.500 14.500 14.500 14.500 14.500 14.500 14.500 14.500 14.500 14.500 14.500 14.500 14.500 14.500 14.500 14.500 14.500 14.500 14.500 14.500 14.500 14.500 14.500 14.500 14.500 14.500 14.500 14.500 14.500 14.500 14.492 14.405 14.281 14.500 11.880 11.813 11.626 11.419 11.192 10.919 10.496 10.634 10.681 10.878 11.432 12.071 12.733 13.463 14.500 14.500 14.500 14.500
14.500 14.500 14.365 14.174 13.935 13.630 13.150 12.302 11.086 13.654 12.315 12.614 12.911 13.162 13.508 14.500 14.500 14.500 14.500 14.500 14.500 14.500 14.500 14.500 14.500 14.500 14.500 14.500 14.500 14.500 14.500 14.500 14.500 14.500 14.500 14.500 14.500 14.500 14.500 14.500 14.500 14.500 14.500 14.500 14.500 14.500 14.500 14.500 14.500 14.500 14.500 14.500 14.500 14.031 13.487 13.102 12.792 12.546 14.231 11.603 11.557 11.352 11.117 10.836 10.486 9.973 10.195 10.188 10.355 10.702 11.108 11.600 12.227 14.500 13.956 14.500 14.500
14.500 14.500 14.410 14.216 13.970 13.650 13.144 12.319 11.115 13.682 12.248 12.481 12.771 13.135 14.038 14.500 14.500 14.500 14.500 14.500 14.500 14.500 14.500 14.500 14.500 14.500 14.500 14.500 14.500 14.500 14.500 14.500 14.500 14.500 14.500 14.500 14.500 14.500 14.500 14.500 14.500 14.500 14.500 14.500 14.500 14.500 14.500 14.500 14.500 14.500 14.500 14.500 14.500 14.118 13.281 12.954 12.710 12.547 14.246 11.547 11.501 11.286 11.036 10.745 10.394 9.944 10.226 10.276 10.223 10.476 10.812 11.206 11.737 14.500 13.534 14.362 14.500
14.500 14.500 14.375 14.145 13.879 13.525 12.938 12.176 11.113 13.436 11.913 12.166 12.631 13.472 14.500 14.500 14.500 14.500 14.500 14.500 14.500 14.500 14.500 14.500 14.500 14.500 14.500 14.500 14.500 14.500 14.500 14.500 14.500 14.500 14.500 14.500 14.500 14.500 14.500 14.500 14.500 14.500 14.500 14.500 14.500 14.500 14.500 14.500 14.500 14.500 14.500 14.500 14.500 14.500 13.250 12.718 12.499 12.350 13.854 11.424 11.378 11.149 10.885 10.588 10.170 10.015 10.203 10.276 10.226 10.281 10.555 10.874 11.297 14.500 12.806 13.811 14.191
14.500 14.500 14.500 14.300 14.035 13.688 13.155 12.419 12.559 13.455 12.025 12.621 14.353 14.500 14.500 14.500 14.500 14.500 14.500 14.500 14.500 14.500 14.500 14.500 14.500 14.500 14.500 14.500 14.500 14.500 14.500 14.500 14.500 14.500 14.500 14.500 14.500 14.500 14.500 14.500 14.500 14.500 14.500 14.500 14.500 14.500 14.500 14.500 14.500 14.500 14.500 14.500 14.500 14.500 14.500 14.281 12.709 12.603 14.268 11.460 11.409 11.177 10.905 10.523 10.386 10.315 10.366 10.435 10.448 10.422 10.495 10.755 11.122 14.500 12.773 13.812 14.463
