includes/camargue/floodfiles/results_R2_t1.562343928288E12/res.max
ncols         906
nrows         631
xllcorner     362177.146667
yllcorner     6534725.688020
cellsize      20.000000
NODATA_value  -9999.000000
[rows 544 to 577 of 631, columns 0 to 76 of 906]
7.847 7.490 7.134 6.777 6.420 6.063 5.707 5.350 5.350 5.240 5.492 5.898 6.303 6.709 7.115 7.521 7.926 8.332 8.738 9.144 9.360 9.273 9.186 9.099 9.100 8.925 8.838 8.751 8.664 8.577 8.490 8.372 8.250 8.102 7.954 7.806 7.657 7.508 7.313 7.118 7.119 6.803 6.764 6.726 6.682 6.628 6.575 6.521 6.467 6.504 6.561 6.618 6.648 6.675 6.702 6.730 6.730 6.789 6.830 6.871 6.912 6.952 6.993 7.034 7.118 7.321 7.493 7.665 7.837 8.009 8.181 8.353 9.257 9.257 9.723 10.189 10.656
7.700 7.343 6.986 6.630 6.273 5.916 5.559 5.353 5.353 5.251 5.273 5.679 6.085 6.490 6.896 7.302 7.708 8.113 8.519 8.940 9.466 9.381 9.284 9.187 9.188 8.994 8.900 8.813 8.726 8.639 8.552 8.454 8.320 8.172 8.016 7.821 7.626 7.431 7.237 7.042 7.043 6.717 6.679 6.641 6.603 6.565 6.527 6.480 6.426 6.439 6.486 6.513 6.540 6.567 6.594 6.621 6.622 6.679 6.720 6.761 6.802 6.842 6.883 6.923 6.971 7.033 7.178 7.350 7.522 7.694 7.866 8.038 8.918 8.918 9.385 9.851 10.317
7.553 7.196 6.839 6.482 6.126 5.769 5.415 5.364 5.364 5.262 5.211 5.460 5.866 6.272 6.677 7.083 7.489 7.895 8.300 8.818 9.344 9.504 9.407 9.311 9.311 9.117 9.021 8.924 8.828 8.731 8.635 8.538 8.328 8.134 7.939 7.744 7.550 7.355 7.160 6.966 6.966 6.632 6.594 6.556 6.518 6.480 6.442 6.404 6.366 6.355 6.378 6.405 6.432 6.459 6.486 6.513 6.514 6.569 6.610 6.651 6.691 6.732 6.774 6.824 6.874 6.934 6.996 7.059 7.207 7.379 7.551 7.723 8.579 8.580 9.046 9.502 9.826
7.412 7.049 6.692 6.335 5.978 5.622 5.426 5.375 5.375 5.273 5.222 5.241 5.647 6.053 6.459 6.864 7.270 7.676 8.170 8.696 9.221 9.627 9.530 9.434 9.434 9.241 9.144 9.048 8.951 8.855 8.758 8.538 8.307 8.070 7.862 7.668 7.473 7.278 7.084 6.889 6.890 6.547 6.509 6.471 6.433 6.395 6.357 6.326 6.330 6.331 6.324 6.317 6.324 6.351 6.378 6.405 6.406 6.459 6.500 6.540 6.581 6.626 6.676 6.726 6.776 6.834 6.897 6.959 7.022 7.085 7.236 7.408 8.240 8.241 8.606 8.931 9.255
7.380 6.901 6.545 6.188 5.831 5.488 5.437 5.386 5.386 5.284 5.233 5.182 5.428 5.834 6.240 6.646 7.051 7.521 8.047 8.573 9.099 9.625 9.654 9.557 9.558 9.364 9.267 9.171 9.074 8.978 8.758 8.536 8.308 8.071 7.834 7.597 7.397 7.202 7.007 6.812 6.813 6.461 6.423 6.385 6.347 6.309 6.296 6.300 6.303 6.306 6.299 6.293 6.285 6.278 6.272 6.297 6.298 6.351 6.390 6.430 6.478 6.528 6.578 6.628 6.678 6.735 6.797 6.860 6.923 6.985 7.048 7.111 7.710 7.711 8.035 8.360 8.684
7.348 6.823 6.397 6.041 5.684 5.499 5.448 5.397 5.397 5.295 5.244 5.193 5.209 5.615 6.021 6.427 6.873 7.399 7.925 8.451 8.977 9.503 9.777 9.680 9.681 9.487 9.391 9.294 9.197 8.977 8.756 8.534 8.309 8.072 7.835 7.597 7.360 7.125 6.931 6.736 6.737 6.376 6.338 6.300 6.262 6.265 6.270 6.273 6.277 6.281 6.275 6.268 6.261 6.254 6.247 6.240 6.241 6.243 6.281 6.330 6.380 6.430 6.480 6.530 6.580 6.635 6.698 6.761 6.823 6.886 6.946 7.002 7.139 7.140 7.464 7.789 8.113
7.316 6.791 6.265 5.893 5.561 5.510 5.459 5.408 5.409 5.306 5.255 5.205 5.154 5.396 5.802 6.225 6.751 7.277 7.803 8.329 8.854 9.380 9.900 9.803 9.804 9.610 9.514 9.417 9.197 8.975 8.754 8.533 8.309 8.072 7.835 7.598 7.361 7.124 6.887 6.659 6.660 6.291 6.253 6.232 6.235 6.239 6.243 6.247 6.251 6.255 6.251 6.244 6.237 6.230 6.223 6.216 6.217 6.205 6.216 6.246 6.282 6.332 6.382 6.432 6.482 6.536 6.598 6.661 6.722 6.777 6.832 6.887 7.005 7.006 7.066 7.218 7.542
7.285 6.759 6.233 5.746 5.572 5.521 5.470 5.419 5.420 5.317 5.266 5.215 5.165 5.178 5.583 6.103 6.629 7.154 7.680 8.206 8.732 9.258 9.784 9.927 9.927 9.733 9.637 9.416 9.195 8.973 8.752 8.531 8.309 8.073 7.836 7.599 7.362 7.125 6.888 6.651 6.651 6.205 6.201 6.205 6.209 6.213 6.217 6.221 6.225 6.229 6.227 6.220 6.213 6.206 6.199 6.192 6.192 6.189 6.190 6.220 6.250 6.279 6.309 6.339 6.384 6.436 6.497 6.552 6.607 6.662 6.717 6.772 6.891 6.891 6.952 7.012 7.072
7.315 6.793 6.272 5.780 5.630 5.575 5.520 5.465 5.465 5.355 5.300 5.245 5.190 5.135 5.454 5.980 6.506 7.032 7.558 8.084 8.610 9.135 9.661 10.050 10.050 9.857 9.636 9.414 9.193 8.971 8.750 8.529 8.307 8.074 7.837 7.599 7.363 7.125 6.888 6.652 6.652 6.200 6.184 6.179 6.183 6.187 6.191 6.195 6.198 6.202 6.202 6.195 6.188 6.181 6.174 6.173 6.174 6.173 6.172 6.194 6.223 6.253 6.283 6.313 6.343 6.356 6.382 6.437 6.492 6.547 6.602 6.657 6.776 6.777 6.837 6.898 6.958
7.442 6.920 6.399 6.032 5.750 5.692 5.636 5.581 5.582 5.471 5.416 5.362 5.307 5.260 5.328 5.855 6.381 6.908 7.434 7.961 8.487 9.013 9.539 10.065 10.065 9.855 9.634 9.412 9.191 8.969 8.748 8.526 8.305 8.074 7.837 7.600 7.363 7.126 6.889 6.664 6.665 6.227 6.183 6.176 6.169 6.163 6.164 6.168 6.172 6.176 6.178 6.171 6.164 6.158 6.157 6.157 6.158 6.157 6.156 6.167 6.197 6.227 6.256 6.286 6.315 6.311 6.307 6.322 6.377 6.432 6.487 6.542 6.662 6.663 6.723 6.783 6.843
7.568 7.047 6.566 6.284 6.002 5.808 5.753 5.698 5.698 5.588 5.532 5.478 5.423 5.393 5.364 5.728 6.255 6.781 7.308 7.835 8.361 8.887 9.414 9.941 9.941 9.853 9.632 9.410 9.189 8.967 8.746 8.524 8.303 8.075 7.838 7.601 7.364 7.129 6.910 6.691 6.691 6.253 6.182 6.175 6.168 6.161 6.154 6.148 6.146 6.150 6.153 6.146 6.142 6.142 6.141 6.141 6.142 6.141 6.140 6.141 6.171 6.200 6.230 6.260 6.269 6.265 6.261 6.257 6.263 6.318 6.373 6.428 6.548 6.549 6.609 6.669 6.729
7.695 7.174 6.818 6.536 6.254 5.972 5.869 5.814 5.814 5.704 5.649 5.594 5.554 5.525 5.496 5.602 6.128 6.655 7.182 7.708 8.235 8.761 9.288 9.891 9.892 10.048 9.755 9.462 9.187 8.965 8.744 8.522 8.301 8.075 7.838 7.601 7.374 7.155 6.936 6.717 6.718 6.280 6.181 6.174 6.167 6.160 6.153 6.146 6.139 6.133 6.127 6.126 6.126 6.125 6.125 6.125 6.126 6.124 6.124 6.124 6.144 6.174 6.204 6.228 6.224 6.220 6.216 6.212 6.207 6.203 6.258 6.314 6.433 6.434 6.495 6.552 6.609
7.695 7.174 6.818 6.536 6.254 5.972 5.869 5.814 5.814 5.704 5.649 5.594 5.554 5.525 5.496 5.602 6.128 6.655 7.181 7.708 8.235 8.761 9.288 9.891 9.892 10.048 9.755 9.462 9.187 8.965 8.744 8.522 8.301 8.075 7.838 7.601 7.374 7.155 6.936 6.717 6.718 6.279 6.180 6.174 6.167 6.160 6.153 6.146 6.139 6.132 6.127 6.126 6.126 6.125 6.125 6.125 6.126 6.124 6.124 6.124 6.144 6.174 6.204 6.228 6.224 6.220 6.216 6.212 6.207 6.203 6.258 6.314 6.433 6.434 6.495 6.552 6.610
7.822 7.353 7.070 6.788 6.506 6.224 5.986 5.930 5.931 5.820 5.765 5.715 5.686 5.657 5.628 5.600 6.002 6.529 7.055 7.582 8.108 8.635 9.227 9.847 9.848 10.267 9.974 9.681 9.388 9.096 8.803 8.520 8.299 8.076 7.839 7.620 7.401 7.182 6.963 6.744 6.744 6.306 6.179 6.172 6.166 6.159 6.152 6.145 6.138 6.131 6.117 6.112 6.111 6.109 6.109 6.109 6.110 6.108 6.108 6.108 6.118 6.147 6.177 6.183 6.179 6.174 6.170 6.166 6.162 6.158 6.154 6.200 6.316 6.317 6.374 6.432 6.489
7.949 7.605 7.323 7.040 6.758 6.476 6.194 6.047 6.047 5.937 5.882 5.848 5.819 5.790 5.761 5.732 5.876 6.402 6.929 7.455 7.982 8.562 9.182 9.803 9.804 10.486 10.193 9.900 9.607 9.314 9.022 8.729 8.436 8.058 7.865 7.646 7.427 7.208 6.989 6.770 6.771 6.332 6.178 6.171 6.164 6.157 6.151 6.144 6.134 6.120 6.106 6.099 6.098 6.096 6.095 6.093 6.094 6.092 6.092 6.091 6.091 6.121 6.141 6.137 6.133 6.129 6.125 6.121 6.117 6.113 6.109 6.108 6.195 6.196 6.253 6.311 6.368
8.391 8.109 7.827 7.545 7.263 6.980 6.698 6.416 6.416 6.170 6.141 6.112 6.083 6.055 6.026 5.997 5.968 6.150 6.676 7.232 7.853 8.474 9.094 9.715 9.715 10.924 10.631 10.338 10.046 9.753 9.460 8.988 8.442 7.896 7.608 7.462 7.317 7.171 7.026 6.823 6.824 6.385 6.175 6.169 6.162 6.153 6.139 6.125 6.111 6.097 6.083 6.073 6.072 6.070 6.069 6.067 6.068 6.065 6.063 6.061 6.060 6.055 6.052 6.048 6.045 6.041 6.038 6.034 6.031 6.028 6.024 6.024 6.025 6.026 6.027 6.070 6.127
8.644 8.361 8.079 7.797 7.515 7.233 6.950 6.668 6.668 6.303 6.274 6.245 6.216 6.187 6.158 6.129 6.100 6.072 6.567 7.188 7.809 8.429 9.050 9.671 9.671 10.912 10.850 10.557 10.265 9.972 9.452 8.907 8.361 7.814 7.468 7.322 7.177 7.031 6.886 6.740 6.741 6.412 6.193 6.167 6.155 6.141 6.128 6.114 6.100 6.086 6.072 6.061 6.059 6.058 6.056 6.055 6.055 6.052 6.050 6.048 6.013 5.995 6.007 6.006 6.002 5.999 5.995 5.992 5.988 5.985 5.981 5.982 5.983 5.984 5.985 5.987 6.007
8.722 8.433 8.143 7.854 7.565 7.275 6.985 6.696 6.696 6.347 6.322 6.298 6.274 6.250 6.226 6.202 6.178 6.155 6.516 7.142 7.765 8.385 9.006 9.627 9.627 10.868 11.069 10.776 10.463 9.917 9.371 8.825 8.279 7.733 7.328 7.182 7.037 6.891 6.746 6.601 6.601 6.310 6.178 6.158 6.144 6.130 6.116 6.103 6.089 6.075 6.061 6.048 6.046 6.045 6.043 6.042 6.043 6.039 6.019 5.984 5.949 5.932 5.944 5.956 5.959 5.956 5.952 5.949 5.946 5.942 5.939 5.940 5.941 5.942 5.944 5.945 5.946
8.709 8.419 8.130 7.840 7.551 7.261 6.972 6.682 6.683 6.408 6.350 6.326 6.302 6.278 6.254 6.230 6.206 6.274 6.446 7.073 7.700 8.326 8.953 9.580 9.580 10.823 11.288 10.928 10.382 9.836 9.290 8.744 8.198 7.652 7.188 7.043 6.897 6.752 6.606 6.461 6.461 6.218 6.156 6.132 6.126 6.119 6.105 6.091 6.077 6.064 6.050 6.036 6.033 6.032 6.030 6.029 6.030 5.989 5.955 5.920 5.886 5.869 5.881 5.892 5.904 5.913 5.910 5.906 5.903 5.899 5.896 5.898 5.899 5.900 5.901 5.903 5.904
8.667 8.406 8.116 7.827 7.537 7.248 6.958 6.669 6.669 6.476 6.395 6.353 6.329 6.305 6.281 6.257 6.292 6.395 6.498 7.003 7.630 8.257 8.884 9.510 9.511 10.763 11.239 10.847 10.301 9.755 9.209 8.663 8.117 7.571 7.048 6.903 6.757 6.612 6.466 6.321 6.321 6.196 6.134 6.105 6.098 6.092 6.085 6.078 6.066 6.052 6.039 6.025 6.021 6.019 6.018 5.995 5.996 5.926 5.891 5.856 5.822 5.805 5.817 5.829 5.841 5.853 5.864 5.864 5.860 5.857 5.854 5.856 5.857 5.858 5.859 5.861 5.852
8.535 8.392 8.103 7.813 7.524 7.234 6.945 6.705 6.705 6.543 6.463 6.382 6.357 6.333 6.309 6.310 6.413 6.516 6.618 6.934 7.561 8.188 8.814 9.441 9.441 10.548 10.773 10.539 10.095 9.651 9.127 8.581 8.035 7.489 6.944 6.763 6.618 6.472 6.361 6.299 6.299 6.174 6.112 6.077 6.071 6.064 6.058 6.051 6.044 6.038 6.027 6.013 6.008 6.001 5.966 5.932 5.932 5.862 5.827 5.793 5.758 5.742 5.754 5.766 5.777 5.789 5.801 5.813 5.817 5.814 5.812 5.814 5.815 5.816 5.794 5.771 5.748
8.404 8.298 8.089 7.800 7.510 7.221 6.931 6.772 6.773 6.611 6.530 6.449 6.384 6.360 6.336 6.431 6.533 6.636 6.739 6.865 7.492 8.118 8.745 9.371 9.372 10.082 10.306 10.221 9.777 9.333 8.890 8.446 7.954 7.408 6.862 6.623 6.478 6.401 6.339 6.277 6.277 6.152 6.090 6.050 6.043 6.037 6.030 6.024 6.017 6.011 6.004 5.997 5.972 5.937 5.902 5.868 5.868 5.798 5.764 5.729 5.694 5.679 5.691 5.702 5.714 5.726 5.738 5.750 5.761 5.771 5.770 5.760 5.713 5.714 5.691 5.668 5.644
8.273 8.167 8.060 7.786 7.497 7.207 6.921 6.840 6.840 6.678 6.598 6.517 6.436 6.388 6.448 6.551 6.654 6.756 6.859 6.962 7.422 8.049 8.675 9.167 9.168 9.616 9.840 9.903 9.459 9.016 8.572 8.128 7.684 7.240 6.781 6.503 6.441 6.379 6.317 6.255 6.255 6.130 6.068 6.022 6.015 6.009 6.003 5.996 5.990 5.983 5.972 5.945 5.912 5.875 5.839 5.804 5.805 5.735 5.700 5.665 5.631 5.616 5.627 5.639 5.651 5.663 5.674 5.686 5.698 5.714 5.690 5.657 5.610 5.611 5.588 5.564 5.541
8.142 8.035 7.929 7.773 7.483 7.194 6.988 6.908 6.908 6.746 6.665 6.585 6.510 6.489 6.575 6.672 6.774 6.877 6.980 7.083 7.353 7.979 8.476 8.701 8.701 9.149 9.374 9.585 9.142 8.698 8.254 7.810 7.366 6.922 6.617 6.468 6.419 6.357 6.295 6.233 6.233 6.108 6.046 5.994 5.988 5.981 5.975 5.969 5.962 5.940 5.913 5.886 5.855 5.817 5.779 5.741 5.742 5.671 5.636 5.602 5.567 5.552 5.564 5.576 5.588 5.599 5.611 5.627 5.644 5.661 5.636 5.580 5.506 5.507 5.484 5.460 5.437
8.010 7.904 7.798 7.692 7.470 7.180 7.056 6.975 6.976 6.814 6.773 6.743 6.714 6.685 6.760 6.847 6.933 7.019 7.106 7.203 7.306 7.786 8.010 8.234 8.235 8.683 8.907 9.132 8.824 8.380 7.936 7.492 7.140 6.854 6.569 6.420 6.370 6.321 6.271 6.211 6.211 6.086 6.024 5.967 5.960 5.954 5.947 5.936 5.909 5.882 5.855 5.828 5.796 5.759 5.721 5.683 5.684 5.608 5.573 5.538 5.503 5.489 5.501 5.512 5.524 5.541 5.558 5.575 5.592 5.609 5.582 5.526 5.413 5.413 5.380 5.357 5.333
7.879 7.773 7.667 7.560 7.454 7.205 7.124 7.064 7.065 7.006 6.977 6.947 6.918 6.889 6.946 7.032 7.119 7.205 7.291 7.378 7.523 7.638 7.648 7.768 7.769 8.217 8.441 8.666 8.506 8.062 7.663 7.378 7.092 6.807 6.521 6.371 6.321 6.272 6.222 6.173 6.173 6.064 6.002 5.940 5.933 5.926 5.904 5.877 5.850 5.823 5.796 5.769 5.738 5.701 5.663 5.625 5.626 5.550 5.512 5.475 5.440 5.426 5.437 5.454 5.471 5.488 5.506 5.523 5.540 5.557 5.527 5.471 5.358 5.359 5.302 5.253 5.229
7.791 7.679 7.567 7.455 7.343 7.327 7.298 7.268 7.268 7.210 7.180 7.151 7.122 7.093 7.132 7.218 7.304 7.390 7.477 7.633 7.896 8.108 8.118 8.128 8.129 8.149 8.159 8.199 8.188 7.901 7.615 7.330 7.044 6.759 6.473 6.322 6.273 6.223 6.174 6.124 6.125 6.025 5.976 5.918 5.899 5.872 5.845 5.818 5.791 5.764 5.737 5.710 5.680 5.642 5.605 5.567 5.568 5.492 5.454 5.417 5.379 5.369 5.385 5.402 5.419 5.436 5.453 5.470 5.488 5.505 5.472 5.416 5.303 5.304 5.247 5.191 5.134
7.737 7.625 7.513 7.400 7.391 7.456 7.462 7.468 7.468 7.413 7.384 7.355 7.326 7.297 7.317 7.404 7.490 7.576 7.744 8.006 8.269 8.532 8.588 8.598 8.598 8.619 8.629 8.639 8.238 7.853 7.567 7.282 6.997 6.711 6.426 6.273 6.224 6.174 6.125 6.075 6.076 5.976 5.927 5.887 5.847 5.814 5.787 5.759 5.732 5.705 5.678 5.651 5.622 5.584 5.547 5.509 5.510 5.434 5.397 5.379 5.369 5.359 5.351 5.350 5.367 5.384 5.401 5.418 5.435 5.452 5.418 5.361 5.248 5.249 5.192 5.136 5.079
7.737 7.625 7.513 7.400 7.391 7.456 7.462 7.468 7.468 7.414 7.384 7.355 7.326 7.297 7.317 7.404 7.490 7.576 7.744 8.006 8.269 8.532 8.588 8.598 8.598 8.619 8.629 8.639 8.238 7.853 7.567 7.282 6.996 6.711 6.426 6.273 6.224 6.174 6.124 6.075 6.076 5.976 5.927 5.887 5.847 5.814 5.787 5.759 5.732 5.705 5.678 5.651 5.622 5.584 5.547 5.509 5.510 5.434 5.397 5.379 5.369 5.359 5.351 5.350 5.367 5.384 5.401 5.418 5.435 5.452 5.417 5.361 5.248 5.248 5.192 5.135 5.078
7.683 7.570 7.458 7.423 7.502 7.582 7.590 7.596 7.597 7.608 7.588 7.559 7.530 7.501 7.503 7.589 7.675 7.854 8.117 8.380 8.642 8.905 9.057 9.067 9.068 9.088 9.098 8.868 8.387 7.907 7.520 7.234 6.949 6.663 6.378 6.224 6.175 6.125 6.075 6.026 6.027 5.928 5.892 5.855 5.817 5.776 5.735 5.701 5.674 5.647 5.619 5.592 5.564 5.526 5.488 5.451 5.452 5.390 5.380 5.370 5.359 5.350 5.341 5.332 5.324 5.332 5.349 5.366 5.383 5.399 5.362 5.306 5.193 5.193 5.137 5.082 5.054
7.628 7.516 7.455 7.534 7.613 7.693 7.719 7.725 7.725 7.737 7.743 7.749 7.734 7.705 7.689 7.775 7.965 8.227 8.490 8.753 9.015 9.278 9.527 9.537 9.538 9.558 9.499 9.018 8.537 8.056 7.576 7.186 6.901 6.616 6.330 6.176 6.126 6.076 6.027 5.977 5.978 5.897 5.861 5.825 5.786 5.746 5.705 5.665 5.624 5.588 5.561 5.534 5.506 5.468 5.430 5.400 5.401 5.380 5.370 5.360 5.350 5.340 5.331 5.323 5.314 5.305 5.297 5.313 5.330 5.347 5.307 5.251 5.139 5.139 5.112 5.084 5.057
7.519 7.598 7.677 7.757 7.836 7.915 7.977 7.982 7.982 7.994 8.000 8.006 8.012 8.018 8.039 8.293 8.640 8.974 9.236 9.499 9.762 10.024 10.287 10.477 10.477 10.279 9.798 9.317 8.837 8.356 7.875 7.394 6.914 6.520 6.235 6.078 6.029 5.979 5.943 5.907 5.908 5.835 5.799 5.763 5.726 5.685 5.644 5.604 5.563 5.523 5.482 5.442 5.401 5.400 5.391 5.381 5.381 5.361 5.350 5.341 5.330 5.321 5.312 5.303 5.295 5.286 5.277 5.268 5.259 5.250 5.227 5.200 5.145 5.145 5.118 5.091 5.063
7.630 7.709 7.788 7.868 7.947 8.026 8.105 8.111 8.111 8.123 8.129 8.135 8.141 8.165 8.190 8.358 8.705 9.051 9.398 9.745 10.091 10.397 10.660 10.923 10.923 10.429 9.948 9.467 8.986 8.506 8.025 7.544 7.063 6.583 6.187 6.029 5.985 5.948 5.912 5.876 5.877 5.803 5.767 5.731 5.695 5.655 5.614 5.574 5.533 5.492 5.451 5.408 5.369 5.372 5.375 5.371 5.372 5.351 5.341 5.331 5.321 5.311 5.302 5.293 5.285 5.276 5.267 5.258 5.241 5.223 5.211 5.200 5.147 5.148 5.120 5.093 5.066
7.741 7.820 7.899 7.979 8.058 8.137 8.216 8.240 8.240 8.251 8.257 8.265 8.290 8.315 8.341 8.423 8.770 9.117 9.463 9.810 10.156 10.503 10.850 11.197 11.197 10.584 10.103 9.622 9.141 8.659 8.178 7.698 7.217 6.736 6.255 5.990 5.954 5.918 5.881 5.845 5.846 5.772 5.736 5.700 5.664 5.624 5.584 5.543 5.502 5.460 5.417 5.375 5.337 5.340 5.343 5.346 5.347 5.341 5.331 5.321 5.311 5.301 5.293 5.284 5.275 5.265 5.250 5.232 5.214 5.196 5.183 5.173 5.150 5.150 5.123 5.096 5.068
