includes/lisflood/oleron/results/res-0009.wdfp
ncols         631
nrows         906
xllcorner     364927.146667
yllcorner     6531972.565556
cellsize      20.000000
NODATA_value  -9999.000000
[rows 68 to 101 of 906, columns 308 to 384 of 631]
0.652 0.112 0.212 0.452 0.000 0.292 0.000 0.130 0.000 0.000 0.000 0.000 0.000 0.000 0.000 0.000 0.000 0.000 0.000 0.000 0.000 0.000 0.000 0.000 0.000 0.000 0.000 0.000 0.000 0.000 0.001 0.000 0.144 0.000 0.000 0.000 0.000 0.000 0.000 0.000 0.000 0.003 0.048 0.058 0.003 0.002 0.000 0.000 0.000 0.000 0.000 0.000 0.000 0.000 0.000 0.000 0.000 0.000 0.000 0.000 0.000 0.000 0.000 0.001 0.002 0.003 0.004 0.006 0.007 0.011 0.016 0.028 0.052 0.087 0.128 0.176 0.227
0.512 0.022 0.312 0.192 0.000 0.010 0.000 0.064 0.000 0.000 0.000 0.000 0.000 0.000 0.000 0.000 0.000 0.000 0.000 0.000 0.000 0.000 0.000 0.000 0.000 0.000 0.000 0.000 0.000 0.000 0.001 0.042 0.432 0.000 0.000 0.000 0.000 0.000 0.000 0.000 0.000 0.025 0.001 0.007 0.002 0.036 0.000 0.000 0.000 0.000 0.000 0.000 0.000 0.000 0.000 0.000 0.000 0.000 0.000 0.000 0.000 0.000 0.002 0.003 0.005 0.006 0.008 0.009 0.012 0.016 0.024 0.041 0.069 0.106 0.148 0.194 0.245
0.522 0.192 0.000 0.012 0.000 0.012 0.000 0.247 0.000 0.000 0.000 0.000 0.000 0.000 0.000 0.000 0.000 0.000 0.000 0.000 0.000 0.000 0.000 0.000 0.000 0.000 0.000 0.000 0.000 0.000 0.079 0.056 0.000 0.000 0.000 0.000 0.000 0.047 0.017 0.000 0.001 0.002 0.000 0.010 0.011 0.000 0.000 0.000 0.000 0.000 0.000 0.000 0.000 0.000 0.001 0.001 0.002 0.000 0.000 0.000 0.001 0.011 0.016 0.018 0.019 0.020 0.021 0.022 0.024 0.028 0.038 0.057 0.088 0.126 0.168 0.213 0.264
0.872 0.482 0.402 0.032 0.000 0.032 0.000 0.248 0.000 0.000 0.000 0.000 0.000 0.000 0.000 0.000 0.000 0.000 0.000 0.000 0.000 0.000 0.000 0.000 0.000 0.000 0.000 0.032 0.000 0.018 0.107 0.278 0.000 0.002 0.000 0.000 0.000 0.047 0.000 0.000 0.004 0.000 0.000 0.007 0.008 0.006 0.004 0.003 0.003 0.002 0.001 0.001 0.001 0.001 0.001 0.002 0.002 0.002 0.007 0.017 0.033 0.038 0.039 0.039 0.040 0.040 0.040 0.041 0.042 0.046 0.056 0.076 0.107 0.146 0.188 0.232 0.282
0.552 1.122 0.112 0.312 0.000 0.000 0.000 0.152 0.000 0.000 0.000 0.000 0.000 0.000 0.000 0.000 0.000 0.000 0.000 0.000 0.000 0.000 0.000 0.000 0.000 0.000 0.000 0.000 0.000 0.000 0.046 0.000 0.000 0.000 0.000 0.000 0.014 0.003 0.001 0.002 0.000 0.001 0.001 0.005 0.006 0.006 0.006 0.005 0.004 0.003 0.003 0.002 0.002 0.002 0.002 0.002 0.003 0.014 0.036 0.037 0.037 0.041 0.048 0.056 0.060 0.061 0.060 0.060 0.061 0.066 0.076 0.096 0.127 0.166 0.208 0.253 0.301
0.632 0.792 1.042 0.000 0.000 0.000 0.000 0.246 0.000 0.000 0.000 0.000 0.000 0.000 0.000 0.000 0.000 0.000 0.000 0.000 0.000 0.000 0.000 0.000 0.000 0.000 0.000 0.000 0.000 0.000 0.145 0.000 0.000 0.002 0.000 0.062 0.000 0.233 0.002 0.003 0.002 0.002 0.002 0.004 0.005 0.006 0.006 0.005 0.005 0.004 0.004 0.003 0.003 0.003 0.003 0.004 0.023 0.039 0.039 0.037 0.034 0.035 0.037 0.041 0.047 0.055 0.062 0.070 0.079 0.086 0.096 0.116 0.147 0.186 0.228 0.273 0.320
0.692 0.822 0.532 0.882 0.000 0.000 0.000 0.189 0.000 0.000 0.000 0.000 0.000 0.000 0.000 0.000 0.000 0.000 0.000 0.000 0.000 0.000 0.000 0.000 0.000 0.000 0.000 0.000 0.000 0.049 0.219 0.000 0.005 0.051 0.000 0.000 0.002 0.000 0.002 0.003 0.003 0.003 0.002 0.003 0.004 0.005 0.005 0.005 0.005 0.005 0.005 0.004 0.004 0.004 0.007 0.031 0.040 0.040 0.040 0.039 0.032 0.033 0.034 0.035 0.037 0.040 0.044 0.051 0.059 0.072 0.091 0.120 0.159 0.206 0.249 0.294 0.340
0.502 0.832 0.722 0.672 0.782 0.000 0.000 0.241 0.000 0.000 0.000 0.000 0.000 0.000 0.000 0.000 0.000 0.000 0.000 0.000 0.000 0.000 0.000 0.000 0.000 0.000 0.000 0.000 0.000 0.000 0.115 0.074 0.000 0.009 0.000 0.000 0.008 0.000 0.002 0.003 0.003 0.003 0.003 0.003 0.003 0.004 0.005 0.005 0.005 0.005 0.005 0.005 0.005 0.013 0.038 0.040 0.041 0.041 0.040 0.039 0.035 0.033 0.033 0.033 0.033 0.034 0.035 0.038 0.043 0.053 0.072 0.100 0.139 0.186 0.237 0.291 0.345
0.422 0.382 0.402 0.362 0.702 0.000 0.000 0.233 0.000 0.000 0.000 0.000 0.000 0.000 0.000 0.000 0.000 0.000 0.000 0.000 0.000 0.000 0.000 0.000 0.000 0.000 0.000 0.000 0.081 0.000 0.003 0.224 0.000 0.003 0.005 0.012 0.014 0.015 0.012 0.009 0.007 0.006 0.005 0.005 0.004 0.004 0.005 0.005 0.005 0.006 0.006 0.007 0.022 0.040 0.041 0.041 0.041 0.041 0.040 0.039 0.036 0.032 0.031 0.031 0.031 0.031 0.031 0.032 0.034 0.040 0.054 0.081 0.119 0.166 0.217 0.271 0.321
0.442 0.552 0.592 0.322 0.592 0.000 0.056 0.105 0.000 0.000 0.000 0.000 0.000 0.000 0.000 0.000 0.000 0.000 0.000 0.000 0.000 0.000 0.000 0.000 0.000 0.000 0.000 0.000 0.000 0.000 0.026 0.032 0.021 0.015 0.005 0.023 0.024 0.023 0.023 0.020 0.015 0.012 0.010 0.008 0.006 0.005 0.005 0.005 0.006 0.006 0.009 0.030 0.042 0.042 0.041 0.041 0.041 0.040 0.039 0.038 0.036 0.030 0.030 0.030 0.029 0.029 0.029 0.029 0.030 0.033 0.042 0.063 0.100 0.146 0.198 0.247 0.289
0.572 0.652 0.572 0.812 0.702 0.221 0.138 0.018 0.000 0.000 0.000 0.000 0.000 0.000 0.000 0.000 0.000 0.000 0.000 0.000 0.000 0.000 0.000 0.000 0.000 0.000 0.000 0.000 0.003 0.001 0.030 0.067 0.078 0.029 0.050 0.043 0.033 0.029 0.027 0.027 0.024 0.020 0.016 0.013 0.009 0.008 0.007 0.007 0.007 0.015 0.039 0.043 0.042 0.042 0.041 0.040 0.039 0.039 0.038 0.037 0.035 0.031 0.029 0.028 0.028 0.028 0.027 0.028 0.028 0.030 0.035 0.050 0.082 0.127 0.175 0.215 0.257
0.332 0.502 0.642 0.372 0.782 0.121 0.179 0.359 0.000 0.000 0.000 0.000 0.000 0.000 0.000 0.000 0.000 0.000 0.000 0.000 0.000 0.000 0.000 0.000 0.000 0.000 0.000 0.000 0.000 0.000 0.000 0.033 0.054 0.071 0.016 0.005 0.022 0.024 0.025 0.026 0.028 0.026 0.022 0.018 0.014 0.012 0.011 0.011 0.024 0.044 0.044 0.043 0.042 0.041 0.040 0.039 0.038 0.037 0.036 0.035 0.034 0.031 0.027 0.026 0.026 0.026 0.026 0.026 0.027 0.028 0.032 0.042 0.068 0.106 0.144 0.184 0.225
0.262 0.672 0.502 0.632 0.622 0.000 0.279 0.000 0.000 0.000 0.000 0.000 0.000 0.000 0.000 0.000 0.000 0.000 0.000 0.000 0.000 0.000 0.000 0.000 0.000 0.000 0.000 0.032 0.000 0.000 0.000 0.000 0.000 0.000 0.007 0.012 0.016 0.020 0.022 0.023 0.026 0.029 0.028 0.024 0.019 0.017 0.019 0.035 0.047 0.045 0.043 0.042 0.040 0.039 0.037 0.036 0.035 0.034 0.033 0.033 0.032 0.030 0.024 0.024 0.024 0.024 0.024 0.025 0.026 0.027 0.030 0.038 0.055 0.079 0.114 0.153 0.194
0.302 0.572 0.732 1.312 0.592 0.000 0.000 0.000 0.000 0.000 0.000 0.000 0.000 0.000 0.000 0.000 0.000 0.000 0.000 0.000 0.000 0.000 0.000 0.000 0.000 0.000 0.000 0.000 0.000 0.000 0.005 0.004 0.078 0.002 0.009 0.010 0.013 0.016 0.018 0.021 0.023 0.027 0.033 0.033 0.027 0.028 0.046 0.049 0.046 0.043 0.041 0.039 0.037 0.036 0.034 0.033 0.032 0.031 0.030 0.030 0.029 0.028 0.024 0.023 0.023 0.023 0.023 0.024 0.025 0.027 0.030 0.035 0.041 0.057 0.086 0.122 0.162
0.392 0.582 1.242 0.672 0.572 0.472 0.162 0.000 0.000 0.000 0.000 0.000 0.000 0.000 0.000 0.000 0.000 0.000 0.000 0.000 0.000 0.000 0.000 0.000 0.000 0.000 0.000 0.092 0.000 0.000 0.037 0.000 0.000 0.004 0.006 0.008 0.010 0.013 0.016 0.020 0.023 0.028 0.035 0.044 0.043 0.055 0.049 0.045 0.042 0.039 0.037 0.035 0.033 0.032 0.030 0.029 0.028 0.028 0.027 0.027 0.026 0.026 0.024 0.021 0.021 0.021 0.022 0.023 0.025 0.027 0.030 0.031 0.033 0.042 0.062 0.094 0.132
0.382 0.732 0.892 0.662 0.192 0.562 0.782 0.000 0.000 0.000 0.000 0.000 0.000 0.000 0.000 0.000 0.000 0.000 0.000 0.000 0.000 0.000 0.000 0.000 0.000 0.000 0.000 0.000 0.000 0.044 0.002 0.000 0.000 0.000 0.004 0.008 0.011 0.016 0.020 0.025 0.029 0.035 0.039 0.042 0.049 0.045 0.041 0.038 0.035 0.033 0.031 0.030 0.028 0.027 0.026 0.025 0.025 0.024 0.024 0.024 0.024 0.024 0.023 0.019 0.019 0.020 0.021 0.023 0.025 0.028 0.028 0.028 0.029 0.033 0.045 0.068 0.103
0.542 0.562 0.412 0.362 0.000 0.000 0.612 0.000 0.000 0.000 0.000 0.000 0.000 0.000 0.000 0.000 0.000 0.000 0.000 0.000 0.000 0.000 0.000 0.000 0.000 0.000 0.000 0.000 0.000 0.000 0.000 0.000 0.000 0.000 0.000 0.003 0.003 0.004 0.005 0.005 0.006 0.006 0.006 0.005 0.010 0.027 0.029 0.028 0.027 0.026 0.025 0.024 0.023 0.022 0.021 0.021 0.021 0.020 0.020 0.021 0.021 0.021 0.022 0.019 0.019 0.020 0.021 0.023 0.026 0.026 0.026 0.026 0.026 0.028 0.034 0.049 0.076
1.242 0.372 0.492 0.000 0.000 0.000 0.042 0.000 0.000 0.000 0.000 0.000 0.000 0.000 0.000 0.000 0.000 0.000 0.000 0.000 0.000 0.000 0.000 0.000 0.000 0.000 0.000 0.000 0.002 0.000 0.000 0.000 0.000 0.002 0.004 0.003 0.002 0.003 0.004 0.005 0.005 0.005 0.004 0.004 0.004 0.011 0.016 0.017 0.017 0.017 0.017 0.017 0.016 0.017 0.017 0.017 0.017 0.017 0.018 0.018 0.019 0.020 0.020 0.020 0.018 0.020 0.022 0.024 0.024 0.024 0.024 0.024 0.024 0.025 0.028 0.036 0.054
0.472 0.032 0.242 0.000 0.000 0.073 0.564 0.000 0.000 0.000 0.000 0.000 0.000 0.000 0.000 0.000 0.000 0.000 0.000 0.000 0.000 0.000 0.000 0.000 0.000 0.000 0.000 0.000 0.000 0.000 0.033 0.001 0.001 0.002 0.002 0.000 0.000 0.003 0.004 0.005 0.005 0.005 0.004 0.004 0.004 0.004 0.007 0.008 0.009 0.010 0.010 0.011 0.011 0.012 0.012 0.013 0.014 0.014 0.015 0.016 0.017 0.018 0.020 0.020 0.018 0.020 0.023 0.023 0.022 0.022 0.022 0.023 0.023 0.023 0.025 0.028 0.039
0.332 0.712 0.000 0.000 0.000 0.000 0.144 0.000 0.000 0.000 0.000 0.000 0.000 0.000 0.000 0.000 0.000 0.000 0.000 0.000 0.000 0.000 0.000 0.000 0.000 0.000 0.000 0.000 0.000 0.000 0.001 0.002 0.003 0.016 0.000 0.000 0.000 0.004 0.005 0.005 0.005 0.004 0.004 0.004 0.004 0.004 0.006 0.006 0.007 0.007 0.008 0.008 0.009 0.010 0.010 0.011 0.012 0.013 0.014 0.015 0.016 0.017 0.019 0.021 0.020 0.021 0.021 0.021 0.021 0.021 0.021 0.021 0.022 0.022 0.023 0.025 0.030
0.442 0.000 0.000 0.000 0.000 0.000 0.000 0.000 0.000 0.000 0.000 0.000 0.000 0.000 0.000 0.000 0.000 0.000 0.000 0.000 0.000 0.000 0.000 0.000 0.000 0.000 0.000 0.000 0.000 0.001 0.042 0.000 0.000 0.000 0.026 0.000 0.006 0.006 0.006 0.005 0.004 0.003 0.003 0.003 0.004 0.004 0.004 0.005 0.006 0.006 0.007 0.007 0.008 0.009 0.010 0.010 0.011 0.012 0.013 0.014 0.015 0.016 0.018 0.021 0.023 0.019 0.019 0.019 0.019 0.020 0.020 0.020 0.021 0.021 0.022 0.023 0.025
0.102 0.000 0.000 0.000 0.000 0.000 0.000 0.000 0.000 0.000 0.000 0.000 0.000 0.000 0.000 0.000 0.000 0.000 0.000 0.000 0.000 0.000 0.000 0.000 0.000 0.000 0.000 0.000 0.000 0.000 0.000 0.000 0.000 0.003 0.031 0.005 0.005 0.006 0.005 0.004 0.003 0.003 0.003 0.003 0.003 0.003 0.004 0.005 0.006 0.006 0.007 0.007 0.008 0.009 0.009 0.010 0.011 0.012 0.012 0.013 0.015 0.016 0.019 0.022 0.022 0.018 0.018 0.018 0.018 0.019 0.019 0.019 0.020 0.020 0.021 0.021 0.023
0.000 0.000 0.000 0.000 0.000 0.000 0.000 0.000 0.000 0.000 0.000 0.000 0.000 0.000 0.000 0.000 0.000 0.000 0.000 0.000 0.000 0.000 0.000 0.000 0.000 0.000 0.000 0.000 0.122 0.000 0.000 0.000 0.062 0.000 0.051 0.000 0.036 0.006 0.004 0.003 0.003 0.003 0.003 0.003 0.003 0.003 0.003 0.004 0.005 0.006 0.006 0.007 0.008 0.008 0.009 0.010 0.011 0.011 0.012 0.013 0.015 0.017 0.020 0.021 0.021 0.019 0.017 0.017 0.017 0.018 0.018 0.019 0.019 0.020 0.020 0.021 0.021
0.000 0.000 0.000 0.000 0.000 0.000 0.000 0.000 0.000 0.000 0.000 0.000 0.000 0.000 0.000 0.000 0.000 0.000 0.000 0.000 0.000 0.000 0.000 0.000 0.000 0.000 0.000 0.000 0.000 0.062 0.000 0.000 0.000 0.085 0.004 0.000 0.000 0.080 0.001 0.002 0.002 0.003 0.003 0.003 0.003 0.003 0.003 0.003 0.005 0.006 0.006 0.007 0.008 0.009 0.009 0.010 0.011 0.011 0.012 0.013 0.015 0.018 0.019 0.019 0.019 0.019 0.016 0.016 0.017 0.017 0.018 0.018 0.018 0.019 0.019 0.020 0.020
0.000 0.000 0.000 0.000 0.000 0.000 0.000 0.000 0.000 0.000 0.000 0.000 0.000 0.000 0.000 0.000 0.000 0.000 0.000 0.000 0.000 0.000 0.000 0.000 0.000 0.000 0.000 0.000 0.000 0.000 0.000 0.092 0.000 0.000 0.000 0.001 0.052 0.032 0.082 0.003 0.003 0.002 0.002 0.002 0.002 0.003 0.003 0.003 0.004 0.006 0.006 0.007 0.008 0.009 0.009 0.010 0.010 0.011 0.012 0.014 0.016 0.018 0.018 0.018 0.018 0.018 0.017 0.016 0.016 0.016 0.017 0.017 0.018 0.018 0.019 0.019 0.020
0.000 0.000 0.000 0.000 0.000 0.000 0.000 0.000 0.000 0.000 0.000 0.000 0.000 0.000 0.000 0.000 0.000 0.000 0.000 0.000 0.000 0.000 0.000 0.000 0.000 0.000 0.000 0.000 0.000 0.000 0.000 0.000 0.000 0.000 0.004 0.001 0.000 0.062 0.082 0.000 0.001 0.001 0.002 0.002 0.002 0.002 0.003 0.003 0.004 0.006 0.007 0.007 0.008 0.009 0.009 0.010 0.010 0.011 0.012 0.014 0.016 0.016 0.016 0.017 0.017 0.018 0.017 0.015 0.015 0.016 0.016 0.017 0.017 0.018 0.018 0.019 0.019
0.000 0.000 0.000 0.000 0.000 0.000 0.000 0.000 0.000 0.000 0.000 0.000 0.000 0.000 0.000 0.000 0.000 0.000 0.000 0.000 0.000 0.000 0.000 0.000 0.000 0.000 0.000 0.000 0.000 0.000 0.000 0.000 0.000 0.084 0.000 0.004 0.007 0.019 0.001 0.016 0.001 0.001 0.001 0.002 0.002 0.002 0.003 0.003 0.004 0.006 0.007 0.008 0.008 0.009 0.009 0.010 0.010 0.011 0.012 0.015 0.014 0.015 0.015 0.016 0.016 0.017 0.017 0.015 0.015 0.015 0.016 0.016 0.017 0.017 0.018 0.018 0.018
0.000 0.000 0.000 0.000 0.000 0.000 0.000 0.000 0.000 0.000 0.000 0.000 0.000 0.000 0.000 0.000 0.000 0.000 0.000 0.000 0.000 0.000 0.000 0.000 0.000 0.000 0.000 0.000 0.000 0.000 0.000 0.000 0.000 0.001 0.000 0.065 0.000 0.042 0.082 0.000 0.000 0.000 0.001 0.002 0.002 0.003 0.003 0.003 0.004 0.005 0.007 0.008 0.008 0.009 0.009 0.009 0.010 0.011 0.013 0.013 0.013 0.013 0.014 0.015 0.015 0.016 0.017 0.016 0.014 0.015 0.015 0.016 0.016 0.017 0.017 0.017 0.017
0.000 0.000 0.000 0.000 0.000 0.000 0.000 0.000 0.000 0.000 0.000 0.000 0.000 0.000 0.000 0.000 0.000 0.000 0.000 0.000 0.000 0.000 0.000 0.000 0.000 0.000 0.000 0.000 0.000 0.000 0.000 0.000 0.022 0.000 0.003 0.000 0.000 0.000 0.042 0.000 0.000 0.003 0.002 0.002 0.002 0.003 0.003 0.004 0.004 0.005 0.007 0.008 0.008 0.008 0.008 0.009 0.010 0.011 0.011 0.012 0.012 0.013 0.013 0.014 0.015 0.016 0.016 0.017 0.015 0.015 0.015 0.015 0.016 0.016 0.016 0.016 0.016
0.000 0.000 0.000 0.000 0.000 0.000 0.000 0.000 0.000 0.000 0.000 0.000 0.000 0.000 0.000 0.000 0.000 0.000 0.000 0.000 0.000 0.000 0.000 0.000 0.000 0.000 0.000 0.000 0.000 0.000 0.000 0.000 0.000 0.000 0.063 0.000 0.000 0.023 0.063 0.003 0.093 0.001 0.001 0.002 0.002 0.003 0.004 0.004 0.005 0.005 0.006 0.007 0.008 0.008 0.008 0.008 0.009 0.010 0.010 0.011 0.011 0.012 0.013 0.014 0.014 0.015 0.016 0.017 0.016 0.014 0.015 0.015 0.015 0.015 0.015 0.015 0.015
0.000 0.000 0.000 0.000 0.000 0.000 0.000 0.000 0.000 0.000 0.000 0.000 0.000 0.000 0.000 0.000 0.000 0.000 0.000 0.000 0.000 0.000 0.000 0.000 0.000 0.000 0.000 0.000 0.000 0.000 0.000 0.000 0.000 0.212 0.000 0.000 0.000 0.063 0.083 0.063 0.063 0.000 0.000 0.002 0.003 0.003 0.004 0.005 0.005 0.005 0.005 0.007 0.007 0.007 0.007 0.008 0.009 0.009 0.009 0.010 0.011 0.012 0.012 0.013 0.014 0.015 0.016 0.016 0.016 0.014 0.014 0.014 0.015 0.015 0.014 0.014 0.013
0.000 0.000 0.000 0.000 0.000 0.000 0.000 0.000 0.000 0.000 0.000 0.000 0.000 0.000 0.000 0.000 0.000 0.000 0.000 0.000 0.000 0.000 0.000 0.000 0.000 0.000 0.000 0.000 0.000 0.000 0.000 0.000 0.000 0.000 0.000 0.000 0.000 0.000 0.043 0.033 0.000 0.000 0.000 0.002 0.003 0.004 0.005 0.005 0.005 0.005 0.005 0.005 0.006 0.006 0.006 0.007 0.007 0.008 0.009 0.009 0.010 0.011 0.012 0.013 0.014 0.015 0.015 0.016 0.016 0.015 0.014 0.014 0.014 0.014 0.013 0.012 0.011
0.000 0.000 0.000 0.000 0.000 0.000 0.000 0.000 0.000 0.000 0.000 0.000 0.000 0.000 0.000 0.000 0.000 0.000 0.000 0.000 0.000 0.000 0.000 0.000 0.000 0.000 0.000 0.000 0.000 0.000 0.000 0.000 0.000 0.000 0.000 0.000 0.000 0.000 0.000 0.000 0.000 0.012 0.008 0.004 0.004 0.005 0.005 0.005 0.005 0.004 0.004 0.004 0.005 0.005 0.006 0.006 0.006 0.007 0.008 0.009 0.010 0.011 0.012 0.013 0.014 0.014 0.015 0.015 0.016 0.016 0.013 0.013 0.013 0.013 0.012 0.011 0.011
0.000 0.000 0.000 0.000 0.000 0.000 0.000 0.000 0.000 0.000 0.000 0.000 0.000 0.000 0.000 0.000 0.000 0.000 0.000 0.000 0.000 0.000 0.000 0.000 0.000 0.000 0.000 0.000 0.000 0.000 0.000 0.000 0.000 0.000 0.000 0.000 0.000 0.002 0.000 0.000 0.003 0.006 0.000 0.000 0.005 0.005 0.005 0.004 0.004 0.003 0.003 0.003 0.003 0.004 0.004 0.005 0.006 0.007 0.009 0.010 0.010 0.011 0.012 0.013 0.013 0.014 0.014 0.015 0.015 0.015 0.014 0.013 0.012 0.012 0.010 0.011 0.012
