includes/lisflood/oleron/results/res-0004.wd
ncols         631
nrows         906
xllcorner     364927.146667
yllcorner     6531972.565556
cellsize      20.000000
NODATA_value  -9999.000000
[rows 544 to 577 of 906, columns 77 to 153 of 631]
10.261 10.214 10.164 10.111 10.058 10.005 9.951 9.898 9.845 9.791 9.738 9.685 9.631 9.578 9.525 9.472 9.418 9.365 9.312 9.258 9.205 9.152 9.098 9.045 8.992 8.938 8.885 8.832 8.779 8.725 8.672 8.619 8.592 8.589 8.586 8.583 8.579 8.576 8.573 8.570 8.566 8.563 8.560 8.557 8.553 8.550 8.547 8.544 8.541 8.537 8.534 8.531 8.527 8.524 8.521 8.518 8.514 8.511 8.508 8.505 8.502 8.498 8.495 8.486 8.468 8.450 8.433 8.415 8.398 8.380 8.363 8.345 8.328 8.310 8.292 8.256 8.203
10.283 10.237 10.190 10.141 10.088 10.034 9.981 9.928 9.875 9.821 9.768 9.715 9.661 9.608 9.555 9.501 9.448 9.395 9.342 9.288 9.235 9.182 9.128 9.075 9.022 8.968 8.915 8.862 8.809 8.755 8.702 8.649 8.628 8.625 8.622 8.618 8.615 8.612 8.609 8.605 8.602 8.599 8.596 8.592 8.589 8.586 8.583 8.580 8.576 8.573 8.570 8.567 8.563 8.560 8.557 8.553 8.550 8.547 8.544 8.540 8.537 8.534 8.520 8.502 8.485 8.467 8.450 8.432 8.414 8.397 8.379 8.362 8.344 8.326 8.309 8.280 8.227
10.306 10.259 10.213 10.167 10.118 10.064 10.011 9.958 9.905 9.851 9.798 9.745 9.691 9.638 9.585 9.531 9.478 9.425 9.372 9.318 9.265 9.212 9.158 9.105 9.052 8.998 8.945 8.892 8.838 8.785 8.732 8.678 8.664 8.661 8.657 8.654 8.651 8.648 8.644 8.641 8.638 8.635 8.631 8.628 8.625 8.622 8.618 8.615 8.612 8.609 8.606 8.602 8.599 8.596 8.592 8.589 8.586 8.583 8.579 8.576 8.571 8.554 8.536 8.519 8.501 8.484 8.466 8.448 8.431 8.413 8.396 8.378 8.361 8.343 8.325 8.304 8.251
10.329 10.282 10.236 10.189 10.143 10.094 10.041 9.988 9.934 9.881 9.828 9.775 9.721 9.668 9.615 9.561 9.508 9.455 9.401 9.348 9.295 9.241 9.188 9.135 9.082 9.028 8.975 8.922 8.868 8.815 8.762 8.708 8.700 8.696 8.693 8.690 8.687 8.683 8.680 8.677 8.674 8.670 8.667 8.664 8.661 8.657 8.654 8.651 8.648 8.645 8.641 8.638 8.635 8.632 8.628 8.625 8.622 8.618 8.615 8.605 8.588 8.570 8.553 8.535 8.518 8.500 8.482 8.465 8.447 8.430 8.412 8.395 8.377 8.359 8.342 8.324 8.276
10.351 10.305 10.258 10.212 10.165 10.119 10.071 10.018 9.964 9.911 9.858 9.804 9.751 9.698 9.645 9.591 9.538 9.485 9.431 9.378 9.325 9.271 9.218 9.165 9.111 9.058 9.005 8.952 8.898 8.845 8.792 8.739 8.735 8.732 8.729 8.726 8.722 8.719 8.716 8.713 8.709 8.706 8.703 8.700 8.696 8.693 8.690 8.687 8.683 8.680 8.677 8.674 8.671 8.667 8.664 8.661 8.658 8.654 8.639 8.622 8.604 8.587 8.569 8.552 8.534 8.516 8.499 8.481 8.464 8.446 8.429 8.411 8.393 8.376 8.358 8.341 8.300
10.374 10.327 10.281 10.234 10.188 10.142 10.095 10.048 9.994 9.941 9.888 9.834 9.781 9.728 9.675 9.621 9.568 9.514 9.461 9.408 9.355 9.301 9.248 9.195 9.141 9.088 9.035 8.981 8.928 8.875 8.822 8.774 8.771 8.768 8.765 8.761 8.758 8.755 8.752 8.748 8.745 8.742 8.739 8.735 8.732 8.729 8.726 8.722 8.719 8.716 8.713 8.709 8.706 8.703 8.700 8.696 8.691 8.674 8.656 8.639 8.621 8.603 8.586 8.568 8.551 8.533 8.515 8.498 8.480 8.463 8.445 8.427 8.410 8.392 8.375 8.357 8.324
10.396 10.350 10.304 10.257 10.211 10.164 10.118 10.071 10.024 9.971 9.918 9.864 9.811 9.758 9.704 9.651 9.598 9.545 9.491 9.438 9.385 9.331 9.278 9.225 9.171 9.118 9.065 9.011 8.958 8.905 8.852 8.810 8.807 8.804 8.800 8.797 8.794 8.791 8.787 8.784 8.781 8.778 8.774 8.771 8.768 8.765 8.761 8.758 8.755 8.752 8.748 8.745 8.742 8.739 8.736 8.725 8.708 8.690 8.672 8.655 8.637 8.620 8.602 8.585 8.567 8.550 8.532 8.514 8.497 8.479 8.462 8.444 8.426 8.409 8.391 8.374 8.348
10.419 10.373 10.326 10.280 10.233 10.187 10.140 10.094 10.047 10.001 9.948 9.894 9.841 9.788 9.734 9.681 9.628 9.574 9.521 9.468 9.415 9.361 9.308 9.255 9.201 9.148 9.095 9.041 8.988 8.935 8.881 8.846 8.843 8.839 8.836 8.833 8.830 8.826 8.823 8.820 8.817 8.813 8.810 8.807 8.804 8.800 8.797 8.794 8.791 8.787 8.784 8.781 8.778 8.774 8.759 8.742 8.724 8.707 8.689 8.671 8.654 8.636 8.619 8.601 8.583 8.566 8.548 8.531 8.513 8.496 8.478 8.460 8.443 8.425 8.408 8.390 8.372
10.442 10.395 10.349 10.302 10.256 10.209 10.163 10.117 10.070 10.024 9.977 9.924 9.871 9.817 9.764 9.711 9.658 9.604 9.551 9.498 9.444 9.391 9.338 9.284 9.231 9.178 9.125 9.071 9.018 8.965 8.911 8.882 8.878 8.875 8.872 8.869 8.865 8.862 8.859 8.856 8.852 8.849 8.846 8.843 8.839 8.836 8.833 8.830 8.826 8.823 8.820 8.817 8.811 8.793 8.776 8.758 8.741 8.723 8.706 8.688 8.670 8.653 8.635 8.618 8.600 8.582 8.565 8.547 8.530 8.512 8.495 8.477 8.459 8.442 8.424 8.407 8.389
10.464 10.418 10.371 10.325 10.279 10.232 10.186 10.139 10.093 10.046 10.000 9.953 9.901 9.848 9.794 9.741 9.688 9.634 9.581 9.528 9.474 9.421 9.368 9.314 9.261 9.208 9.155 9.101 9.048 8.995 8.941 8.917 8.914 8.911 8.908 8.904 8.901 8.898 8.895 8.891 8.888 8.885 8.882 8.878 8.875 8.872 8.869 8.865 8.862 8.859 8.856 8.845 8.828 8.810 8.792 8.775 8.757 8.740 8.722 8.704 8.687 8.669 8.652 8.634 8.617 8.599 8.581 8.564 8.546 8.529 8.511 8.494 8.476 8.458 8.441 8.423 8.406
10.487 10.440 10.394 10.348 10.301 10.255 10.208 10.162 10.115 10.069 10.022 9.976 9.930 9.877 9.824 9.771 9.717 9.664 9.611 9.558 9.504 9.451 9.398 9.344 9.291 9.238 9.185 9.131 9.078 9.025 8.971 8.953 8.950 8.947 8.943 8.940 8.937 8.934 8.930 8.927 8.924 8.921 8.917 8.914 8.911 8.908 8.904 8.901 8.898 8.895 8.879 8.862 8.844 8.826 8.809 8.791 8.774 8.756 8.739 8.721 8.703 8.686 8.668 8.651 8.633 8.615 8.598 8.580 8.563 8.545 8.528 8.510 8.492 8.475 8.457 8.440 8.422
10.510 10.463 10.417 10.370 10.324 10.277 10.231 10.184 10.138 10.092 10.045 9.999 9.952 9.906 9.854 9.801 9.747 9.694 9.641 9.588 9.534 9.481 9.428 9.374 9.321 9.268 9.214 9.161 9.108 9.055 9.001 8.989 8.986 8.982 8.979 8.976 8.973 8.969 8.966 8.963 8.960 8.956 8.953 8.950 8.947 8.943 8.940 8.937 8.931 8.913 8.896 8.878 8.860 8.843 8.825 8.808 8.790 8.773 8.755 8.737 8.720 8.702 8.685 8.667 8.649 8.632 8.614 8.597 8.579 8.562 8.544 8.526 8.509 8.491 8.474 8.456 8.439
10.532 10.486 10.439 10.393 10.346 10.300 10.254 10.207 10.161 10.114 10.068 10.021 9.975 9.928 9.882 9.831 9.777 9.724 9.671 9.617 9.564 9.511 9.457 9.404 9.351 9.298 9.244 9.191 9.138 9.084 9.031 9.025 9.021 9.018 9.015 9.012 9.008 9.005 9.002 8.999 8.995 8.992 8.989 8.986 8.982 8.979 8.976 8.965 8.947 8.930 8.912 8.895 8.877 8.859 8.842 8.824 8.807 8.789 8.771 8.754 8.736 8.719 8.701 8.684 8.666 8.648 8.631 8.613 8.596 8.578 8.560 8.543 8.525 8.508 8.490 8.473 8.455
10.555 10.508 10.462 10.415 10.369 10.323 10.276 10.230 10.183 10.137 10.090 10.044 9.998 9.951 9.905 9.858 9.807 9.754 9.701 9.647 9.594 9.541 9.487 9.434 9.381 9.328 9.274 9.221 9.168 9.114 9.064 9.060 9.057 9.054 9.051 9.047 9.044 9.041 9.038 9.034 9.031 9.028 9.025 9.021 9.018 9.015 8.999 8.981 8.964 8.946 8.929 8.911 8.893 8.876 8.858 8.841 8.823 8.805 8.788 8.770 8.753 8.735 8.718 8.700 8.682 8.665 8.647 8.630 8.612 8.595 8.577 8.559 8.542 8.524 8.507 8.489 8.472
10.577 10.531 10.485 10.438 10.392 10.345 10.299 10.252 10.206 10.159 10.113 10.067 10.020 9.974 9.927 9.881 9.834 9.784 9.731 9.677 9.624 9.571 9.517 9.464 9.411 9.358 9.304 9.251 9.198 9.144 9.099 9.096 9.093 9.090 9.086 9.083 9.080 9.077 9.073 9.070 9.067 9.064 9.060 9.057 9.050 9.033 9.015 8.998 8.980 8.963 8.945 8.928 8.910 8.892 8.875 8.857 8.840 8.822 8.804 8.787 8.769 8.752 8.734 8.717 8.699 8.681 8.664 8.646 8.629 8.611 8.594 8.576 8.558 8.541 8.523 8.506 8.488
10.600 10.554 10.507 10.461 10.414 10.368 10.321 10.275 10.229 10.182 10.136 10.089 10.043 9.996 9.950 9.903 9.857 9.811 9.760 9.707 9.654 9.601 9.547 9.494 9.441 9.387 9.334 9.281 9.227 9.174 9.135 9.132 9.129 9.125 9.122 9.119 9.116 9.112 9.109 9.106 9.103 9.099 9.096 9.085 9.067 9.049 9.032 9.014 8.997 8.979 8.962 8.944 8.926 8.909 8.891 8.874 8.856 8.838 8.821 8.803 8.786 8.768 8.751 8.733 8.716 8.698 8.680 8.663 8.645 8.628 8.610 8.592 8.575 8.557 8.540 8.522 8.504
10.623 10.576 10.530 10.483 10.437 10.390 10.344 10.298 10.251 10.205 10.158 10.112 10.065 10.019 9.973 9.926 9.880 9.833 9.787 9.737 9.684 9.631 9.577 9.524 9.471 9.417 9.364 9.311 9.257 9.204 9.171 9.167 9.164 9.161 9.158 9.155 9.151 9.148 9.145 9.142 9.138 9.135 9.119 9.101 9.083 9.066 9.048 9.031 9.013 8.996 8.978 8.961 8.943 8.925 8.908 8.890 8.873 8.855 8.837 8.820 8.802 8.785 8.767 8.750 8.732 8.714 8.697 8.679 8.662 8.644 8.627 8.609 8.591 8.574 8.556 8.539 8.521
10.645 10.599 10.552 10.506 10.460 10.413 10.367 10.320 10.274 10.227 10.181 10.134 10.088 10.042 9.995 9.949 9.902 9.856 9.809 9.763 9.714 9.661 9.607 9.554 9.501 9.447 9.394 9.341 9.287 9.234 9.206 9.203 9.200 9.197 9.193 9.190 9.187 9.184 9.181 9.177 9.170 9.153 9.135 9.118 9.100 9.082 9.065 9.047 9.030 9.012 8.995 8.977 8.959 8.942 8.924 8.907 8.889 8.872 8.854 8.836 8.819 8.801 8.784 8.766 8.748 8.731 8.713 8.696 8.678 8.661 8.643 8.625 8.608 8.590 8.573 8.555 8.537
10.668 10.622 10.575 10.529 10.482 10.436 10.389 10.343 10.296 10.250 10.204 10.157 10.111 10.064 10.018 9.971 9.925 9.878 9.832 9.786 9.739 9.690 9.637 9.584 9.530 9.477 9.424 9.371 9.317 9.264 9.242 9.239 9.236 9.232 9.229 9.226 9.223 9.219 9.216 9.204 9.187 9.169 9.152 9.134 9.117 9.099 9.081 9.064 9.046 9.029 9.011 8.993 8.976 8.958 8.941 8.923 8.906 8.888 8.870 8.853 8.835 8.818 8.800 8.782 8.765 8.747 8.730 8.712 8.695 8.677 8.659 8.642 8.624 8.607 8.589 8.572 8.554
10.691 10.644 10.598 10.551 10.505 10.458 10.412 10.365 10.319 10.273 10.226 10.180 10.133 10.087 10.040 9.994 9.948 9.901 9.855 9.808 9.762 9.715 9.667 9.614 9.560 9.507 9.454 9.401 9.347 9.294 9.278 9.275 9.272 9.268 9.265 9.262 9.258 9.255 9.238 9.221 9.203 9.186 9.168 9.151 9.133 9.115 9.098 9.080 9.063 9.045 9.027 9.010 8.992 8.975 8.957 8.940 8.922 8.904 8.887 8.869 8.852 8.834 8.817 8.799 8.781 8.764 8.746 8.729 8.711 8.693 8.676 8.658 8.641 8.623 8.606 8.588 8.570
10.713 10.667 10.620 10.574 10.527 10.481 10.435 10.388 10.342 10.295 10.249 10.202 10.156 10.109 10.063 10.017 9.970 9.924 9.877 9.831 9.784 9.738 9.691 9.644 9.590 9.537 9.484 9.430 9.377 9.324 9.314 9.311 9.307 9.304 9.301 9.297 9.290 9.272 9.255 9.237 9.220 9.202 9.185 9.167 9.150 9.132 9.114 9.097 9.079 9.062 9.044 9.026 9.009 8.991 8.974 8.956 8.939 8.921 8.903 8.886 8.868 8.851 8.833 8.816 8.798 8.780 8.763 8.745 8.728 8.710 8.692 8.675 8.657 8.640 8.622 8.605 8.587
10.736 10.689 10.643 10.597 10.550 10.504 10.457 10.411 10.364 10.318 10.271 10.225 10.179 10.132 10.086 10.039 9.993 9.946 9.900 9.853 9.807 9.761 9.714 9.668 9.620 9.567 9.514 9.460 9.407 9.354 9.349 9.346 9.343 9.340 9.337 9.324 9.307 9.289 9.271 9.254 9.236 9.219 9.201 9.184 9.166 9.148 9.131 9.113 9.096 9.078 9.060 9.043 9.025 9.008 8.990 8.973 8.955 8.937 8.920 8.902 8.885 8.867 8.850 8.832 8.814 8.797 8.779 8.762 8.744 8.727 8.709 8.691 8.674 8.656 8.639 8.621 8.603
10.759 10.712 10.666 10.619 10.573 10.526 10.480 10.433 10.387 10.340 10.294 10.248 10.201 10.155 10.108 10.062 10.015 9.969 9.922 9.876 9.830 9.783 9.737 9.690 9.644 9.597 9.544 9.490 9.437 9.388 9.385 9.382 9.379 9.376 9.358 9.341 9.323 9.305 9.288 9.270 9.253 9.235 9.218 9.200 9.183 9.165 9.147 9.130 9.112 9.095 9.077 9.059 9.042 9.024 9.007 8.989 8.971 8.954 8.936 8.919 8.901 8.884 8.866 8.848 8.831 8.813 8.796 8.778 8.761 8.743 8.725 8.708 8.690 8.673 8.655 8.637 8.620
10.781 10.735 10.688 10.642 10.595 10.549 10.502 10.456 10.410 10.363 10.317 10.270 10.224 10.177 10.131 10.084 10.038 9.991 9.945 9.899 9.852 9.806 9.759 9.713 9.666 9.620 9.574 9.520 9.467 9.424 9.421 9.418 9.410 9.392 9.375 9.357 9.340 9.322 9.304 9.287 9.269 9.252 9.234 9.216 9.199 9.181 9.164 9.146 9.129 9.111 9.093 9.076 9.058 9.041 9.023 9.006 8.988 8.970 8.953 8.935 8.918 8.900 8.883 8.865 8.847 8.830 8.812 8.795 8.777 8.759 8.742 8.724 8.707 8.689 8.672 8.654 8.636
10.804 10.757 10.711 10.664 10.618 10.572 10.525 10.479 10.432 10.386 10.339 10.293 10.246 10.200 10.154 10.107 10.061 10.014 9.968 9.921 9.875 9.828 9.782 9.736 9.689 9.643 9.596 9.550 9.497 9.460 9.457 9.444 9.426 9.409 9.391 9.374 9.356 9.339 9.321 9.303 9.286 9.268 9.251 9.233 9.215 9.198 9.180 9.163 9.145 9.127 9.110 9.092 9.075 9.057 9.040 9.022 9.004 8.987 8.969 8.952 8.934 8.917 8.899 8.881 8.864 8.846 8.829 8.811 8.793 8.776 8.758 8.741 8.723 8.706 8.688 8.670 8.653
10.826 10.780 10.734 10.687 10.641 10.594 10.548 10.501 10.455 10.408 10.362 10.315 10.269 10.223 10.176 10.130 10.083 10.037 9.990 9.944 9.897 9.851 9.805 9.758 9.712 9.665 9.619 9.572 9.526 9.496 9.478 9.460 9.443 9.425 9.408 9.390 9.373 9.355 9.337 9.320 9.302 9.285 9.267 9.250 9.232 9.214 9.197 9.179 9.162 9.144 9.126 9.109 9.091 9.074 9.056 9.039 9.021 9.003 8.986 8.968 8.951 8.933 8.916 8.898 8.880 8.863 8.845 8.828 8.810 8.792 8.775 8.757 8.740 8.722 8.705 8.687 8.669
10.849 10.803 10.756 10.710 10.663 10.617 10.570 10.524 10.477 10.431 10.385 10.338 10.292 10.245 10.199 10.152 10.106 10.059 10.013 9.967 9.920 9.874 9.827 9.781 9.734 9.688 9.639 9.589 9.540 9.520 9.499 9.478 9.459 9.442 9.424 9.407 9.389 9.372 9.354 9.336 9.319 9.301 9.284 9.266 9.248 9.231 9.213 9.196 9.178 9.160 9.143 9.125 9.108 9.090 9.073 9.055 9.038 9.020 9.002 8.985 8.967 8.950 8.932 8.914 8.897 8.879 8.862 8.844 8.827 8.809 8.791 8.774 8.756 8.739 8.721 8.703 8.686
10.872 10.825 10.779 10.732 10.686 10.639 10.593 10.547 10.500 10.454 10.407 10.361 10.314 10.268 10.221 10.175 10.129 10.082 10.036 9.989 9.943 9.894 9.845 9.795 9.745 9.695 9.645 9.596 9.556 9.547 9.529 9.509 9.488 9.467 9.447 9.426 9.406 9.388 9.370 9.353 9.335 9.318 9.300 9.283 9.265 9.247 9.230 9.212 9.195 9.177 9.159 9.142 9.124 9.107 9.089 9.072 9.054 9.036 9.019 9.001 8.984 8.966 8.949 8.931 8.913 8.896 8.878 8.861 8.843 8.825 8.808 8.790 8.773 8.755 8.738 8.720 8.702
10.894 10.848 10.801 10.755 10.709 10.662 10.616 10.569 10.523 10.476 10.430 10.383 10.337 10.290 10.244 10.198 10.149 10.100 10.050 10.000 9.950 9.901 9.851 9.801 9.751 9.701 9.652 9.602 9.581 9.572 9.560 9.539 9.519 9.498 9.477 9.457 9.436 9.415 9.395 9.374 9.353 9.334 9.316 9.299 9.281 9.264 9.246 9.229 9.211 9.193 9.176 9.158 9.141 9.123 9.106 9.088 9.070 9.053 9.035 9.018 9.000 8.983 8.965 8.947 8.930 8.912 8.895 8.877 8.860 8.842 8.824 8.807 8.789 8.772 8.754 8.736 8.719
10.917 10.870 10.824 10.778 10.731 10.685 10.638 10.592 10.545 10.499 10.452 10.405 10.355 10.305 10.255 10.205 10.156 10.106 10.056 10.006 9.957 9.907 9.857 9.807 9.757 9.707 9.658 9.615 9.606 9.596 9.587 9.570 9.549 9.528 9.508 9.487 9.466 9.446 9.425 9.404 9.384 9.363 9.342 9.322 9.301 9.280 9.263 9.245 9.228 9.210 9.192 9.175 9.157 9.140 9.122 9.104 9.087 9.069 9.052 9.034 9.017 8.999 8.982 8.964 8.946 8.929 8.911 8.894 8.876 8.858 8.841 8.823 8.806 8.788 8.771 8.753 8.735
10.940 10.893 10.847 10.800 10.754 10.707 10.660 10.610 10.560 10.510 10.461 10.411 10.361 10.311 10.261 10.212 10.162 10.112 10.062 10.012 9.963 9.913 9.863 9.813 9.764 9.714 9.664 9.640 9.631 9.621 9.612 9.600 9.579 9.559 9.538 9.517 9.497 9.476 9.455 9.435 9.414 9.393 9.373 9.352 9.331 9.311 9.290 9.269 9.249 9.228 9.209 9.191 9.174 9.156 9.139 9.121 9.103 9.086 9.068 9.051 9.033 9.016 8.998 8.980 8.963 8.945 8.928 8.910 8.892 8.875 8.857 8.840 8.822 8.805 8.787 8.769 8.752
10.962 10.915 10.865 10.815 10.766 10.716 10.666 10.616 10.566 10.517 10.467 10.417 10.367 10.317 10.268 10.218 10.168 10.118 10.068 10.019 9.969 9.919 9.869 9.819 9.770 9.720 9.674 9.665 9.656 9.646 9.637 9.628 9.610 9.589 9.569 9.548 9.527 9.506 9.486 9.465 9.444 9.424 9.403 9.382 9.362 9.341 9.320 9.300 9.279 9.259 9.238 9.217 9.196 9.176 9.155 9.138 9.120 9.102 9.085 9.067 9.050 9.032 9.014 8.997 8.979 8.962 8.944 8.927 8.909 8.891 8.874 8.856 8.839 8.821 8.803 8.786 8.768
10.971 10.921 10.871 10.822 10.772 10.722 10.672 10.622 10.573 10.523 10.473 10.423 10.373 10.324 10.274 10.224 10.174 10.124 10.075 10.025 9.975 9.925 9.876 9.826 9.776 9.726 9.699 9.690 9.681 9.671 9.662 9.653 9.640 9.620 9.599 9.578 9.558 9.537 9.516 9.496 9.475 9.454 9.434 9.413 9.392 9.372 9.351 9.330 9.310 9.289 9.268 9.248 9.227 9.206 9.186 9.165 9.144 9.124 9.103 9.084 9.066 9.049 9.031 9.013 8.996 8.978 8.961 8.943 8.926 8.908 8.890 8.873 8.855 8.838 8.820 8.802 8.785
10.977 10.927 10.877 10.828 10.778 10.728 10.678 10.629 10.579 10.529 10.479 10.429 10.380 10.330 10.280 10.230 10.180 10.131 10.081 10.031 9.981 9.931 9.882 9.832 9.782 9.734 9.724 9.715 9.706 9.696 9.687 9.678 9.668 9.650 9.629 9.609 9.588 9.567 9.547 9.526 9.505 9.485 9.464 9.443 9.423 9.402 9.381 9.361 9.340 9.319 9.299 9.278 9.257 9.237 9.216 9.195 9.175 9.154 9.133 9.113 9.092 9.071 9.051 9.030 9.012 8.995 8.977 8.959 8.942 8.924 8.907 8.889 8.872 8.854 8.836 8.819 8.801
