includes/lisflood/oleron/results/res-0009.wdfp
ncols         631
nrows         906
xllcorner     364927.146667
yllcorner     6531972.565556
cellsize      20.000000
NODATA_value  -9999.000000
[rows 204 to 237 of 906, columns 385 to 461 of 631]
0.000 0.000 0.000 0.094 0.134 0.001 0.001 0.003 0.005 0.000 0.025 0.001 0.024 0.000 0.096 0.009 0.040 0.042 0.043 0.058 0.000 0.000 0.000 0.020 0.022 0.023 0.024 0.026 0.029 0.037 0.049 0.057 0.052 0.048 0.045 0.042 0.039 0.037 0.035 0.032 0.030 0.025 0.020 0.020 0.019 0.018 0.019 0.026 0.048 0.080 0.112 0.146 0.180 0.215 0.251 0.248 0.240 0.232 0.223 0.215 0.205 0.196 0.186 0.176 0.161 0.142 0.121 0.107 0.110 0.113 0.110 0.106 0.103 0.100 0.098 0.095 0.093
0.000 0.000 0.000 0.000 0.000 0.001 0.009 0.004 0.003 0.002 0.105 0.024 0.014 0.098 0.096 0.015 0.043 0.000 0.036 0.000 0.017 0.020 0.022 0.020 0.019 0.019 0.019 0.020 0.023 0.030 0.039 0.052 0.059 0.055 0.051 0.047 0.044 0.042 0.039 0.036 0.033 0.026 0.023 0.022 0.022 0.022 0.027 0.045 0.076 0.112 0.148 0.181 0.216 0.251 0.287 0.279 0.270 0.262 0.253 0.244 0.235 0.226 0.210 0.192 0.173 0.153 0.132 0.119 0.121 0.125 0.128 0.127 0.124 0.121 0.118 0.116 0.114
0.000 0.000 0.000 0.047 0.000 0.000 0.032 0.027 0.061 0.053 0.035 0.038 0.045 0.400 0.038 0.002 0.035 0.000 0.029 0.028 0.020 0.017 0.017 0.016 0.015 0.015 0.016 0.015 0.019 0.024 0.031 0.042 0.055 0.061 0.057 0.053 0.050 0.047 0.044 0.040 0.036 0.028 0.026 0.026 0.026 0.030 0.046 0.073 0.106 0.141 0.179 0.218 0.252 0.287 0.317 0.309 0.301 0.292 0.283 0.274 0.257 0.240 0.222 0.203 0.184 0.164 0.142 0.131 0.133 0.135 0.139 0.143 0.145 0.142 0.139 0.137 0.135
0.015 0.022 0.024 0.027 0.080 0.118 0.026 0.015 0.007 0.019 0.000 0.000 0.000 0.003 0.000 0.007 0.025 0.027 0.033 0.000 0.009 0.011 0.011 0.011 0.012 0.012 0.013 0.013 0.015 0.019 0.025 0.033 0.044 0.059 0.064 0.060 0.056 0.052 0.049 0.045 0.039 0.030 0.030 0.030 0.035 0.049 0.073 0.103 0.136 0.172 0.209 0.248 0.288 0.323 0.348 0.339 0.331 0.320 0.303 0.286 0.269 0.251 0.233 0.214 0.195 0.174 0.152 0.142 0.144 0.146 0.149 0.153 0.157 0.162 0.161 0.159 0.157
0.083 0.003 0.109 0.000 0.021 0.088 0.000 0.002 0.119 0.002 0.003 0.000 0.047 0.002 0.010 0.425 0.000 0.000 0.000 0.011 0.000 0.005 0.007 0.008 0.009 0.010 0.011 0.011 0.013 0.015 0.020 0.026 0.035 0.047 0.062 0.066 0.062 0.058 0.054 0.049 0.042 0.035 0.036 0.040 0.054 0.076 0.103 0.133 0.166 0.202 0.239 0.278 0.318 0.358 0.378 0.365 0.348 0.332 0.315 0.297 0.280 0.262 0.244 0.225 0.205 0.184 0.161 0.153 0.155 0.157 0.160 0.164 0.168 0.173 0.178 0.181 0.180
0.012 0.031 0.014 0.020 0.010 0.118 0.000 0.006 0.003 0.006 0.076 0.010 0.003 0.023 0.090 0.039 0.004 0.001 0.000 0.003 0.005 0.006 0.007 0.008 0.009 0.010 0.010 0.010 0.011 0.013 0.016 0.021 0.028 0.038 0.051 0.066 0.068 0.064 0.059 0.054 0.045 0.042 0.047 0.060 0.082 0.106 0.133 0.164 0.197 0.233 0.270 0.308 0.343 0.364 0.381 0.377 0.360 0.343 0.326 0.309 0.291 0.273 0.254 0.235 0.215 0.194 0.170 0.164 0.165 0.167 0.170 0.174 0.178 0.183 0.189 0.195 0.202
0.009 0.113 0.001 0.000 0.000 0.038 0.000 0.006 0.021 0.003 0.001 0.015 0.036 0.007 0.009 0.003 0.003 0.000 0.003 0.003 0.004 0.006 0.008 0.009 0.010 0.010 0.010 0.010 0.011 0.012 0.013 0.017 0.022 0.030 0.040 0.054 0.069 0.070 0.065 0.060 0.050 0.054 0.068 0.089 0.111 0.137 0.164 0.195 0.228 0.261 0.279 0.298 0.318 0.339 0.354 0.366 0.372 0.355 0.338 0.320 0.302 0.283 0.265 0.245 0.225 0.203 0.179 0.175 0.176 0.178 0.181 0.184 0.189 0.194 0.200 0.206 0.213
0.002 0.001 0.003 0.000 0.009 0.004 0.051 0.005 0.003 0.004 0.059 0.016 0.003 0.005 0.000 0.005 0.016 0.040 0.000 0.000 0.005 0.008 0.009 0.010 0.010 0.010 0.010 0.010 0.010 0.011 0.012 0.014 0.018 0.023 0.031 0.043 0.057 0.073 0.072 0.067 0.060 0.076 0.097 0.118 0.142 0.168 0.196 0.208 0.222 0.237 0.255 0.274 0.294 0.315 0.328 0.339 0.351 0.362 0.349 0.331 0.313 0.294 0.275 0.255 0.234 0.212 0.187 0.185 0.186 0.188 0.191 0.195 0.199 0.204 0.210 0.217 0.224
0.002 0.001 0.000 0.000 0.007 0.000 0.002 0.008 0.000 0.000 0.002 0.016 0.043 0.006 0.034 0.008 0.000 0.018 0.040 0.000 0.009 0.010 0.010 0.010 0.010 0.009 0.009 0.010 0.010 0.010 0.011 0.012 0.014 0.018 0.024 0.033 0.045 0.060 0.078 0.076 0.081 0.104 0.127 0.149 0.158 0.165 0.174 0.185 0.199 0.214 0.231 0.250 0.270 0.290 0.302 0.313 0.324 0.335 0.345 0.342 0.323 0.304 0.284 0.264 0.243 0.220 0.195 0.195 0.196 0.198 0.201 0.205 0.209 0.215 0.221 0.228 0.235
0.000 0.044 0.008 0.012 0.012 0.011 0.006 0.005 0.185 0.095 0.006 0.001 0.001 0.000 0.000 0.000 0.000 0.002 0.016 0.017 0.014 0.012 0.010 0.010 0.009 0.008 0.008 0.009 0.009 0.009 0.009 0.010 0.011 0.014 0.018 0.025 0.035 0.048 0.066 0.090 0.109 0.121 0.126 0.131 0.137 0.144 0.153 0.164 0.176 0.191 0.208 0.226 0.245 0.265 0.276 0.287 0.297 0.308 0.318 0.327 0.333 0.314 0.293 0.273 0.251 0.227 0.204 0.204 0.205 0.207 0.210 0.215 0.219 0.225 0.232 0.242 0.259
0.026 0.005 0.005 0.003 0.013 0.000 0.019 0.003 0.065 0.000 0.060 0.004 0.039 0.003 0.012 0.013 0.009 0.005 0.000 0.004 0.006 0.007 0.007 0.007 0.007 0.007 0.007 0.007 0.007 0.008 0.008 0.008 0.008 0.010 0.012 0.015 0.022 0.036 0.063 0.098 0.095 0.100 0.107 0.112 0.119 0.125 0.133 0.144 0.156 0.170 0.185 0.203 0.222 0.240 0.250 0.261 0.271 0.281 0.290 0.299 0.308 0.316 0.302 0.281 0.258 0.234 0.213 0.213 0.214 0.216 0.220 0.224 0.229 0.240 0.256 0.274 0.292
0.000 0.000 0.000 0.000 0.000 0.000 0.000 0.000 0.000 0.000 0.000 0.020 0.000 0.008 0.005 0.281 0.000 0.000 0.005 0.005 0.005 0.005 0.005 0.006 0.005 0.006 0.006 0.006 0.006 0.006 0.005 0.005 0.004 0.005 0.007 0.012 0.021 0.044 0.080 0.118 0.108 0.093 0.093 0.098 0.104 0.110 0.117 0.126 0.137 0.149 0.164 0.180 0.198 0.215 0.224 0.235 0.244 0.253 0.262 0.271 0.279 0.287 0.294 0.289 0.265 0.240 0.221 0.221 0.222 0.225 0.229 0.240 0.255 0.272 0.289 0.307 0.325
0.037 0.000 0.032 0.000 0.000 0.000 0.000 0.000 0.000 0.000 0.003 0.008 0.002 0.033 0.000 0.264 0.000 0.005 0.005 0.004 0.004 0.004 0.004 0.005 0.004 0.004 0.004 0.004 0.003 0.002 0.003 0.003 0.004 0.005 0.007 0.012 0.026 0.060 0.099 0.129 0.121 0.110 0.095 0.090 0.094 0.099 0.105 0.112 0.121 0.132 0.144 0.159 0.176 0.190 0.199 0.209 0.218 0.226 0.235 0.243 0.250 0.257 0.263 0.268 0.271 0.245 0.228 0.228 0.230 0.241 0.255 0.271 0.287 0.304 0.322 0.341 0.360
0.058 0.075 0.000 0.000 0.000 0.000 0.002 0.000 0.001 0.001 0.044 0.001 0.085 0.014 0.000 0.031 0.030 0.002 0.000 0.002 0.002 0.003 0.003 0.004 0.003 0.002 0.002 0.002 0.003 0.003 0.003 0.004 0.005 0.006 0.008 0.014 0.041 0.080 0.120 0.140 0.133 0.124 0.114 0.100 0.089 0.092 0.097 0.102 0.109 0.117 0.128 0.140 0.155 0.166 0.174 0.183 0.191 0.199 0.206 0.213 0.220 0.225 0.230 0.235 0.238 0.239 0.233 0.243 0.256 0.270 0.286 0.303 0.320 0.338 0.356 0.375 0.394
0.489 0.069 0.060 0.076 0.000 0.000 0.000 0.000 0.000 0.000 0.000 0.063 0.001 0.000 0.043 0.000 0.003 0.276 0.000 0.002 0.003 0.003 0.003 0.003 0.003 0.003 0.003 0.003 0.003 0.004 0.004 0.005 0.005 0.006 0.009 0.023 0.060 0.100 0.140 0.152 0.145 0.138 0.129 0.118 0.105 0.088 0.092 0.096 0.101 0.107 0.114 0.124 0.136 0.144 0.150 0.157 0.164 0.171 0.177 0.183 0.188 0.192 0.195 0.197 0.204 0.229 0.252 0.271 0.286 0.301 0.318 0.336 0.354 0.372 0.391 0.410 0.429
0.000 0.000 0.297 0.070 0.059 0.090 0.000 0.000 0.000 0.022 0.001 0.000 0.074 0.002 0.001 0.001 0.017 0.001 0.003 0.003 0.004 0.005 0.006 0.005 0.005 0.006 0.005 0.005 0.005 0.005 0.005 0.005 0.006 0.007 0.013 0.040 0.079 0.120 0.161 0.164 0.157 0.150 0.143 0.134 0.123 0.110 0.093 0.093 0.096 0.100 0.104 0.111 0.119 0.123 0.127 0.132 0.137 0.143 0.147 0.150 0.152 0.154 0.165 0.189 0.215 0.242 0.268 0.291 0.315 0.334 0.351 0.370 0.388 0.407 0.426 0.445 0.464
0.000 0.000 0.000 0.000 0.201 0.070 0.073 0.078 0.101 0.000 0.000 0.000 0.000 0.000 0.004 0.000 0.006 0.006 0.005 0.005 0.007 0.009 0.009 0.008 0.008 0.008 0.009 0.008 0.007 0.007 0.006 0.007 0.007 0.009 0.023 0.059 0.099 0.140 0.181 0.175 0.169 0.163 0.155 0.147 0.138 0.128 0.115 0.098 0.093 0.095 0.098 0.101 0.105 0.104 0.104 0.106 0.109 0.112 0.112 0.112 0.127 0.149 0.173 0.200 0.229 0.259 0.285 0.311 0.336 0.362 0.385 0.404 0.423 0.441 0.460 0.480 0.499
0.000 0.000 0.000 0.000 0.000 0.000 0.002 0.052 0.072 0.061 0.069 0.038 0.000 0.000 0.000 0.000 0.004 0.004 0.005 0.007 0.011 0.013 0.012 0.011 0.011 0.011 0.012 0.012 0.011 0.010 0.009 0.009 0.009 0.014 0.040 0.079 0.120 0.161 0.192 0.187 0.181 0.174 0.168 0.160 0.152 0.143 0.132 0.119 0.103 0.093 0.093 0.093 0.093 0.087 0.082 0.080 0.077 0.075 0.091 0.110 0.132 0.158 0.185 0.215 0.245 0.277 0.305 0.331 0.358 0.384 0.411 0.438 0.457 0.477 0.496 0.515 0.534
0.000 0.000 0.000 0.027 0.000 0.002 0.003 0.000 0.001 0.049 0.063 0.061 0.067 0.093 0.003 0.000 0.000 0.002 0.003 0.009 0.019 0.017 0.014 0.014 0.014 0.014 0.014 0.015 0.016 0.014 0.013 0.012 0.013 0.025 0.059 0.099 0.140 0.181 0.203 0.198 0.192 0.186 0.179 0.172 0.165 0.156 0.147 0.136 0.123 0.106 0.090 0.087 0.082 0.071 0.057 0.053 0.065 0.078 0.096 0.117 0.143 0.171 0.201 0.232 0.265 0.298 0.326 0.353 0.380 0.407 0.434 0.462 0.489 0.512 0.531 0.550 0.569
0.004 0.003 0.004 0.006 0.079 0.002 0.002 0.001 0.015 0.000 0.000 0.050 0.066 0.088 0.100 0.000 0.000 0.000 0.002 0.016 0.031 0.000 0.014 0.017 0.018 0.018 0.018 0.018 0.018 0.020 0.018 0.017 0.020 0.041 0.079 0.119 0.160 0.202 0.214 0.209 0.203 0.197 0.191 0.184 0.177 0.169 0.160 0.151 0.139 0.125 0.107 0.082 0.071 0.058 0.059 0.064 0.073 0.086 0.105 0.130 0.157 0.188 0.219 0.252 0.285 0.319 0.348 0.375 0.403 0.430 0.458 0.485 0.513 0.540 0.566 0.585 0.605
0.028 0.000 0.000 0.000 0.000 0.006 0.002 0.000 0.001 0.000 0.000 0.000 0.000 0.005 0.081 0.078 0.070 0.087 0.000 0.028 0.033 0.032 0.026 0.024 0.023 0.022 0.021 0.021 0.021 0.022 0.024 0.024 0.032 0.060 0.099 0.139 0.181 0.222 0.225 0.220 0.214 0.208 0.202 0.196 0.189 0.181 0.173 0.164 0.153 0.141 0.124 0.093 0.079 0.080 0.078 0.079 0.086 0.100 0.120 0.146 0.176 0.207 0.240 0.274 0.308 0.342 0.370 0.398 0.426 0.454 0.481 0.509 0.537 0.564 0.591 0.619 0.640
0.003 0.002 0.004 0.002 0.003 0.000 0.003 0.016 0.000 0.022 0.000 0.000 0.000 0.005 0.000 0.000 0.058 0.076 0.060 0.046 0.038 0.033 0.030 0.028 0.027 0.025 0.024 0.024 0.023 0.024 0.026 0.033 0.047 0.080 0.119 0.160 0.201 0.242 0.236 0.231 0.225 0.219 0.213 0.207 0.200 0.193 0.185 0.176 0.165 0.143 0.118 0.084 0.074 0.083 0.095 0.096 0.102 0.116 0.138 0.165 0.196 0.228 0.262 0.296 0.330 0.365 0.393 0.421 0.449 0.477 0.505 0.533 0.560 0.588 0.615 0.643 0.670
0.004 0.003 0.002 0.002 0.005 0.000 0.000 0.002 0.009 0.001 0.001 0.116 0.002 0.256 0.300 0.000 0.000 0.001 0.046 0.047 0.039 0.034 0.032 0.030 0.029 0.027 0.027 0.026 0.026 0.026 0.028 0.037 0.065 0.099 0.139 0.180 0.221 0.252 0.247 0.242 0.236 0.230 0.224 0.218 0.212 0.205 0.192 0.174 0.154 0.133 0.109 0.075 0.067 0.074 0.085 0.104 0.119 0.135 0.158 0.186 0.218 0.251 0.285 0.319 0.354 0.388 0.417 0.445 0.473 0.501 0.529 0.557 0.584 0.612 0.639 0.667 0.694
0.003 0.007 0.009 0.005 0.006 0.003 0.054 0.022 0.077 0.046 0.016 0.002 0.005 0.003 0.042 0.102 0.009 0.003 0.002 0.000 0.028 0.032 0.030 0.029 0.028 0.028 0.027 0.027 0.027 0.028 0.031 0.041 0.071 0.119 0.159 0.200 0.241 0.263 0.258 0.252 0.247 0.241 0.235 0.229 0.214 0.197 0.180 0.162 0.143 0.123 0.099 0.066 0.061 0.066 0.075 0.092 0.118 0.154 0.179 0.208 0.240 0.274 0.308 0.343 0.378 0.412 0.440 0.469 0.497 0.525 0.553 0.581 0.608 0.636 0.663 0.690 0.699
0.000 0.000 0.000 0.004 0.010 0.008 0.007 0.008 0.037 0.025 0.085 0.000 0.000 0.000 0.000 0.092 0.000 0.104 0.000 0.000 0.000 0.000 0.018 0.023 0.025 0.027 0.027 0.028 0.029 0.031 0.035 0.046 0.076 0.125 0.179 0.220 0.261 0.274 0.268 0.263 0.258 0.249 0.233 0.217 0.201 0.185 0.168 0.150 0.132 0.113 0.090 0.057 0.054 0.058 0.066 0.081 0.106 0.143 0.190 0.231 0.264 0.297 0.332 0.367 0.402 0.435 0.464 0.492 0.521 0.549 0.577 0.604 0.632 0.660 0.662 0.660 0.658
0.036 0.001 0.002 0.053 0.143 0.000 0.000 0.000 0.000 0.104 0.000 0.000 0.000 0.000 0.000 0.000 0.000 0.000 0.023 0.000 0.000 0.000 0.014 0.022 0.025 0.027 0.029 0.030 0.033 0.036 0.040 0.052 0.082 0.130 0.184 0.239 0.281 0.284 0.279 0.266 0.251 0.236 0.220 0.204 0.188 0.172 0.156 0.139 0.121 0.102 0.080 0.048 0.047 0.050 0.057 0.071 0.095 0.132 0.180 0.232 0.287 0.321 0.356 0.391 0.426 0.459 0.488 0.516 0.545 0.573 0.600 0.627 0.625 0.623 0.621 0.619 0.617
0.000 0.008 0.000 0.000 0.000 0.038 0.048 0.000 0.021 0.011 0.025 0.017 0.000 0.000 0.000 0.000 0.000 0.000 0.063 0.000 0.041 0.000 0.023 0.028 0.028 0.030 0.032 0.034 0.038 0.041 0.046 0.057 0.087 0.135 0.189 0.245 0.298 0.283 0.268 0.253 0.238 0.223 0.207 0.192 0.176 0.160 0.144 0.127 0.110 0.092 0.071 0.040 0.040 0.043 0.049 0.061 0.084 0.122 0.170 0.223 0.277 0.333 0.380 0.415 0.450 0.483 0.512 0.540 0.568 0.589 0.588 0.586 0.584 0.582 0.580 0.578 0.576
0.000 0.007 0.004 0.000 0.000 0.028 0.048 0.000 0.000 0.036 0.006 0.071 0.071 0.040 0.000 0.000 0.000 0.000 0.001 0.000 0.046 0.000 0.042 0.037 0.032 0.035 0.037 0.038 0.043 0.046 0.052 0.064 0.093 0.133 0.175 0.219 0.255 0.260 0.255 0.240 0.225 0.210 0.194 0.179 0.163 0.148 0.132 0.116 0.099 0.082 0.062 0.032 0.033 0.036 0.041 0.053 0.075 0.112 0.160 0.213 0.269 0.324 0.381 0.438 0.474 0.507 0.536 0.551 0.550 0.548 0.547 0.545 0.543 0.541 0.539 0.537 0.535
0.000 0.000 0.046 0.126 0.002 0.003 0.003 0.037 0.003 0.000 0.000 0.040 0.000 0.058 0.000 0.000 0.000 0.349 0.000 0.000 0.051 0.056 0.071 0.000 0.021 0.041 0.042 0.043 0.052 0.051 0.046 0.046 0.064 0.098 0.140 0.183 0.213 0.218 0.223 0.227 0.212 0.197 0.181 0.166 0.151 0.136 0.120 0.104 0.088 0.071 0.052 0.025 0.027 0.030 0.034 0.045 0.066 0.103 0.151 0.205 0.260 0.316 0.372 0.429 0.486 0.511 0.511 0.510 0.509 0.507 0.506 0.504 0.502 0.500 0.499 0.496 0.494
0.000 0.000 0.000 0.002 0.002 0.000 0.004 0.000 0.002 0.003 0.029 0.049 0.008 0.347 0.000 0.000 0.000 0.000 0.051 0.054 0.074 0.000 0.000 0.001 0.019 0.060 0.000 0.025 0.047 0.000 0.012 0.000 0.039 0.067 0.105 0.148 0.172 0.176 0.181 0.186 0.190 0.184 0.169 0.154 0.138 0.123 0.108 0.093 0.077 0.061 0.042 0.022 0.023 0.025 0.029 0.037 0.058 0.094 0.143 0.196 0.251 0.307 0.364 0.415 0.457 0.477 0.471 0.469 0.468 0.466 0.465 0.463 0.461 0.460 0.458 0.455 0.453
0.000 0.022 0.000 0.002 0.049 0.000 0.008 0.003 0.032 0.000 0.000 0.097 0.197 0.368 0.018 0.000 0.030 0.043 0.068 0.000 0.000 0.000 0.529 0.000 0.004 0.045 0.000 0.014 0.035 0.079 0.000 0.042 0.042 0.050 0.075 0.115 0.131 0.135 0.140 0.144 0.149 0.154 0.156 0.141 0.126 0.111 0.096 0.081 0.066 0.050 0.032 0.018 0.020 0.022 0.025 0.032 0.050 0.086 0.134 0.187 0.243 0.296 0.338 0.379 0.421 0.445 0.439 0.433 0.427 0.425 0.424 0.422 0.421 0.419 0.417 0.414 0.412
0.009 0.000 0.000 0.000 0.005 0.043 0.001 0.002 0.009 0.081 0.002 0.000 0.137 0.000 0.000 0.047 0.055 0.065 0.082 0.006 0.016 0.000 0.000 0.001 0.002 0.037 0.000 0.018 0.027 0.043 0.051 0.043 0.040 0.041 0.054 0.085 0.094 0.096 0.100 0.104 0.108 0.112 0.117 0.122 0.114 0.099 0.084 0.070 0.055 0.040 0.022 0.015 0.017 0.019 0.022 0.028 0.043 0.078 0.126 0.179 0.220 0.261 0.302 0.344 0.386 0.413 0.407 0.401 0.395 0.389 0.383 0.382 0.380 0.378 0.376 0.373 0.371
0.052 0.000 0.007 0.028 0.000 0.043 0.001 0.007 0.003 0.326 0.100 0.048 0.387 0.409 0.427 0.017 0.013 0.000 0.000 0.015 0.000 0.000 0.000 0.000 0.000 0.035 0.000 0.026 0.030 0.033 0.035 0.035 0.035 0.036 0.043 0.065 0.065 0.064 0.065 0.067 0.069 0.073 0.077 0.082 0.087 0.087 0.073 0.059 0.045 0.030 0.015 0.011 0.014 0.017 0.020 0.026 0.040 0.070 0.107 0.145 0.185 0.226 0.267 0.309 0.350 0.381 0.375 0.369 0.363 0.357 0.351 0.344 0.339 0.337 0.335 0.333 0.330
0.031 0.089 0.020 0.000 0.052 0.011 0.043 0.000 0.000 0.342 0.090 0.374 0.197 0.409 0.027 0.000 0.000 0.002 0.000 0.049 0.000 0.012 0.000 0.000 0.033 0.034 0.043 0.037 0.034 0.033 0.032 0.032 0.032 0.033 0.039 0.052 0.049 0.046 0.043 0.041 0.040 0.040 0.042 0.045 0.049 0.054 0.059 0.049 0.037 0.024 0.010 0.009 0.013 0.016 0.021 0.027 0.035 0.048 0.074 0.110 0.150 0.190 0.232 0.273 0.315 0.349 0.343 0.337 0.332 0.325 0.319 0.312 0.306 0.298 0.295 0.292 0.289
