includes/lisflood/oleron/results/res.totaltm
ncols         631
nrows         906
xllcorner     364927.146667
yllcorner     6531972.565556
cellsize      20.000000
NODATA_value  -9999.000000
[rows 627 to 659 of 906, columns 370 to 443 of 631]
10.076 10.103 10.113 10.209 10.224 10.256 10.267 10.369 10.442 10.425 0.000 0.000 0.000 10.513 2.219 10.486 2.880 5.090 10.656 5.533 2.486 0.000 10.850 10.839 10.763 10.804 5.040 5.899 10.977 5.982 11.105 11.160 11.177 11.164 5.307 11.369 11.383 11.469 0.000 4.437 6.817 11.707 11.741 0.000 11.901 8.853 11.611 8.383 0.000 0.000 0.000 0.000 0.000 0.000 0.000 0.000 0.000 0.000 0.000 0.000 0.000 0.000 0.000 0.000 0.000 0.000 0.000 0.000 0.000 0.000 0.000 0.000 0.000 0.000
10.068 10.078 8.895 10.150 10.215 2.164 10.246 10.309 10.478 3.219 10.521 0.000 10.509 10.501 0.000 10.532 10.513 4.875 10.688 7.821 10.908 10.917 10.910 0.000 10.777 10.876 10.909 0.000 7.367 4.280 9.779 0.000 11.192 11.176 11.284 11.263 11.354 11.491 11.507 11.339 6.419 11.752 11.766 11.772 11.910 11.001 11.648 0.000 0.000 0.000 0.000 0.000 0.000 0.000 0.000 0.000 0.000 0.000 0.000 0.000 0.000 0.000 0.000 0.000 0.000 0.000 0.000 0.000 0.000 0.000 0.000 0.000 0.000 0.000
10.058 10.065 10.080 8.272 6.738 10.033 2.222 10.483 10.503 10.521 10.535 10.525 10.518 0.000 10.696 7.058 0.000 5.925 4.035 5.464 6.798 10.941 4.763 10.872 0.000 10.902 10.927 0.000 3.519 7.521 11.197 11.205 11.204 0.000 11.376 11.401 11.347 1.619 11.558 11.594 11.592 1.623 11.773 11.911 11.918 11.116 0.148 0.000 0.000 0.000 0.000 0.000 0.000 0.000 0.000 0.000 0.000 0.000 0.000 0.000 0.000 0.000 0.000 0.000 0.000 0.000 0.000 0.000 0.000 0.000 0.000 0.000 0.000 0.000
10.049 10.056 4.601 10.071 0.000 2.398 10.366 10.403 10.375 6.486 10.549 10.548 0.000 10.691 10.707 10.780 10.803 10.811 10.819 10.914 6.064 10.968 10.975 7.766 10.871 0.000 6.201 11.198 11.149 7.990 0.000 11.287 11.317 11.388 11.401 11.411 6.715 11.158 1.806 11.608 11.623 8.209 5.293 4.456 12.041 2.734 10.949 0.000 0.000 0.000 0.000 0.000 0.000 0.000 0.000 0.000 0.000 0.000 0.000 0.000 0.000 0.000 0.000 0.000 0.000 0.000 0.000 0.000 0.000 0.000 0.000 0.000 0.000 0.000
0.000 0.000 10.229 10.244 10.230 9.749 0.000 7.789 10.398 2.794 10.637 10.564 5.872 10.673 3.805 10.743 7.361 10.801 10.911 10.931 10.947 10.961 11.034 11.042 0.000 10.561 2.334 11.209 0.000 9.353 4.077 11.276 10.882 11.159 3.915 11.445 11.490 11.502 8.054 11.626 11.663 11.695 11.680 3.233 12.065 0.000 10.975 0.000 0.000 0.000 0.000 0.000 0.000 0.000 0.000 0.000 0.000 0.000 0.000 0.000 0.000 0.000 0.000 0.000 0.000 0.000 0.000 0.000 0.000 0.000 0.000 0.000 0.000 0.000
0.000 10.222 10.241 10.252 0.000 9.934 1.859 10.470 4.896 10.640 10.646 5.752 10.651 0.000 10.793 10.812 10.833 10.846 10.860 10.870 10.934 10.935 3.598 11.072 11.097 4.079 11.199 11.218 11.257 11.250 8.945 0.000 4.909 9.427 11.292 11.276 11.331 11.568 11.580 11.669 11.691 11.713 11.773 2.423 12.073 0.000 11.010 0.000 0.000 0.000 0.000 0.000 0.000 0.000 0.000 0.000 0.000 0.000 0.000 0.000 0.000 0.000 0.000 0.000 0.000 0.000 0.000 0.000 0.000 0.000 0.000 0.000 0.000 0.000
0.000 9.951 0.000 10.275 10.332 1.904 10.439 10.566 10.572 10.647 10.653 10.715 10.727 10.737 10.745 10.766 10.835 10.843 10.875 10.878 10.968 10.936 10.943 0.000 11.129 11.176 11.187 8.050 11.264 0.000 11.302 7.700 7.225 11.230 11.303 11.389 11.344 11.373 11.602 11.633 11.663 11.761 11.792 11.953 12.080 12.087 5.711 0.000 0.000 0.000 0.000 0.000 0.000 0.000 0.000 0.000 0.000 0.000 0.000 0.000 0.000 0.000 0.000 0.000 0.000 0.000 0.000 0.000 0.000 0.000 0.000 0.000 0.000 0.000
3.256 9.989 0.000 10.281 10.385 10.395 0.000 10.559 0.000 10.635 10.647 6.105 10.722 10.734 10.772 10.738 0.000 10.905 10.914 7.236 10.985 7.425 10.990 11.024 4.516 11.135 4.702 9.913 11.292 4.976 11.380 11.354 4.102 11.386 11.387 11.403 11.368 7.221 6.667 8.676 5.557 10.860 6.907 4.399 2.466 12.091 12.148 0.000 0.000 0.000 0.000 0.000 0.000 0.000 0.000 0.000 0.000 0.000 0.000 0.000 0.000 0.000 0.000 0.000 0.000 0.000 0.000 0.000 0.000 0.000 0.000 0.000 0.000 0.000
9.998 10.011 0.000 10.278 10.297 10.404 10.457 10.485 9.558 7.599 10.676 10.684 10.719 10.728 10.788 10.796 10.901 10.930 10.958 10.982 10.417 11.049 9.523 11.032 9.044 8.053 11.192 11.125 11.300 11.270 6.730 11.451 5.326 11.400 9.532 11.417 8.474 8.633 8.755 11.741 11.759 11.752 11.175 8.805 10.424 3.034 12.159 12.165 0.000 0.000 0.000 0.000 0.000 0.000 0.000 0.000 0.000 0.000 0.000 0.000 0.000 0.000 0.000 0.000 0.000 0.000 0.000 0.000 0.000 0.000 0.000 0.000 0.000 0.000
10.011 9.613 10.246 10.262 1.859 10.341 10.426 4.240 10.494 3.283 3.283 10.714 10.672 10.692 10.791 10.798 10.894 10.804 10.860 10.971 7.689 11.103 11.116 11.129 11.139 11.148 11.177 5.041 11.326 11.347 0.000 11.458 11.552 11.564 11.606 11.612 11.650 11.655 11.650 7.867 11.824 11.834 10.992 11.884 11.860 9.838 7.286 12.268 12.186 12.127 0.000 0.000 0.000 0.000 0.000 0.000 0.000 0.000 0.000 0.000 0.000 0.000 0.000 0.000 0.000 0.000 0.000 0.000 0.000 0.000 0.000 0.000 0.000 0.000
10.018 10.031 10.234 10.251 5.003 10.361 10.386 10.359 0.000 10.708 10.715 10.722 10.728 10.773 10.782 10.788 10.922 10.947 10.967 10.986 11.000 11.037 11.115 11.141 11.119 11.182 11.143 11.214 4.438 11.354 11.416 11.427 11.495 11.578 11.598 10.672 11.653 11.696 10.885 11.795 11.811 11.843 11.871 11.915 11.938 2.932 5.420 12.277 2.688 12.112 4.291 0.000 0.000 0.000 0.000 0.000 0.000 0.000 0.000 0.000 0.000 0.000 0.000 0.000 0.000 0.000 0.000 0.000 0.000 0.000 0.000 0.000 0.000 0.000
10.005 2.856 10.220 10.220 5.873 10.355 10.362 10.353 0.000 10.617 10.591 9.574 1.681 7.540 5.033 10.780 10.778 10.865 10.878 9.383 10.994 11.029 8.317 11.154 1.594 11.221 11.219 11.228 11.212 2.756 6.129 0.000 11.470 11.461 11.516 11.495 9.624 11.702 11.792 11.800 11.821 11.834 7.620 11.928 11.948 0.000 6.815 12.285 12.293 8.514 0.000 0.000 0.000 0.000 0.000 0.000 0.000 0.000 0.000 0.000 0.000 0.000 0.000 0.000 0.000 0.000 0.000 0.000 0.000 0.000 0.000 0.000 0.000 0.000
9.967 0.000 10.188 10.171 5.515 10.291 10.353 10.340 5.180 4.065 10.587 2.735 10.509 0.000 10.761 10.770 10.865 10.874 10.950 10.980 10.997 8.238 7.492 11.167 8.287 11.231 11.127 11.159 4.474 9.045 5.425 10.603 11.465 2.568 0.000 0.000 6.404 11.699 11.741 0.000 11.764 9.287 6.038 11.978 12.010 12.018 1.228 2.506 12.301 12.309 0.000 0.000 0.000 0.000 0.000 0.000 0.000 0.000 0.000 0.000 0.000 0.000 0.000 0.000 0.000 0.000 0.000 0.000 0.000 0.000 0.000 0.000 0.000 0.000
9.932 0.000 10.179 2.566 10.234 10.284 10.335 10.321 1.363 10.513 10.577 10.572 10.537 0.000 3.516 10.759 7.650 10.868 10.875 10.998 11.016 11.039 11.167 11.186 11.232 11.240 11.273 11.281 11.298 11.346 11.368 11.423 11.437 11.430 11.430 8.610 8.033 11.693 11.629 11.672 11.760 11.771 11.785 10.549 12.014 12.039 0.000 11.383 5.821 12.317 0.000 0.000 0.000 0.000 0.000 0.000 0.000 0.000 0.000 0.000 0.000 0.000 0.000 0.000 0.000 0.000 0.000 0.000 0.000 0.000 0.000 0.000 0.000 0.000
6.500 0.000 10.167 3.057 10.203 10.259 10.246 0.000 10.420 5.480 10.562 10.467 0.000 10.390 1.607 2.860 10.847 10.857 10.865 10.193 11.001 2.453 0.000 11.211 11.233 11.238 11.266 11.264 0.000 11.343 7.410 2.057 0.000 0.000 2.676 11.637 11.641 11.687 11.636 11.667 0.000 11.760 11.772 4.801 12.039 12.049 7.153 3.967 6.247 12.325 0.000 0.000 0.000 0.000 0.000 0.000 0.000 0.000 0.000 0.000 0.000 0.000 0.000 0.000 0.000 0.000 0.000 0.000 0.000 0.000 0.000 0.000 0.000 0.000
3.657 2.201 10.130 0.000 7.014 10.248 8.119 10.273 4.644 10.420 5.040 2.871 10.462 4.943 10.601 10.588 0.000 8.548 4.033 4.922 10.949 10.724 7.665 0.000 5.806 0.000 3.398 0.000 3.803 11.318 1.016 11.190 11.257 11.275 11.265 0.000 11.637 8.483 0.000 6.264 8.701 11.747 8.610 11.983 12.021 12.062 12.083 8.808 2.240 12.333 0.000 0.000 0.000 0.000 0.000 0.000 0.000 0.000 0.000 0.000 0.000 0.000 0.000 0.000 0.000 0.000 0.000 0.000 0.000 0.000 0.000 0.000 0.000 0.000
5.036 10.090 10.111 3.627 10.167 4.017 8.042 10.282 10.299 10.356 0.000 7.180 10.469 10.475 10.619 8.292 10.702 10.716 0.000 10.952 11.006 11.014 4.516 11.029 0.000 3.546 11.197 11.214 11.118 6.225 11.194 2.106 5.147 11.288 11.276 0.000 11.611 11.602 0.000 1.711 11.398 0.000 11.924 11.969 6.052 12.071 12.092 0.000 12.251 12.341 0.000 0.000 0.000 0.000 0.000 0.000 0.000 0.000 0.000 0.000 0.000 0.000 0.000 0.000 0.000 0.000 0.000 0.000 0.000 0.000 0.000 0.000 0.000 0.000
0.000 10.079 10.102 10.046 0.000 0.000 10.238 3.417 10.373 10.367 4.904 4.622 10.461 4.922 10.632 4.564 0.000 10.715 10.719 10.728 11.014 11.026 11.035 11.042 11.062 11.192 11.206 11.222 11.230 11.252 11.262 11.273 11.297 11.307 11.258 2.369 11.601 3.570 11.269 0.000 11.511 7.307 11.918 9.621 11.915 12.091 12.099 12.094 12.148 12.349 0.000 0.000 0.000 0.000 0.000 0.000 0.000 0.000 0.000 0.000 0.000 0.000 0.000 0.000 0.000 0.000 0.000 0.000 0.000 0.000 0.000 0.000 0.000 0.000
0.000 10.047 10.013 0.000 0.000 10.173 10.248 3.417 10.380 1.378 4.040 6.768 4.223 10.633 10.643 10.652 10.712 10.722 10.732 3.872 10.963 6.027 11.025 9.939 3.925 11.177 11.212 11.220 11.252 11.261 11.285 11.295 11.308 11.315 0.000 3.668 0.000 4.521 5.844 11.373 0.000 11.485 0.000 11.905 11.913 8.927 12.121 12.133 12.139 12.356 0.000 0.000 0.000 0.000 0.000 0.000 0.000 0.000 0.000 0.000 0.000 0.000 0.000 0.000 0.000 0.000 0.000 0.000 0.000 0.000 0.000 0.000 0.000 0.000
0.000 0.000 0.000 0.000 10.150 10.247 5.298 10.458 10.386 10.394 4.459 7.509 3.591 10.607 2.803 8.711 10.655 10.736 10.739 4.694 10.937 6.576 10.813 6.588 0.000 11.164 11.119 3.448 0.000 0.000 0.000 0.000 0.000 11.320 11.409 11.320 11.313 4.148 6.301 7.401 11.749 0.000 7.511 11.913 11.928 5.730 12.108 12.144 12.154 12.364 0.000 0.000 0.000 0.000 0.000 0.000 0.000 0.000 0.000 0.000 0.000 0.000 0.000 0.000 0.000 0.000 0.000 0.000 0.000 0.000 0.000 0.000 0.000 0.000
0.000 0.000 0.000 0.000 2.931 10.209 3.110 10.467 2.237 2.990 5.402 10.572 10.605 10.617 5.282 10.688 10.699 10.740 10.773 10.782 10.924 10.842 10.732 3.459 11.011 8.747 10.146 11.028 10.983 11.077 7.660 10.986 11.158 3.085 11.421 11.339 11.315 4.232 11.620 11.628 11.761 11.774 0.000 3.891 12.007 12.019 12.092 12.130 0.756 12.371 12.376 0.000 0.000 0.000 0.000 0.000 0.000 0.000 0.000 0.000 0.000 0.000 0.000 0.000 0.000 0.000 0.000 0.000 0.000 0.000 0.000 0.000 0.000 0.000
0.000 0.000 0.000 0.000 2.091 0.000 10.467 10.474 10.480 10.491 10.515 10.522 10.627 10.637 10.646 10.641 10.713 10.735 8.780 8.346 10.878 10.873 10.892 4.585 10.996 2.365 11.130 0.000 0.000 11.136 11.077 0.000 4.070 7.956 11.430 7.476 0.000 11.541 11.612 7.753 0.000 11.785 11.794 11.798 8.284 9.968 11.978 12.129 3.962 12.164 12.390 0.000 0.000 0.000 0.000 0.000 0.000 0.000 0.000 0.000 0.000 0.000 0.000 0.000 0.000 0.000 0.000 0.000 0.000 0.000 0.000 0.000 0.000 0.000
0.000 0.000 0.000 0.000 0.000 0.000 10.438 3.570 7.977 3.961 6.267 9.198 10.615 8.570 10.671 10.687 10.702 10.710 10.717 10.726 10.734 10.863 10.861 10.934 5.525 4.555 11.138 11.168 11.156 11.146 3.212 0.000 11.419 11.442 11.494 11.506 11.546 11.561 11.569 11.463 0.000 1.824 7.238 11.908 11.914 6.045 12.119 12.145 12.154 12.183 12.398 0.000 0.000 0.000 0.000 0.000 0.000 0.000 0.000 0.000 0.000 0.000 0.000 0.000 0.000 0.000 0.000 0.000 0.000 0.000 0.000 0.000 0.000 0.000
0.000 0.000 0.000 0.000 0.000 0.000 0.000 3.334 10.307 10.328 3.053 10.578 10.618 10.628 10.638 10.646 10.680 10.692 10.707 5.820 5.485 3.598 10.817 10.821 11.062 11.078 11.128 11.176 0.759 0.000 4.037 0.000 11.381 11.393 7.610 11.440 11.529 11.506 11.555 5.960 4.836 3.646 2.316 0.000 12.039 12.047 12.120 12.134 12.144 9.243 12.403 12.444 0.000 0.000 0.000 0.000 0.000 0.000 0.000 0.000 0.000 0.000 0.000 0.000 0.000 0.000 0.000 0.000 0.000 0.000 0.000 0.000 0.000 0.000
0.000 0.000 0.000 0.000 0.000 0.000 0.000 0.000 0.000 10.385 4.052 5.781 10.571 10.618 7.989 10.651 10.660 10.631 10.691 3.942 10.589 3.633 5.372 10.960 11.031 11.052 6.405 11.184 0.000 11.201 11.182 0.000 6.585 11.381 4.124 10.490 11.520 11.518 11.547 11.484 11.606 11.621 11.675 7.724 11.336 12.039 6.983 12.120 12.133 4.074 6.433 12.454 0.000 0.000 0.000 0.000 0.000 0.000 0.000 0.000 0.000 0.000 0.000 0.000 0.000 0.000 0.000 0.000 0.000 0.000 0.000 0.000 0.000 0.000
0.000 0.000 0.000 0.000 0.000 0.000 0.000 0.000 0.000 0.000 10.447 10.502 8.413 10.607 2.182 10.643 5.817 2.474 3.167 10.681 2.729 10.825 5.615 10.994 11.010 10.996 4.465 11.194 11.207 11.222 0.000 0.000 11.347 11.359 6.958 11.424 11.510 11.489 11.491 11.490 11.549 11.442 0.000 5.599 11.942 11.245 12.106 2.120 12.012 0.725 7.173 12.463 0.000 0.000 0.000 0.000 0.000 0.000 0.000 0.000 0.000 0.000 0.000 0.000 0.000 0.000 0.000 0.000 0.000 0.000 0.000 0.000 0.000 0.000
0.000 0.000 0.000 0.000 0.000 0.000 0.000 0.000 0.000 0.000 0.000 2.690 4.374 3.934 0.000 10.587 10.599 4.622 10.754 5.100 10.828 10.832 10.947 10.974 10.989 7.586 4.284 11.187 11.205 11.266 11.273 11.294 11.307 11.346 11.354 7.245 11.430 6.429 11.429 6.169 11.537 11.522 11.529 11.480 3.611 3.282 10.050 12.309 0.000 0.000 0.000 12.471 0.000 0.000 0.000 0.000 0.000 0.000 0.000 0.000 0.000 0.000 0.000 0.000 0.000 0.000 0.000 0.000 0.000 0.000 0.000 0.000 0.000 0.000
0.000 0.000 0.000 0.000 0.000 0.000 0.000 0.000 0.000 0.000 0.000 0.000 0.000 0.000 10.574 10.582 4.882 2.495 10.763 10.770 10.835 10.843 10.856 7.631 4.783 11.124 3.440 11.182 11.187 4.469 6.521 11.278 11.298 6.087 7.559 4.966 11.422 11.400 11.421 11.431 3.508 11.504 11.540 11.598 0.977 0.668 3.049 12.385 12.393 12.401 0.622 12.479 0.000 0.000 0.000 0.000 0.000 0.000 0.000 0.000 0.000 0.000 0.000 0.000 0.000 0.000 0.000 0.000 0.000 0.000 0.000 0.000 0.000 0.000
0.000 0.000 0.000 0.000 0.000 0.000 0.000 0.000 0.000 0.000 0.000 0.000 0.000 0.000 1.954 10.575 10.572 2.034 10.755 1.950 10.829 6.488 5.326 5.946 11.124 11.129 11.153 11.159 10.052 0.000 11.240 5.139 11.312 7.503 11.336 11.397 11.413 11.366 5.878 11.438 11.505 11.512 1.844 11.609 11.724 5.671 6.830 12.366 3.457 12.474 12.479 12.486 12.490 0.000 0.000 0.000 0.000 0.000 0.000 0.000 12.184 0.000 0.000 0.000 0.000 0.000 0.000 0.000 0.000 0.000 0.000 0.000 0.000 0.000
0.000 0.000 0.000 0.000 0.000 0.000 0.000 0.000 0.000 0.000 0.000 0.000 0.000 0.000 0.000 0.000 4.457 3.883 10.741 3.123 3.746 8.290 10.849 8.901 5.986 11.122 11.121 11.133 11.133 0.000 8.322 11.276 11.300 11.311 6.375 3.227 3.604 3.267 11.348 5.393 6.693 11.530 11.535 11.549 11.504 0.000 2.830 12.267 3.848 12.034 4.543 12.470 12.520 12.525 12.532 12.538 0.000 0.000 12.254 12.240 12.190 0.000 0.000 0.000 0.000 0.000 0.000 0.000 0.000 0.000 0.000 0.000 0.000 0.000
0.000 0.000 0.000 0.000 0.000 0.000 0.000 0.000 0.000 0.000 0.000 0.000 0.000 0.000 0.000 0.000 0.000 10.680 10.716 0.000 10.799 1.393 10.856 10.984 11.095 11.107 11.117 11.125 11.123 11.174 3.397 5.145 4.825 0.000 11.353 11.360 11.359 8.267 7.225 11.470 11.448 0.000 11.566 11.555 9.587 0.000 0.000 4.524 11.997 12.011 11.977 5.075 4.394 12.474 8.112 12.557 12.565 12.578 12.265 8.309 12.175 0.000 0.000 0.000 0.000 0.000 0.000 0.000 0.000 0.000 0.000 0.000 0.000 0.000
0.000 0.000 0.000 0.000 0.000 0.000 0.000 0.000 0.000 0.000 0.000 0.000 0.000 0.000 0.000 0.000 0.000 0.000 10.697 4.114 10.809 0.000 10.859 10.909 11.063 11.086 11.106 11.117 11.112 1.279 11.303 11.319 0.000 11.329 11.361 11.365 11.364 11.377 2.587 11.480 11.435 7.657 11.573 11.560 11.619 11.629 4.949 7.888 1.229 11.995 4.356 2.780 12.359 12.409 12.314 4.195 12.591 12.587 11.595 12.516 3.780 0.000 0.000 0.000 0.000 0.000 0.000 0.000 0.000 0.000 0.000 0.000 0.000 0.000
0.000 0.000 0.000 0.000 0.000 0.000 0.000 0.000 0.000 0.000 0.000 0.000 0.000 0.000 0.000 0.000 0.000 0.000 0.000 2.593 10.822 10.742 10.854 10.861 10.902 7.511 11.070 11.105 11.033 2.238 11.307 11.324 11.344 11.352 11.365 11.370 11.384 11.382 11.488 11.497 0.000 11.626 11.617 10.988 11.588 3.444 6.125 7.718 3.353 11.813 3.603 12.154 12.169 5.149 7.653 12.590 12.599 12.595 12.552 12.523 11.051 11.475 0.000 0.000 0.000 0.000 0.000 0.000 0.000 0.000 0.000 0.000 0.000 11.974
