includes/lisflood/oleron/results/res.max
ncols         631
nrows         906
xllcorner     364927.146667
yllcorner     6531972.565556
cellsize      20.000000
NODATA_value  -9999.000000
[rows 170 to 203 of 906, columns 462 to 538 of 631]
5.641 5.649 5.658 5.685 5.714 5.743 5.771 5.800 5.829 5.858 5.887 5.916 5.945 5.974 5.991 6.010 6.079 6.149 6.219 6.289 6.345 6.400 6.454 6.508 6.563 6.617 6.671 6.792 7.011 7.230 7.448 7.666 7.822 7.977 8.133 8.288 8.444 8.599 8.755 9.011 9.312 9.613 9.915 10.216 10.517 10.819 11.120 11.421 11.615 11.809 12.003 12.008 11.905 11.802 11.722 11.709 11.696 11.683 11.670 11.657 11.644 11.632 11.619 11.574 11.518 11.461 11.404 11.347 11.290 11.233 11.216 11.274 11.332 11.390 11.433 11.405 11.377
5.586 5.595 5.603 5.625 5.654 5.683 5.712 5.741 5.770 5.799 5.828 5.857 5.886 5.905 5.921 5.938 5.992 6.062 6.132 6.202 6.271 6.341 6.411 6.465 6.520 6.574 6.629 6.724 6.943 7.161 7.351 7.507 7.662 7.818 7.973 8.129 8.284 8.440 8.595 8.841 9.142 9.444 9.745 10.046 10.348 10.649 10.950 11.252 11.553 11.839 12.033 12.045 11.948 11.936 11.923 11.910 11.897 11.884 11.871 11.858 11.845 11.832 11.819 11.775 11.718 11.661 11.604 11.547 11.490 11.434 11.377 11.320 11.353 11.411 11.452 11.424 11.396
5.532 5.540 5.549 5.566 5.595 5.624 5.652 5.681 5.710 5.739 5.768 5.797 5.818 5.835 5.851 5.868 5.906 5.975 6.045 6.115 6.185 6.254 6.324 6.394 6.464 6.531 6.586 6.656 6.874 7.036 7.192 7.347 7.503 7.658 7.814 7.969 8.124 8.280 8.435 8.671 8.973 9.274 9.575 9.877 10.178 10.479 10.781 11.082 11.384 11.685 11.986 12.162 12.149 12.136 12.123 12.110 12.097 12.084 12.071 12.058 12.045 12.032 12.019 11.975 11.918 11.861 11.805 11.748 11.691 11.634 11.577 11.520 11.464 11.432 11.470 11.442 11.406
5.477 5.486 5.494 5.506 5.535 5.564 5.593 5.622 5.651 5.680 5.709 5.731 5.748 5.765 5.781 5.798 5.819 5.889 5.958 6.028 6.098 6.168 6.237 6.307 6.377 6.447 6.516 6.594 6.722 6.877 7.032 7.188 7.343 7.499 7.654 7.809 7.965 8.120 8.276 8.502 8.803 9.104 9.406 9.707 10.008 10.310 10.611 10.912 11.214 11.518 11.825 12.071 12.270 12.336 12.323 12.310 12.297 12.284 12.271 12.258 12.245 12.232 12.219 12.176 12.119 12.062 12.005 11.948 11.891 11.834 11.778 11.721 11.664 11.608 11.511 11.446 11.411
5.423 5.431 5.440 5.448 5.476 5.504 5.533 5.562 5.591 5.620 5.645 5.661 5.678 5.695 5.711 5.728 5.745 5.802 5.872 5.941 6.011 6.081 6.150 6.220 6.290 6.360 6.448 6.544 6.644 6.744 6.873 7.028 7.184 7.339 7.494 7.650 7.805 7.961 8.116 8.332 8.633 8.935 9.236 9.537 9.839 10.140 10.441 10.744 11.050 11.357 11.664 11.913 12.112 12.311 12.510 12.511 12.498 12.485 12.472 12.459 12.446 12.433 12.420 12.376 12.319 12.262 12.205 12.149 12.092 12.035 11.978 11.921 11.836 11.743 11.644 11.529 11.415
5.368 5.377 5.385 5.394 5.416 5.445 5.474 5.503 5.532 5.558 5.575 5.591 5.608 5.625 5.641 5.658 5.675 5.715 5.785 5.854 5.924 5.994 6.064 6.133 6.204 6.300 6.397 6.494 6.593 6.693 6.794 6.894 7.024 7.179 7.335 7.490 7.646 7.801 7.956 8.162 8.464 8.765 9.066 9.368 9.669 9.970 10.276 10.583 10.889 11.196 11.503 11.755 11.954 12.153 12.352 12.551 12.698 12.685 12.672 12.659 12.646 12.633 12.620 12.576 12.520 12.463 12.406 12.349 12.292 12.235 12.156 12.062 11.969 11.875 11.777 11.662 11.547
5.314 5.322 5.331 5.339 5.356 5.385 5.414 5.443 5.471 5.488 5.505 5.521 5.538 5.555 5.571 5.588 5.605 5.628 5.698 5.768 5.837 5.907 5.977 6.057 6.153 6.250 6.347 6.443 6.543 6.643 6.743 6.843 6.943 7.044 7.175 7.331 7.486 7.641 7.797 7.993 8.294 8.595 8.897 9.198 9.502 9.809 10.115 10.422 10.728 11.035 11.342 11.597 11.796 11.995 12.194 12.393 12.592 12.792 12.872 12.859 12.846 12.833 12.820 12.777 12.720 12.663 12.606 12.549 12.477 12.383 12.289 12.195 12.101 12.008 11.910 11.795 11.680
5.259 5.268 5.276 5.284 5.297 5.326 5.355 5.384 5.401 5.418 5.435 5.451 5.468 5.485 5.501 5.518 5.535 5.551 5.611 5.681 5.750 5.820 5.910 6.007 6.103 6.200 6.296 6.393 6.492 6.592 6.692 6.793 6.893 6.993 7.093 7.193 7.326 7.482 7.637 7.823 8.125 8.426 8.728 9.034 9.341 9.648 9.954 10.261 10.568 10.874 11.181 11.439 11.638 11.837 12.036 12.235 12.434 12.633 12.833 13.032 13.047 13.034 13.021 12.977 12.920 12.864 12.797 12.703 12.609 12.515 12.421 12.328 12.234 12.140 12.042 11.928 11.813
5.204 5.213 5.221 5.230 5.238 5.266 5.295 5.315 5.331 5.348 5.365 5.381 5.398 5.415 5.431 5.448 5.465 5.481 5.524 5.594 5.666 5.763 5.859 5.956 6.053 6.149 6.246 6.342 6.441 6.542 6.642 6.742 6.842 6.942 7.043 7.143 7.243 7.343 7.477 7.654 7.955 8.261 8.567 8.874 9.180 9.487 9.793 10.100 10.407 10.713 11.020 11.281 11.480 11.679 11.878 12.077 12.276 12.476 12.675 12.874 13.073 13.234 13.221 13.178 13.118 13.024 12.930 12.836 12.742 12.648 12.554 12.460 12.367 12.273 12.175 12.060 11.946
5.213 5.194 5.174 5.175 5.184 5.207 5.228 5.245 5.261 5.278 5.295 5.311 5.328 5.345 5.361 5.378 5.395 5.411 5.437 5.519 5.616 5.712 5.809 5.906 6.002 6.099 6.195 6.292 6.391 6.491 6.591 6.691 6.792 6.892 6.992 7.092 7.192 7.292 7.393 7.492 7.793 8.100 8.406 8.713 9.019 9.326 9.633 9.939 10.246 10.552 10.859 11.123 11.322 11.521 11.720 11.919 12.118 12.317 12.517 12.716 12.915 13.114 13.313 13.344 13.250 13.156 13.062 12.969 12.875 12.781 12.687 12.593 12.499 12.406 12.308 12.193 12.078
5.222 5.203 5.183 5.164 5.145 5.143 5.162 5.181 5.201 5.220 5.239 5.258 5.277 5.296 5.315 5.334 5.353 5.372 5.398 5.469 5.565 5.662 5.759 5.855 5.952 6.048 6.145 6.242 6.340 6.440 6.540 6.641 6.741 6.841 6.941 7.041 7.142 7.235 7.292 7.362 7.651 7.940 8.246 8.552 8.859 9.165 9.472 9.778 10.085 10.392 10.698 10.965 11.164 11.363 11.562 11.761 11.960 12.160 12.359 12.558 12.757 13.023 13.325 13.403 13.371 13.289 13.195 13.101 13.007 12.913 12.820 12.726 12.632 12.538 12.441 12.326 12.211
5.231 5.211 5.192 5.170 5.140 5.135 5.151 5.170 5.189 5.208 5.227 5.246 5.265 5.285 5.304 5.323 5.342 5.361 5.395 5.463 5.531 5.611 5.708 5.805 5.901 5.998 6.094 6.191 6.289 6.390 6.490 6.590 6.690 6.790 6.891 6.991 7.055 7.111 7.168 7.232 7.521 7.810 8.100 8.391 8.698 9.004 9.311 9.618 9.924 10.231 10.537 10.807 11.006 11.205 11.404 11.603 11.803 12.002 12.201 12.441 12.743 13.044 13.346 13.432 13.400 13.368 13.328 13.234 13.140 13.046 12.952 12.858 12.764 12.671 12.574 12.459 12.344
5.240 5.220 5.191 5.161 5.131 5.129 5.143 5.159 5.178 5.197 5.216 5.235 5.254 5.273 5.292 5.311 5.330 5.349 5.392 5.460 5.528 5.596 5.664 5.754 5.851 5.948 6.044 6.141 6.239 6.339 6.439 6.539 6.640 6.740 6.817 6.874 6.931 6.987 7.044 7.102 7.391 7.680 7.969 8.259 8.548 8.844 9.150 9.457 9.763 10.070 10.376 10.649 10.848 11.047 11.247 11.446 11.644 11.859 12.160 12.462 12.764 13.066 13.367 13.461 13.429 13.396 13.364 13.332 13.273 13.179 13.085 12.991 12.897 12.804 12.707 12.592 12.477
5.241 5.211 5.181 5.151 5.121 5.124 5.137 5.151 5.166 5.185 5.204 5.223 5.242 5.262 5.281 5.300 5.319 5.338 5.389 5.457 5.525 5.593 5.661 5.729 5.800 5.897 5.994 6.090 6.188 6.288 6.389 6.489 6.580 6.637 6.694 6.750 6.807 6.864 6.920 6.977 7.261 7.550 7.839 8.129 8.418 8.707 8.996 9.296 9.603 9.909 10.216 10.492 10.690 10.890 11.088 11.287 11.578 11.880 12.182 12.483 12.785 13.087 13.389 13.490 13.457 13.425 13.393 13.361 13.329 13.297 13.218 13.124 13.030 12.936 12.839 12.724 12.610
5.231 5.201 5.171 5.141 5.111 5.118 5.132 5.145 5.159 5.174 5.193 5.212 5.231 5.250 5.269 5.288 5.307 5.326 5.386 5.454 5.522 5.590 5.658 5.726 5.794 5.862 5.943 6.040 6.138 6.238 6.338 6.399 6.456 6.513 6.570 6.627 6.683 6.740 6.797 6.853 7.131 7.420 7.709 7.998 8.288 8.577 8.866 9.155 9.445 9.748 10.055 10.334 10.533 10.732 10.996 11.298 11.600 11.901 12.203 12.505 12.806 13.108 13.410 13.518 13.486 13.454 13.422 13.390 13.358 13.325 13.293 13.256 13.162 13.069 12.972 12.857 12.742
5.221 5.191 5.161 5.131 5.101 5.112 5.126 5.140 5.153 5.167 5.181 5.200 5.220 5.239 5.258 5.277 5.296 5.316 5.383 5.451 5.519 5.587 5.655 5.723 5.791 5.859 5.927 5.995 6.087 6.162 6.219 6.276 6.332 6.389 6.446 6.503 6.559 6.616 6.673 6.730 7.001 7.290 7.579 7.868 8.158 8.447 8.736 9.025 9.315 9.604 9.894 10.176 10.414 10.716 11.018 11.319 11.621 11.922 12.224 12.526 12.828 13.129 13.431 13.547 13.515 13.483 13.451 13.419 13.386 13.354 13.322 13.290 13.258 13.202 13.105 12.990 12.853
5.211 5.181 5.151 5.121 5.092 5.106 5.120 5.134 5.148 5.161 5.175 5.189 5.208 5.227 5.246 5.265 5.285 5.313 5.380 5.448 5.516 5.584 5.652 5.720 5.788 5.856 5.924 5.970 6.002 6.038 6.095 6.152 6.209 6.265 6.322 6.379 6.436 6.492 6.549 6.606 6.871 7.160 7.449 7.738 8.027 8.317 8.606 8.895 9.184 9.474 9.758 10.044 10.436 10.737 11.039 11.341 11.642 11.944 12.245 12.547 12.849 13.151 13.452 13.576 13.544 13.512 13.480 13.447 13.415 13.383 13.351 13.319 13.287 13.255 13.218 13.079 12.937
5.201 5.171 5.141 5.111 5.087 5.100 5.114 5.128 5.142 5.155 5.169 5.183 5.197 5.216 5.235 5.254 5.273 5.310 5.377 5.445 5.513 5.581 5.649 5.717 5.785 5.824 5.855 5.887 5.919 5.952 5.985 6.028 6.085 6.142 6.198 6.255 6.312 6.369 6.425 6.482 6.741 7.030 7.319 7.608 7.897 8.187 8.476 8.765 9.054 9.309 9.558 9.840 10.272 10.704 11.060 11.362 11.663 11.965 12.267 12.568 12.870 13.172 13.474 13.605 13.573 13.541 13.509 13.476 13.444 13.412 13.380 13.348 13.320 13.306 13.283 13.151 13.020
5.191 5.161 5.131 5.101 5.081 5.095 5.108 5.122 5.136 5.150 5.164 5.177 5.191 5.205 5.223 5.242 5.262 5.307 5.375 5.442 5.510 5.578 5.645 5.677 5.709 5.741 5.772 5.804 5.836 5.869 5.902 5.935 5.967 6.018 6.075 6.131 6.188 6.245 6.302 6.358 6.610 6.900 7.189 7.478 7.767 8.056 8.346 8.611 8.860 9.110 9.359 9.636 10.068 10.500 10.931 11.363 11.685 11.986 12.288 12.590 12.892 13.193 13.495 13.634 13.602 13.570 13.537 13.505 13.473 13.441 13.409 13.394 13.380 13.366 13.347 13.215 13.084
5.181 5.151 5.121 5.091 5.075 5.089 5.103 5.116 5.130 5.144 5.158 5.172 5.185 5.199 5.213 5.231 5.250 5.304 5.372 5.439 5.499 5.530 5.562 5.594 5.626 5.658 5.689 5.721 5.753 5.786 5.819 5.852 5.884 5.917 5.951 6.008 6.064 6.121 6.178 6.234 6.480 6.770 7.059 7.348 7.637 7.913 8.162 8.412 8.661 8.910 9.160 9.432 9.864 10.296 10.727 11.159 11.591 12.008 12.309 12.611 12.913 13.214 13.516 13.663 13.631 13.598 13.566 13.534 13.502 13.483 13.468 13.454 13.440 13.425 13.411 13.280 13.148
5.171 5.141 5.111 5.081 5.069 5.083 5.097 5.110 5.124 5.138 5.152 5.166 5.179 5.193 5.207 5.221 5.239 5.301 5.352 5.384 5.416 5.447 5.479 5.511 5.543 5.575 5.606 5.638 5.670 5.703 5.736 5.769 5.801 5.834 5.867 5.900 5.940 5.997 6.054 6.111 6.350 6.639 6.929 7.215 7.464 7.714 7.963 8.212 8.462 8.711 8.960 9.228 9.660 10.092 10.523 10.955 11.387 11.818 12.250 12.632 12.934 13.236 13.538 13.692 13.659 13.627 13.595 13.571 13.556 13.542 13.528 13.513 13.499 13.485 13.471 13.344 13.213
5.161 5.131 5.101 5.071 5.063 5.077 5.091 5.105 5.119 5.132 5.146 5.160 5.174 5.188 5.201 5.215 5.233 5.237 5.269 5.301 5.333 5.364 5.396 5.428 5.460 5.492 5.523 5.555 5.587 5.620 5.653 5.686 5.718 5.751 5.784 5.817 5.850 5.882 5.930 5.987 6.220 6.509 6.767 7.016 7.265 7.514 7.764 8.013 8.262 8.511 8.761 9.025 9.456 9.888 10.319 10.751 11.183 11.614 12.046 12.478 12.909 13.257 13.559 13.721 13.688 13.659 13.645 13.630 13.616 13.602 13.587 13.573 13.559 13.544 13.531 13.408 13.277
5.151 5.121 5.091 5.061 5.058 5.071 5.085 5.099 5.113 5.127 5.140 5.154 5.168 5.182 5.203 5.224 5.241 5.211 5.186 5.218 5.250 5.281 5.313 5.345 5.377 5.408 5.440 5.472 5.504 5.537 5.570 5.603 5.635 5.668 5.701 5.734 5.766 5.799 5.832 5.865 6.069 6.318 6.567 6.816 7.066 7.315 7.564 7.813 8.063 8.312 8.561 8.821 9.252 9.684 10.115 10.547 10.979 11.410 11.842 12.274 12.706 13.137 13.569 13.749 13.733 13.719 13.704 13.690 13.676 13.661 13.647 13.633 13.618 13.604 13.590 13.472 13.341
5.141 5.111 5.081 5.051 5.052 5.066 5.079 5.093 5.107 5.121 5.135 5.152 5.173 5.194 5.214 5.235 5.249 5.219 5.189 5.159 5.167 5.198 5.230 5.262 5.294 5.325 5.357 5.389 5.421 5.454 5.487 5.520 5.552 5.585 5.618 5.651 5.683 5.716 5.755 5.804 5.937 6.119 6.368 6.617 6.866 7.116 7.365 7.614 7.863 8.112 8.362 8.617 9.048 9.480 9.911 10.343 10.775 11.206 11.638 12.070 12.501 12.933 13.357 13.674 13.792 13.778 13.764 13.749 13.735 13.721 13.706 13.692 13.678 13.664 13.650 13.537 13.405
5.131 5.101 5.071 5.041 5.046 5.060 5.074 5.087 5.101 5.121 5.142 5.163 5.184 5.205 5.226 5.247 5.257 5.227 5.197 5.167 5.137 5.115 5.147 5.179 5.211 5.242 5.274 5.306 5.338 5.371 5.404 5.437 5.469 5.502 5.535 5.568 5.604 5.653 5.701 5.750 5.882 6.047 6.213 6.418 6.667 6.916 7.165 7.415 7.664 7.913 8.162 8.413 8.844 9.276 9.707 10.139 10.571 11.002 11.434 11.866 12.293 12.712 13.130 13.457 13.599 13.741 13.823 13.809 13.795 13.780 13.766 13.752 13.737 13.723 13.709 13.601 13.469
5.111 5.090 5.061 5.031 5.040 5.054 5.069 5.090 5.111 5.132 5.153 5.174 5.195 5.216 5.237 5.258 5.264 5.235 5.205 5.175 5.145 5.115 5.085 5.096 5.128 5.159 5.191 5.223 5.255 5.288 5.321 5.353 5.386 5.419 5.453 5.501 5.550 5.599 5.648 5.697 5.827 5.992 6.158 6.324 6.490 6.717 6.966 7.215 7.464 7.714 7.963 8.212 8.640 9.072 9.503 9.935 10.367 10.798 11.229 11.648 12.066 12.485 12.903 13.239 13.381 13.523 13.665 13.807 13.854 13.840 13.826 13.812 13.797 13.783 13.769 13.665 13.534
5.088 5.066 5.045 5.021 5.039 5.060 5.080 5.101 5.122 5.143 5.164 5.185 5.206 5.227 5.248 5.269 5.272 5.242 5.213 5.183 5.153 5.123 5.093 5.063 5.045 5.076 5.108 5.140 5.172 5.205 5.238 5.270 5.303 5.350 5.399 5.448 5.497 5.546 5.594 5.643 5.772 5.937 6.103 6.269 6.435 6.601 6.766 7.016 7.265 7.514 7.764 8.013 8.436 8.868 9.299 9.731 10.163 10.584 11.003 11.421 11.840 12.258 12.677 13.022 13.164 13.306 13.448 13.590 13.732 13.874 13.885 13.871 13.856 13.843 13.828 13.730 13.598
5.065 5.043 5.039 5.042 5.051 5.071 5.092 5.113 5.133 5.154 5.175 5.196 5.217 5.238 5.259 5.280 5.280 5.250 5.221 5.191 5.161 5.131 5.101 5.071 5.042 5.012 5.025 5.057 5.089 5.122 5.155 5.199 5.248 5.297 5.346 5.394 5.443 5.492 5.541 5.590 5.717 5.882 6.048 6.214 6.380 6.546 6.711 6.877 7.066 7.315 7.564 7.813 8.232 8.664 9.096 9.521 9.939 10.357 10.776 11.194 11.613 12.031 12.450 12.804 12.946 13.088 13.230 13.372 13.514 13.656 13.798 13.931 13.916 13.902 13.888 13.794 13.662
5.060 5.062 5.065 5.069 5.078 5.088 5.103 5.124 5.145 5.166 5.186 5.207 5.228 5.249 5.270 5.291 5.288 5.258 5.228 5.199 5.169 5.139 5.109 5.079 5.050 5.020 4.990 4.974 5.006 5.048 5.097 5.146 5.194 5.243 5.292 5.341 5.390 5.439 5.488 5.536 5.662 5.827 5.993 6.159 6.325 6.491 6.656 6.822 6.988 7.154 7.365 7.614 8.028 8.457 8.875 9.294 9.712 10.131 10.549 10.967 11.386 11.804 12.223 12.587 12.729 12.871 13.013 13.155 13.297 13.439 13.580 13.722 13.864 13.962 13.947 13.858 13.729
5.086 5.089 5.091 5.095 5.105 5.115 5.125 5.135 5.156 5.177 5.198 5.219 5.239 5.260 5.281 5.302 5.296 5.266 5.236 5.207 5.177 5.147 5.117 5.087 5.057 5.027 4.998 4.977 4.966 4.994 5.043 5.092 5.141 5.190 5.239 5.287 5.336 5.385 5.434 5.483 5.607 5.772 5.938 6.104 6.270 6.436 6.601 6.767 6.933 7.099 7.265 7.431 7.812 8.230 8.648 9.067 9.485 9.904 10.322 10.741 11.159 11.578 11.996 12.369 12.511 12.653 12.795 12.937 13.079 13.221 13.363 13.505 13.647 13.789 13.931 13.942 13.841
5.112 5.115 5.118 5.122 5.132 5.142 5.152 5.161 5.171 5.188 5.209 5.230 5.251 5.272 5.292 5.313 5.304 5.274 5.244 5.214 5.185 5.155 5.125 5.095 5.065 5.044 5.033 5.022 5.011 5.002 4.992 5.039 5.088 5.136 5.185 5.234 5.283 5.332 5.381 5.429 5.552 5.717 5.883 6.049 6.215 6.381 6.546 6.712 6.878 7.044 7.201 7.353 7.663 8.003 8.422 8.840 9.258 9.677 10.095 10.514 10.932 11.351 11.769 12.152 12.294 12.436 12.578 12.720 12.861 13.003 13.145 13.287 13.429 13.582 13.756 13.856 13.891
5.139 5.141 5.144 5.149 5.159 5.169 5.178 5.188 5.198 5.208 5.220 5.241 5.262 5.283 5.304 5.325 5.312 5.282 5.252 5.222 5.192 5.163 5.133 5.112 5.100 5.089 5.078 5.067 5.057 5.047 5.037 5.027 5.034 5.083 5.132 5.181 5.229 5.278 5.327 5.376 5.497 5.663 5.828 5.994 6.160 6.326 6.491 6.657 6.817 6.970 7.123 7.276 7.581 7.916 8.251 8.613 9.032 9.450 9.869 10.287 10.706 11.124 11.542 11.934 12.076 12.218 12.360 12.502 12.644 12.786 12.928 13.070 13.243 13.417 13.591 13.700 13.736
5.165 5.168 5.170 5.176 5.186 5.196 5.205 5.215 5.225 5.235 5.245 5.254 5.273 5.294 5.315 5.336 5.320 5.290 5.260 5.230 5.200 5.179 5.168 5.157 5.146 5.135 5.123 5.112 5.102 5.092 5.082 5.072 5.062 5.052 5.078 5.127 5.176 5.225 5.274 5.323 5.442 5.608 5.773 5.939 6.105 6.271 6.434 6.587 6.740 6.892 7.045 7.198 7.500 7.835 8.170 8.505 8.840 9.223 9.642 10.060 10.479 10.897 11.316 11.717 11.859 12.001 12.143 12.285 12.427 12.568 12.731 12.904 13.078 13.251 13.425 13.545 13.580
5.191 5.194 5.197 5.203 5.213 5.222 5.232 5.242 5.252 5.262 5.271 5.281 5.291 5.305 5.326 5.347 5.327 5.298 5.268 5.246 5.235 5.224 5.213 5.202 5.191 5.180 5.169 5.157 5.147 5.137 5.127 5.117 5.107 5.098 5.088 5.078 5.123 5.172 5.220 5.269 5.387 5.553 5.718 5.884 6.050 6.203 6.356 6.509 6.662 6.815 6.968 7.121 7.418 7.753 8.088 8.423 8.758 9.093 9.429 9.833 10.252 10.670 11.089 11.499 11.641 11.783 11.925 12.067 12.218 12.392 12.565 12.739 12.912 13.086 13.260 13.389 13.424
