includes/lisflood/oleron/results/res.totaltm
ncols         631
nrows         906
xllcorner     364927.146667
yllcorner     6531972.565556
cellsize      20.000000
NODATA_value  -9999.000000
[rows 660 to 692 of 906, columns 444 to 517 of 631]
8.072 0.000 0.000 0.000 0.000 0.000 8.149 8.248 8.330 13.855 13.871 8.473 13.896 9.216 13.923 13.928 10.516 13.944 8.677 13.971 11.539 13.402 13.995 8.632 9.004 9.109 14.083 9.694 12.087 14.171 10.061 14.500 14.500 9.571 14.500 14.500 10.741 9.256 14.100 14.087 8.982 9.724 13.862 14.111 10.854 14.135 9.362 14.169 9.283 12.037 10.303 14.378 13.997 13.663 13.399 13.183 13.084 13.109 13.837 14.500 14.500 14.500 14.500 14.500 14.500 14.500 14.500 14.500 14.500 14.500 14.500 14.500 14.500 14.500
11.973 11.962 0.000 8.196 13.796 8.603 8.683 8.298 8.626 13.865 8.889 8.921 13.911 13.917 13.923 9.604 13.942 13.955 10.226 10.684 13.989 13.205 9.351 9.165 11.111 8.977 8.952 9.156 9.219 9.215 11.305 9.156 14.500 14.500 14.500 9.767 12.479 10.868 11.573 9.047 9.170 11.630 12.407 9.228 14.137 9.059 14.159 14.194 9.766 12.084 12.750 14.390 13.884 13.862 13.820 13.778 13.787 13.936 14.500 14.500 14.500 14.500 14.500 14.500 14.500 14.500 14.500 14.500 14.500 14.500 14.500 14.500 14.500 14.500
11.981 11.973 0.000 7.801 8.107 13.829 9.273 9.591 13.855 13.868 9.078 8.265 10.066 8.925 13.931 13.938 13.951 9.049 9.097 9.046 13.712 8.644 10.111 9.177 14.027 9.063 9.992 14.111 14.153 14.168 14.196 14.500 14.500 14.500 14.500 10.337 9.248 9.155 14.092 14.500 9.531 12.115 14.138 14.146 11.026 9.430 9.290 14.171 14.192 9.092 9.795 9.707 13.144 13.266 13.562 13.676 13.831 14.500 14.500 14.500 14.500 14.500 14.500 14.500 14.500 14.500 14.500 14.500 14.500 14.500 14.500 14.500 14.500 14.500
8.473 11.972 0.000 8.250 8.085 8.136 13.848 9.240 8.737 13.156 8.503 11.868 13.918 13.924 13.934 13.096 13.960 9.449 9.522 12.019 14.003 14.009 14.014 14.024 14.039 12.495 14.074 14.083 14.110 14.500 11.118 10.701 9.465 14.500 9.301 11.601 11.505 12.400 11.416 14.116 9.084 9.326 9.794 12.877 13.397 9.696 9.285 9.502 9.785 9.711 11.236 11.357 12.558 12.704 13.089 13.429 13.803 14.500 14.500 14.500 14.500 14.500 14.500 14.500 14.500 14.500 14.500 14.500 14.500 14.500 14.500 14.500 14.500 14.500
12.002 0.000 0.000 13.798 9.209 8.897 8.334 13.871 13.876 13.881 13.719 11.386 13.670 13.928 9.812 13.956 13.965 13.970 13.980 13.987 10.479 14.007 9.983 11.239 14.038 14.046 14.056 14.072 9.194 14.118 9.150 14.158 14.073 14.191 10.389 9.618 11.934 11.346 14.120 9.242 9.348 9.797 9.746 14.500 14.198 9.645 14.500 9.469 10.118 10.017 11.511 11.559 12.123 12.514 12.459 13.029 14.500 14.500 14.500 14.500 14.500 14.500 14.500 14.500 14.500 14.500 14.500 14.500 14.500 14.500 14.500 14.500 14.500 14.500
7.559 0.000 8.281 8.166 8.276 9.207 13.854 9.057 13.880 9.533 13.903 13.908 13.866 13.935 13.939 13.950 13.956 13.967 8.866 13.991 14.000 14.006 13.111 8.947 9.037 9.516 11.355 9.281 10.226 14.109 14.109 12.206 9.677 14.500 9.563 10.681 14.113 14.120 9.307 10.840 14.158 14.164 9.844 9.761 14.196 13.801 12.023 14.374 9.538 9.495 9.646 11.627 12.019 12.476 12.634 13.506 14.500 14.500 14.500 14.500 14.500 14.500 14.500 14.500 14.500 14.500 14.500 14.500 14.500 14.500 14.500 14.500 14.500 14.500
12.001 0.000 8.271 13.831 9.427 8.257 8.308 13.000 8.502 13.898 8.301 13.919 9.189 13.930 8.728 13.953 11.002 13.970 13.980 13.996 9.832 9.817 14.027 9.555 9.843 10.431 14.064 14.500 14.082 14.092 14.092 10.528 9.180 14.500 14.500 13.623 14.082 9.960 14.140 9.334 12.443 9.581 14.500 10.242 13.871 9.463 9.866 14.262 14.315 14.500 14.500 14.500 14.500 14.500 14.500 14.500 14.500 14.500 14.500 14.500 14.500 14.500 14.500 14.500 14.500 14.500 14.500 14.500 14.500 14.500 14.500 14.500 14.500 14.500
0.000 0.000 8.566 8.405 13.852 8.373 8.429 10.192 8.945 13.907 13.917 13.924 10.348 8.829 13.946 8.825 8.809 13.971 13.978 12.783 8.769 10.946 14.026 14.032 9.065 12.080 14.500 14.500 14.073 10.116 14.084 14.091 14.098 14.120 13.296 14.015 11.984 14.140 9.915 14.175 14.195 14.500 14.500 14.247 14.500 14.500 9.593 14.500 14.500 14.500 14.500 14.500 14.500 14.500 14.500 14.500 14.500 14.500 14.500 14.500 14.500 14.500 14.500 14.500 14.500 14.500 14.500 14.500 14.500 14.500 14.500 14.500 14.500 14.500
7.167 8.056 8.334 13.023 9.805 8.433 9.149 13.889 9.797 13.908 8.713 8.969 10.823 9.753 9.718 9.728 13.971 13.976 13.984 8.573 8.901 14.019 14.031 9.872 14.048 14.054 14.500 14.500 14.500 11.997 9.897 14.092 14.098 14.108 14.114 14.123 10.945 14.148 14.156 13.477 10.403 14.500 14.500 13.762 9.491 13.109 14.500 14.500 9.657 12.296 12.606 12.850 13.217 14.006 14.500 14.500 14.500 14.500 14.478 14.405 14.303 14.248 14.178 14.201 14.500 14.500 14.500 14.500 14.500 14.500 14.500 14.500 14.500 14.500
13.820 13.837 8.404 9.925 11.485 13.877 8.519 8.648 13.258 13.922 13.928 11.349 13.944 13.728 13.873 13.969 13.975 13.984 13.991 9.742 8.873 14.026 14.033 14.041 14.048 14.062 9.511 9.614 14.095 9.781 14.105 9.620 10.344 10.278 14.116 9.699 13.530 9.738 10.489 14.168 14.500 14.224 10.272 14.500 14.500 14.500 14.500 14.500 9.716 12.480 12.720 12.996 13.559 14.400 14.500 14.500 14.500 14.420 14.199 14.045 13.909 13.766 13.709 13.728 13.842 14.422 14.500 14.500 14.500 14.500 14.500 14.500 14.500 14.500
13.835 10.839 11.601 9.354 10.899 8.559 8.872 13.908 11.598 13.922 9.311 11.327 13.944 9.493 10.344 13.971 13.981 8.940 14.002 14.010 14.021 14.030 14.039 8.866 10.442 14.075 10.187 9.469 14.106 14.109 12.434 10.748 14.111 14.122 14.122 10.157 10.170 14.149 9.771 14.176 11.481 14.500 14.239 12.322 9.445 9.552 11.431 12.158 12.635 12.654 12.847 13.319 14.001 14.500 14.500 14.500 14.451 14.303 13.779 13.559 13.418 13.347 13.296 13.299 13.411 13.560 14.400 14.500 14.500 14.500 14.500 14.500 14.500 14.500
10.536 11.495 13.869 11.334 13.890 13.880 13.908 13.913 13.919 13.927 13.933 10.323 13.946 13.956 8.757 13.982 13.987 12.800 14.010 14.020 14.028 12.920 14.049 14.061 14.072 13.350 13.965 14.500 14.118 9.795 11.492 14.125 14.500 10.406 9.551 14.500 10.183 10.552 14.165 14.165 9.686 11.625 9.560 10.481 12.996 14.500 9.698 12.295 12.609 9.742 13.166 13.765 14.350 14.493 14.481 14.406 14.219 13.936 13.570 13.066 12.969 12.949 12.975 13.004 13.042 13.183 13.564 14.500 14.500 14.500 14.500 14.500 14.500 14.500
10.745 11.352 9.830 11.691 11.485 10.023 13.913 11.952 13.926 9.702 12.040 9.149 9.264 9.981 13.974 10.335 13.994 13.999 14.011 14.016 14.029 9.235 9.621 14.062 14.068 14.089 13.939 13.211 14.126 14.135 14.500 10.104 10.097 14.142 14.146 14.151 9.508 14.500 9.605 9.432 9.651 9.457 9.742 12.142 13.116 9.733 9.611 12.439 9.717 13.300 13.756 14.140 14.471 14.463 14.366 14.137 13.800 13.429 13.096 12.772 12.626 12.619 12.675 12.737 12.794 12.875 13.146 13.737 14.500 14.500 14.500 14.500 14.500 14.500
13.864 10.466 9.840 9.316 10.596 10.547 13.919 12.041 13.939 11.047 9.895 9.146 9.059 10.196 9.872 13.592 10.539 14.007 14.017 14.023 14.041 9.683 9.616 9.819 14.082 9.643 14.114 9.190 10.965 12.563 14.500 9.778 10.436 9.588 10.254 12.612 12.398 12.887 14.500 11.609 14.500 9.684 11.442 9.598 13.242 9.712 11.187 12.297 9.630 13.744 14.111 14.348 14.451 14.322 14.030 13.623 13.200 12.842 12.613 12.505 12.395 12.382 12.407 12.474 12.542 12.667 12.811 13.253 14.145 14.500 14.500 14.500 14.500 14.500
12.900 13.884 13.884 9.555 13.912 13.922 13.925 9.676 13.944 13.952 8.695 10.016 9.110 13.985 8.768 9.002 10.376 14.020 14.033 14.040 9.220 9.705 9.749 14.082 9.999 10.025 13.697 14.500 14.500 14.500 14.167 10.577 10.392 14.500 14.500 14.184 9.333 10.033 9.558 14.207 10.463 12.400 12.218 12.072 13.142 12.984 12.805 12.319 14.212 14.289 14.297 14.441 14.291 13.890 13.379 12.894 12.531 12.338 12.266 12.249 12.248 12.183 12.192 12.213 12.322 12.467 12.619 12.850 13.420 14.414 14.500 14.500 14.500 14.500
9.773 9.807 13.899 13.906 13.920 10.656 8.749 9.606 13.955 13.959 12.640 13.980 13.515 10.575 10.780 14.008 13.945 14.026 14.037 14.047 13.690 9.066 14.082 11.251 9.338 10.484 14.500 13.634 14.197 14.215 10.022 10.693 10.463 10.201 14.500 14.194 9.607 10.003 11.348 13.985 14.028 9.767 12.493 14.380 14.446 14.265 14.061 14.500 14.466 14.321 14.189 14.105 13.490 12.873 12.395 12.131 12.037 12.024 12.034 12.044 12.050 12.028 11.988 12.011 12.104 12.278 12.482 12.677 13.003 13.567 14.500 14.500 14.500 14.500
12.511 13.612 11.102 13.926 8.206 11.235 13.957 13.953 13.964 11.340 13.987 9.333 13.997 14.008 14.005 13.673 14.026 14.034 14.045 13.642 14.065 11.386 9.177 14.098 14.110 14.118 14.126 11.275 9.603 14.240 14.500 14.500 10.315 9.602 13.578 14.213 11.952 14.276 13.921 14.420 14.500 9.702 9.670 14.500 9.415 14.074 14.500 14.500 9.498 11.198 11.477 11.576 11.627 11.666 11.704 11.746 11.790 11.827 11.822 11.799 11.773 11.779 11.762 11.840 11.972 12.172 12.390 12.616 12.862 13.347 14.071 14.500 14.500 14.500
8.415 13.922 8.573 13.935 12.296 8.418 13.966 13.962 13.975 13.979 13.995 14.005 8.687 14.013 8.743 9.526 11.427 14.041 13.717 14.066 14.072 14.080 14.094 14.105 14.114 9.840 14.138 14.149 14.179 13.894 14.500 14.500 14.500 14.500 10.883 11.256 10.099 13.986 14.469 9.663 14.500 9.572 9.720 14.500 9.762 14.132 9.769 9.708 11.267 11.352 11.358 11.410 11.421 11.453 11.511 11.582 11.664 11.776 11.898 11.985 12.061 12.113 12.142 12.153 12.280 12.471 12.685 12.920 13.188 13.570 14.308 14.500 14.500 14.500
13.921 13.929 13.944 11.690 11.592 11.490 11.726 8.381 13.982 13.994 14.001 14.013 9.673 14.030 10.625 14.041 14.036 14.045 11.151 14.069 14.079 10.026 9.938 14.114 14.120 11.327 9.720 9.280 14.500 14.182 9.396 9.655 9.998 14.500 14.500 14.500 14.500 14.500 14.500 14.500 14.500 9.689 11.330 9.725 11.259 13.695 13.170 12.674 12.277 12.024 11.930 9.703 11.538 11.652 11.748 11.836 11.919 12.001 12.086 12.169 12.248 12.287 12.333 12.370 12.433 12.614 12.831 13.076 13.381 13.799 14.478 14.500 14.500 14.500
13.931 8.530 11.669 11.995 8.549 11.344 13.987 10.201 13.991 10.258 14.012 14.027 9.022 14.039 14.044 14.052 14.046 14.050 14.066 8.996 9.088 14.109 14.115 14.121 14.127 14.137 14.144 10.041 10.088 14.500 14.500 9.677 14.500 9.727 9.755 14.500 14.500 14.500 14.500 14.500 9.740 11.142 11.360 11.370 11.416 13.471 13.333 13.061 12.763 12.599 12.295 11.952 11.855 11.879 11.939 12.016 12.098 12.180 12.262 12.344 12.413 12.452 12.504 12.563 12.616 12.759 12.974 13.266 13.681 14.203 14.500 14.500 14.500 14.500
13.950 8.981 13.976 13.975 12.859 13.989 13.100 14.003 9.086 10.264 9.944 14.038 14.046 14.048 9.588 14.064 9.205 14.071 14.075 9.023 9.888 9.101 9.363 14.133 14.146 14.144 14.150 14.160 14.500 14.209 10.133 14.034 9.704 13.750 9.574 14.500 14.500 14.500 14.500 14.500 14.500 14.500 14.500 14.395 13.795 13.614 13.474 13.288 13.092 13.015 12.673 12.360 12.073 12.044 12.101 12.176 12.259 12.345 12.431 12.514 12.565 12.616 12.678 12.753 12.838 12.904 13.115 13.571 14.282 14.500 14.500 14.500 14.500 14.500
12.420 12.075 12.779 9.821 10.334 10.302 14.008 14.026 10.763 10.423 14.039 11.251 14.057 9.359 14.068 14.072 14.076 14.077 9.253 9.962 9.632 9.253 9.512 9.488 11.815 9.810 14.177 14.500 14.500 14.232 14.500 14.500 14.500 14.500 14.500 14.500 14.500 9.595 14.500 14.500 14.500 14.500 14.500 14.500 14.500 14.362 14.012 13.673 13.476 14.140 13.750 13.188 12.683 12.277 12.272 12.337 12.421 12.517 12.616 12.698 12.741 12.803 12.880 12.976 13.081 13.172 13.292 14.024 14.500 14.500 14.500 14.500 14.500 14.500
12.344 12.510 13.101 13.037 13.016 14.019 12.163 14.033 11.006 9.861 9.670 12.521 14.071 11.125 14.079 14.085 12.767 14.086 12.776 14.113 14.122 14.133 9.635 9.819 14.182 9.941 9.862 10.784 9.660 10.913 14.500 9.571 9.732 9.651 14.500 14.500 14.500 14.500 14.500 14.500 14.500 14.500 14.500 14.500 14.500 14.500 14.495 14.272 14.195 9.708 13.726 13.428 13.065 12.726 12.448 12.508 12.622 12.768 12.906 12.979 13.043 13.131 13.243 13.378 13.518 13.663 13.790 14.500 14.500 14.500 14.500 14.500 14.500 14.500
13.984 13.991 14.004 14.018 12.943 14.028 14.034 14.013 14.050 10.326 10.224 10.338 14.079 14.093 13.688 14.092 14.100 8.999 9.194 9.471 9.669 14.144 11.232 11.440 12.926 10.539 11.597 9.542 14.500 10.396 14.500 14.500 14.500 9.785 14.500 9.646 14.500 14.500 14.500 14.500 14.500 14.500 14.500 14.500 14.500 14.500 14.500 14.500 14.500 9.771 13.712 13.545 13.346 13.145 13.011 12.883 13.055 13.356 13.570 13.634 13.748 13.919 14.161 14.447 14.500 14.500 14.500 14.500 14.500 14.500 14.500 14.500 14.500 14.500
13.991 14.003 14.018 14.025 14.055 14.063 10.256 14.051 13.990 9.325 14.067 9.236 9.083 14.103 14.106 10.175 14.119 9.331 9.808 9.072 14.130 14.141 9.779 9.850 12.315 10.938 12.131 12.424 9.531 14.500 9.950 14.500 14.500 9.539 14.500 9.739 14.500 14.500 14.500 14.500 14.500 14.500 14.500 14.500 14.500 14.500 14.500 14.500 14.500 14.500 14.318 14.099 13.993 13.991 14.054 14.081 14.095 14.500 14.500 14.500 14.500 14.500 14.500 14.500 14.500 14.500 14.500 14.500 14.500 14.500 14.500 14.500 14.500 14.500
14.009 14.017 14.021 13.370 14.063 14.070 14.061 14.067 14.069 14.023 12.342 12.183 14.103 14.108 14.111 9.902 14.124 9.342 9.714 14.138 9.437 14.130 14.157 9.236 13.543 13.845 9.674 12.650 9.645 10.002 11.884 14.500 9.731 11.668 14.500 9.688 14.500 14.500 14.500 14.500 14.500 14.500 14.500 14.500 14.500 14.500 14.500 14.500 14.500 14.500 14.500 14.500 14.500 14.500 14.500 14.500 14.500 14.500 14.500 14.500 14.500 14.500 14.500 14.500 14.500 14.500 14.500 14.500 14.500 14.500 14.500 14.500 14.500 14.500
13.451 14.038 14.047 14.053 14.058 14.076 10.205 11.880 14.092 14.088 14.085 14.102 11.102 14.120 14.120 14.129 14.500 14.144 10.108 14.146 11.260 14.500 14.169 14.500 9.500 13.672 13.572 13.448 13.310 13.195 13.434 14.500 9.648 9.552 14.500 9.709 14.500 14.500 14.500 14.500 14.500 14.500 14.500 14.500 14.500 14.500 14.500 14.500 14.500 14.500 14.500 14.500 14.500 14.500 14.500 14.500 14.500 14.500 14.500 14.500 14.500 14.500 14.500 14.500 14.500 14.500 14.500 14.500 14.500 14.500 14.500 14.500 14.500 14.500
14.020 14.029 14.059 14.061 13.915 14.087 14.098 12.438 13.710 11.392 14.500 14.117 14.124 14.146 14.145 14.500 14.146 14.500 14.165 9.698 14.500 14.170 9.566 13.425 14.500 14.444 14.281 14.116 13.968 14.265 9.638 14.500 14.500 9.660 14.500 14.500 9.739 14.500 14.500 14.500 14.500 14.500 14.500 14.500 14.500 14.500 14.500 14.500 14.500 14.500 14.500 14.500 14.500 14.500 14.500 14.500 14.500 14.500 14.500 14.500 14.500 14.500 14.500 14.500 14.500 14.500 14.500 14.393 14.180 13.904 13.630 13.864 14.500 14.500
14.040 14.050 14.066 14.074 14.094 14.092 14.112 14.119 14.116 14.118 11.256 9.660 14.148 14.154 11.889 14.157 9.722 14.163 14.184 11.941 14.184 9.882 9.876 10.711 14.500 14.500 14.500 14.500 14.485 14.456 14.500 14.500 14.500 14.500 14.500 14.500 14.500 14.500 14.500 14.500 14.500 14.500 14.500 14.500 14.500 14.500 14.500 14.500 14.500 14.500 14.500 14.500 14.500 14.500 14.500 14.500 14.500 14.500 14.500 14.156 14.070 13.980 13.846 13.672 13.480 13.308 13.175 13.083 13.044 13.030 12.975 13.027 13.465 14.500
14.030 14.063 14.078 14.095 14.102 14.108 14.118 14.135 14.124 14.500 11.256 11.440 14.155 14.181 11.748 10.796 10.403 14.500 14.197 14.500 13.806 10.704 12.912 13.565 14.500 9.676 14.478 14.500 14.500 14.500 14.500 9.725 14.500 14.500 14.500 14.500 14.500 14.500 14.500 14.500 14.500 14.500 14.500 14.500 14.500 14.500 14.500 14.500 14.500 14.500 14.500 14.500 14.500 14.500 14.500 14.500 14.500 14.500 14.500 13.466 12.789 12.734 12.720 12.697 12.663 12.633 12.619 12.630 12.650 12.688 12.728 12.705 12.843 13.454
14.046 14.054 14.070 14.071 14.118 14.127 14.128 14.143 14.142 14.152 14.148 10.389 13.063 14.199 14.500 14.500 14.500 12.885 12.431 14.500 14.500 13.538 14.019 9.613 9.700 12.644 14.242 14.476 14.500 14.500 9.645 11.706 14.500 14.500 14.500 14.500 14.500 14.500 14.500 9.739 14.500 14.500 14.500 14.500 14.500 14.500 14.500 14.500 14.500 14.500 14.500 14.500 14.500 14.500 14.500 14.500 14.500 14.424 13.558 13.120 12.831 12.439 12.367 12.344 12.329 12.322 12.322 12.342 12.381 12.434 12.483 12.520 12.559 12.694
13.456 14.058 14.073 14.102 14.112 14.135 14.142 14.167 14.168 14.165 13.669 13.586 14.500 9.367 9.672 14.500 14.500 14.500 14.500 14.500 14.500 14.100 14.500 9.707 13.797 14.010 14.355 14.453 14.500 14.500 14.500 14.500 14.500 14.500 14.500 14.500 14.500 14.500 14.500 14.500 14.500 14.500 14.500 14.500 14.500 14.500 14.500 14.500 14.500 14.500 14.500 14.500 14.500 14.500 14.500 14.500 14.210 13.653 13.310 13.040 12.799 12.557 12.172 12.119 12.106 12.104 12.113 12.135 12.166 12.202 12.251 12.297 12.294 12.404
13.462 13.721 13.911 14.023 14.139 14.156 14.176 14.182 14.175 14.177 14.189 13.807 13.723 12.934 14.500 9.652 14.500 14.500 14.500 14.500 14.500 14.500 14.500 14.500 14.500 9.588 9.597 14.386 14.500 14.500 14.500 14.500 14.500 14.500 14.500 14.500 14.500 14.500 14.500 14.500 14.500 14.500 14.500 14.500 14.500 14.500 14.500 14.500 14.500 14.500 14.500 14.500 14.500 14.500 14.398 14.183 13.906 13.584 13.296 13.021 12.773 12.531 12.288 11.925 11.898 11.900 11.925 11.956 11.984 12.006 12.024 12.045 12.090 12.083
