includes/lisflood/camargue/results_R3_t1.561737397084E12/res-0012.wdfp
ncols         906
nrows         631
xllcorner     362177.146667
yllcorner     6534725.688020
cellsize      20.000000
NODATA_value  -9999.000000
[rows 578 to 611 of 631, columns 77 to 153 of 906]
0.184 0.160 0.148 0.136 0.106 0.073 0.032 0.005 0.003 0.002 0.000 0.000 0.002 0.000 0.000 0.000 0.000 0.000 0.000 0.000 0.000 0.000 0.000 0.000 0.001 0.002 0.003 0.004 0.006 0.007 0.008 0.011 0.013 0.016 0.020 0.025 0.031 0.038 0.026 0.019 0.017 0.019 0.019 0.015 0.020 0.016 0.013 0.011 0.009 0.007 0.003 0.003 0.003 0.003 0.003 0.003 0.003 0.003 0.004 0.004 0.005 0.002 0.002 0.001 0.001 0.001 0.001 0.001 0.000 0.000 0.000 0.000 0.001 0.000 0.002 0.027 0.029
0.186 0.161 0.141 0.111 0.077 0.038 0.007 0.005 0.004 0.003 0.001 0.000 0.002 0.000 0.000 0.000 0.000 0.000 0.000 0.000 0.000 0.000 0.000 0.000 0.000 0.001 0.002 0.004 0.005 0.008 0.009 0.010 0.011 0.014 0.017 0.021 0.026 0.032 0.032 0.022 0.022 0.022 0.022 0.017 0.023 0.018 0.014 0.011 0.009 0.007 0.006 0.005 0.004 0.004 0.003 0.003 0.003 0.003 0.003 0.003 0.004 0.002 0.002 0.002 0.001 0.001 0.000 0.001 0.000 0.000 0.000 0.000 0.001 0.001 0.001 0.018 0.020
0.164 0.145 0.116 0.084 0.049 0.010 0.007 0.006 0.005 0.004 0.002 0.001 0.002 0.000 0.000 0.000 0.000 0.000 0.000 0.000 0.000 0.000 0.000 0.000 0.000 0.000 0.002 0.004 0.005 0.007 0.009 0.010 0.012 0.014 0.016 0.019 0.022 0.027 0.033 0.026 0.026 0.025 0.022 0.015 0.021 0.015 0.013 0.011 0.009 0.008 0.007 0.006 0.004 0.003 0.003 0.003 0.003 0.003 0.003 0.003 0.004 0.002 0.002 0.002 0.001 0.001 0.001 0.000 0.001 0.000 0.000 0.000 0.000 0.001 0.001 0.007 0.007
0.131 0.113 0.084 0.053 0.014 0.009 0.008 0.007 0.006 0.005 0.003 0.000 0.002 0.000 0.000 0.000 0.000 0.000 0.000 0.000 0.000 0.000 0.000 0.000 0.000 0.000 0.001 0.003 0.004 0.006 0.008 0.009 0.011 0.013 0.016 0.018 0.021 0.024 0.028 0.030 0.025 0.021 0.019 0.014 0.020 0.015 0.013 0.011 0.010 0.009 0.008 0.007 0.006 0.004 0.003 0.003 0.003 0.003 0.003 0.003 0.004 0.002 0.002 0.002 0.002 0.001 0.000 0.001 0.000 0.000 0.000 0.000 0.001 0.000 0.001 0.005 0.003
0.098 0.080 0.050 0.015 0.010 0.009 0.008 0.008 0.007 0.006 0.004 0.001 0.003 0.000 0.000 0.000 0.000 0.000 0.000 0.000 0.000 0.000 0.000 0.000 0.000 0.000 0.000 0.002 0.003 0.005 0.006 0.008 0.010 0.012 0.014 0.017 0.020 0.023 0.028 0.027 0.023 0.021 0.019 0.014 0.021 0.016 0.014 0.012 0.011 0.010 0.009 0.008 0.007 0.005 0.004 0.003 0.003 0.003 0.003 0.003 0.004 0.002 0.002 0.002 0.002 0.002 0.001 0.001 0.001 0.001 0.001 0.000 0.001 0.001 0.000 0.005 0.003
0.062 0.045 0.015 0.011 0.010 0.009 0.008 0.008 0.007 0.007 0.006 0.001 0.003 0.000 0.000 0.000 0.000 0.000 0.000 0.000 0.000 0.000 0.000 0.000 0.000 0.000 0.000 0.002 0.002 0.004 0.005 0.007 0.008 0.010 0.013 0.016 0.020 0.023 0.027 0.024 0.021 0.021 0.020 0.015 0.022 0.017 0.015 0.013 0.012 0.011 0.010 0.009 0.008 0.006 0.005 0.003 0.002 0.002 0.003 0.002 0.004 0.002 0.002 0.002 0.002 0.002 0.001 0.000 0.001 0.000 0.001 0.001 0.000 0.000 0.000 0.005 0.003
0.023 0.016 0.012 0.011 0.010 0.010 0.009 0.008 0.007 0.007 0.008 0.009 0.013 0.000 0.000 0.000 0.000 0.000 0.000 0.000 0.000 0.000 0.000 0.000 0.000 0.000 0.000 0.000 0.002 0.003 0.004 0.005 0.007 0.009 0.012 0.016 0.019 0.022 0.026 0.022 0.020 0.019 0.020 0.016 0.023 0.018 0.016 0.014 0.013 0.012 0.011 0.010 0.008 0.007 0.005 0.004 0.003 0.002 0.002 0.002 0.003 0.002 0.002 0.002 0.002 0.002 0.002 0.001 0.000 0.001 0.000 0.000 0.000 0.000 0.000 0.005 0.004
0.014 0.014 0.013 0.012 0.011 0.010 0.009 0.008 0.007 0.007 0.008 0.007 0.012 0.009 0.002 0.000 0.000 0.000 0.000 0.000 0.000 0.000 0.000 0.000 0.000 0.000 0.000 0.001 0.001 0.002 0.003 0.004 0.006 0.009 0.012 0.015 0.018 0.021 0.024 0.021 0.018 0.018 0.019 0.017 0.023 0.019 0.017 0.015 0.014 0.013 0.012 0.011 0.009 0.008 0.006 0.005 0.004 0.002 0.002 0.002 0.003 0.002 0.002 0.002 0.002 0.002 0.002 0.002 0.001 0.000 0.000 0.000 0.000 0.000 0.000 0.006 0.005
0.013 0.014 0.013 0.012 0.012 0.011 0.010 0.009 0.009 0.008 0.007 0.006 0.010 0.007 0.007 0.004 0.000 0.000 0.000 0.000 0.000 0.000 0.000 0.000 0.000 0.000 0.000 0.000 0.001 0.001 0.002 0.004 0.006 0.008 0.010 0.013 0.016 0.019 0.023 0.019 0.017 0.017 0.017 0.015 0.022 0.020 0.018 0.016 0.015 0.014 0.014 0.012 0.010 0.009 0.007 0.006 0.005 0.004 0.002 0.002 0.003 0.002 0.002 0.002 0.002 0.002 0.002 0.002 0.002 0.001 0.000 0.000 0.000 0.000 0.001 0.006 0.006
0.012 0.014 0.013 0.013 0.012 0.011 0.012 0.011 0.010 0.008 0.007 0.005 0.009 0.007 0.006 0.006 0.005 0.002 0.002 0.002 0.003 0.003 0.003 0.003 0.003 0.004 0.004 0.003 0.006 0.001 0.002 0.003 0.005 0.007 0.009 0.012 0.015 0.018 0.021 0.018 0.016 0.016 0.017 0.014 0.021 0.019 0.019 0.018 0.016 0.016 0.015 0.013 0.012 0.011 0.009 0.007 0.006 0.004 0.003 0.002 0.004 0.001 0.002 0.002 0.002 0.002 0.002 0.002 0.002 0.001 0.000 0.000 0.000 0.000 0.000 0.006 0.007
0.018 0.020 0.020 0.020 0.019 0.018 0.018 0.017 0.015 0.012 0.010 0.007 0.012 0.009 0.009 0.009 0.007 0.002 0.002 0.002 0.002 0.002 0.002 0.002 0.003 0.003 0.004 0.003 0.006 0.003 0.004 0.006 0.008 0.010 0.013 0.016 0.019 0.023 0.027 0.023 0.022 0.022 0.022 0.020 0.027 0.025 0.025 0.024 0.022 0.021 0.020 0.018 0.017 0.015 0.013 0.010 0.008 0.007 0.004 0.004 0.006 0.003 0.004 0.004 0.004 0.004 0.004 0.004 0.003 0.002 0.001 0.001 0.001 0.001 0.001 0.010 0.012
0.009 0.011 0.013 0.014 0.016 0.018 0.017 0.016 0.014 0.011 0.008 0.004 0.008 0.006 0.007 0.008 0.009 0.010 0.005 0.003 0.003 0.004 0.004 0.005 0.005 0.005 0.003 0.001 0.004 0.002 0.003 0.003 0.003 0.004 0.006 0.009 0.012 0.016 0.020 0.016 0.015 0.016 0.017 0.015 0.021 0.020 0.020 0.020 0.020 0.021 0.020 0.020 0.018 0.016 0.013 0.011 0.008 0.006 0.004 0.003 0.005 0.001 0.002 0.002 0.002 0.002 0.002 0.002 0.002 0.001 0.000 0.000 0.000 0.000 0.000 0.001 0.002
0.006 0.008 0.011 0.014 0.017 0.018 0.018 0.017 0.015 0.012 0.009 0.003 0.006 0.004 0.005 0.005 0.006 0.008 0.010 0.009 0.008 0.008 0.007 0.005 0.002 0.001 0.001 0.001 0.003 0.002 0.003 0.003 0.003 0.003 0.005 0.006 0.009 0.012 0.016 0.013 0.013 0.014 0.015 0.013 0.019 0.018 0.018 0.019 0.021 0.023 0.023 0.021 0.020 0.017 0.015 0.012 0.009 0.007 0.004 0.003 0.006 0.001 0.001 0.001 0.002 0.002 0.002 0.002 0.002 0.001 0.000 0.000 0.000 0.000 0.000 0.000 0.000
0.003 0.003 0.005 0.009 0.013 0.015 0.016 0.016 0.015 0.013 0.009 0.003 0.005 0.002 0.002 0.002 0.002 0.003 0.003 0.003 0.004 0.002 0.001 0.001 0.000 0.000 0.000 0.001 0.002 0.001 0.002 0.002 0.002 0.003 0.003 0.004 0.005 0.008 0.010 0.009 0.010 0.010 0.012 0.011 0.016 0.016 0.016 0.017 0.018 0.019 0.020 0.021 0.020 0.018 0.015 0.012 0.010 0.006 0.004 0.003 0.005 0.001 0.002 0.001 0.001 0.002 0.002 0.002 0.001 0.000 0.000 0.000 0.000 0.000 0.000 0.000 0.000
0.002 0.003 0.004 0.006 0.009 0.013 0.018 0.019 0.019 0.017 0.013 0.003 0.006 0.003 0.002 0.002 0.002 0.002 0.002 0.002 0.002 0.002 0.001 0.001 0.000 0.000 0.001 0.000 0.002 0.001 0.002 0.002 0.002 0.003 0.004 0.005 0.006 0.008 0.010 0.011 0.012 0.013 0.014 0.013 0.018 0.018 0.018 0.018 0.019 0.020 0.021 0.021 0.021 0.020 0.018 0.015 0.012 0.008 0.005 0.004 0.007 0.002 0.002 0.002 0.002 0.002 0.003 0.002 0.002 0.001 0.000 0.000 0.000 0.000 0.000 0.000 0.000
0.001 0.002 0.003 0.004 0.006 0.009 0.013 0.017 0.021 0.020 0.017 0.004 0.006 0.002 0.002 0.002 0.002 0.002 0.002 0.002 0.002 0.001 0.001 0.000 0.000 0.001 0.001 0.000 0.002 0.000 0.001 0.001 0.002 0.002 0.003 0.004 0.005 0.006 0.008 0.011 0.012 0.013 0.014 0.013 0.018 0.018 0.018 0.018 0.019 0.020 0.021 0.021 0.021 0.021 0.020 0.017 0.014 0.009 0.006 0.005 0.007 0.002 0.002 0.002 0.002 0.002 0.003 0.002 0.002 0.001 0.000 0.000 0.000 0.000 0.000 0.000 0.000
0.001 0.001 0.002 0.003 0.004 0.006 0.009 0.013 0.017 0.021 0.023 0.004 0.006 0.002 0.002 0.002 0.002 0.002 0.002 0.002 0.002 0.001 0.000 0.000 0.001 0.001 0.000 0.000 0.002 0.000 0.000 0.000 0.000 0.001 0.002 0.002 0.003 0.004 0.005 0.008 0.011 0.012 0.013 0.012 0.017 0.017 0.017 0.018 0.019 0.020 0.021 0.021 0.021 0.020 0.020 0.019 0.017 0.010 0.007 0.006 0.009 0.003 0.003 0.002 0.002 0.002 0.003 0.002 0.002 0.000 0.000 0.000 0.000 0.000 0.000 0.000 0.000
0.000 0.000 0.000 0.001 0.002 0.004 0.006 0.009 0.014 0.018 0.028 0.005 0.006 0.002 0.002 0.002 0.002 0.002 0.002 0.002 0.001 0.001 0.000 0.000 0.001 0.001 0.000 0.000 0.001 0.000 0.000 0.000 0.000 0.000 0.000 0.001 0.001 0.002 0.003 0.005 0.007 0.011 0.012 0.011 0.016 0.016 0.017 0.017 0.019 0.020 0.021 0.021 0.021 0.021 0.020 0.019 0.018 0.012 0.009 0.007 0.010 0.003 0.003 0.003 0.002 0.002 0.003 0.002 0.002 0.000 0.000 0.000 0.000 0.000 0.000 0.000 0.000
0.000 0.000 0.000 0.000 0.001 0.002 0.003 0.005 0.013 0.026 0.038 0.006 0.007 0.001 0.001 0.002 0.002 0.002 0.002 0.002 0.001 0.000 0.000 0.000 0.000 0.000 0.000 0.000 0.001 0.000 0.000 0.000 0.000 0.000 0.000 0.000 0.000 0.000 0.002 0.003 0.004 0.007 0.010 0.010 0.014 0.015 0.016 0.017 0.019 0.020 0.021 0.021 0.021 0.021 0.020 0.019 0.018 0.012 0.010 0.009 0.012 0.004 0.004 0.003 0.002 0.002 0.003 0.002 0.001 0.000 0.000 0.000 0.000 0.000 0.000 0.001 0.000
0.000 0.000 0.000 0.000 0.000 0.000 0.001 0.007 0.019 0.031 0.044 0.008 0.009 0.001 0.001 0.001 0.001 0.002 0.001 0.001 0.000 0.000 0.000 0.000 0.000 0.000 0.000 0.000 0.001 0.000 0.000 0.000 0.000 0.000 0.000 0.000 0.000 0.000 0.001 0.001 0.002 0.004 0.006 0.008 0.012 0.013 0.014 0.016 0.018 0.019 0.020 0.021 0.021 0.021 0.021 0.020 0.019 0.013 0.010 0.009 0.013 0.005 0.005 0.004 0.003 0.002 0.003 0.002 0.001 0.000 0.000 0.000 0.000 0.000 0.000 0.000 0.000
0.000 0.000 0.000 0.000 0.000 0.000 0.003 0.010 0.022 0.035 0.047 0.009 0.010 0.002 0.001 0.001 0.001 0.001 0.001 0.000 0.000 0.000 0.000 0.000 0.000 0.000 0.000 0.001 0.001 0.000 0.000 0.000 0.000 0.000 0.000 0.000 0.000 0.000 0.000 0.000 0.001 0.002 0.003 0.004 0.007 0.010 0.012 0.014 0.017 0.019 0.020 0.021 0.021 0.022 0.021 0.021 0.020 0.014 0.011 0.010 0.014 0.006 0.006 0.005 0.004 0.002 0.003 0.002 0.001 0.000 0.000 0.000 0.000 0.000 0.000 0.000 0.000
0.000 0.000 0.000 0.000 0.000 0.000 0.003 0.012 0.024 0.037 0.049 0.010 0.011 0.002 0.002 0.001 0.000 0.000 0.000 0.000 0.000 0.000 0.000 0.000 0.000 0.000 0.001 0.000 0.001 0.000 0.000 0.000 0.000 0.000 0.000 0.000 0.000 0.000 0.000 0.000 0.000 0.001 0.001 0.001 0.003 0.005 0.008 0.012 0.016 0.018 0.020 0.021 0.022 0.022 0.022 0.021 0.020 0.014 0.012 0.010 0.015 0.007 0.007 0.006 0.005 0.003 0.003 0.002 0.001 0.000 0.000 0.000 0.000 0.000 0.000 0.000 0.000
0.000 0.000 0.000 0.000 0.000 0.000 0.004 0.014 0.026 0.039 0.051 0.011 0.011 0.002 0.002 0.001 0.000 0.000 0.000 0.000 0.000 0.000 0.000 0.000 0.000 0.000 0.000 0.000 0.001 0.000 0.000 0.000 0.000 0.000 0.000 0.000 0.000 0.000 0.000 0.000 0.000 0.000 0.000 0.000 0.000 0.000 0.000 0.003 0.015 0.016 0.019 0.021 0.022 0.022 0.022 0.022 0.021 0.015 0.013 0.011 0.016 0.008 0.008 0.007 0.005 0.004 0.003 0.002 0.001 0.000 0.000 0.000 0.000 0.000 0.000 0.000 0.000
0.000 0.000 0.000 0.000 0.000 0.000 0.004 0.015 0.027 0.040 0.052 0.011 0.012 0.003 0.002 0.001 0.000 0.000 0.000 0.000 0.000 0.000 0.000 0.000 0.000 0.000 0.000 0.001 0.001 0.000 0.000 0.000 0.000 0.000 0.000 0.000 0.000 0.000 0.000 0.000 0.000 0.000 0.000 0.000 0.000 0.000 0.000 0.000 0.001 0.011 0.018 0.020 0.022 0.022 0.022 0.022 0.022 0.016 0.014 0.012 0.017 0.009 0.009 0.008 0.007 0.006 0.004 0.003 0.002 0.001 0.000 0.000 0.000 0.000 0.000 0.001 0.001
0.000 0.000 0.000 0.000 0.000 0.000 0.002 0.016 0.028 0.041 0.053 0.011 0.012 0.003 0.002 0.001 0.000 0.000 0.000 0.000 0.000 0.000 0.000 0.000 0.000 0.000 0.001 0.000 0.001 0.000 0.000 0.000 0.000 0.000 0.000 0.000 0.000 0.000 0.000 0.000 0.000 0.000 0.000 0.000 0.000 0.000 0.000 0.000 0.000 0.000 0.007 0.019 0.021 0.023 0.023 0.023 0.022 0.017 0.014 0.013 0.018 0.010 0.011 0.010 0.009 0.007 0.006 0.004 0.003 0.002 0.001 0.000 0.000 0.000 0.001 0.000 0.001
0.000 0.000 0.000 0.000 0.000 0.000 0.000 0.005 0.028 0.041 0.054 0.011 0.013 0.003 0.002 0.001 0.000 0.000 0.001 0.000 0.000 0.000 0.000 0.000 0.000 0.000 0.000 0.000 0.001 0.000 0.000 0.000 0.000 0.000 0.000 0.000 0.000 0.000 0.000 0.000 0.000 0.000 0.000 0.000 0.000 0.000 0.000 0.000 0.000 0.000 0.000 0.006 0.017 0.023 0.022 0.023 0.023 0.017 0.015 0.014 0.019 0.012 0.013 0.012 0.011 0.009 0.007 0.005 0.004 0.002 0.001 0.000 0.000 0.000 0.000 0.000 0.001
0.000 0.000 0.000 0.000 0.000 0.000 0.000 0.005 0.029 0.042 0.054 0.013 0.014 0.005 0.004 0.003 0.002 0.002 0.001 0.001 0.001 0.001 0.000 0.000 0.000 0.000 0.000 0.000 0.001 0.000 0.000 0.000 0.000 0.000 0.000 0.000 0.000 0.000 0.000 0.000 0.000 0.000 0.000 0.000 0.000 0.000 0.000 0.000 0.000 0.000 0.001 0.009 0.019 0.026 0.026 0.027 0.028 0.022 0.019 0.018 0.024 0.015 0.016 0.016 0.014 0.013 0.011 0.008 0.006 0.004 0.003 0.001 0.000 0.000 0.000 0.001 0.002
0.000 0.000 0.000 0.000 0.000 0.000 0.000 0.000 0.009 0.034 0.055 0.010 0.012 0.005 0.004 0.003 0.002 0.001 0.001 0.000 0.000 0.000 0.000 0.000 0.000 0.000 0.000 0.000 0.000 0.000 0.000 0.000 0.000 0.000 0.000 0.000 0.000 0.000 0.000 0.000 0.000 0.000 0.000 0.000 0.000 0.000 0.000 0.000 0.000 0.000 0.000 0.000 0.000 0.009 0.021 0.024 0.026 0.020 0.018 0.018 0.024 0.016 0.017 0.016 0.015 0.014 0.012 0.010 0.007 0.005 0.003 0.001 0.000 0.000 0.000 0.002 0.003
0.000 0.000 0.000 0.000 0.000 0.000 0.000 0.000 0.000 0.015 0.039 0.008 0.011 0.006 0.005 0.004 0.002 0.002 0.000 0.000 0.000 0.000 0.000 0.000 0.000 0.000 0.000 0.000 0.000 0.000 0.000 0.000 0.000 0.000 0.000 0.000 0.000 0.000 0.000 0.000 0.000 0.000 0.000 0.000 0.000 0.000 0.000 0.000 0.000 0.000 0.000 0.000 0.000 0.000 0.004 0.016 0.026 0.020 0.018 0.018 0.024 0.016 0.018 0.017 0.017 0.016 0.014 0.012 0.010 0.007 0.005 0.002 0.001 0.000 0.001 0.002 0.003
0.000 0.000 0.000 0.000 0.000 0.000 0.000 0.000 0.000 0.001 0.019 0.004 0.007 0.005 0.004 0.004 0.003 0.002 0.001 0.000 0.000 0.000 0.000 0.000 0.000 0.000 0.000 0.000 0.000 0.000 0.000 0.000 0.000 0.000 0.000 0.000 0.000 0.000 0.000 0.000 0.000 0.000 0.000 0.000 0.000 0.000 0.000 0.000 0.000 0.000 0.000 0.000 0.000 0.000 0.000 0.001 0.018 0.014 0.014 0.015 0.021 0.015 0.016 0.016 0.016 0.016 0.015 0.013 0.011 0.008 0.006 0.003 0.006 0.007 0.008 0.009 0.010
0.000 0.000 0.000 0.000 0.000 0.000 0.000 0.000 0.000 0.000 0.018 0.004 0.008 0.005 0.004 0.004 0.004 0.003 0.002 0.001 0.000 0.000 0.000 0.000 0.000 0.000 0.000 0.000 0.000 0.000 0.000 0.000 0.000 0.000 0.000 0.000 0.000 0.000 0.000 0.000 0.000 0.000 0.000 0.000 0.000 0.000 0.000 0.000 0.000 0.000 0.000 0.000 0.000 0.000 0.000 0.001 0.018 0.012 0.010 0.012 0.017 0.016 0.018 0.018 0.018 0.018 0.017 0.016 0.014 0.012 0.009 0.014 0.016 0.018 0.019 0.020 0.021
0.000 0.000 0.000 0.000 0.000 0.000 0.000 0.000 0.000 0.000 0.017 0.004 0.008 0.005 0.004 0.004 0.004 0.004 0.003 0.001 0.000 0.000 0.000 0.000 0.000 0.000 0.000 0.000 0.000 0.000 0.000 0.000 0.000 0.000 0.000 0.000 0.000 0.000 0.000 0.000 0.000 0.000 0.000 0.000 0.000 0.000 0.000 0.000 0.000 0.000 0.000 0.000 0.000 0.000 0.000 0.001 0.016 0.010 0.008 0.008 0.013 0.012 0.015 0.018 0.019 0.019 0.019 0.019 0.017 0.015 0.022 0.025 0.028 0.029 0.030 0.031 0.032
0.000 0.000 0.000 0.000 0.000 0.000 0.000 0.000 0.000 0.000 0.016 0.004 0.007 0.005 0.004 0.004 0.004 0.004 0.004 0.004 0.002 0.000 0.000 0.000 0.000 0.000 0.000 0.000 0.000 0.000 0.000 0.000 0.000 0.000 0.000 0.000 0.000 0.000 0.000 0.000 0.000 0.000 0.000 0.000 0.000 0.000 0.000 0.000 0.000 0.000 0.000 0.000 0.000 0.000 0.000 0.001 0.014 0.008 0.006 0.006 0.009 0.008 0.010 0.013 0.016 0.020 0.021 0.021 0.020 0.028 0.033 0.037 0.039 0.041 0.042 0.042 0.043
0.000 0.000 0.000 0.000 0.000 0.000 0.000 0.000 0.000 0.000 0.014 0.004 0.007 0.005 0.004 0.004 0.004 0.005 0.004 0.004 0.003 0.003 0.001 0.000 0.000 0.000 0.000 0.000 0.000 0.000 0.000 0.000 0.000 0.000 0.000 0.000 0.000 0.000 0.000 0.000 0.000 0.000 0.000 0.000 0.000 0.000 0.000 0.000 0.000 0.000 0.000 0.000 0.000 0.000 0.000 0.001 0.013 0.007 0.004 0.004 0.007 0.005 0.007 0.008 0.010 0.013 0.017 0.023 0.032 0.039 0.045 0.048 0.050 0.052 0.053 0.054 0.055
