includes/lisflood/camargue/results_R3_t1.561737397084E12/res-0009.wdfp
ncols         906
nrows         631
xllcorner     362177.146667
yllcorner     6534725.688020
cellsize      20.000000
NODATA_value  -9999.000000
[rows 408 to 441 of 631, columns 539 to 615 of 906]
0.000 0.000 0.000 0.000 0.000 0.000 0.000 0.000 0.000 0.000 0.000 0.000 0.000 0.000 0.000 0.000 0.000 0.000 0.000 0.000 0.000 0.000 0.082 0.000 0.000 0.000 0.000 0.000 0.000 0.000 0.000 0.000 0.002 0.000 0.001 0.079 0.007 0.058 0.016 0.035 0.185 0.006 0.033 0.014 0.000 0.018 0.003 0.000 0.006 0.004 0.124 0.011 0.027 0.014 0.000 0.028 0.027 0.134 0.000 0.000 0.000 0.044 0.000 0.000 0.000 0.000 0.000 0.067 0.018 0.077 0.041 0.006 0.000 0.002 0.029 0.043 0.051
0.000 0.000 0.000 0.000 0.000 0.000 0.000 0.000 0.000 0.000 0.000 0.000 0.000 0.000 0.000 0.000 0.000 0.000 0.000 0.000 0.000 0.000 0.000 0.000 0.000 0.000 0.000 0.000 0.000 0.000 0.000 0.000 0.074 0.074 0.000 0.000 0.018 0.000 0.004 0.045 0.000 0.005 0.042 0.000 0.086 0.036 0.000 0.000 0.064 0.064 0.104 0.094 0.074 0.000 0.013 0.023 0.218 0.002 0.064 0.000 0.000 0.054 0.000 0.000 0.002 0.000 0.081 0.011 0.000 0.000 0.093 0.018 0.020 0.021 0.007 0.053 0.112
0.000 0.000 0.000 0.000 0.000 0.000 0.000 0.000 0.000 0.000 0.000 0.000 0.000 0.000 0.000 0.000 0.000 0.000 0.000 0.000 0.000 0.023 0.000 0.063 0.000 0.000 0.001 0.001 0.001 0.004 0.000 0.000 0.003 0.002 0.078 0.078 0.000 0.000 0.010 0.000 0.002 0.000 0.041 0.000 0.136 0.000 0.013 0.002 0.000 0.000 0.039 0.000 0.074 0.064 0.003 0.007 0.287 0.018 0.000 0.000 0.000 0.034 0.114 0.000 0.002 0.001 0.000 0.013 0.192 0.092 0.122 0.019 0.003 0.006 0.037 0.014 0.102
0.000 0.000 0.000 0.000 0.000 0.000 0.000 0.000 0.000 0.000 0.000 0.000 0.000 0.000 0.000 0.000 0.000 0.000 0.000 0.000 0.000 0.023 0.000 0.063 0.000 0.000 0.000 0.001 0.000 0.002 0.000 0.000 0.001 0.000 0.078 0.078 0.000 0.000 0.007 0.000 0.000 0.000 0.040 0.000 0.136 0.000 0.013 0.001 0.001 0.000 0.029 0.000 0.074 0.064 0.002 0.003 0.287 0.018 0.000 0.000 0.000 0.034 0.114 0.000 0.002 0.000 0.000 0.011 0.192 0.092 0.122 0.017 0.002 0.002 0.037 0.013 0.102
0.000 0.000 0.000 0.140 0.000 0.000 0.000 0.000 0.000 0.000 0.000 0.000 0.000 0.000 0.000 0.000 0.000 0.000 0.000 0.000 0.000 0.002 0.000 0.000 0.000 0.000 0.000 0.000 0.000 0.002 0.005 0.002 0.003 0.001 0.004 0.000 0.062 0.000 0.014 0.000 0.000 0.048 0.038 0.216 0.009 0.000 0.000 0.004 0.015 0.018 0.015 0.009 0.000 0.017 0.003 0.019 0.427 0.000 0.000 0.000 0.000 0.124 0.003 0.000 0.001 0.000 0.000 0.000 0.004 0.052 0.017 0.011 0.022 0.001 0.002 0.081 0.001
0.000 0.000 0.000 0.000 0.000 0.000 0.000 0.000 0.000 0.000 0.000 0.000 0.000 0.000 0.000 0.000 0.000 0.000 0.000 0.000 0.000 0.000 0.034 0.001 0.004 0.001 0.001 0.000 0.000 0.002 0.000 0.067 0.002 0.001 0.006 0.000 0.001 0.000 0.081 0.000 0.023 0.000 0.000 0.044 0.122 0.010 0.009 0.003 0.097 0.097 0.056 0.125 0.000 0.015 0.019 0.000 0.187 0.003 0.000 0.083 0.000 0.001 0.007 0.000 0.000 0.000 0.000 0.042 0.000 0.000 0.008 0.078 0.078 0.002 0.000 0.030 0.010
0.000 0.000 0.000 0.000 0.000 0.000 0.000 0.000 0.000 0.000 0.000 0.000 0.000 0.000 0.000 0.012 0.000 0.000 0.000 0.000 0.000 0.001 0.000 0.064 0.000 0.001 0.001 0.001 0.001 0.002 0.000 0.003 0.000 0.000 0.006 0.046 0.000 0.183 0.004 0.029 0.000 0.050 0.030 0.006 0.005 0.005 0.009 0.015 0.000 0.000 0.021 0.040 0.006 0.001 0.117 0.016 0.226 0.017 0.001 0.001 0.000 0.063 0.002 0.015 0.002 0.001 0.072 0.000 0.000 0.000 0.000 0.035 0.032 0.000 0.000 0.100 0.000
0.000 0.000 0.000 0.000 0.000 0.000 0.000 0.000 0.000 0.000 0.000 0.000 0.000 0.000 0.000 0.000 0.000 0.000 0.000 0.043 0.053 0.113 0.001 0.002 0.004 0.037 0.002 0.002 0.005 0.015 0.000 0.077 0.000 0.000 0.090 0.000 0.000 0.033 0.002 0.005 0.002 0.008 0.008 0.003 0.128 0.013 0.044 0.115 0.077 0.079 0.100 0.072 0.000 0.032 0.187 0.036 0.226 0.000 0.004 0.003 0.000 0.073 0.002 0.000 0.003 0.002 0.000 0.000 0.000 0.000 0.000 0.000 0.172 0.000 0.093 0.000 0.023
0.000 0.000 0.000 0.000 0.000 0.000 0.000 0.000 0.000 0.000 0.000 0.000 0.000 0.000 0.004 0.046 0.003 0.001 0.000 0.003 0.053 0.001 0.002 0.000 0.000 0.000 0.002 0.003 0.001 0.044 0.005 0.002 0.002 0.000 0.040 0.029 0.000 0.009 0.007 0.007 0.026 0.006 0.082 0.005 0.002 0.040 0.050 0.050 0.000 0.000 0.100 0.001 0.005 0.126 0.000 0.226 0.000 0.002 0.002 0.000 0.000 0.011 0.005 0.000 0.003 0.002 0.000 0.023 0.000 0.045 0.002 0.000 0.162 0.029 0.001 0.000 0.000
0.000 0.000 0.000 0.000 0.000 0.000 0.000 0.000 0.000 0.000 0.000 0.000 0.002 0.056 0.076 0.000 0.007 0.005 0.058 0.000 0.000 0.001 0.046 0.003 0.127 0.003 0.005 0.000 0.006 0.034 0.000 0.028 0.018 0.018 0.000 0.016 0.030 0.000 0.005 0.010 0.002 0.004 0.000 0.055 0.016 0.014 0.015 0.035 0.010 0.008 0.004 0.033 0.000 0.125 0.070 0.057 0.000 0.041 0.002 0.000 0.093 0.093 0.000 0.000 0.007 0.004 0.030 0.000 0.059 0.002 0.000 0.153 0.000 0.094 0.032 0.000 0.076
2.654 2.654 0.000 0.000 0.000 0.000 0.000 0.000 0.000 0.000 0.000 0.000 0.043 0.000 0.000 0.111 0.000 0.000 0.028 0.000 0.000 0.000 0.000 0.073 0.000 0.000 0.068 0.000 0.000 0.007 0.003 0.003 0.005 0.003 0.008 0.000 0.016 0.146 0.000 0.008 0.006 0.101 0.002 0.084 0.264 0.022 0.000 0.117 0.011 0.012 0.009 0.103 0.043 0.283 0.000 0.087 0.000 0.020 0.000 0.033 0.000 0.005 0.028 0.004 0.000 0.000 0.005 0.119 0.029 0.038 0.012 0.002 0.000 0.000 0.041 0.108 0.076
0.004 0.002 0.542 0.000 0.000 0.000 0.000 0.000 0.000 0.000 0.000 0.012 0.000 0.053 0.163 0.000 0.002 0.001 0.003 0.002 0.000 0.014 0.003 0.000 0.000 0.018 0.038 0.000 0.000 0.022 0.006 0.000 0.005 0.003 0.052 0.052 0.033 0.000 0.000 0.009 0.101 0.051 0.121 0.010 0.000 0.016 0.000 0.084 0.000 0.000 0.072 0.042 0.000 0.428 0.363 0.014 0.021 0.206 0.005 0.000 0.008 0.083 0.000 0.142 0.082 0.082 0.000 0.000 0.000 0.000 0.022 0.000 0.000 0.007 0.031 0.038 0.063
0.000 0.000 1.066 1.566 0.000 0.000 0.000 0.000 0.000 0.001 0.002 0.000 0.002 0.001 0.000 0.000 0.000 0.000 0.079 0.004 0.006 0.000 0.001 0.015 0.002 0.067 0.004 0.007 0.000 0.000 0.014 0.008 0.051 0.051 0.000 0.162 0.172 0.008 0.011 0.060 0.030 0.000 0.015 0.000 0.095 0.185 0.002 0.069 0.047 0.047 0.019 0.042 0.122 0.212 0.050 0.073 0.027 0.116 0.000 0.095 0.095 0.001 0.000 0.072 0.000 0.000 0.000 0.073 0.000 0.000 0.017 0.043 0.082 0.012 0.063 0.000 0.000
0.667 0.667 0.000 2.476 0.016 0.026 0.194 0.083 0.004 0.002 0.003 0.000 0.001 0.002 0.000 0.000 0.013 0.013 0.000 0.003 0.008 0.006 0.005 0.000 0.000 0.003 0.004 0.007 0.000 0.053 0.001 0.101 0.121 0.121 0.000 0.032 0.000 0.017 0.000 0.016 0.045 0.008 0.046 0.115 0.295 0.055 0.265 0.085 0.034 0.034 0.004 0.000 0.042 0.131 0.028 0.008 0.000 0.175 0.000 0.009 0.005 0.026 0.005 0.005 0.005 0.003 0.000 0.001 0.019 0.000 0.000 0.000 0.000 0.032 0.000 0.000 0.083
0.927 0.927 0.817 0.031 0.056 0.019 0.088 0.009 0.020 0.001 0.011 0.031 0.000 0.003 0.000 0.000 0.000 0.000 0.000 0.000 0.026 0.000 0.033 0.022 0.006 0.018 0.001 0.010 0.000 0.000 0.000 0.061 0.061 0.061 0.006 0.000 0.000 0.034 0.033 0.131 0.020 0.086 0.016 0.115 0.003 0.017 0.000 0.035 0.025 0.024 0.041 0.000 0.002 0.052 0.112 0.000 0.017 0.068 0.064 0.184 0.000 0.000 0.012 0.000 0.004 0.004 0.024 0.000 0.119 0.001 0.019 0.002 0.000 0.000 0.073 0.033 0.073
0.887 0.887 0.827 0.667 0.000 0.312 0.075 0.035 0.039 0.018 0.068 0.000 0.000 0.054 0.002 0.000 0.000 0.000 0.001 0.002 0.002 0.001 0.002 0.000 0.000 0.065 0.006 0.037 0.024 0.000 0.000 0.013 0.000 0.000 0.052 0.005 0.003 0.003 0.000 0.050 0.029 0.000 0.077 0.020 0.068 0.099 0.039 0.105 0.054 0.054 0.011 0.000 0.001 0.009 0.029 0.024 0.013 0.053 0.181 0.031 0.066 0.032 0.077 0.000 0.109 0.109 0.000 0.029 0.029 0.000 0.149 0.139 0.000 0.000 0.043 0.000 0.000
0.807 0.807 0.707 0.787 0.000 0.000 0.000 0.017 0.040 0.125 0.000 0.000 0.001 0.001 0.003 0.001 0.003 0.001 0.002 0.002 0.055 0.002 0.004 0.082 0.009 0.000 0.101 0.005 0.018 0.014 0.014 0.090 0.006 0.006 0.000 0.053 0.143 0.001 0.048 0.012 0.010 0.004 0.029 0.000 0.074 0.035 0.000 0.000 0.041 0.036 0.128 0.000 0.479 0.464 0.157 0.000 0.000 0.081 0.141 0.039 0.002 0.007 0.207 0.000 0.005 0.005 0.007 0.004 0.000 0.008 0.004 0.000 0.000 0.010 0.007 0.000 0.000
0.000 1.027 0.000 0.000 0.000 0.251 0.581 0.081 0.034 0.203 0.000 0.000 0.002 0.002 0.056 0.002 0.000 0.000 0.000 0.022 0.002 0.002 0.002 0.000 0.012 0.000 0.061 0.000 0.000 0.000 0.009 0.022 0.000 0.000 0.000 0.006 0.000 0.027 0.037 0.000 0.278 0.228 0.148 0.023 0.044 0.013 0.037 0.007 0.000 0.000 0.117 0.000 0.067 0.000 0.035 0.000 0.004 0.000 0.046 0.017 0.000 0.156 0.013 0.000 0.071 0.071 0.051 0.029 0.009 0.012 0.002 0.002 0.095 0.035 0.024 0.020 0.000
0.000 0.000 0.000 0.002 0.000 0.000 0.000 0.000 0.061 0.131 0.000 0.000 0.003 0.019 0.000 0.000 0.003 0.002 0.042 0.042 0.000 0.000 0.002 0.068 0.008 0.011 0.000 0.000 0.000 0.067 0.057 0.048 0.006 0.002 0.004 0.028 0.008 0.014 0.086 0.000 0.046 0.006 0.012 0.066 0.035 0.038 0.045 0.051 0.080 0.080 0.042 0.000 0.307 0.000 0.141 0.000 0.002 0.083 0.036 0.193 0.001 0.146 0.006 0.024 0.001 0.002 0.000 0.000 0.013 0.021 0.000 0.045 0.075 0.085 0.004 0.011 0.021
0.000 0.000 0.000 0.000 0.000 0.000 0.000 0.000 0.058 0.128 0.000 0.000 0.000 0.018 0.000 0.000 0.003 0.002 0.042 0.042 0.000 0.000 0.002 0.068 0.005 0.006 0.000 0.000 0.000 0.067 0.057 0.048 0.005 0.002 0.003 0.024 0.006 0.013 0.086 0.000 0.043 0.004 0.010 0.065 0.027 0.036 0.043 0.050 0.079 0.079 0.033 0.000 0.307 0.000 0.140 0.000 0.001 0.083 0.028 0.193 0.001 0.146 0.001 0.023 0.000 0.000 0.000 0.000 0.006 0.012 0.000 0.045 0.075 0.085 0.004 0.005 0.016
0.000 0.000 0.000 0.000 0.032 0.000 0.651 0.000 0.027 0.076 0.002 0.000 0.027 0.003 0.003 0.054 0.000 0.000 0.000 0.005 0.003 0.157 0.002 0.001 0.004 0.062 0.031 0.004 0.055 0.115 0.000 0.000 0.004 0.001 0.033 0.063 0.005 0.005 0.000 0.000 0.023 0.003 0.000 0.000 0.244 0.000 0.035 0.036 0.137 0.137 0.207 0.000 0.000 0.000 0.057 0.000 0.000 0.010 0.044 0.252 0.000 0.266 0.037 0.069 0.083 0.082 0.000 0.000 0.018 0.085 0.000 0.000 0.000 0.002 0.000 0.033 0.009
0.000 0.000 0.000 0.000 0.000 0.000 0.000 0.000 0.364 0.093 0.000 0.007 0.002 0.000 0.063 0.000 0.000 0.000 0.005 0.005 0.005 0.000 0.002 0.000 0.000 0.000 0.004 0.144 0.000 0.063 0.009 0.148 0.026 0.024 0.043 0.015 0.033 0.103 0.012 0.000 0.016 0.038 0.007 0.018 0.018 0.037 0.033 0.662 0.033 0.033 0.058 0.047 0.023 0.382 0.031 0.000 0.053 0.000 0.018 0.086 0.030 0.236 0.031 0.000 0.034 0.034 0.064 0.000 0.000 0.075 0.000 0.082 0.000 0.047 0.000 0.015 0.003
0.073 0.073 0.002 0.000 0.000 0.000 0.032 0.000 0.000 0.188 0.084 0.023 0.023 0.043 0.023 0.000 0.043 0.043 0.000 0.002 0.003 0.002 0.031 0.189 0.026 0.000 0.003 0.008 0.061 0.008 0.050 0.000 0.011 0.010 0.000 0.011 0.091 0.020 0.057 0.027 0.088 0.036 0.027 0.003 0.054 0.094 0.084 0.012 0.000 0.000 0.000 0.007 0.016 0.039 0.029 0.001 0.002 0.004 0.090 0.150 0.068 0.136 0.018 0.122 0.053 0.053 0.000 0.017 0.015 0.008 0.015 0.000 0.056 0.002 0.312 0.007 0.005
0.000 0.000 0.000 0.000 0.000 0.000 0.000 0.001 0.000 0.000 0.117 0.172 0.105 0.009 0.023 0.000 0.003 0.001 0.001 0.063 0.011 0.012 0.102 0.000 0.061 0.000 0.000 0.041 0.041 0.004 0.024 0.002 0.032 0.032 0.000 0.059 0.039 0.107 0.117 0.016 0.000 0.002 0.039 0.081 0.231 0.132 0.122 0.182 0.753 0.753 0.000 0.089 0.000 0.107 0.000 0.000 0.000 0.048 0.039 0.229 0.087 0.000 0.000 0.091 0.070 0.069 0.013 0.009 0.028 0.028 0.006 0.038 0.003 0.002 0.000 0.011 0.010
0.001 0.002 0.034 0.000 0.000 0.000 0.001 0.025 0.000 0.000 0.000 0.009 0.065 0.006 0.000 0.000 0.000 0.000 0.002 0.043 0.000 0.022 0.000 0.000 0.010 0.006 0.019 0.070 0.070 0.005 0.076 0.017 0.082 0.082 0.000 0.014 0.028 0.000 0.087 0.010 0.061 0.100 0.005 0.099 0.087 0.051 0.041 0.003 0.132 0.132 0.005 0.695 0.000 0.128 0.000 0.000 0.000 0.098 0.048 0.000 0.042 0.164 0.034 0.008 0.025 0.022 0.015 0.039 0.016 0.006 0.000 0.002 0.006 0.005 0.004 0.009 0.010
0.002 0.002 0.000 0.000 0.000 0.000 0.000 0.025 0.035 0.000 0.000 0.053 0.033 0.121 0.021 0.072 0.000 0.000 0.003 0.000 0.000 0.000 0.064 0.074 0.004 0.083 0.034 0.000 0.080 0.008 0.011 0.009 0.013 0.012 0.000 0.023 0.000 0.075 0.012 0.037 0.006 0.110 0.000 0.000 0.196 0.000 0.100 0.012 0.006 0.005 0.026 0.008 0.173 0.154 0.000 0.000 0.052 0.000 0.013 0.015 0.000 0.000 0.077 0.033 0.019 0.016 0.016 0.000 0.024 0.018 0.011 0.008 0.007 0.006 0.005 0.008 0.009
0.008 0.006 0.006 0.046 0.136 0.000 0.002 0.000 0.002 0.002 0.000 0.109 0.157 0.052 0.000 0.102 0.032 0.032 0.000 0.000 0.000 0.000 0.000 0.012 0.006 0.052 0.000 0.132 0.000 0.108 0.010 0.085 0.075 0.075 0.009 0.062 0.012 0.065 0.085 0.000 0.005 0.020 0.030 0.008 0.132 0.066 0.000 0.034 0.018 0.020 0.000 0.004 0.001 0.183 0.000 0.000 0.000 0.000 0.035 0.017 0.013 0.006 0.047 0.421 0.009 0.006 0.026 0.018 0.022 0.019 0.015 0.012 0.009 0.008 0.007 0.008 0.009
0.000 0.000 0.072 0.000 0.000 0.024 0.000 0.000 0.077 0.000 0.612 0.008 0.071 0.018 0.058 0.001 0.001 0.000 0.000 0.000 0.044 0.003 0.044 0.000 0.003 0.051 0.000 0.000 0.080 0.000 0.016 0.031 0.033 0.033 0.014 0.027 0.024 0.002 0.012 0.028 0.073 0.114 0.602 0.069 0.073 0.058 0.000 0.094 0.000 0.000 0.032 0.001 0.177 0.180 0.000 0.000 0.000 0.003 0.002 0.047 0.010 0.039 0.006 0.023 0.013 0.004 0.022 0.020 0.021 0.020 0.017 0.014 0.012 0.010 0.008 0.009 0.009
0.099 0.099 0.007 0.040 0.004 0.003 0.114 0.134 0.016 0.000 0.000 0.028 0.202 0.022 0.004 0.000 0.002 0.000 0.002 0.001 0.000 0.006 0.000 0.041 0.041 0.021 0.128 0.004 0.060 0.100 0.002 0.035 0.000 0.000 0.009 0.009 0.037 0.094 0.054 0.494 0.020 0.092 0.005 0.079 0.000 0.040 0.043 0.023 0.033 0.029 0.102 0.008 0.173 0.175 0.000 0.000 0.000 0.002 0.059 0.008 0.014 0.000 0.038 0.036 0.019 0.014 0.020 0.020 0.021 0.020 0.019 0.016 0.014 0.012 0.010 0.010 0.010
0.049 0.049 0.000 0.004 0.018 0.020 0.054 0.000 0.044 0.000 0.000 0.000 0.158 0.045 0.000 0.000 0.013 0.012 0.030 0.000 0.020 0.006 0.000 0.031 0.007 0.012 0.012 0.000 0.000 0.000 0.006 0.138 0.064 0.064 0.094 0.009 0.042 0.032 0.072 0.094 0.000 0.023 0.084 0.011 0.000 0.033 0.061 0.005 0.079 0.079 0.020 0.029 0.000 0.166 0.000 0.000 0.000 0.012 0.000 0.067 0.010 0.006 0.048 0.033 0.016 0.014 0.018 0.020 0.021 0.021 0.019 0.018 0.016 0.014 0.012 0.011 0.011
0.000 0.000 0.000 0.129 0.099 0.000 0.034 0.000 0.014 0.000 0.000 0.000 0.020 0.120 0.000 0.033 0.000 0.000 0.003 0.070 0.029 0.000 0.053 0.000 0.006 0.176 0.006 0.002 0.003 0.006 0.129 0.000 0.051 0.051 0.011 0.000 0.048 0.166 0.177 0.000 0.023 0.063 0.083 0.000 0.076 0.046 0.114 0.103 0.000 0.000 0.594 0.075 0.010 0.157 0.000 0.594 0.000 0.051 0.598 0.000 0.555 0.000 0.053 0.034 0.015 0.014 0.018 0.020 0.021 0.021 0.020 0.019 0.017 0.015 0.014 0.012 0.012
0.110 0.110 0.010 0.089 0.000 0.121 0.000 0.000 0.025 0.000 0.132 0.000 0.004 0.146 0.000 0.000 0.005 0.003 0.060 0.003 0.014 0.000 0.001 0.000 0.003 0.030 0.000 0.125 0.000 0.000 0.000 0.000 0.035 0.034 0.113 0.072 0.024 0.166 0.016 0.000 0.000 0.033 0.035 0.015 0.026 0.082 0.072 0.068 0.592 0.592 0.039 0.000 0.141 0.144 0.000 0.014 0.000 0.000 0.006 0.000 0.004 0.069 0.062 0.043 0.021 0.017 0.019 0.020 0.021 0.021 0.021 0.020 0.018 0.017 0.015 0.014 0.013
0.300 0.300 0.100 0.000 0.112 0.000 0.000 0.000 0.026 0.000 0.000 0.000 0.000 0.159 0.000 0.001 0.035 0.035 0.000 0.006 0.015 0.032 0.000 0.000 0.009 0.016 0.052 0.001 0.015 0.002 0.018 0.000 0.110 0.110 0.007 0.441 0.069 0.113 0.003 0.012 0.067 0.098 0.008 0.015 0.000 0.038 0.000 0.082 0.000 0.000 0.016 0.136 0.137 0.133 0.127 0.000 0.000 0.000 0.002 0.062 0.063 0.063 0.063 0.061 0.039 0.030 0.026 0.024 0.023 0.023 0.022 0.021 0.020 0.019 0.017 0.016 0.015
0.006 0.003 0.005 0.113 0.000 0.000 0.001 0.017 0.016 0.000 0.020 0.006 0.004 0.174 0.000 0.000 0.000 0.000 0.003 0.017 0.000 0.038 0.000 0.000 0.000 0.081 0.013 0.000 0.000 0.038 0.006 0.039 0.049 0.049 0.027 0.108 0.095 0.045 0.035 0.005 0.046 0.487 0.000 0.030 0.529 0.542 0.000 0.079 0.062 0.053 0.564 0.018 0.000 0.121 0.112 0.099 0.096 0.000 0.063 0.060 0.059 0.058 0.056 0.052 0.047 0.035 0.037 0.033 0.030 0.028 0.027 0.025 0.024 0.022 0.021 0.019 0.018
