includes/lisflood/camargue/results_R3_t1.561737397084E12/res-0004.wd
ncols         906
nrows         631
xllcorner     362177.146667
yllcorner     6534725.688020
cellsize      20.000000
NODATA_value  -9999.000000
[rows 476 to 509 of 631, columns 539 to 615 of 906]
3.575 3.574 3.803 3.553 3.582 3.591 3.650 3.570 3.659 3.679 3.709 3.638 3.738 3.868 3.608 3.738 3.708 3.708 3.948 3.998 3.978 3.968 3.968 4.392 4.413 4.435 4.458 4.481 4.504 4.527 4.550 4.573 4.596 4.596 4.641 4.664 4.687 4.705 4.717 4.729 4.741 4.753 4.765 4.777 4.789 4.808 4.827 4.846 4.865 4.865 4.903 4.922 4.940 4.947 4.955 4.962 4.970 4.977 4.985 4.992 5.000 5.007 5.015 5.022 5.030 5.030 5.045 5.056 5.079 5.126 5.172 5.219 5.266 5.313 5.360 5.407 5.454
3.656 3.655 3.804 3.593 3.643 3.682 3.581 3.651 3.690 3.780 3.740 3.799 3.779 3.759 3.829 3.779 3.889 3.889 3.969 3.869 3.940 4.364 4.381 4.402 4.424 4.445 4.467 4.489 4.511 4.534 4.557 4.580 4.603 4.603 4.649 4.671 4.694 4.713 4.725 4.737 4.749 4.761 4.773 4.787 4.806 4.825 4.844 4.863 4.882 4.882 4.920 4.939 4.958 4.966 4.973 4.980 4.988 4.995 5.003 5.010 5.018 5.026 5.033 5.041 5.048 5.048 5.063 5.078 5.127 5.174 5.221 5.268 5.314 5.362 5.409 5.456 5.503
3.777 3.776 3.755 3.634 3.654 3.673 3.702 3.792 3.712 3.751 3.721 3.821 3.930 3.780 3.861 3.881 3.821 3.821 4.391 4.001 4.389 4.387 4.400 4.422 4.443 4.465 4.487 4.508 4.530 4.551 4.573 4.594 4.617 4.617 4.662 4.685 4.708 4.729 4.741 4.753 4.765 4.782 4.801 4.820 4.839 4.858 4.877 4.896 4.915 4.915 4.953 4.972 4.991 5.001 5.008 5.016 5.023 5.031 5.038 5.046 5.053 5.061 5.069 5.076 5.083 5.084 5.098 5.105 5.162 5.224 5.287 5.349 5.410 5.457 5.504 5.551 5.598
3.838 3.837 3.716 3.795 3.695 3.774 3.734 3.663 3.783 3.702 3.782 3.872 3.792 3.912 3.892 3.902 3.952 3.952 4.404 4.402 4.401 4.400 4.411 4.432 4.454 4.475 4.497 4.518 4.540 4.561 4.583 4.604 4.626 4.626 4.670 4.692 4.715 4.738 4.750 4.762 4.780 4.799 4.818 4.837 4.856 4.875 4.894 4.913 4.932 4.932 4.970 4.989 5.007 5.019 5.027 5.034 5.042 5.049 5.057 5.064 5.072 5.079 5.087 5.094 5.101 5.102 5.116 5.123 5.173 5.235 5.298 5.360 5.423 5.485 5.548 5.599 5.646
3.709 3.708 3.867 3.757 3.796 3.795 3.705 3.914 3.734 3.754 3.944 3.863 3.853 4.423 3.923 3.933 3.863 3.863 4.416 4.414 4.413 4.412 4.421 4.443 4.464 4.486 4.507 4.529 4.550 4.572 4.593 4.615 4.636 4.636 4.679 4.701 4.723 4.745 4.759 4.778 4.797 4.816 4.835 4.854 4.873 4.892 4.911 4.930 4.949 4.949 4.987 5.005 5.024 5.038 5.045 5.053 5.060 5.067 5.075 5.083 5.090 5.098 5.105 5.112 5.119 5.120 5.134 5.141 5.185 5.247 5.309 5.372 5.434 5.497 5.559 5.622 5.684
3.830 3.829 3.909 3.758 3.817 3.816 3.706 3.706 3.925 3.805 3.895 4.055 3.884 3.844 3.914 3.884 3.984 3.984 4.428 4.427 4.425 4.424 4.431 4.453 4.475 4.496 4.517 4.539 4.560 4.582 4.603 4.625 4.646 4.646 4.689 4.711 4.732 4.755 4.776 4.795 4.814 4.833 4.852 4.871 4.890 4.909 4.928 4.947 4.966 4.966 5.003 5.022 5.041 5.056 5.063 5.071 5.078 5.086 5.093 5.101 5.108 5.116 5.123 5.130 5.137 5.138 5.152 5.159 5.196 5.258 5.321 5.383 5.446 5.508 5.571 5.633 5.695
3.761 3.760 4.000 3.819 3.818 4.008 4.047 3.957 3.907 3.786 3.916 3.976 3.896 3.915 3.876 3.895 3.926 3.926 4.440 4.439 4.437 4.436 4.442 4.463 4.485 4.506 4.528 4.549 4.571 4.592 4.613 4.635 4.656 4.656 4.699 4.721 4.743 4.766 4.788 4.809 4.830 4.850 4.869 4.888 4.907 4.926 4.945 4.963 4.982 4.982 5.020 5.039 5.058 5.074 5.082 5.089 5.097 5.104 5.112 5.119 5.127 5.134 5.141 5.148 5.155 5.156 5.170 5.177 5.207 5.270 5.332 5.395 5.457 5.519 5.582 5.644 5.707
3.982 3.981 3.881 3.890 3.780 3.979 3.949 3.988 3.948 3.758 3.917 4.463 4.047 4.460 4.017 3.987 4.017 4.017 4.452 4.451 4.450 4.448 4.452 4.473 4.495 4.516 4.538 4.559 4.581 4.602 4.624 4.645 4.666 4.666 4.710 4.732 4.755 4.778 4.800 4.821 4.842 4.862 4.883 4.904 4.924 4.942 4.961 4.980 4.999 4.999 5.037 5.056 5.075 5.092 5.100 5.107 5.115 5.122 5.130 5.137 5.144 5.152 5.159 5.166 5.173 5.174 5.188 5.195 5.219 5.281 5.344 5.406 5.468 5.531 5.593 5.656 5.718
3.763 3.763 3.892 3.901 4.031 4.011 3.960 3.960 3.939 3.929 4.477 4.476 3.959 3.958 3.988 3.988 3.968 3.968 4.465 4.463 4.462 4.460 4.462 4.484 4.505 4.527 4.548 4.569 4.591 4.612 4.634 4.655 4.677 4.677 4.721 4.744 4.767 4.790 4.812 4.833 4.854 4.875 4.895 4.916 4.937 4.958 4.978 4.997 5.016 5.016 5.054 5.073 5.092 5.111 5.118 5.126 5.133 5.141 5.148 5.155 5.163 5.170 5.177 5.184 5.191 5.192 5.206 5.213 5.230 5.293 5.355 5.417 5.480 5.542 5.605 5.667 5.730
3.995 3.994 4.043 4.003 4.022 4.042 4.042 4.496 3.951 4.030 4.490 4.488 4.000 4.020 3.979 4.481 4.039 4.039 4.477 4.475 4.474 4.472 4.472 4.494 4.515 4.537 4.558 4.580 4.601 4.623 4.644 4.666 4.688 4.688 4.733 4.756 4.779 4.802 4.824 4.845 4.866 4.887 4.907 4.928 4.949 4.970 4.991 5.012 5.033 5.033 5.071 5.090 5.109 5.128 5.137 5.144 5.151 5.159 5.166 5.173 5.181 5.188 5.195 5.202 5.209 5.210 5.224 5.231 5.242 5.304 5.366 5.429 5.491 5.554 5.616 5.678 5.741
3.976 3.975 4.157 4.213 4.074 4.043 4.043 4.512 3.992 4.505 4.502 3.951 3.981 4.041 3.951 3.970 4.492 4.492 4.489 4.488 4.486 4.485 4.483 4.504 4.525 4.547 4.568 4.590 4.611 4.633 4.654 4.677 4.700 4.700 4.745 4.768 4.791 4.814 4.836 4.857 4.878 4.899 4.919 4.940 4.961 4.982 5.003 5.024 5.045 5.045 5.086 5.107 5.126 5.145 5.155 5.162 5.169 5.177 5.184 5.191 5.198 5.206 5.213 5.220 5.227 5.228 5.242 5.249 5.256 5.315 5.378 5.440 5.503 5.565 5.627 5.690 5.752
4.055 4.054 4.006 4.065 4.228 4.075 4.044 4.527 4.073 4.521 4.517 4.514 4.511 4.509 4.507 4.506 4.504 4.504 4.501 4.500 4.498 4.497 4.495 4.514 4.536 4.557 4.579 4.600 4.622 4.643 4.666 4.689 4.712 4.712 4.757 4.780 4.803 4.826 4.848 4.869 4.890 4.911 4.932 4.952 4.973 4.994 5.015 5.036 5.057 5.057 5.099 5.119 5.140 5.161 5.173 5.180 5.187 5.195 5.202 5.209 5.216 5.224 5.231 5.238 5.245 5.246 5.260 5.267 5.274 5.327 5.389 5.452 5.514 5.576 5.639 5.701 5.764
4.007 4.007 4.057 4.135 4.236 4.337 4.438 4.539 4.015 4.536 4.533 4.530 4.526 4.023 4.013 4.518 4.517 4.517 4.514 4.512 4.511 4.509 4.508 4.525 4.546 4.568 4.589 4.610 4.633 4.656 4.678 4.701 4.724 4.724 4.769 4.792 4.815 4.838 4.860 4.881 4.902 4.923 4.944 4.965 4.985 5.006 5.027 5.048 5.069 5.069 5.111 5.132 5.152 5.179 5.197 5.201 5.205 5.212 5.220 5.227 5.234 5.241 5.249 5.256 5.263 5.263 5.278 5.285 5.292 5.338 5.401 5.463 5.525 5.588 5.650 5.712 5.762
4.069 4.069 4.028 4.038 4.244 4.345 4.446 4.547 4.555 4.552 4.075 4.545 4.542 4.539 4.536 4.533 4.530 4.530 4.526 4.525 4.523 4.522 4.520 4.535 4.557 4.578 4.599 4.622 4.645 4.668 4.690 4.713 4.736 4.736 4.781 4.804 4.827 4.850 4.872 4.893 4.914 4.935 4.956 4.977 4.998 5.018 5.039 5.060 5.081 5.081 5.123 5.144 5.171 5.201 5.223 5.227 5.231 5.236 5.240 5.245 5.252 5.259 5.267 5.274 5.281 5.281 5.296 5.303 5.310 5.350 5.412 5.474 5.537 5.599 5.657 5.707 5.757
3.950 3.949 4.050 4.029 4.252 4.353 4.454 4.555 4.570 4.567 4.564 4.561 4.557 4.554 4.551 4.548 4.545 4.545 4.539 4.537 4.535 4.534 4.532 4.546 4.567 4.589 4.612 4.634 4.657 4.680 4.702 4.725 4.748 4.748 4.793 4.816 4.839 4.862 4.884 4.906 4.926 4.947 4.968 4.989 5.010 5.031 5.051 5.072 5.093 5.093 5.135 5.162 5.192 5.222 5.249 5.253 5.258 5.262 5.266 5.270 5.274 5.279 5.285 5.292 5.299 5.300 5.314 5.321 5.328 5.361 5.423 5.486 5.548 5.603 5.652 5.701 5.751
3.958 3.957 4.041 4.160 3.970 4.362 4.462 4.563 4.586 4.583 4.579 4.576 4.573 4.570 4.567 4.564 4.561 4.561 4.555 4.552 4.549 4.546 4.544 4.556 4.578 4.601 4.624 4.646 4.669 4.692 4.715 4.737 4.760 4.760 4.805 4.828 4.851 4.874 4.896 4.918 4.938 4.959 4.980 5.001 5.022 5.043 5.063 5.084 5.105 5.105 5.154 5.184 5.214 5.243 5.273 5.280 5.284 5.288 5.292 5.297 5.301 5.305 5.309 5.314 5.318 5.318 5.332 5.339 5.346 5.372 5.435 5.497 5.548 5.597 5.646 5.696 5.745
3.959 3.959 4.042 4.161 3.972 4.363 4.464 4.564 4.587 4.584 4.580 4.577 4.574 4.571 4.568 4.565 4.562 4.562 4.556 4.553 4.550 4.547 4.546 4.557 4.580 4.602 4.625 4.648 4.670 4.693 4.716 4.739 4.761 4.761 4.807 4.829 4.852 4.875 4.898 4.919 4.940 4.960 4.981 5.002 5.023 5.044 5.065 5.085 5.106 5.107 5.155 5.185 5.215 5.244 5.274 5.281 5.285 5.289 5.293 5.298 5.302 5.306 5.310 5.315 5.319 5.319 5.333 5.340 5.347 5.373 5.436 5.498 5.549 5.598 5.647 5.697 5.747
4.045 4.044 4.054 4.169 4.270 4.082 4.472 4.051 4.603 4.599 4.596 4.593 4.590 4.587 4.584 4.581 4.578 4.577 4.571 4.568 4.566 4.563 4.560 4.569 4.592 4.615 4.637 4.660 4.683 4.706 4.728 4.751 4.773 4.773 4.819 4.841 4.864 4.887 4.910 4.931 4.952 4.973 4.993 5.014 5.035 5.056 5.077 5.098 5.119 5.119 5.176 5.206 5.236 5.266 5.296 5.307 5.312 5.316 5.320 5.324 5.328 5.332 5.337 5.341 5.345 5.345 5.353 5.358 5.365 5.384 5.444 5.494 5.543 5.593 5.642 5.692 5.741
3.982 3.982 4.083 4.184 4.285 4.385 4.486 4.587 4.632 4.629 4.626 4.623 4.619 4.616 4.613 4.610 4.607 4.607 4.601 4.598 4.603 4.609 4.614 4.625 4.639 4.653 4.668 4.683 4.706 4.729 4.751 4.774 4.796 4.796 4.842 4.864 4.887 4.910 4.932 4.954 4.975 4.996 5.017 5.038 5.058 5.079 5.100 5.129 5.159 5.159 5.218 5.248 5.278 5.307 5.337 5.359 5.363 5.367 5.371 5.376 5.380 5.384 5.388 5.392 5.397 5.397 5.405 5.409 5.413 5.417 5.454 5.491 5.531 5.581 5.630 5.680 5.729
3.990 3.990 4.091 4.192 4.293 4.394 4.084 4.595 4.648 4.645 4.641 4.638 4.635 4.632 4.629 4.626 4.623 4.623 4.619 4.625 4.631 4.637 4.643 4.653 4.667 4.682 4.696 4.710 4.725 4.741 4.763 4.786 4.809 4.808 4.854 4.876 4.899 4.922 4.945 4.967 4.988 5.008 5.029 5.050 5.071 5.092 5.121 5.150 5.180 5.180 5.239 5.269 5.299 5.329 5.359 5.385 5.390 5.394 5.398 5.402 5.406 5.410 5.414 5.419 5.423 5.423 5.431 5.435 5.439 5.443 5.476 5.513 5.550 5.588 5.625 5.674 5.724
3.998 3.998 4.099 4.200 4.301 4.402 4.503 4.603 4.663 4.660 4.657 4.654 4.651 4.647 4.644 4.641 4.638 4.638 4.647 4.653 4.659 4.665 4.671 4.681 4.696 4.710 4.724 4.739 4.753 4.767 4.781 4.798 4.821 4.820 4.866 4.888 4.911 4.934 4.957 4.979 5.000 5.020 5.041 5.062 5.083 5.113 5.142 5.172 5.201 5.202 5.261 5.291 5.321 5.350 5.380 5.410 5.416 5.420 5.424 5.428 5.432 5.437 5.441 5.445 5.449 5.449 5.457 5.461 5.465 5.469 5.498 5.535 5.572 5.610 5.647 5.685 5.722
4.006 4.006 4.107 4.208 4.309 4.410 4.510 4.086 4.679 4.676 4.672 4.669 4.666 4.663 4.660 4.658 4.664 4.664 4.675 4.681 4.687 4.693 4.699 4.709 4.724 4.738 4.752 4.767 4.781 4.796 4.810 4.824 4.838 4.838 4.878 4.901 4.923 4.946 4.969 4.991 5.012 5.033 5.054 5.075 5.104 5.134 5.164 5.193 5.223 5.223 5.282 5.312 5.342 5.372 5.401 5.431 5.442 5.446 5.451 5.455 5.459 5.463 5.467 5.471 5.476 5.476 5.483 5.487 5.491 5.495 5.520 5.557 5.594 5.632 5.669 5.707 5.744
4.014 4.014 4.115 4.216 4.316 4.417 4.518 4.619 4.694 4.691 4.688 4.684 4.681 4.678 4.680 4.686 4.692 4.692 4.703 4.709 4.716 4.721 4.727 4.737 4.752 4.766 4.781 4.795 4.809 4.824 4.838 4.852 4.866 4.866 4.895 4.913 4.935 4.958 4.981 5.004 5.024 5.045 5.066 5.096 5.126 5.155 5.185 5.215 5.244 5.244 5.304 5.334 5.363 5.393 5.423 5.452 5.469 5.473 5.477 5.481 5.485 5.489 5.493 5.498 5.502 5.502 5.509 5.513 5.517 5.521 5.542 5.579 5.616 5.654 5.691 5.729 5.766
4.032 4.031 4.123 4.080 4.324 4.425 4.526 4.627 4.710 4.706 4.703 4.700 4.697 4.702 4.708 4.714 4.720 4.720 4.732 4.738 4.744 4.750 4.756 4.766 4.780 4.795 4.809 4.823 4.838 4.852 4.866 4.880 4.894 4.894 4.923 4.937 4.951 4.970 4.993 5.016 5.037 5.058 5.088 5.118 5.147 5.177 5.207 5.236 5.266 5.266 5.325 5.355 5.385 5.414 5.444 5.474 5.495 5.499 5.503 5.507 5.512 5.516 5.520 5.524 5.528 5.528 5.536 5.539 5.543 5.547 5.564 5.601 5.638 5.676 5.713 5.751 5.788
4.107 4.106 4.179 4.252 4.332 4.433 4.534 4.635 4.725 4.722 4.719 4.719 4.725 4.730 4.736 4.742 4.748 4.748 4.760 4.766 4.772 4.778 4.784 4.794 4.808 4.823 4.837 4.851 4.866 4.880 4.894 4.908 4.923 4.922 4.951 4.965 4.979 4.994 5.008 5.028 5.050 5.080 5.109 5.139 5.169 5.198 5.228 5.258 5.287 5.287 5.346 5.376 5.406 5.436 5.466 5.495 5.522 5.526 5.530 5.534 5.538 5.542 5.546 5.550 5.554 5.554 5.562 5.566 5.569 5.573 5.586 5.623 5.660 5.698 5.735 5.773 5.810
4.182 4.182 4.255 4.327 4.400 4.473 4.547 4.643 4.740 4.737 4.742 4.747 4.753 4.759 4.764 4.770 4.776 4.776 4.788 4.794 4.800 4.806 4.812 4.822 4.836 4.851 4.865 4.880 4.894 4.908 4.922 4.937 4.951 4.951 4.979 4.993 5.008 5.022 5.036 5.048 5.066 5.098 5.130 5.160 5.190 5.220 5.249 5.279 5.308 5.309 5.368 5.398 5.427 5.457 5.487 5.517 5.546 5.552 5.556 5.561 5.564 5.568 5.572 5.576 5.580 5.580 5.588 5.592 5.595 5.599 5.608 5.645 5.682 5.720 5.757 5.795 5.832
4.257 4.257 4.330 4.403 4.476 4.549 4.622 4.695 4.758 4.764 4.770 4.775 4.781 4.787 4.792 4.798 4.804 4.804 4.816 4.822 4.828 4.834 4.840 4.850 4.864 4.879 4.893 4.908 4.922 4.936 4.950 4.965 4.979 4.979 5.007 5.021 5.036 5.048 5.058 5.068 5.079 5.104 5.136 5.168 5.200 5.233 5.265 5.297 5.329 5.329 5.389 5.419 5.449 5.478 5.508 5.538 5.568 5.579 5.583 5.587 5.590 5.594 5.598 5.602 5.606 5.606 5.614 5.618 5.622 5.625 5.630 5.667 5.704 5.742 5.779 5.816 5.854
4.333 4.332 4.405 4.478 4.551 4.624 4.697 4.747 4.787 4.793 4.798 4.803 4.809 4.815 4.821 4.826 4.832 4.832 4.844 4.850 4.856 4.862 4.868 4.878 4.892 4.907 4.921 4.936 4.950 4.964 4.979 4.993 5.007 5.007 5.035 5.048 5.058 5.068 5.078 5.088 5.099 5.110 5.142 5.174 5.206 5.238 5.270 5.303 5.335 5.335 5.399 5.431 5.464 5.496 5.528 5.559 5.589 5.605 5.609 5.613 5.617 5.620 5.624 5.628 5.632 5.632 5.640 5.644 5.648 5.652 5.655 5.689 5.726 5.764 5.801 5.838 5.876
4.408 4.407 4.480 4.553 4.626 4.694 4.735 4.776 4.817 4.823 4.828 4.832 4.837 4.843 4.849 4.854 4.860 4.860 4.872 4.878 4.884 4.890 4.896 4.906 4.920 4.935 4.949 4.964 4.978 4.992 5.007 5.021 5.035 5.035 5.058 5.068 5.078 5.088 5.098 5.108 5.119 5.129 5.148 5.180 5.212 5.244 5.276 5.308 5.341 5.341 5.405 5.437 5.470 5.502 5.534 5.567 5.599 5.629 5.635 5.639 5.643 5.647 5.651 5.654 5.658 5.658 5.666 5.670 5.674 5.678 5.681 5.711 5.748 5.785 5.823 5.860 5.898
4.483 4.482 4.555 4.628 4.682 4.723 4.764 4.805 4.846 4.853 4.857 4.862 4.867 4.872 4.877 4.882 4.888 4.888 4.900 4.906 4.912 4.918 4.924 4.934 4.948 4.963 4.977 4.992 5.006 5.020 5.035 5.048 5.058 5.058 5.078 5.088 5.098 5.108 5.118 5.128 5.139 5.149 5.160 5.186 5.218 5.250 5.282 5.314 5.346 5.346 5.411 5.443 5.475 5.507 5.540 5.572 5.614 5.651 5.657 5.662 5.667 5.673 5.677 5.680 5.684 5.684 5.692 5.696 5.700 5.704 5.708 5.733 5.770 5.807 5.845 5.882 5.915
4.558 4.558 4.630 4.671 4.712 4.752 4.793 4.834 4.875 4.882 4.887 4.892 4.897 4.902 4.907 4.912 4.917 4.917 4.928 4.934 4.940 4.946 4.952 4.962 4.977 4.991 5.005 5.020 5.034 5.048 5.058 5.068 5.078 5.078 5.098 5.108 5.118 5.128 5.138 5.148 5.159 5.169 5.180 5.191 5.224 5.256 5.288 5.320 5.352 5.352 5.416 5.449 5.481 5.513 5.546 5.587 5.630 5.672 5.679 5.684 5.689 5.695 5.700 5.705 5.710 5.711 5.718 5.722 5.726 5.730 5.734 5.755 5.792 5.829 5.867 5.897 5.924
4.619 4.619 4.659 4.700 4.741 4.781 4.822 4.863 4.904 4.912 4.917 4.922 4.927 4.932 4.937 4.941 4.947 4.947 4.957 4.962 4.968 4.974 4.980 4.990 5.005 5.019 5.033 5.048 5.058 5.068 5.078 5.088 5.098 5.098 5.118 5.128 5.138 5.148 5.158 5.168 5.179 5.189 5.199 5.210 5.229 5.261 5.294 5.326 5.358 5.358 5.422 5.455 5.487 5.519 5.559 5.602 5.645 5.687 5.701 5.706 5.711 5.717 5.722 5.727 5.733 5.733 5.743 5.748 5.752 5.756 5.760 5.777 5.814 5.850 5.878 5.906 5.933
4.620 4.620 4.660 4.701 4.742 4.782 4.823 4.864 4.905 4.913 4.918 4.923 4.928 4.933 4.938 4.943 4.948 4.948 4.958 4.964 4.970 4.976 4.981 4.991 5.006 5.020 5.034 5.049 5.059 5.069 5.079 5.089 5.099 5.099 5.119 5.129 5.139 5.149 5.159 5.169 5.180 5.190 5.201 5.211 5.230 5.262 5.295 5.327 5.359 5.359 5.423 5.456 5.488 5.520 5.560 5.603 5.646 5.689 5.702 5.707 5.712 5.718 5.723 5.728 5.734 5.734 5.744 5.749 5.753 5.757 5.761 5.778 5.815 5.851 5.879 5.907 5.934
4.649 4.649 4.689 4.730 4.771 4.811 4.852 4.893 4.934 4.943 4.948 4.953 4.958 4.963 4.968 4.973 4.978 4.978 4.988 4.993 4.998 5.004 5.009 5.019 5.034 5.048 5.059 5.069 5.079 5.089 5.099 5.109 5.119 5.119 5.139 5.149 5.159 5.169 5.179 5.189 5.199 5.210 5.220 5.231 5.241 5.268 5.300 5.332 5.365 5.365 5.429 5.461 5.494 5.533 5.575 5.618 5.661 5.704 5.724 5.729 5.734 5.740 5.745 5.750 5.756 5.756 5.766 5.772 5.777 5.783 5.787 5.800 5.833 5.860 5.888 5.915 5.943
