includes/lisflood/camargue/results_R3_t1.561737397084E12/res-0002.wdfp
ncols         906
nrows         631
xllcorner     362177.146667
yllcorner     6534725.688020
cellsize      20.000000
NODATA_value  -9999.000000
[rows 510 to 543 of 631, columns 616 to 692 of 906]
4.780 4.807 4.835 4.862 4.916 4.916 4.943 4.971 4.991 5.011 5.031 5.051 5.070 5.090 5.110 5.130 5.149 5.162 5.176 5.189 5.190 5.190 5.172 5.155 5.138 5.121 5.114 5.107 5.101 5.094 5.088 5.082 5.075 5.059 4.989 4.920 4.781 4.781 4.712 4.643 4.574 4.519 4.486 4.453 4.420 4.423 4.460 4.497 4.559 4.631 4.703 4.775 4.919 4.919 4.991 5.054 5.102 5.149 5.197 5.244 5.292 5.300 5.249 5.198 5.148 5.097 5.046 5.057 5.068 5.069 5.091 5.103 5.114 5.126 5.137 5.126 5.114
4.796 4.823 4.851 4.878 4.932 4.932 4.959 4.987 5.008 5.028 5.048 5.068 5.087 5.107 5.120 5.133 5.147 5.160 5.173 5.186 5.189 5.189 5.172 5.154 5.137 5.120 5.102 5.085 5.068 5.056 5.049 5.043 5.036 5.014 4.945 4.876 4.739 4.739 4.706 4.674 4.641 4.608 4.575 4.542 4.509 4.516 4.552 4.589 4.626 4.663 4.705 4.777 4.921 4.921 4.991 5.038 5.086 5.133 5.181 5.228 5.276 5.323 5.363 5.312 5.261 5.213 5.225 5.236 5.248 5.248 5.271 5.282 5.294 5.305 5.317 5.328 5.320
4.824 4.837 4.859 4.886 4.941 4.941 4.968 4.995 5.017 5.036 5.056 5.076 5.093 5.106 5.119 5.132 5.145 5.158 5.172 5.185 5.189 5.189 5.171 5.154 5.137 5.119 5.102 5.085 5.068 5.050 5.033 5.024 5.017 4.992 4.923 4.854 4.784 4.784 4.751 4.718 4.685 4.652 4.620 4.587 4.554 4.562 4.599 4.636 4.673 4.709 4.746 4.783 4.922 4.922 4.983 5.031 5.078 5.126 5.173 5.221 5.268 5.316 5.363 5.369 5.318 5.303 5.315 5.326 5.338 5.338 5.361 5.372 5.383 5.395 5.407 5.418 5.424
4.866 4.878 4.890 4.903 4.949 4.949 4.976 5.003 5.025 5.045 5.065 5.078 5.091 5.105 5.118 5.131 5.144 5.157 5.170 5.184 5.188 5.188 5.171 5.154 5.137 5.119 5.102 5.085 5.068 5.050 5.033 5.016 4.998 4.970 4.927 4.894 4.828 4.828 4.796 4.763 4.730 4.697 4.664 4.631 4.598 4.608 4.645 4.682 4.719 4.756 4.793 4.830 4.923 4.923 4.975 5.023 5.071 5.118 5.166 5.213 5.260 5.308 5.355 5.403 5.381 5.393 5.405 5.416 5.427 5.427 5.450 5.462 5.473 5.485 5.496 5.508 5.519
4.907 4.919 4.932 4.944 4.968 4.968 4.984 5.011 5.034 5.051 5.064 5.077 5.090 5.103 5.116 5.130 5.143 5.156 5.169 5.182 5.188 5.188 5.171 5.154 5.136 5.119 5.102 5.084 5.067 5.050 5.033 5.016 5.015 5.018 4.972 4.939 4.873 4.873 4.840 4.807 4.775 4.742 4.709 4.676 4.643 4.655 4.692 4.729 4.765 4.802 4.839 4.876 4.943 4.943 4.987 5.034 5.081 5.129 5.176 5.223 5.270 5.317 5.364 5.412 5.484 5.496 5.507 5.519 5.531 5.531 5.555 5.566 5.578 5.590 5.602 5.614 5.625
4.949 4.961 4.973 4.985 5.010 5.010 5.022 5.034 5.037 5.050 5.063 5.076 5.089 5.102 5.115 5.128 5.142 5.155 5.168 5.181 5.188 5.188 5.171 5.153 5.136 5.119 5.101 5.084 5.067 5.050 5.032 5.058 5.087 5.093 5.044 4.994 4.918 4.918 4.885 4.852 4.819 4.786 4.754 4.721 4.688 4.701 4.738 4.775 4.812 4.848 4.885 4.921 4.978 4.978 5.016 5.063 5.111 5.158 5.205 5.252 5.299 5.346 5.393 5.466 5.573 5.614 5.625 5.637 5.649 5.649 5.673 5.684 5.696 5.708 5.720 5.732 5.828
4.990 5.002 5.014 5.027 5.051 5.051 5.059 5.054 5.053 5.057 5.062 5.075 5.088 5.101 5.114 5.127 5.140 5.154 5.167 5.180 5.188 5.188 5.170 5.153 5.136 5.118 5.101 5.084 5.067 5.070 5.100 5.130 5.159 5.169 5.119 5.069 4.970 4.970 4.930 4.897 4.864 4.831 4.798 4.765 4.733 4.748 4.784 4.821 4.858 4.895 4.927 4.956 5.012 5.012 5.045 5.092 5.140 5.187 5.234 5.281 5.328 5.375 5.431 5.538 5.645 5.732 5.743 5.755 5.767 5.767 5.791 5.802 5.814 5.826 5.838 5.850 6.078
5.031 5.043 5.056 5.068 5.082 5.082 5.077 5.072 5.070 5.074 5.079 5.083 5.087 5.100 5.113 5.126 5.139 5.152 5.166 5.179 5.187 5.187 5.170 5.153 5.136 5.118 5.101 5.084 5.112 5.142 5.172 5.202 5.232 5.244 5.194 5.144 5.045 5.045 4.995 4.946 4.908 4.876 4.843 4.810 4.777 4.794 4.831 4.868 4.904 4.933 4.962 4.990 5.047 5.047 5.075 5.122 5.169 5.216 5.263 5.310 5.357 5.404 5.503 5.609 5.716 5.823 5.861 5.873 5.885 5.885 5.909 5.920 5.932 5.944 5.956 6.096 6.328
5.072 5.085 5.097 5.109 5.100 5.100 5.095 5.090 5.087 5.092 5.096 5.100 5.104 5.108 5.112 5.125 5.138 5.151 5.164 5.178 5.187 5.187 5.170 5.153 5.135 5.118 5.125 5.155 5.185 5.214 5.244 5.274 5.304 5.319 5.269 5.219 5.120 5.120 5.070 5.021 4.971 4.922 4.887 4.855 4.822 4.840 4.877 4.911 4.940 4.968 4.996 5.025 5.082 5.082 5.110 5.151 5.198 5.245 5.292 5.339 5.386 5.468 5.574 5.681 5.788 5.894 5.980 5.991 6.003 6.003 6.027 6.038 6.050 6.062 6.114 6.346 6.579
5.114 5.126 5.133 5.127 5.117 5.117 5.112 5.107 5.104 5.109 5.113 5.117 5.121 5.125 5.129 5.133 5.137 5.150 5.163 5.176 5.187 5.187 5.170 5.152 5.137 5.167 5.197 5.227 5.257 5.286 5.316 5.346 5.376 5.394 5.344 5.295 5.195 5.195 5.146 5.096 5.046 4.997 4.947 4.899 4.866 4.887 4.917 4.946 4.974 5.002 5.031 5.059 5.116 5.116 5.144 5.180 5.227 5.274 5.321 5.368 5.433 5.539 5.646 5.753 5.859 5.966 6.073 6.109 6.121 6.121 6.145 6.156 6.168 6.180 6.364 6.596 6.829
5.155 5.155 5.150 5.145 5.135 5.135 5.130 5.125 5.122 5.126 5.130 5.134 5.138 5.142 5.146 5.150 5.154 5.159 5.163 5.175 5.187 5.187 5.169 5.180 5.210 5.239 5.269 5.299 5.329 5.359 5.388 5.418 5.448 5.469 5.419 5.370 5.270 5.270 5.221 5.171 5.121 5.072 5.022 4.972 4.936 4.923 4.952 4.980 5.008 5.037 5.065 5.094 5.150 5.150 5.179 5.208 5.256 5.303 5.350 5.398 5.504 5.611 5.718 5.824 5.931 6.037 6.144 6.227 6.239 6.239 6.263 6.274 6.286 6.382 6.614 6.846 7.079
5.178 5.173 5.168 5.163 5.153 5.153 5.148 5.143 5.139 5.143 5.147 5.151 5.155 5.159 5.163 5.167 5.171 5.176 5.180 5.184 5.192 5.192 5.222 5.252 5.282 5.311 5.341 5.371 5.401 5.431 5.460 5.490 5.520 5.544 5.494 5.445 5.345 5.345 5.296 5.246 5.196 5.147 5.097 5.097 5.130 5.123 5.091 5.059 5.043 5.071 5.100 5.128 5.185 5.185 5.213 5.242 5.284 5.332 5.379 5.469 5.576 5.682 5.789 5.896 6.002 6.109 6.216 6.322 6.357 6.357 6.381 6.392 6.404 6.632 6.864 7.097 7.329
5.196 5.191 5.186 5.181 5.171 5.171 5.166 5.160 5.156 5.160 5.164 5.168 5.172 5.176 5.180 5.184 5.189 5.193 5.197 5.201 5.273 5.273 5.295 5.324 5.354 5.383 5.413 5.443 5.473 5.503 5.532 5.562 5.592 5.619 5.570 5.520 5.420 5.421 5.371 5.321 5.272 5.225 5.258 5.291 5.324 5.325 5.293 5.261 5.229 5.197 5.165 5.163 5.219 5.219 5.248 5.276 5.313 5.361 5.434 5.541 5.647 5.754 5.861 5.967 6.074 6.180 6.287 6.394 6.475 6.475 6.499 6.510 6.650 6.882 7.114 7.347 7.579
5.214 5.209 5.204 5.199 5.188 5.188 5.183 5.178 5.173 5.177 5.181 5.185 5.189 5.193 5.197 5.202 5.206 5.210 5.214 5.265 5.359 5.359 5.382 5.405 5.427 5.456 5.485 5.515 5.545 5.575 5.605 5.634 5.664 5.694 5.645 5.595 5.495 5.496 5.446 5.396 5.385 5.418 5.452 5.485 5.518 5.527 5.495 5.463 5.431 5.399 5.367 5.335 5.271 5.271 5.282 5.311 5.342 5.399 5.506 5.612 5.719 5.826 5.932 6.039 6.145 6.252 6.359 6.465 6.572 6.572 6.617 6.667 6.900 7.132 7.365 7.597 7.829
5.214 5.209 5.204 5.199 5.189 5.189 5.183 5.178 5.173 5.177 5.181 5.185 5.190 5.194 5.198 5.202 5.206 5.210 5.214 5.266 5.359 5.359 5.382 5.405 5.427 5.456 5.486 5.515 5.545 5.575 5.605 5.635 5.664 5.694 5.645 5.595 5.496 5.496 5.446 5.397 5.386 5.419 5.452 5.485 5.518 5.527 5.495 5.463 5.431 5.399 5.367 5.335 5.271 5.271 5.282 5.311 5.343 5.399 5.506 5.613 5.719 5.826 5.932 6.039 6.146 6.252 6.359 6.465 6.572 6.572 6.617 6.668 6.900 7.132 7.365 7.597 7.830
5.232 5.227 5.222 5.216 5.206 5.206 5.201 5.196 5.191 5.194 5.198 5.203 5.207 5.211 5.215 5.219 5.223 5.247 5.298 5.350 5.446 5.446 5.469 5.491 5.514 5.537 5.559 5.587 5.617 5.647 5.677 5.707 5.737 5.766 5.720 5.670 5.571 5.571 5.521 5.546 5.579 5.613 5.646 5.679 5.712 5.729 5.697 5.665 5.633 5.601 5.569 5.537 5.473 5.473 5.441 5.409 5.377 5.471 5.578 5.684 5.791 5.897 6.004 6.110 6.217 6.324 6.430 6.537 6.643 6.643 6.735 6.918 7.150 7.383 7.615 7.847 8.080
5.249 5.244 5.239 5.234 5.224 5.224 5.219 5.214 5.209 5.211 5.216 5.220 5.224 5.228 5.232 5.236 5.280 5.331 5.383 5.435 5.532 5.533 5.555 5.578 5.601 5.623 5.646 5.668 5.691 5.719 5.749 5.779 5.809 5.838 5.795 5.745 5.674 5.674 5.707 5.740 5.773 5.807 5.840 5.873 5.906 5.931 5.899 5.867 5.835 5.803 5.771 5.739 5.675 5.675 5.643 5.611 5.597 5.647 5.742 5.836 5.931 6.025 6.120 6.214 6.308 6.403 6.502 6.608 6.715 6.715 6.935 7.168 7.400 7.633 7.865 8.098 8.330
5.285 5.280 5.275 5.269 5.259 5.259 5.254 5.249 5.244 5.245 5.250 5.254 5.258 5.293 5.345 5.397 5.449 5.500 5.552 5.604 5.705 5.705 5.728 5.751 5.773 5.796 5.819 5.841 5.864 5.887 5.909 5.932 5.955 5.982 5.962 5.995 6.061 6.061 6.095 6.128 6.161 6.194 6.227 6.260 6.293 6.327 6.302 6.270 6.238 6.206 6.174 6.142 6.083 6.083 6.069 6.055 6.041 6.027 6.121 6.216 6.310 6.405 6.499 6.593 6.688 6.782 6.877 6.971 7.066 7.066 7.391 7.604 7.836 8.067 8.299 8.530 8.762
5.303 5.298 5.293 5.288 5.277 5.277 5.272 5.267 5.262 5.262 5.267 5.275 5.326 5.378 5.430 5.481 5.533 5.585 5.637 5.688 5.792 5.792 5.815 5.837 5.860 5.882 5.905 5.928 5.950 5.973 5.996 6.018 6.041 6.088 6.146 6.189 6.255 6.255 6.288 6.322 6.355 6.388 6.421 6.454 6.487 6.520 6.504 6.472 6.440 6.408 6.376 6.344 6.305 6.305 6.291 6.277 6.264 6.250 6.311 6.405 6.500 6.594 6.689 6.783 6.878 6.972 7.066 7.161 7.282 7.282 7.635 7.816 8.047 8.279 8.510 8.742 8.973
5.321 5.316 5.311 5.306 5.295 5.295 5.290 5.285 5.280 5.279 5.307 5.359 5.411 5.463 5.514 5.566 5.618 5.669 5.721 5.773 5.876 5.876 5.901 5.924 5.946 5.969 5.992 6.014 6.037 6.060 6.082 6.107 6.168 6.230 6.288 6.344 6.449 6.449 6.482 6.515 6.549 6.582 6.615 6.648 6.681 6.714 6.706 6.674 6.642 6.610 6.578 6.555 6.527 6.527 6.514 6.500 6.486 6.472 6.501 6.595 6.690 6.784 6.878 6.973 7.067 7.162 7.256 7.351 7.526 7.526 7.879 8.055 8.259 8.490 8.722 8.953 9.185
5.339 5.334 5.329 5.324 5.313 5.313 5.308 5.303 5.298 5.343 5.392 5.444 5.495 5.547 5.599 5.651 5.702 5.754 5.806 5.857 5.961 5.961 5.987 6.010 6.033 6.056 6.078 6.101 6.124 6.146 6.187 6.249 6.310 6.372 6.430 6.486 6.599 6.599 6.655 6.709 6.742 6.775 6.809 6.842 6.875 6.908 6.908 6.876 6.844 6.812 6.791 6.777 6.750 6.750 6.736 6.722 6.708 6.694 6.690 6.785 6.879 6.974 7.068 7.163 7.257 7.351 7.446 7.594 7.770 7.770 8.122 8.299 8.475 8.702 8.934 9.165 9.397
5.358 5.352 5.347 5.342 5.331 5.331 5.326 5.339 5.401 5.455 5.494 5.533 5.580 5.632 5.683 5.735 5.787 5.838 5.890 5.942 6.045 6.045 6.074 6.097 6.119 6.142 6.165 6.187 6.210 6.267 6.329 6.390 6.452 6.514 6.572 6.629 6.741 6.741 6.797 6.853 6.910 6.966 7.002 7.035 7.069 7.102 7.109 7.078 7.046 7.027 7.013 7.000 6.972 6.972 6.958 6.944 6.930 6.917 6.903 6.975 7.069 7.163 7.258 7.352 7.447 7.541 7.661 7.837 8.014 8.014 8.366 8.542 8.719 8.914 9.145 9.377 9.608
5.376 5.370 5.365 5.360 5.349 5.350 5.386 5.449 5.511 5.567 5.606 5.645 5.684 5.723 5.768 5.820 5.871 5.923 5.975 6.027 6.130 6.130 6.160 6.183 6.206 6.228 6.251 6.286 6.347 6.409 6.471 6.532 6.594 6.655 6.714 6.771 6.883 6.883 6.939 6.996 7.052 7.108 7.164 7.220 7.262 7.296 7.311 7.279 7.263 7.249 7.236 7.222 7.194 7.194 7.180 7.167 7.153 7.139 7.125 7.164 7.259 7.353 7.448 7.542 7.637 7.731 7.905 8.081 8.257 8.257 8.610 8.786 8.962 9.139 9.357 9.588 9.820
5.394 5.388 5.383 5.378 5.434 5.434 5.496 5.559 5.621 5.680 5.719 5.758 5.797 5.835 5.874 5.913 5.956 6.008 6.059 6.111 6.214 6.214 6.247 6.270 6.292 6.315 6.366 6.428 6.489 6.551 6.612 6.674 6.736 6.797 6.857 6.913 7.025 7.025 7.081 7.138 7.194 7.250 7.306 7.362 7.419 7.475 7.513 7.499 7.486 7.472 7.458 7.444 7.416 7.416 7.403 7.389 7.375 7.361 7.347 7.354 7.448 7.543 7.637 7.732 7.826 7.972 8.149 8.325 8.501 8.501 8.854 9.030 9.206 9.382 9.568 9.800 10.031
5.412 5.407 5.401 5.418 5.544 5.544 5.606 5.669 5.732 5.792 5.831 5.870 5.909 5.948 5.987 6.026 6.065 6.104 6.144 6.196 6.299 6.299 6.333 6.356 6.384 6.446 6.508 6.569 6.631 6.693 6.754 6.816 6.877 6.939 6.999 7.055 7.167 7.167 7.223 7.280 7.336 7.392 7.448 7.504 7.561 7.621 7.685 7.694 7.704 7.694 7.680 7.666 7.639 7.639 7.625 7.611 7.597 7.583 7.570 7.556 7.638 7.733 7.827 7.921 8.040 8.216 8.392 8.568 8.745 8.745 9.097 9.274 9.450 9.626 9.802 10.011 10.243
5.430 5.425 5.466 5.529 5.654 5.654 5.717 5.779 5.842 5.904 5.943 5.982 6.021 6.060 6.099 6.138 6.177 6.216 6.255 6.294 6.383 6.384 6.420 6.464 6.526 6.588 6.649 6.711 6.773 6.834 6.896 6.957 7.019 7.081 7.141 7.197 7.309 7.309 7.366 7.422 7.478 7.534 7.590 7.647 7.711 7.779 7.847 7.857 7.866 7.876 7.885 7.889 7.861 7.861 7.847 7.833 7.820 7.806 7.792 7.778 7.828 7.922 8.017 8.111 8.283 8.460 8.636 8.812 8.988 8.988 9.341 9.517 9.694 9.870 10.046 10.223 10.454
5.451 5.513 5.576 5.639 5.764 5.764 5.827 5.889 5.952 6.015 6.055 6.094 6.133 6.172 6.211 6.250 6.289 6.328 6.367 6.406 6.484 6.484 6.542 6.606 6.668 6.729 6.791 6.853 6.914 6.976 7.038 7.099 7.161 7.222 7.283 7.339 7.452 7.452 7.508 7.564 7.620 7.676 7.734 7.802 7.869 7.937 8.005 8.019 8.029 8.038 8.047 8.057 8.075 8.075 8.069 8.056 8.042 8.028 8.014 8.000 8.017 8.112 8.206 8.351 8.527 8.703 8.880 9.056 9.232 9.232 9.585 9.761 9.937 10.114 10.290 10.466 10.666
5.561 5.624 5.686 5.749 5.874 5.874 5.937 5.999 6.062 6.125 6.167 6.206 6.245 6.284 6.323 6.362 6.401 6.440 6.479 6.518 6.609 6.609 6.666 6.736 6.805 6.871 6.933 6.994 7.056 7.118 7.179 7.241 7.302 7.364 7.425 7.481 7.594 7.594 7.650 7.706 7.762 7.825 7.892 7.960 8.027 8.095 8.163 8.181 8.191 8.200 8.210 8.219 8.238 8.238 8.247 8.256 8.264 8.250 8.236 8.223 8.209 8.302 8.418 8.594 8.771 8.947 9.123 9.299 9.476 9.476 9.828 10.005 10.181 10.357 10.533 10.710 10.886
5.671 5.734 5.796 5.859 5.984 5.984 6.047 6.110 6.172 6.235 6.280 6.319 6.358 6.397 6.436 6.475 6.514 6.553 6.592 6.637 6.735 6.735 6.789 6.859 6.929 6.999 7.069 7.136 7.198 7.259 7.321 7.382 7.444 7.506 7.567 7.623 7.736 7.736 7.792 7.848 7.915 7.983 8.050 8.118 8.185 8.253 8.321 8.344 8.353 8.363 8.372 8.381 8.400 8.400 8.409 8.419 8.428 8.437 8.447 8.445 8.431 8.491 8.662 8.838 9.014 9.191 9.367 9.543 9.719 9.719 10.058 10.217 10.377 10.536 10.696 10.855 11.015
5.781 5.844 5.907 5.969 6.094 6.094 6.157 6.220 6.282 6.345 6.392 6.431 6.470 6.509 6.548 6.587 6.626 6.665 6.714 6.763 6.860 6.860 6.913 6.983 7.053 7.122 7.192 7.262 7.332 7.401 7.462 7.524 7.586 7.647 7.709 7.765 7.878 7.878 7.938 8.006 8.073 8.141 8.208 8.276 8.343 8.411 8.479 8.506 8.516 8.525 8.534 8.544 8.562 8.562 8.572 8.581 8.590 8.600 8.609 8.618 8.627 8.682 8.841 9.001 9.160 9.320 9.479 9.639 9.798 9.798 10.117 10.277 10.436 10.596 10.755 10.915 11.066
5.781 5.844 5.907 5.969 6.095 6.095 6.157 6.220 6.282 6.345 6.392 6.431 6.470 6.509 6.548 6.587 6.626 6.665 6.714 6.763 6.860 6.860 6.913 6.983 7.053 7.123 7.192 7.262 7.332 7.401 7.463 7.524 7.586 7.647 7.709 7.765 7.878 7.878 7.938 8.006 8.073 8.141 8.208 8.276 8.343 8.411 8.479 8.506 8.516 8.525 8.534 8.544 8.562 8.562 8.572 8.581 8.590 8.600 8.609 8.618 8.628 8.682 8.841 9.001 9.160 9.320 9.479 9.639 9.798 9.798 10.117 10.277 10.436 10.596 10.755 10.915 11.066
5.892 5.954 6.017 6.079 6.205 6.205 6.267 6.330 6.393 6.455 6.504 6.543 6.582 6.621 6.660 6.699 6.742 6.791 6.840 6.888 6.986 6.986 7.037 7.107 7.176 7.246 7.316 7.386 7.455 7.525 7.595 7.665 7.727 7.789 7.850 7.907 8.028 8.028 8.096 8.164 8.231 8.299 8.366 8.434 8.501 8.569 8.637 8.669 8.678 8.687 8.697 8.706 8.725 8.725 8.734 8.743 8.753 8.762 8.771 8.784 8.802 8.828 8.901 9.060 9.220 9.379 9.539 9.698 9.858 9.858 10.177 10.336 10.496 10.655 10.815 10.974 11.116
5.993 6.060 6.126 6.190 6.315 6.315 6.378 6.440 6.503 6.565 6.616 6.655 6.694 6.733 6.772 6.819 6.868 6.916 6.965 7.014 7.111 7.111 7.160 7.230 7.300 7.370 7.440 7.509 7.579 7.649 7.719 7.788 7.858 7.928 7.992 8.051 8.186 8.186 8.254 8.322 8.389 8.457 8.524 8.592 8.659 8.727 8.795 8.831 8.840 8.850 8.859 8.868 8.887 8.887 8.896 8.906 8.915 8.925 8.943 8.961 8.978 9.006 9.036 9.120 9.279 9.439 9.598 9.758 9.917 9.917 10.236 10.396 10.555 10.715 10.874 11.029 11.165
6.196 6.263 6.329 6.395 6.528 6.528 6.594 6.660 6.723 6.786 6.840 6.879 6.923 6.972 7.021 7.070 7.118 7.167 7.216 7.265 7.362 7.362 7.411 7.477 7.547 7.617 7.687 7.756 7.826 7.896 7.966 8.035 8.105 8.182 8.259 8.337 8.494 8.494 8.570 8.637 8.705 8.773 8.840 8.908 8.975 9.043 9.110 9.155 9.165 9.174 9.184 9.193 9.212 9.212 9.223 9.241 9.259 9.277 9.295 9.313 9.332 9.362 9.392 9.422 9.452 9.558 9.717 9.877 10.036 10.036 10.355 10.515 10.674 10.834 10.992 11.128 11.264
