includes/lisflood/camargue/results_R3_t1.561737397084E12/res-0004.wd
ncols         906
nrows         631
xllcorner     362177.146667
yllcorner     6534725.688020
cellsize      20.000000
NODATA_value  -9999.000000
[rows 442 to 475 of 631, columns 154 to 230 of 906]
0.000 0.000 0.000 0.000 0.000 0.000 0.000 0.000 0.000 0.000 0.000 0.000 0.000 0.000 0.000 0.000 0.000 0.000 0.000 0.000 0.000 0.000 0.000 0.000 0.000 0.000 0.000 0.000 0.000 0.000 0.000 0.000 0.000 0.000 0.000 0.000 0.000 0.000 0.000 0.000 0.000 0.000 0.000 0.000 0.000 0.000 0.000 0.000 0.000 0.000 0.000 0.000 3.834 3.814 4.014 2.857 2.840 4.116 4.036 2.787 2.769 2.776 4.228 4.038 4.038 3.979 4.049 3.909 3.930 3.910 3.820 3.900 3.900 3.741 3.811 3.771 3.741
0.000 0.000 0.000 0.000 0.000 0.000 0.000 0.000 0.000 0.000 0.000 0.000 0.000 0.000 0.000 0.000 0.000 0.000 0.000 0.000 0.000 0.000 0.000 0.000 0.000 0.000 0.000 0.000 0.000 0.000 0.000 0.000 0.000 0.000 0.000 0.000 0.000 0.000 0.000 0.000 0.000 0.000 0.000 0.000 0.000 0.000 0.000 0.000 0.000 0.000 0.000 0.000 0.000 3.815 4.014 2.858 2.840 4.116 4.036 2.787 2.769 2.776 4.228 4.038 4.038 3.979 4.049 3.909 3.929 3.910 3.820 3.900 3.900 3.740 3.811 3.771 3.741
0.000 0.000 0.000 0.000 0.000 0.000 0.000 0.000 0.000 0.000 0.000 0.000 0.000 0.000 0.000 0.000 0.000 0.000 0.000 0.000 0.000 0.000 0.000 0.000 0.000 0.000 0.000 0.000 0.000 0.000 0.000 0.000 0.000 0.000 0.000 0.000 0.000 0.000 0.000 0.000 0.000 0.000 0.000 0.000 0.000 0.000 0.000 0.000 0.000 0.000 0.000 0.000 0.000 4.015 4.005 3.054 3.036 4.216 4.276 2.983 2.965 4.108 4.248 3.958 3.958 3.919 3.849 3.859 3.919 3.820 3.820 3.810 3.890 3.870 3.771 3.861 3.801
0.000 0.000 0.000 0.000 0.000 0.000 0.000 0.000 0.000 0.000 0.000 0.000 0.000 0.000 0.000 0.000 0.000 0.000 0.000 0.000 0.000 0.000 0.000 0.000 0.000 0.000 0.000 0.000 0.000 0.000 0.000 0.000 0.000 0.000 0.000 0.000 0.000 0.000 0.000 0.000 0.000 0.000 0.000 0.000 0.000 0.000 0.000 0.000 0.000 0.000 0.000 0.000 0.000 3.975 3.905 3.249 3.232 3.214 3.196 3.178 3.168 4.078 3.928 3.968 3.968 3.909 3.959 3.899 3.909 3.839 3.820 3.900 3.860 3.850 3.680 3.771 3.741
0.000 0.000 0.000 0.000 0.000 0.000 0.000 0.000 0.000 0.000 0.000 0.000 0.000 0.000 0.000 0.000 0.000 0.000 0.000 0.000 0.000 0.000 0.000 0.000 0.000 0.000 0.000 0.000 0.000 0.000 0.000 0.000 0.000 0.000 0.000 0.000 0.000 0.000 0.000 0.000 0.000 0.000 0.000 0.000 0.000 0.000 0.000 0.000 0.000 0.000 0.000 0.000 0.000 4.085 4.026 3.640 3.622 3.605 3.587 3.569 4.148 4.078 4.048 4.048 4.049 4.039 3.939 3.999 3.949 3.929 3.880 3.930 3.810 3.920 3.731 3.801 3.831
0.000 0.000 0.000 0.000 0.000 0.000 0.000 0.000 0.000 0.000 0.000 0.000 0.000 0.000 0.000 0.000 0.000 0.000 0.000 0.000 0.000 0.000 0.000 0.000 0.000 0.000 0.000 0.000 0.000 0.000 0.000 0.000 0.000 0.000 0.000 0.000 0.000 0.000 0.000 0.000 0.000 0.000 0.000 0.000 0.000 0.000 0.000 0.000 0.000 0.000 0.000 0.000 4.295 4.295 4.266 3.836 3.818 3.801 3.783 3.767 4.218 3.928 4.098 3.958 3.959 4.009 3.929 3.969 3.979 3.939 3.840 3.980 3.850 3.811 3.871 3.901 3.831
0.000 0.000 0.000 0.000 0.000 0.000 0.000 0.000 0.000 0.000 0.000 0.000 0.000 0.000 0.000 0.000 0.000 0.000 0.000 0.000 0.000 0.000 0.000 0.000 0.000 0.000 0.000 0.000 0.000 0.000 0.000 0.000 0.000 0.000 0.000 0.000 0.000 0.000 0.000 0.000 0.000 0.000 0.000 0.000 0.000 0.000 0.000 0.000 0.000 0.000 0.000 4.205 4.019 4.067 4.049 4.032 4.014 3.996 3.978 4.148 3.978 4.138 4.089 3.939 3.939 3.949 4.179 4.199 3.949 3.950 3.860 3.880 3.730 3.811 3.821 3.601 3.851
0.000 0.000 0.000 0.000 0.000 0.000 0.000 0.000 0.000 0.000 0.000 0.000 0.000 0.000 0.000 0.000 0.000 0.000 0.000 0.000 0.000 0.000 0.000 0.000 0.000 0.000 0.000 0.000 2.512 2.823 0.000 0.000 0.000 0.000 0.000 0.000 0.000 0.000 0.000 0.000 0.000 0.000 0.000 0.000 0.000 0.000 0.000 0.000 0.000 0.000 0.000 4.205 4.295 4.202 4.245 4.227 4.210 4.192 4.174 4.178 4.108 4.118 4.059 4.089 4.089 4.029 4.059 4.149 4.020 4.010 3.880 3.940 3.861 3.831 3.691 3.891 3.831
0.000 0.000 0.000 0.000 0.000 0.000 0.000 0.000 0.000 0.000 0.000 0.000 0.000 0.000 0.000 0.000 0.000 0.000 0.000 0.000 0.000 0.000 0.000 0.000 0.000 0.000 3.162 3.312 3.632 3.733 3.583 3.584 3.525 3.555 3.745 3.756 3.796 3.917 3.757 3.917 4.098 3.918 4.019 3.859 3.840 3.880 3.861 3.861 3.892 3.913 4.064 4.236 4.286 4.336 4.386 4.423 4.405 4.388 4.370 4.228 4.118 4.089 4.089 4.139 4.139 3.920 4.070 3.910 4.070 3.960 4.000 3.920 3.951 3.901 3.961 3.971 3.801
0.000 0.000 0.000 0.000 0.000 0.000 0.000 0.000 0.000 0.000 0.000 0.000 0.000 0.000 0.000 0.000 0.000 0.000 0.000 0.000 0.000 0.000 0.000 0.000 0.000 3.231 3.632 3.482 3.762 3.763 3.613 3.614 3.705 3.875 3.985 3.926 3.956 4.086 4.147 4.277 4.158 4.128 4.189 4.119 3.355 4.290 3.915 3.916 4.202 4.093 4.319 4.369 4.419 4.469 4.520 4.570 4.601 4.583 4.571 4.259 4.239 4.149 4.149 4.020 4.020 3.970 4.150 4.010 3.970 4.010 4.130 4.011 3.891 3.671 3.951 3.941 3.852
0.000 0.000 0.000 0.000 0.000 0.000 0.000 0.000 0.000 0.000 0.000 0.000 0.000 0.000 0.000 0.000 0.000 0.000 0.000 0.000 0.000 0.000 0.000 0.000 3.841 3.711 3.882 3.862 3.852 3.573 3.593 3.594 3.645 3.965 4.035 4.096 4.116 4.286 2.328 4.228 4.278 4.248 3.009 4.269 3.569 3.849 4.291 4.291 4.112 4.193 4.452 4.502 4.553 4.603 4.653 4.704 4.754 4.778 4.288 4.249 4.279 4.129 4.100 4.050 4.050 4.110 4.030 3.990 4.001 3.931 3.921 3.861 3.931 3.941 4.001 3.982 3.962
0.000 0.000 0.000 0.000 0.000 0.000 0.000 3.368 3.468 3.218 2.748 0.000 0.000 0.000 0.000 0.000 0.000 3.308 3.648 3.959 3.889 3.949 3.970 4.050 3.851 4.191 3.872 4.032 3.892 3.993 3.743 3.744 3.904 3.885 3.995 2.505 2.575 2.658 2.740 4.177 4.168 4.128 3.223 3.503 3.783 4.063 4.221 4.221 4.485 4.535 4.585 4.636 4.686 4.737 4.787 4.837 4.887 4.921 4.279 4.249 4.239 4.219 4.685 4.010 4.010 4.090 4.021 3.901 3.921 3.901 3.911 3.891 3.891 3.951 3.932 3.902 3.982
0.000 0.000 0.000 0.000 3.768 4.088 4.008 3.958 3.998 3.948 3.808 1.618 3.718 3.889 3.969 3.969 3.959 3.969 4.019 3.949 4.069 3.999 4.090 4.100 4.251 4.091 4.092 4.032 4.003 3.953 3.914 3.914 4.074 4.225 4.265 4.105 4.196 4.206 3.152 3.235 3.318 3.400 3.483 3.717 3.997 4.277 4.517 4.518 4.618 4.668 4.719 4.769 4.820 4.870 4.894 4.899 4.904 4.288 4.887 4.259 4.159 4.209 4.070 4.587 4.587 4.081 4.001 4.001 3.931 3.901 3.981 3.891 3.931 3.922 3.992 4.092 3.912
0.000 0.000 4.128 4.188 4.108 4.228 4.118 3.968 4.038 4.128 4.088 4.078 4.108 4.169 3.989 3.989 4.089 3.949 4.029 4.159 4.139 4.069 4.190 4.110 4.171 4.181 4.222 4.152 4.113 4.103 4.063 4.064 4.184 4.234 4.145 4.155 3.399 3.481 4.277 3.647 4.258 4.218 3.894 3.977 4.211 4.491 4.651 4.652 4.751 4.802 4.852 4.867 4.872 4.877 4.882 4.887 4.891 4.885 4.865 4.239 4.169 4.090 4.120 4.170 4.170 4.161 4.031 3.951 4.021 4.071 3.932 3.952 3.962 3.942 3.982 3.882 4.002
4.198 4.138 4.198 4.178 4.238 4.188 4.108 4.218 4.158 4.188 4.158 3.355 4.168 3.227 4.089 4.089 4.119 4.059 4.089 4.139 4.029 4.110 4.070 4.251 4.201 4.221 4.082 4.232 4.123 4.173 4.193 4.194 3.520 4.234 4.285 3.728 3.810 3.893 3.976 4.058 4.141 4.224 4.306 4.389 4.472 4.704 4.784 4.785 4.840 4.845 4.850 4.855 4.860 4.864 4.869 4.874 4.879 4.863 4.229 4.199 4.806 4.170 4.180 4.111 4.111 4.041 4.191 3.941 4.111 4.091 4.002 3.992 3.872 3.892 3.802 3.982 3.953
3.027 4.178 4.228 4.118 4.248 4.198 4.218 3.935 4.238 4.248 3.664 4.248 3.484 4.218 4.239 4.239 4.189 4.239 4.239 4.229 4.189 4.220 4.160 4.181 4.271 4.281 4.252 3.605 4.113 3.731 4.283 4.283 3.924 3.990 4.057 4.275 4.276 4.305 4.388 4.470 4.553 4.636 4.718 4.801 4.827 4.817 4.818 4.818 4.827 4.832 4.837 4.842 4.847 4.852 4.857 4.862 4.861 4.842 4.823 4.249 4.100 4.290 4.270 4.260 4.261 4.191 4.131 4.161 4.151 4.062 3.952 4.012 4.042 4.072 3.982 4.012 3.933
4.228 3.646 4.055 4.198 4.208 4.253 4.244 4.154 4.063 3.973 3.883 3.792 4.239 3.742 3.791 3.791 4.119 4.189 4.209 4.249 4.279 3.833 3.765 4.241 3.823 3.886 3.949 4.012 4.075 4.138 4.201 4.202 4.329 4.395 4.469 4.552 4.634 4.717 4.800 4.875 4.867 4.859 4.851 4.842 4.834 4.821 4.805 4.806 4.815 4.819 4.824 4.829 4.834 4.839 4.844 4.849 4.840 4.821 4.801 4.782 4.260 4.744 4.220 4.230 4.231 4.161 4.131 4.231 4.071 4.082 4.052 3.962 4.012 3.982 3.832 3.982 3.973
4.228 3.646 4.055 4.198 4.208 4.253 4.244 4.154 4.063 3.973 3.883 3.792 4.239 3.742 3.791 3.791 4.119 4.189 4.209 4.249 4.280 3.833 3.765 4.241 3.823 3.886 3.949 4.012 4.076 4.138 4.202 4.202 4.329 4.395 4.469 4.552 4.634 4.717 4.800 4.875 4.867 4.859 4.851 4.842 4.834 4.821 4.805 4.806 4.815 4.819 4.824 4.829 4.834 4.839 4.844 4.849 4.840 4.820 4.801 4.782 4.259 4.743 4.220 4.230 4.231 4.161 4.131 4.231 4.071 4.081 4.051 3.962 4.012 3.982 3.832 3.983 3.973
3.446 4.158 4.238 4.315 4.342 4.368 4.395 4.372 4.282 4.192 4.101 4.011 3.951 4.000 4.049 4.049 4.147 4.196 4.245 4.260 4.262 4.194 4.127 4.167 4.230 4.293 4.356 4.419 4.482 4.545 4.608 4.609 4.735 4.799 4.881 4.915 4.907 4.899 4.891 4.882 4.874 4.866 4.858 4.850 4.841 4.824 4.808 4.808 4.802 4.807 4.812 4.816 4.821 4.826 4.831 4.836 4.818 4.799 4.780 4.259 4.741 4.722 4.170 4.617 4.617 4.221 4.061 4.061 4.091 4.091 4.051 4.062 4.052 4.042 3.972 3.992 4.023
3.656 4.065 4.404 4.430 4.457 4.484 4.510 4.537 4.501 4.410 4.320 4.230 4.209 4.258 4.307 4.307 4.405 4.454 4.503 4.552 4.601 4.556 4.511 4.574 4.637 4.700 4.763 4.826 4.889 4.952 4.958 4.959 4.956 4.946 4.931 4.922 4.914 4.906 4.898 4.890 4.882 4.874 4.866 4.858 4.845 4.828 4.812 4.812 4.790 4.794 4.799 4.804 4.809 4.814 4.818 4.816 4.797 4.777 4.758 4.739 4.720 4.700 4.170 4.270 4.270 4.571 4.191 4.251 4.111 4.031 4.041 3.952 4.082 4.062 4.022 4.082 4.023
4.075 4.484 4.634 4.661 4.687 4.714 4.741 4.767 4.794 4.821 4.757 4.676 4.725 4.773 4.822 4.823 4.921 4.970 5.016 5.019 5.023 5.026 5.031 5.030 5.029 5.028 5.027 5.026 5.025 5.024 5.023 5.023 5.016 4.990 4.964 4.938 4.929 4.921 4.913 4.905 4.897 4.889 4.881 4.870 4.853 4.836 4.820 4.820 4.786 4.770 4.774 4.779 4.784 4.789 4.792 4.773 4.754 4.735 4.715 4.696 4.677 4.249 4.270 4.280 4.280 4.161 4.101 4.081 3.981 4.031 3.961 4.062 4.212 4.022 4.032 4.062 4.073
4.285 4.694 4.749 4.776 4.803 4.829 4.856 4.883 4.909 4.936 4.963 4.934 4.983 5.026 5.029 5.029 5.036 5.039 5.042 5.046 5.049 5.053 5.058 5.062 5.061 5.060 5.059 5.058 5.057 5.056 5.055 5.055 5.038 5.012 4.985 4.959 4.937 4.929 4.921 4.912 4.905 4.897 4.888 4.873 4.857 4.289 4.823 4.824 4.790 4.773 4.761 4.263 4.771 4.776 4.770 4.751 4.732 4.713 4.694 4.675 4.656 4.636 4.617 4.160 4.160 4.250 4.271 3.971 4.091 4.231 4.121 3.911 3.902 4.142 4.132 4.032 4.082
4.495 4.837 4.864 4.891 4.918 4.944 4.971 4.998 5.025 5.037 5.040 5.046 5.050 5.053 5.056 5.056 5.062 5.066 5.069 5.072 5.076 5.080 5.085 5.091 5.093 5.092 5.091 5.090 5.089 5.088 5.087 5.087 5.060 5.033 5.007 4.981 4.955 4.936 4.928 4.920 4.912 4.904 4.894 4.877 4.861 4.844 4.827 4.828 4.794 4.777 4.761 4.753 4.758 4.763 4.295 4.730 4.711 4.692 4.673 4.654 4.634 4.615 4.270 4.556 4.556 4.200 4.120 4.221 4.131 4.211 4.051 4.041 3.932 4.132 4.052 4.052 4.032
4.704 4.952 4.979 5.006 5.033 5.044 5.047 5.051 5.054 5.058 5.061 5.069 5.076 5.079 5.082 5.082 5.089 5.092 5.095 5.099 5.102 5.107 5.112 5.118 5.123 5.125 5.123 5.122 5.121 5.120 5.119 5.119 5.081 5.055 5.029 5.003 4.977 4.951 4.935 4.927 4.919 4.911 4.898 4.881 4.864 4.848 4.831 4.832 4.798 4.781 4.764 4.748 4.745 4.746 4.727 4.708 4.689 4.670 4.651 4.632 4.613 4.594 4.269 4.260 4.260 4.530 4.180 4.231 4.301 4.201 4.031 3.981 4.241 4.012 4.062 4.032 3.932
5.008 5.051 5.054 5.058 5.061 5.065 5.068 5.072 5.075 5.079 5.083 5.091 5.099 5.106 5.109 5.109 5.115 5.119 5.122 5.125 5.129 5.134 5.139 5.145 5.150 5.155 5.156 5.154 5.153 5.152 5.151 5.152 5.103 5.077 5.051 5.025 4.999 4.973 4.947 4.935 4.927 4.918 4.901 4.885 4.868 4.851 4.835 4.835 4.801 4.785 4.768 4.752 4.233 4.725 4.706 4.246 4.675 4.662 4.649 4.635 4.622 4.608 4.595 4.180 4.180 4.250 4.230 4.150 4.171 4.131 4.081 4.061 4.221 4.032 4.102 3.962 4.092
5.055 5.070 5.075 5.079 5.082 5.086 5.089 5.093 5.096 5.100 5.106 5.114 5.122 5.130 5.136 5.136 5.142 5.145 5.148 5.151 5.156 5.161 5.166 5.172 5.177 5.182 5.187 5.187 5.185 5.184 5.177 5.177 5.125 5.099 5.073 5.046 5.020 4.995 4.969 4.943 4.934 4.922 4.905 4.889 4.872 4.855 4.838 4.839 4.806 4.795 4.783 4.772 4.761 4.738 4.725 4.712 4.698 4.685 4.672 4.659 4.278 4.239 4.618 4.269 4.270 4.577 4.050 4.180 4.230 4.190 4.091 4.221 4.171 4.162 4.141 4.152 4.082
5.065 5.080 5.095 5.099 5.103 5.106 5.110 5.113 5.117 5.120 5.128 5.136 5.144 5.152 5.160 5.160 5.168 5.171 5.174 5.178 5.183 5.188 5.193 5.198 5.204 5.209 5.214 5.219 5.218 5.216 5.199 5.199 5.146 5.120 5.094 5.068 5.042 5.016 4.990 4.965 4.942 4.926 4.913 4.902 4.890 4.879 4.868 4.868 4.845 4.291 4.822 4.811 4.791 4.764 4.748 4.735 4.722 4.709 4.695 4.682 4.669 4.279 4.642 4.614 4.615 4.180 4.589 4.300 4.270 4.270 4.170 4.221 4.171 4.161 4.181 4.191 4.031
5.076 5.091 5.106 5.120 5.124 5.127 5.131 5.134 5.138 5.142 5.150 5.159 5.167 5.174 5.182 5.183 5.195 5.198 5.201 5.205 5.210 5.215 5.220 5.225 5.231 5.236 5.241 5.246 5.250 5.247 5.221 5.221 5.168 5.142 5.116 5.090 5.065 5.039 5.014 4.989 4.971 4.963 4.952 4.940 4.929 4.918 4.906 4.907 4.884 4.872 4.251 4.849 4.822 4.795 4.772 4.758 4.745 4.732 4.719 4.217 4.692 4.679 4.279 4.638 4.638 4.625 4.613 4.300 4.260 4.210 4.140 4.201 4.221 4.151 4.121 4.181 4.141
5.086 5.101 5.117 5.132 5.144 5.148 5.152 5.155 5.159 5.165 5.173 5.181 5.189 5.197 5.205 5.205 5.221 5.224 5.227 5.232 5.237 5.242 5.247 5.252 5.258 5.263 5.268 5.273 5.278 5.269 5.243 5.243 5.192 5.166 5.141 5.115 5.090 5.065 5.039 5.014 5.006 5.001 4.991 4.979 4.968 4.956 4.945 4.946 4.922 4.911 4.900 4.879 4.852 4.826 4.799 4.782 4.769 4.755 4.276 4.217 4.715 4.702 4.689 4.662 4.662 4.650 4.279 4.624 4.612 4.220 4.300 4.180 4.230 4.121 4.211 4.171 4.537
5.097 5.112 5.127 5.143 5.158 5.169 5.172 5.176 5.179 5.187 5.195 5.203 5.211 5.219 5.227 5.227 5.243 5.250 5.254 5.259 5.264 5.269 5.274 5.279 5.284 5.288 5.292 5.297 5.301 5.291 5.269 5.269 5.217 5.192 5.166 5.141 5.115 5.090 5.065 5.046 5.041 5.036 5.030 5.018 5.007 4.995 4.984 4.984 4.961 4.950 4.937 4.910 4.883 4.856 4.830 4.805 4.792 4.779 4.765 4.752 4.739 4.725 4.712 4.686 4.686 4.674 4.661 4.648 4.189 4.249 4.615 4.230 4.150 4.060 4.210 4.161 4.171
5.107 5.123 5.138 5.153 5.169 5.184 5.193 5.197 5.201 5.209 5.217 5.225 5.233 5.241 5.249 5.249 5.265 5.273 5.280 5.284 5.289 5.293 5.297 5.302 5.306 5.310 5.315 5.319 5.319 5.306 5.294 5.294 5.242 5.217 5.191 5.166 5.141 5.115 5.090 5.081 5.076 5.071 5.066 5.057 5.045 5.034 5.023 5.023 5.000 4.989 4.967 4.941 4.914 4.887 4.860 4.833 4.285 4.802 4.789 4.775 4.762 4.749 4.735 4.710 4.710 4.698 4.249 4.199 4.660 4.209 4.638 4.629 4.210 4.610 4.240 4.140 4.291
5.118 5.133 5.148 5.164 5.179 5.195 5.210 5.217 5.223 5.231 5.240 5.248 5.256 5.270 5.286 5.286 5.317 5.333 5.317 5.307 5.311 5.316 5.320 5.324 5.329 5.333 5.337 5.342 5.334 5.322 5.310 5.310 5.268 5.242 5.217 5.191 5.166 5.141 5.121 5.116 5.111 5.105 5.100 5.095 5.084 5.073 5.061 5.062 5.039 5.025 4.998 4.971 4.945 4.918 4.891 4.864 4.838 4.825 4.812 4.799 4.785 4.772 4.759 4.734 4.735 4.722 4.299 4.697 4.279 4.279 4.289 4.289 4.643 4.260 4.240 4.300 4.290
5.128 5.144 5.159 5.174 5.190 5.205 5.221 5.236 5.251 5.267 5.282 5.298 5.314 5.330 5.345 5.346 5.377 5.386 5.362 5.338 5.334 5.338 5.342 5.347 5.351 5.355 5.360 5.362 5.349 5.337 5.325 5.325 5.293 5.267 5.242 5.217 5.191 5.166 5.155 5.150 5.145 5.140 5.135 5.130 5.123 5.112 5.100 5.101 5.077 5.056 5.029 5.002 4.975 4.948 4.921 4.894 4.867 4.849 4.835 4.822 4.809 4.257 4.783 4.258 4.258 4.746 4.733 4.298 4.708 4.695 4.684 4.249 4.666 4.129 4.648 4.639 4.200
5.139 5.154 5.170 5.185 5.217 5.252 5.287 5.316 5.310 5.326 5.342 5.358 5.374 5.389 5.405 5.405 5.437 5.431 5.407 5.383 5.358 5.360 5.365 5.369 5.373 5.378 5.382 5.377 5.365 5.353 5.341 5.341 5.316 5.293 5.267 5.242 5.216 5.195 5.190 5.185 5.180 5.175 5.170 5.165 5.160 5.151 5.139 5.140 5.113 5.086 5.060 5.033 5.006 4.979 4.952 4.925 4.898 4.872 4.859 4.845 4.832 4.819 4.297 4.782 4.782 4.770 4.757 4.745 4.732 4.228 4.707 4.698 4.219 4.219 4.671 4.662 4.280
