includes/lisflood/camargue/results_R3_t1.561737397084E12/res-0012.wdfp
ncols         906
nrows         631
xllcorner     362177.146667
yllcorner     6534725.688020
cellsize      20.000000
NODATA_value  -9999.000000
[rows 442 to 475 of 631, columns 770 to 846 of 906]
1.396 1.458 1.521 1.584 1.647 1.709 1.772 1.835 1.898 1.960 2.018 2.132 2.132 2.189 2.246 2.303 2.360 2.416 2.468 2.520 2.571 2.623 2.674 2.726 2.778 2.831 2.883 2.989 2.989 3.041 3.094 3.157 3.234 3.311 3.388 3.465 3.542 3.636 3.752 3.867 3.983 4.099 4.200 4.293 4.293 4.478 4.570 4.663 4.755 4.848 4.940 5.032 5.120 5.205 5.291 5.376 5.462 5.547 5.633 5.749 5.749 6.132 6.323 6.514 6.706 6.897 7.088 7.331 7.585 7.840 8.095 8.350 8.604 8.860 9.114 9.369 9.369
1.397 1.458 1.521 1.584 1.647 1.710 1.772 1.835 1.898 1.960 2.018 2.132 2.132 2.189 2.246 2.303 2.360 2.416 2.468 2.519 2.571 2.622 2.674 2.726 2.778 2.831 2.883 2.988 2.988 3.041 3.094 3.157 3.234 3.311 3.388 3.465 3.542 3.636 3.752 3.867 3.983 4.099 4.200 4.293 4.293 4.478 4.570 4.663 4.755 4.847 4.940 5.032 5.120 5.205 5.291 5.376 5.462 5.547 5.632 5.749 5.749 6.131 6.323 6.514 6.705 6.897 7.088 7.330 7.585 7.840 8.095 8.349 8.604 8.859 9.113 9.368 9.369
1.440 1.503 1.566 1.628 1.691 1.754 1.817 1.879 1.942 2.005 2.062 2.176 2.176 2.233 2.290 2.347 2.404 2.461 2.518 2.571 2.622 2.674 2.725 2.777 2.830 2.882 2.935 3.040 3.040 3.107 3.184 3.261 3.338 3.415 3.492 3.569 3.646 3.745 3.861 3.976 4.092 4.208 4.323 4.437 4.437 4.622 4.714 4.807 4.899 4.991 5.084 5.176 5.264 5.350 5.435 5.521 5.606 5.691 5.806 5.997 5.998 6.380 6.571 6.763 6.954 7.145 7.337 7.559 7.814 8.068 8.323 8.578 8.832 9.087 9.342 9.596 9.596
1.485 1.547 1.610 1.673 1.736 1.798 1.861 1.924 1.986 2.049 2.106 2.220 2.220 2.277 2.334 2.391 2.448 2.505 2.562 2.618 2.674 2.725 2.777 2.829 2.881 2.934 2.986 3.134 3.134 3.211 3.288 3.365 3.442 3.519 3.596 3.673 3.750 3.854 3.970 4.085 4.201 4.317 4.432 4.548 4.548 4.765 4.858 4.950 5.043 5.135 5.228 5.320 5.409 5.494 5.580 5.665 5.750 5.863 6.055 6.246 6.246 6.629 6.820 7.012 7.203 7.394 7.586 7.787 8.042 8.297 8.552 8.806 9.061 9.316 9.570 9.809 9.809
1.573 1.636 1.699 1.762 1.824 1.887 1.950 2.012 2.075 2.137 2.194 2.308 2.308 2.365 2.422 2.479 2.536 2.592 2.649 2.706 2.763 2.820 2.877 2.957 3.034 3.111 3.188 3.342 3.342 3.419 3.496 3.573 3.651 3.728 3.805 3.882 3.959 4.072 4.188 4.303 4.419 4.535 4.650 4.766 4.766 4.998 5.113 5.229 5.331 5.423 5.516 5.608 5.698 5.783 5.869 5.978 6.170 6.361 6.553 6.744 6.744 7.127 7.318 7.509 7.701 7.892 8.083 8.275 8.499 8.754 9.009 9.263 9.518 9.773 9.967 10.152 10.152
1.618 1.681 1.743 1.806 1.869 1.931 1.994 2.057 2.119 2.181 2.238 2.352 2.352 2.409 2.466 2.523 2.579 2.636 2.693 2.750 2.809 2.896 2.984 3.062 3.138 3.215 3.292 3.446 3.446 3.523 3.601 3.678 3.755 3.832 3.909 3.986 4.066 4.181 4.297 4.413 4.528 4.644 4.760 4.875 4.875 5.107 5.222 5.338 5.454 5.567 5.659 5.752 5.842 5.928 6.036 6.227 6.419 6.610 6.801 6.993 6.993 7.375 7.567 7.758 7.949 8.141 8.332 8.523 8.727 8.983 9.237 9.492 9.747 9.954 10.139 10.324 10.324
1.662 1.725 1.788 1.850 1.913 1.976 2.038 2.101 2.164 2.225 2.282 2.395 2.396 2.453 2.509 2.566 2.623 2.680 2.742 2.829 2.917 3.004 3.091 3.168 3.244 3.320 3.396 3.550 3.551 3.628 3.705 3.782 3.859 3.936 4.013 4.090 4.175 4.290 4.406 4.522 4.637 4.753 4.869 4.984 4.984 5.216 5.331 5.447 5.563 5.678 5.794 5.896 5.987 6.093 6.285 6.476 6.667 6.859 7.050 7.241 7.241 7.624 7.815 8.007 8.198 8.389 8.581 8.772 8.963 9.210 9.465 9.721 9.941 10.126 10.311 10.496 10.496
1.716 1.772 1.832 1.895 1.957 2.020 2.083 2.145 2.208 2.269 2.326 2.439 2.440 2.496 2.553 2.610 2.675 2.762 2.849 2.937 3.024 3.111 3.198 3.274 3.350 3.425 3.501 3.655 3.655 3.732 3.809 3.886 3.963 4.040 4.117 4.194 4.284 4.399 4.515 4.631 4.746 4.862 4.978 5.093 5.093 5.325 5.440 5.556 5.672 5.787 5.903 6.019 6.150 6.342 6.533 6.725 6.916 7.107 7.299 7.490 7.490 7.873 8.064 8.256 8.447 8.638 8.830 9.021 9.212 9.439 9.693 9.926 10.111 10.296 10.482 10.667 10.667
1.774 1.830 1.886 1.941 2.002 2.064 2.127 2.190 2.252 2.313 2.370 2.483 2.483 2.540 2.607 2.695 2.782 2.869 2.957 3.044 3.131 3.219 3.304 3.379 3.455 3.531 3.607 3.759 3.759 3.836 3.913 3.990 4.067 4.144 4.221 4.298 4.393 4.508 4.624 4.740 4.855 4.971 5.087 5.202 5.202 5.434 5.549 5.665 5.781 5.896 6.073 6.257 6.413 6.574 6.768 6.961 7.155 7.348 7.542 7.735 7.735 8.122 8.313 8.504 8.696 8.887 9.079 9.270 9.461 9.667 9.913 10.098 10.283 10.468 10.653 10.838 10.839
1.833 1.889 1.944 2.000 2.056 2.111 2.171 2.234 2.296 2.356 2.413 2.540 2.540 2.627 2.715 2.802 2.889 2.977 3.064 3.151 3.239 3.326 3.409 3.485 3.561 3.637 3.713 3.864 3.865 3.940 4.017 4.094 4.171 4.248 4.325 4.403 4.502 4.617 4.733 4.849 4.964 5.080 5.196 5.311 5.311 5.543 5.658 5.812 5.996 6.179 6.363 6.547 6.684 6.811 6.998 7.192 7.385 7.579 7.772 7.966 7.966 8.353 8.546 8.740 8.933 9.127 9.320 9.514 9.707 9.901 10.084 10.269 10.455 10.640 10.825 11.010 11.010
1.891 1.947 2.003 2.058 2.114 2.170 2.226 2.281 2.341 2.400 2.473 2.647 2.647 2.735 2.822 2.909 2.997 3.084 3.171 3.259 3.346 3.433 3.515 3.591 3.667 3.743 3.819 3.970 3.970 4.046 4.122 4.198 4.276 4.353 4.430 4.507 4.611 4.726 4.842 4.958 5.073 5.189 5.305 5.420 5.420 5.735 5.918 6.102 6.286 6.469 6.653 6.828 6.955 7.082 7.228 7.422 7.615 7.809 8.002 8.196 8.196 8.583 8.776 8.970 9.163 9.356 9.551 9.744 9.938 10.055 10.174 10.370 10.565 10.761 10.957 11.153 11.153
1.950 2.006 2.061 2.117 2.173 2.228 2.284 2.340 2.403 2.491 2.580 2.754 2.755 2.842 2.929 3.017 3.104 3.191 3.279 3.366 3.453 3.541 3.621 3.697 3.773 3.849 3.924 4.076 4.076 4.152 4.228 4.304 4.380 4.457 4.534 4.611 4.720 4.835 4.951 5.067 5.182 5.298 5.473 5.657 5.657 6.024 6.208 6.392 6.575 6.759 6.942 7.099 7.226 7.353 7.480 7.652 7.846 8.039 8.233 8.426 8.426 8.813 9.007 9.200 9.393 9.587 9.780 9.974 10.143 10.202 10.261 10.452 10.648 10.843 11.039 11.235 11.235
2.008 2.064 2.120 2.175 2.231 2.287 2.342 2.419 2.496 2.586 2.683 2.862 2.862 2.949 3.037 3.124 3.211 3.299 3.386 3.473 3.561 3.648 3.727 3.803 3.878 3.954 4.030 4.182 4.182 4.258 4.333 4.409 4.485 4.561 4.638 4.715 4.829 4.944 5.060 5.212 5.396 5.579 5.763 5.947 5.947 6.314 6.498 6.681 6.865 7.048 7.232 7.370 7.497 7.624 7.751 7.883 8.076 8.270 8.463 8.657 8.657 9.044 9.237 9.431 9.624 9.817 10.011 10.204 10.289 10.348 10.408 10.534 10.730 10.926 11.121 11.317 11.317
2.067 2.123 2.178 2.234 2.290 2.359 2.435 2.512 2.588 2.681 2.777 2.969 2.969 3.057 3.144 3.231 3.319 3.406 3.493 3.581 3.668 3.755 3.833 3.908 3.984 4.060 4.136 4.287 4.288 4.363 4.439 4.515 4.591 4.667 4.743 4.822 4.951 5.135 5.318 5.502 5.685 5.869 6.053 6.236 6.236 6.604 6.787 6.971 7.154 7.338 7.514 7.641 7.768 7.895 8.022 8.149 8.306 8.500 8.693 8.886 8.887 9.274 9.468 9.661 9.855 10.048 10.241 10.377 10.436 10.495 10.554 10.615 10.812 11.008 11.204 11.399 11.399
2.125 2.181 2.237 2.298 2.375 2.451 2.528 2.604 2.681 2.776 2.872 3.065 3.065 3.162 3.251 3.339 3.426 3.513 3.601 3.688 3.775 3.862 3.938 4.014 4.090 4.166 4.242 4.393 4.393 4.469 4.545 4.621 4.697 4.772 4.901 5.057 5.240 5.424 5.608 5.791 5.975 6.159 6.342 6.526 6.526 6.893 7.077 7.260 7.444 7.628 7.784 7.912 8.039 8.166 8.293 8.420 8.547 8.730 8.924 9.117 9.117 9.504 9.698 9.892 10.085 10.278 10.465 10.524 10.583 10.642 10.701 10.759 10.893 11.089 11.286 11.482 11.482
2.184 2.240 2.314 2.391 2.467 2.544 2.620 2.697 2.774 2.870 2.967 3.160 3.160 3.257 3.353 3.446 3.533 3.620 3.708 3.795 3.882 3.968 4.044 4.120 4.196 4.272 4.347 4.499 4.499 4.575 4.651 4.744 4.891 5.037 5.184 5.348 5.531 5.714 5.897 6.081 6.265 6.448 6.632 6.816 6.816 7.183 7.366 7.550 7.734 7.917 8.055 8.183 8.310 8.437 8.564 8.691 8.818 8.961 9.154 9.347 9.347 9.734 9.928 10.121 10.316 10.509 10.612 10.671 10.730 10.789 10.847 10.906 10.975 11.171 11.367 11.563 11.564
2.254 2.330 2.407 2.483 2.560 2.637 2.713 2.790 2.869 2.965 3.062 3.255 3.255 3.351 3.448 3.544 3.641 3.728 3.815 3.902 3.990 4.074 4.150 4.226 4.301 4.377 4.453 4.605 4.605 4.733 4.880 5.027 5.173 5.320 5.467 5.639 5.821 6.004 6.187 6.371 6.554 6.738 6.922 7.105 7.105 7.472 7.656 7.840 8.023 8.199 8.326 8.453 8.581 8.708 8.834 8.963 9.090 9.217 9.385 9.578 9.578 9.965 10.158 10.352 10.545 10.701 10.759 10.818 10.877 10.936 10.994 11.053 11.112 11.253 11.449 11.645 11.645
2.254 2.330 2.407 2.483 2.560 2.637 2.713 2.790 2.868 2.965 3.062 3.255 3.255 3.351 3.448 3.544 3.640 3.728 3.815 3.902 3.989 4.074 4.149 4.225 4.301 4.377 4.453 4.604 4.604 4.733 4.880 5.026 5.173 5.320 5.467 5.638 5.821 6.004 6.187 6.370 6.554 6.738 6.921 7.105 7.105 7.472 7.656 7.840 8.023 8.199 8.326 8.453 8.581 8.708 8.834 8.962 9.090 9.217 9.385 9.578 9.578 9.965 10.158 10.352 10.545 10.700 10.758 10.818 10.877 10.936 10.994 11.053 11.112 11.253 11.449 11.645 11.645
2.346 2.423 2.500 2.576 2.653 2.729 2.806 2.882 2.963 3.060 3.156 3.349 3.349 3.446 3.542 3.639 3.735 3.832 3.922 4.009 4.097 4.179 4.255 4.331 4.407 4.483 4.575 4.869 4.869 5.016 5.163 5.309 5.456 5.603 5.750 5.929 6.112 6.294 6.477 6.660 6.844 7.027 7.211 7.395 7.395 7.762 7.946 8.129 8.313 8.470 8.597 8.724 8.852 8.979 9.106 9.233 9.360 9.487 9.615 9.809 9.809 10.195 10.389 10.582 10.776 10.846 10.905 10.964 11.023 11.083 11.141 11.200 11.259 11.336 11.531 11.727 11.727
2.439 2.516 2.592 2.669 2.745 2.822 2.898 2.975 3.058 3.155 3.251 3.444 3.444 3.541 3.637 3.734 3.830 3.927 4.023 4.117 4.204 4.285 4.361 4.437 4.565 4.711 4.858 5.152 5.152 5.299 5.446 5.592 5.739 5.886 6.037 6.220 6.402 6.585 6.768 6.950 7.133 7.317 7.501 7.684 7.684 8.052 8.235 8.419 8.602 8.741 8.869 8.996 9.123 9.250 9.377 9.504 9.631 9.758 9.885 10.038 10.039 10.426 10.619 10.813 10.935 10.993 11.052 11.111 11.170 11.229 11.287 11.347 11.406 11.465 11.613 11.809 11.809
2.589 2.691 2.778 2.854 2.931 3.007 3.084 3.160 3.248 3.344 3.441 3.634 3.634 3.730 3.827 3.923 4.020 4.116 4.213 4.339 4.479 4.676 4.837 4.984 5.131 5.278 5.424 5.718 5.718 5.865 6.012 6.158 6.305 6.452 6.618 6.801 6.984 7.166 7.349 7.532 7.715 7.897 8.080 8.264 8.264 8.631 8.815 8.998 9.156 9.283 9.410 9.538 9.665 9.792 9.919 10.046 10.173 10.300 10.427 10.554 10.554 10.886 11.080 11.170 11.229 11.287 11.346 11.405 11.464 11.522 11.581 11.640 11.699 11.759 11.817 11.974 11.974
2.651 2.753 2.855 2.947 3.023 3.100 3.176 3.253 3.343 3.439 3.536 3.729 3.729 3.825 3.922 4.018 4.121 4.261 4.401 4.541 4.684 4.890 5.096 5.267 5.414 5.560 5.707 6.001 6.001 6.148 6.295 6.441 6.588 6.735 6.909 7.092 7.274 7.457 7.640 7.822 8.005 8.188 8.370 8.553 8.553 8.921 9.104 9.288 9.427 9.554 9.681 9.808 9.935 10.063 10.190 10.317 10.444 10.571 10.698 10.825 10.825 11.116 11.257 11.317 11.375 11.434 11.493 11.552 11.611 11.669 11.728 11.787 11.846 11.905 11.963 12.056 12.056
2.712 2.815 2.917 3.019 3.116 3.193 3.269 3.346 3.437 3.534 3.630 3.823 3.823 3.920 4.042 4.182 4.322 4.462 4.602 4.742 4.898 5.104 5.310 5.516 5.697 5.843 5.990 6.284 6.284 6.431 6.577 6.724 6.871 7.018 7.200 7.382 7.565 7.748 7.930 8.113 8.296 8.478 8.661 8.843 8.843 9.211 9.394 9.571 9.698 9.825 9.952 10.079 10.206 10.333 10.461 10.588 10.715 10.842 10.970 11.097 11.097 11.338 11.399 11.462 11.521 11.581 11.640 11.699 11.758 11.816 11.875 11.934 11.993 12.052 12.110 12.169 12.169
2.774 2.876 2.979 3.081 3.184 3.285 3.362 3.438 3.532 3.629 3.725 3.963 3.963 4.103 4.243 4.383 4.523 4.663 4.803 4.943 5.112 5.318 5.524 5.730 5.937 6.126 6.273 6.567 6.567 6.714 6.860 7.007 7.154 7.307 7.490 7.673 7.856 8.038 8.221 8.404 8.586 8.769 8.952 9.134 9.134 9.499 9.684 9.842 9.969 10.096 10.223 10.350 10.477 10.604 10.731 10.825 10.917 11.008 11.099 11.190 11.190 11.341 11.375 11.439 11.502 11.566 11.629 11.694 11.757 11.821 11.885 11.948 12.012 12.075 12.139 12.202 12.202
2.836 2.938 3.041 3.143 3.245 3.347 3.450 3.531 3.627 3.744 3.884 4.164 4.164 4.305 4.445 4.585 4.725 4.865 5.005 5.145 5.326 5.532 5.738 5.945 6.151 6.357 6.556 6.850 6.850 6.997 7.143 7.290 7.437 7.598 7.781 7.963 8.146 8.329 8.512 8.694 8.877 9.060 9.242 9.425 9.425 9.790 9.973 10.112 10.221 10.313 10.404 10.495 10.586 10.677 10.768 10.860 10.951 11.042 11.134 11.225 11.225 11.345 11.363 11.415 11.479 11.542 11.606 11.669 11.733 11.797 11.861 11.924 11.988 12.052 12.115 12.143 12.143
2.898 3.000 3.102 3.205 3.307 3.409 3.514 3.640 3.806 3.946 4.086 4.366 4.366 4.506 4.646 4.786 4.926 5.066 5.206 5.346 5.540 5.746 5.952 6.159 6.365 6.571 6.777 7.133 7.133 7.279 7.426 7.573 7.720 7.889 8.071 8.254 8.437 8.620 8.802 8.984 9.168 9.351 9.533 9.716 9.716 9.979 10.083 10.164 10.255 10.347 10.438 10.530 10.621 10.712 10.803 10.894 10.985 11.077 11.168 11.260 11.260 11.348 11.366 11.391 11.455 11.519 11.582 11.646 11.709 11.773 11.836 11.901 11.964 12.028 12.077 12.084 12.084
2.959 3.062 3.164 3.270 3.383 3.495 3.607 3.758 3.972 4.147 4.287 4.567 4.567 4.707 4.847 4.987 5.127 5.267 5.407 5.548 5.754 5.960 6.166 6.373 6.579 6.785 6.991 7.403 7.403 7.562 7.709 7.856 8.003 8.179 8.362 8.545 8.727 8.910 9.093 9.275 9.458 9.606 9.713 9.819 9.819 10.031 10.128 10.207 10.290 10.381 10.472 10.564 10.656 10.747 10.838 10.929 11.020 11.111 11.202 11.294 11.294 11.352 11.369 11.387 11.431 11.495 11.558 11.622 11.686 11.749 11.813 11.876 11.940 12.004 12.019 12.025 12.025
3.027 3.140 3.252 3.364 3.477 3.589 3.701 3.876 4.090 4.303 4.488 4.769 4.769 4.909 5.049 5.189 5.329 5.469 5.609 5.762 5.968 6.174 6.380 6.587 6.793 6.999 7.205 7.617 7.617 7.823 7.992 8.139 8.287 8.470 8.653 8.836 9.018 9.201 9.339 9.446 9.552 9.658 9.764 9.872 9.872 10.084 10.174 10.252 10.331 10.416 10.507 10.598 10.689 10.781 10.873 10.964 11.055 11.146 11.237 11.319 11.319 11.354 11.372 11.391 11.408 11.471 11.535 11.598 11.662 11.725 11.789 11.853 11.916 11.952 11.959 11.966 11.966
3.121 3.233 3.346 3.458 3.570 3.682 3.795 3.994 4.208 4.421 4.635 4.970 4.970 5.110 5.250 5.390 5.530 5.670 5.810 5.976 6.182 6.388 6.594 6.801 7.007 7.213 7.419 7.831 7.831 8.037 8.244 8.422 8.578 8.761 8.943 9.073 9.180 9.286 9.392 9.498 9.605 9.711 9.817 9.923 9.923 10.137 10.219 10.297 10.376 10.455 10.542 10.633 10.724 10.815 10.907 10.998 11.090 11.181 11.272 11.322 11.322 11.358 11.375 11.393 11.411 11.448 11.511 11.575 11.638 11.702 11.765 11.829 11.887 11.893 11.900 11.906 11.906
3.215 3.327 3.439 3.552 3.664 3.776 3.898 4.112 4.326 4.539 4.753 5.171 5.171 5.311 5.452 5.591 5.732 5.872 6.012 6.190 6.396 6.602 6.808 7.015 7.221 7.427 7.633 8.045 8.045 8.251 8.458 8.664 8.806 8.913 9.019 9.125 9.231 9.339 9.445 9.551 9.657 9.763 9.870 9.976 9.976 10.184 10.264 10.343 10.421 10.500 10.579 10.668 10.759 10.850 10.941 11.032 11.124 11.215 11.307 11.326 11.326 11.361 11.379 11.397 11.414 11.432 11.487 11.551 11.615 11.678 11.742 11.805 11.828 11.834 11.841 11.847 11.847
3.308 3.421 3.533 3.645 3.758 3.870 4.016 4.230 4.444 4.657 4.871 5.298 5.298 5.512 5.653 5.793 5.933 6.073 6.213 6.404 6.610 6.816 7.023 7.229 7.435 7.641 7.847 8.259 8.259 8.451 8.632 8.813 8.902 8.965 9.071 9.178 9.284 9.390 9.497 9.604 9.710 9.816 9.922 10.029 10.029 10.229 10.308 10.387 10.467 10.545 10.624 10.703 10.793 10.885 10.976 11.067 11.158 11.249 11.311 11.329 11.329 11.365 11.382 11.400 11.418 11.436 11.463 11.527 11.590 11.655 11.718 11.762 11.769 11.775 11.782 11.789 11.789
3.402 3.515 3.627 3.739 3.851 3.964 4.134 4.348 4.562 4.775 4.989 5.416 5.416 5.630 5.844 5.994 6.134 6.274 6.414 6.618 6.824 7.030 7.237 7.443 7.649 7.855 8.052 8.414 8.414 8.595 8.776 8.958 9.017 9.065 9.124 9.230 9.337 9.443 9.549 9.655 9.763 9.869 9.975 10.081 10.081 10.275 10.353 10.432 10.511 10.590 10.669 10.748 10.828 10.919 11.010 11.102 11.193 11.284 11.314 11.332 11.333 11.368 11.386 11.404 11.421 11.439 11.457 11.503 11.566 11.630 11.694 11.703 11.710 11.716 11.723 11.730 11.730
3.496 3.608 3.720 3.833 3.945 4.057 4.253 4.466 4.680 4.893 5.107 5.534 5.534 5.748 5.962 6.175 6.336 6.476 6.626 6.832 7.038 7.244 7.451 7.653 7.834 8.015 8.196 8.558 8.558 8.739 8.920 9.083 9.131 9.179 9.227 9.283 9.389 9.496 9.602 9.708 9.814 9.921 10.028 10.134 10.134 10.320 10.399 10.477 10.556 10.635 10.713 10.793 10.872 10.954 11.045 11.136 11.228 11.300 11.317 11.335 11.335 11.371 11.389 11.407 11.425 11.443 11.460 11.479 11.543 11.606 11.637 11.643 11.650 11.657 11.664 11.671 11.671
3.590 3.702 3.814 3.927 4.039 4.157 4.371 4.584 4.798 5.011 5.225 5.652 5.652 5.866 6.080 6.293 6.507 6.677 6.840 7.046 7.252 7.435 7.616 7.797 7.978 8.159 8.340 8.702 8.702 8.883 9.064 9.197 9.245 9.293 9.341 9.389 9.442 9.548 9.655 9.761 9.867 9.973 10.079 10.187 10.187 10.365 10.444 10.523 10.601 10.680 10.759 10.837 10.916 10.996 11.080 11.171 11.262 11.303 11.321 11.339 11.339 11.374 11.392 11.410 11.428 11.446 11.464 11.482 11.519 11.571 11.578 11.585 11.591 11.598 11.604 11.611 11.612
