includes/lisflood/camargue/results_R3_t1.561737397084E12/res-0008.wdfp
ncols         906
nrows         631
xllcorner     362177.146667
yllcorner     6534725.688020
cellsize      20.000000
NODATA_value  -9999.000000
[rows 510 to 543 of 631, columns 385 to 461 of 906]
0.043 0.042 0.009 0.000 0.026 0.000 0.001 0.005 0.004 0.003 0.003 0.008 0.000 0.000 0.004 0.048 0.058 0.000 0.000 0.000 0.000 0.000 0.000 0.000 0.000 0.000 0.000 0.000 0.000 0.000 0.000 0.000 0.000 0.000 0.000 0.000 0.000 0.000 0.000 0.000 0.000 0.000 0.000 0.000 0.000 0.000 0.000 0.000 0.000 0.000 0.000 0.000 0.000 0.000 0.000 0.089 0.099 0.006 0.006 0.139 0.008 0.077 0.059 0.060 0.051 0.014 0.316 0.339 0.362 0.037 0.410 0.426 0.423 0.481 0.480 0.494 0.500
0.011 0.064 0.066 0.455 0.023 0.009 0.022 0.024 0.011 0.016 0.019 0.007 0.002 0.000 0.000 0.087 0.000 0.000 0.000 0.000 0.000 0.000 0.000 0.000 2.385 0.000 0.000 0.000 0.000 0.000 0.000 0.000 0.000 0.000 0.000 0.000 0.000 0.000 0.000 0.000 0.000 0.000 0.000 0.000 0.000 0.000 0.000 0.000 0.000 0.000 0.000 0.005 0.064 0.000 0.042 0.118 0.079 0.015 0.014 0.054 0.092 0.056 0.364 0.388 0.410 0.016 0.404 0.427 0.450 0.473 0.024 0.516 0.517 0.520 0.520 0.530 0.536
0.030 0.040 0.002 0.035 0.000 0.085 0.000 0.032 0.004 0.004 0.005 0.012 0.000 0.000 0.000 0.121 0.000 0.000 0.000 0.000 0.000 0.000 2.289 2.036 2.064 0.000 0.000 0.000 0.000 0.000 0.000 0.000 0.000 0.000 0.000 0.000 0.000 0.000 0.000 0.000 0.000 0.000 0.000 0.000 0.000 0.000 0.000 0.000 0.000 0.000 0.043 0.000 0.123 0.189 0.091 0.117 0.075 0.064 0.057 0.032 0.355 0.382 0.407 0.075 0.008 0.426 0.449 0.471 0.494 0.517 0.534 0.536 0.538 0.540 0.540 0.550 0.556
0.069 0.073 0.003 0.026 0.404 0.379 0.010 0.031 0.004 0.003 0.004 0.018 0.000 0.000 0.165 0.162 0.000 0.000 0.000 0.000 0.000 2.618 2.365 2.111 1.858 0.000 0.000 0.000 0.000 0.000 0.000 0.000 0.000 0.000 0.000 0.000 0.000 0.000 0.000 0.000 0.000 0.000 0.000 0.000 0.000 0.000 0.000 0.000 0.007 0.224 0.100 0.139 0.164 0.149 0.179 0.121 0.116 0.008 0.005 0.359 0.390 0.046 0.067 0.468 0.009 0.470 0.493 0.516 0.538 0.553 0.555 0.557 0.559 0.561 0.561 0.570 0.575
0.370 0.047 0.007 0.060 0.054 0.047 0.018 0.016 0.122 0.009 0.019 0.020 0.000 0.000 0.206 0.000 0.000 0.000 0.000 0.000 2.948 2.694 2.440 0.000 0.000 0.000 0.000 0.000 0.000 0.000 0.000 0.000 0.000 0.000 0.000 0.000 0.000 0.000 0.000 0.000 0.000 0.000 0.000 0.000 0.000 0.000 0.000 0.109 0.149 0.123 0.000 0.179 0.000 0.000 0.083 0.107 0.136 0.069 0.043 0.392 0.045 0.422 0.445 0.045 0.490 0.030 0.537 0.560 0.572 0.574 0.576 0.578 0.580 0.582 0.582 0.590 0.595
0.400 0.032 0.387 0.380 0.019 0.410 0.001 0.042 0.027 0.006 0.012 0.000 0.003 0.000 0.250 0.000 0.000 0.000 0.000 3.277 3.023 0.000 0.000 0.000 0.000 0.000 0.000 0.000 0.000 0.000 0.000 0.000 0.000 0.000 0.000 0.000 0.000 0.000 0.000 0.000 0.000 0.000 0.000 0.000 0.000 0.007 0.073 0.000 0.261 0.000 0.000 0.000 0.000 0.000 0.102 0.134 0.053 0.245 0.245 0.425 0.445 0.467 0.490 0.512 0.535 0.558 0.581 0.591 0.593 0.595 0.597 0.599 0.601 0.603 0.602 0.610 0.615
0.433 0.425 0.418 0.025 0.032 0.048 0.028 0.360 0.027 0.011 0.014 0.037 0.002 0.024 0.296 0.001 0.272 0.000 0.012 0.005 0.000 0.000 0.000 0.000 0.000 0.000 0.000 0.000 0.000 0.000 0.000 0.000 0.000 0.000 0.000 0.000 0.000 0.000 0.000 0.000 0.000 0.000 0.000 0.000 0.005 0.123 0.182 0.182 0.192 0.182 0.212 0.000 0.000 0.001 0.002 0.052 0.131 0.281 0.280 0.467 0.489 0.511 0.534 0.557 0.579 0.602 0.610 0.612 0.614 0.616 0.618 0.619 0.621 0.623 0.623 0.630 0.635
0.469 0.461 0.453 0.445 0.438 0.432 0.422 0.412 0.020 0.054 0.054 0.014 0.010 0.353 0.343 0.334 0.324 0.000 0.001 0.015 0.002 0.000 0.000 0.000 0.000 0.000 0.000 0.000 0.000 0.000 0.000 0.000 0.000 0.000 0.000 0.000 0.000 0.000 0.000 0.000 0.000 0.000 0.000 0.000 0.243 0.263 0.192 0.132 0.192 0.000 0.000 0.000 0.000 0.002 0.005 0.045 0.163 0.316 0.316 0.510 0.533 0.555 0.578 0.600 0.623 0.629 0.631 0.633 0.635 0.636 0.638 0.640 0.642 0.644 0.644 0.650 0.655
0.505 0.497 0.489 0.482 0.476 0.473 0.036 0.463 0.453 0.433 0.433 0.423 0.025 0.404 0.395 0.385 0.375 0.004 0.003 0.010 0.002 0.004 0.001 0.005 0.000 0.000 0.000 0.000 0.000 0.000 0.000 0.000 0.000 0.000 0.000 0.000 0.000 0.000 0.000 0.000 0.000 0.000 0.000 0.036 0.042 0.131 0.000 0.000 0.000 0.000 0.000 0.000 0.001 0.002 0.007 0.056 0.197 0.352 0.352 0.554 0.577 0.599 0.622 0.644 0.648 0.650 0.652 0.654 0.655 0.657 0.659 0.661 0.663 0.665 0.664 0.670 0.675
0.541 0.533 0.526 0.520 0.514 0.510 0.506 0.502 0.499 0.485 0.485 0.017 0.465 0.456 0.446 0.436 0.427 0.005 0.005 0.004 0.002 0.002 0.003 0.002 0.000 0.000 0.000 0.000 0.000 0.000 0.000 0.000 0.000 0.000 0.000 0.000 0.000 0.000 0.000 0.000 0.000 0.000 0.000 0.140 0.000 0.107 0.000 0.000 0.000 0.000 0.000 0.000 0.000 0.002 0.010 0.082 0.233 0.388 0.387 0.597 0.620 0.643 0.665 0.667 0.669 0.671 0.672 0.674 0.676 0.678 0.680 0.682 0.684 0.685 0.685 0.690 0.695
0.577 0.570 0.564 0.558 0.552 0.548 0.544 0.540 0.536 0.529 0.529 0.525 0.517 0.507 0.497 0.488 0.478 0.017 0.021 0.007 0.004 0.003 0.002 0.002 0.000 0.000 0.000 0.000 0.000 0.000 0.004 0.055 0.000 0.000 0.000 0.000 0.000 0.000 0.000 0.000 0.000 0.025 0.008 0.110 0.023 0.190 0.000 0.000 0.000 0.001 0.002 0.002 0.004 0.007 0.014 0.115 0.269 0.424 0.423 0.641 0.663 0.684 0.686 0.688 0.689 0.691 0.693 0.695 0.697 0.699 0.701 0.702 0.704 0.706 0.706 0.710 0.715
0.614 0.608 0.602 0.596 0.590 0.585 0.581 0.578 0.574 0.567 0.567 0.563 0.559 0.555 0.549 0.539 0.529 0.519 0.032 0.136 0.004 0.053 0.014 0.003 0.002 0.000 0.000 0.000 0.135 0.275 0.225 0.124 0.124 0.093 0.000 0.002 0.000 0.000 0.000 0.000 0.000 0.000 0.083 0.118 0.188 0.025 0.039 0.001 0.004 0.007 0.016 0.038 0.083 0.136 0.190 0.244 0.304 0.459 0.459 0.684 0.703 0.705 0.706 0.708 0.710 0.712 0.714 0.716 0.717 0.719 0.721 0.723 0.725 0.727 0.727 0.731 0.735
0.652 0.646 0.640 0.634 0.628 0.622 0.619 0.615 0.611 0.604 0.604 0.600 0.597 0.593 0.589 0.585 0.580 0.570 0.462 0.210 0.065 0.019 0.002 0.000 0.091 0.000 0.000 0.000 0.000 0.215 0.135 0.134 0.143 0.183 0.128 0.132 0.232 0.132 0.001 0.081 0.232 0.000 0.153 0.003 0.025 0.049 0.038 0.055 0.100 0.153 0.207 0.261 0.315 0.370 0.425 0.479 0.534 0.589 0.589 0.721 0.723 0.725 0.727 0.729 0.731 0.733 0.734 0.736 0.738 0.740 0.742 0.744 0.746 0.747 0.747 0.751 0.755
0.690 0.684 0.678 0.672 0.666 0.660 0.656 0.652 0.649 0.641 0.641 0.638 0.634 0.630 0.626 0.623 0.619 0.615 0.614 0.495 0.376 0.257 0.139 0.040 0.015 0.005 0.009 0.000 0.000 0.314 0.274 0.000 0.253 0.293 0.000 0.234 0.000 0.000 0.069 0.000 0.015 0.037 0.038 0.076 0.121 0.173 0.226 0.280 0.334 0.389 0.443 0.498 0.552 0.607 0.661 0.716 0.737 0.738 0.738 0.728 0.733 0.738 0.743 0.748 0.751 0.753 0.755 0.757 0.759 0.761 0.763 0.764 0.766 0.768 0.768 0.772 0.774
0.690 0.684 0.678 0.672 0.666 0.660 0.656 0.652 0.648 0.641 0.641 0.637 0.633 0.630 0.626 0.622 0.618 0.615 0.614 0.495 0.375 0.257 0.139 0.037 0.008 0.003 0.004 0.000 0.000 0.314 0.274 0.000 0.253 0.293 0.000 0.233 0.000 0.000 0.069 0.000 0.006 0.023 0.019 0.071 0.119 0.172 0.226 0.280 0.334 0.388 0.443 0.497 0.552 0.607 0.661 0.716 0.737 0.738 0.738 0.727 0.732 0.738 0.743 0.748 0.751 0.753 0.755 0.757 0.759 0.760 0.762 0.764 0.766 0.768 0.767 0.771 0.774
0.727 0.721 0.715 0.709 0.704 0.698 0.693 0.689 0.686 0.678 0.678 0.674 0.671 0.667 0.663 0.659 0.655 0.657 0.664 0.673 0.683 0.570 0.451 0.331 0.213 0.096 0.097 0.003 0.001 0.000 0.000 0.001 0.007 0.020 0.013 0.042 0.024 0.015 0.017 0.021 0.070 0.156 0.155 0.296 0.351 0.405 0.460 0.515 0.570 0.625 0.679 0.734 0.751 0.753 0.754 0.756 0.757 0.759 0.759 0.735 0.732 0.737 0.742 0.747 0.752 0.757 0.762 0.768 0.773 0.778 0.783 0.785 0.786 0.788 0.788 0.792 0.794
0.765 0.759 0.753 0.747 0.741 0.735 0.730 0.726 0.723 0.715 0.715 0.711 0.708 0.704 0.700 0.696 0.700 0.706 0.712 0.721 0.731 0.741 0.751 0.648 0.528 0.409 0.409 0.172 0.057 0.007 0.017 0.029 0.048 0.074 0.100 0.129 0.157 0.186 0.216 0.246 0.312 0.401 0.401 0.533 0.588 0.642 0.697 0.752 0.766 0.767 0.769 0.771 0.772 0.774 0.775 0.777 0.778 0.780 0.780 0.747 0.731 0.736 0.741 0.747 0.752 0.757 0.762 0.767 0.772 0.777 0.782 0.787 0.792 0.797 0.797 0.807 0.812
0.841 0.835 0.829 0.823 0.817 0.811 0.805 0.801 0.798 0.790 0.790 0.786 0.783 0.779 0.785 0.791 0.797 0.804 0.810 0.817 0.827 0.837 0.847 0.857 0.867 0.877 0.877 0.804 0.684 0.580 0.611 0.641 0.671 0.701 0.732 0.762 0.792 0.823 0.837 0.826 0.814 0.802 0.802 0.800 0.801 0.803 0.805 0.806 0.808 0.809 0.811 0.813 0.814 0.816 0.817 0.819 0.820 0.805 0.805 0.770 0.753 0.736 0.740 0.746 0.751 0.756 0.761 0.766 0.771 0.776 0.781 0.786 0.791 0.796 0.795 0.821 0.858
0.879 0.873 0.867 0.861 0.855 0.849 0.843 0.839 0.835 0.828 0.827 0.824 0.821 0.827 0.833 0.840 0.846 0.852 0.859 0.865 0.875 0.885 0.895 0.905 0.915 0.925 0.925 0.946 0.956 0.899 0.930 0.945 0.934 0.922 0.911 0.899 0.888 0.876 0.864 0.853 0.841 0.832 0.831 0.821 0.823 0.824 0.826 0.827 0.829 0.830 0.832 0.834 0.835 0.837 0.838 0.840 0.834 0.817 0.816 0.782 0.765 0.747 0.740 0.745 0.750 0.755 0.760 0.765 0.770 0.775 0.780 0.785 0.790 0.795 0.794 0.848 0.885
0.916 0.911 0.905 0.899 0.893 0.887 0.881 0.876 0.872 0.865 0.865 0.863 0.870 0.876 0.882 0.888 0.895 0.901 0.907 0.914 0.923 0.933 0.943 0.953 0.963 0.973 0.973 0.994 1.004 0.996 0.984 0.973 0.961 0.949 0.938 0.926 0.915 0.903 0.892 0.880 0.868 0.861 0.860 0.845 0.844 0.845 0.847 0.848 0.850 0.851 0.853 0.854 0.856 0.857 0.859 0.860 0.846 0.828 0.828 0.794 0.776 0.759 0.741 0.744 0.749 0.754 0.759 0.764 0.769 0.774 0.779 0.784 0.789 0.800 0.800 0.874 0.911
0.954 0.948 0.942 0.936 0.930 0.924 0.918 0.913 0.910 0.906 0.906 0.912 0.918 0.925 0.931 0.937 0.944 0.950 0.956 0.963 0.971 0.981 0.991 1.001 1.011 1.022 1.022 1.042 1.036 1.023 1.011 1.000 0.988 0.977 0.965 0.953 0.942 0.930 0.919 0.907 0.897 0.889 0.889 0.874 0.866 0.866 0.868 0.869 0.871 0.872 0.874 0.875 0.877 0.878 0.880 0.875 0.857 0.840 0.840 0.805 0.788 0.770 0.753 0.744 0.749 0.754 0.759 0.764 0.769 0.773 0.778 0.783 0.789 0.826 0.826 0.900 0.937
0.975 0.975 0.974 0.974 0.968 0.962 0.956 0.951 0.947 0.954 0.954 0.961 0.967 0.973 0.980 0.986 0.992 0.999 1.005 1.011 1.019 1.029 1.039 1.049 1.060 1.070 1.070 1.075 1.063 1.051 1.039 1.027 1.015 1.004 0.992 0.981 0.969 0.957 0.946 0.934 0.926 0.918 0.918 0.903 0.895 0.887 0.889 0.890 0.892 0.893 0.895 0.896 0.898 0.899 0.901 0.886 0.869 0.851 0.851 0.817 0.799 0.782 0.765 0.747 0.748 0.753 0.758 0.763 0.768 0.773 0.777 0.782 0.816 0.852 0.852 0.926 0.963
0.996 0.995 0.995 0.994 0.994 0.993 0.992 0.988 0.990 1.003 1.003 1.009 1.016 1.022 1.028 1.035 1.041 1.047 1.054 1.060 1.067 1.077 1.087 1.097 1.108 1.118 1.118 1.102 1.090 1.078 1.066 1.054 1.043 1.031 1.019 1.008 0.996 0.984 0.973 0.963 0.955 0.947 0.947 0.932 0.924 0.916 0.909 0.911 0.913 0.914 0.915 0.917 0.918 0.920 0.915 0.898 0.880 0.863 0.863 0.828 0.811 0.794 0.776 0.759 0.747 0.752 0.757 0.762 0.767 0.772 0.776 0.805 0.842 0.879 0.878 0.953 0.990
1.016 1.015 1.015 1.014 1.014 1.013 1.013 1.011 1.023 1.052 1.052 1.058 1.064 1.071 1.077 1.084 1.090 1.096 1.103 1.109 1.116 1.125 1.135 1.146 1.156 1.154 1.154 1.130 1.118 1.106 1.094 1.081 1.070 1.058 1.046 1.035 1.023 1.011 1.000 0.992 0.984 0.976 0.976 0.961 0.953 0.945 0.937 0.932 0.933 0.935 0.936 0.938 0.939 0.941 0.927 0.909 0.892 0.875 0.874 0.840 0.823 0.805 0.788 0.770 0.753 0.751 0.756 0.761 0.766 0.771 0.794 0.831 0.868 0.905 0.905 0.979 1.016
1.036 1.036 1.035 1.035 1.034 1.034 1.032 1.030 1.036 1.071 1.071 1.088 1.105 1.120 1.126 1.132 1.139 1.145 1.152 1.158 1.165 1.173 1.183 1.194 1.193 1.181 1.181 1.157 1.145 1.133 1.121 1.109 1.097 1.085 1.073 1.062 1.050 1.038 1.028 1.020 1.013 1.005 1.005 0.989 0.982 0.974 0.966 0.958 0.954 0.956 0.957 0.959 0.960 0.956 0.938 0.921 0.904 0.886 0.886 0.851 0.834 0.817 0.799 0.782 0.764 0.751 0.755 0.760 0.765 0.784 0.821 0.857 0.894 0.931 0.931 1.005 1.042
1.057 1.056 1.056 1.055 1.055 1.053 1.051 1.049 1.050 1.084 1.084 1.102 1.119 1.136 1.154 1.171 1.188 1.194 1.201 1.207 1.214 1.221 1.231 1.232 1.220 1.208 1.208 1.184 1.172 1.160 1.148 1.136 1.124 1.112 1.100 1.089 1.077 1.065 1.057 1.049 1.041 1.034 1.034 1.018 1.010 1.002 0.995 0.987 0.979 0.976 0.978 0.979 0.981 0.967 0.950 0.933 0.915 0.898 0.898 0.863 0.846 0.828 0.811 0.793 0.776 0.758 0.755 0.759 0.773 0.810 0.847 0.884 0.921 0.958 0.957 1.031 1.069
1.077 1.076 1.076 1.076 1.074 1.072 1.070 1.068 1.066 1.098 1.098 1.115 1.133 1.150 1.167 1.184 1.202 1.219 1.237 1.254 1.262 1.269 1.272 1.260 1.248 1.236 1.236 1.211 1.199 1.187 1.175 1.163 1.151 1.139 1.127 1.115 1.104 1.093 1.086 1.078 1.070 1.062 1.062 1.047 1.039 1.031 1.023 1.016 1.008 1.000 0.999 1.000 0.996 0.979 0.962 0.944 0.927 0.909 0.909 0.875 0.857 0.840 0.822 0.804 0.787 0.769 0.754 0.763 0.800 0.836 0.873 0.910 0.947 0.984 0.983 1.058 1.095
1.097 1.097 1.096 1.095 1.093 1.091 1.089 1.087 1.085 1.111 1.111 1.129 1.146 1.163 1.181 1.198 1.216 1.233 1.250 1.268 1.285 1.297 1.290 1.283 1.275 1.263 1.263 1.239 1.227 1.215 1.203 1.190 1.178 1.166 1.154 1.142 1.131 1.122 1.114 1.107 1.099 1.091 1.091 1.076 1.068 1.060 1.052 1.044 1.036 1.029 1.021 1.021 1.008 0.990 0.973 0.956 0.938 0.921 0.921 0.886 0.868 0.851 0.833 0.816 0.799 0.781 0.763 0.785 0.825 0.863 0.900 0.936 0.973 1.010 1.010 1.084 1.121
1.118 1.117 1.115 1.113 1.111 1.110 1.108 1.106 1.104 1.125 1.125 1.142 1.160 1.177 1.194 1.212 1.229 1.247 1.264 1.281 1.294 1.290 1.285 1.278 1.271 1.264 1.264 1.250 1.243 1.236 1.229 1.218 1.205 1.193 1.181 1.169 1.159 1.151 1.143 1.135 1.128 1.120 1.120 1.104 1.096 1.089 1.081 1.073 1.065 1.055 1.045 1.037 1.020 1.003 0.986 0.968 0.951 0.934 0.933 0.899 0.882 0.864 0.847 0.830 0.812 0.795 0.786 0.792 0.831 0.871 0.911 0.951 0.991 1.031 1.031 1.111 1.148
1.138 1.136 1.134 1.132 1.130 1.128 1.126 1.124 1.122 1.138 1.138 1.156 1.173 1.191 1.208 1.225 1.243 1.260 1.278 1.291 1.287 1.284 1.280 1.273 1.266 1.259 1.259 1.245 1.238 1.231 1.224 1.217 1.210 1.203 1.196 1.189 1.180 1.170 1.161 1.151 1.141 1.131 1.131 1.111 1.101 1.091 1.082 1.072 1.062 1.052 1.042 1.038 1.034 1.017 0.999 0.982 0.965 0.947 0.947 0.913 0.896 0.878 0.861 0.843 0.826 0.808 0.811 0.816 0.838 0.878 0.918 0.958 0.998 1.038 1.037 1.118 1.158
1.137 1.135 1.134 1.132 1.130 1.128 1.126 1.124 1.122 1.138 1.138 1.155 1.173 1.190 1.208 1.225 1.242 1.260 1.277 1.291 1.287 1.283 1.280 1.273 1.266 1.259 1.259 1.245 1.238 1.231 1.224 1.217 1.210 1.203 1.195 1.188 1.180 1.170 1.160 1.150 1.141 1.131 1.131 1.111 1.101 1.091 1.081 1.071 1.061 1.051 1.041 1.038 1.033 1.016 0.999 0.982 0.964 0.947 0.947 0.912 0.895 0.878 0.860 0.843 0.825 0.808 0.810 0.815 0.837 0.877 0.917 0.957 0.997 1.037 1.037 1.117 1.157
1.156 1.154 1.152 1.150 1.148 1.146 1.144 1.142 1.141 1.151 1.151 1.169 1.186 1.204 1.221 1.239 1.256 1.273 1.287 1.284 1.280 1.277 1.273 1.267 1.260 1.253 1.253 1.239 1.232 1.225 1.218 1.211 1.204 1.197 1.190 1.183 1.177 1.167 1.157 1.147 1.137 1.127 1.127 1.108 1.098 1.088 1.078 1.068 1.058 1.048 1.039 1.038 1.037 1.030 1.012 0.995 0.978 0.961 0.960 0.926 0.908 0.891 0.874 0.856 0.839 0.829 0.835 0.840 0.845 0.883 0.923 0.963 1.003 1.043 1.043 1.123 1.164
1.175 1.173 1.171 1.169 1.167 1.165 1.163 1.161 1.159 1.165 1.165 1.182 1.200 1.217 1.234 1.252 1.269 1.284 1.281 1.277 1.274 1.270 1.266 1.262 1.255 1.248 1.248 1.234 1.227 1.220 1.213 1.206 1.199 1.192 1.185 1.178 1.171 1.164 1.154 1.144 1.134 1.124 1.124 1.104 1.094 1.085 1.075 1.064 1.055 1.045 1.040 1.039 1.038 1.037 1.026 1.009 0.991 0.974 0.974 0.939 0.922 0.905 0.887 0.870 0.852 0.854 0.859 0.865 0.870 0.890 0.930 0.970 1.010 1.050 1.049 1.130 1.170
1.212 1.211 1.209 1.207 1.205 1.203 1.201 1.199 1.197 1.193 1.193 1.209 1.227 1.244 1.262 1.279 1.275 1.271 1.268 1.264 1.261 1.257 1.253 1.250 1.245 1.238 1.238 1.224 1.217 1.210 1.203 1.196 1.189 1.182 1.175 1.168 1.162 1.155 1.147 1.138 1.128 1.118 1.118 1.098 1.088 1.078 1.068 1.058 1.048 1.043 1.042 1.041 1.040 1.039 1.038 1.037 1.019 1.002 1.001 0.967 0.950 0.932 0.915 0.897 0.899 0.904 0.910 0.915 0.920 0.925 0.943 0.983 1.023 1.063 1.063 1.143 1.183
