includes/lisflood/camargue/results_R3_t1.561737397084E12/res-0010.wd
ncols         906
nrows         631
xllcorner     362177.146667
yllcorner     6534725.688020
cellsize      20.000000
NODATA_value  -9999.000000
[rows 476 to 509 of 631, columns 0 to 76 of 906]
0.732 0.814 0.945 1.122 1.300 1.478 1.656 1.834 1.834 2.188 2.350 2.512 2.673 2.691 2.681 2.672 2.663 2.653 2.643 2.628 2.614 2.599 2.584 2.570 2.569 2.319 2.163 2.011 1.919 1.827 1.735 1.643 1.551 1.459 1.367 1.275 1.453 1.670 1.887 2.105 2.104 2.551 2.793 3.035 3.277 3.520 3.692 3.726 3.623 3.520 3.417 3.314 3.210 3.107 3.004 2.901 2.900 2.674 2.558 2.441 2.313 2.186 2.058 1.931 1.803 1.676 1.707 1.779 1.852 1.924 1.997 2.355 3.166 3.166 3.572 3.977 3.931
0.659 0.754 0.850 0.992 1.170 1.348 1.526 1.704 1.704 2.052 2.214 2.376 2.537 2.699 2.704 2.695 2.685 2.676 2.664 2.649 2.635 2.620 2.605 2.591 2.590 2.476 2.320 2.187 2.096 2.003 1.911 1.819 1.727 1.635 1.543 1.451 1.356 1.590 1.832 2.075 2.074 2.559 2.801 3.043 3.285 3.527 3.634 3.672 3.699 3.596 3.493 3.389 3.286 3.183 3.080 2.976 2.976 2.745 2.630 2.515 2.396 2.268 2.141 2.013 1.886 1.799 1.871 1.944 2.016 2.089 2.161 2.267 3.078 3.078 3.484 3.748 3.416
0.540 0.635 0.731 0.827 0.923 1.088 1.266 1.444 1.444 1.781 1.943 2.104 2.266 2.428 2.589 2.740 2.731 2.721 2.706 2.692 2.677 2.662 2.647 2.633 2.633 2.609 2.626 2.468 2.342 2.216 2.089 1.963 1.837 1.711 1.585 1.458 1.533 1.691 1.850 2.090 2.090 2.575 2.817 3.059 3.301 3.481 3.519 3.558 3.596 3.634 3.644 3.541 3.438 3.334 3.231 3.119 3.119 2.889 2.774 2.658 2.543 2.428 2.306 2.179 2.056 2.128 2.201 2.273 2.346 2.418 2.491 2.563 2.903 2.903 3.050 2.719 2.387
0.481 0.576 0.671 0.767 0.864 0.960 1.136 1.314 1.313 1.645 1.807 1.968 2.130 2.292 2.454 2.615 2.754 2.742 2.727 2.713 2.718 2.735 2.751 2.767 2.767 2.800 2.738 2.498 2.341 2.214 2.088 1.962 1.836 1.709 1.583 1.464 1.622 1.780 1.938 2.098 2.098 2.583 2.825 3.067 3.309 3.424 3.462 3.500 3.538 3.576 3.614 3.617 3.514 3.410 3.306 3.191 3.191 2.961 2.845 2.730 2.615 2.500 2.385 2.262 2.221 2.293 2.366 2.438 2.511 2.583 2.656 2.728 2.858 2.858 2.637 2.342 2.047
0.421 0.516 0.612 0.708 0.804 0.900 1.005 1.183 1.183 1.509 1.671 1.833 1.994 2.156 2.316 2.475 2.633 2.860 2.877 2.893 2.909 2.925 2.942 2.958 2.958 2.990 2.846 2.606 2.365 2.213 2.087 1.961 1.834 1.708 1.582 1.552 1.710 1.868 2.026 2.185 2.185 2.590 2.833 3.075 3.317 3.366 3.404 3.442 3.481 3.519 3.557 3.595 3.589 3.486 3.378 3.263 3.263 3.032 2.917 2.802 2.687 2.572 2.456 2.343 2.350 2.399 2.447 2.496 2.544 2.592 2.641 2.689 2.823 2.823 2.989 2.724 2.428
0.362 0.456 0.552 0.648 0.744 0.841 0.937 1.050 1.050 1.368 1.526 1.685 1.843 2.002 2.161 2.319 2.502 2.830 3.067 3.083 3.100 3.116 3.132 3.149 3.148 3.181 2.953 2.713 2.473 2.233 2.086 1.959 1.833 1.707 1.581 1.641 1.799 1.957 2.115 2.273 2.273 2.598 2.840 3.083 3.271 3.309 3.347 3.385 3.423 3.461 3.499 3.537 3.575 3.562 3.449 3.334 3.334 3.111 3.003 2.896 2.788 2.680 2.573 2.456 2.304 2.327 2.376 2.424 2.472 2.521 2.569 2.618 2.797 2.797 2.964 3.105 2.810
0.304 0.405 0.506 0.608 0.710 0.812 0.914 0.975 0.975 1.212 1.371 1.530 1.688 1.847 2.005 2.164 2.406 2.734 3.061 3.274 3.290 3.307 3.323 3.339 3.339 3.301 3.060 2.820 2.580 2.340 2.100 1.958 1.832 1.706 1.580 1.729 1.887 2.046 2.204 2.362 2.362 2.678 2.848 3.090 3.213 3.251 3.289 3.328 3.366 3.404 3.442 3.486 3.529 3.574 3.556 3.448 3.448 3.233 3.125 3.018 2.910 2.803 2.695 2.562 2.410 2.258 2.304 2.352 2.401 2.449 2.498 2.546 2.772 2.772 2.939 3.105 3.191
0.288 0.389 0.490 0.592 0.694 0.796 0.898 0.930 0.930 1.057 1.216 1.374 1.533 1.691 1.850 2.008 2.311 2.638 2.965 3.293 3.481 3.497 3.514 3.530 3.530 3.408 3.168 2.928 2.688 2.447 2.207 1.967 1.831 1.704 1.660 1.818 1.976 2.134 2.292 2.450 2.450 2.767 2.925 3.098 3.156 3.198 3.242 3.285 3.329 3.373 3.416 3.460 3.504 3.550 3.600 3.570 3.570 3.355 3.247 3.140 3.032 2.925 2.817 2.668 2.516 2.364 2.232 2.281 2.329 2.378 2.426 2.475 2.747 2.747 2.913 3.080 3.246
0.273 0.373 0.474 0.576 0.678 0.780 0.857 0.886 0.886 0.945 1.060 1.219 1.377 1.536 1.694 1.887 2.215 2.542 2.869 3.197 3.524 3.688 3.704 3.720 3.720 3.515 3.275 3.035 2.795 2.555 2.315 2.074 1.834 1.703 1.748 1.906 2.064 2.223 2.381 2.535 2.535 2.807 2.944 3.065 3.129 3.172 3.216 3.260 3.303 3.347 3.391 3.434 3.478 3.526 3.576 3.626 3.626 3.477 3.369 3.262 3.154 3.047 2.927 2.774 2.622 2.470 2.318 2.209 2.258 2.306 2.355 2.403 2.721 2.721 2.888 3.055 3.221
0.257 0.357 0.458 0.560 0.662 0.764 0.812 0.842 0.842 0.900 0.930 1.063 1.222 1.380 1.539 1.792 2.119 2.446 2.773 3.101 3.428 3.755 3.895 3.911 3.911 3.623 3.382 3.142 2.902 2.662 2.422 2.182 1.942 1.702 1.824 1.960 2.097 2.233 2.369 2.506 2.506 2.778 2.914 3.015 3.084 3.147 3.190 3.234 3.278 3.321 3.365 3.409 3.453 3.503 3.552 3.602 3.602 3.599 3.492 3.384 3.276 3.169 3.033 2.880 2.728 2.576 2.424 2.272 2.186 2.235 2.283 2.363 2.696 2.696 2.863 3.029 3.196
0.262 0.341 0.442 0.544 0.646 0.738 0.768 0.797 0.797 0.856 0.885 0.915 1.066 1.225 1.383 1.696 2.023 2.350 2.678 3.005 3.332 3.660 3.987 4.102 4.102 3.730 3.490 3.250 3.010 2.774 2.538 2.302 2.066 1.867 1.795 1.931 2.068 2.204 2.340 2.476 2.476 2.749 2.885 2.964 3.034 3.103 3.165 3.208 3.252 3.296 3.339 3.383 3.429 3.479 3.529 3.578 3.578 3.678 3.614 3.506 3.398 3.291 3.139 2.987 2.834 2.682 2.530 2.378 2.226 2.163 2.212 2.338 2.671 2.671 2.838 3.004 3.171
0.283 0.339 0.427 0.528 0.630 0.694 0.723 0.753 0.753 0.811 0.841 0.870 0.911 1.069 1.272 1.600 1.927 2.254 2.582 2.909 3.236 3.564 3.891 4.208 4.207 3.848 3.612 3.376 3.140 2.904 2.668 2.432 2.196 2.046 1.965 1.902 2.038 2.175 2.311 2.447 2.447 2.720 2.844 2.914 2.983 3.053 3.123 3.183 3.226 3.270 3.314 3.358 3.406 3.455 3.505 3.555 3.555 3.654 3.704 3.628 3.521 3.397 3.245 3.093 2.940 2.788 2.636 2.484 2.332 2.179 2.146 2.313 2.641 2.641 2.799 2.956 3.113
0.305 0.361 0.417 0.512 0.614 0.650 0.679 0.708 0.708 0.767 0.796 0.826 0.855 0.914 1.176 1.504 1.831 2.145 2.452 2.760 3.068 3.375 3.683 3.960 3.959 3.978 3.742 3.506 3.270 3.034 2.798 2.562 2.327 2.226 2.144 2.063 2.009 2.146 2.282 2.418 2.418 2.691 2.794 2.863 2.933 3.003 3.072 3.142 3.201 3.244 3.288 3.333 3.382 3.432 3.482 3.531 3.531 3.630 3.680 3.730 3.643 3.503 3.351 3.199 3.046 2.894 2.741 2.582 2.422 2.263 2.152 2.239 2.554 2.554 2.712 2.869 3.026
0.326 0.382 0.439 0.496 0.576 0.605 0.635 0.664 0.664 0.724 0.758 0.792 0.826 0.860 1.005 1.312 1.620 1.928 2.235 2.543 2.851 3.158 3.466 3.699 3.699 4.056 3.872 3.636 3.400 3.165 2.929 2.693 2.487 2.405 2.324 2.242 2.161 2.116 2.253 2.389 2.389 2.662 2.743 2.813 2.883 2.952 3.022 3.092 3.161 3.219 3.263 3.309 3.359 3.408 3.458 3.508 3.508 3.607 3.657 3.706 3.750 3.596 3.437 3.277 3.118 2.959 2.799 2.640 2.480 2.321 2.251 2.209 2.467 2.467 2.624 2.782 2.939
0.325 0.377 0.430 0.483 0.552 0.585 0.619 0.653 0.653 0.721 0.755 0.789 0.823 0.865 0.921 1.095 1.403 1.711 2.018 2.326 2.634 2.942 3.249 3.439 3.439 3.796 3.974 3.767 3.531 3.295 3.059 2.823 2.666 2.585 2.503 2.422 2.340 2.259 2.224 2.360 2.360 2.623 2.693 2.762 2.832 2.902 2.972 3.041 3.111 3.181 3.237 3.285 3.335 3.385 3.437 3.491 3.491 3.599 3.653 3.707 3.714 3.654 3.495 3.336 3.176 3.017 2.857 2.698 2.538 2.392 2.350 2.308 2.380 2.380 2.537 2.695 2.852
0.261 0.312 0.365 0.429 0.519 0.582 0.616 0.650 0.650 0.718 0.752 0.785 0.819 0.871 0.927 0.983 1.186 1.494 1.801 2.109 2.417 2.725 3.000 3.178 3.178 3.535 3.713 3.892 3.661 3.425 3.189 2.953 2.845 2.764 2.683 2.601 2.520 2.438 2.357 2.331 2.331 2.573 2.642 2.712 2.782 2.852 2.921 2.991 3.061 3.132 3.206 3.277 3.331 3.385 3.439 3.493 3.493 3.601 3.655 3.709 3.678 3.619 3.553 3.394 3.234 3.075 2.915 2.756 2.596 2.491 2.449 2.407 2.323 2.323 2.450 2.608 2.765
0.261 0.312 0.365 0.429 0.519 0.582 0.616 0.650 0.649 0.717 0.751 0.785 0.819 0.871 0.927 0.983 1.186 1.494 1.801 2.109 2.417 2.724 3.000 3.178 3.178 3.535 3.713 3.892 3.661 3.425 3.189 2.953 2.845 2.764 2.682 2.601 2.520 2.438 2.357 2.331 2.331 2.573 2.642 2.712 2.782 2.851 2.921 2.991 3.061 3.132 3.206 3.277 3.331 3.385 3.439 3.493 3.493 3.601 3.655 3.709 3.678 3.619 3.553 3.394 3.234 3.075 2.915 2.756 2.596 2.491 2.449 2.407 2.323 2.323 2.450 2.608 2.765
0.196 0.248 0.300 0.384 0.474 0.565 0.613 0.646 0.646 0.714 0.748 0.782 0.820 0.876 0.932 0.989 1.045 1.277 1.584 1.892 2.200 2.508 2.739 2.918 2.917 3.274 3.453 3.631 3.791 3.555 3.319 3.106 3.025 2.943 2.862 2.780 2.699 2.618 2.536 2.455 2.455 2.522 2.592 2.663 2.734 2.805 2.876 2.947 3.018 3.089 3.170 3.263 3.333 3.387 3.441 3.495 3.495 3.603 3.657 3.702 3.643 3.584 3.525 3.452 3.292 3.133 2.973 2.814 2.654 2.590 2.548 2.506 2.422 2.422 2.380 2.521 2.678
0.067 0.117 0.204 0.294 0.385 0.475 0.566 0.640 0.640 0.708 0.742 0.776 0.832 0.888 0.944 1.000 1.057 1.113 1.169 1.458 1.766 2.040 2.218 2.397 2.397 2.754 2.932 3.111 3.289 3.468 3.580 3.465 3.369 3.240 3.112 2.984 2.856 2.728 2.599 2.471 2.471 2.453 2.506 2.577 2.648 2.719 2.790 2.861 2.932 3.005 3.099 3.192 3.286 3.379 3.445 3.499 3.499 3.607 3.661 3.630 3.571 3.512 3.453 3.394 3.335 3.249 3.089 2.930 2.831 2.788 2.746 2.704 2.620 2.620 2.578 2.536 2.504
0.005 0.069 0.159 0.249 0.340 0.431 0.521 0.612 0.612 0.705 0.739 0.781 0.837 0.894 0.950 1.006 1.062 1.119 1.175 1.241 1.549 1.779 1.958 2.136 2.136 2.493 2.672 2.862 3.059 3.255 3.435 3.430 3.302 3.174 3.046 2.917 2.789 2.661 2.533 2.404 2.404 2.439 2.481 2.534 2.605 2.676 2.747 2.818 2.890 2.969 3.063 3.156 3.250 3.344 3.437 3.501 3.501 3.609 3.653 3.594 3.535 3.476 3.417 3.358 3.299 3.240 3.148 2.988 2.930 2.887 2.845 2.803 2.719 2.719 2.662 2.586 2.509
0.000 0.023 0.114 0.204 0.295 0.386 0.476 0.567 0.567 0.702 0.736 0.787 0.843 0.899 0.956 1.012 1.068 1.124 1.180 1.237 1.332 1.519 1.716 1.913 1.913 2.306 2.503 2.699 2.896 3.092 3.219 3.244 3.235 3.107 2.979 2.851 2.722 2.594 2.466 2.342 2.342 2.425 2.466 2.508 2.562 2.633 2.704 2.775 2.847 2.934 3.027 3.121 3.214 3.308 3.401 3.495 3.495 3.611 3.617 3.558 3.499 3.440 3.381 3.322 3.263 3.204 3.145 3.071 3.016 2.939 2.862 2.785 2.632 2.632 2.555 2.478 2.407
0.000 0.000 0.068 0.159 0.250 0.341 0.432 0.522 0.522 0.699 0.737 0.793 0.849 0.905 0.961 1.017 1.072 1.127 1.183 1.238 1.288 1.356 1.553 1.750 1.750 2.143 2.340 2.536 2.733 2.930 3.004 3.029 3.054 3.040 2.912 2.784 2.656 2.527 2.399 2.328 2.328 2.411 2.452 2.494 2.535 2.590 2.661 2.733 2.804 2.898 2.992 3.085 3.179 3.272 3.366 3.459 3.459 3.613 3.581 3.522 3.463 3.404 3.349 3.319 3.288 3.257 3.227 3.079 2.909 2.832 2.755 2.678 2.525 2.525 2.448 2.372 2.327
0.000 0.000 0.024 0.115 0.206 0.297 0.388 0.478 0.478 0.660 0.740 0.796 0.851 0.906 0.961 1.016 1.071 1.126 1.181 1.236 1.280 1.316 1.390 1.587 1.587 1.980 2.177 2.373 2.570 2.763 2.788 2.813 2.838 2.863 2.845 2.717 2.589 2.461 2.332 2.314 2.314 2.397 2.438 2.479 2.521 2.562 2.619 2.690 2.769 2.862 2.956 3.049 3.143 3.237 3.330 3.424 3.424 3.616 3.599 3.568 3.537 3.507 3.476 3.445 3.415 3.384 3.353 3.134 2.887 2.725 2.648 2.571 2.418 2.418 2.341 2.265 2.246
0.000 0.000 0.000 0.075 0.166 0.257 0.348 0.438 0.439 0.620 0.715 0.794 0.849 0.904 0.959 1.014 1.069 1.124 1.179 1.234 1.272 1.308 1.344 1.424 1.424 1.817 2.014 2.210 2.407 2.547 2.572 2.597 2.622 2.647 2.672 2.650 2.522 2.394 2.266 2.300 2.300 2.382 2.424 2.465 2.507 2.548 2.589 2.647 2.733 2.827 2.920 3.015 3.113 3.211 3.309 3.407 3.407 3.608 3.717 3.694 3.664 3.633 3.602 3.572 3.541 3.510 3.437 3.190 2.942 2.694 2.541 2.464 2.311 2.311 2.234 2.165 2.165
0.000 0.000 0.000 0.036 0.126 0.217 0.308 0.398 0.399 0.582 0.678 0.773 0.848 0.903 0.958 1.013 1.068 1.123 1.178 1.229 1.265 1.301 1.337 1.373 1.373 1.654 1.851 2.047 2.244 2.331 2.356 2.381 2.406 2.431 2.456 2.481 2.455 2.327 2.244 2.286 2.286 2.368 2.410 2.451 2.492 2.534 2.561 2.577 2.709 2.807 2.905 3.003 3.102 3.200 3.298 3.396 3.396 3.600 3.709 3.818 3.790 3.759 3.729 3.698 3.667 3.637 3.493 3.245 2.997 2.750 2.502 2.357 2.204 2.204 2.127 2.084 2.085
0.000 0.000 0.000 0.004 0.086 0.177 0.268 0.359 0.359 0.544 0.640 0.735 0.830 0.901 0.956 1.011 1.066 1.121 1.176 1.221 1.257 1.293 1.329 1.365 1.365 1.491 1.688 1.884 2.081 2.115 2.140 2.165 2.190 2.215 2.240 2.265 2.290 2.260 2.230 2.271 2.271 2.337 2.353 2.369 2.385 2.401 2.417 2.481 2.664 2.796 2.894 2.992 3.090 3.188 3.286 3.385 3.385 3.592 3.701 3.810 3.917 3.886 3.855 3.825 3.794 3.763 3.548 3.301 3.053 2.805 2.558 2.310 2.097 2.097 2.020 2.004 2.004
0.000 0.000 0.000 0.000 0.046 0.137 0.228 0.319 0.319 0.506 0.602 0.697 0.792 0.888 0.955 1.010 1.065 1.120 1.175 1.213 1.249 1.286 1.322 1.358 1.358 1.430 1.525 1.721 1.874 1.899 1.924 1.949 1.975 2.000 2.024 2.050 2.083 2.121 2.146 2.161 2.162 2.193 2.209 2.225 2.241 2.257 2.273 2.388 2.570 2.752 2.883 2.981 3.079 3.177 3.275 3.373 3.373 3.584 3.693 3.802 3.911 4.012 3.982 3.951 3.920 3.851 3.604 3.356 3.108 2.861 2.613 2.366 1.990 1.990 1.923 1.923 1.923
0.000 0.000 0.000 0.000 0.007 0.097 0.188 0.279 0.279 0.468 0.564 0.659 0.754 0.850 0.945 1.008 1.063 1.118 1.170 1.206 1.242 1.278 1.314 1.350 1.350 1.422 1.458 1.558 1.659 1.684 1.709 1.741 1.778 1.816 1.854 1.891 1.929 1.965 1.994 2.017 2.017 2.049 2.065 2.081 2.097 2.113 2.129 2.294 2.477 2.659 2.841 2.970 3.068 3.166 3.264 3.362 3.362 3.576 3.685 3.794 3.903 4.012 4.108 4.077 4.047 3.907 3.659 3.411 3.164 2.916 2.669 2.421 1.926 1.926 1.842 1.847 1.863
0.000 0.000 0.000 0.000 0.000 0.057 0.148 0.240 0.240 0.430 0.526 0.621 0.716 0.812 0.907 1.002 1.061 1.117 1.162 1.198 1.234 1.270 1.306 1.342 1.343 1.415 1.447 1.474 1.473 1.511 1.549 1.586 1.624 1.662 1.699 1.737 1.775 1.808 1.837 1.866 1.866 1.905 1.921 1.937 1.953 1.969 2.018 2.201 2.383 2.565 2.748 2.930 3.056 3.154 3.253 3.351 3.351 3.568 3.677 3.786 3.895 4.004 4.113 4.204 4.173 3.962 3.714 3.467 3.219 2.972 2.725 2.479 1.987 1.987 1.864 1.859 1.875
0.002 0.000 0.000 0.000 0.000 0.014 0.108 0.202 0.202 0.392 0.488 0.583 0.678 0.774 0.869 0.964 1.060 1.115 1.154 1.190 1.227 1.263 1.291 1.317 1.317 1.369 1.395 1.413 1.369 1.357 1.394 1.432 1.470 1.507 1.545 1.583 1.620 1.651 1.680 1.709 1.709 1.761 1.777 1.793 1.809 1.825 1.925 2.107 2.290 2.472 2.654 2.837 3.019 3.143 3.241 3.343 3.343 3.561 3.669 3.778 3.887 3.996 4.105 4.214 4.265 4.019 3.773 3.527 3.281 3.035 2.789 2.543 2.064 2.065 1.977 1.889 1.887
0.033 0.000 0.000 0.000 0.000 0.000 0.068 0.164 0.164 0.354 0.450 0.545 0.640 0.736 0.831 0.926 1.022 1.107 1.134 1.160 1.186 1.212 1.238 1.265 1.265 1.317 1.343 1.343 1.298 1.253 1.240 1.278 1.316 1.353 1.391 1.428 1.466 1.494 1.523 1.552 1.552 1.610 1.633 1.649 1.665 1.681 1.831 2.014 2.196 2.378 2.561 2.743 2.926 3.108 3.230 3.335 3.335 3.553 3.662 3.772 3.883 3.995 4.107 4.219 4.223 4.083 3.837 3.591 3.345 3.099 2.853 2.607 2.177 2.177 2.089 2.002 1.914
0.076 0.013 0.000 0.000 0.000 0.000 0.028 0.126 0.126 0.316 0.412 0.507 0.603 0.707 0.821 0.934 1.048 1.114 1.082 1.108 1.134 1.160 1.186 1.212 1.213 1.265 1.291 1.272 1.227 1.182 1.138 1.124 1.161 1.199 1.236 1.274 1.309 1.338 1.366 1.395 1.395 1.453 1.482 1.505 1.521 1.555 1.738 1.920 2.103 2.285 2.467 2.650 2.832 3.015 3.204 3.332 3.332 3.555 3.667 3.779 3.890 4.002 4.114 4.225 4.158 4.044 3.901 3.655 3.409 3.163 2.917 2.671 2.289 2.289 2.202 2.114 2.026
0.076 0.013 0.000 0.000 0.000 0.000 0.026 0.125 0.126 0.316 0.412 0.507 0.602 0.707 0.820 0.934 1.048 1.114 1.082 1.107 1.134 1.160 1.186 1.212 1.212 1.265 1.291 1.272 1.227 1.182 1.138 1.123 1.161 1.199 1.236 1.274 1.309 1.338 1.366 1.395 1.395 1.453 1.482 1.505 1.521 1.555 1.738 1.920 2.102 2.285 2.467 2.650 2.832 3.014 3.204 3.332 3.332 3.555 3.667 3.779 3.890 4.002 4.114 4.225 4.158 4.044 3.901 3.655 3.409 3.163 2.917 2.671 2.289 2.289 2.202 2.114 2.026
0.165 0.057 0.002 0.000 0.000 0.000 0.003 0.088 0.088 0.291 0.405 0.518 0.632 0.746 0.859 0.973 1.087 1.126 1.094 1.062 1.081 1.107 1.134 1.160 1.160 1.212 1.239 1.201 1.156 1.111 1.067 1.022 1.007 1.044 1.082 1.120 1.152 1.181 1.210 1.238 1.238 1.296 1.325 1.353 1.376 1.462 1.644 1.827 2.009 2.198 2.390 2.583 2.775 2.968 3.155 3.325 3.325 3.562 3.674 3.786 3.897 4.009 4.121 4.209 4.094 3.979 3.865 3.719 3.473 3.226 2.980 2.734 2.402 2.402 2.314 2.226 2.139
