includes/lisflood/camargue/results_R3_t1.561737397084E12/res-0007.wd
ncols         906
nrows         631
xllcorner     362177.146667
yllcorner     6534725.688020
cellsize      20.000000
NODATA_value  -9999.000000
[rows 476 to 509 of 631, columns 616 to 692 of 906]
3.489 3.536 3.582 3.628 3.691 3.691 3.691 3.691 3.690 3.690 3.690 3.690 3.689 3.689 3.689 3.687 3.665 3.643 3.621 3.599 3.569 3.569 3.566 3.562 3.559 3.556 3.557 3.566 3.575 3.585 3.594 3.603 3.612 3.621 3.631 3.640 3.681 3.681 3.726 3.772 3.818 3.864 3.909 3.955 4.001 4.047 4.092 4.138 4.184 4.230 4.275 4.320 4.370 4.370 4.342 4.313 4.285 4.257 4.228 4.200 4.171 4.143 4.115 4.087 4.058 4.030 4.002 3.973 3.945 3.945 3.881 3.855 3.834 3.813 3.792 3.771 3.750
3.538 3.584 3.630 3.677 3.746 3.745 3.745 3.745 3.745 3.744 3.744 3.744 3.744 3.743 3.735 3.713 3.691 3.668 3.647 3.625 3.595 3.594 3.591 3.588 3.585 3.582 3.579 3.576 3.586 3.595 3.604 3.613 3.622 3.631 3.641 3.650 3.697 3.697 3.743 3.788 3.834 3.880 3.925 3.971 4.017 4.063 4.108 4.154 4.200 4.246 4.291 4.337 4.370 4.370 4.340 4.311 4.283 4.254 4.226 4.198 4.169 4.141 4.113 4.084 4.056 4.028 3.999 3.971 3.943 3.943 3.885 3.864 3.843 3.822 3.801 3.780 3.759
3.633 3.679 3.726 3.772 3.853 3.853 3.852 3.852 3.852 3.852 3.851 3.851 3.829 3.807 3.785 3.763 3.741 3.719 3.697 3.675 3.645 3.645 3.642 3.639 3.636 3.633 3.630 3.627 3.624 3.621 3.623 3.632 3.641 3.651 3.660 3.669 3.728 3.728 3.774 3.819 3.865 3.911 3.956 4.002 4.048 4.094 4.139 4.179 4.208 4.238 4.267 4.297 4.370 4.370 4.387 4.357 4.328 4.298 4.269 4.240 4.210 4.181 4.152 4.122 4.093 4.064 4.035 4.005 3.976 3.976 3.901 3.876 3.856 3.835 3.814 3.793 3.772
3.681 3.728 3.774 3.820 3.907 3.907 3.907 3.906 3.906 3.906 3.898 3.876 3.854 3.832 3.810 3.788 3.766 3.744 3.722 3.700 3.671 3.671 3.668 3.665 3.662 3.659 3.656 3.653 3.650 3.647 3.644 3.642 3.652 3.661 3.670 3.679 3.744 3.744 3.790 3.835 3.881 3.927 3.973 4.018 4.064 4.093 4.123 4.152 4.181 4.211 4.240 4.269 4.345 4.345 4.385 4.381 4.351 4.322 4.293 4.263 4.234 4.205 4.175 4.146 4.117 4.087 4.058 4.029 3.999 4.000 3.918 3.883 3.862 3.841 3.820 3.799 3.778
3.730 3.776 3.822 3.869 3.961 3.961 3.961 3.960 3.960 3.946 3.924 3.902 3.880 3.858 3.836 3.814 3.792 3.770 3.748 3.726 3.697 3.697 3.694 3.691 3.688 3.685 3.682 3.679 3.676 3.673 3.670 3.667 3.664 3.671 3.680 3.690 3.760 3.760 3.806 3.852 3.897 3.943 3.978 4.007 4.037 4.066 4.095 4.125 4.154 4.184 4.213 4.242 4.321 4.321 4.361 4.400 4.375 4.346 4.316 4.287 4.258 4.228 4.199 4.170 4.140 4.111 4.082 4.052 4.017 4.017 3.935 3.895 3.868 3.847 3.826 3.805 3.784
3.746 3.808 3.869 3.917 4.010 4.010 4.015 4.015 3.994 3.972 3.950 3.927 3.905 3.883 3.862 3.840 3.818 3.796 3.774 3.752 3.723 3.723 3.720 3.717 3.714 3.711 3.708 3.705 3.702 3.699 3.696 3.693 3.690 3.687 3.691 3.700 3.776 3.776 3.822 3.863 3.892 3.921 3.951 3.980 4.010 4.039 4.068 4.098 4.127 4.156 4.186 4.218 4.297 4.297 4.336 4.376 4.399 4.369 4.340 4.311 4.281 4.252 4.223 4.193 4.164 4.135 4.105 4.075 4.034 4.034 3.953 3.912 3.874 3.853 3.832 3.811 3.791
3.757 3.819 3.881 3.943 4.058 4.058 4.063 4.041 4.019 3.997 3.975 3.953 3.931 3.909 3.887 3.865 3.843 3.821 3.799 3.777 3.749 3.749 3.746 3.743 3.740 3.737 3.734 3.731 3.728 3.725 3.722 3.719 3.716 3.713 3.710 3.710 3.777 3.777 3.806 3.836 3.865 3.894 3.924 3.953 3.983 4.012 4.041 4.070 4.100 4.129 4.158 4.193 4.272 4.273 4.312 4.352 4.391 4.393 4.364 4.334 4.305 4.276 4.246 4.217 4.188 4.158 4.129 4.092 4.052 4.052 3.970 3.929 3.888 3.859 3.838 3.818 3.797
3.768 3.830 3.892 3.954 4.070 4.070 4.081 4.067 4.045 4.023 4.001 3.979 3.957 3.935 3.913 3.891 3.869 3.847 3.825 3.803 3.775 3.775 3.772 3.769 3.766 3.763 3.760 3.757 3.754 3.751 3.748 3.745 3.742 3.740 3.738 3.745 3.750 3.750 3.779 3.809 3.838 3.867 3.897 3.926 3.955 3.985 4.014 4.043 4.073 4.102 4.131 4.169 4.248 4.248 4.288 4.327 4.367 4.406 4.387 4.358 4.329 4.299 4.270 4.241 4.211 4.182 4.150 4.110 4.069 4.069 3.987 3.946 3.906 3.866 3.845 3.824 3.803
3.779 3.841 3.903 3.965 4.065 4.065 4.079 4.071 4.063 4.048 4.026 4.004 3.982 3.960 3.938 3.916 3.894 3.873 3.851 3.829 3.801 3.801 3.798 3.795 3.792 3.789 3.786 3.783 3.780 3.777 3.774 3.772 3.770 3.777 3.784 3.791 3.731 3.731 3.752 3.782 3.811 3.840 3.870 3.899 3.928 3.958 3.987 4.016 4.045 4.075 4.105 4.145 4.224 4.224 4.263 4.303 4.342 4.382 4.411 4.382 4.352 4.323 4.293 4.264 4.235 4.205 4.168 4.127 4.086 4.086 4.004 3.964 3.923 3.882 3.851 3.830 3.809
3.791 3.852 3.913 3.961 4.059 4.059 4.078 4.070 4.061 4.053 4.045 4.030 4.008 3.986 3.964 3.942 3.920 3.898 3.876 3.854 3.827 3.827 3.824 3.821 3.818 3.815 3.812 3.809 3.806 3.803 3.802 3.809 3.816 3.823 3.830 3.832 3.773 3.773 3.743 3.755 3.784 3.813 3.842 3.872 3.901 3.930 3.960 3.989 4.018 4.047 4.081 4.121 4.199 4.200 4.239 4.279 4.318 4.358 4.397 4.405 4.376 4.346 4.317 4.288 4.258 4.226 4.185 4.144 4.103 4.104 4.022 3.981 3.940 3.899 3.859 3.836 3.815
3.802 3.858 3.907 3.956 4.054 4.053 4.076 4.068 4.060 4.052 4.043 4.035 4.027 4.011 3.989 3.968 3.946 3.924 3.902 3.880 3.853 3.853 3.850 3.847 3.844 3.841 3.838 3.835 3.834 3.841 3.848 3.855 3.861 3.868 3.875 3.874 3.814 3.814 3.784 3.754 3.757 3.786 3.815 3.845 3.874 3.903 3.932 3.962 3.991 4.020 4.057 4.096 4.175 4.175 4.215 4.254 4.294 4.333 4.373 4.412 4.399 4.370 4.341 4.311 4.282 4.243 4.202 4.161 4.121 4.121 4.039 3.998 3.958 3.917 3.876 3.842 3.821
3.804 3.852 3.901 3.950 4.048 4.048 4.074 4.066 4.058 4.050 4.042 4.034 4.026 4.018 4.010 3.993 3.972 3.950 3.928 3.906 3.878 3.879 3.876 3.873 3.870 3.867 3.865 3.872 3.879 3.886 3.893 3.900 3.907 3.914 3.921 3.915 3.855 3.855 3.826 3.796 3.766 3.759 3.788 3.817 3.847 3.876 3.905 3.934 3.964 3.993 4.033 4.072 4.151 4.151 4.191 4.230 4.269 4.309 4.348 4.388 4.423 4.394 4.364 4.335 4.301 4.260 4.219 4.179 4.138 4.138 4.056 4.016 3.975 3.934 3.893 3.852 3.827
3.798 3.847 3.896 3.944 4.042 4.042 4.072 4.064 4.056 4.048 4.040 4.032 4.024 4.016 4.008 4.000 3.992 3.975 3.953 3.932 3.904 3.904 3.902 3.899 3.897 3.904 3.911 3.918 3.925 3.932 3.939 3.946 3.953 3.960 3.967 3.957 3.897 3.897 3.867 3.837 3.807 3.777 3.761 3.790 3.819 3.849 3.878 3.907 3.937 3.969 4.008 4.048 4.127 4.127 4.166 4.206 4.245 4.285 4.324 4.363 4.403 4.417 4.388 4.358 4.318 4.277 4.237 4.196 4.155 4.155 4.074 4.033 3.992 3.951 3.910 3.870 3.834
3.792 3.841 3.890 3.939 4.037 4.036 4.071 4.062 4.054 4.046 4.038 4.030 4.022 4.014 4.006 3.998 3.991 3.983 3.975 3.957 3.930 3.930 3.928 3.935 3.942 3.949 3.956 3.963 3.970 3.977 3.984 3.991 3.998 4.005 4.012 3.998 3.938 3.938 3.908 3.878 3.849 3.819 3.789 3.763 3.792 3.822 3.851 3.880 3.909 3.945 3.984 4.024 4.102 4.102 4.142 4.181 4.221 4.260 4.300 4.339 4.378 4.418 4.411 4.376 4.336 4.295 4.254 4.213 4.172 4.173 4.091 4.050 4.009 3.969 3.928 3.887 3.846
3.787 3.835 3.884 3.933 4.031 4.031 4.069 4.061 4.053 4.045 4.037 4.029 4.021 4.013 4.005 3.997 3.989 3.981 3.973 3.965 3.967 3.967 3.974 3.981 3.988 3.995 4.002 4.009 4.016 4.023 4.030 4.037 4.044 4.051 4.058 4.039 3.980 3.980 3.950 3.920 3.890 3.860 3.830 3.800 3.771 3.794 3.824 3.853 3.882 3.920 3.960 3.999 4.078 4.078 4.118 4.157 4.196 4.236 4.275 4.315 4.354 4.394 4.432 4.389 4.346 4.303 4.260 4.217 4.174 4.174 4.088 4.045 4.002 3.960 3.917 3.874 3.831
3.781 3.830 3.879 3.927 4.025 4.025 4.067 4.059 4.051 4.043 4.035 4.027 4.019 4.011 4.003 3.995 3.987 3.980 3.972 3.973 4.003 4.003 4.019 4.026 4.034 4.041 4.048 4.055 4.062 4.069 4.076 4.083 4.090 4.096 4.103 4.080 4.021 4.021 3.991 3.961 3.931 3.901 3.872 3.842 3.812 3.782 3.796 3.826 3.857 3.896 3.935 3.975 4.054 4.054 4.093 4.133 4.172 4.215 4.262 4.308 4.355 4.402 4.402 4.349 4.306 4.263 4.220 4.177 4.134 4.134 4.048 4.005 3.962 3.920 3.877 3.834 3.800
3.782 3.831 3.879 3.928 4.026 4.026 4.068 4.060 4.052 4.044 4.036 4.028 4.020 4.012 4.004 3.996 3.988 3.981 3.973 3.975 4.004 4.004 4.021 4.028 4.035 4.042 4.049 4.056 4.063 4.070 4.077 4.084 4.091 4.098 4.105 4.082 4.022 4.022 3.992 3.962 3.932 3.902 3.873 3.843 3.813 3.783 3.798 3.827 3.858 3.897 3.937 3.976 4.055 4.055 4.094 4.134 4.173 4.216 4.263 4.309 4.356 4.403 4.404 4.350 4.307 4.264 4.221 4.178 4.135 4.135 4.049 4.006 3.964 3.921 3.878 3.835 3.801
3.776 3.825 3.874 3.923 4.020 4.020 4.066 4.058 4.050 4.042 4.034 4.026 4.018 4.010 4.002 3.995 3.987 3.979 3.990 4.001 4.031 4.031 4.050 4.070 4.080 4.087 4.094 4.101 4.108 4.115 4.122 4.129 4.136 4.143 4.150 4.123 4.063 4.063 4.033 4.003 3.974 3.944 3.914 3.884 3.854 3.824 3.795 3.800 3.833 3.873 3.912 3.952 4.042 4.042 4.089 4.136 4.183 4.229 4.276 4.323 4.369 4.416 4.374 4.315 4.267 4.224 4.181 4.138 4.095 4.095 4.009 3.966 3.924 3.881 3.838 3.795 3.776
3.764 3.813 3.862 3.911 4.008 4.008 4.057 4.054 4.046 4.038 4.030 4.022 4.014 4.006 3.998 4.009 4.020 4.031 4.042 4.053 4.083 4.083 4.102 4.122 4.141 4.161 4.180 4.191 4.198 4.205 4.212 4.219 4.226 4.233 4.234 4.204 4.145 4.145 4.115 4.085 4.055 4.025 3.995 3.965 3.936 3.887 3.827 3.766 3.825 3.881 3.928 3.974 4.068 4.068 4.114 4.161 4.208 4.255 4.301 4.348 4.395 4.374 4.315 4.256 4.197 4.143 4.100 4.057 4.014 4.014 3.928 3.885 3.843 3.800 3.757 3.740 3.725
3.758 3.807 3.856 3.905 4.003 4.003 4.052 4.052 4.044 4.036 4.028 4.020 4.012 4.013 4.024 4.036 4.047 4.058 4.069 4.080 4.109 4.110 4.129 4.149 4.168 4.187 4.207 4.226 4.244 4.251 4.257 4.264 4.271 4.278 4.275 4.245 4.186 4.186 4.156 4.126 4.096 4.066 4.036 3.975 3.915 3.854 3.793 3.748 3.817 3.887 3.941 3.988 4.081 4.081 4.128 4.174 4.221 4.268 4.315 4.361 4.404 4.345 4.286 4.226 4.167 4.108 4.060 4.017 3.974 3.974 3.888 3.846 3.803 3.760 3.731 3.715 3.700
3.753 3.802 3.851 3.899 3.997 3.997 4.046 4.051 4.042 4.034 4.026 4.019 4.029 4.040 4.051 4.062 4.073 4.084 4.095 4.106 4.136 4.136 4.156 4.175 4.195 4.214 4.233 4.253 4.272 4.291 4.303 4.310 4.317 4.324 4.316 4.287 4.227 4.227 4.197 4.167 4.124 4.063 4.003 3.942 3.882 3.821 3.760 3.740 3.810 3.879 3.949 4.001 4.094 4.094 4.141 4.188 4.234 4.281 4.328 4.375 4.375 4.315 4.256 4.197 4.138 4.079 4.020 3.977 3.934 3.934 3.849 3.806 3.763 3.721 3.706 3.690 3.675
3.767 3.804 3.845 3.894 3.992 3.992 4.041 4.049 4.041 4.033 4.033 4.044 4.055 4.066 4.077 4.088 4.100 4.111 4.122 4.133 4.163 4.163 4.182 4.202 4.221 4.240 4.260 4.279 4.299 4.318 4.337 4.355 4.362 4.369 4.358 4.328 4.268 4.268 4.212 4.152 4.091 4.030 3.970 3.909 3.848 3.788 3.727 3.733 3.802 3.872 3.941 4.010 4.108 4.108 4.154 4.201 4.248 4.294 4.341 4.388 4.345 4.286 4.227 4.168 4.109 4.050 3.991 3.937 3.895 3.895 3.809 3.766 3.723 3.696 3.681 3.666 3.650
3.788 3.825 3.862 3.899 3.986 3.986 4.035 4.047 4.039 4.049 4.060 4.071 4.082 4.093 4.104 4.115 4.126 4.137 4.148 4.159 4.189 4.189 4.209 4.228 4.248 4.267 4.286 4.306 4.325 4.345 4.364 4.383 4.403 4.415 4.399 4.361 4.240 4.240 4.179 4.118 4.058 3.997 3.936 3.876 3.815 3.755 3.694 3.726 3.795 3.864 3.934 4.003 4.121 4.121 4.168 4.214 4.261 4.308 4.354 4.375 4.316 4.257 4.198 4.139 4.080 4.020 3.961 3.902 3.855 3.855 3.769 3.726 3.687 3.671 3.656 3.641 3.625
3.810 3.847 3.884 3.921 3.995 3.995 4.032 4.053 4.064 4.075 4.086 4.097 4.108 4.119 4.130 4.141 4.153 4.164 4.175 4.186 4.216 4.216 4.235 4.255 4.274 4.293 4.313 4.332 4.352 4.371 4.391 4.410 4.429 4.438 4.388 4.328 4.206 4.206 4.146 4.085 4.025 3.964 3.903 3.843 3.782 3.722 3.661 3.718 3.788 3.857 3.926 3.996 4.134 4.134 4.181 4.228 4.274 4.321 4.368 4.346 4.287 4.228 4.169 4.110 4.050 3.991 3.932 3.873 3.815 3.815 3.729 3.686 3.662 3.646 3.631 3.616 3.601
3.832 3.869 3.906 3.943 4.017 4.017 4.046 4.070 4.089 4.102 4.113 4.124 4.135 4.146 4.157 4.168 4.179 4.190 4.201 4.212 4.242 4.242 4.262 4.281 4.301 4.320 4.340 4.359 4.378 4.398 4.417 4.433 4.426 4.420 4.366 4.296 4.173 4.173 4.113 4.052 3.991 3.931 3.870 3.810 3.749 3.688 3.642 3.711 3.780 3.850 3.919 3.988 4.127 4.127 4.194 4.241 4.288 4.334 4.376 4.317 4.258 4.198 4.139 4.080 4.021 3.962 3.903 3.844 3.785 3.785 3.689 3.652 3.637 3.622 3.606 3.591 3.576
3.853 3.890 3.927 3.964 4.028 4.028 4.055 4.079 4.099 4.118 4.138 4.150 4.161 4.172 4.183 4.195 4.206 4.217 4.228 4.239 4.269 4.269 4.288 4.308 4.327 4.347 4.366 4.386 4.405 4.424 4.421 4.414 4.408 4.401 4.344 4.275 4.140 4.140 4.079 4.019 3.958 3.898 3.837 3.777 3.716 3.655 3.634 3.704 3.773 3.842 3.912 3.981 4.120 4.120 4.189 4.254 4.301 4.347 4.347 4.288 4.228 4.169 4.110 4.051 3.992 3.933 3.874 3.815 3.755 3.756 3.649 3.627 3.612 3.597 3.581 3.566 3.551
3.875 3.912 3.949 3.982 4.036 4.036 4.064 4.088 4.108 4.128 4.148 4.168 4.188 4.199 4.210 4.221 4.232 4.243 4.254 4.265 4.295 4.295 4.315 4.334 4.354 4.373 4.393 4.412 4.415 4.408 4.402 4.395 4.389 4.383 4.323 4.254 4.115 4.115 4.046 3.986 3.925 3.864 3.804 3.743 3.683 3.622 3.627 3.696 3.766 3.835 3.904 3.974 4.112 4.112 4.182 4.251 4.314 4.361 4.317 4.258 4.199 4.140 4.081 4.022 3.963 3.904 3.844 3.785 3.727 3.727 3.641 3.630 3.618 3.606 3.594 3.583 3.571
3.897 3.934 3.963 3.991 4.045 4.045 4.072 4.097 4.117 4.137 4.157 4.177 4.197 4.217 4.237 4.248 4.259 4.270 4.281 4.292 4.322 4.322 4.341 4.361 4.380 4.400 4.409 4.403 4.396 4.390 4.383 4.377 4.370 4.364 4.302 4.232 4.094 4.094 4.024 3.955 3.892 3.831 3.771 3.710 3.650 3.589 3.620 3.689 3.758 3.828 3.897 3.966 4.105 4.105 4.174 4.244 4.313 4.347 4.291 4.241 4.190 4.139 4.088 4.038 3.987 3.936 3.886 3.835 3.784 3.785 3.734 3.734 3.722 3.711 3.699 3.687 3.675
3.918 3.945 3.972 3.999 4.054 4.054 4.081 4.107 4.126 4.146 4.166 4.186 4.206 4.226 4.246 4.266 4.285 4.296 4.307 4.318 4.348 4.348 4.368 4.387 4.403 4.397 4.390 4.384 4.378 4.371 4.365 4.358 4.352 4.345 4.280 4.211 4.072 4.072 4.003 3.934 3.865 3.798 3.738 3.677 3.617 3.556 3.612 3.682 3.751 3.821 3.890 3.959 4.098 4.098 4.168 4.240 4.312 4.369 4.349 4.298 4.247 4.197 4.146 4.095 4.045 3.994 3.943 3.893 3.842 3.842 3.825 3.837 3.827 3.815 3.803 3.791 3.780
3.927 3.954 3.981 4.008 4.063 4.063 4.090 4.116 4.136 4.156 4.176 4.196 4.216 4.236 4.256 4.276 4.296 4.316 4.334 4.345 4.375 4.375 4.394 4.391 4.385 4.378 4.372 4.366 4.359 4.353 4.346 4.340 4.333 4.327 4.259 4.189 4.051 4.051 3.982 3.913 3.843 3.774 3.705 3.644 3.584 3.536 3.605 3.674 3.744 3.813 3.882 3.953 4.097 4.097 4.169 4.242 4.314 4.362 4.407 4.356 4.305 4.254 4.204 4.153 4.102 4.052 4.001 3.951 3.900 3.900 3.916 3.927 3.931 3.919 3.907 3.895 3.884
3.935 3.962 3.990 4.017 4.071 4.071 4.099 4.125 4.145 4.165 4.185 4.205 4.225 4.245 4.265 4.285 4.305 4.325 4.345 4.365 4.385 4.385 4.379 4.373 4.366 4.360 4.353 4.347 4.341 4.334 4.328 4.321 4.315 4.307 4.237 4.168 4.030 4.030 3.961 3.891 3.822 3.753 3.684 3.614 3.551 3.528 3.598 3.667 3.738 3.811 3.883 3.955 4.099 4.099 4.171 4.243 4.308 4.355 4.403 4.414 4.363 4.312 4.261 4.211 4.160 4.110 4.059 4.008 3.983 3.983 4.006 4.018 4.029 4.023 4.011 4.000 3.988
3.944 3.971 3.998 4.026 4.080 4.080 4.108 4.135 4.154 4.174 4.194 4.214 4.234 4.254 4.274 4.294 4.314 4.334 4.354 4.373 4.372 4.373 4.360 4.354 4.348 4.341 4.335 4.328 4.322 4.316 4.309 4.303 4.296 4.285 4.216 4.147 4.008 4.008 3.939 3.870 3.801 3.732 3.662 3.593 3.524 3.524 3.596 3.668 3.740 3.812 3.884 3.957 4.101 4.101 4.173 4.245 4.301 4.348 4.396 4.443 4.421 4.370 4.319 4.268 4.218 4.167 4.117 4.066 4.074 4.074 4.097 4.108 4.120 4.127 4.116 4.104 4.092
3.945 3.972 3.999 4.027 4.081 4.081 4.109 4.136 4.155 4.175 4.195 4.215 4.235 4.255 4.275 4.295 4.315 4.335 4.355 4.374 4.373 4.374 4.361 4.355 4.349 4.342 4.336 4.329 4.323 4.317 4.310 4.304 4.297 4.286 4.217 4.148 4.009 4.010 3.940 3.871 3.802 3.733 3.664 3.594 3.525 3.525 3.597 3.669 3.741 3.813 3.885 3.958 4.102 4.102 4.174 4.246 4.302 4.349 4.397 4.444 4.422 4.371 4.320 4.269 4.219 4.168 4.118 4.067 4.074 4.075 4.098 4.109 4.121 4.128 4.116 4.105 4.093
3.954 3.981 4.008 4.035 4.090 4.090 4.117 4.145 4.165 4.185 4.205 4.225 4.245 4.265 4.285 4.305 4.325 4.345 4.361 4.374 4.374 4.374 4.357 4.339 4.330 4.324 4.317 4.311 4.305 4.298 4.292 4.285 4.279 4.265 4.196 4.127 3.988 3.988 3.919 3.850 3.781 3.712 3.642 3.594 3.561 3.562 3.599 3.671 3.743 3.815 3.887 3.959 4.104 4.104 4.176 4.247 4.295 4.342 4.390 4.437 4.479 4.428 4.378 4.327 4.276 4.226 4.175 4.153 4.165 4.165 4.188 4.200 4.211 4.223 4.221 4.209 4.197
