includes/lisflood/camargue/results_R3_t1.561737397084E12/res-0014.wdfp
ncols         906
nrows         631
xllcorner     362177.146667
yllcorner     6534725.688020
cellsize      20.000000
NODATA_value  -9999.000000
[rows 510 to 543 of 631, columns 231 to 307 of 906]
2.665 2.710 2.801 2.801 2.854 2.908 2.962 3.016 3.071 3.107 3.118 3.129 3.139 3.150 3.161 3.193 3.225 3.258 3.322 3.323 3.354 3.384 3.415 3.445 3.475 3.506 3.527 3.548 3.569 3.591 3.612 3.633 3.587 3.531 3.418 3.418 3.362 3.306 3.249 3.227 3.211 3.196 3.181 3.154 3.110 3.066 3.022 2.999 2.999 2.999 2.999 2.999 2.999 2.999 2.984 2.947 2.910 2.873 2.836 2.799 2.762 2.770 2.788 2.806 2.825 2.843 2.803 2.803 2.652 2.577 2.501 2.426 2.350 2.306 2.305 2.303 2.301
2.787 2.833 2.924 2.924 2.969 3.014 3.060 3.108 3.163 3.202 3.212 3.231 3.263 3.296 3.328 3.360 3.393 3.425 3.490 3.490 3.522 3.552 3.582 3.612 3.643 3.673 3.703 3.734 3.764 3.786 3.808 3.829 3.778 3.722 3.632 3.632 3.617 3.601 3.586 3.571 3.555 3.540 3.525 3.497 3.453 3.409 3.365 3.321 3.277 3.232 3.199 3.200 3.199 3.199 3.190 3.153 3.116 3.079 3.071 3.089 3.108 3.126 3.145 3.163 3.181 3.200 3.174 3.174 3.023 2.948 2.872 2.797 2.721 2.646 2.570 2.495 2.419
2.848 2.894 2.985 2.985 3.030 3.076 3.121 3.167 3.212 3.250 3.283 3.315 3.347 3.380 3.412 3.444 3.477 3.509 3.574 3.574 3.605 3.636 3.666 3.696 3.727 3.757 3.787 3.817 3.848 3.878 3.906 3.927 3.874 3.835 3.804 3.804 3.789 3.773 3.758 3.743 3.727 3.712 3.697 3.668 3.624 3.580 3.536 3.492 3.448 3.404 3.360 3.360 3.300 3.300 3.293 3.256 3.219 3.231 3.249 3.268 3.286 3.304 3.323 3.341 3.360 3.378 3.360 3.360 3.209 3.133 3.058 2.982 2.907 2.831 2.756 2.680 2.605
2.910 2.955 3.046 3.046 3.091 3.137 3.182 3.228 3.305 3.362 3.366 3.399 3.431 3.463 3.496 3.528 3.561 3.593 3.658 3.658 3.689 3.719 3.750 3.780 3.810 3.841 3.871 3.901 3.932 3.962 3.992 4.025 4.022 4.007 3.976 3.976 3.961 3.945 3.930 3.915 3.899 3.884 3.869 3.840 3.796 3.752 3.708 3.664 3.619 3.575 3.531 3.531 3.443 3.400 3.396 3.372 3.391 3.409 3.428 3.446 3.464 3.483 3.501 3.519 3.538 3.556 3.546 3.546 3.395 3.319 3.244 3.168 3.092 3.017 2.941 2.866 2.790
2.971 3.016 3.107 3.107 3.153 3.198 3.266 3.351 3.436 3.489 3.493 3.498 3.515 3.547 3.580 3.612 3.644 3.677 3.741 3.741 3.773 3.803 3.833 3.864 3.894 3.924 3.955 3.985 4.015 4.047 4.086 4.124 4.156 4.179 4.148 4.148 4.133 4.117 4.102 4.087 4.071 4.056 4.041 4.011 3.967 3.923 3.879 3.835 3.791 3.747 3.703 3.703 3.615 3.570 3.515 3.551 3.569 3.587 3.606 3.624 3.643 3.661 3.679 3.698 3.716 3.734 3.731 3.731 3.580 3.505 3.429 3.354 3.278 3.202 3.127 3.051 2.976
3.032 3.077 3.168 3.168 3.226 3.311 3.396 3.481 3.566 3.616 3.620 3.625 3.630 3.634 3.663 3.696 3.728 3.761 3.825 3.825 3.857 3.887 3.917 3.947 3.978 4.008 4.038 4.069 4.108 4.146 4.185 4.224 4.256 4.288 4.320 4.320 4.305 4.289 4.274 4.259 4.243 4.228 4.213 4.183 4.139 4.095 4.051 4.006 3.962 3.918 3.874 3.874 3.775 3.709 3.646 3.690 3.734 3.766 3.784 3.803 3.821 3.839 3.858 3.876 3.894 3.913 3.917 3.917 3.766 3.690 3.615 3.539 3.464 3.388 3.313 3.237 3.161
3.093 3.139 3.272 3.272 3.357 3.442 3.527 3.612 3.697 3.743 3.747 3.752 3.757 3.761 3.766 3.780 3.812 3.844 3.909 3.909 3.940 3.971 4.001 4.031 4.062 4.092 4.130 4.168 4.207 4.246 4.285 4.323 4.355 4.387 4.451 4.452 4.477 4.461 4.446 4.431 4.415 4.400 4.385 4.354 4.310 4.266 4.222 4.178 4.134 4.090 4.041 4.041 3.909 3.843 3.777 3.821 3.865 3.909 3.953 3.981 3.999 4.018 4.036 4.054 4.073 4.091 4.103 4.103 3.951 3.876 3.800 3.725 3.649 3.574 3.498 3.422 3.337
3.155 3.233 3.403 3.403 3.488 3.573 3.658 3.743 3.828 3.870 3.874 3.879 3.883 3.888 3.893 3.897 3.902 3.928 3.993 3.993 4.024 4.054 4.085 4.115 4.151 4.190 4.229 4.268 4.307 4.346 4.384 4.422 4.454 4.487 4.551 4.551 4.583 4.615 4.618 4.603 4.587 4.572 4.557 4.526 4.482 4.438 4.394 4.349 4.305 4.241 4.174 4.175 4.042 3.976 3.910 3.952 3.996 4.040 4.084 4.128 4.172 4.196 4.214 4.232 4.251 4.269 4.288 4.288 4.137 4.061 3.986 3.910 3.835 3.759 3.673 3.586 3.498
3.278 3.363 3.533 3.533 3.618 3.703 3.788 3.873 3.958 3.996 4.001 4.006 4.010 4.015 4.020 4.024 4.029 4.034 4.077 4.077 4.108 4.138 4.173 4.212 4.251 4.290 4.329 4.368 4.406 4.445 4.484 4.522 4.554 4.586 4.650 4.650 4.682 4.714 4.746 4.775 4.759 4.744 4.729 4.697 4.653 4.609 4.565 4.506 4.440 4.374 4.308 4.308 4.176 4.110 4.044 4.083 4.127 4.171 4.215 4.259 4.303 4.347 4.391 4.411 4.429 4.447 4.466 4.466 4.323 4.247 4.171 4.096 4.009 3.922 3.834 3.747 3.660
3.409 3.494 3.664 3.664 3.749 3.834 3.919 4.004 4.089 4.124 4.128 4.133 4.137 4.142 4.147 4.151 4.156 4.161 4.170 4.170 4.196 4.234 4.273 4.312 4.351 4.389 4.428 4.467 4.506 4.545 4.584 4.621 4.653 4.685 4.749 4.749 4.781 4.814 4.846 4.878 4.910 4.916 4.901 4.869 4.825 4.772 4.706 4.640 4.573 4.507 4.441 4.441 4.309 4.243 4.177 4.214 4.258 4.302 4.346 4.390 4.434 4.478 4.522 4.566 4.607 4.626 4.644 4.644 4.508 4.432 4.345 4.258 4.170 4.083 3.996 3.909 3.822
3.599 3.629 3.794 3.794 3.879 3.964 4.049 4.134 4.219 4.250 4.255 4.260 4.264 4.269 4.274 4.278 4.283 4.287 4.293 4.293 4.308 4.334 4.373 4.411 4.450 4.489 4.528 4.567 4.605 4.644 4.683 4.720 4.752 4.784 4.849 4.849 4.881 4.913 4.945 4.977 5.009 5.041 5.073 5.037 4.971 4.905 4.839 4.773 4.707 4.641 4.575 4.575 4.442 4.376 4.310 4.345 4.389 4.433 4.477 4.521 4.565 4.609 4.653 4.697 4.741 4.786 4.822 4.822 4.681 4.594 4.506 4.419 4.332 4.245 4.158 4.071 3.984
3.810 3.839 3.925 3.925 4.010 4.095 4.180 4.265 4.350 4.377 4.382 4.387 4.391 4.396 4.400 4.405 4.409 4.410 4.414 4.414 4.430 4.453 4.477 4.511 4.550 4.589 4.627 4.666 4.705 4.744 4.783 4.819 4.852 4.884 4.948 4.948 4.980 5.012 5.044 5.076 5.108 5.141 5.146 5.140 5.105 5.039 4.972 4.906 4.840 4.774 4.708 4.708 4.576 4.510 4.444 4.476 4.520 4.564 4.608 4.652 4.696 4.740 4.784 4.828 4.872 4.916 4.891 4.891 4.843 4.755 4.668 4.581 4.494 4.407 4.320 4.233 4.145
4.021 4.050 4.109 4.109 4.140 4.225 4.310 4.395 4.480 4.504 4.509 4.513 4.518 4.523 4.526 4.528 4.530 4.532 4.535 4.535 4.553 4.576 4.599 4.622 4.649 4.688 4.727 4.766 4.805 4.843 4.882 4.919 4.951 4.983 5.047 5.047 5.079 5.111 5.143 5.176 5.184 5.189 5.194 5.187 5.175 5.162 5.106 5.040 4.974 4.908 4.841 4.842 4.709 4.643 4.577 4.607 4.651 4.695 4.739 4.783 4.827 4.871 4.915 4.959 4.962 4.928 4.895 4.895 4.922 4.917 4.830 4.743 4.656 4.569 4.481 4.394 4.307
4.232 4.261 4.320 4.320 4.350 4.379 4.441 4.526 4.610 4.631 4.636 4.640 4.644 4.646 4.648 4.649 4.651 4.653 4.656 4.656 4.675 4.698 4.722 4.745 4.768 4.791 4.826 4.865 4.904 4.943 4.982 5.018 5.050 5.082 5.146 5.146 5.179 5.211 5.222 5.227 5.232 5.237 5.241 5.235 5.222 5.209 5.196 5.173 5.107 5.041 4.975 4.975 4.843 4.777 4.710 4.738 4.782 4.826 4.870 4.914 4.958 5.002 5.033 4.999 4.965 4.932 4.898 4.898 4.924 4.946 4.968 4.905 4.817 4.730 4.643 4.556 4.469
4.232 4.261 4.320 4.320 4.350 4.380 4.441 4.526 4.611 4.631 4.636 4.640 4.644 4.646 4.648 4.649 4.651 4.653 4.656 4.656 4.675 4.699 4.722 4.745 4.768 4.791 4.827 4.865 4.904 4.943 4.982 5.018 5.050 5.082 5.146 5.147 5.179 5.211 5.222 5.227 5.232 5.237 5.242 5.235 5.222 5.209 5.196 5.173 5.107 5.041 4.975 4.975 4.843 4.777 4.711 4.738 4.782 4.826 4.870 4.914 4.958 5.002 5.033 4.999 4.965 4.932 4.898 4.898 4.924 4.946 4.968 4.905 4.818 4.730 4.643 4.556 4.469
4.442 4.472 4.531 4.531 4.561 4.590 4.620 4.656 4.741 4.758 4.762 4.764 4.765 4.767 4.769 4.770 4.772 4.774 4.777 4.777 4.798 4.821 4.844 4.867 4.891 4.914 4.937 4.965 5.004 5.042 5.081 5.117 5.149 5.182 5.246 5.246 5.261 5.265 5.270 5.275 5.280 5.284 5.289 5.282 5.269 5.256 5.244 5.231 5.218 5.174 5.108 5.108 4.976 4.910 4.844 4.869 4.913 4.957 5.001 5.045 5.089 5.069 5.036 5.002 4.969 4.935 4.902 4.902 4.926 4.948 4.970 4.992 4.979 4.892 4.805 4.718 4.631
4.653 4.683 4.742 4.742 4.772 4.801 4.831 4.860 4.889 4.882 4.883 4.885 4.887 4.888 4.890 4.892 4.893 4.895 4.898 4.898 4.920 4.944 4.967 4.990 5.013 5.036 5.060 5.083 5.106 5.142 5.181 5.217 5.249 5.281 5.304 5.304 5.308 5.313 5.318 5.323 5.327 5.332 5.337 5.329 5.316 5.304 5.291 5.278 5.265 5.253 5.240 5.240 5.110 5.043 4.977 5.000 5.044 5.088 5.132 5.140 5.107 5.073 5.039 5.006 4.972 4.939 4.905 4.905 4.929 4.951 4.973 4.995 5.017 5.039 4.967 4.880 4.792
5.075 5.104 5.164 5.164 5.190 5.213 5.237 5.260 5.278 5.230 5.182 5.134 5.129 5.130 5.132 5.134 5.136 5.137 5.142 5.142 5.165 5.188 5.212 5.235 5.258 5.281 5.304 5.328 5.351 5.374 5.418 5.396 5.385 5.389 5.399 5.399 5.404 5.408 5.413 5.418 5.423 5.427 5.432 5.424 5.411 5.398 5.385 5.372 5.360 5.347 5.334 5.334 5.309 5.296 5.244 5.262 5.248 5.214 5.180 5.147 5.113 5.080 5.046 5.013 4.979 4.945 4.912 4.912 4.933 4.955 4.977 4.999 5.021 5.043 5.065 5.087 5.109
5.286 5.315 5.364 5.364 5.387 5.411 5.434 5.457 5.469 5.421 5.373 5.325 5.277 5.252 5.253 5.255 5.257 5.258 5.265 5.265 5.288 5.311 5.334 5.357 5.380 5.404 5.427 5.450 5.499 5.579 5.660 5.624 5.507 5.437 5.447 5.447 5.451 5.456 5.461 5.466 5.470 5.475 5.480 5.471 5.458 5.445 5.433 5.420 5.407 5.394 5.381 5.381 5.356 5.343 5.366 5.285 5.251 5.218 5.184 5.150 5.117 5.083 5.050 5.016 4.982 4.949 4.915 4.915 4.935 4.957 4.979 5.001 5.023 5.045 5.067 5.089 5.118
5.492 5.515 5.561 5.561 5.584 5.608 5.631 5.654 5.661 5.612 5.564 5.516 5.468 5.420 5.375 5.376 5.378 5.380 5.387 5.387 5.410 5.433 5.457 5.480 5.503 5.526 5.579 5.660 5.741 5.821 5.902 5.853 5.735 5.617 5.494 5.494 5.499 5.504 5.509 5.513 5.518 5.523 5.528 5.518 5.505 5.493 5.480 5.467 5.454 5.441 5.429 5.429 5.422 5.489 5.555 5.468 5.328 5.221 5.187 5.154 5.120 5.087 5.053 5.019 4.986 4.952 4.919 4.919 4.937 4.959 4.981 5.003 5.025 5.047 5.069 5.120 5.196
5.689 5.712 5.758 5.758 5.782 5.805 5.828 5.851 5.852 5.804 5.755 5.707 5.659 5.611 5.563 5.515 5.499 5.501 5.509 5.509 5.533 5.556 5.579 5.602 5.660 5.740 5.821 5.902 5.983 6.063 6.144 6.081 5.963 5.846 5.611 5.611 5.547 5.552 5.556 5.561 5.566 5.570 5.575 5.565 5.553 5.540 5.527 5.514 5.501 5.489 5.479 5.479 5.611 5.677 5.744 5.659 5.518 5.378 5.238 5.157 5.124 5.090 5.056 5.023 4.989 4.956 4.922 4.922 4.940 4.962 4.984 5.006 5.028 5.049 5.122 5.198 5.274
5.886 5.909 5.956 5.956 5.979 6.002 6.025 6.048 6.043 5.995 5.947 5.899 5.850 5.802 5.754 5.706 5.658 5.622 5.632 5.632 5.655 5.678 5.740 5.821 5.902 5.982 6.063 6.144 6.224 6.305 6.386 6.309 6.192 6.074 5.839 5.839 5.721 5.604 5.604 5.609 5.613 5.618 5.623 5.613 5.600 5.587 5.574 5.561 5.549 5.602 5.668 5.668 5.800 5.866 5.932 5.849 5.709 5.568 5.428 5.288 5.147 5.093 5.060 5.026 4.993 4.959 4.926 4.926 4.942 4.964 4.986 5.008 5.047 5.123 5.200 5.276 5.352
6.083 6.106 6.153 6.153 6.176 6.199 6.222 6.245 6.234 6.186 6.138 6.090 6.042 5.993 5.945 5.897 5.849 5.801 5.754 5.754 5.821 5.902 5.982 6.063 6.144 6.224 6.305 6.386 6.466 6.547 6.627 6.538 6.420 6.303 6.067 6.067 5.950 5.832 5.715 5.656 5.661 5.666 5.670 5.660 5.647 5.634 5.621 5.659 5.725 5.791 5.857 5.857 5.989 6.055 6.121 6.039 5.899 5.758 5.618 5.478 5.337 5.197 5.063 5.030 4.996 4.963 4.929 4.929 4.944 4.966 4.988 5.049 5.125 5.201 5.278 5.354 5.430
6.290 6.304 6.350 6.350 6.373 6.396 6.419 6.443 6.425 6.377 6.329 6.281 6.233 6.185 6.137 6.088 6.040 5.993 5.997 5.997 6.063 6.143 6.224 6.305 6.385 6.466 6.547 6.627 6.708 6.789 6.869 6.766 6.649 6.531 6.296 6.296 6.178 6.061 5.943 5.825 5.709 5.713 5.718 5.707 5.694 5.715 5.781 5.848 5.914 5.980 6.046 6.046 6.178 6.244 6.310 6.229 6.089 5.949 5.808 5.668 5.528 5.387 5.247 5.107 4.999 4.966 4.932 4.932 4.946 4.975 5.051 5.127 5.203 5.279 5.356 5.432 5.508
6.505 6.516 6.547 6.547 6.570 6.593 6.617 6.640 6.616 6.568 6.520 6.472 6.424 6.376 6.328 6.291 6.278 6.265 6.277 6.277 6.329 6.385 6.466 6.547 6.627 6.708 6.789 6.869 6.950 7.031 7.111 6.995 6.877 6.759 6.524 6.524 6.407 6.289 6.171 6.054 5.936 5.819 5.766 5.772 5.838 5.904 5.970 6.036 6.102 6.169 6.235 6.235 6.367 6.433 6.499 6.420 6.279 6.139 5.999 5.858 5.718 5.578 5.437 5.297 5.157 5.016 4.936 4.936 4.976 5.053 5.129 5.205 5.281 5.358 5.434 5.510 5.586
6.721 6.731 6.753 6.753 6.767 6.791 6.814 6.837 6.807 6.759 6.711 6.663 6.615 6.590 6.577 6.564 6.550 6.537 6.557 6.557 6.609 6.661 6.713 6.789 6.869 6.950 7.030 7.111 7.192 7.272 7.341 7.223 7.105 6.988 6.753 6.753 6.635 6.517 6.400 6.282 6.165 6.040 5.881 5.961 6.027 6.093 6.159 6.225 6.291 6.357 6.423 6.424 6.556 6.622 6.688 6.610 6.470 6.329 6.189 6.048 5.908 5.768 5.627 5.487 5.347 5.206 5.066 5.066 5.054 5.131 5.207 5.283 5.359 5.436 5.512 5.588 5.664
6.936 6.947 6.968 6.968 6.979 6.990 7.011 7.034 6.998 6.950 6.902 6.889 6.876 6.862 6.849 6.836 6.823 6.809 6.838 6.838 6.889 6.941 6.993 7.044 7.111 7.192 7.272 7.353 7.433 7.514 7.569 7.451 7.334 7.216 6.981 6.981 6.863 6.746 6.628 6.503 6.344 6.184 6.030 6.118 6.205 6.282 6.348 6.414 6.480 6.546 6.612 6.612 6.745 6.811 6.877 6.800 6.660 6.519 6.379 6.239 6.098 5.958 5.818 5.677 5.537 5.406 5.282 5.282 5.226 5.249 5.285 5.361 5.437 5.514 5.590 5.666 5.742
7.151 7.162 7.184 7.184 7.195 7.205 7.216 7.231 7.201 7.188 7.174 7.161 7.148 7.135 7.121 7.108 7.095 7.082 7.118 7.118 7.169 7.221 7.273 7.324 7.376 7.433 7.514 7.595 7.675 7.756 7.797 7.680 7.562 7.444 7.209 7.209 7.092 6.966 6.806 6.647 6.487 6.328 6.186 6.274 6.361 6.449 6.536 6.603 6.669 6.735 6.801 6.801 6.933 6.999 7.065 6.990 6.850 6.710 6.569 6.429 6.289 6.148 6.008 5.870 5.746 5.623 5.499 5.499 5.428 5.452 5.475 5.499 5.522 5.592 5.668 5.744 5.820
7.366 7.377 7.399 7.399 7.410 7.421 7.382 7.331 7.473 7.460 7.447 7.433 7.420 7.407 7.394 7.380 7.367 7.354 7.398 7.398 7.449 7.501 7.553 7.605 7.656 7.708 7.760 7.837 7.917 7.998 8.026 7.908 7.790 7.673 7.429 7.429 7.269 7.110 6.950 6.791 6.631 6.472 6.343 6.430 6.517 6.605 6.692 6.780 6.858 6.924 6.990 6.990 7.122 7.188 7.254 7.181 7.040 6.900 6.760 6.619 6.479 6.339 6.210 6.086 5.963 5.839 5.716 5.716 5.631 5.655 5.678 5.702 5.725 5.748 5.772 5.822 5.898
7.581 7.592 7.610 7.610 7.549 7.487 7.425 7.408 7.556 7.704 7.719 7.706 7.692 7.679 7.666 7.652 7.639 7.626 7.678 7.678 7.730 7.781 7.833 7.885 7.936 7.988 8.040 8.091 8.159 8.240 8.254 8.136 8.019 7.892 7.572 7.572 7.413 7.253 7.094 6.934 6.775 6.615 6.499 6.586 6.674 6.761 6.848 6.936 7.023 7.111 7.179 7.179 7.311 7.377 7.443 7.371 7.230 7.090 6.950 6.809 6.673 6.550 6.426 6.303 6.180 6.056 5.933 5.933 5.834 5.858 5.881 5.904 5.928 5.951 5.975 5.998 6.022
7.581 7.592 7.610 7.610 7.549 7.487 7.426 7.408 7.556 7.705 7.719 7.706 7.692 7.679 7.666 7.653 7.639 7.626 7.678 7.678 7.730 7.781 7.833 7.885 7.936 7.988 8.040 8.091 8.159 8.240 8.254 8.136 8.019 7.892 7.572 7.572 7.413 7.253 7.094 6.934 6.775 6.615 6.499 6.586 6.674 6.761 6.848 6.936 7.023 7.111 7.179 7.179 7.311 7.377 7.443 7.371 7.231 7.090 6.950 6.809 6.673 6.550 6.427 6.303 6.180 6.056 5.933 5.933 5.834 5.858 5.881 5.904 5.928 5.951 5.975 5.998 6.022
7.796 7.778 7.654 7.654 7.593 7.531 7.469 7.484 7.633 7.781 7.930 7.978 7.965 7.951 7.938 7.925 7.911 7.898 7.958 7.958 8.010 8.061 8.113 8.165 8.216 8.268 8.320 8.372 8.423 8.481 8.482 8.354 8.195 8.035 7.716 7.716 7.557 7.397 7.238 7.078 6.919 6.759 6.655 6.743 6.830 6.917 7.005 7.092 7.179 7.267 7.354 7.354 7.500 7.566 7.632 7.561 7.421 7.280 7.140 7.014 6.890 6.767 6.643 6.520 6.396 6.273 6.149 6.149 6.037 6.060 6.084 6.107 6.131 6.154 6.178 6.201 6.224
7.883 7.821 7.698 7.698 7.637 7.575 7.513 7.561 7.709 7.858 8.006 8.155 8.237 8.223 8.210 8.197 8.184 8.170 8.238 8.238 8.290 8.341 8.393 8.445 8.496 8.548 8.600 8.652 8.703 8.654 8.622 8.498 8.339 8.179 7.860 7.860 7.700 7.541 7.381 7.222 7.062 6.903 6.812 6.899 6.986 7.074 7.161 7.248 7.336 7.423 7.510 7.511 7.685 7.755 7.821 7.751 7.611 7.477 7.354 7.230 7.107 6.983 6.860 6.737 6.613 6.490 6.366 6.366 6.240 6.263 6.287 6.310 6.333 6.357 6.380 6.404 6.427
7.971 7.909 7.786 7.786 7.724 7.662 7.601 7.714 7.863 8.011 8.160 8.308 8.457 8.605 8.754 8.741 8.728 8.715 8.798 8.798 8.850 8.901 8.953 9.005 8.927 8.772 8.617 8.462 8.307 8.152 8.177 8.276 8.376 8.466 8.147 8.147 7.988 7.828 7.669 7.509 7.350 7.190 7.124 7.212 7.299 7.386 7.474 7.561 7.648 7.736 7.823 7.823 7.998 8.085 8.051 8.077 8.034 7.911 7.787 7.664 7.540 7.417 7.293 7.170 7.046 6.923 6.800 6.800 6.645 6.669 6.692 6.716 6.739 6.762 6.786 6.809 6.833
