includes/lisflood/camargue/results_R3_t1.561737397084E12/res-0010.wd
ncols         906
nrows         631
xllcorner     362177.146667
yllcorner     6534725.688020
cellsize      20.000000
NODATA_value  -9999.000000
[rows 340 to 373 of 631, columns 308 to 384 of 906]
0.326 0.066 0.186 0.056 0.000 0.407 0.407 0.267 0.227 0.000 0.241 0.000 0.000 0.000 0.000 0.021 0.111 0.871 0.851 1.071 0.551 0.621 0.621 0.310 0.230 0.719 0.569 0.099 0.599 0.389 0.559 0.509 0.000 0.829 0.639 0.889 0.000 0.261 0.421 0.421 0.000 0.000 0.000 0.169 0.000 0.000 0.000 0.048 0.448 0.288 0.217 0.267 0.246 0.274 0.603 0.603 0.673 0.046 0.690 0.670 0.000 0.758 0.000 0.076 0.061 0.022 0.266 0.000 0.000 0.000 0.000 0.000 0.000 0.000 0.311 0.431 0.401
0.355 0.046 0.002 0.000 0.000 0.137 0.137 0.000 0.000 0.606 0.000 0.000 0.508 0.358 0.198 0.002 0.451 0.251 0.000 0.000 1.121 1.011 1.011 0.520 0.640 0.419 0.579 0.389 0.519 0.019 0.149 0.559 0.679 0.799 0.669 0.000 0.000 0.621 0.000 0.000 0.371 0.000 0.000 0.008 0.000 0.297 0.037 0.197 0.187 0.137 0.146 0.106 0.006 0.533 0.503 0.503 0.392 0.279 0.371 0.430 1.028 0.558 0.000 0.225 0.114 0.290 0.206 0.070 0.442 0.000 0.000 0.000 0.000 0.381 0.361 0.271 0.024
0.495 0.235 0.395 0.185 0.016 0.087 0.087 0.346 0.056 0.216 0.000 0.000 0.000 0.288 0.000 0.371 0.591 0.331 0.751 0.000 1.151 0.911 0.911 0.004 0.000 0.659 0.229 0.000 0.439 0.779 0.639 0.419 0.000 0.709 0.029 0.000 0.811 0.581 0.291 0.291 0.031 0.000 0.061 0.591 0.000 0.437 0.387 0.217 0.067 0.186 0.215 0.513 0.493 0.633 0.573 0.573 0.342 0.109 0.220 0.000 0.758 0.000 0.000 0.145 0.254 0.077 0.196 0.000 0.691 0.671 0.000 0.000 0.222 0.382 0.311 0.000 0.623
0.375 0.135 0.385 0.126 0.026 0.306 0.306 0.236 0.156 0.206 0.516 0.000 0.000 0.000 0.000 0.000 0.421 0.000 0.121 0.000 1.221 0.000 0.000 0.329 0.529 0.000 0.479 0.000 0.519 0.019 0.639 0.679 0.809 0.799 0.000 0.000 0.901 0.981 0.371 0.371 0.000 0.591 0.371 0.461 0.000 0.347 0.000 0.000 0.000 0.000 0.000 0.223 0.613 0.653 0.343 0.343 0.382 0.000 0.345 0.463 0.365 0.000 0.010 0.000 0.165 0.094 0.000 0.681 0.701 0.000 0.278 0.277 0.183 0.262 0.000 0.000 0.623
0.165 0.000 0.066 0.000 0.027 0.037 0.037 0.326 0.126 0.126 0.246 0.000 1.184 0.614 0.000 0.000 0.181 0.000 0.000 1.101 1.211 0.000 0.000 0.719 0.000 0.000 0.000 0.000 0.569 0.000 0.619 0.269 0.139 0.869 0.000 0.911 0.951 0.111 0.411 0.411 0.000 0.000 0.511 0.631 0.000 0.001 0.000 0.000 0.000 0.000 0.000 0.000 0.273 0.183 0.533 0.533 0.000 0.288 0.000 0.771 0.062 0.623 0.283 0.000 0.226 0.276 0.000 0.000 0.000 0.422 0.239 0.238 0.000 0.000 0.000 0.000 0.058
0.010 0.000 0.086 0.000 0.000 0.017 0.017 0.146 0.086 0.416 0.526 0.000 0.000 0.002 0.000 0.091 0.391 0.000 0.000 0.263 0.000 0.030 0.030 0.819 0.929 0.859 0.000 0.289 0.429 0.000 0.639 0.000 0.000 0.000 0.021 0.911 0.961 0.000 0.401 0.401 0.571 0.171 0.311 0.331 0.000 0.000 0.000 0.000 0.000 0.000 0.000 0.000 0.000 0.083 0.000 0.000 0.118 0.328 0.000 0.791 0.000 0.493 0.783 0.000 0.216 1.316 0.000 0.942 0.642 0.102 0.000 0.000 0.000 0.000 0.000 0.326 0.266
0.093 0.000 0.000 0.000 0.062 0.000 0.000 0.066 0.396 0.216 0.606 0.000 0.602 0.562 0.632 0.072 0.000 0.000 0.568 0.265 0.000 0.000 0.000 0.000 0.000 1.179 0.819 0.559 0.000 0.000 0.479 0.000 0.801 0.000 0.901 0.951 0.000 0.051 0.000 0.000 0.491 0.381 0.000 0.000 0.000 0.000 0.000 0.000 0.000 0.000 0.000 0.000 0.023 0.173 0.000 0.000 0.348 0.378 0.898 0.499 0.000 0.192 0.000 0.519 0.098 0.287 0.000 0.672 0.412 0.059 0.000 0.000 0.000 0.000 0.000 0.196 0.506
0.093 0.000 0.000 0.000 0.062 0.000 0.000 0.066 0.396 0.216 0.606 0.000 0.602 0.562 0.632 0.072 0.000 0.000 0.568 0.272 0.000 0.000 0.000 0.000 0.000 1.179 0.819 0.559 0.000 0.000 0.479 0.000 0.801 0.000 0.901 0.951 0.000 0.051 0.000 0.000 0.491 0.381 0.000 0.000 0.000 0.000 0.000 0.000 0.000 0.000 0.000 0.000 0.023 0.173 0.000 0.000 0.348 0.378 0.898 0.499 0.000 0.191 0.000 0.519 0.098 0.287 0.000 0.672 0.412 0.087 0.000 0.000 0.000 0.000 0.000 0.196 0.506
0.013 0.000 0.000 0.000 0.000 0.002 0.000 0.176 0.216 0.506 0.716 0.000 0.522 0.000 0.000 0.000 1.002 1.232 0.000 0.161 0.847 0.387 0.387 0.000 0.000 0.000 0.000 0.459 0.609 0.639 0.829 0.190 0.511 0.911 0.821 0.961 0.000 0.021 0.151 0.151 0.000 0.451 0.000 0.000 0.000 0.000 0.000 0.000 0.000 0.000 0.000 0.000 0.000 0.153 0.133 0.133 0.000 0.000 1.028 0.000 0.000 0.939 0.739 0.899 0.359 0.052 0.000 0.432 0.000 0.095 0.000 0.000 0.000 0.077 0.000 0.336 0.346
0.000 0.000 0.000 0.000 0.000 0.000 0.000 0.076 0.216 0.426 0.000 0.749 0.000 0.436 0.826 0.616 0.000 0.000 0.134 0.884 0.109 0.000 0.000 0.724 0.000 0.000 0.000 0.000 0.159 0.000 0.000 0.821 0.861 0.921 0.921 0.000 0.000 0.000 0.261 0.261 0.000 0.591 0.000 0.000 0.000 0.000 0.000 0.000 0.000 0.000 0.000 0.000 0.000 0.000 0.000 0.000 0.000 0.656 0.577 1.167 0.000 1.259 0.409 0.000 0.000 0.369 0.000 0.000 0.023 1.101 0.000 0.000 0.837 0.577 0.467 0.287 0.437
0.000 0.000 0.061 0.000 0.000 0.000 0.000 0.196 0.226 0.146 0.013 0.759 0.000 0.806 0.796 0.506 0.000 0.794 0.714 0.854 0.864 0.724 0.724 0.564 0.000 0.514 0.824 0.000 0.000 0.000 0.742 0.000 0.851 0.911 0.000 0.000 0.000 0.000 0.000 0.000 0.541 0.651 0.000 0.000 0.000 0.000 0.000 0.000 0.000 0.000 0.000 0.000 0.000 0.000 0.526 0.526 0.736 0.686 0.000 1.077 0.907 0.000 0.000 0.000 0.390 0.529 0.219 0.399 0.449 0.156 0.227 0.227 0.000 0.287 0.427 0.387 0.477
0.068 0.000 0.000 0.000 0.000 0.000 0.000 0.356 0.276 0.014 0.019 0.689 0.000 0.726 0.000 0.000 0.765 0.000 0.504 0.864 0.874 0.000 0.000 0.564 0.794 0.744 0.000 0.054 0.000 0.000 0.000 0.801 0.911 0.861 0.000 0.000 0.000 0.000 0.000 0.000 0.000 0.000 0.000 0.000 0.000 0.000 0.000 0.000 0.000 0.000 0.000 0.045 0.095 0.665 1.005 1.005 0.406 0.000 0.534 0.000 1.447 0.667 0.000 0.310 0.370 0.400 0.560 0.139 0.038 0.538 0.287 0.287 0.597 0.427 0.387 0.877 0.507
0.007 0.000 0.000 0.000 0.000 0.027 0.027 0.106 0.005 0.012 0.459 0.559 0.000 0.706 0.606 0.106 0.595 0.545 0.425 0.000 0.744 0.804 0.804 0.644 0.000 0.494 0.944 0.274 1.024 0.000 0.000 0.781 0.931 0.000 0.000 0.000 0.000 0.000 0.000 0.000 0.000 0.000 0.000 0.000 0.000 0.000 0.000 0.000 0.000 0.000 0.000 0.075 0.000 0.504 0.000 0.000 0.000 0.000 0.054 0.335 0.386 0.000 0.370 0.330 0.420 0.480 0.430 0.249 0.408 0.568 0.388 0.387 0.537 0.527 0.157 0.427 0.457
0.000 0.000 0.000 0.000 0.000 0.000 0.000 0.000 0.187 0.000 0.189 0.479 0.219 0.000 0.000 0.846 0.396 0.416 0.446 0.186 0.306 0.000 0.000 0.854 0.884 0.894 0.214 1.354 0.003 0.440 0.000 0.481 0.000 0.000 0.000 0.000 0.000 0.000 0.000 0.000 0.000 0.000 0.000 0.000 0.000 0.000 0.000 0.000 0.000 0.000 0.000 0.000 0.624 0.694 0.000 0.000 0.553 0.843 0.254 0.294 0.000 0.441 0.510 0.430 0.310 0.220 0.280 0.000 0.318 0.000 0.568 0.568 0.367 0.377 0.417 0.317 0.317
0.000 0.000 0.000 0.000 0.000 0.000 0.000 0.002 0.000 0.000 0.619 0.659 0.189 0.000 0.829 0.000 0.206 0.356 0.366 0.297 0.607 0.828 0.828 0.000 0.000 0.564 0.944 1.394 0.010 0.870 0.410 0.000 0.000 0.000 0.000 0.000 0.000 0.000 0.000 0.000 0.000 0.000 0.000 0.000 0.000 0.000 0.000 0.000 0.000 0.000 0.000 0.000 0.212 0.713 0.983 0.983 1.053 0.363 1.083 0.152 0.173 0.371 0.161 0.151 0.350 0.000 0.110 0.000 0.188 0.528 0.388 0.388 0.477 0.437 0.327 0.447 0.527
0.057 0.000 0.000 0.000 0.000 0.001 0.000 0.149 0.000 0.002 0.709 0.669 0.909 0.509 0.579 0.000 0.566 1.156 0.000 0.817 0.001 0.738 0.738 0.328 0.238 0.048 0.000 0.000 0.800 0.220 1.040 0.560 0.000 0.000 0.000 0.000 0.000 0.000 0.000 0.000 0.000 0.000 0.000 0.000 0.000 0.000 0.000 0.000 0.000 0.000 0.000 0.000 0.605 0.000 0.000 0.000 0.000 1.063 0.493 0.000 0.423 0.253 0.212 0.212 0.000 0.190 0.000 0.159 0.389 0.299 0.188 0.188 0.387 0.417 0.387 0.487 0.407
0.000 0.134 0.000 0.158 0.000 0.049 0.049 0.169 0.289 0.659 0.819 0.449 0.569 0.029 0.098 0.838 0.002 0.000 0.378 0.378 0.248 0.768 0.768 0.448 0.628 0.748 1.308 0.149 0.790 0.810 0.130 0.660 0.690 0.000 0.000 0.000 0.000 0.000 0.000 0.000 0.000 0.000 0.000 0.000 0.000 0.000 0.000 0.000 0.000 0.000 0.000 0.884 0.784 0.000 0.114 0.114 0.664 0.126 0.077 0.233 0.613 0.523 0.353 0.103 0.000 0.080 0.220 0.350 0.460 0.490 0.149 0.148 0.058 0.437 0.507 0.477 0.117
0.148 0.002 0.078 0.108 0.000 0.039 0.039 0.209 0.339 0.849 0.569 0.000 0.438 0.468 0.928 0.968 0.768 0.000 0.538 0.478 0.488 0.358 0.358 0.148 0.000 0.349 0.000 0.000 0.600 0.500 0.740 0.280 0.780 0.970 0.000 0.000 0.000 0.000 0.000 0.000 0.000 0.000 0.000 0.000 0.000 0.000 0.000 0.000 0.000 0.000 0.000 0.634 0.454 0.994 1.264 1.264 0.704 0.794 0.000 0.453 0.753 0.243 0.423 0.143 0.000 0.141 0.100 0.390 0.410 0.450 0.099 0.099 0.129 0.000 0.408 0.168 0.000
0.188 0.218 0.238 0.318 0.000 0.000 0.000 0.005 0.669 0.499 0.639 0.000 0.000 0.009 1.038 0.328 0.878 0.318 0.318 0.000 0.000 0.618 0.618 0.179 0.230 0.840 0.230 0.000 0.830 0.750 0.420 0.750 0.690 0.640 0.310 0.000 0.000 0.000 0.000 0.000 0.019 0.000 0.000 0.000 0.000 0.000 0.000 0.000 0.000 0.000 0.714 0.924 0.000 0.724 0.924 0.924 0.534 0.000 0.443 0.523 0.273 0.503 1.003 0.133 0.143 0.232 0.361 0.190 0.280 0.380 0.070 0.070 0.040 0.319 0.338 0.108 0.000
0.448 0.338 0.000 0.000 0.000 0.006 0.004 0.229 0.499 0.289 0.909 0.004 0.000 1.088 1.098 0.898 0.000 0.888 0.688 0.000 0.358 0.000 0.000 0.999 0.000 0.890 0.180 0.210 0.270 0.710 0.770 0.660 0.740 0.150 0.000 0.000 0.000 0.000 0.000 0.000 0.000 0.000 0.000 0.000 0.000 0.000 0.000 0.000 0.000 0.000 0.704 0.664 0.000 0.734 1.074 1.074 0.854 0.854 0.503 0.323 0.353 0.323 0.413 0.143 0.343 0.262 0.102 0.141 0.171 0.311 0.311 0.311 0.271 0.250 0.049 0.000 0.000
0.000 0.000 0.094 0.000 0.304 0.604 0.604 0.000 0.000 0.579 0.489 0.004 0.000 0.798 0.188 0.338 1.088 0.968 0.198 0.978 1.698 0.039 0.040 0.090 0.950 0.840 0.770 0.720 0.011 0.260 0.840 0.520 0.000 0.000 0.000 0.052 0.000 0.000 0.249 0.249 0.000 0.000 0.000 0.000 0.000 0.000 0.000 0.000 0.000 0.000 0.964 0.000 0.084 0.114 0.524 0.524 0.000 0.553 0.463 0.413 0.283 0.183 0.263 0.273 0.333 0.333 0.153 0.022 0.381 0.281 0.151 0.151 0.411 0.441 0.000 0.000 0.000
0.214 0.264 0.064 0.644 0.604 0.334 0.334 0.000 0.419 0.189 0.000 0.000 1.087 0.000 0.418 0.878 0.258 1.988 0.388 0.348 1.018 0.000 0.000 0.280 0.590 0.000 0.850 0.740 0.850 0.210 0.500 0.600 0.800 0.000 0.000 0.000 0.000 0.000 0.000 0.000 0.000 0.000 0.000 0.000 0.000 0.000 0.000 0.000 0.000 0.000 0.884 0.000 0.374 0.544 0.474 0.474 0.000 0.583 0.363 0.473 0.243 0.253 0.343 0.233 0.313 0.373 0.383 0.122 0.212 0.291 0.391 0.391 0.411 0.231 0.000 0.029 0.000
0.134 0.414 0.304 0.124 0.354 0.264 0.264 0.000 0.389 0.039 0.000 0.267 0.167 0.487 0.328 0.968 0.368 0.998 0.228 0.498 0.138 0.109 0.109 0.100 0.370 0.570 0.640 0.910 0.610 0.890 0.470 0.620 0.590 0.430 0.000 0.000 0.000 0.585 0.000 0.000 0.000 0.000 0.000 0.000 0.000 0.000 0.000 0.054 0.000 0.434 0.834 0.000 0.334 0.274 0.000 0.000 0.883 0.483 0.263 0.313 0.343 0.253 0.383 0.303 0.333 0.343 0.523 0.292 0.412 0.312 0.262 0.262 0.212 0.000 0.101 0.071 0.002
0.134 0.414 0.304 0.124 0.354 0.264 0.264 0.000 0.389 0.039 0.000 0.267 0.167 0.487 0.327 0.968 0.368 0.998 0.228 0.498 0.138 0.109 0.109 0.100 0.370 0.570 0.640 0.910 0.610 0.890 0.470 0.620 0.590 0.430 0.000 0.000 0.000 0.585 0.000 0.000 0.002 0.000 0.000 0.000 0.000 0.000 0.000 0.054 0.000 0.434 0.834 0.000 0.334 0.274 0.000 0.000 0.883 0.483 0.263 0.313 0.343 0.253 0.383 0.303 0.333 0.343 0.523 0.292 0.412 0.312 0.262 0.262 0.212 0.000 0.101 0.071 0.002
0.000 0.164 0.284 0.014 0.000 0.114 0.114 0.000 0.000 0.000 0.112 0.467 0.357 1.127 0.847 0.178 0.558 0.000 0.408 0.718 0.358 0.079 0.079 0.000 0.000 0.650 0.620 0.860 0.920 0.040 0.880 0.600 0.870 0.000 0.000 0.155 0.235 0.155 0.000 0.000 0.000 0.000 0.000 0.000 0.000 0.000 0.454 0.204 0.000 0.684 0.000 0.254 0.194 0.134 0.763 0.763 0.563 0.513 0.213 0.353 0.223 0.783 0.213 0.393 0.363 0.393 0.353 0.313 0.322 0.022 0.392 0.392 0.172 0.252 0.000 0.084 0.000
0.604 0.944 0.314 0.024 0.214 0.134 0.134 0.534 0.000 0.000 0.417 0.000 0.000 0.497 0.000 0.000 0.000 0.628 0.568 0.228 0.000 0.060 0.060 0.000 0.015 0.000 0.320 0.150 0.890 0.840 0.070 0.860 0.870 0.000 0.065 0.205 0.145 0.016 0.000 0.000 0.000 0.000 0.000 0.000 0.000 0.000 0.174 0.144 0.674 0.724 0.000 0.324 0.274 0.264 0.000 0.000 0.544 0.393 0.313 0.243 0.413 0.473 0.693 0.533 0.493 0.363 0.383 0.363 0.072 0.322 0.312 0.312 0.712 0.352 0.292 0.022 0.000
0.036 0.000 0.084 0.006 0.000 0.000 0.000 0.000 0.000 0.424 0.072 1.312 0.008 0.120 0.225 0.434 0.524 0.000 0.000 0.000 0.041 0.731 0.731 0.241 0.541 0.000 0.720 0.670 0.650 0.000 0.920 0.690 0.220 0.130 0.016 0.000 0.000 0.000 0.000 0.000 0.044 0.244 0.454 0.000 0.000 0.034 0.094 0.114 0.674 0.000 0.574 0.864 0.374 0.000 0.275 0.275 0.324 0.000 0.000 0.103 0.253 0.283 0.553 0.323 0.523 0.323 0.423 0.000 0.443 0.272 0.192 0.192 0.092 0.112 0.042 0.000 0.000
0.000 0.000 0.000 0.000 0.000 0.000 0.000 0.000 0.523 0.184 1.934 0.000 0.540 0.000 0.441 0.173 0.000 0.000 0.000 0.331 0.000 0.032 0.032 0.000 0.000 0.420 0.740 0.750 0.000 0.000 0.160 0.080 0.005 0.090 0.001 0.000 0.000 0.000 0.000 0.000 0.024 0.264 0.344 0.000 0.000 0.538 0.000 0.584 0.484 0.000 0.000 0.000 0.000 0.000 0.216 0.216 0.096 0.197 0.107 0.000 0.294 0.384 0.343 0.353 0.523 0.323 0.563 0.493 0.463 0.172 0.432 0.432 0.000 0.272 0.000 0.000 0.000
0.000 0.849 0.000 0.095 0.001 0.153 0.153 0.000 0.673 0.203 0.002 0.635 0.000 0.009 0.340 0.000 0.002 0.000 0.000 0.000 0.252 0.000 0.000 0.072 0.000 0.700 0.620 0.000 0.540 0.310 0.570 0.000 0.000 0.000 0.000 0.000 0.000 0.000 0.000 0.000 0.000 0.134 0.414 0.814 1.154 0.000 0.594 0.144 0.000 0.857 0.927 0.557 0.797 0.227 0.167 0.167 0.327 0.177 0.267 0.167 0.025 0.435 0.003 0.193 0.113 0.283 0.543 0.573 0.303 0.000 0.142 0.142 0.162 0.000 0.000 0.000 0.000
1.219 0.999 0.000 0.002 0.000 0.000 0.000 0.000 0.593 0.000 0.345 0.000 1.007 0.000 0.708 0.000 0.157 0.000 0.000 0.000 0.000 0.472 0.472 0.000 0.590 0.740 0.510 0.480 0.520 0.000 0.000 0.012 0.000 0.000 0.000 0.000 0.000 0.000 0.000 0.000 0.000 0.094 0.694 0.834 1.274 1.194 0.000 0.000 0.000 0.000 0.000 0.000 0.000 0.577 0.567 0.567 0.477 0.327 0.187 0.277 0.476 0.476 0.004 0.054 0.023 0.323 0.453 0.413 0.293 0.343 0.052 0.052 0.000 0.000 0.000 0.000 0.000
0.349 0.000 0.000 0.006 0.000 0.183 0.183 0.000 0.433 0.183 0.000 0.087 0.527 0.457 0.567 0.000 0.857 0.137 0.000 0.021 0.000 0.000 0.000 0.710 0.690 0.710 0.000 0.053 0.000 0.000 0.326 0.000 0.000 0.000 0.000 0.000 0.000 0.000 0.000 0.000 0.000 0.134 0.784 1.124 0.644 1.154 0.000 0.000 0.000 0.000 0.000 0.000 0.457 0.397 0.377 0.377 0.337 0.457 0.247 0.457 0.307 0.287 0.247 0.117 0.004 0.233 0.353 0.213 0.143 0.000 0.000 0.000 0.000 0.000 0.000 0.000 0.000
0.519 0.000 0.257 0.157 0.087 0.000 0.000 0.193 0.423 1.463 0.000 0.827 0.517 0.657 0.337 0.927 0.000 0.697 0.000 0.000 0.000 0.003 0.001 0.430 0.720 0.000 0.000 0.403 0.603 0.002 0.146 0.000 0.000 0.000 0.000 0.000 0.194 0.000 0.084 0.084 0.134 0.344 0.854 1.694 1.494 1.544 0.724 0.000 0.000 0.000 0.807 0.977 0.527 0.437 0.397 0.397 0.337 0.357 0.297 0.237 0.357 0.287 0.307 0.307 0.157 0.105 0.203 0.293 0.273 0.143 0.000 0.000 0.000 0.000 0.000 0.000 0.000
0.000 0.997 0.197 0.000 1.057 0.000 0.000 0.313 0.363 1.763 0.000 0.677 0.247 0.477 0.000 1.077 0.857 1.247 0.000 0.000 0.000 0.000 0.000 0.520 0.680 0.000 0.000 0.000 0.323 0.183 0.000 0.029 0.000 0.000 0.000 0.000 0.034 0.164 0.184 0.184 0.194 0.000 1.014 0.554 1.564 0.654 1.434 0.000 0.000 0.537 0.807 0.000 0.517 0.507 0.587 0.587 0.407 0.217 0.207 0.397 0.337 0.317 0.307 0.167 0.137 0.337 0.000 0.000 0.023 0.253 0.000 0.000 0.000 0.000 0.000 0.000 0.000
0.387 0.097 0.937 0.000 0.000 0.387 0.387 0.000 0.084 0.000 0.517 0.587 0.617 0.337 0.857 1.117 0.000 0.687 0.000 0.608 0.848 0.000 0.000 0.590 0.000 0.102 0.000 0.002 0.106 0.040 0.090 0.008 0.000 0.000 0.014 0.104 0.084 0.354 0.154 0.154 0.454 0.634 0.724 1.114 0.944 1.184 2.064 0.000 0.000 0.597 0.107 0.000 0.647 0.457 0.447 0.447 0.427 0.277 0.177 0.307 0.177 0.207 0.397 0.317 0.127 0.227 0.177 0.000 0.000 0.000 0.000 0.000 0.000 0.000 0.000 0.000 0.000
