includes/lisflood/camargue/results_R3_t1.561737397084E12/res-0011.wdfp
ncols         906
nrows         631
xllcorner     362177.146667
yllcorner     6534725.688020
cellsize      20.000000
NODATA_value  -9999.000000
[rows 510 to 543 of 631, columns 539 to 615 of 906]
0.002 0.000 0.000 0.000 0.001 0.000 0.000 0.000 0.004 0.007 0.009 0.010 0.011 0.012 0.012 0.012 0.013 0.009 0.010 0.010 0.009 0.008 0.007 0.006 0.006 0.006 0.006 0.006 0.005 0.005 0.005 0.005 0.006 0.003 0.004 0.004 0.004 0.004 0.004 0.004 0.004 0.004 0.004 0.003 0.003 0.002 0.002 0.003 0.006 0.003 0.003 0.003 0.004 0.004 0.004 0.005 0.007 0.015 0.026 0.028 0.029 0.030 0.030 0.031 0.031 0.026 0.028 0.027 0.025 0.021 0.016 0.013 0.011 0.011 0.012 0.012 0.013
0.002 0.000 0.001 0.001 0.000 0.001 0.001 0.001 0.004 0.008 0.010 0.012 0.013 0.014 0.015 0.015 0.016 0.012 0.013 0.013 0.013 0.011 0.009 0.008 0.008 0.007 0.007 0.007 0.007 0.007 0.007 0.007 0.008 0.005 0.005 0.005 0.005 0.005 0.005 0.005 0.005 0.005 0.005 0.005 0.004 0.003 0.002 0.003 0.006 0.003 0.003 0.004 0.004 0.004 0.005 0.006 0.007 0.013 0.030 0.032 0.033 0.034 0.035 0.036 0.036 0.031 0.032 0.029 0.025 0.024 0.022 0.020 0.017 0.014 0.013 0.012 0.011
0.002 0.001 0.000 0.000 0.001 0.000 0.001 0.001 0.003 0.008 0.010 0.011 0.013 0.014 0.014 0.015 0.016 0.012 0.015 0.015 0.013 0.012 0.009 0.008 0.008 0.008 0.008 0.007 0.007 0.007 0.007 0.007 0.009 0.005 0.006 0.006 0.005 0.005 0.005 0.005 0.005 0.005 0.005 0.005 0.005 0.004 0.003 0.002 0.006 0.002 0.003 0.003 0.004 0.004 0.005 0.005 0.006 0.010 0.027 0.031 0.033 0.034 0.035 0.035 0.035 0.030 0.029 0.026 0.026 0.025 0.023 0.022 0.019 0.017 0.015 0.013 0.012
0.002 0.000 0.000 0.000 0.000 0.001 0.000 0.001 0.003 0.007 0.009 0.011 0.012 0.013 0.014 0.015 0.017 0.014 0.016 0.015 0.014 0.012 0.010 0.009 0.009 0.008 0.008 0.008 0.007 0.007 0.007 0.007 0.009 0.005 0.006 0.006 0.006 0.006 0.006 0.006 0.005 0.005 0.005 0.005 0.005 0.005 0.004 0.003 0.004 0.002 0.003 0.003 0.003 0.004 0.004 0.005 0.005 0.008 0.022 0.030 0.032 0.033 0.034 0.034 0.034 0.027 0.027 0.027 0.026 0.026 0.025 0.024 0.022 0.019 0.016 0.015 0.013
0.001 0.000 0.000 0.001 0.000 0.000 0.001 0.001 0.003 0.007 0.009 0.011 0.012 0.013 0.015 0.017 0.017 0.016 0.016 0.015 0.014 0.012 0.010 0.009 0.009 0.009 0.008 0.008 0.008 0.007 0.007 0.008 0.009 0.006 0.007 0.006 0.006 0.006 0.006 0.006 0.006 0.006 0.006 0.006 0.005 0.005 0.004 0.003 0.005 0.002 0.002 0.002 0.003 0.003 0.004 0.004 0.005 0.007 0.017 0.029 0.031 0.032 0.032 0.032 0.030 0.022 0.027 0.027 0.027 0.026 0.025 0.025 0.024 0.021 0.019 0.017 0.015
0.001 0.000 0.000 0.000 0.000 0.001 0.000 0.001 0.003 0.006 0.008 0.010 0.012 0.015 0.017 0.017 0.017 0.016 0.016 0.015 0.014 0.012 0.010 0.009 0.009 0.009 0.009 0.009 0.008 0.008 0.008 0.008 0.010 0.006 0.007 0.007 0.007 0.007 0.006 0.006 0.006 0.006 0.006 0.005 0.005 0.005 0.004 0.004 0.005 0.002 0.002 0.002 0.002 0.003 0.003 0.004 0.004 0.005 0.013 0.027 0.029 0.030 0.029 0.027 0.031 0.021 0.026 0.027 0.027 0.026 0.026 0.027 0.026 0.025 0.025 0.028 0.037
0.001 0.000 0.000 0.000 0.000 0.000 0.000 0.000 0.002 0.006 0.008 0.011 0.015 0.015 0.016 0.016 0.016 0.016 0.016 0.015 0.014 0.013 0.010 0.009 0.009 0.009 0.009 0.009 0.009 0.008 0.008 0.008 0.010 0.006 0.007 0.007 0.007 0.007 0.007 0.006 0.006 0.005 0.005 0.005 0.005 0.005 0.005 0.004 0.006 0.002 0.003 0.003 0.002 0.003 0.003 0.003 0.003 0.004 0.010 0.025 0.026 0.025 0.025 0.027 0.031 0.021 0.026 0.026 0.027 0.027 0.028 0.032 0.041 0.054 0.065 0.076 0.089
0.001 0.000 0.000 0.001 0.000 0.000 0.000 0.000 0.002 0.006 0.011 0.013 0.014 0.015 0.016 0.016 0.016 0.016 0.016 0.015 0.014 0.013 0.010 0.010 0.010 0.010 0.009 0.009 0.009 0.009 0.009 0.009 0.010 0.006 0.007 0.007 0.007 0.007 0.006 0.006 0.006 0.006 0.006 0.006 0.005 0.005 0.005 0.004 0.006 0.003 0.003 0.003 0.003 0.003 0.003 0.003 0.003 0.003 0.006 0.021 0.021 0.022 0.024 0.026 0.031 0.021 0.026 0.027 0.028 0.033 0.046 0.068 0.085 0.098 0.110 0.122 0.135
0.001 0.000 0.001 0.000 0.000 0.000 0.000 0.000 0.001 0.008 0.011 0.013 0.014 0.015 0.015 0.015 0.016 0.015 0.016 0.015 0.014 0.013 0.010 0.010 0.010 0.010 0.010 0.010 0.009 0.009 0.009 0.009 0.011 0.007 0.008 0.007 0.006 0.006 0.006 0.006 0.006 0.006 0.006 0.006 0.006 0.006 0.005 0.005 0.007 0.003 0.003 0.003 0.003 0.003 0.003 0.003 0.003 0.003 0.005 0.013 0.018 0.020 0.023 0.025 0.030 0.021 0.027 0.032 0.046 0.068 0.089 0.110 0.129 0.142 0.154 0.167 0.179
0.001 0.000 0.000 0.000 0.000 0.000 0.000 0.003 0.005 0.008 0.008 0.012 0.013 0.014 0.015 0.015 0.015 0.015 0.015 0.015 0.014 0.013 0.010 0.010 0.010 0.010 0.010 0.010 0.010 0.010 0.009 0.010 0.011 0.007 0.007 0.007 0.007 0.006 0.006 0.006 0.006 0.006 0.006 0.006 0.006 0.006 0.006 0.005 0.007 0.003 0.004 0.004 0.003 0.003 0.003 0.003 0.003 0.003 0.004 0.011 0.016 0.019 0.021 0.024 0.031 0.023 0.046 0.068 0.090 0.111 0.132 0.153 0.173 0.185 0.198 0.210 0.223
0.001 0.000 0.000 0.000 0.000 0.001 0.002 0.005 0.007 0.008 0.009 0.009 0.011 0.013 0.014 0.015 0.015 0.015 0.015 0.015 0.014 0.013 0.010 0.010 0.010 0.010 0.010 0.010 0.010 0.010 0.010 0.010 0.010 0.006 0.007 0.007 0.007 0.007 0.007 0.006 0.006 0.006 0.006 0.006 0.006 0.006 0.006 0.005 0.008 0.003 0.004 0.004 0.004 0.004 0.004 0.003 0.003 0.003 0.004 0.009 0.014 0.017 0.021 0.029 0.044 0.045 0.088 0.110 0.132 0.153 0.174 0.195 0.216 0.228 0.241 0.253 0.266
0.001 0.001 0.000 0.000 0.001 0.002 0.004 0.006 0.008 0.009 0.009 0.010 0.010 0.010 0.012 0.013 0.014 0.014 0.015 0.014 0.014 0.012 0.010 0.010 0.010 0.010 0.010 0.010 0.010 0.010 0.009 0.009 0.011 0.006 0.007 0.007 0.007 0.007 0.007 0.007 0.007 0.007 0.007 0.007 0.007 0.006 0.006 0.006 0.008 0.004 0.004 0.004 0.004 0.004 0.004 0.004 0.003 0.003 0.004 0.007 0.013 0.022 0.046 0.068 0.089 0.090 0.130 0.152 0.173 0.195 0.216 0.237 0.258 0.271 0.284 0.296 0.308
0.001 0.000 0.001 0.001 0.002 0.004 0.005 0.007 0.010 0.010 0.010 0.010 0.010 0.010 0.010 0.010 0.012 0.013 0.014 0.014 0.014 0.013 0.010 0.011 0.011 0.011 0.011 0.011 0.010 0.009 0.009 0.010 0.012 0.007 0.008 0.008 0.008 0.008 0.008 0.007 0.007 0.007 0.007 0.007 0.007 0.007 0.007 0.006 0.009 0.004 0.005 0.005 0.005 0.004 0.004 0.004 0.004 0.004 0.004 0.008 0.045 0.068 0.091 0.112 0.133 0.135 0.175 0.195 0.216 0.236 0.257 0.279 0.300 0.314 0.326 0.332 0.327
0.006 0.007 0.006 0.008 0.009 0.012 0.014 0.016 0.019 0.018 0.017 0.018 0.017 0.017 0.017 0.016 0.015 0.018 0.015 0.016 0.016 0.016 0.013 0.014 0.015 0.015 0.015 0.014 0.015 0.015 0.015 0.016 0.019 0.012 0.014 0.014 0.014 0.014 0.014 0.013 0.013 0.013 0.013 0.012 0.012 0.012 0.012 0.012 0.015 0.008 0.010 0.009 0.009 0.009 0.009 0.009 0.009 0.008 0.010 0.057 0.093 0.114 0.136 0.157 0.178 0.179 0.219 0.239 0.260 0.280 0.300 0.320 0.341 0.356 0.355 0.350 0.346
0.003 0.003 0.003 0.004 0.005 0.007 0.008 0.010 0.011 0.010 0.010 0.010 0.010 0.010 0.009 0.008 0.008 0.011 0.008 0.010 0.010 0.010 0.008 0.009 0.010 0.010 0.010 0.009 0.009 0.009 0.009 0.010 0.012 0.007 0.009 0.009 0.009 0.008 0.008 0.008 0.008 0.008 0.007 0.007 0.007 0.007 0.007 0.007 0.009 0.004 0.005 0.005 0.005 0.005 0.005 0.005 0.004 0.004 0.009 0.059 0.095 0.116 0.138 0.158 0.179 0.180 0.220 0.240 0.261 0.281 0.301 0.321 0.342 0.357 0.356 0.352 0.347
0.003 0.004 0.004 0.005 0.006 0.007 0.009 0.010 0.012 0.010 0.010 0.010 0.010 0.009 0.009 0.008 0.007 0.011 0.006 0.007 0.009 0.009 0.008 0.008 0.009 0.008 0.009 0.009 0.009 0.009 0.009 0.010 0.012 0.007 0.009 0.009 0.009 0.009 0.008 0.008 0.008 0.008 0.008 0.007 0.007 0.007 0.007 0.007 0.010 0.004 0.005 0.005 0.005 0.005 0.005 0.005 0.005 0.012 0.065 0.107 0.142 0.163 0.183 0.203 0.224 0.225 0.265 0.285 0.305 0.325 0.345 0.365 0.383 0.380 0.375 0.370 0.366
0.002 0.004 0.003 0.004 0.005 0.006 0.008 0.009 0.010 0.009 0.008 0.008 0.008 0.008 0.007 0.007 0.006 0.009 0.005 0.005 0.005 0.005 0.005 0.006 0.006 0.007 0.007 0.007 0.007 0.007 0.008 0.008 0.011 0.006 0.007 0.007 0.007 0.007 0.007 0.007 0.007 0.007 0.006 0.006 0.006 0.006 0.006 0.005 0.008 0.003 0.004 0.004 0.004 0.004 0.004 0.005 0.014 0.067 0.110 0.151 0.188 0.208 0.228 0.248 0.268 0.269 0.309 0.329 0.349 0.369 0.389 0.400 0.401 0.399 0.394 0.389 0.384
0.003 0.005 0.005 0.006 0.007 0.009 0.010 0.011 0.012 0.011 0.010 0.010 0.009 0.009 0.008 0.008 0.007 0.011 0.006 0.007 0.006 0.005 0.004 0.006 0.007 0.008 0.008 0.009 0.009 0.009 0.009 0.010 0.013 0.008 0.009 0.009 0.009 0.009 0.009 0.009 0.009 0.008 0.008 0.008 0.008 0.007 0.007 0.006 0.009 0.004 0.005 0.005 0.005 0.005 0.014 0.069 0.111 0.152 0.194 0.235 0.275 0.295 0.315 0.335 0.355 0.355 0.395 0.415 0.432 0.433 0.434 0.436 0.437 0.436 0.431 0.426 0.421
0.003 0.006 0.006 0.007 0.008 0.009 0.011 0.012 0.013 0.011 0.010 0.010 0.009 0.009 0.008 0.008 0.007 0.011 0.006 0.007 0.006 0.004 0.003 0.005 0.006 0.007 0.008 0.008 0.009 0.009 0.009 0.010 0.013 0.008 0.009 0.010 0.010 0.009 0.009 0.009 0.009 0.009 0.009 0.008 0.008 0.007 0.007 0.007 0.010 0.004 0.005 0.005 0.005 0.014 0.067 0.111 0.153 0.194 0.236 0.277 0.318 0.338 0.358 0.378 0.398 0.399 0.438 0.448 0.450 0.451 0.452 0.454 0.455 0.454 0.450 0.445 0.440
0.004 0.006 0.006 0.007 0.009 0.010 0.011 0.012 0.013 0.011 0.010 0.010 0.009 0.009 0.008 0.008 0.008 0.012 0.006 0.006 0.005 0.003 0.002 0.004 0.006 0.007 0.007 0.008 0.009 0.009 0.009 0.010 0.013 0.008 0.010 0.010 0.010 0.010 0.010 0.009 0.009 0.009 0.008 0.008 0.007 0.007 0.007 0.007 0.010 0.005 0.006 0.006 0.022 0.068 0.111 0.153 0.195 0.236 0.277 0.319 0.360 0.382 0.401 0.422 0.442 0.442 0.465 0.466 0.467 0.469 0.470 0.472 0.473 0.473 0.468 0.464 0.459
0.011 0.011 0.008 0.008 0.009 0.011 0.012 0.012 0.013 0.011 0.010 0.010 0.009 0.009 0.009 0.009 0.008 0.012 0.005 0.005 0.004 0.002 0.001 0.003 0.005 0.006 0.007 0.008 0.008 0.009 0.009 0.010 0.013 0.008 0.010 0.010 0.010 0.010 0.010 0.010 0.009 0.008 0.008 0.008 0.008 0.008 0.007 0.007 0.011 0.005 0.008 0.047 0.086 0.123 0.160 0.197 0.236 0.278 0.319 0.360 0.401 0.425 0.445 0.465 0.480 0.480 0.483 0.484 0.485 0.487 0.488 0.490 0.491 0.492 0.487 0.482 0.477
0.015 0.011 0.014 0.015 0.011 0.011 0.012 0.013 0.013 0.011 0.010 0.010 0.009 0.010 0.009 0.008 0.007 0.011 0.004 0.004 0.003 0.002 0.001 0.003 0.004 0.006 0.007 0.007 0.008 0.008 0.009 0.010 0.013 0.008 0.010 0.010 0.010 0.010 0.010 0.009 0.009 0.008 0.008 0.008 0.008 0.008 0.008 0.008 0.011 0.006 0.067 0.103 0.140 0.176 0.213 0.249 0.285 0.321 0.360 0.401 0.443 0.468 0.488 0.496 0.498 0.498 0.500 0.502 0.503 0.505 0.506 0.508 0.509 0.510 0.505 0.501 0.496
0.015 0.011 0.013 0.016 0.021 0.018 0.014 0.014 0.014 0.011 0.010 0.010 0.010 0.009 0.008 0.008 0.007 0.011 0.004 0.004 0.003 0.001 0.000 0.002 0.004 0.005 0.006 0.007 0.008 0.008 0.009 0.009 0.013 0.008 0.010 0.010 0.010 0.010 0.009 0.009 0.009 0.009 0.009 0.008 0.008 0.008 0.008 0.011 0.037 0.041 0.120 0.156 0.193 0.229 0.265 0.301 0.337 0.373 0.409 0.445 0.484 0.511 0.513 0.514 0.515 0.516 0.518 0.520 0.521 0.523 0.524 0.525 0.527 0.528 0.524 0.519 0.515
0.015 0.011 0.012 0.015 0.019 0.022 0.026 0.020 0.016 0.012 0.011 0.010 0.010 0.009 0.008 0.007 0.006 0.010 0.003 0.003 0.002 0.001 0.001 0.002 0.003 0.004 0.006 0.007 0.007 0.008 0.009 0.009 0.013 0.008 0.010 0.010 0.009 0.009 0.009 0.009 0.009 0.009 0.009 0.009 0.009 0.013 0.040 0.068 0.096 0.098 0.172 0.208 0.245 0.281 0.317 0.353 0.389 0.425 0.461 0.497 0.520 0.526 0.530 0.532 0.533 0.534 0.536 0.537 0.539 0.540 0.542 0.543 0.545 0.546 0.542 0.538 0.533
0.016 0.011 0.012 0.014 0.017 0.020 0.024 0.028 0.031 0.014 0.011 0.010 0.009 0.008 0.008 0.007 0.006 0.009 0.003 0.003 0.002 0.000 0.001 0.001 0.003 0.004 0.005 0.006 0.007 0.008 0.008 0.009 0.013 0.008 0.010 0.009 0.010 0.010 0.009 0.009 0.009 0.009 0.010 0.015 0.044 0.071 0.097 0.123 0.150 0.152 0.224 0.261 0.297 0.333 0.369 0.405 0.441 0.477 0.513 0.522 0.524 0.529 0.537 0.545 0.551 0.551 0.554 0.555 0.557 0.558 0.560 0.561 0.563 0.564 0.561 0.556 0.552
0.016 0.011 0.012 0.013 0.015 0.017 0.020 0.027 0.038 0.024 0.012 0.010 0.009 0.008 0.007 0.006 0.005 0.009 0.002 0.002 0.001 0.001 0.000 0.001 0.002 0.003 0.005 0.006 0.007 0.007 0.008 0.009 0.013 0.008 0.010 0.009 0.010 0.011 0.010 0.010 0.011 0.018 0.048 0.075 0.101 0.126 0.151 0.177 0.203 0.204 0.276 0.313 0.349 0.385 0.421 0.457 0.493 0.521 0.523 0.525 0.528 0.533 0.541 0.548 0.556 0.557 0.571 0.573 0.574 0.576 0.577 0.579 0.580 0.582 0.579 0.575 0.570
0.016 0.011 0.012 0.012 0.013 0.015 0.019 0.028 0.042 0.028 0.016 0.012 0.009 0.007 0.007 0.006 0.005 0.008 0.002 0.002 0.001 0.000 0.000 0.001 0.002 0.003 0.004 0.005 0.006 0.007 0.008 0.009 0.013 0.008 0.009 0.008 0.009 0.010 0.011 0.021 0.051 0.077 0.103 0.129 0.154 0.179 0.205 0.230 0.256 0.257 0.329 0.365 0.401 0.437 0.473 0.509 0.522 0.524 0.527 0.529 0.532 0.536 0.544 0.552 0.560 0.560 0.576 0.584 0.592 0.594 0.595 0.597 0.598 0.600 0.597 0.593 0.588
0.016 0.011 0.011 0.011 0.012 0.014 0.019 0.032 0.046 0.032 0.018 0.012 0.010 0.008 0.006 0.005 0.005 0.007 0.002 0.001 0.001 0.000 0.000 0.000 0.002 0.003 0.004 0.005 0.006 0.007 0.008 0.009 0.012 0.008 0.009 0.008 0.009 0.010 0.024 0.064 0.100 0.132 0.157 0.182 0.207 0.232 0.257 0.282 0.308 0.309 0.381 0.417 0.453 0.489 0.521 0.523 0.526 0.528 0.531 0.533 0.536 0.540 0.548 0.556 0.563 0.564 0.579 0.587 0.595 0.603 0.611 0.615 0.616 0.618 0.616 0.611 0.634
0.015 0.010 0.011 0.011 0.012 0.014 0.020 0.037 0.051 0.037 0.023 0.013 0.010 0.008 0.007 0.006 0.004 0.007 0.001 0.001 0.001 0.000 0.000 0.000 0.001 0.002 0.003 0.005 0.006 0.007 0.008 0.009 0.013 0.008 0.010 0.008 0.009 0.024 0.065 0.101 0.137 0.172 0.206 0.235 0.260 0.285 0.310 0.335 0.360 0.361 0.433 0.469 0.505 0.522 0.525 0.527 0.530 0.532 0.535 0.537 0.540 0.543 0.551 0.559 0.567 0.568 0.583 0.591 0.599 0.607 0.615 0.623 0.631 0.635 0.634 0.681 0.744
0.020 0.014 0.014 0.015 0.016 0.019 0.027 0.046 0.059 0.045 0.031 0.018 0.013 0.011 0.009 0.008 0.007 0.010 0.002 0.002 0.001 0.001 0.000 0.001 0.002 0.003 0.005 0.007 0.009 0.010 0.012 0.014 0.018 0.013 0.015 0.013 0.024 0.065 0.102 0.138 0.173 0.208 0.242 0.276 0.311 0.338 0.363 0.387 0.412 0.413 0.484 0.520 0.523 0.526 0.528 0.531 0.533 0.536 0.539 0.541 0.544 0.547 0.555 0.563 0.571 0.571 0.587 0.595 0.603 0.610 0.619 0.626 0.634 0.650 0.725 0.791 0.854
0.014 0.009 0.009 0.010 0.011 0.012 0.020 0.039 0.052 0.038 0.024 0.012 0.008 0.006 0.005 0.005 0.004 0.005 0.000 0.000 0.000 0.000 0.000 0.000 0.001 0.001 0.002 0.003 0.004 0.005 0.007 0.008 0.011 0.007 0.009 0.008 0.026 0.067 0.103 0.139 0.174 0.208 0.243 0.277 0.311 0.338 0.363 0.388 0.413 0.413 0.485 0.521 0.523 0.526 0.529 0.531 0.534 0.536 0.539 0.541 0.544 0.547 0.555 0.563 0.571 0.572 0.587 0.595 0.603 0.611 0.619 0.627 0.635 0.651 0.725 0.791 0.854
0.013 0.009 0.009 0.009 0.010 0.013 0.028 0.052 0.064 0.050 0.033 0.015 0.008 0.006 0.005 0.004 0.003 0.005 0.001 0.000 0.000 0.000 0.000 0.000 0.000 0.001 0.002 0.003 0.004 0.005 0.006 0.008 0.011 0.007 0.012 0.029 0.070 0.106 0.141 0.176 0.210 0.244 0.279 0.313 0.347 0.381 0.415 0.440 0.465 0.465 0.522 0.525 0.527 0.530 0.532 0.535 0.538 0.540 0.543 0.545 0.548 0.551 0.559 0.567 0.575 0.575 0.591 0.599 0.607 0.615 0.623 0.630 0.672 0.751 0.827 0.894 0.960
0.011 0.007 0.008 0.008 0.010 0.025 0.052 0.075 0.086 0.072 0.056 0.039 0.015 0.005 0.004 0.003 0.002 0.004 0.000 0.000 0.000 0.000 0.000 0.000 0.000 0.000 0.001 0.002 0.003 0.004 0.006 0.011 0.023 0.026 0.056 0.072 0.108 0.143 0.177 0.212 0.246 0.280 0.314 0.348 0.382 0.416 0.450 0.484 0.517 0.517 0.526 0.529 0.531 0.534 0.536 0.539 0.542 0.544 0.547 0.549 0.552 0.555 0.563 0.570 0.578 0.579 0.594 0.602 0.610 0.618 0.626 0.693 0.772 0.852 0.928 0.995 1.062
0.013 0.009 0.009 0.019 0.051 0.075 0.098 0.120 0.129 0.115 0.101 0.086 0.070 0.053 0.026 0.006 0.003 0.004 0.000 0.000 0.000 0.000 0.000 0.000 0.001 0.001 0.007 0.027 0.050 0.066 0.080 0.092 0.105 0.106 0.130 0.145 0.180 0.214 0.249 0.283 0.317 0.351 0.385 0.419 0.453 0.487 0.510 0.532 0.554 0.554 0.548 0.544 0.540 0.542 0.544 0.547 0.549 0.552 0.554 0.557 0.560 0.562 0.569 0.577 0.585 0.586 0.601 0.609 0.655 0.734 0.814 0.893 0.973 1.052 1.131 1.198 1.265
