includes/lisflood/camargue/results_R3_t1.561737397084E12/res-0002.wdfp
ncols         906
nrows         631
xllcorner     362177.146667
yllcorner     6534725.688020
cellsize      20.000000
NODATA_value  -9999.000000
[rows 476 to 509 of 631, columns 77 to 153 of 906]
9.126 8.794 8.463 8.105 7.571 7.038 6.504 5.971 5.438 4.905 4.372 3.908 3.908 3.970 4.150 4.153 4.076 4.000 3.923 3.847 2.883 2.893 2.774 2.754 2.454 2.144 1.914 1.044 1.044 0.434 0.213 0.173 0.243 0.654 1.174 1.484 1.844 2.134 2.323 2.523 2.334 2.494 2.644 2.940 2.940 3.088 3.235 3.383 3.531 3.814 4.012 4.092 4.097 4.101 4.106 4.111 4.116 4.121 4.080 4.023 4.023 3.927 3.922 3.918 3.913 3.909 3.899 3.878 3.857 3.835 3.814 3.793 3.772 3.753 3.747 3.750 3.750
8.611 8.279 7.948 7.616 7.158 6.624 6.091 5.558 5.024 4.640 4.408 3.945 3.945 4.034 4.214 4.396 4.446 4.370 4.293 4.217 4.140 4.063 3.987 3.919 3.872 2.783 2.493 1.654 1.654 1.414 1.224 1.443 1.584 1.954 2.204 2.404 2.754 2.797 2.910 3.058 3.218 3.373 3.521 3.817 3.817 3.964 4.112 4.232 4.215 4.195 4.180 4.185 4.190 4.195 4.200 4.205 4.209 4.206 4.150 4.093 4.092 3.979 3.945 3.941 3.936 3.932 3.916 3.895 3.874 3.853 3.832 3.811 3.789 3.768 3.751 3.761 3.760
7.581 7.249 6.918 6.586 6.255 5.798 5.408 5.176 4.945 4.713 4.481 4.018 4.018 4.162 4.343 4.524 4.704 4.885 5.033 4.956 4.880 4.803 4.726 4.678 4.631 4.583 4.536 4.442 4.442 4.394 4.244 3.963 4.077 4.191 4.305 4.419 4.533 4.599 4.614 4.628 4.630 4.614 4.597 4.564 4.564 4.548 4.531 4.515 4.495 4.459 4.422 4.386 4.377 4.382 4.387 4.392 4.396 4.346 4.289 4.232 4.232 4.119 4.062 4.005 3.982 3.972 3.951 3.930 3.909 3.900 3.899 3.898 3.897 3.896 3.905 3.928 3.928
7.278 6.983 6.687 6.392 6.097 5.731 5.445 5.213 4.981 4.750 4.518 4.054 4.055 4.225 4.407 4.588 4.768 4.949 5.130 5.311 5.249 5.173 5.105 5.057 5.010 4.963 4.916 4.821 4.821 4.774 4.681 4.663 4.678 4.693 4.707 4.722 4.737 4.752 4.766 4.781 4.768 4.755 4.738 4.706 4.705 4.689 4.672 4.656 4.627 4.591 4.555 4.518 4.482 4.476 4.481 4.485 4.473 4.416 4.359 4.302 4.302 4.189 4.132 4.075 4.018 3.996 3.995 3.994 3.993 3.992 3.991 3.990 3.989 3.988 4.006 4.029 4.029
7.659 7.364 7.068 6.773 6.478 6.064 5.617 5.250 5.018 4.786 4.555 4.108 4.108 4.289 4.470 4.651 4.832 5.013 5.194 5.375 5.555 5.542 5.484 5.437 5.390 5.315 5.191 4.943 4.943 4.819 4.699 4.780 4.831 4.845 4.860 4.875 4.889 4.904 4.919 4.919 4.906 4.893 4.880 4.847 4.847 4.830 4.814 4.795 4.759 4.723 4.686 4.650 4.614 4.578 4.574 4.579 4.542 4.486 4.429 4.372 4.372 4.262 4.225 4.189 4.152 4.096 4.088 4.087 4.086 4.085 4.084 4.083 4.082 4.084 4.107 4.130 4.130
8.040 7.745 7.449 7.154 6.845 6.397 5.950 5.502 5.054 4.823 4.591 4.172 4.172 4.353 4.534 4.715 4.896 5.077 5.258 5.439 5.619 5.761 5.702 5.578 5.453 5.329 5.205 4.957 4.957 4.833 4.793 4.873 4.954 4.998 5.013 5.027 5.042 5.057 5.070 5.057 5.044 5.031 5.018 4.988 4.988 4.971 4.955 4.927 4.891 4.855 4.818 4.782 4.746 4.709 4.673 4.669 4.612 4.555 4.518 4.482 4.482 4.409 4.372 4.336 4.292 4.235 4.181 4.180 4.179 4.178 4.177 4.176 4.175 4.185 4.208 4.231 4.231
8.421 8.126 7.830 7.535 7.178 6.730 6.283 5.835 5.388 4.940 4.628 4.236 4.236 4.417 4.598 4.779 4.960 5.141 5.273 5.398 5.524 5.649 5.627 5.592 5.467 5.343 5.219 4.971 4.971 4.847 4.887 4.967 5.048 5.128 5.165 5.180 5.195 5.210 5.208 5.195 5.182 5.169 5.156 5.129 5.129 5.113 5.095 5.059 5.023 4.987 4.950 4.914 4.878 4.840 4.795 4.773 4.738 4.702 4.665 4.629 4.629 4.556 4.519 4.483 4.431 4.375 4.318 4.272 4.271 4.270 4.269 4.269 4.268 4.286 4.309 4.332 4.332
8.802 8.507 8.212 7.917 7.511 7.063 6.616 6.168 5.721 5.273 4.825 4.300 4.300 4.481 4.659 4.785 4.910 5.035 5.161 5.286 5.411 5.532 5.504 5.476 5.447 5.357 5.233 4.985 4.985 4.900 4.981 5.061 5.142 5.222 5.302 5.333 5.348 5.360 5.346 5.333 5.320 5.307 5.294 5.268 5.268 5.254 5.227 5.191 5.155 5.111 5.066 5.021 4.975 4.930 4.885 4.885 4.885 4.849 4.812 4.776 4.776 4.703 4.666 4.627 4.570 4.514 4.458 4.402 4.364 4.363 4.362 4.361 4.365 4.388 4.410 4.434 4.433
8.912 8.888 8.593 8.292 7.844 7.396 6.949 6.501 6.054 5.606 5.158 4.322 4.322 4.421 4.547 4.672 4.797 4.923 5.048 5.173 5.298 5.410 5.381 5.353 5.324 5.296 5.247 4.998 4.998 4.994 5.074 5.155 5.235 5.316 5.396 5.477 5.500 5.498 5.485 5.471 5.458 5.445 5.432 5.380 5.380 5.350 5.336 5.291 5.246 5.201 5.156 5.110 5.065 5.020 4.992 4.997 5.001 4.996 4.959 4.923 4.923 4.850 4.813 4.766 4.710 4.654 4.598 4.542 4.486 4.456 4.455 4.454 4.466 4.489 4.512 4.535 4.535
8.887 9.054 8.974 8.625 8.177 7.729 7.282 6.816 6.338 5.861 5.383 4.607 4.607 4.413 4.434 4.559 4.685 4.810 4.935 5.060 5.186 5.287 5.258 5.230 5.202 5.173 5.145 5.012 5.012 5.087 5.168 5.249 5.329 5.409 5.490 5.567 5.632 5.603 5.573 5.543 5.513 5.483 5.453 5.393 5.393 5.388 5.406 5.381 5.336 5.291 5.246 5.200 5.155 5.110 5.104 5.109 5.113 5.118 5.106 5.070 5.070 4.997 4.961 4.905 4.849 4.793 4.737 4.681 4.625 4.569 4.548 4.547 4.567 4.590 4.613 4.636 4.636
8.861 9.028 9.195 8.936 8.459 7.981 7.503 7.026 6.548 6.070 5.593 4.892 4.892 4.698 4.504 4.447 4.572 4.697 4.823 4.948 5.073 5.164 5.135 5.107 5.079 5.050 5.022 5.069 5.069 5.147 5.224 5.300 5.377 5.454 5.530 5.607 5.623 5.616 5.586 5.556 5.526 5.496 5.466 5.408 5.408 5.426 5.444 5.462 5.426 5.380 5.335 5.290 5.245 5.211 5.216 5.221 5.226 5.230 5.235 5.217 5.217 5.144 5.101 5.045 4.989 4.933 4.877 4.821 4.764 4.708 4.652 4.645 4.668 4.684 4.685 4.687 4.687
8.795 8.952 9.107 9.007 8.669 8.191 7.713 7.236 6.758 6.280 5.803 5.177 5.177 4.983 4.789 4.595 4.459 4.585 4.710 4.835 4.961 5.041 5.012 4.984 4.956 4.928 4.936 5.105 5.105 5.187 5.263 5.340 5.417 5.493 5.570 5.613 5.614 5.614 5.600 5.570 5.540 5.510 5.480 5.446 5.446 5.464 5.482 5.500 5.515 5.470 5.425 5.380 5.335 5.323 5.328 5.333 5.337 5.342 5.347 5.352 5.352 5.291 5.240 5.184 5.128 5.072 5.016 4.960 4.904 4.839 4.774 4.690 4.686 4.688 4.689 4.691 4.691
8.708 8.865 8.932 8.832 8.731 8.401 7.923 7.445 6.968 6.490 6.013 5.463 5.463 5.268 5.074 4.880 4.686 4.492 4.597 4.723 4.848 4.918 4.889 4.861 4.833 4.886 4.971 5.140 5.141 5.225 5.303 5.379 5.456 5.533 5.603 5.604 5.604 5.605 5.605 5.583 5.553 5.523 5.493 5.485 5.484 5.502 5.520 5.538 5.556 5.560 5.515 5.470 5.431 5.435 5.440 5.445 5.449 5.454 5.459 5.464 5.463 5.436 5.380 5.324 5.263 5.197 5.132 5.067 5.001 4.936 4.871 4.775 4.690 4.692 4.693 4.695 4.695
8.621 8.778 8.757 8.656 8.556 8.455 8.133 7.655 7.178 6.700 6.223 5.748 5.748 5.554 5.360 5.166 4.971 4.777 4.583 4.610 4.735 4.795 4.767 4.752 4.837 4.922 5.006 5.176 5.176 5.260 5.342 5.419 5.496 5.572 5.594 5.595 5.595 5.596 5.596 5.597 5.567 5.537 5.507 5.523 5.523 5.541 5.558 5.576 5.594 5.612 5.605 5.560 5.542 5.547 5.552 5.557 5.561 5.566 5.571 5.561 5.560 5.555 5.490 5.424 5.359 5.294 5.229 5.163 5.098 5.032 4.955 4.860 4.764 4.696 4.697 4.699 4.699
8.533 8.683 8.582 8.481 8.381 8.280 8.179 7.865 7.388 6.910 6.433 6.033 6.033 5.839 5.645 5.451 5.257 5.062 4.868 4.674 4.623 4.672 4.703 4.788 4.873 4.957 5.042 5.211 5.211 5.296 5.380 5.459 5.535 5.585 5.585 5.586 5.586 5.587 5.587 5.588 5.580 5.550 5.525 5.561 5.561 5.579 5.596 5.614 5.632 5.650 5.668 5.650 5.655 5.659 5.637 5.608 5.579 5.550 5.521 5.492 5.492 5.536 5.586 5.521 5.455 5.390 5.325 5.260 5.194 5.129 5.040 4.944 4.849 4.753 4.701 4.703 4.703
8.446 8.508 8.407 8.306 8.205 8.105 8.004 7.903 7.598 7.120 6.707 6.318 6.318 6.124 5.930 5.736 5.542 5.348 5.154 4.958 4.710 4.648 4.737 4.823 4.908 4.992 5.077 5.247 5.247 5.331 5.416 5.498 5.575 5.575 5.576 5.577 5.577 5.578 5.578 5.578 5.579 5.564 5.564 5.599 5.599 5.617 5.635 5.648 5.656 5.665 5.673 5.658 5.626 5.598 5.569 5.540 5.511 5.482 5.453 5.424 5.424 5.515 5.594 5.617 5.552 5.487 5.421 5.356 5.291 5.220 5.125 5.029 4.933 4.837 4.742 4.707 4.707
8.446 8.508 8.407 8.306 8.205 8.105 8.004 7.903 7.597 7.120 6.707 6.318 6.318 6.124 5.930 5.736 5.542 5.348 5.153 4.958 4.710 4.648 4.737 4.823 4.908 4.992 5.077 5.246 5.246 5.331 5.416 5.498 5.575 5.575 5.576 5.576 5.577 5.578 5.578 5.578 5.579 5.564 5.563 5.599 5.599 5.617 5.635 5.648 5.656 5.665 5.673 5.658 5.626 5.597 5.569 5.540 5.511 5.482 5.453 5.424 5.424 5.515 5.594 5.617 5.552 5.487 5.421 5.356 5.291 5.220 5.124 5.029 4.933 4.837 4.742 4.707 4.707
8.359 8.333 8.232 8.131 8.031 7.930 7.829 7.728 7.627 7.330 6.992 6.604 6.604 6.409 6.194 5.945 5.697 5.449 5.201 4.953 4.736 4.689 4.746 4.834 4.922 5.010 5.098 5.274 5.274 5.362 5.450 5.536 5.566 5.566 5.567 5.567 5.567 5.567 5.566 5.566 5.566 5.565 5.571 5.588 5.588 5.596 5.605 5.613 5.621 5.630 5.638 5.599 5.558 5.529 5.500 5.471 5.443 5.414 5.385 5.356 5.356 5.493 5.572 5.651 5.648 5.583 5.518 5.452 5.387 5.305 5.209 5.113 5.018 4.922 4.827 4.731 4.731
8.084 7.983 7.882 7.798 7.725 7.653 7.580 7.508 7.435 7.344 7.155 6.678 6.679 6.430 6.182 5.934 5.686 5.437 5.189 4.966 4.919 4.872 4.825 4.852 4.940 5.028 5.116 5.292 5.292 5.380 5.469 5.490 5.509 5.519 5.519 5.519 5.518 5.518 5.518 5.518 5.517 5.513 5.510 5.518 5.518 5.527 5.535 5.543 5.551 5.560 5.522 5.482 5.441 5.400 5.364 5.335 5.306 5.278 5.249 5.291 5.291 5.450 5.529 5.608 5.687 5.766 5.710 5.645 5.570 5.474 5.378 5.283 5.187 5.092 4.996 4.900 4.900
8.003 7.930 7.857 7.785 7.712 7.640 7.567 7.495 7.422 7.287 7.098 6.673 6.673 6.425 6.176 5.928 5.680 5.432 5.183 5.057 5.011 4.964 4.917 4.870 4.949 5.037 5.125 5.301 5.301 5.389 5.435 5.454 5.473 5.492 5.495 5.495 5.494 5.494 5.494 5.494 5.491 5.487 5.484 5.483 5.483 5.492 5.500 5.508 5.516 5.504 5.464 5.423 5.382 5.341 5.301 5.267 5.238 5.209 5.190 5.269 5.269 5.428 5.507 5.586 5.665 5.745 5.807 5.741 5.654 5.559 5.463 5.367 5.272 5.170 5.049 4.928 4.928
7.930 7.917 7.844 7.772 7.699 7.627 7.554 7.482 7.409 7.230 7.041 6.662 6.662 6.419 6.171 5.922 5.674 5.426 5.196 5.149 5.102 5.055 5.008 4.961 4.958 5.046 5.134 5.310 5.310 5.379 5.398 5.417 5.436 5.455 5.471 5.470 5.470 5.470 5.470 5.468 5.465 5.461 5.457 5.450 5.450 5.457 5.465 5.473 5.482 5.445 5.405 5.364 5.323 5.282 5.242 5.201 5.170 5.141 5.169 5.248 5.248 5.406 5.485 5.565 5.644 5.723 5.802 5.834 5.729 5.608 5.487 5.366 5.245 5.124 5.003 4.882 4.882
7.850 7.850 7.831 7.759 7.686 7.614 7.541 7.468 7.362 7.173 6.983 6.605 6.605 6.413 6.165 5.917 5.668 5.420 5.287 5.240 5.193 5.146 5.100 5.053 5.006 5.055 5.143 5.320 5.320 5.342 5.361 5.381 5.400 5.419 5.438 5.446 5.446 5.446 5.446 5.442 5.439 5.435 5.431 5.424 5.424 5.422 5.430 5.438 5.427 5.387 5.346 5.305 5.264 5.224 5.183 5.142 5.102 5.073 5.147 5.226 5.226 5.385 5.462 5.529 5.596 5.662 5.729 5.751 5.683 5.563 5.442 5.321 5.200 5.079 4.958 4.837 4.837
7.769 7.769 7.769 7.746 7.673 7.600 7.528 7.455 7.305 7.116 6.926 6.548 6.548 6.358 6.159 5.911 5.662 5.425 5.379 5.332 5.285 5.238 5.191 5.144 5.097 5.064 5.152 5.287 5.287 5.306 5.325 5.344 5.363 5.382 5.401 5.420 5.422 5.422 5.420 5.416 5.413 5.409 5.405 5.398 5.398 5.394 5.395 5.403 5.368 5.328 5.287 5.246 5.206 5.165 5.124 5.084 5.043 5.034 5.101 5.168 5.168 5.301 5.368 5.435 5.502 5.569 5.635 5.622 5.605 5.517 5.396 5.275 5.154 5.033 4.912 4.791 4.791
7.688 7.688 7.688 7.688 7.660 7.587 7.515 7.437 7.248 7.058 6.869 6.490 6.491 6.301 6.112 5.905 5.657 5.517 5.470 5.423 5.376 5.329 5.283 5.236 5.189 5.142 5.161 5.250 5.250 5.270 5.289 5.308 5.327 5.346 5.365 5.384 5.398 5.398 5.394 5.390 5.387 5.383 5.379 5.372 5.372 5.368 5.364 5.350 5.309 5.267 5.224 5.182 5.139 5.096 5.054 5.011 4.968 4.970 5.007 5.074 5.074 5.208 5.274 5.341 5.408 5.475 5.510 5.493 5.475 5.458 5.350 5.230 5.109 4.988 4.867 4.746 4.746
7.607 7.607 7.607 7.608 7.608 7.574 7.501 7.380 7.191 7.001 6.812 6.433 6.433 6.244 6.055 5.865 5.655 5.608 5.562 5.515 5.468 5.421 5.374 5.327 5.280 5.233 5.182 5.215 5.215 5.234 5.253 5.272 5.291 5.311 5.330 5.349 5.368 5.372 5.368 5.364 5.360 5.356 5.352 5.344 5.344 5.340 5.336 5.280 5.236 5.193 5.150 5.107 5.065 5.022 4.979 4.936 4.910 4.920 4.931 4.980 4.980 5.113 5.180 5.247 5.314 5.381 5.381 5.363 5.346 5.328 5.305 5.184 5.063 4.942 4.821 4.725 4.725
7.526 7.526 7.527 7.527 7.527 7.527 7.488 7.323 7.134 6.944 6.755 6.403 6.403 6.230 6.056 5.883 5.697 5.598 5.547 5.496 5.444 5.393 5.342 5.290 5.239 5.188 5.170 5.206 5.206 5.225 5.244 5.263 5.282 5.301 5.321 5.340 5.352 5.343 5.339 5.335 5.331 5.327 5.324 5.316 5.315 5.312 5.284 5.221 5.161 5.118 5.076 5.033 4.990 4.948 4.905 4.862 4.860 4.870 4.881 4.891 4.891 5.019 5.086 5.153 5.220 5.269 5.252 5.234 5.217 5.199 5.181 5.138 5.018 4.897 4.776 4.719 4.719
7.445 7.446 7.446 7.446 7.455 7.471 7.473 7.338 7.164 6.991 6.818 6.471 6.471 6.298 6.125 5.951 5.752 5.553 5.501 5.450 5.398 5.347 5.296 5.245 5.193 5.148 5.163 5.196 5.196 5.216 5.235 5.254 5.273 5.292 5.311 5.331 5.326 5.318 5.310 5.306 5.303 5.299 5.295 5.287 5.287 5.283 5.225 5.162 5.099 5.044 5.001 4.959 4.916 4.873 4.831 4.801 4.811 4.821 4.831 4.841 4.841 4.925 4.992 5.059 5.126 5.140 5.122 5.105 5.087 5.070 5.052 5.034 4.972 4.851 4.732 4.713 4.713
7.401 7.418 7.434 7.450 7.467 7.483 7.454 7.383 7.233 7.059 6.886 6.539 6.540 6.366 6.193 6.008 5.808 5.609 5.456 5.404 5.353 5.302 5.250 5.199 5.148 5.142 5.157 5.187 5.187 5.206 5.226 5.245 5.264 5.283 5.302 5.309 5.301 5.292 5.284 5.278 5.274 5.270 5.266 5.258 5.258 5.229 5.166 5.103 5.040 4.977 4.927 4.885 4.842 4.799 4.757 4.751 4.761 4.771 4.781 4.792 4.791 4.831 4.898 4.965 5.028 5.010 4.993 4.975 4.958 4.940 4.923 4.905 4.888 4.806 4.726 4.707 4.707
7.413 7.429 7.446 7.462 7.478 7.495 7.435 7.364 7.293 7.128 6.954 6.608 6.608 6.435 6.261 6.063 5.864 5.665 5.465 5.359 5.307 5.256 5.205 5.153 5.120 5.135 5.150 5.180 5.180 5.197 5.216 5.235 5.255 5.274 5.292 5.284 5.275 5.266 5.258 5.249 5.245 5.241 5.237 5.229 5.229 5.170 5.106 5.044 4.980 4.918 4.854 4.810 4.768 4.725 4.691 4.701 4.711 4.721 4.732 4.742 4.742 4.762 4.804 4.871 4.898 4.881 4.863 4.846 4.828 4.811 4.793 4.776 4.758 4.741 4.721 4.704 4.704
7.425 7.441 7.457 7.474 7.490 7.488 7.416 7.345 7.274 7.196 7.023 6.676 6.676 6.503 6.319 6.119 5.920 5.720 5.521 5.321 5.262 5.210 5.159 5.108 5.113 5.128 5.143 5.174 5.173 5.188 5.207 5.226 5.245 5.264 5.267 5.258 5.249 5.241 5.232 5.224 5.216 5.212 5.208 5.173 5.173 5.110 5.047 4.984 4.921 4.858 4.795 4.736 4.694 4.651 4.641 4.651 4.662 4.672 4.682 4.692 4.692 4.712 4.723 4.777 4.769 4.751 4.734 4.716 4.713 4.716 4.718 4.721 4.723 4.725 4.724 4.707 4.707
7.437 7.453 7.469 7.486 7.502 7.469 7.398 7.327 7.256 7.185 7.091 6.745 6.745 6.571 6.374 6.175 5.975 5.776 5.577 5.377 5.216 5.165 5.113 5.091 5.106 5.122 5.137 5.167 5.167 5.182 5.198 5.217 5.236 5.250 5.241 5.232 5.224 5.215 5.207 5.198 5.189 5.183 5.180 5.114 5.114 5.051 4.988 4.925 4.862 4.799 4.736 4.673 4.619 4.582 4.592 4.602 4.612 4.622 4.632 4.642 4.642 4.664 4.680 4.693 4.695 4.697 4.700 4.702 4.705 4.707 4.709 4.712 4.714 4.715 4.714 4.711 4.711
7.460 7.465 7.481 7.497 7.514 7.450 7.379 7.308 7.237 7.166 7.095 6.813 6.813 6.630 6.430 6.231 6.031 5.832 5.632 5.433 5.233 5.119 5.069 5.084 5.100 5.115 5.130 5.160 5.160 5.175 5.190 5.208 5.227 5.224 5.216 5.207 5.198 5.190 5.181 5.172 5.164 5.155 5.151 5.055 5.054 4.992 4.929 4.866 4.803 4.739 4.677 4.614 4.551 4.532 4.546 4.562 4.578 4.593 4.609 4.625 4.625 4.657 4.673 4.681 4.686 4.688 4.691 4.693 4.696 4.698 4.700 4.703 4.705 4.705 4.704 4.704 4.704
7.460 7.465 7.481 7.497 7.514 7.450 7.379 7.308 7.237 7.166 7.095 6.813 6.813 6.630 6.430 6.231 6.031 5.832 5.632 5.433 5.233 5.119 5.069 5.085 5.100 5.115 5.130 5.160 5.160 5.175 5.190 5.208 5.227 5.224 5.216 5.207 5.198 5.190 5.181 5.172 5.164 5.155 5.151 5.055 5.054 4.991 4.928 4.866 4.802 4.739 4.676 4.614 4.551 4.531 4.545 4.562 4.578 4.593 4.609 4.625 4.625 4.657 4.673 4.681 4.686 4.688 4.691 4.693 4.696 4.698 4.701 4.703 4.705 4.705 4.704 4.704 4.704
7.573 7.485 7.493 7.509 7.502 7.431 7.360 7.289 7.218 7.147 7.076 6.881 6.881 6.685 6.486 6.286 6.087 5.887 5.688 5.489 5.289 5.090 5.063 5.078 5.093 5.108 5.123 5.153 5.153 5.168 5.184 5.199 5.207 5.199 5.190 5.182 5.173 5.164 5.156 5.147 5.138 5.130 5.121 4.995 4.995 4.934 4.872 4.811 4.749 4.687 4.625 4.564 4.504 4.522 4.539 4.555 4.571 4.587 4.602 4.618 4.618 4.650 4.664 4.670 4.676 4.680 4.682 4.684 4.687 4.689 4.692 4.694 4.695 4.695 4.694 4.694 4.694
