includes/lisflood/camargue/results_R3_t1.561737397084E12/res-0007.wd
ncols         906
nrows         631
xllcorner     362177.146667
yllcorner     6534725.688020
cellsize      20.000000
NODATA_value  -9999.000000
[rows 510 to 543 of 631, columns 77 to 153 of 906]
6.922 6.834 6.746 6.757 6.720 6.648 6.577 6.506 6.435 6.364 6.291 6.115 6.115 5.922 5.719 5.517 5.315 5.112 4.910 4.707 4.505 4.361 4.392 4.404 4.416 4.428 4.440 4.463 4.464 4.475 4.487 4.498 4.393 4.384 4.374 4.365 4.355 4.346 4.336 4.327 4.317 4.308 4.291 4.187 4.187 4.125 4.064 4.003 3.941 3.880 3.819 3.757 3.736 3.754 3.772 3.788 3.804 3.820 3.836 3.853 3.853 3.885 3.894 3.900 3.905 3.911 3.915 3.917 3.920 3.922 3.925 3.928 3.928 3.927 3.927 3.926 3.926
7.109 6.995 6.880 6.769 6.672 6.597 6.524 6.451 6.378 6.305 6.232 5.973 5.973 5.811 5.629 5.427 5.225 5.022 4.820 4.617 4.541 4.581 4.621 4.656 4.668 4.679 4.691 4.715 4.715 4.727 4.674 4.521 4.368 4.247 4.237 4.228 4.218 4.209 4.199 4.189 4.180 4.163 4.140 4.094 4.094 4.032 3.971 3.910 3.848 3.787 3.726 3.702 3.720 3.738 3.756 3.774 3.791 3.807 3.823 3.839 3.839 3.865 3.871 3.877 3.883 3.888 3.894 3.899 3.902 3.905 3.907 3.908 3.907 3.907 3.906 3.906 3.906
7.102 6.988 6.874 6.765 6.669 6.573 6.494 6.422 6.349 6.276 6.203 5.902 5.902 5.740 5.578 5.382 5.180 4.977 4.775 4.610 4.651 4.691 4.731 4.771 4.793 4.805 4.817 4.841 4.841 4.839 4.686 4.533 4.380 4.226 4.169 4.159 4.150 4.140 4.130 4.121 4.110 4.087 4.065 4.020 4.020 3.986 3.925 3.863 3.802 3.741 3.679 3.694 3.712 3.730 3.748 3.766 3.784 3.800 3.816 3.832 3.832 3.854 3.860 3.865 3.871 3.877 3.883 3.888 3.893 3.896 3.898 3.898 3.897 3.897 3.896 3.896 3.896
7.096 6.981 6.867 6.762 6.666 6.569 6.473 6.392 6.319 6.246 6.154 5.831 5.831 5.669 5.507 5.337 5.135 4.932 4.730 4.720 4.761 4.801 4.841 4.881 4.919 4.931 4.943 4.967 4.967 4.851 4.698 4.545 4.391 4.238 4.100 4.091 4.081 4.072 4.062 4.053 4.035 4.012 3.990 3.945 3.945 3.923 3.878 3.817 3.755 3.694 3.667 3.685 3.704 3.722 3.740 3.758 3.776 3.793 3.809 3.825 3.826 3.842 3.848 3.854 3.860 3.865 3.871 3.877 3.883 3.887 3.888 3.887 3.887 3.886 3.886 3.899 3.899
7.089 6.974 6.860 6.758 6.662 6.566 6.470 6.373 6.290 6.217 6.083 5.760 5.760 5.598 5.436 5.274 5.090 4.887 4.790 4.830 4.871 4.911 4.951 4.991 5.031 5.057 5.069 5.016 5.016 4.863 4.710 4.556 4.403 4.250 4.097 4.022 4.013 4.003 3.993 3.982 3.959 3.937 3.914 3.870 3.870 3.847 3.825 3.770 3.709 3.648 3.659 3.677 3.695 3.713 3.731 3.749 3.767 3.785 3.803 3.819 3.819 3.831 3.837 3.843 3.848 3.854 3.860 3.865 3.871 3.882 3.913 3.941 3.969 3.996 4.024 4.052 4.052
7.082 6.968 6.853 6.755 6.659 6.562 6.466 6.370 6.274 6.174 6.012 5.689 5.689 5.527 5.365 5.203 5.041 4.860 4.900 4.940 4.981 5.021 5.061 5.101 5.141 5.181 5.194 5.028 5.028 4.875 4.721 4.568 4.415 4.262 4.108 3.955 3.944 3.934 3.925 3.906 3.884 3.862 3.839 3.794 3.795 3.772 3.750 3.724 3.663 3.633 3.651 3.669 3.687 3.705 3.723 3.741 3.759 3.777 3.795 3.808 3.808 3.824 3.843 3.862 3.880 3.899 3.918 3.936 3.955 3.991 4.066 4.094 4.122 4.149 4.177 4.205 4.205
7.075 6.961 6.848 6.751 6.655 6.559 6.463 6.366 6.278 6.193 6.028 5.690 5.690 5.521 5.351 5.182 5.013 4.872 4.939 5.006 5.073 5.131 5.171 5.211 5.251 5.291 5.320 5.040 5.040 4.886 4.733 4.580 4.427 4.273 4.120 3.967 3.876 3.866 3.853 3.831 3.809 3.786 3.764 3.719 3.719 3.697 3.675 3.652 3.616 3.625 3.643 3.661 3.684 3.714 3.744 3.775 3.805 3.835 3.865 3.878 3.879 3.915 3.934 3.953 3.971 3.990 4.009 4.027 4.046 4.107 4.182 4.247 4.275 4.302 4.330 4.358 4.358
7.068 6.954 6.844 6.748 6.652 6.555 6.463 6.379 6.294 6.210 6.072 5.734 5.734 5.565 5.396 5.227 4.987 4.703 4.724 4.791 4.858 4.925 4.992 5.059 5.126 5.193 5.237 5.001 5.001 4.877 4.745 4.592 4.438 4.285 4.132 3.979 3.826 3.798 3.778 3.756 3.733 3.711 3.689 3.642 3.642 3.611 3.581 3.550 3.599 3.700 3.730 3.760 3.791 3.821 3.851 3.882 3.912 3.942 3.965 3.976 3.976 4.007 4.025 4.044 4.063 4.081 4.100 4.119 4.148 4.223 4.298 4.372 4.428 4.455 4.483 4.511 4.511
7.062 6.947 6.841 6.744 6.649 6.564 6.480 6.395 6.311 6.226 6.117 5.779 5.779 5.610 5.441 5.220 4.936 4.651 4.509 4.576 4.643 4.710 4.777 4.844 4.911 4.962 4.993 4.818 4.818 4.694 4.569 4.444 4.320 4.195 4.070 3.945 3.821 3.724 3.693 3.663 3.632 3.602 3.572 3.511 3.511 3.480 3.450 3.419 3.572 3.782 3.837 3.867 3.898 3.928 3.958 3.989 4.019 4.049 4.063 4.073 4.073 4.098 4.116 4.135 4.154 4.172 4.191 4.210 4.264 4.339 4.414 4.488 4.563 4.608 4.636 4.664 4.664
7.195 6.940 6.837 6.750 6.665 6.581 6.496 6.412 6.327 6.243 6.158 5.823 5.823 5.654 5.454 5.169 4.884 4.600 4.315 4.361 4.428 4.495 4.562 4.629 4.687 4.718 4.748 4.636 4.636 4.511 4.386 4.261 4.137 4.012 3.887 3.763 3.667 3.613 3.562 3.532 3.501 3.471 3.441 3.380 3.380 3.349 3.319 3.335 3.545 3.754 3.944 3.974 4.005 4.035 4.065 4.096 4.126 4.150 4.160 4.170 4.170 4.190 4.207 4.226 4.245 4.263 4.282 4.306 4.380 4.455 4.530 4.604 4.679 4.754 4.789 4.817 4.817
7.485 7.223 6.864 6.766 6.682 6.597 6.513 6.428 6.344 6.259 6.175 5.868 5.868 5.687 5.402 5.118 4.833 4.549 4.264 4.146 4.213 4.280 4.347 4.412 4.442 4.473 4.503 4.453 4.453 4.328 4.203 4.079 3.954 3.829 3.705 3.618 3.566 3.511 3.453 3.401 3.371 3.340 3.310 3.249 3.249 3.218 3.188 3.308 3.518 3.727 3.937 4.081 4.112 4.142 4.172 4.203 4.233 4.247 4.257 4.267 4.267 4.288 4.299 4.317 4.336 4.355 4.373 4.422 4.496 4.571 4.646 4.721 4.795 4.870 4.942 4.970 4.970
8.026 7.541 6.931 6.833 6.735 6.637 6.539 6.445 6.360 6.276 6.191 5.913 5.913 5.635 5.351 5.066 4.782 4.497 4.213 3.931 3.998 4.065 4.132 4.167 4.198 4.228 4.258 4.270 4.270 4.145 4.020 3.896 3.771 3.646 3.569 3.517 3.464 3.410 3.351 3.292 3.240 3.209 3.179 3.118 3.118 3.087 3.071 3.281 3.490 3.700 3.910 4.119 4.219 4.249 4.279 4.310 4.334 4.344 4.354 4.365 4.365 4.385 4.395 4.408 4.427 4.446 4.464 4.538 4.612 4.687 4.762 4.837 4.911 4.986 5.061 5.123 5.123
8.501 7.849 7.198 6.900 6.802 6.704 6.606 6.508 6.410 6.312 6.214 5.868 5.868 5.584 5.299 5.015 4.730 4.446 4.161 3.877 3.783 3.850 3.892 3.922 3.953 3.983 4.014 4.074 4.074 3.962 3.838 3.713 3.588 3.519 3.467 3.415 3.363 3.308 3.249 3.190 3.132 3.078 3.048 2.987 2.987 2.956 3.044 3.254 3.463 3.673 3.882 4.092 4.301 4.356 4.386 4.417 4.431 4.441 4.452 4.462 4.462 4.482 4.492 4.502 4.518 4.537 4.579 4.654 4.729 4.803 4.878 4.953 5.027 5.102 5.177 5.252 5.252
8.809 8.158 7.506 6.967 6.869 6.771 6.673 6.575 6.477 6.379 6.281 5.903 5.903 5.601 5.299 4.997 4.695 4.394 4.110 3.825 3.568 3.617 3.647 3.678 3.708 3.738 3.769 3.830 3.830 3.779 3.655 3.530 3.470 3.418 3.366 3.313 3.261 3.206 3.147 3.089 3.030 2.971 2.917 2.856 2.856 2.826 3.017 3.226 3.436 3.646 3.855 4.065 4.274 4.463 4.493 4.518 4.528 4.539 4.549 4.559 4.559 4.579 4.590 4.600 4.610 4.628 4.695 4.770 4.845 4.919 4.994 5.069 5.146 5.265 5.384 5.503 5.503
8.809 8.158 7.506 6.967 6.869 6.771 6.673 6.575 6.477 6.379 6.281 5.903 5.903 5.601 5.299 4.997 4.695 4.395 4.110 3.826 3.568 3.617 3.648 3.678 3.708 3.739 3.769 3.830 3.830 3.779 3.655 3.530 3.470 3.418 3.366 3.314 3.261 3.206 3.148 3.089 3.030 2.971 2.917 2.856 2.856 2.826 3.017 3.226 3.436 3.646 3.855 4.065 4.274 4.463 4.493 4.518 4.528 4.539 4.549 4.559 4.559 4.579 4.590 4.600 4.610 4.628 4.695 4.770 4.845 4.919 4.994 5.069 5.146 5.265 5.384 5.503 5.503
9.117 8.466 7.814 7.162 6.936 6.838 6.740 6.642 6.544 6.446 6.315 5.974 5.974 5.672 5.370 5.068 4.766 4.464 4.161 3.859 3.577 3.484 3.476 3.469 3.463 3.494 3.524 3.585 3.585 3.597 3.473 3.420 3.368 3.316 3.264 3.212 3.160 3.105 3.046 2.987 2.928 2.870 2.811 2.725 2.725 2.780 2.990 3.199 3.409 3.618 3.828 4.037 4.247 4.456 4.600 4.615 4.625 4.636 4.646 4.656 4.656 4.677 4.687 4.697 4.715 4.778 4.897 5.016 5.135 5.254 5.373 5.492 5.611 5.730 5.849 5.968 5.968
9.425 8.774 8.122 7.470 7.003 6.905 6.807 6.709 6.611 6.488 6.327 6.004 6.004 5.743 5.441 5.138 4.836 4.534 4.232 3.937 3.702 3.509 3.502 3.494 3.487 3.479 3.472 3.457 3.457 3.451 3.381 3.319 3.267 3.215 3.163 3.110 3.058 3.003 2.944 2.886 2.827 2.768 2.709 2.594 2.594 2.753 2.962 3.173 3.404 3.635 3.865 4.096 4.327 4.557 4.756 4.808 4.827 4.846 4.865 4.884 4.884 4.922 4.941 4.960 4.979 5.193 5.362 5.481 5.600 5.719 5.838 5.957 6.076 6.195 6.314 6.434 6.434
10.041 9.390 8.738 8.086 7.434 7.039 6.941 6.834 6.672 6.511 6.349 6.026 6.026 5.864 5.582 5.279 4.977 4.675 4.422 4.187 3.952 3.717 3.552 3.545 3.537 3.530 3.522 3.527 3.527 3.548 3.569 3.472 3.368 3.264 3.161 3.057 2.953 2.985 3.002 3.019 3.036 3.054 3.071 3.171 3.171 3.274 3.463 3.694 3.925 4.155 4.386 4.617 4.847 5.032 5.156 5.279 5.356 5.375 5.394 5.413 5.413 5.451 5.470 5.501 5.736 5.971 6.206 6.411 6.530 6.649 6.768 6.887 7.006 7.125 7.244 7.382 7.382
10.349 9.697 9.046 8.394 7.742 7.106 7.006 6.845 6.683 6.522 6.360 6.037 6.037 5.876 5.652 5.350 5.048 4.783 4.548 4.313 4.078 3.843 3.607 3.570 3.562 3.555 3.547 3.575 3.575 3.596 3.617 3.569 3.465 3.361 3.258 3.154 3.160 3.260 3.306 3.323 3.340 3.357 3.374 3.517 3.517 3.620 3.723 3.954 4.185 4.415 4.646 4.877 5.107 5.232 5.355 5.479 5.602 5.639 5.658 5.678 5.678 5.715 5.734 5.890 6.125 6.360 6.595 6.830 6.995 7.114 7.233 7.352 7.471 7.590 7.714 7.856 7.856
10.848 10.171 9.494 8.817 8.140 7.464 7.090 6.856 6.695 6.533 6.372 6.048 6.048 5.887 5.723 5.420 5.143 4.908 4.673 4.438 4.203 3.968 3.733 3.595 3.588 3.580 3.582 3.624 3.624 3.645 3.666 3.666 3.562 3.459 3.355 3.311 3.412 3.512 3.609 3.627 3.644 3.661 3.678 3.863 3.863 3.966 4.068 4.214 4.445 4.676 4.906 5.137 5.308 5.432 5.555 5.679 5.802 5.904 5.923 5.942 5.942 5.980 6.044 6.279 6.514 6.749 6.984 7.219 7.454 7.579 7.698 7.817 7.936 8.055 8.188 8.330 8.330
11.399 10.722 10.045 9.368 8.691 8.157 7.718 7.451 7.185 6.918 6.651 6.118 6.118 5.898 5.736 5.503 5.268 5.033 4.798 4.563 4.328 4.093 3.858 3.623 3.613 3.610 3.631 3.672 3.672 3.693 3.714 3.735 3.660 3.556 3.463 3.564 3.664 3.764 3.864 3.930 3.947 3.964 4.004 4.209 4.209 4.312 4.414 4.517 4.705 4.936 5.167 5.385 5.508 5.632 5.755 5.878 6.002 6.125 6.187 6.206 6.206 6.244 6.433 6.668 6.904 7.139 7.374 7.609 7.844 8.044 8.163 8.282 8.401 8.520 8.662 8.804 8.804
11.950 11.273 10.596 9.919 9.354 8.870 8.385 8.079 7.812 7.545 7.279 6.745 6.745 6.478 6.211 5.605 5.374 5.144 4.914 4.684 4.453 4.218 3.983 3.748 3.638 3.658 3.679 3.721 3.721 3.742 3.763 3.784 3.757 3.653 3.716 3.816 3.916 4.016 4.117 4.217 4.251 4.268 4.350 4.555 4.555 4.658 4.760 4.863 4.966 5.196 5.427 5.585 5.708 5.831 5.955 6.078 6.202 6.325 6.448 6.471 6.471 6.588 6.823 7.058 7.293 7.528 7.763 7.998 8.233 8.468 8.628 8.747 8.866 8.994 9.136 9.278 9.278
12.501 11.824 11.147 10.551 10.067 9.583 9.098 8.706 8.439 8.173 7.906 7.373 7.373 7.106 6.501 5.825 5.461 5.231 5.001 4.771 4.540 4.310 4.080 3.850 3.742 3.751 3.760 3.778 3.778 3.791 3.812 3.833 3.853 3.868 3.968 4.068 4.168 4.269 4.369 4.469 4.554 4.593 4.696 4.901 4.901 5.004 5.106 5.209 5.312 5.456 5.661 5.784 5.908 6.031 6.155 6.278 6.401 6.525 6.648 6.735 6.735 6.977 7.212 7.447 7.682 7.917 8.152 8.387 8.622 8.857 9.092 9.212 9.331 9.468 9.610 9.752 9.752
13.052 12.375 11.749 11.265 10.780 10.296 9.811 9.334 9.067 8.800 8.533 8.000 8.000 7.465 6.789 6.113 5.548 5.318 5.088 4.857 4.627 4.397 4.166 4.009 3.937 3.912 3.920 3.938 3.938 3.947 3.956 3.965 3.987 4.068 4.173 4.278 4.384 4.489 4.594 4.699 4.805 4.910 5.014 5.221 5.221 5.325 5.428 5.532 5.635 5.739 5.876 5.995 6.114 6.233 6.354 6.478 6.601 6.724 6.848 6.971 6.971 7.366 7.601 7.836 8.071 8.306 8.541 8.776 9.011 9.246 9.482 9.677 9.800 9.942 10.084 10.226 10.226
13.603 12.946 12.462 11.978 11.493 11.009 10.525 10.040 9.694 9.428 9.161 8.430 8.430 7.754 7.078 6.402 5.726 5.404 5.174 4.944 4.714 4.483 4.282 4.210 4.138 4.072 4.081 4.099 4.099 4.108 4.117 4.126 4.178 4.232 4.337 4.442 4.547 4.653 4.758 4.863 4.971 5.082 5.185 5.393 5.393 5.496 5.600 5.704 5.807 5.990 6.230 6.349 6.467 6.586 6.705 6.824 6.943 7.062 7.181 7.276 7.276 7.605 7.857 8.108 8.360 8.611 8.862 9.114 9.365 9.617 9.868 10.106 10.223 10.189 10.156 10.123 10.123
14.154 13.659 13.175 12.691 12.206 11.722 11.238 10.753 10.322 10.055 9.788 8.719 8.719 8.043 7.367 6.691 6.015 5.491 5.261 5.031 4.800 4.570 4.483 4.411 4.339 4.268 4.241 4.259 4.259 4.268 4.277 4.316 4.368 4.420 4.500 4.606 4.711 4.816 4.921 5.027 5.139 5.250 5.357 5.564 5.564 5.668 5.772 5.875 6.006 6.270 6.534 6.702 6.821 6.940 7.059 7.178 7.297 7.415 7.534 7.554 7.554 7.781 8.032 8.283 8.535 8.786 9.038 9.289 9.540 9.792 10.043 9.982 9.936 10.028 9.994 9.961 9.961
14.096 13.880 13.661 13.404 12.919 12.435 11.951 11.466 10.982 10.683 10.359 9.008 9.008 8.332 7.656 6.980 6.304 5.628 5.347 5.117 4.887 4.756 4.684 4.612 4.540 4.468 4.401 4.419 4.419 4.428 4.454 4.506 4.558 4.610 4.664 4.769 4.874 4.980 5.085 5.195 5.307 5.418 5.529 5.736 5.736 5.840 5.943 6.047 6.286 6.550 6.814 7.056 7.175 7.294 7.412 7.531 7.650 7.769 7.817 7.831 7.831 7.956 8.207 8.459 8.710 8.961 9.213 9.464 9.716 9.967 9.929 9.558 9.474 9.675 9.833 9.799 9.799
13.510 13.489 13.270 13.050 12.831 12.612 12.392 12.173 11.695 11.310 10.648 9.296 9.296 8.620 7.945 7.269 6.593 5.917 5.434 5.204 5.028 4.956 4.885 4.813 4.741 4.669 4.598 4.579 4.579 4.592 4.644 4.696 4.748 4.800 4.852 4.933 5.038 5.143 5.252 5.363 5.474 5.586 5.697 5.908 5.908 6.011 6.115 6.302 6.566 6.830 7.093 7.357 7.528 7.647 7.766 7.885 8.004 8.080 8.094 8.109 8.109 8.138 8.382 8.634 8.885 9.137 9.388 9.639 9.891 9.877 9.506 9.135 9.012 9.213 9.414 9.615 9.616
12.924 13.098 12.879 12.660 12.440 12.221 12.002 11.782 11.563 11.635 10.953 9.590 9.590 8.909 8.233 7.557 6.882 6.206 5.530 5.301 5.229 5.157 5.086 5.014 4.942 4.870 4.798 4.739 4.739 4.782 4.834 4.886 4.939 4.991 5.043 5.096 5.201 5.308 5.419 5.531 5.642 5.753 5.864 6.079 6.079 6.183 6.318 6.582 6.846 7.109 7.373 7.637 7.882 8.001 8.120 8.238 8.343 8.357 8.372 8.387 8.387 8.416 8.558 8.809 9.060 9.312 9.563 9.815 9.825 9.454 9.083 8.712 8.551 8.752 8.953 9.154 9.154
12.337 12.708 12.488 12.269 12.050 11.830 11.611 11.415 11.582 11.748 11.282 9.919 9.919 9.237 8.556 7.874 7.192 6.511 5.829 5.573 5.492 5.411 5.330 5.249 5.168 5.087 5.006 4.920 4.920 4.972 5.025 5.077 5.129 5.181 5.233 5.285 5.365 5.476 5.587 5.698 5.810 5.921 6.032 6.251 6.251 6.355 6.598 6.862 7.126 7.389 7.653 7.917 8.181 8.354 8.473 8.592 8.620 8.635 8.649 8.664 8.664 8.693 8.733 8.984 9.236 9.487 9.739 9.772 9.401 9.030 8.659 8.288 8.089 8.290 8.491 8.692 8.692
12.337 12.708 12.488 12.269 12.050 11.830 11.611 11.415 11.582 11.748 11.282 9.919 9.919 9.237 8.556 7.874 7.192 6.511 5.829 5.573 5.492 5.411 5.330 5.249 5.168 5.087 5.006 4.920 4.920 4.972 5.025 5.077 5.129 5.181 5.233 5.285 5.365 5.476 5.587 5.698 5.810 5.921 6.032 6.251 6.251 6.355 6.598 6.862 7.126 7.389 7.653 7.917 8.181 8.354 8.473 8.592 8.620 8.635 8.650 8.664 8.664 8.693 8.733 8.984 9.236 9.487 9.738 9.772 9.401 9.030 8.659 8.288 8.089 8.290 8.491 8.692 8.692
11.752 12.317 12.098 11.879 11.659 11.440 11.283 11.450 11.617 11.783 11.610 10.247 10.247 9.565 8.884 8.202 7.521 6.839 6.371 6.148 6.044 5.963 5.882 5.801 5.719 5.638 5.557 5.306 5.306 5.328 5.369 5.411 5.452 5.494 5.535 5.577 5.606 5.702 5.798 5.893 5.989 6.089 6.200 6.422 6.422 6.614 6.878 7.142 7.405 7.669 7.933 8.197 8.460 8.708 8.827 8.883 8.898 8.912 8.927 8.942 8.942 8.971 8.986 9.159 9.411 9.662 9.720 9.349 8.978 8.607 8.236 7.865 7.627 7.828 8.029 8.230 8.230
11.165 11.732 11.707 11.488 11.268 11.152 11.318 11.485 11.652 11.819 11.938 10.575 10.575 9.894 9.212 8.531 7.849 7.238 7.015 6.792 6.595 6.514 6.433 6.352 6.271 6.190 6.109 5.814 5.814 5.703 5.744 5.786 5.827 5.869 5.910 5.940 5.953 6.023 6.118 6.214 6.310 6.406 6.502 6.750 6.750 7.010 7.255 7.500 7.745 7.990 8.235 8.480 8.740 9.004 9.146 9.161 9.175 9.190 9.205 9.219 9.219 9.249 9.263 9.335 9.586 9.668 9.297 8.925 8.554 8.183 7.812 7.441 7.165 7.366 7.567 7.768 7.768
10.040 10.559 10.926 10.888 11.055 11.222 11.389 11.555 11.722 11.889 12.055 11.232 11.232 10.551 9.869 9.187 8.749 8.526 8.303 8.080 7.857 7.634 7.536 7.455 7.374 7.293 7.165 6.828 6.828 6.659 6.494 6.536 6.577 6.619 6.634 6.647 6.660 6.673 6.760 6.856 6.952 7.047 7.143 7.683 7.683 7.958 8.214 8.459 8.704 8.949 9.194 9.439 9.684 9.499 9.271 9.254 9.304 9.353 9.403 9.452 9.452 9.551 9.601 9.613 9.287 8.866 8.450 8.079 7.708 7.337 6.966 6.595 6.242 6.443 6.644 6.845 6.845
