includes/lisflood/camargue/results_R3_t1.561737397084E12/res-0003.wdfp
ncols         906
nrows         631
xllcorner     362177.146667
yllcorner     6534725.688020
cellsize      20.000000
NODATA_value  -9999.000000
[rows 510 to 543 of 631, columns 616 to 692 of 906]
6.067 6.094 6.122 6.149 6.204 6.204 6.231 6.259 6.279 6.299 6.319 6.339 6.359 6.379 6.399 6.419 6.438 6.452 6.465 6.478 6.479 6.479 6.462 6.445 6.428 6.410 6.404 6.397 6.391 6.384 6.378 6.372 6.365 6.348 6.279 6.210 6.071 6.071 6.002 5.932 5.863 5.808 5.775 5.743 5.710 5.713 5.750 5.786 5.848 5.920 5.992 6.064 6.208 6.208 6.280 6.343 6.390 6.438 6.485 6.533 6.580 6.588 6.537 6.486 6.436 6.385 6.334 6.345 6.356 6.356 6.379 6.390 6.402 6.413 6.424 6.412 6.400
6.083 6.111 6.138 6.165 6.220 6.220 6.247 6.275 6.296 6.316 6.336 6.356 6.376 6.396 6.409 6.422 6.436 6.449 6.462 6.475 6.478 6.479 6.461 6.444 6.427 6.410 6.392 6.375 6.358 6.346 6.339 6.333 6.326 6.304 6.235 6.165 6.029 6.029 5.996 5.963 5.930 5.897 5.864 5.831 5.799 5.805 5.842 5.879 5.916 5.952 5.994 6.066 6.210 6.210 6.280 6.327 6.375 6.422 6.469 6.517 6.564 6.612 6.651 6.600 6.549 6.501 6.513 6.524 6.535 6.535 6.558 6.570 6.581 6.592 6.604 6.615 6.607
6.111 6.124 6.146 6.173 6.228 6.228 6.256 6.283 6.305 6.325 6.345 6.365 6.382 6.395 6.408 6.421 6.434 6.448 6.461 6.474 6.478 6.478 6.461 6.444 6.427 6.409 6.392 6.375 6.357 6.340 6.323 6.314 6.307 6.282 6.213 6.143 6.073 6.073 6.041 6.008 5.975 5.942 5.909 5.876 5.843 5.851 5.888 5.925 5.962 5.999 6.035 6.072 6.211 6.211 6.272 6.319 6.367 6.414 6.462 6.509 6.557 6.604 6.651 6.657 6.606 6.591 6.602 6.614 6.625 6.625 6.648 6.659 6.671 6.682 6.694 6.705 6.711
6.153 6.165 6.178 6.190 6.236 6.236 6.264 6.291 6.314 6.334 6.354 6.367 6.380 6.394 6.407 6.420 6.433 6.446 6.460 6.473 6.478 6.478 6.461 6.443 6.426 6.409 6.392 6.375 6.357 6.340 6.323 6.305 6.288 6.260 6.217 6.184 6.118 6.118 6.085 6.052 6.019 5.987 5.954 5.921 5.888 5.898 5.935 5.971 6.008 6.045 6.082 6.119 6.212 6.212 6.264 6.312 6.359 6.406 6.454 6.501 6.549 6.596 6.644 6.691 6.670 6.681 6.692 6.704 6.715 6.715 6.738 6.749 6.761 6.772 6.784 6.795 6.806
6.195 6.207 6.219 6.232 6.256 6.256 6.272 6.300 6.322 6.339 6.353 6.366 6.379 6.392 6.406 6.419 6.432 6.445 6.458 6.472 6.477 6.477 6.460 6.443 6.426 6.409 6.391 6.374 6.357 6.340 6.322 6.305 6.305 6.308 6.261 6.229 6.163 6.163 6.130 6.097 6.064 6.031 5.998 5.965 5.932 5.944 5.981 6.018 6.055 6.091 6.128 6.165 6.232 6.232 6.276 6.323 6.370 6.417 6.464 6.511 6.558 6.606 6.653 6.700 6.772 6.784 6.795 6.807 6.819 6.819 6.842 6.854 6.866 6.877 6.889 6.901 6.913
6.236 6.248 6.261 6.273 6.298 6.298 6.310 6.323 6.325 6.338 6.351 6.365 6.378 6.391 6.404 6.418 6.431 6.444 6.457 6.470 6.477 6.477 6.460 6.443 6.426 6.408 6.391 6.374 6.357 6.339 6.322 6.347 6.377 6.383 6.333 6.284 6.207 6.207 6.174 6.142 6.109 6.076 6.043 6.010 5.977 5.990 6.027 6.064 6.101 6.138 6.174 6.210 6.267 6.267 6.305 6.352 6.399 6.446 6.493 6.540 6.587 6.635 6.682 6.754 6.861 6.902 6.914 6.925 6.937 6.937 6.960 6.972 6.984 6.995 7.007 7.019 7.115
6.278 6.290 6.302 6.315 6.339 6.339 6.348 6.343 6.342 6.346 6.350 6.364 6.377 6.390 6.403 6.416 6.430 6.443 6.456 6.469 6.477 6.477 6.460 6.443 6.425 6.408 6.391 6.374 6.356 6.360 6.389 6.419 6.449 6.458 6.409 6.359 6.259 6.259 6.219 6.186 6.153 6.120 6.087 6.055 6.022 6.037 6.074 6.110 6.147 6.184 6.216 6.245 6.301 6.301 6.334 6.381 6.428 6.475 6.522 6.569 6.616 6.664 6.719 6.826 6.933 7.020 7.032 7.043 7.055 7.055 7.078 7.090 7.102 7.114 7.125 7.137 7.365
6.319 6.331 6.344 6.356 6.370 6.370 6.365 6.360 6.359 6.363 6.367 6.371 6.376 6.389 6.402 6.415 6.428 6.442 6.455 6.468 6.477 6.477 6.460 6.442 6.425 6.408 6.391 6.373 6.402 6.432 6.462 6.491 6.521 6.533 6.484 6.434 6.334 6.335 6.285 6.235 6.198 6.165 6.132 6.099 6.066 6.083 6.120 6.156 6.193 6.222 6.251 6.279 6.336 6.336 6.364 6.410 6.457 6.504 6.551 6.598 6.645 6.693 6.791 6.898 7.004 7.111 7.150 7.161 7.173 7.173 7.196 7.208 7.220 7.232 7.243 7.383 7.616
6.361 6.373 6.385 6.398 6.388 6.388 6.383 6.378 6.376 6.380 6.385 6.389 6.393 6.397 6.401 6.414 6.427 6.440 6.454 6.467 6.476 6.477 6.459 6.442 6.425 6.408 6.415 6.444 6.474 6.504 6.534 6.563 6.593 6.608 6.559 6.509 6.409 6.410 6.360 6.310 6.260 6.211 6.177 6.144 6.111 6.129 6.166 6.200 6.228 6.257 6.285 6.314 6.370 6.370 6.399 6.439 6.486 6.533 6.580 6.627 6.674 6.756 6.863 6.969 7.076 7.182 7.268 7.279 7.291 7.291 7.315 7.326 7.338 7.350 7.401 7.633 7.866
6.402 6.414 6.421 6.416 6.406 6.406 6.401 6.396 6.393 6.398 6.402 6.406 6.410 6.414 6.418 6.423 6.427 6.439 6.452 6.466 6.476 6.476 6.459 6.442 6.427 6.457 6.487 6.516 6.546 6.576 6.606 6.635 6.665 6.683 6.634 6.584 6.484 6.485 6.435 6.385 6.336 6.286 6.236 6.188 6.155 6.175 6.206 6.234 6.263 6.291 6.320 6.348 6.405 6.405 6.433 6.468 6.515 6.562 6.609 6.657 6.721 6.828 6.934 7.041 7.147 7.254 7.361 7.397 7.409 7.409 7.433 7.444 7.456 7.468 7.651 7.884 8.116
6.444 6.444 6.439 6.434 6.424 6.424 6.419 6.414 6.411 6.415 6.419 6.423 6.427 6.431 6.436 6.440 6.444 6.448 6.452 6.464 6.476 6.476 6.459 6.469 6.499 6.529 6.559 6.589 6.618 6.648 6.678 6.708 6.737 6.758 6.709 6.659 6.559 6.560 6.510 6.460 6.411 6.361 6.311 6.261 6.225 6.212 6.240 6.269 6.297 6.326 6.354 6.382 6.439 6.439 6.468 6.497 6.544 6.591 6.638 6.686 6.793 6.899 7.006 7.112 7.219 7.326 7.432 7.516 7.527 7.527 7.551 7.562 7.574 7.669 7.902 8.134 8.366
6.467 6.462 6.457 6.452 6.442 6.442 6.437 6.432 6.428 6.432 6.436 6.440 6.445 6.449 6.453 6.457 6.461 6.465 6.469 6.473 6.482 6.482 6.512 6.541 6.571 6.601 6.631 6.661 6.690 6.720 6.750 6.780 6.809 6.833 6.784 6.734 6.635 6.635 6.585 6.535 6.486 6.436 6.386 6.386 6.419 6.412 6.380 6.348 6.332 6.360 6.389 6.417 6.474 6.474 6.502 6.530 6.573 6.620 6.667 6.758 6.864 6.971 7.077 7.184 7.291 7.397 7.504 7.610 7.645 7.645 7.669 7.680 7.692 7.920 8.152 8.384 8.617
6.485 6.480 6.475 6.470 6.460 6.460 6.455 6.450 6.445 6.449 6.454 6.458 6.462 6.466 6.470 6.474 6.478 6.482 6.486 6.491 6.562 6.562 6.585 6.614 6.643 6.673 6.703 6.733 6.762 6.792 6.822 6.852 6.881 6.908 6.859 6.809 6.710 6.710 6.660 6.610 6.561 6.514 6.547 6.580 6.613 6.614 6.582 6.550 6.518 6.486 6.454 6.451 6.508 6.508 6.537 6.565 6.602 6.649 6.723 6.829 6.936 7.042 7.149 7.256 7.362 7.469 7.575 7.682 7.763 7.763 7.787 7.798 7.937 8.170 8.402 8.635 8.867
6.503 6.498 6.493 6.488 6.478 6.478 6.473 6.468 6.463 6.467 6.471 6.475 6.479 6.483 6.487 6.491 6.495 6.499 6.504 6.555 6.649 6.649 6.671 6.694 6.717 6.745 6.775 6.805 6.835 6.864 6.894 6.924 6.953 6.983 6.934 6.884 6.785 6.785 6.735 6.685 6.674 6.708 6.741 6.774 6.807 6.816 6.784 6.752 6.720 6.688 6.656 6.624 6.560 6.560 6.571 6.599 6.631 6.688 6.794 6.901 7.008 7.114 7.221 7.327 7.434 7.540 7.647 7.754 7.860 7.860 7.905 7.955 8.188 8.420 8.652 8.885 9.117
6.503 6.498 6.493 6.488 6.478 6.478 6.473 6.468 6.463 6.467 6.471 6.475 6.479 6.483 6.487 6.492 6.496 6.500 6.504 6.555 6.649 6.649 6.672 6.694 6.717 6.745 6.775 6.805 6.835 6.864 6.894 6.924 6.954 6.983 6.934 6.884 6.785 6.785 6.735 6.686 6.675 6.708 6.741 6.774 6.807 6.816 6.784 6.752 6.720 6.688 6.656 6.624 6.560 6.560 6.571 6.600 6.631 6.688 6.795 6.901 7.008 7.114 7.221 7.327 7.434 7.541 7.647 7.754 7.860 7.860 7.905 7.956 8.188 8.420 8.653 8.885 9.117
6.521 6.516 6.511 6.506 6.496 6.496 6.491 6.486 6.481 6.484 6.488 6.492 6.496 6.501 6.505 6.509 6.513 6.537 6.588 6.640 6.736 6.736 6.758 6.781 6.804 6.826 6.849 6.877 6.907 6.937 6.966 6.996 7.026 7.056 7.009 6.959 6.860 6.860 6.810 6.835 6.869 6.902 6.935 6.968 7.001 7.018 6.986 6.954 6.922 6.890 6.858 6.826 6.762 6.762 6.730 6.698 6.666 6.760 6.866 6.973 7.079 7.186 7.293 7.399 7.506 7.612 7.719 7.825 7.932 7.932 8.023 8.206 8.438 8.671 8.903 9.135 9.368
6.539 6.534 6.529 6.524 6.514 6.514 6.509 6.504 6.499 6.501 6.505 6.509 6.514 6.518 6.522 6.526 6.570 6.621 6.673 6.725 6.822 6.822 6.845 6.868 6.890 6.913 6.935 6.958 6.981 7.009 7.038 7.068 7.098 7.128 7.084 7.035 6.963 6.963 6.996 7.029 7.062 7.096 7.129 7.162 7.195 7.220 7.188 7.156 7.124 7.092 7.060 7.028 6.964 6.964 6.932 6.899 6.885 6.936 7.031 7.125 7.219 7.314 7.408 7.503 7.597 7.692 7.790 7.897 8.003 8.003 8.224 8.456 8.688 8.921 9.153 9.386 9.618
6.575 6.570 6.564 6.559 6.549 6.549 6.544 6.539 6.534 6.535 6.540 6.544 6.548 6.584 6.635 6.687 6.739 6.790 6.842 6.894 6.995 6.995 7.018 7.040 7.063 7.086 7.108 7.131 7.153 7.176 7.199 7.221 7.244 7.272 7.251 7.284 7.351 7.351 7.384 7.417 7.450 7.483 7.516 7.549 7.583 7.616 7.591 7.559 7.527 7.495 7.463 7.431 7.372 7.372 7.358 7.344 7.330 7.316 7.410 7.505 7.599 7.693 7.788 7.882 7.977 8.071 8.165 8.260 8.354 8.354 8.680 8.893 9.124 9.355 9.587 9.818 10.050
6.593 6.588 6.583 6.577 6.567 6.567 6.562 6.557 6.552 6.553 6.557 6.565 6.616 6.668 6.720 6.772 6.823 6.875 6.927 6.978 7.082 7.082 7.104 7.127 7.150 7.172 7.195 7.217 7.240 7.263 7.285 7.308 7.330 7.378 7.435 7.478 7.545 7.545 7.578 7.611 7.644 7.677 7.710 7.743 7.776 7.809 7.793 7.761 7.729 7.697 7.665 7.633 7.594 7.594 7.580 7.566 7.553 7.539 7.600 7.694 7.789 7.883 7.978 8.072 8.166 8.261 8.355 8.450 8.571 8.571 8.923 9.104 9.336 9.567 9.799 10.030 10.261
6.611 6.606 6.601 6.596 6.585 6.585 6.580 6.575 6.570 6.570 6.598 6.649 6.701 6.753 6.805 6.856 6.908 6.960 7.011 7.063 7.166 7.166 7.191 7.214 7.236 7.259 7.281 7.304 7.327 7.349 7.372 7.396 7.458 7.520 7.577 7.634 7.738 7.738 7.772 7.805 7.838 7.871 7.904 7.937 7.970 8.003 7.995 7.963 7.931 7.899 7.867 7.844 7.816 7.816 7.803 7.789 7.775 7.761 7.790 7.884 7.979 8.073 8.167 8.262 8.356 8.451 8.545 8.639 8.815 8.815 9.167 9.344 9.547 9.779 10.010 10.242 10.473
6.630 6.625 6.619 6.614 6.604 6.604 6.598 6.593 6.588 6.633 6.682 6.734 6.786 6.838 6.889 6.941 6.993 7.044 7.096 7.148 7.251 7.251 7.278 7.300 7.323 7.345 7.368 7.391 7.413 7.436 7.477 7.538 7.600 7.661 7.720 7.776 7.888 7.888 7.944 7.999 8.032 8.065 8.098 8.131 8.164 8.197 8.197 8.165 8.133 8.101 8.080 8.066 8.039 8.039 8.025 8.011 7.997 7.984 7.980 8.074 8.168 8.263 8.357 8.452 8.546 8.640 8.735 8.882 9.059 9.059 9.411 9.587 9.764 9.990 10.222 10.453 10.685
6.648 6.643 6.638 6.632 6.622 6.622 6.617 6.629 6.692 6.746 6.785 6.824 6.871 6.922 6.974 7.026 7.077 7.129 7.181 7.232 7.336 7.336 7.364 7.387 7.409 7.432 7.455 7.477 7.500 7.557 7.619 7.680 7.742 7.803 7.862 7.918 8.030 8.030 8.087 8.143 8.199 8.255 8.292 8.325 8.358 8.391 8.399 8.367 8.335 8.316 8.303 8.289 8.261 8.261 8.247 8.234 8.220 8.206 8.192 8.264 8.358 8.453 8.547 8.641 8.736 8.830 8.950 9.126 9.302 9.302 9.655 9.831 10.007 10.202 10.433 10.665 10.896
6.666 6.661 6.656 6.651 6.640 6.640 6.677 6.739 6.802 6.858 6.897 6.936 6.975 7.014 7.059 7.110 7.162 7.214 7.265 7.317 7.420 7.420 7.451 7.473 7.496 7.518 7.541 7.576 7.637 7.699 7.760 7.822 7.884 7.945 8.004 8.060 8.173 8.173 8.229 8.285 8.341 8.397 8.454 8.510 8.552 8.585 8.601 8.569 8.553 8.539 8.525 8.511 8.484 8.484 8.470 8.456 8.442 8.428 8.414 8.454 8.548 8.642 8.737 8.831 8.926 9.020 9.194 9.370 9.546 9.546 9.899 10.075 10.251 10.427 10.645 10.876 11.108
6.685 6.679 6.674 6.669 6.724 6.724 6.787 6.850 6.912 6.970 7.010 7.048 7.087 7.126 7.165 7.204 7.247 7.298 7.350 7.402 7.505 7.505 7.537 7.560 7.582 7.605 7.656 7.718 7.779 7.841 7.902 7.964 8.025 8.087 8.146 8.203 8.315 8.315 8.371 8.427 8.483 8.540 8.596 8.652 8.708 8.764 8.803 8.789 8.775 8.761 8.747 8.734 8.706 8.706 8.692 8.678 8.665 8.651 8.637 8.643 8.738 8.832 8.927 9.021 9.115 9.261 9.438 9.614 9.790 9.790 10.142 10.319 10.495 10.671 10.857 11.088 11.319
6.703 6.698 6.692 6.709 6.835 6.835 6.897 6.960 7.023 7.083 7.122 7.161 7.200 7.239 7.278 7.317 7.356 7.394 7.435 7.486 7.590 7.590 7.624 7.646 7.675 7.736 7.798 7.859 7.921 7.983 8.044 8.106 8.167 8.229 8.289 8.345 8.457 8.457 8.513 8.570 8.626 8.682 8.738 8.794 8.850 8.911 8.975 8.984 8.993 8.984 8.970 8.956 8.928 8.928 8.915 8.901 8.887 8.873 8.859 8.845 8.928 9.022 9.116 9.211 9.329 9.505 9.681 9.858 10.034 10.034 10.386 10.562 10.739 10.915 11.091 11.300 11.531
6.721 6.716 6.757 6.820 6.945 6.945 7.008 7.070 7.133 7.195 7.234 7.273 7.312 7.351 7.390 7.429 7.468 7.507 7.546 7.585 7.674 7.674 7.710 7.755 7.817 7.878 7.940 8.001 8.063 8.124 8.186 8.248 8.309 8.371 8.431 8.487 8.599 8.599 8.656 8.712 8.768 8.824 8.880 8.936 9.001 9.069 9.136 9.147 9.156 9.165 9.175 9.179 9.151 9.151 9.137 9.123 9.109 9.095 9.081 9.068 9.117 9.212 9.306 9.401 9.573 9.749 9.925 10.101 10.278 10.278 10.630 10.806 10.982 11.159 11.335 11.511 11.743
6.742 6.805 6.867 6.930 7.055 7.055 7.118 7.180 7.243 7.306 7.347 7.386 7.424 7.463 7.502 7.541 7.580 7.619 7.658 7.697 7.775 7.775 7.833 7.897 7.959 8.020 8.082 8.143 8.205 8.266 8.328 8.389 8.451 8.512 8.573 8.629 8.742 8.742 8.798 8.854 8.910 8.966 9.024 9.092 9.159 9.227 9.294 9.309 9.318 9.328 9.337 9.347 9.365 9.365 9.359 9.346 9.332 9.318 9.304 9.290 9.307 9.402 9.496 9.640 9.817 9.993 10.169 10.345 10.521 10.521 10.874 11.050 11.226 11.402 11.579 11.755 11.954
6.853 6.915 6.978 7.040 7.165 7.166 7.228 7.291 7.353 7.416 7.459 7.498 7.537 7.576 7.615 7.654 7.692 7.731 7.770 7.809 7.900 7.900 7.957 8.027 8.096 8.162 8.223 8.285 8.347 8.408 8.470 8.531 8.593 8.654 8.715 8.772 8.884 8.884 8.940 8.996 9.052 9.115 9.183 9.250 9.318 9.385 9.453 9.471 9.481 9.490 9.500 9.509 9.528 9.528 9.537 9.546 9.554 9.540 9.526 9.512 9.499 9.591 9.708 9.884 10.060 10.237 10.413 10.589 10.765 10.765 11.118 11.294 11.470 11.646 11.822 11.999 12.175
6.963 7.026 7.088 7.151 7.276 7.276 7.338 7.401 7.464 7.526 7.571 7.610 7.649 7.688 7.727 7.766 7.805 7.844 7.883 7.928 8.026 8.026 8.081 8.150 8.220 8.290 8.360 8.427 8.488 8.550 8.611 8.673 8.735 8.796 8.858 8.914 9.026 9.026 9.082 9.138 9.205 9.273 9.341 9.408 9.476 9.543 9.611 9.634 9.643 9.653 9.662 9.671 9.690 9.690 9.699 9.709 9.718 9.727 9.736 9.735 9.721 9.781 9.952 10.128 10.304 10.480 10.657 10.833 11.009 11.009 11.347 11.507 11.666 11.825 11.985 12.144 12.304
7.073 7.136 7.198 7.261 7.386 7.386 7.449 7.511 7.574 7.637 7.683 7.722 7.761 7.800 7.839 7.878 7.917 7.957 8.005 8.054 8.152 8.152 8.204 8.274 8.344 8.414 8.483 8.553 8.623 8.692 8.753 8.815 8.876 8.938 8.999 9.056 9.168 9.168 9.229 9.296 9.364 9.431 9.499 9.566 9.634 9.701 9.769 9.796 9.806 9.815 9.824 9.834 9.852 9.852 9.862 9.871 9.880 9.890 9.899 9.908 9.918 9.972 10.131 10.291 10.450 10.610 10.769 10.929 11.088 11.088 11.407 11.566 11.726 11.885 12.044 12.204 12.355
7.074 7.136 7.199 7.261 7.386 7.386 7.449 7.512 7.574 7.637 7.684 7.723 7.762 7.800 7.839 7.879 7.917 7.957 8.006 8.054 8.152 8.152 8.205 8.274 8.344 8.414 8.484 8.553 8.623 8.692 8.754 8.815 8.877 8.938 9.000 9.056 9.168 9.168 9.229 9.296 9.364 9.431 9.499 9.566 9.634 9.701 9.769 9.797 9.806 9.815 9.825 9.834 9.853 9.853 9.862 9.871 9.881 9.890 9.899 9.908 9.918 9.972 10.132 10.291 10.450 10.610 10.769 10.929 11.088 11.088 11.407 11.566 11.726 11.885 12.045 12.204 12.356
7.184 7.246 7.309 7.372 7.497 7.497 7.559 7.622 7.685 7.747 7.796 7.835 7.874 7.913 7.952 7.991 8.034 8.083 8.131 8.180 8.277 8.277 8.328 8.398 8.468 8.538 8.607 8.677 8.747 8.816 8.886 8.956 9.018 9.080 9.141 9.198 9.319 9.319 9.387 9.454 9.522 9.589 9.657 9.725 9.792 9.860 9.927 9.959 9.968 9.978 9.987 9.996 10.015 10.015 10.024 10.034 10.043 10.052 10.062 10.074 10.092 10.118 10.191 10.351 10.510 10.669 10.829 10.988 11.148 11.147 11.466 11.626 11.785 11.945 12.104 12.264 12.405
7.286 7.352 7.418 7.482 7.607 7.607 7.670 7.732 7.795 7.858 7.908 7.947 7.986 8.025 8.064 8.111 8.160 8.208 8.257 8.306 8.403 8.403 8.452 8.522 8.592 8.661 8.731 8.801 8.870 8.940 9.010 9.080 9.149 9.219 9.283 9.342 9.477 9.477 9.545 9.613 9.680 9.748 9.815 9.883 9.950 10.018 10.085 10.121 10.131 10.140 10.150 10.159 10.178 10.177 10.187 10.196 10.205 10.215 10.233 10.251 10.269 10.296 10.326 10.410 10.569 10.729 10.888 11.048 11.207 11.207 11.526 11.685 11.845 12.004 12.164 12.319 12.455
7.489 7.555 7.621 7.688 7.820 7.820 7.887 7.953 8.015 8.078 8.133 8.172 8.216 8.264 8.313 8.362 8.411 8.459 8.508 8.557 8.654 8.654 8.703 8.769 8.839 8.909 8.978 9.048 9.118 9.187 9.257 9.327 9.396 9.473 9.550 9.628 9.785 9.785 9.861 9.928 9.996 10.064 10.131 10.199 10.266 10.334 10.401 10.446 10.456 10.465 10.474 10.484 10.502 10.502 10.514 10.532 10.550 10.568 10.586 10.604 10.622 10.652 10.682 10.712 10.742 10.848 11.007 11.167 11.326 11.326 11.645 11.804 11.964 12.123 12.282 12.418 12.554
