includes/lisflood/camargue/results_R3_t1.561737397084E12/res-0014.wdfp
ncols         906
nrows         631
xllcorner     362177.146667
yllcorner     6534725.688020
cellsize      20.000000
NODATA_value  -9999.000000
[rows 306 to 339 of 631, columns 693 to 769 of 906]
1.297 0.987 0.547 0.347 0.377 0.000 0.657 0.727 0.727 0.367 0.607 0.497 0.467 0.387 0.567 0.247 0.000 0.577 0.877 0.647 0.687 0.547 0.347 0.217 0.217 0.087 0.497 0.707 0.000 0.385 0.555 0.115 0.875 1.105 0.355 0.325 0.285 0.405 0.000 0.585 0.585 0.000 0.453 0.553 0.000 0.193 0.923 0.143 0.253 0.283 0.263 0.183 0.393 0.263 0.083 0.601 1.571 1.571 0.301 0.481 0.731 0.931 0.000 0.681 0.751 0.441 0.841 0.011 0.350 0.250 0.000 0.305 0.135 0.135 0.000 0.000 0.000
0.367 0.247 0.367 0.467 1.317 0.000 0.707 0.747 0.747 0.287 0.000 0.000 0.000 0.467 0.577 0.567 0.537 0.697 0.000 0.077 0.627 0.327 0.057 0.337 0.337 0.807 0.327 0.227 0.757 0.000 0.695 0.985 0.335 0.395 0.435 0.545 0.455 0.000 0.385 0.425 0.425 1.495 0.000 0.000 0.773 0.253 1.063 0.004 0.573 0.903 0.233 0.143 0.253 0.413 0.173 0.000 0.000 0.000 0.501 0.361 0.751 0.261 0.131 0.471 0.831 0.000 0.551 0.441 0.100 0.140 0.121 0.003 0.000 0.000 0.000 0.000 0.000
1.707 1.757 1.747 1.897 0.497 0.000 0.877 0.777 0.777 0.457 0.617 0.657 0.547 0.617 0.047 0.000 0.000 0.567 0.327 0.377 0.337 0.477 0.507 0.927 0.927 0.000 0.417 0.097 0.487 0.000 0.445 0.745 0.325 0.435 0.205 0.985 0.015 0.000 0.395 0.000 0.000 0.025 0.000 0.143 0.903 0.453 0.353 0.193 0.993 0.743 0.163 0.213 0.523 0.253 0.000 0.031 0.091 0.091 0.000 0.000 0.161 0.011 0.371 0.611 0.791 0.701 0.551 0.491 0.000 0.281 0.361 0.000 0.000 0.000 0.000 0.000 0.000
0.437 1.557 1.477 0.387 1.757 0.167 0.687 0.687 0.687 0.517 0.647 0.000 0.000 0.197 0.647 0.047 0.117 0.237 0.337 0.027 0.627 0.797 0.000 0.327 0.327 0.367 0.577 0.527 0.547 0.000 0.415 0.385 0.155 0.000 0.000 0.385 0.000 0.000 0.000 0.273 0.273 0.000 0.000 0.123 0.863 0.903 0.943 0.293 0.893 0.263 0.553 0.533 0.913 0.583 0.000 1.011 0.391 0.391 0.341 0.681 0.731 0.761 0.711 0.000 0.631 0.911 0.000 0.561 0.371 0.191 0.411 0.000 0.000 0.000 0.000 0.000 0.000
0.717 0.877 1.437 0.000 0.357 1.137 0.317 0.707 0.707 0.000 0.000 0.000 0.000 0.000 0.447 0.207 0.000 0.447 0.717 0.587 0.537 0.517 0.417 0.377 0.377 0.567 0.517 0.427 0.387 0.000 0.000 0.000 0.000 0.000 0.646 0.000 0.024 0.000 0.000 0.283 0.283 0.183 0.853 0.023 0.913 0.383 0.513 1.073 0.623 0.033 1.073 0.283 0.000 0.000 1.601 0.251 0.000 0.000 0.781 0.831 0.801 0.491 0.381 0.181 0.751 0.921 0.000 0.521 0.671 0.000 0.401 0.000 0.000 0.000 0.000 0.000 0.000
0.667 0.657 1.157 0.000 0.867 0.607 0.000 0.657 0.657 0.000 0.000 0.000 0.000 0.000 0.477 0.737 0.667 0.717 0.347 0.687 0.797 0.247 0.717 0.537 0.537 0.277 0.557 0.597 0.367 0.000 0.492 0.003 0.000 1.396 0.226 0.716 0.000 0.000 0.044 0.000 0.000 0.243 1.503 0.963 0.943 0.773 0.653 0.823 0.523 0.103 0.713 0.153 0.573 1.753 0.000 0.421 0.801 0.801 0.941 0.691 0.861 0.751 0.751 0.281 0.000 0.741 0.941 0.561 0.491 0.000 0.311 0.000 0.000 0.000 0.000 0.000 0.000
0.537 0.857 1.227 0.107 0.000 0.257 0.357 0.797 0.797 0.000 0.000 0.577 0.777 0.747 0.767 0.607 0.437 0.407 0.657 0.957 0.000 0.217 0.457 0.317 0.317 0.587 0.547 0.407 0.537 0.000 0.232 0.382 0.000 0.886 1.026 0.136 0.000 0.404 0.054 0.054 0.048 0.124 0.014 0.000 0.153 0.023 0.203 0.333 0.603 0.193 1.023 0.000 0.983 0.000 0.601 0.121 0.751 0.751 0.000 0.051 0.061 0.791 0.371 0.591 0.021 0.821 0.941 0.000 0.691 0.331 0.091 0.000 0.000 0.000 0.000 0.000 0.000
0.457 1.087 1.487 1.067 1.047 0.000 0.467 0.647 0.647 0.537 0.537 0.687 0.597 0.787 0.527 0.377 0.617 1.057 0.627 0.567 0.000 0.000 0.557 0.517 0.517 0.587 0.437 0.527 0.377 0.000 0.412 0.000 0.000 0.246 0.596 0.000 0.165 0.265 0.000 0.059 0.057 0.475 0.000 0.000 0.000 0.000 0.063 0.293 1.013 0.004 0.000 0.000 1.553 0.032 0.281 0.851 0.161 0.161 0.961 0.611 0.871 0.681 0.651 0.801 0.641 0.671 0.791 0.021 0.671 0.461 0.271 0.000 0.000 0.000 0.000 0.000 0.060
0.457 1.087 1.487 1.067 1.047 0.000 0.467 0.647 0.647 0.537 0.537 0.687 0.597 0.787 0.527 0.377 0.617 1.057 0.627 0.567 0.000 0.000 0.557 0.517 0.517 0.587 0.437 0.527 0.377 0.000 0.412 0.000 0.000 0.246 0.596 0.000 0.165 0.265 0.000 0.058 0.057 0.475 0.000 0.000 0.000 0.000 0.063 0.293 1.013 0.004 0.000 0.000 1.553 0.032 0.281 0.851 0.161 0.161 0.961 0.611 0.871 0.681 0.651 0.801 0.641 0.671 0.791 0.021 0.671 0.461 0.271 0.000 0.000 0.000 0.000 0.000 0.060
0.347 1.267 1.267 1.227 1.047 0.000 0.167 0.000 0.000 0.917 0.657 0.727 0.467 0.627 0.527 1.077 0.997 0.747 0.647 0.227 0.446 0.286 0.126 0.297 0.297 0.457 0.577 0.607 0.000 0.000 0.322 0.252 0.000 0.000 0.286 0.186 0.116 0.000 0.273 0.000 0.000 0.395 0.000 0.000 0.000 0.043 0.083 0.543 1.093 0.703 1.093 1.983 0.000 0.431 0.331 0.201 0.371 0.371 0.101 0.471 0.341 0.611 0.691 0.731 0.721 0.131 0.131 0.291 0.000 0.501 0.251 0.271 0.000 0.000 0.000 0.000 0.000
0.337 1.067 0.000 1.187 1.107 0.000 0.000 0.000 0.000 0.477 0.067 0.787 0.317 0.687 0.837 0.447 0.607 0.467 0.000 0.416 0.346 0.000 0.456 0.147 0.147 0.597 0.000 0.000 0.052 0.332 0.000 0.162 0.172 0.000 0.000 0.266 0.097 0.597 0.002 0.595 0.595 0.000 0.000 0.000 0.713 0.000 0.000 0.633 0.423 0.103 0.222 0.052 0.791 0.301 0.000 0.000 0.471 0.471 0.831 0.841 0.581 0.871 0.641 0.631 0.061 0.000 0.000 0.000 0.141 0.000 0.000 0.000 0.000 0.000 0.000 0.000 0.000
0.000 0.687 0.000 1.037 1.077 0.000 0.177 0.387 0.387 1.037 0.000 0.087 0.467 1.037 0.397 0.597 0.000 0.377 0.527 0.000 0.506 0.166 0.426 0.000 0.000 0.227 0.000 0.000 0.302 0.382 0.452 0.452 0.302 0.042 0.362 0.000 0.177 0.297 0.000 0.455 0.455 0.000 0.000 0.703 0.133 0.323 0.303 0.263 0.143 0.000 0.442 0.502 0.111 0.000 0.261 0.531 0.711 0.711 0.000 0.000 0.000 0.401 0.421 0.141 0.271 0.031 0.000 0.000 0.261 0.000 0.000 0.291 0.021 0.021 0.231 0.701 0.000
1.697 0.737 0.000 1.027 1.107 0.000 0.397 0.007 0.007 1.547 0.037 0.397 0.247 0.797 0.597 0.277 0.317 0.517 0.000 0.516 0.586 0.456 0.436 0.000 0.000 0.216 0.196 0.000 0.000 0.232 0.462 0.302 0.502 0.562 0.000 0.458 0.167 0.000 0.577 0.036 0.033 0.673 0.633 0.243 0.203 0.153 0.613 0.000 0.043 1.742 0.042 0.331 0.581 0.421 0.681 0.000 0.251 0.251 0.361 0.481 0.000 0.000 0.651 0.111 0.281 0.111 0.000 0.000 0.141 0.451 0.801 0.131 0.001 0.001 0.371 0.131 0.091
1.787 0.437 0.000 1.057 0.407 0.037 0.397 0.227 0.227 0.217 0.917 0.027 0.087 0.077 0.597 0.000 0.587 0.000 0.626 0.326 0.536 0.356 0.556 0.436 0.436 0.115 0.062 0.442 0.322 0.272 0.000 0.332 0.652 0.562 0.382 0.080 0.327 0.757 0.407 0.267 0.267 0.000 0.123 0.523 0.133 0.523 0.243 0.000 1.793 0.000 0.421 0.491 0.921 0.401 0.491 0.431 0.000 0.000 0.261 0.611 0.711 0.621 0.000 0.003 0.841 0.071 0.981 0.101 0.921 0.000 0.231 0.731 0.221 0.221 0.241 0.711 0.181
1.837 0.457 0.000 0.957 0.000 1.187 1.587 0.000 0.000 0.257 0.547 0.000 0.277 0.077 0.017 0.627 0.000 0.636 0.366 0.496 0.376 0.366 0.316 0.000 0.000 0.385 0.000 0.000 0.004 0.612 0.302 0.062 0.000 0.000 0.492 0.742 0.000 0.017 0.557 0.000 0.000 0.503 0.293 0.000 0.463 0.132 0.000 1.971 0.000 0.541 0.431 0.471 0.561 0.641 0.411 0.361 0.201 0.201 0.711 0.000 0.591 0.601 0.461 0.511 0.000 0.061 0.801 0.171 0.931 1.041 0.141 0.531 0.311 0.311 0.111 0.461 0.301
1.737 0.807 0.227 0.627 0.000 1.037 0.077 0.000 0.000 0.577 0.527 0.000 0.000 0.287 0.197 0.000 0.000 0.296 0.526 0.506 0.306 0.476 0.465 0.385 0.385 0.615 0.605 0.585 0.000 0.000 0.112 0.051 0.517 0.537 0.000 0.000 0.457 0.557 0.000 0.000 0.000 0.000 0.163 0.083 0.022 0.211 1.791 0.821 0.371 0.000 0.000 0.000 0.000 0.000 0.471 0.191 0.231 0.231 0.761 0.261 0.601 0.161 0.411 0.601 0.641 0.591 0.000 0.000 0.841 0.801 0.871 0.871 0.000 0.000 0.671 0.911 0.000
1.747 0.857 0.187 1.117 0.237 0.417 0.137 0.000 0.000 0.797 0.637 0.000 0.038 0.000 0.018 0.048 0.000 0.000 0.336 0.226 0.456 0.636 0.395 0.375 0.375 0.255 0.225 0.304 0.483 0.733 0.000 0.000 0.035 0.857 0.407 0.757 0.797 0.001 0.442 0.000 0.000 0.000 0.000 0.000 0.471 0.891 0.051 0.081 0.451 0.521 0.351 0.331 0.231 0.281 0.321 0.111 0.000 0.000 0.371 0.861 1.241 1.471 1.551 0.000 0.551 0.571 0.611 0.421 0.511 0.621 0.461 0.201 0.000 0.000 0.441 0.611 0.000
1.867 0.967 0.447 0.477 1.057 1.387 0.000 0.377 0.377 0.497 0.467 0.197 0.018 0.088 0.028 0.000 0.000 0.000 0.146 0.676 0.346 0.436 0.405 0.000 0.000 0.385 0.324 0.000 0.072 0.230 0.567 0.586 0.526 0.036 0.197 0.497 0.000 1.632 0.000 0.784 0.784 1.384 0.924 0.000 1.631 0.191 0.051 0.041 0.241 0.421 0.451 0.381 0.431 0.511 0.141 0.271 0.361 0.361 0.561 0.141 0.701 0.471 0.281 0.000 1.311 0.000 0.381 0.521 0.871 0.041 0.681 1.091 1.141 1.141 0.441 0.000 0.000
1.647 0.907 0.227 0.001 1.177 0.000 0.000 0.307 0.307 0.577 0.417 0.000 0.000 0.178 0.178 0.007 0.026 0.086 0.396 0.000 0.106 0.216 0.125 0.000 0.001 0.000 0.173 0.363 0.633 0.000 0.098 0.466 0.676 0.178 0.208 0.114 1.915 0.000 0.764 0.734 0.734 0.000 0.000 1.581 0.211 0.411 0.391 0.221 0.401 0.631 0.751 0.651 0.911 1.231 0.371 0.331 0.451 0.451 0.711 0.621 0.651 0.481 0.671 0.411 1.031 0.451 1.071 0.000 0.291 0.000 0.671 0.341 0.511 0.511 1.041 0.901 0.661
1.207 0.817 0.067 0.147 0.547 0.000 0.637 0.527 0.527 0.407 0.567 0.000 0.000 0.000 0.000 0.106 0.326 0.586 0.086 0.001 0.116 0.000 0.000 0.000 0.000 0.343 0.663 0.113 0.503 0.533 0.643 0.000 0.266 0.000 0.000 1.745 1.645 1.395 0.534 0.092 0.090 0.882 0.242 0.162 0.751 0.691 0.881 0.781 0.751 0.361 0.741 0.831 0.461 0.881 1.121 0.531 1.001 1.001 0.531 0.841 0.521 0.711 0.571 0.881 1.051 1.121 1.051 0.003 0.821 0.000 0.311 0.121 0.831 0.831 0.181 0.000 0.211
1.007 0.627 0.767 0.267 0.000 0.000 0.000 0.407 0.407 0.167 0.000 0.000 0.000 0.000 0.000 0.000 0.000 0.436 0.726 0.000 0.000 0.000 0.000 0.000 0.000 0.000 0.923 0.893 0.173 0.443 0.563 0.463 0.000 1.675 0.375 0.925 0.995 0.000 0.200 0.770 0.770 0.000 0.312 0.662 0.000 0.651 1.321 0.791 0.791 0.341 0.000 0.000 0.651 0.621 1.181 0.321 0.301 0.301 0.371 0.811 0.841 0.551 1.001 1.081 0.941 1.281 1.321 1.271 1.111 1.311 0.931 0.341 0.751 0.751 0.771 0.761 0.571
0.000 0.000 0.000 2.477 0.000 0.000 0.358 1.387 1.387 0.000 0.000 0.000 0.000 0.000 0.000 0.000 0.000 0.000 0.000 0.000 0.000 0.000 0.000 0.000 0.000 0.000 0.000 0.913 0.903 0.000 0.153 0.000 0.000 0.000 0.905 0.165 0.000 0.000 0.227 0.087 0.086 0.434 0.103 1.032 0.962 1.181 0.161 0.000 0.521 0.791 0.711 0.561 0.331 0.000 0.411 0.911 0.821 0.821 1.141 0.371 0.701 1.031 0.441 1.201 0.631 0.831 0.821 0.141 0.331 1.461 1.031 0.661 0.000 0.000 0.000 0.481 0.721
0.000 0.000 2.038 0.000 0.088 0.000 0.718 0.000 0.000 2.648 0.728 0.000 0.000 0.000 0.000 0.000 0.000 0.000 0.000 0.000 0.000 0.000 0.000 0.000 0.000 0.000 0.000 0.000 0.973 0.813 0.000 0.446 0.000 0.766 0.000 0.215 0.625 0.000 0.715 0.424 0.424 0.944 0.634 0.203 0.000 0.092 1.051 0.811 0.481 0.000 0.000 0.851 0.811 0.991 0.141 0.761 0.491 0.491 0.501 0.571 1.031 0.321 1.131 0.161 1.191 0.681 0.000 0.301 0.061 0.241 0.741 0.561 0.721 0.721 0.511 0.621 0.011
0.000 0.000 1.928 0.258 0.348 0.038 0.618 0.318 0.318 0.418 0.078 0.000 0.320 0.000 0.000 0.000 2.778 2.198 0.000 0.000 0.000 0.000 0.000 0.132 0.132 0.000 0.232 0.000 0.000 0.000 1.786 0.000 0.246 1.056 0.116 0.000 0.000 0.094 0.134 0.434 0.434 0.000 0.000 0.582 0.602 0.542 0.000 0.000 1.091 1.001 0.651 0.000 0.000 0.971 0.461 0.731 0.371 0.371 0.551 0.311 0.591 1.021 0.271 0.391 1.001 0.000 0.821 0.911 0.961 0.781 0.591 0.621 0.571 0.571 0.621 0.611 0.000
0.000 0.000 1.928 0.258 0.348 0.038 0.618 0.318 0.318 0.418 0.078 0.000 0.320 0.000 0.000 0.000 2.778 2.198 0.000 0.000 0.000 0.000 0.000 0.132 0.132 0.000 0.232 0.000 0.000 0.000 1.786 0.000 0.246 1.056 0.116 0.000 0.000 0.094 0.134 0.434 0.434 0.000 0.000 0.582 0.602 0.542 0.000 0.000 1.091 1.001 0.651 0.000 0.000 0.971 0.461 0.731 0.371 0.371 0.551 0.311 0.591 1.021 0.271 0.391 1.001 0.000 0.821 0.911 0.961 0.781 0.591 0.621 0.571 0.571 0.621 0.611 0.000
0.000 0.000 0.000 0.278 0.118 0.000 0.358 0.000 0.000 0.000 0.288 0.000 0.009 0.248 0.458 0.000 2.168 0.000 0.000 0.000 0.000 0.021 0.053 0.122 0.122 0.000 0.011 0.000 0.056 1.466 0.486 0.086 0.916 0.096 0.056 0.000 0.000 0.124 0.354 0.374 0.374 0.133 0.413 0.522 0.000 0.712 0.802 0.232 0.000 0.000 0.261 0.741 0.591 0.471 0.451 0.831 0.581 0.581 0.921 1.061 1.101 0.721 0.161 0.991 0.000 0.801 0.771 0.921 0.000 0.231 0.471 0.541 0.511 0.511 0.201 0.531 0.701
0.248 1.888 0.000 0.198 0.438 0.778 0.448 0.528 0.528 0.000 0.118 0.000 0.068 0.138 0.308 0.000 2.328 0.000 0.000 0.000 0.000 0.118 0.000 0.082 0.082 0.023 0.008 1.948 0.002 0.000 0.000 1.266 0.066 0.000 0.000 0.000 0.234 0.584 0.044 0.014 0.014 0.263 0.004 0.422 0.522 0.202 0.032 0.000 0.801 0.731 0.711 0.000 0.000 0.691 0.161 0.901 0.701 0.701 0.511 0.341 1.101 0.201 0.821 0.000 0.991 0.951 0.791 0.000 0.000 0.000 0.000 0.411 0.000 0.000 0.000 0.000 0.000
0.000 0.000 0.000 1.248 0.000 0.268 0.000 0.468 0.468 0.198 0.378 0.328 0.148 0.348 0.018 0.000 2.648 0.298 0.378 0.318 0.398 0.078 0.000 0.062 0.062 0.013 0.000 0.000 0.000 0.000 0.146 0.236 0.000 0.000 0.000 0.764 0.654 0.000 0.353 0.223 0.223 0.823 0.005 0.000 0.082 0.322 0.151 0.201 0.411 0.141 0.521 0.251 0.161 0.811 0.071 0.451 1.451 1.451 0.491 0.801 0.881 0.000 0.991 0.911 1.011 0.000 0.851 0.931 0.831 1.011 0.981 0.591 0.921 0.921 0.991 0.901 0.781
1.028 0.000 0.000 1.258 0.528 0.258 0.088 0.448 0.448 0.308 0.428 0.178 0.418 0.168 0.000 0.000 2.438 0.528 0.388 0.278 0.468 0.078 0.000 0.000 0.000 0.043 0.002 0.216 0.166 0.496 0.326 0.436 0.000 0.104 0.664 0.834 0.194 0.313 0.673 0.223 0.223 1.263 0.000 0.123 0.000 0.000 0.731 1.311 0.731 0.000 0.000 0.271 0.521 0.421 0.271 0.121 0.331 0.331 0.371 0.111 0.621 1.021 0.891 0.681 0.671 0.751 1.121 0.811 0.981 0.841 0.191 0.000 0.921 0.921 0.961 1.031 1.051
1.328 1.378 1.198 0.000 0.768 0.118 0.208 0.528 0.528 0.298 0.228 0.268 0.928 0.058 0.000 0.000 2.268 0.048 0.378 0.088 0.288 0.000 0.108 0.000 0.000 0.026 0.002 0.296 1.066 0.386 0.000 0.000 0.000 0.664 0.874 0.834 0.000 0.833 0.883 0.103 0.103 1.113 1.263 0.193 0.253 0.963 0.000 0.481 1.101 0.641 0.061 0.631 0.111 0.000 0.491 0.391 0.111 0.111 0.271 1.041 1.011 0.881 0.000 0.601 0.731 0.981 0.681 0.791 0.831 1.101 0.871 0.000 0.931 0.931 0.991 0.971 1.041
1.368 0.000 1.458 0.000 0.608 0.000 0.398 0.468 0.468 0.208 0.228 0.198 0.168 0.448 0.000 0.000 2.058 0.000 0.448 0.218 0.318 0.000 0.298 0.128 0.128 0.288 0.168 0.000 0.003 0.000 0.050 0.000 0.000 0.774 0.714 0.014 1.013 1.053 1.093 0.000 0.000 0.163 0.873 0.000 0.903 0.173 0.983 0.000 0.891 1.231 0.701 0.041 0.731 0.811 0.000 0.291 0.361 0.361 1.111 1.051 1.171 0.000 0.481 0.691 0.771 0.831 0.891 0.871 0.931 1.011 1.001 0.391 0.921 0.921 0.991 1.211 0.951
0.000 0.000 1.398 0.638 0.388 0.000 0.478 0.000 0.000 0.488 0.518 0.208 0.138 0.198 0.000 0.000 0.000 0.000 0.478 0.348 0.438 0.438 0.108 0.398 0.398 0.438 0.000 0.000 1.080 0.990 0.850 0.540 0.000 0.744 0.704 0.000 1.113 1.293 0.083 0.903 0.903 1.193 0.163 0.563 0.963 0.123 0.272 0.992 0.000 1.011 0.091 0.451 0.003 0.000 0.000 1.081 0.711 0.711 0.581 1.031 0.000 0.431 0.741 0.941 1.001 0.871 0.901 0.921 1.011 1.041 1.001 1.021 0.891 0.891 0.821 0.931 0.961
0.000 1.216 0.000 0.798 0.688 0.648 0.928 0.000 0.000 0.138 0.158 0.278 0.438 0.328 0.000 0.015 0.000 0.478 0.528 0.538 0.428 0.228 0.348 0.518 0.518 0.008 0.370 1.140 1.310 1.050 1.020 0.970 0.000 0.124 0.084 1.183 1.103 0.943 0.163 0.993 0.993 0.823 0.000 1.143 0.933 0.883 0.083 0.232 1.431 1.331 0.481 0.831 0.291 0.731 0.601 0.741 0.711 0.711 0.331 0.761 0.000 0.611 0.981 0.851 0.811 0.921 1.011 0.881 0.961 1.091 1.141 1.061 0.831 0.831 0.511 0.971 1.001
0.316 0.446 0.000 0.000 0.000 0.000 0.000 0.288 0.288 0.168 0.288 0.348 0.000 0.418 0.000 0.000 0.000 0.088 0.108 0.000 0.518 0.098 0.308 0.138 0.138 0.000 1.390 1.320 1.250 1.070 1.020 1.120 0.000 0.000 0.000 0.043 0.303 0.000 0.383 0.203 0.203 0.213 0.053 0.253 0.313 1.153 0.283 0.000 0.000 0.061 0.031 0.451 0.631 0.501 0.781 0.831 0.721 0.721 0.531 0.781 0.411 0.571 0.941 0.911 0.821 1.101 0.971 0.971 0.961 0.961 0.971 0.881 0.781 0.781 0.891 0.971 0.931
