includes/lisflood/camargue/results_R3_t1.561737397084E12/res-0013.wdfp
ncols         906
nrows         631
xllcorner     362177.146667
yllcorner     6534725.688020
cellsize      20.000000
NODATA_value  -9999.000000
[rows 408 to 441 of 631, columns 231 to 307 of 906]
0.467 0.377 1.108 1.108 0.123 0.074 0.846 1.396 1.436 1.426 0.557 0.000 0.666 1.366 1.367 1.417 0.000 0.119 0.080 0.080 0.781 0.345 0.648 0.969 0.660 0.700 1.261 1.041 0.102 0.022 1.994 0.000 0.000 1.607 1.467 1.467 1.857 0.497 1.437 0.327 0.157 1.388 1.278 0.228 0.000 1.058 0.968 0.000 1.359 0.269 0.000 0.000 0.359 0.469 1.489 0.429 0.459 0.000 2.094 0.314 0.000 0.000 0.602 0.292 0.522 0.152 0.000 0.000 0.000 0.923 0.953 0.000 1.044 0.864 0.000 0.084 0.000
0.637 0.907 0.248 0.248 0.000 0.082 0.054 0.000 0.765 1.516 1.436 1.396 0.098 0.000 0.696 1.417 1.388 1.498 0.299 0.300 0.911 0.105 0.718 0.588 0.089 0.380 0.201 0.992 0.142 1.970 0.000 0.000 0.126 2.147 0.000 0.000 1.007 0.867 0.287 0.807 0.247 0.598 1.418 1.048 1.008 1.098 0.758 0.000 1.139 0.819 1.119 1.119 0.129 1.369 0.000 0.069 0.519 0.000 2.406 0.000 0.000 0.751 0.331 0.331 0.582 0.582 0.902 0.902 0.932 0.852 0.000 0.874 0.984 0.000 0.000 0.000 0.804
0.557 1.047 0.003 0.003 0.379 0.399 0.000 0.704 1.304 0.185 0.295 1.405 1.425 1.456 0.558 0.000 1.188 1.439 1.059 1.059 0.000 0.967 0.777 0.858 0.000 0.000 0.000 1.928 1.947 0.000 1.635 1.255 0.185 0.000 0.867 0.867 1.017 0.697 1.417 0.917 0.067 0.398 0.718 0.948 0.978 0.938 0.158 0.208 0.689 1.049 0.769 0.769 0.759 1.129 1.139 0.459 0.719 0.131 1.014 0.000 0.000 0.761 0.781 0.781 0.811 0.005 0.512 0.512 1.032 1.072 0.000 1.014 0.904 0.264 0.494 0.554 0.634
0.557 1.047 0.003 0.003 0.379 0.399 0.000 0.704 1.304 0.184 0.295 1.405 1.425 1.456 0.556 0.000 1.188 1.439 1.059 1.059 0.000 0.966 0.777 0.858 0.000 0.000 0.000 1.928 1.947 0.000 1.635 1.255 0.185 0.000 0.867 0.867 1.017 0.697 1.417 0.917 0.067 0.398 0.718 0.948 0.978 0.938 0.158 0.208 0.688 1.049 0.769 0.769 0.759 1.129 1.139 0.459 0.719 0.130 1.014 0.000 0.000 0.761 0.781 0.781 0.811 0.006 0.512 0.512 1.032 1.072 0.000 1.014 0.904 0.264 0.494 0.554 0.634
0.997 1.157 1.347 1.347 0.058 0.859 0.480 1.263 0.132 0.312 1.332 0.693 0.124 1.446 1.456 1.475 0.169 0.000 1.060 1.060 0.893 1.085 0.348 0.462 0.000 0.000 1.904 1.923 0.000 0.185 0.155 0.000 1.235 1.015 0.396 0.396 0.927 0.747 0.917 0.587 0.307 0.457 0.447 1.188 0.228 0.000 1.078 0.998 0.958 0.358 0.198 0.198 1.069 0.659 0.000 1.029 2.139 1.929 0.000 0.339 0.000 0.801 0.801 0.811 0.000 0.629 0.000 0.000 1.092 0.000 0.794 0.944 0.000 0.014 0.000 0.554 0.015
0.000 1.097 1.157 1.157 1.217 0.528 0.428 0.090 0.391 0.491 0.731 0.712 0.912 0.224 0.165 1.605 1.105 1.305 0.000 0.000 0.974 1.084 0.000 0.503 0.000 0.183 1.900 0.000 0.224 0.000 1.465 1.015 0.345 0.915 0.115 0.116 0.256 0.816 0.516 0.506 0.177 0.427 1.077 0.807 0.048 0.638 1.068 1.038 1.008 1.098 1.108 1.108 0.348 0.000 0.879 0.599 0.000 2.383 2.269 0.429 0.000 0.500 0.630 0.211 0.000 0.569 0.000 0.000 0.512 0.034 0.974 0.514 0.000 0.254 0.754 0.604 0.136
0.000 1.196 0.906 0.906 0.000 1.098 1.098 1.148 0.000 1.258 1.199 0.130 0.262 0.624 0.834 0.555 0.945 0.236 1.306 1.306 0.000 0.000 2.432 0.582 1.873 0.732 0.291 1.404 1.074 1.054 0.784 0.125 1.135 1.415 1.445 1.445 0.966 1.126 0.756 0.526 0.000 2.202 2.221 2.225 1.867 0.658 1.418 2.178 2.200 1.838 0.000 0.000 1.108 1.118 0.079 0.449 2.371 0.339 0.049 0.000 0.000 0.369 0.459 0.000 0.707 0.000 0.782 0.782 0.872 0.000 0.000 0.854 0.934 0.894 0.544 0.000 0.000
0.000 1.066 0.996 0.996 0.466 0.000 1.328 1.308 1.278 1.308 1.208 0.778 0.151 0.493 1.034 0.000 0.475 0.000 0.050 0.050 0.000 0.000 0.563 1.850 1.003 0.123 0.524 0.894 0.094 0.424 1.285 1.235 1.325 1.345 1.355 1.355 0.000 0.000 0.466 0.000 1.287 2.197 0.000 0.000 0.000 0.538 0.498 0.418 0.000 1.768 0.508 0.508 0.558 0.438 0.000 1.269 0.039 0.599 0.000 0.000 0.737 0.408 0.828 0.000 0.617 0.000 0.006 0.006 0.000 1.020 0.610 0.000 0.000 0.834 0.754 0.000 0.000
0.000 0.000 0.896 0.896 0.286 0.167 0.718 1.138 1.238 1.168 0.047 0.657 0.369 0.912 0.000 0.136 0.005 0.000 0.203 0.203 0.000 0.513 1.826 0.213 1.304 1.104 0.794 1.064 1.064 1.364 1.265 1.355 1.495 0.215 0.000 0.000 0.155 0.055 0.236 2.154 2.173 0.001 0.304 0.344 0.614 0.000 0.478 0.508 0.000 0.000 2.215 2.215 0.458 0.588 0.129 2.351 2.649 0.000 0.000 0.837 0.767 0.437 0.777 0.000 0.677 0.000 0.000 0.000 0.080 0.900 0.000 0.784 0.834 0.734 0.000 1.044 0.000
0.000 0.000 0.806 0.806 0.236 0.296 0.468 1.238 0.258 1.088 0.146 1.175 0.217 0.000 0.316 0.246 0.236 0.000 2.554 2.554 2.604 1.804 0.000 1.284 1.204 1.124 1.144 1.154 1.134 1.344 0.704 0.000 0.365 0.000 0.000 0.000 2.091 2.110 2.129 1.056 0.000 0.000 0.000 0.000 0.000 0.000 0.000 0.188 0.498 0.000 2.215 2.215 0.000 0.189 0.659 2.351 0.000 0.000 0.807 0.797 0.837 0.707 0.777 0.647 0.597 0.000 0.268 0.268 0.399 0.270 0.412 0.000 0.734 0.894 0.000 1.154 0.000
0.544 0.484 0.695 0.695 0.615 0.325 0.758 1.098 0.318 0.927 0.666 1.454 0.000 0.425 0.446 0.000 0.000 2.643 0.000 0.000 1.780 0.000 0.854 1.324 1.064 0.864 0.000 0.000 0.894 0.834 0.884 1.424 0.000 0.095 2.067 2.067 2.086 0.000 1.195 0.000 0.000 0.767 0.627 0.817 0.817 0.000 0.000 0.000 0.688 0.158 0.000 0.000 2.269 1.409 2.324 0.000 0.000 0.547 0.807 0.847 0.677 0.057 0.387 0.727 0.777 0.787 0.208 0.208 0.579 0.000 0.492 0.333 0.184 0.834 0.234 0.934 0.000
0.654 0.414 0.614 0.614 0.584 0.643 0.033 0.267 0.967 1.147 0.000 2.144 0.113 0.119 0.357 0.982 1.942 0.563 2.574 2.574 1.224 0.000 0.000 0.000 0.454 0.954 0.884 1.910 1.929 1.948 1.967 1.986 2.005 2.025 2.063 2.063 0.385 0.855 0.815 0.000 0.000 0.477 0.397 0.397 0.347 0.517 0.837 0.000 0.000 0.000 0.000 0.399 2.079 0.609 0.000 0.000 0.817 0.867 0.807 0.787 0.617 0.797 0.627 0.797 0.397 0.967 0.367 0.367 0.000 0.027 0.000 0.464 0.644 0.364 0.934 0.604 0.294
0.000 0.434 0.139 0.131 0.173 0.213 0.079 1.187 0.537 0.000 0.211 1.893 0.204 0.457 0.000 0.000 0.000 0.573 1.752 1.752 0.000 0.000 0.224 0.174 1.464 1.867 1.886 1.814 0.000 0.000 0.000 0.000 0.000 0.000 0.000 0.000 0.000 0.000 0.000 0.000 0.547 0.497 0.087 0.847 0.827 0.957 0.707 0.897 1.017 0.697 0.000 0.000 0.000 0.000 0.000 0.617 1.007 0.967 0.437 0.707 0.727 0.657 0.317 0.597 0.277 0.577 0.477 0.477 0.097 0.267 0.000 0.000 0.000 0.174 0.704 0.000 0.000
0.000 0.000 0.148 0.138 0.348 0.271 0.642 0.000 0.000 0.579 0.669 0.163 1.482 0.431 0.152 0.657 0.000 0.044 1.748 1.748 1.767 1.786 1.805 1.824 1.843 0.000 0.000 0.000 0.000 0.927 0.000 0.000 0.507 0.000 0.617 0.617 0.000 0.000 0.000 0.617 0.157 0.437 0.377 0.397 0.837 0.777 0.487 0.727 0.437 0.607 0.737 0.737 0.000 0.000 0.436 0.657 0.847 0.897 0.377 0.167 0.087 0.807 0.937 0.907 0.107 0.157 0.727 0.727 0.327 0.000 0.000 0.757 0.487 0.000 0.000 0.345 0.195
0.000 0.003 0.046 0.038 0.280 0.000 0.000 0.000 0.000 0.000 0.361 1.453 0.620 1.604 0.962 0.396 0.731 0.000 1.584 1.584 0.000 0.000 0.000 0.000 0.000 0.000 0.647 1.037 0.947 0.787 0.257 0.207 0.137 0.267 0.157 0.157 0.000 0.000 0.337 0.377 0.557 0.347 0.497 0.187 0.557 0.417 0.817 0.847 0.447 0.907 0.016 0.028 0.815 0.505 0.526 0.766 0.657 0.527 0.427 0.927 0.727 0.207 0.927 0.827 0.707 0.957 0.000 0.000 0.537 0.000 0.757 0.607 0.000 0.461 0.000 0.000 0.000
0.003 0.002 0.184 0.191 0.321 0.000 0.451 0.000 0.000 0.000 0.161 0.000 0.147 0.583 0.931 0.000 0.848 1.077 0.000 0.000 0.000 1.287 0.837 1.147 1.217 0.947 1.087 1.267 0.000 0.000 0.337 0.000 0.517 0.467 0.000 0.000 0.537 0.567 0.477 0.547 0.277 0.467 0.477 0.517 0.257 0.637 0.047 0.117 0.657 0.000 0.000 0.000 0.755 0.565 0.716 0.356 0.497 0.237 0.697 0.000 1.037 1.127 1.107 0.417 0.000 0.857 0.087 0.087 0.107 0.627 0.517 0.037 0.268 0.000 0.000 0.463 0.213
0.019 0.004 0.523 0.524 0.275 0.375 0.271 0.000 0.118 0.178 0.000 0.841 0.000 0.000 2.560 0.115 0.636 0.178 0.000 0.000 1.217 0.587 0.977 1.017 0.000 0.817 0.357 0.000 0.737 0.727 1.377 1.247 0.000 0.097 0.000 0.000 0.047 0.507 0.447 0.537 0.527 0.237 0.627 0.407 0.547 0.037 0.000 0.577 0.000 0.000 0.095 0.096 0.402 0.465 0.796 0.000 0.677 0.000 0.356 0.186 0.000 0.000 0.007 0.117 0.000 0.797 0.000 0.000 0.607 0.277 0.037 0.098 0.328 0.000 0.000 0.002 0.000
0.139 0.000 0.229 0.229 0.000 0.010 0.660 0.219 0.001 0.548 0.338 0.000 0.000 0.000 0.086 1.280 0.000 1.440 0.000 0.000 1.197 1.147 0.437 0.507 0.987 0.387 0.347 1.057 1.097 1.137 1.177 1.097 1.007 1.077 0.387 0.387 0.517 0.647 0.497 0.147 0.297 0.257 0.627 0.457 0.000 0.557 0.547 0.000 0.000 0.000 0.764 0.764 0.524 0.000 0.696 0.726 0.026 0.000 0.676 0.000 0.000 0.000 0.267 0.537 0.000 1.037 0.000 0.000 0.567 0.000 0.000 0.378 0.000 0.000 0.000 0.014 0.000
0.000 0.000 0.225 0.225 0.000 0.000 0.567 0.107 0.256 0.097 1.738 2.228 1.067 1.087 1.106 1.126 1.609 1.164 0.000 0.000 1.137 0.257 0.417 1.267 0.287 0.977 0.407 0.927 1.137 0.897 0.637 1.287 1.197 1.187 0.397 0.397 0.397 0.607 0.627 0.247 0.517 0.717 0.737 0.000 0.527 0.547 0.000 0.000 0.000 0.006 0.000 0.000 0.959 1.139 0.000 0.746 0.756 0.306 0.536 0.366 0.446 0.376 0.096 0.027 0.707 0.837 0.547 0.547 0.000 0.000 0.000 0.000 0.000 0.001 0.000 0.054 0.000
0.000 0.000 0.189 0.189 0.000 0.000 0.565 0.103 0.256 0.097 1.738 2.228 1.067 1.087 1.106 1.125 1.609 1.164 0.000 0.000 1.137 0.257 0.417 1.267 0.287 0.977 0.407 0.927 1.137 0.897 0.637 1.287 1.197 1.187 0.397 0.397 0.397 0.607 0.627 0.247 0.517 0.717 0.737 0.000 0.527 0.547 0.000 0.000 0.000 0.005 0.000 0.000 0.959 1.139 0.000 0.746 0.756 0.306 0.536 0.366 0.446 0.376 0.096 0.027 0.707 0.837 0.547 0.547 0.000 0.000 0.000 0.000 0.000 0.000 0.000 0.054 0.000
0.000 1.625 0.171 0.177 0.413 0.000 0.301 0.314 0.030 1.002 1.024 1.043 2.148 1.082 1.102 1.121 1.140 1.159 1.129 0.000 0.607 0.337 1.037 1.187 1.257 0.000 1.157 1.137 0.657 0.727 0.897 1.097 1.297 1.237 0.747 0.747 0.457 0.547 0.977 0.227 0.657 0.000 0.487 0.607 0.447 0.000 0.000 0.071 0.211 0.811 0.522 0.523 0.567 0.338 0.438 0.000 0.286 0.136 0.000 0.046 0.276 0.256 0.000 0.000 1.047 0.877 0.497 0.497 0.427 0.000 0.000 0.000 0.232 0.232 0.000 0.000 0.058
0.452 1.985 0.000 0.000 0.144 0.000 0.004 0.391 0.972 0.995 0.455 0.316 0.000 0.069 0.109 0.899 0.169 0.069 0.299 0.000 0.000 1.007 0.917 0.827 1.237 1.027 0.947 0.000 0.927 0.837 0.647 0.487 1.337 1.247 0.827 0.827 0.477 1.067 0.897 0.937 0.237 0.607 0.657 0.487 0.000 0.000 0.277 0.000 0.801 0.751 0.521 0.522 0.000 0.000 0.000 0.000 0.000 0.000 0.127 0.000 0.036 0.136 0.727 0.000 0.837 0.000 0.237 0.237 0.000 0.000 0.000 0.000 0.000 0.000 0.001 0.000 0.000
0.095 0.086 0.127 0.136 1.858 0.673 0.719 0.761 0.136 0.161 0.465 0.246 0.128 0.819 0.139 0.129 0.000 0.369 1.879 1.879 0.000 0.000 0.000 0.000 0.417 1.167 1.187 0.937 0.477 0.357 0.877 0.817 0.877 0.697 0.567 0.567 0.847 0.847 1.067 0.817 0.207 0.227 0.247 0.837 0.777 0.537 0.000 0.843 0.000 0.741 0.219 0.218 1.235 0.315 0.000 0.068 0.000 0.000 0.217 0.247 0.000 0.000 0.687 0.000 0.927 0.000 0.000 0.000 0.000 0.000 0.000 0.000 0.000 0.000 0.001 0.000 0.000
0.075 0.165 0.556 0.568 0.632 0.661 0.035 0.000 0.000 1.302 0.007 0.216 0.000 0.339 0.749 0.129 0.000 0.000 0.000 0.000 0.000 0.000 0.000 0.000 0.266 0.226 0.027 0.707 0.807 0.000 0.677 0.797 0.767 0.927 0.607 0.607 0.597 0.597 0.117 0.427 0.467 0.237 0.317 0.367 0.247 0.000 0.793 0.593 0.664 0.251 0.715 0.715 1.025 0.000 0.418 0.318 0.000 0.000 0.087 0.477 0.107 0.000 0.277 0.347 0.757 0.000 0.000 0.000 0.000 0.000 0.000 0.000 0.000 0.094 0.054 0.000 0.126
0.423 0.476 1.790 1.790 0.016 0.098 1.328 0.000 0.115 0.135 0.001 0.004 0.020 0.319 0.269 0.000 0.000 0.000 0.659 0.659 0.329 0.310 0.331 0.043 0.086 0.286 0.386 0.000 0.527 0.687 0.437 1.087 0.707 0.537 0.457 0.457 0.467 0.477 0.487 0.907 0.117 0.377 0.477 0.917 0.967 0.717 0.080 0.321 0.000 0.246 0.088 0.090 0.244 0.000 0.198 0.338 0.000 0.000 0.037 0.097 0.347 0.000 0.037 0.967 0.307 0.000 0.000 0.000 0.000 0.000 0.000 0.041 0.000 0.000 0.001 0.126 0.076
0.417 0.472 0.566 0.567 0.008 0.000 0.000 0.000 0.029 0.109 0.190 0.370 1.080 0.110 0.199 0.000 0.485 0.155 0.000 0.000 0.257 0.110 0.050 0.185 0.000 0.206 0.426 0.136 0.000 0.717 0.487 0.777 0.747 0.867 0.487 0.487 0.657 0.747 0.757 0.857 0.247 0.297 0.807 0.657 1.057 0.727 0.508 0.798 0.628 0.608 0.398 0.398 0.073 0.000 0.298 0.258 0.000 0.178 0.368 0.000 0.067 0.000 0.147 0.877 0.317 0.127 0.317 0.317 0.000 0.000 0.000 0.000 0.000 0.000 0.000 0.106 0.046
0.000 0.000 0.916 0.916 0.010 0.004 0.000 0.000 0.190 0.210 0.190 0.290 0.410 0.320 0.380 0.000 0.545 0.485 0.595 0.595 0.675 0.000 0.000 0.000 0.000 0.000 0.216 0.086 0.247 0.347 0.017 0.537 0.267 0.000 0.437 0.437 0.607 0.787 1.007 0.477 1.127 0.927 0.997 1.177 0.417 0.077 0.268 0.388 0.938 1.238 1.158 1.158 0.398 0.728 0.318 0.298 0.000 0.000 0.068 0.000 0.516 0.008 0.000 0.887 0.000 0.117 0.000 0.000 0.000 0.000 0.000 0.000 0.000 0.000 0.026 0.086 0.000
0.000 0.000 0.000 0.001 0.000 0.006 0.000 0.000 0.130 0.280 0.330 0.330 0.320 0.420 0.000 0.000 0.425 0.605 0.435 0.435 0.625 0.575 0.000 0.000 0.000 0.000 0.000 0.377 0.467 0.377 0.217 0.000 0.307 0.117 0.000 0.000 0.977 0.997 1.007 0.197 0.817 0.747 0.507 0.517 0.000 0.000 0.000 0.118 0.818 0.758 0.828 0.828 0.558 0.878 0.198 0.358 0.000 0.000 0.000 0.000 0.586 0.000 0.000 0.957 0.000 0.097 0.000 0.000 0.000 0.000 0.000 0.000 0.000 0.000 0.000 0.106 0.000
0.000 0.000 0.000 0.001 0.000 0.000 0.000 0.000 0.270 0.370 0.360 0.500 0.360 0.310 0.000 0.565 0.635 0.455 0.000 0.000 0.000 0.505 0.365 0.000 0.000 0.000 0.000 0.000 0.317 0.317 0.267 0.067 0.000 0.137 0.037 0.037 0.000 0.917 0.947 0.967 0.957 0.917 1.257 0.897 0.827 0.878 0.808 0.878 0.768 0.808 0.798 0.798 0.338 0.358 0.038 0.248 0.288 0.448 0.348 0.000 0.606 0.256 0.717 0.897 0.000 0.000 0.000 0.000 0.000 0.000 0.000 0.000 0.000 0.000 0.000 0.000 0.000
0.000 0.000 0.000 0.001 0.032 0.000 0.000 0.000 0.410 0.410 0.410 0.370 0.490 0.000 0.000 0.475 0.615 0.000 0.000 0.000 0.000 0.000 0.000 0.000 0.000 0.000 0.000 0.004 0.000 0.000 0.227 0.447 0.257 0.000 0.000 0.000 0.127 0.000 0.987 1.037 1.017 0.997 0.977 0.397 0.000 0.000 0.000 0.000 0.000 0.000 0.000 0.000 0.737 0.897 0.000 0.318 0.348 0.328 0.138 0.000 0.666 0.556 0.000 1.017 0.000 0.000 0.000 0.000 0.000 0.000 0.000 0.000 0.000 0.000 0.000 0.000 0.000
0.000 0.000 0.000 0.000 0.000 0.181 0.000 0.000 0.360 0.450 0.560 0.000 0.000 0.000 0.000 0.000 0.041 0.000 0.000 0.000 0.000 0.000 0.000 0.000 0.000 0.000 0.000 0.043 0.000 0.000 0.000 0.407 0.297 0.007 0.000 0.000 0.247 0.707 1.087 1.037 0.997 0.947 0.927 0.927 0.467 0.797 0.867 0.787 0.947 0.997 0.937 0.937 0.757 0.937 0.000 0.298 0.438 0.258 0.378 0.108 0.456 0.606 0.000 0.397 0.000 0.000 0.000 0.000 0.000 0.000 0.000 0.000 0.000 0.000 0.000 0.000 0.000
0.000 0.000 0.000 0.000 0.000 0.000 0.000 0.000 0.121 0.000 0.380 0.000 0.000 0.000 0.000 0.000 0.000 0.000 0.000 0.000 0.000 0.000 0.000 0.000 0.000 0.000 0.000 0.054 0.060 0.021 0.077 0.000 0.000 0.012 0.049 0.048 0.000 0.957 0.977 0.957 0.917 0.907 0.987 0.927 0.147 0.897 0.697 0.627 0.767 0.917 0.817 0.817 0.887 0.967 0.000 0.288 0.378 0.000 0.348 0.001 0.001 0.646 0.000 0.897 0.000 0.000 0.000 0.000 0.000 0.000 0.000 0.000 0.000 0.000 0.000 0.000 0.709
0.002 0.000 0.000 0.000 0.000 0.000 0.000 0.000 0.067 0.000 0.001 0.000 0.000 0.000 0.000 0.000 0.000 0.000 0.000 0.000 0.000 0.000 0.000 0.000 0.000 0.000 0.000 0.000 0.187 0.119 0.181 0.167 0.000 0.000 0.000 0.000 0.000 0.297 0.817 0.877 0.887 0.977 0.947 1.037 0.947 0.017 0.727 0.067 0.067 0.427 0.677 0.677 0.307 0.967 0.967 0.457 0.518 0.000 0.228 0.348 0.000 0.586 0.216 0.296 0.000 0.000 0.000 0.000 0.000 0.000 0.000 0.000 0.000 0.000 0.000 0.000 2.099
0.000 0.000 0.000 0.000 0.000 0.000 0.000 0.000 0.082 0.134 0.031 0.000 0.056 0.000 0.000 0.000 0.000 0.000 0.000 0.000 0.000 0.000 0.000 0.000 0.000 0.000 0.000 0.000 0.000 0.150 0.035 0.149 0.000 0.000 0.000 0.000 0.000 0.327 0.457 0.607 0.967 0.957 0.967 0.647 0.657 0.297 0.537 0.697 0.707 0.000 0.457 0.457 0.507 0.987 0.687 0.427 0.208 0.248 0.558 0.048 0.000 0.576 0.596 0.496 0.000 0.000 0.000 0.000 0.000 0.000 0.000 0.000 0.000 0.761 0.000 2.169 1.849
