includes/lisflood/camargue/results_R3_t1.561737397084E12/res-0003.wdfp
ncols         906
nrows         631
xllcorner     362177.146667
yllcorner     6534725.688020
cellsize      20.000000
NODATA_value  -9999.000000
[rows 544 to 577 of 631, columns 693 to 769 of 906]
12.739 12.875 13.011 13.147 13.283 13.437 13.592 13.747 13.747 14.057 13.987 13.875 13.762 13.649 13.537 13.424 13.311 13.198 13.096 13.031 12.966 12.901 12.828 12.744 12.744 12.574 12.490 12.405 12.320 12.236 12.151 12.059 11.926 11.792 11.658 11.618 11.612 11.607 11.602 11.596 11.596 11.586 11.581 11.575 11.566 11.546 11.527 11.507 11.534 11.572 11.610 11.648 11.686 11.725 11.763 11.801 11.912 11.912 11.996 12.081 12.165 12.222 12.279 12.336 12.393 12.449 12.506 12.563 12.620 12.644 12.661 12.678 12.700 12.700 12.708 12.716 12.724
12.789 12.925 13.061 13.197 13.333 13.473 13.628 13.783 13.783 13.999 13.886 13.774 13.661 13.548 13.435 13.323 13.210 13.097 12.985 12.900 12.835 12.770 12.686 12.601 12.601 12.432 12.348 12.263 12.178 12.094 12.009 11.924 11.811 11.678 11.588 11.583 11.577 11.572 11.567 11.561 11.561 11.551 11.546 11.540 11.535 11.519 11.499 11.506 11.544 11.582 11.621 11.659 11.697 11.735 11.773 11.812 11.901 11.901 11.985 12.069 12.135 12.192 12.249 12.305 12.362 12.419 12.476 12.533 12.590 12.632 12.650 12.667 12.684 12.684 12.692 12.700 12.707
12.839 12.975 13.110 13.246 13.382 13.518 13.664 13.819 13.819 13.898 13.785 13.673 13.560 13.447 13.334 13.222 13.109 12.996 12.883 12.771 12.705 12.629 12.544 12.459 12.459 12.290 12.205 12.121 12.036 11.952 11.867 11.782 11.697 11.563 11.553 11.548 11.542 11.537 11.532 11.526 11.526 11.516 11.511 11.505 11.500 11.491 11.478 11.517 11.555 11.593 11.631 11.669 11.708 11.746 11.784 11.822 11.899 11.898 11.973 12.048 12.105 12.162 12.218 12.275 12.332 12.389 12.446 12.502 12.559 12.616 12.638 12.651 12.667 12.667 12.675 12.683 12.691
12.888 13.024 13.160 13.296 13.432 13.568 13.704 13.855 13.855 13.797 13.684 13.571 13.459 13.346 13.233 13.121 13.008 12.895 12.782 12.670 12.571 12.487 12.402 12.317 12.317 12.148 12.063 11.979 11.895 11.814 11.733 11.653 11.572 11.534 11.528 11.522 11.516 11.510 11.504 11.499 11.499 11.487 11.481 11.475 11.469 11.464 11.490 11.527 11.565 11.603 11.642 11.680 11.718 11.756 11.794 11.833 11.909 11.909 11.961 12.018 12.075 12.131 12.188 12.245 12.302 12.358 12.415 12.472 12.529 12.586 12.626 12.634 12.649 12.649 12.655 12.661 12.667
12.938 13.074 13.210 13.346 13.482 13.618 13.754 13.891 13.891 13.696 13.590 13.485 13.379 13.274 13.169 13.063 12.958 12.853 12.747 12.642 12.562 12.484 12.403 12.323 12.322 12.161 12.080 12.000 11.919 11.838 11.758 11.677 11.609 11.600 11.593 11.587 11.582 11.576 11.570 11.564 11.564 11.552 11.546 11.541 11.535 11.530 11.537 11.574 11.612 11.649 11.686 11.724 11.761 11.799 11.836 11.873 11.948 11.948 11.947 11.988 12.045 12.102 12.159 12.215 12.272 12.329 12.386 12.443 12.499 12.556 12.595 12.606 12.618 12.618 12.624 12.630 12.636
12.987 13.123 13.256 13.387 13.517 13.647 13.778 13.856 13.856 13.692 13.587 13.482 13.376 13.271 13.165 13.060 12.955 12.849 12.744 12.647 12.579 12.508 12.428 12.347 12.347 12.185 12.105 12.024 11.943 11.863 11.782 11.701 11.677 11.667 11.659 11.653 11.647 11.641 11.635 11.629 11.629 11.617 11.612 11.606 11.600 11.598 11.596 11.622 11.659 11.696 11.734 11.771 11.809 11.846 11.883 11.921 11.978 11.977 11.959 11.959 12.016 12.073 12.130 12.186 12.243 12.300 12.357 12.413 12.470 12.522 12.550 12.575 12.587 12.587 12.593 12.599 12.605
13.008 13.139 13.269 13.399 13.530 13.660 13.790 13.801 13.801 13.689 13.583 13.478 13.373 13.267 13.162 13.057 12.951 12.846 12.741 12.664 12.596 12.528 12.452 12.371 12.371 12.210 12.129 12.048 11.968 11.887 11.806 11.754 11.744 11.734 11.725 11.718 11.712 11.706 11.700 11.694 11.694 11.683 11.677 11.671 11.668 11.666 11.664 11.669 11.706 11.744 11.781 11.819 11.856 11.893 11.931 11.968 11.989 11.989 11.970 11.951 11.987 12.044 12.101 12.157 12.214 12.271 12.328 12.384 12.441 12.476 12.504 12.532 12.556 12.556 12.562 12.568 12.574
13.021 13.151 13.281 13.412 13.542 13.673 13.777 13.746 13.746 13.685 13.580 13.475 13.369 13.264 13.159 13.053 12.948 12.843 12.749 12.681 12.613 12.545 12.476 12.396 12.396 12.234 12.154 12.073 11.992 11.911 11.831 11.821 11.812 11.802 11.792 11.783 11.777 11.772 11.766 11.760 11.760 11.748 11.742 11.738 11.736 11.734 11.732 11.730 11.754 11.791 11.828 11.866 11.903 11.941 11.978 12.015 12.000 12.000 11.981 11.963 11.958 12.015 12.071 12.128 12.185 12.242 12.299 12.355 12.403 12.431 12.459 12.486 12.525 12.525 12.531 12.537 12.543
13.034 13.164 13.294 13.425 13.555 13.685 13.722 13.691 13.691 13.630 13.577 13.471 13.366 13.261 13.155 13.050 12.945 12.839 12.766 12.698 12.630 12.562 12.494 12.420 12.420 12.259 12.178 12.097 12.016 11.936 11.899 11.889 11.879 11.869 11.859 11.850 11.843 11.837 11.831 11.825 11.825 11.813 11.808 11.806 11.804 11.802 11.800 11.798 11.801 11.839 11.876 11.913 11.951 11.988 12.025 12.049 12.012 12.012 11.993 11.974 11.955 11.986 12.042 12.099 12.156 12.213 12.270 12.326 12.358 12.385 12.413 12.441 12.494 12.494 12.500 12.506 12.512
13.046 13.177 13.307 13.437 13.568 13.697 13.666 13.636 13.636 13.574 13.544 13.468 13.363 13.257 13.152 13.047 12.941 12.851 12.783 12.715 12.647 12.579 12.511 12.443 12.442 12.283 12.202 12.121 12.041 11.976 11.966 11.956 11.946 11.937 11.927 11.917 11.908 11.902 11.896 11.890 11.890 11.879 11.875 11.873 11.871 11.870 11.868 11.866 11.864 11.886 11.923 11.961 11.998 12.035 12.073 12.060 12.023 12.023 12.004 11.985 11.967 11.956 12.013 12.070 12.127 12.184 12.240 12.284 12.312 12.340 12.368 12.395 12.451 12.451 12.469 12.475 12.481
13.059 13.189 13.320 13.450 13.580 13.642 13.611 13.581 13.581 13.519 13.489 13.458 13.359 13.254 13.149 13.043 12.938 12.868 12.800 12.732 12.664 12.596 12.527 12.460 12.459 12.307 12.227 12.146 12.065 12.043 12.033 12.024 12.014 12.004 11.994 11.984 11.975 11.967 11.961 11.956 11.955 11.945 11.943 11.941 11.939 11.937 11.935 11.933 11.932 11.933 11.971 12.008 12.045 12.083 12.090 12.072 12.034 12.034 12.016 11.997 11.978 11.959 11.984 12.041 12.098 12.155 12.211 12.239 12.266 12.294 12.322 12.350 12.406 12.406 12.433 12.444 12.450
13.072 13.202 13.332 13.463 13.593 13.587 13.556 13.526 13.526 13.464 13.434 13.403 13.356 13.251 13.145 13.040 12.953 12.885 12.816 12.749 12.681 12.612 12.545 12.476 12.476 12.332 12.251 12.170 12.121 12.111 12.101 12.091 12.081 12.071 12.062 12.052 12.042 12.033 12.027 12.021 12.021 12.013 12.011 12.009 12.007 12.005 12.003 12.001 11.999 11.998 12.018 12.055 12.093 12.121 12.102 12.083 12.046 12.046 12.027 12.008 11.989 11.971 11.955 12.012 12.069 12.125 12.165 12.193 12.221 12.249 12.277 12.304 12.360 12.360 12.388 12.413 12.419
13.072 13.202 13.332 13.463 13.593 13.587 13.556 13.526 13.526 13.464 13.434 13.403 13.356 13.251 13.145 13.040 12.953 12.885 12.817 12.749 12.681 12.613 12.545 12.477 12.477 12.332 12.251 12.170 12.121 12.111 12.101 12.091 12.082 12.072 12.062 12.052 12.042 12.033 12.027 12.021 12.021 12.013 12.011 12.009 12.007 12.005 12.003 12.002 12.000 11.998 12.018 12.056 12.093 12.121 12.102 12.083 12.046 12.046 12.027 12.008 11.990 11.971 11.955 12.012 12.069 12.126 12.166 12.193 12.221 12.249 12.277 12.305 12.360 12.360 12.388 12.413 12.419
13.084 13.215 13.345 13.475 13.563 13.532 13.501 13.471 13.471 13.409 13.379 13.348 13.317 13.247 13.142 13.038 12.970 12.902 12.834 12.766 12.698 12.630 12.562 12.494 12.494 12.356 12.276 12.198 12.188 12.178 12.169 12.159 12.149 12.139 12.129 12.119 12.110 12.100 12.092 12.086 12.086 12.081 12.079 12.077 12.075 12.073 12.071 12.069 12.067 12.066 12.066 12.103 12.140 12.132 12.113 12.095 12.057 12.057 12.039 12.020 12.001 11.982 11.964 11.983 12.040 12.092 12.120 12.148 12.176 12.204 12.231 12.259 12.315 12.315 12.343 12.370 12.388
13.097 13.227 13.358 13.488 13.508 13.477 13.446 13.416 13.416 13.354 13.324 13.293 13.262 13.232 13.139 13.055 12.987 12.919 12.851 12.783 12.715 12.647 12.579 12.511 12.511 12.375 12.300 12.265 12.256 12.246 12.236 12.226 12.216 12.207 12.197 12.187 12.177 12.167 12.158 12.152 12.152 12.148 12.147 12.145 12.143 12.141 12.139 12.137 12.135 12.133 12.131 12.150 12.162 12.144 12.125 12.106 12.069 12.069 12.050 12.031 12.012 11.994 11.975 11.956 12.011 12.047 12.075 12.102 12.130 12.158 12.186 12.214 12.269 12.269 12.297 12.325 12.353
13.329 13.337 13.383 13.428 13.397 13.366 13.336 13.311 13.311 13.282 13.268 13.254 13.240 13.226 13.187 13.126 13.059 12.992 12.925 12.858 12.791 12.724 12.657 12.590 12.590 12.455 12.420 12.397 12.387 12.378 12.368 12.358 12.348 12.338 12.328 12.319 12.309 12.299 12.291 12.286 12.286 12.282 12.280 12.278 12.276 12.274 12.273 12.271 12.269 12.267 12.265 12.247 12.225 12.206 12.186 12.167 12.128 12.128 12.109 12.090 12.070 12.051 12.032 12.012 11.981 12.005 12.036 12.067 12.099 12.130 12.162 12.193 12.256 12.256 12.288 12.319 12.381
13.448 13.449 13.435 13.433 13.419 13.405 13.391 13.377 13.377 13.348 13.334 13.320 13.306 13.285 13.234 13.181 13.114 13.047 12.980 12.913 12.846 12.779 12.712 12.644 12.644 12.529 12.497 12.465 12.453 12.443 12.433 12.423 12.413 12.404 12.394 12.384 12.374 12.365 12.359 12.354 12.354 12.348 12.346 12.344 12.343 12.341 12.339 12.337 12.335 12.333 12.322 12.298 12.275 12.255 12.236 12.217 12.178 12.178 12.159 12.139 12.120 12.101 12.081 12.054 12.022 12.010 12.041 12.073 12.104 12.136 12.167 12.199 12.262 12.262 12.293 12.324 12.418
13.499 13.485 13.475 13.487 13.485 13.471 13.457 13.443 13.443 13.415 13.400 13.386 13.372 13.332 13.280 13.229 13.169 13.102 13.035 12.968 12.901 12.833 12.766 12.699 12.699 12.606 12.574 12.543 12.518 12.508 12.498 12.488 12.478 12.469 12.459 12.449 12.439 12.433 12.427 12.422 12.422 12.414 12.412 12.411 12.409 12.407 12.405 12.403 12.401 12.398 12.374 12.350 12.327 12.305 12.286 12.266 12.228 12.228 12.208 12.189 12.169 12.150 12.127 12.095 12.062 12.030 12.047 12.078 12.110 12.141 12.173 12.204 12.267 12.267 12.298 12.357 12.455
13.534 13.520 13.517 13.529 13.542 13.537 13.523 13.509 13.509 13.481 13.466 13.452 13.430 13.378 13.327 13.275 13.224 13.157 13.090 13.022 12.955 12.888 12.821 12.754 12.754 12.684 12.652 12.620 12.588 12.573 12.563 12.554 12.544 12.534 12.524 12.514 12.506 12.501 12.495 12.490 12.490 12.481 12.479 12.477 12.475 12.473 12.471 12.470 12.468 12.450 12.426 12.402 12.378 12.355 12.335 12.316 12.277 12.277 12.258 12.238 12.219 12.200 12.168 12.136 12.103 12.071 12.052 12.084 12.115 12.147 12.178 12.210 12.272 12.272 12.304 12.394 12.492
13.569 13.555 13.559 13.571 13.584 13.596 13.589 13.575 13.575 13.547 13.533 13.518 13.476 13.424 13.373 13.322 13.270 13.212 13.144 13.077 13.010 12.943 12.876 12.825 12.825 12.761 12.729 12.697 12.665 12.638 12.628 12.619 12.609 12.599 12.589 12.580 12.574 12.569 12.563 12.558 12.558 12.547 12.545 12.543 12.541 12.539 12.538 12.536 12.525 12.501 12.478 12.454 12.430 12.406 12.385 12.366 12.327 12.327 12.307 12.288 12.269 12.242 12.209 12.177 12.144 12.112 12.080 12.089 12.121 12.152 12.184 12.215 12.278 12.278 12.332 12.431 12.529
13.604 13.590 13.601 13.613 13.626 13.638 13.651 13.641 13.641 13.613 13.599 13.574 13.522 13.471 13.419 13.368 13.316 13.265 13.199 13.132 13.065 12.998 12.934 12.902 12.902 12.838 12.806 12.774 12.742 12.710 12.694 12.684 12.674 12.664 12.654 12.648 12.642 12.637 12.632 12.626 12.626 12.616 12.611 12.609 12.608 12.606 12.604 12.600 12.577 12.553 12.529 12.506 12.482 12.458 12.435 12.415 12.376 12.376 12.357 12.338 12.315 12.283 12.250 12.218 12.185 12.153 12.121 12.095 12.126 12.158 12.189 12.220 12.283 12.283 12.369 12.467 12.566
13.639 13.631 13.643 13.656 13.668 13.681 13.693 13.705 13.705 13.679 13.665 13.620 13.569 13.517 13.466 13.414 13.363 13.311 13.254 13.187 13.120 13.053 13.011 12.979 12.979 12.915 12.883 12.851 12.819 12.787 12.759 12.749 12.739 12.729 12.721 12.716 12.710 12.705 12.700 12.694 12.694 12.684 12.678 12.676 12.674 12.672 12.670 12.652 12.629 12.605 12.581 12.558 12.534 12.510 12.487 12.465 12.426 12.426 12.407 12.387 12.356 12.324 12.291 12.259 12.226 12.194 12.162 12.129 12.132 12.163 12.194 12.226 12.307 12.307 12.406 12.504 12.603
13.674 13.673 13.685 13.698 13.710 13.723 13.735 13.748 13.748 13.745 13.718 13.667 13.615 13.564 13.512 13.461 13.409 13.358 13.306 13.242 13.175 13.120 13.088 13.056 13.056 12.992 12.960 12.928 12.896 12.864 12.833 12.814 12.804 12.795 12.789 12.784 12.778 12.773 12.768 12.762 12.762 12.752 12.746 12.742 12.740 12.738 12.728 12.704 12.680 12.657 12.633 12.609 12.586 12.562 12.538 12.515 12.476 12.476 12.456 12.429 12.397 12.365 12.332 12.300 12.267 12.235 12.203 12.170 12.138 12.168 12.200 12.231 12.344 12.344 12.443 12.541 12.640
13.709 13.715 13.728 13.740 13.752 13.765 13.777 13.790 13.790 13.811 13.764 13.713 13.662 13.610 13.559 13.507 13.456 13.404 13.353 13.297 13.230 13.197 13.165 13.133 13.133 13.070 13.038 13.006 12.974 12.942 12.910 12.879 12.870 12.862 12.857 12.852 12.846 12.841 12.836 12.830 12.830 12.820 12.814 12.809 12.806 12.803 12.780 12.756 12.732 12.708 12.685 12.661 12.637 12.614 12.590 12.566 12.525 12.525 12.503 12.470 12.438 12.406 12.373 12.341 12.308 12.276 12.243 12.211 12.179 12.174 12.205 12.237 12.381 12.381 12.480 12.578 12.676
13.745 13.757 13.770 13.782 13.795 13.807 13.820 13.832 13.832 13.827 13.786 13.737 13.689 13.640 13.592 13.544 13.495 13.447 13.399 13.348 13.306 13.274 13.242 13.211 13.210 13.147 13.115 13.083 13.051 13.019 12.987 12.955 12.936 12.931 12.925 12.920 12.915 12.909 12.904 12.898 12.898 12.888 12.882 12.877 12.872 12.855 12.831 12.808 12.784 12.760 12.737 12.713 12.689 12.666 12.642 12.618 12.575 12.575 12.544 12.511 12.479 12.446 12.414 12.382 12.349 12.317 12.284 12.252 12.220 12.187 12.211 12.242 12.418 12.418 12.517 12.615 12.713
13.787 13.799 13.812 13.824 13.837 13.844 13.842 13.839 13.839 13.833 13.798 13.749 13.701 13.653 13.604 13.556 13.507 13.459 13.411 13.387 13.387 13.355 13.323 13.291 13.291 13.227 13.195 13.163 13.131 13.099 13.067 13.035 13.001 12.996 12.990 12.985 12.980 12.974 12.969 12.964 12.964 12.953 12.948 12.943 12.932 12.909 12.885 12.861 12.838 12.814 12.790 12.766 12.742 12.719 12.695 12.671 12.626 12.626 12.587 12.552 12.520 12.487 12.455 12.423 12.390 12.358 12.325 12.293 12.261 12.228 12.216 12.258 12.455 12.455 12.553 12.652 12.778
13.829 13.842 13.854 13.856 13.853 13.850 13.847 13.844 13.844 13.838 13.810 13.761 13.713 13.665 13.616 13.568 13.520 13.471 13.437 13.447 13.457 13.436 13.404 13.372 13.372 13.308 13.276 13.244 13.212 13.180 13.148 13.115 13.081 13.060 13.054 13.049 13.044 13.039 13.033 13.028 13.028 13.017 13.012 13.006 12.986 12.965 12.941 12.917 12.894 12.870 12.846 12.822 12.798 12.775 12.751 12.727 12.738 12.738 12.701 12.661 12.622 12.583 12.544 12.504 12.465 12.426 12.387 12.347 12.308 12.269 12.237 12.300 12.593 12.593 12.740 12.886 13.033
13.870 13.867 13.864 13.861 13.859 13.856 13.853 13.850 13.850 13.844 13.822 13.773 13.725 13.677 13.628 13.580 13.532 13.487 13.497 13.506 13.516 13.517 13.486 13.453 13.453 13.389 13.358 13.325 13.294 13.262 13.229 13.195 13.161 13.126 13.118 13.113 13.108 13.103 13.097 13.092 13.092 13.081 13.076 13.060 13.040 13.020 12.997 12.973 12.949 12.926 12.902 12.878 12.854 12.830 12.807 12.784 12.827 12.827 12.815 12.775 12.736 12.697 12.658 12.618 12.579 12.540 12.501 12.461 12.422 12.383 12.432 12.559 12.848 12.848 12.995 13.141 13.288
13.870 13.867 13.865 13.862 13.859 13.856 13.853 13.850 13.850 13.844 13.822 13.774 13.725 13.677 13.629 13.580 13.532 13.487 13.497 13.507 13.516 13.518 13.486 13.454 13.454 13.390 13.358 13.326 13.294 13.262 13.229 13.195 13.161 13.127 13.119 13.113 13.108 13.103 13.097 13.092 13.092 13.082 13.076 13.060 13.040 13.020 12.997 12.973 12.950 12.926 12.902 12.878 12.854 12.831 12.807 12.784 12.827 12.827 12.815 12.776 12.736 12.697 12.658 12.619 12.579 12.540 12.501 12.462 12.422 12.383 12.432 12.560 12.848 12.848 12.995 13.141 13.288
13.875 13.873 13.870 13.867 13.864 13.861 13.859 13.856 13.856 13.850 13.834 13.786 13.737 13.689 13.641 13.592 13.544 13.546 13.556 13.566 13.576 13.586 13.567 13.535 13.535 13.471 13.439 13.407 13.375 13.343 13.309 13.275 13.241 13.206 13.183 13.177 13.172 13.167 13.161 13.156 13.156 13.146 13.135 13.114 13.094 13.074 13.053 13.029 13.006 12.982 12.958 12.934 12.910 12.887 12.863 12.873 12.916 12.916 12.929 12.889 12.850 12.811 12.772 12.732 12.693 12.654 12.615 12.575 12.536 12.585 12.705 12.832 13.103 13.103 13.250 13.396 13.543
13.872 13.875 13.876 13.873 13.870 13.867 13.864 13.861 13.861 13.856 13.846 13.798 13.749 13.701 13.653 13.604 13.596 13.606 13.616 13.626 13.635 13.645 13.648 13.616 13.616 13.552 13.520 13.488 13.456 13.423 13.389 13.355 13.320 13.286 13.252 13.241 13.236 13.231 13.226 13.220 13.220 13.209 13.189 13.169 13.148 13.128 13.108 13.085 13.061 13.038 13.014 12.990 12.966 12.942 12.940 12.962 13.004 13.004 13.026 13.003 12.964 12.925 12.885 12.846 12.807 12.768 12.728 12.689 12.737 12.857 12.977 13.105 13.366 13.366 13.504 13.651 13.797
13.865 13.868 13.871 13.873 13.876 13.878 13.875 13.872 13.872 13.867 13.864 13.822 13.773 13.725 13.695 13.705 13.715 13.725 13.735 13.745 13.754 13.764 13.774 13.778 13.778 13.714 13.682 13.650 13.616 13.582 13.548 13.514 13.479 13.445 13.411 13.377 13.364 13.359 13.353 13.348 13.348 13.317 13.297 13.277 13.256 13.236 13.216 13.196 13.173 13.149 13.125 13.102 13.078 13.096 13.117 13.138 13.181 13.181 13.202 13.224 13.191 13.152 13.113 13.074 13.034 12.995 13.041 13.161 13.281 13.402 13.522 13.649 13.911 13.911 14.042 14.173 14.306
13.862 13.864 13.867 13.870 13.873 13.876 13.878 13.878 13.878 13.872 13.869 13.834 13.785 13.745 13.755 13.765 13.775 13.784 13.794 13.804 13.814 13.824 13.834 13.843 13.843 13.795 13.763 13.730 13.696 13.662 13.628 13.593 13.559 13.525 13.491 13.457 13.428 13.423 13.418 13.412 13.412 13.371 13.351 13.331 13.310 13.290 13.270 13.250 13.229 13.205 13.181 13.158 13.163 13.184 13.206 13.227 13.270 13.270 13.291 13.312 13.305 13.266 13.227 13.188 13.148 13.193 13.313 13.434 13.554 13.674 13.794 13.921 14.183 14.183 14.314 14.445 14.576
13.858 13.861 13.864 13.867 13.869 13.872 13.875 13.878 13.878 13.878 13.875 13.846 13.797 13.805 13.814 13.824 13.834 13.844 13.854 13.864 13.873 13.883 13.893 13.903 13.903 13.876 13.844 13.810 13.776 13.741 13.707 13.673 13.639 13.605 13.570 13.536 13.502 13.487 13.482 13.466 13.466 13.425 13.405 13.385 13.364 13.344 13.324 13.304 13.284 13.261 13.237 13.230 13.251 13.273 13.294 13.315 13.358 13.358 13.379 13.401 13.419 13.380 13.341 13.301 13.345 13.466 13.586 13.706 13.826 13.947 14.067 14.194 14.456 14.456 14.587 14.718 14.848
