includes/lisflood/camargue/results_R3_t1.561737397084E12/res-0011.wdfp
ncols         906
nrows         631
xllcorner     362177.146667
yllcorner     6534725.688020
cellsize      20.000000
NODATA_value  -9999.000000
[rows 340 to 373 of 631, columns 770 to 846 of 906]
0.978 0.958 0.898 1.018 0.998 1.018 0.998 1.088 0.908 1.028 0.888 0.818 0.818 1.148 0.858 1.038 1.008 1.018 0.039 0.363 0.473 0.203 0.000 0.663 0.313 0.005 0.207 0.000 0.000 0.000 0.000 0.000 0.000 0.000 0.000 0.000 0.000 0.000 0.000 0.021 0.000 0.000 0.000 0.000 0.000 0.062 0.000 0.000 0.000 0.000 0.000 0.000 0.000 0.000 0.072 0.000 0.026 0.049 0.006 0.000 0.000 0.000 0.000 0.000 0.000 0.000 0.397 0.107 0.067 0.000 0.000 0.000 0.000 0.000 0.000 0.211 0.211
0.688 0.888 1.018 0.888 0.918 0.998 0.948 0.968 0.898 0.978 0.948 0.728 0.728 0.758 0.838 0.928 0.748 0.238 0.000 0.893 0.553 0.000 0.000 0.323 0.000 0.137 0.000 0.000 0.000 0.000 0.000 0.000 0.000 0.000 0.000 0.000 0.000 0.211 0.000 0.000 0.000 0.081 0.000 0.000 0.000 0.000 0.000 0.000 0.012 0.000 0.000 0.000 0.000 0.001 0.000 0.000 0.050 0.009 0.004 0.000 0.000 0.042 0.000 0.000 0.001 0.000 0.000 0.000 0.178 0.098 0.014 0.130 0.000 0.000 0.000 0.000 0.000
0.318 0.198 0.000 0.098 0.000 0.000 0.808 1.078 1.038 1.028 0.548 0.000 0.000 0.000 0.728 1.188 0.000 0.000 0.000 0.383 0.443 0.293 0.024 0.000 0.000 0.000 0.000 0.000 0.000 0.000 0.000 0.000 0.000 0.071 0.000 0.000 0.000 0.000 0.062 0.001 0.000 0.000 0.001 0.000 0.000 0.045 0.025 0.019 0.000 0.000 0.000 0.000 0.001 0.002 0.003 0.003 0.006 0.017 0.001 0.000 0.000 0.000 0.000 0.000 0.000 0.000 0.000 0.000 0.000 0.000 0.060 0.110 0.034 0.016 0.000 0.000 0.000
1.088 0.198 0.000 0.000 0.000 0.000 0.000 1.058 0.168 1.048 0.338 0.000 0.000 1.038 0.318 0.000 0.000 0.000 0.000 0.000 0.000 0.000 0.000 0.000 0.000 0.000 0.000 0.000 0.000 0.000 0.000 0.000 0.000 0.000 0.000 0.000 0.000 0.000 0.000 0.000 0.062 0.000 0.000 0.000 0.000 0.000 0.001 0.000 0.000 0.000 0.000 0.000 0.002 0.002 0.004 0.004 0.002 0.017 0.005 0.001 0.000 0.000 0.061 0.000 0.000 0.000 0.000 0.000 0.000 0.000 0.000 0.000 0.000 0.255 0.046 0.016 0.019
0.878 0.898 0.788 0.758 0.778 0.728 0.708 0.648 0.648 0.658 0.528 0.618 0.618 0.000 0.000 0.358 0.258 0.000 0.000 0.000 0.000 0.000 0.000 0.000 0.000 0.000 0.000 0.000 0.000 0.000 0.021 0.000 0.061 0.000 0.000 0.000 0.000 0.000 0.000 0.000 0.000 0.001 0.000 0.019 0.019 0.029 0.001 0.001 0.000 0.000 0.000 0.000 0.003 0.003 0.004 0.006 0.008 0.013 0.005 0.001 0.000 0.000 0.000 0.012 0.000 0.000 0.000 0.000 0.000 0.000 0.000 0.000 0.000 0.000 0.000 0.361 0.361
0.668 0.588 0.658 0.648 0.538 0.498 0.488 0.308 0.328 0.258 0.108 0.448 0.448 0.128 0.388 0.318 0.019 0.000 0.000 0.000 0.000 0.000 0.000 0.000 0.000 0.000 0.000 0.031 0.031 0.000 0.000 0.000 0.000 0.000 0.001 0.000 0.000 0.049 0.009 0.000 0.029 0.005 0.010 0.000 0.000 0.000 0.001 0.001 0.000 0.001 0.000 0.001 0.005 0.004 0.006 0.007 0.009 0.011 0.005 0.001 0.000 0.000 0.229 0.001 0.043 0.043 0.000 0.000 0.000 0.000 0.000 0.000 0.051 0.000 0.000 0.000 0.000
0.738 0.728 0.748 0.798 0.638 0.648 0.558 0.498 0.378 0.248 0.000 0.188 0.188 0.058 0.000 0.178 0.011 0.000 0.000 0.000 0.000 0.000 0.000 0.000 0.001 0.000 0.000 0.001 0.000 0.002 0.002 0.000 0.000 0.002 0.000 0.000 0.029 0.069 0.049 0.029 0.069 0.000 0.026 0.026 0.026 0.003 0.003 0.003 0.003 0.003 0.003 0.003 0.017 0.013 0.013 0.014 0.015 0.014 0.008 0.002 0.004 0.001 0.000 0.001 0.000 0.013 0.000 0.000 0.031 0.000 0.000 0.000 0.000 0.011 0.000 0.000 0.000
0.738 0.728 0.748 0.798 0.638 0.648 0.558 0.498 0.378 0.248 0.000 0.188 0.188 0.058 0.000 0.178 0.011 0.000 0.000 0.000 0.000 0.000 0.000 0.000 0.000 0.000 0.000 0.000 0.000 0.000 0.002 0.000 0.000 0.000 0.000 0.000 0.029 0.069 0.049 0.029 0.069 0.000 0.026 0.026 0.026 0.003 0.002 0.002 0.001 0.001 0.001 0.001 0.010 0.007 0.007 0.008 0.008 0.007 0.004 0.001 0.002 0.000 0.000 0.000 0.000 0.013 0.000 0.000 0.031 0.000 0.000 0.000 0.000 0.011 0.000 0.000 0.000
1.108 0.838 1.108 0.858 0.728 0.658 0.798 0.088 0.318 0.538 0.238 0.000 0.000 0.000 0.000 0.000 0.213 0.000 0.000 0.000 0.000 0.000 0.000 0.000 0.000 0.000 0.000 0.000 0.000 0.001 0.000 0.000 0.000 0.000 0.000 0.000 0.019 0.049 0.000 0.000 0.000 0.000 0.000 0.000 0.000 0.001 0.001 0.001 0.001 0.001 0.001 0.001 0.009 0.006 0.006 0.006 0.007 0.006 0.003 0.000 0.001 0.000 0.000 0.000 0.000 0.000 0.000 0.000 0.000 0.000 0.000 0.000 0.000 0.000 0.000 0.000 0.000
0.798 0.338 0.398 0.548 0.768 0.678 0.508 0.628 0.288 0.188 0.000 0.000 0.000 0.000 0.000 0.000 0.000 0.000 0.000 0.000 0.000 0.000 0.000 0.000 0.000 0.000 0.000 0.025 0.025 0.015 0.025 0.105 0.000 0.062 0.001 0.003 0.000 0.000 0.000 0.000 0.000 0.000 0.000 0.000 0.000 0.001 0.001 0.001 0.001 0.002 0.001 0.002 0.013 0.008 0.008 0.009 0.008 0.005 0.002 0.001 0.002 0.000 0.000 0.000 0.000 0.000 0.021 0.000 0.000 0.052 0.000 0.000 0.000 0.000 0.000 0.000 0.000
0.628 0.578 0.000 0.238 0.678 0.508 0.428 0.368 0.188 0.228 0.000 0.000 0.000 0.000 0.000 0.000 0.000 0.000 0.000 0.000 0.000 0.051 0.000 0.000 0.000 0.022 0.000 0.000 0.000 0.000 0.000 0.002 0.000 0.000 0.000 0.002 0.000 0.000 0.000 0.000 0.000 0.000 0.000 0.000 0.000 0.000 0.001 0.001 0.001 0.001 0.001 0.002 0.015 0.010 0.010 0.009 0.006 0.004 0.002 0.000 0.002 0.000 0.000 0.000 0.000 0.000 0.000 0.036 0.000 0.000 0.000 0.000 0.000 0.101 0.000 0.000 0.000
0.498 0.408 0.558 0.608 0.448 0.358 0.298 0.000 0.000 0.000 0.000 0.000 0.000 0.000 0.000 0.000 0.000 0.041 0.000 0.012 0.002 0.000 0.061 0.000 0.000 0.112 0.000 0.136 0.136 0.066 0.000 0.044 0.014 0.044 0.000 0.000 0.000 0.000 0.000 0.000 0.000 0.000 0.000 0.000 0.000 0.001 0.001 0.001 0.001 0.001 0.001 0.001 0.014 0.016 0.010 0.007 0.005 0.003 0.001 0.000 0.002 0.000 0.001 0.001 0.002 0.002 0.002 0.046 0.002 0.000 0.000 0.000 0.000 0.000 0.000 0.000 0.000
0.378 0.338 0.338 0.548 0.298 0.218 0.000 0.002 0.000 0.000 0.000 0.000 0.000 0.000 0.000 0.000 0.000 0.000 0.000 0.000 0.000 0.121 0.000 0.051 0.000 0.000 0.000 0.000 0.000 0.026 0.176 0.000 0.000 0.002 0.001 0.001 0.000 0.000 0.000 0.000 0.000 0.000 0.000 0.000 0.000 0.000 0.001 0.001 0.001 0.001 0.001 0.002 0.018 0.014 0.007 0.005 0.003 0.002 0.001 0.000 0.002 0.000 0.001 0.001 0.002 0.003 0.000 0.000 0.002 0.003 0.002 0.034 0.001 0.001 0.001 0.000 0.000
0.548 0.438 0.398 0.238 0.168 0.000 0.000 0.000 0.000 0.000 0.000 0.000 0.000 0.000 0.000 0.091 0.031 0.000 0.000 0.000 0.001 0.000 0.021 0.000 0.026 0.006 0.106 0.066 0.066 0.186 0.000 0.041 0.000 0.001 0.001 0.001 0.001 0.000 0.000 0.000 0.000 0.000 0.000 0.000 0.000 0.000 0.000 0.001 0.001 0.001 0.002 0.004 0.016 0.021 0.007 0.004 0.003 0.002 0.000 0.001 0.002 0.001 0.001 0.001 0.001 0.000 0.032 0.000 0.002 0.000 0.062 0.000 0.000 0.000 0.000 0.124 0.124
0.358 0.000 0.718 0.000 0.000 0.000 0.000 0.000 0.000 0.000 0.000 0.000 0.000 0.000 0.000 0.000 0.000 0.000 0.000 0.000 0.044 0.054 0.000 0.091 0.000 0.000 0.003 0.005 0.006 0.000 0.000 0.000 0.000 0.000 0.001 0.001 0.001 0.001 0.000 0.000 0.000 0.000 0.000 0.000 0.000 0.000 0.001 0.001 0.002 0.002 0.002 0.004 0.014 0.019 0.015 0.004 0.002 0.001 0.001 0.000 0.002 0.001 0.001 0.001 0.001 0.000 0.000 0.000 0.000 0.000 0.000 0.000 0.000 0.000 0.000 0.000 0.000
0.378 0.000 0.248 0.000 0.000 0.000 0.000 0.000 0.000 0.000 0.000 0.091 0.091 0.000 0.000 0.000 0.000 0.001 0.000 0.000 0.114 0.000 0.022 0.000 0.000 0.000 0.057 0.000 0.000 0.009 0.000 0.000 0.000 0.001 0.000 0.001 0.001 0.000 0.000 0.000 0.000 0.000 0.000 0.000 0.000 0.000 0.000 0.001 0.002 0.002 0.002 0.004 0.012 0.017 0.019 0.007 0.002 0.001 0.000 0.001 0.002 0.001 0.001 0.001 0.001 0.000 0.000 0.000 0.000 0.000 0.011 0.000 0.000 0.000 0.000 0.000 0.000
0.000 0.000 0.000 0.000 0.000 0.000 0.000 0.000 0.000 0.000 0.000 0.000 0.000 0.000 0.000 0.000 0.000 0.000 0.054 0.114 0.024 0.000 0.082 0.000 0.001 0.016 0.002 0.079 0.079 0.049 0.001 0.000 0.000 0.000 0.001 0.001 0.001 0.001 0.001 0.000 0.000 0.000 0.000 0.000 0.000 0.000 0.001 0.001 0.001 0.002 0.002 0.004 0.010 0.015 0.017 0.017 0.002 0.001 0.001 0.001 0.003 0.001 0.001 0.001 0.000 0.000 0.000 0.000 0.000 0.000 0.000 0.000 0.000 0.000 0.000 0.000 0.000
0.000 0.000 0.000 0.000 0.000 0.000 0.000 0.000 0.000 0.081 0.000 0.000 0.000 0.000 0.000 0.000 0.000 0.005 0.002 0.074 0.000 0.000 0.032 0.001 0.000 0.004 0.001 0.029 0.029 0.000 0.000 0.000 0.001 0.000 0.001 0.001 0.001 0.001 0.001 0.001 0.000 0.001 0.000 0.000 0.000 0.000 0.001 0.001 0.001 0.002 0.002 0.004 0.009 0.013 0.016 0.016 0.014 0.001 0.001 0.001 0.003 0.000 0.000 0.001 0.000 0.000 0.000 0.000 0.000 0.000 0.000 0.000 0.000 0.000 0.000 0.001 0.000
0.000 0.000 0.000 0.000 0.000 0.000 0.000 0.000 0.011 0.000 0.000 0.000 0.001 0.072 0.052 0.162 0.000 0.002 0.000 0.000 0.011 0.000 0.001 0.000 0.000 0.004 0.000 0.000 0.000 0.000 0.000 0.000 0.000 0.000 0.001 0.001 0.001 0.001 0.001 0.002 0.001 0.001 0.001 0.001 0.000 0.000 0.000 0.000 0.001 0.002 0.002 0.004 0.008 0.012 0.014 0.015 0.015 0.011 0.001 0.001 0.003 0.001 0.000 0.000 0.000 0.000 0.000 0.000 0.000 0.000 0.000 0.000 0.000 0.000 0.000 0.000 0.000
0.000 0.000 0.000 0.000 0.000 0.061 0.000 0.000 0.000 0.000 0.000 0.000 0.000 0.000 0.000 0.000 0.007 0.037 0.000 0.072 0.000 0.032 0.001 0.002 0.015 0.002 0.000 0.002 0.000 0.000 0.000 0.000 0.000 0.001 0.000 0.001 0.001 0.002 0.002 0.002 0.002 0.001 0.001 0.002 0.001 0.000 0.001 0.000 0.000 0.001 0.002 0.003 0.007 0.010 0.013 0.014 0.015 0.015 0.006 0.001 0.003 0.000 0.000 0.000 0.000 0.000 0.000 0.000 0.000 0.000 0.000 0.000 0.000 0.000 0.000 0.000 0.000
0.000 0.000 0.000 0.000 0.000 0.000 0.000 0.000 0.021 0.000 0.000 0.016 0.016 0.000 0.017 0.077 0.097 0.017 0.000 0.072 0.000 0.000 0.000 0.000 0.002 0.002 0.001 0.000 0.000 0.000 0.000 0.000 0.001 0.000 0.001 0.001 0.002 0.002 0.002 0.002 0.002 0.002 0.002 0.002 0.000 0.000 0.000 0.000 0.001 0.001 0.002 0.003 0.006 0.009 0.012 0.014 0.014 0.015 0.014 0.002 0.003 0.000 0.000 0.000 0.000 0.000 0.000 0.000 0.000 0.000 0.000 0.000 0.000 0.000 0.000 0.000 0.000
0.000 0.000 0.000 0.000 0.000 0.001 0.000 0.000 0.000 0.000 0.007 0.036 0.036 0.000 0.000 0.027 0.000 0.000 0.000 0.000 0.000 0.000 0.000 0.000 0.000 0.001 0.001 0.001 0.000 0.000 0.000 0.000 0.001 0.001 0.001 0.001 0.002 0.002 0.002 0.002 0.002 0.002 0.002 0.003 0.001 0.001 0.000 0.001 0.001 0.001 0.002 0.003 0.005 0.008 0.011 0.013 0.014 0.015 0.015 0.012 0.009 0.000 0.000 0.000 0.000 0.000 0.000 0.000 0.000 0.000 0.000 0.000 0.000 0.000 0.000 0.000 0.000
0.000 0.001 0.000 0.000 0.000 0.000 0.000 0.000 0.012 0.002 0.002 0.076 0.076 0.006 0.000 0.126 0.056 0.046 0.002 0.004 0.008 0.006 0.001 0.001 0.002 0.002 0.002 0.006 0.002 0.002 0.003 0.004 0.003 0.003 0.003 0.004 0.004 0.004 0.004 0.004 0.004 0.004 0.005 0.006 0.003 0.004 0.003 0.003 0.003 0.003 0.004 0.005 0.008 0.011 0.014 0.017 0.019 0.020 0.021 0.023 0.021 0.002 0.001 0.001 0.000 0.000 0.000 0.000 0.000 0.000 0.000 0.066 0.000 0.000 0.000 0.000 0.000
0.000 0.000 0.000 0.000 0.000 0.000 0.000 0.000 0.012 0.002 0.003 0.076 0.076 0.006 0.000 0.126 0.056 0.046 0.002 0.004 0.008 0.004 0.000 0.000 0.000 0.000 0.001 0.002 0.000 0.001 0.001 0.002 0.002 0.002 0.002 0.002 0.002 0.002 0.002 0.002 0.002 0.002 0.002 0.003 0.002 0.002 0.002 0.002 0.002 0.002 0.002 0.003 0.004 0.006 0.008 0.010 0.012 0.013 0.014 0.017 0.015 0.000 0.000 0.000 0.000 0.000 0.000 0.000 0.000 0.000 0.000 0.066 0.000 0.000 0.000 0.000 0.000
0.000 0.001 0.000 0.000 0.000 0.000 0.000 0.000 0.000 0.074 0.002 0.026 0.026 0.085 0.010 0.000 0.066 0.000 0.003 0.000 0.000 0.002 0.001 0.001 0.000 0.000 0.000 0.003 0.001 0.001 0.001 0.002 0.002 0.002 0.002 0.002 0.002 0.002 0.002 0.002 0.002 0.002 0.002 0.004 0.002 0.002 0.002 0.002 0.002 0.002 0.002 0.003 0.004 0.005 0.007 0.009 0.011 0.012 0.014 0.017 0.014 0.010 0.000 0.000 0.000 0.000 0.000 0.000 0.000 0.000 0.000 0.000 0.000 0.000 0.000 0.855 0.855
0.000 0.000 0.000 0.000 0.014 0.000 0.014 0.000 0.054 0.134 0.094 0.000 0.000 0.000 0.008 0.000 0.000 0.000 0.001 0.000 0.000 0.002 0.001 0.001 0.000 0.000 0.000 0.003 0.001 0.001 0.001 0.001 0.001 0.001 0.001 0.002 0.002 0.002 0.002 0.002 0.002 0.002 0.002 0.003 0.001 0.002 0.002 0.002 0.002 0.002 0.002 0.002 0.003 0.004 0.006 0.007 0.009 0.010 0.011 0.014 0.011 0.013 0.001 0.000 0.000 0.000 0.000 0.000 0.000 0.000 0.000 0.000 0.000 0.000 0.000 0.000 0.000
0.000 0.061 0.000 0.000 0.034 0.034 0.144 0.074 0.094 0.064 0.000 0.000 0.000 0.000 0.008 0.004 0.003 0.002 0.001 0.001 0.000 0.001 0.002 0.003 0.002 0.002 0.001 0.004 0.002 0.002 0.002 0.002 0.002 0.002 0.002 0.002 0.002 0.002 0.003 0.003 0.003 0.003 0.003 0.004 0.002 0.002 0.002 0.002 0.002 0.002 0.002 0.003 0.003 0.005 0.006 0.008 0.010 0.012 0.013 0.017 0.012 0.014 0.009 0.008 0.000 0.000 0.000 0.000 0.000 0.000 0.000 0.000 0.000 0.000 0.000 0.000 0.000
0.000 0.000 0.000 0.001 0.000 0.000 0.144 0.000 0.000 0.134 0.000 0.000 0.000 0.000 0.000 0.003 0.003 0.002 0.002 0.001 0.001 0.002 0.003 0.003 0.003 0.002 0.002 0.004 0.002 0.002 0.002 0.002 0.002 0.002 0.002 0.002 0.002 0.002 0.003 0.003 0.003 0.003 0.003 0.004 0.002 0.003 0.003 0.003 0.002 0.003 0.003 0.003 0.003 0.004 0.006 0.008 0.009 0.011 0.013 0.016 0.012 0.014 0.011 0.010 0.000 0.000 0.000 0.000 0.000 0.000 0.000 0.000 0.000 0.000 0.000 0.000 0.000
0.000 0.072 0.000 0.077 0.000 0.000 0.000 0.000 0.087 0.000 0.000 0.000 0.000 0.000 0.000 0.002 0.003 0.003 0.002 0.003 0.003 0.003 0.003 0.003 0.003 0.003 0.002 0.004 0.002 0.002 0.002 0.002 0.002 0.002 0.002 0.002 0.002 0.002 0.003 0.003 0.003 0.003 0.004 0.005 0.003 0.003 0.003 0.003 0.003 0.003 0.003 0.003 0.003 0.004 0.006 0.007 0.009 0.010 0.012 0.014 0.010 0.011 0.010 0.010 0.007 0.000 0.000 0.000 0.000 0.000 0.000 0.000 0.000 0.000 0.000 0.000 0.000
0.002 0.022 0.000 0.047 0.000 0.042 0.042 0.042 0.000 0.000 0.000 0.000 0.000 0.000 0.000 0.002 0.003 0.003 0.004 0.004 0.003 0.003 0.003 0.003 0.003 0.003 0.002 0.005 0.003 0.003 0.003 0.003 0.002 0.002 0.002 0.002 0.002 0.003 0.003 0.003 0.003 0.003 0.004 0.006 0.003 0.003 0.003 0.003 0.003 0.003 0.003 0.003 0.003 0.004 0.005 0.007 0.008 0.009 0.009 0.013 0.008 0.011 0.011 0.012 0.009 0.000 0.000 0.000 0.000 0.000 0.000 0.000 0.000 0.000 0.000 0.000 0.000
0.002 0.102 0.000 0.007 0.000 0.022 0.022 0.000 0.000 0.000 0.000 0.000 0.000 0.000 0.000 0.001 0.003 0.004 0.004 0.004 0.004 0.003 0.003 0.003 0.003 0.003 0.003 0.005 0.003 0.003 0.003 0.003 0.003 0.003 0.003 0.003 0.003 0.003 0.003 0.003 0.003 0.003 0.004 0.006 0.003 0.004 0.004 0.003 0.003 0.003 0.003 0.003 0.004 0.004 0.004 0.005 0.006 0.008 0.009 0.013 0.008 0.010 0.011 0.016 0.008 0.000 0.000 0.000 0.000 0.000 0.000 0.000 0.000 0.000 0.000 0.000 0.000
0.084 0.000 0.056 0.076 0.003 0.000 0.000 0.000 0.000 0.000 0.000 0.000 0.000 0.000 0.000 0.001 0.003 0.004 0.004 0.004 0.003 0.003 0.003 0.003 0.003 0.003 0.003 0.005 0.003 0.003 0.003 0.003 0.003 0.003 0.003 0.003 0.003 0.003 0.003 0.003 0.003 0.003 0.004 0.006 0.003 0.004 0.004 0.004 0.004 0.004 0.003 0.003 0.003 0.003 0.004 0.005 0.006 0.007 0.008 0.013 0.008 0.010 0.011 0.020 0.007 0.000 0.000 0.000 0.000 0.000 0.000 0.000 0.000 0.000 0.000 0.000 0.000
0.003 0.000 0.000 0.000 0.001 0.001 0.000 0.001 0.000 0.000 0.000 0.000 0.000 0.000 0.000 0.001 0.002 0.004 0.004 0.004 0.003 0.003 0.003 0.003 0.004 0.004 0.003 0.006 0.003 0.003 0.003 0.003 0.003 0.003 0.003 0.003 0.003 0.003 0.003 0.003 0.003 0.003 0.004 0.006 0.003 0.004 0.004 0.005 0.004 0.003 0.003 0.003 0.003 0.003 0.004 0.004 0.005 0.007 0.008 0.013 0.007 0.010 0.012 0.022 0.006 0.000 0.000 0.000 0.000 0.000 0.000 0.000 0.000 0.000 0.000 0.000 0.000
0.107 0.000 0.000 0.000 0.001 0.001 0.000 0.000 0.000 0.000 0.000 0.000 0.000 0.000 0.000 0.000 0.002 0.004 0.004 0.004 0.004 0.003 0.003 0.003 0.003 0.004 0.003 0.006 0.004 0.004 0.004 0.003 0.003 0.003 0.003 0.003 0.003 0.003 0.003 0.003 0.003 0.003 0.004 0.006 0.003 0.004 0.004 0.004 0.004 0.004 0.003 0.003 0.003 0.003 0.004 0.004 0.005 0.006 0.008 0.012 0.007 0.010 0.016 0.022 0.006 0.000 0.000 0.000 0.000 0.000 0.000 0.000 0.000 0.000 0.000 0.000 0.000
