includes/lisflood/camargue/results_R3_t1.561737397084E12/res-0008.wdfp
ncols         906
nrows         631
xllcorner     362177.146667
yllcorner     6534725.688020
cellsize      20.000000
NODATA_value  -9999.000000
[rows 374 to 407 of 631, columns 693 to 769 of 906]
0.000 0.818 1.850 0.000 0.000 0.000 0.048 0.133 0.133 0.584 0.000 0.064 0.000 0.000 0.044 0.000 0.000 0.000 0.000 0.000 0.000 0.000 0.000 0.000 0.000 0.087 0.067 0.047 0.387 0.427 0.377 0.558 0.628 0.198 0.198 0.548 0.728 0.077 0.337 0.947 0.947 0.937 1.067 0.417 1.027 0.000 0.377 0.487 0.797 0.617 0.947 1.037 0.197 0.087 0.047 0.000 0.000 0.000 0.000 0.000 0.000 0.000 0.000 0.002 0.007 0.006 0.012 0.008 0.024 0.054 0.063 0.169 0.094 0.093 0.000 0.218 0.198
0.000 0.825 0.000 0.000 0.000 0.000 0.000 0.000 0.000 0.000 0.000 0.000 0.000 0.012 0.001 0.033 0.113 0.000 0.000 0.051 0.000 0.005 0.654 0.304 0.304 0.001 0.028 0.000 0.000 0.000 0.118 0.138 0.108 0.000 0.238 0.468 0.578 0.037 0.377 0.987 0.987 0.997 0.737 0.317 0.507 0.507 0.347 0.407 0.597 0.597 0.557 0.227 0.000 0.237 0.000 0.000 0.000 0.000 0.000 0.000 0.000 0.000 0.000 0.001 0.096 0.008 0.027 0.036 0.030 0.043 0.093 0.000 0.089 0.087 0.105 0.099 0.000
0.799 0.833 0.000 0.000 0.122 0.205 0.196 0.000 0.000 0.000 0.000 0.000 0.000 0.000 0.000 0.000 0.000 0.000 0.000 0.000 0.000 0.000 0.000 0.000 0.000 0.000 0.688 0.388 0.228 0.248 0.348 0.298 0.318 0.158 0.248 0.308 0.458 0.698 0.618 0.000 0.000 0.637 0.000 0.457 0.000 0.417 0.527 0.387 0.617 0.347 0.001 0.000 0.000 0.000 0.000 0.000 0.000 0.000 0.000 0.000 0.000 0.002 0.000 0.024 0.007 0.012 0.097 0.016 0.093 0.073 0.000 0.024 0.064 0.064 0.026 0.133 0.004
0.802 0.000 0.000 0.048 0.200 0.085 0.037 0.257 0.257 0.509 0.079 0.152 0.000 0.000 0.000 0.000 0.000 0.000 0.000 0.000 0.007 0.116 0.146 0.000 0.000 0.000 0.000 0.000 0.598 0.508 0.248 0.368 0.488 0.518 0.478 0.248 0.558 0.388 0.808 0.000 0.000 0.077 0.147 0.357 0.437 0.587 0.567 0.027 0.000 0.000 0.000 0.000 0.000 0.000 0.000 0.000 0.000 0.000 0.000 0.000 0.000 0.003 0.008 0.000 0.010 0.053 0.005 0.025 0.067 0.109 0.000 0.137 0.181 0.179 0.099 0.092 0.057
0.000 0.000 0.018 0.148 0.028 0.000 0.000 0.000 0.000 0.000 0.000 0.377 0.317 0.148 0.038 0.115 0.015 0.012 0.038 0.141 0.022 0.003 0.005 0.009 0.009 0.000 0.138 0.000 0.000 0.658 0.678 0.568 0.598 0.538 0.508 0.618 0.048 0.000 0.578 0.000 0.000 0.067 0.117 0.417 0.000 0.000 0.000 0.000 0.000 0.000 0.000 0.000 0.000 0.000 0.000 0.000 0.000 0.000 0.000 0.022 0.043 0.000 0.053 0.022 0.006 0.086 0.092 0.124 0.085 0.204 0.181 0.130 0.181 0.178 0.071 0.110 0.168
0.000 0.000 0.014 0.143 0.011 0.000 0.000 0.002 0.002 0.003 0.001 0.377 0.317 0.148 0.037 0.115 0.015 0.012 0.038 0.141 0.022 0.008 0.007 0.009 0.009 0.000 0.138 0.158 0.000 0.000 0.678 0.568 0.598 0.538 0.508 0.618 0.048 0.000 0.578 0.000 0.000 0.067 0.117 0.417 0.000 0.000 0.000 0.000 0.000 0.000 0.000 0.000 0.000 0.000 0.000 0.000 0.000 0.000 0.000 0.021 0.043 0.000 0.053 0.018 0.004 0.086 0.092 0.124 0.084 0.204 0.181 0.131 0.181 0.178 0.058 0.089 0.166
0.000 0.000 0.014 0.150 0.009 0.000 0.000 0.000 0.000 0.000 0.000 0.000 0.000 0.299 0.379 0.000 0.000 0.000 0.000 0.034 0.000 0.027 0.118 0.258 0.258 0.108 0.298 0.168 0.228 0.000 0.698 0.768 0.528 0.598 0.628 0.668 0.558 0.408 0.000 0.000 0.000 0.000 0.000 0.000 0.000 0.000 0.000 0.000 0.000 0.000 0.000 0.000 0.000 0.000 0.000 0.000 0.002 0.000 0.001 0.075 0.002 0.131 0.000 0.013 0.109 0.056 0.033 0.083 0.046 0.144 0.000 0.002 0.041 0.034 0.106 0.210 0.007
0.002 0.037 0.027 0.037 0.008 0.000 0.000 0.000 0.000 0.000 0.000 0.000 0.000 0.000 0.180 0.021 0.440 0.540 0.170 0.008 0.030 0.288 0.138 0.188 0.188 0.168 0.258 0.328 0.048 0.000 0.728 0.778 0.688 0.698 0.568 0.608 0.538 0.518 0.578 0.000 0.000 0.000 0.000 0.000 0.000 0.000 0.000 0.124 0.364 0.324 0.334 0.000 0.000 0.000 0.000 0.000 0.004 0.003 0.008 0.009 0.015 0.004 0.044 0.069 0.010 0.117 0.177 0.000 0.097 0.043 0.004 0.012 0.144 0.144 0.256 0.371 0.485
0.128 0.172 0.103 0.061 0.039 0.000 0.000 0.000 0.000 0.000 0.000 0.000 0.000 0.000 0.000 0.000 0.000 0.000 0.170 0.010 0.011 0.308 0.338 0.258 0.258 0.368 0.038 0.108 0.000 0.000 0.758 0.608 0.718 0.748 0.528 0.688 0.588 0.628 0.568 0.598 0.598 0.568 0.498 0.688 0.588 0.051 0.364 0.454 0.204 0.304 0.000 0.000 0.000 0.000 0.001 0.000 0.130 0.130 0.004 0.018 0.014 0.003 0.009 0.153 0.076 0.000 0.001 0.004 0.077 0.030 0.143 0.009 0.482 0.482 0.546 0.573 0.601
0.094 0.122 0.202 0.090 0.010 0.010 0.000 0.000 0.000 0.000 0.000 0.000 0.000 0.000 0.000 0.000 0.000 0.000 0.000 0.000 0.318 0.078 0.000 0.000 0.000 0.308 0.000 0.000 0.000 0.758 0.718 0.858 0.748 0.718 0.848 0.558 0.608 0.598 0.638 0.638 0.638 0.558 0.778 0.668 0.538 0.012 0.504 0.284 0.204 0.000 0.000 0.000 0.000 0.005 0.074 0.134 0.030 0.021 0.030 0.038 0.042 0.005 0.175 0.000 0.169 0.037 0.026 0.027 0.099 0.196 0.309 0.424 0.552 0.552 0.579 0.606 0.633
0.085 0.053 0.032 0.068 0.060 0.203 0.000 0.000 0.000 0.000 0.000 0.000 0.000 0.000 0.000 0.000 0.000 0.488 0.768 0.000 0.000 0.000 0.000 0.000 0.000 0.000 0.000 0.748 0.728 1.038 0.718 0.808 0.928 0.798 0.698 0.638 0.658 0.398 0.528 0.558 0.558 0.528 0.588 0.808 0.608 0.022 0.384 0.044 0.000 0.000 0.000 0.000 0.003 0.000 0.008 0.002 0.000 0.000 0.123 0.033 0.145 0.195 0.135 0.125 0.000 0.032 0.051 0.137 0.251 0.365 0.480 0.530 0.584 0.584 0.612 0.639 0.666
0.084 0.062 0.086 0.057 0.126 0.056 0.008 0.000 0.000 0.000 0.000 0.000 0.000 0.000 0.000 0.044 0.000 0.438 0.788 0.818 0.808 0.708 0.768 0.658 0.658 0.598 0.618 0.738 0.658 0.688 0.748 0.798 0.758 0.768 0.618 0.628 0.678 0.578 0.698 0.488 0.488 0.628 0.508 0.528 0.268 0.000 0.000 0.000 0.000 0.000 0.002 0.003 0.002 0.008 0.004 0.001 0.035 0.034 0.060 0.114 0.095 0.113 0.145 0.007 0.002 0.035 0.192 0.306 0.422 0.508 0.536 0.563 0.617 0.617 0.644 0.671 0.698
0.069 0.068 0.223 0.132 0.023 0.081 0.048 0.022 0.014 0.000 0.000 0.000 0.000 0.000 0.000 0.013 0.091 0.017 0.000 0.418 0.588 0.788 0.808 0.748 0.748 0.788 0.728 1.018 0.708 0.708 0.648 0.618 0.538 0.978 0.738 0.748 0.648 0.708 0.748 0.648 0.648 0.418 0.038 0.000 0.000 0.000 0.000 0.000 0.000 0.001 0.006 0.009 0.014 0.027 0.010 0.004 0.022 0.022 0.018 0.096 0.012 0.102 0.017 0.037 0.020 0.175 0.363 0.478 0.514 0.541 0.568 0.595 0.650 0.650 0.677 0.704 0.731
0.054 0.078 0.073 0.092 0.186 0.096 0.002 0.048 0.048 0.000 0.000 0.000 0.000 0.000 0.000 0.000 0.012 0.000 0.178 0.058 0.000 0.000 0.548 0.788 0.788 0.818 0.668 0.848 0.888 0.628 0.648 0.678 0.568 0.658 0.728 0.728 0.698 0.558 0.558 0.468 0.468 0.000 0.000 0.000 0.000 0.000 0.000 0.000 0.001 0.002 0.053 0.083 0.000 0.081 0.016 0.008 0.134 0.134 0.090 0.117 0.113 0.141 0.088 0.074 0.203 0.385 0.015 0.519 0.546 0.574 0.601 0.628 0.682 0.682 0.709 0.736 0.763
0.104 0.040 0.057 0.122 0.046 0.118 0.133 0.014 0.014 0.082 0.000 0.000 0.000 0.000 0.000 0.000 0.000 0.000 0.000 0.000 0.000 0.000 0.000 0.488 0.488 0.718 0.000 0.000 0.000 0.000 0.000 0.000 0.000 0.000 0.000 0.000 0.000 0.000 0.158 0.000 0.000 0.000 0.000 0.000 0.000 0.000 0.000 0.004 0.005 0.028 0.041 0.025 0.088 0.078 0.033 0.124 0.134 0.134 0.181 0.060 0.084 0.086 0.042 0.041 0.470 0.499 0.526 0.552 0.579 0.606 0.633 0.660 0.715 0.715 0.742 0.769 0.796
0.110 0.118 0.040 0.096 0.143 0.201 0.063 0.013 0.012 0.011 0.011 0.000 0.000 0.000 0.000 0.000 0.000 0.000 0.000 0.000 0.000 0.000 0.000 0.000 0.000 0.000 0.000 0.000 0.000 0.000 0.000 0.000 0.000 0.000 0.000 0.000 0.000 0.000 0.000 0.000 0.000 0.000 0.000 0.000 0.000 0.002 0.005 0.004 0.135 0.009 0.105 0.033 0.057 0.177 0.126 0.037 0.164 0.164 0.012 0.051 0.028 0.262 0.444 0.476 0.505 0.534 0.561 0.587 0.613 0.639 0.666 0.693 0.747 0.747 0.774 0.801 0.828
0.065 0.093 0.168 0.239 0.206 0.231 0.053 0.032 0.021 0.007 0.032 0.020 0.000 0.000 0.000 0.000 0.000 0.000 0.000 0.000 0.000 0.000 0.000 0.000 0.000 0.000 0.000 0.000 0.000 0.000 0.002 0.000 0.000 0.002 0.000 0.000 0.000 0.000 0.000 0.000 0.000 0.000 0.000 0.000 0.001 0.000 0.005 0.026 0.053 0.011 0.001 0.031 0.151 0.069 0.064 0.048 0.029 0.025 0.017 0.199 0.382 0.454 0.483 0.511 0.540 0.569 0.596 0.622 0.647 0.673 0.699 0.726 0.780 0.780 0.807 0.834 0.861
0.062 0.161 0.023 0.081 0.057 0.112 0.126 0.087 0.073 0.184 0.045 0.126 0.027 0.025 0.002 0.002 0.000 0.000 0.000 0.000 0.000 0.000 0.000 0.000 0.000 0.002 0.000 0.060 0.002 0.005 0.004 0.090 0.002 0.003 0.000 0.004 0.000 0.000 0.000 0.000 0.000 0.000 0.000 0.000 0.000 0.010 0.008 0.000 0.055 0.059 0.000 0.000 0.000 0.099 0.141 0.026 0.042 0.034 0.029 0.430 0.459 0.489 0.518 0.546 0.575 0.604 0.630 0.656 0.682 0.708 0.733 0.759 0.812 0.812 0.839 0.866 0.893
0.080 0.081 0.095 0.103 0.077 0.084 0.119 0.079 0.073 0.002 0.121 0.052 0.041 0.002 0.034 0.026 0.008 0.027 0.037 0.004 0.001 0.002 0.002 0.001 0.002 0.001 0.003 0.003 0.011 0.012 0.008 0.003 0.070 0.002 0.004 0.101 0.001 0.001 0.000 0.000 0.000 0.000 0.000 0.000 0.000 0.006 0.025 0.003 0.000 0.108 0.086 0.141 0.000 0.002 0.117 0.137 0.040 0.035 0.436 0.465 0.494 0.523 0.552 0.581 0.610 0.639 0.665 0.691 0.716 0.742 0.768 0.793 0.845 0.845 0.871 0.898 0.925
0.027 0.070 0.110 0.084 0.201 0.070 0.199 0.096 0.088 0.221 0.069 0.089 0.066 0.071 0.052 0.002 0.068 0.020 0.147 0.002 0.085 0.010 0.001 0.050 0.050 0.002 0.001 0.017 0.014 0.000 0.059 0.008 0.000 0.002 0.000 0.003 0.002 0.002 0.000 0.000 0.000 0.002 0.052 0.003 0.002 0.014 0.153 0.049 0.132 0.096 0.021 0.055 0.012 0.002 0.025 0.380 0.442 0.442 0.471 0.500 0.529 0.558 0.587 0.616 0.645 0.674 0.699 0.725 0.751 0.776 0.802 0.828 0.879 0.879 0.905 0.931 0.958
0.050 0.111 0.071 0.125 0.064 0.146 0.185 0.109 0.102 0.105 0.087 0.138 0.067 0.160 0.101 0.061 0.093 0.028 0.015 0.075 0.105 0.007 0.058 0.199 0.199 0.041 0.029 0.013 0.009 0.023 0.003 0.016 0.000 0.003 0.027 0.002 0.024 0.124 0.001 0.001 0.000 0.001 0.072 0.007 0.018 0.000 0.051 0.047 0.137 0.009 0.086 0.069 0.226 0.004 0.040 0.007 0.477 0.477 0.506 0.535 0.564 0.593 0.622 0.651 0.680 0.708 0.734 0.759 0.785 0.811 0.836 0.862 0.914 0.913 0.939 0.965 0.991
0.039 0.089 0.048 0.105 0.043 0.139 0.171 0.095 0.089 0.093 0.076 0.129 0.058 0.157 0.097 0.058 0.090 0.022 0.012 0.073 0.105 0.006 0.056 0.199 0.199 0.039 0.029 0.010 0.007 0.020 0.000 0.012 0.000 0.001 0.027 0.000 0.021 0.124 0.001 0.000 0.000 0.002 0.072 0.005 0.010 0.000 0.050 0.042 0.129 0.005 0.073 0.058 0.227 0.003 0.042 0.008 0.477 0.477 0.506 0.535 0.564 0.593 0.622 0.651 0.680 0.708 0.734 0.760 0.785 0.811 0.837 0.862 0.914 0.914 0.939 0.965 0.991
0.041 0.183 0.041 0.198 0.079 0.039 0.142 0.213 0.212 0.081 0.119 0.195 0.155 0.091 0.141 0.231 0.071 0.094 0.056 0.150 0.048 0.104 0.140 0.015 0.015 0.084 0.002 0.000 0.000 0.015 0.059 0.004 0.001 0.030 0.006 0.182 0.063 0.005 0.001 0.055 0.055 0.001 0.000 0.034 0.025 0.000 0.005 0.030 0.056 0.098 0.194 0.297 0.028 0.397 0.002 0.011 0.512 0.512 0.541 0.570 0.599 0.628 0.657 0.686 0.715 0.743 0.768 0.794 0.820 0.845 0.871 0.897 0.948 0.948 0.973 0.999 1.025
0.116 0.118 0.116 0.110 0.021 0.065 0.145 0.125 0.125 0.074 0.098 0.195 0.136 0.117 0.094 0.188 0.118 0.052 0.102 0.012 0.129 0.019 0.140 0.111 0.111 0.142 0.000 0.024 0.000 0.025 0.000 0.077 0.013 0.068 0.068 0.030 0.007 0.105 0.002 0.000 0.000 0.000 0.002 0.025 0.000 0.001 0.013 0.050 0.142 0.226 0.323 0.362 0.399 0.431 0.461 0.014 0.547 0.547 0.576 0.605 0.634 0.663 0.692 0.721 0.749 0.777 0.803 0.828 0.854 0.880 0.905 0.931 0.982 0.982 1.008 1.033 1.059
0.100 0.101 0.103 0.178 0.116 0.127 0.538 0.237 0.236 0.061 0.488 0.216 0.140 0.171 0.091 0.097 0.188 0.109 0.132 0.172 0.049 0.017 0.004 0.061 0.061 0.080 0.004 0.007 0.023 0.102 0.046 0.012 0.059 0.000 0.083 0.000 0.008 0.002 0.178 0.000 0.000 0.005 0.020 0.041 0.065 0.057 0.058 0.003 0.008 0.344 0.384 0.424 0.459 0.491 0.522 0.554 0.617 0.616 0.645 0.674 0.703 0.732 0.761 0.790 0.819 0.846 0.871 0.897 0.922 0.948 0.974 0.999 1.050 1.049 1.073 1.096 1.119
0.152 0.036 0.143 0.233 0.153 0.088 0.171 0.231 0.231 0.161 0.571 0.210 0.200 0.151 0.160 0.077 0.234 0.094 0.077 0.182 0.036 0.026 0.008 0.000 0.000 0.025 0.016 0.108 0.078 0.002 0.049 0.094 0.042 0.013 0.018 0.058 0.006 0.004 0.000 0.001 0.000 0.001 0.002 0.002 0.005 0.225 0.031 0.006 0.037 0.006 0.415 0.455 0.489 0.521 0.553 0.584 0.648 0.647 0.679 0.709 0.738 0.767 0.796 0.825 0.853 0.880 0.906 0.931 0.957 0.982 1.008 1.033 1.080 1.079 1.103 1.126 1.149
0.113 0.146 0.122 0.170 0.557 0.145 0.119 0.150 0.150 0.079 0.221 0.220 0.170 0.229 0.209 0.097 0.085 0.144 0.088 0.066 0.019 0.040 0.023 0.022 0.017 0.067 0.096 0.016 0.033 0.202 0.214 0.146 0.007 0.118 0.026 0.042 0.023 0.000 0.000 0.000 0.000 0.010 0.006 0.029 0.213 0.254 0.294 0.001 0.367 0.407 0.446 0.486 0.520 0.551 0.583 0.614 0.678 0.678 0.709 0.741 0.773 0.802 0.830 0.859 0.888 0.914 0.940 0.966 0.991 1.016 1.039 1.063 1.110 1.109 1.133 1.156 1.179
0.081 0.484 0.153 0.112 0.033 0.547 0.557 0.566 0.567 0.104 0.609 0.606 0.604 0.221 0.602 0.164 0.166 0.130 0.092 0.113 0.134 0.039 0.085 0.086 0.088 0.136 0.091 0.053 0.071 0.090 0.001 0.041 0.103 0.084 0.104 0.011 0.003 0.007 0.000 0.000 0.000 0.010 0.020 0.002 0.244 0.284 0.324 0.010 0.398 0.438 0.477 0.517 0.550 0.582 0.613 0.645 0.708 0.708 0.740 0.771 0.803 0.835 0.865 0.894 0.923 0.949 0.974 1.000 1.023 1.046 1.069 1.093 1.140 1.139 1.162 1.186 1.209
0.503 0.522 0.158 0.089 0.157 0.568 0.140 0.113 0.116 0.153 0.166 0.174 0.127 0.615 0.133 0.175 0.118 0.139 0.080 0.135 0.026 0.001 0.082 0.103 0.104 0.068 0.125 0.131 0.213 0.420 0.102 0.003 0.144 0.036 0.061 0.131 0.009 0.001 0.000 0.010 0.006 0.084 0.300 0.011 0.034 0.312 0.352 0.390 0.429 0.469 0.509 0.548 0.580 0.612 0.643 0.675 0.739 0.738 0.770 0.802 0.833 0.865 0.897 0.928 0.958 0.983 1.006 1.029 1.053 1.076 1.099 1.123 1.169 1.169 1.192 1.216 1.239
0.538 0.138 0.547 0.137 0.127 0.588 0.588 0.594 0.594 0.601 0.601 0.138 0.646 0.644 0.642 0.197 0.089 0.116 0.154 0.110 0.110 0.553 0.551 0.100 0.107 0.104 0.576 0.050 0.112 0.192 0.150 0.153 0.133 0.143 0.030 0.039 0.066 0.000 0.001 0.033 0.027 0.017 0.092 0.361 0.031 0.342 0.382 0.421 0.461 0.500 0.540 0.579 0.611 0.642 0.674 0.705 0.769 0.768 0.800 0.832 0.863 0.895 0.927 0.958 0.989 1.013 1.036 1.059 1.083 1.106 1.129 1.152 1.199 1.199 1.222 1.246 1.269
0.133 0.567 0.574 0.581 0.587 0.127 0.609 0.139 0.139 0.625 0.125 0.638 0.119 0.162 0.125 0.077 0.059 0.120 0.022 0.139 0.583 0.133 0.580 0.119 0.119 0.558 0.060 0.035 0.065 0.085 0.026 0.525 0.127 0.075 0.074 0.165 0.455 0.003 0.002 0.004 0.003 0.006 0.091 0.015 0.334 0.374 0.413 0.453 0.492 0.531 0.571 0.609 0.641 0.672 0.704 0.735 0.799 0.799 0.830 0.862 0.893 0.925 0.957 0.988 1.018 1.042 1.066 1.089 1.113 1.136 1.159 1.182 1.229 1.229 1.252 1.275 1.299
0.589 0.595 0.601 0.608 0.110 0.621 0.629 0.635 0.635 0.648 0.645 0.136 0.641 0.640 0.104 0.620 0.075 0.617 0.615 0.067 0.612 0.610 0.608 0.599 0.599 0.563 0.064 0.116 0.116 0.136 0.179 0.120 0.475 0.100 0.003 0.072 0.122 0.015 0.011 0.030 0.029 0.001 0.071 0.336 0.369 0.405 0.445 0.484 0.523 0.563 0.602 0.640 0.671 0.703 0.734 0.766 0.829 0.829 0.860 0.892 0.923 0.955 0.987 1.018 1.047 1.071 1.095 1.119 1.142 1.166 1.189 1.212 1.259 1.259 1.282 1.305 1.329
0.615 0.622 0.628 0.634 0.641 0.648 0.654 0.661 0.661 0.130 0.672 0.670 0.668 0.084 0.040 0.650 0.101 0.647 0.645 0.643 0.641 0.639 0.623 0.605 0.605 0.126 0.054 0.039 0.059 0.031 0.049 0.093 0.497 0.074 0.064 0.092 0.184 0.184 0.003 0.129 0.128 0.049 0.060 0.011 0.409 0.443 0.477 0.515 0.554 0.594 0.633 0.670 0.702 0.733 0.764 0.796 0.860 0.859 0.890 0.922 0.953 0.985 1.016 1.048 1.076 1.100 1.124 1.148 1.172 1.196 1.219 1.242 1.289 1.289 1.312 1.335 1.358
0.642 0.648 0.655 0.661 0.667 0.674 0.680 0.687 0.687 0.699 0.699 0.129 0.693 0.125 0.682 0.680 0.678 0.676 0.674 0.672 0.665 0.647 0.629 0.611 0.611 0.020 0.142 0.586 0.117 0.079 0.121 0.065 0.517 0.087 0.142 0.527 0.033 0.501 0.184 0.010 0.005 0.351 0.386 0.420 0.003 0.484 0.517 0.550 0.586 0.625 0.664 0.700 0.732 0.763 0.795 0.826 0.890 0.889 0.920 0.952 0.983 1.015 1.046 1.078 1.104 1.128 1.152 1.176 1.201 1.225 1.249 1.272 1.319 1.319 1.342 1.365 1.388
