includes/lisflood/camargue/results_R3_t1.561737397084E12/res-0001.wd
ncols         906
nrows         631
xllcorner     362177.146667
yllcorner     6534725.688020
cellsize      20.000000
NODATA_value  -9999.000000
[rows 510 to 543 of 631, columns 770 to 846 of 906]
10.634 10.899 11.163 11.391 11.595 11.800 12.004 12.208 12.412 12.616 12.820 12.716 12.716 12.648 12.580 12.524 12.484 12.444 12.403 12.363 12.323 12.283 12.243 12.203 12.175 12.154 12.134 12.093 12.093 12.073 12.052 12.032 12.011 11.991 11.971 11.951 11.905 11.904 11.971 12.037 12.111 12.187 12.262 12.337 12.337 12.489 12.564 12.640 12.715 12.790 12.856 12.852 12.849 12.845 12.842 12.839 12.835 12.832 12.831 12.831 12.831 12.828 12.827 12.826 12.825 12.829 12.836 12.844 12.852 12.859 12.867 12.859 12.849 12.840 12.832 12.822 12.822
10.746 10.950 11.154 11.358 11.562 11.766 11.971 12.175 12.379 12.583 12.738 12.601 12.601 12.533 12.464 12.397 12.329 12.260 12.219 12.179 12.139 12.099 12.059 12.018 11.999 11.978 11.958 11.917 11.917 11.896 11.876 11.855 11.835 11.815 11.799 11.801 11.802 11.868 11.945 12.020 12.096 12.171 12.246 12.322 12.322 12.472 12.549 12.624 12.699 12.774 12.811 12.807 12.804 12.800 12.797 12.794 12.790 12.787 12.784 12.780 12.780 12.777 12.776 12.775 12.774 12.776 12.783 12.791 12.799 12.792 12.783 12.773 12.764 12.755 12.745 12.736 12.737
10.729 10.933 11.138 11.342 11.546 11.750 11.953 12.158 12.362 12.566 12.680 12.544 12.544 12.475 12.407 12.339 12.271 12.203 12.134 12.087 12.047 12.007 11.967 11.930 11.910 11.890 11.870 11.829 11.829 11.808 11.788 11.767 11.768 11.769 11.770 11.771 11.777 11.856 11.935 12.013 12.088 12.163 12.239 12.314 12.314 12.464 12.540 12.615 12.691 12.767 12.788 12.785 12.781 12.778 12.775 12.771 12.768 12.764 12.761 12.758 12.758 12.751 12.749 12.749 12.748 12.749 12.757 12.764 12.758 12.749 12.740 12.730 12.721 12.712 12.702 12.693 12.693
10.713 10.917 11.121 11.325 11.529 11.733 11.937 12.142 12.346 12.550 12.623 12.486 12.486 12.418 12.349 12.281 12.213 12.145 12.077 12.009 11.955 11.915 11.875 11.842 11.822 11.801 11.782 11.741 11.741 11.736 11.737 11.738 11.739 11.739 11.740 11.741 11.764 11.844 11.923 12.002 12.080 12.155 12.231 12.306 12.306 12.457 12.532 12.607 12.682 12.758 12.766 12.762 12.759 12.755 12.752 12.749 12.745 12.742 12.739 12.735 12.735 12.729 12.725 12.722 12.722 12.723 12.730 12.725 12.716 12.706 12.697 12.688 12.678 12.669 12.660 12.650 12.650
10.696 10.900 11.104 11.308 11.512 11.716 11.920 12.124 12.329 12.533 12.566 12.429 12.429 12.360 12.292 12.224 12.155 12.088 12.020 11.951 11.883 11.823 11.783 11.754 11.733 11.713 11.703 11.706 11.706 11.707 11.708 11.708 11.709 11.710 11.711 11.712 11.752 11.831 11.911 11.990 12.069 12.148 12.223 12.298 12.298 12.449 12.524 12.599 12.675 12.745 12.742 12.739 12.736 12.733 12.730 12.726 12.723 12.719 12.716 12.713 12.713 12.706 12.703 12.699 12.696 12.695 12.692 12.682 12.673 12.664 12.654 12.645 12.636 12.626 12.617 12.608 12.608
10.680 10.884 11.088 11.292 11.496 11.700 11.904 12.108 12.312 12.517 12.508 12.371 12.371 12.303 12.235 12.166 12.098 12.029 11.962 11.894 11.825 11.757 11.691 11.672 11.672 11.673 11.674 11.676 11.677 11.677 11.678 11.679 11.680 11.681 11.681 11.682 11.740 11.819 11.898 11.978 12.057 12.136 12.215 12.290 12.290 12.441 12.516 12.592 12.667 12.723 12.720 12.716 12.713 12.709 12.707 12.704 12.700 12.697 12.694 12.690 12.690 12.684 12.680 12.677 12.666 12.658 12.651 12.641 12.631 12.622 12.612 12.602 12.593 12.584 12.574 12.565 12.565
10.684 10.867 11.071 11.275 11.479 11.683 11.887 12.091 12.295 12.500 12.451 12.314 12.314 12.246 12.177 12.109 12.040 11.972 11.904 11.836 11.768 11.712 11.658 11.643 11.643 11.644 11.645 11.646 11.646 11.648 11.649 11.650 11.650 11.651 11.652 11.653 11.728 11.807 11.886 11.965 12.045 12.124 12.203 12.282 12.282 12.433 12.508 12.584 12.659 12.700 12.697 12.694 12.690 12.687 12.684 12.680 12.678 12.674 12.671 12.668 12.668 12.654 12.642 12.631 12.620 12.616 12.613 12.603 12.594 12.584 12.574 12.565 12.555 12.545 12.535 12.525 12.525
10.727 10.894 11.062 11.259 11.463 11.667 11.871 12.075 12.279 12.461 12.393 12.256 12.256 12.188 12.120 12.051 11.983 11.915 11.850 11.797 11.745 11.691 11.645 11.631 11.617 11.614 11.615 11.617 11.617 11.617 11.618 11.620 11.621 11.622 11.622 11.637 11.716 11.795 11.874 11.953 12.032 12.111 12.191 12.270 12.270 12.425 12.501 12.576 12.651 12.678 12.675 12.671 12.668 12.664 12.661 12.658 12.654 12.651 12.641 12.630 12.630 12.608 12.597 12.586 12.575 12.574 12.572 12.566 12.556 12.546 12.537 12.527 12.517 12.507 12.498 12.488 12.488
10.771 10.938 11.105 11.272 11.446 11.650 11.854 12.058 12.262 12.403 12.335 12.199 12.199 12.131 12.062 11.994 11.937 11.884 11.830 11.777 11.723 11.671 11.632 11.618 11.604 11.590 11.586 11.587 11.587 11.588 11.589 11.590 11.591 11.592 11.593 11.625 11.704 11.783 11.862 11.941 12.020 12.099 12.178 12.257 12.258 12.416 12.493 12.568 12.643 12.655 12.652 12.649 12.645 12.642 12.638 12.627 12.616 12.605 12.594 12.583 12.584 12.562 12.551 12.540 12.533 12.532 12.530 12.529 12.519 12.509 12.499 12.489 12.480 12.470 12.460 12.450 12.450
10.814 10.981 11.149 11.316 11.483 11.650 11.838 12.042 12.246 12.346 12.277 12.141 12.141 12.077 12.023 11.970 11.917 11.863 11.810 11.756 11.703 11.650 11.620 11.606 11.592 11.578 11.564 11.558 11.558 11.559 11.559 11.560 11.561 11.563 11.564 11.613 11.692 11.771 11.850 11.929 12.008 12.087 12.166 12.245 12.245 12.403 12.482 12.560 12.636 12.633 12.630 12.625 12.614 12.603 12.592 12.581 12.570 12.559 12.548 12.537 12.537 12.515 12.505 12.494 12.491 12.490 12.488 12.487 12.482 12.472 12.462 12.452 12.442 12.432 12.423 12.413 12.413
10.858 11.025 11.192 11.360 11.527 11.694 11.861 12.028 12.229 12.288 12.220 12.109 12.109 12.056 12.003 11.950 11.896 11.843 11.789 11.736 11.683 11.629 11.606 11.593 11.579 11.565 11.551 11.528 11.528 11.529 11.530 11.531 11.532 11.532 11.534 11.601 11.680 11.759 11.838 11.917 11.996 12.075 12.154 12.233 12.233 12.390 12.469 12.548 12.612 12.602 12.591 12.580 12.569 12.557 12.546 12.535 12.524 12.513 12.502 12.491 12.491 12.469 12.458 12.449 12.448 12.447 12.446 12.444 12.443 12.435 12.425 12.415 12.405 12.395 12.385 12.375 12.375
10.901 11.068 11.236 11.402 11.570 11.738 11.905 12.072 12.237 12.249 12.195 12.089 12.089 12.035 11.983 11.929 11.876 11.823 11.769 11.716 11.662 11.609 11.593 11.579 11.567 11.553 11.539 11.511 11.511 11.500 11.500 11.501 11.502 11.503 11.509 11.588 11.668 11.747 11.826 11.905 11.984 12.063 12.142 12.220 12.220 12.379 12.461 12.543 12.575 12.555 12.544 12.534 12.523 12.512 12.501 12.490 12.479 12.467 12.456 12.445 12.445 12.423 12.412 12.407 12.406 12.404 12.403 12.402 12.401 12.397 12.388 12.378 12.368 12.358 12.348 12.338 12.338
10.945 11.112 11.279 11.446 11.613 11.781 11.948 12.060 12.145 12.172 12.175 12.068 12.068 12.015 11.961 11.909 11.856 11.802 11.749 11.695 11.642 11.595 11.581 11.567 11.553 11.539 11.526 11.498 11.498 11.484 11.471 11.472 11.473 11.473 11.497 11.576 11.655 11.735 11.814 11.893 11.972 12.050 12.131 12.212 12.212 12.376 12.458 12.540 12.541 12.517 12.498 12.487 12.476 12.466 12.455 12.444 12.433 12.422 12.411 12.400 12.400 12.377 12.367 12.365 12.364 12.362 12.360 12.359 12.357 12.357 12.350 12.340 12.331 12.321 12.311 12.301 12.301
10.988 11.155 11.322 11.490 11.657 11.796 11.882 11.968 12.054 12.072 12.080 12.048 12.048 11.995 11.941 11.888 11.835 11.782 11.729 11.675 11.622 11.582 11.568 11.554 11.540 11.526 11.513 11.486 11.486 11.472 11.458 11.444 11.443 11.444 11.485 11.564 11.643 11.722 11.800 11.882 11.964 12.046 12.128 12.210 12.210 12.374 12.455 12.531 12.507 12.483 12.460 12.441 12.430 12.419 12.408 12.398 12.387 12.376 12.365 12.354 12.354 12.332 12.324 12.323 12.321 12.320 12.318 12.317 12.315 12.314 12.312 12.303 12.293 12.283 12.274 12.264 12.264
10.988 11.155 11.322 11.490 11.657 11.796 11.881 11.968 12.054 12.072 12.080 12.048 12.048 11.995 11.941 11.888 11.834 11.782 11.729 11.675 11.622 11.582 11.568 11.554 11.540 11.526 11.513 11.485 11.486 11.472 11.458 11.444 11.443 11.444 11.485 11.564 11.643 11.722 11.800 11.881 11.963 12.046 12.128 12.210 12.210 12.374 12.455 12.531 12.507 12.483 12.460 12.441 12.430 12.419 12.408 12.397 12.386 12.376 12.365 12.354 12.354 12.332 12.324 12.323 12.321 12.320 12.318 12.317 12.315 12.314 12.312 12.302 12.292 12.282 12.273 12.264 12.264
11.031 11.199 11.366 11.533 11.618 11.704 11.790 11.875 11.962 11.973 11.981 11.997 11.997 11.974 11.921 11.867 11.814 11.761 11.707 11.655 11.601 11.570 11.556 11.542 11.528 11.514 11.500 11.472 11.472 11.458 11.445 11.431 11.418 11.414 11.473 11.552 11.632 11.714 11.796 11.878 11.960 12.042 12.124 12.207 12.207 12.371 12.453 12.497 12.473 12.449 12.426 12.402 12.384 12.373 12.362 12.351 12.340 12.329 12.318 12.308 12.308 12.286 12.282 12.281 12.279 12.278 12.276 12.275 12.273 12.272 12.270 12.265 12.255 12.245 12.235 12.225 12.225
11.075 11.242 11.355 11.441 11.526 11.612 11.698 11.783 11.865 11.874 11.882 11.898 11.898 11.906 11.901 11.847 11.794 11.740 11.687 11.633 11.581 11.557 11.543 11.529 11.515 11.501 11.487 11.460 11.460 11.446 11.432 11.419 11.405 11.403 11.466 11.548 11.629 11.711 11.793 11.875 11.957 12.039 12.121 12.203 12.203 12.368 12.450 12.463 12.439 12.415 12.392 12.368 12.344 12.327 12.316 12.305 12.294 12.283 12.272 12.261 12.261 12.241 12.240 12.238 12.237 12.235 12.234 12.232 12.231 12.229 12.228 12.226 12.218 12.208 12.198 12.188 12.188
11.000 11.086 11.171 11.257 11.343 11.429 11.514 11.600 11.666 11.674 11.683 11.699 11.699 11.707 11.715 11.723 11.731 11.700 11.646 11.593 11.545 11.532 11.518 11.504 11.490 11.476 11.462 11.462 11.462 11.465 11.468 11.471 11.475 11.494 11.527 11.561 11.624 11.706 11.788 11.870 11.952 12.034 12.115 12.197 12.197 12.361 12.419 12.395 12.371 12.347 12.324 12.300 12.276 12.252 12.229 12.213 12.202 12.191 12.180 12.169 12.169 12.156 12.155 12.153 12.153 12.151 12.150 12.148 12.146 12.145 12.143 12.142 12.140 12.133 12.124 12.114 12.114
10.908 10.994 11.079 11.165 11.251 11.337 11.422 11.508 11.567 11.575 11.584 11.600 11.600 11.608 11.616 11.624 11.632 11.640 11.626 11.572 11.532 11.518 11.505 11.491 11.487 11.490 11.493 11.499 11.499 11.503 11.506 11.509 11.512 11.539 11.573 11.607 11.640 11.703 11.785 11.867 11.949 12.031 12.113 12.195 12.195 12.358 12.384 12.360 12.337 12.313 12.290 12.266 12.242 12.218 12.195 12.171 12.157 12.146 12.135 12.123 12.123 12.114 12.112 12.111 12.109 12.108 12.107 12.106 12.104 12.103 12.101 12.100 12.098 12.096 12.086 12.076 12.076
10.816 10.902 10.988 11.073 11.159 11.245 11.331 11.416 11.468 11.476 11.484 11.501 11.501 11.509 11.517 11.525 11.533 11.541 11.549 11.552 11.519 11.514 11.517 11.520 11.525 11.528 11.531 11.537 11.537 11.540 11.544 11.547 11.551 11.585 11.618 11.652 11.686 11.720 11.782 11.864 11.946 12.028 12.110 12.192 12.192 12.356 12.350 12.326 12.302 12.279 12.256 12.232 12.208 12.184 12.161 12.137 12.113 12.100 12.089 12.078 12.078 12.072 12.070 12.069 12.067 12.066 12.064 12.063 12.062 12.061 12.059 12.058 12.056 12.055 12.049 12.086 12.086
10.724 10.810 10.896 10.981 11.067 11.153 11.239 11.324 11.369 11.377 11.385 11.401 11.402 11.410 11.418 11.426 11.434 11.442 11.455 11.489 11.545 11.552 11.555 11.558 11.561 11.566 11.569 11.575 11.575 11.578 11.582 11.585 11.597 11.631 11.664 11.698 11.731 11.766 11.800 11.861 11.943 12.025 12.107 12.189 12.189 12.340 12.316 12.292 12.268 12.245 12.221 12.198 12.174 12.150 12.127 12.103 12.079 12.055 12.043 12.033 12.033 12.030 12.028 12.026 12.025 12.023 12.022 12.020 12.019 12.017 12.016 12.015 12.025 12.040 12.064 12.129 12.129
10.648 10.725 10.804 10.890 10.975 11.061 11.147 11.233 11.270 11.278 11.286 11.302 11.302 11.310 11.318 11.326 11.355 11.388 11.422 11.455 11.518 11.582 11.593 11.596 11.599 11.602 11.607 11.613 11.613 11.616 11.619 11.623 11.643 11.677 11.710 11.744 11.777 11.811 11.845 11.879 11.940 12.022 12.104 12.186 12.186 12.306 12.282 12.258 12.234 12.211 12.187 12.163 12.139 12.116 12.093 12.069 12.045 12.021 11.997 11.990 11.990 11.987 11.986 12.001 12.015 12.030 12.044 12.059 12.073 12.088 12.103 12.117 12.132 12.146 12.195 12.259 12.259
10.572 10.648 10.725 10.802 10.884 10.969 11.055 11.141 11.170 11.178 11.186 11.203 11.203 11.220 11.254 11.287 11.321 11.355 11.388 11.429 11.492 11.556 11.620 11.634 11.637 11.640 11.644 11.651 11.651 11.654 11.657 11.660 11.689 11.723 11.756 11.790 11.823 11.857 11.891 11.924 11.959 12.019 12.101 12.183 12.183 12.272 12.248 12.224 12.200 12.177 12.153 12.129 12.105 12.081 12.058 12.034 12.013 12.009 12.004 12.050 12.050 12.079 12.093 12.108 12.123 12.137 12.152 12.166 12.181 12.195 12.210 12.224 12.239 12.262 12.326 12.389 12.389
10.496 10.572 10.649 10.725 10.802 10.878 10.963 11.049 11.071 11.079 11.087 11.153 11.153 11.187 11.220 11.254 11.287 11.321 11.354 11.402 11.466 11.530 11.593 11.657 11.675 11.678 11.681 11.688 11.689 11.692 11.695 11.702 11.735 11.769 11.802 11.836 11.869 11.903 11.937 11.970 12.004 12.037 12.099 12.180 12.180 12.238 12.214 12.190 12.166 12.143 12.119 12.095 12.078 12.073 12.067 12.062 12.057 12.051 12.061 12.127 12.128 12.186 12.201 12.215 12.230 12.244 12.259 12.274 12.288 12.303 12.317 12.332 12.346 12.394 12.457 12.521 12.521
10.419 10.496 10.572 10.649 10.726 10.802 10.879 10.957 10.985 11.019 11.052 11.119 11.119 11.153 11.186 11.220 11.254 11.287 11.321 11.376 11.440 11.503 11.567 11.631 11.695 11.716 11.719 11.726 11.726 11.730 11.733 11.748 11.781 11.815 11.848 11.882 11.916 11.949 11.983 12.016 12.050 12.083 12.117 12.178 12.178 12.204 12.180 12.156 12.143 12.138 12.132 12.127 12.122 12.116 12.111 12.105 12.100 12.095 12.131 12.197 12.197 12.292 12.307 12.323 12.337 12.352 12.366 12.381 12.395 12.410 12.424 12.439 12.462 12.526 12.589 12.652 12.652
10.343 10.420 10.496 10.573 10.649 10.726 10.802 10.878 10.952 10.985 11.019 11.086 11.086 11.119 11.153 11.186 11.220 11.254 11.287 11.350 11.414 11.477 11.541 11.605 11.668 11.732 11.757 11.764 11.764 11.767 11.770 11.794 11.827 11.861 11.894 11.928 11.962 11.995 12.029 12.062 12.096 12.129 12.163 12.196 12.196 12.202 12.197 12.192 12.186 12.181 12.176 12.170 12.165 12.160 12.154 12.149 12.143 12.138 12.201 12.266 12.266 12.398 12.414 12.429 12.443 12.458 12.474 12.488 12.503 12.517 12.532 12.546 12.594 12.657 12.720 12.784 12.784
10.267 10.343 10.420 10.497 10.573 10.649 10.725 10.800 10.874 10.948 10.985 11.052 11.052 11.086 11.119 11.153 11.186 11.220 11.259 11.324 11.387 11.451 11.515 11.578 11.642 11.706 11.770 11.801 11.801 11.805 11.808 11.839 11.873 11.907 11.940 11.974 12.008 12.041 12.075 12.108 12.133 12.149 12.164 12.180 12.180 12.245 12.239 12.235 12.230 12.224 12.219 12.214 12.208 12.203 12.198 12.192 12.187 12.205 12.271 12.336 12.336 12.467 12.522 12.536 12.551 12.565 12.580 12.594 12.610 12.624 12.639 12.662 12.725 12.789 12.852 12.915 12.915
10.191 10.267 10.343 10.419 10.495 10.571 10.647 10.722 10.796 10.870 10.944 11.019 11.019 11.052 11.086 11.119 11.153 11.186 11.233 11.297 11.361 11.425 11.489 11.552 11.616 11.680 11.743 11.839 11.839 11.842 11.851 11.885 11.918 11.952 11.986 12.020 12.051 12.066 12.082 12.097 12.113 12.128 12.144 12.169 12.169 12.276 12.283 12.277 12.272 12.267 12.261 12.257 12.252 12.246 12.241 12.236 12.230 12.275 12.340 12.406 12.406 12.537 12.603 12.643 12.658 12.673 12.687 12.702 12.716 12.732 12.746 12.793 12.857 12.920 12.983 13.047 13.047
10.114 10.190 10.265 10.341 10.417 10.493 10.569 10.644 10.718 10.792 10.866 10.985 10.985 11.019 11.052 11.086 11.119 11.153 11.207 11.271 11.334 11.399 11.462 11.526 11.590 11.653 11.717 11.844 11.844 11.880 11.897 11.931 11.964 11.982 11.998 12.013 12.030 12.046 12.061 12.077 12.092 12.108 12.123 12.161 12.161 12.268 12.321 12.321 12.315 12.310 12.305 12.299 12.294 12.290 12.284 12.279 12.279 12.345 12.410 12.476 12.476 12.607 12.672 12.738 12.765 12.780 12.794 12.809 12.824 12.838 12.860 12.925 12.988 13.052 13.115 13.178 13.178
10.036 10.112 10.188 10.264 10.340 10.416 10.492 10.566 10.640 10.714 10.788 10.936 10.936 10.985 11.018 11.052 11.086 11.119 11.181 11.244 11.308 11.371 11.435 11.500 11.564 11.627 11.691 11.818 11.818 11.878 11.915 11.931 11.946 11.962 11.977 11.993 12.008 12.025 12.040 12.056 12.071 12.087 12.102 12.153 12.153 12.260 12.313 12.364 12.359 12.353 12.348 12.343 12.337 12.332 12.327 12.321 12.349 12.414 12.480 12.546 12.546 12.677 12.742 12.808 12.873 12.887 12.902 12.916 12.931 12.945 12.992 13.055 13.119 13.183 13.246 13.310 13.310
10.036 10.112 10.188 10.264 10.340 10.416 10.492 10.566 10.640 10.714 10.788 10.936 10.936 10.985 11.018 11.052 11.085 11.119 11.181 11.244 11.308 11.371 11.435 11.499 11.564 11.627 11.691 11.818 11.818 11.878 11.915 11.931 11.946 11.962 11.977 11.993 12.008 12.024 12.039 12.056 12.071 12.087 12.102 12.153 12.153 12.260 12.313 12.364 12.359 12.353 12.348 12.343 12.337 12.332 12.327 12.321 12.348 12.413 12.480 12.546 12.546 12.677 12.742 12.808 12.873 12.887 12.902 12.916 12.931 12.945 12.992 13.055 13.119 13.182 13.245 13.309 13.310
9.959 10.035 10.110 10.186 10.262 10.338 10.414 10.488 10.562 10.636 10.710 10.858 10.858 10.932 10.985 11.018 11.052 11.091 11.154 11.218 11.282 11.345 11.409 11.473 11.536 11.601 11.656 11.767 11.767 11.822 11.876 11.910 11.926 11.941 11.957 11.972 11.988 12.003 12.019 12.034 12.050 12.066 12.092 12.145 12.145 12.252 12.305 12.358 12.402 12.397 12.391 12.386 12.381 12.375 12.370 12.365 12.418 12.483 12.549 12.614 12.615 12.747 12.812 12.878 12.943 12.994 13.009 13.024 13.038 13.060 13.123 13.187 13.250 13.314 13.377 13.440 13.440
9.881 9.957 10.033 10.109 10.185 10.261 10.336 10.410 10.484 10.558 10.632 10.780 10.780 10.854 10.928 10.985 11.018 11.064 11.128 11.192 11.256 11.319 11.379 11.434 11.489 11.544 11.601 11.711 11.711 11.766 11.820 11.874 11.905 11.920 11.936 11.952 11.967 11.983 11.998 12.014 12.029 12.045 12.084 12.137 12.137 12.244 12.297 12.350 12.404 12.440 12.435 12.429 12.424 12.419 12.413 12.422 12.487 12.553 12.619 12.684 12.684 12.815 12.882 12.947 13.013 13.079 13.116 13.131 13.145 13.192 13.255 13.318 13.382 13.445 13.508 13.572 13.572
9.843 9.852 9.878 9.954 10.030 10.106 10.180 10.254 10.328 10.402 10.476 10.624 10.624 10.698 10.773 10.846 10.920 10.991 11.046 11.102 11.157 11.212 11.268 11.323 11.378 11.433 11.489 11.600 11.600 11.654 11.708 11.762 11.815 11.869 11.895 11.910 11.926 11.941 11.957 11.972 11.988 12.014 12.067 12.120 12.121 12.228 12.281 12.334 12.388 12.441 12.494 12.516 12.511 12.505 12.500 12.561 12.627 12.693 12.758 12.824 12.824 12.955 13.021 13.087 13.153 13.218 13.284 13.345 13.391 13.455 13.518 13.581 13.645 13.708 13.771 13.835 13.835
