includes/lisflood/camargue/results_R3_t1.561737397084E12/res-0013.wdfp
ncols         906
nrows         631
xllcorner     362177.146667
yllcorner     6534725.688020
cellsize      20.000000
NODATA_value  -9999.000000
[rows 544 to 577 of 631, columns 693 to 769 of 906]
8.514 8.650 8.786 8.922 9.058 9.212 9.367 9.522 9.522 9.833 9.763 9.650 9.538 9.425 9.313 9.200 9.087 8.975 8.872 8.807 8.743 8.678 8.605 8.520 8.520 8.351 8.266 8.182 8.097 8.013 7.928 7.836 7.703 7.569 7.436 7.395 7.390 7.385 7.379 7.374 7.374 7.364 7.359 7.353 7.344 7.324 7.305 7.285 7.312 7.350 7.388 7.427 7.465 7.503 7.541 7.579 7.691 7.691 7.775 7.859 7.944 8.001 8.058 8.115 8.172 8.228 8.285 8.342 8.399 8.423 8.440 8.458 8.479 8.479 8.487 8.495 8.503
8.564 8.700 8.836 8.972 9.108 9.248 9.403 9.558 9.558 9.774 9.662 9.549 9.436 9.324 9.211 9.099 8.986 8.873 8.761 8.677 8.612 8.547 8.463 8.378 8.378 8.209 8.124 8.040 7.955 7.871 7.786 7.701 7.588 7.455 7.365 7.360 7.355 7.349 7.344 7.339 7.339 7.329 7.323 7.318 7.313 7.297 7.277 7.284 7.322 7.361 7.399 7.437 7.475 7.513 7.552 7.590 7.679 7.679 7.763 7.847 7.914 7.971 8.027 8.084 8.141 8.198 8.255 8.312 8.368 8.411 8.429 8.446 8.463 8.463 8.471 8.479 8.487
8.613 8.749 8.885 9.021 9.157 9.293 9.439 9.594 9.594 9.673 9.561 9.448 9.335 9.223 9.110 8.997 8.885 8.772 8.659 8.547 8.481 8.405 8.320 8.236 8.236 8.067 7.982 7.897 7.813 7.728 7.644 7.559 7.474 7.340 7.330 7.325 7.320 7.314 7.309 7.304 7.304 7.294 7.288 7.283 7.278 7.269 7.256 7.294 7.333 7.371 7.409 7.447 7.486 7.524 7.562 7.600 7.677 7.677 7.751 7.826 7.883 7.940 7.997 8.054 8.111 8.167 8.224 8.281 8.338 8.395 8.417 8.430 8.446 8.446 8.454 8.462 8.470
8.663 8.799 8.935 9.071 9.207 9.343 9.479 9.630 9.630 9.572 9.459 9.347 9.234 9.121 9.009 8.896 8.784 8.671 8.558 8.446 8.347 8.263 8.178 8.094 8.094 7.924 7.840 7.755 7.671 7.590 7.510 7.429 7.349 7.311 7.305 7.299 7.293 7.288 7.282 7.276 7.276 7.264 7.258 7.253 7.247 7.241 7.267 7.305 7.343 7.381 7.420 7.458 7.496 7.534 7.572 7.611 7.687 7.687 7.739 7.796 7.853 7.910 7.966 8.023 8.080 8.137 8.194 8.251 8.307 8.364 8.405 8.413 8.427 8.427 8.433 8.440 8.446
8.712 8.848 8.984 9.120 9.256 9.392 9.528 9.666 9.666 9.471 9.365 9.260 9.155 9.049 8.944 8.839 8.733 8.628 8.523 8.418 8.337 8.260 8.179 8.099 8.099 7.937 7.857 7.776 7.695 7.615 7.534 7.453 7.386 7.376 7.370 7.364 7.358 7.353 7.347 7.341 7.341 7.329 7.324 7.318 7.312 7.308 7.314 7.352 7.389 7.427 7.464 7.501 7.539 7.576 7.614 7.651 7.726 7.726 7.725 7.766 7.823 7.880 7.937 7.994 8.050 8.107 8.164 8.221 8.278 8.335 8.374 8.384 8.396 8.396 8.402 8.408 8.414
8.762 8.898 9.031 9.161 9.291 9.422 9.552 9.631 9.631 9.467 9.362 9.256 9.151 9.046 8.941 8.835 8.730 8.625 8.519 8.422 8.354 8.284 8.203 8.123 8.123 7.961 7.881 7.800 7.720 7.639 7.558 7.478 7.453 7.443 7.435 7.429 7.424 7.418 7.412 7.406 7.406 7.395 7.389 7.383 7.377 7.376 7.374 7.399 7.436 7.474 7.511 7.549 7.586 7.624 7.661 7.698 7.755 7.755 7.737 7.737 7.794 7.851 7.908 7.964 8.021 8.078 8.135 8.192 8.249 8.300 8.328 8.353 8.365 8.365 8.371 8.377 8.383
8.782 8.913 9.043 9.174 9.304 9.434 9.565 9.576 9.576 9.463 9.358 9.253 9.148 9.042 8.937 8.832 8.726 8.621 8.516 8.439 8.371 8.303 8.228 8.147 8.147 7.986 7.905 7.824 7.744 7.663 7.583 7.530 7.520 7.511 7.501 7.494 7.489 7.483 7.477 7.471 7.471 7.460 7.454 7.448 7.445 7.443 7.441 7.446 7.484 7.521 7.558 7.596 7.633 7.671 7.708 7.745 7.766 7.766 7.748 7.729 7.765 7.821 7.878 7.935 7.992 8.049 8.106 8.162 8.219 8.254 8.282 8.310 8.334 8.334 8.340 8.346 8.352
8.795 8.925 9.056 9.186 9.316 9.447 9.551 9.520 9.520 9.459 9.355 9.249 9.144 9.039 8.934 8.828 8.723 8.618 8.524 8.456 8.388 8.320 8.252 8.171 8.171 8.010 7.929 7.849 7.768 7.687 7.607 7.597 7.588 7.578 7.568 7.560 7.554 7.548 7.542 7.536 7.536 7.525 7.519 7.514 7.513 7.511 7.509 7.507 7.531 7.568 7.606 7.643 7.680 7.718 7.755 7.793 7.778 7.778 7.759 7.740 7.735 7.792 7.849 7.906 7.963 8.019 8.076 8.133 8.181 8.209 8.237 8.264 8.303 8.303 8.309 8.315 8.321
8.807 8.938 9.068 9.199 9.329 9.459 9.496 9.465 9.465 9.404 9.351 9.246 9.141 9.035 8.930 8.825 8.719 8.614 8.541 8.473 8.405 8.337 8.269 8.195 8.195 8.034 7.953 7.873 7.792 7.712 7.675 7.665 7.655 7.645 7.635 7.626 7.619 7.613 7.607 7.601 7.601 7.590 7.584 7.582 7.580 7.578 7.577 7.575 7.578 7.616 7.653 7.690 7.728 7.765 7.803 7.826 7.789 7.789 7.770 7.751 7.733 7.763 7.820 7.877 7.933 7.990 8.047 8.104 8.135 8.163 8.191 8.219 8.272 8.272 8.278 8.284 8.290
8.820 8.950 9.081 9.211 9.341 9.471 9.440 9.410 9.410 9.349 9.318 9.242 9.137 9.032 8.927 8.821 8.716 8.625 8.557 8.490 8.422 8.354 8.286 8.218 8.218 8.058 7.978 7.897 7.816 7.752 7.742 7.732 7.722 7.712 7.703 7.693 7.684 7.678 7.672 7.667 7.667 7.655 7.652 7.650 7.648 7.646 7.644 7.642 7.640 7.663 7.700 7.737 7.775 7.812 7.850 7.837 7.800 7.800 7.781 7.762 7.744 7.734 7.790 7.847 7.904 7.961 8.018 8.062 8.089 8.117 8.145 8.173 8.229 8.229 8.247 8.253 8.259
8.832 8.963 9.093 9.224 9.354 9.416 9.385 9.355 9.355 9.293 9.263 9.232 9.134 9.028 8.923 8.818 8.712 8.642 8.574 8.506 8.438 8.370 8.302 8.235 8.235 8.083 8.002 7.921 7.841 7.819 7.809 7.799 7.790 7.780 7.770 7.760 7.750 7.743 7.737 7.732 7.732 7.721 7.719 7.717 7.716 7.714 7.712 7.710 7.708 7.710 7.747 7.785 7.822 7.860 7.867 7.849 7.811 7.811 7.792 7.774 7.755 7.736 7.761 7.818 7.875 7.932 7.988 8.016 8.044 8.071 8.099 8.127 8.183 8.183 8.211 8.221 8.227
8.845 8.975 9.106 9.236 9.366 9.360 9.330 9.299 9.299 9.238 9.208 9.177 9.130 9.025 8.920 8.814 8.727 8.659 8.591 8.523 8.455 8.387 8.319 8.251 8.251 8.107 8.026 7.945 7.896 7.886 7.876 7.867 7.857 7.847 7.837 7.828 7.818 7.808 7.803 7.797 7.797 7.789 7.787 7.785 7.783 7.781 7.779 7.778 7.776 7.774 7.794 7.832 7.869 7.897 7.878 7.860 7.822 7.822 7.804 7.785 7.766 7.748 7.732 7.789 7.846 7.902 7.942 7.970 7.998 8.026 8.054 8.081 8.137 8.137 8.165 8.190 8.196
8.845 8.975 9.106 9.236 9.366 9.361 9.330 9.299 9.299 9.238 9.208 9.177 9.130 9.025 8.920 8.814 8.727 8.659 8.591 8.523 8.455 8.387 8.319 8.251 8.251 8.107 8.026 7.946 7.896 7.886 7.876 7.867 7.857 7.847 7.837 7.828 7.818 7.808 7.803 7.797 7.797 7.789 7.787 7.785 7.783 7.781 7.779 7.778 7.776 7.774 7.795 7.832 7.869 7.897 7.878 7.860 7.822 7.822 7.804 7.785 7.766 7.748 7.732 7.789 7.846 7.903 7.942 7.970 7.998 8.026 8.054 8.081 8.137 8.137 8.165 8.190 8.196
8.857 8.988 9.118 9.249 9.336 9.305 9.275 9.244 9.244 9.183 9.152 9.122 9.091 9.021 8.916 8.812 8.744 8.676 8.608 8.540 8.472 8.404 8.336 8.268 8.268 8.131 8.050 7.973 7.963 7.953 7.944 7.934 7.924 7.914 7.905 7.895 7.885 7.875 7.868 7.862 7.862 7.856 7.855 7.853 7.851 7.849 7.847 7.845 7.843 7.842 7.842 7.879 7.917 7.908 7.890 7.871 7.834 7.834 7.815 7.796 7.777 7.759 7.740 7.760 7.816 7.869 7.897 7.924 7.952 7.980 8.008 8.036 8.091 8.091 8.119 8.147 8.165
8.870 9.000 9.131 9.261 9.281 9.250 9.219 9.189 9.189 9.128 9.097 9.067 9.036 9.005 8.913 8.829 8.761 8.693 8.625 8.557 8.489 8.421 8.353 8.285 8.285 8.149 8.075 8.040 8.031 8.021 8.011 8.001 7.991 7.982 7.972 7.962 7.952 7.943 7.933 7.928 7.928 7.924 7.922 7.920 7.918 7.917 7.915 7.913 7.911 7.909 7.907 7.926 7.938 7.920 7.901 7.882 7.845 7.845 7.826 7.807 7.789 7.770 7.751 7.732 7.787 7.823 7.851 7.879 7.907 7.934 7.962 7.990 8.046 8.046 8.074 8.101 8.129
9.101 9.109 9.156 9.201 9.170 9.140 9.109 9.084 9.084 9.056 9.041 9.027 9.013 8.999 8.961 8.900 8.833 8.766 8.699 8.632 8.565 8.498 8.431 8.364 8.364 8.230 8.195 8.172 8.162 8.152 8.143 8.133 8.123 8.113 8.103 8.094 8.084 8.074 8.066 8.061 8.061 8.057 8.055 8.054 8.052 8.050 8.048 8.046 8.044 8.043 8.041 8.022 8.001 7.982 7.962 7.943 7.904 7.904 7.885 7.866 7.846 7.827 7.808 7.788 7.757 7.781 7.812 7.843 7.875 7.906 7.938 7.969 8.032 8.032 8.064 8.095 8.158
9.221 9.222 9.208 9.206 9.192 9.178 9.164 9.150 9.150 9.122 9.107 9.093 9.079 9.059 9.007 8.955 8.888 8.821 8.754 8.687 8.620 8.553 8.486 8.419 8.419 8.304 8.272 8.240 8.227 8.217 8.208 8.198 8.188 8.178 8.169 8.159 8.149 8.140 8.134 8.129 8.129 8.123 8.121 8.120 8.118 8.116 8.114 8.112 8.110 8.109 8.098 8.074 8.050 8.031 8.012 7.992 7.954 7.954 7.934 7.915 7.896 7.876 7.857 7.830 7.797 7.786 7.817 7.849 7.880 7.912 7.943 7.975 8.038 8.038 8.069 8.100 8.194
9.271 9.257 9.247 9.260 9.258 9.244 9.230 9.216 9.216 9.188 9.173 9.159 9.145 9.105 9.054 9.002 8.943 8.876 8.809 8.742 8.675 8.607 8.540 8.473 8.473 8.381 8.349 8.317 8.292 8.282 8.273 8.263 8.253 8.243 8.234 8.224 8.214 8.208 8.202 8.197 8.197 8.189 8.188 8.186 8.184 8.182 8.180 8.178 8.177 8.173 8.149 8.126 8.102 8.080 8.061 8.042 8.003 8.003 7.984 7.964 7.945 7.926 7.903 7.871 7.838 7.806 7.823 7.854 7.885 7.917 7.948 7.980 8.043 8.043 8.074 8.133 8.231
9.306 9.292 9.289 9.302 9.314 9.310 9.296 9.282 9.282 9.254 9.239 9.225 9.203 9.151 9.100 9.048 8.997 8.930 8.863 8.796 8.729 8.662 8.595 8.528 8.528 8.458 8.426 8.394 8.362 8.347 8.338 8.328 8.318 8.308 8.299 8.289 8.281 8.275 8.270 8.265 8.265 8.256 8.254 8.252 8.250 8.248 8.246 8.245 8.243 8.225 8.201 8.177 8.154 8.130 8.110 8.091 8.052 8.052 8.033 8.014 7.994 7.975 7.944 7.911 7.879 7.847 7.828 7.859 7.891 7.922 7.954 7.985 8.048 8.048 8.079 8.169 8.268
9.341 9.327 9.331 9.344 9.356 9.369 9.362 9.348 9.348 9.319 9.305 9.291 9.249 9.198 9.146 9.095 9.043 8.985 8.918 8.851 8.784 8.717 8.650 8.599 8.599 8.535 8.503 8.471 8.439 8.413 8.403 8.393 8.383 8.373 8.364 8.354 8.349 8.343 8.338 8.333 8.333 8.322 8.320 8.318 8.316 8.314 8.312 8.311 8.300 8.276 8.253 8.229 8.205 8.182 8.160 8.141 8.102 8.102 8.082 8.063 8.044 8.017 7.984 7.952 7.920 7.887 7.855 7.864 7.896 7.927 7.959 7.990 8.053 8.053 8.108 8.206 8.304
9.376 9.362 9.373 9.386 9.398 9.411 9.423 9.414 9.414 9.386 9.371 9.347 9.295 9.244 9.192 9.141 9.090 9.038 8.973 8.905 8.838 8.772 8.708 8.676 8.676 8.612 8.580 8.548 8.516 8.484 8.468 8.458 8.448 8.439 8.429 8.422 8.417 8.411 8.406 8.401 8.401 8.390 8.386 8.384 8.382 8.380 8.378 8.375 8.351 8.328 8.304 8.280 8.257 8.233 8.210 8.190 8.151 8.151 8.132 8.113 8.090 8.058 8.025 7.993 7.960 7.928 7.896 7.870 7.901 7.933 7.964 7.996 8.058 8.058 8.144 8.243 8.341
9.411 9.403 9.415 9.428 9.440 9.453 9.465 9.478 9.478 9.451 9.437 9.393 9.341 9.290 9.239 9.187 9.136 9.084 9.027 8.960 8.893 8.826 8.784 8.753 8.753 8.689 8.657 8.625 8.593 8.561 8.533 8.523 8.513 8.503 8.495 8.490 8.485 8.479 8.474 8.469 8.469 8.458 8.453 8.450 8.448 8.446 8.444 8.427 8.403 8.379 8.356 8.332 8.308 8.285 8.261 8.239 8.201 8.201 8.181 8.162 8.131 8.098 8.066 8.034 8.001 7.969 7.936 7.904 7.906 7.938 7.969 8.001 8.082 8.082 8.181 8.279 8.378
9.446 9.445 9.457 9.470 9.482 9.495 9.507 9.520 9.520 9.517 9.490 9.439 9.388 9.336 9.285 9.233 9.182 9.131 9.079 9.015 8.948 8.893 8.862 8.830 8.830 8.766 8.734 8.702 8.670 8.638 8.606 8.588 8.578 8.569 8.563 8.558 8.552 8.547 8.542 8.536 8.536 8.526 8.520 8.516 8.514 8.512 8.502 8.478 8.455 8.431 8.407 8.384 8.360 8.336 8.313 8.289 8.250 8.250 8.231 8.204 8.171 8.139 8.107 8.074 8.042 8.010 7.977 7.945 7.913 7.943 7.975 8.006 8.119 8.119 8.218 8.316 8.414
9.481 9.487 9.499 9.512 9.524 9.537 9.549 9.562 9.562 9.583 9.537 9.485 9.434 9.383 9.331 9.280 9.228 9.177 9.126 9.070 9.003 8.971 8.939 8.907 8.907 8.843 8.811 8.779 8.747 8.715 8.683 8.653 8.643 8.636 8.631 8.626 8.620 8.615 8.610 8.604 8.604 8.594 8.588 8.583 8.580 8.577 8.554 8.530 8.506 8.483 8.459 8.435 8.412 8.388 8.364 8.341 8.300 8.300 8.277 8.245 8.212 8.180 8.147 8.115 8.083 8.050 8.018 7.986 7.953 7.948 7.980 8.011 8.156 8.156 8.254 8.353 8.451
9.516 9.529 9.542 9.554 9.566 9.579 9.591 9.604 9.604 9.599 9.558 9.509 9.461 9.413 9.365 9.316 9.268 9.220 9.171 9.120 9.079 9.047 9.016 8.984 8.984 8.920 8.888 8.856 8.824 8.792 8.760 8.728 8.709 8.704 8.699 8.694 8.688 8.683 8.678 8.672 8.672 8.662 8.656 8.651 8.646 8.629 8.605 8.582 8.558 8.534 8.511 8.487 8.463 8.440 8.416 8.392 8.349 8.349 8.318 8.285 8.253 8.221 8.188 8.156 8.124 8.091 8.059 8.026 7.994 7.962 7.985 8.017 8.193 8.193 8.291 8.389 8.488
9.559 9.571 9.584 9.596 9.609 9.616 9.613 9.611 9.611 9.605 9.570 9.521 9.473 9.425 9.376 9.328 9.280 9.232 9.183 9.160 9.160 9.128 9.096 9.064 9.064 9.000 8.968 8.936 8.904 8.872 8.841 8.809 8.775 8.769 8.764 8.759 8.753 8.748 8.743 8.737 8.737 8.727 8.722 8.716 8.705 8.683 8.659 8.635 8.611 8.588 8.564 8.540 8.516 8.493 8.469 8.445 8.400 8.400 8.361 8.326 8.294 8.261 8.229 8.197 8.164 8.132 8.099 8.067 8.035 8.002 7.990 8.032 8.229 8.229 8.328 8.426 8.552
9.601 9.613 9.626 9.627 9.625 9.622 9.619 9.616 9.616 9.610 9.582 9.533 9.485 9.437 9.388 9.340 9.292 9.244 9.209 9.219 9.229 9.209 9.177 9.145 9.145 9.081 9.049 9.017 8.985 8.953 8.921 8.888 8.854 8.833 8.828 8.822 8.817 8.812 8.807 8.801 8.801 8.791 8.786 8.780 8.759 8.739 8.715 8.691 8.667 8.643 8.620 8.596 8.572 8.548 8.524 8.501 8.512 8.512 8.474 8.435 8.396 8.357 8.318 8.278 8.239 8.200 8.161 8.121 8.082 8.043 8.011 8.074 8.367 8.367 8.514 8.660 8.807
9.641 9.639 9.636 9.633 9.630 9.627 9.624 9.622 9.622 9.616 9.593 9.545 9.497 9.449 9.400 9.352 9.304 9.259 9.269 9.279 9.289 9.290 9.258 9.226 9.226 9.162 9.130 9.098 9.066 9.035 9.002 8.968 8.934 8.900 8.892 8.886 8.881 8.876 8.870 8.865 8.865 8.855 8.849 8.834 8.813 8.793 8.770 8.747 8.723 8.699 8.675 8.651 8.628 8.604 8.580 8.558 8.600 8.600 8.588 8.549 8.510 8.470 8.431 8.392 8.353 8.314 8.274 8.235 8.196 8.157 8.206 8.333 8.622 8.622 8.768 8.915 9.061
9.642 9.639 9.636 9.633 9.630 9.627 9.624 9.622 9.622 9.616 9.594 9.545 9.497 9.449 9.400 9.352 9.304 9.259 9.269 9.279 9.289 9.290 9.258 9.226 9.226 9.162 9.130 9.098 9.067 9.035 9.002 8.968 8.934 8.900 8.892 8.886 8.881 8.876 8.871 8.865 8.865 8.855 8.849 8.834 8.813 8.793 8.771 8.747 8.723 8.699 8.675 8.652 8.628 8.604 8.580 8.558 8.601 8.601 8.588 8.549 8.510 8.471 8.431 8.392 8.353 8.314 8.274 8.235 8.196 8.157 8.206 8.333 8.622 8.622 8.768 8.915 9.061
9.646 9.644 9.641 9.639 9.636 9.633 9.630 9.627 9.627 9.621 9.606 9.557 9.509 9.461 9.412 9.364 9.316 9.318 9.328 9.338 9.348 9.358 9.339 9.307 9.307 9.243 9.211 9.179 9.148 9.116 9.082 9.047 9.013 8.979 8.955 8.950 8.945 8.940 8.934 8.929 8.929 8.919 8.908 8.888 8.867 8.847 8.826 8.803 8.779 8.755 8.731 8.707 8.684 8.660 8.636 8.646 8.689 8.689 8.702 8.663 8.623 8.584 8.545 8.506 8.466 8.427 8.388 8.349 8.309 8.358 8.478 8.605 8.876 8.876 9.023 9.169 9.316
9.643 9.646 9.647 9.644 9.641 9.638 9.635 9.633 9.633 9.627 9.617 9.569 9.521 9.473 9.424 9.376 9.368 9.378 9.388 9.398 9.408 9.417 9.420 9.388 9.388 9.324 9.292 9.261 9.229 9.195 9.161 9.127 9.093 9.059 9.025 9.014 9.009 9.004 8.998 8.993 8.993 8.982 8.962 8.941 8.921 8.901 8.881 8.858 8.834 8.811 8.787 8.763 8.739 8.715 8.713 8.735 8.777 8.777 8.799 8.776 8.737 8.698 8.659 8.619 8.580 8.541 8.502 8.462 8.510 8.630 8.750 8.878 9.139 9.139 9.277 9.424 9.571
9.636 9.639 9.641 9.644 9.647 9.649 9.646 9.643 9.643 9.638 9.635 9.593 9.545 9.496 9.467 9.477 9.487 9.497 9.506 9.516 9.526 9.536 9.546 9.550 9.550 9.486 9.454 9.423 9.389 9.354 9.320 9.286 9.252 9.218 9.183 9.149 9.137 9.131 9.126 9.121 9.121 9.090 9.069 9.049 9.029 9.009 8.989 8.968 8.946 8.922 8.898 8.875 8.851 8.869 8.890 8.911 8.954 8.954 8.975 8.997 8.964 8.925 8.886 8.847 8.807 8.768 8.814 8.934 9.054 9.175 9.295 9.422 9.684 9.684 9.815 9.945 10.079
9.632 9.635 9.638 9.641 9.644 9.647 9.649 9.649 9.649 9.643 9.640 9.605 9.557 9.516 9.526 9.536 9.546 9.556 9.566 9.576 9.586 9.596 9.605 9.615 9.615 9.567 9.535 9.502 9.468 9.434 9.400 9.366 9.331 9.297 9.263 9.229 9.200 9.195 9.190 9.184 9.184 9.144 9.123 9.103 9.083 9.063 9.042 9.022 9.002 8.978 8.954 8.930 8.936 8.957 8.978 9.000 9.042 9.042 9.064 9.085 9.078 9.039 9.000 8.960 8.921 8.966 9.086 9.206 9.327 9.447 9.567 9.694 9.956 9.956 10.086 10.217 10.348
9.629 9.632 9.635 9.637 9.640 9.643 9.646 9.649 9.649 9.649 9.646 9.617 9.568 9.576 9.586 9.596 9.605 9.615 9.625 9.635 9.645 9.655 9.665 9.675 9.675 9.648 9.616 9.582 9.548 9.514 9.479 9.445 9.411 9.377 9.343 9.308 9.274 9.259 9.254 9.238 9.238 9.198 9.177 9.157 9.137 9.117 9.096 9.076 9.056 9.034 9.010 9.003 9.024 9.045 9.067 9.088 9.131 9.131 9.152 9.173 9.192 9.152 9.113 9.074 9.118 9.238 9.358 9.479 9.599 9.719 9.839 9.966 10.228 10.228 10.359 10.490 10.620
