includes/lisflood/camargue/results_R3_t1.561737397084E12/res-0006.wd
ncols         906
nrows         631
xllcorner     362177.146667
yllcorner     6534725.688020
cellsize      20.000000
NODATA_value  -9999.000000
[rows 544 to 577 of 631, columns 616 to 692 of 906]
6.947 7.014 7.080 7.146 7.279 7.279 7.346 7.412 7.478 7.545 7.603 7.650 7.699 7.748 7.797 7.845 7.894 7.943 7.991 8.040 8.138 8.138 8.186 8.251 8.321 8.390 8.460 8.530 8.600 8.669 8.739 8.811 8.888 8.965 9.042 9.120 9.277 9.277 9.356 9.434 9.513 9.580 9.648 9.715 9.783 9.850 9.918 9.967 9.977 9.986 9.995 10.005 10.031 10.031 10.049 10.067 10.085 10.103 10.121 10.139 10.160 10.190 10.220 10.250 10.280 10.310 10.427 10.586 10.746 10.746 11.065 11.225 11.384 11.544 11.693 11.829 11.965
7.048 7.115 7.181 7.247 7.380 7.380 7.446 7.513 7.579 7.648 7.721 7.773 7.824 7.873 7.921 7.970 8.019 8.068 8.116 8.165 8.262 8.262 8.311 8.374 8.444 8.513 8.583 8.653 8.722 8.792 8.867 8.944 9.021 9.098 9.175 9.253 9.410 9.410 9.489 9.567 9.646 9.725 9.803 9.873 9.940 10.008 10.075 10.129 10.138 10.148 10.157 10.171 10.207 10.207 10.225 10.243 10.261 10.279 10.297 10.315 10.338 10.368 10.398 10.428 10.458 10.488 10.518 10.645 10.805 10.805 11.124 11.283 11.443 11.603 11.742 11.878 12.014
7.149 7.215 7.282 7.348 7.481 7.481 7.547 7.614 7.685 7.761 7.837 7.889 7.942 7.994 8.046 8.095 8.144 8.192 8.241 8.290 8.387 8.387 8.436 8.497 8.567 8.636 8.706 8.776 8.846 8.923 9.000 9.077 9.154 9.231 9.308 9.386 9.543 9.543 9.622 9.701 9.779 9.858 9.937 10.015 10.094 10.165 10.233 10.291 10.300 10.311 10.329 10.347 10.383 10.383 10.401 10.419 10.437 10.455 10.473 10.491 10.515 10.545 10.575 10.605 10.635 10.665 10.695 10.725 10.864 10.864 11.183 11.342 11.502 11.655 11.791 11.927 12.063
7.250 7.316 7.383 7.449 7.582 7.582 7.648 7.723 7.799 7.875 7.951 8.006 8.058 8.110 8.163 8.215 8.268 8.317 8.366 8.415 8.512 8.512 8.561 8.620 8.689 8.759 8.829 8.901 8.979 9.056 9.133 9.210 9.287 9.364 9.441 9.519 9.676 9.676 9.755 9.834 9.912 9.991 10.070 10.148 10.227 10.305 10.384 10.453 10.469 10.487 10.505 10.523 10.559 10.559 10.577 10.595 10.613 10.631 10.649 10.667 10.693 10.723 10.753 10.783 10.813 10.843 10.873 10.903 10.933 10.933 11.242 11.401 11.561 11.704 11.840 11.976 12.112
7.351 7.417 7.484 7.550 7.684 7.684 7.760 7.836 7.913 7.989 8.065 8.122 8.174 8.227 8.279 8.332 8.384 8.436 8.489 8.539 8.637 8.637 8.686 8.743 8.812 8.882 8.957 9.034 9.112 9.189 9.266 9.343 9.420 9.497 9.575 9.652 9.809 9.809 9.888 9.967 10.045 10.124 10.202 10.281 10.360 10.438 10.514 10.582 10.635 10.662 10.680 10.698 10.734 10.734 10.752 10.770 10.788 10.806 10.824 10.842 10.870 10.900 10.930 10.960 10.990 11.020 11.050 11.081 11.111 11.111 11.301 11.460 11.616 11.752 11.889 12.025 12.161
7.452 7.518 7.584 7.651 7.798 7.798 7.874 7.950 8.026 8.102 8.178 8.238 8.291 8.343 8.395 8.448 8.500 8.553 8.605 8.657 8.762 8.762 8.810 8.865 8.936 9.013 9.091 9.168 9.245 9.322 9.399 9.476 9.553 9.630 9.708 9.785 9.942 9.942 10.021 10.099 10.178 10.257 10.335 10.414 10.493 10.564 10.632 10.700 10.753 10.806 10.856 10.874 10.910 10.910 10.928 10.946 10.964 10.982 11.000 11.018 11.048 11.078 11.108 11.138 11.168 11.198 11.228 11.258 11.288 11.288 11.360 11.519 11.665 11.802 11.938 12.074 12.210
7.553 7.619 7.685 7.759 7.911 7.911 7.988 8.064 8.140 8.216 8.292 8.354 8.407 8.459 8.512 8.564 8.616 8.669 8.721 8.774 8.878 8.878 8.931 8.992 9.069 9.147 9.224 9.301 9.378 9.455 9.532 9.609 9.687 9.764 9.841 9.918 10.075 10.075 10.154 10.232 10.311 10.390 10.468 10.545 10.614 10.682 10.750 10.818 10.871 10.924 10.977 11.030 11.086 11.086 11.104 11.122 11.140 11.158 11.176 11.195 11.225 11.255 11.286 11.316 11.346 11.376 11.406 11.436 11.466 11.466 11.526 11.578 11.714 11.844 11.974 12.105 12.235
7.654 7.721 7.797 7.873 8.025 8.025 8.101 8.177 8.253 8.329 8.406 8.470 8.523 8.575 8.628 8.680 8.733 8.785 8.838 8.890 8.995 8.995 9.059 9.127 9.204 9.280 9.357 9.434 9.511 9.588 9.665 9.742 9.820 9.897 9.974 10.051 10.208 10.208 10.287 10.365 10.444 10.523 10.595 10.663 10.732 10.800 10.868 10.936 10.989 11.042 11.095 11.148 11.254 11.254 11.280 11.298 11.316 11.334 11.352 11.373 11.403 11.433 11.463 11.493 11.523 11.553 11.583 11.613 11.643 11.643 11.671 11.682 11.725 11.856 11.986 12.117 12.247
7.758 7.834 7.911 7.987 8.139 8.139 8.215 8.291 8.367 8.443 8.519 8.587 8.639 8.692 8.744 8.797 8.849 8.901 8.954 9.006 9.127 9.127 9.195 9.263 9.339 9.415 9.491 9.568 9.644 9.721 9.798 9.876 9.953 10.030 10.107 10.184 10.341 10.341 10.420 10.498 10.577 10.645 10.713 10.781 10.849 10.918 10.986 11.054 11.107 11.160 11.213 11.266 11.372 11.372 11.425 11.474 11.492 11.510 11.528 11.550 11.581 11.611 11.641 11.671 11.701 11.730 11.742 11.754 11.767 11.767 11.791 11.801 11.809 11.868 11.998 12.129 12.259
7.872 7.948 8.024 8.100 8.252 8.252 8.328 8.405 8.481 8.557 8.633 8.703 8.755 8.808 8.860 8.913 8.965 9.018 9.070 9.128 9.263 9.263 9.331 9.399 9.474 9.550 9.626 9.703 9.779 9.856 9.932 10.009 10.086 10.163 10.240 10.317 10.474 10.474 10.553 10.626 10.695 10.763 10.831 10.899 10.967 11.035 11.104 11.172 11.225 11.278 11.331 11.384 11.490 11.490 11.543 11.596 11.649 11.685 11.703 11.728 11.758 11.788 11.814 11.826 11.838 11.850 11.862 11.874 11.887 11.887 11.911 11.919 11.927 11.935 12.010 12.141 12.271
7.986 8.062 8.138 8.214 8.366 8.366 8.442 8.518 8.594 8.670 8.747 8.819 8.872 8.924 8.977 9.029 9.082 9.134 9.197 9.264 9.399 9.399 9.467 9.535 9.609 9.685 9.761 9.838 9.914 9.991 10.067 10.143 10.219 10.296 10.373 10.450 10.607 10.607 10.676 10.744 10.812 10.881 10.949 11.017 11.085 11.153 11.222 11.290 11.344 11.397 11.450 11.502 11.608 11.608 11.661 11.714 11.768 11.820 11.874 11.897 11.910 11.922 11.934 11.946 11.958 11.970 11.982 11.995 12.007 12.007 12.030 12.038 12.046 12.054 12.062 12.153 12.283
8.123 8.190 8.256 8.328 8.479 8.480 8.556 8.632 8.708 8.784 8.860 8.936 8.988 9.040 9.093 9.145 9.198 9.265 9.333 9.400 9.535 9.535 9.603 9.671 9.744 9.820 9.897 9.973 10.049 10.126 10.202 10.278 10.354 10.431 10.507 10.583 10.726 10.726 10.794 10.862 10.930 10.998 11.067 11.135 11.203 11.271 11.339 11.407 11.462 11.515 11.568 11.621 11.727 11.727 11.780 11.833 11.886 11.938 11.987 12.015 12.030 12.042 12.054 12.066 12.078 12.090 12.102 12.115 12.127 12.127 12.149 12.157 12.165 12.173 12.181 12.189 12.295
8.123 8.189 8.256 8.327 8.479 8.479 8.555 8.631 8.707 8.784 8.860 8.935 8.987 9.040 9.092 9.145 9.197 9.265 9.332 9.400 9.535 9.535 9.603 9.670 9.743 9.820 9.896 9.972 10.049 10.125 10.201 10.278 10.354 10.430 10.507 10.583 10.725 10.725 10.793 10.862 10.930 10.998 11.066 11.134 11.203 11.271 11.339 11.407 11.461 11.514 11.567 11.620 11.726 11.726 11.779 11.832 11.885 11.937 11.987 12.014 12.029 12.041 12.053 12.065 12.078 12.090 12.102 12.114 12.126 12.126 12.149 12.157 12.165 12.173 12.180 12.188 12.295
8.261 8.327 8.393 8.460 8.593 8.593 8.669 8.745 8.821 8.897 8.973 9.049 9.104 9.156 9.209 9.265 9.333 9.401 9.468 9.536 9.671 9.671 9.739 9.806 9.878 9.955 10.031 10.108 10.184 10.260 10.336 10.413 10.489 10.565 10.642 10.707 10.843 10.843 10.911 10.979 11.048 11.116 11.184 11.252 11.320 11.388 11.457 11.525 11.579 11.632 11.685 11.738 11.844 11.844 11.897 11.950 12.000 12.049 12.099 12.123 12.146 12.161 12.173 12.186 12.198 12.210 12.222 12.234 12.246 12.246 12.267 12.275 12.283 12.291 12.299 12.307 12.315
8.399 8.465 8.531 8.598 8.730 8.730 8.796 8.863 8.935 9.011 9.087 9.163 9.220 9.272 9.334 9.402 9.469 9.537 9.604 9.672 9.807 9.807 9.875 9.942 10.013 10.090 10.166 10.243 10.319 10.395 10.471 10.548 10.624 10.700 10.760 10.821 10.955 10.955 11.026 11.096 11.165 11.234 11.302 11.370 11.438 11.506 11.575 11.643 11.698 11.751 11.804 11.857 11.963 11.963 12.013 12.062 12.112 12.161 12.208 12.231 12.255 12.278 12.293 12.306 12.318 12.330 12.342 12.354 12.366 12.366 12.386 12.394 12.402 12.410 12.418 12.426 12.434
8.675 8.741 8.808 8.874 9.007 9.007 9.073 9.139 9.206 9.272 9.338 9.402 9.467 9.539 9.606 9.674 9.742 9.809 9.877 9.944 10.080 10.080 10.147 10.215 10.284 10.360 10.437 10.513 10.589 10.666 10.742 10.808 10.869 10.929 10.989 11.049 11.182 11.182 11.252 11.322 11.393 11.463 11.534 11.604 11.674 11.743 11.811 11.879 11.935 11.987 12.040 12.089 12.188 12.188 12.238 12.287 12.337 12.386 12.426 12.449 12.472 12.495 12.518 12.541 12.558 12.571 12.583 12.595 12.607 12.607 12.624 12.632 12.640 12.648 12.656 12.664 12.672
8.813 8.879 8.946 9.012 9.144 9.145 9.211 9.277 9.344 9.410 9.469 9.518 9.579 9.656 9.733 9.810 9.878 9.945 10.013 10.081 10.216 10.216 10.283 10.351 10.419 10.495 10.572 10.648 10.724 10.801 10.862 10.922 10.983 11.043 11.103 11.163 11.294 11.294 11.365 11.435 11.506 11.576 11.647 11.717 11.787 11.858 11.928 11.997 12.053 12.102 12.152 12.201 12.300 12.300 12.350 12.399 12.449 12.498 12.535 12.558 12.581 12.604 12.627 12.650 12.673 12.691 12.703 12.715 12.727 12.727 12.743 12.751 12.759 12.767 12.775 12.783 12.791
8.951 9.017 9.084 9.150 9.282 9.283 9.349 9.415 9.482 9.537 9.585 9.634 9.691 9.768 9.845 9.922 9.999 10.076 10.149 10.216 10.352 10.352 10.419 10.487 10.554 10.630 10.707 10.783 10.856 10.916 10.976 11.036 11.097 11.157 11.217 11.277 11.407 11.407 11.478 11.548 11.619 11.689 11.759 11.830 11.900 11.971 12.041 12.094 12.157 12.214 12.264 12.313 12.412 12.412 12.462 12.511 12.561 12.611 12.644 12.667 12.690 12.713 12.736 12.759 12.782 12.805 12.823 12.835 12.846 12.846 12.862 12.870 12.878 12.886 12.890 12.876 12.862
9.089 9.155 9.222 9.288 9.420 9.420 9.487 9.553 9.604 9.653 9.701 9.750 9.803 9.880 9.957 10.034 10.111 10.188 10.265 10.342 10.488 10.488 10.555 10.623 10.690 10.765 10.842 10.910 10.970 11.030 11.090 11.150 11.211 11.271 11.331 11.391 11.520 11.520 11.591 11.661 11.731 11.802 11.872 11.943 12.013 12.084 12.126 12.162 12.220 12.293 12.367 12.426 12.525 12.525 12.574 12.624 12.673 12.723 12.752 12.775 12.798 12.821 12.844 12.867 12.891 12.914 12.937 12.955 12.965 12.965 12.981 12.967 12.953 12.939 12.925 12.911 12.897
9.227 9.293 9.360 9.426 9.558 9.558 9.622 9.671 9.720 9.769 9.818 9.866 9.915 9.992 10.069 10.146 10.223 10.300 10.377 10.454 10.607 10.607 10.684 10.759 10.826 10.900 10.963 11.024 11.084 11.144 11.204 11.264 11.325 11.385 11.445 11.505 11.633 11.633 11.703 11.774 11.844 11.915 11.985 12.056 12.122 12.158 12.194 12.231 12.283 12.356 12.430 12.503 12.637 12.637 12.686 12.736 12.785 12.835 12.861 12.884 12.907 12.930 12.953 12.976 12.999 13.022 13.045 13.048 13.043 13.043 13.015 13.001 12.987 12.973 12.959 12.945 12.931
9.365 9.431 9.498 9.564 9.690 9.690 9.739 9.787 9.836 9.885 9.934 9.983 10.031 10.104 10.181 10.258 10.335 10.412 10.489 10.566 10.720 10.720 10.796 10.873 10.944 11.006 11.077 11.137 11.198 11.258 11.318 11.378 11.439 11.499 11.559 11.619 11.746 11.746 11.816 11.887 11.957 12.028 12.098 12.154 12.190 12.226 12.263 12.299 12.346 12.419 12.493 12.566 12.712 12.712 12.786 12.848 12.897 12.946 12.969 12.992 13.016 13.039 13.055 13.058 13.060 13.063 13.066 13.068 13.068 13.068 13.050 13.036 13.022 13.008 12.994 12.980 12.966
9.503 9.569 9.635 9.702 9.806 9.806 9.855 9.904 9.952 10.001 10.050 10.099 10.148 10.217 10.293 10.370 10.447 10.524 10.601 10.678 10.832 10.832 10.909 10.966 10.984 11.034 11.127 11.220 11.312 11.372 11.432 11.492 11.553 11.613 11.673 11.733 11.859 11.859 11.929 12.000 12.070 12.140 12.186 12.222 12.258 12.295 12.331 12.367 12.409 12.482 12.555 12.629 12.775 12.775 12.849 12.922 12.995 13.055 13.065 13.067 13.070 13.073 13.075 13.078 13.081 13.083 13.086 13.087 13.088 13.088 13.084 13.070 13.056 13.042 13.028 13.014 13.000
9.641 9.707 9.773 9.825 9.922 9.922 9.971 10.020 10.068 10.117 10.166 10.215 10.264 10.329 10.406 10.483 10.559 10.636 10.713 10.790 10.944 10.944 10.988 11.006 11.024 11.063 11.156 11.248 11.341 11.433 11.526 11.606 11.667 11.727 11.787 11.847 11.971 11.972 12.042 12.112 12.182 12.218 12.254 12.291 12.327 12.363 12.399 12.435 12.472 12.545 12.618 12.692 12.838 12.838 12.912 12.985 13.054 13.076 13.085 13.088 13.090 13.093 13.096 13.098 13.101 13.104 13.106 13.107 13.108 13.108 13.109 13.105 13.091 13.077 13.063 13.049 13.035
9.779 9.843 9.892 9.941 10.038 10.038 10.087 10.136 10.185 10.234 10.282 10.331 10.380 10.441 10.518 10.595 10.672 10.748 10.825 10.902 11.010 11.010 11.029 11.047 11.065 11.092 11.184 11.277 11.369 11.462 11.555 11.647 11.740 11.832 11.901 11.961 12.084 12.084 12.155 12.214 12.250 12.286 12.323 12.359 12.395 12.431 12.467 12.504 12.540 12.608 12.681 12.755 12.901 12.901 12.975 13.040 13.063 13.086 13.106 13.108 13.111 13.114 13.116 13.119 13.122 13.124 13.126 13.127 13.128 13.128 13.129 13.129 13.125 13.111 13.097 13.083 13.069
9.900 9.960 10.008 10.057 10.155 10.155 10.203 10.252 10.301 10.350 10.399 10.447 10.496 10.553 10.630 10.707 10.784 10.861 10.937 11.014 11.051 11.051 11.069 11.087 11.105 11.123 11.213 11.305 11.398 11.491 11.583 11.676 11.768 11.861 11.954 12.046 12.197 12.197 12.246 12.282 12.318 12.355 12.391 12.427 12.463 12.499 12.536 12.572 12.608 12.671 12.744 12.818 12.964 12.964 13.027 13.050 13.073 13.096 13.119 13.129 13.131 13.134 13.137 13.139 13.142 13.145 13.146 13.147 13.147 13.147 13.148 13.149 13.149 13.146 13.132 13.118 13.104
9.956 10.023 10.095 10.167 10.271 10.271 10.320 10.368 10.417 10.466 10.515 10.563 10.612 10.665 10.742 10.819 10.896 10.973 11.037 11.055 11.091 11.091 11.109 11.127 11.145 11.163 11.241 11.334 11.427 11.519 11.612 11.705 11.797 11.890 11.982 12.075 12.227 12.227 12.294 12.350 12.387 12.423 12.459 12.495 12.531 12.568 12.604 12.640 12.676 12.734 12.807 12.881 13.014 13.014 13.037 13.060 13.083 13.106 13.128 13.149 13.152 13.155 13.157 13.160 13.163 13.165 13.166 13.166 13.167 13.167 13.168 13.168 13.169 13.170 13.166 13.152 13.138
10.015 10.073 10.146 10.218 10.362 10.362 10.434 10.485 10.533 10.582 10.631 10.680 10.729 10.777 10.854 10.931 11.008 11.059 11.077 11.095 11.131 11.131 11.149 11.167 11.185 11.203 11.270 11.363 11.455 11.548 11.641 11.733 11.826 11.918 12.011 12.100 12.210 12.210 12.275 12.342 12.409 12.476 12.527 12.564 12.600 12.636 12.672 12.708 12.745 12.797 12.870 12.943 13.024 13.024 13.047 13.070 13.093 13.115 13.138 13.161 13.172 13.175 13.178 13.180 13.183 13.185 13.185 13.186 13.186 13.186 13.188 13.188 13.189 13.189 13.190 13.187 13.173
10.074 10.124 10.196 10.268 10.412 10.413 10.485 10.557 10.629 10.698 10.747 10.796 10.845 10.893 10.966 11.043 11.081 11.099 11.117 11.135 11.171 11.171 11.189 11.207 11.225 11.243 11.299 11.391 11.484 11.577 11.669 11.762 11.854 11.947 12.029 12.083 12.193 12.193 12.256 12.323 12.390 12.457 12.523 12.590 12.657 12.704 12.740 12.777 12.813 12.860 12.933 12.988 13.034 13.034 13.057 13.080 13.102 13.125 13.148 13.171 13.193 13.195 13.198 13.201 13.203 13.204 13.205 13.206 13.206 13.206 13.207 13.208 13.208 13.209 13.209 13.210 13.207
10.074 10.124 10.196 10.268 10.412 10.412 10.484 10.556 10.628 10.698 10.747 10.795 10.844 10.893 10.966 11.043 11.081 11.099 11.117 11.135 11.171 11.171 11.189 11.207 11.225 11.243 11.298 11.391 11.483 11.576 11.669 11.761 11.854 11.947 12.028 12.083 12.192 12.192 12.255 12.322 12.389 12.456 12.523 12.590 12.657 12.704 12.740 12.776 12.812 12.859 12.933 12.988 13.033 13.033 13.056 13.079 13.102 13.125 13.148 13.170 13.192 13.195 13.198 13.200 13.203 13.204 13.204 13.205 13.206 13.206 13.207 13.207 13.208 13.208 13.209 13.209 13.206
10.133 10.174 10.246 10.318 10.463 10.463 10.535 10.607 10.679 10.751 10.823 10.895 10.960 11.009 11.078 11.103 11.121 11.139 11.157 11.175 11.211 11.211 11.229 11.247 11.265 11.283 11.327 11.419 11.512 11.605 11.697 11.790 11.883 11.956 12.011 12.066 12.175 12.175 12.236 12.303 12.370 12.437 12.504 12.571 12.638 12.705 12.771 12.838 12.881 12.922 12.975 12.998 13.043 13.043 13.066 13.089 13.112 13.134 13.157 13.180 13.203 13.215 13.218 13.221 13.223 13.224 13.224 13.225 13.225 13.225 13.226 13.227 13.227 13.228 13.229 13.221 13.214
10.192 10.225 10.297 10.369 10.513 10.513 10.585 10.658 10.730 10.802 10.874 10.946 11.018 11.088 11.122 11.143 11.161 11.179 11.197 11.215 11.251 11.251 11.269 11.287 11.305 11.323 11.355 11.448 11.541 11.633 11.726 11.819 11.884 11.939 11.994 12.049 12.158 12.158 12.217 12.284 12.351 12.418 12.485 12.552 12.619 12.686 12.752 12.819 12.886 12.943 12.977 13.007 13.053 13.053 13.076 13.099 13.121 13.144 13.167 13.190 13.213 13.236 13.239 13.241 13.243 13.243 13.244 13.244 13.245 13.245 13.246 13.246 13.238 13.231 13.223 13.216 13.210
10.311 10.334 10.399 10.471 10.615 10.615 10.687 10.759 10.831 10.904 10.976 11.038 11.085 11.133 11.176 11.199 11.222 11.244 11.267 11.289 11.332 11.332 11.350 11.368 11.386 11.404 11.422 11.506 11.598 11.687 11.741 11.796 11.851 11.906 11.961 12.015 12.125 12.125 12.180 12.246 12.313 12.380 12.447 12.514 12.581 12.648 12.715 12.765 12.813 12.861 12.900 12.934 13.002 13.002 13.036 13.070 13.103 13.137 13.171 13.205 13.233 13.255 13.278 13.282 13.282 13.280 13.272 13.265 13.257 13.257 13.242 13.235 13.227 13.220 13.212 13.205 13.202
10.370 10.393 10.449 10.521 10.666 10.666 10.738 10.810 10.882 10.954 11.012 11.060 11.107 11.155 11.203 11.226 11.248 11.271 11.294 11.316 11.361 11.361 11.384 11.407 11.426 11.444 11.462 11.534 11.615 11.670 11.724 11.779 11.834 11.889 11.944 11.998 12.108 12.108 12.163 12.227 12.294 12.361 12.428 12.495 12.562 12.628 12.676 12.724 12.771 12.819 12.861 12.895 12.963 12.963 12.997 13.031 13.065 13.098 13.132 13.166 13.200 13.234 13.268 13.289 13.282 13.274 13.267 13.259 13.252 13.252 13.237 13.229 13.221 13.214 13.206 13.199 13.198
10.429 10.452 10.500 10.572 10.716 10.716 10.789 10.861 10.933 10.987 11.034 11.082 11.130 11.177 11.225 11.252 11.275 11.298 11.320 11.343 11.388 11.388 11.411 11.433 11.456 11.479 11.501 11.543 11.598 11.653 11.707 11.762 11.817 11.872 11.927 11.981 12.091 12.091 12.146 12.208 12.275 12.342 12.409 12.476 12.539 12.587 12.634 12.682 12.730 12.777 12.822 12.856 12.924 12.924 12.958 12.992 13.026 13.060 13.093 13.127 13.161 13.193 13.214 13.238 13.265 13.268 13.261 13.253 13.246 13.246 13.231 13.223 13.216 13.208 13.201 13.193 13.194
