includes/lisflood/camargue/results_R3_t1.561737397084E12/res-0005.wdfp
ncols         906
nrows         631
xllcorner     362177.146667
yllcorner     6534725.688020
cellsize      20.000000
NODATA_value  -9999.000000
[rows 340 to 373 of 631, columns 770 to 846 of 906]
0.977 0.957 0.896 1.015 0.995 1.015 0.994 1.084 0.904 1.024 0.884 0.814 0.814 1.144 0.854 1.034 1.004 1.014 0.012 0.003 0.000 0.000 0.000 0.000 0.000 0.000 0.000 0.000 0.000 0.000 0.000 0.000 0.000 2.414 2.843 3.023 3.043 2.993 3.143 3.323 3.303 3.303 3.363 3.373 3.373 3.553 3.473 3.533 3.553 3.543 3.493 3.493 3.564 3.524 3.714 3.504 3.604 3.625 3.525 3.415 3.415 3.505 3.385 3.145 3.044 3.114 3.624 3.334 3.294 2.924 2.954 3.014 3.003 2.743 2.623 2.833 2.833
0.687 0.886 1.016 0.885 0.915 0.995 0.944 0.964 0.894 0.974 0.944 0.724 0.724 0.754 0.834 0.924 0.744 0.234 0.000 0.000 0.000 0.000 0.000 0.000 0.000 0.000 0.000 0.000 0.000 0.000 0.000 2.415 2.914 2.924 3.114 3.144 3.083 3.393 3.143 3.283 3.393 3.503 3.383 3.483 3.483 3.493 3.563 3.523 3.593 3.583 3.663 3.633 3.664 3.774 3.644 3.544 3.635 3.595 3.555 3.515 3.515 3.555 3.495 3.305 3.305 3.055 3.024 3.044 3.404 3.324 3.154 3.263 3.083 3.063 2.923 2.613 2.613
0.317 0.197 0.000 0.095 0.000 0.000 0.804 1.074 1.034 1.024 0.544 0.000 0.000 0.000 0.724 1.184 0.000 0.000 0.000 0.000 0.000 0.000 0.000 0.000 0.000 0.000 0.000 0.000 0.000 2.326 2.895 3.085 3.035 3.224 3.094 3.284 3.374 3.183 3.393 3.333 3.333 3.423 3.503 3.483 3.483 3.613 3.593 3.588 3.533 3.633 3.769 3.504 3.835 3.826 3.818 3.644 3.605 3.791 3.585 3.635 3.635 3.445 3.445 3.425 3.255 3.214 3.254 2.884 2.914 2.994 3.194 3.243 3.163 3.103 3.063 2.983 2.983
1.087 0.197 0.000 0.000 0.000 0.000 0.000 1.054 0.164 1.044 0.333 0.000 0.000 1.034 0.314 0.000 0.000 0.000 0.000 0.000 0.000 0.000 0.000 0.000 0.000 0.000 0.000 3.007 3.007 3.036 3.016 3.125 3.205 3.155 3.254 3.344 3.424 3.384 3.323 3.313 3.613 3.553 3.503 3.543 3.543 3.553 3.572 3.563 3.543 3.634 3.814 3.874 3.887 3.878 3.870 3.861 3.635 3.843 3.835 3.826 3.826 3.505 3.575 3.465 3.415 3.374 3.274 3.084 2.814 2.904 2.774 2.913 3.053 3.333 3.123 3.053 3.053
0.877 0.897 0.787 0.757 0.777 0.726 0.706 0.645 0.644 0.654 0.523 0.611 0.611 0.000 0.000 0.036 0.000 0.000 0.000 0.000 0.000 0.000 0.000 0.000 0.000 0.000 2.857 3.067 3.067 3.096 3.206 3.185 3.295 3.205 3.284 3.434 3.464 3.344 3.424 3.194 3.494 3.574 3.375 3.633 3.633 3.643 3.616 3.677 3.664 3.798 3.859 3.919 3.939 3.930 3.922 3.913 3.904 3.895 3.886 3.877 3.877 3.844 3.515 3.575 3.464 3.394 3.404 3.264 2.914 2.704 2.574 2.493 2.563 2.713 3.003 3.393 3.393
0.668 0.588 0.657 0.647 0.537 0.496 0.486 0.305 0.325 0.254 0.102 0.441 0.440 0.077 0.171 0.064 0.000 0.000 0.000 0.000 0.000 0.000 0.000 0.000 2.467 2.997 3.007 3.257 3.257 3.176 3.136 3.285 3.235 3.395 3.395 3.354 3.514 3.634 3.594 3.484 3.614 3.594 3.644 3.614 3.614 3.601 3.661 3.722 3.782 3.843 3.903 3.964 3.991 3.983 3.974 3.965 3.956 3.947 3.938 3.929 3.929 3.595 3.841 3.565 3.604 3.604 3.494 3.334 3.054 2.984 2.804 2.683 2.743 2.673 2.443 2.903 2.903
0.738 0.728 0.747 0.797 0.637 0.647 0.556 0.496 0.375 0.245 0.000 0.179 0.178 0.023 0.000 0.000 0.000 0.000 0.000 0.000 0.000 0.000 2.147 2.877 3.027 3.007 3.127 3.227 3.227 3.396 3.396 3.386 3.295 3.435 3.375 3.515 3.614 3.654 3.634 3.614 3.654 3.574 3.664 3.664 3.664 3.645 3.706 3.766 3.827 3.887 3.948 4.008 4.043 4.034 4.026 4.017 4.008 3.999 3.990 3.966 3.966 3.901 3.615 3.565 3.534 3.574 3.424 3.274 3.304 3.124 2.964 2.854 2.694 2.703 2.373 2.223 2.223
0.738 0.728 0.747 0.797 0.637 0.647 0.556 0.496 0.375 0.245 0.000 0.178 0.178 0.024 0.000 0.000 0.000 0.000 0.000 0.000 0.000 1.067 2.147 2.877 3.027 3.007 3.127 3.227 3.227 3.397 3.396 3.386 3.296 3.435 3.375 3.515 3.615 3.654 3.634 3.614 3.654 3.574 3.664 3.664 3.664 3.646 3.706 3.767 3.827 3.888 3.948 4.008 4.043 4.035 4.026 4.017 4.008 3.999 3.990 3.966 3.966 3.901 3.615 3.565 3.535 3.574 3.424 3.274 3.304 3.124 2.964 2.854 2.694 2.704 2.374 2.223 2.223
1.109 0.838 1.107 0.857 0.727 0.657 0.796 0.086 0.315 0.535 0.235 0.000 0.000 0.000 0.000 0.000 0.000 0.000 0.000 0.367 1.707 2.537 2.967 3.047 3.147 3.137 3.247 3.307 3.307 3.456 3.296 3.426 3.446 3.555 3.264 3.485 3.605 3.635 3.575 3.446 3.483 3.615 3.556 3.592 3.592 3.691 3.751 3.812 3.872 3.932 3.993 4.053 4.095 4.086 4.078 4.069 4.060 4.051 4.027 3.994 3.994 3.930 3.898 3.866 3.555 3.524 3.404 3.294 3.264 3.254 3.254 2.824 2.664 2.564 2.374 2.164 2.163
0.799 0.338 0.397 0.547 0.767 0.677 0.506 0.626 0.285 0.185 0.000 0.000 0.000 0.000 0.000 0.000 0.000 0.000 2.767 2.947 3.087 3.147 2.997 3.197 3.227 3.307 3.357 3.517 3.517 3.506 3.516 3.596 3.416 3.655 3.595 3.625 3.504 3.541 3.577 3.665 3.650 3.687 3.723 3.760 3.760 3.833 3.870 3.906 3.961 4.022 4.082 4.142 4.199 4.190 4.181 4.173 4.148 4.116 4.084 4.052 4.052 3.987 3.955 3.923 3.564 3.514 3.534 3.464 3.434 3.484 3.294 3.174 3.054 2.804 2.624 2.184 2.184
0.629 0.579 0.000 0.237 0.677 0.507 0.426 0.366 0.185 0.225 0.000 0.000 0.000 0.000 0.000 0.000 2.317 2.837 3.047 3.127 3.087 3.227 3.177 3.287 3.367 3.427 3.337 3.457 3.456 3.406 3.446 3.496 3.446 3.546 3.515 3.625 3.475 3.665 3.661 3.698 3.734 3.771 3.807 3.844 3.844 3.917 3.954 3.990 4.027 4.066 4.127 4.187 4.247 4.242 4.233 4.209 4.177 4.145 4.113 4.080 4.080 4.016 3.984 3.951 3.919 3.484 3.514 3.614 3.404 3.394 3.334 3.294 2.964 3.064 2.524 2.314 2.314
0.499 0.409 0.558 0.607 0.447 0.357 0.296 0.000 0.000 0.000 0.000 0.000 0.000 0.000 0.000 2.797 2.947 3.177 3.137 3.307 3.297 3.147 3.347 3.287 3.297 3.517 3.407 3.606 3.606 3.536 3.466 3.656 3.626 3.656 3.599 3.636 3.666 3.709 3.745 3.782 3.818 3.855 3.891 3.928 3.928 4.001 4.038 4.074 4.111 4.147 4.183 4.231 4.292 4.294 4.270 4.238 4.206 4.174 4.141 4.109 4.109 4.045 4.012 3.980 3.948 3.916 3.584 3.624 3.504 3.374 3.274 3.244 3.104 2.884 2.614 2.314 2.315
0.379 0.339 0.338 0.547 0.297 0.217 0.000 0.000 0.000 0.000 0.000 0.000 0.000 2.278 2.887 2.967 3.027 3.097 3.137 3.287 3.297 3.417 3.207 3.427 3.377 3.337 3.377 3.467 3.466 3.496 3.646 3.368 3.596 3.618 3.683 3.720 3.756 3.792 3.829 3.866 3.902 3.939 3.975 4.012 4.012 4.085 4.121 4.158 4.194 4.231 4.267 4.303 4.340 4.331 4.299 4.267 4.235 4.202 4.170 4.138 4.138 4.073 4.041 4.009 3.976 3.944 3.554 3.454 3.444 3.414 3.314 3.345 2.975 2.885 2.785 2.375 2.375
0.549 0.439 0.398 0.237 0.167 0.000 0.000 0.000 0.000 0.000 0.000 0.000 2.818 3.018 3.048 3.307 3.247 3.127 3.267 3.317 3.417 3.227 3.467 3.347 3.497 3.477 3.577 3.537 3.537 3.656 3.328 3.666 3.578 3.703 3.767 3.803 3.840 3.876 3.913 3.950 3.986 4.023 4.059 4.096 4.096 4.169 4.205 4.242 4.278 4.315 4.351 4.367 4.378 4.388 4.355 4.323 4.291 4.259 4.226 4.194 4.194 4.129 4.097 4.065 4.032 3.494 3.584 3.444 3.444 3.304 3.375 3.135 2.935 2.685 2.525 2.645 2.645
0.359 0.000 0.718 0.000 0.000 0.000 0.000 0.000 0.000 0.000 2.358 3.098 3.098 3.018 3.088 3.158 3.217 3.327 3.287 3.357 3.497 3.507 3.447 3.547 3.347 3.387 3.477 3.477 3.477 3.288 3.413 3.626 3.663 3.787 3.851 3.887 3.924 3.960 3.997 4.034 4.070 4.107 4.143 4.180 4.180 4.253 4.289 4.326 4.360 4.372 4.383 4.394 4.405 4.414 4.414 4.382 4.350 4.317 4.285 4.253 4.253 4.188 4.156 4.123 4.091 3.364 3.144 3.375 3.205 3.265 3.165 3.005 2.755 2.636 2.426 2.266 2.266
0.379 0.000 0.248 0.000 0.000 0.000 0.000 0.000 0.000 2.869 2.978 3.238 3.238 3.148 3.158 3.208 3.338 3.377 3.297 3.417 3.567 3.347 3.567 3.457 3.507 3.477 3.577 3.447 3.447 3.587 3.498 3.657 3.747 3.872 3.935 3.971 4.008 4.044 4.081 4.117 4.154 4.191 4.227 4.264 4.264 4.337 4.365 4.376 4.388 4.399 4.410 4.422 4.432 4.441 4.450 4.441 4.408 4.376 4.344 4.311 4.311 4.247 4.214 4.182 4.150 3.464 3.115 3.015 3.085 3.195 3.205 2.835 2.456 2.096 1.717 2.067 2.067
0.000 0.000 0.000 0.000 0.000 0.000 0.000 2.279 3.049 3.149 3.109 3.149 3.149 3.318 3.338 3.298 3.338 3.388 3.508 3.567 3.477 3.327 3.627 3.497 3.557 3.607 3.527 3.657 3.657 3.627 3.582 3.707 3.832 3.957 4.019 4.055 4.092 4.128 4.165 4.201 4.238 4.274 4.311 4.347 4.347 4.380 4.392 4.403 4.415 4.426 4.437 4.449 4.459 4.468 4.477 4.486 4.467 4.435 4.402 4.370 4.370 4.305 4.273 4.241 4.209 3.605 3.065 2.825 2.805 2.815 2.455 2.275 1.726 1.817 1.627 1.928 1.928
0.000 0.000 0.000 0.000 0.000 0.000 2.579 2.969 3.089 3.249 3.169 3.199 3.199 3.389 3.428 3.388 3.468 3.488 3.458 3.528 3.357 3.487 3.577 3.537 3.467 3.597 3.557 3.607 3.607 3.542 3.667 3.792 3.917 4.042 4.102 4.139 4.176 4.212 4.249 4.285 4.322 4.358 4.373 4.385 4.385 4.408 4.419 4.431 4.442 4.453 4.465 4.476 4.485 4.494 4.503 4.512 4.521 4.494 4.461 4.429 4.429 4.364 4.332 4.300 4.268 4.235 3.245 3.055 2.605 2.275 2.175 1.535 1.286 1.167 1.708 1.988 1.989
0.000 0.000 0.000 0.000 0.000 2.909 3.009 3.129 3.179 3.169 3.259 3.469 3.469 3.539 3.519 3.628 3.448 3.488 3.428 3.408 3.488 3.009 3.547 3.617 3.547 3.607 3.517 3.580 3.580 3.662 3.751 3.876 4.001 4.126 4.186 4.223 4.259 4.296 4.332 4.366 4.378 4.389 4.400 4.412 4.412 4.435 4.446 4.458 4.469 4.480 4.492 4.503 4.512 4.521 4.530 4.539 4.548 4.552 4.520 4.488 4.488 4.423 4.391 4.359 4.326 4.294 4.262 3.285 2.675 2.375 1.925 1.245 0.626 0.528 1.049 1.749 1.749
0.000 0.000 0.000 2.150 2.970 3.189 3.129 3.209 3.169 3.279 3.399 3.519 3.519 3.429 3.389 3.459 3.549 3.578 3.438 3.628 3.478 3.647 3.617 3.637 3.657 3.627 3.560 3.657 3.657 3.806 3.888 3.969 4.086 4.211 4.270 4.306 4.343 4.370 4.382 4.393 4.405 4.416 4.428 4.439 4.439 4.462 4.473 4.485 4.496 4.507 4.519 4.529 4.538 4.548 4.557 4.566 4.575 4.584 4.579 4.547 4.546 4.482 4.450 4.417 4.385 4.353 4.321 4.256 2.835 2.415 2.165 1.755 0.815 0.179 0.523 0.003 0.003
0.000 0.000 2.460 2.940 3.070 3.129 3.189 3.339 3.429 3.409 3.399 3.559 3.559 3.509 3.559 3.619 3.639 3.559 3.439 3.628 3.558 3.296 3.377 3.459 3.647 3.667 3.704 3.657 3.657 3.949 4.031 4.113 4.195 4.295 4.354 4.374 4.386 4.397 4.409 4.420 4.432 4.443 4.455 4.466 4.466 4.489 4.501 4.512 4.523 4.535 4.546 4.556 4.565 4.574 4.583 4.592 4.601 4.611 4.620 4.605 4.605 4.541 4.509 4.476 4.444 4.412 4.380 4.242 3.585 2.725 2.586 1.886 1.606 0.657 0.000 0.000 0.000
0.000 2.800 3.050 3.100 3.270 3.300 3.299 3.449 3.349 3.479 3.549 3.579 3.579 3.519 3.429 3.569 3.539 3.499 3.195 3.458 3.578 3.578 3.521 3.603 3.684 3.766 3.848 4.011 4.011 4.093 4.175 4.257 4.338 4.373 4.390 4.402 4.413 4.425 4.436 4.448 4.459 4.471 4.482 4.494 4.493 4.516 4.528 4.539 4.551 4.562 4.573 4.583 4.592 4.601 4.610 4.619 4.628 4.637 4.646 4.655 4.655 4.600 4.567 4.535 4.503 4.471 4.439 4.229 3.997 3.766 2.796 2.366 2.366 1.886 1.177 0.003 0.003
2.880 3.100 3.070 3.190 3.200 3.289 3.389 3.469 3.529 3.519 3.529 3.619 3.620 3.549 3.071 3.669 3.599 3.589 3.549 3.649 3.668 3.668 3.665 3.746 3.828 3.909 3.991 4.155 4.155 4.237 4.318 4.361 4.375 4.389 4.409 4.428 4.440 4.452 4.463 4.475 4.486 4.498 4.509 4.521 4.521 4.544 4.555 4.566 4.578 4.589 4.601 4.610 4.619 4.628 4.637 4.646 4.655 4.664 4.673 4.682 4.682 4.659 4.626 4.594 4.562 4.530 4.446 4.215 3.983 3.752 3.521 3.586 2.956 2.376 2.047 1.966 1.966
2.879 3.099 3.069 3.189 3.199 3.289 3.389 3.469 3.529 3.519 3.529 3.619 3.620 3.550 3.071 3.669 3.599 3.589 3.549 3.649 3.668 3.668 3.665 3.746 3.828 3.910 3.991 4.155 4.155 4.236 4.318 4.361 4.375 4.389 4.409 4.428 4.440 4.452 4.463 4.475 4.487 4.498 4.510 4.521 4.521 4.544 4.555 4.567 4.578 4.589 4.601 4.610 4.619 4.628 4.637 4.646 4.655 4.664 4.673 4.682 4.682 4.659 4.627 4.595 4.562 4.530 4.446 4.215 3.984 3.753 3.522 3.587 2.957 2.377 2.047 1.967 1.967
3.129 3.289 3.169 3.269 3.309 3.399 3.429 3.469 3.459 3.589 3.519 3.570 3.570 3.630 3.560 3.279 3.609 3.408 3.599 3.564 3.638 3.727 3.808 3.890 3.972 3.628 3.597 4.298 4.298 4.350 4.364 4.378 4.392 4.407 4.426 4.446 4.466 4.479 4.491 4.502 4.514 4.525 4.537 4.548 4.548 4.571 4.582 4.594 4.605 4.617 4.627 4.637 4.646 4.655 4.664 4.673 4.682 4.691 4.700 4.709 4.709 4.718 4.686 4.654 4.622 4.589 4.433 4.201 3.970 3.739 3.508 3.277 3.045 2.814 2.583 3.437 3.437
3.219 3.289 3.379 3.409 3.529 3.339 3.529 3.509 3.569 3.649 3.609 3.227 3.227 3.460 3.580 3.422 3.487 3.609 3.619 3.639 3.789 3.870 3.952 4.033 4.115 4.197 4.278 4.353 4.353 4.367 4.381 4.395 4.409 4.424 4.444 4.463 4.483 4.503 4.518 4.529 4.541 4.552 4.564 4.575 4.575 4.598 4.609 4.621 4.633 4.644 4.654 4.663 4.673 4.682 4.691 4.700 4.709 4.718 4.727 4.736 4.736 4.754 4.745 4.713 4.681 4.649 4.419 4.188 3.956 3.725 3.494 3.263 3.032 2.815 2.653 2.490 2.490
3.428 3.509 3.449 3.399 3.549 3.549 3.659 3.589 3.609 3.579 3.345 3.501 3.502 3.578 3.643 3.708 3.773 3.838 3.913 3.994 4.076 4.157 4.239 4.317 4.331 4.345 4.358 4.386 4.386 4.400 4.415 4.429 4.443 4.459 4.479 4.498 4.518 4.538 4.558 4.577 4.595 4.607 4.618 4.629 4.629 4.652 4.664 4.675 4.687 4.698 4.708 4.717 4.726 4.735 4.744 4.753 4.762 4.771 4.780 4.790 4.789 4.808 4.817 4.826 4.798 4.622 4.391 4.166 4.003 3.841 3.678 3.516 3.353 3.191 3.028 2.866 2.865
3.368 3.418 3.519 3.579 3.449 3.509 3.659 3.233 3.311 3.649 3.468 3.619 3.620 3.703 3.630 3.851 3.916 3.981 4.056 4.138 4.219 4.301 4.320 4.334 4.348 4.361 4.375 4.403 4.403 4.417 4.431 4.445 4.460 4.476 4.496 4.516 4.536 4.555 4.575 4.595 4.614 4.634 4.645 4.657 4.656 4.680 4.691 4.703 4.714 4.725 4.734 4.743 4.753 4.762 4.771 4.780 4.789 4.798 4.807 4.816 4.816 4.835 4.844 4.853 4.841 4.679 4.516 4.354 4.191 4.029 3.866 3.704 3.541 3.379 3.216 3.053 3.053
3.508 3.598 3.408 3.658 3.539 3.539 3.278 3.356 3.599 3.513 3.591 3.748 3.748 3.827 3.905 3.983 4.059 4.124 4.199 4.281 4.309 4.323 4.336 4.350 4.364 4.378 4.392 4.420 4.420 4.434 4.448 4.462 4.476 4.494 4.514 4.533 4.553 4.573 4.592 4.612 4.632 4.651 4.671 4.684 4.684 4.707 4.718 4.730 4.741 4.752 4.761 4.770 4.779 4.789 4.798 4.807 4.816 4.825 4.834 4.843 4.843 4.862 4.882 4.902 4.909 4.867 4.704 4.542 4.379 4.217 4.054 3.892 3.729 3.567 3.404 3.241 3.241
3.527 3.548 3.528 3.628 3.518 3.649 3.649 3.649 3.509 3.636 3.715 3.871 3.871 3.950 4.028 4.106 4.184 4.262 4.298 4.312 4.326 4.339 4.353 4.367 4.381 4.395 4.409 4.437 4.437 4.451 4.465 4.479 4.493 4.511 4.531 4.551 4.571 4.590 4.610 4.630 4.649 4.669 4.688 4.708 4.708 4.734 4.745 4.757 4.769 4.779 4.788 4.797 4.806 4.815 4.825 4.834 4.843 4.852 4.861 4.881 4.881 4.920 4.940 4.960 4.959 4.939 4.892 4.730 4.567 4.405 4.242 4.080 3.917 3.755 3.592 3.429 3.429
3.527 3.628 3.448 3.588 3.578 3.628 3.628 3.608 3.648 3.759 3.838 3.995 3.995 4.073 4.151 4.229 4.291 4.311 4.320 4.328 4.342 4.356 4.370 4.384 4.398 4.412 4.426 4.454 4.454 4.468 4.482 4.496 4.510 4.529 4.548 4.568 4.588 4.608 4.627 4.647 4.667 4.686 4.706 4.726 4.726 4.761 4.773 4.784 4.796 4.805 4.814 4.824 4.833 4.842 4.851 4.861 4.880 4.900 4.920 4.939 4.939 4.979 4.999 5.018 5.009 4.989 4.969 4.917 4.755 4.592 4.430 4.267 4.105 3.942 3.780 3.617 3.617
3.617 3.517 3.638 3.658 3.588 3.569 3.548 3.726 3.628 3.883 3.961 4.118 4.118 4.196 4.275 4.300 4.320 4.340 4.347 4.353 4.359 4.373 4.387 4.401 4.415 4.429 4.443 4.471 4.471 4.485 4.499 4.513 4.527 4.546 4.566 4.586 4.605 4.625 4.645 4.665 4.684 4.704 4.724 4.743 4.743 4.783 4.800 4.812 4.823 4.832 4.841 4.850 4.860 4.879 4.899 4.919 4.939 4.958 4.978 4.998 4.998 5.037 5.057 5.077 5.059 5.039 5.018 4.998 4.943 4.780 4.618 4.455 4.293 4.130 3.968 3.805 3.805
3.537 3.261 3.402 3.535 3.608 3.692 3.668 3.849 3.648 4.006 4.084 4.241 4.241 4.289 4.309 4.329 4.349 4.369 4.375 4.381 4.386 4.392 4.404 4.418 4.432 4.446 4.460 4.488 4.487 4.501 4.515 4.530 4.544 4.564 4.583 4.603 4.623 4.643 4.662 4.682 4.702 4.722 4.741 4.761 4.761 4.800 4.820 4.839 4.849 4.859 4.878 4.898 4.918 4.938 4.957 4.977 4.997 5.017 5.036 5.056 5.056 5.096 5.115 5.130 5.109 5.089 5.068 5.048 5.028 4.968 4.806 4.643 4.481 4.318 4.156 3.993 3.993
3.647 3.387 3.587 3.659 3.737 3.816 3.894 3.972 4.051 4.129 4.208 4.298 4.298 4.318 4.338 4.358 4.378 4.398 4.403 4.409 4.414 4.420 4.425 4.435 4.449 4.463 4.477 4.505 4.505 4.518 4.532 4.547 4.561 4.581 4.601 4.621 4.641 4.660 4.680 4.700 4.719 4.739 4.759 4.779 4.779 4.818 4.838 4.865 4.897 4.917 4.937 4.956 4.976 4.996 5.016 5.035 5.055 5.075 5.095 5.114 5.115 5.154 5.174 5.180 5.159 5.139 5.118 5.098 5.078 5.057 4.994 4.831 4.669 4.506 4.344 4.181 4.181
