includes/lisflood/camargue/results_R3_t1.561737397084E12/res-0005.wdfp
ncols         906
nrows         631
xllcorner     362177.146667
yllcorner     6534725.688020
cellsize      20.000000
NODATA_value  -9999.000000
[rows 510 to 543 of 631, columns 77 to 153 of 906]
8.484 8.396 8.308 8.319 8.281 8.209 8.138 8.067 7.995 7.924 7.851 7.674 7.674 7.480 7.277 7.075 6.872 6.669 6.466 6.263 6.060 5.916 5.947 5.958 5.970 5.981 5.993 6.016 6.016 6.028 6.039 6.050 5.945 5.935 5.925 5.915 5.905 5.896 5.886 5.876 5.866 5.856 5.839 5.734 5.734 5.672 5.610 5.548 5.486 5.424 5.363 5.301 5.279 5.297 5.314 5.330 5.346 5.361 5.377 5.393 5.393 5.424 5.433 5.439 5.444 5.449 5.452 5.455 5.457 5.459 5.461 5.463 5.463 5.462 5.462 5.461 5.461
8.672 8.557 8.442 8.330 8.234 8.158 8.084 8.011 7.938 7.865 7.792 7.532 7.531 7.369 7.187 6.984 6.781 6.578 6.376 6.173 6.096 6.135 6.175 6.210 6.221 6.233 6.244 6.268 6.267 6.279 6.226 6.073 5.920 5.798 5.788 5.778 5.768 5.758 5.749 5.739 5.729 5.711 5.688 5.641 5.641 5.579 5.517 5.455 5.393 5.331 5.270 5.245 5.263 5.281 5.298 5.316 5.332 5.348 5.364 5.379 5.379 5.405 5.410 5.416 5.421 5.426 5.432 5.437 5.439 5.441 5.443 5.444 5.443 5.442 5.442 5.441 5.441
8.665 8.550 8.435 8.327 8.230 8.133 8.055 7.982 7.908 7.835 7.762 7.461 7.460 7.298 7.136 6.939 6.736 6.533 6.331 6.166 6.206 6.245 6.285 6.325 6.347 6.358 6.370 6.394 6.393 6.392 6.238 6.085 5.931 5.778 5.720 5.710 5.700 5.690 5.680 5.670 5.658 5.636 5.613 5.568 5.567 5.532 5.470 5.409 5.347 5.285 5.223 5.237 5.255 5.272 5.290 5.308 5.325 5.341 5.357 5.373 5.372 5.394 5.399 5.404 5.410 5.415 5.420 5.426 5.430 5.432 5.434 5.434 5.433 5.432 5.431 5.431 5.431
8.658 8.543 8.428 8.323 8.226 8.130 8.033 7.952 7.879 7.806 7.713 7.389 7.389 7.227 7.065 6.894 6.691 6.488 6.286 6.276 6.316 6.355 6.395 6.435 6.473 6.484 6.496 6.519 6.519 6.403 6.250 6.096 5.943 5.789 5.651 5.641 5.631 5.621 5.611 5.601 5.583 5.560 5.537 5.492 5.492 5.469 5.424 5.362 5.300 5.238 5.211 5.229 5.246 5.264 5.282 5.300 5.317 5.335 5.350 5.366 5.366 5.382 5.388 5.393 5.399 5.404 5.409 5.415 5.420 5.423 5.424 5.424 5.423 5.422 5.421 5.434 5.433
8.651 8.536 8.421 8.319 8.223 8.126 8.030 7.933 7.849 7.776 7.642 7.318 7.318 7.156 6.993 6.831 6.646 6.443 6.346 6.386 6.426 6.465 6.505 6.545 6.584 6.610 6.622 6.569 6.568 6.415 6.261 6.108 5.954 5.801 5.647 5.573 5.563 5.553 5.543 5.530 5.508 5.485 5.462 5.417 5.416 5.394 5.371 5.316 5.254 5.192 5.203 5.221 5.238 5.256 5.274 5.291 5.309 5.327 5.344 5.359 5.359 5.371 5.376 5.382 5.387 5.393 5.398 5.403 5.409 5.419 5.450 5.477 5.505 5.532 5.560 5.587 5.587
8.644 8.529 8.414 8.316 8.219 8.123 8.026 7.930 7.833 7.733 7.571 7.247 7.246 7.084 6.922 6.760 6.598 6.416 6.456 6.496 6.535 6.575 6.615 6.655 6.694 6.734 6.747 6.580 6.580 6.427 6.273 6.119 5.966 5.813 5.659 5.506 5.494 5.484 5.474 5.455 5.432 5.409 5.387 5.341 5.341 5.318 5.296 5.269 5.207 5.177 5.195 5.212 5.230 5.248 5.265 5.283 5.301 5.319 5.336 5.349 5.348 5.364 5.383 5.401 5.419 5.438 5.456 5.474 5.492 5.528 5.602 5.631 5.658 5.685 5.713 5.740 5.740
8.637 8.522 8.409 8.312 8.216 8.119 8.023 7.926 7.837 7.752 7.586 7.248 7.247 7.078 6.909 6.739 6.570 6.428 6.495 6.562 6.628 6.685 6.725 6.765 6.804 6.844 6.873 6.592 6.592 6.438 6.285 6.131 5.978 5.824 5.671 5.517 5.425 5.416 5.403 5.380 5.357 5.334 5.311 5.266 5.266 5.243 5.220 5.198 5.161 5.169 5.187 5.204 5.227 5.257 5.287 5.317 5.347 5.377 5.407 5.419 5.419 5.456 5.474 5.492 5.510 5.529 5.547 5.565 5.584 5.644 5.719 5.784 5.811 5.839 5.866 5.894 5.893
8.630 8.515 8.405 8.309 8.212 8.115 8.023 7.938 7.853 7.768 7.631 7.292 7.292 7.122 6.953 6.784 6.544 6.259 6.280 6.346 6.413 6.480 6.546 6.613 6.679 6.746 6.790 6.554 6.553 6.428 6.296 6.143 5.989 5.836 5.682 5.529 5.375 5.347 5.327 5.305 5.282 5.259 5.236 5.189 5.188 5.157 5.127 5.096 5.144 5.244 5.274 5.304 5.334 5.364 5.394 5.424 5.454 5.484 5.507 5.517 5.516 5.547 5.565 5.583 5.602 5.620 5.638 5.657 5.686 5.760 5.835 5.909 5.965 5.992 6.019 6.047 6.046
8.623 8.509 8.402 8.305 8.209 8.124 8.039 7.955 7.870 7.785 7.675 7.337 7.336 7.167 6.998 6.777 6.492 6.207 6.065 6.131 6.198 6.264 6.331 6.398 6.464 6.515 6.546 6.371 6.371 6.245 6.121 5.996 5.871 5.746 5.620 5.495 5.370 5.273 5.242 5.212 5.181 5.150 5.119 5.058 5.057 5.026 4.996 4.965 5.117 5.326 5.381 5.411 5.441 5.471 5.501 5.531 5.561 5.591 5.604 5.614 5.614 5.638 5.656 5.675 5.693 5.711 5.729 5.748 5.802 5.876 5.951 6.026 6.100 6.145 6.173 6.200 6.200
8.757 8.502 8.398 8.310 8.225 8.141 8.056 7.971 7.886 7.801 7.716 7.381 7.381 7.211 7.010 6.726 6.441 6.156 5.871 5.916 5.983 6.049 6.116 6.182 6.241 6.271 6.301 6.188 6.188 6.063 5.938 5.813 5.688 5.563 5.438 5.313 5.217 5.162 5.111 5.080 5.050 5.019 4.988 4.927 4.926 4.895 4.865 4.880 5.089 5.299 5.488 5.518 5.548 5.578 5.608 5.638 5.668 5.691 5.701 5.711 5.711 5.731 5.748 5.766 5.784 5.802 5.821 5.844 5.918 5.993 6.067 6.142 6.216 6.291 6.326 6.353 6.353
9.047 8.784 8.425 8.327 8.242 8.157 8.072 7.987 7.902 7.817 7.732 7.426 7.425 7.244 6.959 6.674 6.389 6.104 5.820 5.701 5.768 5.834 5.901 5.966 5.996 6.026 6.056 6.005 6.005 5.880 5.755 5.630 5.505 5.380 5.255 5.168 5.115 5.061 5.001 4.949 4.919 4.888 4.857 4.796 4.795 4.764 4.734 4.853 5.062 5.272 5.481 5.625 5.655 5.685 5.715 5.745 5.775 5.789 5.799 5.809 5.808 5.828 5.839 5.857 5.875 5.894 5.912 5.960 6.034 6.109 6.184 6.258 6.332 6.407 6.479 6.506 6.506
9.588 9.102 8.492 8.393 8.295 8.197 8.098 8.004 7.919 7.834 7.749 7.470 7.470 7.192 6.907 6.623 6.338 6.053 5.768 5.486 5.553 5.619 5.686 5.721 5.751 5.781 5.812 5.823 5.822 5.697 5.572 5.447 5.322 5.197 5.119 5.066 5.014 4.959 4.900 4.841 4.788 4.757 4.726 4.665 4.664 4.634 4.617 4.826 5.035 5.244 5.454 5.663 5.762 5.792 5.822 5.852 5.876 5.886 5.896 5.906 5.906 5.926 5.936 5.949 5.967 5.985 6.003 6.076 6.151 6.225 6.300 6.374 6.449 6.523 6.598 6.660 6.659
10.063 9.410 8.758 8.460 8.362 8.264 8.165 8.067 7.969 7.870 7.772 7.426 7.425 7.141 6.856 6.571 6.286 6.001 5.717 5.432 5.338 5.404 5.446 5.476 5.507 5.537 5.567 5.627 5.627 5.514 5.389 5.264 5.139 5.070 5.017 4.965 4.912 4.857 4.798 4.739 4.680 4.626 4.595 4.534 4.533 4.503 4.590 4.799 5.008 5.217 5.426 5.636 5.845 5.899 5.929 5.960 5.974 5.984 5.994 6.003 6.003 6.023 6.033 6.043 6.058 6.076 6.118 6.193 6.267 6.342 6.416 6.491 6.565 6.639 6.714 6.788 6.788
10.371 9.718 9.066 8.527 8.429 8.331 8.232 8.134 8.036 7.937 7.839 7.461 7.460 7.158 6.856 6.553 6.251 5.950 5.665 5.380 5.122 5.171 5.202 5.232 5.262 5.292 5.322 5.383 5.382 5.332 5.207 5.081 5.021 4.968 4.916 4.863 4.811 4.756 4.696 4.637 4.578 4.519 4.464 4.403 4.402 4.372 4.563 4.772 4.981 5.190 5.399 5.609 5.818 6.007 6.037 6.061 6.071 6.081 6.091 6.101 6.101 6.121 6.130 6.140 6.150 6.168 6.235 6.309 6.383 6.458 6.532 6.607 6.684 6.802 6.921 7.040 7.039
10.371 9.718 9.066 8.527 8.429 8.331 8.232 8.134 8.036 7.937 7.839 7.461 7.460 7.158 6.856 6.553 6.251 5.950 5.665 5.381 5.123 5.172 5.202 5.232 5.262 5.292 5.322 5.383 5.383 5.332 5.207 5.082 5.021 4.969 4.916 4.864 4.811 4.756 4.697 4.637 4.578 4.519 4.464 4.403 4.403 4.372 4.563 4.772 4.981 5.190 5.399 5.609 5.818 6.007 6.037 6.061 6.071 6.081 6.091 6.101 6.101 6.121 6.131 6.140 6.150 6.168 6.235 6.309 6.384 6.458 6.532 6.607 6.684 6.802 6.921 7.040 7.040
10.679 10.026 9.374 8.722 8.496 8.398 8.299 8.201 8.103 8.004 7.873 7.531 7.531 7.229 6.926 6.624 6.321 6.019 5.717 5.414 5.131 5.038 5.031 5.023 5.017 5.048 5.078 5.138 5.138 5.149 5.025 4.972 4.920 4.867 4.815 4.762 4.710 4.654 4.595 4.536 4.477 4.417 4.358 4.272 4.272 4.326 4.536 4.745 4.954 5.163 5.372 5.582 5.791 6.000 6.144 6.159 6.168 6.178 6.188 6.198 6.198 6.218 6.228 6.238 6.255 6.318 6.437 6.556 6.674 6.793 6.912 7.030 7.149 7.268 7.386 7.505 7.505
10.987 10.334 9.682 9.030 8.563 8.465 8.366 8.268 8.170 8.046 7.884 7.561 7.560 7.299 6.997 6.694 6.392 6.089 5.787 5.492 5.257 5.064 5.056 5.048 5.041 5.033 5.025 5.010 5.010 5.003 4.933 4.871 4.818 4.766 4.713 4.661 4.608 4.553 4.493 4.434 4.375 4.316 4.257 4.141 4.141 4.299 4.509 4.719 4.949 5.180 5.410 5.641 5.871 6.102 6.300 6.352 6.370 6.389 6.408 6.427 6.426 6.464 6.483 6.501 6.520 6.733 6.902 7.021 7.139 7.258 7.377 7.495 7.614 7.733 7.852 7.972 7.971
11.602 10.950 10.298 9.646 8.994 8.598 8.500 8.392 8.230 8.068 7.906 7.583 7.583 7.421 7.138 6.835 6.533 6.230 5.977 5.742 5.507 5.272 5.107 5.099 5.091 5.083 5.076 5.080 5.080 5.100 5.121 5.024 4.919 4.815 4.711 4.607 4.503 4.534 4.551 4.568 4.585 4.602 4.619 4.718 4.718 4.821 5.010 5.240 5.470 5.701 5.931 6.161 6.392 6.577 6.700 6.823 6.899 6.918 6.937 6.956 6.955 6.993 7.012 7.042 7.277 7.512 7.746 7.951 8.070 8.188 8.307 8.426 8.544 8.663 8.782 8.920 8.920
11.910 11.258 10.606 9.954 9.302 8.665 8.565 8.403 8.241 8.079 7.918 7.594 7.594 7.432 7.208 6.906 6.603 6.338 6.103 5.867 5.632 5.397 5.162 5.124 5.116 5.109 5.101 5.129 5.128 5.149 5.170 5.121 5.017 4.913 4.809 4.704 4.710 4.809 4.855 4.872 4.889 4.906 4.922 5.065 5.064 5.167 5.270 5.500 5.731 5.961 6.191 6.422 6.652 6.777 6.900 7.023 7.146 7.183 7.201 7.220 7.220 7.258 7.276 7.432 7.666 7.901 8.136 8.371 8.535 8.653 8.772 8.891 9.009 9.128 9.252 9.394 9.394
12.409 11.731 11.054 10.377 9.700 9.023 8.649 8.415 8.253 8.091 7.929 7.605 7.605 7.443 7.279 6.976 6.698 6.463 6.228 5.993 5.757 5.522 5.287 5.149 5.142 5.134 5.136 5.177 5.177 5.198 5.218 5.218 5.114 5.010 4.906 4.862 4.962 5.062 5.159 5.175 5.192 5.209 5.226 5.411 5.411 5.513 5.615 5.761 5.991 6.221 6.452 6.682 6.853 6.976 7.100 7.223 7.346 7.447 7.466 7.485 7.484 7.522 7.586 7.821 8.056 8.290 8.525 8.760 8.995 9.119 9.237 9.356 9.475 9.593 9.726 9.868 9.868
12.959 12.282 11.605 10.928 10.251 9.716 9.277 9.010 8.742 8.475 8.208 7.674 7.674 7.454 7.292 7.059 6.823 6.588 6.353 6.118 5.883 5.647 5.412 5.177 5.167 5.164 5.184 5.226 5.226 5.246 5.267 5.288 5.211 5.107 5.014 5.114 5.214 5.314 5.414 5.479 5.496 5.513 5.552 5.757 5.757 5.859 5.962 6.064 6.252 6.482 6.712 6.930 7.053 7.176 7.300 7.423 7.546 7.669 7.730 7.749 7.749 7.787 7.976 8.210 8.445 8.680 8.915 9.149 9.384 9.584 9.702 9.821 9.940 10.059 10.201 10.342 10.342
13.510 12.833 12.156 11.479 10.913 10.429 9.944 9.637 9.370 9.103 8.836 8.302 8.302 8.035 7.768 7.160 6.930 6.700 6.469 6.239 6.008 5.773 5.538 5.302 5.192 5.212 5.233 5.274 5.274 5.295 5.315 5.336 5.309 5.204 5.266 5.366 5.466 5.566 5.666 5.766 5.800 5.817 5.898 6.103 6.103 6.205 6.308 6.410 6.512 6.743 6.973 7.130 7.253 7.376 7.499 7.622 7.746 7.869 7.992 8.014 8.014 8.130 8.365 8.600 8.835 9.069 9.304 9.539 9.773 10.008 10.168 10.286 10.405 10.533 10.675 10.816 10.816
14.061 13.384 12.707 12.111 11.626 11.142 10.657 10.264 9.997 9.730 9.463 8.929 8.929 8.662 8.057 7.380 7.017 6.786 6.556 6.325 6.095 5.865 5.634 5.404 5.296 5.305 5.314 5.332 5.331 5.343 5.364 5.385 5.405 5.419 5.519 5.619 5.718 5.818 5.918 6.018 6.103 6.142 6.244 6.449 6.449 6.552 6.654 6.756 6.859 7.003 7.207 7.330 7.453 7.576 7.699 7.822 7.945 8.069 8.192 8.278 8.278 8.520 8.754 8.989 9.224 9.459 9.693 9.928 10.163 10.398 10.632 10.751 10.870 11.007 11.149 11.291 11.290
14.612 13.935 13.309 12.824 12.339 11.855 11.370 10.892 10.625 10.358 10.091 9.557 9.557 9.022 8.346 7.669 7.103 6.873 6.643 6.412 6.182 5.951 5.721 5.563 5.491 5.465 5.474 5.492 5.491 5.500 5.509 5.517 5.539 5.619 5.724 5.829 5.934 6.039 6.144 6.249 6.354 6.459 6.563 6.770 6.769 6.873 6.976 7.079 7.182 7.286 7.422 7.541 7.659 7.778 7.899 8.022 8.145 8.268 8.392 8.515 8.515 8.909 9.144 9.379 9.613 9.848 10.083 10.317 10.552 10.787 11.022 11.217 11.340 11.482 11.623 11.765 11.764
15.163 14.506 14.022 13.537 13.053 12.568 12.083 11.598 11.252 10.985 10.718 9.987 9.987 9.311 8.634 7.958 7.282 6.960 6.729 6.499 6.268 6.038 5.836 5.764 5.692 5.625 5.634 5.652 5.651 5.660 5.669 5.677 5.729 5.783 5.887 5.992 6.097 6.202 6.307 6.412 6.520 6.631 6.734 6.941 6.941 7.044 7.148 7.251 7.354 7.537 7.776 7.895 8.013 8.132 8.250 8.369 8.487 8.606 8.725 8.820 8.820 9.148 9.400 9.651 9.902 10.153 10.404 10.655 10.906 11.157 11.408 11.646 11.762 11.729 11.695 11.661 11.661
15.714 15.219 14.735 14.251 13.765 13.281 12.796 12.311 11.880 11.613 11.346 10.276 10.276 9.599 8.923 8.247 7.571 7.046 6.816 6.585 6.355 6.124 6.037 5.965 5.893 5.821 5.794 5.812 5.811 5.820 5.829 5.867 5.919 5.971 6.051 6.156 6.261 6.366 6.471 6.577 6.688 6.799 6.906 7.113 7.113 7.216 7.319 7.423 7.554 7.817 8.080 8.248 8.367 8.485 8.604 8.723 8.841 8.960 9.078 9.098 9.097 9.324 9.575 9.826 10.077 10.328 10.580 10.831 11.082 11.333 11.584 11.522 11.476 11.567 11.533 11.500 11.500
15.656 15.440 15.221 14.964 14.478 13.994 13.509 13.024 12.540 12.240 11.917 10.565 10.564 9.888 9.212 8.536 7.860 7.183 6.902 6.672 6.441 6.310 6.238 6.166 6.094 6.022 5.954 5.972 5.971 5.980 6.006 6.058 6.110 6.161 6.215 6.320 6.425 6.530 6.635 6.745 6.856 6.967 7.078 7.285 7.284 7.388 7.491 7.595 7.833 8.097 8.360 8.602 8.721 8.839 8.958 9.076 9.195 9.313 9.361 9.375 9.375 9.499 9.750 10.001 10.253 10.504 10.755 11.006 11.257 11.508 11.470 11.099 11.014 11.215 11.372 11.338 11.338
15.070 15.049 14.830 14.610 14.390 14.171 13.951 13.732 13.253 12.868 12.206 10.854 10.853 10.177 9.501 8.825 8.148 7.472 6.989 6.759 6.583 6.511 6.439 6.367 6.295 6.223 6.151 6.131 6.131 6.144 6.196 6.248 6.300 6.352 6.403 6.483 6.588 6.693 6.801 6.912 7.024 7.135 7.246 7.456 7.456 7.560 7.663 7.850 8.113 8.377 8.640 8.904 9.074 9.193 9.311 9.430 9.549 9.624 9.639 9.653 9.653 9.682 9.926 10.177 10.428 10.679 10.930 11.181 11.432 11.418 11.047 10.675 10.553 10.753 10.954 11.155 11.154
14.484 14.658 14.439 14.220 13.999 13.780 13.560 13.341 13.121 13.193 12.511 11.147 11.147 10.466 9.790 9.113 8.437 7.761 7.085 6.856 6.783 6.712 6.640 6.568 6.496 6.424 6.352 6.291 6.291 6.335 6.386 6.438 6.490 6.542 6.594 6.647 6.752 6.858 6.969 7.080 7.191 7.302 7.413 7.628 7.628 7.731 7.866 8.130 8.393 8.657 8.920 9.184 9.428 9.547 9.665 9.784 9.888 9.902 9.916 9.931 9.931 9.960 10.101 10.352 10.603 10.855 11.106 11.357 11.366 10.995 10.624 10.252 10.091 10.292 10.492 10.693 10.693
13.897 14.268 14.048 13.829 13.609 13.389 13.170 12.973 13.140 13.306 12.839 11.476 11.476 10.794 10.112 9.430 8.748 8.066 7.384 7.128 7.046 6.965 6.884 6.803 6.722 6.640 6.559 6.473 6.473 6.525 6.577 6.629 6.680 6.732 6.784 6.836 6.915 7.026 7.137 7.248 7.359 7.470 7.581 7.800 7.800 7.903 8.146 8.410 8.673 8.937 9.200 9.463 9.727 9.900 10.019 10.137 10.165 10.180 10.194 10.209 10.208 10.237 10.276 10.528 10.779 11.030 11.281 11.315 10.943 10.572 10.200 9.829 9.630 9.830 10.031 10.231 10.231
13.898 14.268 14.048 13.829 13.609 13.389 13.170 12.973 13.140 13.306 12.839 11.476 11.476 10.794 10.112 9.430 8.748 8.066 7.385 7.128 7.047 6.965 6.884 6.803 6.722 6.640 6.559 6.473 6.473 6.525 6.577 6.629 6.680 6.732 6.784 6.836 6.916 7.026 7.137 7.248 7.359 7.470 7.581 7.800 7.800 7.903 8.146 8.410 8.673 8.937 9.200 9.463 9.727 9.900 10.019 10.138 10.165 10.180 10.194 10.209 10.208 10.237 10.277 10.528 10.779 11.030 11.281 11.315 10.943 10.572 10.201 9.829 9.630 9.830 10.031 10.232 10.231
13.312 13.877 13.658 13.438 13.218 12.999 12.842 13.008 13.175 13.341 13.168 11.804 11.804 11.122 10.440 9.758 9.076 8.395 7.927 7.703 7.598 7.517 7.436 7.354 7.273 7.192 7.111 6.859 6.859 6.880 6.921 6.963 7.004 7.045 7.086 7.128 7.156 7.252 7.348 7.443 7.539 7.638 7.749 7.971 7.971 8.163 8.426 8.690 8.953 9.216 9.480 9.743 10.007 10.254 10.373 10.429 10.443 10.457 10.472 10.486 10.486 10.515 10.530 10.703 10.954 11.206 11.263 10.892 10.520 10.149 9.778 9.406 9.168 9.369 9.569 9.770 9.770
12.725 13.291 13.267 13.047 12.827 12.710 12.877 13.043 13.210 13.376 13.496 12.133 12.132 11.451 10.769 10.087 9.405 8.794 8.571 8.347 8.150 8.068 7.987 7.906 7.825 7.743 7.662 7.367 7.366 7.255 7.296 7.338 7.379 7.420 7.461 7.491 7.503 7.573 7.669 7.764 7.860 7.955 8.051 8.299 8.298 8.558 8.803 9.048 9.292 9.537 9.782 10.027 10.287 10.550 10.692 10.707 10.721 10.735 10.750 10.764 10.764 10.793 10.807 10.879 11.130 11.211 10.840 10.468 10.097 9.726 9.354 8.983 8.706 8.907 9.108 9.308 9.308
11.600 12.119 12.485 12.448 12.614 12.781 12.947 13.114 13.280 13.446 13.613 12.789 12.789 12.107 11.425 10.743 10.305 10.082 9.858 9.635 9.412 9.189 9.090 9.009 8.927 8.846 8.719 8.381 8.381 8.212 8.046 8.088 8.129 8.170 8.185 8.198 8.210 8.223 8.310 8.406 8.501 8.597 8.693 9.232 9.231 9.507 9.762 10.007 10.252 10.497 10.741 10.986 11.231 11.046 10.817 10.800 10.850 10.899 10.948 10.997 10.997 11.096 11.145 11.157 10.831 10.410 9.993 9.622 9.251 8.879 8.508 8.137 7.783 7.984 8.185 8.385 8.385
