includes/lisflood/camargue/results_R3_t1.561737397084E12/res-0006.wd
ncols         906
nrows         631
xllcorner     362177.146667
yllcorner     6534725.688020
cellsize      20.000000
NODATA_value  -9999.000000
[rows 578 to 611 of 631, columns 154 to 230 of 906]
4.358 4.359 4.360 4.359 4.334 4.309 4.284 4.260 4.230 4.197 4.165 4.132 4.100 4.067 4.007 4.007 3.845 3.828 3.812 3.795 3.779 3.762 3.746 3.728 3.704 3.683 3.670 3.673 3.675 3.677 3.679 3.679 3.684 3.686 3.707 3.744 3.781 3.819 3.856 3.888 3.913 3.938 3.963 3.988 4.001 4.001 4.002 4.002 4.003 4.003 4.006 4.010 4.013 4.017 4.018 4.017 4.017 4.017 4.016 3.990 3.965 3.940 3.914 3.893 3.893 3.883 3.849 3.814 3.780 3.746 3.711 3.659 3.646 3.671 3.697 3.722 3.748
4.351 4.352 4.353 4.334 4.309 4.284 4.259 4.234 4.207 4.175 4.142 4.110 4.077 4.018 3.932 3.932 3.762 3.739 3.723 3.707 3.690 3.674 3.657 3.641 3.624 3.557 3.640 3.643 3.645 3.647 3.649 3.649 3.654 3.656 3.682 3.719 3.756 3.794 3.831 3.868 3.899 3.924 3.949 3.974 3.975 3.975 3.976 3.976 3.977 3.977 3.978 3.982 3.985 3.988 3.987 3.987 3.987 3.986 3.986 3.973 3.948 3.923 3.906 3.885 3.885 3.875 3.850 3.816 3.782 3.747 3.694 3.640 3.618 3.644 3.669 3.695 3.720
4.345 4.346 4.333 4.308 4.284 4.259 4.234 4.209 4.184 4.152 4.120 4.087 4.028 3.943 3.858 3.858 3.687 3.651 3.634 3.618 3.601 3.585 3.569 3.536 3.524 3.524 3.524 3.524 3.599 3.617 3.619 3.619 3.624 3.626 3.657 3.694 3.731 3.769 3.806 3.844 3.881 3.910 3.935 3.948 3.948 3.949 3.950 3.950 3.951 3.951 3.952 3.954 3.957 3.957 3.957 3.957 3.957 3.956 3.956 3.955 3.931 3.909 3.899 3.878 3.878 3.867 3.852 3.818 3.782 3.729 3.675 3.622 3.591 3.616 3.642 3.667 3.693
4.339 4.333 4.308 4.283 4.258 4.233 4.209 4.184 4.159 4.129 4.097 4.039 3.954 3.868 3.783 3.783 3.612 3.562 3.546 3.529 3.523 3.523 3.523 3.523 3.523 3.523 3.523 3.523 3.524 3.524 3.538 3.538 3.594 3.596 3.632 3.669 3.706 3.744 3.781 3.819 3.856 3.893 3.920 3.922 3.922 3.923 3.923 3.924 3.925 3.925 3.926 3.926 3.928 3.927 3.927 3.927 3.926 3.926 3.926 3.925 3.914 3.901 3.891 3.870 3.870 3.860 3.849 3.817 3.764 3.711 3.657 3.604 3.563 3.589 3.614 3.640 3.665
4.332 4.308 4.283 4.258 4.233 4.208 4.183 4.158 4.133 4.107 4.049 3.964 3.879 3.794 3.708 3.708 3.538 3.523 3.523 3.523 3.523 3.523 3.523 3.523 3.523 3.523 3.523 3.523 3.523 3.524 3.524 3.524 3.524 3.569 3.596 3.617 3.638 3.660 3.681 3.702 3.724 3.745 3.814 3.811 3.807 3.804 3.800 3.801 3.793 3.790 3.786 3.782 3.642 3.644 3.647 3.650 3.653 3.656 3.659 3.661 3.806 3.857 3.846 3.825 3.825 3.814 3.804 3.792 3.746 3.692 3.639 3.585 3.536 3.561 3.587 3.612 3.637
4.274 4.264 4.240 4.217 4.193 4.169 4.146 4.122 4.098 4.078 3.987 3.889 3.804 3.719 3.633 3.633 3.523 3.523 3.523 3.523 3.523 3.523 3.523 3.523 3.523 3.523 3.523 3.523 3.523 3.523 3.523 3.524 3.524 3.524 3.524 3.524 3.525 3.525 3.525 3.525 3.525 3.526 3.526 3.567 3.563 3.560 3.556 3.557 3.549 3.546 3.542 3.528 3.528 3.528 3.529 3.529 3.529 3.530 3.530 3.530 3.530 3.776 3.765 3.743 3.744 3.733 3.722 3.711 3.700 3.674 3.620 3.567 3.532 3.534 3.559 3.585 3.607
4.215 4.213 4.195 4.171 4.148 4.124 4.100 4.077 4.054 4.040 3.970 3.872 3.775 3.677 3.580 3.579 3.523 3.523 3.523 3.523 3.523 3.523 3.523 3.523 3.523 3.523 3.523 3.523 3.523 3.523 3.523 3.523 3.524 3.524 3.524 3.524 3.524 3.525 3.525 3.525 3.525 3.525 3.526 3.526 3.526 3.526 3.527 3.527 3.527 3.528 3.528 3.528 3.528 3.528 3.529 3.529 3.529 3.529 3.530 3.530 3.530 3.530 3.684 3.662 3.662 3.651 3.641 3.630 3.618 3.607 3.596 3.549 3.532 3.532 3.532 3.552 3.571
4.155 4.153 4.149 4.126 4.102 4.079 4.055 4.031 4.016 4.001 3.953 3.855 3.758 3.660 3.563 3.563 3.523 3.523 3.523 3.523 3.523 3.523 3.523 3.523 3.523 3.523 3.523 3.523 3.523 3.523 3.523 3.523 3.523 3.524 3.524 3.524 3.524 3.524 3.525 3.525 3.525 3.525 3.525 3.526 3.526 3.526 3.526 3.527 3.527 3.527 3.528 3.528 3.528 3.528 3.528 3.529 3.529 3.529 3.529 3.530 3.530 3.530 3.551 3.581 3.581 3.570 3.559 3.548 3.537 3.532 3.532 3.532 3.532 3.532 3.532 3.532 3.534
4.095 4.094 4.093 4.080 4.057 4.033 4.009 3.992 3.977 3.962 3.936 3.839 3.741 3.644 3.546 3.546 3.523 3.523 3.523 3.523 3.523 3.523 3.523 3.523 3.523 3.522 3.522 3.523 3.523 3.523 3.523 3.523 3.523 3.524 3.524 3.524 3.524 3.524 3.524 3.524 3.525 3.525 3.525 3.525 3.526 3.526 3.526 3.526 3.527 3.527 3.527 3.528 3.528 3.528 3.528 3.528 3.529 3.529 3.529 3.529 3.530 3.530 3.530 3.530 3.531 3.531 3.531 3.531 3.531 3.532 3.532 3.532 3.532 3.532 3.532 3.532 3.532
4.036 4.034 4.033 4.032 4.011 3.988 3.968 3.954 3.939 3.924 3.909 3.822 3.724 3.627 3.529 3.529 3.523 3.523 3.523 3.523 3.523 3.523 3.522 3.522 3.522 3.522 3.522 3.522 3.522 3.522 3.523 3.523 3.523 3.523 3.523 3.523 3.524 3.524 3.524 3.524 3.525 3.525 3.525 3.525 3.525 3.526 3.526 3.526 3.527 3.527 3.527 3.527 3.528 3.528 3.528 3.528 3.529 3.529 3.529 3.529 3.529 3.530 3.530 3.530 3.531 3.531 3.531 3.531 3.531 3.531 3.531 3.532 3.532 3.532 3.532 3.532 3.532
4.036 4.034 4.033 4.031 4.011 3.988 3.968 3.953 3.939 3.924 3.909 3.822 3.724 3.627 3.529 3.529 3.523 3.523 3.523 3.523 3.522 3.522 3.522 3.522 3.522 3.522 3.522 3.522 3.522 3.522 3.522 3.523 3.523 3.523 3.523 3.523 3.523 3.524 3.524 3.524 3.524 3.525 3.525 3.525 3.525 3.525 3.526 3.526 3.526 3.527 3.527 3.527 3.527 3.528 3.528 3.528 3.528 3.529 3.529 3.529 3.529 3.529 3.530 3.530 3.530 3.531 3.531 3.531 3.531 3.531 3.531 3.531 3.532 3.532 3.532 3.532 3.532
3.976 3.975 3.973 3.972 3.966 3.945 3.930 3.915 3.900 3.885 3.870 3.805 3.708 3.610 3.523 3.523 3.523 3.523 3.523 3.523 3.522 3.522 3.522 3.522 3.522 3.522 3.522 3.522 3.522 3.522 3.522 3.522 3.523 3.523 3.523 3.523 3.523 3.524 3.524 3.524 3.524 3.524 3.525 3.525 3.525 3.525 3.525 3.526 3.526 3.526 3.527 3.527 3.527 3.527 3.528 3.528 3.528 3.528 3.529 3.529 3.529 3.529 3.529 3.530 3.530 3.530 3.531 3.531 3.531 3.531 3.531 3.531 3.531 3.532 3.532 3.532 3.532
3.917 3.915 3.914 3.912 3.920 3.908 3.891 3.876 3.862 3.847 3.832 3.788 3.691 3.523 3.523 3.523 3.523 3.523 3.523 3.523 3.522 3.522 3.522 3.522 3.522 3.522 3.522 3.522 3.522 3.522 3.522 3.522 3.522 3.523 3.523 3.523 3.523 3.523 3.524 3.524 3.524 3.524 3.524 3.525 3.525 3.525 3.525 3.525 3.526 3.526 3.527 3.527 3.527 3.527 3.527 3.528 3.528 3.528 3.528 3.529 3.529 3.529 3.529 3.530 3.530 3.530 3.530 3.531 3.531 3.531 3.531 3.531 3.531 3.531 3.532 3.532 3.532
3.822 3.834 3.846 3.858 3.870 3.865 3.846 3.827 3.807 3.788 3.769 3.656 3.523 3.523 3.523 3.523 3.523 3.523 3.523 3.523 3.523 3.522 3.522 3.522 3.522 3.522 3.522 3.522 3.522 3.522 3.522 3.522 3.522 3.523 3.523 3.523 3.523 3.523 3.523 3.524 3.524 3.524 3.524 3.524 3.525 3.525 3.525 3.525 3.526 3.526 3.526 3.527 3.527 3.527 3.527 3.528 3.528 3.528 3.528 3.528 3.529 3.529 3.529 3.530 3.530 3.530 3.530 3.530 3.531 3.531 3.531 3.531 3.531 3.531 3.532 3.532 3.532
3.797 3.809 3.821 3.833 3.845 3.843 3.824 3.805 3.786 3.767 3.653 3.523 3.523 3.523 3.523 3.523 3.523 3.523 3.523 3.523 3.523 3.523 3.522 3.522 3.522 3.522 3.522 3.522 3.522 3.522 3.522 3.522 3.522 3.522 3.522 3.523 3.523 3.523 3.523 3.524 3.524 3.524 3.524 3.524 3.524 3.525 3.525 3.525 3.525 3.526 3.526 3.526 3.527 3.527 3.527 3.527 3.528 3.528 3.528 3.528 3.529 3.529 3.529 3.529 3.530 3.530 3.530 3.530 3.530 3.531 3.531 3.531 3.531 3.531 3.531 3.532 3.532
3.772 3.784 3.796 3.808 3.820 3.821 3.802 3.783 3.764 3.651 3.523 3.523 3.523 3.523 3.523 3.523 3.523 3.523 3.523 3.523 3.523 3.522 3.522 3.522 3.522 3.522 3.522 3.522 3.522 3.522 3.522 3.522 3.522 3.522 3.522 3.523 3.523 3.523 3.523 3.524 3.524 3.524 3.524 3.524 3.524 3.525 3.525 3.525 3.525 3.526 3.526 3.526 3.526 3.527 3.527 3.527 3.527 3.528 3.528 3.528 3.528 3.529 3.529 3.529 3.529 3.530 3.530 3.530 3.530 3.530 3.531 3.531 3.531 3.531 3.531 3.531 3.532
3.748 3.759 3.771 3.783 3.795 3.800 3.781 3.761 3.648 3.523 3.523 3.523 3.523 3.523 3.523 3.523 3.523 3.523 3.523 3.523 3.523 3.522 3.522 3.522 3.522 3.522 3.522 3.522 3.522 3.522 3.522 3.522 3.522 3.522 3.523 3.523 3.523 3.523 3.523 3.523 3.524 3.524 3.524 3.524 3.524 3.524 3.525 3.525 3.525 3.525 3.526 3.526 3.526 3.527 3.527 3.527 3.527 3.527 3.528 3.528 3.528 3.529 3.529 3.529 3.529 3.529 3.530 3.530 3.530 3.530 3.531 3.531 3.531 3.531 3.531 3.531 3.532
3.726 3.736 3.746 3.758 3.770 3.778 3.759 3.645 3.523 3.523 3.523 3.523 3.523 3.523 3.523 3.523 3.523 3.523 3.523 3.523 3.523 3.522 3.522 3.522 3.522 3.522 3.522 3.522 3.522 3.522 3.522 3.522 3.522 3.523 3.523 3.523 3.523 3.523 3.523 3.524 3.524 3.524 3.524 3.524 3.524 3.525 3.525 3.525 3.525 3.525 3.526 3.526 3.526 3.526 3.527 3.527 3.527 3.527 3.528 3.528 3.528 3.528 3.529 3.529 3.529 3.529 3.529 3.530 3.530 3.530 3.530 3.531 3.531 3.531 3.531 3.532 3.532
3.704 3.714 3.725 3.735 3.745 3.756 3.643 3.523 3.523 3.523 3.523 3.523 3.523 3.523 3.523 3.523 3.523 3.523 3.523 3.523 3.523 3.523 3.522 3.522 3.522 3.522 3.522 3.522 3.522 3.522 3.522 3.522 3.523 3.523 3.523 3.523 3.523 3.523 3.524 3.524 3.524 3.524 3.524 3.524 3.524 3.524 3.525 3.525 3.525 3.525 3.525 3.526 3.526 3.526 3.526 3.527 3.527 3.527 3.527 3.528 3.528 3.528 3.528 3.529 3.529 3.529 3.529 3.529 3.530 3.530 3.530 3.531 3.531 3.531 3.531 3.532 3.532
3.683 3.693 3.703 3.713 3.723 3.726 3.523 3.523 3.523 3.523 3.523 3.523 3.523 3.523 3.523 3.523 3.523 3.523 3.523 3.523 3.523 3.522 3.522 3.522 3.522 3.522 3.522 3.522 3.522 3.522 3.522 3.523 3.523 3.523 3.523 3.523 3.523 3.523 3.524 3.524 3.524 3.524 3.524 3.524 3.524 3.525 3.525 3.525 3.525 3.525 3.525 3.526 3.526 3.526 3.526 3.527 3.527 3.527 3.527 3.528 3.528 3.528 3.528 3.529 3.529 3.529 3.529 3.529 3.530 3.530 3.530 3.530 3.531 3.531 3.531 3.531 3.532
3.661 3.671 3.681 3.692 3.692 3.690 3.525 3.523 3.523 3.523 3.523 3.523 3.523 3.523 3.523 3.523 3.523 3.523 3.523 3.523 3.523 3.523 3.522 3.522 3.522 3.522 3.522 3.522 3.522 3.523 3.523 3.523 3.523 3.523 3.523 3.523 3.523 3.524 3.524 3.524 3.524 3.524 3.524 3.524 3.525 3.524 3.525 3.525 3.525 3.525 3.525 3.526 3.526 3.526 3.526 3.527 3.527 3.527 3.527 3.528 3.528 3.528 3.528 3.528 3.529 3.529 3.529 3.529 3.529 3.530 3.530 3.530 3.531 3.531 3.531 3.532 3.532
3.640 3.650 3.660 3.658 3.656 3.654 3.543 3.523 3.523 3.523 3.523 3.523 3.523 3.523 3.523 3.523 3.523 3.523 3.523 3.523 3.523 3.522 3.522 3.522 3.522 3.522 3.523 3.523 3.523 3.523 3.523 3.523 3.523 3.523 3.523 3.524 3.524 3.524 3.524 3.524 3.524 3.524 3.524 3.525 3.525 3.525 3.525 3.525 3.525 3.525 3.525 3.526 3.526 3.526 3.526 3.527 3.527 3.527 3.527 3.528 3.528 3.528 3.528 3.528 3.528 3.529 3.529 3.529 3.529 3.530 3.530 3.530 3.531 3.531 3.531 3.532 3.532
3.618 3.627 3.625 3.623 3.620 3.618 3.562 3.523 3.523 3.523 3.523 3.523 3.523 3.523 3.523 3.523 3.523 3.523 3.523 3.523 3.523 3.522 3.522 3.522 3.522 3.522 3.523 3.523 3.523 3.523 3.523 3.523 3.523 3.523 3.524 3.524 3.524 3.524 3.524 3.524 3.524 3.524 3.524 3.525 3.525 3.525 3.525 3.525 3.525 3.525 3.526 3.526 3.526 3.526 3.526 3.527 3.527 3.527 3.527 3.528 3.528 3.528 3.528 3.528 3.528 3.528 3.529 3.529 3.529 3.530 3.530 3.530 3.531 3.531 3.531 3.532 3.532
3.593 3.591 3.589 3.587 3.585 3.583 3.580 3.523 3.523 3.523 3.523 3.523 3.523 3.523 3.523 3.523 3.523 3.523 3.523 3.523 3.522 3.522 3.522 3.522 3.522 3.522 3.523 3.523 3.523 3.523 3.523 3.523 3.524 3.524 3.524 3.524 3.524 3.524 3.524 3.524 3.524 3.524 3.524 3.525 3.525 3.525 3.525 3.525 3.525 3.526 3.526 3.526 3.526 3.526 3.526 3.527 3.527 3.527 3.527 3.528 3.528 3.528 3.528 3.528 3.528 3.528 3.529 3.529 3.529 3.529 3.530 3.530 3.531 3.531 3.531 3.532 3.532
3.558 3.555 3.553 3.551 3.549 3.547 3.545 3.523 3.523 3.523 3.523 3.523 3.523 3.523 3.523 3.523 3.523 3.523 3.523 3.522 3.522 3.522 3.522 3.522 3.522 3.523 3.523 3.523 3.523 3.523 3.523 3.524 3.524 3.524 3.524 3.524 3.524 3.524 3.524 3.524 3.524 3.524 3.524 3.525 3.525 3.525 3.525 3.525 3.525 3.526 3.526 3.526 3.526 3.526 3.527 3.527 3.527 3.527 3.528 3.528 3.528 3.528 3.528 3.528 3.528 3.528 3.529 3.529 3.529 3.529 3.530 3.530 3.530 3.531 3.531 3.532 3.532
3.524 3.524 3.523 3.523 3.523 3.523 3.523 3.523 3.523 3.523 3.523 3.523 3.523 3.523 3.523 3.523 3.523 3.522 3.522 3.522 3.522 3.522 3.522 3.523 3.523 3.523 3.523 3.523 3.523 3.523 3.524 3.524 3.524 3.524 3.524 3.524 3.524 3.524 3.524 3.524 3.524 3.524 3.524 3.525 3.525 3.525 3.525 3.525 3.526 3.526 3.526 3.526 3.526 3.527 3.527 3.527 3.527 3.527 3.528 3.528 3.528 3.528 3.528 3.528 3.528 3.528 3.528 3.529 3.529 3.529 3.530 3.530 3.530 3.531 3.531 3.532 3.532
3.524 3.524 3.523 3.523 3.523 3.523 3.523 3.523 3.523 3.523 3.523 3.523 3.523 3.523 3.523 3.523 3.522 3.522 3.522 3.522 3.522 3.522 3.523 3.523 3.523 3.523 3.523 3.523 3.523 3.523 3.524 3.524 3.524 3.524 3.524 3.524 3.524 3.524 3.524 3.524 3.524 3.525 3.525 3.525 3.525 3.525 3.525 3.526 3.526 3.526 3.526 3.526 3.527 3.527 3.527 3.527 3.527 3.527 3.528 3.528 3.528 3.528 3.528 3.528 3.528 3.528 3.529 3.529 3.529 3.529 3.530 3.530 3.530 3.531 3.531 3.532 3.532
3.524 3.524 3.523 3.523 3.523 3.523 3.523 3.523 3.523 3.523 3.523 3.523 3.523 3.523 3.523 3.523 3.522 3.522 3.522 3.522 3.522 3.522 3.523 3.523 3.523 3.523 3.523 3.523 3.523 3.524 3.524 3.524 3.524 3.524 3.524 3.524 3.524 3.525 3.525 3.525 3.525 3.525 3.525 3.525 3.525 3.525 3.525 3.526 3.526 3.526 3.526 3.527 3.527 3.527 3.527 3.527 3.527 3.528 3.528 3.528 3.528 3.528 3.528 3.528 3.528 3.529 3.529 3.529 3.529 3.529 3.530 3.530 3.530 3.531 3.531 3.531 3.532
3.533 3.524 3.524 3.523 3.523 3.523 3.523 3.523 3.523 3.523 3.523 3.523 3.523 3.523 3.523 3.523 3.522 3.522 3.522 3.522 3.522 3.523 3.523 3.523 3.523 3.523 3.523 3.523 3.524 3.524 3.524 3.524 3.524 3.524 3.524 3.524 3.525 3.525 3.525 3.525 3.525 3.525 3.525 3.525 3.525 3.526 3.526 3.526 3.526 3.526 3.527 3.527 3.527 3.527 3.527 3.527 3.528 3.528 3.528 3.528 3.528 3.528 3.528 3.528 3.528 3.529 3.529 3.529 3.529 3.529 3.530 3.530 3.530 3.531 3.531 3.531 3.532
3.568 3.547 3.525 3.524 3.523 3.523 3.523 3.523 3.523 3.523 3.523 3.523 3.523 3.523 3.523 3.522 3.522 3.522 3.522 3.522 3.523 3.523 3.523 3.523 3.523 3.523 3.523 3.524 3.524 3.524 3.524 3.524 3.524 3.524 3.525 3.525 3.525 3.525 3.525 3.525 3.525 3.525 3.525 3.525 3.526 3.526 3.526 3.526 3.526 3.527 3.527 3.527 3.527 3.527 3.528 3.528 3.528 3.528 3.528 3.528 3.528 3.528 3.528 3.528 3.528 3.529 3.529 3.529 3.529 3.529 3.530 3.530 3.530 3.531 3.531 3.531 3.532
3.586 3.564 3.543 3.524 3.524 3.524 3.523 3.523 3.523 3.523 3.523 3.523 3.523 3.523 3.523 3.523 3.523 3.522 3.522 3.523 3.523 3.523 3.523 3.523 3.523 3.523 3.524 3.524 3.524 3.524 3.524 3.524 3.524 3.525 3.525 3.525 3.525 3.525 3.525 3.525 3.525 3.525 3.525 3.526 3.526 3.526 3.526 3.526 3.526 3.527 3.527 3.527 3.527 3.528 3.528 3.528 3.528 3.528 3.528 3.528 3.528 3.528 3.528 3.528 3.528 3.529 3.529 3.529 3.529 3.529 3.529 3.530 3.530 3.531 3.531 3.531 3.532
3.603 3.582 3.560 3.539 3.524 3.524 3.524 3.524 3.524 3.523 3.523 3.523 3.523 3.523 3.523 3.523 3.523 3.523 3.523 3.523 3.523 3.523 3.523 3.523 3.523 3.523 3.524 3.524 3.524 3.524 3.524 3.524 3.524 3.525 3.525 3.525 3.525 3.525 3.525 3.525 3.525 3.525 3.526 3.526 3.526 3.526 3.526 3.526 3.526 3.527 3.527 3.527 3.527 3.528 3.528 3.528 3.528 3.528 3.528 3.528 3.528 3.528 3.528 3.528 3.528 3.529 3.529 3.529 3.529 3.529 3.530 3.530 3.530 3.531 3.531 3.531 3.532
3.621 3.599 3.578 3.526 3.524 3.524 3.524 3.524 3.524 3.524 3.523 3.523 3.523 3.523 3.523 3.523 3.523 3.523 3.523 3.523 3.523 3.523 3.523 3.523 3.523 3.524 3.524 3.524 3.524 3.524 3.524 3.524 3.524 3.525 3.525 3.525 3.525 3.525 3.525 3.525 3.525 3.526 3.526 3.526 3.526 3.526 3.526 3.527 3.527 3.527 3.527 3.527 3.528 3.528 3.528 3.528 3.528 3.528 3.528 3.528 3.528 3.528 3.528 3.528 3.528 3.529 3.529 3.529 3.529 3.529 3.530 3.530 3.530 3.530 3.531 3.531 3.531
3.632 3.609 3.557 3.524 3.524 3.524 3.524 3.524 3.524 3.524 3.524 3.523 3.523 3.523 3.523 3.523 3.523 3.523 3.523 3.523 3.523 3.523 3.523 3.523 3.524 3.524 3.524 3.524 3.524 3.524 3.524 3.524 3.524 3.525 3.525 3.525 3.525 3.525 3.525 3.526 3.526 3.526 3.526 3.526 3.526 3.526 3.527 3.527 3.527 3.527 3.527 3.527 3.528 3.528 3.528 3.528 3.528 3.528 3.528 3.528 3.528 3.528 3.528 3.528 3.528 3.529 3.529 3.529 3.529 3.529 3.529 3.530 3.530 3.530 3.531 3.531 3.531
