includes/lisflood/camargue/results_R3_t1.561737397084E12/res-0001.wd
ncols         906
nrows         631
xllcorner     362177.146667
yllcorner     6534725.688020
cellsize      20.000000
NODATA_value  -9999.000000
[rows 340 to 373 of 631, columns 770 to 846 of 906]
0.000 0.000 0.000 0.000 0.000 0.000 0.000 0.000 0.000 0.000 0.000 0.000 0.000 0.000 0.000 0.000 0.000 0.000 0.000 0.000 0.000 0.000 0.000 0.000 0.000 0.000 0.000 0.000 0.000 0.000 0.000 0.000 0.000 0.046 0.504 0.684 0.705 0.654 0.804 0.984 0.964 0.963 1.023 1.032 1.032 1.212 1.131 1.191 1.211 1.201 1.150 1.150 1.219 1.180 1.369 1.159 1.259 1.279 1.179 1.068 1.069 1.159 1.039 0.799 0.698 0.767 1.276 0.985 0.943 0.569 0.594 0.649 0.635 0.366 0.235 0.430 0.427
0.000 0.000 0.000 0.000 0.000 0.000 0.000 0.000 0.000 0.000 0.000 0.000 0.000 0.000 0.000 0.000 0.000 0.000 0.000 0.000 0.000 0.000 0.000 0.000 0.000 0.000 0.000 0.000 0.000 0.000 0.000 0.046 0.573 0.583 0.774 0.804 0.744 1.054 0.804 0.944 1.054 1.163 1.043 1.143 1.142 1.152 1.222 1.181 1.251 1.241 1.321 1.290 1.320 1.430 1.300 1.200 1.290 1.249 1.209 1.169 1.169 1.209 1.149 0.959 0.959 0.708 0.677 0.695 1.053 0.969 0.793 0.898 0.712 0.684 0.535 0.209 0.200
0.000 0.000 0.000 0.000 0.000 0.000 0.000 0.000 0.000 0.000 0.000 0.000 0.000 0.000 0.000 0.000 0.000 0.000 0.000 0.000 0.000 0.000 0.000 0.000 0.000 0.000 0.000 0.000 0.000 0.000 0.553 0.743 0.693 0.883 0.754 0.944 1.034 0.844 1.054 0.994 0.994 1.083 1.163 1.143 1.142 1.272 1.252 1.246 1.191 1.291 1.427 1.161 1.492 1.482 1.473 1.300 1.260 1.446 1.239 1.289 1.289 1.099 1.099 1.079 0.909 0.868 0.908 0.536 0.563 0.639 0.833 0.877 0.791 0.722 0.671 0.576 0.567
0.000 0.000 0.000 0.000 0.000 0.000 0.000 0.000 0.000 0.000 0.000 0.000 0.000 0.000 0.000 0.000 0.000 0.000 0.000 0.000 0.000 0.000 0.000 0.000 0.000 0.000 0.000 0.664 0.664 0.694 0.673 0.783 0.863 0.814 0.913 1.004 1.084 1.044 0.984 0.974 1.274 1.214 1.163 1.203 1.202 1.212 1.230 1.222 1.201 1.291 1.471 1.532 1.544 1.534 1.525 1.516 1.290 1.498 1.489 1.480 1.480 1.159 1.229 1.119 1.069 1.029 0.928 0.737 0.465 0.550 0.414 0.546 0.679 0.950 0.728 0.643 0.635
0.000 0.000 0.000 0.000 0.000 0.000 0.000 0.000 0.000 0.000 0.000 0.000 0.000 0.000 0.000 0.000 0.000 0.000 0.000 0.000 0.000 0.000 0.000 0.000 0.000 0.000 0.514 0.724 0.724 0.754 0.863 0.843 0.954 0.864 0.944 1.094 1.124 1.004 1.084 0.855 1.154 1.234 1.035 1.293 1.293 1.302 1.275 1.335 1.322 1.456 1.516 1.576 1.596 1.586 1.577 1.568 1.559 1.550 1.541 1.532 1.532 1.499 1.169 1.229 1.119 1.049 1.058 0.918 0.567 0.354 0.220 0.131 0.192 0.330 0.602 0.979 0.974
0.000 0.000 0.000 0.000 0.000 0.000 0.000 0.000 0.000 0.000 0.000 0.000 0.000 0.000 0.000 0.000 0.000 0.000 0.000 0.000 0.000 0.000 0.000 0.000 0.108 0.653 0.663 0.913 0.913 0.833 0.793 0.943 0.893 1.054 1.054 1.014 1.174 1.294 1.254 1.144 1.274 1.254 1.304 1.273 1.273 1.260 1.320 1.380 1.440 1.500 1.560 1.621 1.648 1.638 1.629 1.620 1.611 1.602 1.593 1.584 1.584 1.250 1.496 1.220 1.260 1.259 1.149 0.988 0.708 0.636 0.454 0.331 0.385 0.308 0.047 0.485 0.479
0.000 0.000 0.000 0.000 0.000 0.000 0.000 0.000 0.000 0.000 0.000 0.000 0.000 0.000 0.000 0.000 0.000 0.000 0.000 0.000 0.000 0.000 0.000 0.533 0.683 0.663 0.783 0.883 0.883 1.053 1.053 1.043 0.953 1.093 1.034 1.174 1.274 1.314 1.294 1.274 1.314 1.234 1.324 1.323 1.323 1.304 1.364 1.424 1.485 1.545 1.605 1.665 1.700 1.691 1.682 1.672 1.663 1.654 1.646 1.621 1.621 1.557 1.270 1.220 1.190 1.229 1.079 0.929 0.958 0.777 0.616 0.504 0.339 0.347 0.000 0.000 0.000
0.000 0.000 0.000 0.000 0.000 0.000 0.000 0.000 0.000 0.000 0.000 0.000 0.000 0.000 0.000 0.000 0.000 0.000 0.000 0.000 0.000 0.000 0.000 0.533 0.682 0.663 0.783 0.883 0.883 1.053 1.053 1.043 0.953 1.093 1.034 1.174 1.274 1.314 1.294 1.274 1.314 1.234 1.324 1.323 1.323 1.304 1.365 1.425 1.485 1.545 1.605 1.665 1.700 1.691 1.682 1.673 1.664 1.654 1.645 1.621 1.621 1.557 1.270 1.220 1.190 1.230 1.079 0.929 0.958 0.778 0.617 0.505 0.342 0.350 0.000 0.000 0.000
0.000 0.000 0.000 0.000 0.000 0.000 0.000 0.000 0.000 0.000 0.000 0.000 0.000 0.000 0.000 0.000 0.000 0.000 0.000 0.000 0.000 0.192 0.622 0.703 0.802 0.792 0.902 0.963 0.963 1.113 0.953 1.083 1.103 1.213 0.922 1.144 1.263 1.293 1.234 1.105 1.142 1.274 1.215 1.251 1.251 1.349 1.409 1.469 1.529 1.590 1.650 1.710 1.752 1.743 1.734 1.725 1.715 1.706 1.682 1.650 1.650 1.586 1.553 1.521 1.210 1.180 1.060 0.949 0.919 0.908 0.908 0.477 0.316 0.214 0.003 0.000 0.000
0.000 0.000 0.000 0.000 0.000 0.000 0.000 0.000 0.000 0.000 0.000 0.000 0.000 0.000 0.000 0.000 0.000 0.000 0.418 0.598 0.740 0.801 0.651 0.852 0.882 0.962 1.012 1.172 1.172 1.163 1.173 1.253 1.073 1.313 1.253 1.284 1.163 1.199 1.236 1.324 1.309 1.345 1.382 1.418 1.418 1.491 1.527 1.564 1.619 1.679 1.739 1.799 1.856 1.847 1.837 1.828 1.804 1.772 1.740 1.708 1.708 1.643 1.611 1.579 1.220 1.170 1.190 1.120 1.089 1.139 0.949 0.829 0.708 0.457 0.277 0.000 0.000
0.000 0.000 0.000 0.000 0.000 0.000 0.000 0.000 0.000 0.000 0.000 0.000 0.000 0.000 0.000 0.000 0.000 0.487 0.698 0.778 0.739 0.880 0.831 0.941 1.022 1.082 0.992 1.112 1.112 1.062 1.102 1.153 1.103 1.203 1.173 1.284 1.134 1.324 1.320 1.356 1.393 1.429 1.465 1.502 1.502 1.575 1.611 1.647 1.684 1.723 1.783 1.844 1.904 1.899 1.889 1.865 1.833 1.801 1.768 1.736 1.736 1.672 1.640 1.607 1.575 1.140 1.170 1.270 1.059 1.049 0.989 0.949 0.618 0.718 0.178 0.000 0.000
0.000 0.000 0.000 0.000 0.000 0.000 0.000 0.000 0.000 0.000 0.000 0.000 0.000 0.000 0.000 0.447 0.597 0.827 0.788 0.958 0.949 0.800 1.000 0.941 0.951 1.172 1.062 1.262 1.262 1.192 1.122 1.312 1.283 1.313 1.256 1.294 1.324 1.367 1.403 1.440 1.476 1.513 1.549 1.585 1.585 1.658 1.695 1.731 1.767 1.804 1.840 1.888 1.948 1.951 1.926 1.894 1.862 1.829 1.797 1.765 1.765 1.701 1.668 1.636 1.604 1.572 1.240 1.280 1.160 1.030 0.929 0.899 0.759 0.539 0.267 0.000 0.000
0.000 0.000 0.000 0.000 0.000 0.000 0.000 0.000 0.000 0.000 0.000 0.000 0.000 0.000 0.536 0.616 0.677 0.748 0.788 0.939 0.949 1.070 0.860 1.081 1.031 0.991 1.032 1.121 1.121 1.152 1.302 1.024 1.252 1.275 1.340 1.377 1.414 1.450 1.487 1.523 1.560 1.596 1.632 1.669 1.669 1.742 1.778 1.815 1.851 1.887 1.924 1.960 1.997 1.988 1.955 1.923 1.890 1.858 1.826 1.794 1.794 1.729 1.697 1.665 1.633 1.600 1.210 1.109 1.099 1.070 0.970 0.999 0.629 0.538 0.438 0.002 0.000
0.000 0.000 0.000 0.000 0.000 0.000 0.000 0.000 0.000 0.000 0.000 0.000 0.467 0.667 0.696 0.957 0.897 0.777 0.918 0.969 1.069 0.880 1.120 1.001 1.151 1.131 1.231 1.191 1.191 1.312 0.984 1.322 1.234 1.359 1.423 1.460 1.497 1.534 1.570 1.607 1.643 1.680 1.716 1.753 1.753 1.826 1.862 1.898 1.935 1.971 2.007 2.024 2.035 2.044 2.012 1.979 1.947 1.915 1.882 1.850 1.850 1.785 1.753 1.721 1.689 1.150 1.240 1.100 1.100 0.960 1.030 0.790 0.590 0.339 0.170 0.271 0.272
0.000 0.000 0.000 0.000 0.000 0.000 0.000 0.000 0.000 0.000 0.000 0.747 0.747 0.667 0.737 0.807 0.867 0.978 0.938 1.009 1.149 1.159 1.100 1.200 1.001 1.041 1.131 1.131 1.131 0.943 1.068 1.282 1.318 1.443 1.507 1.544 1.581 1.617 1.654 1.690 1.727 1.763 1.800 1.836 1.836 1.909 1.946 1.982 2.016 2.028 2.039 2.051 2.062 2.071 2.071 2.038 2.006 1.974 1.941 1.909 1.909 1.844 1.812 1.780 1.747 1.021 0.800 1.030 0.860 0.920 0.820 0.660 0.410 0.289 0.061 0.000 0.000
0.000 0.000 0.000 0.000 0.000 0.000 0.000 0.000 0.000 0.516 0.626 0.886 0.887 0.797 0.807 0.857 0.987 1.027 0.948 1.069 1.219 1.000 1.220 1.110 1.161 1.131 1.231 1.101 1.101 1.241 1.152 1.312 1.403 1.528 1.590 1.627 1.664 1.701 1.737 1.774 1.811 1.847 1.883 1.920 1.920 1.993 2.021 2.032 2.043 2.055 2.066 2.078 2.088 2.097 2.107 2.097 2.065 2.033 2.000 1.968 1.968 1.903 1.871 1.839 1.806 1.121 0.770 0.670 0.740 0.850 0.860 0.490 0.108 0.000 0.000 0.000 0.000
0.000 0.000 0.000 0.000 0.000 0.000 0.000 0.000 0.697 0.796 0.756 0.796 0.797 0.967 0.987 0.947 0.987 1.038 1.158 1.218 1.129 0.979 1.280 1.150 1.210 1.261 1.181 1.311 1.311 1.281 1.237 1.362 1.487 1.612 1.674 1.711 1.747 1.784 1.821 1.858 1.894 1.931 1.967 2.004 2.004 2.037 2.048 2.059 2.071 2.082 2.093 2.105 2.115 2.124 2.133 2.142 2.124 2.091 2.059 2.027 2.027 1.962 1.930 1.897 1.865 1.261 0.720 0.480 0.460 0.469 0.109 0.000 0.000 0.000 0.000 0.000 0.000
0.000 0.000 0.000 0.000 0.000 0.000 0.228 0.618 0.737 0.897 0.817 0.847 0.847 1.037 1.077 1.037 1.118 1.138 1.108 1.178 1.009 1.139 1.230 1.190 1.120 1.250 1.211 1.261 1.261 1.196 1.322 1.447 1.572 1.697 1.757 1.794 1.831 1.868 1.904 1.941 1.978 2.014 2.029 2.041 2.041 2.064 2.075 2.086 2.098 2.109 2.120 2.132 2.141 2.151 2.160 2.169 2.178 2.150 2.118 2.086 2.086 2.021 1.989 1.956 1.924 1.892 0.901 0.711 0.260 0.000 0.000 0.000 0.000 0.000 0.000 0.000 0.000
0.000 0.000 0.000 0.000 0.000 0.559 0.659 0.778 0.828 0.817 0.907 1.117 1.117 1.187 1.168 1.278 1.098 1.138 1.078 1.058 1.139 0.660 1.200 1.270 1.200 1.260 1.171 1.234 1.234 1.316 1.406 1.531 1.656 1.781 1.841 1.878 1.915 1.951 1.988 2.022 2.033 2.045 2.056 2.068 2.068 2.091 2.102 2.114 2.125 2.136 2.148 2.159 2.168 2.177 2.186 2.195 2.205 2.209 2.177 2.145 2.145 2.080 2.048 2.015 1.983 1.951 1.919 0.942 0.332 0.005 0.000 0.000 0.000 0.000 0.000 0.000 0.000
0.000 0.000 0.000 0.000 0.619 0.838 0.778 0.858 0.818 0.928 1.048 1.167 1.168 1.078 1.038 1.108 1.198 1.228 1.088 1.279 1.129 1.299 1.269 1.290 1.310 1.280 1.214 1.311 1.311 1.460 1.542 1.624 1.740 1.865 1.925 1.961 1.998 2.025 2.037 2.049 2.060 2.072 2.083 2.095 2.095 2.118 2.129 2.141 2.152 2.164 2.175 2.185 2.195 2.204 2.213 2.222 2.231 2.241 2.236 2.203 2.203 2.139 2.107 2.074 2.042 2.010 1.978 1.913 0.492 0.067 0.000 0.000 0.000 0.000 0.000 0.000 0.000
0.000 0.000 0.093 0.588 0.718 0.778 0.838 0.988 1.078 1.058 1.048 1.208 1.208 1.158 1.208 1.268 1.288 1.208 1.089 1.279 1.209 0.947 1.030 1.111 1.300 1.320 1.357 1.311 1.311 1.603 1.685 1.767 1.849 1.950 2.008 2.029 2.041 2.052 2.064 2.076 2.087 2.099 2.110 2.122 2.122 2.145 2.156 2.168 2.179 2.191 2.202 2.212 2.221 2.230 2.240 2.249 2.258 2.267 2.276 2.262 2.262 2.198 2.165 2.133 2.101 2.069 2.037 1.899 1.242 0.382 0.242 0.000 0.000 0.000 0.000 0.000 0.000
0.000 0.448 0.698 0.748 0.918 0.948 0.948 1.098 0.998 1.128 1.198 1.228 1.228 1.168 1.078 1.218 1.189 1.149 0.845 1.109 1.229 1.229 1.173 1.255 1.337 1.418 1.501 1.665 1.665 1.747 1.829 1.911 1.993 2.027 2.044 2.056 2.068 2.079 2.091 2.103 2.114 2.126 2.137 2.149 2.149 2.172 2.183 2.195 2.206 2.218 2.229 2.239 2.248 2.257 2.266 2.276 2.285 2.294 2.303 2.312 2.312 2.256 2.224 2.192 2.160 2.128 2.096 1.885 1.654 1.423 0.452 0.003 0.001 0.000 0.000 0.000 0.000
0.527 0.748 0.718 0.838 0.847 0.938 1.038 1.118 1.178 1.168 1.178 1.268 1.269 1.198 0.719 1.319 1.249 1.239 1.199 1.299 1.319 1.320 1.317 1.399 1.480 1.562 1.644 1.808 1.808 1.890 1.972 2.015 2.029 2.044 2.063 2.083 2.095 2.106 2.118 2.130 2.141 2.153 2.164 2.176 2.176 2.199 2.211 2.222 2.233 2.245 2.256 2.265 2.275 2.284 2.293 2.302 2.311 2.320 2.330 2.339 2.339 2.315 2.283 2.251 2.219 2.187 2.103 1.872 1.641 1.409 1.179 1.244 0.615 0.004 0.000 0.000 0.000
0.528 0.748 0.718 0.838 0.848 0.938 1.038 1.118 1.178 1.168 1.178 1.268 1.269 1.199 0.720 1.319 1.249 1.238 1.199 1.299 1.319 1.320 1.317 1.399 1.480 1.562 1.644 1.808 1.808 1.890 1.972 2.015 2.029 2.044 2.063 2.083 2.095 2.106 2.118 2.130 2.141 2.153 2.164 2.176 2.176 2.199 2.210 2.222 2.233 2.245 2.256 2.265 2.275 2.284 2.293 2.302 2.311 2.320 2.330 2.339 2.339 2.315 2.283 2.251 2.219 2.187 2.103 1.872 1.641 1.410 1.179 1.245 0.617 0.013 0.000 0.000 0.000
0.778 0.938 0.818 0.918 0.958 1.047 1.077 1.118 1.108 1.238 1.168 1.218 1.219 1.279 1.209 0.928 1.259 1.058 1.249 1.215 1.290 1.378 1.460 1.542 1.624 1.280 1.250 1.952 1.952 2.004 2.018 2.032 2.046 2.061 2.081 2.100 2.120 2.134 2.145 2.157 2.168 2.180 2.191 2.203 2.203 2.226 2.237 2.249 2.260 2.272 2.283 2.292 2.301 2.310 2.319 2.329 2.338 2.347 2.356 2.365 2.365 2.374 2.342 2.310 2.278 2.246 2.089 1.858 1.627 1.396 1.166 0.936 0.709 0.487 0.272 1.137 1.138
0.867 0.938 1.028 1.057 1.177 0.987 1.178 1.158 1.218 1.298 1.258 0.876 0.876 1.109 1.228 1.071 1.136 1.259 1.269 1.290 1.440 1.522 1.604 1.686 1.768 1.849 1.931 2.006 2.006 2.020 2.035 2.049 2.063 2.078 2.098 2.118 2.138 2.157 2.172 2.184 2.195 2.207 2.218 2.230 2.230 2.253 2.264 2.276 2.287 2.299 2.309 2.318 2.328 2.337 2.346 2.355 2.364 2.373 2.383 2.392 2.392 2.410 2.401 2.369 2.337 2.304 2.075 1.844 1.613 1.382 1.152 0.923 0.695 0.486 0.336 0.189 0.186
1.077 1.157 1.097 1.047 1.197 1.198 1.308 1.238 1.258 1.228 0.994 1.151 1.151 1.227 1.292 1.357 1.422 1.488 1.563 1.645 1.727 1.809 1.891 1.969 1.983 1.997 2.012 2.040 2.040 2.054 2.068 2.083 2.097 2.113 2.133 2.153 2.172 2.192 2.212 2.231 2.249 2.261 2.272 2.284 2.284 2.307 2.319 2.330 2.342 2.353 2.362 2.372 2.381 2.390 2.399 2.408 2.417 2.427 2.436 2.445 2.445 2.463 2.473 2.482 2.454 2.278 2.047 1.822 1.659 1.497 1.336 1.175 1.015 0.855 0.697 0.538 0.538
1.016 1.067 1.167 1.227 1.098 1.158 1.308 0.882 0.960 1.298 1.117 1.269 1.269 1.352 1.278 1.500 1.566 1.631 1.707 1.788 1.870 1.952 1.972 1.986 2.000 2.014 2.029 2.057 2.057 2.071 2.085 2.099 2.114 2.130 2.150 2.170 2.190 2.210 2.229 2.249 2.269 2.288 2.299 2.311 2.311 2.334 2.346 2.357 2.369 2.380 2.389 2.398 2.407 2.416 2.425 2.435 2.444 2.453 2.462 2.472 2.472 2.490 2.499 2.509 2.496 2.334 2.172 2.009 1.847 1.685 1.523 1.362 1.201 1.040 0.879 0.718 0.718
1.156 1.247 1.057 1.308 1.188 1.188 0.927 1.006 1.248 1.162 1.241 1.398 1.398 1.476 1.554 1.632 1.709 1.774 1.850 1.932 1.960 1.974 1.989 2.003 2.017 2.031 2.046 2.074 2.074 2.088 2.102 2.116 2.130 2.148 2.168 2.188 2.207 2.227 2.247 2.266 2.286 2.306 2.325 2.338 2.338 2.361 2.373 2.384 2.396 2.406 2.415 2.424 2.434 2.443 2.452 2.461 2.471 2.480 2.489 2.498 2.498 2.517 2.537 2.556 2.564 2.521 2.359 2.197 2.035 1.872 1.710 1.549 1.387 1.226 1.064 0.902 0.902
1.176 1.197 1.177 1.278 1.168 1.298 1.298 1.298 1.159 1.286 1.364 1.521 1.521 1.599 1.678 1.756 1.834 1.913 1.949 1.963 1.977 1.991 2.005 2.020 2.034 2.048 2.062 2.090 2.091 2.105 2.119 2.133 2.147 2.165 2.185 2.205 2.225 2.245 2.264 2.284 2.304 2.323 2.343 2.362 2.362 2.388 2.400 2.411 2.423 2.433 2.442 2.451 2.460 2.469 2.478 2.488 2.497 2.506 2.516 2.535 2.535 2.575 2.595 2.614 2.614 2.593 2.547 2.384 2.222 2.060 1.898 1.736 1.574 1.412 1.250 1.088 1.088
1.177 1.277 1.097 1.237 1.227 1.277 1.278 1.258 1.299 1.409 1.488 1.644 1.644 1.723 1.801 1.879 1.941 1.962 1.971 1.980 1.994 2.008 2.022 2.037 2.051 2.065 2.079 2.107 2.107 2.121 2.136 2.150 2.164 2.183 2.203 2.223 2.242 2.262 2.282 2.301 2.321 2.341 2.360 2.380 2.380 2.415 2.427 2.438 2.450 2.459 2.468 2.477 2.487 2.496 2.505 2.514 2.534 2.554 2.574 2.593 2.593 2.633 2.653 2.672 2.664 2.643 2.623 2.572 2.410 2.247 2.085 1.923 1.761 1.599 1.437 1.274 1.274
1.267 1.167 1.287 1.307 1.237 1.218 1.198 1.376 1.278 1.533 1.611 1.768 1.767 1.846 1.924 1.950 1.970 1.991 1.998 2.004 2.011 2.025 2.039 2.053 2.068 2.082 2.096 2.124 2.124 2.138 2.153 2.167 2.181 2.201 2.220 2.240 2.260 2.279 2.299 2.319 2.338 2.358 2.377 2.397 2.397 2.436 2.454 2.465 2.476 2.486 2.495 2.504 2.513 2.533 2.552 2.572 2.592 2.612 2.632 2.651 2.651 2.691 2.711 2.730 2.713 2.693 2.673 2.653 2.597 2.435 2.273 2.110 1.948 1.786 1.624 1.461 1.461
1.186 0.910 1.052 1.185 1.257 1.342 1.318 1.499 1.298 1.656 1.734 1.891 1.891 1.938 1.959 1.979 2.000 2.020 2.026 2.032 2.038 2.043 2.056 2.070 2.084 2.098 2.112 2.141 2.141 2.155 2.169 2.184 2.198 2.218 2.238 2.257 2.277 2.297 2.316 2.336 2.356 2.375 2.395 2.414 2.414 2.454 2.473 2.492 2.503 2.512 2.532 2.551 2.571 2.591 2.611 2.630 2.650 2.670 2.690 2.709 2.709 2.749 2.769 2.783 2.763 2.743 2.723 2.702 2.682 2.623 2.460 2.298 2.136 1.973 1.811 1.648 1.648
1.296 1.036 1.237 1.308 1.387 1.465 1.544 1.622 1.701 1.779 1.857 1.947 1.947 1.968 1.988 2.008 2.029 2.049 2.054 2.060 2.066 2.071 2.077 2.087 2.101 2.115 2.129 2.157 2.157 2.172 2.186 2.200 2.215 2.235 2.255 2.275 2.294 2.314 2.334 2.353 2.373 2.392 2.412 2.432 2.432 2.471 2.491 2.518 2.550 2.570 2.589 2.609 2.629 2.649 2.668 2.688 2.708 2.728 2.748 2.767 2.768 2.807 2.827 2.833 2.813 2.793 2.772 2.752 2.732 2.712 2.648 2.485 2.323 2.161 1.998 1.836 1.836
