includes/lisflood/camargue/results_R3_t1.561737397084E12/res-0009.wdfp
ncols         906
nrows         631
xllcorner     362177.146667
yllcorner     6534725.688020
cellsize      20.000000
NODATA_value  -9999.000000
[rows 578 to 611 of 631, columns 693 to 769 of 906]
7.625 7.628 7.631 7.634 7.637 7.639 7.642 7.645 7.645 7.651 7.652 7.629 7.626 7.636 7.646 7.656 7.666 7.676 7.686 7.696 7.706 7.716 7.726 7.736 7.736 7.731 7.697 7.663 7.629 7.595 7.561 7.527 7.493 7.459 7.425 7.391 7.356 7.326 7.315 7.295 7.295 7.255 7.235 7.215 7.195 7.174 7.154 7.134 7.114 7.094 7.074 7.095 7.117 7.138 7.160 7.181 7.224 7.224 7.245 7.267 7.288 7.272 7.232 7.276 7.396 7.516 7.637 7.757 7.877 7.998 8.118 8.245 8.507 8.507 8.638 8.770 8.901
7.621 7.624 7.627 7.630 7.633 7.636 7.639 7.642 7.642 7.647 7.648 7.653 7.662 7.672 7.682 7.692 7.702 7.711 7.721 7.731 7.741 7.751 7.760 7.770 7.770 7.797 7.763 7.728 7.694 7.660 7.626 7.592 7.557 7.523 7.489 7.455 7.421 7.387 7.389 7.368 7.368 7.326 7.305 7.284 7.262 7.241 7.220 7.199 7.178 7.157 7.183 7.195 7.207 7.226 7.248 7.269 7.312 7.312 7.333 7.355 7.376 7.385 7.427 7.547 7.668 7.788 7.909 8.029 8.149 8.269 8.390 8.517 8.779 8.779 8.910 9.041 9.172
7.617 7.620 7.623 7.626 7.629 7.632 7.635 7.638 7.638 7.617 7.605 7.625 7.649 7.659 7.668 7.678 7.688 7.698 7.708 7.717 7.727 7.737 7.747 7.756 7.757 7.798 7.802 7.768 7.734 7.699 7.665 7.631 7.597 7.563 7.528 7.494 7.460 7.467 7.498 7.476 7.477 7.434 7.413 7.392 7.371 7.350 7.329 7.308 7.287 7.329 7.431 7.443 7.455 7.467 7.480 7.492 7.517 7.517 7.529 7.541 7.554 7.603 7.714 7.825 7.940 8.060 8.181 8.301 8.421 8.541 8.662 8.788 9.051 9.051 9.182 9.313 9.452
7.614 7.616 7.619 7.622 7.625 7.622 7.610 7.597 7.598 7.573 7.563 7.595 7.626 7.645 7.655 7.665 7.674 7.684 7.694 7.704 7.713 7.723 7.733 7.743 7.743 7.797 7.829 7.807 7.773 7.739 7.704 7.670 7.636 7.602 7.568 7.533 7.516 7.547 7.579 7.585 7.585 7.543 7.522 7.501 7.480 7.459 7.438 7.417 7.414 7.527 7.640 7.691 7.703 7.715 7.728 7.740 7.765 7.765 7.777 7.789 7.811 7.922 8.033 8.145 8.256 8.367 8.479 8.591 8.702 8.814 8.934 9.061 9.335 9.335 9.474 9.614 9.753
7.610 7.613 7.615 7.602 7.590 7.578 7.566 7.554 7.554 7.529 7.533 7.565 7.596 7.628 7.641 7.651 7.661 7.671 7.680 7.690 7.700 7.710 7.719 7.731 7.731 7.795 7.828 7.846 7.812 7.778 7.744 7.709 7.675 7.641 7.607 7.573 7.596 7.627 7.658 7.690 7.690 7.652 7.631 7.610 7.588 7.567 7.546 7.525 7.612 7.725 7.837 7.939 7.951 7.963 7.975 7.988 8.012 8.012 8.024 8.037 8.131 8.242 8.353 8.465 8.576 8.687 8.799 8.910 9.021 9.134 9.245 9.359 9.636 9.636 9.775 9.914 10.052
7.595 7.583 7.571 7.559 7.547 7.534 7.522 7.510 7.510 7.486 7.503 7.534 7.566 7.598 7.628 7.637 7.647 7.657 7.667 7.677 7.686 7.696 7.706 7.730 7.730 7.794 7.826 7.859 7.851 7.817 7.783 7.749 7.714 7.680 7.646 7.645 7.676 7.707 7.739 7.770 7.770 7.760 7.739 7.718 7.697 7.676 7.655 7.698 7.810 7.923 8.035 8.148 8.198 8.212 8.224 8.236 8.260 8.260 8.273 8.338 8.450 8.561 8.672 8.785 8.896 9.007 9.118 9.230 9.341 9.452 9.564 9.676 9.937 9.937 10.076 10.215 10.353
7.552 7.539 7.527 7.515 7.503 7.491 7.479 7.466 7.466 7.442 7.472 7.504 7.536 7.567 7.599 7.624 7.634 7.643 7.653 7.663 7.673 7.682 7.696 7.728 7.729 7.793 7.825 7.857 7.889 7.856 7.822 7.788 7.754 7.719 7.693 7.725 7.756 7.787 7.819 7.850 7.850 7.869 7.848 7.827 7.806 7.785 7.783 7.895 8.008 8.121 8.233 8.346 8.447 8.459 8.471 8.483 8.509 8.509 8.547 8.658 8.769 8.881 8.992 9.103 9.215 9.327 9.438 9.550 9.661 9.772 9.884 9.995 10.237 10.237 10.377 10.516 10.654
7.508 7.496 7.484 7.471 7.459 7.447 7.435 7.423 7.423 7.410 7.442 7.474 7.506 7.537 7.569 7.601 7.620 7.630 7.640 7.649 7.659 7.669 7.695 7.727 7.727 7.791 7.824 7.856 7.888 7.895 7.861 7.827 7.793 7.759 7.773 7.805 7.836 7.867 7.898 7.930 7.930 7.978 7.957 7.936 7.915 7.894 7.981 8.093 8.205 8.319 8.431 8.544 8.656 8.707 8.719 8.731 8.756 8.756 8.866 8.978 9.089 9.201 9.312 9.423 9.535 9.646 9.757 9.868 9.981 10.092 10.203 10.315 10.538 10.538 10.677 10.816 10.955
7.464 7.452 7.440 7.428 7.415 7.403 7.391 7.379 7.379 7.380 7.412 7.444 7.475 7.507 7.539 7.571 7.602 7.616 7.626 7.636 7.645 7.661 7.694 7.726 7.726 7.790 7.822 7.854 7.887 7.919 7.900 7.866 7.832 7.822 7.853 7.885 7.916 7.947 7.979 8.009 8.009 8.073 8.066 8.045 8.024 8.066 8.179 8.291 8.404 8.516 8.629 8.741 8.855 8.955 8.967 8.979 9.074 9.074 9.186 9.297 9.408 9.520 9.632 9.743 9.854 9.966 10.077 10.188 10.300 10.411 10.523 10.634 10.857 10.857 10.978 11.117 11.255
7.407 7.408 7.396 7.384 7.372 7.360 7.347 7.335 7.335 7.350 7.382 7.413 7.445 7.477 7.508 7.540 7.572 7.603 7.612 7.622 7.632 7.660 7.692 7.724 7.724 7.789 7.821 7.853 7.885 7.918 7.940 7.905 7.871 7.902 7.933 7.965 7.996 8.027 8.059 8.090 8.090 8.152 8.174 8.153 8.152 8.264 8.377 8.489 8.602 8.714 8.827 8.939 9.052 9.164 9.215 9.228 9.394 9.394 9.505 9.617 9.728 9.839 9.951 10.062 10.174 10.286 10.397 10.508 10.619 10.731 10.842 10.953 11.177 11.177 11.288 11.417 11.556
7.407 7.408 7.396 7.384 7.372 7.359 7.347 7.335 7.335 7.350 7.382 7.413 7.445 7.477 7.508 7.540 7.572 7.602 7.612 7.622 7.632 7.660 7.692 7.724 7.724 7.789 7.821 7.853 7.885 7.917 7.939 7.905 7.871 7.902 7.933 7.964 7.996 8.027 8.059 8.090 8.090 8.152 8.174 8.153 8.151 8.263 8.376 8.489 8.602 8.714 8.827 8.939 9.052 9.164 9.214 9.227 9.393 9.394 9.505 9.617 9.728 9.839 9.951 10.062 10.173 10.285 10.397 10.508 10.619 10.731 10.842 10.953 11.176 11.176 11.287 11.417 11.556
7.342 7.348 7.352 7.340 7.328 7.316 7.303 7.291 7.291 7.320 7.351 7.383 7.415 7.446 7.478 7.510 7.541 7.573 7.599 7.608 7.626 7.659 7.691 7.723 7.723 7.787 7.819 7.852 7.884 7.916 7.948 7.944 7.951 7.982 8.013 8.044 8.075 8.107 8.138 8.170 8.170 8.232 8.264 8.262 8.349 8.461 8.574 8.686 8.799 8.912 9.025 9.137 9.250 9.362 9.463 9.490 9.713 9.713 9.824 9.937 10.048 10.159 10.271 10.382 10.493 10.604 10.716 10.827 10.939 11.051 11.162 11.273 11.496 11.496 11.607 11.718 11.855
7.277 7.283 7.289 7.295 7.284 7.272 7.260 7.248 7.248 7.289 7.321 7.353 7.384 7.416 7.448 7.480 7.511 7.543 7.575 7.595 7.625 7.657 7.689 7.722 7.722 7.786 7.818 7.849 7.878 7.906 7.935 7.995 8.035 8.066 8.097 8.129 8.160 8.191 8.222 8.254 8.254 8.316 8.349 8.360 8.474 8.589 8.704 8.819 8.934 9.048 9.163 9.278 9.394 9.509 9.624 9.743 9.985 9.985 10.107 10.228 10.349 10.471 10.590 10.702 10.813 10.924 11.036 11.147 11.258 11.363 11.464 11.567 11.770 11.770 11.872 11.974 12.046
7.146 7.153 7.159 7.165 7.171 7.177 7.172 7.166 7.166 7.229 7.261 7.293 7.322 7.351 7.379 7.408 7.436 7.465 7.493 7.509 7.522 7.550 7.579 7.607 7.607 7.664 7.692 7.721 7.749 7.778 7.857 8.024 8.192 8.255 8.287 8.318 8.350 8.381 8.412 8.444 8.444 8.506 8.484 8.444 8.404 8.518 8.632 8.747 8.862 8.977 9.092 9.207 9.321 9.436 9.553 9.670 9.911 9.911 10.032 10.153 10.275 10.396 10.517 10.638 10.762 10.903 11.044 11.153 11.255 11.357 11.459 11.560 11.764 11.765 11.866 11.896 11.901
7.081 7.087 7.094 7.100 7.106 7.112 7.118 7.134 7.134 7.191 7.220 7.248 7.276 7.305 7.333 7.362 7.391 7.419 7.445 7.457 7.469 7.486 7.514 7.543 7.543 7.600 7.628 7.657 7.685 7.714 7.872 8.039 8.207 8.350 8.381 8.412 8.444 8.476 8.507 8.539 8.539 8.574 8.534 8.494 8.453 8.481 8.596 8.712 8.826 8.941 9.056 9.171 9.286 9.402 9.518 9.635 9.872 9.873 9.995 10.116 10.237 10.358 10.480 10.601 10.736 10.877 11.019 11.151 11.252 11.354 11.456 11.557 11.761 11.761 11.829 11.836 11.841
7.016 7.022 7.028 7.035 7.036 7.031 7.026 7.069 7.069 7.145 7.174 7.202 7.231 7.259 7.288 7.316 7.345 7.373 7.393 7.404 7.416 7.428 7.450 7.479 7.479 7.535 7.564 7.592 7.621 7.719 7.887 8.055 8.222 8.390 8.476 8.507 8.539 8.570 8.601 8.632 8.633 8.623 8.583 8.543 8.503 8.463 8.560 8.675 8.790 8.904 9.020 9.135 9.251 9.367 9.483 9.600 9.835 9.835 9.956 10.079 10.200 10.321 10.442 10.571 10.712 10.852 10.993 11.134 11.248 11.351 11.453 11.554 11.758 11.758 11.769 11.775 11.780
6.951 6.952 6.947 6.942 6.938 6.933 6.928 6.990 6.990 7.100 7.128 7.156 7.185 7.214 7.242 7.271 7.299 7.327 7.340 7.352 7.364 7.376 7.388 7.414 7.414 7.471 7.500 7.528 7.566 7.734 7.902 8.070 8.237 8.405 8.571 8.602 8.634 8.665 8.696 8.727 8.727 8.672 8.632 8.592 8.552 8.512 8.524 8.639 8.754 8.869 8.983 9.098 9.216 9.332 9.449 9.565 9.798 9.798 9.919 10.040 10.161 10.283 10.405 10.546 10.687 10.827 10.968 11.109 11.246 11.347 11.449 11.552 11.703 11.703 11.709 11.715 11.720
6.859 6.854 6.849 6.845 6.840 6.835 6.847 6.910 6.910 7.036 7.082 7.111 7.139 7.168 7.196 7.225 7.253 7.276 7.288 7.300 7.312 7.324 7.336 7.350 7.350 7.407 7.435 7.464 7.581 7.749 7.916 8.084 8.252 8.419 8.587 8.697 8.728 8.760 8.791 8.802 8.802 8.721 8.681 8.641 8.601 8.562 8.521 8.603 8.718 8.833 8.948 9.064 9.180 9.296 9.413 9.530 9.763 9.763 9.882 10.003 10.124 10.245 10.379 10.520 10.662 10.802 10.943 11.084 11.225 11.344 11.446 11.548 11.642 11.642 11.649 11.655 11.660
6.761 6.756 6.751 6.747 6.742 6.738 6.768 6.831 6.831 6.956 7.019 7.065 7.094 7.122 7.151 7.179 7.207 7.224 7.236 7.248 7.260 7.272 7.284 7.296 7.296 7.343 7.371 7.428 7.596 7.764 7.931 8.099 8.267 8.434 8.602 8.770 8.822 8.854 8.886 8.851 8.851 8.771 8.730 8.690 8.650 8.610 8.570 8.566 8.682 8.797 8.912 9.029 9.145 9.262 9.378 9.495 9.728 9.728 9.845 9.965 10.087 10.213 10.354 10.495 10.636 10.776 10.917 11.059 11.200 11.341 11.443 11.545 11.582 11.582 11.588 11.594 11.600
6.663 6.658 6.654 6.649 6.644 6.640 6.688 6.751 6.751 6.877 6.940 7.002 7.048 7.076 7.105 7.133 7.160 7.172 7.184 7.196 7.208 7.220 7.231 7.243 7.243 7.278 7.307 7.443 7.611 7.779 7.946 8.114 8.282 8.449 8.617 8.785 8.917 8.949 8.939 8.899 8.899 8.820 8.780 8.740 8.700 8.659 8.619 8.579 8.645 8.760 8.877 8.994 9.111 9.227 9.343 9.460 9.693 9.693 9.809 9.927 10.049 10.188 10.329 10.470 10.611 10.752 10.892 11.033 11.174 11.315 11.440 11.511 11.522 11.522 11.528 11.534 11.539
6.565 6.561 6.556 6.551 6.547 6.546 6.609 6.672 6.672 6.797 6.860 6.923 6.986 7.031 7.059 7.088 7.108 7.119 7.131 7.143 7.155 7.167 7.179 7.191 7.191 7.215 7.290 7.458 7.626 7.793 7.961 8.128 8.296 8.465 8.632 8.800 8.968 9.029 8.989 8.949 8.949 8.868 8.828 8.788 8.749 8.709 8.669 8.628 8.610 8.726 8.842 8.958 9.075 9.192 9.309 9.425 9.658 9.658 9.775 9.891 10.021 10.162 10.303 10.445 10.586 10.727 10.867 11.008 11.148 11.286 11.424 11.438 11.449 11.449 11.453 11.458 11.462
6.468 6.463 6.458 6.453 6.449 6.467 6.530 6.592 6.592 6.718 6.781 6.843 6.906 6.969 7.013 7.042 7.055 7.067 7.079 7.091 7.103 7.115 7.127 7.168 7.168 7.251 7.373 7.541 7.710 7.878 8.047 8.215 8.384 8.552 8.720 8.889 9.058 9.032 8.992 8.952 8.952 8.872 8.832 8.792 8.752 8.712 8.673 8.633 8.613 8.691 8.808 8.924 9.041 9.157 9.274 9.390 9.624 9.624 9.741 9.847 9.891 10.029 10.167 10.305 10.443 10.582 10.720 10.858 10.996 11.134 11.201 11.206 11.215 11.215 11.220 11.225 11.230
6.370 6.365 6.360 6.356 6.351 6.387 6.450 6.513 6.513 6.638 6.701 6.764 6.827 6.890 6.952 6.991 7.008 7.050 7.091 7.133 7.175 7.217 7.259 7.301 7.301 7.414 7.525 7.679 7.848 8.017 8.185 8.354 8.522 8.691 8.859 9.027 9.068 9.011 8.964 8.925 8.925 8.845 8.805 8.765 8.725 8.685 8.645 8.605 8.630 8.660 8.774 8.890 9.007 9.123 9.240 9.356 9.589 9.589 9.706 9.763 9.791 9.877 10.015 10.153 10.291 10.429 10.567 10.705 10.844 10.963 10.968 10.974 10.983 10.983 10.987 10.992 10.996
6.274 6.267 6.263 6.258 6.253 6.308 6.371 6.433 6.434 6.559 6.622 6.685 6.747 6.858 6.975 7.077 7.141 7.183 7.225 7.266 7.308 7.350 7.392 7.434 7.434 7.584 7.695 7.818 7.986 8.154 8.323 8.492 8.661 8.829 8.998 9.108 9.051 8.994 8.938 8.898 8.898 8.818 8.779 8.739 8.699 8.659 8.619 8.618 8.647 8.677 8.739 8.856 8.973 9.090 9.206 9.323 9.555 9.555 9.649 9.677 9.706 9.736 9.863 10.001 10.139 10.277 10.415 10.553 10.691 10.729 10.734 10.741 10.751 10.751 10.755 10.760 10.764
6.180 6.171 6.165 6.160 6.166 6.229 6.291 6.354 6.354 6.480 6.596 6.714 6.831 6.949 7.067 7.163 7.250 7.316 7.358 7.400 7.441 7.483 7.525 7.567 7.567 7.754 7.865 7.976 8.124 8.293 8.461 8.630 8.798 8.967 9.136 9.090 9.033 8.976 8.919 8.871 8.871 8.791 8.751 8.711 8.671 8.632 8.606 8.636 8.665 8.695 8.724 8.822 8.938 9.055 9.171 9.289 9.522 9.522 9.565 9.593 9.622 9.651 9.710 9.848 9.987 10.125 10.263 10.401 10.491 10.496 10.502 10.507 10.517 10.517 10.523 10.527 10.532
6.087 6.078 6.069 6.062 6.086 6.149 6.217 6.334 6.334 6.570 6.687 6.805 6.923 7.041 7.158 7.248 7.335 7.423 7.491 7.533 7.575 7.616 7.658 7.703 7.703 7.925 8.036 8.147 8.263 8.431 8.600 8.768 8.937 9.105 9.128 9.072 9.015 8.959 8.902 8.845 8.845 8.765 8.725 8.685 8.645 8.605 8.623 8.652 8.683 8.712 8.742 8.788 8.905 9.021 9.137 9.254 9.451 9.452 9.481 9.509 9.538 9.567 9.595 9.696 9.834 9.972 10.110 10.249 10.258 10.264 10.269 10.274 10.285 10.285 10.289 10.294 10.298
6.087 6.078 6.069 6.062 6.086 6.149 6.216 6.334 6.334 6.570 6.687 6.805 6.923 7.040 7.158 7.248 7.335 7.422 7.491 7.532 7.574 7.616 7.658 7.703 7.703 7.924 8.035 8.146 8.262 8.431 8.600 8.768 8.937 9.105 9.128 9.072 9.015 8.958 8.901 8.844 8.845 8.765 8.725 8.685 8.645 8.605 8.623 8.652 8.682 8.711 8.741 8.788 8.905 9.021 9.137 9.254 9.451 9.451 9.480 9.508 9.538 9.567 9.595 9.696 9.834 9.972 10.110 10.248 10.257 10.263 10.268 10.274 10.285 10.285 10.289 10.294 10.298
5.994 5.985 5.976 5.992 6.072 6.190 6.308 6.426 6.426 6.661 6.779 6.896 7.014 7.132 7.246 7.333 7.421 7.508 7.595 7.666 7.707 7.749 7.791 7.873 7.873 8.094 8.205 8.316 8.427 8.569 8.737 8.906 9.075 9.168 9.111 9.054 8.997 8.940 8.883 8.827 8.827 8.738 8.698 8.659 8.619 8.611 8.641 8.670 8.699 8.729 8.758 8.788 8.870 8.986 9.104 9.220 9.367 9.367 9.396 9.424 9.453 9.481 9.510 9.543 9.682 9.820 9.958 10.019 10.024 10.030 10.035 10.040 10.051 10.051 10.057 10.062 10.066
6.002 6.061 6.119 6.178 6.226 6.282 6.399 6.517 6.517 6.752 6.870 6.988 7.106 7.223 7.332 7.419 7.506 7.593 7.681 7.768 7.841 7.882 7.932 8.042 8.043 8.265 8.376 8.486 8.597 8.708 8.876 9.045 9.206 9.149 9.092 9.037 8.980 8.923 8.866 8.809 8.809 8.711 8.671 8.631 8.598 8.628 8.658 8.688 8.717 8.747 8.776 8.806 8.836 8.952 9.069 9.185 9.283 9.283 9.311 9.340 9.369 9.397 9.426 9.455 9.529 9.667 9.780 9.786 9.792 9.797 9.802 9.808 9.818 9.818 9.824 9.828 9.833
6.375 6.433 6.492 6.546 6.593 6.640 6.688 6.735 6.735 6.936 7.053 7.171 7.289 7.406 7.503 7.590 7.677 7.765 7.852 7.939 8.028 8.171 8.288 8.396 8.396 8.611 8.718 8.826 8.938 9.049 9.160 9.228 9.171 9.114 9.057 9.001 8.944 8.887 8.830 8.774 8.774 8.660 8.618 8.604 8.634 8.663 8.693 8.722 8.752 8.781 8.812 8.841 8.870 8.900 9.001 9.056 9.114 9.114 9.142 9.171 9.201 9.229 9.258 9.286 9.308 9.326 9.332 9.338 9.344 9.350 9.355 9.362 9.374 9.374 9.380 9.367 9.278
6.561 6.619 6.678 6.729 6.776 6.824 6.871 6.918 6.918 7.027 7.145 7.263 7.380 7.498 7.588 7.676 7.763 7.850 7.937 8.078 8.222 8.365 8.489 8.596 8.596 8.811 8.919 9.026 9.134 9.241 9.276 9.172 9.121 9.069 9.018 8.966 8.915 8.863 8.811 8.756 8.756 8.642 8.593 8.622 8.652 8.681 8.710 8.740 8.769 8.799 8.828 8.858 8.887 8.916 8.940 8.962 9.006 9.006 9.028 9.050 9.072 9.094 9.116 9.139 9.161 9.180 9.192 9.198 9.204 9.210 9.215 9.221 9.233 9.233 9.233 9.189 9.112
6.747 6.805 6.864 6.912 6.959 7.007 7.054 7.102 7.102 7.196 7.244 7.354 7.472 7.587 7.674 7.761 7.848 7.984 8.128 8.271 8.415 8.558 8.690 8.797 8.797 9.012 9.120 9.227 9.335 9.375 9.228 9.086 9.034 8.983 8.932 8.881 8.829 8.778 8.726 8.675 8.675 8.572 8.529 8.543 8.569 8.596 8.622 8.648 8.674 8.700 8.726 8.752 8.778 8.804 8.807 8.814 8.858 8.858 8.880 8.902 8.924 8.946 8.968 8.990 9.011 9.030 9.048 9.058 9.064 9.069 9.075 9.081 9.093 9.093 9.053 9.008 8.946
6.933 6.992 7.048 7.095 7.143 7.190 7.237 7.285 7.285 7.380 7.427 7.474 7.563 7.672 7.759 7.891 8.035 8.178 8.322 8.465 8.609 8.752 8.890 8.997 8.997 9.212 9.320 9.428 9.475 9.327 9.179 9.032 8.949 8.897 8.846 8.794 8.743 8.692 8.641 8.589 8.589 8.493 8.452 8.431 8.457 8.484 8.510 8.536 8.563 8.589 8.615 8.641 8.667 8.685 8.681 8.677 8.710 8.710 8.732 8.754 8.777 8.799 8.821 8.843 8.862 8.881 8.899 8.917 8.922 8.928 8.934 8.940 8.919 8.919 8.874 8.828 8.781
7.119 7.178 7.231 7.279 7.326 7.373 7.421 7.468 7.468 7.563 7.610 7.658 7.705 7.798 7.941 8.085 8.229 8.372 8.516 8.659 8.802 8.946 9.089 9.198 9.198 9.413 9.520 9.573 9.425 9.279 9.131 8.983 8.864 8.812 8.761 8.709 8.658 8.606 8.554 8.503 8.503 8.417 8.376 8.336 8.346 8.372 8.398 8.424 8.450 8.476 8.503 8.529 8.556 8.559 8.555 8.551 8.563 8.563 8.585 8.607 8.629 8.651 8.672 8.694 8.713 8.732 8.750 8.769 8.782 8.788 8.794 8.800 8.738 8.738 8.693 8.647 8.602
