includes/lisflood/camargue/results_R3_t1.561737397084E12/res.max
ncols         906
nrows         631
xllcorner     362177.146667
yllcorner     6534725.688020
cellsize      20.000000
NODATA_value  -9999.000000
[rows 510 to 543 of 631, columns 616 to 692 of 906]
6.431 6.457 6.484 6.512 6.566 6.566 6.593 6.620 6.640 6.659 6.679 6.699 6.718 6.738 6.757 6.777 6.796 6.809 6.821 6.834 6.835 6.834 6.817 6.799 6.781 6.764 6.757 6.750 6.743 6.736 6.730 6.723 6.716 6.700 6.630 6.560 6.421 6.421 6.352 6.282 6.213 6.158 6.125 6.092 6.059 6.062 6.098 6.135 6.196 6.268 6.340 6.412 6.556 6.555 6.627 6.690 6.737 6.784 6.831 6.879 6.926 6.934 6.882 6.831 6.780 6.729 6.678 6.689 6.700 6.700 6.722 6.734 6.745 6.756 6.767 6.755 6.743
6.446 6.473 6.500 6.527 6.581 6.581 6.608 6.635 6.656 6.676 6.695 6.715 6.734 6.754 6.767 6.779 6.792 6.805 6.818 6.831 6.833 6.833 6.815 6.797 6.780 6.762 6.745 6.727 6.709 6.697 6.690 6.684 6.677 6.654 6.585 6.515 6.378 6.378 6.345 6.312 6.279 6.246 6.213 6.180 6.147 6.153 6.190 6.226 6.263 6.299 6.341 6.413 6.556 6.556 6.626 6.673 6.720 6.768 6.815 6.862 6.909 6.956 6.995 6.944 6.893 6.845 6.856 6.867 6.878 6.878 6.901 6.912 6.923 6.935 6.946 6.957 6.949
6.474 6.486 6.507 6.534 6.589 6.588 6.615 6.642 6.664 6.683 6.703 6.723 6.739 6.752 6.764 6.777 6.790 6.803 6.816 6.828 6.832 6.832 6.814 6.796 6.779 6.761 6.744 6.726 6.708 6.691 6.673 6.664 6.657 6.631 6.562 6.492 6.422 6.422 6.389 6.356 6.323 6.290 6.257 6.224 6.190 6.198 6.235 6.272 6.308 6.345 6.381 6.418 6.557 6.556 6.617 6.665 6.712 6.759 6.806 6.854 6.901 6.948 6.995 7.000 6.949 6.934 6.945 6.956 6.968 6.967 6.990 7.001 7.013 7.024 7.035 7.046 7.052
6.514 6.526 6.538 6.550 6.596 6.596 6.623 6.650 6.672 6.691 6.711 6.724 6.737 6.749 6.762 6.775 6.788 6.801 6.814 6.826 6.831 6.831 6.813 6.795 6.778 6.760 6.743 6.725 6.708 6.690 6.672 6.655 6.637 6.609 6.565 6.532 6.466 6.466 6.433 6.400 6.367 6.334 6.300 6.267 6.234 6.244 6.281 6.317 6.354 6.390 6.427 6.464 6.557 6.557 6.609 6.656 6.703 6.751 6.798 6.845 6.892 6.939 6.987 7.034 7.012 7.023 7.034 7.046 7.057 7.057 7.079 7.090 7.102 7.113 7.124 7.135 7.147
6.555 6.567 6.579 6.591 6.615 6.615 6.630 6.657 6.680 6.696 6.709 6.722 6.735 6.747 6.760 6.773 6.786 6.799 6.811 6.824 6.830 6.829 6.812 6.794 6.777 6.759 6.742 6.724 6.707 6.689 6.671 6.654 6.653 6.656 6.609 6.576 6.510 6.510 6.477 6.444 6.411 6.377 6.344 6.311 6.278 6.289 6.326 6.363 6.399 6.436 6.472 6.509 6.576 6.576 6.620 6.667 6.714 6.761 6.807 6.854 6.901 6.948 6.995 7.042 7.114 7.125 7.137 7.148 7.160 7.160 7.183 7.194 7.206 7.217 7.229 7.240 7.252
6.596 6.608 6.619 6.631 6.656 6.655 6.667 6.679 6.681 6.694 6.707 6.720 6.732 6.745 6.758 6.771 6.784 6.797 6.809 6.822 6.829 6.828 6.811 6.793 6.776 6.758 6.741 6.723 6.706 6.688 6.670 6.695 6.725 6.731 6.681 6.631 6.554 6.554 6.521 6.488 6.454 6.421 6.388 6.355 6.322 6.335 6.372 6.408 6.445 6.481 6.518 6.553 6.610 6.610 6.648 6.695 6.742 6.789 6.836 6.883 6.929 6.976 7.023 7.096 7.202 7.242 7.254 7.266 7.277 7.277 7.300 7.312 7.323 7.335 7.346 7.358 7.454
6.636 6.648 6.660 6.672 6.696 6.696 6.704 6.698 6.697 6.701 6.705 6.717 6.730 6.743 6.756 6.769 6.782 6.794 6.807 6.820 6.828 6.827 6.810 6.792 6.775 6.757 6.740 6.722 6.704 6.708 6.737 6.767 6.796 6.805 6.755 6.705 6.605 6.605 6.565 6.531 6.498 6.465 6.432 6.399 6.366 6.380 6.417 6.454 6.490 6.527 6.559 6.587 6.644 6.644 6.676 6.723 6.770 6.817 6.864 6.911 6.958 7.005 7.060 7.167 7.273 7.360 7.371 7.383 7.394 7.394 7.417 7.429 7.441 7.452 7.464 7.475 7.704
6.677 6.689 6.701 6.713 6.726 6.726 6.721 6.715 6.713 6.717 6.721 6.725 6.728 6.741 6.754 6.767 6.780 6.792 6.805 6.818 6.827 6.826 6.809 6.791 6.774 6.756 6.739 6.721 6.750 6.779 6.809 6.838 6.868 6.879 6.829 6.779 6.680 6.680 6.630 6.580 6.542 6.509 6.476 6.442 6.409 6.426 6.462 6.499 6.536 6.564 6.593 6.621 6.677 6.677 6.706 6.751 6.798 6.845 6.892 6.939 6.986 7.033 7.131 7.238 7.344 7.450 7.489 7.501 7.512 7.512 7.535 7.547 7.558 7.570 7.581 7.721 7.953
6.717 6.729 6.741 6.753 6.743 6.743 6.738 6.732 6.730 6.734 6.737 6.741 6.745 6.749 6.752 6.765 6.778 6.790 6.803 6.816 6.826 6.825 6.808 6.790 6.773 6.755 6.762 6.791 6.821 6.850 6.880 6.909 6.939 6.954 6.904 6.854 6.754 6.754 6.704 6.654 6.604 6.554 6.520 6.486 6.453 6.472 6.508 6.542 6.570 6.598 6.626 6.654 6.711 6.711 6.739 6.780 6.827 6.873 6.920 6.967 7.014 7.096 7.202 7.309 7.415 7.521 7.606 7.618 7.629 7.629 7.653 7.664 7.676 7.687 7.738 7.971 8.203
6.758 6.770 6.776 6.771 6.760 6.760 6.755 6.749 6.746 6.750 6.754 6.758 6.761 6.765 6.769 6.773 6.776 6.789 6.802 6.814 6.825 6.824 6.807 6.789 6.774 6.803 6.833 6.863 6.892 6.922 6.951 6.981 7.010 7.028 6.978 6.928 6.828 6.828 6.778 6.728 6.678 6.628 6.578 6.530 6.497 6.517 6.547 6.576 6.604 6.632 6.660 6.688 6.745 6.745 6.773 6.808 6.855 6.902 6.949 6.996 7.060 7.167 7.273 7.380 7.486 7.592 7.699 7.736 7.747 7.747 7.770 7.782 7.793 7.805 7.988 8.220 8.453
6.798 6.798 6.793 6.788 6.777 6.777 6.772 6.766 6.763 6.766 6.770 6.774 6.778 6.782 6.785 6.789 6.793 6.797 6.801 6.812 6.824 6.823 6.806 6.816 6.845 6.875 6.904 6.934 6.963 6.993 7.023 7.052 7.081 7.102 7.052 7.002 6.903 6.902 6.852 6.803 6.753 6.703 6.653 6.603 6.566 6.553 6.581 6.609 6.637 6.666 6.694 6.722 6.779 6.778 6.807 6.836 6.883 6.930 6.977 7.025 7.131 7.238 7.344 7.451 7.557 7.663 7.770 7.853 7.865 7.864 7.888 7.899 7.911 8.006 8.238 8.470 8.703
6.821 6.815 6.810 6.805 6.794 6.794 6.789 6.783 6.779 6.783 6.787 6.790 6.794 6.798 6.802 6.806 6.809 6.813 6.817 6.821 6.829 6.829 6.858 6.887 6.917 6.946 6.976 7.005 7.035 7.064 7.094 7.123 7.153 7.177 7.127 7.077 6.977 6.977 6.927 6.877 6.827 6.777 6.727 6.726 6.759 6.752 6.720 6.687 6.671 6.699 6.728 6.756 6.812 6.812 6.840 6.869 6.911 6.958 7.005 7.096 7.202 7.309 7.415 7.522 7.628 7.735 7.841 7.947 7.982 7.982 8.005 8.017 8.028 8.256 8.488 8.720 8.952
6.838 6.833 6.827 6.822 6.811 6.811 6.806 6.800 6.795 6.799 6.803 6.807 6.811 6.814 6.818 6.822 6.826 6.830 6.833 6.837 6.908 6.908 6.930 6.959 6.988 7.018 7.047 7.077 7.106 7.136 7.165 7.195 7.224 7.251 7.201 7.151 7.051 7.051 7.001 6.951 6.901 6.854 6.887 6.920 6.952 6.953 6.921 6.888 6.856 6.824 6.792 6.790 6.846 6.846 6.874 6.903 6.940 6.987 7.060 7.167 7.273 7.380 7.486 7.593 7.699 7.806 7.912 8.018 8.100 8.099 8.123 8.134 8.273 8.505 8.738 8.970 9.202
6.855 6.850 6.844 6.839 6.828 6.828 6.823 6.817 6.812 6.815 6.819 6.823 6.827 6.831 6.835 6.838 6.842 6.846 6.850 6.901 6.994 6.994 7.016 7.039 7.061 7.089 7.119 7.148 7.178 7.207 7.237 7.266 7.296 7.325 7.275 7.225 7.126 7.125 7.075 7.025 7.014 7.047 7.080 7.113 7.146 7.154 7.122 7.090 7.058 7.025 6.993 6.961 6.897 6.897 6.908 6.936 6.968 7.025 7.131 7.237 7.344 7.450 7.557 7.663 7.770 7.876 7.983 8.089 8.196 8.196 8.240 8.291 8.523 8.755 8.987 9.220 9.452
6.854 6.849 6.844 6.838 6.828 6.828 6.822 6.817 6.812 6.815 6.819 6.823 6.827 6.830 6.834 6.838 6.842 6.846 6.850 6.901 6.994 6.994 7.016 7.038 7.061 7.089 7.118 7.148 7.177 7.207 7.236 7.266 7.295 7.325 7.275 7.225 7.125 7.125 7.075 7.025 7.014 7.047 7.079 7.112 7.145 7.154 7.122 7.089 7.057 7.025 6.993 6.961 6.896 6.896 6.908 6.936 6.968 7.024 7.131 7.237 7.344 7.450 7.557 7.663 7.770 7.876 7.982 8.089 8.195 8.195 8.240 8.290 8.523 8.755 8.987 9.219 9.452
6.871 6.866 6.861 6.855 6.845 6.845 6.839 6.834 6.829 6.831 6.835 6.839 6.843 6.847 6.851 6.855 6.858 6.882 6.933 6.985 7.080 7.080 7.102 7.124 7.147 7.169 7.191 7.219 7.249 7.278 7.308 7.337 7.367 7.396 7.349 7.299 7.200 7.199 7.149 7.174 7.207 7.240 7.273 7.306 7.338 7.355 7.323 7.291 7.258 7.226 7.194 7.162 7.098 7.098 7.065 7.033 7.001 7.095 7.201 7.308 7.415 7.521 7.627 7.734 7.840 7.947 8.053 8.160 8.266 8.266 8.357 8.540 8.772 9.005 9.237 9.469 9.701
6.888 6.883 6.878 6.872 6.862 6.862 6.856 6.851 6.846 6.848 6.852 6.856 6.859 6.863 6.867 6.871 6.914 6.966 7.017 7.069 7.166 7.166 7.188 7.210 7.233 7.255 7.277 7.300 7.322 7.350 7.379 7.409 7.438 7.468 7.424 7.374 7.302 7.302 7.335 7.367 7.400 7.433 7.466 7.499 7.532 7.556 7.524 7.492 7.460 7.427 7.395 7.363 7.299 7.299 7.267 7.234 7.220 7.271 7.365 7.460 7.554 7.648 7.743 7.837 7.931 8.026 8.124 8.231 8.337 8.337 8.558 8.790 9.022 9.254 9.487 9.719 9.951
6.923 6.918 6.912 6.907 6.896 6.896 6.891 6.886 6.880 6.881 6.885 6.889 6.893 6.928 6.980 7.031 7.083 7.134 7.186 7.237 7.338 7.338 7.360 7.382 7.405 7.427 7.450 7.472 7.494 7.517 7.539 7.561 7.583 7.611 7.590 7.623 7.689 7.689 7.722 7.754 7.787 7.820 7.853 7.886 7.919 7.952 7.927 7.895 7.863 7.830 7.798 7.766 7.706 7.706 7.692 7.678 7.664 7.650 7.744 7.838 7.933 8.027 8.121 8.216 8.310 8.404 8.499 8.593 8.687 8.687 9.013 9.226 9.457 9.689 9.920 10.151 10.383
6.941 6.935 6.930 6.924 6.914 6.913 6.908 6.903 6.897 6.898 6.902 6.909 6.961 7.012 7.064 7.115 7.167 7.218 7.270 7.321 7.424 7.424 7.446 7.469 7.491 7.513 7.536 7.558 7.580 7.603 7.625 7.647 7.670 7.716 7.773 7.816 7.882 7.882 7.915 7.948 7.981 8.014 8.046 8.079 8.112 8.145 8.128 8.096 8.064 8.032 8.000 7.967 7.928 7.928 7.914 7.900 7.886 7.872 7.934 8.028 8.122 8.217 8.311 8.405 8.499 8.594 8.688 8.783 8.904 8.904 9.256 9.437 9.668 9.900 10.131 10.363 10.594
6.958 6.953 6.947 6.942 6.931 6.931 6.925 6.920 6.915 6.914 6.942 6.993 7.045 7.096 7.148 7.199 7.251 7.302 7.354 7.405 7.508 7.508 7.532 7.555 7.577 7.599 7.622 7.644 7.666 7.689 7.711 7.735 7.796 7.858 7.915 7.971 8.076 8.076 8.108 8.141 8.174 8.207 8.240 8.273 8.306 8.338 8.330 8.298 8.265 8.233 8.201 8.178 8.150 8.150 8.136 8.122 8.108 8.094 8.123 8.217 8.311 8.406 8.500 8.594 8.689 8.783 8.877 8.972 9.147 9.147 9.500 9.676 9.880 10.111 10.342 10.574 10.805
6.976 6.970 6.965 6.959 6.949 6.948 6.943 6.937 6.932 6.977 7.026 7.077 7.129 7.180 7.232 7.283 7.335 7.386 7.438 7.489 7.592 7.592 7.618 7.641 7.663 7.685 7.708 7.730 7.752 7.775 7.815 7.877 7.938 7.999 8.057 8.113 8.225 8.225 8.281 8.335 8.368 8.401 8.433 8.466 8.499 8.532 8.531 8.499 8.467 8.435 8.414 8.400 8.372 8.372 8.358 8.344 8.330 8.316 8.312 8.407 8.501 8.595 8.690 8.784 8.878 8.972 9.067 9.214 9.391 9.390 9.743 9.919 10.095 10.322 10.554 10.785 11.017
6.993 6.988 6.982 6.977 6.966 6.966 6.960 6.972 7.035 7.089 7.128 7.166 7.213 7.264 7.316 7.367 7.419 7.470 7.522 7.573 7.676 7.676 7.704 7.727 7.749 7.771 7.794 7.816 7.838 7.895 7.957 8.018 8.079 8.140 8.199 8.255 8.367 8.367 8.423 8.479 8.535 8.591 8.627 8.660 8.693 8.726 8.733 8.701 8.669 8.650 8.636 8.622 8.594 8.594 8.580 8.566 8.552 8.538 8.524 8.596 8.690 8.785 8.879 8.973 9.068 9.162 9.282 9.458 9.634 9.634 9.986 10.163 10.339 10.534 10.765 10.996 11.228
7.011 7.005 7.000 6.994 6.983 6.983 7.020 7.082 7.145 7.201 7.239 7.278 7.317 7.356 7.400 7.451 7.503 7.554 7.606 7.657 7.760 7.760 7.790 7.813 7.835 7.858 7.880 7.914 7.976 8.037 8.098 8.159 8.221 8.282 8.341 8.397 8.509 8.509 8.565 8.621 8.676 8.732 8.789 8.844 8.886 8.919 8.935 8.902 8.886 8.872 8.858 8.844 8.817 8.816 8.802 8.788 8.774 8.760 8.746 8.785 8.880 8.974 9.068 9.163 9.257 9.351 9.525 9.701 9.877 9.877 10.230 10.406 10.582 10.758 10.976 11.208 11.439
7.028 7.023 7.017 7.012 7.067 7.067 7.129 7.192 7.254 7.312 7.351 7.390 7.429 7.467 7.506 7.545 7.587 7.638 7.690 7.741 7.844 7.844 7.876 7.899 7.921 7.944 7.994 8.056 8.117 8.178 8.239 8.301 8.362 8.423 8.482 8.538 8.651 8.650 8.706 8.762 8.818 8.874 8.930 8.986 9.042 9.098 9.136 9.122 9.108 9.094 9.080 9.066 9.039 9.038 9.024 9.010 8.996 8.982 8.968 8.975 9.069 9.163 9.258 9.352 9.446 9.592 9.769 9.945 10.121 10.121 10.473 10.650 10.826 11.002 11.187 11.419 11.650
7.046 7.040 7.035 7.052 7.177 7.177 7.239 7.301 7.364 7.424 7.463 7.501 7.540 7.579 7.618 7.657 7.695 7.734 7.774 7.825 7.929 7.929 7.963 7.985 8.013 8.074 8.136 8.197 8.258 8.319 8.381 8.442 8.503 8.565 8.624 8.680 8.792 8.792 8.848 8.904 8.960 9.016 9.072 9.128 9.184 9.244 9.308 9.317 9.326 9.316 9.302 9.289 9.261 9.260 9.246 9.232 9.218 9.205 9.190 9.176 9.259 9.353 9.447 9.542 9.660 9.836 10.012 10.188 10.364 10.364 10.717 10.893 11.069 11.245 11.422 11.630 11.862
7.063 7.058 7.099 7.161 7.286 7.286 7.349 7.411 7.474 7.536 7.574 7.613 7.652 7.691 7.730 7.768 7.807 7.846 7.885 7.923 8.013 8.013 8.048 8.093 8.154 8.215 8.277 8.338 8.399 8.461 8.522 8.583 8.645 8.706 8.766 8.822 8.934 8.934 8.990 9.046 9.102 9.158 9.214 9.270 9.335 9.402 9.470 9.479 9.489 9.498 9.507 9.511 9.483 9.483 9.469 9.455 9.441 9.427 9.412 9.398 9.448 9.542 9.637 9.731 9.903 10.079 10.255 10.432 10.608 10.608 10.960 11.136 11.313 11.489 11.665 11.842 12.073
7.084 7.146 7.208 7.271 7.396 7.396 7.458 7.521 7.583 7.646 7.686 7.725 7.764 7.803 7.841 7.880 7.919 7.958 7.996 8.035 8.113 8.113 8.170 8.234 8.295 8.357 8.418 8.480 8.541 8.602 8.664 8.725 8.786 8.847 8.908 8.964 9.076 9.076 9.132 9.188 9.244 9.300 9.358 9.425 9.493 9.560 9.627 9.642 9.651 9.660 9.669 9.678 9.697 9.697 9.691 9.677 9.663 9.648 9.634 9.620 9.638 9.732 9.826 9.970 10.147 10.323 10.499 10.675 10.851 10.851 11.204 11.380 11.556 11.732 11.908 12.085 12.284
7.193 7.256 7.318 7.381 7.506 7.506 7.568 7.630 7.693 7.755 7.798 7.837 7.875 7.914 7.953 7.992 8.030 8.069 8.108 8.147 8.238 8.237 8.294 8.363 8.433 8.498 8.559 8.621 8.682 8.744 8.805 8.866 8.927 8.989 9.050 9.106 9.218 9.218 9.274 9.330 9.386 9.448 9.516 9.583 9.650 9.718 9.785 9.804 9.813 9.822 9.831 9.840 9.859 9.859 9.868 9.877 9.885 9.871 9.857 9.843 9.829 9.921 10.038 10.214 10.390 10.566 10.742 10.918 11.095 11.095 11.447 11.623 11.800 11.976 12.152 12.328 12.504
7.303 7.365 7.428 7.490 7.615 7.615 7.678 7.740 7.803 7.865 7.910 7.948 7.987 8.026 8.065 8.103 8.142 8.181 8.220 8.265 8.363 8.362 8.417 8.487 8.556 8.626 8.695 8.762 8.824 8.885 8.946 9.008 9.069 9.130 9.192 9.248 9.360 9.359 9.415 9.472 9.539 9.606 9.673 9.741 9.808 9.875 9.943 9.966 9.975 9.984 9.993 10.003 10.021 10.021 10.030 10.039 10.048 10.057 10.067 10.065 10.051 10.111 10.281 10.457 10.634 10.810 10.986 11.162 11.338 11.338 11.676 11.836 11.995 12.155 12.314 12.474 12.633
7.412 7.475 7.537 7.600 7.725 7.725 7.787 7.850 7.912 7.975 8.021 8.060 8.099 8.138 8.176 8.215 8.254 8.293 8.342 8.390 8.488 8.487 8.540 8.610 8.679 8.749 8.818 8.888 8.957 9.026 9.088 9.149 9.210 9.272 9.333 9.389 9.501 9.501 9.561 9.629 9.696 9.764 9.831 9.898 9.966 10.033 10.101 10.128 10.137 10.146 10.156 10.165 10.183 10.183 10.192 10.201 10.210 10.220 10.229 10.238 10.247 10.301 10.461 10.620 10.779 10.939 11.098 11.258 11.417 11.417 11.736 11.895 12.055 12.214 12.373 12.533 12.684
7.412 7.475 7.537 7.600 7.725 7.724 7.787 7.849 7.912 7.974 8.021 8.060 8.098 8.137 8.176 8.215 8.254 8.293 8.341 8.390 8.487 8.487 8.540 8.610 8.679 8.749 8.818 8.888 8.957 9.026 9.087 9.149 9.210 9.271 9.333 9.389 9.501 9.501 9.561 9.629 9.696 9.763 9.831 9.898 9.966 10.033 10.100 10.128 10.137 10.146 10.155 10.164 10.183 10.183 10.192 10.201 10.210 10.219 10.229 10.238 10.247 10.301 10.461 10.620 10.779 10.939 11.098 11.258 11.417 11.417 11.736 11.895 12.055 12.214 12.373 12.533 12.684
7.522 7.584 7.647 7.709 7.834 7.834 7.897 7.959 8.021 8.084 8.133 8.171 8.210 8.249 8.288 8.326 8.369 8.418 8.467 8.515 8.612 8.612 8.663 8.733 8.802 8.872 8.941 9.011 9.080 9.150 9.219 9.289 9.351 9.413 9.474 9.531 9.652 9.651 9.719 9.786 9.854 9.921 9.989 10.056 10.123 10.191 10.258 10.290 10.299 10.308 10.317 10.327 10.345 10.345 10.354 10.363 10.372 10.382 10.391 10.404 10.421 10.447 10.520 10.679 10.839 10.998 11.157 11.317 11.476 11.476 11.795 11.954 12.114 12.273 12.433 12.592 12.734
7.623 7.689 7.755 7.819 7.944 7.944 8.006 8.069 8.131 8.194 8.244 8.283 8.322 8.361 8.399 8.446 8.494 8.543 8.591 8.640 8.737 8.737 8.786 8.856 8.925 8.995 9.065 9.134 9.203 9.273 9.343 9.412 9.482 9.551 9.615 9.674 9.809 9.809 9.876 9.944 10.011 10.079 10.146 10.214 10.281 10.348 10.416 10.452 10.461 10.470 10.480 10.489 10.507 10.507 10.516 10.525 10.535 10.544 10.562 10.580 10.598 10.625 10.655 10.739 10.898 11.057 11.217 11.376 11.535 11.535 11.854 12.014 12.173 12.332 12.492 12.647 12.783
7.826 7.892 7.958 8.024 8.157 8.156 8.223 8.289 8.351 8.413 8.468 8.507 8.551 8.599 8.648 8.696 8.745 8.793 8.842 8.890 8.988 8.988 9.036 9.103 9.172 9.242 9.311 9.381 9.450 9.520 9.589 9.659 9.728 9.804 9.881 9.959 10.116 10.116 10.192 10.259 10.327 10.394 10.462 10.529 10.596 10.664 10.731 10.776 10.785 10.795 10.804 10.813 10.831 10.831 10.843 10.861 10.879 10.897 10.914 10.932 10.951 10.981 11.011 11.040 11.070 11.176 11.335 11.495 11.654 11.654 11.973 12.132 12.292 12.451 12.610 12.746 12.882
