includes/lisflood/camargue/results_R3_t1.561737397084E12/res.totaltm
ncols         906
nrows         631
xllcorner     362177.146667
yllcorner     6534725.688020
cellsize      20.000000
NODATA_value  -9999.000000
[rows 374 to 407 of 631, columns 616 to 692 of 906]
0.000 0.000 6.896 7.928 6.829 6.833 10.477 8.220 6.434 6.149 6.351 5.631 13.242 6.515 13.390 6.985 13.392 8.295 7.368 6.559 13.347 13.346 7.144 7.248 0.000 13.525 8.052 13.534 13.481 13.501 13.510 7.340 8.687 13.561 7.766 8.777 10.577 9.964 10.642 9.971 11.228 7.842 8.279 13.822 8.992 9.150 13.830 11.117 8.096 13.817 9.615 10.827 10.419 9.588 9.125 8.338 8.934 12.120 13.180 13.526 12.101 7.308 13.489 7.963 7.254 8.574 13.444 6.825 6.207 6.414 4.558 12.509 5.366 12.539 0.000 0.000 4.437
13.305 8.920 13.328 9.415 9.308 8.059 6.829 7.536 7.477 6.609 7.072 6.258 7.023 6.997 7.942 6.957 7.117 11.951 8.815 6.642 7.613 7.509 6.868 7.504 7.046 13.591 13.762 10.602 13.534 13.508 13.520 7.806 13.578 13.598 13.766 8.133 10.553 9.674 10.752 8.614 10.925 10.663 9.878 11.637 12.703 7.968 12.021 9.337 13.839 13.681 10.385 8.046 13.835 13.828 7.671 11.642 12.848 13.761 11.759 12.158 7.961 8.455 8.298 7.417 7.578 13.475 8.596 7.141 6.458 8.437 7.300 7.791 11.670 7.103 1.382 0.000 2.977
6.884 10.845 7.071 6.913 9.788 8.695 7.534 13.387 8.268 7.328 7.406 6.707 7.126 13.428 8.711 7.597 7.662 7.195 10.065 7.751 8.283 7.787 7.941 8.159 13.521 7.408 13.788 7.495 7.585 7.252 13.545 10.341 9.905 13.105 13.784 13.815 13.831 10.095 10.162 13.860 9.500 11.154 11.939 11.935 13.862 13.861 10.795 13.852 13.847 8.128 7.992 13.288 13.586 13.838 7.780 10.841 13.804 7.794 12.809 10.484 8.381 7.983 13.529 13.524 7.819 13.490 7.472 8.294 7.608 12.863 9.061 8.977 7.553 4.830 2.640 0.000 8.333
7.205 6.835 7.118 7.573 13.395 13.402 13.415 13.409 13.417 8.567 6.896 7.393 7.137 9.412 7.176 13.447 8.535 7.265 9.810 8.118 7.587 7.418 7.961 13.524 13.548 7.087 13.809 13.849 8.075 7.828 7.718 9.893 10.669 13.806 13.815 13.834 13.859 13.861 10.707 11.614 9.478 8.439 8.578 13.881 12.353 8.772 13.878 13.869 8.597 8.625 11.964 11.915 8.240 8.322 13.841 13.833 13.459 12.784 13.785 11.812 7.993 9.049 8.893 9.007 7.434 13.514 7.174 13.466 7.967 12.571 6.810 8.032 6.365 4.773 4.026 0.000 13.522
11.224 7.015 7.515 13.416 7.966 7.957 13.431 8.158 13.426 9.926 13.407 13.397 6.784 13.481 13.457 7.516 13.481 9.703 13.505 8.198 8.209 7.653 13.536 13.550 13.586 7.775 13.851 13.856 7.189 11.366 7.897 10.830 13.799 8.639 13.835 13.840 13.870 13.871 13.876 13.879 13.882 9.407 13.885 13.890 13.888 10.030 13.884 8.590 8.249 8.899 13.175 13.892 13.868 13.865 13.844 13.845 12.726 13.823 7.761 13.800 8.678 8.550 13.600 13.584 7.352 13.527 7.364 13.477 11.257 13.446 6.349 13.096 7.085 5.429 5.588 13.442 13.538
9.508 7.016 7.517 13.429 7.995 7.982 13.446 8.234 13.436 9.485 13.419 13.409 6.790 13.498 13.474 7.470 13.498 9.431 13.521 7.736 7.605 7.470 13.546 13.576 13.587 7.761 13.859 13.864 7.197 8.962 7.791 10.009 13.819 8.571 12.139 10.957 13.882 13.880 13.381 13.768 13.889 9.265 13.895 12.480 13.895 9.499 13.894 8.468 8.208 8.689 11.295 13.901 13.882 13.882 13.139 13.861 11.494 13.842 7.761 10.420 8.097 7.874 13.623 13.606 7.351 11.678 7.311 11.038 7.817 9.911 6.121 8.612 5.816 5.354 5.451 13.452 13.546
8.954 6.991 7.063 13.440 13.443 13.394 12.919 7.524 13.461 9.921 7.099 6.949 6.866 13.512 7.342 7.805 7.557 9.021 10.084 9.613 13.610 13.595 13.581 8.077 8.048 13.608 7.399 13.876 13.903 8.508 7.909 10.362 10.419 10.318 13.660 13.882 13.892 13.142 13.900 13.057 13.904 13.910 8.425 13.910 13.911 9.207 13.908 13.911 13.912 13.916 13.908 13.908 9.032 12.307 13.892 8.223 8.278 12.056 8.086 13.838 10.694 10.817 10.396 7.677 7.510 13.631 11.041 13.571 8.806 12.292 7.085 8.712 5.906 5.428 5.671 13.621 13.613
8.863 7.363 13.493 7.477 8.130 7.962 10.146 13.498 13.471 7.461 13.524 7.336 7.106 9.844 10.460 7.808 8.241 8.229 9.711 13.779 12.831 13.613 7.647 8.145 13.771 8.377 7.811 13.895 13.907 8.183 8.081 9.914 11.397 8.981 8.527 8.225 13.911 13.912 13.913 11.214 8.229 13.918 9.091 13.928 8.909 9.305 13.922 9.057 10.718 13.921 13.927 8.802 8.817 10.599 8.283 13.906 8.342 12.388 13.877 13.860 9.768 7.638 11.442 13.832 10.796 11.119 13.181 13.499 13.577 13.549 7.416 7.553 6.613 6.182 6.665 13.650 6.783
10.913 9.077 8.362 9.388 8.201 8.072 13.518 13.527 9.228 9.802 8.010 8.267 13.766 13.785 10.377 13.790 8.471 13.806 13.802 12.546 10.529 12.264 7.763 8.548 8.577 8.774 13.848 8.004 13.920 13.929 8.189 9.917 13.907 9.077 8.493 9.064 13.921 13.921 10.249 13.925 8.336 13.927 9.118 13.934 9.641 8.411 13.937 13.932 13.936 13.943 13.937 13.945 9.335 12.324 8.802 8.777 13.616 13.909 8.785 8.114 13.893 8.155 7.873 13.855 10.189 13.793 13.820 7.751 7.534 7.693 7.492 11.920 13.882 13.892 13.881 13.660 13.683
13.527 13.545 8.199 13.555 13.665 13.666 13.531 8.237 8.799 13.567 9.752 12.549 7.978 13.628 13.805 9.577 11.633 11.850 8.305 13.834 10.732 13.108 7.539 13.853 8.547 9.701 8.541 9.092 8.364 13.943 7.865 9.523 11.847 11.357 8.505 9.244 13.928 13.929 13.934 13.935 8.478 13.940 12.003 13.944 9.587 9.382 9.802 13.948 13.946 13.953 8.667 13.953 9.002 10.766 12.323 13.131 13.931 8.825 9.091 9.495 10.230 10.217 11.218 11.469 8.956 8.653 13.842 8.555 13.631 13.625 7.489 13.845 13.896 13.904 13.899 13.810 13.792
7.919 10.849 13.681 8.071 13.685 13.687 7.547 8.569 8.255 7.463 7.683 13.791 9.379 10.247 13.820 8.266 12.169 13.849 13.855 11.754 10.759 11.816 7.887 9.748 8.360 13.881 8.771 8.254 8.448 13.956 13.965 10.194 12.369 13.936 12.914 11.909 13.935 13.937 13.848 9.669 13.947 13.945 13.948 13.958 9.465 12.903 9.490 13.954 8.401 13.957 13.959 13.958 9.340 10.999 13.959 13.953 8.291 8.211 8.163 10.494 13.940 9.911 9.370 13.937 9.074 7.847 13.858 9.928 7.727 7.781 7.075 13.839 13.920 13.913 13.834 13.910 13.820
8.000 13.675 13.695 9.035 13.735 13.735 7.868 8.514 13.771 13.787 13.801 13.822 7.907 10.750 11.778 13.377 8.523 13.860 13.862 11.096 13.877 13.879 7.879 10.197 8.144 9.983 13.897 8.556 8.146 8.031 13.973 8.407 8.386 8.534 13.951 10.346 13.944 13.947 13.952 9.527 12.126 13.964 8.415 13.964 13.969 10.406 13.977 13.967 8.658 13.972 13.967 13.965 13.975 13.976 13.968 9.223 8.394 8.648 8.297 8.191 13.952 8.818 13.158 13.918 13.669 13.922 13.906 7.727 10.614 10.760 7.147 13.951 13.934 13.918 13.822 13.926 13.851
13.683 11.877 13.720 8.777 13.762 13.763 7.790 13.755 13.773 7.917 13.818 9.245 9.056 13.857 13.862 13.864 8.572 8.602 13.874 12.496 13.136 12.729 8.199 9.760 13.896 8.045 13.910 13.915 11.718 8.233 13.983 13.987 9.152 8.762 13.157 8.655 13.954 13.954 13.957 13.970 13.976 13.966 13.976 13.979 13.981 13.978 13.984 8.599 13.996 13.204 13.977 13.991 8.848 8.919 8.509 13.973 8.671 8.812 13.977 13.971 10.427 10.014 13.968 13.311 12.396 8.053 13.931 13.908 13.889 13.878 7.715 13.954 13.947 13.916 13.820 13.938 13.974
13.583 7.553 13.737 7.792 13.774 13.777 13.786 13.777 12.813 7.976 8.072 9.562 8.869 8.844 13.868 8.654 8.764 12.081 12.051 12.520 13.188 12.256 13.910 8.903 10.462 8.190 9.140 8.229 13.939 8.863 8.378 14.001 8.724 8.695 12.864 13.347 8.630 8.629 13.968 8.744 13.982 13.983 9.661 13.987 13.989 8.741 13.990 10.003 14.001 13.993 13.994 10.260 13.995 13.996 8.925 8.494 8.368 13.985 13.511 8.392 12.002 9.484 13.983 12.867 13.976 10.152 13.962 13.928 13.917 13.902 13.983 13.966 13.914 13.942 13.951 13.974 13.982
12.433 13.777 12.902 13.805 13.803 13.803 13.804 7.794 7.930 8.843 8.084 13.871 7.923 13.883 13.772 13.893 9.018 13.000 13.411 13.917 13.919 13.922 11.045 13.926 10.741 8.390 13.932 9.777 13.111 8.308 8.477 14.008 8.563 8.988 13.981 13.976 13.978 13.980 13.980 13.489 13.998 14.001 9.631 13.848 10.092 11.995 14.004 10.528 14.013 8.843 8.612 11.260 14.008 14.008 8.927 11.574 12.188 13.999 9.127 9.137 13.992 13.999 13.995 13.990 13.986 13.977 13.981 13.973 13.939 13.928 13.988 13.980 13.894 7.430 13.974 13.987 14.002
9.131 13.657 7.995 13.819 13.816 13.816 13.820 8.467 8.081 9.038 8.899 13.883 8.165 13.030 10.694 12.550 13.915 8.677 13.917 11.257 13.925 13.928 10.465 12.070 8.269 13.937 8.730 8.264 13.961 8.634 8.988 14.015 14.023 14.002 13.988 13.990 13.670 13.987 8.553 9.497 14.006 14.010 14.006 14.011 9.849 14.017 14.009 14.016 14.020 8.861 14.022 11.038 8.903 8.901 13.723 14.022 12.290 12.722 13.609 13.663 14.006 14.010 14.009 14.004 14.003 13.991 14.008 12.425 13.946 13.936 13.999 7.528 7.687 8.190 9.006 14.008 14.017
9.375 13.819 8.202 8.745 13.856 13.855 13.834 8.456 7.875 8.877 10.133 12.105 11.018 13.905 8.252 13.917 13.923 13.927 8.280 12.003 13.938 13.940 13.945 13.950 13.266 8.671 13.955 13.961 13.968 13.969 8.468 8.555 14.031 8.663 8.646 14.001 11.635 12.129 8.799 8.603 14.015 14.016 14.016 14.023 9.910 14.030 8.865 14.028 14.035 9.833 10.296 11.036 14.037 14.036 14.034 9.421 8.792 13.312 14.014 14.015 10.645 14.019 14.019 14.010 14.009 14.022 14.017 14.043 14.027 14.028 14.019 14.020 14.008 14.025 9.165 8.860 14.030
11.076 13.834 8.506 13.855 13.863 13.863 9.606 7.959 8.755 13.869 8.030 8.625 10.411 13.835 8.740 8.910 9.701 13.931 13.579 12.991 8.706 8.713 13.955 8.622 9.547 8.555 8.481 13.971 13.976 10.009 9.334 8.435 14.039 9.149 9.108 9.040 14.004 14.006 9.533 14.017 9.959 14.027 8.660 14.030 9.019 14.037 14.038 11.699 14.043 11.298 14.050 11.365 11.695 11.985 11.814 14.042 14.037 14.026 14.023 14.026 8.520 14.033 14.045 14.024 14.030 14.033 14.048 14.075 14.101 14.101 10.211 14.040 14.056 14.036 14.031 14.047 14.043
13.836 13.841 10.167 13.867 13.873 13.873 13.869 8.983 8.486 8.061 13.914 8.200 10.862 13.929 13.934 10.070 9.615 13.182 11.075 13.958 11.151 13.958 13.962 13.967 13.973 8.971 8.849 8.792 13.981 11.134 8.414 8.758 14.049 14.500 12.370 14.024 8.793 8.802 9.585 12.987 14.038 14.037 14.054 14.051 13.985 14.047 14.063 9.177 14.048 14.059 11.129 11.171 14.060 14.060 13.800 14.049 10.004 14.040 8.727 8.898 8.959 14.046 14.053 14.041 14.047 14.045 14.056 14.073 14.124 14.124 10.125 14.070 14.064 14.055 14.042 14.055 14.057
9.700 7.964 13.867 8.188 13.898 13.899 8.121 8.285 8.368 8.610 13.919 8.409 8.542 13.339 13.334 8.338 10.114 13.965 10.627 13.967 13.967 13.969 13.675 13.983 13.987 13.990 8.939 8.860 13.992 14.000 9.099 9.179 8.616 14.500 14.042 9.024 9.044 9.020 11.072 8.961 14.056 14.054 14.059 9.999 9.380 13.468 14.070 14.070 14.068 14.066 14.070 14.500 12.516 13.028 14.072 14.066 14.060 14.045 8.814 14.049 14.047 14.065 14.078 14.072 10.509 14.069 14.085 14.094 14.137 14.136 14.094 14.087 14.081 14.061 14.060 14.082 14.092
13.872 8.219 10.569 10.806 13.903 13.905 8.826 8.588 12.143 8.317 13.931 8.722 13.944 13.946 13.198 13.968 8.591 13.972 9.120 13.977 13.975 13.976 13.984 9.347 9.229 14.002 9.391 8.858 8.994 14.008 10.990 8.724 8.862 14.500 14.500 14.055 14.060 14.061 14.063 14.063 14.066 9.115 14.078 14.085 14.083 13.844 14.083 14.081 10.583 14.081 14.098 14.094 14.500 14.500 14.087 13.962 14.073 13.015 14.062 14.058 14.069 14.075 14.088 14.086 14.083 9.684 9.664 14.159 14.153 14.148 14.118 14.095 14.099 14.095 14.086 14.092 14.100
13.882 8.176 9.577 10.062 13.908 13.912 8.703 8.518 9.886 8.305 13.938 8.706 13.953 12.745 10.505 13.975 8.602 13.979 8.775 13.988 13.983 12.414 13.991 9.401 9.108 14.009 9.251 8.797 9.045 14.013 10.393 8.700 8.775 14.500 14.500 14.062 14.067 14.069 14.073 14.076 14.079 9.132 14.088 14.095 14.094 13.021 14.092 14.088 10.455 14.090 14.106 14.103 14.500 14.500 14.091 14.078 14.080 9.696 14.072 14.064 14.078 14.084 14.099 14.100 14.097 8.885 8.937 14.169 14.162 14.155 14.122 14.101 14.110 14.106 14.098 14.102 14.112
13.888 9.259 9.246 8.314 13.920 13.927 13.932 9.263 9.979 9.544 13.947 13.825 11.052 13.964 13.970 13.984 9.489 13.990 13.991 13.332 14.007 14.007 14.001 8.803 14.020 14.017 13.801 8.744 8.711 14.028 14.030 14.030 9.251 8.478 14.500 12.743 14.089 14.095 14.097 9.086 9.030 9.227 8.989 14.102 10.736 12.601 14.103 14.097 10.141 14.105 11.539 11.545 14.118 14.118 14.099 14.091 14.093 13.498 14.078 14.079 10.107 14.101 14.107 14.113 9.820 10.393 9.152 14.183 14.175 14.167 14.128 14.133 14.138 14.135 14.108 14.133 14.120
13.897 13.916 12.222 13.925 9.598 9.419 13.942 13.943 8.684 13.964 8.423 8.459 12.197 8.741 8.459 13.989 13.996 12.577 14.005 14.015 14.012 14.011 8.597 9.764 14.030 8.876 14.031 12.129 14.037 9.181 14.047 14.052 8.908 14.061 14.500 14.500 14.098 14.103 10.448 10.348 9.350 9.405 9.573 14.500 14.132 14.127 14.129 13.402 14.130 9.013 14.128 9.885 14.125 14.125 14.108 14.108 14.104 14.095 14.102 14.090 14.099 8.906 14.114 14.133 8.709 10.134 14.205 14.200 14.181 14.175 14.147 14.162 14.145 14.148 14.151 14.144 14.131
9.069 13.922 8.039 12.896 9.011 8.940 13.947 9.310 9.528 13.979 8.611 8.660 13.981 13.991 13.996 8.707 14.008 14.011 8.944 12.510 14.026 14.028 8.853 14.037 14.036 14.046 9.707 14.500 14.048 14.050 14.500 14.057 10.316 14.066 9.370 14.500 11.376 11.209 11.321 10.351 14.125 9.695 9.774 14.140 13.811 14.154 9.555 8.971 12.776 14.138 14.142 14.140 14.500 14.500 14.119 14.500 14.500 14.105 14.112 8.858 8.784 9.095 14.130 14.500 14.177 14.214 14.500 14.500 14.186 14.186 14.174 14.172 14.172 14.170 14.177 14.174 14.156
13.929 13.935 13.944 12.725 9.045 8.959 13.967 13.974 8.485 13.984 8.667 9.109 8.629 13.995 12.795 14.009 12.039 14.021 14.025 14.040 14.032 14.034 14.055 14.046 14.050 14.051 10.020 14.058 14.057 14.059 14.071 14.073 10.618 9.167 14.076 14.120 14.128 14.127 14.145 9.740 11.077 10.725 14.160 14.164 14.164 14.163 14.182 14.167 13.863 9.798 14.156 14.150 14.500 14.500 8.993 14.145 14.135 8.657 9.096 8.999 8.887 9.236 14.149 14.500 10.978 14.500 14.500 14.212 14.198 14.199 14.202 14.198 14.180 14.175 14.188 14.202 14.190
13.938 13.956 13.962 13.970 9.122 9.034 13.974 13.980 9.090 11.532 8.710 14.002 14.008 8.772 14.011 9.101 14.032 9.876 13.300 14.051 14.047 14.050 14.063 9.313 14.056 14.057 14.072 11.425 14.072 14.072 14.076 14.080 14.079 12.298 8.971 9.043 14.500 14.500 14.154 14.152 10.232 11.166 14.168 14.173 9.775 14.187 14.190 9.344 10.344 14.184 14.165 14.159 14.169 14.185 14.500 14.154 14.145 14.148 9.215 9.070 9.441 14.160 14.178 9.028 9.915 14.500 9.338 14.218 14.236 14.235 14.221 14.205 14.215 14.500 14.500 14.213 14.201
8.785 8.758 9.108 13.974 13.999 13.999 13.977 8.513 14.003 14.004 8.773 14.010 14.015 13.690 14.026 9.513 13.450 9.547 14.034 14.060 10.588 10.614 14.074 14.072 14.082 14.072 14.080 14.073 14.080 14.076 9.457 9.263 8.900 11.714 9.388 9.011 14.500 14.500 11.818 12.258 14.500 9.101 14.500 14.193 10.123 14.500 14.500 9.442 10.237 14.210 14.191 14.177 14.194 14.206 14.500 14.500 14.159 14.172 10.477 9.366 9.034 13.149 14.188 9.122 14.500 14.500 9.655 14.234 14.500 14.500 14.500 14.227 14.228 14.227 14.214 14.221 14.222
12.833 13.344 9.030 12.900 14.003 14.003 8.552 8.439 14.015 14.012 8.901 8.786 9.234 8.783 14.034 12.729 12.078 14.059 9.919 14.066 9.267 9.273 14.082 9.771 14.091 9.277 14.086 14.091 10.619 8.910 9.500 14.104 14.101 11.275 11.513 9.147 14.500 14.500 10.761 14.500 10.211 14.500 14.500 14.210 14.220 9.239 14.500 10.741 14.500 14.227 14.202 11.926 9.142 9.136 14.500 14.500 14.201 14.500 9.821 8.983 9.106 14.191 14.198 14.224 14.500 14.500 9.206 14.500 14.500 14.500 14.240 14.500 14.237 14.500 14.240 14.232 14.243
8.951 11.934 13.998 14.003 14.015 14.014 8.689 9.163 14.020 8.909 14.032 10.183 9.741 9.160 9.360 12.154 14.061 14.075 14.072 14.082 14.082 14.087 14.089 9.341 12.576 14.101 14.111 9.635 10.944 9.397 9.542 14.111 9.917 11.802 11.451 10.611 14.500 14.500 14.500 14.500 11.350 11.351 11.412 9.375 14.500 9.427 14.231 14.500 14.500 9.036 9.212 14.169 9.441 9.360 14.500 14.500 14.500 10.546 10.551 14.192 14.190 9.028 14.233 14.500 14.500 9.159 14.500 14.500 14.500 14.500 14.500 9.393 14.247 14.500 14.500 14.241 14.500
13.978 13.985 13.069 8.886 14.018 14.018 8.977 8.828 14.034 8.833 8.874 10.648 9.976 9.127 14.060 12.733 9.437 9.912 10.813 14.087 10.936 10.987 14.104 14.104 14.121 14.109 10.816 14.112 12.721 12.822 9.643 13.725 13.329 12.660 10.324 8.880 9.051 9.019 14.500 9.271 9.634 9.865 11.334 14.500 14.500 14.500 14.500 14.500 14.500 9.343 8.989 14.174 14.184 14.191 12.536 9.366 14.500 10.002 9.923 9.292 9.267 9.135 9.249 14.500 14.500 14.500 14.500 14.500 14.500 14.500 14.500 14.500 14.500 14.500 14.500 14.500 14.500
13.983 9.830 10.596 9.917 14.030 14.030 8.972 8.722 14.040 8.929 14.060 10.706 8.917 9.709 8.997 13.630 9.014 10.156 14.091 14.095 12.380 14.106 9.737 14.122 14.127 9.174 14.139 9.409 9.266 12.308 11.379 10.959 12.704 14.128 11.963 10.401 11.441 10.020 14.500 14.500 14.500 9.295 9.297 14.500 9.308 14.500 14.500 14.500 14.500 9.365 9.280 9.009 9.652 9.514 14.205 9.147 14.500 14.500 14.500 14.500 9.365 9.436 14.500 14.500 14.500 14.500 14.500 14.500 14.500 14.500 14.500 14.500 14.500 14.500 14.500 14.500 14.500
8.585 8.922 10.558 10.424 14.036 14.037 11.719 14.040 13.225 12.805 12.800 9.244 9.085 10.627 14.088 14.094 9.435 14.105 8.834 14.500 10.330 10.363 14.139 10.415 14.148 14.142 14.161 9.604 14.151 14.155 14.151 14.150 14.141 14.134 12.665 14.133 9.274 9.247 9.312 14.500 9.267 14.500 14.500 14.500 14.500 14.500 14.500 14.500 14.500 14.500 9.328 9.230 9.534 9.447 9.560 9.309 9.271 14.500 9.277 9.406 9.396 9.174 14.500 14.500 14.500 14.500 9.305 14.500 14.500 14.500 14.500 14.500 14.500 14.500 14.500 14.500 14.500
11.215 8.865 8.875 8.808 14.045 14.046 8.767 8.724 14.059 11.246 14.075 12.721 14.001 14.089 14.096 9.450 14.115 14.116 14.119 14.120 14.129 14.140 14.150 10.506 14.158 9.638 14.169 13.958 11.200 9.823 14.158 10.903 14.156 9.339 9.292 9.037 14.156 14.166 9.025 14.500 14.500 14.500 14.500 9.308 14.500 14.500 14.500 14.500 14.500 14.500 14.500 14.500 9.516 9.547 9.560 14.500 9.503 14.500 14.500 14.500 14.500 14.500 14.500 14.500 14.500 14.500 14.500 14.500 14.500 14.500 14.500 14.500 14.500 14.500 14.500 14.500 14.500
