includes/lisflood/camargue/results_R3_t1.561737397084E12/res.max
ncols         906
nrows         631
xllcorner     362177.146667
yllcorner     6534725.688020
cellsize      20.000000
NODATA_value  -9999.000000
[rows 544 to 577 of 631, columns 385 to 461 of 906]
5.778 5.767 5.765 5.762 5.761 5.759 5.757 5.755 5.753 5.749 5.749 5.759 5.777 5.794 5.812 5.808 5.804 5.800 5.797 5.793 5.789 5.785 5.781 5.777 5.773 5.766 5.766 5.752 5.744 5.737 5.730 5.723 5.716 5.709 5.702 5.695 5.688 5.682 5.675 5.666 5.656 5.646 5.646 5.626 5.616 5.606 5.597 5.587 5.577 5.575 5.574 5.573 5.573 5.572 5.571 5.570 5.566 5.548 5.548 5.514 5.497 5.480 5.463 5.454 5.460 5.466 5.472 5.478 5.483 5.489 5.495 5.529 5.569 5.610 5.610 5.690 5.718
5.832 5.820 5.808 5.795 5.783 5.778 5.776 5.774 5.772 5.768 5.768 5.773 5.790 5.808 5.805 5.801 5.797 5.794 5.790 5.786 5.782 5.778 5.775 5.771 5.767 5.761 5.760 5.746 5.739 5.732 5.724 5.717 5.711 5.704 5.697 5.690 5.683 5.676 5.670 5.663 5.653 5.643 5.643 5.623 5.613 5.603 5.593 5.583 5.578 5.576 5.575 5.575 5.574 5.573 5.572 5.571 5.570 5.563 5.563 5.529 5.512 5.495 5.477 5.480 5.486 5.491 5.497 5.503 5.509 5.515 5.520 5.536 5.576 5.617 5.617 5.684 5.713
5.887 5.875 5.862 5.850 5.838 5.825 5.813 5.801 5.791 5.787 5.787 5.786 5.804 5.802 5.798 5.795 5.791 5.787 5.783 5.779 5.775 5.771 5.768 5.764 5.760 5.755 5.755 5.740 5.733 5.726 5.719 5.712 5.705 5.699 5.692 5.685 5.678 5.672 5.665 5.658 5.650 5.640 5.640 5.620 5.610 5.600 5.590 5.580 5.578 5.578 5.577 5.576 5.575 5.574 5.573 5.572 5.571 5.570 5.570 5.543 5.526 5.509 5.499 5.505 5.511 5.517 5.523 5.528 5.534 5.540 5.546 5.551 5.583 5.621 5.621 5.678 5.707
5.942 5.929 5.917 5.905 5.892 5.880 5.868 5.855 5.843 5.819 5.819 5.806 5.799 5.795 5.791 5.788 5.784 5.780 5.776 5.772 5.769 5.765 5.761 5.757 5.753 5.749 5.749 5.735 5.728 5.721 5.714 5.707 5.700 5.693 5.687 5.680 5.673 5.667 5.660 5.653 5.646 5.637 5.637 5.617 5.607 5.597 5.587 5.580 5.579 5.578 5.578 5.577 5.576 5.575 5.574 5.573 5.572 5.572 5.572 5.557 5.540 5.523 5.525 5.531 5.536 5.542 5.548 5.554 5.560 5.565 5.571 5.577 5.587 5.615 5.615 5.672 5.701
5.997 5.984 5.972 5.960 5.947 5.935 5.922 5.910 5.898 5.873 5.873 5.845 5.823 5.811 5.799 5.787 5.777 5.773 5.769 5.765 5.762 5.758 5.754 5.750 5.746 5.742 5.742 5.729 5.722 5.715 5.709 5.702 5.695 5.688 5.682 5.675 5.668 5.661 5.655 5.648 5.641 5.634 5.633 5.614 5.604 5.594 5.584 5.581 5.580 5.580 5.579 5.578 5.577 5.576 5.575 5.574 5.573 5.573 5.573 5.571 5.554 5.545 5.550 5.556 5.562 5.567 5.573 5.578 5.581 5.584 5.587 5.590 5.599 5.618 5.618 5.667 5.695
6.052 6.039 6.027 6.014 6.002 5.989 5.977 5.965 5.952 5.912 5.912 5.881 5.854 5.841 5.829 5.817 5.805 5.793 5.781 5.768 5.756 5.751 5.747 5.743 5.739 5.735 5.735 5.724 5.717 5.710 5.703 5.697 5.690 5.683 5.677 5.670 5.663 5.656 5.650 5.643 5.636 5.629 5.629 5.611 5.601 5.591 5.583 5.582 5.581 5.580 5.579 5.579 5.578 5.577 5.576 5.575 5.575 5.574 5.574 5.572 5.568 5.570 5.574 5.577 5.580 5.583 5.586 5.589 5.592 5.595 5.598 5.601 5.612 5.632 5.631 5.670 5.690
6.107 6.094 6.082 6.069 6.057 6.044 6.032 6.019 6.007 5.948 5.948 5.917 5.886 5.872 5.860 5.847 5.835 5.823 5.811 5.799 5.786 5.774 5.762 5.750 5.737 5.729 5.728 5.719 5.712 5.705 5.698 5.692 5.685 5.678 5.672 5.665 5.658 5.651 5.645 5.638 5.631 5.624 5.624 5.607 5.597 5.587 5.584 5.583 5.582 5.581 5.580 5.580 5.579 5.578 5.577 5.576 5.576 5.575 5.574 5.581 5.583 5.582 5.585 5.588 5.591 5.594 5.597 5.600 5.603 5.606 5.609 5.612 5.626 5.645 5.645 5.684 5.703
6.161 6.149 6.136 6.124 6.111 6.099 6.086 6.074 6.046 5.984 5.984 5.953 5.922 5.902 5.890 5.878 5.865 5.853 5.841 5.829 5.816 5.804 5.792 5.780 5.768 5.755 5.755 5.726 5.715 5.704 5.693 5.686 5.680 5.673 5.666 5.660 5.653 5.646 5.640 5.633 5.626 5.619 5.619 5.604 5.594 5.586 5.585 5.584 5.583 5.582 5.581 5.581 5.580 5.579 5.582 5.585 5.588 5.591 5.591 5.598 5.599 5.598 5.597 5.600 5.603 5.606 5.609 5.611 5.614 5.617 5.621 5.624 5.640 5.659 5.659 5.697 5.717
6.216 6.204 6.191 6.179 6.166 6.154 6.141 6.113 6.082 6.020 6.020 5.989 5.958 5.932 5.920 5.908 5.896 5.883 5.871 5.859 5.847 5.835 5.822 5.810 5.798 5.785 5.785 5.746 5.735 5.724 5.713 5.702 5.691 5.680 5.669 5.658 5.648 5.641 5.635 5.628 5.621 5.614 5.614 5.601 5.591 5.587 5.586 5.585 5.584 5.583 5.586 5.589 5.592 5.596 5.599 5.602 5.605 5.608 5.609 5.615 5.616 5.614 5.613 5.612 5.614 5.617 5.620 5.623 5.626 5.629 5.632 5.635 5.653 5.672 5.672 5.711 5.730
6.271 6.259 6.246 6.234 6.221 6.208 6.180 6.149 6.118 6.056 6.056 6.025 5.994 5.963 5.950 5.938 5.926 5.914 5.901 5.889 5.877 5.865 5.853 5.840 5.828 5.808 5.808 5.768 5.754 5.743 5.733 5.722 5.711 5.700 5.689 5.678 5.667 5.656 5.645 5.635 5.624 5.613 5.613 5.596 5.588 5.588 5.591 5.594 5.597 5.600 5.603 5.606 5.610 5.613 5.616 5.619 5.622 5.626 5.625 5.632 5.632 5.631 5.629 5.628 5.627 5.628 5.631 5.634 5.637 5.640 5.643 5.647 5.667 5.686 5.686 5.725 5.744
6.326 6.313 6.301 6.288 6.276 6.247 6.216 6.185 6.154 6.092 6.092 6.061 6.031 6.000 5.981 5.968 5.956 5.944 5.932 5.919 5.907 5.895 5.883 5.871 5.851 5.831 5.831 5.791 5.774 5.763 5.752 5.741 5.731 5.720 5.709 5.698 5.687 5.676 5.665 5.654 5.643 5.633 5.633 5.611 5.615 5.605 5.608 5.611 5.614 5.617 5.620 5.623 5.627 5.630 5.633 5.636 5.639 5.643 5.643 5.649 5.648 5.647 5.646 5.644 5.643 5.642 5.642 5.645 5.649 5.652 5.655 5.661 5.680 5.700 5.700 5.738 5.758
6.381 6.368 6.356 6.343 6.315 6.284 6.252 6.221 6.191 6.129 6.129 6.098 6.067 6.036 6.011 5.999 5.987 5.974 5.962 5.950 5.938 5.925 5.913 5.894 5.874 5.854 5.854 5.814 5.794 5.783 5.772 5.761 5.750 5.739 5.728 5.718 5.707 5.696 5.685 5.674 5.664 5.653 5.652 5.652 5.659 5.643 5.627 5.628 5.631 5.634 5.637 5.641 5.644 5.647 5.650 5.653 5.657 5.660 5.660 5.666 5.664 5.663 5.662 5.661 5.659 5.658 5.657 5.657 5.660 5.663 5.666 5.675 5.694 5.713 5.713 5.752 5.771
6.381 6.368 6.355 6.343 6.314 6.283 6.252 6.221 6.190 6.129 6.128 6.097 6.066 6.035 6.011 5.999 5.986 5.974 5.962 5.950 5.937 5.925 5.913 5.894 5.874 5.854 5.854 5.814 5.794 5.783 5.772 5.761 5.750 5.739 5.728 5.717 5.706 5.696 5.685 5.674 5.663 5.652 5.652 5.652 5.659 5.643 5.627 5.628 5.631 5.634 5.637 5.640 5.644 5.647 5.650 5.653 5.656 5.660 5.660 5.666 5.664 5.663 5.662 5.660 5.659 5.658 5.657 5.657 5.660 5.663 5.666 5.675 5.694 5.713 5.713 5.752 5.771
6.435 6.423 6.410 6.382 6.350 6.320 6.288 6.257 6.226 6.165 6.165 6.134 6.103 6.072 6.041 6.029 6.017 6.005 5.992 5.980 5.968 5.956 5.937 5.917 5.897 5.877 5.877 5.837 5.817 5.803 5.792 5.781 5.770 5.759 5.748 5.737 5.726 5.716 5.705 5.694 5.683 5.675 5.675 5.694 5.703 5.687 5.671 5.655 5.648 5.651 5.654 5.658 5.661 5.664 5.667 5.670 5.674 5.677 5.677 5.682 5.681 5.679 5.678 5.677 5.676 5.674 5.673 5.672 5.671 5.674 5.677 5.688 5.708 5.727 5.727 5.771 5.796
6.490 6.478 6.449 6.418 6.387 6.356 6.325 6.294 6.263 6.201 6.201 6.170 6.139 6.108 6.077 6.060 6.047 6.035 6.023 6.011 5.998 5.981 5.961 5.940 5.920 5.900 5.900 5.860 5.840 5.823 5.812 5.801 5.790 5.779 5.768 5.757 5.746 5.736 5.725 5.714 5.707 5.717 5.717 5.736 5.746 5.731 5.715 5.699 5.683 5.668 5.672 5.675 5.678 5.681 5.685 5.688 5.691 5.695 5.695 5.699 5.697 5.696 5.695 5.693 5.692 5.691 5.690 5.688 5.687 5.686 5.689 5.702 5.722 5.746 5.746 5.796 5.822
6.547 6.558 6.525 6.493 6.461 6.429 6.398 6.367 6.336 6.274 6.274 6.243 6.212 6.181 6.150 6.121 6.108 6.096 6.084 6.068 6.048 6.027 6.007 5.987 5.967 5.947 5.947 5.906 5.886 5.866 5.852 5.841 5.830 5.819 5.808 5.797 5.786 5.776 5.773 5.782 5.792 5.801 5.801 5.821 5.830 5.819 5.804 5.788 5.772 5.756 5.740 5.725 5.713 5.716 5.719 5.723 5.726 5.729 5.729 5.732 5.730 5.729 5.728 5.726 5.725 5.724 5.722 5.721 5.724 5.734 5.744 5.755 5.771 5.796 5.796 5.847 5.872
6.568 6.600 6.568 6.535 6.503 6.470 6.438 6.405 6.373 6.310 6.310 6.279 6.248 6.217 6.186 6.155 6.139 6.127 6.111 6.091 6.071 6.050 6.030 6.010 5.990 5.970 5.970 5.930 5.909 5.889 5.872 5.861 5.850 5.839 5.828 5.817 5.806 5.805 5.815 5.824 5.834 5.843 5.843 5.863 5.873 5.864 5.848 5.832 5.816 5.800 5.785 5.769 5.753 5.737 5.737 5.740 5.744 5.747 5.747 5.748 5.747 5.745 5.744 5.743 5.742 5.741 5.751 5.761 5.770 5.780 5.790 5.802 5.813 5.824 5.824 5.872 5.897
6.588 6.642 6.610 6.577 6.545 6.512 6.480 6.447 6.415 6.350 6.350 6.317 6.285 6.254 6.223 6.192 6.170 6.154 6.134 6.114 6.094 6.074 6.054 6.033 6.013 5.993 5.993 5.953 5.933 5.913 5.892 5.881 5.870 5.860 5.848 5.838 5.837 5.847 5.857 5.866 5.876 5.886 5.886 5.905 5.915 5.908 5.892 5.876 5.861 5.845 5.829 5.813 5.798 5.782 5.766 5.758 5.761 5.764 5.764 5.765 5.763 5.762 5.761 5.768 5.777 5.787 5.797 5.807 5.817 5.827 5.837 5.848 5.859 5.870 5.870 5.897 5.923
6.609 6.668 6.652 6.620 6.587 6.555 6.522 6.490 6.457 6.392 6.392 6.360 6.327 6.295 6.262 6.230 6.201 6.178 6.158 6.137 6.117 6.097 6.077 6.057 6.037 6.016 6.016 5.976 5.956 5.936 5.916 5.902 5.891 5.880 5.869 5.870 5.880 5.889 5.899 5.909 5.918 5.928 5.928 5.948 5.957 5.952 5.937 5.921 5.905 5.889 5.874 5.858 5.842 5.826 5.811 5.795 5.779 5.782 5.782 5.781 5.785 5.794 5.804 5.814 5.824 5.834 5.843 5.853 5.863 5.873 5.883 5.894 5.905 5.917 5.917 5.939 5.951
6.629 6.689 6.694 6.662 6.629 6.597 6.564 6.532 6.499 6.435 6.434 6.402 6.369 6.337 6.304 6.276 6.266 6.241 6.212 6.183 6.154 6.125 6.100 6.080 6.060 6.040 6.040 6.000 5.979 5.959 5.939 5.922 5.911 5.900 5.903 5.913 5.922 5.932 5.941 5.951 5.961 5.970 5.971 5.990 6.000 5.997 5.981 5.965 5.950 5.934 5.918 5.902 5.887 5.871 5.855 5.839 5.824 5.808 5.808 5.821 5.831 5.841 5.850 5.860 5.870 5.880 5.890 5.899 5.909 5.919 5.929 5.941 5.952 5.963 5.963 5.986 5.997
6.650 6.709 6.736 6.704 6.671 6.639 6.606 6.574 6.542 6.477 6.477 6.444 6.412 6.379 6.348 6.338 6.327 6.310 6.282 6.253 6.224 6.195 6.166 6.137 6.108 6.079 6.079 6.023 6.003 5.983 5.963 5.943 5.931 5.936 5.946 5.955 5.965 5.974 5.984 5.994 6.003 6.013 6.013 6.032 6.042 6.041 6.026 6.010 5.994 5.978 5.962 5.947 5.931 5.915 5.900 5.884 5.879 5.874 5.874 5.867 5.877 5.887 5.897 5.907 5.916 5.926 5.936 5.945 5.955 5.965 5.976 5.987 5.998 6.009 6.009 6.032 6.043
6.670 6.729 6.778 6.746 6.714 6.681 6.649 6.616 6.584 6.519 6.519 6.486 6.454 6.422 6.410 6.400 6.389 6.379 6.351 6.322 6.293 6.264 6.235 6.206 6.178 6.149 6.149 6.091 6.062 6.033 6.005 5.976 5.969 5.979 5.988 5.998 6.007 6.017 6.027 6.036 6.046 6.056 6.056 6.075 6.085 6.086 6.070 6.054 6.039 6.023 6.007 5.991 5.976 5.960 5.954 5.949 5.945 5.940 5.940 5.930 5.925 5.933 5.943 5.953 5.963 5.972 5.982 5.992 6.002 6.011 6.022 6.033 6.045 6.056 6.056 6.079 6.090
6.690 6.750 6.809 6.788 6.756 6.723 6.691 6.658 6.626 6.561 6.561 6.529 6.496 6.482 6.472 6.461 6.451 6.441 6.420 6.391 6.362 6.333 6.305 6.276 6.247 6.218 6.218 6.161 6.132 6.103 6.074 6.044 6.025 6.030 6.035 6.040 6.050 6.059 6.069 6.079 6.088 6.098 6.098 6.118 6.127 6.130 6.115 6.099 6.083 6.067 6.052 6.036 6.029 6.025 6.020 6.016 6.011 6.006 6.006 5.996 5.991 5.986 5.989 5.999 6.009 6.019 6.028 6.038 6.048 6.058 6.068 6.080 6.091 6.102 6.102 6.125 6.136
6.711 6.770 6.829 6.830 6.798 6.765 6.733 6.701 6.668 6.604 6.603 6.571 6.554 6.544 6.534 6.523 6.513 6.503 6.490 6.461 6.432 6.403 6.374 6.345 6.316 6.288 6.288 6.230 6.201 6.172 6.143 6.113 6.083 6.088 6.093 6.097 6.102 6.107 6.112 6.121 6.131 6.141 6.141 6.160 6.170 6.175 6.159 6.144 6.128 6.112 6.105 6.100 6.096 6.091 6.086 6.082 6.077 6.072 6.072 6.062 6.057 6.052 6.047 6.045 6.055 6.065 6.075 6.084 6.094 6.104 6.115 6.126 6.137 6.149 6.149 6.171 6.183
6.731 6.790 6.850 6.872 6.840 6.808 6.775 6.743 6.710 6.646 6.646 6.626 6.616 6.606 6.595 6.585 6.575 6.565 6.555 6.530 6.501 6.472 6.443 6.415 6.386 6.357 6.357 6.299 6.270 6.241 6.211 6.181 6.152 6.145 6.150 6.155 6.160 6.165 6.170 6.175 6.180 6.185 6.185 6.203 6.212 6.219 6.204 6.188 6.180 6.176 6.171 6.166 6.162 6.157 6.152 6.148 6.143 6.138 6.138 6.128 6.123 6.118 6.113 6.107 6.102 6.111 6.121 6.131 6.140 6.150 6.161 6.172 6.184 6.195 6.195 6.218 6.229
6.751 6.811 6.870 6.914 6.882 6.850 6.817 6.785 6.753 6.698 6.698 6.688 6.678 6.668 6.657 6.647 6.637 6.627 6.617 6.599 6.571 6.542 6.513 6.484 6.455 6.426 6.426 6.369 6.339 6.310 6.280 6.250 6.220 6.203 6.208 6.213 6.218 6.222 6.227 6.232 6.237 6.242 6.242 6.252 6.257 6.264 6.256 6.251 6.246 6.242 6.237 6.233 6.228 6.223 6.219 6.214 6.209 6.204 6.205 6.194 6.189 6.184 6.179 6.174 6.168 6.163 6.167 6.177 6.186 6.196 6.208 6.219 6.230 6.241 6.241 6.292 6.332
6.771 6.831 6.890 6.950 6.924 6.892 6.859 6.827 6.795 6.760 6.760 6.750 6.739 6.729 6.719 6.709 6.699 6.689 6.679 6.669 6.640 6.611 6.582 6.553 6.525 6.496 6.496 6.438 6.408 6.378 6.348 6.319 6.289 6.261 6.265 6.270 6.275 6.280 6.285 6.290 6.295 6.299 6.300 6.309 6.314 6.328 6.322 6.317 6.312 6.308 6.303 6.299 6.294 6.289 6.285 6.280 6.275 6.271 6.271 6.260 6.255 6.250 6.245 6.239 6.234 6.229 6.224 6.223 6.232 6.243 6.254 6.265 6.284 6.324 6.324 6.404 6.444
6.792 6.851 6.911 6.970 6.966 6.934 6.901 6.869 6.842 6.822 6.821 6.811 6.801 6.791 6.781 6.771 6.761 6.751 6.741 6.731 6.709 6.680 6.652 6.623 6.594 6.565 6.565 6.506 6.477 6.447 6.417 6.387 6.358 6.328 6.323 6.328 6.333 6.338 6.342 6.347 6.352 6.357 6.357 6.367 6.381 6.396 6.393 6.386 6.378 6.374 6.369 6.365 6.360 6.355 6.351 6.346 6.341 6.337 6.337 6.326 6.321 6.316 6.311 6.305 6.300 6.295 6.290 6.284 6.279 6.289 6.316 6.356 6.396 6.436 6.435 6.516 6.556
6.791 6.851 6.910 6.970 6.966 6.933 6.901 6.869 6.841 6.821 6.821 6.811 6.801 6.791 6.781 6.771 6.761 6.751 6.741 6.731 6.709 6.680 6.651 6.623 6.594 6.565 6.565 6.506 6.477 6.447 6.417 6.387 6.358 6.328 6.323 6.328 6.333 6.338 6.343 6.348 6.352 6.357 6.357 6.367 6.381 6.396 6.393 6.386 6.379 6.374 6.369 6.365 6.360 6.356 6.351 6.346 6.342 6.337 6.336 6.326 6.321 6.316 6.311 6.305 6.300 6.295 6.290 6.284 6.279 6.289 6.315 6.355 6.395 6.435 6.435 6.515 6.555
6.812 6.871 6.931 6.990 7.008 6.976 6.943 6.913 6.903 6.883 6.883 6.873 6.863 6.853 6.843 6.833 6.823 6.813 6.803 6.793 6.779 6.750 6.721 6.692 6.663 6.634 6.634 6.575 6.545 6.515 6.486 6.456 6.426 6.396 6.381 6.385 6.390 6.395 6.400 6.405 6.410 6.415 6.415 6.435 6.450 6.465 6.464 6.457 6.449 6.442 6.435 6.431 6.426 6.422 6.417 6.412 6.408 6.402 6.402 6.392 6.387 6.382 6.376 6.371 6.366 6.361 6.355 6.353 6.370 6.391 6.427 6.467 6.507 6.547 6.547 6.627 6.667
6.832 6.892 6.951 7.011 7.050 7.018 6.985 6.975 6.965 6.945 6.945 6.935 6.925 6.915 6.905 6.895 6.885 6.875 6.864 6.854 6.844 6.819 6.790 6.761 6.732 6.703 6.703 6.643 6.614 6.584 6.554 6.524 6.495 6.465 6.438 6.443 6.448 6.453 6.458 6.463 6.467 6.473 6.473 6.503 6.518 6.533 6.534 6.527 6.520 6.512 6.505 6.498 6.492 6.488 6.483 6.478 6.473 6.468 6.468 6.458 6.453 6.448 6.442 6.437 6.432 6.446 6.463 6.480 6.496 6.520 6.546 6.579 6.619 6.659 6.659 6.739 6.779
7.319 7.272 7.226 7.180 7.133 7.118 7.108 7.098 7.088 7.068 7.068 7.058 7.048 7.038 7.028 7.018 7.008 6.998 6.988 6.978 6.968 6.957 6.929 6.899 6.869 6.840 6.840 6.780 6.751 6.721 6.691 6.661 6.631 6.602 6.572 6.558 6.563 6.568 6.573 6.580 6.595 6.610 6.610 6.639 6.654 6.669 6.675 6.668 6.661 6.653 6.646 6.638 6.631 6.624 6.616 6.610 6.606 6.600 6.600 6.600 6.616 6.633 6.650 6.667 6.683 6.700 6.717 6.734 6.752 6.778 6.804 6.830 6.856 6.882 6.882 6.962 7.002
7.579 7.533 7.487 7.334 7.065 7.152 7.144 7.136 7.128 7.112 7.112 7.104 7.097 7.089 7.081 7.073 7.065 7.057 7.049 7.040 7.030 7.020 6.997 6.968 6.938 6.908 6.908 6.849 6.819 6.789 6.759 6.730 6.700 6.670 6.640 6.615 6.620 6.625 6.633 6.648 6.663 6.678 6.678 6.707 6.722 6.737 6.746 6.738 6.731 6.724 6.716 6.709 6.701 6.694 6.687 6.679 6.681 6.693 6.693 6.727 6.743 6.760 6.777 6.794 6.810 6.827 6.844 6.860 6.881 6.907 6.933 6.959 6.985 7.011 7.011 7.074 7.114
7.840 7.738 7.469 7.200 6.992 7.105 7.175 7.168 7.160 7.144 7.144 7.136 7.128 7.120 7.112 7.104 7.097 7.089 7.081 7.073 7.065 7.063 7.204 7.149 7.094 7.039 7.039 6.929 6.887 6.858 6.828 6.798 6.768 6.739 6.709 6.679 6.678 6.687 6.701 6.716 6.731 6.746 6.746 6.775 6.790 6.805 6.816 6.809 6.801 6.794 6.787 6.779 6.772 6.764 6.807 6.879 6.909 6.835 6.835 6.854 6.870 6.887 6.904 6.920 6.937 6.954 6.971 6.987 7.010 7.036 7.062 7.088 7.114 7.140 7.140 7.192 7.226
