includes/lisflood/camargue/results_R3_t1.561737397084E12/res.totaltm
ncols         906
nrows         631
xllcorner     362177.146667
yllcorner     6534725.688020
cellsize      20.000000
NODATA_value  -9999.000000
[rows 442 to 475 of 631, columns 231 to 307 of 906]
9.144 10.349 13.863 13.856 13.850 8.635 6.751 0.000 8.774 12.465 12.477 12.467 12.447 12.435 12.427 0.000 0.000 0.000 0.000 0.000 0.000 0.000 0.000 0.000 0.000 0.000 0.054 0.000 0.000 0.000 2.178 2.216 2.257 0.000 0.000 0.000 5.924 0.000 7.197 0.000 6.370 7.972 8.018 0.000 0.000 0.000 7.457 7.385 7.338 7.365 7.573 7.615 8.002 8.024 8.033 8.075 0.000 0.000 8.247 8.043 6.930 0.000 0.000 0.000 0.000 0.000 0.000 0.000 0.000 0.000 0.000 0.000 0.000 6.788 12.719 12.715 2.777
8.716 9.923 12.978 13.472 13.858 8.010 6.676 0.000 8.764 12.459 12.464 12.455 12.439 12.428 12.421 12.413 0.000 0.000 0.000 0.000 0.000 0.000 0.000 0.000 0.000 0.000 0.000 0.000 0.000 0.000 2.277 2.344 2.408 0.000 0.000 0.000 6.023 0.000 7.116 0.000 6.349 7.937 7.975 0.000 0.000 0.000 7.422 7.349 7.337 7.364 7.573 7.615 7.972 7.995 7.967 8.002 0.000 0.000 8.222 8.043 6.930 0.000 0.000 0.000 0.000 0.000 0.000 0.000 0.000 0.000 0.000 0.000 0.000 6.294 12.725 12.722 2.783
9.770 13.892 12.448 13.871 9.164 8.569 8.347 0.000 12.441 12.447 12.451 12.444 12.434 12.427 12.418 0.000 0.000 0.000 0.000 0.000 0.000 0.000 0.000 0.000 0.000 0.000 0.000 0.000 0.000 0.000 0.000 2.432 2.485 4.981 5.970 6.045 6.088 6.128 7.071 0.000 0.000 5.978 0.000 0.000 0.000 0.000 7.390 7.291 7.125 7.369 7.415 7.417 7.615 0.000 0.000 5.273 0.000 0.000 0.000 8.029 0.000 0.000 0.000 0.000 0.000 0.000 0.000 0.000 0.000 0.000 0.000 0.000 5.022 4.262 12.902 5.866 3.953
13.637 13.901 9.609 9.886 13.882 8.856 7.298 0.000 0.000 0.000 0.000 10.725 12.420 12.414 0.000 0.000 0.000 0.000 0.000 0.000 0.000 0.000 0.000 0.000 0.000 0.000 0.000 0.000 0.000 0.000 1.281 0.000 0.000 5.297 5.923 5.988 6.018 0.000 6.758 6.660 5.087 5.900 5.822 0.000 0.000 7.103 7.134 7.271 7.135 7.175 0.000 0.000 7.588 0.000 0.000 0.000 0.000 0.000 0.000 0.000 0.000 0.000 0.000 0.000 0.000 0.000 0.000 0.000 0.000 0.000 0.000 0.000 12.911 12.921 12.912 4.927 12.247
13.917 9.574 13.901 13.900 10.962 8.354 8.347 8.582 8.295 8.317 0.000 0.000 0.000 0.000 0.000 0.000 0.000 0.000 0.000 0.000 0.000 0.000 0.000 0.000 0.000 0.000 0.000 0.000 0.000 0.000 1.388 1.510 5.051 5.247 2.029 2.030 6.042 6.084 6.157 6.240 4.197 0.000 0.000 0.000 0.000 7.216 7.234 7.252 0.000 7.144 0.000 0.000 4.927 5.901 0.000 0.000 0.000 0.000 0.000 0.000 0.000 0.000 0.000 0.000 0.000 0.000 0.000 0.000 0.000 0.000 0.000 0.000 6.567 13.313 4.981 5.534 12.332
10.014 9.862 10.684 10.689 9.883 10.113 13.010 8.414 13.867 8.197 13.844 8.290 7.877 8.248 0.000 0.000 0.000 0.000 0.000 0.000 0.000 0.000 0.000 0.000 0.000 0.000 0.000 0.000 0.000 0.000 0.000 4.509 5.014 0.000 5.880 5.957 6.004 6.035 0.000 6.043 6.002 5.763 5.717 0.000 0.000 7.145 7.216 7.198 7.109 6.962 6.938 6.901 0.000 6.012 5.860 0.000 0.000 0.000 0.000 0.000 0.000 0.000 0.000 0.000 0.000 0.000 0.000 0.000 0.000 0.000 0.000 0.000 13.332 13.318 4.224 12.332 12.238
13.940 10.279 13.922 13.917 10.972 11.577 9.785 13.885 9.424 8.310 9.223 8.121 8.137 13.841 0.000 0.000 0.000 0.000 0.000 0.000 0.000 0.000 0.000 0.000 0.000 0.000 0.000 0.000 0.000 0.000 0.000 0.000 0.000 3.126 5.547 5.551 0.000 5.980 5.918 5.965 5.810 5.757 5.698 0.000 0.000 0.000 7.137 7.118 7.096 0.000 6.917 6.884 6.566 6.532 0.000 0.000 0.000 0.000 0.000 0.000 0.000 0.000 0.000 0.000 0.000 0.000 0.000 0.000 0.000 0.000 0.000 0.000 13.336 6.035 5.661 3.926 6.272
13.950 10.652 13.685 13.676 8.602 13.906 8.434 8.377 8.268 9.205 8.909 8.162 13.865 8.621 0.000 0.000 0.000 0.000 0.000 0.000 0.000 0.000 0.000 0.000 0.000 0.000 0.000 0.000 0.000 0.000 0.000 0.000 0.000 5.449 5.503 5.506 5.822 5.928 5.866 5.882 5.840 5.752 5.652 0.000 0.000 0.000 7.014 7.096 6.919 6.898 6.887 6.858 6.665 0.000 6.536 5.120 0.000 0.000 0.000 0.000 0.000 0.000 0.000 0.000 0.000 0.000 0.000 0.000 0.000 0.000 0.000 0.000 13.361 3.699 12.372 12.351 4.519
13.952 13.946 13.941 13.934 9.121 8.528 9.142 8.424 8.305 13.887 8.353 13.880 9.256 8.696 8.177 0.000 0.000 0.000 0.000 0.000 0.000 0.000 0.000 0.000 0.000 0.000 0.000 0.000 0.000 0.000 0.000 0.000 5.317 5.385 3.478 3.478 5.247 5.248 5.445 5.567 5.639 5.496 5.354 0.000 0.000 0.000 0.000 6.949 6.060 6.876 0.000 0.000 6.642 6.619 6.548 0.000 0.000 0.000 0.117 2.232 0.000 0.000 0.000 0.000 0.000 0.000 0.000 0.000 0.000 0.000 0.000 13.397 13.365 4.313 12.347 12.250 12.239
10.153 12.151 13.946 13.939 13.933 8.660 13.918 10.140 12.943 9.040 13.901 9.207 9.560 8.310 8.263 0.000 0.000 0.000 0.000 0.000 0.000 0.000 0.000 0.000 0.000 0.000 0.000 0.000 0.000 0.000 0.000 0.000 5.258 5.317 5.011 5.079 5.192 5.182 4.995 5.125 4.891 4.895 5.308 0.000 0.000 0.000 5.324 0.000 5.993 3.857 3.790 3.617 0.000 0.000 5.492 0.000 0.000 0.000 0.000 3.715 1.682 0.000 0.000 0.000 0.000 0.000 0.000 0.000 0.000 0.000 0.000 13.401 5.528 6.710 5.136 12.334 12.285
13.970 13.965 13.951 13.945 11.922 13.739 9.828 8.946 8.480 13.909 13.905 8.718 13.887 8.611 8.333 0.000 0.000 0.000 0.000 0.000 0.000 0.000 0.000 0.000 0.000 0.000 0.000 0.000 0.000 0.000 0.000 0.000 5.115 5.244 4.972 5.033 4.434 5.115 4.934 4.322 4.278 0.000 0.000 0.000 0.000 0.000 5.356 5.388 5.789 0.000 2.461 2.460 0.000 4.538 5.423 5.358 3.986 0.000 3.849 3.785 3.722 0.000 0.000 0.000 0.000 0.000 0.000 0.000 0.000 0.000 0.000 13.450 8.664 4.329 6.353 12.308 12.302
13.976 11.741 13.959 13.951 13.946 13.945 13.934 13.932 13.924 9.532 13.910 13.140 13.899 13.896 13.889 8.604 0.000 0.000 0.000 0.000 0.000 0.000 0.000 0.000 0.000 0.000 0.000 0.000 0.000 0.000 0.000 0.000 0.000 0.000 0.000 0.000 0.000 0.000 0.000 0.000 0.000 0.000 0.000 8.851 8.096 0.000 0.000 4.819 0.000 2.168 2.381 2.380 0.000 4.534 4.684 4.557 4.532 4.500 3.877 3.834 3.779 0.000 0.000 0.000 0.000 0.000 0.000 0.000 0.000 0.000 0.000 13.462 5.215 12.367 12.342 12.322 12.312
8.695 10.464 13.962 13.955 9.802 13.951 8.739 13.941 8.288 13.930 13.721 8.472 9.050 8.864 13.902 8.912 9.386 8.678 0.000 0.000 0.000 0.000 0.000 0.000 0.000 0.000 0.000 0.000 0.000 0.000 0.000 9.352 7.961 8.317 8.032 8.023 8.346 13.802 7.993 8.661 8.442 8.541 8.335 13.806 8.406 8.379 0.000 0.000 0.000 2.054 0.000 0.000 0.000 0.000 4.435 4.539 4.517 3.492 3.254 3.149 0.000 0.000 0.000 0.000 0.000 0.000 0.000 0.000 0.000 0.000 13.537 13.486 4.887 4.695 5.606 5.802 12.346
10.680 9.428 10.895 10.822 11.728 11.775 9.074 13.949 13.944 13.935 11.351 11.654 8.259 8.887 8.444 13.907 13.905 13.893 13.889 13.885 13.882 0.000 0.000 0.000 0.000 0.000 0.000 0.000 8.358 8.793 8.873 8.653 8.303 9.098 8.454 8.570 8.315 13.817 8.425 8.074 13.825 8.376 8.626 13.819 8.461 8.314 8.284 6.372 0.000 1.965 3.158 3.253 3.302 3.691 4.442 4.281 0.501 0.000 3.144 3.042 0.000 0.000 0.000 0.000 0.000 0.000 0.000 0.000 0.000 0.000 13.560 13.544 5.836 5.872 12.516 12.466 12.440
9.403 9.318 13.973 13.966 13.967 13.967 11.183 10.815 9.335 13.869 13.423 13.945 9.841 13.939 13.927 13.910 9.081 8.503 13.895 13.890 12.871 13.884 13.875 13.870 13.854 13.853 13.843 8.301 8.175 13.839 8.378 8.425 13.839 13.831 13.836 13.836 8.339 13.830 13.829 8.148 8.808 8.628 13.830 13.823 8.343 8.195 7.877 13.499 0.000 0.000 0.000 0.000 0.000 0.000 3.312 3.691 3.200 3.084 3.051 2.988 0.000 0.000 0.000 0.000 0.000 0.000 0.000 0.000 0.000 0.000 13.579 13.567 13.490 13.202 12.531 12.503 12.470
14.006 13.974 13.983 13.975 9.854 13.576 10.145 8.813 13.956 13.959 13.952 13.950 8.873 13.945 9.122 8.540 9.811 8.816 13.904 13.900 8.602 8.624 13.882 8.376 8.263 9.228 8.977 13.870 9.035 9.203 13.847 8.547 13.848 8.158 13.855 13.855 13.854 10.235 8.297 8.482 9.366 8.747 13.837 13.837 13.824 8.625 9.152 6.689 0.000 0.000 1.271 1.345 1.986 3.283 3.319 3.365 3.338 0.000 1.636 0.000 0.000 0.000 0.000 0.000 0.000 0.000 0.000 0.000 0.000 13.502 13.684 12.898 5.315 5.155 12.505 3.997 12.430
8.801 13.993 8.895 8.877 11.705 13.981 10.274 13.969 8.712 13.963 9.682 13.960 13.959 13.951 13.950 13.936 13.938 8.998 8.976 8.947 12.282 8.426 8.325 8.385 8.127 8.341 8.102 9.732 13.882 10.754 10.925 8.226 13.823 13.863 9.080 9.088 13.203 13.111 12.991 13.883 10.346 8.459 13.852 13.848 8.439 8.526 7.855 6.091 0.000 0.000 1.262 1.316 0.000 3.083 3.229 0.000 2.064 0.000 0.000 0.000 0.608 0.000 0.000 0.000 0.000 0.000 0.000 0.000 0.000 7.167 13.728 13.718 5.080 4.578 5.682 12.304 12.292
8.761 12.304 8.827 8.818 11.210 13.894 9.973 13.975 8.712 13.969 9.688 13.971 13.967 13.959 13.956 13.944 13.947 8.842 8.851 8.832 9.884 8.404 8.315 8.326 8.152 8.341 8.143 9.251 13.892 9.882 9.836 8.276 12.244 13.873 8.792 8.789 9.642 9.927 10.305 13.891 9.879 8.492 13.861 13.856 8.265 8.202 7.867 6.074 0.000 0.000 0.000 0.000 0.000 2.884 3.034 0.000 2.022 0.000 0.000 0.000 0.660 0.000 0.000 0.036 0.000 0.000 0.000 0.000 6.124 7.187 13.739 0.000 0.000 0.000 5.732 12.274 12.279
8.933 12.647 14.010 14.008 14.002 13.998 9.915 8.762 13.982 13.981 13.984 11.550 13.973 9.425 13.961 9.790 13.951 13.946 13.948 13.948 9.889 8.946 8.513 8.990 8.366 9.172 8.173 13.913 13.427 10.288 8.195 8.062 8.393 11.416 13.911 13.911 13.904 9.750 9.983 13.667 13.899 8.267 13.867 8.155 13.858 13.866 7.398 6.368 6.164 5.249 5.107 5.184 0.000 0.000 0.510 0.000 1.805 0.000 0.000 1.020 0.991 0.954 0.890 0.075 0.000 0.000 0.000 12.594 5.305 13.778 13.768 0.000 11.772 4.213 12.274 12.250 3.352
10.998 11.214 11.644 11.502 14.011 11.669 13.998 8.735 10.157 13.986 13.990 13.989 13.981 12.656 10.214 8.891 9.914 10.952 12.550 12.560 8.581 8.626 13.950 9.618 13.954 8.700 13.939 10.863 8.353 8.335 8.212 12.349 10.165 13.915 13.919 13.866 13.919 8.421 8.347 13.898 10.192 8.352 13.906 8.563 8.175 10.092 7.409 7.395 6.871 7.253 7.968 8.020 1.830 0.000 0.000 0.000 1.456 1.424 1.095 1.059 1.022 0.981 0.000 0.031 0.000 0.000 4.396 4.226 5.284 13.787 13.778 0.000 0.000 4.041 10.688 12.209 12.173
14.046 14.031 14.028 14.026 14.018 14.009 14.003 13.997 10.259 8.839 13.998 10.619 8.997 9.762 8.626 8.812 8.911 8.738 10.002 10.480 13.959 8.981 13.959 13.954 13.961 13.948 13.944 13.946 8.936 9.169 8.289 8.362 13.940 8.378 13.890 13.799 11.888 10.187 13.928 13.937 13.951 13.926 13.916 13.916 13.898 13.895 13.890 10.275 8.546 8.415 8.679 9.723 11.383 13.847 6.893 0.000 0.000 1.272 1.224 0.000 0.000 0.000 0.000 0.000 0.000 6.223 6.698 6.621 13.812 13.799 0.000 0.000 0.000 0.000 12.014 5.015 4.782
14.053 14.034 14.037 14.034 14.025 9.675 8.509 11.160 14.012 14.007 14.004 12.891 8.978 10.421 13.990 8.764 13.975 8.687 9.994 10.491 8.559 8.743 13.979 8.397 13.972 8.480 13.966 13.959 13.962 8.401 8.800 8.523 13.947 8.977 13.961 13.961 13.940 13.942 8.698 8.818 13.956 8.842 8.666 13.923 8.715 13.901 13.911 13.897 8.189 13.876 13.883 13.882 10.123 8.693 13.643 13.502 0.000 0.000 0.000 0.000 5.200 0.000 0.000 5.463 6.731 9.190 13.882 13.870 13.822 0.000 0.000 11.736 11.876 11.560 11.954 3.769 3.984
9.133 14.051 14.043 14.041 14.035 8.766 8.794 8.673 9.877 14.015 11.125 14.018 13.713 14.007 11.389 13.989 9.643 8.422 9.249 9.785 12.237 8.854 8.660 13.982 9.760 13.975 8.844 8.570 13.981 13.988 9.988 10.196 11.003 9.832 13.017 13.588 13.961 9.343 8.560 13.992 13.972 13.958 13.953 13.928 13.922 13.924 13.923 10.169 8.467 8.251 13.893 13.894 13.901 6.770 7.532 6.644 7.611 6.120 4.902 5.869 6.191 5.119 10.085 7.208 13.955 13.902 13.892 0.000 0.000 0.000 3.621 3.713 11.864 3.453 3.318 11.901 11.918
9.612 9.564 13.318 12.885 14.043 14.038 14.032 11.310 9.881 14.021 14.023 14.024 8.575 13.120 13.342 8.789 13.990 9.053 8.806 8.878 8.569 8.885 14.007 8.775 13.991 8.651 13.496 13.994 13.988 13.993 14.004 13.983 9.060 9.902 13.687 13.976 8.595 13.981 9.940 14.000 8.822 13.969 10.487 8.718 8.332 13.936 13.933 13.925 8.512 13.908 9.249 9.395 13.912 13.910 7.303 7.689 13.267 6.567 5.283 4.302 6.198 7.478 14.066 13.997 13.962 13.914 13.904 0.000 0.000 11.645 9.904 10.245 11.795 11.788 0.000 0.000 11.900
9.649 9.509 14.064 14.061 14.052 14.045 14.043 14.039 14.039 13.795 10.133 14.029 10.185 9.255 14.013 12.081 14.000 8.639 8.955 8.917 13.934 13.605 14.013 14.006 13.850 9.641 9.171 14.008 8.529 14.011 14.013 14.015 8.920 14.019 13.943 14.005 8.725 8.528 11.516 14.009 12.071 8.729 12.661 13.959 13.951 8.584 9.091 8.621 13.923 13.915 8.574 8.611 13.922 13.917 13.918 7.058 6.559 6.233 6.364 7.781 14.099 14.500 14.500 14.500 14.084 14.002 13.965 13.956 0.000 0.000 11.647 2.145 11.789 0.000 0.000 0.000 0.000
14.090 9.988 14.076 14.071 8.727 14.053 10.010 14.044 9.547 8.838 11.592 14.038 9.080 9.066 8.571 14.017 14.012 8.582 9.274 9.252 14.030 14.035 8.998 8.307 14.010 8.988 10.402 10.226 14.017 14.017 9.475 9.106 14.023 9.523 14.021 14.022 14.039 9.051 14.039 14.017 14.008 8.988 8.501 8.805 8.490 13.968 8.961 11.493 13.944 13.925 8.671 8.713 13.932 8.696 8.681 13.937 8.139 8.920 14.500 14.500 14.500 14.500 14.500 14.065 7.891 7.147 5.623 0.000 0.000 0.000 11.602 3.751 0.988 0.000 0.000 0.000 0.000
10.339 14.089 14.084 14.079 10.811 14.059 14.059 8.934 9.832 8.902 14.053 14.054 14.041 11.365 8.876 8.668 8.589 9.050 11.068 13.761 14.055 9.473 8.618 9.252 14.019 8.888 11.856 11.430 14.036 14.029 14.049 14.054 8.688 9.320 8.680 8.679 14.055 14.047 14.049 14.026 9.146 8.600 14.006 14.002 13.987 10.548 10.076 10.902 8.351 11.988 11.149 9.512 13.635 8.743 8.726 8.870 14.500 14.500 14.500 14.500 14.500 14.500 8.115 7.722 6.409 5.145 0.000 0.000 0.000 0.000 11.595 0.000 0.000 0.000 0.000 0.000 10.963
10.334 9.843 13.964 13.710 14.081 14.071 14.064 12.648 10.797 9.464 14.061 13.020 8.930 8.848 8.970 14.093 8.987 9.028 14.086 14.089 9.159 9.596 14.071 9.069 8.621 8.674 11.683 8.699 10.756 8.738 14.056 14.062 14.083 14.100 11.376 13.572 10.036 9.124 14.052 8.752 14.037 9.078 13.108 8.778 14.011 8.798 10.840 11.917 7.879 7.978 10.410 9.301 14.500 14.500 14.500 14.500 14.500 14.500 14.500 8.524 8.147 7.818 7.069 6.804 5.685 0.000 0.000 0.000 0.000 0.000 0.000 0.000 0.000 0.000 0.000 10.870 10.877
12.755 14.116 14.104 13.956 10.360 9.445 14.500 14.500 14.069 11.722 14.071 14.090 10.058 8.809 14.100 9.542 13.453 14.104 14.115 14.115 9.160 9.867 14.088 8.606 8.970 14.090 14.100 9.325 9.338 9.353 9.081 14.087 14.098 14.111 9.568 9.953 10.014 9.285 14.500 14.069 9.641 8.706 12.343 12.702 9.167 9.235 11.613 8.640 8.578 14.100 14.500 14.500 14.500 14.500 14.500 14.063 14.109 9.100 8.553 8.018 7.716 7.889 7.257 6.942 0.000 0.000 0.000 0.000 0.000 0.000 0.000 0.000 0.000 0.000 10.808 10.815 0.000
14.500 8.978 14.500 14.500 9.353 9.534 14.500 14.500 14.500 9.161 14.089 14.100 14.131 8.997 9.532 14.153 14.500 8.996 13.084 12.419 14.136 10.501 14.099 14.093 14.084 8.791 14.111 9.525 9.199 9.600 9.071 9.185 14.129 14.123 14.500 14.500 14.102 14.500 10.061 14.079 9.249 10.567 10.483 12.999 9.106 9.431 14.191 14.500 14.500 14.500 14.500 14.500 14.500 10.747 9.902 8.433 8.365 13.932 8.490 8.396 8.603 13.850 7.725 0.000 0.000 0.000 0.000 0.000 0.000 0.000 0.000 0.000 0.000 7.351 10.758 0.000 0.000
14.500 14.128 14.122 14.115 14.104 14.093 14.500 14.087 14.099 10.562 9.059 14.129 14.175 9.047 14.093 14.035 14.169 9.264 14.160 14.158 13.909 11.940 10.923 9.171 8.614 9.087 13.719 9.886 9.151 14.120 9.215 9.473 14.500 14.500 10.117 10.310 14.003 14.106 14.099 14.091 9.200 10.962 9.573 11.095 14.500 14.250 14.227 14.500 14.500 14.500 12.214 13.955 8.846 8.613 10.566 9.383 13.939 9.524 13.911 9.561 8.738 7.300 5.617 0.000 0.000 0.000 0.000 0.000 0.000 0.000 0.000 0.000 10.591 10.044 0.000 0.000 0.000
14.500 14.133 9.968 10.026 14.106 9.829 13.340 10.417 14.111 14.129 14.138 14.500 14.189 9.032 14.193 14.198 9.679 14.191 14.180 14.174 9.826 9.472 10.062 14.125 10.317 8.809 14.143 9.792 9.328 11.558 8.877 9.104 14.500 14.500 9.383 9.470 14.128 14.114 9.680 11.727 9.117 10.785 10.316 14.500 14.500 14.500 14.211 12.284 14.120 10.027 10.429 12.224 8.779 8.508 9.766 13.950 10.102 8.278 8.274 8.855 8.368 8.244 6.565 0.000 0.000 0.000 0.000 0.000 0.000 0.000 0.000 10.453 10.479 0.000 0.000 0.000 0.000
14.151 14.500 14.126 14.118 14.110 14.104 10.043 14.094 14.102 14.121 8.961 12.146 14.218 11.766 10.222 12.231 14.500 9.514 14.201 14.192 14.187 9.362 11.344 8.813 14.164 9.576 13.955 14.183 9.949 10.092 10.086 10.057 11.115 14.500 14.500 14.500 14.142 14.137 10.138 9.757 9.490 8.905 14.500 14.500 14.500 14.500 8.556 13.441 14.085 13.126 11.483 13.974 13.994 13.982 10.139 8.654 8.649 8.784 8.098 8.518 8.438 8.103 6.871 0.000 0.000 0.000 0.000 0.000 0.000 0.000 10.202 10.225 0.000 0.000 0.000 0.000 0.000
11.388 9.948 14.134 14.124 12.743 9.660 14.102 14.100 11.485 14.131 14.179 12.220 14.500 8.971 13.723 14.500 14.500 14.500 14.084 14.204 10.798 14.209 11.871 10.683 11.262 14.190 10.109 14.194 14.223 11.164 9.752 14.500 9.812 14.207 14.500 14.500 11.058 14.158 9.234 9.122 9.486 14.500 14.500 14.500 14.500 9.235 14.090 14.060 8.777 9.093 14.011 14.000 13.998 13.981 8.790 8.746 8.345 8.151 8.053 8.311 8.060 7.827 6.183 0.000 0.000 0.000 0.000 0.000 0.000 9.611 9.658 0.000 0.000 0.000 0.000 0.000 0.000
