dist_id,district_code,district_name,num_round,budget,received_tax,popul,N_area,U_area,Udense_area,AU_area,A_area,Us_area,Usdense_area,AUs_area,last(length_dikes_all),last(length_dikes_good),last(length_dikes_medium),last(length_dikes_bad),last(mean_alt_all_dikes),last(mean_alt_dikes_good),last(mean_alt_dikes_medium),last(mean_alt_dikes_bad),last(min_alt_all_dikes),last(min_alt_dikes_good),last(min_alt_dikes_medium),last(min_alt_dikes_bad),last(length_dunes_all),last(length_dunes_good),last(length_dunes_medium),last(length_dunes_bad),last(mean_alt_all_dunes),last(mean_alt_dunes_good),last(mean_alt_dunes_medium),last(mean_alt_dunes_bad),last(min_alt_all_dunes),last(min_alt_dunes_good),last(min_alt_dunes_medium),last(min_alt_dunes_bad),actions_cost,given_money,taken_money,transferred_money,levers_costs
4,76192,L1,0,2446,0,2718,500.91608408195515,244.5310179809888,0.0,0.0,1355.9670745341848,0.0,0.0,0.0,404.69130630781046,0.0,0.0,404.69130630781046,8.559998355555555,0.0,0.0,8.559998355555555,7.9291859,0.0,0.0,7.9291859,0.0,0.0,0.0,0.0,0.0,0.0,0.0,0.0,0.0,0.0,0.0,0.0,0,0,0,0,0
4,76192,L1,1,4843,2397,2664,500.91608408195515,244.5310179809888,0.0,0.0,1355.9670745341848,0.0,0.0,0.0,404.69130630781046,0.0,0.0,404.69130630781046,8.559998355555555,0.0,0.0,8.559998355555555,7.9291859,0.0,0.0,7.9291859,0.0,0.0,0.0,0.0,0.0,0.0,0.0,0.0,0.0,0.0,0.0,0.0,0,0,0,0,0
4,76192,L1,2,7194,2351,2613,500.91608408195515,244.5310179809888,0.0,0.0,1355.9670745341848,0.0,0.0,0.0,404.69130630781046,0.0,0.0,404.69130630781046,8.559998355555555,0.0,0.0,8.559998355555555,7.9291859,0.0,0.0,7.9291859,0.0,0.0,0.0,0.0,0.0,0.0,0.0,0.0,0.0,0.0,0.0,0.0,0,0,0,0,0
4,76192,L1,3,1060,2308,2565,500.91608408195515,244.5310179809888,0.0,0.0,1355.9670745341848,0.0,0.0,0.0,404.69130630781046,0.0,0.0,404.69130630781046,8.559998355555555,0.0,0.0,8.559998355555555,7.9291859,0.0,0.0,7.9291859,0.0,0.0,0.0,0.0,0.0,0.0,0.0,0.0,0.0,0.0,0.0,0.0,-8442,0,0,0,0
4,76192,L1,4,3317,2257,2508,500.91608408195515,244.5310179809888,0.0,0.0,1355.9670745341848,0.0,0.0,0.0,404.69130630781046,0.0,0.0,404.69130630781046,8.559998355555555,0.0,0.0,8.559998355555555,7.9291859,0.0,0.0,7.9291859,0.0,0.0,0.0,0.0,0.0,0.0,0.0,0.0,0.0,0.0,0.0,0.0,0,0,0,0,0
4,76192,L1,5,5518,2201,2446,500.91608408195515,244.5310179809888,0.0,0.0,1355.9670745341848,0.0,0.0,0.0,404.69130630781046,0.0,0.0,404.69130630781046,8.559998355555555,0.0,0.0,8.559998355555555,7.9291859,0.0,0.0,7.9291859,0.0,0.0,0.0,0.0,0.0,0.0,0.0,0.0,0.0,0.0,0.0,0.0,0,0,0,0,0
4,76192,L1,6,639,2156,2396,500.91608408195515,244.5310179809888,0.0,0.0,1355.9670745341848,0.0,0.0,0.0,404.69130630781046,0.0,0.0,404.69130630781046,8.559998355555555,0.0,0.0,8.559998355555555,7.9291859,0.0,0.0,7.9291859,0.0,0.0,0.0,0.0,0.0,0.0,0.0,0.0,0.0,0.0,0.0,0.0,-7035,0,0,0,0
4,76192,L1,7,2746,2107,2342,500.91608408195515,244.5310179809888,0.0,0.0,1355.9670745341848,0.0,0.0,0.0,404.69130630781046,0.0,0.0,404.69130630781046,8.559998355555555,0.0,0.0,8.559998355555555,7.9291859,0.0,0.0,7.9291859,0.0,0.0,0.0,0.0,0.0,0.0,0.0,0.0,0.0,0.0,0.0,0.0,0,0,0,0,0
4,76192,L1,8,4809,2063,2293,500.91608408195515,244.5310179809888,0.0,0.0,1355.9670745341848,0.0,0.0,0.0,404.69130630781046,0.0,0.0,404.69130630781046,8.559998355555555,0.0,0.0,8.559998355555555,7.9291859,0.0,0.0,7.9291859,0.0,0.0,0.0,0.0,0.0,0.0,0.0,0.0,0.0,0.0,0.0,0.0,0,0,0,0,0
4,76192,L1,9,6825,2016,2241,500.91608408195515,244.5310179809888,0.0,0.0,1355.9670745341848,0.0,0.0,0.0,404.69130630781046,0.0,0.0,404.69130630781046,8.559998355555555,0.0,0.0,8.559998355555555,7.9291859,0.0,0.0,7.9291859,0.0,0.0,0.0,0.0,0.0,0.0,0.0,0.0,0.0,0.0,0.0,0.0,0,0,0,0,0
4,76192,L1,10,8794,1969,2188,500.91608408195515,244.5310179809888,0.0,0.0,1355.9670745341848,0.0,0.0,0.0,404.69130630781046,0.0,0.0,404.69130630781046,8.559998355555555,0.0,0.0,8.559998355555555,7.9291859,0.0,0.0,7.9291859,0.0,0.0,0.0,0.0,0.0,0.0,0.0,0.0,0.0,0.0,0.0,0.0,0,0,0,0,0
4,76192,L1,11,10711,1917,2130,500.91608408195515,244.5310179809888,0.0,0.0,1355.9670745341848,0.0,0.0,0.0,404.69130630781046,0.0,0.0,404.69130630781046,8.559998355555555,0.0,0.0,8.559998355555555,7.9291859,0.0,0.0,7.9291859,0.0,0.0,0.0,0.0,0.0,0.0,0.0,0.0,0.0,0.0,0.0,0.0,0,0,0,0,0
4,76192,L1,12,12583,1872,2081,500.91608408195515,244.5310179809888,0.0,0.0,1355.9670745341848,0.0,0.0,0.0,404.69130630781046,0.0,0.0,404.69130630781046,8.559998355555555,0.0,0.0,8.559998355555555,7.9291859,0.0,0.0,7.9291859,0.0,0.0,0.0,0.0,0.0,0.0,0.0,0.0,0.0,0.0,0.0,0.0,0,0,0,0,0
4,76192,L1,13,14410,1827,2030,500.91608408195515,244.5310179809888,0.0,0.0,1355.9670745341848,0.0,0.0,0.0,404.69130630781046,0.0,0.0,404.69130630781046,8.559998355555555,0.0,0.0,8.559998355555555,7.9291859,0.0,0.0,7.9291859,0.0,0.0,0.0,0.0,0.0,0.0,0.0,0.0,0.0,0.0,0.0,0.0,0,0,0,0,0
4,76192,L1,14,16200,1790,1989,500.91608408195515,244.5310179809888,0.0,0.0,1355.9670745341848,0.0,0.0,0.0,404.69130630781046,0.0,0.0,404.69130630781046,8.559998355555555,0.0,0.0,8.559998355555555,7.9291859,0.0,0.0,7.9291859,0.0,0.0,0.0,0.0,0.0,0.0,0.0,0.0,0.0,0.0,0.0,0.0,0,0,0,0,0
4,76192,L1,15,17940,1740,1934,500.91608408195515,244.5310179809888,0.0,0.0,1355.9670745341848,0.0,0.0,0.0,404.69130630781046,0.0,0.0,404.69130630781046,8.559998355555555,0.0,0.0,8.559998355555555,7.9291859,0.0,0.0,7.9291859,0.0,0.0,0.0,0.0,0.0,0.0,0.0,0.0,0.0,0.0,0.0,0.0,0,0,0,0,0
4,76192,L1,16,19633,1693,1882,500.91608408195515,244.5310179809888,0.0,0.0,1355.9670745341848,0.0,0.0,0.0,404.69130630781046,0.0,0.0,404.69130630781046,8.559998355555555,0.0,0.0,8.559998355555555,7.9291859,0.0,0.0,7.9291859,0.0,0.0,0.0,0.0,0.0,0.0,0.0,0.0,0.0,0.0,0.0,0.0,0,0,0,0,0
4,76192,L1,17,21289,1656,1840,500.91608408195515,244.5310179809888,0.0,0.0,1355.9670745341848,0.0,0.0,0.0,404.69130630781046,0.0,0.0,404.69130630781046,8.559998355555555,0.0,0.0,8.559998355555555,7.9291859,0.0,0.0,7.9291859,0.0,0.0,0.0,0.0,0.0,0.0,0.0,0.0,0.0,0.0,0.0,0.0,0,0,0,0,0
4,76192,L1,18,22904,1615,1795,500.91608408195515,244.5310179809888,0.0,0.0,1355.9670745341848,0.0,0.0,0.0,404.69130630781046,0.0,0.0,404.69130630781046,8.559998355555555,0.0,0.0,8.559998355555555,7.9291859,0.0,0.0,7.9291859,0.0,0.0,0.0,0.0,0.0,0.0,0.0,0.0,0.0,0.0,0.0,0.0,0,0,0,0,0
4,76192,L1,19,24480,1576,1752,500.91608408195515,244.5310179809888,0.0,0.0,1355.9670745341848,0.0,0.0,0.0,404.69130630781046,0.0,0.0,404.69130630781046,8.559998355555555,0.0,0.0,8.559998355555555,7.9291859,0.0,0.0,7.9291859,0.0,0.0,0.0,0.0,0.0,0.0,0.0,0.0,0.0,0.0,0.0,0.0,0,0,0,0,0
4,76192,L1,20,26012,1532,1703,500.91608408195515,244.5310179809888,0.0,0.0,1355.9670745341848,0.0,0.0,0.0,404.69130630781046,0.0,0.0,404.69130630781046,8.559998355555555,0.0,0.0,8.559998355555555,7.9291859,0.0,0.0,7.9291859,0.0,0.0,0.0,0.0,0.0,0.0,0.0,0.0,0.0,0.0,0.0,0.0,0,0,0,0,0
4,76192,L1,21,27491,1479,1644,500.91608408195515,244.5310179809888,0.0,0.0,1355.9670745341848,0.0,0.0,0.0,404.69130630781046,0.0,0.0,404.69130630781046,8.559998355555555,0.0,0.0,8.559998355555555,7.9291859,0.0,0.0,7.9291859,0.0,0.0,0.0,0.0,0.0,0.0,0.0,0.0,0.0,0.0,0.0,0.0,0,0,0,0,0
4,76192,L1,22,28930,1439,1599,500.91608408195515,244.5310179809888,0.0,0.0,1355.9670745341848,0.0,0.0,0.0,404.69130630781046,0.0,0.0,404.69130630781046,8.559998355555555,0.0,0.0,8.559998355555555,7.9291859,0.0,0.0,7.9291859,0.0,0.0,0.0,0.0,0.0,0.0,0.0,0.0,0.0,0.0,0.0,0.0,0,0,0,0,0
4,76192,L1,23,30330,1400,1556,500.91608408195515,244.5310179809888,0.0,0.0,1355.9670745341848,0.0,0.0,0.0,404.69130630781046,0.0,0.0,404.69130630781046,8.559998355555555,0.0,0.0,8.559998355555555,7.9291859,0.0,0.0,7.9291859,0.0,0.0,0.0,0.0,0.0,0.0,0.0,0.0,0.0,0.0,0.0,0.0,0,0,0,0,0
4,76192,L1,24,30689,1359,1510,500.91608408195515,244.5310179809888,0.0,0.0,1355.9670745341848,0.0,0.0,0.0,404.69130630781046,0.0,0.0,404.69130630781046,8.559998355555555,0.0,0.0,8.559998355555555,7.9291859,0.0,0.0,7.9291859,0.0,0.0,0.0,0.0,0.0,0.0,0.0,0.0,0.0,0.0,0.0,0.0,-1000,0,0,0,0
4,76192,L1,25,32007,1318,1465,500.91608408195515,243.5310179809888,0.0,0.0,1355.9670745341848,1.0,0.0,0.0,404.69130630781046,0.0,0.0,404.69130630781046,8.559998355555555,0.0,0.0,8.559998355555555,7.9291859,0.0,0.0,7.9291859,0.0,0.0,0.0,0.0,0.0,0.0,0.0,0.0,0.0,0.0,0.0,0.0,0,0,0,0,0
4,76192,L1,26,33281,1274,1416,500.91608408195515,243.5310179809888,0.0,0.0,1355.9670745341848,1.0,0.0,0.0,404.69130630781046,0.0,0.0,404.69130630781046,8.559998355555555,0.0,0.0,8.559998355555555,7.9291859,0.0,0.0,7.9291859,0.0,0.0,0.0,0.0,0.0,0.0,0.0,0.0,0.0,0.0,0.0,0.0,0,0,0,0,0
4,76192,L1,27,31014,1233,1371,500.91608408195515,243.5310179809888,0.0,0.0,1355.9670745341848,1.0,0.0,0.0,404.69130630781046,0.0,0.0,404.69130630781046,8.559998355555555,0.0,0.0,8.559998355555555,7.9291859,0.0,0.0,7.9291859,0.0,0.0,0.0,0.0,0.0,0.0,0.0,0.0,0.0,0.0,0.0,0.0,-4000,0,0,0,500
4,76192,L1,28,32211,1197,1331,500.91608408195515,239.5310179809888,0.0,0.0,1355.9670745341848,5.0,0.0,0.0,404.69130630781046,0.0,0.0,404.69130630781046,8.559998355555555,0.0,0.0,8.559998355555555,7.9291859,0.0,0.0,7.9291859,0.0,0.0,0.0,0.0,0.0,0.0,0.0,0.0,0.0,0.0,0.0,0.0,0,0,0,0,0
4,76192,L1,29,33372,1161,1290,500.91608408195515,239.5310179809888,0.0,0.0,1355.9670745341848,5.0,0.0,0.0,404.69130630781046,0.0,0.0,404.69130630781046,8.559998355555555,0.0,0.0,8.559998355555555,7.9291859,0.0,0.0,7.9291859,0.0,0.0,0.0,0.0,0.0,0.0,0.0,0.0,0.0,0.0,0.0,0.0,0,0,0,0,0
4,76192,L1,30,34485,1113,1237,500.91608408195515,239.5310179809888,0.0,0.0,1355.9670745341848,5.0,0.0,0.0,404.69130630781046,0.0,0.0,404.69130630781046,8.559998355555555,0.0,0.0,8.559998355555555,7.9291859,0.0,0.0,7.9291859,0.0,0.0,0.0,0.0,0.0,0.0,0.0,0.0,0.0,0.0,0.0,0.0,0,0,0,0,0
4,76192,L1,31,35556,1071,1191,500.91608408195515,239.5310179809888,0.0,0.0,1355.9670745341848,5.0,0.0,0.0,404.69130630781046,0.0,0.0,404.69130630781046,8.559998355555555,0.0,0.0,8.559998355555555,7.9291859,0.0,0.0,7.9291859,0.0,0.0,0.0,0.0,0.0,0.0,0.0,0.0,0.0,0.0,0.0,0.0,0,0,0,0,0
4,76192,L1,32,36592,1036,1152,500.91608408195515,239.5310179809888,0.0,0.0,1355.9670745341848,5.0,0.0,0.0,404.69130630781046,0.0,0.0,404.69130630781046,8.559998355555555,0.0,0.0,8.559998355555555,7.9291859,0.0,0.0,7.9291859,0.0,0.0,0.0,0.0,0.0,0.0,0.0,0.0,0.0,0.0,0.0,0.0,0,0,0,0,0
4,76192,L1,33,37594,1002,1114,500.91608408195515,239.5310179809888,0.0,0.0,1355.9670745341848,5.0,0.0,0.0,404.69130630781046,0.0,0.0,404.69130630781046,8.559998355555555,0.0,0.0,8.559998355555555,7.9291859,0.0,0.0,7.9291859,0.0,0.0,0.0,0.0,0.0,0.0,0.0,0.0,0.0,0.0,0.0,0.0,0,0,0,0,0
4,76192,L1,34,38565,971,1079,500.91608408195515,239.5310179809888,0.0,0.0,1355.9670745341848,5.0,0.0,0.0,404.69130630781046,0.0,0.0,404.69130630781046,8.559998355555555,0.0,0.0,8.559998355555555,7.9291859,0.0,0.0,7.9291859,0.0,0.0,0.0,0.0,0.0,0.0,0.0,0.0,0.0,0.0,0.0,0.0,0,0,0,0,0
4,76192,L1,35,39499,934,1038,500.91608408195515,239.5310179809888,0.0,0.0,1355.9670745341848,5.0,0.0,0.0,404.69130630781046,0.0,0.0,404.69130630781046,8.559998355555555,0.0,0.0,8.559998355555555,7.9291859,0.0,0.0,7.9291859,0.0,0.0,0.0,0.0,0.0,0.0,0.0,0.0,0.0,0.0,0.0,0.0,0,0,0,0,0
4,76192,L1,36,40408,909,1011,500.91608408195515,239.5310179809888,0.0,0.0,1355.9670745341848,5.0,0.0,0.0,404.69130630781046,0.0,0.0,404.69130630781046,8.559998355555555,0.0,0.0,8.559998355555555,7.9291859,0.0,0.0,7.9291859,0.0,0.0,0.0,0.0,0.0,0.0,0.0,0.0,0.0,0.0,0.0,0.0,0,0,0,0,0
4,76192,L1,37,41290,882,980,500.91608408195515,239.5310179809888,0.0,0.0,1355.9670745341848,5.0,0.0,0.0,404.69130630781046,0.0,0.0,404.69130630781046,8.559998355555555,0.0,0.0,8.559998355555555,7.9291859,0.0,0.0,7.9291859,0.0,0.0,0.0,0.0,0.0,0.0,0.0,0.0,0.0,0.0,0.0,0.0,0,0,0,0,0
4,76192,L1,38,42137,847,942,500.91608408195515,239.5310179809888,0.0,0.0,1355.9670745341848,5.0,0.0,0.0,404.69130630781046,0.0,0.0,404.69130630781046,8.559998355555555,0.0,0.0,8.559998355555555,7.9291859,0.0,0.0,7.9291859,0.0,0.0,0.0,0.0,0.0,0.0,0.0,0.0,0.0,0.0,0.0,0.0,0,0,0,0,0
4,76192,L1,39,42956,819,911,500.91608408195515,239.5310179809888,0.0,0.0,1355.9670745341848,5.0,0.0,0.0,404.69130630781046,0.0,0.0,404.69130630781046,8.559998355555555,0.0,0.0,8.559998355555555,7.9291859,0.0,0.0,7.9291859,0.0,0.0,0.0,0.0,0.0,0.0,0.0,0.0,0.0,0.0,0.0,0.0,0,0,0,0,0
4,76192,L1,40,43739,783,871,500.91608408195515,239.5310179809888,0.0,0.0,1355.9670745341848,5.0,0.0,0.0,404.69130630781046,0.0,0.0,404.69130630781046,8.559998355555555,0.0,0.0,8.559998355555555,7.9291859,0.0,0.0,7.9291859,0.0,0.0,0.0,0.0,0.0,0.0,0.0,0.0,0.0,0.0,0.0,0.0,0,0,0,0,0
4,76192,L1,41,44489,750,834,500.91608408195515,239.5310179809888,0.0,0.0,1355.9670745341848,5.0,0.0,0.0,404.69130630781046,0.0,0.0,404.69130630781046,8.559998355555555,0.0,0.0,8.559998355555555,7.9291859,0.0,0.0,7.9291859,0.0,0.0,0.0,0.0,0.0,0.0,0.0,0.0,0.0,0.0,0.0,0.0,0,0,0,0,0
