includes/overflow_coast_co/floodfiles/results_R2_t1.605555492999E12 submersion faible - st pierre rupture dune49 et surverse dune11/res-0004.wd
ncols         906
nrows         631
xllcorner     362177.146666679996997
yllcorner     6534725.688019599765539
cellsize      20.000000000000000
NODATA_value  -9999.000000
[rows 544 to 577 of 631, columns 231 to 307 of 906]
10.103 10.041 9.980 9.918 9.856 9.795 9.733 9.879 10.028 10.176 10.325 10.473 10.621 10.770 10.918 11.066 11.088 11.074 11.114 11.165 11.217 11.228 11.073 10.918 10.763 10.607 10.452 10.297 10.142 9.987 10.039 10.138 10.237 10.336 10.436 10.375 10.215 10.055 9.895 9.736 9.576 9.416 9.362 9.450 9.537 9.624 9.711 9.798 9.885 9.972 10.059 10.146 10.110 10.047 9.983 10.013 10.084 10.156 10.082 9.958 9.835 9.711 9.587 9.464 9.340 9.216 9.093 8.969 8.924 8.947 8.971 8.994 9.017 9.040 9.063 9.087 9.029
10.061 10.085 10.023 9.962 9.900 9.838 9.807 9.956 10.104 10.253 10.401 10.549 10.698 10.846 10.995 11.143 11.291 11.346 11.393 11.288 11.133 10.978 10.822 10.667 10.512 10.357 10.201 10.046 9.891 9.736 9.815 9.915 10.014 10.113 10.212 10.312 10.358 10.198 10.039 9.879 9.719 9.559 9.518 9.606 9.693 9.780 9.867 9.954 10.041 10.128 10.090 10.027 9.963 9.900 9.836 9.870 9.941 10.013 10.084 10.155 10.051 9.927 9.804 9.680 9.556 9.433 9.309 9.185 9.127 9.150 9.173 9.196 9.220 9.243 9.266 9.178 9.079
9.949 10.024 10.067 10.005 9.944 9.882 9.884 10.032 10.181 10.329 10.478 10.626 10.774 10.923 11.071 11.219 11.266 11.268 11.193 11.037 10.882 10.727 10.572 10.416 10.261 10.106 9.951 9.796 9.640 9.493 9.592 9.692 9.791 9.890 9.989 10.089 10.188 10.287 10.182 10.022 9.863 9.703 9.674 9.762 9.849 9.936 10.023 10.110 10.070 10.007 9.943 9.880 9.817 9.753 9.690 9.727 9.798 9.870 9.941 10.013 10.084 10.144 10.020 9.896 9.773 9.649 9.525 9.402 9.329 9.352 9.376 9.399 9.422 9.425 9.326 9.227 9.129
9.836 9.911 9.987 10.049 9.987 9.925 9.960 10.109 10.257 10.406 10.554 10.702 10.848 10.852 10.857 10.861 10.866 10.865 10.855 10.787 10.631 10.476 10.321 10.166 10.010 9.855 9.700 9.545 9.390 9.270 9.369 9.469 9.568 9.667 9.766 9.865 9.965 10.064 10.163 10.166 10.006 9.846 9.830 9.918 10.005 10.092 10.051 9.987 9.924 9.860 9.797 9.733 9.670 9.606 9.543 9.584 9.656 9.727 9.798 9.870 9.941 10.012 10.084 10.113 9.989 9.866 9.742 9.618 9.532 9.555 9.578 9.601 9.573 9.474 9.376 9.277 9.179
9.723 9.799 9.874 9.950 10.026 9.969 10.037 10.185 10.334 10.435 10.439 10.444 10.448 10.453 10.457 10.462 10.466 10.461 10.452 10.442 10.381 10.225 10.070 9.915 9.760 9.604 9.449 9.294 9.139 9.047 9.146 9.246 9.345 9.444 9.543 9.642 9.742 9.841 9.940 10.039 10.139 9.990 9.986 10.074 10.031 9.967 9.904 9.840 9.777 9.713 9.650 9.587 9.523 9.460 9.396 9.441 9.513 9.584 9.655 9.727 9.798 9.869 9.941 10.012 10.084 10.082 9.958 9.835 9.734 9.757 9.781 9.722 9.623 9.524 9.426 9.327 9.229
9.610 9.686 9.762 9.837 9.913 9.989 10.022 10.026 10.031 10.035 10.040 10.044 10.049 10.053 10.058 10.062 10.067 10.058 10.048 10.039 10.029 9.974 9.819 9.664 9.509 9.354 9.198 9.043 8.888 8.824 8.923 9.022 9.122 9.221 9.320 9.419 9.519 9.618 9.717 9.816 9.916 10.015 10.011 9.947 9.884 9.821 9.757 9.694 9.630 9.567 9.503 9.440 9.376 9.313 9.249 9.298 9.370 9.441 9.512 9.584 9.655 9.726 9.798 9.869 9.941 10.012 10.084 10.051 9.937 9.960 9.870 9.771 9.673 9.574 9.476 9.377 9.279
9.497 9.573 9.643 9.632 9.620 9.610 9.621 9.626 9.631 9.636 9.640 9.645 9.649 9.654 9.658 9.663 9.664 9.655 9.645 9.635 9.626 9.616 9.568 9.413 9.258 9.103 8.948 8.792 8.637 8.601 8.700 8.799 8.898 8.998 9.097 9.196 9.295 9.395 9.494 9.593 9.702 9.814 9.829 9.801 9.737 9.674 9.610 9.547 9.483 9.420 9.356 9.293 9.229 9.166 9.103 9.155 9.227 9.298 9.369 9.441 9.512 9.583 9.655 9.726 9.798 9.869 9.941 10.012 10.076 10.019 9.920 9.821 9.723 9.624 9.526 9.427 9.328
9.254 9.242 9.231 9.220 9.208 9.204 9.215 9.226 9.231 9.236 9.241 9.245 9.250 9.254 9.259 9.263 9.261 9.251 9.241 9.232 9.222 9.212 9.203 9.162 9.007 8.852 8.697 8.541 8.386 8.378 8.477 8.576 8.675 8.775 8.874 8.973 9.072 9.172 9.280 9.391 9.503 9.615 9.619 9.607 9.590 9.527 9.464 9.400 9.337 9.273 9.210 9.146 9.083 9.019 8.956 9.012 9.084 9.155 9.226 9.298 9.369 9.440 9.512 9.583 9.655 9.726 9.798 9.844 9.883 9.900 9.914 9.871 9.773 9.674 9.576 9.477 9.378
8.842 8.830 8.819 8.807 8.796 8.798 8.809 8.820 8.831 8.836 8.841 8.846 8.850 8.855 8.859 8.864 8.858 8.848 8.838 8.828 8.819 8.809 8.799 8.790 8.756 8.601 8.446 8.291 8.135 8.155 8.254 8.353 8.452 8.551 8.651 8.750 8.857 8.969 9.081 9.192 9.304 9.415 9.408 9.397 9.385 9.374 9.317 9.253 9.190 9.126 9.063 9.000 8.936 8.873 8.809 8.869 8.941 9.012 9.083 9.155 9.226 9.298 9.369 9.440 9.512 9.575 9.613 9.651 9.689 9.709 9.723 9.738 9.752 9.724 9.625 9.527 9.428
8.429 8.418 8.407 8.396 8.384 8.392 8.403 8.414 8.425 8.436 8.441 8.446 8.451 8.455 8.459 8.464 8.454 8.445 8.435 8.425 8.415 8.406 8.396 8.386 8.376 8.350 8.195 8.040 7.884 7.931 8.031 8.130 8.229 8.328 8.435 8.546 8.658 8.770 8.881 8.993 9.104 9.209 9.197 9.186 9.175 9.163 9.152 9.106 9.043 8.980 8.916 8.853 8.789 8.726 8.662 8.726 8.798 8.869 8.940 9.012 9.083 9.155 9.226 9.297 9.343 9.381 9.420 9.458 9.496 9.518 9.533 9.547 9.561 9.575 9.590 9.577 9.478
8.017 8.006 7.995 7.983 7.974 7.986 7.997 8.008 8.019 8.030 8.042 8.046 8.051 8.055 8.060 8.061 8.051 8.041 8.031 8.022 8.012 8.002 7.992 7.983 7.973 7.963 7.944 7.789 7.634 7.708 7.808 7.907 8.012 8.124 8.235 8.347 8.459 8.570 8.682 8.793 8.905 8.998 8.987 8.975 8.964 8.953 8.941 8.930 8.896 8.833 8.769 8.706 8.642 8.579 8.516 8.583 8.655 8.726 8.797 8.869 8.940 9.012 9.073 9.111 9.150 9.188 9.226 9.265 9.303 9.327 9.342 9.356 9.370 9.384 9.399 9.413 9.427
7.605 7.594 7.583 7.571 7.568 7.580 7.591 7.602 7.613 7.624 7.636 7.647 7.651 7.656 7.660 7.657 7.647 7.638 7.628 7.618 7.608 7.599 7.589 7.579 7.570 7.560 7.550 7.538 7.386 7.485 7.590 7.701 7.813 7.925 8.036 8.148 8.259 8.371 8.482 8.594 8.706 8.787 8.776 8.765 8.753 8.742 8.730 8.719 8.708 8.686 8.623 8.559 8.496 8.432 8.369 8.440 8.512 8.583 8.654 8.726 8.797 8.841 8.880 8.918 8.956 8.994 9.033 9.071 9.110 9.136 9.151 9.165 9.179 9.193 9.208 9.222 9.236
7.193 7.182 7.171 7.159 7.162 7.174 7.185 7.196 7.207 7.218 7.229 7.241 7.252 7.256 7.261 7.254 7.244 7.234 7.224 7.215 7.205 7.195 7.185 7.176 7.166 7.156 7.147 7.140 7.176 7.279 7.390 7.502 7.614 7.725 7.837 7.948 8.060 8.171 8.283 8.395 8.506 8.577 8.565 8.554 8.542 8.531 8.520 8.508 8.497 8.486 8.474 8.412 8.349 8.286 8.226 8.297 8.369 8.440 8.511 8.571 8.610 8.648 8.686 8.725 8.763 8.801 8.840 8.878 8.916 8.945 8.960 8.974 8.988 9.002 9.017 9.031 9.045
6.781 6.770 6.759 6.747 6.756 6.767 6.779 6.790 6.801 6.812 6.823 6.835 6.846 6.856 6.860 6.850 6.841 6.831 6.821 6.811 6.817 6.846 6.875 6.904 6.932 6.961 6.990 7.019 7.074 7.143 7.215 7.303 7.414 7.526 7.637 7.749 7.861 7.972 8.084 8.195 8.307 8.366 8.355 8.343 8.332 8.320 8.309 8.298 8.286 8.275 8.264 8.252 8.202 8.139 8.083 8.154 8.226 8.297 8.340 8.378 8.416 8.455 8.493 8.531 8.570 8.608 8.646 8.685 8.723 8.754 8.768 8.783 8.797 8.811 8.826 8.840 8.854
6.390 6.358 6.346 6.339 6.350 6.361 6.373 6.384 6.395 6.406 6.417 6.428 6.440 6.469 6.523 6.552 6.581 6.609 6.638 6.667 6.696 6.725 6.754 6.783 6.811 6.840 6.869 6.910 6.973 7.038 7.110 7.183 7.255 7.327 7.438 7.550 7.661 7.773 7.884 7.996 8.107 8.155 8.144 8.132 8.121 8.110 8.098 8.087 8.076 8.064 8.053 8.042 8.030 7.992 7.940 8.011 8.070 8.108 8.146 8.185 8.223 8.261 8.300 8.338 8.376 8.415 8.453 8.491 8.530 8.563 8.577 8.592 8.606 8.620 8.635 8.649 8.663
6.036 5.968 5.934 5.933 5.944 5.955 5.967 5.978 6.029 6.093 6.156 6.219 6.283 6.346 6.394 6.431 6.460 6.489 6.517 6.546 6.575 6.604 6.633 6.662 6.691 6.719 6.748 6.809 6.871 6.934 7.006 7.078 7.150 7.222 7.294 7.367 7.462 7.573 7.685 7.796 7.908 7.944 7.933 7.922 7.910 7.899 7.888 7.876 7.865 7.854 7.842 7.831 7.820 7.808 7.797 7.838 7.877 7.915 7.953 7.991 8.030 8.068 8.106 8.145 8.183 8.221 8.260 8.298 8.336 8.372 8.387 8.401 8.415 8.429 8.444 8.458 8.472
5.682 5.614 5.548 5.589 5.652 5.716 5.779 5.843 5.907 5.970 6.033 6.097 6.160 6.220 6.263 6.306 6.339 6.368 6.397 6.425 6.454 6.483 6.512 6.541 6.569 6.598 6.646 6.708 6.770 6.833 6.901 6.973 7.045 7.117 7.190 7.262 7.334 7.406 7.485 7.597 7.708 7.734 7.722 7.711 7.700 7.688 7.677 7.666 7.661 7.665 7.668 7.672 7.675 7.678 7.746 7.727 7.689 7.722 7.760 7.798 7.836 7.875 7.913 7.951 7.990 8.028 8.066 8.105 8.143 8.181 8.195 8.210 8.224 8.238 8.253 8.267 8.281
5.433 5.416 5.404 5.466 5.530 5.593 5.657 5.720 5.784 5.847 5.911 5.974 6.038 6.089 6.132 6.175 6.218 6.247 6.275 6.304 6.333 6.362 6.391 6.420 6.448 6.482 6.544 6.607 6.669 6.731 6.796 6.868 6.941 7.013 7.085 7.157 7.229 7.301 7.373 7.445 7.518 7.535 7.539 7.542 7.546 7.549 7.553 7.556 7.560 7.563 7.567 7.570 7.574 7.613 7.707 7.727 7.690 7.652 7.615 7.605 7.643 7.681 7.720 7.758 7.796 7.835 7.873 7.911 7.950 7.988 8.005 8.019 8.033 8.047 8.062 8.076 8.090
5.283 5.266 5.282 5.345 5.407 5.471 5.534 5.598 5.661 5.725 5.788 5.852 5.914 5.958 6.001 6.044 6.088 6.126 6.154 6.183 6.212 6.241 6.270 6.299 6.327 6.381 6.443 6.505 6.568 6.630 6.692 6.763 6.836 6.908 6.980 7.052 7.124 7.196 7.269 7.341 7.398 7.434 7.437 7.441 7.444 7.448 7.452 7.455 7.459 7.462 7.465 7.469 7.481 7.574 7.668 7.728 7.690 7.653 7.615 7.577 7.540 7.502 7.526 7.565 7.603 7.641 7.680 7.718 7.756 7.795 7.813 7.828 7.842 7.856 7.871 7.885 7.938
5.133 5.116 5.161 5.223 5.286 5.348 5.412 5.475 5.539 5.602 5.666 5.729 5.783 5.827 5.870 5.913 5.957 6.000 6.033 6.062 6.091 6.120 6.149 6.178 6.218 6.280 6.342 6.404 6.466 6.529 6.591 6.659 6.731 6.803 6.875 6.947 7.020 7.092 7.164 7.224 7.275 7.326 7.336 7.340 7.343 7.347 7.350 7.354 7.357 7.361 7.364 7.368 7.441 7.535 7.628 7.722 7.691 7.653 7.615 7.578 7.540 7.503 7.465 7.428 7.410 7.448 7.486 7.525 7.563 7.601 7.622 7.637 7.651 7.665 7.706 7.780 7.854
4.984 4.977 5.039 5.102 5.164 5.226 5.289 5.353 5.416 5.480 5.543 5.607 5.652 5.696 5.739 5.782 5.826 5.869 5.912 5.941 5.970 5.999 6.028 6.057 6.116 6.179 6.241 6.303 6.365 6.428 6.490 6.554 6.626 6.698 6.770 6.843 6.915 6.987 7.049 7.100 7.151 7.202 7.235 7.238 7.242 7.245 7.249 7.252 7.256 7.259 7.263 7.309 7.402 7.496 7.589 7.683 7.691 7.653 7.616 7.578 7.541 7.503 7.466 7.428 7.391 7.353 7.316 7.331 7.370 7.408 7.431 7.446 7.475 7.548 7.622 7.696 7.769
4.834 4.855 4.917 4.980 5.042 5.105 5.167 5.230 5.294 5.357 5.420 5.478 5.521 5.564 5.608 5.651 5.694 5.738 5.781 5.820 5.849 5.878 5.907 5.953 6.015 6.077 6.139 6.202 6.264 6.326 6.389 6.451 6.521 6.593 6.666 6.738 6.810 6.874 6.925 6.976 7.028 7.079 7.130 7.137 7.141 7.144 7.148 7.151 7.155 7.158 7.176 7.270 7.363 7.457 7.550 7.644 7.691 7.654 7.616 7.579 7.541 7.504 7.466 7.429 7.391 7.354 7.316 7.279 7.241 7.215 7.243 7.317 7.390 7.464 7.538 7.611 7.685
4.684 4.733 4.796 4.858 4.920 4.983 5.045 5.108 5.171 5.234 5.298 5.347 5.390 5.433 5.477 5.520 5.563 5.607 5.650 5.693 5.728 5.757 5.789 5.852 5.914 5.976 6.038 6.101 6.163 6.225 6.288 6.350 6.416 6.489 6.561 6.633 6.700 6.751 6.802 6.853 6.904 6.955 7.006 7.036 7.039 7.043 7.046 7.050 7.053 7.057 7.137 7.231 7.324 7.418 7.511 7.605 7.692 7.654 7.617 7.579 7.542 7.504 7.467 7.429 7.392 7.354 7.317 7.279 7.242 7.212 7.210 7.232 7.306 7.380 7.454 7.527 7.601
4.549 4.611 4.674 4.736 4.799 4.861 4.924 4.986 5.048 5.112 5.172 5.216 5.259 5.302 5.346 5.389 5.432 5.476 5.519 5.562 5.606 5.636 5.688 5.750 5.813 5.875 5.937 5.999 6.062 6.124 6.186 6.249 6.312 6.384 6.456 6.525 6.576 6.627 6.678 6.729 6.781 6.832 6.883 6.934 6.938 6.941 6.945 6.949 6.952 7.004 7.098 7.192 7.285 7.379 7.472 7.566 7.659 7.655 7.617 7.580 7.542 7.505 7.467 7.430 7.392 7.355 7.317 7.280 7.253 7.239 7.230 7.249 7.268 7.296 7.369 7.443 7.517
4.427 4.490 4.552 4.615 4.677 4.739 4.802 4.864 4.927 4.989 5.041 5.085 5.128 5.171 5.214 5.258 5.301 5.344 5.388 5.431 5.476 5.528 5.587 5.649 5.711 5.774 5.836 5.898 5.960 6.023 6.085 6.147 6.210 6.279 6.350 6.401 6.453 6.503 6.555 6.606 6.657 6.708 6.759 6.810 6.837 6.840 6.844 6.847 6.872 6.965 7.059 7.152 7.246 7.339 7.433 7.526 7.620 7.655 7.617 7.580 7.542 7.505 7.467 7.430 7.392 7.355 7.317 7.294 7.280 7.265 7.251 7.270 7.288 7.307 7.326 7.359 7.433
4.305 4.368 4.430 4.493 4.555 4.622 4.689 4.757 4.824 4.891 4.931 4.977 5.023 5.068 5.114 5.160 5.206 5.252 5.298 5.343 5.389 5.495 5.564 5.616 5.668 5.720 5.773 5.825 5.877 5.929 5.984 6.046 6.108 6.174 6.227 6.278 6.329 6.380 6.431 6.482 6.533 6.584 6.636 6.687 6.735 6.739 6.742 6.746 6.833 6.926 7.020 7.113 7.207 7.300 7.394 7.487 7.581 7.655 7.618 7.580 7.543 7.505 7.468 7.430 7.393 7.355 7.335 7.321 7.306 7.292 7.278 7.290 7.309 7.328 7.347 7.365 7.384
4.223 4.291 4.358 4.426 4.494 4.561 4.629 4.696 4.764 4.813 4.846 4.890 4.936 4.982 5.028 5.074 5.119 5.165 5.211 5.257 5.333 5.448 5.546 5.599 5.651 5.703 5.755 5.808 5.860 5.912 5.965 6.017 6.069 6.081 6.123 6.165 6.207 6.256 6.308 6.359 6.410 6.461 6.512 6.563 6.615 6.638 6.641 6.700 6.793 6.887 6.980 7.074 7.167 7.261 7.354 7.448 7.541 7.635 7.618 7.581 7.543 7.506 7.468 7.431 7.393 7.376 7.362 7.347 7.333 7.319 7.304 7.311 7.330 7.348 7.367 7.386 7.405
4.163 4.230 4.298 4.365 4.433 4.500 4.568 4.636 4.703 4.735 4.768 4.804 4.849 4.895 4.941 4.987 5.033 5.079 5.124 5.171 5.286 5.401 5.516 5.581 5.634 5.686 5.738 5.791 5.843 5.895 5.948 6.000 6.023 6.019 6.046 6.089 6.131 6.173 6.215 6.257 6.299 6.342 6.389 6.440 6.491 6.536 6.567 6.661 6.754 6.848 6.941 7.035 7.128 7.222 7.315 7.409 7.502 7.596 7.619 7.581 7.543 7.506 7.469 7.431 7.417 7.402 7.388 7.374 7.360 7.345 7.331 7.331 7.350 7.369 7.388 7.406 7.425
4.115 4.169 4.237 4.304 4.372 4.440 4.507 4.575 4.625 4.658 4.691 4.724 4.763 4.809 4.855 4.900 4.946 4.992 5.038 5.125 5.240 5.355 5.470 5.564 5.617 5.669 5.721 5.774 5.826 5.878 5.931 5.967 5.963 5.959 5.970 6.012 6.054 6.097 6.139 6.181 6.223 6.265 6.308 6.350 6.392 6.434 6.522 6.621 6.715 6.808 6.902 6.995 7.089 7.183 7.276 7.370 7.463 7.557 7.619 7.581 7.544 7.506 7.472 7.458 7.443 7.429 7.415 7.401 7.386 7.372 7.358 7.352 7.371 7.389 7.408 7.427 7.446
4.076 4.109 4.176 4.244 4.311 4.379 4.447 4.514 4.547 4.580 4.613 4.646 4.679 4.722 4.768 4.814 4.860 4.905 4.963 5.078 5.193 5.308 5.423 5.538 5.600 5.652 5.704 5.757 5.809 5.861 5.910 5.906 5.902 5.898 5.894 5.936 5.978 6.020 6.062 6.105 6.147 6.189 6.231 6.274 6.316 6.358 6.428 6.534 6.641 6.747 6.854 6.956 7.050 7.143 7.237 7.330 7.424 7.517 7.611 7.582 7.544 7.513 7.499 7.484 7.470 7.456 7.441 7.427 7.413 7.398 7.384 7.372 7.391 7.410 7.429 7.447 7.466
4.037 4.064 4.116 4.183 4.251 4.318 4.386 4.436 4.469 4.502 4.535 4.568 4.601 4.635 4.681 4.727 4.773 4.819 4.916 5.031 5.146 5.261 5.376 5.491 5.583 5.635 5.687 5.739 5.792 5.844 5.850 5.846 5.842 5.838 5.834 5.860 5.902 5.944 5.986 6.029 6.071 6.113 6.155 6.197 6.240 6.282 6.333 6.439 6.546 6.653 6.759 6.866 6.972 7.079 7.185 7.291 7.385 7.478 7.572 7.582 7.554 7.540 7.525 7.511 7.497 7.482 7.468 7.454 7.439 7.425 7.411 7.396 7.412 7.430 7.449 7.468 7.487
3.997 4.025 4.055 4.122 4.190 4.257 4.325 4.358 4.391 4.424 4.457 4.490 4.523 4.556 4.595 4.640 4.686 4.754 4.869 4.984 5.099 5.214 5.329 5.444 5.559 5.618 5.670 5.722 5.775 5.793 5.789 5.785 5.781 5.777 5.773 5.783 5.826 5.868 5.910 5.952 5.994 6.037 6.079 6.121 6.164 6.206 6.248 6.345 6.451 6.558 6.664 6.771 6.877 6.984 7.090 7.197 7.304 7.410 7.517 7.593 7.580 7.566 7.552 7.538 7.523 7.509 7.495 7.480 7.466 7.452 7.437 7.423 7.432 7.451 7.470 7.489 7.507
3.958 3.986 4.014 4.062 4.129 4.197 4.247 4.280 4.313 4.346 4.379 4.412 4.445 4.478 4.511 4.554 4.600 4.707 4.822 4.937 5.052 5.167 5.282 5.397 5.513 5.601 5.653 5.705 5.737 5.733 5.729 5.725 5.721 5.717 5.713 5.709 5.749 5.792 5.834 5.876 5.918 5.960 6.003 6.045 6.087 6.130 6.172 6.250 6.357 6.463 6.570 6.676 6.783 6.889 6.996 7.102 7.209 7.316 7.397 7.450 7.492 7.534 7.576 7.564 7.550 7.536 7.521 7.507 7.493 7.478 7.464 7.450 7.453 7.472 7.490 7.509 7.499
3.919 3.947 3.975 4.002 4.068 4.136 4.169 4.202 4.235 4.268 4.301 4.334 4.367 4.400 4.433 4.467 4.545 4.660 4.775 4.890 5.005 5.120 5.235 5.350 5.466 5.581 5.636 5.680 5.676 5.672 5.668 5.664 5.660 5.656 5.652 5.649 5.673 5.715 5.758 5.800 5.842 5.884 5.926 5.969 6.011 6.054 6.096 6.155 6.262 6.368 6.475 6.581 6.688 6.794 6.901 7.008 7.114 7.197 7.251 7.305 7.349 7.391 7.433 7.475 7.518 7.560 7.548 7.533 7.519 7.505 7.491 7.476 7.473 7.492 7.511 7.499 7.459
