includes/overflow_coast_co/floodfiles/results_R2_t1.605555492999E12 submersion faible - st pierre rupture dune49 et surverse dune11/res-0010.wdfp
ncols         906
nrows         631
xllcorner     362177.146666679996997
yllcorner     6534725.688019599765539
cellsize      20.000000000000000
NODATA_value  -9999.000000
[rows 578 to 611 of 631, columns 0 to 76 of 906]
1.123 1.200 1.278 1.357 1.435 1.514 1.592 1.632 1.638 1.643 1.652 1.677 1.701 1.726 1.751 1.775 2.093 2.439 2.785 3.131 3.478 3.824 4.170 4.396 4.494 4.013 3.531 3.050 2.568 2.087 1.605 1.124 0.643 0.161 0.000 0.000 0.001 0.001 0.001 0.001 0.001 0.002 0.002 0.002 0.002 0.003 0.003 0.003 0.003 0.003 0.003 0.003 0.003 0.008 0.013 0.019 0.026 0.034 0.042 0.041 0.039 0.035 0.032 0.031 0.029 0.027 0.028 0.029 0.031 0.034 0.039 0.044 0.049 0.053 0.059 0.061 0.053
1.027 1.229 1.389 1.468 1.546 1.625 1.703 1.761 1.766 1.779 1.803 1.828 1.852 1.877 1.902 1.926 2.158 2.504 2.851 3.197 3.543 3.889 4.113 4.316 4.518 4.188 3.706 3.225 2.743 2.262 1.781 1.299 0.818 0.337 0.001 0.001 0.002 0.003 0.003 0.003 0.003 0.002 0.002 0.002 0.002 0.002 0.002 0.002 0.002 0.002 0.002 0.002 0.002 0.006 0.009 0.013 0.017 0.024 0.031 0.038 0.042 0.036 0.028 0.022 0.021 0.022 0.024 0.025 0.027 0.029 0.033 0.037 0.041 0.044 0.047 0.051 0.054
0.650 0.852 1.055 1.258 1.461 1.664 1.814 1.890 1.905 1.930 1.954 1.979 2.003 2.028 2.052 2.077 2.224 2.570 2.916 3.262 3.608 3.830 4.033 4.236 4.438 4.363 3.882 3.400 2.919 2.437 1.956 1.474 0.993 0.548 0.123 0.002 0.002 0.004 0.005 0.005 0.005 0.004 0.004 0.004 0.004 0.002 0.002 0.002 0.002 0.002 0.002 0.001 0.001 0.004 0.006 0.009 0.013 0.017 0.023 0.030 0.038 0.035 0.021 0.017 0.018 0.019 0.021 0.022 0.024 0.026 0.029 0.033 0.035 0.038 0.040 0.042 0.044
0.273 0.475 0.678 0.881 1.084 1.287 1.490 1.655 1.866 2.080 2.105 2.129 2.154 2.179 2.203 2.228 2.289 2.635 2.981 3.327 3.548 3.750 3.953 4.155 4.358 4.538 4.057 3.575 3.094 2.612 2.131 1.650 1.186 0.761 0.336 0.003 0.002 0.003 0.006 0.006 0.006 0.006 0.005 0.005 0.004 0.003 0.002 0.002 0.002 0.002 0.001 0.001 0.000 0.003 0.005 0.007 0.010 0.013 0.019 0.029 0.039 0.036 0.019 0.015 0.015 0.017 0.018 0.020 0.022 0.023 0.026 0.030 0.032 0.034 0.036 0.037 0.038
0.000 0.097 0.300 0.503 0.707 0.910 1.074 1.213 1.401 1.629 1.858 2.087 2.305 2.330 2.354 2.379 2.404 2.700 3.047 3.265 3.467 3.670 3.872 4.075 4.277 4.480 4.232 3.751 3.269 2.788 2.306 1.825 1.399 0.974 0.549 0.125 0.003 0.003 0.005 0.007 0.007 0.007 0.007 0.006 0.005 0.004 0.003 0.003 0.002 0.002 0.001 0.001 0.000 0.003 0.005 0.006 0.008 0.012 0.020 0.029 0.038 0.035 0.018 0.014 0.014 0.014 0.016 0.017 0.019 0.021 0.024 0.027 0.030 0.032 0.033 0.034 0.035
0.000 0.000 0.000 0.126 0.329 0.493 0.631 0.770 0.935 1.164 1.392 1.621 1.850 2.079 2.308 2.530 2.555 2.766 2.982 3.185 3.387 3.590 3.792 3.995 4.197 4.400 4.407 3.926 3.444 2.963 2.481 2.038 1.613 1.188 0.763 0.337 0.005 0.003 0.004 0.008 0.009 0.009 0.008 0.008 0.006 0.005 0.004 0.004 0.003 0.002 0.001 0.001 0.001 0.003 0.005 0.007 0.009 0.012 0.018 0.027 0.037 0.033 0.017 0.014 0.014 0.014 0.014 0.015 0.017 0.019 0.022 0.025 0.027 0.029 0.031 0.032 0.034
0.000 0.000 0.000 0.000 0.000 0.050 0.188 0.327 0.470 0.698 0.927 1.156 1.385 1.613 1.842 2.071 2.300 2.801 2.902 3.104 3.307 3.509 3.712 3.914 4.117 4.319 4.522 4.101 3.620 3.138 2.676 2.251 1.826 1.401 0.976 0.551 0.126 0.004 0.005 0.007 0.010 0.010 0.010 0.008 0.007 0.006 0.005 0.005 0.004 0.003 0.003 0.002 0.001 0.004 0.006 0.008 0.010 0.012 0.017 0.025 0.034 0.031 0.015 0.012 0.012 0.013 0.014 0.014 0.015 0.016 0.019 0.022 0.024 0.027 0.029 0.031 0.033
0.000 0.000 0.000 0.000 0.000 0.000 0.000 0.000 0.021 0.232 0.461 0.690 0.919 1.148 1.377 1.683 2.424 3.044 3.131 3.217 3.304 3.429 3.631 3.834 4.036 4.239 4.442 4.276 3.795 3.314 2.889 2.464 2.039 1.614 1.189 0.764 0.339 0.007 0.005 0.005 0.011 0.012 0.012 0.009 0.008 0.007 0.007 0.006 0.005 0.005 0.004 0.003 0.003 0.005 0.007 0.008 0.010 0.012 0.016 0.022 0.031 0.029 0.012 0.010 0.011 0.012 0.012 0.013 0.014 0.014 0.016 0.019 0.022 0.024 0.027 0.029 0.031
0.000 0.000 0.000 0.000 0.000 0.000 0.000 0.000 0.000 0.000 0.004 0.224 0.454 0.683 1.073 1.813 2.553 3.287 3.374 3.460 3.547 3.633 3.720 3.807 3.956 4.159 4.361 4.451 3.970 3.528 3.102 2.677 2.252 1.827 1.402 0.977 0.552 0.127 0.006 0.006 0.008 0.013 0.013 0.010 0.009 0.008 0.008 0.007 0.007 0.006 0.006 0.005 0.005 0.009 0.009 0.009 0.011 0.012 0.015 0.020 0.029 0.026 0.010 0.009 0.009 0.010 0.011 0.011 0.011 0.012 0.014 0.017 0.019 0.022 0.024 0.027 0.030
0.000 0.000 0.000 0.000 0.000 0.000 0.000 0.000 0.000 0.000 0.000 0.000 0.002 0.463 1.203 1.943 2.683 3.423 3.617 3.703 3.790 3.877 3.963 4.050 4.136 4.223 4.310 4.483 4.166 3.741 3.316 2.890 2.465 2.040 1.615 1.190 0.765 0.340 0.009 0.007 0.007 0.015 0.015 0.012 0.010 0.010 0.009 0.009 0.008 0.008 0.007 0.007 0.007 0.012 0.013 0.013 0.012 0.012 0.015 0.018 0.025 0.023 0.008 0.007 0.007 0.008 0.008 0.009 0.009 0.010 0.012 0.015 0.017 0.019 0.022 0.024 0.027
0.000 0.000 0.000 0.000 0.000 0.000 0.000 0.000 0.000 0.000 0.000 0.000 0.000 0.592 1.332 2.072 2.812 3.552 3.860 3.946 4.033 4.119 4.206 4.293 4.379 4.466 4.553 4.329 4.048 3.667 3.287 2.906 2.526 2.145 1.765 1.385 0.978 0.553 0.132 0.029 0.022 0.017 0.018 0.015 0.013 0.012 0.011 0.010 0.009 0.009 0.008 0.008 0.008 0.014 0.016 0.017 0.017 0.017 0.015 0.017 0.022 0.020 0.005 0.005 0.005 0.006 0.006 0.007 0.008 0.009 0.010 0.013 0.014 0.017 0.019 0.022 0.024
0.000 0.000 0.000 0.000 0.000 0.000 0.000 0.000 0.000 0.000 0.000 0.000 0.001 0.722 1.462 2.202 2.942 3.682 4.102 4.189 4.276 4.362 4.449 4.536 4.622 4.518 4.154 3.803 3.606 3.283 2.902 2.522 2.141 1.761 1.381 1.000 0.620 0.240 0.016 0.014 0.015 0.020 0.026 0.020 0.016 0.014 0.012 0.011 0.010 0.010 0.009 0.009 0.010 0.016 0.019 0.020 0.021 0.021 0.020 0.020 0.020 0.016 0.003 0.003 0.004 0.004 0.005 0.006 0.006 0.007 0.008 0.010 0.012 0.014 0.016 0.018 0.021
0.000 0.000 0.000 0.000 0.000 0.000 0.000 0.000 0.000 0.000 0.000 0.000 0.112 0.852 1.592 2.332 3.072 3.812 4.345 4.432 4.519 4.605 4.692 4.706 4.343 3.980 3.617 3.309 3.112 2.898 2.518 2.137 1.757 1.377 0.996 0.616 0.236 0.014 0.011 0.011 0.014 0.021 0.018 0.019 0.020 0.017 0.014 0.013 0.012 0.011 0.010 0.010 0.010 0.017 0.020 0.022 0.023 0.023 0.024 0.024 0.025 0.013 0.001 0.002 0.003 0.003 0.004 0.004 0.005 0.005 0.007 0.008 0.010 0.011 0.013 0.015 0.018
0.000 0.000 0.000 0.000 0.000 0.000 0.000 0.000 0.000 0.000 0.000 0.000 0.324 0.993 1.722 2.462 3.201 3.941 4.588 4.675 4.762 4.848 4.531 4.168 3.805 3.442 3.079 2.816 2.619 2.422 2.134 1.753 1.373 0.992 0.612 0.232 0.013 0.010 0.011 0.013 0.021 0.021 0.016 0.012 0.012 0.015 0.017 0.015 0.013 0.012 0.011 0.010 0.011 0.018 0.021 0.023 0.024 0.025 0.027 0.029 0.032 0.021 0.002 0.001 0.001 0.002 0.003 0.003 0.004 0.004 0.005 0.006 0.008 0.009 0.010 0.012 0.014
0.000 0.000 0.000 0.000 0.000 0.000 0.000 0.000 0.000 0.000 0.000 0.003 0.662 1.331 2.000 2.669 3.338 4.071 4.811 4.918 4.720 4.356 3.993 3.630 3.267 2.904 2.541 2.322 2.125 1.928 1.731 1.369 0.988 0.608 0.228 0.010 0.009 0.010 0.012 0.021 0.023 0.022 0.018 0.010 0.007 0.007 0.010 0.014 0.015 0.013 0.012 0.011 0.011 0.019 0.022 0.024 0.026 0.029 0.032 0.034 0.037 0.028 0.002 0.001 0.001 0.001 0.002 0.002 0.003 0.003 0.004 0.005 0.006 0.007 0.008 0.009 0.011
0.000 0.000 0.000 0.000 0.000 0.000 0.000 0.000 0.000 0.000 0.000 0.330 0.999 1.668 2.337 3.006 3.676 4.345 4.949 4.545 4.182 3.819 3.455 3.092 2.729 2.366 2.026 1.829 1.632 1.435 1.238 0.984 0.604 0.224 0.008 0.007 0.008 0.009 0.019 0.022 0.023 0.023 0.020 0.012 0.006 0.003 0.004 0.006 0.009 0.012 0.013 0.011 0.012 0.019 0.023 0.027 0.030 0.033 0.036 0.038 0.041 0.034 0.003 0.002 0.001 0.001 0.000 0.001 0.001 0.002 0.003 0.004 0.004 0.005 0.006 0.007 0.008
0.000 0.000 0.000 0.000 0.000 0.000 0.000 0.000 0.000 0.000 0.128 0.668 1.336 2.005 2.675 3.344 4.013 4.562 4.907 4.544 3.837 3.281 2.918 2.554 2.191 1.828 1.532 1.335 1.138 0.941 0.744 0.547 0.220 0.005 0.005 0.006 0.007 0.016 0.019 0.022 0.024 0.024 0.022 0.014 0.007 0.002 0.001 0.002 0.003 0.004 0.007 0.010 0.012 0.022 0.027 0.031 0.034 0.037 0.040 0.042 0.044 0.039 0.004 0.002 0.002 0.001 0.001 0.001 0.001 0.000 0.001 0.002 0.003 0.004 0.004 0.005 0.006
0.000 0.000 0.000 0.000 0.000 0.000 0.000 0.000 0.000 0.183 0.541 1.005 1.674 2.343 3.012 3.681 4.174 4.520 4.865 4.644 3.937 3.230 2.523 2.017 1.653 1.290 1.039 0.842 0.645 0.447 0.250 0.053 0.003 0.003 0.004 0.004 0.010 0.015 0.018 0.021 0.024 0.025 0.024 0.017 0.008 0.002 0.000 0.000 0.000 0.000 0.000 0.000 0.000 0.024 0.031 0.034 0.038 0.040 0.043 0.046 0.048 0.045 0.006 0.002 0.002 0.002 0.001 0.001 0.001 0.001 0.001 0.001 0.002 0.002 0.003 0.004 0.004
0.000 0.000 0.000 0.000 0.000 0.000 0.000 0.000 0.240 0.597 0.954 1.342 2.011 2.680 3.349 3.787 4.132 4.478 4.823 4.743 4.036 3.329 2.622 1.915 1.208 0.753 0.545 0.348 0.151 0.001 0.000 0.001 0.002 0.002 0.003 0.005 0.009 0.012 0.016 0.020 0.023 0.025 0.026 0.020 0.010 0.003 0.000 0.000 0.000 0.000 0.000 0.000 0.000 0.000 0.007 0.038 0.041 0.044 0.046 0.049 0.051 0.050 0.009 0.002 0.002 0.002 0.002 0.001 0.001 0.001 0.001 0.001 0.000 0.001 0.002 0.002 0.003
0.000 0.000 0.000 0.000 0.000 0.000 0.000 0.295 0.653 1.010 1.367 1.724 2.349 3.018 3.400 3.745 4.090 4.436 4.781 4.842 4.135 3.428 2.721 2.014 1.307 0.501 0.199 0.000 0.000 0.000 0.000 0.000 0.000 0.001 0.002 0.005 0.007 0.010 0.013 0.017 0.022 0.025 0.027 0.024 0.013 0.003 0.000 0.000 0.000 0.000 0.000 0.000 0.000 0.000 0.000 0.000 0.018 0.047 0.049 0.052 0.055 0.055 0.014 0.003 0.002 0.002 0.002 0.002 0.002 0.002 0.002 0.001 0.001 0.001 0.001 0.001 0.002
0.000 0.000 0.000 0.000 0.000 0.000 0.147 0.556 0.966 1.375 1.780 2.138 2.667 3.013 3.358 3.703 4.048 4.394 4.739 4.941 4.234 3.527 2.820 2.101 1.274 0.448 0.002 0.000 0.000 0.000 0.000 0.000 0.000 0.001 0.002 0.003 0.005 0.007 0.010 0.015 0.019 0.024 0.028 0.028 0.016 0.004 0.000 0.000 0.000 0.000 0.000 0.000 0.000 0.000 0.000 0.000 0.000 0.003 0.029 0.055 0.058 0.060 0.020 0.006 0.003 0.003 0.002 0.002 0.002 0.002 0.002 0.002 0.002 0.001 0.001 0.000 0.000
0.000 0.000 0.000 0.000 0.000 0.000 0.354 0.763 1.172 1.582 1.991 2.399 2.588 2.960 3.316 3.661 4.006 4.352 4.697 5.040 4.333 3.626 2.874 2.048 1.221 0.394 0.000 0.000 0.000 0.000 0.000 0.000 0.001 0.000 0.000 0.002 0.003 0.004 0.007 0.011 0.016 0.022 0.029 0.033 0.020 0.005 0.000 0.000 0.000 0.000 0.000 0.000 0.000 0.000 0.000 0.000 0.000 0.000 0.000 0.010 0.041 0.064 0.029 0.014 0.008 0.004 0.003 0.003 0.003 0.002 0.002 0.002 0.002 0.002 0.001 0.001 0.000
0.000 0.000 0.000 0.000 0.000 0.152 0.561 0.970 1.380 1.789 2.198 2.364 2.470 2.834 3.206 3.578 3.950 4.310 4.655 5.000 4.432 3.648 2.821 1.994 1.167 0.341 0.000 0.000 0.000 0.000 0.000 0.000 0.000 0.000 0.000 0.001 0.001 0.002 0.004 0.006 0.011 0.017 0.026 0.038 0.026 0.006 0.000 0.000 0.000 0.000 0.000 0.000 0.000 0.000 0.000 0.000 0.000 0.000 0.000 0.000 0.003 0.012 0.022 0.025 0.019 0.011 0.007 0.004 0.003 0.003 0.003 0.003 0.002 0.002 0.002 0.001 0.001
0.000 0.000 0.000 0.000 0.001 0.359 0.768 1.177 1.587 1.996 2.222 2.328 2.434 2.707 3.079 3.451 3.824 4.196 4.568 4.940 4.421 3.595 2.768 1.941 1.114 0.287 0.000 0.000 0.000 0.000 0.000 0.000 0.000 0.000 0.000 0.000 0.000 0.000 0.001 0.003 0.005 0.009 0.015 0.053 0.039 0.005 0.000 0.000 0.000 0.000 0.000 0.000 0.000 0.000 0.000 0.000 0.000 0.000 0.000 0.000 0.000 0.000 0.001 0.008 0.020 0.021 0.016 0.009 0.005 0.004 0.003 0.003 0.003 0.003 0.003 0.001 0.000
0.000 0.000 0.000 0.012 0.243 0.566 0.975 1.384 1.793 2.080 2.187 2.293 2.399 2.581 2.953 3.325 3.697 4.069 4.348 4.166 3.757 3.206 2.655 1.887 1.061 0.234 0.000 0.000 0.000 0.000 0.000 0.000 0.000 0.000 0.000 0.000 0.000 0.000 0.000 0.000 0.000 0.000 0.019 0.066 0.068 0.025 0.000 0.000 0.000 0.000 0.000 0.000 0.000 0.000 0.000 0.000 0.000 0.000 0.000 0.000 0.000 0.000 0.000 0.000 0.001 0.008 0.020 0.018 0.013 0.006 0.004 0.004 0.004 0.003 0.001 0.000 0.000
0.000 0.000 0.043 0.274 0.504 0.773 1.182 1.591 1.939 2.045 2.151 2.257 2.364 2.470 2.826 3.198 3.571 3.708 3.527 3.345 2.979 2.428 1.877 1.327 0.776 0.181 0.001 0.000 0.000 0.000 0.000 0.000 0.000 0.000 0.000 0.000 0.000 0.000 0.000 0.000 0.000 0.000 0.023 0.070 0.089 0.042 0.003 0.000 0.000 0.000 0.000 0.000 0.000 0.000 0.000 0.000 0.000 0.000 0.000 0.000 0.000 0.000 0.000 0.000 0.000 0.000 0.001 0.008 0.020 0.015 0.010 0.006 0.004 0.002 0.001 0.000 0.000
0.000 0.073 0.304 0.534 0.765 0.995 1.389 1.797 1.903 2.010 2.116 2.222 2.328 2.434 2.700 3.072 3.069 2.887 2.705 2.524 2.200 1.650 1.099 0.548 0.006 0.002 0.001 0.001 0.000 0.000 0.000 0.000 0.000 0.000 0.000 0.000 0.000 0.000 0.000 0.000 0.000 0.001 0.024 0.071 0.106 0.059 0.014 0.000 0.000 0.000 0.000 0.000 0.000 0.000 0.000 0.000 0.000 0.000 0.000 0.000 0.000 0.000 0.000 0.000 0.000 0.000 0.000 0.000 0.001 0.009 0.018 0.004 0.003 0.002 0.001 0.001 0.000
0.100 0.330 0.562 0.794 1.025 1.256 1.596 1.762 1.868 1.974 2.080 2.187 2.293 2.399 2.573 2.429 2.247 2.065 1.884 1.702 1.423 0.872 0.321 0.002 0.001 0.002 0.002 0.003 0.001 0.000 0.000 0.000 0.000 0.000 0.000 0.000 0.000 0.000 0.000 0.000 0.000 0.000 0.023 0.069 0.116 0.074 0.028 0.000 0.000 0.000 0.001 0.000 0.000 0.000 0.000 0.000 0.000 0.000 0.000 0.000 0.000 0.000 0.000 0.000 0.000 0.000 0.000 0.000 0.000 0.000 0.009 0.004 0.003 0.003 0.002 0.001 0.000
0.357 0.588 0.819 1.051 1.283 1.515 1.638 1.748 1.859 1.969 2.079 2.189 2.300 2.410 2.292 1.702 1.426 1.244 1.062 0.881 0.645 0.094 0.001 0.001 0.001 0.003 0.004 0.003 0.001 0.000 0.000 0.000 0.000 0.000 0.000 0.000 0.000 0.000 0.000 0.000 0.000 0.000 0.021 0.067 0.114 0.089 0.042 0.003 0.001 0.002 0.002 0.002 0.001 0.001 0.001 0.000 0.000 0.000 0.000 0.000 0.000 0.000 0.000 0.000 0.000 0.000 0.000 0.000 0.000 0.000 0.007 0.003 0.003 0.003 0.002 0.002 0.001
0.614 0.845 1.077 1.309 1.523 1.714 1.788 1.775 1.886 1.996 2.106 2.216 2.327 2.437 2.198 1.608 1.018 0.429 0.242 0.060 0.002 0.001 0.001 0.002 0.004 0.004 0.004 0.003 0.002 0.000 0.000 0.000 0.000 0.000 0.000 0.000 0.000 0.000 0.000 0.000 0.000 0.000 0.018 0.065 0.112 0.104 0.056 0.011 0.003 0.003 0.003 0.002 0.002 0.001 0.001 0.001 0.000 0.000 0.000 0.000 0.000 0.000 0.000 0.000 0.000 0.000 0.000 0.000 0.000 0.000 0.007 0.003 0.002 0.002 0.002 0.002 0.002
0.872 1.103 1.332 1.523 1.714 1.905 1.953 1.934 1.916 2.023 2.133 2.243 2.354 2.464 2.104 1.514 0.924 0.335 0.000 0.000 0.000 0.000 0.002 0.003 0.004 0.004 0.004 0.003 0.002 0.000 0.000 0.000 0.000 0.000 0.000 0.000 0.000 0.000 0.000 0.000 0.000 0.000 0.015 0.062 0.109 0.118 0.071 0.024 0.006 0.003 0.002 0.002 0.002 0.002 0.002 0.001 0.000 0.000 0.000 0.000 0.000 0.000 0.000 0.000 0.000 0.000 0.000 0.000 0.000 0.000 0.006 0.002 0.002 0.002 0.002 0.002 0.002
1.129 1.333 1.524 1.715 1.906 2.097 2.117 2.098 2.080 2.062 2.160 2.271 2.381 2.491 2.010 1.420 0.830 0.241 0.000 0.000 0.000 0.001 0.003 0.003 0.003 0.004 0.004 0.003 0.002 0.000 0.000 0.000 0.000 0.000 0.000 0.000 0.000 0.000 0.000 0.000 0.000 0.000 0.012 0.059 0.106 0.132 0.085 0.032 0.005 0.003 0.002 0.002 0.002 0.002 0.002 0.001 0.001 0.000 0.000 0.000 0.000 0.000 0.000 0.000 0.000 0.000 0.000 0.000 0.000 0.000 0.005 0.002 0.002 0.002 0.002 0.002 0.002
1.334 1.525 1.716 1.906 2.097 2.288 2.281 2.263 2.244 2.226 2.208 2.298 2.408 2.505 1.916 1.326 0.736 0.147 0.000 0.001 0.000 0.001 0.002 0.003 0.003 0.003 0.004 0.004 0.003 0.001 0.000 0.000 0.000 0.000 0.000 0.000 0.000 0.000 0.000 0.000 0.000 0.000 0.001 0.041 0.097 0.146 0.089 0.030 0.006 0.004 0.003 0.002 0.002 0.002 0.002 0.002 0.001 0.000 0.000 0.000 0.000 0.000 0.000 0.000 0.000 0.000 0.000 0.000 0.000 0.000 0.004 0.002 0.002 0.002 0.002 0.002 0.002
1.525 1.716 1.907 2.098 2.288 2.464 2.445 2.427 2.409 2.390 2.372 2.354 2.435 2.411 1.821 1.232 0.651 0.074 0.000 0.000 0.000 0.000 0.002 0.002 0.003 0.003 0.003 0.004 0.003 0.001 0.000 0.000 0.000 0.000 0.000 0.000 0.000 0.000 0.000 0.000 0.000 0.000 0.000 0.014 0.070 0.100 0.070 0.028 0.008 0.005 0.003 0.003 0.002 0.002 0.002 0.002 0.001 0.001 0.000 0.000 0.000 0.000 0.000 0.000 0.000 0.000 0.000 0.000 0.000 0.000 0.004 0.002 0.002 0.002 0.002 0.002 0.002
