includes/overflow_coast_co/floodfiles/results_R2_t1.605555492999E12 submersion faible - st pierre rupture dune49 et surverse dune11/res-0009.wdfp
ncols         906
nrows         631
xllcorner     362177.146666679996997
yllcorner     6534725.688019599765539
cellsize      20.000000000000000
NODATA_value  -9999.000000
[rows 442 to 475 of 631, columns 231 to 307 of 906]
0.004 0.033 0.122 0.101 0.167 0.056 0.090 0.175 0.000 0.003 0.008 0.090 0.026 0.012 0.041 0.002 0.086 0.001 0.002 0.137 0.137 0.000 0.207 0.087 0.000 0.079 0.229 0.004 0.298 0.000 0.533 0.313 0.023 0.000 0.000 0.000 0.256 0.000 0.226 0.000 0.148 0.868 0.948 0.000 0.000 0.000 0.572 0.542 0.502 0.352 0.502 0.862 0.872 0.812 0.702 0.652 0.000 0.000 0.802 0.402 0.002 0.000 0.000 0.000 0.132 0.129 0.126 0.125 0.124 0.113 0.080 0.058 0.043 0.000 0.308 1.561 0.000
0.058 0.130 0.064 0.102 0.097 0.134 0.195 0.078 0.000 0.000 0.009 0.079 0.056 0.052 0.036 0.964 0.086 0.086 0.002 0.000 0.000 0.046 0.047 0.017 0.000 0.209 0.339 0.000 0.118 0.000 0.000 0.403 0.000 0.104 0.000 0.385 0.246 0.115 0.603 0.000 0.000 0.118 0.000 0.000 1.590 0.000 0.602 0.512 0.232 0.382 0.392 0.592 0.502 0.000 0.000 0.042 0.000 0.000 0.000 0.532 0.000 0.331 0.671 0.000 0.541 0.126 1.624 1.624 1.624 0.116 0.093 0.065 0.039 0.000 1.579 0.000 0.000
0.082 0.187 0.065 0.069 0.207 0.147 0.015 0.027 0.000 0.000 0.000 0.000 0.000 0.005 0.000 0.083 0.084 0.085 0.004 0.013 0.000 0.046 0.000 0.000 0.038 0.439 0.000 0.153 0.001 0.000 0.203 0.000 0.000 0.204 0.234 0.395 0.245 0.000 0.462 0.422 0.023 0.218 0.308 0.000 0.000 0.000 0.302 0.532 0.342 0.252 0.000 0.000 0.672 0.000 0.000 0.000 0.000 0.000 0.625 0.000 0.021 0.081 0.008 0.580 0.120 1.624 1.624 1.624 1.624 1.624 0.097 0.063 1.094 0.040 1.052 0.000 0.007
0.156 0.062 0.081 0.100 0.094 0.229 0.018 0.004 0.000 0.000 0.004 0.592 0.082 0.001 0.064 0.073 0.079 0.000 0.000 0.016 0.018 0.022 0.000 0.000 0.097 0.189 0.000 0.373 0.000 0.000 0.013 0.000 0.000 0.284 0.434 0.314 0.544 0.134 0.000 0.093 0.006 0.068 0.218 0.000 0.000 0.582 0.622 0.602 0.000 0.003 0.476 0.000 0.000 0.454 0.000 0.000 0.172 0.000 0.715 0.000 0.000 0.031 0.000 0.000 0.000 0.678 1.624 1.624 1.624 0.178 0.000 0.066 0.000 0.832 1.156 0.000 0.006
0.105 0.052 0.058 0.188 0.101 0.059 0.018 0.017 0.002 0.002 0.000 0.001 0.004 0.016 0.048 0.057 0.000 0.044 0.914 0.000 0.014 0.022 0.024 0.062 0.145 0.000 0.251 0.000 0.105 0.106 0.000 0.000 0.117 0.213 0.454 0.000 0.091 0.054 0.085 0.135 0.000 0.000 0.000 0.000 0.000 0.782 0.692 0.602 0.000 0.602 0.000 0.512 0.021 0.214 0.000 0.000 0.000 0.000 0.825 0.000 0.000 0.000 0.005 0.132 0.502 0.171 0.000 0.248 0.028 0.000 0.114 0.069 0.030 1.436 0.000 0.000 0.262
0.061 0.048 0.104 0.083 0.065 0.072 0.070 0.008 0.027 0.000 0.171 0.005 0.003 0.049 0.022 0.046 0.000 0.000 0.000 0.011 0.012 0.000 0.015 0.020 0.029 0.000 0.071 0.087 0.103 0.108 0.117 0.000 0.211 0.000 0.000 0.312 0.205 0.042 0.000 0.036 0.679 0.649 0.899 0.000 0.000 0.632 0.822 0.542 0.482 0.302 0.332 0.742 0.000 0.094 0.124 0.000 0.021 0.000 0.095 0.000 0.000 0.085 0.000 0.030 0.332 0.094 0.126 0.017 0.000 0.172 0.611 0.000 1.087 0.988 0.000 0.212 0.092
0.147 0.093 0.103 0.164 0.104 0.093 0.047 0.058 0.013 0.001 0.006 0.002 0.010 0.718 0.006 0.000 0.000 0.002 0.005 0.004 0.025 0.000 0.058 0.206 0.028 0.053 0.071 0.078 0.000 0.000 0.124 0.132 0.139 0.109 0.109 0.250 0.000 0.119 0.229 0.089 0.419 0.709 0.959 0.000 0.001 0.000 0.602 0.492 0.602 0.000 0.602 0.000 0.174 0.264 0.000 0.000 0.000 0.000 0.001 1.475 0.007 0.315 0.815 0.040 0.040 0.069 0.080 0.241 0.000 0.333 0.342 0.000 0.961 0.000 0.000 0.000 0.003
0.370 0.092 0.087 0.149 0.042 0.125 0.013 0.000 0.000 0.005 0.004 0.000 0.386 0.030 0.006 0.028 0.158 0.036 0.029 0.004 0.083 0.054 0.003 0.100 0.041 0.080 0.636 0.077 0.041 0.119 0.184 0.132 0.138 0.618 0.498 0.529 0.669 0.659 0.629 0.429 0.659 0.869 0.999 0.000 0.560 0.000 0.372 0.672 0.242 0.332 0.623 0.122 0.284 0.000 0.694 0.044 0.000 0.395 0.000 0.115 1.645 1.715 0.585 0.115 0.000 0.151 0.201 0.171 0.114 0.444 0.000 0.000 1.354 0.000 0.322 0.392 0.000
0.108 0.147 0.157 0.188 0.059 0.022 0.033 0.000 0.000 0.041 0.001 0.055 0.038 0.029 0.018 0.008 0.000 0.028 0.114 0.058 0.143 0.144 0.121 0.171 0.048 0.000 0.056 0.000 0.173 0.156 0.184 0.132 0.688 0.648 0.708 0.248 0.589 0.589 0.589 0.489 0.669 0.839 0.929 0.000 0.410 0.001 0.000 0.282 0.082 0.632 0.000 0.264 0.304 0.364 0.274 0.000 0.000 0.195 0.375 0.465 0.285 1.445 0.145 0.001 0.514 0.000 0.000 0.000 0.265 0.604 0.000 1.438 0.922 0.000 0.332 0.122 0.162
0.060 0.114 0.114 0.134 0.243 0.017 0.057 0.008 0.010 0.003 0.199 0.023 0.045 0.012 0.013 0.002 0.000 0.000 0.000 0.192 0.332 0.302 0.303 0.010 0.009 0.016 0.014 0.290 0.251 0.202 0.092 0.133 0.718 0.688 0.728 0.628 0.639 0.599 0.559 0.519 0.659 0.819 1.069 0.000 0.001 0.000 0.803 0.000 0.443 0.000 0.355 0.224 0.000 0.000 0.075 0.000 0.135 0.595 0.195 1.325 0.435 0.365 0.000 0.175 0.000 0.000 0.113 0.000 1.027 0.117 0.000 0.892 0.000 0.000 0.000 0.752 0.612
0.130 0.240 0.162 0.132 0.102 0.109 0.023 0.004 0.000 0.087 0.098 0.013 0.078 0.023 0.009 0.000 0.002 0.128 0.000 0.013 0.262 0.182 0.182 0.022 0.002 0.007 0.015 0.440 0.320 0.201 0.045 0.133 0.708 0.738 0.688 0.698 0.519 0.639 0.619 0.489 0.579 0.000 0.000 0.000 0.000 0.000 0.553 0.353 0.433 0.000 0.215 0.095 0.000 0.205 0.425 0.685 0.155 0.105 1.395 1.065 1.105 0.205 0.000 0.755 0.000 0.233 0.533 0.080 0.488 0.868 0.000 1.339 0.309 0.000 0.000 0.232 0.622
0.176 0.094 0.075 0.355 0.365 0.345 0.225 0.112 0.133 0.039 0.056 0.046 0.149 0.109 0.069 0.008 0.000 0.002 0.010 0.365 0.000 0.054 0.000 0.029 0.055 0.014 0.029 0.000 0.056 0.000 0.085 0.000 0.000 0.000 0.000 0.000 0.000 0.000 0.000 0.000 0.000 0.000 0.000 0.000 0.000 0.000 0.000 0.203 0.000 0.235 0.245 0.275 0.000 0.205 0.295 0.215 0.425 0.795 0.595 0.705 0.935 0.000 0.000 0.575 0.000 0.503 0.000 0.290 0.280 0.000 0.000 0.849 0.000 0.122 0.122 0.152 0.642
0.001 0.072 0.092 0.153 0.062 0.163 0.011 0.108 0.000 0.348 0.040 0.003 0.028 0.027 0.088 0.033 0.042 0.019 0.002 0.005 0.014 0.051 0.719 0.599 0.499 0.709 0.829 0.033 0.040 0.015 0.024 0.060 0.003 0.004 0.000 0.000 0.000 0.104 0.000 0.000 0.000 0.000 0.000 0.220 0.000 0.000 0.000 0.000 0.000 0.235 0.000 0.445 0.065 0.025 0.185 1.165 1.355 0.555 0.485 0.525 0.245 0.000 0.425 0.000 0.313 0.623 0.000 0.691 0.711 0.000 0.841 0.824 0.000 0.000 0.000 0.000 0.932
0.066 0.037 0.040 0.071 0.080 0.080 0.029 0.090 0.378 0.168 0.037 0.070 0.000 0.019 0.000 0.148 0.209 0.100 0.199 0.124 0.159 0.010 0.009 0.010 0.010 0.010 0.010 0.007 0.064 0.064 0.051 0.028 0.013 0.037 0.096 0.009 0.000 0.094 0.000 0.000 0.062 0.000 0.000 0.460 0.000 0.000 0.000 0.000 0.000 0.275 0.675 0.455 0.475 0.675 1.205 1.095 0.385 0.295 0.525 0.625 0.000 0.000 0.235 0.000 0.313 0.733 0.261 0.731 0.441 0.000 0.811 1.117 0.000 0.000 2.282 0.672 0.982
0.028 0.023 0.036 0.117 0.137 0.097 0.067 0.063 0.042 0.081 0.089 0.469 0.072 0.396 0.206 0.059 0.033 0.006 0.002 0.114 0.070 0.282 0.185 0.569 0.195 0.140 0.144 0.026 0.026 0.098 0.023 0.018 0.156 0.216 0.000 0.111 0.000 0.064 0.074 0.000 0.000 0.000 0.080 0.170 0.000 0.000 0.000 0.042 0.000 0.000 0.000 0.000 0.000 0.075 0.475 0.675 0.465 0.535 0.775 0.935 0.000 0.155 0.875 0.000 0.484 0.000 0.721 0.801 0.000 0.000 0.802 1.215 0.945 0.060 0.031 0.202 0.712
0.120 0.046 0.045 0.162 0.046 0.073 0.045 0.006 0.176 0.456 0.296 0.107 0.021 0.235 0.046 0.003 0.080 0.027 0.099 0.140 0.027 0.040 0.145 0.000 0.000 0.057 0.034 0.066 0.052 0.050 0.105 0.027 0.062 0.000 0.014 0.131 0.021 0.000 0.000 0.000 0.000 0.000 0.030 0.380 0.080 0.000 0.000 0.000 0.000 0.000 0.485 0.425 0.705 1.485 0.605 0.495 1.535 0.175 0.435 0.305 0.185 0.445 0.275 0.335 0.694 0.000 0.891 0.441 0.000 0.624 1.214 0.565 0.000 0.000 0.251 0.000 0.922
0.000 0.031 0.138 0.000 0.070 0.082 0.026 0.066 0.000 0.163 0.064 0.106 0.148 0.134 0.436 0.166 0.492 0.015 0.000 0.029 0.042 0.000 0.000 0.000 0.000 0.000 0.000 0.056 0.123 0.071 0.069 0.004 0.039 0.022 0.158 0.000 0.000 0.001 0.000 0.075 0.001 0.000 0.070 0.410 0.000 0.000 0.000 0.000 0.000 0.000 1.235 0.000 0.115 0.685 0.615 0.335 0.705 0.025 0.015 0.255 0.625 0.065 0.415 0.875 0.054 0.551 0.701 0.000 0.000 0.002 1.330 1.410 0.000 0.000 0.000 0.122 0.772
0.000 0.057 0.037 0.192 0.106 0.197 0.038 0.000 0.238 0.229 0.119 0.093 0.115 0.060 0.195 0.079 0.183 0.204 0.224 0.414 0.053 0.007 0.000 0.002 0.000 0.001 0.000 0.096 0.080 0.074 0.000 0.000 0.007 0.010 0.178 0.086 0.085 0.001 0.001 0.003 0.024 0.000 0.030 0.000 0.053 0.053 0.000 0.000 0.000 0.000 0.000 0.000 0.000 1.205 0.405 0.215 0.635 0.315 0.305 0.645 0.735 0.765 0.755 0.455 0.034 0.381 0.000 0.000 0.000 1.285 1.446 0.000 0.000 0.000 1.122 0.612 0.000
0.051 0.043 0.225 0.084 0.132 0.092 0.182 0.000 0.071 0.113 0.115 0.130 0.133 0.104 0.077 0.019 0.083 0.104 0.114 0.114 0.000 0.000 0.071 0.032 0.192 0.003 0.179 0.042 0.011 0.006 0.000 0.018 0.018 0.247 0.000 0.043 0.104 0.000 0.000 0.008 0.004 0.003 0.570 0.050 0.000 0.001 0.000 0.000 0.000 0.000 0.000 0.000 0.000 0.000 0.245 0.165 0.505 0.765 0.595 0.615 0.655 0.715 0.125 0.695 0.835 0.000 0.000 0.102 0.000 0.757 1.354 0.000 0.000 0.000 0.000 0.622 0.442
0.217 0.099 0.085 0.069 0.000 0.110 0.101 0.112 0.064 0.233 0.081 0.035 0.017 0.142 0.113 0.000 0.103 0.114 0.035 0.039 0.082 0.233 0.041 0.022 0.004 0.000 0.059 0.024 0.003 0.008 0.000 0.000 0.123 0.035 0.007 0.033 0.024 0.002 0.001 0.032 0.000 0.004 0.000 0.000 0.032 0.001 0.000 0.000 0.000 0.082 0.000 0.000 0.000 0.000 0.000 0.000 0.355 0.585 0.745 0.705 0.345 0.415 0.365 0.575 0.000 0.000 0.000 0.000 0.000 0.744 1.433 0.000 0.000 0.382 0.742 0.272 0.492
0.287 0.158 0.198 0.188 0.085 0.093 0.109 0.120 0.065 0.000 0.107 0.033 0.011 0.053 0.000 0.000 0.015 0.001 0.000 0.062 0.142 0.009 0.063 0.134 0.084 0.058 0.061 0.071 0.009 0.014 0.000 0.000 0.102 0.000 0.067 0.022 0.015 0.008 0.064 0.021 0.389 0.099 0.001 0.202 0.152 0.162 0.082 0.003 0.000 0.000 0.001 0.064 0.002 0.424 0.000 0.000 0.000 0.685 0.675 0.000 0.000 0.000 0.000 0.000 0.000 0.000 0.000 0.002 0.665 0.705 0.000 0.000 0.000 0.000 0.202 0.000 0.000
0.257 0.147 0.147 0.177 0.078 0.045 0.000 0.085 0.159 0.127 0.085 0.072 0.005 0.063 0.099 0.000 0.185 0.000 0.000 0.052 0.000 0.000 0.093 0.000 0.094 0.000 0.190 0.129 0.088 0.000 0.000 0.000 0.024 0.007 0.031 0.116 0.019 0.049 0.000 0.000 0.022 0.000 0.000 0.112 0.000 0.092 0.112 0.062 0.000 0.045 0.115 0.000 0.002 0.000 0.014 0.004 0.000 0.000 0.000 0.000 0.000 0.000 0.000 0.000 0.000 0.119 0.802 0.544 0.609 0.000 0.000 0.126 0.326 0.002 0.002 0.000 0.000
0.005 0.196 0.186 0.090 0.086 0.000 0.000 0.000 0.047 0.187 0.051 0.151 0.092 0.220 0.054 0.064 0.014 0.000 0.008 0.002 0.004 0.000 0.000 0.044 0.014 0.124 0.005 0.000 0.150 0.167 0.011 0.007 0.011 0.006 0.034 0.008 0.075 0.005 0.000 0.212 0.134 0.035 0.106 0.008 0.102 0.182 0.082 0.003 0.000 0.000 0.085 0.375 0.045 0.000 0.000 0.000 0.000 0.000 0.000 0.000 0.000 0.000 0.142 0.000 0.576 0.199 0.293 0.000 0.000 0.000 0.000 0.000 1.026 0.000 0.000 0.573 0.013
0.016 0.024 0.007 0.058 0.081 0.101 0.091 0.073 0.039 0.183 0.112 0.132 0.000 0.070 0.053 0.000 0.051 0.000 0.006 0.000 0.000 0.000 0.096 0.000 0.081 0.000 0.052 0.072 0.096 0.064 0.225 0.070 0.003 0.008 0.058 0.015 0.000 0.040 0.004 0.143 0.000 0.045 0.001 0.000 0.000 0.022 0.032 0.042 0.000 0.046 0.000 0.005 0.024 0.394 0.000 0.000 0.012 0.000 0.000 0.000 0.000 0.000 0.341 0.182 0.163 0.135 0.157 0.000 0.000 0.062 0.001 0.002 0.626 0.786 0.000 0.000 0.333
0.015 0.012 0.013 0.206 0.134 0.115 0.160 0.202 0.185 0.076 0.045 0.094 0.046 0.017 0.063 0.018 0.080 0.000 0.005 0.000 0.029 0.023 0.046 0.050 0.038 0.018 0.012 0.109 0.000 0.147 0.058 0.189 0.002 0.063 0.034 0.035 0.000 0.000 0.009 0.037 0.014 0.000 0.003 0.034 0.144 0.000 0.000 0.000 0.005 0.005 0.000 0.000 0.013 0.014 0.504 0.000 0.000 0.000 0.000 0.000 0.373 0.961 0.763 0.588 0.454 0.310 0.204 0.009 0.000 0.000 0.493 0.000 1.136 0.000 0.000 0.000 0.000
0.064 0.022 0.078 0.251 0.000 0.147 0.041 0.152 0.026 0.000 0.082 0.114 0.002 0.003 0.000 0.100 0.090 0.000 0.071 0.006 0.032 0.064 0.000 0.000 0.118 0.000 0.027 0.017 0.045 0.035 0.015 0.008 0.400 0.017 0.005 0.042 0.055 0.000 0.232 0.012 0.027 0.000 0.000 0.000 0.000 0.013 0.000 0.002 0.115 0.025 0.000 0.000 0.007 0.000 0.000 0.372 0.000 0.022 1.297 1.391 1.486 1.388 1.188 0.334 0.000 0.000 0.000 0.000 0.000 0.000 0.063 0.000 0.000 0.000 0.000 0.000 0.000
0.019 0.121 0.062 0.250 0.034 0.059 0.122 0.000 0.033 0.000 0.157 0.128 0.118 0.068 0.000 0.000 0.000 0.000 0.000 0.020 0.135 0.006 0.000 0.000 0.098 0.000 0.049 0.032 0.089 0.047 0.140 0.056 0.000 0.008 0.048 0.000 0.074 0.182 0.273 0.017 0.000 0.000 0.017 0.047 0.047 0.002 0.000 0.002 0.000 0.002 0.002 0.000 0.005 0.000 0.000 0.000 1.154 1.249 1.343 1.438 1.533 1.600 0.000 0.000 0.000 0.000 0.000 0.000 0.000 0.000 0.083 0.000 0.000 0.000 0.000 0.000 0.000
0.013 0.008 0.171 0.042 0.159 0.119 0.087 0.063 0.052 0.013 0.116 0.076 0.000 0.000 0.000 0.022 0.000 0.000 0.000 0.043 0.001 0.006 0.021 0.000 0.000 0.000 0.036 0.000 0.027 0.000 0.067 0.033 0.027 0.086 0.008 0.062 0.014 0.000 0.046 0.000 0.032 0.000 0.004 0.000 0.127 0.000 0.003 0.002 0.000 0.000 0.002 0.000 0.817 0.912 1.008 1.104 1.201 1.296 1.390 0.000 0.000 0.000 0.000 0.000 0.000 0.000 0.000 0.000 0.000 0.000 0.000 0.000 0.000 0.000 0.000 0.000 0.000
0.030 0.045 0.031 0.064 0.040 0.009 0.374 0.378 0.161 0.043 0.088 0.127 0.025 0.000 0.042 0.000 0.000 0.102 0.000 0.094 0.000 0.006 0.040 0.000 0.000 0.107 0.077 0.004 0.007 0.004 0.001 0.059 0.020 0.048 0.000 0.012 0.007 0.000 0.297 0.063 0.000 0.000 0.003 0.003 0.000 0.003 0.119 0.000 0.000 0.305 0.670 0.766 0.863 0.959 1.054 0.299 0.381 0.000 0.000 0.000 0.000 0.000 0.000 0.000 0.000 0.000 0.000 0.249 0.000 0.000 0.000 0.000 0.000 0.000 0.000 0.000 0.000
0.376 0.000 0.026 0.396 0.003 0.007 0.402 0.409 0.413 0.000 0.091 0.056 0.086 0.000 0.000 0.114 0.369 0.000 0.000 0.015 0.051 0.004 0.040 0.110 0.130 0.000 0.058 0.008 0.002 0.006 0.000 0.002 0.032 0.020 0.037 0.283 0.021 0.301 0.009 0.072 0.000 0.001 0.001 0.004 0.000 0.061 0.298 0.407 0.512 0.614 0.716 0.813 0.909 0.205 0.076 0.000 0.000 0.022 0.000 0.000 0.000 0.061 0.000 0.000 0.000 0.000 0.169 0.089 0.000 0.000 0.000 0.000 0.000 0.000 0.000 0.000 0.000
0.399 0.050 0.094 0.140 0.102 0.092 0.414 0.150 0.127 0.042 0.000 0.064 0.111 0.000 0.003 0.002 0.004 0.000 0.034 0.036 0.022 0.008 0.004 0.000 0.000 0.000 0.042 0.018 0.001 0.073 0.001 0.003 0.312 0.299 0.286 0.000 0.020 0.041 0.090 0.093 0.000 0.002 0.000 0.009 0.283 0.290 0.331 0.454 0.558 0.658 0.238 0.341 0.002 0.000 0.018 0.000 0.022 0.001 0.032 0.000 0.000 0.000 0.000 0.000 0.000 0.000 0.000 0.000 0.000 0.000 0.000 0.000 0.000 0.000 0.000 0.000 0.000
0.423 0.086 0.129 0.014 0.149 0.019 0.076 0.042 0.118 0.133 0.101 0.466 0.084 0.000 0.052 0.021 0.000 0.051 0.031 0.057 0.006 0.000 0.002 0.034 0.002 0.000 0.063 0.009 0.001 0.009 0.000 0.000 0.354 0.341 0.122 0.000 0.047 0.020 0.001 0.033 0.000 0.002 0.030 0.298 0.304 0.312 0.261 0.179 0.219 0.103 0.047 0.121 0.000 0.000 0.000 0.083 0.001 0.000 0.000 0.000 0.000 0.000 0.000 0.000 0.051 0.000 0.000 0.000 0.000 0.000 0.000 0.000 0.000 0.000 0.000 0.000 0.000
0.098 0.448 0.432 0.051 0.060 0.091 0.021 0.117 0.091 0.111 0.000 0.036 0.057 0.034 0.009 0.004 0.166 0.003 0.000 0.072 0.030 0.000 0.004 0.000 0.040 0.005 0.033 0.086 0.002 0.003 0.002 0.008 0.042 0.384 0.371 0.358 0.053 0.035 0.005 0.002 0.000 0.000 0.313 0.321 0.327 0.333 0.000 0.121 0.198 0.159 0.018 0.141 0.101 0.122 0.002 0.000 0.000 0.000 0.000 0.000 0.000 0.000 0.000 0.000 0.000 0.062 0.000 0.000 0.000 0.000 0.000 0.000 0.000 0.000 0.000 0.000 0.000
0.030 0.002 0.015 0.100 0.043 0.001 0.076 0.088 0.043 0.061 0.119 0.020 0.175 0.000 0.182 0.193 0.197 0.201 0.006 0.012 0.007 0.003 0.002 0.002 0.004 0.013 0.008 0.025 0.046 0.003 0.001 0.044 0.004 0.127 0.019 0.400 0.019 0.039 0.000 0.000 0.000 0.324 0.331 0.349 0.351 0.023 0.237 0.120 0.000 0.002 0.019 0.000 0.162 0.042 0.000 0.000 0.000 0.000 0.000 0.000 0.000 0.000 0.000 0.000 0.045 0.000 0.000 0.000 0.000 0.000 0.000 0.000 0.000 0.000 0.000 0.000 0.464
