includes/overflow_coast_co/floodfiles/results_R2_t1.605555492999E12 submersion faible - st pierre rupture dune49 et surverse dune11/res-0011.wdfp
ncols         906
nrows         631
xllcorner     362177.146666679996997
yllcorner     6534725.688019599765539
cellsize      20.000000000000000
NODATA_value  -9999.000000
[rows 544 to 577 of 631, columns 154 to 230 of 906]
2.426 2.737 3.048 3.359 3.468 3.554 3.640 3.696 3.668 3.641 3.613 3.586 3.558 3.660 3.905 4.151 4.396 4.642 4.887 5.133 5.216 5.225 5.097 4.878 4.658 4.439 4.219 4.000 3.780 3.561 3.341 3.273 3.277 3.277 3.278 3.279 3.280 3.280 3.281 3.282 3.282 3.283 3.258 3.221 3.186 3.151 3.116 3.081 3.046 3.010 2.975 2.940 2.905 2.870 2.850 2.923 2.996 3.069 3.142 3.214 3.287 3.360 3.433 3.506 3.585 3.663 3.700 3.691 3.681 3.672 3.663 3.653 3.644 3.635 3.689 3.765 3.841
2.280 2.591 2.902 3.182 3.268 3.354 3.439 3.525 3.599 3.571 3.544 3.516 3.489 3.663 3.909 4.154 4.400 4.645 4.891 5.136 5.382 5.450 5.233 5.013 4.794 4.574 4.355 4.113 3.847 3.581 3.314 3.210 3.221 3.223 3.225 3.226 3.228 3.229 3.231 3.232 3.234 3.236 3.186 3.136 3.110 3.083 3.057 3.030 3.004 2.977 2.951 2.924 2.898 2.871 2.869 2.936 3.003 3.069 3.136 3.203 3.270 3.337 3.404 3.470 3.537 3.578 3.569 3.559 3.550 3.541 3.531 3.522 3.513 3.504 3.577 3.652 3.728
2.134 2.445 2.756 2.982 3.068 3.153 3.239 3.325 3.411 3.496 3.475 3.447 3.422 3.667 3.912 4.158 4.403 4.649 4.894 5.140 5.257 5.345 5.107 4.841 4.574 4.308 4.042 3.775 3.509 3.243 2.976 3.092 3.178 3.180 3.182 3.183 3.185 3.186 3.188 3.190 3.191 3.177 3.089 3.007 2.980 2.954 2.927 2.901 2.874 2.848 2.821 2.795 2.768 2.735 2.693 2.733 2.799 2.866 2.933 3.000 3.067 3.133 3.200 3.267 3.334 3.401 3.437 3.428 3.419 3.409 3.400 3.391 3.382 3.388 3.464 3.540 3.615
1.988 2.299 2.610 2.782 2.867 2.953 3.039 3.125 3.211 3.296 3.382 3.378 3.425 3.671 3.916 4.161 4.319 4.410 4.501 4.591 4.682 4.768 4.769 4.503 4.236 3.970 3.704 3.437 3.171 2.904 2.845 2.974 3.103 3.137 3.139 3.140 3.142 3.144 3.145 3.147 3.148 3.080 2.992 2.905 2.851 2.825 2.798 2.772 2.745 2.718 2.692 2.665 2.638 2.596 2.554 2.530 2.596 2.663 2.730 2.797 2.864 2.930 2.997 3.064 3.131 3.197 3.264 3.297 3.287 3.278 3.269 3.259 3.250 3.276 3.351 3.427 3.503
1.842 2.153 2.464 2.581 2.667 2.753 2.839 2.925 3.010 3.096 3.182 3.268 3.381 3.472 3.563 3.653 3.744 3.835 3.926 4.016 4.106 4.191 4.276 4.165 3.898 3.632 3.366 3.099 2.833 2.598 2.727 2.856 2.985 3.094 3.096 3.098 3.099 3.101 3.102 3.104 3.071 2.983 2.896 2.808 2.722 2.695 2.669 2.642 2.616 2.589 2.563 2.536 2.499 2.457 2.415 2.372 2.393 2.460 2.527 2.594 2.660 2.727 2.794 2.861 2.928 2.994 3.061 3.127 3.156 3.147 3.137 3.128 3.119 3.163 3.239 3.314 3.390
1.696 2.007 2.295 2.381 2.467 2.553 2.639 2.724 2.810 2.896 2.926 2.933 2.904 2.897 2.988 3.078 3.169 3.260 3.350 3.441 3.529 3.613 3.698 3.783 3.560 3.294 3.028 2.761 2.495 2.480 2.609 2.738 2.867 2.995 3.053 3.055 3.056 3.058 3.060 3.061 2.974 2.887 2.799 2.712 2.624 2.566 2.539 2.513 2.486 2.460 2.433 2.402 2.360 2.318 2.276 2.233 2.191 2.257 2.324 2.390 2.457 2.524 2.591 2.658 2.724 2.791 2.857 2.924 2.991 3.015 3.006 2.997 2.988 3.050 3.126 3.202 3.277
1.550 1.861 2.095 2.181 2.267 2.353 2.438 2.524 2.531 2.538 2.545 2.552 2.521 2.467 2.413 2.503 2.594 2.685 2.775 2.866 2.951 3.036 3.121 3.206 3.222 2.956 2.690 2.423 2.233 2.362 2.491 2.620 2.749 2.877 3.006 3.012 3.013 3.015 3.017 2.965 2.878 2.790 2.703 2.615 2.528 2.440 2.410 2.383 2.357 2.330 2.304 2.263 2.221 2.179 2.137 2.094 2.052 2.054 2.121 2.187 2.254 2.321 2.388 2.454 2.521 2.588 2.654 2.721 2.787 2.854 2.875 2.865 2.862 2.938 3.013 3.089 3.165
1.404 1.715 1.895 1.981 2.067 2.128 2.136 2.143 2.150 2.157 2.164 2.171 2.138 2.084 2.030 1.976 2.019 2.110 2.200 2.289 2.374 2.459 2.544 2.628 2.713 2.618 2.351 2.085 2.115 2.244 2.373 2.502 2.630 2.759 2.888 2.969 2.971 2.972 2.956 2.869 2.781 2.694 2.606 2.519 2.431 2.343 2.281 2.254 2.228 2.201 2.166 2.124 2.082 2.040 1.997 1.955 1.913 1.871 1.917 1.984 2.051 2.118 2.185 2.251 2.318 2.384 2.451 2.518 2.584 2.651 2.717 2.734 2.749 2.825 2.901 2.976 3.008
1.455 1.568 1.695 1.733 1.740 1.747 1.754 1.761 1.769 1.776 1.783 1.790 1.755 1.701 1.647 1.593 1.538 1.535 1.625 1.712 1.797 1.881 1.966 2.051 2.136 2.221 2.013 1.869 1.997 2.126 2.255 2.384 2.512 2.641 2.770 2.899 2.928 2.929 2.860 2.772 2.685 2.597 2.510 2.422 2.335 2.247 2.159 2.125 2.098 2.069 2.027 1.985 1.943 1.900 1.858 1.816 1.774 1.732 1.714 1.781 1.848 1.915 1.981 2.048 2.114 2.181 2.248 2.314 2.381 2.448 2.514 2.581 2.636 2.630 2.619 2.607 2.596
1.391 1.399 1.345 1.352 1.359 1.366 1.373 1.380 1.387 1.394 1.402 1.409 1.372 1.318 1.264 1.209 1.155 1.101 1.061 1.136 1.219 1.304 1.389 1.474 1.558 1.643 1.675 1.751 1.879 2.008 2.137 2.266 2.394 2.523 2.652 2.781 2.885 2.851 2.763 2.676 2.588 2.501 2.413 2.326 2.238 2.150 2.063 1.995 1.969 1.930 1.888 1.846 1.804 1.761 1.719 1.677 1.635 1.592 1.550 1.578 1.645 1.712 1.778 1.845 1.911 1.978 2.044 2.111 2.178 2.232 2.259 2.287 2.246 2.218 2.207 2.195 2.184
1.169 1.165 1.114 1.044 0.978 0.985 0.992 0.999 1.006 1.013 1.020 1.027 0.989 0.935 0.881 0.826 0.772 0.761 0.775 0.836 0.911 0.987 1.062 1.138 1.213 1.288 1.331 1.430 1.570 1.711 1.852 1.992 2.133 2.273 2.414 2.555 2.691 2.663 2.595 2.527 2.458 2.390 2.317 2.229 2.141 2.054 1.966 1.879 1.833 1.791 1.749 1.707 1.665 1.622 1.580 1.538 1.496 1.453 1.411 1.375 1.442 1.508 1.575 1.641 1.708 1.775 1.815 1.843 1.870 1.897 1.924 1.951 1.892 1.824 1.795 1.783 1.772
0.935 0.931 0.892 0.822 0.752 0.681 0.611 0.618 0.625 0.632 0.639 0.646 0.606 0.552 0.497 0.452 0.466 0.480 0.494 0.535 0.611 0.686 0.762 0.837 0.913 0.966 0.988 1.033 1.174 1.314 1.455 1.595 1.736 1.877 2.017 2.158 2.225 2.252 2.183 2.115 2.047 1.978 1.910 1.841 1.773 1.704 1.636 1.574 1.581 1.558 1.535 1.513 1.490 1.468 1.441 1.399 1.356 1.314 1.272 1.230 1.239 1.305 1.372 1.399 1.426 1.453 1.480 1.507 1.534 1.561 1.589 1.606 1.538 1.470 1.402 1.371 1.360
0.701 0.697 0.671 0.600 0.530 0.460 0.389 0.319 0.248 0.251 0.258 0.265 0.223 0.168 0.156 0.170 0.184 0.198 0.212 0.235 0.310 0.386 0.461 0.537 0.600 0.623 0.645 0.668 0.777 0.917 1.058 1.199 1.339 1.480 1.620 1.715 1.759 1.802 1.772 1.703 1.635 1.566 1.498 1.430 1.361 1.292 1.224 1.225 1.245 1.228 1.206 1.183 1.160 1.138 1.115 1.093 1.070 1.047 1.025 1.002 0.998 1.009 1.036 1.064 1.091 1.118 1.145 1.172 1.199 1.226 1.253 1.251 1.183 1.115 1.047 0.979 0.948
0.467 0.464 0.449 0.379 0.308 0.238 0.167 0.096 0.014 0.004 0.004 0.006 0.003 0.003 0.004 0.004 0.004 0.004 0.005 0.004 0.008 0.085 0.161 0.234 0.257 0.280 0.302 0.325 0.380 0.521 0.661 0.802 0.942 1.083 1.205 1.249 1.292 1.336 1.360 1.292 1.223 1.155 1.086 1.018 0.949 0.881 0.856 0.876 0.896 0.899 0.876 0.853 0.831 0.808 0.785 0.763 0.740 0.717 0.695 0.688 0.711 0.705 0.701 0.728 0.755 0.782 0.809 0.836 0.864 0.891 0.918 0.897 0.829 0.761 0.693 0.625 0.556
0.234 0.230 0.226 0.157 0.086 0.010 0.004 0.004 0.003 0.004 0.004 0.005 0.004 0.003 0.003 0.003 0.003 0.003 0.004 0.003 0.004 0.007 0.008 0.007 0.005 0.005 0.005 0.005 0.005 0.124 0.265 0.405 0.545 0.686 0.739 0.782 0.826 0.869 0.913 0.880 0.811 0.743 0.675 0.606 0.538 0.487 0.507 0.527 0.548 0.568 0.546 0.523 0.501 0.478 0.456 0.433 0.410 0.388 0.376 0.399 0.423 0.421 0.412 0.402 0.420 0.447 0.474 0.501 0.528 0.555 0.583 0.543 0.475 0.407 0.338 0.270 0.202
0.027 0.031 0.034 0.018 0.009 0.005 0.004 0.003 0.003 0.003 0.004 0.006 0.005 0.004 0.004 0.003 0.003 0.003 0.004 0.003 0.005 0.007 0.006 0.004 0.003 0.003 0.003 0.003 0.003 0.002 0.002 0.004 0.148 0.228 0.272 0.316 0.360 0.403 0.447 0.468 0.400 0.331 0.263 0.194 0.126 0.138 0.158 0.178 0.199 0.219 0.216 0.193 0.171 0.148 0.126 0.104 0.080 0.062 0.086 0.110 0.134 0.138 0.128 0.118 0.109 0.112 0.139 0.166 0.193 0.220 0.248 0.189 0.120 0.050 0.000 0.000 0.000
0.015 0.019 0.023 0.017 0.009 0.006 0.004 0.003 0.003 0.004 0.004 0.005 0.006 0.004 0.004 0.004 0.004 0.004 0.004 0.004 0.006 0.007 0.005 0.004 0.003 0.003 0.003 0.003 0.003 0.002 0.002 0.002 0.002 0.002 0.002 0.002 0.002 0.002 0.002 0.018 0.014 0.011 0.010 0.009 0.010 0.013 0.013 0.013 0.013 0.017 0.033 0.029 0.021 0.013 0.009 0.007 0.005 0.005 0.004 0.003 0.003 0.003 0.000 0.001 0.001 0.001 0.000 0.001 0.001 0.002 0.003 0.000 0.000 0.000 0.000 0.000 0.000
0.014 0.017 0.022 0.019 0.011 0.007 0.004 0.003 0.004 0.004 0.004 0.005 0.006 0.004 0.004 0.004 0.004 0.004 0.005 0.006 0.008 0.008 0.005 0.003 0.003 0.003 0.003 0.003 0.003 0.002 0.002 0.002 0.001 0.001 0.001 0.001 0.001 0.001 0.001 0.001 0.007 0.008 0.008 0.009 0.012 0.012 0.011 0.010 0.011 0.013 0.021 0.026 0.020 0.013 0.009 0.007 0.007 0.006 0.004 0.003 0.002 0.003 0.000 0.000 0.001 0.001 0.001 0.000 0.001 0.002 0.002 0.000 0.000 0.000 0.000 0.001 0.000
0.013 0.016 0.020 0.021 0.013 0.008 0.005 0.004 0.004 0.004 0.004 0.004 0.005 0.004 0.004 0.004 0.004 0.004 0.004 0.005 0.010 0.012 0.007 0.005 0.005 0.004 0.004 0.003 0.003 0.002 0.002 0.001 0.001 0.001 0.001 0.001 0.001 0.001 0.001 0.001 0.005 0.008 0.008 0.012 0.013 0.012 0.011 0.010 0.011 0.013 0.016 0.027 0.021 0.014 0.009 0.009 0.007 0.005 0.004 0.003 0.002 0.002 0.001 0.000 0.001 0.001 0.001 0.001 0.001 0.002 0.002 0.000 0.000 0.000 0.001 0.000 0.000
0.012 0.015 0.019 0.022 0.015 0.010 0.006 0.004 0.004 0.004 0.004 0.004 0.005 0.004 0.004 0.004 0.004 0.004 0.004 0.006 0.008 0.012 0.008 0.006 0.005 0.005 0.005 0.004 0.004 0.003 0.002 0.001 0.001 0.001 0.001 0.001 0.001 0.001 0.001 0.001 0.002 0.007 0.011 0.013 0.013 0.012 0.011 0.010 0.011 0.013 0.015 0.024 0.022 0.014 0.012 0.009 0.007 0.005 0.003 0.002 0.002 0.002 0.000 0.001 0.001 0.001 0.001 0.001 0.000 0.002 0.002 0.000 0.000 0.001 0.000 0.000 0.000
0.014 0.016 0.018 0.021 0.019 0.012 0.006 0.004 0.004 0.004 0.004 0.004 0.005 0.004 0.004 0.004 0.004 0.005 0.006 0.006 0.007 0.010 0.008 0.006 0.005 0.005 0.005 0.005 0.004 0.004 0.003 0.002 0.002 0.002 0.002 0.002 0.002 0.002 0.002 0.002 0.002 0.008 0.015 0.015 0.014 0.012 0.011 0.009 0.011 0.013 0.015 0.020 0.023 0.018 0.011 0.008 0.006 0.004 0.003 0.002 0.002 0.002 0.000 0.000 0.000 0.000 0.000 0.001 0.001 0.002 0.002 0.000 0.000 0.000 0.000 0.000 0.000
0.014 0.017 0.021 0.032 0.028 0.013 0.005 0.004 0.004 0.004 0.003 0.004 0.004 0.004 0.004 0.004 0.005 0.006 0.006 0.006 0.006 0.009 0.009 0.006 0.005 0.005 0.005 0.005 0.005 0.004 0.003 0.002 0.002 0.002 0.002 0.002 0.002 0.002 0.002 0.002 0.003 0.006 0.023 0.023 0.022 0.020 0.019 0.018 0.017 0.018 0.020 0.023 0.029 0.020 0.008 0.007 0.005 0.003 0.002 0.002 0.001 0.001 0.000 0.000 0.000 0.001 0.001 0.001 0.002 0.002 0.001 0.000 0.000 0.000 0.000 0.000 0.000
0.011 0.014 0.024 0.036 0.036 0.018 0.008 0.005 0.004 0.004 0.003 0.004 0.004 0.004 0.003 0.005 0.006 0.006 0.006 0.006 0.006 0.007 0.009 0.006 0.005 0.005 0.005 0.005 0.005 0.004 0.004 0.003 0.002 0.002 0.002 0.002 0.002 0.002 0.002 0.002 0.004 0.005 0.017 0.025 0.024 0.022 0.020 0.019 0.020 0.022 0.026 0.031 0.043 0.039 0.021 0.009 0.004 0.003 0.002 0.002 0.001 0.001 0.000 0.000 0.001 0.001 0.002 0.002 0.001 0.002 0.000 0.000 0.000 0.000 0.000 0.000 0.000
0.010 0.016 0.025 0.033 0.041 0.021 0.009 0.006 0.006 0.005 0.005 0.004 0.004 0.003 0.004 0.006 0.006 0.006 0.006 0.006 0.006 0.005 0.008 0.006 0.005 0.005 0.005 0.005 0.005 0.005 0.004 0.003 0.002 0.002 0.002 0.002 0.002 0.002 0.002 0.003 0.004 0.005 0.008 0.025 0.025 0.022 0.020 0.018 0.018 0.021 0.024 0.033 0.043 0.050 0.029 0.015 0.009 0.006 0.004 0.002 0.001 0.000 0.000 0.000 0.001 0.002 0.002 0.002 0.001 0.002 0.000 0.000 0.000 0.000 0.000 0.000 0.000
0.014 0.018 0.023 0.031 0.040 0.025 0.010 0.006 0.006 0.006 0.005 0.005 0.005 0.005 0.006 0.007 0.007 0.006 0.005 0.006 0.005 0.005 0.007 0.006 0.005 0.005 0.006 0.005 0.005 0.005 0.004 0.004 0.002 0.002 0.002 0.002 0.002 0.002 0.003 0.004 0.005 0.006 0.007 0.017 0.026 0.023 0.020 0.017 0.016 0.018 0.023 0.032 0.040 0.049 0.038 0.021 0.012 0.008 0.006 0.004 0.003 0.002 0.001 0.001 0.001 0.002 0.002 0.001 0.001 0.000 0.000 0.000 0.000 0.000 0.000 0.000 0.000
0.016 0.018 0.021 0.028 0.036 0.029 0.011 0.006 0.006 0.005 0.005 0.005 0.006 0.005 0.006 0.007 0.008 0.008 0.007 0.006 0.006 0.004 0.006 0.006 0.005 0.005 0.006 0.006 0.005 0.005 0.005 0.004 0.003 0.002 0.002 0.002 0.002 0.002 0.003 0.004 0.005 0.006 0.007 0.009 0.025 0.024 0.020 0.017 0.015 0.017 0.023 0.030 0.037 0.045 0.046 0.026 0.015 0.010 0.008 0.006 0.004 0.003 0.002 0.003 0.003 0.002 0.001 0.001 0.001 0.000 0.000 0.000 0.000 0.000 0.000 0.000 0.000
0.017 0.019 0.021 0.024 0.032 0.033 0.013 0.006 0.005 0.005 0.005 0.005 0.005 0.005 0.005 0.007 0.008 0.008 0.008 0.007 0.007 0.006 0.006 0.005 0.005 0.005 0.006 0.006 0.005 0.005 0.005 0.004 0.003 0.002 0.001 0.002 0.002 0.003 0.004 0.005 0.005 0.006 0.007 0.008 0.017 0.026 0.021 0.017 0.014 0.018 0.022 0.027 0.033 0.040 0.048 0.033 0.019 0.013 0.010 0.007 0.007 0.005 0.003 0.003 0.004 0.004 0.003 0.001 0.000 0.000 0.000 0.000 0.000 0.000 0.000 0.000 0.000
0.017 0.019 0.020 0.022 0.027 0.035 0.015 0.006 0.005 0.005 0.005 0.005 0.005 0.005 0.005 0.007 0.008 0.008 0.008 0.008 0.007 0.006 0.005 0.005 0.005 0.006 0.006 0.006 0.005 0.005 0.005 0.004 0.004 0.002 0.001 0.002 0.003 0.004 0.004 0.005 0.006 0.007 0.007 0.008 0.011 0.026 0.022 0.017 0.016 0.018 0.020 0.024 0.029 0.035 0.044 0.041 0.024 0.016 0.012 0.011 0.009 0.007 0.005 0.003 0.004 0.004 0.003 0.002 0.000 0.000 0.000 0.000 0.000 0.000 0.001 0.000 0.001
0.018 0.019 0.021 0.022 0.024 0.030 0.017 0.006 0.005 0.005 0.005 0.005 0.005 0.005 0.005 0.006 0.008 0.008 0.008 0.008 0.007 0.006 0.005 0.005 0.005 0.006 0.006 0.006 0.006 0.006 0.005 0.005 0.004 0.003 0.001 0.002 0.003 0.004 0.005 0.005 0.006 0.007 0.008 0.009 0.011 0.018 0.024 0.019 0.019 0.018 0.019 0.021 0.026 0.031 0.038 0.046 0.029 0.020 0.017 0.015 0.012 0.009 0.007 0.004 0.005 0.004 0.003 0.000 0.000 0.000 0.000 0.000 0.000 0.000 0.000 0.001 0.001
0.018 0.020 0.021 0.022 0.023 0.026 0.018 0.006 0.005 0.005 0.005 0.005 0.005 0.005 0.005 0.006 0.007 0.008 0.008 0.008 0.006 0.006 0.005 0.005 0.005 0.005 0.006 0.006 0.006 0.006 0.006 0.005 0.005 0.003 0.002 0.003 0.004 0.004 0.005 0.006 0.007 0.007 0.008 0.009 0.012 0.017 0.024 0.021 0.019 0.018 0.017 0.019 0.022 0.027 0.033 0.041 0.034 0.026 0.022 0.019 0.016 0.013 0.010 0.007 0.005 0.005 0.001 0.000 0.000 0.000 0.000 0.000 0.000 0.000 0.000 0.001 0.002
0.026 0.026 0.025 0.025 0.024 0.023 0.016 0.007 0.006 0.005 0.005 0.005 0.005 0.005 0.005 0.005 0.007 0.008 0.008 0.007 0.007 0.006 0.005 0.005 0.005 0.005 0.005 0.006 0.006 0.006 0.006 0.006 0.005 0.004 0.003 0.005 0.006 0.007 0.008 0.009 0.010 0.011 0.012 0.014 0.018 0.026 0.027 0.023 0.020 0.018 0.017 0.018 0.021 0.024 0.029 0.036 0.040 0.032 0.026 0.022 0.019 0.016 0.013 0.010 0.007 0.004 0.000 0.000 0.000 0.000 0.000 0.000 0.000 0.000 0.000 0.001 0.002
0.032 0.032 0.033 0.033 0.033 0.032 0.013 0.008 0.006 0.006 0.005 0.005 0.005 0.005 0.005 0.005 0.007 0.008 0.007 0.007 0.007 0.006 0.006 0.005 0.004 0.005 0.005 0.006 0.006 0.006 0.006 0.006 0.007 0.006 0.004 0.005 0.007 0.008 0.009 0.010 0.011 0.012 0.014 0.016 0.022 0.030 0.026 0.022 0.019 0.017 0.016 0.017 0.019 0.022 0.027 0.032 0.036 0.033 0.026 0.023 0.021 0.019 0.016 0.013 0.009 0.004 0.001 0.000 0.000 0.000 0.000 0.000 0.000 0.000 0.000 0.002 0.003
0.035 0.036 0.037 0.037 0.037 0.023 0.011 0.009 0.007 0.007 0.006 0.006 0.005 0.005 0.005 0.005 0.005 0.007 0.007 0.007 0.007 0.007 0.006 0.005 0.004 0.004 0.005 0.005 0.006 0.005 0.007 0.009 0.009 0.006 0.005 0.006 0.007 0.009 0.010 0.011 0.012 0.013 0.015 0.018 0.026 0.028 0.024 0.020 0.017 0.015 0.015 0.015 0.017 0.020 0.024 0.026 0.030 0.034 0.027 0.023 0.021 0.019 0.018 0.015 0.014 0.007 0.001 0.000 0.000 0.000 0.000 0.000 0.000 0.000 0.001 0.002 0.003
0.038 0.039 0.040 0.040 0.032 0.015 0.011 0.010 0.008 0.007 0.006 0.006 0.006 0.006 0.005 0.004 0.004 0.006 0.007 0.007 0.007 0.007 0.006 0.005 0.004 0.004 0.005 0.005 0.006 0.008 0.009 0.010 0.009 0.006 0.006 0.007 0.008 0.009 0.012 0.013 0.013 0.014 0.016 0.021 0.029 0.025 0.021 0.018 0.016 0.014 0.014 0.014 0.015 0.018 0.021 0.021 0.025 0.030 0.029 0.025 0.022 0.021 0.020 0.019 0.020 0.015 0.006 0.003 0.001 0.000 0.000 0.000 0.000 0.000 0.002 0.003 0.004
