includes/overflow_coast_co/floodfiles/results_R2_t1.605555492999E12 submersion faible - st pierre rupture dune49 et surverse dune11/res-0003.wd
ncols         906
nrows         631
xllcorner     362177.146666679996997
yllcorner     6534725.688019599765539
cellsize      20.000000000000000
NODATA_value  -9999.000000
[rows 408 to 441 of 631, columns 770 to 846 of 906]
5.048 5.082 5.116 5.150 5.184 5.218 5.252 5.289 5.326 5.363 5.400 5.436 5.473 5.510 5.549 5.589 5.628 5.668 5.708 5.747 5.785 5.823 5.861 5.899 5.937 5.975 6.013 6.051 6.082 6.113 6.144 6.174 6.205 6.236 6.267 6.297 6.328 6.359 6.390 6.420 6.451 6.481 6.489 6.498 6.507 6.515 6.524 6.533 6.541 6.550 6.559 6.567 6.576 6.585 6.594 6.602 6.628 6.657 6.687 6.704 6.713 6.723 6.733 6.742 6.752 6.762 6.777 6.796 6.815 6.834 6.854 6.873 6.892 6.909 6.917 6.925 6.934
5.080 5.113 5.147 5.181 5.216 5.253 5.289 5.326 5.363 5.400 5.437 5.474 5.510 5.547 5.587 5.626 5.666 5.706 5.745 5.785 5.824 5.862 5.900 5.938 5.977 6.015 6.053 6.090 6.121 6.151 6.182 6.213 6.244 6.274 6.305 6.336 6.367 6.397 6.429 6.466 6.503 6.534 6.557 6.566 6.575 6.583 6.592 6.601 6.609 6.618 6.627 6.635 6.644 6.653 6.662 6.679 6.708 6.738 6.767 6.789 6.799 6.808 6.818 6.828 6.837 6.847 6.857 6.866 6.881 6.900 6.919 6.938 6.957 6.974 6.982 6.990 6.999
5.111 5.145 5.179 5.216 5.253 5.290 5.327 5.363 5.400 5.437 5.474 5.511 5.548 5.585 5.624 5.664 5.703 5.743 5.783 5.822 5.862 5.902 5.940 5.978 6.016 6.054 6.092 6.128 6.159 6.190 6.220 6.251 6.282 6.313 6.343 6.374 6.409 6.446 6.482 6.519 6.556 6.586 6.613 6.634 6.643 6.651 6.660 6.669 6.678 6.686 6.695 6.704 6.712 6.721 6.730 6.759 6.789 6.818 6.848 6.874 6.884 6.894 6.903 6.913 6.923 6.932 6.942 6.952 6.961 6.971 6.984 7.004 7.023 7.039 7.048 7.056 7.078
5.143 5.180 5.216 5.253 5.290 5.327 5.364 5.401 5.438 5.474 5.511 5.548 5.585 5.622 5.662 5.701 5.741 5.781 5.820 5.860 5.900 5.939 5.979 6.018 6.056 6.094 6.132 6.167 6.197 6.228 6.259 6.290 6.320 6.351 6.388 6.425 6.462 6.499 6.536 6.572 6.609 6.637 6.664 6.691 6.711 6.720 6.728 6.737 6.746 6.754 6.763 6.772 6.781 6.789 6.810 6.840 6.869 6.899 6.928 6.957 6.969 6.979 6.989 6.998 7.008 7.018 7.027 7.037 7.047 7.056 7.066 7.076 7.088 7.105 7.121 7.150 7.179
5.181 5.217 5.254 5.291 5.327 5.364 5.401 5.438 5.475 5.512 5.549 5.585 5.622 5.660 5.699 5.739 5.779 5.818 5.858 5.898 5.937 5.977 6.016 6.056 6.095 6.133 6.171 6.205 6.236 6.267 6.297 6.331 6.368 6.405 6.441 6.478 6.515 6.552 6.589 6.626 6.662 6.689 6.715 6.742 6.769 6.788 6.796 6.805 6.814 6.822 6.831 6.840 6.849 6.861 6.890 6.920 6.949 6.979 7.008 7.038 7.054 7.064 7.074 7.083 7.093 7.103 7.112 7.122 7.132 7.141 7.151 7.161 7.170 7.208 7.222 7.251 7.279
5.226 5.257 5.291 5.328 5.365 5.402 5.438 5.475 5.512 5.549 5.586 5.623 5.659 5.697 5.737 5.777 5.816 5.856 5.895 5.935 5.975 6.014 6.054 6.094 6.133 6.173 6.211 6.243 6.274 6.310 6.347 6.384 6.421 6.458 6.495 6.532 6.568 6.605 6.642 6.679 6.714 6.740 6.767 6.793 6.820 6.847 6.864 6.873 6.882 6.891 6.899 6.908 6.917 6.941 6.971 7.000 7.030 7.059 7.089 7.118 7.140 7.149 7.159 7.169 7.178 7.188 7.198 7.207 7.217 7.227 7.236 7.246 7.299 7.349 7.357 7.364 7.380
5.272 5.302 5.333 5.365 5.402 5.439 5.476 5.512 5.549 5.586 5.623 5.660 5.697 5.735 5.775 5.814 5.854 5.893 5.933 5.973 6.012 6.052 6.092 6.131 6.171 6.210 6.251 6.290 6.327 6.363 6.400 6.437 6.474 6.511 6.548 6.585 6.622 6.659 6.695 6.732 6.765 6.792 6.818 6.845 6.872 6.898 6.925 6.941 6.950 6.959 6.967 6.976 6.992 7.022 7.051 7.080 7.110 7.139 7.169 7.198 7.225 7.234 7.244 7.254 7.263 7.273 7.283 7.292 7.302 7.312 7.329 7.382 7.434 7.487 7.498 7.505 7.513
5.317 5.348 5.378 5.409 5.440 5.476 5.513 5.550 5.586 5.623 5.660 5.697 5.734 5.773 5.812 5.852 5.891 5.931 5.971 6.010 6.050 6.090 6.129 6.169 6.210 6.256 6.301 6.341 6.380 6.417 6.454 6.490 6.527 6.564 6.601 6.638 6.675 6.712 6.749 6.785 6.816 6.843 6.870 6.896 6.923 6.950 6.976 7.003 7.018 7.027 7.036 7.044 7.072 7.102 7.131 7.161 7.190 7.220 7.249 7.279 7.308 7.320 7.329 7.339 7.349 7.358 7.368 7.378 7.387 7.412 7.464 7.517 7.569 7.622 7.640 7.647 7.654
5.363 5.393 5.424 5.454 5.485 5.516 5.550 5.587 5.624 5.660 5.697 5.734 5.771 5.810 5.850 5.889 5.929 5.969 6.008 6.048 6.088 6.127 6.170 6.215 6.260 6.306 6.350 6.390 6.430 6.470 6.507 6.544 6.581 6.617 6.654 6.691 6.728 6.765 6.802 6.839 6.868 6.895 6.921 6.948 6.974 7.001 7.028 7.054 7.081 7.095 7.104 7.123 7.153 7.182 7.212 7.241 7.271 7.300 7.330 7.359 7.388 7.405 7.414 7.424 7.434 7.443 7.453 7.463 7.494 7.547 7.599 7.652 7.704 7.757 7.781 7.788 7.796
5.408 5.439 5.469 5.500 5.530 5.561 5.592 5.624 5.661 5.698 5.734 5.771 5.808 5.848 5.887 5.927 5.967 6.006 6.046 6.086 6.129 6.174 6.220 6.265 6.310 6.355 6.399 6.439 6.479 6.519 6.560 6.597 6.634 6.671 6.708 6.744 6.781 6.818 6.855 6.892 6.919 6.946 6.973 6.999 7.026 7.053 7.079 7.106 7.133 7.159 7.174 7.204 7.233 7.263 7.292 7.322 7.351 7.380 7.410 7.439 7.469 7.490 7.500 7.509 7.519 7.529 7.538 7.577 7.630 7.682 7.735 7.787 7.840 7.892 7.923 7.930 7.937
5.453 5.484 5.515 5.545 5.576 5.607 5.637 5.668 5.698 5.735 5.772 5.808 5.846 5.885 5.925 5.965 6.004 6.044 6.088 6.133 6.179 6.224 6.269 6.314 6.360 6.405 6.448 6.488 6.528 6.569 6.609 6.649 6.687 6.724 6.761 6.798 6.835 6.871 6.908 6.944 6.971 6.997 7.024 7.051 7.077 7.104 7.131 7.157 7.184 7.216 7.251 7.283 7.314 7.343 7.372 7.402 7.431 7.461 7.490 7.520 7.549 7.575 7.585 7.594 7.604 7.614 7.660 7.712 7.765 7.817 7.870 7.922 7.975 8.027 8.064 8.072 8.079
5.499 5.529 5.560 5.591 5.621 5.652 5.683 5.713 5.744 5.775 5.809 5.846 5.883 5.923 5.962 6.002 6.047 6.092 6.138 6.183 6.228 6.274 6.319 6.364 6.409 6.455 6.497 6.537 6.578 6.618 6.658 6.698 6.738 6.777 6.814 6.851 6.888 6.925 6.962 6.996 7.022 7.049 7.076 7.102 7.129 7.156 7.182 7.214 7.250 7.287 7.322 7.354 7.386 7.418 7.451 7.482 7.512 7.541 7.571 7.600 7.630 7.659 7.670 7.680 7.690 7.742 7.795 7.847 7.900 7.952 8.005 8.057 8.110 8.162 8.206 8.213 8.220
5.544 5.575 5.605 5.636 5.667 5.697 5.728 5.759 5.789 5.820 5.851 5.883 5.921 5.961 6.006 6.052 6.097 6.142 6.188 6.233 6.278 6.323 6.369 6.414 6.459 6.505 6.546 6.587 6.627 6.667 6.707 6.747 6.787 6.827 6.867 6.904 6.941 6.978 7.015 7.047 7.074 7.100 7.127 7.154 7.180 7.213 7.249 7.285 7.321 7.357 7.393 7.425 7.457 7.489 7.522 7.554 7.586 7.618 7.651 7.680 7.710 7.739 7.755 7.773 7.825 7.878 7.930 7.983 8.035 8.088 8.140 8.193 8.245 8.298 8.348 8.355 8.362
5.590 5.620 5.651 5.682 5.712 5.743 5.773 5.804 5.835 5.865 5.896 5.926 5.965 6.011 6.056 6.101 6.147 6.192 6.237 6.283 6.328 6.373 6.418 6.464 6.509 6.554 6.596 6.636 6.676 6.716 6.756 6.796 6.836 6.876 6.917 6.957 6.994 7.031 7.068 7.098 7.125 7.152 7.178 7.211 7.247 7.283 7.320 7.356 7.392 7.428 7.464 7.496 7.528 7.561 7.593 7.625 7.657 7.690 7.722 7.754 7.786 7.819 7.855 7.908 7.960 8.013 8.065 8.118 8.170 8.223 8.275 8.328 8.380 8.433 8.485 8.496 8.503
5.635 5.666 5.696 5.727 5.758 5.788 5.819 5.849 5.880 5.910 5.940 5.970 6.010 6.059 6.106 6.151 6.196 6.242 6.287 6.332 6.378 6.423 6.468 6.513 6.559 6.604 6.645 6.685 6.725 6.765 6.805 6.845 6.885 6.925 6.966 7.006 7.046 7.084 7.121 7.150 7.177 7.209 7.246 7.282 7.318 7.354 7.390 7.427 7.463 7.499 7.535 7.567 7.599 7.632 7.664 7.696 7.728 7.761 7.793 7.825 7.857 7.917 7.996 8.046 8.096 8.148 8.200 8.253 8.305 8.358 8.410 8.463 8.515 8.568 8.620 8.638 8.645
5.681 5.711 5.742 5.772 5.803 5.834 5.864 5.894 5.924 5.954 5.983 6.013 6.056 6.105 6.153 6.201 6.246 6.291 6.337 6.382 6.427 6.473 6.518 6.563 6.609 6.654 6.694 6.734 6.774 6.814 6.854 6.894 6.935 6.975 7.015 7.055 7.095 7.135 7.174 7.208 7.244 7.280 7.316 7.353 7.389 7.425 7.461 7.498 7.534 7.570 7.606 7.638 7.670 7.703 7.735 7.767 7.800 7.832 7.864 7.896 7.963 8.052 8.138 8.188 8.238 8.288 8.338 8.388 8.441 8.493 8.546 8.598 8.651 8.703 8.756 8.779 8.787
5.726 5.757 5.787 5.818 5.849 5.878 5.908 5.937 5.967 5.997 6.026 6.056 6.102 6.150 6.199 6.247 6.295 6.341 6.386 6.432 6.477 6.522 6.568 6.613 6.658 6.703 6.743 6.783 6.823 6.863 6.903 6.944 6.984 7.024 7.064 7.104 7.144 7.188 7.234 7.277 7.315 7.351 7.387 7.423 7.460 7.496 7.532 7.568 7.605 7.641 7.677 7.709 7.742 7.774 7.806 7.838 7.871 7.903 7.935 8.009 8.098 8.187 8.276 8.330 8.380 8.430 8.480 8.530 8.579 8.629 8.681 8.733 8.786 8.838 8.891 8.921 8.928
5.772 5.802 5.833 5.863 5.892 5.922 5.951 5.981 6.010 6.040 6.070 6.099 6.147 6.196 6.244 6.292 6.341 6.389 6.436 6.481 6.527 6.572 6.618 6.663 6.708 6.752 6.792 6.832 6.872 6.912 6.952 6.993 7.033 7.073 7.113 7.158 7.204 7.249 7.295 7.337 7.380 7.422 7.458 7.494 7.531 7.567 7.603 7.639 7.675 7.712 7.748 7.780 7.813 7.845 7.877 7.910 7.942 7.974 8.055 8.144 8.233 8.322 8.411 8.473 8.522 8.572 8.622 8.672 8.722 8.771 8.821 8.871 8.921 8.973 9.026 9.062 9.070
5.817 5.847 5.876 5.906 5.935 5.965 5.994 6.024 6.054 6.083 6.113 6.144 6.193 6.241 6.290 6.338 6.387 6.435 6.483 6.531 6.577 6.622 6.667 6.713 6.758 6.801 6.841 6.881 6.921 6.961 7.002 7.042 7.082 7.127 7.173 7.219 7.265 7.310 7.356 7.398 7.441 7.483 7.526 7.565 7.601 7.638 7.674 7.710 7.746 7.783 7.819 7.852 7.884 7.916 7.948 7.981 8.013 8.101 8.190 8.279 8.368 8.457 8.546 8.615 8.665 8.714 8.764 8.814 8.864 8.914 8.963 9.013 9.063 9.113 9.163 9.225 9.366
5.860 5.890 5.919 5.949 5.978 6.008 6.038 6.067 6.097 6.126 6.156 6.190 6.238 6.287 6.335 6.384 6.432 6.481 6.529 6.577 6.626 6.672 6.717 6.762 6.808 6.850 6.890 6.930 6.970 7.010 7.051 7.096 7.142 7.188 7.234 7.280 7.326 7.372 7.417 7.459 7.502 7.544 7.587 7.629 7.672 7.708 7.745 7.781 7.817 7.853 7.890 7.923 7.955 7.987 8.019 8.058 8.147 8.236 8.325 8.414 8.503 8.592 8.681 8.757 8.807 8.857 8.906 8.956 9.006 9.056 9.106 9.155 9.205 9.255 9.339 9.570 9.700
5.903 5.933 5.963 5.992 6.022 6.051 6.081 6.110 6.140 6.170 6.199 6.235 6.284 6.332 6.381 6.429 6.478 6.526 6.574 6.623 6.671 6.720 6.767 6.812 6.857 6.899 6.939 6.980 7.020 7.065 7.111 7.157 7.203 7.249 7.295 7.341 7.387 7.433 7.477 7.520 7.562 7.605 7.647 7.690 7.733 7.775 7.815 7.852 7.888 7.924 7.960 7.994 8.026 8.058 8.104 8.193 8.282 8.371 8.460 8.549 8.638 8.727 8.816 8.899 8.949 8.999 9.049 9.098 9.148 9.198 9.248 9.298 9.348 9.435 9.666 9.897 10.055
5.947 5.976 6.006 6.035 6.065 6.094 6.124 6.154 6.183 6.213 6.242 6.281 6.329 6.378 6.426 6.475 6.523 6.572 6.620 6.668 6.717 6.765 6.814 6.862 6.907 6.948 6.989 7.035 7.080 7.126 7.172 7.218 7.264 7.310 7.356 7.402 7.448 7.494 7.538 7.581 7.623 7.666 7.708 7.751 7.793 7.836 7.878 7.921 7.959 7.995 8.031 8.065 8.097 8.149 8.239 8.328 8.417 8.506 8.595 8.684 8.773 8.862 8.951 9.040 9.091 9.141 9.191 9.241 9.290 9.340 9.390 9.440 9.531 9.762 9.993 10.224 10.410
5.988 6.020 6.049 6.079 6.108 6.138 6.167 6.197 6.226 6.256 6.285 6.326 6.375 6.423 6.472 6.520 6.569 6.617 6.666 6.714 6.762 6.811 6.859 6.908 6.956 7.004 7.050 7.096 7.141 7.187 7.233 7.279 7.325 7.371 7.417 7.463 7.509 7.555 7.599 7.642 7.684 7.727 7.769 7.812 7.854 7.897 7.939 7.982 8.024 8.066 8.102 8.136 8.195 8.284 8.374 8.463 8.552 8.641 8.730 8.819 8.908 8.997 9.086 9.175 9.233 9.283 9.333 9.383 9.433 9.482 9.532 9.627 9.858 10.089 10.321 10.552 10.765
6.006 6.054 6.092 6.122 6.151 6.181 6.210 6.240 6.269 6.299 6.329 6.372 6.420 6.469 6.517 6.566 6.614 6.663 6.711 6.760 6.808 6.856 6.905 6.957 7.008 7.061 7.111 7.157 7.203 7.248 7.294 7.340 7.386 7.432 7.478 7.524 7.570 7.616 7.660 7.702 7.745 7.787 7.830 7.872 7.915 7.958 8.000 8.043 8.085 8.128 8.170 8.241 8.330 8.419 8.508 8.598 8.687 8.776 8.865 8.954 9.043 9.132 9.221 9.310 9.375 9.425 9.475 9.525 9.575 9.625 9.723 9.954 10.185 10.417 10.648 10.879 11.110
6.024 6.072 6.120 6.165 6.194 6.224 6.254 6.283 6.313 6.342 6.372 6.418 6.466 6.515 6.563 6.611 6.660 6.708 6.757 6.805 6.854 6.906 6.957 7.008 7.060 7.112 7.165 7.217 7.263 7.309 7.355 7.401 7.447 7.493 7.539 7.585 7.631 7.677 7.721 7.763 7.806 7.848 7.891 7.933 7.976 8.018 8.061 8.103 8.146 8.203 8.295 8.384 8.469 8.555 8.643 8.733 8.822 8.911 9.000 9.089 9.178 9.267 9.356 9.445 9.518 9.567 9.617 9.667 9.717 9.819 10.050 10.281 10.513 10.744 10.975 11.206 11.437
6.042 6.090 6.138 6.186 6.234 6.267 6.297 6.326 6.356 6.385 6.415 6.463 6.512 6.560 6.608 6.657 6.705 6.754 6.803 6.854 6.906 6.957 7.009 7.060 7.112 7.164 7.217 7.269 7.321 7.370 7.416 7.462 7.508 7.554 7.600 7.646 7.692 7.738 7.781 7.824 7.867 7.909 7.952 7.994 8.037 8.079 8.122 8.164 8.255 8.347 8.439 8.529 8.614 8.699 8.785 8.870 8.957 9.046 9.135 9.224 9.313 9.402 9.491 9.580 9.660 9.710 9.759 9.809 9.915 10.146 10.377 10.609 10.840 11.071 11.302 11.533 11.765
6.060 6.108 6.156 6.204 6.252 6.301 6.340 6.370 6.399 6.429 6.460 6.509 6.557 6.606 6.654 6.702 6.752 6.803 6.855 6.906 6.958 7.009 7.060 7.112 7.163 7.216 7.268 7.321 7.373 7.426 7.477 7.523 7.569 7.615 7.661 7.707 7.753 7.799 7.842 7.885 7.927 7.970 8.012 8.055 8.097 8.140 8.214 8.306 8.399 8.491 8.584 8.673 8.759 8.844 8.930 9.015 9.100 9.186 9.271 9.359 9.448 9.537 9.626 9.715 9.802 9.852 9.902 10.011 10.242 10.473 10.705 10.936 11.167 11.398 11.629 11.861 12.092
6.078 6.126 6.174 6.222 6.270 6.319 6.367 6.413 6.442 6.472 6.506 6.554 6.603 6.651 6.701 6.752 6.804 6.855 6.906 6.958 7.009 7.061 7.112 7.163 7.215 7.268 7.320 7.373 7.425 7.478 7.530 7.583 7.630 7.676 7.722 7.768 7.814 7.860 7.903 7.946 7.988 8.031 8.073 8.116 8.174 8.266 8.358 8.451 8.543 8.635 8.728 8.818 8.904 8.989 9.074 9.160 9.245 9.331 9.416 9.501 9.587 9.672 9.761 9.850 9.939 9.994 10.107 10.338 10.570 10.801 11.032 11.263 11.494 11.726 11.957 12.188 12.419
6.095 6.144 6.192 6.240 6.288 6.337 6.385 6.433 6.481 6.515 6.551 6.600 6.650 6.701 6.753 6.804 6.855 6.907 6.958 7.010 7.061 7.112 7.164 7.215 7.267 7.320 7.372 7.425 7.477 7.529 7.582 7.634 7.687 7.737 7.783 7.829 7.875 7.921 7.964 8.006 8.049 8.092 8.134 8.226 8.318 8.410 8.503 8.595 8.687 8.780 8.872 8.963 9.048 9.134 9.219 9.305 9.390 9.475 9.561 9.646 9.731 9.817 9.902 9.988 10.074 10.203 10.435 10.666 10.897 11.128 11.359 11.590 11.822 12.053 12.284 12.515 12.746
6.113 6.162 6.210 6.258 6.306 6.355 6.403 6.451 6.499 6.547 6.599 6.650 6.702 6.753 6.804 6.856 6.907 6.959 7.010 7.061 7.113 7.164 7.215 7.267 7.319 7.371 7.424 7.476 7.529 7.581 7.634 7.686 7.739 7.791 7.844 7.890 7.936 7.982 8.025 8.067 8.110 8.185 8.277 8.370 8.462 8.554 8.647 8.739 8.832 8.924 9.016 9.108 9.193 9.279 9.364 9.449 9.535 9.620 9.705 9.791 9.876 9.962 10.047 10.132 10.256 10.474 10.729 10.983 11.224 11.455 11.686 11.918 12.149 12.380 12.611 12.842 13.074
6.132 6.180 6.228 6.276 6.324 6.373 6.421 6.469 6.523 6.586 6.645 6.702 6.753 6.805 6.856 6.908 6.959 7.010 7.062 7.113 7.164 7.216 7.267 7.319 7.371 7.423 7.476 7.528 7.581 7.633 7.686 7.738 7.790 7.843 7.895 7.948 7.997 8.043 8.085 8.145 8.237 8.329 8.422 8.514 8.606 8.699 8.791 8.883 8.976 9.068 9.160 9.253 9.338 9.423 9.509 9.594 9.679 9.765 9.850 9.936 10.021 10.106 10.192 10.314 10.505 10.703 10.957 11.212 11.467 11.721 11.976 12.231 12.476 12.707 12.939 13.170 13.401
6.149 6.198 6.246 6.294 6.342 6.390 6.443 6.505 6.568 6.630 6.689 6.746 6.802 6.857 6.908 6.959 7.011 7.062 7.113 7.165 7.216 7.267 7.319 7.370 7.423 7.475 7.527 7.580 7.632 7.685 7.737 7.790 7.842 7.895 7.947 8.000 8.052 8.104 8.196 8.289 8.381 8.473 8.566 8.658 8.751 8.843 8.935 9.028 9.120 9.212 9.305 9.397 9.483 9.568 9.653 9.739 9.824 9.910 9.995 10.080 10.166 10.251 10.372 10.563 10.755 10.946 11.186 11.441 11.695 11.950 12.205 12.460 12.714 12.969 13.224 13.478 13.728
6.167 6.216 6.264 6.312 6.363 6.425 6.488 6.550 6.612 6.675 6.733 6.790 6.847 6.903 6.960 7.011 7.062 7.114 7.165 7.216 7.268 7.319 7.371 7.422 7.474 7.527 7.579 7.632 7.684 7.737 7.789 7.842 7.894 7.947 7.999 8.055 8.132 8.216 8.331 8.433 8.525 8.618 8.710 8.802 8.895 8.987 9.080 9.172 9.264 9.357 9.449 9.541 9.628 9.713 9.798 9.884 9.969 10.054 10.140 10.225 10.311 10.430 10.621 10.812 11.004 11.195 11.415 11.670 11.924 12.179 12.434 12.688 12.943 13.198 13.452 13.707 13.961
6.185 6.234 6.283 6.345 6.407 6.470 6.532 6.594 6.657 6.719 6.777 6.834 6.891 6.947 7.004 7.061 7.114 7.165 7.217 7.268 7.319 7.371 7.422 7.474 7.526 7.579 7.631 7.684 7.736 7.789 7.841 7.894 7.946 8.005 8.083 8.159 8.236 8.325 8.441 8.556 8.670 8.762 8.854 8.947 9.039 9.131 9.224 9.316 9.408 9.501 9.593 9.685 9.772 9.858 9.943 10.028 10.114 10.199 10.285 10.370 10.488 10.679 10.870 11.062 11.253 11.444 11.644 11.898 12.153 12.408 12.662 12.917 13.172 13.427 13.682 13.936 14.191
