includes/overflow_coast_co/floodfiles/results_R2_t1.605555492999E12 submersion faible - st pierre rupture dune49 et surverse dune11/res-0006.wdfp
ncols         906
nrows         631
xllcorner     362177.146666679996997
yllcorner     6534725.688019599765539
cellsize      20.000000000000000
NODATA_value  -9999.000000
[rows 578 to 611 of 631, columns 539 to 615 of 906]
8.006 7.963 7.921 7.878 7.835 7.792 7.759 7.791 7.822 7.854 7.886 7.917 7.949 7.980 8.012 8.026 8.025 8.023 8.021 8.019 8.017 8.034 8.059 8.084 8.109 8.134 8.124 8.102 8.081 8.059 8.037 8.015 7.994 7.972 7.950 7.929 7.907 7.930 7.953 7.977 8.000 8.024 8.047 8.071 8.094 8.110 8.116 8.122 8.129 8.135 8.141 8.147 8.187 8.297 8.407 8.516 8.626 8.736 8.846 8.956 9.065 9.175 9.285 9.395 9.505 9.605 9.627 9.648 9.671 9.694 9.717 9.739 9.762 9.785 9.808 9.831 9.854
8.170 8.155 8.112 8.070 8.027 7.984 7.957 7.988 8.020 8.051 8.083 8.114 8.146 8.158 8.156 8.155 8.153 8.151 8.149 8.147 8.145 8.165 8.190 8.215 8.240 8.265 8.290 8.306 8.284 8.262 8.241 8.219 8.197 8.175 8.154 8.132 8.110 8.131 8.155 8.178 8.202 8.225 8.249 8.272 8.285 8.291 8.298 8.304 8.310 8.316 8.322 8.328 8.345 8.455 8.565 8.674 8.784 8.894 9.004 9.114 9.223 9.333 9.443 9.553 9.647 9.672 9.696 9.716 9.736 9.756 9.776 9.799 9.822 9.845 9.867 9.890 9.913
8.280 8.291 8.302 8.261 8.218 8.176 8.154 8.185 8.217 8.248 8.280 8.290 8.288 8.286 8.285 8.283 8.281 8.279 8.277 8.275 8.273 8.296 8.321 8.346 8.371 8.396 8.421 8.446 8.471 8.466 8.444 8.422 8.401 8.379 8.357 8.336 8.314 8.332 8.356 8.379 8.403 8.426 8.450 8.460 8.467 8.473 8.479 8.485 8.491 8.497 8.504 8.510 8.516 8.613 8.723 8.832 8.942 9.052 9.162 9.272 9.381 9.491 9.601 9.689 9.714 9.740 9.765 9.785 9.804 9.824 9.844 9.864 9.884 9.904 9.927 9.950 9.973
8.390 8.401 8.413 8.424 8.410 8.367 8.351 8.382 8.414 8.422 8.420 8.418 8.417 8.415 8.413 8.411 8.409 8.407 8.405 8.403 8.403 8.428 8.453 8.477 8.502 8.527 8.552 8.577 8.602 8.627 8.648 8.626 8.604 8.583 8.561 8.539 8.517 8.533 8.557 8.580 8.604 8.627 8.636 8.642 8.648 8.654 8.660 8.667 8.673 8.679 8.685 8.691 8.697 8.771 8.881 8.990 9.100 9.210 9.320 9.430 9.539 9.649 9.731 9.756 9.782 9.807 9.833 9.853 9.873 9.893 9.913 9.933 9.953 9.972 9.992 10.012 10.032
8.500 8.512 8.523 8.534 8.545 8.557 8.548 8.554 8.552 8.550 8.548 8.547 8.545 8.543 8.541 8.539 8.537 8.535 8.533 8.532 8.534 8.559 8.584 8.609 8.634 8.659 8.684 8.708 8.733 8.758 8.783 8.808 8.808 8.786 8.764 8.743 8.721 8.735 8.758 8.782 8.805 8.811 8.817 8.823 8.830 8.836 8.842 8.848 8.854 8.860 8.866 8.872 8.879 8.929 9.039 9.149 9.258 9.368 9.478 9.588 9.697 9.773 9.798 9.824 9.849 9.875 9.900 9.922 9.942 9.962 9.982 10.001 10.021 10.041 10.061 10.081 10.101
8.611 8.622 8.633 8.645 8.656 8.637 8.657 8.682 8.680 8.678 8.677 8.675 8.673 8.671 8.669 8.667 8.665 8.663 8.662 8.660 8.665 8.690 8.715 8.740 8.765 8.790 8.815 8.840 8.864 8.889 8.914 8.939 8.964 8.989 8.968 8.946 8.925 8.936 8.959 8.980 8.986 8.993 8.999 9.005 9.011 9.017 9.023 9.029 9.036 9.042 9.048 9.054 9.060 9.087 9.197 9.307 9.416 9.526 9.636 9.746 9.815 9.840 9.866 9.891 9.917 9.942 9.968 9.991 10.011 10.030 10.050 10.070 10.090 10.110 10.130 10.150 10.169
8.721 8.732 8.743 8.721 8.698 8.675 8.704 8.760 8.808 8.807 8.805 8.803 8.801 8.799 8.797 8.795 8.794 8.792 8.790 8.788 8.797 8.821 8.846 8.871 8.896 8.921 8.946 8.971 8.996 9.021 9.046 9.070 9.095 9.120 9.145 9.150 9.128 9.137 9.156 9.162 9.168 9.174 9.180 9.186 9.193 9.199 9.205 9.211 9.217 9.223 9.229 9.235 9.242 9.248 9.355 9.465 9.574 9.684 9.794 9.857 9.883 9.908 9.933 9.959 9.985 10.010 10.036 10.059 10.079 10.099 10.119 10.139 10.159 10.179 10.199 10.218 10.238
8.826 8.804 8.781 8.758 8.736 8.713 8.752 8.808 8.863 8.919 8.933 8.931 8.929 8.927 8.925 8.924 8.922 8.920 8.918 8.916 8.928 8.953 8.978 9.003 9.027 9.052 9.077 9.102 9.127 9.152 9.177 9.202 9.227 9.251 9.276 9.301 9.326 9.331 9.337 9.343 9.349 9.355 9.362 9.368 9.374 9.380 9.386 9.392 9.398 9.405 9.411 9.417 9.423 9.429 9.513 9.623 9.732 9.842 9.899 9.925 9.950 9.975 10.001 10.026 10.052 10.078 10.103 10.128 10.148 10.168 10.188 10.208 10.228 10.247 10.267 10.287 10.307
8.864 8.841 8.819 8.796 8.773 8.751 8.799 8.855 8.911 8.967 9.022 9.059 9.057 9.056 9.054 9.052 9.050 9.048 9.046 9.044 9.059 9.084 9.109 9.134 9.159 9.184 9.208 9.233 9.258 9.283 9.308 9.333 9.358 9.383 9.408 9.381 9.345 9.436 9.460 9.485 9.509 9.533 9.543 9.549 9.555 9.562 9.568 9.574 9.580 9.586 9.592 9.598 9.605 9.611 9.671 9.781 9.891 9.941 9.967 9.992 10.018 10.043 10.069 10.094 10.120 10.145 10.171 10.196 10.217 10.237 10.257 10.276 10.296 10.316 10.336 10.356 10.347
8.902 8.879 8.857 8.834 8.811 8.791 8.847 8.903 8.958 9.014 9.070 9.126 9.181 9.184 9.182 9.180 9.178 9.176 9.174 9.172 9.190 9.215 9.240 9.265 9.290 9.315 9.340 9.365 9.389 9.414 9.439 9.464 9.457 9.421 9.385 9.349 9.352 9.470 9.537 9.561 9.585 9.609 9.633 9.657 9.681 9.705 9.729 9.754 9.761 9.768 9.774 9.780 9.786 9.792 9.829 9.939 9.983 10.009 10.034 10.060 10.085 10.111 10.136 10.162 10.187 10.213 10.238 10.264 10.286 10.306 10.325 10.345 10.365 10.385 10.401 10.393 10.384
8.940 8.917 8.894 8.872 8.849 8.839 8.894 8.950 9.006 9.062 9.118 9.173 9.229 9.285 9.310 9.308 9.306 9.304 9.302 9.301 9.322 9.346 9.371 9.396 9.421 9.446 9.471 9.496 9.521 9.532 9.496 9.461 9.425 9.389 9.353 9.317 9.373 9.491 9.609 9.637 9.661 9.685 9.709 9.733 9.758 9.782 9.806 9.830 9.854 9.878 9.902 9.926 9.950 9.974 9.987 10.025 10.051 10.076 10.102 10.127 10.153 10.178 10.204 10.229 10.255 10.280 10.306 10.331 10.354 10.374 10.394 10.414 10.434 10.447 10.438 10.430 10.422
8.978 8.955 8.932 8.910 8.887 8.886 8.942 8.998 9.054 9.109 9.165 9.221 9.277 9.332 9.388 9.436 9.434 9.433 9.431 9.429 9.453 9.478 9.503 9.527 9.552 9.577 9.602 9.572 9.536 9.500 9.464 9.428 9.393 9.357 9.321 9.285 9.394 9.512 9.631 9.714 9.738 9.762 9.786 9.810 9.834 9.858 9.882 9.906 9.930 9.954 9.978 10.002 10.027 10.051 10.073 10.096 10.120 10.144 10.169 10.195 10.220 10.246 10.271 10.297 10.322 10.348 10.373 10.399 10.423 10.443 10.463 10.483 10.492 10.484 10.476 10.467 10.459
9.015 8.993 8.970 8.947 8.925 8.934 8.990 9.045 9.101 9.157 9.213 9.268 9.324 9.380 9.436 9.491 9.547 9.561 9.559 9.559 9.584 9.609 9.634 9.659 9.648 9.612 9.576 9.540 9.504 9.468 9.432 9.396 9.360 9.324 9.289 9.297 9.415 9.534 9.652 9.770 9.814 9.838 9.862 9.886 9.910 9.934 9.958 9.982 10.007 10.031 10.055 10.079 10.103 10.126 10.147 10.170 10.194 10.218 10.242 10.266 10.289 10.313 10.339 10.364 10.390 10.415 10.441 10.466 10.492 10.512 10.531 10.538 10.530 10.521 10.513 10.504 10.496
9.053 9.030 9.008 8.985 8.963 8.981 9.037 9.093 9.149 9.204 9.260 9.316 9.372 9.427 9.483 9.539 9.595 9.650 9.687 9.690 9.715 9.723 9.687 9.651 9.615 9.579 9.544 9.508 9.472 9.436 9.400 9.364 9.328 9.292 9.257 9.318 9.436 9.555 9.673 9.791 9.890 9.914 9.939 9.963 9.987 10.011 10.035 10.059 10.083 10.107 10.131 10.155 10.179 10.200 10.221 10.243 10.267 10.291 10.315 10.339 10.363 10.387 10.411 10.435 10.459 10.483 10.508 10.534 10.559 10.580 10.583 10.575 10.567 10.558 10.550 10.542 10.533
9.091 9.068 9.046 9.023 9.000 9.029 9.085 9.140 9.196 9.252 9.308 9.363 9.419 9.475 9.531 9.586 9.642 9.698 9.754 9.763 9.727 9.691 9.655 9.619 9.583 9.547 9.512 9.476 9.440 9.404 9.368 9.332 9.296 9.260 9.224 9.339 9.458 9.576 9.694 9.812 9.931 9.991 10.015 10.039 10.063 10.087 10.111 10.135 10.159 10.183 10.207 10.231 10.253 10.274 10.296 10.317 10.341 10.365 10.389 10.412 10.436 10.460 10.484 10.508 10.532 10.556 10.580 10.604 10.628 10.629 10.621 10.612 10.604 10.596 10.587 10.579 10.570
9.129 9.106 9.084 9.061 9.038 9.077 9.132 9.188 9.244 9.300 9.355 9.411 9.467 9.522 9.578 9.634 9.683 9.714 9.746 9.738 9.696 9.659 9.623 9.587 9.551 9.515 9.479 9.444 9.408 9.372 9.336 9.300 9.264 9.228 9.242 9.360 9.479 9.597 9.715 9.833 9.952 10.067 10.091 10.115 10.139 10.163 10.188 10.212 10.236 10.260 10.284 10.306 10.327 10.349 10.370 10.392 10.414 10.438 10.462 10.486 10.510 10.534 10.558 10.582 10.606 10.630 10.654 10.678 10.679 10.672 10.662 10.651 10.641 10.633 10.624 10.616 10.608
9.167 9.144 9.121 9.099 9.076 9.124 9.180 9.236 9.291 9.347 9.403 9.458 9.514 9.570 9.609 9.641 9.672 9.704 9.735 9.713 9.671 9.628 9.591 9.555 9.519 9.483 9.447 9.411 9.376 9.340 9.304 9.268 9.232 9.196 9.263 9.382 9.500 9.618 9.736 9.855 9.973 10.091 10.167 10.192 10.216 10.240 10.264 10.288 10.312 10.336 10.359 10.380 10.402 10.423 10.444 10.466 10.488 10.512 10.536 10.559 10.583 10.607 10.631 10.655 10.679 10.703 10.727 10.727 10.722 10.716 10.705 10.695 10.685 10.674 10.664 10.653 10.645
9.204 9.182 9.159 9.137 9.116 9.172 9.227 9.283 9.339 9.395 9.450 9.504 9.536 9.567 9.599 9.630 9.662 9.693 9.725 9.689 9.646 9.604 9.561 9.523 9.487 9.451 9.415 9.379 9.343 9.308 9.272 9.236 9.200 9.166 9.284 9.403 9.521 9.639 9.758 9.876 9.994 10.112 10.230 10.268 10.292 10.316 10.340 10.364 10.388 10.412 10.433 10.455 10.476 10.497 10.519 10.540 10.562 10.585 10.609 10.633 10.657 10.681 10.705 10.729 10.753 10.777 10.775 10.770 10.764 10.759 10.749 10.738 10.728 10.718 10.707 10.697 10.687
9.194 9.220 9.197 9.174 9.163 9.219 9.275 9.331 9.386 9.431 9.462 9.494 9.525 9.557 9.588 9.620 9.651 9.683 9.706 9.664 9.621 9.579 9.537 9.494 9.455 9.419 9.383 9.347 9.311 9.276 9.240 9.204 9.168 9.187 9.306 9.424 9.542 9.660 9.779 9.897 10.015 10.133 10.252 10.344 10.368 10.392 10.416 10.441 10.464 10.486 10.507 10.529 10.550 10.572 10.593 10.615 10.636 10.659 10.682 10.706 10.730 10.754 10.778 10.802 10.826 10.823 10.818 10.812 10.807 10.801 10.792 10.782 10.772 10.761 10.751 10.740 10.730
9.137 9.182 9.228 9.212 9.211 9.267 9.322 9.357 9.389 9.420 9.452 9.483 9.515 9.546 9.578 9.609 9.641 9.672 9.682 9.639 9.597 9.554 9.512 9.469 9.427 9.387 9.351 9.315 9.279 9.243 9.208 9.172 9.136 9.209 9.327 9.445 9.563 9.681 9.800 9.918 10.036 10.155 10.273 10.391 10.445 10.469 10.493 10.517 10.539 10.560 10.582 10.603 10.625 10.646 10.667 10.689 10.710 10.732 10.756 10.780 10.804 10.828 10.852 10.876 10.871 10.866 10.860 10.855 10.849 10.844 10.836 10.826 10.815 10.805 10.794 10.784 10.774
9.080 9.125 9.171 9.216 9.253 9.284 9.316 9.347 9.379 9.410 9.442 9.473 9.505 9.536 9.568 9.599 9.630 9.662 9.657 9.615 9.572 9.530 9.487 9.445 9.402 9.360 9.319 9.283 9.247 9.211 9.175 9.140 9.111 9.230 9.348 9.466 9.584 9.703 9.821 9.939 10.057 10.176 10.294 10.412 10.521 10.545 10.569 10.592 10.613 10.635 10.656 10.678 10.699 10.720 10.742 10.763 10.785 10.806 10.829 10.854 10.877 10.901 10.925 10.919 10.914 10.908 10.903 10.897 10.892 10.886 10.879 10.869 10.859 10.848 10.838 10.828 10.817
9.023 9.069 9.127 9.196 9.243 9.274 9.305 9.337 9.368 9.400 9.431 9.463 9.494 9.526 9.557 9.589 9.620 9.652 9.632 9.590 9.547 9.505 9.462 9.420 9.377 9.335 9.292 9.251 9.215 9.179 9.143 9.108 9.133 9.251 9.369 9.487 9.606 9.724 9.842 9.960 10.079 10.197 10.315 10.433 10.552 10.622 10.645 10.666 10.688 10.709 10.730 10.752 10.773 10.795 10.816 10.838 10.859 10.880 10.903 10.927 10.951 10.973 10.967 10.962 10.956 10.951 10.945 10.940 10.934 10.929 10.923 10.913 10.902 10.892 10.882 10.871 10.861
8.987 9.056 9.124 9.193 9.235 9.265 9.295 9.326 9.358 9.389 9.421 9.452 9.484 9.515 9.547 9.578 9.610 9.641 9.608 9.565 9.523 9.480 9.438 9.395 9.353 9.310 9.268 9.225 9.183 9.147 9.111 9.075 9.154 9.272 9.390 9.508 9.627 9.745 9.863 9.981 10.100 10.218 10.336 10.454 10.573 10.675 10.716 10.740 10.762 10.783 10.805 10.826 10.848 10.869 10.890 10.912 10.933 10.955 10.977 11.000 11.021 11.015 11.010 11.004 10.999 10.993 10.988 10.982 10.977 10.971 10.966 10.956 10.946 10.935 10.925 10.915 10.904
8.984 9.053 9.121 9.190 9.226 9.256 9.286 9.316 9.347 9.379 9.410 9.442 9.473 9.505 9.536 9.568 9.599 9.625 9.583 9.540 9.498 9.456 9.413 9.371 9.328 9.285 9.243 9.201 9.158 9.116 9.079 9.057 9.175 9.293 9.411 9.530 9.648 9.766 9.884 9.989 10.092 10.196 10.299 10.402 10.506 10.587 10.637 10.677 10.717 10.758 10.798 10.839 10.879 10.919 10.960 10.986 11.008 11.029 11.050 11.069 11.063 11.058 11.052 11.047 11.041 11.036 11.031 11.025 11.020 11.014 11.009 11.000 10.989 10.979 10.969 10.958 10.948
8.981 9.050 9.119 9.187 9.217 9.247 9.277 9.308 9.338 9.368 9.400 9.431 9.463 9.494 9.526 9.557 9.589 9.601 9.558 9.516 9.473 9.431 9.388 9.346 9.303 9.261 9.218 9.176 9.133 9.091 9.048 9.078 9.196 9.300 9.404 9.507 9.610 9.713 9.817 9.920 10.023 10.127 10.230 10.333 10.437 10.499 10.554 10.598 10.638 10.678 10.719 10.759 10.799 10.840 10.880 10.920 10.961 11.001 11.035 11.066 11.106 11.100 11.095 11.089 11.084 11.079 11.073 11.068 11.062 11.057 11.051 11.043 11.033 11.022 11.012 11.002 10.963
8.979 9.047 9.116 9.179 9.209 9.239 9.269 9.299 9.329 9.359 9.389 9.421 9.452 9.484 9.515 9.547 9.578 9.576 9.534 9.491 9.449 9.406 9.364 9.321 9.279 9.236 9.194 9.151 9.109 9.058 9.002 9.031 9.128 9.231 9.335 9.438 9.541 9.645 9.748 9.851 9.955 10.058 10.161 10.264 10.357 10.411 10.466 10.518 10.559 10.599 10.639 10.680 10.720 10.760 10.801 10.841 10.881 10.918 10.922 10.945 10.993 11.041 11.088 11.132 11.127 11.121 11.116 11.110 11.105 11.099 11.094 11.087 11.076 11.066 11.056 11.007 10.933
8.976 9.044 9.113 9.170 9.200 9.230 9.260 9.290 9.320 9.351 9.381 9.411 9.442 9.474 9.505 9.537 9.568 9.551 9.509 9.466 9.424 9.381 9.339 9.296 9.254 9.212 9.163 9.107 9.051 8.995 8.939 8.998 9.064 9.162 9.266 9.369 9.472 9.576 9.679 9.782 9.886 9.989 10.092 10.196 10.269 10.323 10.378 10.433 10.479 10.520 10.560 10.600 10.641 10.681 10.721 10.762 10.800 10.805 10.810 10.825 10.872 10.920 10.968 11.015 11.063 11.111 11.158 11.153 11.147 11.142 11.136 11.130 11.120 11.110 11.050 10.976 10.902
8.973 9.042 9.110 9.161 9.191 9.221 9.252 9.282 9.312 9.342 9.372 9.402 9.432 9.463 9.495 9.526 9.558 9.527 9.484 9.442 9.399 9.357 9.314 9.268 9.212 9.156 9.100 9.044 8.989 8.933 8.898 8.964 9.031 9.097 9.197 9.300 9.403 9.507 9.610 9.713 9.817 9.920 10.023 10.126 10.181 10.236 10.290 10.345 10.399 10.440 10.481 10.521 10.561 10.602 10.642 10.682 10.687 10.692 10.697 10.704 10.752 10.799 10.847 10.895 10.942 10.990 11.038 11.085 11.133 11.181 11.179 11.173 11.163 11.094 11.020 10.946 10.872
8.970 9.039 9.107 9.153 9.183 9.213 9.243 9.273 9.303 9.333 9.363 9.393 9.424 9.454 9.484 9.516 9.545 9.502 9.459 9.417 9.373 9.317 9.261 9.205 9.150 9.094 9.038 8.982 8.926 8.870 8.864 8.931 8.997 9.063 9.130 9.231 9.334 9.438 9.541 9.644 9.748 9.851 9.954 10.038 10.093 10.148 10.202 10.257 10.311 10.361 10.401 10.442 10.482 10.522 10.563 10.570 10.574 10.579 10.584 10.589 10.631 10.679 10.726 10.774 10.822 10.869 10.917 10.965 11.012 11.060 11.108 11.147 11.137 11.063 10.990 10.916 10.842
8.967 9.036 9.105 9.144 9.174 9.204 9.234 9.264 9.294 9.325 9.355 9.385 9.415 9.445 9.475 9.505 9.520 9.477 9.422 9.366 9.311 9.255 9.199 9.143 9.087 9.031 8.975 8.919 8.863 8.807 8.831 8.897 8.963 9.030 9.096 9.162 9.265 9.369 9.472 9.575 9.679 9.782 9.885 9.951 10.005 10.060 10.114 10.169 10.224 10.278 10.322 10.362 10.403 10.443 10.452 10.457 10.462 10.466 10.471 10.476 10.511 10.558 10.606 10.653 10.701 10.749 10.796 10.844 10.892 10.939 10.961 10.954 10.945 10.935 10.926 10.885 10.812
8.965 9.033 9.102 9.135 9.165 9.196 9.226 9.256 9.286 9.316 9.346 9.376 9.406 9.436 9.466 9.484 9.469 9.416 9.360 9.304 9.248 9.192 9.136 9.080 9.024 8.968 8.912 8.857 8.801 8.745 8.797 8.864 8.930 8.996 9.062 9.129 9.196 9.300 9.403 9.506 9.610 9.713 9.808 9.863 9.917 9.972 10.027 10.081 10.136 10.190 10.242 10.283 10.323 10.334 10.339 10.344 10.349 10.353 10.358 10.363 10.390 10.438 10.485 10.533 10.580 10.628 10.676 10.723 10.771 10.774 10.768 10.761 10.752 10.743 10.733 10.723 10.714
8.962 9.030 9.096 9.127 9.157 9.187 9.217 9.247 9.277 9.307 9.337 9.367 9.397 9.405 9.414 9.422 9.397 9.349 9.297 9.241 9.185 9.129 9.073 9.017 8.962 8.906 8.850 8.794 8.738 8.698 8.764 8.830 8.896 8.963 9.029 9.095 9.161 9.231 9.334 9.438 9.541 9.644 9.720 9.775 9.830 9.884 9.939 9.993 10.048 10.102 10.157 10.203 10.217 10.222 10.226 10.231 10.236 10.241 10.245 10.250 10.269 10.317 10.365 10.412 10.460 10.507 10.555 10.595 10.588 10.581 10.574 10.568 10.560 10.550 10.540 10.530 10.521
8.959 9.028 9.088 9.118 9.148 9.178 9.208 9.239 9.269 9.299 9.317 9.326 9.334 9.343 9.351 9.360 9.325 9.277 9.229 9.178 9.123 9.067 9.011 8.955 8.899 8.843 8.787 8.731 8.675 8.664 8.730 8.797 8.863 8.929 8.995 9.062 9.128 9.194 9.265 9.369 9.472 9.575 9.632 9.687 9.742 9.796 9.851 9.905 9.960 10.015 10.077 10.116 10.104 10.109 10.113 10.118 10.123 10.128 10.132 10.137 10.149 10.196 10.244 10.292 10.339 10.387 10.408 10.402 10.395 10.388 10.381 10.375 10.367 10.357 10.347 10.338 10.328
8.956 9.025 9.079 9.109 9.139 9.170 9.200 9.230 9.238 9.247 9.255 9.264 9.272 9.281 9.289 9.298 9.253 9.205 9.157 9.109 9.060 9.004 8.948 8.892 8.836 8.780 8.724 8.668 8.613 8.630 8.697 8.763 8.829 8.896 8.962 9.028 9.094 9.161 9.227 9.300 9.403 9.490 9.544 9.599 9.654 9.708 9.769 9.831 9.894 9.956 10.019 10.051 10.035 10.019 10.003 10.005 10.010 10.015 10.020 10.024 10.029 10.076 10.123 10.171 10.219 10.222 10.215 10.209 10.202 10.195 10.188 10.182 10.174 10.164 10.154 10.145 10.135
