includes/overflow_coast_co/floodfiles/results_R2_t1.605555492999E12 submersion faible - st pierre rupture dune49 et surverse dune11/res-0012.wd
ncols         906
nrows         631
xllcorner     362177.146666679996997
yllcorner     6534725.688019599765539
cellsize      20.000000000000000
NODATA_value  -9999.000000
[rows 408 to 441 of 631, columns 693 to 769 of 906]
0.022 0.020 0.018 0.017 0.020 0.025 0.030 0.035 0.034 0.045 0.048 0.000 0.042 0.026 0.016 0.011 0.012 0.016 0.022 0.022 0.020 0.017 0.014 0.010 0.006 0.000 0.000 0.000 0.000 0.000 0.014 0.000 0.043 0.000 0.000 0.000 0.001 0.043 0.000 0.000 0.000 0.000 0.000 0.000 0.000 0.000 0.001 0.001 0.001 0.001 0.001 0.002 0.002 0.002 0.002 0.002 0.002 0.002 0.002 0.003 0.003 0.003 0.003 0.003 0.003 0.003 0.003 0.002 0.002 0.002 0.002 0.002 0.002 0.002 0.002 0.002 0.002
0.022 0.021 0.019 0.019 0.021 0.025 0.029 0.033 0.037 0.043 0.044 0.035 0.035 0.029 0.023 0.020 0.020 0.024 0.021 0.019 0.017 0.014 0.011 0.007 0.004 0.000 0.000 0.000 0.015 0.016 0.021 0.028 0.035 0.000 0.000 0.406 0.002 0.000 0.000 0.000 0.000 0.000 0.000 0.000 0.000 0.000 0.000 0.001 0.001 0.001 0.001 0.001 0.002 0.002 0.002 0.002 0.002 0.002 0.002 0.003 0.003 0.003 0.003 0.003 0.003 0.003 0.003 0.003 0.003 0.002 0.002 0.002 0.002 0.002 0.002 0.002 0.002
0.021 0.020 0.020 0.019 0.021 0.024 0.028 0.033 0.037 0.042 0.044 0.040 0.036 0.033 0.030 0.029 0.025 0.021 0.019 0.016 0.014 0.011 0.008 0.005 0.002 0.000 0.000 0.000 0.019 0.020 0.022 0.026 0.028 0.018 0.000 0.000 0.405 0.000 0.000 0.000 0.000 0.000 0.000 0.000 0.000 0.000 0.000 0.000 0.000 0.001 0.001 0.001 0.002 0.002 0.002 0.002 0.002 0.002 0.002 0.002 0.003 0.003 0.003 0.003 0.003 0.003 0.003 0.003 0.003 0.003 0.002 0.002 0.002 0.002 0.002 0.002 0.002
0.021 0.020 0.019 0.019 0.021 0.024 0.028 0.032 0.037 0.042 0.047 0.044 0.042 0.040 0.039 0.029 0.022 0.019 0.016 0.014 0.011 0.008 0.006 0.003 0.001 0.000 0.000 0.015 0.018 0.020 0.022 0.023 0.023 0.022 0.000 0.000 0.000 0.000 0.000 0.000 0.000 0.000 0.000 0.000 0.000 0.000 0.000 0.000 0.001 0.001 0.000 0.001 0.001 0.002 0.002 0.002 0.002 0.002 0.002 0.002 0.002 0.003 0.003 0.003 0.003 0.003 0.003 0.003 0.003 0.003 0.003 0.003 0.002 0.002 0.002 0.002 0.002
0.021 0.020 0.020 0.019 0.021 0.023 0.026 0.032 0.038 0.044 0.050 0.050 0.049 0.044 0.034 0.025 0.020 0.016 0.014 0.011 0.009 0.007 0.005 0.005 0.005 0.007 0.011 0.016 0.018 0.020 0.021 0.021 0.020 0.019 0.014 0.009 0.003 0.000 0.000 0.000 0.000 0.000 0.000 0.000 0.000 0.000 0.000 0.000 0.000 0.000 0.001 0.001 0.001 0.001 0.002 0.002 0.002 0.002 0.002 0.002 0.002 0.002 0.003 0.003 0.003 0.003 0.003 0.003 0.003 0.003 0.003 0.003 0.003 0.002 0.002 0.002 0.002
0.020 0.020 0.020 0.020 0.022 0.025 0.029 0.034 0.039 0.046 0.054 0.058 0.048 0.038 0.029 0.022 0.017 0.014 0.011 0.009 0.008 0.007 0.006 0.006 0.007 0.010 0.016 0.017 0.018 0.019 0.019 0.019 0.018 0.017 0.015 0.013 0.000 0.000 0.000 0.000 0.000 0.000 0.000 0.000 0.000 0.000 0.000 0.000 0.000 0.001 0.000 0.001 0.001 0.001 0.001 0.002 0.002 0.002 0.002 0.002 0.002 0.002 0.003 0.003 0.003 0.003 0.003 0.003 0.003 0.003 0.003 0.003 0.002 0.002 0.002 0.002 0.002
0.020 0.020 0.021 0.022 0.025 0.029 0.033 0.039 0.046 0.055 0.060 0.050 0.040 0.032 0.024 0.018 0.014 0.012 0.010 0.008 0.007 0.007 0.006 0.006 0.006 0.007 0.000 0.018 0.018 0.018 0.018 0.017 0.017 0.016 0.014 0.013 0.000 0.000 0.000 0.000 0.000 0.000 0.000 0.000 0.000 0.000 0.000 0.001 0.001 0.000 0.001 0.000 0.000 0.001 0.001 0.001 0.002 0.002 0.002 0.002 0.002 0.002 0.003 0.003 0.003 0.003 0.003 0.003 0.003 0.003 0.003 0.003 0.002 0.002 0.002 0.002 0.002
0.020 0.021 0.022 0.025 0.029 0.033 0.039 0.047 0.056 0.062 0.053 0.044 0.035 0.027 0.020 0.015 0.012 0.010 0.009 0.008 0.007 0.007 0.006 0.006 0.006 0.008 0.011 0.015 0.016 0.016 0.016 0.015 0.014 0.013 0.010 0.008 0.005 0.006 0.005 0.005 0.005 0.000 0.000 0.000 0.000 0.000 0.001 0.000 0.000 0.000 0.000 0.000 0.001 0.001 0.001 0.001 0.001 0.002 0.002 0.002 0.002 0.002 0.003 0.003 0.003 0.003 0.003 0.003 0.003 0.003 0.003 0.003 0.003 0.003 0.002 0.002 0.002
0.020 0.022 0.025 0.029 0.033 0.040 0.048 0.058 0.063 0.055 0.046 0.038 0.030 0.022 0.017 0.013 0.010 0.009 0.008 0.007 0.007 0.007 0.006 0.006 0.006 0.008 0.011 0.014 0.014 0.014 0.013 0.011 0.009 0.009 0.015 0.011 0.011 0.000 0.057 0.000 0.003 0.002 0.001 0.001 0.000 0.000 0.000 0.000 0.000 0.000 0.000 0.000 0.001 0.000 0.001 0.001 0.001 0.002 0.002 0.002 0.002 0.002 0.002 0.003 0.003 0.003 0.003 0.003 0.003 0.003 0.003 0.003 0.003 0.003 0.003 0.003 0.003
0.020 0.024 0.028 0.034 0.041 0.050 0.060 0.063 0.056 0.048 0.040 0.032 0.025 0.019 0.014 0.011 0.009 0.008 0.007 0.007 0.006 0.006 0.006 0.006 0.006 0.008 0.010 0.011 0.011 0.009 0.007 0.009 0.009 0.012 0.000 0.015 0.013 0.010 0.000 0.000 0.004 0.004 0.003 0.002 0.002 0.001 0.001 0.001 0.000 0.000 0.000 0.001 0.000 0.000 0.001 0.000 0.001 0.001 0.002 0.002 0.002 0.002 0.002 0.002 0.002 0.002 0.003 0.003 0.003 0.003 0.003 0.003 0.003 0.003 0.003 0.003 0.003
0.023 0.028 0.034 0.041 0.051 0.062 0.064 0.057 0.050 0.042 0.035 0.027 0.021 0.016 0.012 0.010 0.008 0.007 0.007 0.006 0.006 0.006 0.006 0.005 0.005 0.006 0.007 0.006 0.007 0.008 0.008 0.008 0.009 0.014 0.000 0.000 0.019 0.018 0.000 0.000 0.000 0.000 0.002 0.002 0.002 0.002 0.001 0.001 0.000 0.001 0.000 0.000 0.001 0.001 0.000 0.000 0.001 0.001 0.001 0.002 0.002 0.002 0.002 0.002 0.002 0.002 0.003 0.003 0.003 0.003 0.003 0.003 0.003 0.003 0.003 0.003 0.009
0.026 0.034 0.042 0.052 0.064 0.065 0.058 0.051 0.044 0.037 0.030 0.023 0.018 0.013 0.010 0.008 0.007 0.007 0.006 0.006 0.005 0.005 0.005 0.004 0.004 0.003 0.005 0.005 0.006 0.007 0.007 0.008 0.009 0.012 0.009 0.000 0.000 0.023 0.028 0.027 0.024 0.014 0.008 0.004 0.003 0.003 0.002 0.002 0.001 0.001 0.001 0.001 0.000 0.001 0.000 0.001 0.001 0.001 0.001 0.002 0.002 0.002 0.002 0.002 0.003 0.003 0.003 0.003 0.003 0.003 0.003 0.003 0.003 0.003 0.003 0.029 0.094
0.033 0.042 0.053 0.065 0.065 0.059 0.052 0.045 0.038 0.031 0.025 0.019 0.015 0.011 0.009 0.008 0.007 0.006 0.006 0.005 0.005 0.004 0.003 0.002 0.000 0.002 0.004 0.005 0.006 0.007 0.007 0.008 0.009 0.011 0.013 0.000 0.000 0.072 0.082 0.000 0.000 0.011 0.009 0.006 0.004 0.003 0.003 0.002 0.002 0.001 0.001 0.001 0.001 0.000 0.000 0.001 0.001 0.001 0.001 0.001 0.002 0.002 0.002 0.002 0.003 0.003 0.003 0.003 0.003 0.003 0.003 0.003 0.003 0.005 0.058 0.109 0.153
0.042 0.054 0.066 0.065 0.059 0.053 0.046 0.040 0.033 0.027 0.021 0.016 0.012 0.010 0.008 0.007 0.006 0.005 0.005 0.004 0.004 0.003 0.002 0.002 0.001 0.002 0.004 0.005 0.005 0.006 0.007 0.008 0.008 0.010 0.015 0.000 0.000 0.124 0.000 0.000 0.000 0.009 0.009 0.007 0.005 0.003 0.003 0.003 0.002 0.002 0.002 0.001 0.001 0.001 0.001 0.000 0.001 0.000 0.001 0.001 0.002 0.002 0.002 0.002 0.002 0.003 0.003 0.003 0.003 0.003 0.003 0.003 0.015 0.084 0.126 0.167 0.206
0.053 0.067 0.065 0.059 0.053 0.047 0.041 0.035 0.028 0.023 0.018 0.013 0.010 0.008 0.007 0.006 0.005 0.005 0.004 0.003 0.002 0.001 0.002 0.002 0.001 0.002 0.005 0.005 0.005 0.006 0.007 0.007 0.008 0.010 0.013 0.010 0.000 0.000 0.000 0.000 0.000 0.007 0.008 0.007 0.006 0.004 0.003 0.003 0.002 0.002 0.002 0.002 0.002 0.001 0.001 0.001 0.000 0.001 0.001 0.001 0.001 0.001 0.002 0.002 0.002 0.002 0.003 0.003 0.003 0.003 0.003 0.036 0.100 0.144 0.182 0.219 0.256
0.067 0.064 0.058 0.053 0.047 0.042 0.036 0.030 0.024 0.019 0.015 0.011 0.009 0.007 0.006 0.005 0.005 0.004 0.003 0.002 0.001 0.001 0.002 0.002 0.001 0.000 0.000 0.004 0.005 0.006 0.006 0.007 0.008 0.009 0.012 0.011 0.008 0.000 0.000 0.000 0.000 0.006 0.007 0.007 0.006 0.005 0.004 0.004 0.003 0.003 0.002 0.002 0.002 0.002 0.002 0.001 0.001 0.001 0.001 0.001 0.001 0.001 0.001 0.002 0.002 0.002 0.002 0.003 0.003 0.004 0.061 0.112 0.158 0.197 0.234 0.269 0.304
0.062 0.056 0.051 0.046 0.041 0.036 0.031 0.025 0.020 0.016 0.012 0.009 0.007 0.006 0.005 0.004 0.003 0.002 0.001 0.002 0.001 0.001 0.002 0.002 0.001 0.001 0.000 0.003 0.004 0.005 0.007 0.007 0.007 0.009 0.011 0.011 0.009 0.005 0.003 0.001 0.001 0.005 0.008 0.009 0.011 0.019 0.012 0.004 0.003 0.003 0.003 0.003 0.002 0.002 0.002 0.002 0.002 0.001 0.001 0.001 0.001 0.001 0.001 0.002 0.002 0.002 0.002 0.002 0.003 0.068 0.126 0.170 0.210 0.248 0.283 0.318 0.352
0.063 0.046 0.040 0.036 0.033 0.029 0.025 0.021 0.017 0.013 0.010 0.008 0.006 0.005 0.004 0.003 0.002 0.001 0.001 0.002 0.002 0.002 0.002 0.002 0.001 0.001 0.001 0.002 0.003 0.005 0.006 0.007 0.008 0.008 0.010 0.011 0.010 0.007 0.005 0.003 0.004 0.015 0.026 0.022 0.018 0.014 0.008 0.000 0.002 0.003 0.003 0.003 0.003 0.003 0.002 0.002 0.002 0.002 0.002 0.002 0.001 0.001 0.001 0.002 0.002 0.002 0.002 0.002 0.020 0.109 0.171 0.222 0.261 0.297 0.332 0.366 0.399
0.081 0.054 0.038 0.031 0.025 0.021 0.017 0.015 0.012 0.010 0.008 0.006 0.005 0.004 0.003 0.002 0.001 0.001 0.001 0.002 0.002 0.002 0.002 0.002 0.001 0.001 0.001 0.002 0.003 0.004 0.005 0.006 0.007 0.008 0.010 0.012 0.012 0.013 0.020 0.030 0.025 0.023 0.020 0.016 0.012 0.008 0.003 0.000 0.001 0.002 0.002 0.003 0.003 0.003 0.003 0.002 0.002 0.002 0.002 0.002 0.002 0.002 0.002 0.002 0.002 0.002 0.002 0.003 0.081 0.147 0.204 0.259 0.309 0.345 0.380 0.413 0.446
0.098 0.068 0.042 0.029 0.023 0.018 0.015 0.012 0.009 0.006 0.005 0.004 0.003 0.003 0.001 0.002 0.001 0.001 0.001 0.002 0.002 0.002 0.002 0.002 0.001 0.001 0.001 0.001 0.002 0.003 0.004 0.005 0.007 0.009 0.017 0.031 0.040 0.033 0.029 0.025 0.020 0.018 0.015 0.011 0.007 0.004 0.000 0.000 0.000 0.001 0.002 0.002 0.003 0.003 0.003 0.003 0.002 0.002 0.002 0.002 0.002 0.002 0.002 0.002 0.002 0.002 0.002 0.028 0.115 0.178 0.234 0.288 0.340 0.390 0.427 0.460 0.492
0.115 0.083 0.053 0.031 0.021 0.016 0.013 0.010 0.008 0.006 0.004 0.003 0.002 0.001 0.002 0.002 0.002 0.001 0.001 0.002 0.002 0.002 0.002 0.002 0.001 0.001 0.001 0.001 0.002 0.003 0.004 0.005 0.008 0.023 0.041 0.040 0.034 0.028 0.024 0.020 0.016 0.013 0.010 0.006 0.003 0.000 0.000 0.000 0.000 0.001 0.001 0.002 0.002 0.003 0.003 0.003 0.003 0.003 0.002 0.002 0.002 0.002 0.002 0.002 0.002 0.002 0.004 0.088 0.152 0.209 0.263 0.316 0.368 0.417 0.465 0.504 0.536
0.118 0.100 0.068 0.038 0.021 0.015 0.011 0.009 0.006 0.005 0.004 0.003 0.002 0.001 0.001 0.002 0.002 0.002 0.002 0.002 0.002 0.002 0.002 0.002 0.001 0.001 0.001 0.001 0.002 0.003 0.004 0.006 0.013 0.030 0.049 0.038 0.028 0.023 0.019 0.015 0.011 0.008 0.005 0.002 0.000 0.000 0.000 0.000 0.000 0.000 0.000 0.001 0.002 0.002 0.003 0.003 0.003 0.003 0.003 0.002 0.002 0.002 0.002 0.002 0.002 0.002 0.031 0.119 0.183 0.239 0.292 0.341 0.388 0.435 0.484 0.534 0.580
0.116 0.117 0.083 0.052 0.024 0.013 0.010 0.007 0.006 0.004 0.003 0.002 0.001 0.001 0.000 0.001 0.002 0.002 0.002 0.002 0.002 0.002 0.002 0.002 0.001 0.001 0.001 0.002 0.002 0.003 0.003 0.006 0.019 0.037 0.046 0.035 0.025 0.016 0.013 0.010 0.006 0.004 0.001 0.000 0.000 0.000 0.000 0.000 0.000 0.000 0.000 0.001 0.001 0.002 0.002 0.003 0.003 0.003 0.003 0.003 0.002 0.002 0.002 0.002 0.002 0.004 0.091 0.156 0.211 0.262 0.311 0.359 0.407 0.454 0.503 0.553 0.603
0.116 0.134 0.101 0.068 0.036 0.014 0.009 0.006 0.005 0.004 0.003 0.002 0.001 0.000 0.000 0.000 0.001 0.002 0.002 0.002 0.002 0.002 0.002 0.002 0.002 0.002 0.002 0.002 0.002 0.002 0.003 0.008 0.025 0.044 0.043 0.032 0.022 0.013 0.007 0.005 0.002 0.000 0.000 0.000 0.000 0.000 0.000 0.000 0.000 0.000 0.000 0.000 0.000 0.001 0.002 0.002 0.003 0.003 0.003 0.003 0.003 0.002 0.002 0.002 0.002 0.028 0.115 0.177 0.231 0.281 0.330 0.378 0.425 0.472 0.522 0.572 0.621
0.117 0.136 0.121 0.087 0.054 0.023 0.008 0.006 0.004 0.003 0.002 0.001 0.000 0.001 0.000 0.000 0.001 0.002 0.002 0.002 0.002 0.002 0.002 0.002 0.002 0.002 0.002 0.002 0.002 0.002 0.003 0.013 0.032 0.050 0.040 0.029 0.018 0.010 0.005 0.001 0.000 0.000 0.000 0.000 0.000 0.000 0.000 0.000 0.000 0.000 0.000 0.000 0.001 0.000 0.001 0.002 0.002 0.003 0.003 0.003 0.003 0.003 0.003 0.003 0.003 0.073 0.142 0.199 0.250 0.300 0.349 0.397 0.443 0.490 0.540 0.590 0.639
0.120 0.140 0.143 0.110 0.076 0.043 0.014 0.005 0.004 0.003 0.002 0.001 0.001 0.000 0.001 0.001 0.001 0.001 0.002 0.002 0.002 0.002 0.002 0.002 0.002 0.002 0.002 0.002 0.002 0.002 0.004 0.019 0.038 0.048 0.036 0.025 0.015 0.007 0.003 0.000 0.000 0.000 0.000 0.000 0.000 0.000 0.000 0.000 0.000 0.000 0.000 0.000 0.000 0.000 0.000 0.001 0.001 0.002 0.003 0.003 0.003 0.003 0.003 0.003 0.014 0.103 0.165 0.219 0.270 0.320 0.368 0.415 0.462 0.508 0.558 0.608 0.658
0.127 0.147 0.168 0.137 0.104 0.071 0.038 0.009 0.003 0.002 0.001 0.001 0.000 0.000 0.000 0.000 0.000 0.001 0.001 0.002 0.002 0.002 0.002 0.002 0.002 0.002 0.001 0.002 0.002 0.002 0.007 0.025 0.044 0.044 0.032 0.022 0.012 0.005 0.002 0.000 0.000 0.000 0.000 0.000 0.000 0.000 0.000 0.000 0.000 0.000 0.000 0.000 0.000 0.000 0.000 0.001 0.001 0.001 0.002 0.002 0.003 0.003 0.003 0.003 0.048 0.127 0.186 0.239 0.290 0.338 0.386 0.433 0.480 0.527 0.577 0.626 0.676
0.137 0.158 0.180 0.169 0.137 0.105 0.073 0.040 0.006 0.002 0.001 0.000 0.000 0.000 0.000 0.000 0.000 0.001 0.001 0.002 0.002 0.002 0.002 0.002 0.002 0.002 0.002 0.001 0.002 0.002 0.012 0.031 0.050 0.039 0.029 0.018 0.009 0.003 0.001 0.000 0.000 0.000 0.000 0.000 0.000 0.000 0.000 0.000 0.000 0.000 0.000 0.000 0.000 0.000 0.000 0.000 0.001 0.001 0.001 0.002 0.002 0.002 0.003 0.006 0.092 0.153 0.208 0.260 0.309 0.357 0.404 0.451 0.497 0.545 0.595 0.644 0.694
0.150 0.173 0.196 0.205 0.173 0.142 0.111 0.073 0.036 0.003 0.001 0.000 0.000 0.000 0.000 0.000 0.001 0.001 0.001 0.001 0.002 0.002 0.002 0.002 0.002 0.002 0.002 0.002 0.002 0.002 0.017 0.036 0.046 0.035 0.025 0.015 0.007 0.002 0.000 0.000 0.000 0.000 0.000 0.000 0.000 0.000 0.000 0.000 0.000 0.000 0.000 0.000 0.000 0.000 0.000 0.000 0.000 0.001 0.001 0.001 0.002 0.002 0.002 0.028 0.113 0.175 0.228 0.279 0.328 0.376 0.423 0.469 0.515 0.564 0.613 0.663 0.712
0.167 0.190 0.214 0.238 0.212 0.182 0.145 0.108 0.071 0.034 0.002 0.000 0.000 0.000 0.000 0.000 0.000 0.000 0.001 0.001 0.002 0.002 0.002 0.002 0.002 0.002 0.002 0.002 0.002 0.004 0.022 0.041 0.041 0.030 0.020 0.011 0.004 0.001 0.000 0.000 0.000 0.000 0.000 0.000 0.000 0.000 0.000 0.000 0.000 0.000 0.000 0.000 0.000 0.000 0.000 0.000 0.000 0.000 0.000 0.001 0.001 0.002 0.002 0.074 0.141 0.197 0.249 0.298 0.347 0.394 0.441 0.487 0.533 0.582 0.631 0.681 0.730
0.186 0.210 0.234 0.258 0.252 0.217 0.180 0.144 0.107 0.071 0.034 0.002 0.000 0.000 0.000 0.000 0.000 0.000 0.001 0.001 0.002 0.002 0.002 0.002 0.003 0.002 0.002 0.002 0.002 0.005 0.024 0.043 0.035 0.025 0.015 0.008 0.002 0.001 0.000 0.000 0.000 0.000 0.000 0.000 0.000 0.000 0.000 0.000 0.000 0.000 0.000 0.000 0.000 0.000 0.000 0.000 0.000 0.000 0.000 0.001 0.001 0.001 0.013 0.103 0.164 0.218 0.268 0.317 0.365 0.412 0.459 0.505 0.551 0.600 0.650 0.699 0.748
0.198 0.223 0.249 0.275 0.272 0.242 0.211 0.180 0.143 0.107 0.071 0.035 0.002 0.000 0.000 0.000 0.000 0.000 0.000 0.001 0.001 0.002 0.002 0.002 0.002 0.003 0.002 0.002 0.004 0.011 0.024 0.036 0.026 0.017 0.009 0.004 0.001 0.000 0.000 0.000 0.000 0.000 0.000 0.000 0.000 0.000 0.000 0.000 0.000 0.000 0.000 0.000 0.000 0.000 0.000 0.000 0.000 0.000 0.000 0.000 0.000 0.001 0.044 0.126 0.185 0.238 0.288 0.336 0.384 0.430 0.477 0.523 0.569 0.618 0.668 0.717 0.766
0.209 0.235 0.261 0.272 0.259 0.234 0.203 0.172 0.142 0.111 0.081 0.050 0.020 0.001 0.000 0.000 0.000 0.000 0.000 0.001 0.001 0.001 0.002 0.002 0.002 0.002 0.002 0.002 0.004 0.013 0.023 0.026 0.020 0.014 0.008 0.003 0.001 0.000 0.000 0.000 0.000 0.000 0.000 0.000 0.000 0.000 0.000 0.000 0.000 0.000 0.000 0.000 0.000 0.000 0.000 0.000 0.000 0.000 0.000 0.000 0.001 0.003 0.089 0.150 0.206 0.258 0.307 0.355 0.402 0.448 0.495 0.540 0.587 0.636 0.686 0.735 0.784
0.220 0.246 0.267 0.255 0.243 0.225 0.195 0.164 0.134 0.104 0.073 0.043 0.013 0.000 0.000 0.000 0.000 0.000 0.000 0.000 0.001 0.001 0.002 0.002 0.002 0.002 0.002 0.002 0.007 0.016 0.025 0.024 0.019 0.014 0.008 0.003 0.001 0.000 0.000 0.000 0.000 0.000 0.000 0.000 0.000 0.000 0.000 0.000 0.000 0.000 0.000 0.000 0.000 0.000 0.000 0.000 0.000 0.000 0.000 0.001 0.000 0.021 0.110 0.171 0.225 0.276 0.326 0.374 0.420 0.467 0.512 0.558 0.605 0.654 0.704 0.753 0.801
