includes/overflow_coast_co/floodfiles/results_R2_t1.605555492999E12 submersion faible - st pierre rupture dune49 et surverse dune11/res-0008.wdfp
ncols         906
nrows         631
xllcorner     362177.146666679996997
yllcorner     6534725.688019599765539
cellsize      20.000000000000000
NODATA_value  -9999.000000
[rows 510 to 543 of 631, columns 462 to 538 of 906]
0.102 0.108 0.113 0.117 0.122 0.126 0.131 0.135 0.139 0.143 0.147 0.154 0.162 0.171 0.180 0.189 0.199 0.209 0.219 0.229 0.239 0.249 0.260 0.270 0.280 0.288 0.286 0.283 0.281 0.278 0.275 0.273 0.271 0.270 0.269 0.267 0.266 0.264 0.262 0.261 0.259 0.257 0.256 0.254 0.251 0.249 0.246 0.249 0.254 0.258 0.263 0.268 0.274 0.279 0.286 0.292 0.299 0.306 0.313 0.320 0.305 0.267 0.229 0.191 0.153 0.116 0.081 0.050 0.028 0.015 0.006 0.000 0.002 0.006 0.012 0.020 0.033
0.113 0.117 0.122 0.127 0.132 0.137 0.141 0.146 0.150 0.154 0.158 0.164 0.172 0.181 0.190 0.200 0.210 0.220 0.230 0.240 0.251 0.261 0.271 0.282 0.292 0.303 0.306 0.303 0.301 0.298 0.296 0.293 0.292 0.291 0.289 0.288 0.286 0.284 0.283 0.281 0.279 0.278 0.276 0.274 0.272 0.270 0.267 0.273 0.282 0.288 0.293 0.298 0.304 0.310 0.316 0.322 0.329 0.335 0.342 0.350 0.330 0.292 0.254 0.216 0.178 0.141 0.104 0.070 0.042 0.024 0.015 0.011 0.003 0.009 0.016 0.027 0.045
0.125 0.130 0.134 0.139 0.143 0.147 0.151 0.156 0.160 0.165 0.169 0.174 0.182 0.192 0.201 0.211 0.221 0.232 0.242 0.252 0.262 0.273 0.283 0.294 0.304 0.315 0.326 0.324 0.321 0.319 0.316 0.314 0.313 0.311 0.310 0.308 0.307 0.305 0.303 0.302 0.300 0.298 0.297 0.295 0.293 0.291 0.289 0.296 0.306 0.316 0.324 0.329 0.334 0.340 0.346 0.352 0.359 0.365 0.372 0.379 0.355 0.317 0.278 0.240 0.202 0.165 0.127 0.091 0.058 0.033 0.016 0.000 0.009 0.013 0.019 0.034 0.059
0.139 0.143 0.148 0.152 0.156 0.160 0.164 0.168 0.171 0.175 0.179 0.183 0.192 0.202 0.213 0.223 0.233 0.243 0.253 0.264 0.274 0.285 0.295 0.306 0.317 0.327 0.338 0.344 0.342 0.339 0.337 0.335 0.334 0.332 0.331 0.329 0.327 0.326 0.324 0.323 0.321 0.320 0.318 0.317 0.315 0.313 0.311 0.320 0.330 0.339 0.350 0.359 0.365 0.371 0.376 0.382 0.389 0.395 0.402 0.409 0.380 0.341 0.302 0.264 0.225 0.187 0.149 0.111 0.074 0.052 0.045 0.000 0.027 0.035 0.044 0.052 0.074
0.152 0.157 0.161 0.166 0.170 0.174 0.178 0.181 0.185 0.189 0.192 0.196 0.204 0.214 0.224 0.234 0.244 0.255 0.265 0.276 0.286 0.297 0.307 0.318 0.329 0.340 0.350 0.361 0.363 0.360 0.358 0.356 0.355 0.353 0.352 0.350 0.349 0.347 0.346 0.345 0.343 0.342 0.340 0.338 0.337 0.335 0.334 0.344 0.353 0.363 0.374 0.384 0.395 0.401 0.407 0.413 0.419 0.425 0.432 0.438 0.404 0.365 0.326 0.287 0.247 0.207 0.167 0.131 0.118 0.105 0.094 0.082 0.078 0.090 0.102 0.114 0.127
0.166 0.171 0.175 0.179 0.184 0.188 0.192 0.195 0.199 0.203 0.207 0.211 0.218 0.227 0.237 0.247 0.257 0.267 0.278 0.288 0.298 0.309 0.320 0.330 0.341 0.352 0.363 0.374 0.384 0.381 0.379 0.378 0.376 0.375 0.373 0.372 0.371 0.369 0.368 0.367 0.365 0.364 0.362 0.361 0.359 0.357 0.358 0.368 0.378 0.388 0.398 0.408 0.419 0.430 0.438 0.444 0.450 0.456 0.462 0.468 0.429 0.390 0.350 0.309 0.268 0.227 0.211 0.198 0.186 0.175 0.164 0.155 0.151 0.163 0.176 0.188 0.201
0.180 0.185 0.189 0.194 0.198 0.202 0.206 0.210 0.213 0.217 0.222 0.226 0.231 0.241 0.251 0.261 0.272 0.282 0.292 0.302 0.313 0.323 0.334 0.344 0.355 0.365 0.375 0.386 0.397 0.402 0.401 0.399 0.398 0.397 0.396 0.394 0.393 0.392 0.390 0.389 0.387 0.386 0.384 0.383 0.381 0.379 0.382 0.392 0.402 0.412 0.422 0.433 0.443 0.454 0.465 0.475 0.480 0.486 0.492 0.494 0.454 0.414 0.373 0.332 0.307 0.295 0.284 0.272 0.262 0.252 0.242 0.232 0.230 0.241 0.254 0.267 0.280
0.195 0.199 0.204 0.208 0.212 0.216 0.220 0.224 0.228 0.232 0.237 0.241 0.245 0.255 0.266 0.276 0.286 0.297 0.307 0.317 0.328 0.338 0.349 0.359 0.370 0.380 0.391 0.402 0.412 0.417 0.423 0.422 0.421 0.419 0.418 0.417 0.415 0.414 0.413 0.411 0.410 0.408 0.407 0.405 0.404 0.402 0.406 0.416 0.426 0.437 0.447 0.457 0.468 0.478 0.489 0.500 0.510 0.517 0.523 0.520 0.479 0.438 0.405 0.394 0.382 0.372 0.361 0.350 0.340 0.331 0.321 0.312 0.310 0.322 0.334 0.347 0.359
0.210 0.214 0.218 0.222 0.226 0.230 0.234 0.239 0.243 0.248 0.252 0.257 0.261 0.270 0.280 0.290 0.301 0.311 0.322 0.332 0.343 0.354 0.364 0.375 0.386 0.396 0.407 0.418 0.421 0.424 0.433 0.442 0.443 0.442 0.441 0.439 0.438 0.437 0.435 0.434 0.433 0.431 0.430 0.428 0.426 0.425 0.431 0.441 0.451 0.461 0.472 0.482 0.493 0.503 0.514 0.524 0.535 0.546 0.554 0.545 0.504 0.493 0.482 0.471 0.461 0.450 0.440 0.430 0.420 0.411 0.402 0.393 0.391 0.403 0.415 0.427 0.440
0.224 0.229 0.233 0.237 0.241 0.245 0.249 0.254 0.258 0.263 0.268 0.272 0.277 0.284 0.295 0.305 0.316 0.326 0.337 0.348 0.358 0.369 0.380 0.390 0.401 0.412 0.423 0.425 0.428 0.431 0.440 0.448 0.457 0.465 0.464 0.462 0.461 0.459 0.458 0.457 0.455 0.454 0.452 0.451 0.449 0.448 0.455 0.466 0.476 0.486 0.497 0.507 0.518 0.528 0.539 0.549 0.560 0.570 0.580 0.592 0.581 0.571 0.561 0.550 0.540 0.530 0.520 0.511 0.501 0.492 0.483 0.474 0.472 0.484 0.496 0.509 0.521
0.239 0.244 0.248 0.252 0.256 0.260 0.265 0.269 0.274 0.279 0.283 0.288 0.293 0.299 0.309 0.320 0.331 0.341 0.352 0.363 0.374 0.384 0.395 0.406 0.417 0.427 0.430 0.432 0.435 0.438 0.446 0.455 0.464 0.473 0.481 0.485 0.484 0.482 0.481 0.480 0.478 0.477 0.475 0.474 0.472 0.471 0.480 0.491 0.501 0.511 0.522 0.532 0.543 0.554 0.564 0.575 0.585 0.590 0.592 0.607 0.637 0.651 0.640 0.630 0.620 0.611 0.601 0.591 0.582 0.573 0.564 0.555 0.554 0.566 0.578 0.590 0.603
0.254 0.258 0.262 0.266 0.271 0.275 0.280 0.285 0.290 0.294 0.299 0.304 0.309 0.313 0.324 0.335 0.346 0.356 0.367 0.378 0.389 0.400 0.411 0.422 0.431 0.434 0.437 0.439 0.442 0.445 0.453 0.462 0.471 0.479 0.488 0.497 0.505 0.505 0.504 0.503 0.501 0.500 0.498 0.497 0.495 0.495 0.505 0.516 0.526 0.537 0.547 0.558 0.569 0.579 0.590 0.595 0.597 0.600 0.602 0.618 0.648 0.679 0.709 0.711 0.701 0.691 0.682 0.673 0.664 0.654 0.646 0.637 0.636 0.648 0.660 0.672 0.684
0.270 0.273 0.277 0.282 0.286 0.291 0.296 0.300 0.305 0.310 0.315 0.320 0.325 0.329 0.339 0.350 0.361 0.372 0.383 0.394 0.405 0.416 0.427 0.434 0.437 0.441 0.443 0.446 0.449 0.452 0.460 0.469 0.477 0.486 0.495 0.504 0.512 0.521 0.527 0.526 0.524 0.523 0.521 0.520 0.519 0.520 0.530 0.541 0.551 0.562 0.573 0.583 0.594 0.599 0.602 0.605 0.607 0.609 0.612 0.629 0.660 0.690 0.721 0.752 0.782 0.773 0.763 0.754 0.745 0.736 0.727 0.718 0.718 0.730 0.742 0.754 0.766
0.285 0.288 0.293 0.297 0.302 0.306 0.311 0.316 0.321 0.326 0.331 0.336 0.341 0.346 0.354 0.365 0.376 0.387 0.398 0.409 0.420 0.432 0.438 0.441 0.444 0.447 0.450 0.453 0.456 0.458 0.466 0.475 0.484 0.493 0.502 0.511 0.519 0.528 0.537 0.545 0.547 0.546 0.545 0.543 0.542 0.545 0.556 0.566 0.577 0.588 0.598 0.603 0.606 0.609 0.612 0.614 0.617 0.619 0.622 0.641 0.672 0.702 0.733 0.764 0.795 0.826 0.845 0.836 0.827 0.818 0.809 0.800 0.800 0.812 0.824 0.836 0.848
0.300 0.304 0.308 0.313 0.317 0.322 0.327 0.332 0.337 0.342 0.347 0.352 0.357 0.362 0.369 0.380 0.391 0.402 0.413 0.425 0.436 0.441 0.445 0.448 0.451 0.454 0.457 0.460 0.463 0.465 0.473 0.482 0.491 0.500 0.509 0.517 0.526 0.535 0.544 0.552 0.561 0.569 0.568 0.567 0.566 0.570 0.581 0.592 0.602 0.607 0.610 0.613 0.616 0.619 0.622 0.625 0.627 0.629 0.632 0.653 0.684 0.715 0.746 0.777 0.808 0.839 0.870 0.902 0.908 0.899 0.891 0.882 0.882 0.894 0.906 0.918 0.923
0.315 0.319 0.323 0.328 0.333 0.337 0.342 0.347 0.352 0.357 0.362 0.368 0.373 0.378 0.384 0.395 0.406 0.417 0.429 0.440 0.445 0.448 0.451 0.455 0.458 0.461 0.464 0.467 0.470 0.472 0.479 0.489 0.497 0.506 0.515 0.524 0.533 0.542 0.551 0.559 0.568 0.577 0.586 0.590 0.589 0.596 0.606 0.611 0.614 0.617 0.620 0.623 0.626 0.629 0.632 0.634 0.637 0.639 0.642 0.665 0.696 0.727 0.758 0.789 0.820 0.852 0.883 0.915 0.947 0.978 0.973 0.964 0.964 0.976 0.988 0.981 0.974
0.344 0.344 0.345 0.345 0.348 0.353 0.358 0.363 0.368 0.373 0.378 0.383 0.389 0.394 0.400 0.410 0.421 0.433 0.444 0.447 0.451 0.454 0.458 0.461 0.464 0.467 0.470 0.473 0.476 0.479 0.486 0.495 0.504 0.513 0.522 0.531 0.540 0.549 0.557 0.566 0.575 0.584 0.593 0.602 0.611 0.615 0.618 0.621 0.624 0.627 0.630 0.633 0.636 0.639 0.642 0.644 0.647 0.650 0.652 0.677 0.708 0.739 0.770 0.801 0.833 0.864 0.896 0.928 0.959 0.991 1.023 1.046 1.046 1.045 1.039 1.032 1.025
0.375 0.375 0.376 0.377 0.378 0.379 0.380 0.381 0.383 0.389 0.394 0.399 0.405 0.410 0.416 0.425 0.436 0.447 0.450 0.454 0.457 0.461 0.464 0.467 0.471 0.474 0.477 0.480 0.483 0.486 0.492 0.502 0.511 0.520 0.529 0.538 0.546 0.555 0.564 0.573 0.582 0.591 0.600 0.614 0.637 0.634 0.627 0.630 0.634 0.637 0.640 0.643 0.646 0.649 0.652 0.654 0.657 0.660 0.662 0.689 0.720 0.751 0.782 0.814 0.845 0.877 0.909 0.940 0.972 1.004 1.036 1.068 1.092 1.097 1.090 1.083 1.076
0.401 0.407 0.408 0.408 0.409 0.410 0.412 0.413 0.414 0.416 0.417 0.419 0.421 0.426 0.432 0.440 0.449 0.452 0.456 0.460 0.463 0.467 0.470 0.474 0.477 0.480 0.484 0.487 0.490 0.492 0.499 0.508 0.517 0.526 0.535 0.544 0.553 0.562 0.571 0.580 0.589 0.599 0.621 0.644 0.666 0.662 0.654 0.645 0.643 0.646 0.650 0.653 0.656 0.659 0.662 0.664 0.667 0.670 0.672 0.701 0.732 0.763 0.795 0.826 0.858 0.890 0.921 0.953 0.985 1.017 1.048 1.080 1.104 1.120 1.136 1.134 1.127
0.423 0.439 0.440 0.441 0.442 0.443 0.444 0.445 0.446 0.448 0.449 0.451 0.452 0.454 0.456 0.460 0.454 0.458 0.462 0.466 0.469 0.473 0.477 0.480 0.483 0.487 0.490 0.493 0.496 0.499 0.505 0.514 0.524 0.533 0.542 0.551 0.560 0.569 0.577 0.586 0.606 0.628 0.650 0.673 0.696 0.691 0.682 0.674 0.665 0.657 0.659 0.662 0.665 0.669 0.672 0.674 0.677 0.680 0.683 0.713 0.744 0.776 0.807 0.839 0.870 0.902 0.934 0.966 0.997 1.029 1.060 1.091 1.115 1.131 1.147 1.164 1.178
0.445 0.472 0.473 0.474 0.475 0.476 0.477 0.478 0.479 0.481 0.482 0.483 0.485 0.487 0.494 0.504 0.493 0.481 0.469 0.471 0.475 0.479 0.483 0.486 0.490 0.493 0.496 0.500 0.503 0.506 0.512 0.521 0.530 0.539 0.548 0.557 0.566 0.575 0.590 0.612 0.635 0.657 0.680 0.702 0.725 0.720 0.711 0.703 0.694 0.686 0.677 0.672 0.675 0.678 0.681 0.684 0.687 0.690 0.694 0.725 0.756 0.788 0.819 0.851 0.883 0.915 0.946 0.977 1.009 1.040 1.071 1.103 1.126 1.142 1.158 1.175 1.191
0.468 0.504 0.506 0.507 0.508 0.509 0.510 0.511 0.512 0.514 0.515 0.516 0.518 0.526 0.536 0.547 0.538 0.526 0.514 0.503 0.491 0.485 0.488 0.492 0.496 0.499 0.503 0.506 0.509 0.512 0.518 0.527 0.537 0.546 0.555 0.564 0.575 0.597 0.619 0.641 0.664 0.686 0.709 0.732 0.755 0.749 0.740 0.732 0.723 0.715 0.706 0.698 0.689 0.688 0.691 0.695 0.698 0.700 0.706 0.737 0.769 0.800 0.832 0.864 0.895 0.926 0.958 0.989 1.020 1.052 1.083 1.115 1.137 1.153 1.169 1.186 1.202
0.491 0.527 0.539 0.540 0.541 0.542 0.544 0.545 0.546 0.547 0.548 0.550 0.559 0.569 0.580 0.590 0.584 0.572 0.560 0.548 0.536 0.525 0.513 0.501 0.502 0.506 0.509 0.513 0.516 0.519 0.524 0.534 0.543 0.552 0.561 0.581 0.603 0.626 0.648 0.671 0.693 0.716 0.739 0.762 0.784 0.778 0.769 0.761 0.752 0.744 0.736 0.727 0.719 0.710 0.701 0.705 0.708 0.711 0.718 0.749 0.781 0.812 0.844 0.875 0.906 0.938 0.969 1.000 1.032 1.063 1.095 1.126 1.148 1.164 1.181 1.197 1.213
0.515 0.551 0.573 0.574 0.575 0.576 0.577 0.579 0.580 0.581 0.582 0.592 0.603 0.613 0.623 0.634 0.631 0.619 0.607 0.595 0.583 0.571 0.559 0.547 0.535 0.523 0.516 0.519 0.523 0.526 0.531 0.540 0.549 0.566 0.588 0.610 0.633 0.655 0.678 0.700 0.723 0.746 0.769 0.791 0.814 0.807 0.798 0.790 0.782 0.773 0.765 0.756 0.748 0.739 0.731 0.722 0.718 0.721 0.730 0.761 0.793 0.824 0.855 0.886 0.918 0.949 0.980 1.012 1.043 1.075 1.106 1.138 1.159 1.175 1.192 1.208 1.224
0.538 0.574 0.607 0.608 0.609 0.611 0.612 0.613 0.614 0.616 0.626 0.637 0.647 0.657 0.667 0.678 0.678 0.666 0.653 0.641 0.629 0.617 0.605 0.594 0.582 0.570 0.558 0.546 0.534 0.533 0.538 0.550 0.572 0.595 0.617 0.639 0.662 0.685 0.707 0.730 0.753 0.776 0.798 0.821 0.844 0.836 0.828 0.819 0.811 0.803 0.794 0.786 0.777 0.769 0.760 0.752 0.743 0.734 0.742 0.773 0.804 0.835 0.866 0.897 0.929 0.960 0.991 1.023 1.054 1.086 1.117 1.149 1.170 1.186 1.203 1.219 1.235
0.562 0.599 0.635 0.643 0.644 0.645 0.646 0.647 0.651 0.661 0.671 0.681 0.691 0.701 0.712 0.722 0.725 0.713 0.701 0.689 0.677 0.665 0.653 0.641 0.629 0.617 0.605 0.593 0.580 0.568 0.550 0.579 0.601 0.624 0.646 0.669 0.692 0.714 0.737 0.760 0.783 0.806 0.829 0.852 0.873 0.865 0.857 0.849 0.840 0.832 0.824 0.815 0.807 0.798 0.790 0.781 0.773 0.762 0.760 0.784 0.815 0.846 0.877 0.909 0.940 0.971 1.003 1.034 1.066 1.097 1.129 1.161 1.181 1.197 1.214 1.230 1.246
0.587 0.623 0.659 0.678 0.679 0.680 0.681 0.686 0.696 0.706 0.716 0.726 0.736 0.746 0.757 0.767 0.772 0.760 0.748 0.736 0.724 0.712 0.700 0.688 0.676 0.664 0.652 0.640 0.623 0.584 0.558 0.592 0.627 0.654 0.676 0.699 0.722 0.744 0.767 0.790 0.813 0.836 0.859 0.882 0.903 0.895 0.886 0.878 0.870 0.861 0.853 0.845 0.836 0.828 0.819 0.810 0.798 0.786 0.786 0.808 0.831 0.857 0.888 0.920 0.951 0.983 1.014 1.046 1.077 1.109 1.140 1.172 1.192 1.208 1.224 1.241 1.257
0.612 0.648 0.684 0.713 0.714 0.715 0.721 0.731 0.740 0.750 0.761 0.771 0.781 0.791 0.801 0.812 0.820 0.808 0.796 0.784 0.772 0.760 0.748 0.736 0.724 0.712 0.700 0.672 0.633 0.594 0.567 0.601 0.635 0.669 0.704 0.729 0.752 0.775 0.797 0.820 0.843 0.866 0.889 0.912 0.932 0.924 0.916 0.908 0.899 0.891 0.883 0.874 0.866 0.857 0.845 0.833 0.821 0.809 0.811 0.833 0.856 0.879 0.902 0.931 0.962 0.994 1.025 1.057 1.088 1.120 1.152 1.183 1.203 1.219 1.235 1.252 1.268
0.637 0.673 0.709 0.745 0.749 0.756 0.766 0.776 0.786 0.796 0.806 0.816 0.826 0.836 0.847 0.857 0.867 0.856 0.844 0.832 0.820 0.808 0.796 0.784 0.772 0.759 0.721 0.683 0.644 0.605 0.575 0.609 0.644 0.678 0.712 0.747 0.781 0.805 0.828 0.851 0.873 0.896 0.920 0.943 0.962 0.954 0.946 0.937 0.929 0.921 0.912 0.904 0.893 0.881 0.869 0.857 0.845 0.833 0.836 0.858 0.881 0.904 0.927 0.950 0.973 1.005 1.036 1.068 1.100 1.131 1.163 1.195 1.214 1.230 1.246 1.263 1.279
0.648 0.688 0.727 0.766 0.792 0.802 0.811 0.821 0.831 0.841 0.851 0.861 0.871 0.882 0.892 0.902 0.913 0.904 0.892 0.880 0.868 0.856 0.844 0.832 0.808 0.770 0.732 0.693 0.655 0.616 0.584 0.618 0.652 0.687 0.721 0.756 0.790 0.824 0.858 0.881 0.904 0.927 0.950 0.973 0.992 0.983 0.975 0.967 0.959 0.950 0.940 0.928 0.916 0.905 0.893 0.881 0.869 0.857 0.861 0.883 0.906 0.929 0.952 0.975 0.998 1.022 1.048 1.079 1.111 1.143 1.174 1.206 1.224 1.241 1.257 1.273 1.290
0.654 0.693 0.732 0.761 0.790 0.819 0.848 0.867 0.877 0.887 0.896 0.907 0.917 0.927 0.937 0.948 0.958 0.952 0.940 0.928 0.916 0.904 0.893 0.858 0.819 0.781 0.743 0.704 0.665 0.627 0.593 0.627 0.661 0.696 0.730 0.764 0.799 0.834 0.868 0.903 0.935 0.958 0.981 1.004 1.021 1.013 1.005 0.997 0.987 0.975 0.964 0.952 0.940 0.928 0.916 0.905 0.893 0.881 0.886 0.909 0.931 0.954 0.978 1.001 1.024 1.047 1.070 1.093 1.122 1.154 1.186 1.217 1.235 1.252 1.268 1.285 1.307
0.659 0.698 0.727 0.754 0.782 0.812 0.841 0.870 0.899 0.929 0.942 0.952 0.962 0.972 0.983 0.993 1.003 1.001 0.989 0.977 0.965 0.945 0.907 0.869 0.830 0.792 0.754 0.715 0.676 0.637 0.601 0.636 0.670 0.704 0.739 0.773 0.808 0.842 0.877 0.912 0.946 0.981 1.011 1.034 1.051 1.043 1.034 1.022 1.011 0.999 0.987 0.976 0.964 0.952 0.940 0.928 0.916 0.904 0.911 0.934 0.957 0.980 1.003 1.026 1.049 1.072 1.095 1.119 1.142 1.165 1.197 1.229 1.246 1.262 1.284 1.305 1.327
0.664 0.692 0.720 0.747 0.775 0.804 0.833 0.863 0.892 0.921 0.951 0.980 1.008 1.018 1.028 1.039 1.049 1.049 1.037 1.025 0.995 0.956 0.918 0.880 0.841 0.803 0.764 0.726 0.687 0.648 0.610 0.644 0.679 0.713 0.748 0.782 0.817 0.852 0.886 0.921 0.956 0.990 1.025 1.060 1.081 1.070 1.058 1.046 1.035 1.023 1.011 0.999 0.988 0.976 0.964 0.952 0.940 0.928 0.936 0.959 0.982 1.005 1.028 1.051 1.074 1.098 1.121 1.144 1.167 1.191 1.214 1.240 1.260 1.282 1.304 1.325 1.347
0.657 0.685 0.712 0.740 0.768 0.797 0.826 0.855 0.885 0.914 0.944 0.973 1.003 1.032 1.062 1.084 1.095 1.097 1.082 1.044 1.006 0.967 0.929 0.890 0.852 0.814 0.775 0.737 0.698 0.659 0.620 0.653 0.688 0.722 0.757 0.791 0.826 0.861 0.895 0.930 0.965 0.999 1.034 1.064 1.086 1.090 1.082 1.070 1.058 1.047 1.035 1.023 1.011 0.999 0.988 0.976 0.964 0.952 0.961 0.984 1.007 1.030 1.053 1.076 1.100 1.123 1.146 1.169 1.193 1.216 1.238 1.259 1.280 1.302 1.323 1.345 1.367
