includes/overflow_coast_co/floodfiles/results_R2_t1.605555492999E12 submersion faible - st pierre rupture dune49 et surverse dune11/res-0007.wd
ncols         906
nrows         631
xllcorner     362177.146666679996997
yllcorner     6534725.688019599765539
cellsize      20.000000000000000
NODATA_value  -9999.000000
[rows 544 to 577 of 631, columns 693 to 769 of 906]
10.026 10.162 10.298 10.434 10.570 10.723 10.878 11.033 11.188 11.343 11.274 11.161 11.048 10.935 10.822 10.710 10.597 10.484 10.382 10.317 10.252 10.187 10.114 10.029 9.944 9.860 9.775 9.690 9.606 9.521 9.436 9.344 9.211 9.077 8.944 8.903 8.897 8.892 8.887 8.881 8.876 8.871 8.866 8.860 8.851 8.831 8.811 8.792 8.818 8.856 8.895 8.933 8.971 9.009 9.047 9.085 9.123 9.196 9.280 9.364 9.449 9.506 9.563 9.619 9.676 9.733 9.790 9.846 9.903 9.927 9.944 9.962 9.975 9.983 9.991 9.999 10.007
10.077 10.212 10.348 10.484 10.620 10.760 10.915 11.070 11.225 11.286 11.173 11.060 10.947 10.835 10.722 10.609 10.496 10.384 10.271 10.187 10.122 10.057 9.972 9.888 9.803 9.718 9.634 9.549 9.464 9.379 9.295 9.210 9.097 8.963 8.874 8.868 8.863 8.858 8.852 8.847 8.842 8.836 8.831 8.826 8.820 8.804 8.784 8.791 8.829 8.868 8.906 8.944 8.982 9.020 9.058 9.096 9.134 9.185 9.269 9.353 9.419 9.476 9.533 9.590 9.646 9.703 9.760 9.816 9.873 9.916 9.933 9.951 9.959 9.967 9.975 9.983 9.991
10.127 10.263 10.398 10.534 10.670 10.806 10.951 11.106 11.261 11.185 11.072 10.960 10.847 10.734 10.621 10.509 10.396 10.283 10.170 10.058 9.991 9.916 9.831 9.746 9.661 9.577 9.492 9.407 9.323 9.238 9.153 9.069 8.983 8.850 8.839 8.834 8.828 8.823 8.818 8.813 8.807 8.802 8.797 8.791 8.786 8.777 8.764 8.802 8.840 8.879 8.917 8.955 8.993 9.031 9.069 9.107 9.145 9.184 9.258 9.333 9.390 9.446 9.503 9.560 9.616 9.673 9.730 9.787 9.843 9.900 9.922 9.935 9.943 9.951 9.959 9.967 9.975
10.177 10.313 10.449 10.584 10.720 10.856 10.992 11.143 11.197 11.085 10.972 10.859 10.746 10.634 10.521 10.408 10.295 10.183 10.070 9.957 9.859 9.774 9.689 9.605 9.520 9.435 9.351 9.266 9.182 9.101 9.020 8.939 8.859 8.821 8.815 8.809 8.803 8.797 8.791 8.785 8.779 8.773 8.768 8.762 8.756 8.750 8.776 8.813 8.852 8.890 8.928 8.966 9.004 9.042 9.080 9.118 9.156 9.195 9.246 9.303 9.360 9.416 9.473 9.530 9.587 9.643 9.700 9.757 9.814 9.870 9.911 9.919 9.927 9.933 9.939 9.945 9.951
10.227 10.363 10.499 10.635 10.770 10.906 11.042 11.179 11.097 10.984 10.878 10.773 10.668 10.562 10.457 10.351 10.246 10.141 10.035 9.930 9.850 9.772 9.691 9.610 9.530 9.449 9.368 9.287 9.206 9.126 9.045 8.964 8.897 8.887 8.881 8.875 8.869 8.863 8.857 8.851 8.845 8.839 8.833 8.827 8.822 8.817 8.824 8.861 8.898 8.936 8.973 9.010 9.048 9.085 9.122 9.160 9.197 9.234 9.233 9.274 9.331 9.388 9.444 9.501 9.558 9.614 9.671 9.728 9.785 9.841 9.880 9.891 9.897 9.903 9.909 9.915 9.921
10.277 10.413 10.546 10.676 10.806 10.936 11.067 11.145 11.086 10.981 10.876 10.770 10.665 10.559 10.454 10.349 10.243 10.138 10.032 9.935 9.867 9.797 9.716 9.635 9.554 9.474 9.393 9.312 9.231 9.151 9.070 8.989 8.965 8.955 8.946 8.941 8.935 8.929 8.923 8.917 8.911 8.905 8.899 8.893 8.888 8.886 8.884 8.909 8.946 8.984 9.021 9.058 9.096 9.133 9.170 9.207 9.245 9.264 9.245 9.246 9.302 9.359 9.416 9.472 9.529 9.586 9.643 9.699 9.756 9.808 9.835 9.860 9.866 9.872 9.878 9.884 9.890
10.298 10.429 10.559 10.689 10.819 10.950 11.080 11.091 11.060 10.978 10.873 10.767 10.662 10.557 10.451 10.346 10.240 10.135 10.030 9.953 9.885 9.816 9.741 9.660 9.579 9.499 9.418 9.337 9.256 9.176 9.095 9.042 9.033 9.023 9.013 9.006 9.000 8.994 8.989 8.983 8.977 8.971 8.965 8.959 8.956 8.954 8.952 8.957 8.994 9.032 9.069 9.106 9.143 9.181 9.218 9.255 9.293 9.276 9.257 9.238 9.274 9.330 9.387 9.444 9.501 9.557 9.614 9.671 9.728 9.763 9.790 9.818 9.836 9.842 9.848 9.854 9.860
10.312 10.442 10.572 10.702 10.832 10.963 11.067 11.036 11.005 10.975 10.870 10.764 10.659 10.554 10.448 10.343 10.238 10.132 10.038 9.970 9.902 9.834 9.766 9.685 9.604 9.524 9.443 9.362 9.281 9.200 9.120 9.110 9.101 9.091 9.081 9.072 9.066 9.060 9.054 9.049 9.043 9.037 9.031 9.026 9.024 9.022 9.020 9.018 9.042 9.079 9.117 9.154 9.191 9.229 9.266 9.303 9.307 9.288 9.269 9.250 9.245 9.302 9.359 9.415 9.472 9.529 9.586 9.642 9.690 9.718 9.745 9.773 9.801 9.811 9.817 9.823 9.829
10.325 10.455 10.585 10.715 10.846 10.976 11.012 10.981 10.951 10.920 10.867 10.762 10.656 10.551 10.446 10.340 10.235 10.129 10.056 9.988 9.920 9.852 9.783 9.710 9.629 9.548 9.468 9.387 9.306 9.225 9.188 9.178 9.169 9.159 9.149 9.139 9.132 9.126 9.120 9.114 9.109 9.103 9.097 9.095 9.093 9.091 9.089 9.087 9.090 9.127 9.165 9.202 9.239 9.277 9.314 9.337 9.319 9.300 9.281 9.262 9.243 9.273 9.330 9.387 9.444 9.500 9.557 9.614 9.645 9.673 9.700 9.728 9.756 9.781 9.787 9.793 9.799
10.338 10.468 10.598 10.729 10.859 10.988 10.958 10.927 10.896 10.865 10.835 10.759 10.654 10.548 10.443 10.337 10.232 10.141 10.073 10.005 9.937 9.869 9.801 9.733 9.654 9.573 9.493 9.412 9.331 9.266 9.256 9.246 9.237 9.227 9.217 9.207 9.198 9.192 9.186 9.180 9.174 9.168 9.165 9.163 9.161 9.159 9.157 9.155 9.153 9.175 9.213 9.250 9.287 9.324 9.362 9.349 9.331 9.312 9.293 9.274 9.255 9.245 9.302 9.358 9.415 9.472 9.528 9.572 9.600 9.628 9.655 9.683 9.711 9.739 9.756 9.762 9.768
10.351 10.481 10.612 10.742 10.872 10.934 10.903 10.872 10.842 10.811 10.780 10.749 10.651 10.545 10.440 10.335 10.229 10.159 10.091 10.023 9.955 9.887 9.818 9.751 9.679 9.598 9.518 9.437 9.356 9.334 9.324 9.314 9.305 9.295 9.285 9.275 9.265 9.258 9.252 9.246 9.240 9.235 9.233 9.231 9.229 9.227 9.225 9.223 9.222 9.223 9.261 9.298 9.335 9.372 9.380 9.361 9.342 9.324 9.305 9.286 9.267 9.248 9.273 9.330 9.387 9.443 9.500 9.527 9.555 9.583 9.610 9.638 9.666 9.694 9.721 9.732 9.738
10.364 10.495 10.625 10.755 10.885 10.879 10.848 10.818 10.787 10.756 10.726 10.695 10.648 10.543 10.437 10.332 10.244 10.176 10.108 10.040 9.972 9.904 9.836 9.768 9.700 9.623 9.542 9.462 9.412 9.402 9.392 9.382 9.373 9.363 9.353 9.343 9.333 9.324 9.318 9.312 9.306 9.304 9.302 9.300 9.298 9.296 9.294 9.292 9.290 9.288 9.308 9.346 9.383 9.411 9.392 9.373 9.354 9.335 9.317 9.298 9.279 9.260 9.245 9.301 9.358 9.415 9.455 9.482 9.510 9.538 9.565 9.593 9.621 9.649 9.676 9.701 9.707
10.377 10.508 10.638 10.768 10.855 10.825 10.794 10.763 10.732 10.702 10.671 10.640 10.610 10.540 10.434 10.330 10.262 10.194 10.126 10.058 9.990 9.922 9.853 9.786 9.718 9.648 9.567 9.490 9.480 9.470 9.460 9.450 9.440 9.431 9.421 9.411 9.401 9.391 9.384 9.378 9.374 9.372 9.370 9.368 9.366 9.364 9.362 9.360 9.358 9.356 9.356 9.394 9.431 9.423 9.404 9.385 9.366 9.347 9.329 9.310 9.291 9.272 9.253 9.273 9.329 9.382 9.410 9.437 9.465 9.493 9.520 9.548 9.576 9.604 9.631 9.659 9.677
10.391 10.521 10.651 10.781 10.801 10.770 10.739 10.709 10.678 10.647 10.617 10.586 10.555 10.524 10.432 10.347 10.279 10.211 10.143 10.075 10.007 9.939 9.871 9.803 9.735 9.667 9.592 9.558 9.548 9.538 9.528 9.518 9.508 9.499 9.489 9.479 9.469 9.459 9.449 9.444 9.442 9.440 9.438 9.436 9.434 9.432 9.431 9.429 9.427 9.425 9.423 9.442 9.453 9.435 9.416 9.397 9.378 9.359 9.340 9.322 9.303 9.284 9.265 9.246 9.301 9.337 9.365 9.392 9.420 9.448 9.475 9.503 9.531 9.559 9.586 9.614 9.642
10.504 10.534 10.664 10.777 10.746 10.715 10.685 10.654 10.623 10.593 10.562 10.531 10.501 10.470 10.433 10.365 10.298 10.231 10.164 10.097 10.029 9.962 9.895 9.828 9.761 9.694 9.636 9.625 9.615 9.605 9.596 9.586 9.576 9.566 9.556 9.546 9.536 9.527 9.517 9.512 9.510 9.508 9.506 9.504 9.503 9.501 9.499 9.497 9.495 9.493 9.491 9.487 9.467 9.448 9.428 9.409 9.390 9.371 9.352 9.334 9.315 9.296 9.277 9.258 9.264 9.292 9.321 9.353 9.384 9.415 9.447 9.478 9.509 9.541 9.572 9.603 9.635
10.624 10.631 10.677 10.722 10.692 10.661 10.630 10.605 10.591 10.576 10.562 10.548 10.534 10.520 10.481 10.421 10.353 10.286 10.219 10.152 10.085 10.018 9.951 9.883 9.816 9.749 9.714 9.691 9.681 9.671 9.661 9.651 9.642 9.632 9.622 9.612 9.602 9.592 9.584 9.579 9.577 9.575 9.573 9.571 9.569 9.567 9.565 9.564 9.561 9.560 9.558 9.539 9.518 9.498 9.479 9.459 9.440 9.420 9.401 9.381 9.362 9.342 9.323 9.304 9.272 9.296 9.327 9.359 9.390 9.421 9.453 9.484 9.515 9.547 9.578 9.609 9.672
10.744 10.745 10.731 10.728 10.714 10.700 10.686 10.672 10.657 10.643 10.629 10.615 10.601 10.580 10.528 10.476 10.409 10.342 10.274 10.207 10.140 10.073 10.006 9.939 9.872 9.824 9.792 9.760 9.747 9.737 9.727 9.717 9.707 9.697 9.688 9.678 9.668 9.658 9.653 9.648 9.644 9.642 9.640 9.638 9.636 9.634 9.632 9.630 9.628 9.626 9.615 9.591 9.568 9.548 9.529 9.509 9.490 9.470 9.451 9.432 9.412 9.393 9.373 9.346 9.313 9.302 9.333 9.364 9.396 9.427 9.459 9.490 9.521 9.553 9.584 9.615 9.709
10.794 10.780 10.770 10.783 10.781 10.767 10.752 10.738 10.724 10.710 10.696 10.681 10.667 10.627 10.575 10.524 10.464 10.397 10.330 10.263 10.196 10.128 10.061 9.994 9.933 9.901 9.869 9.837 9.813 9.803 9.793 9.783 9.773 9.763 9.753 9.743 9.734 9.727 9.722 9.716 9.711 9.709 9.707 9.705 9.703 9.701 9.699 9.697 9.695 9.691 9.668 9.644 9.620 9.598 9.579 9.560 9.540 9.521 9.501 9.482 9.462 9.443 9.420 9.387 9.355 9.322 9.339 9.370 9.402 9.433 9.465 9.496 9.527 9.559 9.590 9.648 9.747
10.830 10.816 10.813 10.825 10.838 10.833 10.819 10.805 10.791 10.777 10.762 10.748 10.725 10.674 10.622 10.571 10.519 10.452 10.385 10.318 10.251 10.184 10.117 10.050 10.011 9.979 9.947 9.915 9.883 9.868 9.859 9.849 9.839 9.829 9.819 9.809 9.801 9.796 9.790 9.785 9.780 9.775 9.773 9.772 9.770 9.768 9.766 9.764 9.762 9.744 9.720 9.696 9.672 9.649 9.629 9.610 9.590 9.571 9.551 9.532 9.512 9.493 9.461 9.429 9.396 9.364 9.345 9.376 9.408 9.439 9.470 9.502 9.533 9.565 9.596 9.686 9.784
10.866 10.852 10.856 10.868 10.880 10.893 10.886 10.872 10.857 10.843 10.829 10.815 10.772 10.721 10.669 10.618 10.566 10.508 10.441 10.373 10.306 10.239 10.172 10.121 10.089 10.057 10.025 9.993 9.961 9.934 9.924 9.914 9.905 9.895 9.885 9.875 9.870 9.864 9.859 9.854 9.848 9.843 9.840 9.838 9.836 9.834 9.832 9.831 9.820 9.796 9.772 9.749 9.725 9.701 9.679 9.660 9.640 9.621 9.601 9.582 9.562 9.535 9.503 9.470 9.438 9.405 9.373 9.382 9.414 9.445 9.477 9.508 9.539 9.571 9.625 9.723 9.821
10.902 10.887 10.898 10.911 10.923 10.936 10.948 10.938 10.924 10.910 10.896 10.871 10.819 10.768 10.716 10.665 10.613 10.562 10.496 10.429 10.362 10.295 10.230 10.198 10.166 10.134 10.103 10.071 10.039 10.007 9.990 9.980 9.970 9.960 9.951 9.944 9.938 9.933 9.928 9.922 9.917 9.911 9.907 9.905 9.903 9.901 9.899 9.896 9.872 9.848 9.825 9.801 9.777 9.753 9.730 9.710 9.691 9.671 9.652 9.632 9.609 9.577 9.544 9.512 9.479 9.447 9.414 9.388 9.420 9.451 9.482 9.514 9.545 9.576 9.662 9.760 9.859
10.937 10.929 10.941 10.953 10.966 10.978 10.991 11.003 10.991 10.976 10.962 10.918 10.866 10.815 10.763 10.712 10.660 10.609 10.551 10.484 10.417 10.350 10.308 10.276 10.244 10.212 10.180 10.148 10.116 10.084 10.056 10.046 10.036 10.026 10.018 10.012 10.007 10.001 9.996 9.991 9.985 9.980 9.975 9.972 9.970 9.968 9.966 9.948 9.924 9.901 9.877 9.853 9.830 9.806 9.782 9.760 9.741 9.721 9.702 9.682 9.651 9.618 9.586 9.554 9.521 9.488 9.456 9.424 9.426 9.457 9.488 9.520 9.551 9.601 9.700 9.798 9.896
10.973 10.971 10.984 10.996 11.009 11.021 11.033 11.046 11.057 11.043 11.016 10.964 10.913 10.862 10.810 10.759 10.707 10.655 10.604 10.540 10.472 10.418 10.386 10.354 10.322 10.290 10.258 10.226 10.194 10.162 10.130 10.112 10.102 10.092 10.086 10.081 10.076 10.070 10.065 10.059 10.054 10.048 10.043 10.039 10.037 10.035 10.024 10.001 9.977 9.953 9.929 9.906 9.882 9.858 9.834 9.811 9.791 9.771 9.752 9.725 9.692 9.660 9.627 9.595 9.563 9.530 9.497 9.465 9.433 9.463 9.494 9.526 9.557 9.639 9.737 9.835 9.934
11.008 11.014 11.026 11.039 11.051 11.064 11.076 11.088 11.101 11.110 11.063 11.011 10.960 10.908 10.857 10.805 10.754 10.702 10.651 10.595 10.528 10.496 10.464 10.432 10.400 10.368 10.336 10.304 10.272 10.240 10.208 10.177 10.168 10.160 10.155 10.150 10.144 10.139 10.133 10.128 10.123 10.117 10.112 10.106 10.103 10.100 10.077 10.053 10.029 10.005 9.982 9.958 9.934 9.911 9.887 9.863 9.841 9.822 9.799 9.766 9.734 9.701 9.669 9.637 9.604 9.572 9.539 9.507 9.474 9.469 9.500 9.532 9.578 9.676 9.774 9.873 9.971
11.044 11.057 11.069 11.082 11.094 11.106 11.119 11.131 11.129 11.126 11.084 11.036 10.988 10.939 10.891 10.843 10.794 10.746 10.697 10.646 10.605 10.573 10.541 10.509 10.477 10.445 10.413 10.381 10.349 10.317 10.285 10.253 10.234 10.229 10.224 10.218 10.213 10.207 10.202 10.196 10.191 10.186 10.180 10.175 10.170 10.153 10.129 10.105 10.081 10.058 10.034 10.010 9.987 9.963 9.939 9.915 9.892 9.872 9.840 9.808 9.775 9.743 9.710 9.678 9.646 9.613 9.581 9.548 9.516 9.483 9.506 9.538 9.615 9.714 9.812 9.910 10.008
11.087 11.099 11.112 11.124 11.137 11.144 11.141 11.138 11.135 11.132 11.097 11.049 11.000 10.952 10.904 10.855 10.807 10.758 10.710 10.687 10.686 10.654 10.622 10.590 10.558 10.526 10.494 10.462 10.430 10.398 10.366 10.334 10.300 10.295 10.289 10.284 10.279 10.273 10.268 10.262 10.257 10.252 10.246 10.241 10.230 10.207 10.183 10.160 10.136 10.112 10.088 10.064 10.040 10.016 9.992 9.969 9.945 9.924 9.884 9.849 9.817 9.784 9.752 9.720 9.687 9.655 9.622 9.590 9.557 9.525 9.512 9.554 9.653 9.751 9.849 9.948 10.074
11.130 11.142 11.154 11.156 11.153 11.150 11.147 11.144 11.141 11.138 11.110 11.061 11.013 10.965 10.916 10.868 10.819 10.771 10.737 10.747 10.756 10.736 10.704 10.672 10.640 10.608 10.576 10.544 10.512 10.480 10.448 10.415 10.380 10.359 10.354 10.348 10.343 10.338 10.332 10.327 10.322 10.316 10.311 10.305 10.285 10.264 10.240 10.216 10.192 10.168 10.144 10.121 10.097 10.073 10.049 10.025 10.015 10.036 9.999 9.959 9.920 9.881 9.841 9.802 9.763 9.723 9.684 9.645 9.605 9.566 9.534 9.597 9.743 9.890 10.036 10.183 10.329
11.171 11.168 11.165 11.162 11.159 11.156 11.153 11.151 11.148 11.145 11.122 11.074 11.025 10.977 10.929 10.880 10.832 10.787 10.797 10.807 10.816 10.818 10.786 10.754 10.722 10.690 10.658 10.626 10.594 10.562 10.529 10.495 10.461 10.426 10.418 10.413 10.408 10.402 10.397 10.392 10.386 10.381 10.376 10.360 10.339 10.319 10.296 10.272 10.249 10.225 10.201 10.177 10.153 10.129 10.105 10.083 10.104 10.125 10.113 10.074 10.034 9.995 9.956 9.916 9.877 9.838 9.798 9.759 9.720 9.680 9.729 9.857 9.999 10.145 10.292 10.438 10.584
11.176 11.174 11.171 11.168 11.165 11.162 11.160 11.157 11.154 11.151 11.135 11.086 11.038 10.990 10.941 10.893 10.844 10.847 10.857 10.867 10.877 10.886 10.867 10.835 10.803 10.771 10.739 10.707 10.675 10.643 10.609 10.575 10.541 10.507 10.483 10.478 10.472 10.467 10.461 10.456 10.451 10.445 10.435 10.414 10.394 10.374 10.353 10.329 10.305 10.281 10.257 10.233 10.210 10.186 10.162 10.172 10.193 10.215 10.227 10.188 10.149 10.109 10.070 10.031 9.991 9.952 9.913 9.873 9.834 9.882 10.002 10.130 10.261 10.400 10.547 10.693 10.840
11.174 11.176 11.177 11.175 11.172 11.169 11.166 11.163 11.160 11.157 11.147 11.099 11.051 11.002 10.954 10.905 10.897 10.907 10.917 10.927 10.937 10.946 10.949 10.917 10.885 10.853 10.821 10.789 10.757 10.724 10.690 10.655 10.621 10.587 10.553 10.542 10.537 10.531 10.526 10.521 10.515 10.509 10.489 10.469 10.449 10.428 10.408 10.385 10.362 10.338 10.314 10.290 10.266 10.242 10.240 10.261 10.282 10.304 10.325 10.303 10.263 10.224 10.184 10.145 10.106 10.066 10.027 9.988 10.035 10.155 10.276 10.403 10.534 10.664 10.802 10.949 11.095
11.171 11.173 11.176 11.179 11.178 11.175 11.172 11.169 11.166 11.163 11.160 11.111 11.063 11.015 10.966 10.948 10.957 10.967 10.977 10.987 10.997 11.006 11.016 10.999 10.967 10.935 10.903 10.871 10.838 10.804 10.770 10.735 10.701 10.667 10.633 10.607 10.601 10.596 10.591 10.585 10.580 10.564 10.544 10.523 10.503 10.483 10.463 10.442 10.418 10.394 10.370 10.346 10.323 10.308 10.329 10.350 10.371 10.393 10.414 10.417 10.378 10.338 10.299 10.260 10.220 10.181 10.141 10.188 10.308 10.428 10.548 10.676 10.806 10.937 11.068 11.204 11.350
11.168 11.171 11.173 11.176 11.179 11.181 11.178 11.175 11.172 11.169 11.166 11.124 11.076 11.027 10.998 11.008 11.017 11.027 11.037 11.047 11.057 11.066 11.076 11.080 11.048 11.016 10.984 10.952 10.919 10.884 10.850 10.816 10.781 10.747 10.713 10.679 10.666 10.660 10.655 10.650 10.639 10.619 10.598 10.578 10.558 10.538 10.517 10.497 10.474 10.451 10.427 10.403 10.379 10.397 10.418 10.439 10.461 10.482 10.503 10.524 10.492 10.453 10.413 10.374 10.335 10.295 10.341 10.461 10.581 10.701 10.821 10.948 11.079 11.210 11.341 11.472 11.605
11.165 11.168 11.170 11.173 11.176 11.179 11.182 11.181 11.178 11.175 11.172 11.137 11.088 11.048 11.058 11.068 11.077 11.087 11.097 11.107 11.117 11.126 11.136 11.146 11.130 11.098 11.066 11.033 10.999 10.964 10.930 10.896 10.862 10.827 10.793 10.759 10.730 10.725 10.720 10.714 10.694 10.673 10.653 10.633 10.612 10.592 10.572 10.552 10.531 10.507 10.483 10.459 10.465 10.486 10.507 10.528 10.550 10.571 10.592 10.613 10.606 10.567 10.528 10.488 10.449 10.494 10.614 10.734 10.854 10.974 11.094 11.221 11.352 11.483 11.613 11.744 11.875
11.162 11.165 11.168 11.170 11.173 11.176 11.179 11.182 11.184 11.181 11.178 11.149 11.101 11.108 11.118 11.128 11.137 11.147 11.157 11.167 11.177 11.187 11.196 11.206 11.212 11.180 11.147 11.113 11.079 11.045 11.010 10.976 10.942 10.908 10.873 10.839 10.805 10.789 10.784 10.768 10.748 10.728 10.708 10.687 10.667 10.647 10.626 10.606 10.586 10.563 10.540 10.532 10.554 10.575 10.596 10.617 10.639 10.660 10.681 10.702 10.721 10.681 10.642 10.603 10.646 10.767 10.887 11.007 11.127 11.247 11.367 11.494 11.625 11.756 11.887 12.018 12.148
