includes/overflow_coast_co/floodfiles/results_R2_t1.605555492999E12 submersion faible - st pierre rupture dune49 et surverse dune11/res-0011.wdfp
ncols         906
nrows         631
xllcorner     362177.146666679996997
yllcorner     6534725.688019599765539
cellsize      20.000000000000000
NODATA_value  -9999.000000
[rows 408 to 441 of 631, columns 693 to 769 of 906]
0.028 0.026 0.023 0.023 0.026 0.031 0.037 0.041 0.041 0.051 0.055 0.000 0.048 0.031 0.020 0.015 0.015 0.020 0.026 0.026 0.024 0.021 0.018 0.013 0.008 0.000 0.000 0.000 0.000 0.000 0.018 0.000 0.051 0.000 0.000 0.000 0.002 0.044 0.000 0.000 0.000 0.000 0.000 0.000 0.001 0.000 0.000 0.000 0.001 0.001 0.002 0.002 0.002 0.002 0.002 0.002 0.003 0.003 0.003 0.003 0.003 0.003 0.003 0.003 0.003 0.003 0.003 0.003 0.003 0.003 0.003 0.003 0.003 0.003 0.003 0.003 0.003
0.028 0.026 0.025 0.025 0.027 0.031 0.035 0.039 0.043 0.049 0.050 0.041 0.040 0.034 0.028 0.025 0.025 0.028 0.025 0.023 0.021 0.017 0.014 0.009 0.005 0.000 0.000 0.000 0.019 0.020 0.025 0.033 0.041 0.000 0.000 0.407 0.003 0.000 0.000 0.000 0.000 0.000 0.000 0.001 0.000 0.000 0.000 0.001 0.001 0.001 0.002 0.002 0.002 0.002 0.002 0.002 0.002 0.003 0.003 0.003 0.003 0.003 0.003 0.003 0.003 0.003 0.003 0.003 0.003 0.003 0.003 0.003 0.003 0.003 0.003 0.003 0.003
0.026 0.026 0.025 0.025 0.027 0.031 0.035 0.039 0.043 0.048 0.051 0.046 0.043 0.039 0.037 0.035 0.030 0.026 0.023 0.020 0.017 0.014 0.010 0.006 0.003 0.000 0.001 0.000 0.022 0.024 0.027 0.031 0.033 0.022 0.000 0.000 0.406 0.000 0.000 0.000 0.000 0.000 0.000 0.000 0.000 0.000 0.000 0.000 0.001 0.001 0.001 0.002 0.002 0.002 0.002 0.002 0.002 0.003 0.003 0.003 0.003 0.003 0.003 0.004 0.003 0.003 0.003 0.003 0.003 0.003 0.003 0.003 0.003 0.003 0.003 0.003 0.003
0.026 0.025 0.024 0.024 0.027 0.030 0.034 0.039 0.043 0.049 0.054 0.051 0.049 0.047 0.046 0.035 0.027 0.023 0.020 0.017 0.014 0.011 0.008 0.005 0.002 0.001 0.000 0.019 0.022 0.024 0.026 0.027 0.027 0.026 0.000 0.000 0.001 0.000 0.000 0.000 0.000 0.000 0.000 0.000 0.000 0.000 0.000 0.000 0.000 0.001 0.001 0.001 0.002 0.002 0.002 0.002 0.002 0.002 0.003 0.003 0.003 0.003 0.003 0.003 0.004 0.004 0.003 0.003 0.003 0.003 0.003 0.003 0.003 0.003 0.003 0.003 0.003
0.026 0.025 0.025 0.025 0.027 0.029 0.033 0.038 0.045 0.051 0.058 0.057 0.056 0.051 0.040 0.031 0.024 0.020 0.017 0.014 0.012 0.009 0.007 0.006 0.006 0.009 0.014 0.019 0.022 0.023 0.024 0.025 0.024 0.023 0.017 0.012 0.004 0.000 0.000 0.000 0.000 0.000 0.000 0.000 0.000 0.000 0.000 0.000 0.000 0.001 0.001 0.001 0.001 0.002 0.002 0.002 0.002 0.002 0.003 0.003 0.003 0.003 0.003 0.003 0.004 0.004 0.004 0.004 0.003 0.003 0.003 0.003 0.003 0.003 0.003 0.003 0.003
0.025 0.025 0.026 0.027 0.029 0.032 0.036 0.041 0.047 0.053 0.062 0.065 0.055 0.045 0.035 0.027 0.021 0.017 0.014 0.012 0.010 0.008 0.008 0.008 0.009 0.012 0.018 0.020 0.021 0.022 0.023 0.022 0.022 0.021 0.018 0.016 0.000 0.000 0.000 0.000 0.000 0.000 0.000 0.000 0.000 0.000 0.000 0.000 0.001 0.001 0.000 0.001 0.001 0.002 0.002 0.002 0.002 0.002 0.002 0.003 0.003 0.003 0.003 0.003 0.003 0.004 0.004 0.004 0.004 0.004 0.003 0.003 0.003 0.003 0.003 0.003 0.003
0.025 0.026 0.027 0.029 0.032 0.036 0.041 0.047 0.054 0.062 0.068 0.058 0.047 0.038 0.030 0.023 0.018 0.015 0.013 0.011 0.009 0.008 0.008 0.008 0.008 0.009 0.000 0.021 0.021 0.021 0.021 0.020 0.020 0.019 0.017 0.016 0.000 0.000 0.000 0.000 0.000 0.000 0.000 0.000 0.000 0.000 0.000 0.000 0.000 0.000 0.001 0.001 0.001 0.001 0.002 0.002 0.002 0.002 0.002 0.002 0.003 0.003 0.003 0.003 0.003 0.004 0.004 0.004 0.004 0.003 0.003 0.003 0.003 0.003 0.003 0.003 0.003
0.025 0.026 0.029 0.032 0.036 0.041 0.048 0.055 0.065 0.070 0.061 0.051 0.041 0.033 0.025 0.019 0.016 0.013 0.011 0.010 0.009 0.008 0.008 0.008 0.008 0.009 0.012 0.018 0.019 0.019 0.019 0.018 0.017 0.015 0.012 0.010 0.006 0.007 0.006 0.006 0.006 0.000 0.000 0.000 0.000 0.000 0.000 0.000 0.000 0.001 0.000 0.001 0.001 0.001 0.001 0.002 0.002 0.002 0.002 0.002 0.003 0.003 0.003 0.003 0.003 0.003 0.004 0.003 0.003 0.003 0.003 0.003 0.003 0.003 0.003 0.003 0.003
0.025 0.028 0.032 0.036 0.042 0.048 0.057 0.067 0.071 0.063 0.054 0.044 0.036 0.028 0.021 0.016 0.013 0.011 0.010 0.009 0.008 0.008 0.008 0.008 0.008 0.010 0.013 0.016 0.016 0.016 0.015 0.013 0.011 0.011 0.018 0.014 0.013 0.000 0.058 0.000 0.004 0.003 0.002 0.001 0.001 0.000 0.000 0.000 0.000 0.000 0.000 0.000 0.001 0.001 0.001 0.002 0.002 0.002 0.002 0.002 0.002 0.003 0.003 0.003 0.003 0.003 0.003 0.003 0.003 0.003 0.003 0.003 0.003 0.003 0.003 0.003 0.003
0.026 0.031 0.036 0.042 0.049 0.058 0.069 0.072 0.064 0.056 0.047 0.039 0.031 0.024 0.018 0.014 0.011 0.010 0.009 0.008 0.008 0.008 0.008 0.007 0.007 0.009 0.012 0.013 0.012 0.011 0.009 0.010 0.011 0.014 0.000 0.018 0.016 0.012 0.000 0.000 0.005 0.005 0.004 0.003 0.002 0.001 0.001 0.000 0.000 0.000 0.000 0.001 0.000 0.001 0.001 0.001 0.002 0.002 0.002 0.002 0.002 0.003 0.003 0.003 0.003 0.003 0.003 0.003 0.003 0.003 0.003 0.003 0.003 0.003 0.003 0.003 0.003
0.029 0.035 0.042 0.050 0.060 0.071 0.073 0.065 0.058 0.049 0.041 0.033 0.026 0.020 0.016 0.012 0.010 0.009 0.008 0.008 0.007 0.007 0.007 0.006 0.006 0.008 0.008 0.007 0.008 0.009 0.009 0.010 0.011 0.017 0.000 0.000 0.023 0.022 0.000 0.000 0.000 0.000 0.002 0.003 0.002 0.002 0.002 0.001 0.001 0.000 0.001 0.000 0.000 0.000 0.001 0.001 0.002 0.002 0.002 0.002 0.002 0.003 0.003 0.003 0.003 0.003 0.003 0.003 0.003 0.003 0.003 0.003 0.003 0.003 0.003 0.003 0.003
0.034 0.042 0.051 0.061 0.073 0.074 0.067 0.059 0.051 0.043 0.036 0.028 0.022 0.017 0.013 0.011 0.009 0.008 0.008 0.007 0.007 0.006 0.006 0.005 0.005 0.004 0.005 0.006 0.007 0.008 0.009 0.010 0.011 0.014 0.011 0.000 0.000 0.029 0.033 0.032 0.028 0.016 0.009 0.005 0.004 0.003 0.003 0.002 0.002 0.001 0.000 0.000 0.001 0.001 0.001 0.001 0.001 0.002 0.002 0.002 0.002 0.002 0.003 0.003 0.003 0.003 0.003 0.003 0.003 0.003 0.003 0.003 0.003 0.003 0.003 0.003 0.003
0.041 0.051 0.062 0.074 0.074 0.067 0.060 0.053 0.045 0.038 0.031 0.024 0.019 0.015 0.012 0.010 0.008 0.008 0.007 0.006 0.006 0.005 0.004 0.003 0.000 0.003 0.005 0.006 0.007 0.008 0.009 0.009 0.010 0.013 0.016 0.000 0.000 0.077 0.087 0.000 0.000 0.013 0.011 0.007 0.005 0.004 0.003 0.003 0.002 0.002 0.001 0.001 0.001 0.001 0.001 0.001 0.002 0.002 0.002 0.002 0.002 0.002 0.002 0.003 0.003 0.003 0.003 0.003 0.003 0.003 0.003 0.003 0.003 0.003 0.003 0.004 0.004
0.050 0.063 0.076 0.074 0.068 0.061 0.054 0.047 0.040 0.033 0.026 0.020 0.016 0.013 0.010 0.009 0.008 0.007 0.006 0.005 0.004 0.003 0.002 0.002 0.001 0.002 0.004 0.005 0.006 0.007 0.008 0.009 0.010 0.012 0.018 0.000 0.000 0.129 0.000 0.000 0.000 0.011 0.010 0.008 0.006 0.004 0.003 0.003 0.003 0.002 0.002 0.002 0.001 0.001 0.001 0.001 0.002 0.002 0.002 0.002 0.002 0.002 0.002 0.002 0.003 0.003 0.004 0.003 0.003 0.003 0.003 0.003 0.003 0.003 0.004 0.004 0.004
0.063 0.076 0.074 0.068 0.062 0.055 0.048 0.041 0.035 0.028 0.022 0.017 0.013 0.011 0.009 0.008 0.007 0.006 0.005 0.004 0.003 0.002 0.002 0.002 0.001 0.003 0.006 0.006 0.006 0.007 0.008 0.009 0.010 0.012 0.015 0.012 0.000 0.000 0.000 0.000 0.000 0.009 0.010 0.009 0.007 0.005 0.004 0.003 0.003 0.003 0.002 0.002 0.002 0.002 0.002 0.002 0.002 0.002 0.002 0.002 0.002 0.002 0.002 0.002 0.003 0.003 0.003 0.004 0.004 0.004 0.004 0.004 0.004 0.004 0.004 0.004 0.004
0.077 0.073 0.067 0.061 0.055 0.049 0.043 0.036 0.030 0.024 0.019 0.014 0.011 0.009 0.008 0.006 0.006 0.005 0.004 0.002 0.002 0.002 0.002 0.002 0.002 0.000 0.000 0.004 0.006 0.007 0.008 0.008 0.009 0.011 0.014 0.013 0.009 0.000 0.000 0.000 0.000 0.007 0.009 0.009 0.008 0.007 0.005 0.004 0.004 0.003 0.003 0.003 0.002 0.002 0.002 0.002 0.002 0.002 0.002 0.002 0.002 0.002 0.002 0.002 0.002 0.003 0.003 0.004 0.004 0.004 0.004 0.004 0.004 0.004 0.004 0.004 0.004
0.072 0.065 0.059 0.054 0.048 0.043 0.037 0.031 0.025 0.020 0.016 0.012 0.010 0.008 0.006 0.005 0.004 0.003 0.002 0.002 0.002 0.002 0.002 0.002 0.002 0.001 0.001 0.003 0.005 0.006 0.008 0.008 0.009 0.010 0.012 0.013 0.011 0.006 0.003 0.002 0.000 0.006 0.009 0.011 0.014 0.022 0.015 0.005 0.004 0.004 0.004 0.003 0.003 0.003 0.003 0.002 0.002 0.002 0.002 0.002 0.002 0.002 0.002 0.002 0.002 0.003 0.003 0.003 0.004 0.004 0.004 0.004 0.004 0.004 0.004 0.004 0.004
0.074 0.055 0.047 0.043 0.039 0.035 0.031 0.026 0.021 0.017 0.013 0.010 0.008 0.006 0.005 0.004 0.003 0.002 0.002 0.002 0.002 0.002 0.002 0.002 0.001 0.001 0.001 0.002 0.004 0.005 0.007 0.008 0.009 0.010 0.012 0.013 0.012 0.008 0.006 0.004 0.006 0.018 0.029 0.025 0.020 0.016 0.010 0.001 0.003 0.003 0.004 0.004 0.004 0.003 0.003 0.003 0.003 0.002 0.002 0.002 0.002 0.002 0.002 0.002 0.002 0.003 0.003 0.003 0.003 0.004 0.004 0.005 0.004 0.004 0.004 0.004 0.004
0.093 0.065 0.047 0.037 0.031 0.025 0.022 0.019 0.016 0.013 0.010 0.008 0.006 0.005 0.004 0.002 0.002 0.002 0.002 0.002 0.002 0.002 0.002 0.002 0.001 0.001 0.001 0.002 0.003 0.004 0.006 0.007 0.009 0.010 0.012 0.015 0.015 0.016 0.024 0.034 0.029 0.026 0.024 0.019 0.015 0.011 0.005 0.000 0.001 0.002 0.003 0.004 0.004 0.004 0.003 0.003 0.003 0.003 0.003 0.003 0.002 0.002 0.002 0.002 0.002 0.003 0.003 0.003 0.003 0.003 0.004 0.004 0.005 0.005 0.004 0.004 0.004
0.110 0.080 0.053 0.036 0.028 0.023 0.019 0.015 0.011 0.008 0.007 0.005 0.004 0.003 0.002 0.002 0.002 0.002 0.002 0.002 0.002 0.002 0.002 0.002 0.001 0.001 0.001 0.002 0.003 0.004 0.005 0.006 0.008 0.011 0.022 0.037 0.046 0.039 0.033 0.029 0.024 0.021 0.018 0.014 0.010 0.006 0.001 0.000 0.000 0.002 0.002 0.003 0.004 0.004 0.004 0.004 0.003 0.003 0.003 0.003 0.003 0.002 0.002 0.003 0.003 0.003 0.003 0.003 0.003 0.003 0.004 0.004 0.005 0.005 0.005 0.005 0.004
0.127 0.096 0.066 0.040 0.027 0.021 0.017 0.013 0.010 0.007 0.005 0.004 0.003 0.002 0.002 0.002 0.002 0.002 0.002 0.002 0.002 0.002 0.002 0.002 0.001 0.001 0.001 0.002 0.002 0.003 0.004 0.006 0.010 0.029 0.047 0.046 0.040 0.034 0.028 0.024 0.020 0.016 0.013 0.009 0.005 0.002 0.000 0.000 0.000 0.001 0.002 0.002 0.003 0.004 0.004 0.004 0.004 0.003 0.003 0.003 0.003 0.003 0.003 0.003 0.003 0.003 0.003 0.003 0.003 0.003 0.003 0.004 0.004 0.005 0.006 0.006 0.005
0.130 0.113 0.081 0.051 0.028 0.019 0.015 0.011 0.009 0.006 0.005 0.003 0.002 0.001 0.001 0.002 0.002 0.002 0.002 0.002 0.002 0.002 0.002 0.002 0.001 0.001 0.001 0.002 0.002 0.003 0.005 0.008 0.018 0.036 0.055 0.044 0.033 0.028 0.023 0.019 0.015 0.011 0.008 0.004 0.001 0.000 0.000 0.000 0.000 0.000 0.001 0.002 0.002 0.003 0.004 0.004 0.004 0.004 0.004 0.003 0.003 0.003 0.003 0.003 0.003 0.003 0.003 0.003 0.003 0.003 0.004 0.004 0.004 0.005 0.005 0.006 0.006
0.129 0.130 0.097 0.065 0.035 0.018 0.013 0.010 0.007 0.005 0.004 0.003 0.002 0.001 0.001 0.002 0.002 0.002 0.002 0.002 0.003 0.003 0.002 0.002 0.001 0.002 0.002 0.002 0.003 0.003 0.004 0.009 0.025 0.043 0.052 0.041 0.030 0.021 0.018 0.014 0.010 0.007 0.004 0.001 0.000 0.000 0.000 0.000 0.000 0.000 0.000 0.001 0.002 0.002 0.003 0.004 0.004 0.004 0.004 0.004 0.003 0.003 0.003 0.003 0.003 0.003 0.003 0.003 0.003 0.003 0.004 0.004 0.004 0.004 0.005 0.005 0.006
0.129 0.148 0.115 0.082 0.050 0.022 0.012 0.009 0.006 0.005 0.003 0.002 0.001 0.001 0.000 0.001 0.002 0.002 0.002 0.002 0.003 0.003 0.003 0.003 0.002 0.002 0.002 0.002 0.002 0.003 0.004 0.013 0.031 0.050 0.049 0.038 0.027 0.018 0.011 0.009 0.006 0.003 0.000 0.000 0.000 0.000 0.000 0.000 0.000 0.000 0.000 0.000 0.001 0.002 0.002 0.003 0.004 0.004 0.004 0.004 0.004 0.003 0.003 0.003 0.003 0.004 0.004 0.004 0.004 0.004 0.004 0.004 0.004 0.004 0.004 0.005 0.006
0.131 0.151 0.135 0.102 0.068 0.036 0.013 0.008 0.005 0.004 0.003 0.002 0.001 0.000 0.000 0.001 0.001 0.002 0.002 0.002 0.003 0.003 0.003 0.003 0.002 0.002 0.002 0.002 0.002 0.003 0.005 0.019 0.038 0.056 0.046 0.035 0.024 0.015 0.008 0.004 0.002 0.000 0.000 0.000 0.000 0.000 0.000 0.000 0.000 0.000 0.000 0.000 0.000 0.001 0.002 0.002 0.003 0.004 0.004 0.004 0.004 0.004 0.004 0.004 0.004 0.004 0.004 0.004 0.004 0.004 0.004 0.004 0.004 0.004 0.004 0.004 0.010
0.135 0.154 0.158 0.125 0.092 0.058 0.026 0.008 0.005 0.003 0.002 0.001 0.001 0.000 0.000 0.001 0.001 0.002 0.002 0.002 0.003 0.003 0.003 0.003 0.003 0.002 0.002 0.002 0.002 0.003 0.007 0.025 0.044 0.054 0.042 0.031 0.021 0.012 0.006 0.002 0.000 0.000 0.000 0.000 0.000 0.000 0.000 0.000 0.000 0.000 0.000 0.000 0.000 0.001 0.001 0.002 0.002 0.003 0.004 0.004 0.004 0.004 0.004 0.004 0.004 0.004 0.004 0.004 0.004 0.004 0.004 0.004 0.004 0.004 0.004 0.004 0.029
0.142 0.162 0.183 0.153 0.120 0.087 0.054 0.022 0.005 0.003 0.002 0.001 0.000 0.000 0.000 0.000 0.001 0.001 0.002 0.002 0.002 0.003 0.003 0.003 0.003 0.002 0.002 0.002 0.002 0.003 0.013 0.031 0.050 0.050 0.038 0.027 0.017 0.009 0.004 0.001 0.000 0.000 0.000 0.000 0.000 0.000 0.000 0.000 0.000 0.000 0.000 0.000 0.000 0.000 0.001 0.001 0.002 0.002 0.003 0.003 0.004 0.004 0.004 0.004 0.004 0.004 0.004 0.004 0.004 0.004 0.004 0.004 0.004 0.004 0.004 0.005 0.065
0.152 0.173 0.195 0.185 0.153 0.120 0.088 0.055 0.018 0.003 0.001 0.000 0.001 0.000 0.000 0.000 0.001 0.001 0.002 0.002 0.002 0.003 0.003 0.003 0.003 0.003 0.002 0.002 0.002 0.003 0.018 0.037 0.056 0.045 0.034 0.024 0.014 0.007 0.003 0.001 0.000 0.000 0.000 0.000 0.000 0.000 0.000 0.000 0.000 0.000 0.000 0.000 0.000 0.000 0.000 0.000 0.001 0.002 0.002 0.003 0.003 0.004 0.004 0.004 0.004 0.004 0.004 0.004 0.004 0.004 0.004 0.004 0.004 0.004 0.004 0.011 0.084
0.165 0.188 0.211 0.220 0.188 0.157 0.125 0.088 0.051 0.014 0.001 0.000 0.000 0.000 0.001 0.000 0.000 0.000 0.001 0.002 0.002 0.003 0.003 0.003 0.003 0.003 0.003 0.002 0.002 0.005 0.023 0.042 0.052 0.041 0.030 0.020 0.011 0.005 0.002 0.000 0.000 0.000 0.000 0.000 0.000 0.000 0.000 0.000 0.000 0.000 0.000 0.000 0.000 0.000 0.000 0.000 0.001 0.001 0.002 0.002 0.003 0.003 0.003 0.004 0.004 0.004 0.004 0.004 0.004 0.004 0.004 0.004 0.004 0.004 0.005 0.034 0.103
0.182 0.205 0.229 0.252 0.227 0.196 0.159 0.122 0.085 0.049 0.012 0.001 0.000 0.000 0.000 0.000 0.000 0.001 0.001 0.002 0.002 0.003 0.003 0.003 0.003 0.003 0.003 0.002 0.002 0.008 0.027 0.046 0.046 0.036 0.025 0.016 0.008 0.003 0.001 0.000 0.000 0.000 0.000 0.000 0.000 0.000 0.000 0.000 0.000 0.000 0.000 0.000 0.000 0.000 0.000 0.000 0.000 0.001 0.001 0.002 0.002 0.003 0.003 0.003 0.004 0.004 0.004 0.004 0.004 0.004 0.005 0.005 0.005 0.005 0.005 0.067 0.120
0.200 0.224 0.248 0.273 0.266 0.231 0.194 0.158 0.121 0.085 0.048 0.012 0.001 0.000 0.001 0.000 0.000 0.001 0.001 0.002 0.002 0.003 0.003 0.003 0.003 0.003 0.003 0.003 0.003 0.010 0.029 0.049 0.040 0.030 0.020 0.012 0.005 0.002 0.000 0.000 0.000 0.000 0.000 0.000 0.000 0.000 0.000 0.000 0.000 0.000 0.000 0.000 0.000 0.000 0.000 0.000 0.001 0.001 0.001 0.001 0.002 0.002 0.003 0.003 0.003 0.004 0.004 0.004 0.004 0.004 0.005 0.005 0.005 0.005 0.013 0.084 0.135
0.212 0.237 0.263 0.289 0.286 0.256 0.225 0.194 0.157 0.121 0.085 0.048 0.013 0.000 0.000 0.001 0.000 0.000 0.000 0.001 0.002 0.002 0.003 0.003 0.003 0.003 0.003 0.003 0.007 0.015 0.029 0.041 0.030 0.021 0.013 0.006 0.003 0.001 0.000 0.000 0.000 0.000 0.000 0.000 0.000 0.000 0.000 0.000 0.000 0.000 0.000 0.000 0.000 0.000 0.000 0.000 0.000 0.000 0.001 0.001 0.002 0.002 0.002 0.003 0.003 0.004 0.004 0.004 0.004 0.004 0.005 0.005 0.005 0.005 0.039 0.101 0.151
0.222 0.248 0.274 0.285 0.273 0.247 0.217 0.186 0.155 0.125 0.094 0.064 0.033 0.005 0.000 0.000 0.001 0.000 0.001 0.001 0.002 0.002 0.002 0.003 0.003 0.003 0.003 0.003 0.008 0.017 0.027 0.030 0.024 0.018 0.012 0.006 0.003 0.001 0.000 0.000 0.000 0.000 0.000 0.000 0.000 0.000 0.000 0.000 0.000 0.000 0.000 0.000 0.000 0.000 0.000 0.000 0.000 0.000 0.000 0.000 0.001 0.002 0.002 0.002 0.003 0.003 0.004 0.004 0.004 0.004 0.004 0.005 0.005 0.006 0.066 0.117 0.166
0.233 0.259 0.281 0.268 0.256 0.239 0.208 0.178 0.147 0.117 0.087 0.056 0.026 0.001 0.000 0.000 0.000 0.000 0.000 0.001 0.001 0.002 0.002 0.002 0.003 0.003 0.003 0.004 0.011 0.020 0.029 0.027 0.023 0.017 0.012 0.006 0.003 0.001 0.000 0.000 0.000 0.000 0.000 0.000 0.000 0.000 0.000 0.000 0.000 0.000 0.000 0.000 0.000 0.000 0.000 0.000 0.000 0.000 0.000 0.000 0.001 0.002 0.002 0.002 0.003 0.003 0.003 0.004 0.004 0.004 0.004 0.005 0.005 0.014 0.082 0.132 0.181
