includes/overflow_coast_co/floodfiles/results_R2_t1.605555492999E12 submersion faible - st pierre rupture dune49 et surverse dune11/res-0010.wdfp
ncols         906
nrows         631
xllcorner     362177.146666679996997
yllcorner     6534725.688019599765539
cellsize      20.000000000000000
NODATA_value  -9999.000000
[rows 510 to 543 of 631, columns 539 to 615 of 906]
0.001 0.001 0.001 0.001 0.001 0.001 0.001 0.001 0.006 0.012 0.015 0.016 0.018 0.019 0.019 0.019 0.019 0.018 0.018 0.017 0.016 0.016 0.014 0.012 0.011 0.011 0.011 0.011 0.010 0.010 0.009 0.009 0.009 0.008 0.008 0.008 0.008 0.008 0.007 0.007 0.007 0.007 0.007 0.007 0.006 0.004 0.004 0.004 0.005 0.005 0.005 0.006 0.006 0.007 0.008 0.009 0.012 0.023 0.041 0.043 0.044 0.045 0.045 0.045 0.045 0.044 0.043 0.040 0.037 0.030 0.028 0.026 0.022 0.019 0.016 0.017 0.019
0.001 0.001 0.001 0.001 0.001 0.001 0.001 0.001 0.005 0.011 0.014 0.016 0.017 0.018 0.019 0.019 0.019 0.019 0.019 0.018 0.019 0.017 0.014 0.012 0.012 0.011 0.011 0.011 0.011 0.010 0.010 0.010 0.009 0.009 0.009 0.009 0.008 0.008 0.008 0.008 0.008 0.008 0.008 0.007 0.007 0.006 0.004 0.004 0.005 0.005 0.005 0.005 0.006 0.006 0.007 0.008 0.010 0.018 0.040 0.042 0.043 0.044 0.045 0.045 0.044 0.043 0.041 0.037 0.033 0.031 0.030 0.029 0.025 0.022 0.018 0.016 0.014
0.000 0.001 0.001 0.001 0.001 0.001 0.001 0.002 0.005 0.010 0.013 0.015 0.017 0.018 0.019 0.019 0.019 0.020 0.021 0.020 0.019 0.017 0.014 0.013 0.012 0.012 0.011 0.011 0.011 0.011 0.011 0.010 0.010 0.010 0.009 0.009 0.009 0.009 0.009 0.008 0.008 0.008 0.008 0.008 0.007 0.007 0.005 0.004 0.004 0.004 0.004 0.005 0.005 0.006 0.007 0.007 0.009 0.015 0.036 0.041 0.043 0.044 0.044 0.044 0.043 0.041 0.037 0.034 0.033 0.032 0.031 0.031 0.028 0.024 0.021 0.018 0.016
0.000 0.001 0.001 0.001 0.001 0.002 0.002 0.002 0.004 0.010 0.012 0.015 0.016 0.018 0.019 0.020 0.021 0.022 0.021 0.020 0.019 0.017 0.014 0.013 0.013 0.013 0.012 0.012 0.011 0.011 0.011 0.011 0.011 0.010 0.010 0.010 0.009 0.009 0.009 0.009 0.009 0.009 0.009 0.008 0.008 0.007 0.006 0.005 0.003 0.004 0.004 0.005 0.005 0.006 0.006 0.007 0.008 0.012 0.030 0.040 0.042 0.043 0.043 0.042 0.041 0.036 0.035 0.035 0.034 0.033 0.032 0.032 0.030 0.027 0.024 0.021 0.018
0.000 0.000 0.000 0.001 0.001 0.002 0.002 0.002 0.004 0.009 0.012 0.014 0.016 0.018 0.020 0.022 0.022 0.022 0.021 0.020 0.019 0.017 0.015 0.013 0.013 0.013 0.013 0.012 0.012 0.011 0.011 0.011 0.011 0.011 0.011 0.010 0.010 0.010 0.010 0.009 0.009 0.009 0.009 0.009 0.008 0.007 0.006 0.005 0.004 0.004 0.004 0.004 0.004 0.005 0.006 0.006 0.007 0.010 0.025 0.038 0.040 0.041 0.041 0.039 0.035 0.035 0.035 0.035 0.034 0.034 0.033 0.034 0.032 0.029 0.026 0.023 0.020
0.000 0.000 0.001 0.000 0.001 0.001 0.002 0.002 0.004 0.009 0.011 0.014 0.016 0.020 0.022 0.022 0.022 0.022 0.021 0.020 0.019 0.018 0.015 0.014 0.014 0.013 0.013 0.013 0.012 0.012 0.012 0.011 0.011 0.011 0.011 0.011 0.011 0.010 0.010 0.010 0.010 0.010 0.009 0.008 0.008 0.007 0.007 0.006 0.005 0.004 0.004 0.004 0.004 0.004 0.005 0.005 0.006 0.009 0.020 0.036 0.038 0.038 0.037 0.033 0.034 0.035 0.035 0.035 0.035 0.034 0.034 0.035 0.034 0.031 0.028 0.025 0.023
0.000 0.001 0.000 0.000 0.000 0.001 0.001 0.002 0.004 0.009 0.012 0.016 0.020 0.020 0.021 0.021 0.021 0.021 0.021 0.020 0.019 0.018 0.015 0.014 0.014 0.014 0.014 0.013 0.013 0.013 0.012 0.012 0.011 0.011 0.011 0.011 0.011 0.011 0.011 0.010 0.010 0.009 0.009 0.008 0.008 0.008 0.007 0.006 0.005 0.005 0.005 0.004 0.004 0.004 0.004 0.004 0.005 0.007 0.015 0.033 0.034 0.033 0.032 0.033 0.034 0.034 0.035 0.035 0.035 0.035 0.035 0.035 0.035 0.033 0.030 0.027 0.025
0.001 0.000 0.000 0.000 0.001 0.000 0.000 0.001 0.003 0.010 0.015 0.017 0.019 0.020 0.020 0.021 0.021 0.021 0.021 0.020 0.019 0.017 0.015 0.014 0.014 0.014 0.014 0.014 0.014 0.013 0.013 0.012 0.012 0.012 0.011 0.011 0.011 0.011 0.010 0.009 0.009 0.009 0.009 0.009 0.009 0.008 0.008 0.007 0.006 0.006 0.005 0.005 0.005 0.005 0.005 0.005 0.005 0.005 0.011 0.028 0.028 0.029 0.031 0.032 0.033 0.034 0.035 0.035 0.035 0.035 0.035 0.036 0.036 0.034 0.032 0.029 0.027
0.000 0.000 0.000 0.000 0.000 0.001 0.001 0.000 0.003 0.012 0.015 0.017 0.018 0.019 0.020 0.020 0.020 0.021 0.020 0.020 0.019 0.017 0.014 0.014 0.014 0.014 0.014 0.014 0.014 0.014 0.013 0.013 0.013 0.012 0.012 0.011 0.010 0.010 0.010 0.010 0.010 0.009 0.009 0.009 0.009 0.009 0.008 0.007 0.006 0.006 0.006 0.006 0.005 0.005 0.005 0.005 0.005 0.005 0.008 0.019 0.024 0.027 0.030 0.031 0.032 0.033 0.034 0.035 0.035 0.035 0.036 0.037 0.038 0.036 0.034 0.031 0.029
0.000 0.000 0.000 0.001 0.000 0.000 0.000 0.005 0.007 0.011 0.012 0.015 0.017 0.019 0.019 0.020 0.020 0.020 0.020 0.020 0.019 0.017 0.014 0.014 0.014 0.015 0.015 0.015 0.014 0.014 0.014 0.013 0.013 0.012 0.011 0.010 0.010 0.010 0.010 0.010 0.010 0.010 0.010 0.010 0.009 0.009 0.009 0.008 0.007 0.007 0.006 0.006 0.006 0.006 0.005 0.005 0.005 0.005 0.007 0.016 0.022 0.025 0.028 0.030 0.031 0.033 0.034 0.034 0.035 0.035 0.036 0.037 0.039 0.037 0.035 0.034 0.033
0.000 0.000 0.001 0.000 0.001 0.002 0.004 0.007 0.010 0.012 0.012 0.013 0.014 0.017 0.018 0.019 0.019 0.019 0.019 0.019 0.018 0.017 0.014 0.014 0.015 0.015 0.015 0.015 0.015 0.014 0.014 0.013 0.012 0.011 0.011 0.011 0.011 0.010 0.010 0.010 0.010 0.010 0.010 0.010 0.010 0.010 0.009 0.008 0.007 0.007 0.007 0.007 0.006 0.006 0.006 0.006 0.005 0.005 0.007 0.013 0.019 0.023 0.026 0.028 0.030 0.032 0.033 0.034 0.035 0.035 0.036 0.037 0.040 0.039 0.038 0.039 0.043
0.000 0.000 0.000 0.000 0.003 0.004 0.006 0.008 0.011 0.012 0.012 0.013 0.013 0.013 0.015 0.017 0.018 0.018 0.019 0.019 0.018 0.017 0.014 0.014 0.015 0.015 0.015 0.015 0.015 0.014 0.013 0.012 0.012 0.012 0.011 0.011 0.011 0.011 0.011 0.010 0.010 0.010 0.010 0.010 0.010 0.010 0.010 0.009 0.008 0.008 0.007 0.007 0.007 0.007 0.006 0.006 0.006 0.006 0.006 0.011 0.017 0.021 0.024 0.027 0.029 0.030 0.032 0.033 0.034 0.035 0.036 0.037 0.041 0.042 0.045 0.051 0.062
0.000 0.001 0.002 0.002 0.004 0.005 0.007 0.010 0.013 0.013 0.013 0.013 0.013 0.013 0.013 0.013 0.016 0.017 0.017 0.017 0.017 0.016 0.013 0.014 0.014 0.015 0.015 0.015 0.014 0.013 0.013 0.013 0.012 0.012 0.012 0.012 0.012 0.011 0.011 0.011 0.011 0.010 0.010 0.011 0.011 0.010 0.010 0.009 0.008 0.008 0.008 0.008 0.007 0.007 0.007 0.006 0.006 0.006 0.007 0.010 0.015 0.019 0.023 0.025 0.028 0.029 0.031 0.032 0.033 0.034 0.036 0.038 0.045 0.051 0.060 0.065 0.062
0.001 0.001 0.002 0.003 0.005 0.007 0.009 0.011 0.014 0.013 0.013 0.013 0.013 0.013 0.013 0.013 0.013 0.013 0.015 0.016 0.016 0.015 0.013 0.014 0.014 0.014 0.014 0.013 0.013 0.013 0.013 0.013 0.013 0.013 0.012 0.012 0.012 0.012 0.012 0.011 0.011 0.011 0.011 0.011 0.011 0.011 0.010 0.009 0.008 0.008 0.008 0.008 0.008 0.007 0.007 0.007 0.007 0.007 0.007 0.009 0.014 0.018 0.021 0.024 0.026 0.028 0.030 0.031 0.033 0.034 0.037 0.043 0.056 0.069 0.069 0.065 0.062
0.001 0.002 0.003 0.004 0.006 0.008 0.010 0.012 0.014 0.014 0.013 0.013 0.013 0.013 0.013 0.013 0.013 0.012 0.011 0.012 0.013 0.013 0.012 0.013 0.013 0.013 0.013 0.013 0.013 0.013 0.013 0.013 0.013 0.013 0.013 0.013 0.013 0.012 0.012 0.012 0.012 0.011 0.011 0.011 0.011 0.011 0.011 0.010 0.009 0.009 0.008 0.008 0.008 0.008 0.008 0.007 0.007 0.007 0.007 0.009 0.013 0.016 0.019 0.022 0.025 0.027 0.029 0.031 0.033 0.036 0.043 0.057 0.075 0.073 0.069 0.066 0.063
0.002 0.003 0.004 0.005 0.007 0.009 0.011 0.013 0.015 0.014 0.014 0.014 0.013 0.013 0.013 0.013 0.012 0.012 0.011 0.010 0.009 0.010 0.010 0.011 0.011 0.012 0.013 0.013 0.013 0.013 0.013 0.013 0.013 0.013 0.013 0.013 0.013 0.013 0.013 0.012 0.012 0.012 0.012 0.011 0.011 0.011 0.011 0.010 0.009 0.008 0.008 0.008 0.008 0.008 0.008 0.008 0.008 0.007 0.007 0.008 0.012 0.015 0.018 0.021 0.024 0.026 0.028 0.031 0.035 0.044 0.061 0.072 0.074 0.073 0.070 0.066 0.063
0.003 0.004 0.005 0.006 0.008 0.010 0.012 0.014 0.016 0.014 0.014 0.014 0.013 0.013 0.013 0.013 0.012 0.012 0.011 0.010 0.009 0.008 0.006 0.009 0.010 0.011 0.012 0.013 0.013 0.013 0.014 0.014 0.014 0.014 0.013 0.014 0.013 0.013 0.013 0.013 0.012 0.012 0.012 0.012 0.012 0.011 0.011 0.009 0.008 0.008 0.008 0.009 0.009 0.008 0.008 0.008 0.008 0.008 0.008 0.008 0.012 0.014 0.017 0.020 0.022 0.025 0.028 0.034 0.046 0.064 0.069 0.072 0.074 0.074 0.070 0.067 0.063
0.003 0.004 0.006 0.007 0.009 0.011 0.013 0.015 0.016 0.014 0.014 0.014 0.013 0.013 0.013 0.012 0.012 0.011 0.011 0.010 0.009 0.006 0.004 0.007 0.009 0.011 0.012 0.012 0.013 0.013 0.014 0.014 0.014 0.014 0.014 0.014 0.014 0.014 0.013 0.013 0.013 0.013 0.012 0.012 0.012 0.011 0.010 0.009 0.008 0.008 0.008 0.008 0.009 0.009 0.009 0.009 0.008 0.008 0.008 0.009 0.012 0.013 0.016 0.019 0.022 0.026 0.033 0.048 0.064 0.067 0.070 0.072 0.075 0.074 0.071 0.067 0.064
0.004 0.005 0.007 0.008 0.010 0.012 0.014 0.016 0.017 0.015 0.014 0.014 0.013 0.013 0.013 0.012 0.012 0.011 0.011 0.009 0.007 0.005 0.003 0.006 0.008 0.010 0.011 0.012 0.013 0.013 0.014 0.014 0.014 0.014 0.014 0.014 0.014 0.014 0.014 0.014 0.013 0.013 0.013 0.012 0.011 0.011 0.011 0.010 0.009 0.009 0.008 0.008 0.008 0.009 0.009 0.009 0.009 0.009 0.009 0.009 0.012 0.013 0.015 0.018 0.022 0.032 0.050 0.061 0.064 0.067 0.070 0.073 0.075 0.075 0.071 0.067 0.064
0.008 0.007 0.008 0.010 0.011 0.013 0.015 0.016 0.017 0.015 0.014 0.014 0.013 0.013 0.013 0.012 0.012 0.011 0.010 0.008 0.006 0.004 0.002 0.005 0.007 0.009 0.010 0.011 0.012 0.013 0.013 0.014 0.014 0.014 0.014 0.015 0.015 0.014 0.014 0.014 0.014 0.013 0.013 0.011 0.011 0.011 0.011 0.010 0.009 0.009 0.009 0.009 0.009 0.008 0.008 0.009 0.009 0.009 0.009 0.009 0.011 0.013 0.015 0.020 0.033 0.052 0.057 0.062 0.065 0.068 0.071 0.073 0.075 0.076 0.072 0.068 0.064
0.015 0.016 0.011 0.011 0.012 0.014 0.015 0.017 0.018 0.015 0.014 0.014 0.014 0.013 0.013 0.013 0.012 0.010 0.009 0.007 0.005 0.003 0.001 0.004 0.006 0.008 0.010 0.011 0.011 0.012 0.013 0.014 0.014 0.014 0.014 0.015 0.015 0.015 0.015 0.014 0.014 0.013 0.012 0.012 0.012 0.012 0.011 0.011 0.010 0.010 0.009 0.009 0.009 0.009 0.009 0.008 0.008 0.009 0.009 0.009 0.011 0.014 0.019 0.035 0.050 0.055 0.059 0.063 0.066 0.068 0.071 0.073 0.075 0.076 0.072 0.068 0.064
0.015 0.017 0.020 0.020 0.016 0.015 0.016 0.017 0.018 0.015 0.014 0.014 0.014 0.014 0.014 0.012 0.011 0.009 0.008 0.006 0.004 0.002 0.000 0.003 0.005 0.007 0.009 0.010 0.011 0.012 0.012 0.013 0.014 0.014 0.014 0.015 0.015 0.015 0.015 0.014 0.013 0.013 0.013 0.012 0.012 0.012 0.012 0.011 0.010 0.010 0.010 0.009 0.009 0.009 0.009 0.009 0.009 0.009 0.009 0.009 0.012 0.020 0.038 0.048 0.053 0.057 0.061 0.064 0.067 0.069 0.071 0.073 0.075 0.076 0.072 0.068 0.063
0.015 0.017 0.019 0.023 0.028 0.024 0.020 0.019 0.019 0.015 0.015 0.015 0.015 0.014 0.013 0.011 0.010 0.008 0.007 0.005 0.003 0.002 0.001 0.003 0.005 0.007 0.008 0.010 0.011 0.012 0.012 0.013 0.013 0.014 0.014 0.015 0.015 0.015 0.013 0.013 0.013 0.013 0.013 0.013 0.012 0.012 0.012 0.011 0.010 0.010 0.010 0.010 0.010 0.010 0.009 0.009 0.009 0.009 0.009 0.010 0.021 0.046 0.050 0.053 0.057 0.060 0.063 0.065 0.068 0.070 0.072 0.074 0.075 0.077 0.072 0.067 0.062
0.016 0.017 0.018 0.021 0.026 0.030 0.035 0.028 0.023 0.017 0.016 0.015 0.014 0.013 0.012 0.011 0.009 0.007 0.006 0.004 0.003 0.001 0.000 0.002 0.004 0.006 0.008 0.009 0.010 0.011 0.012 0.013 0.013 0.013 0.014 0.015 0.014 0.014 0.014 0.014 0.013 0.013 0.013 0.013 0.013 0.013 0.012 0.012 0.011 0.011 0.010 0.010 0.010 0.010 0.010 0.010 0.009 0.009 0.011 0.024 0.046 0.053 0.058 0.060 0.062 0.064 0.066 0.068 0.070 0.071 0.073 0.074 0.075 0.076 0.071 0.066 0.061
0.016 0.016 0.018 0.020 0.023 0.027 0.033 0.039 0.042 0.023 0.016 0.015 0.014 0.012 0.011 0.010 0.008 0.006 0.005 0.003 0.002 0.001 0.001 0.002 0.003 0.005 0.007 0.008 0.010 0.011 0.012 0.012 0.013 0.013 0.014 0.014 0.014 0.014 0.014 0.014 0.014 0.014 0.014 0.013 0.013 0.013 0.013 0.012 0.011 0.011 0.011 0.011 0.010 0.010 0.010 0.010 0.010 0.013 0.033 0.042 0.045 0.050 0.057 0.064 0.069 0.070 0.071 0.072 0.073 0.073 0.074 0.075 0.076 0.076 0.072 0.066 0.059
0.016 0.016 0.018 0.019 0.022 0.025 0.029 0.037 0.050 0.036 0.020 0.015 0.013 0.012 0.010 0.009 0.007 0.006 0.004 0.003 0.002 0.000 0.000 0.001 0.003 0.005 0.006 0.008 0.009 0.010 0.011 0.012 0.013 0.014 0.014 0.013 0.014 0.015 0.015 0.015 0.014 0.014 0.014 0.014 0.014 0.013 0.013 0.013 0.011 0.011 0.011 0.011 0.011 0.011 0.011 0.011 0.017 0.037 0.039 0.041 0.043 0.048 0.055 0.061 0.067 0.073 0.078 0.078 0.078 0.077 0.077 0.077 0.076 0.076 0.071 0.064 0.056
0.016 0.016 0.017 0.018 0.019 0.021 0.027 0.040 0.054 0.040 0.026 0.018 0.013 0.011 0.009 0.008 0.006 0.005 0.004 0.002 0.001 0.001 0.000 0.001 0.002 0.004 0.006 0.007 0.009 0.010 0.011 0.012 0.013 0.014 0.013 0.012 0.013 0.015 0.016 0.016 0.016 0.015 0.014 0.014 0.014 0.014 0.014 0.013 0.012 0.012 0.012 0.011 0.011 0.011 0.013 0.024 0.035 0.037 0.039 0.041 0.042 0.046 0.052 0.058 0.064 0.070 0.075 0.079 0.084 0.083 0.081 0.079 0.077 0.075 0.069 0.059 0.046
0.016 0.016 0.016 0.016 0.018 0.021 0.027 0.043 0.057 0.043 0.029 0.019 0.014 0.011 0.009 0.007 0.006 0.004 0.003 0.002 0.001 0.000 0.000 0.001 0.002 0.004 0.005 0.007 0.008 0.010 0.011 0.012 0.013 0.013 0.013 0.011 0.012 0.014 0.015 0.016 0.017 0.017 0.016 0.015 0.015 0.014 0.014 0.013 0.012 0.012 0.012 0.012 0.012 0.016 0.032 0.034 0.035 0.037 0.039 0.040 0.042 0.044 0.050 0.056 0.061 0.066 0.071 0.075 0.079 0.082 0.084 0.082 0.078 0.073 0.063 0.046 0.037
0.015 0.015 0.015 0.016 0.017 0.020 0.028 0.046 0.059 0.045 0.031 0.020 0.014 0.011 0.009 0.007 0.005 0.004 0.002 0.002 0.000 0.000 0.000 0.000 0.002 0.003 0.005 0.006 0.008 0.009 0.010 0.012 0.012 0.013 0.013 0.011 0.012 0.013 0.014 0.015 0.016 0.017 0.018 0.017 0.016 0.015 0.015 0.014 0.013 0.012 0.012 0.013 0.021 0.031 0.033 0.034 0.036 0.037 0.038 0.040 0.041 0.042 0.048 0.053 0.058 0.062 0.067 0.070 0.073 0.076 0.077 0.076 0.074 0.066 0.047 0.042 0.040
0.014 0.014 0.015 0.016 0.017 0.020 0.029 0.048 0.061 0.047 0.033 0.021 0.013 0.010 0.008 0.007 0.005 0.003 0.002 0.001 0.001 0.000 0.000 0.000 0.002 0.003 0.004 0.006 0.007 0.009 0.010 0.011 0.012 0.013 0.013 0.011 0.011 0.012 0.013 0.014 0.015 0.016 0.017 0.018 0.018 0.017 0.016 0.015 0.013 0.013 0.016 0.030 0.031 0.032 0.033 0.034 0.036 0.037 0.038 0.039 0.040 0.041 0.045 0.050 0.055 0.059 0.062 0.065 0.068 0.069 0.068 0.065 0.056 0.045 0.046 0.045 0.042
0.013 0.014 0.015 0.015 0.017 0.020 0.031 0.051 0.063 0.049 0.035 0.022 0.013 0.010 0.008 0.006 0.005 0.003 0.002 0.001 0.000 0.000 0.000 0.001 0.001 0.003 0.004 0.005 0.007 0.008 0.010 0.011 0.012 0.012 0.012 0.010 0.011 0.012 0.013 0.014 0.015 0.016 0.017 0.017 0.018 0.018 0.019 0.017 0.015 0.020 0.030 0.030 0.031 0.032 0.033 0.034 0.035 0.036 0.037 0.038 0.039 0.039 0.043 0.047 0.051 0.055 0.058 0.060 0.061 0.060 0.056 0.045 0.042 0.044 0.046 0.045 0.044
0.013 0.014 0.014 0.015 0.017 0.021 0.033 0.053 0.064 0.050 0.036 0.023 0.013 0.009 0.007 0.005 0.004 0.003 0.002 0.001 0.001 0.000 0.000 0.000 0.001 0.002 0.003 0.005 0.006 0.008 0.009 0.010 0.011 0.012 0.012 0.010 0.011 0.011 0.012 0.013 0.014 0.015 0.016 0.017 0.017 0.018 0.019 0.020 0.027 0.028 0.028 0.029 0.030 0.031 0.032 0.033 0.034 0.035 0.036 0.037 0.037 0.037 0.041 0.044 0.048 0.051 0.053 0.053 0.052 0.048 0.036 0.038 0.040 0.043 0.045 0.046 0.045
0.013 0.014 0.014 0.015 0.017 0.021 0.035 0.056 0.065 0.052 0.038 0.024 0.013 0.008 0.006 0.005 0.004 0.002 0.002 0.000 0.001 0.000 0.000 0.000 0.001 0.002 0.003 0.004 0.006 0.007 0.009 0.010 0.011 0.012 0.012 0.010 0.010 0.011 0.012 0.013 0.014 0.014 0.015 0.016 0.017 0.018 0.020 0.025 0.034 0.030 0.024 0.026 0.027 0.029 0.030 0.031 0.033 0.034 0.035 0.035 0.035 0.035 0.038 0.041 0.044 0.046 0.046 0.044 0.038 0.031 0.033 0.036 0.038 0.041 0.045 0.046 0.052
0.013 0.013 0.014 0.015 0.016 0.022 0.037 0.058 0.067 0.053 0.039 0.025 0.013 0.008 0.006 0.004 0.003 0.002 0.001 0.000 0.000 0.000 0.000 0.000 0.001 0.002 0.003 0.004 0.005 0.007 0.008 0.009 0.011 0.011 0.011 0.009 0.010 0.011 0.011 0.012 0.013 0.014 0.015 0.016 0.017 0.020 0.022 0.026 0.037 0.035 0.030 0.026 0.022 0.024 0.026 0.028 0.030 0.031 0.032 0.033 0.033 0.033 0.035 0.038 0.039 0.040 0.038 0.029 0.028 0.030 0.032 0.034 0.037 0.040 0.046 0.061 0.104
