includes/overflow_coast_co/floodfiles/results_R2_t1.605555492999E12 submersion faible - st pierre rupture dune49 et surverse dune11/res-0012.wd
ncols         906
nrows         631
xllcorner     362177.146666679996997
yllcorner     6534725.688019599765539
cellsize      20.000000000000000
NODATA_value  -9999.000000
[rows 544 to 577 of 631, columns 462 to 538 of 906]
0.000 0.000 0.000 0.000 0.000 0.000 0.000 0.000 0.000 0.000 0.002 0.004 0.008 0.012 0.015 0.020 0.023 0.031 0.008 0.005 0.004 0.003 0.002 0.002 0.001 0.000 0.001 0.000 0.000 0.000 0.000 0.000 0.000 0.000 0.001 0.001 0.001 0.002 0.002 0.003 0.004 0.007 0.010 0.023 0.042 0.045 0.048 0.049 0.035 0.021 0.010 0.003 0.002 0.002 0.001 0.001 0.000 0.000 0.000 0.000 0.000 0.000 0.001 0.000 0.001 0.001 0.002 0.002 0.002 0.002 0.002 0.002 0.003 0.003 0.011 0.049 0.076
0.000 0.000 0.000 0.000 0.000 0.000 0.000 0.000 0.000 0.000 0.000 0.000 0.001 0.004 0.005 0.007 0.017 0.037 0.006 0.003 0.003 0.002 0.002 0.001 0.000 0.000 0.000 0.000 0.000 0.000 0.000 0.000 0.000 0.000 0.000 0.000 0.000 0.001 0.002 0.003 0.004 0.005 0.007 0.018 0.037 0.040 0.043 0.045 0.047 0.043 0.030 0.017 0.005 0.002 0.001 0.000 0.000 0.000 0.000 0.000 0.000 0.001 0.000 0.000 0.001 0.001 0.002 0.002 0.002 0.002 0.002 0.002 0.003 0.013 0.051 0.078 0.103
0.000 0.000 0.000 0.000 0.000 0.000 0.000 0.000 0.000 0.000 0.000 0.000 0.000 0.000 0.002 0.005 0.014 0.040 0.006 0.003 0.002 0.002 0.001 0.000 0.000 0.000 0.000 0.000 0.000 0.000 0.000 0.000 0.000 0.000 0.000 0.000 0.000 0.001 0.002 0.002 0.002 0.002 0.004 0.014 0.032 0.035 0.039 0.041 0.043 0.045 0.047 0.038 0.024 0.011 0.002 0.001 0.000 0.000 0.000 0.000 0.000 0.000 0.000 0.000 0.001 0.001 0.001 0.002 0.002 0.002 0.002 0.002 0.016 0.053 0.081 0.105 0.129
0.000 0.000 0.000 0.000 0.000 0.000 0.000 0.000 0.000 0.000 0.000 0.000 0.000 0.000 0.001 0.003 0.012 0.042 0.005 0.002 0.002 0.001 0.000 0.000 0.000 0.000 0.000 0.000 0.000 0.000 0.000 0.000 0.000 0.000 0.000 0.000 0.001 0.001 0.000 0.000 0.000 0.000 0.001 0.010 0.027 0.031 0.034 0.037 0.039 0.041 0.043 0.044 0.045 0.032 0.018 0.005 0.000 0.000 0.000 0.000 0.000 0.000 0.000 0.000 0.001 0.000 0.001 0.002 0.002 0.002 0.002 0.019 0.056 0.083 0.108 0.131 0.154
0.000 0.000 0.000 0.000 0.000 0.000 0.000 0.000 0.000 0.000 0.000 0.000 0.000 0.000 0.001 0.002 0.009 0.044 0.005 0.002 0.001 0.001 0.001 0.000 0.000 0.000 0.000 0.000 0.000 0.000 0.000 0.000 0.000 0.000 0.000 0.000 0.000 0.000 0.000 0.000 0.000 0.000 0.000 0.006 0.023 0.027 0.030 0.033 0.035 0.037 0.039 0.040 0.041 0.041 0.038 0.023 0.009 0.000 0.000 0.000 0.000 0.000 0.000 0.000 0.000 0.000 0.001 0.001 0.002 0.002 0.023 0.058 0.085 0.110 0.133 0.156 0.179
0.000 0.000 0.000 0.000 0.000 0.000 0.000 0.000 0.000 0.000 0.000 0.000 0.000 0.000 0.000 0.002 0.007 0.046 0.004 0.002 0.001 0.000 0.001 0.000 0.000 0.000 0.000 0.000 0.000 0.000 0.000 0.000 0.000 0.000 0.000 0.000 0.000 0.000 0.000 0.000 0.000 0.000 0.000 0.004 0.019 0.023 0.026 0.029 0.032 0.034 0.035 0.036 0.037 0.037 0.037 0.035 0.025 0.007 0.005 0.003 0.002 0.002 0.001 0.000 0.001 0.000 0.001 0.001 0.002 0.028 0.061 0.087 0.112 0.135 0.158 0.181 0.204
0.000 0.000 0.000 0.000 0.000 0.000 0.000 0.000 0.000 0.000 0.000 0.000 0.000 0.000 0.000 0.001 0.006 0.048 0.004 0.001 0.000 0.000 0.000 0.000 0.000 0.000 0.000 0.000 0.000 0.000 0.000 0.000 0.000 0.000 0.000 0.000 0.000 0.000 0.000 0.000 0.000 0.000 0.000 0.002 0.015 0.019 0.022 0.025 0.028 0.030 0.031 0.032 0.032 0.032 0.031 0.028 0.022 0.012 0.008 0.006 0.005 0.004 0.003 0.002 0.002 0.001 0.001 0.002 0.034 0.064 0.090 0.114 0.137 0.161 0.183 0.206 0.228
0.000 0.000 0.000 0.000 0.000 0.000 0.000 0.000 0.000 0.000 0.000 0.000 0.000 0.000 0.000 0.000 0.005 0.051 0.006 0.001 0.001 0.000 0.000 0.000 0.000 0.000 0.000 0.000 0.000 0.000 0.000 0.000 0.000 0.000 0.000 0.000 0.000 0.000 0.000 0.000 0.000 0.000 0.000 0.000 0.011 0.015 0.019 0.021 0.024 0.026 0.027 0.027 0.027 0.026 0.022 0.016 0.016 0.016 0.011 0.006 0.005 0.005 0.004 0.003 0.002 0.002 0.005 0.041 0.068 0.093 0.117 0.140 0.163 0.185 0.207 0.229 0.252
0.000 0.000 0.000 0.000 0.000 0.000 0.000 0.000 0.000 0.000 0.000 0.000 0.000 0.000 0.000 0.000 0.004 0.062 0.015 0.001 0.000 0.000 0.000 0.000 0.000 0.000 0.000 0.000 0.000 0.000 0.000 0.000 0.000 0.000 0.000 0.000 0.000 0.000 0.000 0.000 0.000 0.000 0.000 0.000 0.008 0.012 0.015 0.018 0.020 0.021 0.022 0.022 0.019 0.015 0.015 0.015 0.016 0.019 0.014 0.009 0.005 0.004 0.004 0.004 0.003 0.012 0.048 0.073 0.097 0.120 0.142 0.164 0.187 0.209 0.231 0.253 0.275
0.000 0.000 0.000 0.000 0.000 0.000 0.000 0.000 0.000 0.000 0.000 0.000 0.000 0.000 0.000 0.000 0.027 0.090 0.055 0.001 0.000 0.000 0.000 0.000 0.000 0.000 0.000 0.000 0.000 0.000 0.000 0.000 0.000 0.000 0.000 0.000 0.000 0.000 0.000 0.000 0.000 0.000 0.000 0.000 0.006 0.009 0.012 0.014 0.016 0.017 0.016 0.013 0.011 0.013 0.014 0.015 0.016 0.024 0.019 0.014 0.009 0.006 0.003 0.005 0.023 0.054 0.078 0.101 0.123 0.145 0.167 0.189 0.211 0.233 0.255 0.277 0.299
0.000 0.000 0.000 0.000 0.000 0.000 0.000 0.000 0.000 0.000 0.000 0.000 0.000 0.000 0.000 0.001 0.066 0.121 0.090 0.037 0.000 0.000 0.000 0.000 0.000 0.000 0.000 0.000 0.000 0.000 0.000 0.000 0.000 0.000 0.000 0.000 0.000 0.000 0.000 0.000 0.000 0.000 0.000 0.000 0.004 0.006 0.009 0.010 0.011 0.009 0.007 0.009 0.011 0.012 0.013 0.015 0.024 0.060 0.061 0.061 0.061 0.062 0.062 0.061 0.064 0.085 0.106 0.127 0.149 0.170 0.191 0.213 0.235 0.257 0.279 0.301 0.323
0.000 0.000 0.000 0.000 0.000 0.000 0.000 0.000 0.000 0.000 0.000 0.000 0.000 0.000 0.000 0.040 0.098 0.153 0.126 0.077 0.017 0.000 0.000 0.000 0.000 0.000 0.000 0.000 0.000 0.000 0.000 0.000 0.000 0.000 0.000 0.000 0.000 0.000 0.000 0.000 0.000 0.000 0.000 0.000 0.002 0.004 0.005 0.005 0.004 0.006 0.007 0.008 0.010 0.011 0.016 0.044 0.082 0.118 0.118 0.119 0.120 0.121 0.121 0.121 0.122 0.122 0.132 0.153 0.173 0.194 0.215 0.237 0.259 0.280 0.302 0.324 0.345
0.000 0.000 0.000 0.000 0.000 0.000 0.000 0.000 0.000 0.000 0.000 0.000 0.000 0.000 0.005 0.075 0.130 0.185 0.162 0.114 0.066 0.006 0.000 0.000 0.000 0.000 0.000 0.000 0.000 0.000 0.000 0.000 0.000 0.000 0.000 0.000 0.000 0.000 0.000 0.000 0.000 0.000 0.000 0.000 0.000 0.001 0.001 0.003 0.004 0.005 0.006 0.008 0.010 0.022 0.063 0.102 0.140 0.174 0.175 0.176 0.177 0.177 0.178 0.179 0.179 0.180 0.180 0.180 0.198 0.218 0.239 0.260 0.282 0.304 0.325 0.344 0.362
0.000 0.000 0.000 0.000 0.000 0.000 0.000 0.000 0.000 0.000 0.000 0.000 0.000 0.000 0.051 0.108 0.162 0.216 0.198 0.150 0.115 0.089 0.062 0.025 0.001 0.000 0.000 0.000 0.000 0.000 0.000 0.000 0.000 0.000 0.000 0.000 0.000 0.000 0.000 0.000 0.000 0.000 0.000 0.000 0.000 0.000 0.001 0.002 0.003 0.004 0.006 0.009 0.045 0.084 0.122 0.160 0.198 0.230 0.231 0.232 0.233 0.234 0.234 0.235 0.235 0.236 0.237 0.237 0.238 0.242 0.262 0.284 0.305 0.324 0.343 0.361 0.380
0.000 0.000 0.000 0.000 0.000 0.000 0.000 0.000 0.000 0.000 0.000 0.000 0.000 0.008 0.080 0.137 0.192 0.247 0.237 0.211 0.185 0.159 0.133 0.106 0.080 0.052 0.010 0.000 0.000 0.000 0.000 0.000 0.000 0.000 0.000 0.000 0.000 0.000 0.000 0.000 0.000 0.000 0.000 0.000 0.000 0.000 0.001 0.002 0.003 0.004 0.016 0.064 0.104 0.141 0.179 0.217 0.255 0.286 0.287 0.288 0.289 0.289 0.290 0.291 0.291 0.292 0.293 0.293 0.294 0.294 0.295 0.305 0.323 0.342 0.360 0.379 0.398
0.000 0.000 0.000 0.000 0.000 0.000 0.000 0.000 0.000 0.000 0.000 0.000 0.000 0.051 0.109 0.165 0.220 0.281 0.295 0.280 0.254 0.228 0.201 0.175 0.149 0.122 0.095 0.068 0.035 0.002 0.000 0.000 0.000 0.000 0.000 0.000 0.000 0.000 0.000 0.000 0.000 0.000 0.000 0.000 0.000 0.000 0.000 0.001 0.003 0.042 0.084 0.123 0.161 0.199 0.237 0.275 0.313 0.342 0.342 0.343 0.344 0.345 0.346 0.346 0.347 0.348 0.349 0.349 0.350 0.381 0.437 0.412 0.347 0.359 0.378 0.396 0.415
0.000 0.000 0.000 0.000 0.000 0.000 0.000 0.000 0.000 0.000 0.000 0.000 0.007 0.080 0.137 0.196 0.257 0.318 0.332 0.323 0.314 0.296 0.269 0.243 0.217 0.190 0.164 0.137 0.111 0.084 0.055 0.035 0.015 0.005 0.002 0.001 0.000 0.000 0.000 0.000 0.000 0.001 0.009 0.045 0.051 0.045 0.038 0.034 0.064 0.104 0.142 0.180 0.218 0.256 0.294 0.332 0.370 0.397 0.398 0.399 0.399 0.400 0.401 0.402 0.403 0.403 0.404 0.427 0.483 0.539 0.595 0.562 0.498 0.433 0.395 0.414 0.432
0.000 0.000 0.000 0.000 0.000 0.000 0.000 0.000 0.000 0.000 0.000 0.000 0.051 0.110 0.172 0.233 0.294 0.356 0.368 0.359 0.350 0.341 0.332 0.311 0.285 0.258 0.232 0.206 0.179 0.153 0.127 0.113 0.102 0.092 0.082 0.072 0.062 0.052 0.054 0.082 0.109 0.135 0.160 0.186 0.191 0.186 0.180 0.174 0.169 0.163 0.199 0.237 0.275 0.313 0.351 0.389 0.426 0.452 0.453 0.454 0.455 0.456 0.456 0.457 0.458 0.473 0.529 0.585 0.641 0.697 0.752 0.713 0.649 0.584 0.520 0.455 0.449
0.000 0.000 0.000 0.001 0.001 0.001 0.001 0.001 0.001 0.001 0.000 0.009 0.086 0.148 0.209 0.270 0.332 0.393 0.405 0.396 0.387 0.377 0.368 0.359 0.350 0.326 0.300 0.273 0.247 0.221 0.195 0.182 0.171 0.161 0.151 0.142 0.135 0.162 0.188 0.214 0.240 0.265 0.291 0.317 0.321 0.316 0.310 0.304 0.299 0.293 0.287 0.294 0.332 0.370 0.408 0.445 0.483 0.508 0.508 0.509 0.510 0.511 0.512 0.518 0.574 0.630 0.686 0.742 0.798 0.854 0.910 0.863 0.799 0.734 0.670 0.606 0.541
0.000 0.000 0.000 0.001 0.001 0.001 0.001 0.001 0.001 0.001 0.001 0.061 0.124 0.185 0.246 0.307 0.369 0.430 0.441 0.432 0.423 0.414 0.404 0.395 0.386 0.377 0.367 0.341 0.315 0.289 0.263 0.250 0.239 0.229 0.219 0.240 0.266 0.292 0.318 0.344 0.370 0.396 0.422 0.448 0.451 0.445 0.439 0.434 0.428 0.422 0.417 0.411 0.405 0.426 0.464 0.502 0.540 0.563 0.564 0.564 0.565 0.566 0.620 0.676 0.732 0.787 0.843 0.899 0.955 1.011 1.067 1.014 0.949 0.885 0.820 0.756 0.692
0.000 0.000 0.000 0.001 0.001 0.001 0.001 0.001 0.001 0.001 0.027 0.099 0.161 0.222 0.283 0.344 0.405 0.466 0.477 0.468 0.459 0.450 0.440 0.431 0.422 0.413 0.404 0.395 0.382 0.356 0.330 0.317 0.307 0.318 0.344 0.370 0.396 0.423 0.449 0.474 0.500 0.526 0.552 0.578 0.580 0.574 0.569 0.563 0.557 0.552 0.546 0.540 0.535 0.529 0.523 0.559 0.596 0.618 0.619 0.619 0.665 0.721 0.777 0.833 0.889 0.944 1.000 1.056 1.112 1.168 1.224 1.164 1.099 1.035 0.971 0.906 0.842
0.000 0.000 0.000 0.001 0.001 0.001 0.001 0.001 0.001 0.002 0.073 0.136 0.197 0.259 0.320 0.381 0.442 0.503 0.513 0.504 0.495 0.485 0.476 0.467 0.458 0.449 0.440 0.431 0.422 0.412 0.397 0.396 0.423 0.449 0.475 0.501 0.527 0.553 0.579 0.605 0.631 0.657 0.683 0.708 0.709 0.704 0.698 0.692 0.687 0.681 0.675 0.670 0.664 0.658 0.653 0.647 0.653 0.673 0.710 0.766 0.822 0.878 0.934 0.990 1.046 1.102 1.157 1.213 1.269 1.325 1.378 1.314 1.249 1.185 1.121 1.056 0.992
0.000 0.000 0.000 0.000 0.001 0.000 0.000 0.001 0.001 0.048 0.111 0.173 0.234 0.295 0.357 0.418 0.479 0.540 0.549 0.540 0.531 0.521 0.512 0.503 0.494 0.485 0.476 0.466 0.457 0.450 0.477 0.519 0.553 0.579 0.605 0.631 0.657 0.683 0.709 0.735 0.761 0.787 0.813 0.839 0.838 0.833 0.827 0.822 0.816 0.810 0.805 0.799 0.793 0.788 0.782 0.776 0.780 0.813 0.867 0.923 0.979 1.035 1.091 1.147 1.203 1.259 1.315 1.370 1.426 1.482 1.528 1.464 1.399 1.335 1.271 1.206 1.142
0.000 0.000 0.000 0.000 0.000 0.000 0.001 0.000 0.011 0.087 0.148 0.210 0.271 0.332 0.393 0.454 0.515 0.576 0.585 0.576 0.566 0.557 0.548 0.539 0.530 0.521 0.511 0.502 0.521 0.547 0.574 0.617 0.662 0.707 0.736 0.762 0.788 0.813 0.839 0.865 0.891 0.917 0.943 0.969 0.968 0.962 0.956 0.951 0.945 0.939 0.934 0.928 0.923 0.917 0.918 0.930 0.942 0.978 1.029 1.080 1.136 1.192 1.248 1.304 1.360 1.416 1.471 1.527 1.583 1.639 1.678 1.614 1.550 1.485 1.421 1.357 1.292
0.000 0.000 0.000 0.001 0.002 0.029 0.057 0.077 0.096 0.124 0.185 0.247 0.308 0.369 0.430 0.491 0.552 0.613 0.621 0.612 0.602 0.593 0.584 0.575 0.565 0.556 0.565 0.591 0.618 0.644 0.671 0.714 0.759 0.805 0.850 0.892 0.918 0.944 0.970 0.996 1.022 1.047 1.073 1.099 1.097 1.091 1.086 1.080 1.074 1.069 1.063 1.057 1.056 1.068 1.080 1.092 1.104 1.142 1.193 1.245 1.296 1.349 1.405 1.461 1.517 1.573 1.629 1.684 1.740 1.796 1.828 1.764 1.700 1.635 1.571 1.507 1.442
0.000 0.001 0.038 0.084 0.124 0.152 0.171 0.189 0.207 0.226 0.244 0.283 0.344 0.405 0.466 0.527 0.588 0.649 0.657 0.647 0.638 0.629 0.620 0.610 0.609 0.635 0.662 0.688 0.715 0.741 0.768 0.811 0.857 0.902 0.947 0.992 1.038 1.074 1.100 1.126 1.152 1.178 1.204 1.230 1.226 1.220 1.215 1.209 1.204 1.198 1.194 1.206 1.218 1.230 1.242 1.255 1.267 1.307 1.358 1.409 1.460 1.511 1.562 1.618 1.674 1.730 1.785 1.841 1.897 1.953 1.978 1.914 1.850 1.785 1.721 1.656 1.592
0.075 0.116 0.156 0.197 0.236 0.263 0.281 0.300 0.318 0.336 0.355 0.373 0.392 0.442 0.503 0.564 0.625 0.686 0.692 0.683 0.674 0.665 0.655 0.679 0.706 0.732 0.759 0.785 0.812 0.838 0.864 0.908 0.954 0.999 1.044 1.090 1.135 1.180 1.225 1.256 1.282 1.308 1.334 1.360 1.355 1.350 1.344 1.338 1.333 1.344 1.356 1.368 1.380 1.393 1.405 1.417 1.429 1.472 1.523 1.574 1.625 1.676 1.727 1.778 1.831 1.886 1.942 1.998 2.054 2.110 2.128 2.064 2.000 1.935 1.871 1.807 1.742
0.188 0.228 0.269 0.309 0.349 0.374 0.392 0.410 0.429 0.447 0.465 0.484 0.502 0.521 0.539 0.600 0.661 0.722 0.728 0.719 0.710 0.723 0.750 0.776 0.803 0.829 0.855 0.882 0.908 0.935 0.961 1.006 1.051 1.096 1.141 1.187 1.232 1.277 1.322 1.368 1.412 1.438 1.464 1.490 1.484 1.479 1.473 1.482 1.494 1.506 1.519 1.531 1.543 1.555 1.567 1.579 1.591 1.636 1.687 1.738 1.789 1.841 1.892 1.943 1.994 2.045 2.099 2.155 2.211 2.267 2.278 2.214 2.150 2.085 2.021 1.965 1.922
0.300 0.340 0.381 0.421 0.461 0.484 0.503 0.521 0.539 0.558 0.576 0.594 0.613 0.631 0.650 0.668 0.698 0.759 0.764 0.768 0.794 0.820 0.847 0.873 0.899 0.926 0.952 0.979 1.005 1.032 1.058 1.103 1.148 1.193 1.239 1.284 1.329 1.374 1.420 1.465 1.510 1.555 1.594 1.619 1.614 1.620 1.632 1.644 1.657 1.669 1.681 1.693 1.705 1.717 1.729 1.741 1.753 1.801 1.852 1.903 1.954 2.005 2.056 2.107 2.158 2.209 2.260 2.312 2.368 2.424 2.428 2.364 2.300 2.242 2.199 2.157 2.114
0.412 0.453 0.493 0.533 0.573 0.595 0.613 0.631 0.650 0.668 0.687 0.705 0.723 0.742 0.760 0.779 0.797 0.819 0.838 0.864 0.891 0.917 0.943 0.970 0.996 1.023 1.049 1.075 1.102 1.128 1.155 1.200 1.245 1.291 1.336 1.381 1.426 1.471 1.517 1.562 1.607 1.652 1.698 1.744 1.770 1.782 1.794 1.807 1.819 1.831 1.843 1.855 1.867 1.879 1.891 1.903 1.915 1.965 2.016 2.068 2.119 2.170 2.221 2.272 2.323 2.374 2.425 2.476 2.527 2.581 2.578 2.519 2.477 2.434 2.391 2.349 2.306
0.524 0.565 0.605 0.645 0.685 0.705 0.724 0.742 0.760 0.779 0.797 0.816 0.834 0.852 0.871 0.889 0.940 1.006 1.002 0.977 0.987 1.014 1.040 1.067 1.093 1.119 1.146 1.172 1.199 1.225 1.252 1.297 1.342 1.388 1.433 1.478 1.523 1.569 1.614 1.659 1.704 1.750 1.797 1.844 1.895 1.945 1.957 1.969 1.981 1.993 2.005 2.017 2.029 2.041 2.053 2.065 2.079 2.130 2.181 2.232 2.283 2.334 2.385 2.436 2.488 2.539 2.590 2.641 2.692 2.738 2.754 2.711 2.668 2.626 2.583 2.541 2.498
0.636 0.677 0.717 0.757 0.797 0.816 0.834 0.852 0.871 0.889 0.908 0.926 0.945 0.963 0.996 1.062 1.127 1.193 1.191 1.167 1.142 1.118 1.137 1.163 1.190 1.216 1.243 1.269 1.296 1.322 1.349 1.394 1.440 1.485 1.530 1.575 1.621 1.666 1.711 1.757 1.803 1.850 1.897 1.945 1.996 2.047 2.098 2.131 2.143 2.155 2.167 2.179 2.191 2.203 2.215 2.228 2.244 2.295 2.346 2.397 2.448 2.499 2.550 2.601 2.652 2.703 2.754 2.800 2.825 2.849 2.865 2.877 2.860 2.818 2.775 2.732 2.690
0.748 0.789 0.829 0.869 0.908 0.926 0.944 0.963 0.981 1.000 1.018 1.037 1.055 1.117 1.183 1.249 1.314 1.380 1.381 1.356 1.332 1.307 1.283 1.260 1.286 1.313 1.339 1.366 1.392 1.419 1.446 1.492 1.537 1.582 1.627 1.672 1.718 1.763 1.810 1.857 1.904 1.951 1.997 2.045 2.096 2.147 2.198 2.249 2.300 2.317 2.329 2.341 2.353 2.366 2.378 2.390 2.408 2.459 2.510 2.561 2.612 2.663 2.714 2.766 2.817 2.863 2.887 2.912 2.936 2.961 2.976 2.987 2.998 3.010 2.967 2.924 2.882
0.860 0.900 0.941 0.981 1.018 1.037 1.055 1.073 1.092 1.110 1.129 1.173 1.238 1.304 1.370 1.436 1.502 1.567 1.570 1.546 1.521 1.497 1.472 1.448 1.423 1.410 1.436 1.463 1.489 1.515 1.543 1.589 1.634 1.679 1.724 1.770 1.816 1.863 1.910 1.957 2.004 2.051 2.098 2.146 2.197 2.248 2.298 2.349 2.400 2.451 2.491 2.503 2.516 2.528 2.540 2.552 2.573 2.624 2.675 2.726 2.777 2.828 2.879 2.926 2.950 2.975 2.999 3.024 3.048 3.072 3.086 3.097 3.109 3.120 3.132 3.116 3.073
