includes/overflow_coast_co/floodfiles/results_R2_t1.605555492999E12 submersion faible - st pierre rupture dune49 et surverse dune11/res-0007.wd
ncols         906
nrows         631
xllcorner     362177.146666679996997
yllcorner     6534725.688019599765539
cellsize      20.000000000000000
NODATA_value  -9999.000000
[rows 374 to 407 of 631, columns 770 to 846 of 906]
1.310 1.197 1.338 1.467 1.546 1.624 1.703 1.782 1.861 1.940 1.974 1.994 2.015 2.036 2.056 2.077 2.098 2.117 2.123 2.129 2.135 2.141 2.147 2.153 2.160 2.175 2.189 2.204 2.219 2.233 2.248 2.262 2.278 2.298 2.318 2.338 2.359 2.379 2.399 2.419 2.439 2.459 2.479 2.499 2.520 2.551 2.583 2.615 2.648 2.680 2.701 2.721 2.742 2.762 2.782 2.802 2.822 2.842 2.863 2.883 2.903 2.923 2.944 2.942 2.922 2.902 2.882 2.862 2.843 2.823 2.803 2.735 2.574 2.412 2.250 2.088 1.926
1.181 1.323 1.464 1.590 1.669 1.748 1.827 1.906 1.962 1.982 2.003 2.024 2.045 2.065 2.086 2.107 2.128 2.145 2.151 2.157 2.163 2.169 2.175 2.181 2.187 2.193 2.207 2.221 2.236 2.250 2.265 2.279 2.296 2.316 2.336 2.356 2.377 2.397 2.417 2.437 2.457 2.477 2.501 2.533 2.565 2.596 2.629 2.660 2.693 2.726 2.759 2.780 2.800 2.820 2.841 2.861 2.881 2.901 2.921 2.942 2.962 2.982 3.002 2.992 2.972 2.953 2.933 2.913 2.893 2.873 2.853 2.834 2.762 2.600 2.438 2.276 2.114
1.307 1.449 1.590 1.714 1.793 1.872 1.950 1.970 1.991 2.012 2.033 2.053 2.074 2.095 2.115 2.136 2.157 2.174 2.180 2.186 2.192 2.198 2.204 2.210 2.216 2.222 2.228 2.239 2.253 2.268 2.282 2.297 2.314 2.334 2.354 2.374 2.395 2.415 2.435 2.455 2.482 2.514 2.546 2.578 2.610 2.642 2.674 2.706 2.739 2.772 2.804 2.837 2.859 2.879 2.899 2.919 2.940 2.960 2.980 3.000 3.021 3.041 3.061 3.043 3.023 3.003 2.983 2.963 2.943 2.924 2.904 2.884 2.864 2.788 2.626 2.464 2.324
1.454 1.575 1.717 1.838 1.917 1.958 1.979 2.000 2.020 2.041 2.062 2.083 2.104 2.124 2.145 2.166 2.187 2.202 2.208 2.214 2.220 2.226 2.232 2.238 2.244 2.250 2.256 2.262 2.270 2.285 2.300 2.314 2.332 2.352 2.372 2.392 2.413 2.433 2.463 2.496 2.528 2.559 2.592 2.624 2.656 2.687 2.719 2.752 2.784 2.817 2.850 2.883 2.916 2.938 2.958 2.978 2.998 3.019 3.039 3.059 3.079 3.100 3.113 3.093 3.073 3.053 3.034 3.014 2.994 2.974 2.954 2.934 2.914 2.895 2.814 2.653 2.536
1.625 1.741 1.856 1.946 1.967 1.988 2.009 2.029 2.050 2.071 2.091 2.112 2.133 2.154 2.175 2.195 2.216 2.230 2.236 2.242 2.248 2.254 2.260 2.266 2.272 2.279 2.285 2.291 2.297 2.303 2.317 2.332 2.350 2.370 2.390 2.413 2.445 2.477 2.509 2.541 2.573 2.605 2.637 2.669 2.701 2.733 2.765 2.797 2.830 2.863 2.896 2.929 2.961 2.994 3.017 3.037 3.057 3.077 3.098 3.118 3.138 3.158 3.163 3.144 3.124 3.104 3.084 3.064 3.044 3.024 3.004 2.985 2.965 2.945 2.925 2.841 2.748
1.796 1.912 1.953 1.977 1.997 2.017 2.038 2.059 2.079 2.100 2.121 2.142 2.163 2.183 2.204 2.225 2.245 2.258 2.264 2.271 2.277 2.283 2.289 2.295 2.301 2.307 2.313 2.319 2.325 2.331 2.337 2.349 2.368 2.394 2.426 2.458 2.490 2.522 2.554 2.586 2.618 2.650 2.682 2.714 2.747 2.778 2.810 2.843 2.876 2.909 2.942 2.974 3.007 3.040 3.073 3.096 3.116 3.136 3.156 3.177 3.197 3.217 3.214 3.194 3.174 3.154 3.134 3.114 3.095 3.075 3.055 3.035 3.015 2.995 2.976 2.957 2.926
1.930 1.958 1.986 2.009 2.028 2.047 2.067 2.088 2.109 2.130 2.150 2.171 2.192 2.213 2.233 2.254 2.275 2.287 2.293 2.299 2.305 2.311 2.317 2.323 2.329 2.335 2.341 2.347 2.354 2.360 2.366 2.385 2.407 2.439 2.472 2.504 2.536 2.568 2.600 2.632 2.664 2.696 2.728 2.760 2.792 2.824 2.856 2.889 2.922 2.954 2.987 3.020 3.053 3.086 3.119 3.152 3.175 3.195 3.215 3.235 3.256 3.276 3.264 3.244 3.224 3.205 3.185 3.165 3.145 3.125 3.105 3.085 3.066 3.048 3.030 3.012 3.025
1.963 1.991 2.018 2.041 2.060 2.079 2.098 2.118 2.138 2.159 2.180 2.201 2.222 2.242 2.263 2.284 2.304 2.315 2.321 2.327 2.333 2.339 2.345 2.351 2.357 2.364 2.370 2.376 2.382 2.402 2.427 2.451 2.466 2.485 2.517 2.549 2.581 2.613 2.645 2.677 2.709 2.741 2.773 2.805 2.837 2.869 2.902 2.934 2.967 3.000 3.033 3.066 3.099 3.132 3.164 3.197 3.230 3.254 3.274 3.294 3.314 3.335 3.315 3.295 3.275 3.255 3.235 3.215 3.195 3.176 3.156 3.139 3.121 3.103 3.085 3.070 3.086
1.995 2.023 2.051 2.073 2.092 2.111 2.130 2.149 2.168 2.189 2.209 2.230 2.251 2.272 2.292 2.313 2.334 2.343 2.349 2.355 2.361 2.368 2.374 2.380 2.386 2.392 2.398 2.418 2.444 2.469 2.494 2.517 2.531 2.546 2.562 2.594 2.626 2.658 2.691 2.723 2.755 2.787 2.819 2.851 2.883 2.915 2.947 2.980 3.013 3.046 3.079 3.112 3.144 3.177 3.210 3.243 3.276 3.309 3.333 3.353 3.373 3.385 3.365 3.345 3.325 3.305 3.285 3.266 3.247 3.230 3.212 3.194 3.176 3.158 3.140 3.130 3.146
2.028 2.055 2.083 2.104 2.123 2.143 2.162 2.181 2.200 2.219 2.239 2.260 2.281 2.301 2.322 2.343 2.364 2.372 2.378 2.384 2.390 2.396 2.402 2.408 2.414 2.435 2.460 2.485 2.510 2.535 2.561 2.582 2.597 2.611 2.626 2.641 2.672 2.704 2.736 2.768 2.800 2.832 2.864 2.896 2.928 2.961 2.993 3.026 3.059 3.092 3.124 3.157 3.190 3.223 3.256 3.289 3.321 3.354 3.387 3.412 3.432 3.435 3.415 3.396 3.376 3.356 3.339 3.321 3.303 3.285 3.267 3.249 3.231 3.214 3.196 3.190 3.206
2.060 2.088 2.116 2.136 2.155 2.174 2.194 2.213 2.232 2.251 2.270 2.290 2.310 2.331 2.352 2.372 2.393 2.400 2.406 2.412 2.418 2.424 2.430 2.451 2.476 2.502 2.527 2.552 2.577 2.602 2.627 2.647 2.662 2.677 2.691 2.706 2.721 2.749 2.781 2.813 2.846 2.878 2.910 2.942 2.974 3.006 3.039 3.071 3.104 3.137 3.170 3.203 3.236 3.269 3.302 3.334 3.367 3.400 3.433 3.466 3.490 3.486 3.466 3.447 3.430 3.412 3.394 3.376 3.358 3.340 3.322 3.305 3.287 3.269 3.251 3.250 3.266
2.093 2.120 2.148 2.168 2.187 2.206 2.225 2.245 2.264 2.283 2.302 2.321 2.341 2.360 2.381 2.402 2.422 2.428 2.434 2.440 2.446 2.468 2.493 2.518 2.543 2.568 2.593 2.619 2.644 2.669 2.694 2.713 2.727 2.742 2.757 2.771 2.786 2.801 2.827 2.859 2.891 2.923 2.955 2.987 3.019 3.052 3.084 3.117 3.150 3.183 3.216 3.249 3.282 3.314 3.347 3.380 3.413 3.446 3.479 3.511 3.543 3.539 3.521 3.503 3.485 3.467 3.449 3.431 3.413 3.396 3.378 3.360 3.342 3.324 3.306 3.310 3.326
2.125 2.153 2.180 2.200 2.219 2.238 2.257 2.277 2.296 2.315 2.334 2.353 2.373 2.392 2.411 2.432 2.450 2.457 2.463 2.484 2.509 2.534 2.560 2.585 2.610 2.635 2.660 2.685 2.711 2.736 2.761 2.778 2.793 2.807 2.822 2.837 2.852 2.866 2.881 2.904 2.936 2.969 3.001 3.033 3.065 3.097 3.130 3.163 3.196 3.229 3.262 3.294 3.327 3.360 3.393 3.426 3.459 3.491 3.522 3.551 3.580 3.583 3.576 3.558 3.540 3.522 3.505 3.487 3.469 3.451 3.433 3.415 3.397 3.379 3.362 3.370 3.386
2.158 2.186 2.212 2.231 2.251 2.270 2.289 2.308 2.328 2.347 2.366 2.385 2.404 2.424 2.443 2.462 2.479 2.501 2.526 2.551 2.576 2.601 2.626 2.652 2.677 2.702 2.727 2.752 2.777 2.802 2.828 2.843 2.858 2.873 2.887 2.902 2.917 2.932 2.946 2.961 2.982 3.014 3.046 3.079 3.111 3.143 3.176 3.209 3.241 3.274 3.307 3.340 3.373 3.406 3.439 3.470 3.500 3.529 3.558 3.588 3.614 3.615 3.617 3.614 3.596 3.578 3.560 3.542 3.524 3.506 3.488 3.471 3.453 3.435 3.417 3.430 3.446
2.190 2.218 2.244 2.263 2.283 2.302 2.321 2.340 2.359 2.379 2.398 2.417 2.436 2.456 2.475 2.498 2.529 2.568 2.593 2.618 2.643 2.668 2.693 2.718 2.743 2.769 2.794 2.819 2.844 2.869 2.894 2.909 2.923 2.938 2.953 2.968 2.982 2.997 3.012 3.027 3.041 3.060 3.092 3.124 3.156 3.188 3.221 3.254 3.287 3.320 3.353 3.386 3.419 3.448 3.478 3.507 3.536 3.566 3.595 3.625 3.647 3.648 3.649 3.650 3.651 3.633 3.615 3.597 3.580 3.562 3.544 3.526 3.508 3.490 3.475 3.490 3.506
2.223 2.251 2.276 2.295 2.315 2.334 2.353 2.372 2.391 2.410 2.430 2.449 2.468 2.491 2.517 2.542 2.575 2.617 2.658 2.684 2.710 2.735 2.760 2.785 2.810 2.835 2.861 2.886 2.911 2.936 2.959 2.974 2.989 3.003 3.018 3.033 3.048 3.063 3.077 3.092 3.107 3.122 3.137 3.170 3.202 3.234 3.267 3.300 3.333 3.366 3.397 3.426 3.456 3.485 3.514 3.544 3.573 3.603 3.632 3.662 3.680 3.681 3.682 3.683 3.684 3.685 3.671 3.653 3.635 3.617 3.599 3.581 3.563 3.545 3.535 3.550 3.566
2.256 2.284 2.308 2.327 2.346 2.366 2.385 2.404 2.423 2.442 2.462 2.484 2.509 2.535 2.561 2.586 2.621 2.662 2.704 2.746 2.776 2.801 2.827 2.852 2.877 2.902 2.927 2.952 2.978 3.003 3.024 3.039 3.054 3.069 3.084 3.098 3.113 3.128 3.143 3.158 3.172 3.187 3.202 3.217 3.247 3.280 3.313 3.345 3.375 3.404 3.434 3.463 3.493 3.522 3.551 3.581 3.610 3.640 3.669 3.699 3.713 3.714 3.715 3.716 3.717 3.718 3.719 3.708 3.690 3.672 3.654 3.637 3.619 3.601 3.595 3.610 3.626
2.289 2.316 2.340 2.359 2.378 2.398 2.417 2.436 2.455 2.476 2.502 2.528 2.553 2.579 2.604 2.630 2.667 2.708 2.750 2.791 2.833 2.868 2.893 2.919 2.944 2.969 2.994 3.019 3.044 3.070 3.090 3.105 3.119 3.134 3.149 3.164 3.179 3.193 3.208 3.223 3.238 3.253 3.267 3.282 3.297 3.323 3.353 3.382 3.412 3.441 3.471 3.500 3.530 3.559 3.588 3.618 3.647 3.677 3.706 3.736 3.746 3.747 3.748 3.749 3.750 3.751 3.752 3.753 3.746 3.728 3.710 3.692 3.674 3.656 3.655 3.670 3.686
2.321 2.349 2.372 2.391 2.410 2.430 2.449 2.469 2.495 2.520 2.546 2.572 2.597 2.623 2.648 2.674 2.712 2.754 2.796 2.837 2.879 2.920 2.960 2.985 3.011 3.036 3.061 3.086 3.111 3.136 3.155 3.170 3.185 3.200 3.214 3.229 3.244 3.259 3.274 3.289 3.303 3.318 3.333 3.345 3.358 3.366 3.390 3.419 3.449 3.478 3.507 3.537 3.566 3.596 3.625 3.655 3.684 3.714 3.743 3.773 3.779 3.780 3.781 3.782 3.783 3.784 3.785 3.786 3.787 3.783 3.765 3.747 3.729 3.711 3.715 3.730 3.746
2.354 2.382 2.404 2.423 2.443 2.462 2.488 2.513 2.539 2.564 2.590 2.615 2.641 2.667 2.692 2.718 2.758 2.800 2.841 2.883 2.925 2.966 3.008 3.049 3.077 3.103 3.128 3.153 3.178 3.203 3.220 3.235 3.250 3.265 3.280 3.295 3.310 3.324 3.339 3.354 3.367 3.380 3.393 3.406 3.418 3.425 3.432 3.456 3.485 3.515 3.544 3.574 3.603 3.633 3.662 3.692 3.721 3.751 3.780 3.809 3.811 3.813 3.814 3.815 3.816 3.817 3.818 3.819 3.820 3.821 3.820 3.803 3.785 3.767 3.775 3.790 3.806
2.387 2.415 2.436 2.455 2.480 2.506 2.531 2.557 2.583 2.608 2.634 2.659 2.685 2.711 2.736 2.762 2.804 2.846 2.887 2.929 2.970 3.012 3.054 3.095 3.137 3.170 3.195 3.220 3.245 3.270 3.286 3.301 3.316 3.330 3.345 3.360 3.375 3.389 3.402 3.415 3.428 3.440 3.453 3.466 3.477 3.484 3.491 3.498 3.522 3.552 3.581 3.611 3.640 3.670 3.699 3.728 3.758 3.787 3.817 3.843 3.844 3.845 3.847 3.848 3.849 3.850 3.851 3.852 3.853 3.854 3.855 3.856 3.840 3.822 3.835 3.850 3.866
2.421 2.448 2.473 2.499 2.524 2.550 2.575 2.601 2.626 2.652 2.678 2.703 2.729 2.755 2.780 2.808 2.850 2.891 2.933 2.975 3.016 3.058 3.100 3.141 3.183 3.224 3.262 3.287 3.312 3.337 3.351 3.366 3.381 3.396 3.411 3.424 3.437 3.450 3.462 3.475 3.488 3.501 3.513 3.526 3.536 3.543 3.550 3.557 3.565 3.588 3.618 3.648 3.677 3.706 3.736 3.765 3.795 3.824 3.854 3.876 3.877 3.878 3.879 3.880 3.882 3.883 3.884 3.885 3.886 3.887 3.888 3.889 3.890 3.879 3.895 3.909 3.924
2.454 2.479 2.513 2.542 2.568 2.594 2.619 2.645 2.670 2.696 2.722 2.747 2.773 2.798 2.824 2.854 2.896 2.937 2.979 3.021 3.062 3.104 3.146 3.187 3.229 3.270 3.312 3.353 3.379 3.402 3.417 3.432 3.446 3.459 3.471 3.484 3.497 3.510 3.523 3.535 3.548 3.561 3.574 3.586 3.595 3.602 3.609 3.617 3.624 3.631 3.655 3.684 3.714 3.743 3.773 3.802 3.832 3.861 3.891 3.909 3.910 3.911 3.912 3.913 3.914 3.915 3.917 3.918 3.919 3.920 3.921 3.922 3.923 3.941 3.953 3.967 3.982
2.485 2.510 2.544 2.579 2.612 2.637 2.663 2.689 2.714 2.740 2.766 2.791 2.817 2.842 2.868 2.900 2.942 2.983 3.025 3.066 3.108 3.150 3.191 3.233 3.275 3.316 3.358 3.399 3.441 3.467 3.481 3.494 3.506 3.519 3.532 3.544 3.557 3.570 3.583 3.596 3.608 3.621 3.634 3.646 3.654 3.661 3.668 3.676 3.683 3.690 3.697 3.721 3.751 3.780 3.810 3.839 3.869 3.898 3.928 3.942 3.943 3.944 3.945 3.946 3.947 3.948 3.949 3.951 3.952 3.953 3.954 3.969 3.989 4.007 4.016 4.025 4.039
2.515 2.541 2.576 2.611 2.645 2.680 2.707 2.733 2.758 2.784 2.810 2.835 2.861 2.886 2.912 2.946 2.987 3.029 3.071 3.112 3.154 3.196 3.237 3.279 3.320 3.362 3.404 3.445 3.484 3.520 3.541 3.554 3.567 3.579 3.592 3.605 3.617 3.630 3.643 3.656 3.669 3.681 3.694 3.705 3.713 3.720 3.727 3.735 3.742 3.749 3.757 3.764 3.788 3.817 3.847 3.876 3.906 3.935 3.965 3.975 3.976 3.977 3.978 3.979 3.980 3.981 3.982 3.983 3.984 3.996 4.016 4.035 4.055 4.073 4.081 4.090 4.099
2.545 2.573 2.607 2.642 2.677 2.711 2.746 2.777 2.802 2.828 2.854 2.879 2.905 2.930 2.956 2.992 3.033 3.075 3.117 3.158 3.200 3.242 3.283 3.325 3.366 3.408 3.447 3.485 3.524 3.558 3.590 3.614 3.627 3.640 3.652 3.665 3.678 3.690 3.703 3.716 3.729 3.741 3.754 3.765 3.772 3.779 3.787 3.794 3.801 3.808 3.816 3.823 3.830 3.854 3.884 3.913 3.943 3.972 4.001 4.008 4.009 4.010 4.011 4.012 4.013 4.014 4.015 4.023 4.042 4.062 4.081 4.101 4.121 4.138 4.147 4.156 4.164
2.575 2.604 2.639 2.674 2.708 2.743 2.777 2.812 2.846 2.872 2.897 2.923 2.949 2.974 3.000 3.038 3.079 3.121 3.162 3.204 3.246 3.287 3.329 3.370 3.409 3.448 3.487 3.525 3.564 3.597 3.629 3.660 3.687 3.700 3.713 3.725 3.738 3.751 3.763 3.776 3.789 3.802 3.814 3.824 3.831 3.838 3.846 3.853 3.860 3.868 3.875 3.882 3.889 3.897 3.920 3.950 3.979 4.009 4.038 4.040 4.041 4.043 4.044 4.045 4.046 4.050 4.069 4.089 4.108 4.128 4.147 4.167 4.186 4.204 4.213 4.221 4.230
2.606 2.636 2.671 2.705 2.740 2.774 2.809 2.844 2.878 2.913 2.941 2.967 2.993 3.018 3.044 3.084 3.125 3.167 3.208 3.250 3.292 3.332 3.371 3.410 3.449 3.488 3.527 3.565 3.604 3.636 3.668 3.699 3.731 3.760 3.773 3.786 3.798 3.811 3.824 3.836 3.849 3.862 3.875 3.883 3.890 3.897 3.905 3.912 3.919 3.927 3.934 3.941 3.949 3.956 3.963 3.987 4.016 4.046 4.072 4.073 4.074 4.075 4.077 4.078 4.096 4.116 4.135 4.155 4.174 4.194 4.213 4.233 4.252 4.270 4.278 4.287 4.296
2.636 2.668 2.702 2.737 2.771 2.806 2.841 2.875 2.910 2.944 2.979 3.011 3.037 3.062 3.088 3.129 3.171 3.213 3.254 3.295 3.333 3.372 3.411 3.450 3.489 3.528 3.566 3.605 3.643 3.675 3.706 3.738 3.769 3.801 3.832 3.846 3.858 3.871 3.884 3.897 3.909 3.922 3.934 3.942 3.949 3.956 3.964 3.971 3.978 3.986 3.993 4.000 4.008 4.015 4.022 4.030 4.053 4.083 4.105 4.106 4.107 4.108 4.123 4.142 4.162 4.181 4.201 4.220 4.240 4.259 4.279 4.299 4.318 4.336 4.344 4.353 4.361
2.667 2.699 2.734 2.768 2.803 2.838 2.872 2.907 2.942 2.976 3.011 3.045 3.080 3.106 3.134 3.175 3.217 3.257 3.296 3.334 3.373 3.412 3.451 3.490 3.529 3.568 3.606 3.645 3.682 3.714 3.745 3.777 3.808 3.840 3.871 3.903 3.919 3.931 3.944 3.957 3.969 3.982 3.993 4.001 4.008 4.016 4.023 4.030 4.038 4.045 4.052 4.060 4.067 4.074 4.082 4.089 4.096 4.120 4.138 4.139 4.149 4.169 4.188 4.208 4.228 4.247 4.267 4.286 4.306 4.325 4.345 4.364 4.384 4.401 4.410 4.418 4.427
2.697 2.731 2.766 2.800 2.835 2.869 2.904 2.939 2.973 3.008 3.042 3.077 3.112 3.146 3.180 3.219 3.258 3.297 3.336 3.374 3.413 3.452 3.491 3.530 3.569 3.607 3.646 3.685 3.721 3.753 3.784 3.815 3.847 3.878 3.910 3.941 3.973 3.992 4.004 4.017 4.030 4.042 4.053 4.060 4.067 4.075 4.082 4.089 4.097 4.104 4.111 4.119 4.126 4.133 4.141 4.148 4.155 4.162 4.176 4.195 4.215 4.235 4.254 4.274 4.293 4.313 4.333 4.352 4.372 4.391 4.411 4.430 4.450 4.467 4.476 4.484 4.493
2.728 2.763 2.797 2.832 2.866 2.901 2.936 2.970 3.005 3.039 3.074 3.109 3.143 3.180 3.219 3.259 3.298 3.337 3.376 3.414 3.453 3.492 3.531 3.570 3.609 3.647 3.686 3.725 3.760 3.791 3.823 3.854 3.886 3.917 3.949 3.980 4.012 4.043 4.065 4.077 4.090 4.103 4.112 4.119 4.126 4.134 4.141 4.149 4.156 4.163 4.171 4.178 4.185 4.193 4.201 4.210 4.219 4.230 4.253 4.263 4.281 4.300 4.320 4.340 4.359 4.379 4.398 4.418 4.437 4.457 4.476 4.496 4.515 4.533 4.541 4.550 4.558
2.760 2.795 2.829 2.864 2.898 2.933 2.967 3.002 3.037 3.071 3.106 3.143 3.181 3.218 3.257 3.297 3.338 3.377 3.416 3.454 3.493 3.532 3.571 3.610 3.648 3.687 3.726 3.765 3.799 3.830 3.862 3.893 3.925 3.956 3.987 4.019 4.050 4.082 4.113 4.138 4.150 4.163 4.171 4.178 4.185 4.193 4.200 4.208 4.215 4.222 4.232 4.241 4.250 4.260 4.269 4.279 4.288 4.311 4.338 4.348 4.359 4.369 4.386 4.406 4.425 4.445 4.464 4.484 4.503 4.523 4.542 4.562 4.581 4.598 4.607 4.616 4.624
2.792 2.826 2.861 2.895 2.930 2.965 2.999 3.034 3.068 3.106 3.143 3.181 3.218 3.256 3.295 3.335 3.376 3.416 3.456 3.494 3.533 3.572 3.611 3.650 3.688 3.727 3.766 3.805 3.838 3.869 3.900 3.932 3.963 3.995 4.026 4.058 4.089 4.121 4.152 4.184 4.211 4.223 4.230 4.237 4.245 4.253 4.263 4.272 4.281 4.291 4.300 4.310 4.319 4.328 4.338 4.347 4.361 4.391 4.421 4.434 4.444 4.454 4.464 4.475 4.491 4.510 4.530 4.550 4.569 4.589 4.608 4.628 4.647 4.664 4.673 4.681 4.690
