includes/overflow_coast_co/floodfiles/results_R2_t1.605555492999E12 submersion faible - st pierre rupture dune49 et surverse dune11/res-0006.wdfp
ncols         906
nrows         631
xllcorner     362177.146666679996997
yllcorner     6534725.688019599765539
cellsize      20.000000000000000
NODATA_value  -9999.000000
[rows 510 to 543 of 631, columns 77 to 153 of 906]
7.799 7.711 7.623 7.536 7.464 7.391 7.318 7.245 7.172 7.100 7.027 6.954 6.809 6.642 6.439 6.237 6.034 5.832 5.629 5.427 5.224 5.235 5.275 5.294 5.306 5.318 5.330 5.341 5.353 5.365 5.377 5.273 5.120 5.079 5.070 5.060 5.050 5.041 5.031 5.021 5.012 5.001 4.979 4.956 4.903 4.842 4.780 4.719 4.657 4.595 4.534 4.472 4.490 4.508 4.526 4.543 4.559 4.575 4.591 4.607 4.623 4.637 4.643 4.649 4.654 4.660 4.666 4.668 4.671 4.673 4.676 4.677 4.677 4.676 4.676 4.675 4.675
7.874 7.760 7.645 7.534 7.437 7.362 7.289 7.216 7.143 7.070 6.997 6.899 6.737 6.576 6.394 6.192 5.989 5.787 5.584 5.382 5.305 5.345 5.385 5.420 5.432 5.443 5.455 5.467 5.479 5.491 5.438 5.285 5.132 5.011 5.001 4.991 4.982 4.972 4.963 4.953 4.943 4.926 4.904 4.881 4.857 4.795 4.734 4.672 4.611 4.549 4.487 4.464 4.481 4.499 4.517 4.535 4.552 4.568 4.584 4.600 4.616 4.626 4.632 4.637 4.643 4.649 4.654 4.659 4.662 4.664 4.667 4.667 4.667 4.666 4.665 4.665 4.664
7.867 7.753 7.638 7.530 7.434 7.337 7.259 7.186 7.113 7.040 6.967 6.828 6.666 6.504 6.343 6.146 5.944 5.741 5.539 5.375 5.415 5.455 5.495 5.535 5.557 5.569 5.581 5.593 5.605 5.603 5.450 5.297 5.143 4.990 4.932 4.923 4.913 4.904 4.894 4.884 4.873 4.851 4.828 4.806 4.783 4.749 4.687 4.626 4.564 4.502 4.441 4.455 4.473 4.491 4.509 4.527 4.545 4.561 4.577 4.593 4.609 4.615 4.620 4.626 4.631 4.637 4.643 4.648 4.653 4.655 4.658 4.657 4.657 4.656 4.655 4.655 4.654
7.860 7.746 7.631 7.526 7.430 7.334 7.238 7.157 7.084 7.011 6.919 6.757 6.595 6.433 6.271 6.101 5.899 5.696 5.494 5.484 5.525 5.565 5.605 5.645 5.683 5.695 5.707 5.719 5.730 5.615 5.462 5.308 5.155 5.002 4.864 4.854 4.845 4.835 4.825 4.816 4.798 4.775 4.753 4.730 4.708 4.685 4.641 4.579 4.518 4.456 4.429 4.447 4.465 4.483 4.501 4.519 4.537 4.554 4.570 4.586 4.597 4.603 4.609 4.614 4.620 4.626 4.631 4.637 4.643 4.646 4.647 4.647 4.646 4.646 4.645 4.658 4.685
7.853 7.739 7.624 7.523 7.426 7.330 7.234 7.138 7.054 6.981 6.847 6.685 6.524 6.362 6.200 6.038 5.854 5.651 5.554 5.594 5.634 5.674 5.714 5.754 5.795 5.821 5.832 5.844 5.780 5.626 5.473 5.320 5.167 5.014 4.860 4.786 4.776 4.766 4.757 4.745 4.722 4.700 4.677 4.655 4.632 4.610 4.587 4.533 4.471 4.410 4.421 4.439 4.457 4.475 4.493 4.511 4.528 4.546 4.564 4.580 4.586 4.592 4.597 4.603 4.609 4.614 4.620 4.625 4.631 4.642 4.673 4.701 4.728 4.756 4.783 4.811 4.838
7.846 7.732 7.617 7.519 7.423 7.326 7.230 7.134 7.038 6.938 6.776 6.614 6.452 6.291 6.129 5.967 5.805 5.624 5.664 5.704 5.744 5.784 5.824 5.864 5.905 5.945 5.958 5.945 5.791 5.638 5.485 5.332 5.178 5.025 4.872 4.719 4.707 4.698 4.688 4.669 4.647 4.625 4.602 4.580 4.557 4.535 4.512 4.486 4.425 4.395 4.413 4.430 4.448 4.466 4.484 4.502 4.520 4.538 4.556 4.569 4.575 4.585 4.604 4.622 4.641 4.659 4.678 4.696 4.715 4.751 4.825 4.854 4.881 4.909 4.936 4.964 4.992
7.839 7.725 7.612 7.515 7.419 7.323 7.227 7.130 7.042 6.957 6.791 6.622 6.453 6.284 6.115 5.946 5.777 5.636 5.703 5.770 5.837 5.894 5.934 5.974 6.014 6.055 6.084 5.956 5.803 5.650 5.496 5.343 5.190 5.037 4.884 4.730 4.639 4.629 4.617 4.594 4.572 4.549 4.527 4.504 4.482 4.459 4.437 4.414 4.378 4.386 4.404 4.422 4.445 4.475 4.506 4.536 4.566 4.596 4.626 4.639 4.658 4.676 4.695 4.713 4.732 4.750 4.769 4.787 4.806 4.867 4.941 5.007 5.034 5.062 5.090 5.117 5.145
7.832 7.718 7.608 7.512 7.416 7.319 7.227 7.143 7.058 6.973 6.836 6.667 6.498 6.329 6.160 5.990 5.751 5.466 5.488 5.555 5.622 5.689 5.755 5.822 5.889 5.956 6.001 5.890 5.765 5.640 5.508 5.355 5.202 5.048 4.895 4.742 4.589 4.561 4.541 4.519 4.496 4.474 4.451 4.429 4.404 4.374 4.343 4.312 4.361 4.462 4.492 4.522 4.552 4.582 4.612 4.643 4.673 4.703 4.726 4.736 4.749 4.767 4.786 4.804 4.823 4.841 4.860 4.879 4.908 4.983 5.057 5.132 5.188 5.215 5.243 5.270 5.298
7.826 7.711 7.604 7.508 7.413 7.328 7.243 7.159 7.074 6.990 6.880 6.711 6.542 6.373 6.204 5.984 5.699 5.415 5.273 5.340 5.406 5.473 5.540 5.607 5.674 5.726 5.756 5.707 5.582 5.457 5.332 5.208 5.083 4.958 4.833 4.708 4.584 4.487 4.456 4.426 4.395 4.365 4.334 4.304 4.273 4.242 4.212 4.181 4.334 4.543 4.599 4.629 4.659 4.689 4.719 4.750 4.780 4.810 4.823 4.834 4.844 4.858 4.877 4.895 4.914 4.933 4.951 4.970 5.024 5.099 5.174 5.248 5.323 5.368 5.396 5.423 5.451
7.959 7.704 7.601 7.513 7.429 7.344 7.260 7.175 7.091 7.006 6.921 6.756 6.587 6.418 6.217 5.932 5.648 5.363 5.079 5.124 5.191 5.258 5.325 5.392 5.450 5.481 5.511 5.524 5.399 5.274 5.149 5.025 4.900 4.775 4.650 4.526 4.430 4.376 4.325 4.295 4.264 4.234 4.203 4.173 4.142 4.111 4.081 4.097 4.306 4.516 4.706 4.736 4.766 4.796 4.827 4.857 4.887 4.911 4.921 4.931 4.941 4.951 4.968 4.987 5.005 5.024 5.042 5.066 5.140 5.215 5.290 5.364 5.439 5.514 5.549 5.576 5.604
8.249 7.987 7.628 7.530 7.445 7.361 7.276 7.191 7.107 7.022 6.938 6.800 6.631 6.450 6.165 5.881 5.596 5.312 5.027 4.909 4.976 5.043 5.110 5.175 5.205 5.236 5.266 5.297 5.216 5.091 4.966 4.842 4.717 4.592 4.467 4.381 4.329 4.274 4.215 4.164 4.133 4.103 4.072 4.042 4.011 3.980 3.950 4.070 4.279 4.489 4.698 4.843 4.873 4.903 4.933 4.964 4.994 5.008 5.018 5.028 5.038 5.048 5.059 5.078 5.096 5.115 5.133 5.182 5.256 5.331 5.406 5.480 5.555 5.630 5.702 5.730 5.757
8.790 8.305 7.694 7.596 7.498 7.400 7.302 7.208 7.123 7.039 6.954 6.845 6.676 6.398 6.114 5.829 5.544 5.260 4.976 4.694 4.761 4.828 4.894 4.930 4.961 4.991 5.021 5.052 5.033 4.908 4.783 4.659 4.534 4.409 4.331 4.279 4.227 4.172 4.114 4.055 4.002 3.972 3.941 3.910 3.880 3.849 3.833 4.042 4.252 4.461 4.671 4.881 4.980 5.010 5.040 5.071 5.095 5.105 5.115 5.125 5.135 5.145 5.156 5.169 5.187 5.206 5.224 5.298 5.372 5.447 5.522 5.596 5.671 5.746 5.820 5.883 5.910
9.265 8.613 7.961 7.663 7.565 7.467 7.369 7.271 7.173 7.075 6.977 6.886 6.631 6.346 6.062 5.777 5.493 5.208 4.924 4.639 4.545 4.612 4.655 4.685 4.716 4.746 4.777 4.807 4.837 4.725 4.600 4.476 4.351 4.282 4.230 4.178 4.125 4.071 4.012 3.953 3.894 3.841 3.810 3.779 3.749 3.718 3.806 4.015 4.225 4.434 4.644 4.853 5.063 5.117 5.147 5.178 5.192 5.202 5.212 5.222 5.232 5.243 5.253 5.263 5.278 5.297 5.339 5.414 5.489 5.563 5.638 5.713 5.787 5.862 5.936 6.011 6.064
9.572 8.921 8.269 7.730 7.632 7.534 7.436 7.338 7.240 7.142 7.044 6.905 6.666 6.364 6.062 5.759 5.457 5.157 4.872 4.588 4.330 4.379 4.410 4.440 4.471 4.501 4.532 4.562 4.593 4.542 4.417 4.293 4.232 4.180 4.128 4.076 4.024 3.969 3.910 3.851 3.792 3.733 3.679 3.648 3.618 3.587 3.778 3.988 4.197 4.407 4.616 4.826 5.035 5.224 5.254 5.279 5.289 5.299 5.309 5.320 5.330 5.340 5.350 5.360 5.370 5.388 5.455 5.530 5.605 5.679 5.754 5.829 5.906 6.025 6.143 6.262 6.388
9.880 9.228 8.576 7.925 7.699 7.601 7.503 7.405 7.307 7.209 7.078 6.916 6.736 6.434 6.132 5.830 5.528 5.226 4.923 4.621 4.339 4.246 4.239 4.231 4.226 4.256 4.287 4.317 4.348 4.359 4.235 4.183 4.131 4.079 4.026 3.974 3.922 3.867 3.808 3.749 3.690 3.631 3.573 3.517 3.487 3.542 3.751 3.961 4.170 4.380 4.589 4.799 5.008 5.218 5.361 5.376 5.386 5.396 5.407 5.417 5.427 5.437 5.447 5.457 5.475 5.538 5.657 5.776 5.895 6.014 6.133 6.252 6.371 6.490 6.608 6.727 6.862
10.188 9.536 8.884 8.233 7.766 7.668 7.570 7.472 7.374 7.250 7.089 6.927 6.765 6.504 6.202 5.900 5.598 5.296 4.994 4.699 4.464 4.271 4.264 4.256 4.249 4.241 4.234 4.227 4.219 4.213 4.144 4.081 4.029 3.977 3.925 3.873 3.820 3.765 3.706 3.647 3.588 3.530 3.471 3.412 3.356 3.514 3.724 3.935 4.165 4.396 4.627 4.857 5.088 5.319 5.517 5.569 5.588 5.607 5.626 5.645 5.664 5.683 5.702 5.721 5.740 5.953 6.122 6.241 6.360 6.479 6.598 6.717 6.836 6.954 7.073 7.194 7.336
10.496 9.844 9.192 8.540 7.889 7.734 7.636 7.538 7.423 7.261 7.100 6.938 6.777 6.575 6.273 5.970 5.668 5.366 5.064 4.824 4.589 4.354 4.289 4.281 4.274 4.267 4.259 4.252 4.244 4.262 4.241 4.137 4.033 3.929 3.825 3.771 3.719 3.663 3.604 3.546 3.495 3.512 3.529 3.546 3.586 3.734 3.964 4.195 4.425 4.656 4.887 5.117 5.348 5.579 5.717 5.833 5.852 5.871 5.890 5.909 5.928 5.947 5.966 5.985 6.107 6.342 6.577 6.706 6.825 6.944 7.063 7.182 7.301 7.419 7.538 7.668 7.810
10.804 10.152 9.500 8.848 8.197 7.801 7.703 7.596 7.434 7.273 7.111 6.949 6.788 6.626 6.343 6.041 5.739 5.437 5.184 4.949 4.714 4.479 4.314 4.307 4.299 4.292 4.284 4.277 4.289 4.310 4.331 4.234 4.130 4.026 3.922 3.819 3.715 3.747 3.764 3.781 3.798 3.815 3.832 3.850 3.932 4.035 4.224 4.455 4.686 4.916 5.147 5.378 5.608 5.793 5.917 6.040 6.117 6.136 6.155 6.174 6.193 6.211 6.230 6.261 6.496 6.731 6.966 7.171 7.290 7.409 7.528 7.647 7.766 7.884 8.003 8.142 8.283
11.112 10.460 9.808 9.156 8.504 7.868 7.768 7.607 7.445 7.284 7.122 6.960 6.799 6.637 6.413 6.111 5.809 5.544 5.309 5.074 4.839 4.604 4.369 4.332 4.324 4.317 4.309 4.316 4.337 4.358 4.379 4.331 4.227 4.123 4.020 3.916 3.921 4.021 4.067 4.084 4.101 4.119 4.136 4.176 4.278 4.381 4.485 4.715 4.946 5.177 5.407 5.638 5.869 5.993 6.116 6.240 6.363 6.400 6.419 6.438 6.457 6.476 6.495 6.650 6.885 7.120 7.355 7.590 7.755 7.874 7.993 8.112 8.231 8.349 8.474 8.616 8.757
11.610 10.933 10.256 9.579 8.902 8.225 7.852 7.618 7.456 7.295 7.133 6.971 6.810 6.648 6.484 6.182 5.904 5.669 5.434 5.199 4.964 4.729 4.494 4.357 4.349 4.342 4.344 4.365 4.386 4.407 4.428 4.428 4.324 4.220 4.117 4.073 4.173 4.274 4.371 4.388 4.405 4.422 4.439 4.522 4.624 4.727 4.830 4.976 5.206 5.437 5.667 5.898 6.069 6.193 6.316 6.439 6.563 6.664 6.683 6.702 6.721 6.740 6.805 7.040 7.275 7.510 7.745 7.980 8.215 8.339 8.458 8.577 8.695 8.814 8.948 9.090 9.231
12.161 11.484 10.807 10.130 9.453 8.918 8.480 8.213 7.946 7.679 7.412 7.146 6.879 6.659 6.498 6.264 6.029 5.794 5.559 5.324 5.089 4.854 4.619 4.384 4.375 4.372 4.392 4.413 4.434 4.455 4.476 4.497 4.421 4.317 4.225 4.325 4.425 4.526 4.626 4.691 4.708 4.726 4.765 4.867 4.970 5.073 5.176 5.278 5.466 5.697 5.928 6.146 6.269 6.392 6.516 6.639 6.763 6.886 6.948 6.967 6.986 7.005 7.194 7.429 7.664 7.899 8.134 8.369 8.604 8.804 8.923 9.042 9.160 9.280 9.422 9.564 9.705
12.712 12.035 11.358 10.681 10.116 9.631 9.147 8.840 8.573 8.307 8.040 7.773 7.506 7.239 6.973 6.366 6.135 5.905 5.675 5.445 5.214 4.979 4.744 4.509 4.400 4.420 4.441 4.462 4.483 4.504 4.525 4.545 4.518 4.415 4.477 4.577 4.677 4.778 4.878 4.978 5.012 5.029 5.111 5.213 5.316 5.419 5.522 5.624 5.727 5.957 6.188 6.345 6.469 6.592 6.716 6.839 6.962 7.086 7.209 7.231 7.250 7.348 7.583 7.818 8.053 8.288 8.523 8.758 8.993 9.228 9.388 9.506 9.625 9.754 9.896 10.037 10.179
13.263 12.586 11.909 11.313 10.829 10.344 9.860 9.468 9.201 8.934 8.667 8.400 8.134 7.867 7.262 6.586 6.222 5.992 5.762 5.531 5.301 5.071 4.841 4.611 4.504 4.513 4.522 4.531 4.540 4.552 4.573 4.594 4.615 4.629 4.729 4.829 4.930 5.030 5.130 5.230 5.315 5.354 5.457 5.559 5.662 5.765 5.868 5.970 6.073 6.217 6.422 6.545 6.669 6.792 6.915 7.039 7.162 7.285 7.409 7.495 7.514 7.737 7.972 8.207 8.442 8.677 8.912 9.147 9.382 9.617 9.852 9.972 10.090 10.228 10.370 10.511 10.653
13.814 13.137 12.511 12.026 11.542 11.057 10.573 10.095 9.828 9.561 9.295 9.028 8.761 8.226 7.550 6.874 6.309 6.079 5.848 5.618 5.388 5.158 4.927 4.770 4.698 4.673 4.681 4.691 4.700 4.709 4.718 4.727 4.749 4.829 4.934 5.040 5.145 5.250 5.355 5.460 5.566 5.671 5.775 5.878 5.982 6.086 6.189 6.293 6.397 6.500 6.637 6.756 6.875 6.993 7.115 7.238 7.362 7.485 7.608 7.732 7.891 8.126 8.361 8.596 8.831 9.066 9.301 9.536 9.771 10.006 10.241 10.437 10.560 10.702 10.844 10.985 11.010
14.365 13.708 13.224 12.739 12.255 11.770 11.286 10.801 10.456 10.189 9.922 9.655 9.191 8.515 7.839 7.163 6.487 6.165 5.935 5.705 5.474 5.244 5.043 4.971 4.899 4.832 4.842 4.851 4.860 4.869 4.878 4.887 4.939 4.993 5.098 5.203 5.308 5.414 5.519 5.624 5.732 5.843 5.946 6.050 6.154 6.257 6.361 6.464 6.568 6.751 6.991 7.109 7.228 7.347 7.466 7.585 7.704 7.822 7.941 8.037 8.114 8.366 8.617 8.868 9.120 9.371 9.622 9.874 10.125 10.376 10.628 10.866 10.982 10.949 10.915 10.882 10.849
14.916 14.421 13.937 13.453 12.968 12.483 11.999 11.514 11.083 10.816 10.549 10.156 9.480 8.804 8.128 7.452 6.776 6.252 6.022 5.791 5.561 5.331 5.244 5.172 5.100 5.028 5.001 5.010 5.019 5.028 5.037 5.077 5.129 5.181 5.261 5.367 5.472 5.577 5.682 5.788 5.900 6.011 6.118 6.222 6.325 6.429 6.532 6.636 6.767 7.031 7.295 7.463 7.582 7.701 7.820 7.938 8.057 8.176 8.295 8.314 8.329 8.541 8.792 9.044 9.295 9.546 9.798 10.049 10.300 10.552 10.803 10.741 10.696 10.787 10.754 10.720 10.687
14.858 14.642 14.423 14.166 13.681 13.197 12.712 12.227 11.743 11.444 11.120 10.445 9.769 9.093 8.417 7.741 7.065 6.389 6.108 5.878 5.648 5.516 5.444 5.373 5.301 5.229 5.161 5.170 5.179 5.188 5.215 5.267 5.319 5.371 5.425 5.530 5.635 5.740 5.846 5.956 6.067 6.179 6.290 6.393 6.497 6.600 6.704 6.808 7.047 7.311 7.574 7.817 7.935 8.054 8.173 8.292 8.411 8.530 8.577 8.592 8.606 8.716 8.967 9.219 9.470 9.722 9.973 10.224 10.476 10.727 10.689 10.318 10.234 10.435 10.592 10.559 10.525
14.272 14.251 14.032 13.812 13.593 13.374 13.154 12.935 12.456 12.071 11.409 10.733 10.057 9.381 8.705 8.030 7.354 6.678 6.195 5.965 5.789 5.717 5.645 5.574 5.502 5.430 5.358 5.330 5.339 5.353 5.405 5.457 5.509 5.561 5.613 5.693 5.799 5.904 6.012 6.124 6.235 6.346 6.457 6.565 6.669 6.772 6.876 7.063 7.327 7.591 7.854 8.118 8.289 8.408 8.527 8.646 8.764 8.840 8.855 8.870 8.884 8.899 9.143 9.394 9.645 9.897 10.148 10.399 10.651 10.637 10.266 9.895 9.772 9.973 10.174 10.375 10.363
13.686 13.860 13.641 13.422 13.202 12.983 12.763 12.543 12.324 12.396 11.714 11.033 10.351 9.670 8.994 8.318 7.642 6.966 6.290 6.062 5.990 5.918 5.846 5.774 5.703 5.631 5.559 5.490 5.499 5.543 5.595 5.647 5.699 5.751 5.803 5.857 5.962 6.069 6.180 6.291 6.403 6.514 6.625 6.737 6.840 6.944 7.079 7.343 7.607 7.870 8.134 8.398 8.643 8.762 8.880 8.999 9.103 9.118 9.133 9.147 9.162 9.176 9.318 9.569 9.821 10.072 10.323 10.575 10.585 10.214 9.842 9.471 9.310 9.511 9.712 9.913 10.114
13.099 13.470 13.250 13.031 12.811 12.592 12.372 12.176 12.343 12.509 12.043 11.361 10.680 9.998 9.316 8.635 7.953 7.272 6.590 6.334 6.253 6.172 6.091 6.010 5.929 5.848 5.767 5.688 5.681 5.733 5.785 5.837 5.889 5.941 5.994 6.046 6.126 6.237 6.348 6.459 6.570 6.682 6.793 6.904 7.012 7.115 7.359 7.623 7.886 8.150 8.414 8.678 8.941 9.115 9.234 9.353 9.381 9.395 9.410 9.425 9.439 9.454 9.493 9.745 9.996 10.247 10.499 10.532 10.161 9.790 9.419 9.048 8.849 9.049 9.250 9.451 9.652
12.513 13.079 12.859 12.640 12.420 12.201 12.044 12.211 12.378 12.544 12.371 11.689 11.008 10.326 9.645 8.963 8.282 7.600 7.132 6.909 6.804 6.723 6.642 6.561 6.480 6.399 6.318 6.236 6.067 6.088 6.130 6.171 6.213 6.254 6.296 6.337 6.367 6.462 6.558 6.654 6.750 6.849 6.961 7.072 7.183 7.375 7.639 7.902 8.166 8.430 8.694 8.957 9.221 9.469 9.588 9.644 9.658 9.673 9.688 9.702 9.717 9.731 9.746 9.920 10.171 10.423 10.480 10.109 9.738 9.367 8.996 8.625 8.387 8.588 8.789 8.990 9.190
11.926 12.493 12.468 12.249 12.030 11.913 12.079 12.246 12.413 12.579 12.699 12.018 11.336 10.655 9.973 9.292 8.610 7.999 7.776 7.553 7.356 7.275 7.194 7.112 7.031 6.951 6.869 6.743 6.574 6.463 6.505 6.546 6.588 6.629 6.671 6.701 6.713 6.783 6.879 6.975 7.071 7.167 7.263 7.358 7.510 7.771 8.016 8.261 8.506 8.751 8.996 9.241 9.501 9.765 9.907 9.921 9.936 9.951 9.965 9.980 9.994 10.009 10.024 10.095 10.347 10.428 10.057 9.686 9.315 8.944 8.572 8.201 7.925 8.126 8.327 8.528 8.729
11.340 11.906 12.078 11.858 11.781 11.948 12.114 12.281 12.448 12.614 12.781 12.346 11.665 10.983 10.301 9.620 8.938 8.643 8.420 8.197 7.974 7.826 7.745 7.664 7.583 7.502 7.419 7.250 7.081 6.913 6.880 6.921 6.963 7.004 7.041 7.054 7.067 7.104 7.200 7.296 7.392 7.487 7.583 7.701 7.977 8.250 8.495 8.740 8.985 9.230 9.475 9.720 9.965 10.157 9.976 10.026 10.075 10.125 10.174 10.224 10.272 10.287 10.301 10.316 10.376 10.005 9.634 9.262 8.891 8.520 8.149 7.778 7.463 7.664 7.865 8.066 8.267
10.801 11.320 11.687 11.649 11.816 11.983 12.150 12.316 12.483 12.650 12.816 12.674 11.993 11.311 10.630 9.948 9.510 9.287 9.064 8.841 8.618 8.395 8.296 8.215 8.134 8.053 7.926 7.757 7.588 7.420 7.255 7.296 7.338 7.379 7.395 7.407 7.420 7.433 7.521 7.617 7.712 7.808 7.904 8.168 8.443 8.719 8.975 9.220 9.465 9.710 9.955 10.200 10.445 10.260 10.032 10.015 10.065 10.114 10.163 10.213 10.262 10.312 10.361 10.373 10.048 9.627 9.210 8.839 8.468 8.097 7.726 7.355 7.002 7.202 7.403 7.604 7.805
