includes/overflow_coast_co/floodfiles/results_R2_t1.605555492999E12 submersion faible - st pierre rupture dune49 et surverse dune11/res-0005.wd
ncols         906
nrows         631
xllcorner     362177.146666679996997
yllcorner     6534725.688019599765539
cellsize      20.000000000000000
NODATA_value  -9999.000000
[rows 374 to 407 of 631, columns 770 to 846 of 906]
3.148 3.034 3.175 3.303 3.381 3.460 3.538 3.616 3.695 3.773 3.806 3.826 3.847 3.867 3.887 3.907 3.928 3.946 3.952 3.957 3.962 3.968 3.973 3.979 3.986 4.000 4.014 4.028 4.042 4.056 4.070 4.084 4.099 4.119 4.139 4.158 4.178 4.197 4.217 4.236 4.256 4.275 4.295 4.314 4.334 4.365 4.396 4.427 4.459 4.491 4.512 4.531 4.551 4.570 4.590 4.609 4.629 4.648 4.668 4.687 4.707 4.726 4.746 4.744 4.723 4.702 4.682 4.661 4.640 4.620 4.599 4.531 4.368 4.205 4.042 3.879 3.717
3.018 3.159 3.301 3.426 3.504 3.583 3.661 3.740 3.795 3.815 3.835 3.855 3.876 3.896 3.916 3.936 3.957 3.974 3.979 3.985 3.990 3.996 4.001 4.007 4.012 4.018 4.030 4.044 4.058 4.072 4.086 4.100 4.116 4.136 4.156 4.175 4.195 4.214 4.234 4.253 4.273 4.292 4.315 4.346 4.378 4.409 4.440 4.472 4.504 4.536 4.568 4.589 4.608 4.628 4.647 4.667 4.686 4.706 4.725 4.745 4.764 4.784 4.803 4.793 4.772 4.751 4.731 4.710 4.690 4.669 4.648 4.628 4.555 4.392 4.229 4.067 3.904
3.144 3.285 3.426 3.549 3.628 3.706 3.783 3.804 3.824 3.844 3.864 3.885 3.905 3.925 3.945 3.965 3.985 4.002 4.007 4.013 4.018 4.023 4.029 4.034 4.040 4.045 4.050 4.061 4.075 4.089 4.103 4.117 4.133 4.153 4.173 4.192 4.212 4.231 4.251 4.270 4.297 4.328 4.359 4.391 4.422 4.453 4.485 4.516 4.548 4.580 4.613 4.645 4.666 4.685 4.705 4.724 4.744 4.763 4.783 4.802 4.822 4.841 4.861 4.842 4.821 4.801 4.780 4.760 4.739 4.718 4.697 4.677 4.656 4.579 4.417 4.254 4.112
3.291 3.411 3.552 3.673 3.751 3.792 3.813 3.833 3.853 3.873 3.893 3.914 3.934 3.954 3.974 3.994 4.014 4.029 4.035 4.040 4.046 4.051 4.056 4.062 4.067 4.073 4.078 4.083 4.091 4.105 4.119 4.133 4.150 4.170 4.190 4.209 4.229 4.248 4.278 4.310 4.341 4.372 4.404 4.435 4.466 4.498 4.529 4.561 4.593 4.625 4.657 4.689 4.721 4.743 4.762 4.782 4.801 4.821 4.840 4.860 4.879 4.899 4.912 4.891 4.870 4.850 4.829 4.809 4.788 4.767 4.747 4.726 4.705 4.685 4.604 4.441 4.324
3.461 3.576 3.691 3.781 3.801 3.821 3.842 3.862 3.882 3.902 3.922 3.943 3.963 3.983 4.003 4.023 4.044 4.057 4.063 4.068 4.073 4.079 4.084 4.090 4.095 4.100 4.106 4.111 4.117 4.122 4.136 4.150 4.168 4.187 4.207 4.229 4.260 4.291 4.323 4.354 4.385 4.417 4.448 4.479 4.511 4.542 4.574 4.605 4.637 4.670 4.702 4.734 4.766 4.798 4.820 4.839 4.859 4.878 4.898 4.917 4.937 4.956 4.961 4.940 4.920 4.899 4.878 4.858 4.837 4.817 4.796 4.776 4.755 4.734 4.714 4.629 4.536
3.632 3.747 3.788 3.811 3.830 3.850 3.871 3.891 3.911 3.931 3.951 3.972 3.992 4.012 4.032 4.052 4.073 4.085 4.090 4.096 4.101 4.107 4.112 4.117 4.123 4.128 4.133 4.139 4.144 4.150 4.155 4.166 4.185 4.210 4.242 4.273 4.305 4.336 4.367 4.399 4.430 4.461 4.493 4.524 4.555 4.586 4.618 4.650 4.682 4.714 4.746 4.778 4.811 4.843 4.875 4.897 4.916 4.936 4.955 4.975 4.994 5.014 5.010 4.989 4.969 4.948 4.928 4.907 4.887 4.866 4.845 4.825 4.804 4.784 4.763 4.744 4.712
3.766 3.793 3.820 3.843 3.862 3.880 3.900 3.920 3.940 3.960 3.981 4.001 4.021 4.041 4.061 4.081 4.102 4.113 4.118 4.124 4.129 4.134 4.140 4.145 4.150 4.156 4.161 4.166 4.172 4.177 4.183 4.202 4.223 4.255 4.286 4.318 4.349 4.380 4.412 4.443 4.474 4.506 4.537 4.568 4.600 4.631 4.662 4.694 4.726 4.759 4.791 4.823 4.855 4.887 4.919 4.952 4.974 4.993 5.013 5.032 5.052 5.071 5.059 5.039 5.018 4.998 4.977 4.956 4.936 4.915 4.895 4.874 4.854 4.835 4.816 4.798 4.811
3.798 3.825 3.852 3.874 3.893 3.912 3.930 3.949 3.969 3.989 4.010 4.030 4.050 4.070 4.090 4.110 4.131 4.140 4.146 4.151 4.157 4.162 4.167 4.173 4.178 4.184 4.189 4.194 4.200 4.219 4.243 4.267 4.281 4.299 4.331 4.362 4.394 4.425 4.456 4.488 4.519 4.550 4.581 4.613 4.644 4.675 4.707 4.739 4.771 4.803 4.835 4.868 4.900 4.932 4.964 4.996 5.028 5.051 5.070 5.090 5.109 5.129 5.108 5.088 5.067 5.047 5.026 5.006 4.985 4.965 4.945 4.926 4.908 4.889 4.871 4.855 4.870
3.830 3.857 3.885 3.906 3.924 3.943 3.962 3.980 3.999 4.018 4.039 4.059 4.079 4.099 4.119 4.139 4.160 4.168 4.174 4.179 4.184 4.190 4.195 4.201 4.206 4.211 4.217 4.236 4.261 4.285 4.309 4.332 4.346 4.360 4.375 4.407 4.438 4.469 4.501 4.532 4.563 4.595 4.626 4.657 4.689 4.720 4.751 4.784 4.816 4.848 4.880 4.912 4.944 4.976 5.009 5.041 5.073 5.105 5.128 5.148 5.167 5.178 5.158 5.137 5.117 5.096 5.076 5.055 5.036 5.018 4.999 4.981 4.962 4.944 4.925 4.914 4.929
3.862 3.890 3.917 3.937 3.956 3.974 3.993 4.012 4.030 4.049 4.068 4.088 4.108 4.128 4.148 4.168 4.189 4.196 4.201 4.207 4.212 4.217 4.223 4.228 4.234 4.254 4.278 4.302 4.327 4.351 4.375 4.396 4.410 4.424 4.438 4.452 4.483 4.514 4.545 4.577 4.608 4.639 4.670 4.702 4.733 4.764 4.796 4.828 4.860 4.892 4.925 4.957 4.989 5.021 5.053 5.085 5.117 5.149 5.182 5.205 5.225 5.228 5.207 5.186 5.166 5.146 5.128 5.109 5.090 5.072 5.053 5.035 5.016 4.998 4.979 4.973 4.988
3.895 3.922 3.949 3.969 3.987 4.006 4.024 4.043 4.061 4.080 4.099 4.117 4.137 4.157 4.177 4.198 4.218 4.224 4.229 4.235 4.240 4.245 4.251 4.271 4.295 4.320 4.344 4.368 4.393 4.417 4.441 4.461 4.475 4.489 4.503 4.517 4.531 4.558 4.590 4.621 4.652 4.684 4.715 4.746 4.778 4.809 4.841 4.873 4.905 4.937 4.969 5.001 5.033 5.065 5.098 5.130 5.162 5.194 5.226 5.258 5.282 5.277 5.256 5.237 5.219 5.200 5.182 5.163 5.145 5.126 5.108 5.089 5.071 5.052 5.034 5.032 5.047
3.927 3.954 3.981 4.000 4.019 4.037 4.056 4.074 4.093 4.111 4.130 4.148 4.167 4.186 4.206 4.227 4.246 4.252 4.257 4.262 4.268 4.288 4.313 4.337 4.361 4.386 4.410 4.434 4.459 4.483 4.507 4.525 4.539 4.553 4.567 4.581 4.595 4.609 4.634 4.666 4.697 4.728 4.759 4.791 4.822 4.853 4.885 4.917 4.950 4.982 5.014 5.046 5.078 5.110 5.142 5.174 5.206 5.239 5.271 5.303 5.334 5.329 5.310 5.292 5.273 5.255 5.236 5.218 5.199 5.181 5.162 5.144 5.125 5.106 5.088 5.091 5.106
3.959 3.986 4.013 4.031 4.050 4.068 4.087 4.106 4.124 4.143 4.161 4.180 4.198 4.217 4.236 4.256 4.274 4.279 4.285 4.306 4.330 4.354 4.379 4.403 4.427 4.452 4.476 4.501 4.525 4.549 4.574 4.590 4.604 4.618 4.632 4.646 4.660 4.674 4.687 4.710 4.741 4.773 4.804 4.835 4.867 4.898 4.930 4.962 4.994 5.026 5.058 5.091 5.123 5.155 5.187 5.219 5.251 5.283 5.313 5.341 5.370 5.372 5.364 5.346 5.327 5.309 5.290 5.272 5.253 5.235 5.216 5.198 5.179 5.161 5.142 5.150 5.165
3.991 4.018 4.044 4.063 4.081 4.100 4.118 4.137 4.156 4.174 4.193 4.211 4.230 4.249 4.267 4.286 4.302 4.323 4.347 4.372 4.396 4.420 4.445 4.469 4.494 4.518 4.542 4.567 4.591 4.615 4.640 4.654 4.668 4.682 4.696 4.710 4.724 4.738 4.752 4.766 4.786 4.817 4.849 4.880 4.911 4.942 4.975 5.007 5.039 5.071 5.103 5.135 5.167 5.200 5.232 5.262 5.291 5.320 5.349 5.377 5.403 5.404 5.404 5.400 5.382 5.363 5.345 5.326 5.308 5.289 5.271 5.252 5.234 5.215 5.197 5.209 5.224
4.023 4.050 4.076 4.094 4.113 4.131 4.150 4.168 4.187 4.205 4.224 4.243 4.261 4.280 4.298 4.322 4.352 4.389 4.414 4.438 4.462 4.487 4.511 4.535 4.560 4.584 4.608 4.633 4.657 4.682 4.705 4.719 4.733 4.747 4.761 4.775 4.789 4.803 4.817 4.831 4.844 4.862 4.893 4.924 4.956 4.987 5.019 5.051 5.084 5.116 5.148 5.180 5.212 5.241 5.270 5.298 5.327 5.356 5.384 5.413 5.435 5.435 5.436 5.436 5.436 5.418 5.399 5.381 5.362 5.344 5.325 5.307 5.288 5.270 5.254 5.269 5.284
4.055 4.083 4.107 4.126 4.144 4.163 4.181 4.200 4.218 4.237 4.255 4.274 4.293 4.315 4.340 4.365 4.397 4.438 4.478 4.504 4.528 4.553 4.577 4.601 4.626 4.650 4.674 4.699 4.723 4.748 4.770 4.784 4.798 4.811 4.825 4.839 4.853 4.867 4.881 4.895 4.909 4.923 4.938 4.969 5.000 5.032 5.064 5.096 5.128 5.160 5.191 5.219 5.248 5.277 5.306 5.334 5.363 5.392 5.420 5.449 5.467 5.467 5.468 5.468 5.469 5.469 5.454 5.435 5.417 5.398 5.379 5.361 5.343 5.324 5.313 5.328 5.343
4.088 4.115 4.138 4.157 4.175 4.194 4.213 4.231 4.250 4.268 4.287 4.308 4.333 4.358 4.383 4.408 4.442 4.483 4.524 4.564 4.594 4.619 4.643 4.668 4.692 4.716 4.741 4.765 4.789 4.814 4.834 4.848 4.862 4.876 4.890 4.904 4.918 4.932 4.946 4.960 4.974 4.987 5.001 5.015 5.045 5.077 5.109 5.141 5.169 5.198 5.227 5.255 5.284 5.313 5.342 5.370 5.399 5.428 5.456 5.485 5.499 5.499 5.500 5.500 5.501 5.501 5.502 5.490 5.471 5.452 5.434 5.415 5.397 5.378 5.372 5.387 5.402
4.120 4.147 4.170 4.188 4.207 4.225 4.244 4.263 4.281 4.302 4.327 4.352 4.376 4.401 4.426 4.451 4.487 4.528 4.569 4.610 4.650 4.685 4.709 4.734 4.758 4.782 4.807 4.831 4.855 4.880 4.899 4.913 4.927 4.941 4.955 4.969 4.983 4.997 5.010 5.024 5.038 5.052 5.066 5.080 5.094 5.119 5.148 5.177 5.205 5.234 5.263 5.291 5.320 5.349 5.377 5.406 5.435 5.464 5.492 5.521 5.531 5.531 5.532 5.532 5.533 5.533 5.533 5.534 5.525 5.507 5.488 5.470 5.451 5.433 5.431 5.446 5.461
4.152 4.179 4.201 4.220 4.238 4.257 4.275 4.295 4.320 4.345 4.370 4.395 4.420 4.445 4.469 4.494 4.532 4.573 4.614 4.655 4.695 4.736 4.775 4.800 4.824 4.848 4.873 4.897 4.921 4.946 4.964 4.978 4.992 5.005 5.019 5.033 5.047 5.061 5.075 5.089 5.103 5.117 5.130 5.142 5.154 5.161 5.184 5.213 5.241 5.270 5.299 5.327 5.356 5.385 5.413 5.442 5.471 5.500 5.528 5.557 5.563 5.563 5.564 5.564 5.565 5.565 5.565 5.566 5.566 5.561 5.543 5.524 5.506 5.487 5.490 5.505 5.520
4.184 4.211 4.232 4.251 4.270 4.288 4.313 4.338 4.363 4.388 4.413 4.438 4.463 4.488 4.513 4.538 4.577 4.618 4.659 4.700 4.741 4.781 4.822 4.863 4.890 4.915 4.939 4.963 4.988 5.012 5.028 5.042 5.056 5.070 5.084 5.098 5.112 5.126 5.140 5.154 5.166 5.178 5.190 5.202 5.213 5.219 5.226 5.249 5.277 5.306 5.335 5.363 5.392 5.421 5.450 5.478 5.507 5.536 5.565 5.593 5.595 5.595 5.596 5.596 5.597 5.597 5.597 5.598 5.598 5.599 5.597 5.579 5.560 5.542 5.549 5.564 5.579
4.216 4.243 4.264 4.282 4.307 4.332 4.357 4.381 4.406 4.431 4.456 4.481 4.506 4.531 4.556 4.582 4.622 4.663 4.704 4.745 4.786 4.826 4.867 4.908 4.949 4.981 5.005 5.029 5.054 5.078 5.093 5.107 5.121 5.135 5.149 5.163 5.177 5.190 5.202 5.214 5.226 5.237 5.249 5.261 5.271 5.278 5.284 5.290 5.313 5.342 5.371 5.399 5.428 5.457 5.486 5.514 5.543 5.572 5.601 5.626 5.627 5.627 5.628 5.628 5.628 5.629 5.629 5.630 5.630 5.631 5.631 5.632 5.615 5.596 5.609 5.624 5.639
4.250 4.276 4.300 4.325 4.350 4.375 4.400 4.425 4.449 4.474 4.499 4.524 4.549 4.574 4.599 4.627 4.667 4.708 4.749 4.790 4.831 4.872 4.912 4.953 4.994 5.035 5.071 5.095 5.120 5.144 5.158 5.172 5.185 5.199 5.213 5.226 5.238 5.250 5.261 5.273 5.285 5.297 5.309 5.321 5.329 5.336 5.342 5.349 5.355 5.378 5.407 5.436 5.464 5.493 5.522 5.550 5.579 5.608 5.637 5.658 5.659 5.659 5.659 5.660 5.660 5.661 5.661 5.662 5.662 5.663 5.663 5.664 5.664 5.653 5.668 5.682 5.696
4.282 4.306 4.339 4.368 4.393 4.418 4.443 4.468 4.493 4.518 4.542 4.567 4.592 4.617 4.642 4.672 4.713 4.753 4.794 4.835 4.876 4.917 4.957 4.998 5.039 5.080 5.121 5.161 5.186 5.208 5.222 5.236 5.250 5.262 5.273 5.285 5.297 5.309 5.321 5.333 5.345 5.357 5.368 5.380 5.388 5.394 5.401 5.407 5.414 5.420 5.443 5.472 5.500 5.529 5.558 5.587 5.615 5.644 5.673 5.690 5.691 5.691 5.691 5.692 5.692 5.693 5.693 5.694 5.694 5.695 5.695 5.696 5.696 5.714 5.725 5.739 5.753
4.312 4.336 4.370 4.404 4.436 4.461 4.486 4.511 4.536 4.561 4.586 4.611 4.636 4.660 4.685 4.717 4.758 4.798 4.839 4.880 4.921 4.962 5.002 5.043 5.084 5.125 5.166 5.207 5.247 5.273 5.286 5.297 5.309 5.321 5.333 5.345 5.357 5.369 5.380 5.392 5.404 5.416 5.428 5.440 5.446 5.453 5.459 5.465 5.472 5.478 5.485 5.508 5.536 5.565 5.594 5.623 5.651 5.680 5.709 5.722 5.723 5.723 5.724 5.724 5.725 5.725 5.725 5.726 5.726 5.727 5.727 5.742 5.761 5.779 5.787 5.796 5.810
4.341 4.367 4.401 4.435 4.469 4.503 4.529 4.554 4.579 4.604 4.629 4.654 4.679 4.704 4.729 4.762 4.803 4.843 4.884 4.925 4.966 5.007 5.048 5.088 5.129 5.170 5.211 5.252 5.290 5.324 5.345 5.357 5.369 5.381 5.392 5.404 5.416 5.428 5.440 5.452 5.464 5.475 5.487 5.498 5.505 5.511 5.517 5.524 5.530 5.537 5.543 5.550 5.573 5.601 5.630 5.659 5.688 5.716 5.745 5.754 5.755 5.755 5.756 5.756 5.756 5.757 5.757 5.758 5.758 5.769 5.788 5.807 5.827 5.844 5.852 5.860 5.868
4.371 4.398 4.432 4.466 4.499 4.533 4.567 4.597 4.622 4.647 4.672 4.697 4.722 4.747 4.772 4.807 4.848 4.888 4.929 4.970 5.011 5.052 5.093 5.133 5.174 5.215 5.253 5.291 5.329 5.362 5.393 5.416 5.428 5.440 5.452 5.464 5.476 5.488 5.499 5.511 5.523 5.535 5.547 5.556 5.563 5.569 5.576 5.582 5.589 5.595 5.602 5.608 5.614 5.637 5.666 5.695 5.724 5.752 5.781 5.786 5.787 5.787 5.788 5.788 5.788 5.789 5.789 5.797 5.815 5.834 5.853 5.873 5.891 5.909 5.917 5.925 5.934
4.401 4.429 4.463 4.497 4.530 4.564 4.598 4.632 4.665 4.690 4.715 4.740 4.765 4.790 4.815 4.852 4.893 4.933 4.974 5.015 5.056 5.097 5.138 5.178 5.216 5.254 5.292 5.330 5.368 5.400 5.431 5.462 5.488 5.500 5.511 5.523 5.535 5.547 5.559 5.571 5.583 5.594 5.606 5.615 5.621 5.628 5.634 5.641 5.647 5.653 5.660 5.666 5.673 5.679 5.702 5.731 5.760 5.788 5.817 5.818 5.819 5.819 5.820 5.820 5.820 5.824 5.843 5.862 5.880 5.899 5.918 5.937 5.957 5.974 5.982 5.990 5.999
4.430 4.460 4.494 4.527 4.561 4.595 4.629 4.663 4.696 4.730 4.758 4.783 4.808 4.833 4.858 4.897 4.938 4.978 5.019 5.060 5.101 5.141 5.179 5.217 5.255 5.293 5.331 5.369 5.407 5.438 5.469 5.500 5.530 5.559 5.571 5.583 5.595 5.606 5.618 5.630 5.642 5.654 5.666 5.673 5.680 5.686 5.693 5.699 5.705 5.712 5.718 5.725 5.731 5.738 5.744 5.767 5.796 5.825 5.850 5.851 5.851 5.851 5.852 5.852 5.870 5.889 5.908 5.927 5.946 5.965 5.983 6.003 6.022 6.039 6.047 6.055 6.064
4.460 4.491 4.524 4.558 4.592 4.626 4.660 4.693 4.727 4.761 4.795 4.826 4.851 4.876 4.901 4.942 4.983 5.023 5.064 5.104 5.142 5.180 5.218 5.256 5.294 5.332 5.370 5.408 5.446 5.476 5.507 5.538 5.568 5.599 5.630 5.642 5.654 5.666 5.678 5.690 5.702 5.714 5.725 5.731 5.738 5.744 5.751 5.757 5.764 5.770 5.777 5.783 5.790 5.796 5.802 5.809 5.832 5.861 5.882 5.882 5.883 5.883 5.897 5.916 5.935 5.954 5.973 5.992 6.011 6.030 6.049 6.068 6.087 6.104 6.112 6.120 6.128
4.489 4.521 4.555 4.589 4.623 4.657 4.690 4.724 4.758 4.792 4.826 4.860 4.894 4.919 4.946 4.987 5.028 5.067 5.105 5.143 5.181 5.219 5.257 5.295 5.333 5.371 5.409 5.447 5.484 5.514 5.545 5.575 5.606 5.637 5.668 5.698 5.714 5.726 5.737 5.749 5.761 5.773 5.783 5.790 5.796 5.803 5.809 5.816 5.822 5.829 5.835 5.842 5.848 5.854 5.861 5.868 5.874 5.897 5.914 5.915 5.924 5.943 5.962 5.981 6.000 6.019 6.038 6.057 6.076 6.095 6.114 6.133 6.152 6.169 6.177 6.185 6.193
4.519 4.552 4.586 4.620 4.653 4.687 4.721 4.755 4.789 4.823 4.857 4.891 4.924 4.958 4.991 5.030 5.068 5.106 5.144 5.182 5.220 5.258 5.296 5.334 5.372 5.410 5.448 5.486 5.522 5.552 5.583 5.613 5.644 5.675 5.706 5.736 5.767 5.785 5.797 5.809 5.821 5.832 5.842 5.848 5.855 5.861 5.868 5.874 5.881 5.887 5.893 5.900 5.906 5.913 5.919 5.926 5.932 5.939 5.951 5.970 5.989 6.008 6.027 6.046 6.065 6.084 6.103 6.122 6.141 6.160 6.179 6.198 6.217 6.234 6.242 6.250 6.258
4.549 4.583 4.617 4.651 4.684 4.718 4.752 4.786 4.820 4.854 4.887 4.921 4.955 4.992 5.029 5.069 5.107 5.145 5.183 5.221 5.259 5.297 5.335 5.373 5.411 5.449 5.487 5.525 5.559 5.590 5.621 5.651 5.682 5.713 5.744 5.774 5.805 5.836 5.856 5.868 5.880 5.892 5.900 5.907 5.913 5.920 5.926 5.933 5.939 5.945 5.952 5.958 5.965 5.971 5.979 5.987 5.996 6.005 6.027 6.037 6.054 6.073 6.092 6.111 6.130 6.149 6.168 6.187 6.206 6.225 6.244 6.263 6.282 6.299 6.307 6.315 6.323
4.580 4.614 4.648 4.681 4.715 4.749 4.783 4.817 4.850 4.884 4.918 4.955 4.992 5.028 5.066 5.106 5.146 5.184 5.222 5.260 5.298 5.336 5.374 5.412 5.450 5.488 5.526 5.564 5.597 5.628 5.659 5.689 5.720 5.751 5.782 5.812 5.843 5.874 5.904 5.928 5.940 5.952 5.958 5.965 5.971 5.978 5.984 5.991 5.997 6.004 6.012 6.021 6.029 6.038 6.046 6.055 6.063 6.085 6.112 6.122 6.131 6.141 6.157 6.176 6.195 6.214 6.233 6.252 6.271 6.290 6.309 6.328 6.347 6.364 6.372 6.380 6.388
4.611 4.645 4.678 4.712 4.746 4.780 4.814 4.847 4.881 4.918 4.955 4.992 5.028 5.065 5.103 5.143 5.183 5.222 5.261 5.299 5.337 5.375 5.413 5.451 5.489 5.527 5.565 5.603 5.635 5.666 5.697 5.728 5.758 5.789 5.820 5.850 5.881 5.912 5.942 5.973 5.999 6.010 6.017 6.023 6.030 6.037 6.046 6.054 6.063 6.071 6.080 6.088 6.097 6.106 6.114 6.123 6.136 6.165 6.195 6.206 6.216 6.225 6.235 6.244 6.260 6.279 6.298 6.317 6.336 6.355 6.374 6.393 6.412 6.429 6.437 6.445 6.453
