includes/overflow_coast_co/floodfiles/results_R2_t1.605555492999E12 submersion faible - st pierre rupture dune49 et surverse dune11/res-0009.wdfp
ncols         906
nrows         631
xllcorner     362177.146666679996997
yllcorner     6534725.688019599765539
cellsize      20.000000000000000
NODATA_value  -9999.000000
[rows 476 to 509 of 631, columns 231 to 307 of 906]
0.012 0.014 0.014 0.461 0.069 0.029 0.090 0.081 0.000 0.005 0.059 0.000 0.178 0.187 0.195 0.206 0.218 0.231 0.001 0.110 0.102 0.098 0.093 0.000 0.003 0.015 0.003 0.077 0.021 0.054 0.000 0.083 0.038 0.084 0.064 0.037 0.015 0.037 0.020 0.000 0.000 0.345 0.336 0.151 0.020 0.077 0.000 0.070 0.060 0.000 0.000 0.053 0.043 0.000 0.000 0.000 0.000 0.000 0.000 0.000 0.000 0.000 0.000 0.000 0.145 0.000 0.000 0.000 0.000 0.000 0.000 0.000 0.000 0.000 0.000 0.000 0.374
0.440 0.000 0.052 0.028 0.108 0.027 0.116 0.094 0.448 0.461 0.050 0.180 0.189 0.199 0.000 0.217 0.230 0.243 0.256 0.000 0.144 0.000 0.000 0.117 0.003 0.008 0.444 0.000 0.000 0.077 0.000 0.094 0.000 0.000 0.477 0.006 0.123 0.000 0.022 0.000 0.343 0.351 0.344 0.004 0.004 0.000 0.000 0.001 0.000 0.001 0.000 0.000 0.073 0.002 0.044 0.000 0.000 0.166 0.225 0.005 0.000 0.000 0.000 0.000 0.000 0.000 0.000 0.000 0.000 0.000 0.000 0.000 0.000 0.000 0.000 0.474 0.444
0.457 0.008 0.027 0.000 0.056 0.085 0.094 0.063 0.461 0.000 0.011 0.000 0.199 0.211 0.220 0.229 0.239 0.000 0.000 0.000 0.151 0.176 0.167 0.159 0.152 0.147 0.000 0.000 0.118 0.114 0.000 0.116 0.002 0.006 0.023 0.076 0.000 0.000 0.009 0.002 0.361 0.381 0.376 0.002 0.006 0.044 0.054 0.008 0.027 0.088 0.003 0.005 0.001 0.043 0.000 0.000 0.000 0.000 0.000 0.000 0.000 0.000 0.000 0.000 0.000 0.000 0.000 0.000 0.000 0.000 0.000 0.000 0.000 0.000 0.000 0.344 0.224
0.064 0.012 0.074 0.494 0.011 0.000 0.093 0.062 0.050 0.030 0.000 0.002 0.000 0.000 0.232 0.000 0.224 0.194 0.151 0.129 0.133 0.154 0.181 0.201 0.195 0.188 0.178 0.166 0.160 0.156 0.151 0.147 0.138 0.002 0.500 0.018 0.000 0.226 0.222 0.240 0.288 0.027 0.015 0.016 0.000 0.094 0.054 0.015 0.002 0.007 0.009 0.000 0.000 0.002 0.000 0.000 0.000 0.000 0.063 0.000 0.000 0.000 0.000 0.000 0.000 0.000 0.000 0.000 0.000 0.000 0.000 0.000 0.000 0.000 0.000 0.000 0.000
0.000 0.011 0.000 0.005 0.008 0.028 0.028 0.038 0.039 0.090 0.011 0.002 0.000 0.003 0.001 0.001 0.000 0.000 0.119 0.103 0.110 0.131 0.158 0.186 0.216 0.230 0.000 0.206 0.201 0.197 0.000 0.188 0.180 0.167 0.016 0.000 0.251 0.260 0.254 0.253 0.241 0.000 0.000 0.010 0.014 0.005 0.003 0.191 0.000 0.000 0.022 0.007 0.002 0.000 0.000 0.005 0.000 0.000 0.000 0.000 0.000 0.000 0.000 0.000 0.000 0.000 0.000 0.000 0.000 0.000 0.000 0.000 0.000 0.000 0.000 0.000 0.000
0.000 0.015 0.485 0.005 0.020 0.000 0.102 0.064 0.002 0.040 0.002 0.002 0.000 0.001 0.000 0.053 0.000 0.000 0.000 0.070 0.085 0.107 0.134 0.163 0.192 0.219 0.240 0.248 0.243 0.238 0.233 0.230 0.223 0.210 0.000 0.281 0.268 0.000 0.262 0.234 0.208 0.002 0.000 0.000 0.005 0.006 0.000 0.030 0.060 0.000 0.000 0.008 0.000 0.072 0.000 0.095 0.025 0.000 0.000 0.000 0.000 0.000 0.000 0.000 0.000 0.000 0.000 0.000 0.000 0.000 0.000 0.000 0.000 0.000 0.000 0.000 0.000
0.000 0.490 0.000 0.048 0.000 0.018 0.054 0.000 0.082 0.000 0.114 0.001 0.113 0.001 0.023 0.000 0.103 0.000 0.000 0.000 0.058 0.084 0.111 0.140 0.170 0.000 0.214 0.245 0.276 0.279 0.275 0.272 0.000 0.000 0.255 0.000 0.275 0.242 0.234 0.211 0.183 0.004 0.008 0.020 0.066 0.000 0.035 0.028 0.003 0.037 0.017 0.000 0.004 0.000 0.002 0.095 0.000 0.000 0.000 0.000 0.000 0.000 0.000 0.000 0.000 0.000 0.000 0.000 0.000 0.000 0.000 0.000 0.000 0.000 0.000 0.000 0.000
0.024 0.006 0.000 0.068 0.058 0.048 0.028 0.040 0.000 0.002 0.000 0.103 0.592 0.000 0.113 0.000 0.103 0.000 0.000 0.000 0.035 0.000 0.088 0.000 0.000 0.000 0.189 0.220 0.250 0.282 0.314 0.316 0.317 0.307 0.287 0.263 0.255 0.235 0.217 0.194 0.165 0.007 0.365 0.000 0.036 0.009 0.018 0.000 0.000 0.000 0.002 0.076 0.002 0.003 0.001 0.000 0.033 0.000 0.219 0.000 0.000 0.000 0.000 0.000 0.000 0.000 0.000 0.000 0.000 0.000 0.000 0.000 0.000 0.000 0.000 0.000 0.000
0.001 0.487 0.000 0.000 0.026 0.496 0.009 0.054 0.005 0.017 0.000 0.000 0.000 0.000 0.000 0.000 0.000 0.144 0.000 0.000 0.012 0.039 0.000 0.045 0.076 0.000 0.000 0.194 0.222 0.251 0.279 0.000 0.355 0.323 0.293 0.266 0.247 0.226 0.207 0.185 0.157 0.000 0.000 0.147 0.006 0.007 0.000 0.000 0.002 0.002 0.006 0.000 0.000 0.000 0.043 0.000 0.002 0.000 0.000 0.001 0.000 0.000 0.000 0.000 0.000 0.000 0.000 0.000 0.000 0.000 0.000 0.012 0.000 0.000 0.000 0.000 0.083
0.004 0.000 0.000 0.018 0.516 0.029 0.481 0.466 0.000 0.087 0.000 0.000 0.003 0.002 0.000 0.056 0.000 0.014 0.074 0.000 0.002 0.011 0.014 0.023 0.053 0.000 0.054 0.000 0.193 0.218 0.219 0.246 0.000 0.334 0.297 0.267 0.241 0.219 0.200 0.186 0.158 0.000 0.000 0.000 0.355 0.003 0.000 0.003 0.003 0.036 0.000 0.103 0.063 0.000 0.001 0.001 0.000 0.000 0.000 0.000 0.000 0.000 0.000 0.000 0.000 0.000 0.000 0.000 0.000 0.033 0.053 0.000 0.000 0.000 0.000 0.122 0.000
0.003 0.001 0.000 0.000 0.035 0.003 0.493 0.502 0.462 0.000 0.000 0.000 0.019 0.002 0.005 0.116 0.000 0.000 0.000 0.000 0.000 0.000 0.001 0.004 0.022 0.025 0.031 0.049 0.000 0.000 0.193 0.251 0.283 0.000 0.306 0.264 0.234 0.208 0.192 0.000 0.165 0.000 0.428 0.395 0.362 0.009 0.032 0.004 0.001 0.000 0.001 0.000 0.000 0.000 0.000 0.001 0.000 0.001 0.000 0.000 0.000 0.000 0.000 0.000 0.000 0.202 0.000 0.000 0.061 0.000 0.000 0.043 0.033 0.000 0.000 0.000 0.000
0.003 0.000 0.006 0.002 0.008 0.035 0.013 0.019 0.001 0.000 0.438 0.003 0.007 0.000 0.025 0.001 0.000 0.000 0.000 0.000 0.000 0.000 0.000 0.000 0.007 0.000 0.005 0.016 0.030 0.096 0.176 0.240 0.000 0.000 0.325 0.268 0.219 0.185 0.000 0.507 0.000 0.468 0.049 0.402 0.000 0.092 0.032 0.007 0.048 0.000 0.033 0.000 0.000 0.000 0.113 0.001 0.002 0.000 0.000 0.000 0.000 0.000 0.000 0.000 0.000 0.000 0.000 0.012 0.000 0.087 0.002 0.001 0.013 0.093 0.000 0.000 0.015
0.007 0.009 0.009 0.006 0.000 0.035 0.000 0.553 0.005 0.006 0.082 0.005 0.001 0.014 0.001 0.103 0.002 0.000 0.000 0.000 0.000 0.000 0.000 0.000 0.003 0.000 0.002 0.011 0.036 0.101 0.165 0.225 0.239 0.000 0.000 0.249 0.202 0.155 0.099 0.000 0.002 0.000 0.025 0.059 0.376 0.000 0.000 0.068 0.018 0.000 0.001 0.000 0.000 0.000 0.000 0.025 0.001 0.000 0.000 0.000 0.000 0.000 0.007 0.000 0.007 0.000 0.017 0.000 0.000 0.017 0.001 0.002 0.000 0.000 0.000 0.000 0.086
0.005 0.000 0.000 0.029 0.000 0.037 0.006 0.601 0.000 0.004 0.000 0.000 0.000 0.000 0.072 0.000 0.072 0.000 0.021 0.000 0.000 0.000 0.000 0.000 0.002 0.003 0.004 0.009 0.041 0.105 0.168 0.231 0.254 0.000 0.232 0.216 0.179 0.136 0.089 0.000 0.003 0.000 0.419 0.000 0.000 0.000 0.121 0.000 0.000 0.001 0.002 0.000 0.000 0.000 0.073 0.003 0.000 0.000 0.000 0.000 0.235 0.000 0.187 0.077 0.077 0.087 0.077 0.000 0.000 0.004 0.001 0.000 0.001 0.000 0.172 0.062 0.016
0.004 0.000 0.000 0.000 0.008 0.030 0.030 0.000 0.000 0.002 0.542 0.000 0.000 0.067 0.000 0.000 0.000 0.002 0.000 0.000 0.000 0.000 0.000 0.000 0.035 0.000 0.000 0.007 0.052 0.117 0.180 0.243 0.265 0.000 0.235 0.198 0.160 0.120 0.077 0.000 0.003 0.000 0.012 0.004 0.000 0.082 0.000 0.000 0.000 0.000 0.002 0.000 0.003 0.003 0.002 0.000 0.000 0.000 0.000 0.185 0.205 0.000 0.117 0.077 0.097 0.077 0.000 0.000 0.099 0.069 0.001 0.001 0.063 0.000 0.013 0.004 0.008
0.002 0.003 0.004 0.003 0.016 0.039 0.045 0.034 0.016 0.005 0.000 0.000 0.007 0.157 0.016 0.016 0.000 0.000 0.000 0.000 0.000 0.000 0.000 0.000 0.064 0.128 0.000 0.013 0.068 0.138 0.201 0.256 0.275 0.228 0.210 0.179 0.143 0.104 0.063 0.012 0.003 0.000 0.027 0.000 0.000 0.000 0.000 0.001 0.000 0.002 0.001 0.002 0.002 0.002 0.003 0.000 0.000 0.002 0.094 0.000 0.000 0.000 0.097 0.097 0.000 0.000 0.000 0.025 0.003 0.000 0.036 0.046 0.000 0.029 0.015 0.128 0.006
0.007 0.000 0.000 0.007 0.016 0.000 0.000 0.030 0.021 0.000 0.000 0.000 0.047 0.000 0.000 0.002 0.380 0.000 0.000 0.200 0.001 0.000 0.000 0.001 0.000 0.000 0.000 0.000 0.068 0.000 0.000 0.260 0.278 0.234 0.198 0.163 0.127 0.090 0.052 0.011 0.000 0.028 0.024 0.000 0.000 0.000 0.001 0.002 0.001 0.002 0.002 0.002 0.002 0.001 0.000 0.000 0.004 0.001 0.000 0.001 0.000 0.110 0.005 0.036 0.000 0.021 0.000 0.034 0.024 0.002 0.026 0.000 0.001 0.013 0.016 0.000 0.095
0.007 0.004 0.003 0.000 0.012 0.008 0.008 0.026 0.026 0.000 0.000 0.000 0.000 0.001 0.001 0.000 0.039 0.385 0.049 0.000 0.001 0.000 0.000 0.002 0.000 0.021 0.000 0.007 0.064 0.088 0.000 0.260 0.276 0.231 0.190 0.151 0.114 0.077 0.042 0.014 0.000 0.028 0.000 0.000 0.001 0.000 0.002 0.002 0.002 0.002 0.002 0.002 0.002 0.001 0.000 0.000 0.002 0.001 0.001 0.001 0.000 0.100 0.040 0.000 0.000 0.000 0.000 0.000 0.010 0.111 0.000 0.000 0.211 0.005 0.018 0.000 0.095
0.006 0.005 0.004 0.003 0.010 0.009 0.010 0.024 0.029 0.000 0.000 0.000 0.000 0.002 0.000 0.002 0.059 0.000 0.000 0.000 0.002 0.001 0.002 0.003 0.003 0.000 0.000 0.000 0.000 0.102 0.169 0.251 0.267 0.223 0.181 0.140 0.102 0.065 0.032 0.000 0.071 0.024 0.000 0.000 0.001 0.001 0.002 0.002 0.002 0.002 0.002 0.003 0.003 0.001 0.000 0.002 0.003 0.003 0.005 0.000 0.030 0.013 0.001 0.134 0.005 0.000 0.000 0.005 0.008 0.000 0.000 0.000 0.005 0.000 0.044 0.000 0.005
0.007 0.006 0.005 0.004 0.008 0.009 0.011 0.022 0.033 0.000 0.000 0.000 0.000 0.004 0.003 0.005 0.000 0.000 0.000 0.000 0.000 0.001 0.000 0.000 0.002 0.001 0.002 0.000 0.036 0.110 0.178 0.247 0.259 0.215 0.171 0.130 0.090 0.054 0.023 0.000 0.000 0.024 0.001 0.001 0.001 0.002 0.002 0.002 0.002 0.002 0.002 0.002 0.000 0.002 0.002 0.003 0.004 0.006 0.005 0.017 0.010 0.000 0.001 0.000 0.000 0.000 0.013 0.007 0.063 0.001 0.000 0.022 0.005 0.008 0.008 0.003 0.027
0.005 0.007 0.008 0.006 0.008 0.009 0.011 0.021 0.035 0.001 0.000 0.001 0.002 0.003 0.002 0.000 0.000 0.000 0.000 0.000 0.000 0.001 0.000 0.000 0.004 0.003 0.002 0.001 0.041 0.110 0.175 0.241 0.250 0.204 0.160 0.117 0.077 0.041 0.018 0.007 0.011 0.017 0.002 0.002 0.002 0.002 0.003 0.003 0.003 0.003 0.002 0.002 0.000 0.005 0.005 0.007 0.011 0.017 0.016 0.006 0.026 0.000 0.083 0.000 0.000 0.006 0.009 0.306 0.000 0.001 0.000 0.284 0.031 0.003 0.344 0.019 0.010
0.004 0.006 0.007 0.008 0.010 0.011 0.012 0.022 0.037 0.002 0.001 0.001 0.002 0.003 0.002 0.000 0.000 0.000 0.000 0.000 0.000 0.001 0.001 0.000 0.000 0.002 0.002 0.012 0.043 0.098 0.164 0.229 0.235 0.189 0.144 0.101 0.068 0.039 0.017 0.010 0.012 0.013 0.002 0.002 0.002 0.003 0.003 0.003 0.003 0.003 0.003 0.003 0.003 0.006 0.006 0.008 0.008 0.000 0.000 0.005 0.036 0.197 0.001 0.092 0.000 0.004 0.035 0.000 0.000 0.000 0.001 0.341 0.361 0.381 0.401 0.047 0.020
0.003 0.005 0.006 0.007 0.009 0.012 0.017 0.025 0.040 0.004 0.001 0.002 0.002 0.002 0.002 0.000 0.000 0.000 0.000 0.000 0.000 0.001 0.000 0.000 0.000 0.002 0.005 0.029 0.064 0.103 0.138 0.205 0.210 0.164 0.130 0.099 0.068 0.039 0.017 0.011 0.011 0.010 0.003 0.002 0.003 0.003 0.003 0.003 0.003 0.003 0.003 0.004 0.005 0.006 0.007 0.007 0.006 0.000 0.000 0.000 0.003 0.270 0.027 0.000 0.045 0.003 0.005 0.000 0.012 0.000 0.000 0.012 0.004 0.039 0.445 0.000 0.026
0.002 0.004 0.005 0.006 0.008 0.010 0.014 0.023 0.039 0.018 0.002 0.002 0.002 0.002 0.001 0.000 0.000 0.000 0.000 0.000 0.000 0.000 0.001 0.000 0.000 0.002 0.014 0.044 0.079 0.115 0.150 0.185 0.179 0.150 0.122 0.093 0.064 0.036 0.017 0.011 0.010 0.008 0.003 0.003 0.003 0.004 0.004 0.005 0.006 0.004 0.004 0.005 0.006 0.006 0.007 0.007 0.005 0.002 0.004 0.007 0.006 0.000 0.012 0.035 0.055 0.001 0.007 0.005 0.000 0.001 0.000 0.018 0.024 0.008 0.000 0.003 0.006
0.002 0.003 0.004 0.006 0.007 0.009 0.011 0.015 0.030 0.027 0.020 0.003 0.002 0.002 0.001 0.000 0.000 0.000 0.000 0.000 0.000 0.001 0.000 0.001 0.001 0.003 0.025 0.057 0.091 0.124 0.156 0.187 0.170 0.129 0.107 0.083 0.058 0.033 0.016 0.011 0.009 0.006 0.003 0.003 0.004 0.004 0.004 0.004 0.000 0.006 0.005 0.006 0.006 0.007 0.006 0.006 0.005 0.003 0.003 0.000 0.000 0.000 0.000 0.000 0.375 0.000 0.005 0.007 0.000 0.001 0.001 0.021 0.022 0.018 0.010 0.009 0.002
0.002 0.003 0.004 0.005 0.006 0.007 0.008 0.013 0.025 0.028 0.023 0.015 0.010 0.002 0.001 0.000 0.000 0.000 0.000 0.000 0.000 0.000 0.000 0.001 0.001 0.009 0.037 0.068 0.100 0.131 0.160 0.188 0.167 0.124 0.091 0.068 0.050 0.029 0.015 0.010 0.008 0.006 0.004 0.004 0.004 0.004 0.004 0.004 0.004 0.006 0.006 0.006 0.007 0.006 0.006 0.006 0.004 0.003 0.003 0.000 0.001 0.000 0.000 0.000 0.000 0.000 0.004 0.008 0.000 0.003 0.013 0.019 0.019 0.017 0.012 0.010 0.008
0.002 0.003 0.004 0.005 0.005 0.006 0.007 0.011 0.021 0.027 0.024 0.019 0.014 0.011 0.002 0.000 0.000 0.000 0.000 0.000 0.000 0.000 0.000 0.001 0.002 0.017 0.047 0.077 0.107 0.136 0.163 0.189 0.164 0.119 0.084 0.058 0.037 0.024 0.013 0.009 0.007 0.005 0.004 0.004 0.004 0.004 0.004 0.004 0.005 0.006 0.006 0.006 0.005 0.007 0.005 0.005 0.004 0.003 0.003 0.003 0.003 0.001 0.000 0.462 0.000 0.000 0.003 0.007 0.006 0.000 0.016 0.018 0.017 0.016 0.013 0.010 0.008
0.002 0.003 0.003 0.004 0.004 0.005 0.006 0.009 0.018 0.025 0.024 0.021 0.017 0.013 0.008 0.006 0.000 0.000 0.000 0.000 0.000 0.000 0.000 0.001 0.004 0.026 0.055 0.084 0.112 0.139 0.165 0.189 0.161 0.114 0.077 0.050 0.031 0.018 0.011 0.008 0.006 0.005 0.004 0.004 0.005 0.005 0.005 0.005 0.005 0.005 0.005 0.006 0.006 0.008 0.005 0.004 0.003 0.003 0.002 0.000 0.078 0.051 0.000 0.000 0.000 0.000 0.003 0.006 0.010 0.009 0.016 0.017 0.016 0.015 0.013 0.011 0.009
0.002 0.002 0.003 0.003 0.004 0.005 0.006 0.008 0.015 0.024 0.024 0.022 0.019 0.016 0.012 0.009 0.005 0.004 0.000 0.000 0.000 0.000 0.001 0.001 0.008 0.034 0.062 0.089 0.116 0.142 0.166 0.190 0.158 0.109 0.070 0.044 0.027 0.015 0.009 0.006 0.006 0.005 0.004 0.004 0.005 0.005 0.005 0.004 0.004 0.005 0.005 0.006 0.007 0.009 0.005 0.004 0.003 0.003 0.002 0.000 0.000 0.000 0.000 0.000 0.000 0.000 0.003 0.010 0.011 0.012 0.015 0.016 0.016 0.014 0.013 0.011 0.009
0.001 0.002 0.003 0.003 0.004 0.005 0.006 0.007 0.013 0.022 0.023 0.022 0.020 0.018 0.014 0.011 0.008 0.006 0.004 0.002 0.000 0.001 0.000 0.002 0.013 0.040 0.068 0.094 0.119 0.144 0.167 0.190 0.156 0.105 0.064 0.038 0.022 0.013 0.008 0.006 0.005 0.005 0.005 0.004 0.005 0.004 0.004 0.004 0.004 0.005 0.005 0.006 0.007 0.009 0.005 0.004 0.003 0.002 0.001 0.000 0.000 0.000 0.000 0.000 0.000 0.000 0.006 0.010 0.011 0.013 0.015 0.016 0.015 0.014 0.013 0.011 0.010
0.001 0.002 0.003 0.003 0.004 0.005 0.005 0.007 0.012 0.021 0.022 0.022 0.021 0.019 0.016 0.013 0.010 0.008 0.005 0.003 0.002 0.001 0.001 0.002 0.019 0.046 0.072 0.097 0.122 0.145 0.168 0.191 0.153 0.101 0.059 0.033 0.019 0.011 0.007 0.006 0.005 0.004 0.004 0.004 0.004 0.004 0.004 0.004 0.005 0.005 0.006 0.007 0.008 0.010 0.005 0.004 0.003 0.002 0.001 0.000 0.000 0.000 0.000 0.000 0.000 0.003 0.005 0.006 0.010 0.013 0.014 0.015 0.015 0.014 0.013 0.012 0.011
0.001 0.002 0.003 0.003 0.004 0.005 0.005 0.006 0.010 0.019 0.021 0.022 0.022 0.020 0.018 0.015 0.012 0.008 0.006 0.005 0.003 0.003 0.002 0.004 0.025 0.051 0.076 0.100 0.124 0.147 0.169 0.191 0.151 0.098 0.054 0.029 0.016 0.010 0.007 0.005 0.004 0.004 0.003 0.003 0.003 0.004 0.004 0.005 0.005 0.006 0.006 0.007 0.008 0.010 0.005 0.003 0.003 0.002 0.001 0.000 0.000 0.000 0.000 0.000 0.000 0.006 0.006 0.006 0.007 0.008 0.012 0.014 0.014 0.014 0.013 0.012 0.011
0.001 0.002 0.002 0.003 0.004 0.004 0.005 0.006 0.010 0.018 0.021 0.022 0.022 0.021 0.019 0.015 0.012 0.010 0.008 0.006 0.005 0.004 0.003 0.006 0.031 0.055 0.079 0.103 0.125 0.148 0.170 0.192 0.149 0.095 0.050 0.025 0.014 0.008 0.006 0.004 0.003 0.003 0.003 0.003 0.003 0.003 0.004 0.005 0.005 0.006 0.007 0.008 0.009 0.010 0.005 0.003 0.002 0.002 0.000 0.000 0.000 0.000 0.000 0.000 0.000 0.008 0.006 0.007 0.007 0.008 0.008 0.008 0.011 0.013 0.013 0.012 0.012
0.002 0.002 0.003 0.003 0.004 0.004 0.005 0.006 0.009 0.017 0.020 0.021 0.021 0.020 0.016 0.015 0.013 0.011 0.010 0.008 0.007 0.005 0.004 0.007 0.031 0.061 0.083 0.105 0.127 0.149 0.171 0.193 0.147 0.093 0.046 0.021 0.011 0.007 0.004 0.004 0.004 0.004 0.004 0.004 0.003 0.003 0.004 0.004 0.005 0.006 0.007 0.008 0.009 0.010 0.005 0.003 0.002 0.001 0.000 0.000 0.000 0.000 0.000 0.000 0.000 0.010 0.007 0.007 0.008 0.008 0.008 0.008 0.008 0.007 0.010 0.012 0.012
