includes/overflow_coast_co/floodfiles/results_R2_t1.605555492999E12 submersion faible - st pierre rupture dune49 et surverse dune11/res-0004.wd
ncols         906
nrows         631
xllcorner     362177.146666679996997
yllcorner     6534725.688019599765539
cellsize      20.000000000000000
NODATA_value  -9999.000000
[rows 408 to 441 of 631, columns 616 to 692 of 906]
3.124 3.094 3.084 3.104 3.054 3.334 3.204 3.224 3.244 3.244 3.556 3.274 3.274 3.224 3.223 3.303 3.293 3.273 3.332 3.352 3.252 3.171 3.341 3.351 3.361 3.331 3.441 3.450 3.320 3.772 3.330 3.766 3.350 3.390 3.360 3.300 3.330 3.320 3.420 3.450 3.754 3.390 3.762 3.451 3.769 3.773 3.776 3.401 3.784 3.788 3.823 3.860 3.372 3.932 3.969 3.433 4.014 3.444 4.005 4.000 3.995 3.991 3.986 3.981 3.977 3.972 3.967 3.962 3.958 3.953 3.949 3.948 3.960 3.967 3.974 3.980 3.987
2.994 3.004 3.014 3.144 3.214 3.374 3.294 3.144 3.164 3.334 3.354 3.274 3.384 3.384 3.384 3.373 3.323 3.303 3.770 3.793 3.212 3.302 3.331 3.351 3.341 3.341 3.792 3.351 3.786 3.783 3.391 3.451 3.391 3.281 3.320 3.310 3.290 3.270 3.410 3.161 3.765 3.768 3.772 3.401 3.779 3.783 3.787 3.791 3.796 3.832 3.869 3.905 3.941 3.423 4.014 4.051 4.071 4.067 4.062 4.057 4.053 4.048 4.043 4.039 4.034 4.029 4.024 4.020 4.015 4.010 4.005 3.998 3.991 3.995 4.002 4.009 4.015
3.034 3.234 3.294 3.114 3.234 3.344 3.234 3.344 3.314 3.234 3.365 3.324 3.454 3.274 3.284 3.344 3.453 3.403 3.263 3.333 3.832 3.302 3.412 3.392 3.372 3.401 3.806 3.431 3.361 3.794 3.381 3.421 3.401 3.782 3.371 3.361 3.773 3.381 3.341 3.771 3.775 3.779 3.411 3.786 3.790 3.794 3.797 3.805 3.842 3.878 3.914 3.950 3.987 4.023 4.059 4.096 4.128 4.124 4.119 4.114 4.110 4.105 4.100 4.096 4.091 4.086 4.081 4.077 4.072 4.067 4.060 4.041 4.028 4.032 4.036 4.040 4.044
2.974 3.134 3.244 3.144 3.424 3.499 3.244 3.225 3.355 3.245 3.245 3.648 3.355 3.345 3.334 3.324 3.374 3.334 3.333 3.363 3.849 3.373 3.322 3.372 3.832 3.826 3.412 3.815 3.810 3.372 3.392 3.452 3.452 3.371 3.431 3.341 3.784 3.421 3.421 3.292 3.352 3.789 3.793 3.796 3.800 3.804 3.814 3.851 3.887 3.923 3.959 3.996 4.032 3.424 3.435 3.305 3.426 4.181 4.176 4.171 4.167 4.162 4.158 4.153 4.148 4.144 4.139 4.134 4.130 4.122 4.103 4.084 4.064 4.068 4.072 4.077 4.081
3.194 3.194 3.124 3.214 3.304 3.425 3.225 3.345 3.345 3.325 3.225 3.415 3.205 3.305 3.345 3.284 3.354 3.304 3.344 3.353 3.866 3.363 3.857 3.851 3.433 3.841 3.835 3.422 3.824 3.372 3.814 3.810 3.807 3.412 3.392 3.382 3.312 3.792 3.382 3.332 3.262 3.799 3.803 3.807 3.811 3.823 3.859 3.896 3.932 3.968 4.005 4.041 4.077 4.114 4.150 4.187 4.223 4.238 4.233 4.229 4.224 4.219 4.215 4.210 4.205 4.201 4.196 4.191 4.185 4.165 4.146 4.127 4.107 4.105 4.109 4.113 4.117
3.195 3.375 3.065 3.095 3.205 3.305 3.568 3.195 3.456 3.636 3.256 3.296 3.455 3.726 3.355 3.365 3.335 3.314 3.404 3.354 3.324 3.383 3.343 3.403 3.860 3.855 3.850 3.844 3.839 3.833 3.828 3.823 3.422 3.412 3.812 3.412 3.432 3.402 3.242 3.352 3.806 3.810 3.813 3.817 3.832 3.868 3.904 3.941 3.977 4.014 4.050 4.086 4.123 4.159 4.195 4.232 4.268 4.295 4.290 4.286 4.281 4.276 4.272 4.267 4.262 4.258 4.253 4.247 4.227 4.208 4.189 4.170 4.150 4.141 4.146 4.150 4.154
3.275 3.245 3.225 3.185 3.325 3.315 3.336 3.236 3.146 3.286 3.426 3.396 3.276 3.345 3.285 3.425 3.365 3.404 3.384 3.404 3.394 3.454 3.394 3.880 3.875 3.403 3.393 3.413 3.853 3.848 3.842 3.837 3.832 3.433 3.402 3.372 3.322 3.383 3.433 3.813 3.816 3.403 3.824 3.841 3.877 3.913 3.950 3.986 4.022 4.059 4.095 4.131 4.168 4.204 4.241 4.277 3.428 4.350 4.348 4.343 4.338 4.334 4.329 4.324 4.320 4.315 4.309 4.290 4.270 4.251 4.232 4.213 4.193 4.178 4.182 4.186 4.190
3.155 3.205 3.235 3.245 3.256 3.356 3.602 3.216 3.426 3.316 3.266 3.296 3.196 3.760 3.366 3.395 3.345 3.849 3.374 3.444 3.434 3.905 3.454 3.894 3.889 3.884 3.878 3.873 3.867 3.862 3.857 3.851 3.846 3.840 3.453 3.373 3.373 3.403 3.822 3.823 3.423 3.830 3.849 3.886 3.922 3.958 3.995 4.031 4.068 4.104 4.140 4.177 4.213 4.249 4.286 3.448 4.359 4.396 4.405 4.400 4.395 4.391 4.386 4.381 4.377 4.371 4.352 4.333 4.313 4.294 4.275 4.256 4.236 4.217 4.219 4.223 4.227
3.215 3.205 3.226 3.316 3.336 3.276 3.620 3.227 3.317 3.417 3.336 3.366 3.176 3.256 3.316 3.336 3.844 3.866 3.375 3.911 3.434 3.919 3.914 3.909 3.903 3.454 3.892 3.887 3.881 3.876 3.423 3.865 3.860 3.855 3.849 3.844 3.839 3.413 3.393 3.833 3.837 3.858 3.895 3.931 3.967 4.004 4.040 4.076 4.113 4.149 4.185 4.222 4.258 4.295 4.331 4.368 3.459 4.441 4.462 4.457 4.452 4.448 4.443 4.439 4.433 4.414 4.395 4.375 4.356 4.337 4.318 4.299 4.279 4.260 4.255 4.259 4.264
3.195 3.196 3.296 3.306 3.226 3.257 3.367 3.660 3.682 3.337 3.267 3.237 3.287 3.376 3.316 3.346 3.366 3.883 3.445 3.928 3.455 3.934 3.928 3.923 3.917 3.912 3.906 3.901 3.896 3.890 3.885 3.880 3.874 3.869 3.864 3.858 3.853 3.848 3.414 3.384 3.867 3.903 3.940 3.976 4.012 4.049 4.085 4.122 4.158 4.194 4.231 4.267 4.304 4.340 4.377 4.413 4.450 4.486 4.519 4.514 4.510 4.505 4.500 4.495 4.476 4.457 4.438 4.419 4.399 4.380 4.361 4.342 4.322 4.303 4.292 4.296 4.300
3.176 3.236 3.086 3.207 3.217 3.417 3.347 3.678 3.367 3.337 3.297 3.307 3.407 3.397 3.427 3.426 3.878 3.900 3.923 3.455 3.953 3.948 3.942 3.937 3.932 3.926 3.921 3.915 3.910 3.904 3.899 3.894 3.888 3.883 3.878 3.873 3.867 3.862 3.857 3.224 3.908 3.435 3.985 4.021 4.057 4.094 4.130 4.167 4.203 4.240 4.276 4.312 4.349 4.386 4.422 4.459 4.495 4.532 4.568 4.571 4.567 4.562 4.557 4.538 4.519 4.500 4.481 4.462 4.442 4.423 4.404 4.385 4.365 4.346 4.329 4.333 4.337
3.376 3.326 3.267 3.287 3.629 3.367 3.278 3.328 3.717 3.348 3.298 3.783 3.806 3.427 3.850 3.327 3.895 3.917 3.940 3.962 3.968 3.962 3.957 3.951 3.946 3.940 3.935 3.930 3.924 3.919 3.913 3.908 3.903 3.897 3.892 3.887 3.883 3.879 3.874 3.435 3.455 3.957 3.426 4.042 4.085 4.128 4.170 4.212 4.249 4.285 4.321 4.358 4.394 4.431 4.467 4.504 4.541 4.577 4.614 4.629 4.624 4.619 4.600 4.581 4.562 4.543 4.524 4.504 4.485 4.466 4.447 4.428 4.409 4.389 4.370 4.369 4.373
3.126 3.197 3.307 3.317 3.347 3.258 3.218 3.308 3.398 3.757 3.779 3.458 3.823 3.845 3.438 3.407 3.912 3.934 3.957 3.979 3.982 3.977 3.971 3.966 3.960 3.955 3.949 3.944 3.938 3.933 3.928 3.923 3.917 3.913 3.909 3.904 3.900 3.896 3.894 3.907 3.920 3.962 4.005 4.048 4.090 4.133 4.176 4.219 4.262 4.305 4.348 4.391 4.434 4.476 4.513 4.549 4.586 4.622 4.659 4.686 4.681 4.662 4.643 4.624 4.605 4.586 4.567 4.547 4.528 4.509 4.490 4.471 4.452 4.432 4.413 4.406 4.410
3.167 3.267 3.228 3.168 3.368 3.238 3.208 3.399 3.429 3.309 3.797 3.819 3.841 3.863 3.884 3.448 3.929 3.952 3.974 3.996 3.996 3.991 3.986 3.980 3.975 3.969 3.964 3.958 3.953 3.947 3.943 3.939 3.934 3.930 3.926 3.921 3.917 3.913 3.917 3.930 3.943 3.968 4.010 4.053 4.096 4.139 4.182 4.225 4.268 4.310 4.353 4.396 4.439 4.482 4.525 4.568 4.611 4.654 4.697 4.740 4.724 4.705 4.686 4.667 4.648 4.629 4.610 4.590 4.571 4.552 4.533 4.514 4.495 4.475 4.456 4.443 4.447
3.247 3.128 3.248 3.158 3.289 3.399 3.339 3.299 3.771 3.793 3.309 3.409 3.379 3.459 3.902 3.924 3.408 3.969 3.991 4.013 4.011 4.005 4.000 3.994 3.989 3.983 3.978 3.973 3.969 3.965 3.960 3.956 3.952 3.947 3.943 3.939 3.934 3.930 3.940 3.953 3.966 3.979 4.016 4.059 4.102 4.144 4.187 4.230 4.273 4.316 4.359 4.402 4.445 4.488 4.531 4.574 4.617 4.660 4.703 4.727 4.728 4.719 4.709 4.699 4.690 4.672 4.653 4.634 4.614 4.595 4.576 4.557 4.538 4.519 4.499 4.480 4.484
3.118 3.278 3.239 3.249 3.700 3.349 3.399 3.767 3.789 3.811 3.450 3.450 3.419 3.898 3.920 3.942 3.964 3.986 4.008 3.448 4.025 4.020 4.014 4.009 4.004 3.999 3.995 3.991 3.986 3.982 3.978 3.973 3.969 3.965 3.960 3.956 3.952 3.950 3.963 3.976 3.989 4.002 4.022 4.064 4.107 4.150 4.193 4.236 4.279 4.322 4.365 4.408 4.451 4.494 4.537 4.580 4.623 4.666 4.699 4.713 4.724 4.715 4.705 4.695 4.686 4.676 4.667 4.657 4.647 4.638 4.619 4.600 4.581 4.562 4.542 4.523 4.520
3.158 3.259 3.419 3.359 3.310 3.380 3.370 3.420 3.440 3.450 3.420 3.450 3.894 3.916 3.938 3.960 3.982 4.004 4.025 4.045 4.040 4.035 4.030 4.026 4.021 4.017 4.012 4.008 4.003 3.999 3.995 3.990 3.986 3.982 3.978 3.973 3.969 3.973 3.986 3.999 4.012 4.025 4.038 4.070 4.113 4.156 4.199 4.242 4.285 4.328 4.371 4.414 4.457 4.500 4.543 4.586 4.629 4.671 4.685 4.699 4.713 4.711 4.701 4.691 4.682 4.672 4.663 4.653 4.643 4.634 4.624 4.615 4.605 4.595 4.585 4.566 4.557
3.169 3.309 3.389 3.360 3.370 3.430 3.360 3.340 3.411 3.846 3.868 3.890 3.912 3.934 3.956 3.978 4.000 4.022 4.043 4.061 4.057 4.052 4.048 4.043 4.038 4.034 4.030 4.025 4.021 4.016 4.012 4.008 4.004 3.999 3.995 3.991 3.987 3.997 4.010 4.023 4.036 4.048 4.061 4.076 4.119 4.162 4.205 4.248 4.291 4.334 4.377 4.420 4.463 4.506 4.548 4.591 4.634 4.656 4.671 4.685 4.699 4.707 4.697 4.687 4.678 4.668 4.659 4.649 4.639 4.630 4.620 4.611 4.601 4.591 4.581 4.572 4.587
3.189 3.279 3.280 3.731 3.310 3.440 3.381 3.421 3.842 3.864 3.886 3.908 3.930 3.952 3.974 3.996 4.018 4.040 4.063 4.076 4.073 4.069 4.065 4.060 4.056 4.052 4.047 4.043 4.038 4.034 4.030 4.025 4.021 4.017 4.013 4.008 4.007 4.020 4.033 4.046 4.059 4.072 4.085 4.098 4.125 4.168 4.211 4.254 4.297 4.340 4.383 4.426 4.468 4.511 4.554 4.597 4.628 4.642 4.657 4.671 4.685 4.699 4.693 4.683 4.674 4.664 4.655 4.645 4.635 4.626 4.616 4.606 4.597 4.587 4.577 4.593 4.618
3.260 3.360 3.729 3.260 3.350 3.793 3.381 3.838 3.860 3.882 3.904 3.926 3.948 3.970 3.992 4.015 4.037 4.059 4.082 4.091 4.088 4.086 4.082 4.078 4.073 4.069 4.065 4.060 4.056 4.051 4.047 4.043 4.038 4.034 4.030 4.026 4.030 4.043 4.056 4.069 4.082 4.095 4.108 4.121 4.134 4.174 4.217 4.260 4.303 4.346 4.389 4.431 4.474 4.517 4.560 4.600 4.614 4.628 4.643 4.657 4.671 4.685 4.689 4.679 4.670 4.660 4.651 4.641 4.632 4.622 4.612 4.602 4.593 4.583 4.592 4.617 4.643
3.370 3.430 3.140 3.311 3.341 3.811 3.834 3.856 3.878 3.900 3.922 3.944 3.967 3.989 4.011 4.034 4.056 4.079 4.101 4.106 4.104 4.101 4.099 4.095 4.091 4.086 4.082 4.078 4.073 4.069 4.064 4.060 4.056 4.052 4.048 4.043 4.054 4.067 4.080 4.093 4.106 4.119 4.132 4.145 4.158 4.179 4.223 4.266 4.308 4.351 4.394 4.437 4.480 4.523 4.566 4.586 4.600 4.614 4.629 4.643 4.657 4.672 4.685 4.676 4.666 4.656 4.647 4.637 4.628 4.618 4.608 4.598 4.589 4.592 4.617 4.642 4.668
3.351 3.351 3.451 3.785 3.807 3.829 3.851 3.873 3.896 3.918 3.940 3.963 3.986 4.008 4.030 4.053 4.075 4.098 4.120 4.121 4.119 4.116 4.114 4.112 4.108 4.104 4.099 4.095 4.091 4.086 4.082 4.078 4.074 4.069 4.065 4.064 4.077 4.090 4.103 4.116 4.129 4.142 4.155 4.168 4.181 4.194 4.228 4.271 4.314 4.357 4.400 4.443 4.486 4.529 4.558 4.572 4.586 4.601 4.615 4.629 4.643 4.658 4.672 4.672 4.662 4.653 4.643 4.633 4.624 4.614 4.604 4.594 4.591 4.617 4.642 4.667 4.693
3.441 3.763 3.782 3.802 3.825 3.847 3.869 3.891 3.914 3.937 3.959 3.982 4.005 4.027 4.050 4.072 4.094 4.117 4.138 4.136 4.134 4.132 4.129 4.127 4.125 4.121 4.117 4.112 4.108 4.104 4.099 4.095 4.091 4.087 4.083 4.087 4.100 4.113 4.126 4.139 4.152 4.165 4.179 4.192 4.205 4.218 4.234 4.277 4.320 4.363 4.406 4.449 4.492 4.530 4.544 4.559 4.573 4.587 4.601 4.615 4.630 4.644 4.658 4.668 4.658 4.649 4.639 4.629 4.619 4.610 4.600 4.591 4.616 4.641 4.667 4.692 4.717
3.772 3.781 3.800 3.820 3.842 3.865 3.888 3.911 3.933 3.956 3.979 4.001 4.024 4.046 4.069 4.091 4.114 4.136 4.153 4.151 4.149 4.147 4.145 4.142 4.140 4.138 4.134 4.130 4.126 4.121 4.117 4.113 4.109 4.104 4.100 4.111 4.124 4.137 4.150 4.163 4.176 4.189 4.202 4.215 4.228 4.241 4.254 4.283 4.326 4.369 4.412 4.455 4.498 4.516 4.531 4.545 4.559 4.573 4.587 4.602 4.616 4.630 4.644 4.658 4.654 4.644 4.635 4.625 4.616 4.606 4.596 4.616 4.641 4.666 4.692 4.717 4.742
3.807 3.815 3.823 3.839 3.861 3.884 3.907 3.930 3.952 3.975 3.998 4.020 4.043 4.065 4.088 4.110 4.133 4.155 4.169 4.166 4.164 4.162 4.160 4.158 4.155 4.153 4.151 4.148 4.143 4.139 4.135 4.131 4.126 4.122 4.121 4.134 4.147 4.160 4.173 4.186 4.199 4.212 4.225 4.239 4.252 4.265 4.278 4.291 4.332 4.375 4.418 4.461 4.488 4.503 4.517 4.531 4.545 4.559 4.573 4.588 4.602 4.616 4.630 4.645 4.650 4.640 4.631 4.621 4.611 4.602 4.615 4.641 4.666 4.691 4.717 4.742 4.767
3.841 3.849 3.858 3.868 3.881 3.903 3.926 3.949 3.972 3.994 4.017 4.040 4.062 4.085 4.107 4.130 4.152 4.175 4.184 4.182 4.179 4.177 4.175 4.173 4.171 4.168 4.166 4.164 4.161 4.157 4.152 4.148 4.144 4.140 4.145 4.158 4.171 4.184 4.197 4.210 4.223 4.236 4.249 4.262 4.275 4.288 4.301 4.315 4.338 4.381 4.424 4.460 4.475 4.489 4.503 4.517 4.531 4.545 4.560 4.574 4.588 4.602 4.616 4.631 4.645 4.636 4.627 4.617 4.607 4.615 4.640 4.666 4.691 4.716 4.741 4.767 4.792
3.876 3.884 3.893 3.903 3.913 3.924 3.945 3.968 3.991 4.013 4.036 4.059 4.081 4.104 4.126 4.149 4.171 4.194 4.199 4.197 4.195 4.193 4.190 4.188 4.186 4.184 4.182 4.180 4.177 4.174 4.170 4.166 4.162 4.158 4.168 4.181 4.194 4.207 4.220 4.233 4.246 4.259 4.272 4.286 4.299 4.312 4.325 4.338 4.351 4.387 4.430 4.447 4.461 4.475 4.489 4.503 4.517 4.531 4.546 4.560 4.574 4.588 4.603 4.617 4.631 4.632 4.623 4.613 4.614 4.640 4.665 4.690 4.716 4.741 4.766 4.792 4.817
3.911 3.919 3.928 3.938 3.949 3.959 3.970 3.987 4.010 4.033 4.055 4.078 4.101 4.123 4.146 4.168 4.191 4.213 4.214 4.212 4.210 4.208 4.206 4.204 4.202 4.199 4.197 4.195 4.193 4.191 4.188 4.184 4.179 4.179 4.192 4.205 4.218 4.231 4.244 4.257 4.269 4.283 4.296 4.309 4.322 4.335 4.348 4.362 4.375 4.393 4.419 4.433 4.447 4.461 4.475 4.489 4.503 4.517 4.532 4.546 4.560 4.574 4.589 4.603 4.617 4.628 4.619 4.614 4.639 4.664 4.690 4.715 4.740 4.766 4.791 4.816 4.842
3.946 3.955 3.963 3.973 3.984 3.995 4.005 4.016 4.029 4.052 4.075 4.097 4.120 4.142 4.165 4.188 4.210 4.232 4.230 4.227 4.225 4.223 4.221 4.219 4.217 4.215 4.213 4.211 4.208 4.206 4.204 4.201 4.197 4.203 4.215 4.228 4.241 4.254 4.267 4.280 4.293 4.306 4.319 4.332 4.346 4.360 4.374 4.388 4.403 4.421 4.441 4.450 4.459 4.468 4.477 4.486 4.495 4.504 4.518 4.532 4.546 4.560 4.575 4.589 4.603 4.617 4.614 4.639 4.664 4.689 4.714 4.740 4.765 4.791 4.816 4.841 4.867
3.981 3.990 3.999 4.009 4.019 4.030 4.040 4.051 4.061 4.072 4.094 4.116 4.139 4.162 4.184 4.207 4.229 4.247 4.245 4.243 4.241 4.239 4.236 4.234 4.232 4.230 4.228 4.226 4.224 4.222 4.220 4.218 4.215 4.226 4.239 4.252 4.265 4.279 4.294 4.308 4.322 4.336 4.351 4.365 4.379 4.394 4.408 4.423 4.437 4.465 4.500 4.509 4.518 4.527 4.536 4.545 4.554 4.564 4.573 4.582 4.591 4.600 4.609 4.618 4.627 4.636 4.634 4.661 4.688 4.714 4.739 4.765 4.790 4.815 4.841 4.866 4.891
4.016 4.025 4.034 4.044 4.055 4.065 4.076 4.086 4.097 4.107 4.118 4.136 4.158 4.181 4.204 4.226 4.249 4.262 4.260 4.258 4.256 4.254 4.252 4.250 4.248 4.246 4.243 4.241 4.239 4.237 4.235 4.237 4.241 4.257 4.271 4.285 4.299 4.314 4.328 4.342 4.356 4.370 4.385 4.399 4.414 4.428 4.442 4.457 4.473 4.509 4.545 4.568 4.577 4.586 4.595 4.605 4.614 4.623 4.632 4.641 4.650 4.659 4.668 4.677 4.686 4.682 4.659 4.676 4.703 4.729 4.756 4.783 4.809 4.836 4.862 4.889 4.916
4.052 4.060 4.069 4.079 4.090 4.100 4.111 4.121 4.132 4.142 4.153 4.163 4.178 4.200 4.223 4.245 4.268 4.278 4.275 4.273 4.271 4.269 4.267 4.265 4.263 4.261 4.259 4.258 4.259 4.260 4.262 4.263 4.273 4.290 4.305 4.319 4.333 4.348 4.362 4.376 4.390 4.405 4.419 4.433 4.448 4.462 4.477 4.491 4.517 4.553 4.588 4.624 4.636 4.645 4.655 4.664 4.673 4.682 4.691 4.700 4.709 4.718 4.727 4.736 4.744 4.720 4.696 4.691 4.717 4.744 4.771 4.797 4.824 4.851 4.877 4.904 4.930
4.087 4.096 4.104 4.115 4.125 4.136 4.146 4.157 4.167 4.178 4.188 4.199 4.209 4.220 4.242 4.265 4.287 4.293 4.291 4.289 4.287 4.284 4.282 4.280 4.280 4.282 4.283 4.284 4.285 4.286 4.288 4.289 4.304 4.321 4.339 4.353 4.368 4.382 4.396 4.410 4.424 4.439 4.453 4.467 4.482 4.496 4.511 4.525 4.561 4.597 4.632 4.668 4.696 4.705 4.714 4.723 4.732 4.741 4.750 4.759 4.768 4.777 4.786 4.795 4.781 4.757 4.733 4.709 4.732 4.759 4.786 4.812 4.839 4.865 4.892 4.919 4.945
4.122 4.131 4.139 4.150 4.160 4.171 4.181 4.192 4.202 4.213 4.224 4.234 4.245 4.255 4.265 4.284 4.307 4.308 4.306 4.304 4.302 4.303 4.304 4.305 4.307 4.308 4.309 4.310 4.311 4.312 4.314 4.317 4.335 4.353 4.370 4.388 4.402 4.416 4.430 4.444 4.459 4.473 4.487 4.501 4.516 4.530 4.545 4.568 4.604 4.640 4.676 4.712 4.748 4.764 4.773 4.782 4.791 4.800 4.809 4.818 4.827 4.836 4.845 4.842 4.818 4.795 4.771 4.747 4.747 4.774 4.800 4.827 4.854 4.880 4.907 4.933 4.960
