includes/overflow_coast_co/floodfiles/results_R2_t1.605555492999E12 submersion faible - st pierre rupture dune49 et surverse dune11/res-0003.wd
ncols         906
nrows         631
xllcorner     362177.146666679996997
yllcorner     6534725.688019599765539
cellsize      20.000000000000000
NODATA_value  -9999.000000
[rows 544 to 577 of 631, columns 0 to 76 of 906]
7.935 7.578 7.221 6.864 6.507 6.150 5.793 5.436 5.376 5.325 5.576 5.982 6.387 6.792 7.197 7.603 8.008 8.413 8.818 9.223 9.439 9.352 9.264 9.177 9.089 9.002 8.914 8.827 8.739 8.652 8.564 8.445 8.323 8.174 8.025 7.877 7.728 7.578 7.383 7.187 6.992 6.870 6.832 6.793 6.748 6.694 6.639 6.585 6.531 6.568 6.624 6.680 6.710 6.736 6.762 6.789 6.815 6.847 6.887 6.927 6.967 7.007 7.047 7.087 7.171 7.373 7.544 7.716 7.887 8.059 8.230 8.401 8.839 9.304 9.770 10.235 10.701
7.788 7.431 7.074 6.717 6.360 6.002 5.645 5.439 5.387 5.336 5.358 5.763 6.168 6.573 6.979 7.384 7.789 8.194 8.600 9.020 9.545 9.459 9.362 9.265 9.168 9.071 8.976 8.888 8.801 8.713 8.626 8.527 8.393 8.244 8.087 7.892 7.697 7.501 7.306 7.111 6.916 6.785 6.746 6.708 6.669 6.631 6.592 6.544 6.490 6.502 6.549 6.575 6.601 6.628 6.654 6.681 6.707 6.737 6.777 6.817 6.857 6.897 6.937 6.977 7.024 7.085 7.229 7.401 7.572 7.743 7.915 8.086 8.500 8.965 9.431 9.896 10.362
7.640 7.283 6.926 6.569 6.212 5.855 5.501 5.450 5.398 5.347 5.296 5.544 5.949 6.355 6.760 7.165 7.570 7.976 8.381 8.898 9.423 9.582 9.485 9.388 9.291 9.194 9.097 9.000 8.903 8.806 8.709 8.612 8.401 8.206 8.011 7.815 7.620 7.425 7.230 7.034 6.839 6.700 6.661 6.623 6.584 6.545 6.507 6.468 6.430 6.418 6.441 6.467 6.493 6.520 6.546 6.573 6.599 6.627 6.667 6.707 6.747 6.787 6.828 6.877 6.926 6.986 7.048 7.110 7.257 7.428 7.600 7.771 8.161 8.626 9.092 9.547 9.871
7.500 7.136 6.779 6.422 6.065 5.708 5.512 5.461 5.409 5.358 5.307 5.325 5.731 6.136 6.541 6.946 7.352 7.757 8.250 8.775 9.301 9.705 9.608 9.511 9.414 9.317 9.220 9.123 9.026 8.929 8.832 8.612 8.380 8.142 7.934 7.739 7.543 7.348 7.153 6.958 6.763 6.614 6.576 6.537 6.499 6.460 6.421 6.390 6.393 6.394 6.386 6.379 6.385 6.412 6.438 6.464 6.491 6.517 6.557 6.597 6.637 6.681 6.730 6.779 6.828 6.886 6.948 7.010 7.072 7.134 7.284 7.456 7.822 8.288 8.652 8.976 9.299
7.468 6.989 6.632 6.275 5.918 5.574 5.523 5.472 5.420 5.369 5.318 5.266 5.512 5.917 6.322 6.728 7.133 7.602 8.128 8.653 9.178 9.703 9.731 9.634 9.537 9.440 9.343 9.246 9.149 9.052 8.832 8.610 8.381 8.143 7.905 7.668 7.467 7.272 7.076 6.881 6.686 6.529 6.490 6.452 6.413 6.375 6.360 6.364 6.367 6.370 6.362 6.354 6.347 6.339 6.331 6.356 6.383 6.409 6.447 6.486 6.534 6.583 6.632 6.681 6.730 6.787 6.849 6.911 6.973 7.035 7.097 7.158 7.434 7.757 8.081 8.405 8.728
7.436 6.910 6.484 6.127 5.770 5.586 5.534 5.483 5.432 5.380 5.329 5.278 5.293 5.698 6.104 6.509 6.955 7.480 8.005 8.531 9.056 9.581 9.855 9.758 9.661 9.563 9.466 9.369 9.272 9.052 8.830 8.608 8.381 8.144 7.906 7.669 7.431 7.195 7.000 6.805 6.610 6.444 6.405 6.367 6.328 6.331 6.334 6.337 6.341 6.344 6.338 6.330 6.322 6.315 6.307 6.300 6.292 6.301 6.338 6.387 6.436 6.485 6.534 6.583 6.632 6.687 6.749 6.811 6.873 6.935 6.995 7.049 7.107 7.186 7.510 7.833 8.157
7.404 6.878 6.352 5.980 5.648 5.597 5.545 5.494 5.443 5.392 5.340 5.289 5.237 5.480 5.885 6.307 6.832 7.358 7.883 8.408 8.934 9.459 9.978 9.881 9.784 9.687 9.590 9.492 9.272 9.050 8.828 8.606 8.382 8.144 7.907 7.669 7.432 7.194 6.957 6.728 6.533 6.359 6.320 6.298 6.301 6.305 6.308 6.311 6.314 6.318 6.313 6.306 6.298 6.290 6.283 6.275 6.268 6.263 6.273 6.302 6.338 6.387 6.436 6.485 6.534 6.588 6.650 6.712 6.772 6.826 6.880 6.934 6.992 7.052 7.111 7.262 7.586
7.373 6.847 6.321 5.833 5.659 5.608 5.556 5.505 5.454 5.403 5.351 5.300 5.249 5.261 5.666 6.185 6.710 7.235 7.761 8.286 8.811 9.336 9.862 10.004 9.907 9.810 9.713 9.492 9.270 9.048 8.826 8.604 8.382 8.145 7.908 7.670 7.432 7.195 6.957 6.720 6.482 6.273 6.269 6.272 6.275 6.278 6.282 6.285 6.288 6.292 6.289 6.281 6.274 6.266 6.258 6.251 6.247 6.246 6.247 6.276 6.305 6.334 6.363 6.392 6.436 6.488 6.548 6.602 6.657 6.711 6.765 6.820 6.878 6.938 6.997 7.056 7.116
7.403 6.881 6.360 5.867 5.717 5.662 5.606 5.551 5.495 5.440 5.384 5.329 5.274 5.218 5.537 6.062 6.588 7.113 7.638 8.163 8.689 9.214 9.739 10.127 10.030 9.933 9.712 9.490 9.268 9.046 8.824 8.602 8.380 8.146 7.908 7.670 7.433 7.195 6.958 6.720 6.487 6.268 6.251 6.246 6.249 6.252 6.255 6.259 6.262 6.265 6.265 6.257 6.249 6.241 6.234 6.232 6.231 6.230 6.229 6.249 6.278 6.307 6.336 6.366 6.395 6.408 6.433 6.487 6.542 6.596 6.650 6.705 6.764 6.823 6.883 6.942 7.001
7.529 7.008 6.486 6.119 5.836 5.778 5.723 5.667 5.612 5.556 5.501 5.445 5.390 5.344 5.411 5.937 6.463 6.989 7.515 8.041 8.566 9.092 9.617 10.142 10.153 9.932 9.710 9.488 9.266 9.044 8.822 8.600 8.378 8.146 7.909 7.671 7.434 7.196 6.958 6.733 6.514 6.294 6.250 6.243 6.235 6.228 6.229 6.232 6.235 6.239 6.240 6.233 6.225 6.218 6.217 6.216 6.215 6.214 6.213 6.223 6.252 6.281 6.310 6.339 6.367 6.362 6.358 6.373 6.427 6.481 6.536 6.590 6.649 6.709 6.768 6.828 6.887
7.656 7.135 6.653 6.371 6.088 5.894 5.839 5.783 5.728 5.673 5.617 5.562 5.506 5.476 5.447 5.811 6.336 6.862 7.388 7.914 8.440 8.966 9.492 10.018 10.199 9.930 9.708 9.486 9.264 9.042 8.820 8.598 8.376 8.147 7.910 7.672 7.434 7.199 6.979 6.760 6.540 6.321 6.249 6.241 6.234 6.227 6.219 6.212 6.209 6.213 6.216 6.208 6.203 6.202 6.201 6.200 6.199 6.198 6.197 6.197 6.226 6.255 6.284 6.313 6.322 6.317 6.312 6.307 6.312 6.367 6.421 6.476 6.535 6.594 6.654 6.713 6.773
7.783 7.261 6.905 6.623 6.340 6.058 5.955 5.899 5.844 5.789 5.734 5.678 5.638 5.609 5.579 5.684 6.210 6.736 7.262 7.788 8.314 8.840 9.366 9.969 10.418 10.125 9.831 9.538 9.262 9.040 8.818 8.596 8.374 8.148 7.910 7.673 7.445 7.225 7.006 6.786 6.567 6.347 6.248 6.240 6.233 6.226 6.218 6.210 6.203 6.196 6.190 6.188 6.187 6.186 6.185 6.184 6.183 6.182 6.181 6.180 6.199 6.228 6.258 6.281 6.276 6.271 6.267 6.262 6.257 6.252 6.306 6.361 6.421 6.480 6.539 6.596 6.653
7.910 7.440 7.158 6.875 6.593 6.310 6.071 6.016 5.960 5.905 5.850 5.800 5.770 5.741 5.712 5.682 6.084 6.610 7.136 7.662 8.188 8.714 9.305 9.925 10.545 10.344 10.050 9.757 9.464 9.170 8.877 8.594 8.372 8.148 7.911 7.691 7.471 7.252 7.032 6.813 6.593 6.374 6.246 6.239 6.232 6.224 6.217 6.209 6.202 6.194 6.180 6.174 6.172 6.170 6.169 6.168 6.167 6.165 6.164 6.163 6.173 6.202 6.231 6.236 6.231 6.226 6.221 6.216 6.211 6.206 6.201 6.247 6.305 6.362 6.419 6.475 6.532
8.036 7.692 7.410 7.128 6.845 6.562 6.280 6.132 6.077 6.022 5.966 5.932 5.903 5.873 5.844 5.815 5.958 6.484 7.010 7.536 8.061 8.640 9.261 9.881 10.501 10.563 10.270 9.976 9.683 9.389 9.096 8.802 8.509 8.131 7.937 7.717 7.498 7.278 7.059 6.839 6.620 6.400 6.245 6.238 6.230 6.223 6.215 6.208 6.197 6.183 6.168 6.161 6.159 6.156 6.154 6.152 6.151 6.150 6.148 6.147 6.146 6.175 6.195 6.190 6.185 6.180 6.176 6.171 6.166 6.161 6.157 6.155 6.185 6.241 6.298 6.355 6.412
8.227 7.945 7.662 7.380 7.097 6.814 6.532 6.249 6.193 6.138 6.093 6.064 6.035 6.006 5.976 5.947 5.918 6.357 6.883 7.409 7.976 8.596 9.216 9.837 10.457 10.782 10.489 10.195 9.902 9.608 9.315 9.022 8.596 8.050 7.819 7.673 7.524 7.305 7.085 6.866 6.646 6.427 6.244 6.237 6.229 6.222 6.214 6.201 6.186 6.172 6.157 6.148 6.146 6.143 6.141 6.139 6.137 6.135 6.132 6.131 6.130 6.149 6.149 6.145 6.140 6.136 6.131 6.127 6.123 6.119 6.114 6.113 6.113 6.121 6.178 6.234 6.291
8.479 8.197 7.914 7.632 7.349 7.066 6.784 6.501 6.310 6.255 6.226 6.197 6.167 6.138 6.109 6.079 6.050 6.231 6.757 7.312 7.932 8.552 9.172 9.792 10.413 11.001 10.708 10.414 10.121 9.827 9.534 9.062 8.515 7.968 7.679 7.533 7.387 7.241 7.095 6.892 6.673 6.453 6.243 6.235 6.228 6.218 6.204 6.189 6.175 6.160 6.146 6.135 6.133 6.130 6.128 6.126 6.124 6.122 6.119 6.117 6.115 6.109 6.105 6.101 6.097 6.093 6.089 6.084 6.080 6.076 6.072 6.071 6.071 6.072 6.072 6.114 6.170
8.731 8.449 8.166 7.884 7.601 7.319 7.036 6.754 6.471 6.388 6.358 6.329 6.300 6.270 6.241 6.212 6.182 6.153 6.648 7.268 7.888 8.508 9.128 9.748 10.369 10.989 10.927 10.633 10.340 10.046 9.527 8.980 8.434 7.887 7.540 7.394 7.248 7.101 6.955 6.809 6.663 6.480 6.260 6.234 6.221 6.207 6.192 6.178 6.163 6.149 6.134 6.122 6.120 6.118 6.115 6.113 6.111 6.109 6.107 6.103 6.068 6.050 6.061 6.058 6.054 6.050 6.046 6.042 6.037 6.033 6.029 6.029 6.029 6.029 6.030 6.030 6.050
8.810 8.521 8.231 7.941 7.651 7.361 7.071 6.782 6.507 6.432 6.407 6.383 6.358 6.334 6.309 6.285 6.260 6.236 6.596 7.223 7.844 8.464 9.084 9.704 10.324 10.945 11.146 10.852 10.539 9.992 9.446 8.899 8.353 7.806 7.400 7.254 7.108 6.962 6.816 6.670 6.524 6.377 6.245 6.224 6.210 6.195 6.181 6.167 6.152 6.138 6.123 6.109 6.107 6.105 6.103 6.100 6.098 6.096 6.075 6.040 6.004 5.986 5.997 6.008 6.011 6.007 6.003 5.999 5.995 5.990 5.986 5.986 5.987 5.987 5.988 5.988 5.989
8.797 8.507 8.217 7.927 7.637 7.348 7.058 6.768 6.574 6.493 6.434 6.410 6.386 6.361 6.337 6.312 6.288 6.356 6.527 7.153 7.779 8.405 9.032 9.658 10.280 10.901 11.365 11.004 10.458 9.911 9.364 8.818 8.271 7.725 7.260 7.114 6.968 6.822 6.676 6.530 6.384 6.286 6.223 6.199 6.191 6.184 6.170 6.155 6.141 6.126 6.112 6.097 6.094 6.092 6.090 6.088 6.082 6.047 6.011 5.976 5.941 5.923 5.934 5.945 5.956 5.965 5.960 5.956 5.952 5.948 5.944 5.944 5.945 5.945 5.946 5.946 5.947
8.754 8.493 8.204 7.914 7.624 7.334 7.044 6.754 6.642 6.561 6.479 6.437 6.413 6.388 6.364 6.340 6.374 6.476 6.578 7.084 7.710 8.336 8.962 9.588 10.214 10.841 11.316 10.923 10.376 9.830 9.283 8.737 8.190 7.644 7.121 6.975 6.828 6.682 6.536 6.390 6.327 6.264 6.201 6.171 6.164 6.157 6.150 6.143 6.130 6.115 6.101 6.086 6.081 6.079 6.077 6.054 6.018 5.983 5.948 5.912 5.877 5.860 5.871 5.882 5.893 5.904 5.915 5.913 5.909 5.905 5.902 5.902 5.903 5.903 5.904 5.904 5.895
8.623 8.480 8.190 7.900 7.610 7.321 7.031 6.790 6.709 6.628 6.547 6.466 6.440 6.416 6.391 6.392 6.494 6.597 6.699 7.014 7.641 8.267 8.893 9.519 10.145 10.626 10.850 10.615 10.171 9.727 9.202 8.655 8.109 7.562 7.016 6.835 6.689 6.542 6.430 6.368 6.305 6.242 6.179 6.144 6.137 6.129 6.122 6.115 6.108 6.101 6.089 6.075 6.068 6.061 6.025 5.990 5.955 5.919 5.884 5.848 5.813 5.796 5.807 5.818 5.829 5.840 5.851 5.863 5.866 5.862 5.860 5.860 5.861 5.861 5.839 5.815 5.791
8.492 8.385 8.177 7.887 7.597 7.307 7.017 6.858 6.777 6.696 6.615 6.534 6.468 6.443 6.419 6.513 6.615 6.717 6.819 6.945 7.571 8.197 8.823 9.450 9.935 10.159 10.383 10.297 9.853 9.409 8.964 8.520 8.028 7.481 6.935 6.695 6.549 6.471 6.409 6.346 6.283 6.220 6.157 6.116 6.109 6.102 6.095 6.088 6.080 6.073 6.066 6.059 6.032 5.997 5.962 5.926 5.891 5.855 5.820 5.785 5.749 5.733 5.744 5.755 5.766 5.777 5.788 5.799 5.810 5.820 5.818 5.807 5.783 5.760 5.736 5.712 5.688
8.361 8.254 8.148 7.873 7.583 7.294 7.007 6.926 6.845 6.763 6.682 6.601 6.520 6.471 6.531 6.633 6.735 6.838 6.940 7.042 7.502 8.128 8.754 9.245 9.469 9.693 9.917 9.980 9.535 9.091 8.647 8.202 7.758 7.313 6.853 6.575 6.512 6.449 6.387 6.324 6.261 6.198 6.135 6.089 6.081 6.074 6.067 6.060 6.053 6.046 6.034 6.006 5.973 5.935 5.898 5.862 5.827 5.792 5.756 5.721 5.686 5.670 5.681 5.692 5.703 5.714 5.725 5.736 5.747 5.762 5.738 5.704 5.680 5.656 5.632 5.608 5.585
8.229 8.123 8.016 7.860 7.570 7.280 7.074 6.993 6.912 6.831 6.750 6.669 6.594 6.572 6.658 6.754 6.856 6.958 7.061 7.163 7.432 8.059 8.555 8.779 9.003 9.227 9.451 9.662 9.218 8.773 8.329 7.884 7.440 6.996 6.689 6.540 6.490 6.428 6.365 6.302 6.239 6.176 6.113 6.061 6.054 6.047 6.040 6.033 6.025 6.003 5.975 5.947 5.915 5.876 5.838 5.800 5.763 5.728 5.692 5.657 5.622 5.606 5.617 5.628 5.639 5.651 5.662 5.677 5.693 5.710 5.684 5.627 5.577 5.553 5.529 5.505 5.481
8.098 7.991 7.885 7.779 7.556 7.267 7.142 7.061 6.980 6.899 6.857 6.828 6.798 6.769 6.843 6.929 7.015 7.101 7.187 7.283 7.386 7.865 8.089 8.313 8.537 8.761 8.984 9.208 8.900 8.455 8.011 7.567 7.214 6.928 6.642 6.492 6.442 6.391 6.341 6.280 6.217 6.154 6.092 6.034 6.027 6.019 6.012 6.000 5.972 5.944 5.916 5.889 5.857 5.818 5.780 5.742 5.703 5.665 5.629 5.593 5.558 5.543 5.554 5.565 5.576 5.592 5.608 5.625 5.641 5.657 5.629 5.573 5.516 5.459 5.425 5.402 5.378
7.967 7.860 7.754 7.647 7.541 7.291 7.210 7.150 7.120 7.091 7.061 7.032 7.002 6.972 7.029 7.115 7.200 7.286 7.372 7.458 7.603 7.718 7.728 7.847 8.071 8.294 8.518 8.742 8.582 8.138 7.738 7.452 7.166 6.880 6.594 6.443 6.393 6.343 6.292 6.242 6.192 6.132 6.070 6.007 5.999 5.992 5.969 5.941 5.913 5.885 5.858 5.830 5.799 5.760 5.722 5.683 5.645 5.607 5.568 5.530 5.494 5.479 5.491 5.507 5.523 5.540 5.556 5.572 5.589 5.605 5.575 5.518 5.461 5.404 5.348 5.298 5.274
7.879 7.767 7.654 7.542 7.429 7.413 7.383 7.354 7.324 7.295 7.265 7.236 7.206 7.176 7.215 7.300 7.386 7.472 7.558 7.714 7.976 8.187 8.197 8.207 8.217 8.227 8.237 8.276 8.264 7.977 7.690 7.404 7.118 6.832 6.546 6.394 6.344 6.294 6.244 6.194 6.143 6.093 6.043 5.985 5.965 5.938 5.910 5.882 5.855 5.827 5.799 5.771 5.741 5.702 5.664 5.625 5.587 5.549 5.510 5.472 5.434 5.423 5.438 5.455 5.471 5.487 5.504 5.520 5.536 5.553 5.520 5.463 5.407 5.350 5.294 5.237 5.180
7.825 7.712 7.600 7.487 7.478 7.543 7.548 7.554 7.528 7.499 7.469 7.439 7.410 7.380 7.400 7.486 7.572 7.657 7.825 8.087 8.349 8.611 8.667 8.677 8.687 8.697 8.707 8.716 8.314 7.929 7.643 7.357 7.071 6.785 6.499 6.346 6.295 6.245 6.195 6.145 6.095 6.044 5.994 5.953 5.913 5.879 5.851 5.824 5.796 5.768 5.740 5.713 5.682 5.644 5.606 5.567 5.529 5.491 5.452 5.434 5.424 5.413 5.404 5.402 5.418 5.435 5.451 5.468 5.484 5.501 5.466 5.409 5.352 5.296 5.239 5.182 5.126
7.770 7.658 7.545 7.510 7.589 7.668 7.677 7.682 7.688 7.693 7.673 7.643 7.614 7.584 7.586 7.672 7.757 7.936 8.198 8.460 8.722 8.985 9.137 9.147 9.157 9.166 9.176 8.945 8.464 7.983 7.595 7.309 7.023 6.737 6.451 6.297 6.247 6.197 6.146 6.096 6.046 5.996 5.959 5.922 5.883 5.842 5.800 5.765 5.737 5.709 5.682 5.654 5.624 5.586 5.548 5.509 5.471 5.446 5.435 5.425 5.414 5.404 5.394 5.385 5.375 5.383 5.399 5.415 5.432 5.448 5.411 5.354 5.298 5.241 5.185 5.130 5.102
7.716 7.603 7.542 7.621 7.700 7.779 7.805 7.811 7.816 7.822 7.827 7.833 7.818 7.788 7.771 7.857 8.047 8.309 8.571 8.833 9.096 9.358 9.606 9.616 9.626 9.636 9.577 9.095 8.614 8.133 7.651 7.261 6.975 6.690 6.404 6.248 6.198 6.148 6.098 6.047 6.002 5.965 5.928 5.892 5.853 5.811 5.770 5.729 5.687 5.651 5.623 5.595 5.566 5.528 5.489 5.458 5.447 5.436 5.426 5.415 5.404 5.394 5.385 5.375 5.366 5.356 5.347 5.363 5.379 5.396 5.356 5.300 5.243 5.188 5.160 5.133 5.106
7.661 7.574 7.653 7.732 7.811 7.890 7.934 7.939 7.945 7.950 7.956 7.961 7.967 7.972 7.962 8.157 8.420 8.682 8.944 9.207 9.469 9.731 9.993 10.086 10.096 10.106 9.726 9.245 8.764 8.283 7.801 7.320 6.928 6.642 6.356 6.200 6.150 6.099 6.049 6.008 5.971 5.934 5.897 5.860 5.822 5.781 5.740 5.698 5.657 5.616 5.575 5.536 5.508 5.470 5.459 5.448 5.438 5.427 5.416 5.405 5.394 5.384 5.375 5.365 5.356 5.347 5.337 5.328 5.327 5.343 5.302 5.246 5.219 5.191 5.164 5.136 5.109
7.607 7.685 7.764 7.843 7.922 8.001 8.063 8.068 8.073 8.079 8.085 8.090 8.096 8.101 8.122 8.375 8.721 9.055 9.317 9.580 9.842 10.104 10.366 10.556 10.566 10.357 9.876 9.395 8.914 8.432 7.951 7.470 6.988 6.594 6.308 6.151 6.101 6.051 6.014 5.977 5.940 5.903 5.866 5.830 5.792 5.751 5.709 5.668 5.627 5.585 5.544 5.503 5.462 5.460 5.450 5.439 5.428 5.417 5.406 5.395 5.384 5.374 5.365 5.356 5.346 5.337 5.327 5.318 5.309 5.300 5.277 5.249 5.222 5.194 5.167 5.139 5.112
7.717 7.796 7.875 7.954 8.033 8.112 8.191 8.197 8.202 8.208 8.213 8.219 8.224 8.248 8.272 8.440 8.787 9.133 9.479 9.825 10.172 10.477 10.740 11.002 10.989 10.507 10.026 9.545 9.063 8.582 8.101 7.619 7.138 6.657 6.261 6.102 6.057 6.020 5.983 5.946 5.909 5.872 5.835 5.799 5.762 5.720 5.679 5.638 5.596 5.555 5.513 5.470 5.430 5.432 5.434 5.429 5.418 5.407 5.396 5.385 5.375 5.365 5.355 5.346 5.337 5.327 5.318 5.309 5.291 5.273 5.261 5.250 5.225 5.198 5.170 5.143 5.115
7.829 7.908 7.987 8.066 8.145 8.224 8.303 8.325 8.331 8.336 8.342 8.349 8.374 8.398 8.423 8.505 8.852 9.198 9.544 9.891 10.237 10.583 10.930 11.276 11.144 10.662 10.181 9.699 9.218 8.736 8.254 7.773 7.292 6.810 6.328 6.063 6.026 5.989 5.952 5.915 5.878 5.841 5.804 5.768 5.731 5.690 5.649 5.607 5.566 5.522 5.479 5.436 5.397 5.399 5.402 5.404 5.406 5.397 5.387 5.376 5.365 5.355 5.346 5.336 5.327 5.318 5.302 5.283 5.265 5.247 5.234 5.223 5.212 5.201 5.173 5.146 5.119
