includes/overflow_coast_co/floodfiles/results_R2_t1.605555492999E12 submersion faible - st pierre rupture dune49 et surverse dune11/res-0005.wd
ncols         906
nrows         631
xllcorner     362177.146666679996997
yllcorner     6534725.688019599765539
cellsize      20.000000000000000
NODATA_value  -9999.000000
[rows 510 to 543 of 631, columns 693 to 769 of 906]
5.455 5.443 5.474 5.551 5.629 5.706 5.783 5.860 5.937 6.014 6.091 6.168 6.228 6.283 6.337 6.414 6.613 6.812 7.011 7.210 7.409 7.608 7.807 8.005 8.204 8.398 8.527 8.657 8.786 8.944 9.104 9.264 9.425 9.585 9.745 9.906 10.066 10.226 10.387 10.549 10.718 10.887 10.949 10.918 10.888 10.858 10.828 10.797 10.767 10.737 10.707 10.677 10.646 10.616 10.587 10.559 10.555 10.581 10.607 10.633 10.658 10.684 10.710 10.736 10.762 10.788 10.814 10.840 10.866 10.892 10.955 11.135 11.314 11.579 11.843 12.107 12.371
5.558 5.551 5.628 5.705 5.782 5.859 5.936 6.013 6.091 6.168 6.245 6.322 6.395 6.449 6.504 6.664 6.863 7.062 7.261 7.460 7.659 7.858 8.057 8.255 8.454 8.653 8.817 8.947 9.091 9.251 9.411 9.572 9.732 9.892 10.053 10.213 10.373 10.533 10.694 10.854 11.020 11.174 11.143 11.113 11.083 11.053 11.022 10.992 10.962 10.932 10.902 10.871 10.841 10.811 10.781 10.752 10.776 10.802 10.828 10.854 10.880 10.906 10.932 10.958 10.983 11.009 11.035 11.061 11.087 11.113 11.139 11.245 11.450 11.714 11.978 12.203 12.407
5.661 5.704 5.782 5.859 5.936 6.013 6.090 6.167 6.244 6.321 6.398 6.475 6.552 6.616 6.715 6.914 7.113 7.312 7.511 7.710 7.909 8.108 8.307 8.505 8.704 8.903 9.102 9.238 9.398 9.558 9.719 9.879 10.039 10.200 10.360 10.520 10.680 10.841 11.001 11.161 11.322 11.368 11.338 11.308 11.278 11.247 11.217 11.187 11.157 11.126 11.096 11.066 11.036 11.006 10.975 10.972 10.998 11.024 11.049 11.075 11.101 11.127 11.153 11.179 11.205 11.231 11.257 11.283 11.309 11.334 11.360 11.386 11.574 11.778 11.982 12.186 12.390
5.781 5.858 5.935 6.012 6.090 6.166 6.244 6.321 6.398 6.475 6.552 6.629 6.706 6.783 6.965 7.164 7.363 7.562 7.762 7.965 8.169 8.372 8.576 8.779 8.983 9.186 9.389 9.520 9.678 9.835 9.992 10.150 10.307 10.464 10.622 10.779 10.936 11.094 11.251 11.408 11.498 11.381 11.343 11.306 11.268 11.230 11.193 11.155 11.117 11.080 11.042 11.004 10.967 10.929 10.906 11.007 11.035 11.062 11.090 11.117 11.145 11.172 11.200 11.227 11.255 11.282 11.310 11.337 11.365 11.392 11.420 11.460 11.582 11.761 11.965 12.169 12.373
6.043 6.124 6.206 6.287 6.368 6.449 6.530 6.611 6.692 6.773 6.854 6.935 7.016 7.164 7.381 7.584 7.787 7.991 8.194 8.398 8.601 8.805 9.008 9.211 9.415 9.618 9.782 9.760 9.877 10.035 10.192 10.349 10.507 10.664 10.821 10.979 11.136 11.293 11.451 11.608 11.486 11.285 11.241 11.203 11.166 11.128 11.090 11.053 11.015 10.977 10.940 10.902 10.864 10.827 10.895 11.000 11.060 11.087 11.115 11.142 11.170 11.197 11.225 11.252 11.280 11.307 11.335 11.362 11.390 11.417 11.452 11.518 11.625 11.792 11.960 12.152 12.357
6.308 6.460 6.541 6.622 6.703 6.785 6.866 6.947 7.028 7.109 7.190 7.271 7.357 7.583 7.810 8.016 8.220 8.423 8.627 8.830 9.033 9.237 9.440 9.644 9.847 10.051 10.084 10.062 10.077 10.234 10.392 10.549 10.706 10.863 11.021 11.178 11.336 11.493 11.650 11.675 11.474 11.273 11.138 11.101 11.063 11.025 10.988 10.950 10.913 10.875 10.837 10.800 10.762 10.778 10.883 10.988 11.085 11.112 11.140 11.167 11.195 11.222 11.250 11.277 11.305 11.332 11.360 11.387 11.415 11.444 11.509 11.575 11.669 11.836 12.003 12.170 12.340
6.558 6.790 6.877 6.958 7.039 7.120 7.201 7.282 7.363 7.444 7.525 7.606 7.776 8.003 8.229 8.449 8.652 8.856 9.059 9.262 9.466 9.669 9.873 10.076 10.280 10.408 10.386 10.364 10.342 10.434 10.591 10.748 10.906 11.063 11.220 11.378 11.535 11.693 11.850 11.662 11.461 11.260 11.059 10.999 10.961 10.923 10.886 10.848 10.810 10.773 10.735 10.697 10.662 10.767 10.872 10.977 11.082 11.137 11.165 11.192 11.220 11.247 11.275 11.302 11.330 11.357 11.385 11.412 11.440 11.501 11.566 11.632 11.712 11.879 12.046 12.213 12.381
6.808 7.040 7.213 7.294 7.375 7.456 7.537 7.618 7.699 7.780 7.861 7.969 8.195 8.422 8.648 8.874 9.085 9.288 9.491 9.695 9.898 10.102 10.305 10.508 10.712 10.710 10.688 10.666 10.645 10.633 10.791 10.948 11.106 11.263 11.420 11.578 11.735 11.892 11.851 11.650 11.449 11.248 11.047 10.896 10.858 10.821 10.783 10.745 10.708 10.670 10.633 10.595 10.651 10.756 10.861 10.966 11.071 11.162 11.190 11.217 11.245 11.272 11.300 11.327 11.355 11.382 11.410 11.437 11.493 11.558 11.624 11.689 11.755 11.923 12.090 12.257 12.424
7.057 7.290 7.522 7.629 7.711 7.792 7.873 7.954 8.035 8.116 8.197 8.388 8.615 8.841 9.067 9.294 9.517 9.720 9.924 10.127 10.330 10.534 10.737 10.941 11.034 11.013 10.991 10.969 10.947 10.925 10.990 11.148 11.305 11.463 11.620 11.777 11.935 12.039 11.838 11.637 11.436 11.235 11.035 10.834 10.756 10.719 10.681 10.643 10.606 10.568 10.530 10.535 10.640 10.744 10.850 10.954 11.060 11.165 11.215 11.242 11.270 11.297 11.325 11.353 11.380 11.407 11.435 11.484 11.550 11.615 11.681 11.746 11.812 11.966 12.133 12.300 12.467
7.307 7.540 7.772 7.965 8.046 8.127 8.208 8.290 8.370 8.452 8.581 8.807 9.034 9.260 9.486 9.713 9.939 10.153 10.356 10.559 10.763 10.966 11.170 11.359 11.337 11.315 11.293 11.271 11.249 11.227 11.205 11.347 11.505 11.662 11.820 11.977 12.134 12.027 11.826 11.625 11.424 11.223 11.022 10.821 10.654 10.616 10.578 10.541 10.503 10.466 10.428 10.523 10.628 10.733 10.838 10.943 11.048 11.153 11.240 11.268 11.295 11.323 11.350 11.378 11.405 11.433 11.476 11.542 11.607 11.672 11.738 11.803 11.869 12.009 12.177 12.344 12.511
7.557 7.789 8.022 8.254 8.382 8.463 8.544 8.625 8.706 8.787 9.000 9.226 9.453 9.679 9.905 10.132 10.358 10.584 10.788 10.992 11.195 11.399 11.602 11.661 11.639 11.617 11.595 11.573 11.551 11.529 11.508 11.547 11.704 11.862 12.019 12.177 12.216 12.015 11.814 11.613 11.412 11.211 11.010 10.809 10.608 10.514 10.476 10.439 10.401 10.363 10.407 10.512 10.617 10.722 10.827 10.932 11.037 11.142 11.247 11.293 11.320 11.348 11.375 11.403 11.430 11.468 11.533 11.599 11.664 11.730 11.795 11.861 11.926 12.053 12.220 12.387 12.554
7.807 8.039 8.272 8.504 8.718 8.799 8.880 8.961 9.042 9.193 9.419 9.646 9.872 10.098 10.325 10.551 10.777 11.003 11.221 11.424 11.628 11.831 11.985 11.963 11.941 11.919 11.898 11.876 11.854 11.832 11.810 11.788 11.904 12.061 12.219 12.376 12.203 12.002 11.801 11.600 11.399 11.198 10.997 10.796 10.596 10.412 10.374 10.336 10.299 10.291 10.396 10.501 10.606 10.711 10.816 10.921 11.026 11.131 11.236 11.318 11.345 11.373 11.400 11.428 11.460 11.525 11.591 11.656 11.721 11.787 11.852 11.918 11.983 12.096 12.263 12.431 12.598
8.057 8.289 8.521 8.754 8.986 9.135 9.216 9.297 9.386 9.612 9.838 10.065 10.291 10.517 10.744 10.970 11.196 11.423 11.649 11.857 12.060 12.263 12.288 12.266 12.244 12.222 12.200 12.178 12.156 12.134 12.112 12.090 12.104 12.261 12.418 12.392 12.191 11.990 11.789 11.588 11.387 11.186 10.985 10.784 10.583 10.382 10.272 10.234 10.196 10.279 10.384 10.489 10.594 10.699 10.804 10.909 11.014 11.119 11.224 11.329 11.370 11.398 11.425 11.453 11.517 11.582 11.648 11.713 11.779 11.844 11.909 11.975 12.040 12.140 12.307 12.474 12.641
8.306 8.539 8.771 9.004 9.236 9.469 9.551 9.633 9.805 10.031 10.258 10.484 10.710 10.936 11.163 11.389 11.615 11.842 12.068 12.289 12.492 12.612 12.590 12.568 12.546 12.524 12.502 12.480 12.458 12.436 12.415 12.393 12.371 12.461 12.581 12.380 12.179 11.978 11.777 11.576 11.375 11.174 10.973 10.772 10.571 10.370 10.169 10.132 10.163 10.268 10.373 10.478 10.583 10.688 10.793 10.898 11.003 11.108 11.213 11.318 11.395 11.423 11.450 11.509 11.574 11.640 11.705 11.770 11.836 11.901 11.967 12.032 12.098 12.183 12.350 12.517 12.685
8.556 8.789 9.021 9.254 9.486 9.718 9.887 9.998 10.224 10.450 10.677 10.903 11.129 11.356 11.582 11.808 12.035 12.261 12.487 12.714 12.925 12.914 12.892 12.870 12.848 12.826 12.804 12.783 12.761 12.739 12.717 12.695 12.673 12.661 12.568 12.367 12.166 11.965 11.764 11.563 11.362 11.161 10.960 10.759 10.558 10.357 10.156 10.047 10.152 10.257 10.362 10.467 10.572 10.677 10.782 10.887 10.992 11.097 11.202 11.307 11.412 11.448 11.500 11.566 11.631 11.697 11.762 11.828 11.893 11.958 12.024 12.089 12.155 12.226 12.394 12.561 12.728
8.806 9.039 9.271 9.503 9.736 9.968 10.201 10.417 10.643 10.862 11.078 11.295 11.512 11.729 11.946 12.163 12.380 12.597 12.814 13.031 13.106 13.076 13.047 13.017 12.988 12.958 12.929 12.899 12.870 12.840 12.811 12.781 12.752 12.692 12.525 12.324 12.123 11.922 11.721 11.520 11.319 11.118 10.917 10.716 10.515 10.313 10.112 10.048 10.146 10.250 10.355 10.460 10.564 10.669 10.774 10.878 10.983 11.087 11.192 11.297 11.401 11.492 11.558 11.623 11.689 11.754 11.819 11.885 11.950 12.016 12.081 12.146 12.212 12.277 12.437 12.604 12.771
9.025 9.257 9.489 9.720 9.952 10.183 10.392 10.570 10.787 11.004 11.221 11.438 11.655 11.872 12.089 12.306 12.523 12.740 12.957 13.150 13.090 13.045 13.015 12.986 12.956 12.927 12.897 12.868 12.838 12.809 12.779 12.750 12.720 12.599 12.466 12.268 12.067 11.866 11.665 11.464 11.263 11.061 10.860 10.659 10.458 10.257 10.128 10.106 10.143 10.247 10.352 10.457 10.561 10.666 10.771 10.875 10.980 11.084 11.189 11.294 11.394 11.478 11.561 11.643 11.726 11.808 11.877 11.942 12.007 12.073 12.138 12.204 12.269 12.335 12.480 12.648 12.815
9.237 9.468 9.700 9.931 10.163 10.394 10.567 10.731 10.930 11.147 11.364 11.581 11.798 12.015 12.232 12.449 12.666 12.883 13.099 13.136 13.076 13.016 12.984 12.954 12.925 12.895 12.866 12.836 12.807 12.777 12.748 12.718 12.639 12.506 12.372 12.212 12.011 11.809 11.608 11.407 11.206 11.005 10.804 10.603 10.402 10.207 10.186 10.164 10.143 10.244 10.349 10.454 10.558 10.663 10.768 10.872 10.977 11.081 11.186 11.291 11.376 11.461 11.544 11.627 11.709 11.792 11.874 11.957 12.039 12.122 12.195 12.261 12.326 12.392 12.524 12.691 12.777
9.448 9.680 9.911 10.143 10.374 10.576 10.741 10.906 11.072 11.289 11.506 11.723 11.940 12.157 12.374 12.591 12.808 13.025 13.183 13.123 13.062 13.002 12.952 12.923 12.893 12.864 12.834 12.805 12.775 12.746 12.716 12.679 12.546 12.413 12.279 12.146 11.954 11.753 11.552 11.351 11.150 10.949 10.748 10.547 10.346 10.265 10.244 10.222 10.201 10.241 10.346 10.451 10.555 10.660 10.764 10.869 10.974 11.078 11.183 11.274 11.359 11.443 11.527 11.610 11.693 11.775 11.858 11.940 12.023 12.105 12.188 12.270 12.353 12.435 12.514 12.600 12.685
9.659 9.891 10.122 10.354 10.585 10.750 10.915 11.080 11.245 11.432 11.649 11.866 12.083 12.300 12.517 12.734 12.951 13.168 13.169 13.109 13.049 12.989 12.928 12.891 12.862 12.832 12.803 12.773 12.744 12.714 12.685 12.586 12.453 12.319 12.186 12.053 11.898 11.697 11.496 11.295 11.094 10.893 10.691 10.490 10.345 10.324 10.302 10.281 10.259 10.238 10.343 10.448 10.552 10.657 10.761 10.866 10.971 11.075 11.172 11.256 11.341 11.426 11.511 11.593 11.676 11.758 11.841 11.923 12.006 12.088 12.171 12.253 12.336 12.387 12.434 12.510 12.593
9.871 10.102 10.334 10.565 10.760 10.924 11.089 11.254 11.419 11.584 11.792 12.008 12.225 12.442 12.659 12.876 13.093 13.215 13.155 13.095 13.035 12.975 12.915 12.859 12.830 12.801 12.771 12.742 12.712 12.683 12.626 12.493 12.359 12.226 12.093 11.959 11.826 11.641 11.440 11.239 11.037 10.836 10.635 10.434 10.403 10.382 10.360 10.339 10.317 10.296 10.340 10.445 10.549 10.654 10.758 10.863 10.968 11.069 11.154 11.239 11.324 11.409 11.493 11.577 11.659 11.742 11.824 11.907 11.989 12.072 12.154 12.237 12.290 12.317 12.358 12.434 12.511
10.082 10.313 10.545 10.769 10.934 11.099 11.263 11.428 11.593 11.758 11.934 12.151 12.368 12.585 12.802 13.019 13.236 13.202 13.142 13.081 13.021 12.961 12.901 12.841 12.798 12.769 12.739 12.710 12.680 12.651 12.533 12.399 12.266 12.133 11.999 11.866 11.733 11.585 11.383 11.182 10.981 10.780 10.579 10.483 10.462 10.440 10.419 10.397 10.376 10.354 10.337 10.442 10.546 10.651 10.755 10.860 10.965 11.052 11.137 11.221 11.306 11.391 11.476 11.560 11.642 11.725 11.807 11.890 11.973 12.055 12.138 12.194 12.220 12.246 12.281 12.358 12.434
10.293 10.525 10.756 10.943 11.108 11.273 11.438 11.602 11.767 11.932 12.097 12.294 12.511 12.728 12.945 13.162 13.248 13.188 13.128 13.068 13.008 12.947 12.887 12.827 12.767 12.737 12.708 12.678 12.649 12.573 12.439 12.306 12.173 12.039 11.906 11.773 11.639 11.506 11.327 11.126 10.925 10.724 10.563 10.541 10.520 10.498 10.477 10.455 10.434 10.412 10.391 10.438 10.543 10.648 10.752 10.857 10.950 11.034 11.119 11.204 11.289 11.374 11.458 11.543 11.626 11.708 11.791 11.873 11.956 12.038 12.097 12.123 12.149 12.175 12.205 12.281 12.358
10.504 10.736 10.953 11.117 11.282 11.447 11.612 11.777 11.942 12.106 12.271 12.436 12.653 12.870 13.087 13.295 13.235 13.175 13.114 13.054 12.994 12.934 12.874 12.813 12.753 12.706 12.676 12.647 12.613 12.479 12.346 12.213 12.079 11.946 11.813 11.679 11.546 11.413 11.271 11.070 10.869 10.668 10.621 10.600 10.578 10.557 10.535 10.514 10.492 10.471 10.449 10.436 10.540 10.645 10.749 10.847 10.932 11.017 11.102 11.186 11.271 11.356 11.441 11.526 11.609 11.691 11.774 11.857 11.939 12.000 12.026 12.052 12.079 12.105 12.131 12.205 12.282
10.716 10.947 11.127 11.292 11.456 11.621 11.786 11.951 12.116 12.281 12.445 12.610 12.796 13.013 13.230 13.281 13.221 13.161 13.101 13.040 12.980 12.920 12.860 12.800 12.739 12.679 12.645 12.615 12.519 12.386 12.253 12.119 11.986 11.853 11.720 11.586 11.453 11.320 11.186 11.014 10.812 10.701 10.679 10.658 10.636 10.615 10.593 10.572 10.550 10.529 10.508 10.486 10.537 10.642 10.745 10.830 10.915 10.999 11.084 11.169 11.254 11.338 11.423 11.508 11.592 11.675 11.757 11.840 11.904 11.930 11.956 11.982 12.008 12.034 12.060 12.129 12.205
10.927 11.136 11.301 11.466 11.631 11.796 11.960 12.125 12.290 12.455 12.620 12.785 12.949 13.156 13.328 13.268 13.208 13.147 13.087 13.027 12.967 12.906 12.846 12.786 12.726 12.666 12.613 12.560 12.426 12.293 12.159 12.026 11.893 11.760 11.626 11.493 11.360 11.226 11.093 10.957 10.781 10.759 10.738 10.716 10.695 10.673 10.652 10.630 10.609 10.587 10.566 10.544 10.534 10.639 10.727 10.812 10.897 10.982 11.067 11.151 11.236 11.321 11.406 11.491 11.575 11.658 11.741 11.807 11.833 11.859 11.885 11.911 11.937 11.963 11.990 12.052 12.129
11.138 11.310 11.475 11.640 11.805 11.970 12.134 12.299 12.464 12.629 12.794 12.959 13.124 13.298 13.314 13.254 13.194 13.133 13.073 13.013 12.953 12.893 12.832 12.772 12.707 12.642 12.577 12.463 12.330 12.196 12.063 11.929 11.796 11.662 11.529 11.395 11.262 11.128 10.995 10.861 10.819 10.800 10.780 10.761 10.741 10.722 10.703 10.683 10.664 10.644 10.624 10.602 10.581 10.625 10.710 10.795 10.880 10.964 11.049 11.134 11.219 11.303 11.388 11.473 11.558 11.641 11.710 11.736 11.762 11.788 11.815 11.841 11.867 11.893 11.919 11.976 12.053
11.320 11.485 11.649 11.814 11.979 12.137 12.293 12.448 12.603 12.758 12.914 13.069 13.224 13.310 13.225 13.160 13.095 13.030 12.965 12.900 12.835 12.770 12.706 12.641 12.576 12.511 12.438 12.348 12.215 12.081 11.948 11.815 11.681 11.547 11.414 11.280 11.147 11.013 10.880 10.796 10.791 10.772 10.753 10.733 10.714 10.694 10.675 10.655 10.636 10.616 10.597 10.577 10.569 10.613 10.697 10.781 10.866 10.950 11.034 11.119 11.203 11.288 11.372 11.456 11.541 11.613 11.640 11.666 11.692 11.718 11.744 11.770 11.796 11.822 11.848 11.900 11.976
11.397 11.552 11.707 11.863 12.018 12.173 12.328 12.484 12.639 12.794 12.949 13.104 13.259 13.208 13.096 13.029 12.964 12.899 12.834 12.769 12.704 12.639 12.575 12.510 12.445 12.380 12.296 12.211 12.100 11.967 11.833 11.700 11.566 11.433 11.299 11.166 11.032 10.899 10.766 10.761 10.756 10.744 10.725 10.705 10.686 10.666 10.647 10.627 10.608 10.588 10.569 10.549 10.579 10.617 10.685 10.769 10.854 10.938 11.022 11.107 11.191 11.276 11.360 11.444 11.529 11.589 11.617 11.634 11.652 11.670 11.687 11.705 11.726 11.752 11.778 11.824 11.900
11.443 11.588 11.743 11.898 12.053 12.209 12.364 12.519 12.674 12.830 12.985 13.140 13.220 13.107 12.995 12.898 12.833 12.768 12.703 12.638 12.573 12.508 12.443 12.379 12.314 12.238 12.153 12.069 11.984 11.852 11.718 11.585 11.451 11.318 11.185 11.051 10.917 10.784 10.731 10.726 10.721 10.715 10.697 10.677 10.658 10.638 10.619 10.599 10.580 10.561 10.541 10.551 10.589 10.627 10.673 10.757 10.842 10.926 11.011 11.095 11.179 11.264 11.348 11.432 11.501 11.558 11.605 11.623 11.640 11.658 11.675 11.693 11.710 11.728 11.746 11.757 11.822
11.492 11.628 11.779 11.934 12.089 12.244 12.400 12.555 12.710 12.865 13.021 13.176 13.118 13.006 12.893 12.781 12.702 12.637 12.572 12.507 12.442 12.377 12.312 12.247 12.180 12.096 12.011 11.927 11.842 11.737 11.604 11.470 11.337 11.203 11.070 10.936 10.803 10.701 10.696 10.690 10.685 10.680 10.669 10.650 10.630 10.611 10.591 10.572 10.552 10.533 10.523 10.561 10.599 10.638 10.676 10.745 10.830 10.914 10.999 11.083 11.167 11.252 11.336 11.414 11.470 11.527 11.584 11.611 11.629 11.646 11.664 11.681 11.699 11.716 11.732 11.740 11.748
11.541 11.677 11.814 11.970 12.125 12.280 12.435 12.590 12.746 12.901 13.056 13.130 13.017 12.904 12.792 12.679 12.570 12.506 12.441 12.376 12.311 12.246 12.181 12.116 12.038 11.953 11.869 11.784 11.699 11.615 11.489 11.356 11.222 11.089 10.955 10.822 10.688 10.666 10.660 10.655 10.650 10.645 10.639 10.622 10.602 10.583 10.563 10.544 10.524 10.505 10.533 10.571 10.609 10.648 10.686 10.733 10.818 10.902 10.987 11.071 11.155 11.240 11.324 11.383 11.440 11.497 11.553 11.599 11.617 11.634 11.652 11.669 11.687 11.705 11.715 11.723 11.731
11.591 11.727 11.863 12.005 12.161 12.316 12.471 12.626 12.781 12.937 13.092 13.028 12.916 12.803 12.690 12.578 12.465 12.375 12.310 12.245 12.180 12.115 12.050 11.980 11.896 11.811 11.726 11.642 11.557 11.473 11.374 11.241 11.107 10.974 10.840 10.707 10.635 10.630 10.625 10.620 10.614 10.609 10.604 10.594 10.574 10.555 10.535 10.516 10.496 10.505 10.543 10.581 10.620 10.658 10.696 10.735 10.806 10.890 10.975 11.059 11.143 11.228 11.295 11.352 11.409 11.466 11.523 11.580 11.605 11.623 11.640 11.658 11.675 11.690 11.698 11.706 11.714
11.640 11.776 11.912 12.048 12.196 12.351 12.507 12.662 12.817 12.972 13.040 12.927 12.814 12.702 12.589 12.476 12.364 12.251 12.179 12.114 12.049 11.984 11.919 11.838 11.753 11.669 11.584 11.499 11.415 11.330 11.246 11.126 10.993 10.859 10.726 10.605 10.600 10.595 10.590 10.584 10.579 10.574 10.569 10.564 10.547 10.527 10.508 10.488 10.477 10.515 10.553 10.592 10.630 10.668 10.706 10.745 10.794 10.878 10.963 11.047 11.131 11.208 11.264 11.321 11.378 11.435 11.492 11.549 11.593 11.611 11.628 11.646 11.664 11.673 11.681 11.689 11.697
