includes/overflow_coast_co/floodfiles/results_R2_t1.605555492999E12 submersion faible - st pierre rupture dune49 et surverse dune11/res-0008.wdfp
ncols         906
nrows         631
xllcorner     362177.146666679996997
yllcorner     6534725.688019599765539
cellsize      20.000000000000000
NODATA_value  -9999.000000
[rows 476 to 509 of 631, columns 231 to 307 of 906]
0.041 0.049 0.046 0.496 0.104 0.064 0.126 0.117 0.000 0.032 0.094 0.005 0.343 0.354 0.364 0.376 0.389 0.402 0.008 0.288 0.280 0.276 0.271 0.002 0.012 0.031 0.006 0.095 0.037 0.211 0.001 0.228 0.071 0.123 0.105 0.077 0.052 0.073 0.056 0.003 0.050 0.475 0.466 0.274 0.118 0.175 0.050 0.156 0.146 0.000 0.002 0.154 0.144 0.044 0.016 0.000 0.000 0.000 0.000 0.000 0.000 0.000 0.000 0.000 0.145 0.000 0.000 0.000 0.000 0.000 0.000 0.000 0.000 0.000 0.000 0.000 0.375
0.473 0.006 0.084 0.061 0.142 0.061 0.151 0.129 0.483 0.496 0.090 0.343 0.355 0.367 0.002 0.387 0.400 0.414 0.427 0.000 0.322 0.000 0.000 0.300 0.010 0.019 0.456 0.000 0.002 0.252 0.000 0.258 0.000 0.000 0.515 0.038 0.158 0.028 0.060 0.000 0.472 0.481 0.475 0.101 0.068 0.031 0.000 0.060 0.004 0.063 0.021 0.078 0.172 0.052 0.093 0.010 0.000 0.166 0.225 0.005 0.000 0.000 0.000 0.000 0.000 0.000 0.000 0.000 0.000 0.000 0.000 0.000 0.000 0.000 0.000 0.475 0.445
0.490 0.028 0.054 0.009 0.089 0.119 0.128 0.097 0.496 0.022 0.054 0.000 0.366 0.378 0.389 0.399 0.408 0.003 0.000 0.001 0.329 0.356 0.349 0.343 0.337 0.331 0.000 0.000 0.298 0.294 0.000 0.291 0.011 0.024 0.053 0.113 0.003 0.000 0.037 0.040 0.489 0.509 0.505 0.028 0.041 0.092 0.109 0.070 0.100 0.171 0.067 0.081 0.047 0.089 0.000 0.000 0.000 0.000 0.000 0.000 0.000 0.000 0.000 0.000 0.000 0.000 0.000 0.000 0.000 0.000 0.000 0.000 0.000 0.000 0.000 0.345 0.225
0.098 0.033 0.102 0.523 0.041 0.025 0.126 0.095 0.084 0.063 0.019 0.027 0.015 0.006 0.401 0.005 0.387 0.352 0.305 0.288 0.307 0.335 0.364 0.385 0.379 0.372 0.360 0.347 0.341 0.336 0.332 0.327 0.319 0.012 0.538 0.051 0.000 0.360 0.354 0.367 0.416 0.148 0.137 0.131 0.027 0.142 0.108 0.082 0.049 0.063 0.070 0.023 0.020 0.038 0.002 0.000 0.000 0.000 0.063 0.000 0.000 0.000 0.000 0.000 0.000 0.000 0.000 0.000 0.000 0.000 0.000 0.000 0.000 0.000 0.000 0.000 0.000
0.000 0.035 0.001 0.032 0.036 0.059 0.060 0.071 0.073 0.123 0.043 0.022 0.000 0.018 0.013 0.005 0.004 0.003 0.275 0.263 0.284 0.311 0.341 0.370 0.400 0.415 0.000 0.387 0.382 0.377 0.000 0.368 0.361 0.347 0.043 0.000 0.390 0.396 0.388 0.384 0.367 0.000 0.000 0.091 0.096 0.044 0.053 0.250 0.002 0.000 0.080 0.062 0.046 0.000 0.000 0.012 0.000 0.000 0.000 0.000 0.000 0.000 0.000 0.000 0.000 0.000 0.000 0.000 0.000 0.000 0.000 0.000 0.000 0.000 0.000 0.000 0.000
0.016 0.045 0.520 0.027 0.045 0.020 0.140 0.103 0.030 0.073 0.018 0.018 0.000 0.007 0.000 0.063 0.000 0.000 0.000 0.234 0.259 0.288 0.317 0.347 0.377 0.404 0.421 0.428 0.423 0.418 0.413 0.409 0.403 0.390 0.001 0.425 0.412 0.000 0.396 0.367 0.337 0.011 0.002 0.001 0.057 0.059 0.037 0.087 0.117 0.013 0.021 0.061 0.002 0.077 0.002 0.102 0.032 0.000 0.000 0.000 0.000 0.000 0.000 0.000 0.000 0.000 0.000 0.000 0.000 0.000 0.000 0.000 0.000 0.000 0.000 0.000 0.000
0.000 0.519 0.001 0.089 0.015 0.053 0.088 0.019 0.107 0.000 0.132 0.009 0.124 0.008 0.034 0.004 0.110 0.000 0.002 0.002 0.232 0.264 0.294 0.324 0.355 0.000 0.394 0.424 0.455 0.459 0.454 0.450 0.000 0.000 0.421 0.000 0.422 0.389 0.374 0.348 0.317 0.017 0.031 0.064 0.118 0.009 0.083 0.083 0.041 0.082 0.064 0.000 0.013 0.003 0.006 0.102 0.000 0.000 0.000 0.000 0.000 0.000 0.000 0.000 0.000 0.000 0.000 0.000 0.000 0.000 0.000 0.000 0.000 0.000 0.000 0.000 0.000
0.146 0.020 0.000 0.108 0.097 0.087 0.060 0.080 0.000 0.032 0.000 0.114 0.602 0.000 0.124 0.000 0.110 0.000 0.000 0.001 0.200 0.000 0.271 0.000 0.000 0.000 0.369 0.399 0.429 0.461 0.493 0.492 0.487 0.475 0.453 0.425 0.409 0.385 0.362 0.336 0.305 0.035 0.403 0.000 0.088 0.033 0.056 0.011 0.007 0.000 0.008 0.087 0.010 0.011 0.004 0.000 0.037 0.000 0.219 0.001 0.000 0.000 0.000 0.000 0.000 0.000 0.000 0.000 0.000 0.000 0.000 0.000 0.000 0.000 0.000 0.000 0.000
0.005 0.501 0.001 0.003 0.060 0.531 0.039 0.094 0.039 0.052 0.000 0.000 0.002 0.000 0.000 0.000 0.000 0.157 0.000 0.002 0.158 0.182 0.000 0.209 0.240 0.001 0.000 0.373 0.401 0.429 0.457 0.000 0.523 0.491 0.459 0.429 0.404 0.380 0.356 0.331 0.301 0.000 0.000 0.183 0.044 0.029 0.012 0.001 0.016 0.011 0.020 0.003 0.000 0.000 0.048 0.000 0.006 0.000 0.000 0.001 0.000 0.000 0.000 0.000 0.000 0.000 0.000 0.000 0.000 0.000 0.000 0.016 0.000 0.000 0.000 0.000 0.089
0.112 0.000 0.000 0.049 0.547 0.059 0.513 0.498 0.002 0.122 0.004 0.000 0.020 0.011 0.006 0.067 0.003 0.027 0.086 0.005 0.124 0.150 0.165 0.187 0.216 0.000 0.199 0.000 0.372 0.397 0.398 0.431 0.000 0.500 0.463 0.431 0.401 0.375 0.352 0.334 0.305 0.000 0.015 0.009 0.414 0.015 0.007 0.024 0.015 0.053 0.003 0.111 0.071 0.002 0.002 0.005 0.002 0.001 0.000 0.000 0.000 0.000 0.000 0.000 0.000 0.002 0.000 0.000 0.000 0.038 0.058 0.002 0.000 0.002 0.000 0.126 0.000
0.123 0.110 0.000 0.000 0.058 0.023 0.525 0.534 0.494 0.006 0.003 0.007 0.041 0.010 0.015 0.127 0.000 0.004 0.002 0.000 0.096 0.123 0.142 0.163 0.185 0.183 0.176 0.195 0.000 0.000 0.375 0.437 0.468 0.000 0.468 0.426 0.393 0.365 0.346 0.000 0.312 0.000 0.487 0.454 0.421 0.052 0.077 0.035 0.009 0.003 0.006 0.001 0.002 0.002 0.002 0.005 0.001 0.006 0.000 0.000 0.000 0.000 0.000 0.000 0.000 0.205 0.000 0.001 0.062 0.000 0.003 0.049 0.039 0.000 0.003 0.002 0.000
0.134 0.000 0.114 0.005 0.020 0.106 0.035 0.046 0.026 0.005 0.470 0.016 0.026 0.000 0.037 0.009 0.000 0.002 0.000 0.000 0.072 0.099 0.119 0.140 0.162 0.000 0.133 0.163 0.219 0.285 0.364 0.429 0.000 0.000 0.484 0.425 0.375 0.341 0.005 0.525 0.014 0.524 0.106 0.461 0.000 0.136 0.077 0.043 0.083 0.000 0.047 0.002 0.001 0.000 0.118 0.005 0.008 0.003 0.001 0.000 0.000 0.000 0.005 0.000 0.002 0.000 0.000 0.021 0.000 0.102 0.008 0.004 0.018 0.099 0.003 0.000 0.026
0.143 0.135 0.125 0.113 0.000 0.114 0.000 0.586 0.032 0.030 0.114 0.028 0.008 0.026 0.007 0.111 0.009 0.000 0.000 0.000 0.049 0.079 0.000 0.000 0.129 0.000 0.124 0.178 0.238 0.302 0.366 0.428 0.447 0.000 0.000 0.401 0.354 0.305 0.247 0.000 0.097 0.000 0.080 0.115 0.432 0.002 0.002 0.103 0.053 0.018 0.010 0.000 0.002 0.000 0.000 0.039 0.008 0.000 0.000 0.000 0.000 0.000 0.040 0.000 0.040 0.001 0.050 0.008 0.002 0.032 0.007 0.007 0.003 0.000 0.000 0.001 0.103
0.144 0.000 0.000 0.136 0.000 0.127 0.019 0.634 0.000 0.023 0.001 0.002 0.000 0.000 0.079 0.000 0.080 0.000 0.022 0.000 0.000 0.056 0.000 0.000 0.094 0.115 0.151 0.196 0.255 0.317 0.380 0.443 0.467 0.000 0.399 0.373 0.333 0.287 0.240 0.000 0.102 0.002 0.472 0.027 0.000 0.007 0.128 0.006 0.000 0.011 0.023 0.000 0.010 0.003 0.087 0.014 0.005 0.000 0.000 0.000 0.243 0.004 0.219 0.109 0.109 0.119 0.109 0.004 0.000 0.016 0.006 0.000 0.006 0.000 0.183 0.074 0.028
0.144 0.126 0.000 0.000 0.117 0.136 0.148 0.000 0.001 0.013 0.554 0.000 0.000 0.076 0.000 0.000 0.001 0.009 0.000 0.000 0.000 0.030 0.035 0.000 0.123 0.000 0.000 0.211 0.273 0.336 0.398 0.459 0.481 0.000 0.408 0.365 0.322 0.276 0.230 0.000 0.109 0.000 0.047 0.046 0.000 0.093 0.000 0.003 0.007 0.014 0.019 0.000 0.015 0.015 0.009 0.002 0.000 0.000 0.000 0.193 0.213 0.000 0.149 0.109 0.129 0.109 0.013 0.004 0.113 0.083 0.006 0.005 0.071 0.000 0.022 0.010 0.015
0.144 0.152 0.152 0.147 0.160 0.177 0.188 0.182 0.169 0.121 0.000 0.000 0.016 0.166 0.025 0.025 0.000 0.006 0.006 0.000 0.000 0.000 0.031 0.079 0.151 0.215 0.000 0.235 0.295 0.360 0.421 0.473 0.490 0.440 0.402 0.359 0.315 0.269 0.222 0.170 0.129 0.000 0.102 0.000 0.006 0.004 0.003 0.018 0.002 0.024 0.007 0.013 0.012 0.011 0.013 0.002 0.000 0.010 0.104 0.004 0.000 0.000 0.129 0.129 0.000 0.010 0.000 0.049 0.011 0.000 0.049 0.059 0.000 0.041 0.026 0.142 0.013
0.164 0.000 0.000 0.185 0.195 0.000 0.000 0.216 0.212 0.000 0.005 0.002 0.056 0.002 0.000 0.008 0.399 0.000 0.005 0.210 0.005 0.000 0.029 0.085 0.000 0.001 0.000 0.000 0.299 0.000 0.000 0.478 0.496 0.449 0.404 0.359 0.314 0.269 0.223 0.177 0.000 0.108 0.097 0.000 0.004 0.002 0.002 0.017 0.013 0.018 0.011 0.013 0.011 0.007 0.000 0.000 0.017 0.005 0.003 0.004 0.000 0.149 0.029 0.067 0.002 0.032 0.007 0.058 0.047 0.009 0.039 0.000 0.006 0.022 0.029 0.006 0.107
0.184 0.182 0.192 0.000 0.213 0.224 0.240 0.256 0.258 0.000 0.003 0.001 0.000 0.043 0.022 0.000 0.058 0.404 0.068 0.000 0.010 0.000 0.027 0.084 0.000 0.024 0.000 0.238 0.302 0.338 0.000 0.483 0.499 0.452 0.406 0.361 0.315 0.271 0.227 0.192 0.000 0.107 0.000 0.000 0.012 0.001 0.017 0.018 0.015 0.017 0.013 0.012 0.010 0.006 0.000 0.000 0.013 0.010 0.013 0.020 0.021 0.139 0.081 0.000 0.015 0.006 0.001 0.000 0.029 0.129 0.000 0.000 0.223 0.010 0.033 0.000 0.107
0.220 0.225 0.233 0.241 0.256 0.269 0.284 0.300 0.309 0.000 0.200 0.151 0.000 0.074 0.002 0.009 0.077 0.000 0.000 0.000 0.029 0.036 0.067 0.088 0.083 0.000 0.000 0.000 0.000 0.346 0.410 0.484 0.500 0.454 0.409 0.363 0.317 0.271 0.225 0.000 0.146 0.100 0.056 0.027 0.019 0.016 0.020 0.019 0.017 0.017 0.014 0.014 0.016 0.006 0.000 0.015 0.017 0.020 0.028 0.009 0.068 0.046 0.010 0.151 0.026 0.005 0.000 0.018 0.024 0.009 0.001 0.000 0.013 0.000 0.058 0.000 0.010
0.261 0.268 0.277 0.288 0.301 0.314 0.329 0.344 0.357 0.304 0.254 0.205 0.000 0.115 0.067 0.051 0.000 0.000 0.000 0.000 0.000 0.046 0.000 0.000 0.083 0.083 0.136 0.000 0.285 0.358 0.426 0.493 0.505 0.459 0.413 0.366 0.320 0.274 0.226 0.170 0.000 0.115 0.084 0.053 0.035 0.028 0.026 0.023 0.019 0.017 0.014 0.012 0.000 0.014 0.013 0.019 0.023 0.027 0.021 0.050 0.039 0.020 0.011 0.006 0.000 0.012 0.032 0.021 0.079 0.012 0.007 0.044 0.012 0.015 0.015 0.007 0.042
0.278 0.302 0.322 0.334 0.346 0.360 0.374 0.389 0.405 0.357 0.307 0.256 0.205 0.159 0.140 0.000 0.000 0.082 0.064 0.049 0.049 0.071 0.088 0.000 0.154 0.170 0.191 0.226 0.301 0.372 0.439 0.504 0.513 0.466 0.420 0.373 0.327 0.280 0.244 0.209 0.175 0.146 0.117 0.087 0.064 0.051 0.041 0.034 0.026 0.020 0.015 0.010 0.000 0.026 0.023 0.031 0.041 0.060 0.058 0.023 0.050 0.000 0.102 0.007 0.007 0.021 0.026 0.325 0.000 0.009 0.009 0.304 0.051 0.005 0.364 0.040 0.020
0.289 0.313 0.339 0.366 0.392 0.406 0.420 0.435 0.450 0.409 0.358 0.307 0.273 0.252 0.232 0.211 0.192 0.173 0.154 0.136 0.134 0.156 0.177 0.199 0.000 0.256 0.279 0.303 0.331 0.385 0.452 0.517 0.523 0.477 0.430 0.383 0.349 0.317 0.285 0.254 0.222 0.191 0.161 0.131 0.106 0.088 0.072 0.057 0.045 0.033 0.023 0.018 0.019 0.027 0.028 0.031 0.032 0.000 0.000 0.025 0.060 0.222 0.013 0.109 0.004 0.014 0.054 0.000 0.000 0.005 0.010 0.361 0.381 0.401 0.421 0.069 0.033
0.300 0.325 0.351 0.378 0.407 0.436 0.466 0.481 0.496 0.461 0.411 0.390 0.369 0.349 0.329 0.309 0.289 0.270 0.251 0.232 0.230 0.252 0.274 0.296 0.319 0.344 0.368 0.393 0.418 0.443 0.467 0.533 0.537 0.490 0.456 0.425 0.394 0.363 0.332 0.301 0.270 0.239 0.209 0.178 0.154 0.135 0.116 0.098 0.081 0.066 0.049 0.035 0.030 0.031 0.030 0.030 0.026 0.000 0.001 0.002 0.018 0.295 0.056 0.000 0.075 0.012 0.014 0.000 0.018 0.005 0.004 0.024 0.015 0.057 0.465 0.000 0.036
0.311 0.336 0.363 0.391 0.419 0.449 0.478 0.509 0.539 0.528 0.507 0.487 0.467 0.446 0.427 0.407 0.387 0.368 0.349 0.330 0.327 0.349 0.371 0.393 0.416 0.439 0.462 0.485 0.508 0.532 0.555 0.578 0.566 0.535 0.504 0.474 0.443 0.412 0.382 0.351 0.320 0.289 0.259 0.228 0.205 0.185 0.166 0.147 0.131 0.112 0.094 0.072 0.052 0.042 0.035 0.031 0.025 0.018 0.025 0.040 0.041 0.003 0.040 0.064 0.085 0.006 0.021 0.019 0.000 0.013 0.001 0.041 0.055 0.014 0.000 0.006 0.011
0.322 0.348 0.375 0.403 0.431 0.461 0.491 0.521 0.572 0.598 0.605 0.585 0.565 0.545 0.525 0.505 0.486 0.466 0.447 0.428 0.424 0.446 0.468 0.490 0.512 0.535 0.557 0.580 0.602 0.625 0.647 0.669 0.644 0.589 0.556 0.526 0.495 0.465 0.434 0.403 0.373 0.342 0.311 0.281 0.257 0.237 0.217 0.197 0.000 0.160 0.140 0.121 0.099 0.074 0.055 0.043 0.033 0.025 0.023 0.000 0.000 0.002 0.000 0.000 0.405 0.000 0.019 0.027 0.000 0.018 0.030 0.051 0.053 0.046 0.039 0.037 0.005
0.333 0.359 0.386 0.414 0.443 0.473 0.511 0.564 0.616 0.643 0.653 0.663 0.663 0.643 0.623 0.603 0.584 0.565 0.545 0.526 0.522 0.544 0.565 0.587 0.609 0.631 0.654 0.676 0.698 0.720 0.741 0.763 0.736 0.680 0.624 0.580 0.549 0.519 0.488 0.458 0.427 0.396 0.365 0.334 0.312 0.292 0.271 0.251 0.230 0.211 0.191 0.172 0.153 0.130 0.104 0.081 0.062 0.047 0.037 0.029 0.023 0.017 0.015 0.002 0.000 0.000 0.020 0.034 0.000 0.048 0.061 0.061 0.060 0.057 0.053 0.051 0.048
0.344 0.370 0.398 0.426 0.455 0.503 0.555 0.608 0.661 0.689 0.699 0.709 0.719 0.729 0.722 0.702 0.683 0.663 0.644 0.624 0.619 0.641 0.663 0.685 0.707 0.729 0.751 0.772 0.794 0.815 0.837 0.858 0.829 0.773 0.716 0.660 0.605 0.575 0.544 0.513 0.482 0.451 0.421 0.390 0.368 0.348 0.327 0.307 0.287 0.266 0.246 0.226 0.208 0.209 0.176 0.141 0.117 0.096 0.084 0.090 0.084 0.061 0.000 0.466 0.000 0.012 0.026 0.040 0.049 0.000 0.074 0.073 0.071 0.069 0.067 0.065 0.063
0.354 0.381 0.409 0.443 0.494 0.546 0.599 0.652 0.705 0.735 0.745 0.755 0.765 0.775 0.786 0.796 0.781 0.762 0.742 0.723 0.717 0.739 0.761 0.782 0.804 0.826 0.847 0.869 0.890 0.912 0.933 0.954 0.922 0.866 0.810 0.754 0.698 0.641 0.600 0.569 0.539 0.508 0.477 0.446 0.425 0.405 0.384 0.364 0.343 0.323 0.305 0.304 0.304 0.304 0.273 0.237 0.200 0.164 0.130 0.000 0.160 0.133 0.000 0.000 0.026 0.031 0.049 0.067 0.081 0.079 0.085 0.086 0.085 0.084 0.083 0.081 0.079
0.365 0.392 0.434 0.486 0.538 0.590 0.643 0.697 0.750 0.781 0.791 0.801 0.812 0.822 0.832 0.843 0.853 0.861 0.841 0.822 0.815 0.837 0.859 0.880 0.901 0.923 0.944 0.965 0.987 1.008 1.030 1.051 1.016 0.960 0.904 0.848 0.791 0.735 0.679 0.626 0.595 0.564 0.533 0.504 0.483 0.463 0.442 0.421 0.403 0.403 0.402 0.402 0.402 0.402 0.374 0.337 0.300 0.263 0.226 0.188 0.000 0.000 0.000 0.078 0.059 0.057 0.082 0.098 0.099 0.100 0.102 0.103 0.103 0.103 0.102 0.101 0.100
0.377 0.426 0.477 0.529 0.582 0.634 0.688 0.741 0.795 0.827 0.837 0.848 0.858 0.868 0.879 0.889 0.900 0.910 0.920 0.921 0.913 0.935 0.956 0.977 0.999 1.020 1.041 1.063 1.084 1.105 1.127 1.148 1.111 1.055 0.998 0.942 0.886 0.830 0.773 0.717 0.661 0.622 0.591 0.562 0.541 0.521 0.503 0.502 0.502 0.502 0.501 0.501 0.501 0.501 0.475 0.438 0.401 0.364 0.327 0.290 0.252 0.000 0.181 0.145 0.113 0.095 0.111 0.115 0.118 0.120 0.121 0.122 0.123 0.123 0.123 0.122 0.122
0.418 0.469 0.520 0.573 0.626 0.679 0.733 0.786 0.840 0.873 0.884 0.894 0.904 0.915 0.925 0.936 0.946 0.957 0.967 0.978 1.008 1.032 1.054 1.075 1.096 1.117 1.139 1.160 1.181 1.202 1.224 1.245 1.206 1.149 1.093 1.037 0.980 0.924 0.868 0.811 0.755 0.699 0.648 0.620 0.602 0.602 0.602 0.601 0.601 0.601 0.601 0.601 0.600 0.600 0.578 0.540 0.503 0.466 0.429 0.392 0.355 0.318 0.281 0.244 0.208 0.212 0.155 0.133 0.137 0.139 0.141 0.143 0.144 0.144 0.145 0.145 0.144
0.460 0.512 0.564 0.617 0.670 0.724 0.778 0.831 0.885 0.919 0.930 0.940 0.951 0.961 0.972 0.982 0.993 1.003 1.028 1.060 1.091 1.122 1.151 1.172 1.193 1.215 1.236 1.257 1.279 1.300 1.321 1.342 1.301 1.244 1.188 1.132 1.075 1.019 0.962 0.906 0.850 0.793 0.740 0.714 0.702 0.701 0.701 0.701 0.701 0.701 0.700 0.700 0.700 0.700 0.680 0.643 0.606 0.568 0.531 0.494 0.457 0.420 0.382 0.350 0.369 0.387 0.333 0.259 0.187 0.160 0.162 0.164 0.166 0.167 0.167 0.168 0.168
0.516 0.559 0.609 0.662 0.715 0.769 0.823 0.877 0.931 0.966 0.976 0.987 0.997 1.008 1.018 1.029 1.046 1.079 1.111 1.143 1.175 1.205 1.235 1.266 1.291 1.312 1.333 1.355 1.376 1.397 1.419 1.440 1.396 1.339 1.283 1.227 1.170 1.114 1.057 1.001 0.944 0.927 0.912 0.885 0.841 0.801 0.801 0.801 0.801 0.801 0.800 0.800 0.800 0.800 0.783 0.745 0.708 0.671 0.634 0.596 0.559 0.522 0.510 0.528 0.546 0.565 0.517 0.442 0.367 0.293 0.221 0.187 0.189 0.190 0.191 0.192 0.192
0.575 0.619 0.663 0.708 0.760 0.814 0.868 0.922 0.976 1.012 1.023 1.034 1.044 1.055 1.065 1.097 1.130 1.162 1.194 1.227 1.258 1.289 1.319 1.349 1.379 1.410 1.431 1.452 1.474 1.495 1.516 1.537 1.491 1.434 1.378 1.322 1.265 1.209 1.152 1.130 1.114 1.099 1.083 1.056 1.012 0.968 0.924 0.901 0.901 0.901 0.900 0.900 0.900 0.900 0.885 0.848 0.811 0.774 0.736 0.699 0.662 0.669 0.687 0.706 0.724 0.742 0.703 0.627 0.552 0.477 0.402 0.327 0.254 0.214 0.216 0.217 0.217
