includes/overflow_coast_co/floodfiles/results_R2_t1.605555492999E12 submersion faible - st pierre rupture dune49 et surverse dune11/res.max
ncols         906
nrows         631
xllcorner     362177.146666679996997
yllcorner     6534725.688019599765539
cellsize      20.000000000000000
NODATA_value  -9999.000000
[rows 544 to 577 of 631, columns 231 to 307 of 906]
10.468 10.406 10.344 10.282 10.221 10.159 10.097 10.243 10.391 10.540 10.688 10.836 10.984 11.133 11.281 11.429 11.450 11.437 11.476 11.528 11.579 11.591 11.436 11.280 11.125 10.970 10.814 10.659 10.504 10.348 10.400 10.499 10.598 10.698 10.797 10.736 10.576 10.416 10.256 10.097 9.937 9.777 9.723 9.810 9.897 9.984 10.071 10.158 10.246 10.333 10.420 10.507 10.471 10.407 10.344 10.373 10.445 10.516 10.442 10.318 10.194 10.071 9.947 9.823 9.699 9.575 9.451 9.328 9.283 9.306 9.329 9.352 9.375 9.398 9.421 9.444 9.387
10.426 10.449 10.387 10.326 10.264 10.202 10.171 10.319 10.468 10.616 10.764 10.912 11.061 11.209 11.357 11.506 11.654 11.709 11.756 11.651 11.495 11.340 11.185 11.029 10.874 10.719 10.563 10.408 10.253 10.098 10.177 10.276 10.375 10.474 10.574 10.673 10.719 10.559 10.400 10.240 10.080 9.920 9.879 9.966 10.053 10.140 10.227 10.314 10.401 10.488 10.451 10.387 10.324 10.260 10.197 10.230 10.302 10.373 10.444 10.515 10.411 10.287 10.163 10.039 9.915 9.792 9.668 9.544 9.485 9.508 9.531 9.554 9.578 9.601 9.624 9.535 9.436
10.313 10.388 10.431 10.369 10.307 10.245 10.247 10.396 10.544 10.692 10.840 10.989 11.137 11.285 11.434 11.582 11.628 11.631 11.555 11.400 11.245 11.089 10.934 10.778 10.623 10.468 10.312 10.157 10.002 9.854 9.954 10.053 10.152 10.251 10.350 10.450 10.549 10.648 10.543 10.383 10.223 10.064 10.035 10.122 10.209 10.296 10.383 10.470 10.431 10.367 10.304 10.240 10.177 10.113 10.050 10.087 10.158 10.230 10.301 10.372 10.443 10.503 10.379 10.256 10.132 10.008 9.884 9.760 9.688 9.711 9.734 9.757 9.780 9.782 9.684 9.585 9.486
10.200 10.275 10.351 10.413 10.351 10.289 10.324 10.472 10.620 10.768 10.917 11.065 11.210 11.215 11.219 11.224 11.228 11.227 11.217 11.149 10.994 10.838 10.683 10.527 10.372 10.217 10.061 9.906 9.751 9.631 9.730 9.830 9.929 10.028 10.127 10.226 10.325 10.425 10.524 10.527 10.367 10.207 10.191 10.278 10.365 10.452 10.411 10.347 10.284 10.220 10.157 10.093 10.030 9.966 9.903 9.944 10.015 10.086 10.158 10.229 10.300 10.372 10.443 10.472 10.348 10.224 10.100 9.977 9.890 9.913 9.936 9.959 9.931 9.832 9.733 9.635 9.536
10.087 10.163 10.238 10.314 10.389 10.332 10.400 10.548 10.696 10.797 10.802 10.806 10.811 10.815 10.820 10.824 10.828 10.823 10.814 10.804 10.743 10.587 10.432 10.276 10.121 9.966 9.811 9.655 9.500 9.408 9.507 9.606 9.706 9.805 9.904 10.003 10.102 10.201 10.301 10.400 10.499 10.350 10.347 10.434 10.391 10.328 10.264 10.201 10.137 10.073 10.010 9.947 9.883 9.819 9.756 9.801 9.872 9.943 10.015 10.086 10.157 10.229 10.300 10.371 10.442 10.441 10.317 10.193 10.092 10.115 10.138 10.079 9.981 9.882 9.783 9.685 9.586
9.974 10.050 10.125 10.201 10.276 10.352 10.384 10.389 10.393 10.398 10.402 10.407 10.411 10.415 10.420 10.424 10.429 10.420 10.410 10.400 10.391 10.336 10.181 10.026 9.870 9.715 9.560 9.404 9.249 9.185 9.284 9.383 9.482 9.581 9.681 9.780 9.879 9.978 10.077 10.177 10.276 10.375 10.371 10.308 10.244 10.181 10.117 10.054 9.990 9.927 9.863 9.799 9.736 9.672 9.609 9.658 9.729 9.800 9.871 9.943 10.014 10.085 10.157 10.228 10.299 10.371 10.442 10.409 10.295 10.318 10.228 10.129 10.030 9.932 9.833 9.734 9.636
9.861 9.937 10.006 9.995 9.983 9.973 9.984 9.989 9.994 9.998 10.002 10.007 10.011 10.016 10.020 10.024 10.026 10.016 10.007 9.997 9.987 9.977 9.930 9.775 9.619 9.464 9.309 9.153 8.998 8.962 9.061 9.160 9.259 9.358 9.457 9.557 9.656 9.755 9.854 9.953 10.062 10.174 10.189 10.161 10.097 10.034 9.970 9.907 9.843 9.780 9.716 9.653 9.589 9.526 9.462 9.515 9.586 9.657 9.728 9.800 9.871 9.942 10.014 10.085 10.156 10.227 10.299 10.370 10.434 10.376 10.277 10.179 10.080 9.981 9.883 9.784 9.685
9.617 9.605 9.594 9.583 9.571 9.566 9.577 9.589 9.594 9.598 9.603 9.607 9.611 9.616 9.620 9.625 9.622 9.613 9.603 9.593 9.583 9.574 9.564 9.523 9.368 9.213 9.058 8.902 8.747 8.738 8.838 8.937 9.036 9.135 9.234 9.333 9.433 9.532 9.640 9.751 9.863 9.974 9.979 9.967 9.950 9.887 9.823 9.760 9.696 9.633 9.569 9.506 9.442 9.379 9.315 9.371 9.443 9.514 9.585 9.657 9.728 9.799 9.870 9.942 10.013 10.084 10.156 10.202 10.240 10.258 10.272 10.229 10.130 10.031 9.933 9.834 9.735
9.205 9.193 9.182 9.170 9.159 9.160 9.171 9.182 9.193 9.198 9.203 9.207 9.212 9.216 9.220 9.225 9.219 9.209 9.199 9.189 9.180 9.170 9.160 9.150 9.117 8.962 8.807 8.651 8.496 8.515 8.614 8.713 8.813 8.912 9.011 9.110 9.217 9.329 9.441 9.552 9.664 9.775 9.768 9.757 9.745 9.734 9.676 9.613 9.549 9.486 9.422 9.359 9.295 9.232 9.168 9.228 9.299 9.371 9.442 9.513 9.585 9.656 9.727 9.799 9.870 9.932 9.971 10.009 10.047 10.067 10.081 10.095 10.109 10.081 9.982 9.884 9.785
8.792 8.781 8.770 8.758 8.746 8.754 8.765 8.776 8.787 8.798 8.803 8.807 8.812 8.816 8.821 8.825 8.815 8.805 8.796 8.786 8.776 8.766 8.757 8.747 8.737 8.711 8.556 8.400 8.245 8.292 8.391 8.490 8.589 8.689 8.795 8.906 9.018 9.129 9.241 9.353 9.464 9.569 9.557 9.546 9.534 9.523 9.511 9.466 9.402 9.339 9.275 9.212 9.148 9.085 9.021 9.085 9.156 9.228 9.299 9.370 9.442 9.513 9.584 9.655 9.701 9.739 9.777 9.815 9.854 9.875 9.890 9.904 9.918 9.932 9.946 9.933 9.835
8.380 8.369 8.357 8.346 8.336 8.348 8.359 8.370 8.381 8.392 8.403 8.408 8.412 8.416 8.421 8.421 8.411 8.402 8.392 8.382 8.373 8.363 8.353 8.343 8.333 8.324 8.304 8.149 7.994 8.069 8.168 8.267 8.372 8.484 8.595 8.707 8.818 8.930 9.042 9.153 9.265 9.358 9.346 9.335 9.323 9.312 9.301 9.289 9.256 9.192 9.129 9.065 9.002 8.938 8.874 8.942 9.013 9.084 9.156 9.227 9.298 9.370 9.431 9.469 9.507 9.546 9.584 9.622 9.660 9.684 9.699 9.713 9.727 9.741 9.755 9.769 9.784
7.968 7.956 7.945 7.933 7.930 7.941 7.952 7.963 7.974 7.986 7.997 8.008 8.012 8.016 8.021 8.018 8.008 7.998 7.988 7.979 7.969 7.959 7.949 7.940 7.930 7.920 7.910 7.898 7.746 7.845 7.950 8.061 8.173 8.284 8.396 8.508 8.619 8.731 8.842 8.954 9.065 9.147 9.136 9.124 9.113 9.101 9.090 9.078 9.067 9.045 8.982 8.918 8.855 8.791 8.728 8.799 8.870 8.941 9.013 9.084 9.155 9.199 9.237 9.276 9.314 9.352 9.390 9.429 9.467 9.493 9.507 9.522 9.536 9.550 9.564 9.578 9.592
7.555 7.544 7.532 7.521 7.524 7.535 7.546 7.557 7.568 7.579 7.590 7.601 7.612 7.617 7.621 7.614 7.604 7.594 7.585 7.575 7.565 7.555 7.546 7.536 7.526 7.516 7.507 7.500 7.536 7.639 7.750 7.862 7.973 8.085 8.196 8.308 8.419 8.531 8.643 8.754 8.866 8.936 8.925 8.913 8.902 8.890 8.879 8.867 8.856 8.845 8.833 8.771 8.708 8.644 8.584 8.656 8.727 8.798 8.870 8.929 8.968 9.006 9.044 9.082 9.120 9.159 9.197 9.235 9.273 9.302 9.316 9.330 9.345 9.359 9.373 9.387 9.401
7.143 7.131 7.120 7.108 7.117 7.129 7.140 7.151 7.162 7.173 7.184 7.195 7.206 7.217 7.220 7.210 7.201 7.191 7.181 7.171 7.177 7.206 7.235 7.263 7.292 7.321 7.350 7.379 7.434 7.503 7.575 7.662 7.774 7.885 7.997 8.108 8.220 8.332 8.443 8.555 8.666 8.725 8.714 8.703 8.691 8.680 8.668 8.657 8.645 8.634 8.622 8.611 8.561 8.497 8.441 8.512 8.584 8.655 8.698 8.736 8.774 8.812 8.851 8.889 8.927 8.965 9.003 9.042 9.080 9.111 9.125 9.139 9.153 9.168 9.182 9.196 9.210
6.752 6.719 6.707 6.700 6.711 6.722 6.733 6.744 6.755 6.767 6.778 6.789 6.800 6.829 6.883 6.912 6.940 6.969 6.998 7.027 7.056 7.084 7.113 7.142 7.171 7.200 7.229 7.270 7.332 7.398 7.470 7.542 7.614 7.686 7.797 7.909 8.021 8.132 8.244 8.355 8.467 8.515 8.503 8.492 8.480 8.469 8.457 8.446 8.434 8.423 8.411 8.400 8.388 8.350 8.298 8.369 8.428 8.466 8.504 8.542 8.581 8.619 8.657 8.695 8.734 8.772 8.810 8.848 8.886 8.920 8.934 8.948 8.962 8.976 8.991 9.005 9.019
6.397 6.329 6.295 6.294 6.305 6.316 6.327 6.338 6.389 6.453 6.516 6.579 6.642 6.706 6.754 6.790 6.819 6.848 6.877 6.906 6.934 6.963 6.992 7.021 7.050 7.079 7.108 7.169 7.231 7.293 7.365 7.437 7.509 7.581 7.654 7.726 7.821 7.932 8.044 8.156 8.267 8.304 8.292 8.281 8.269 8.258 8.246 8.235 8.224 8.212 8.200 8.189 8.177 8.166 8.155 8.196 8.234 8.273 8.311 8.349 8.387 8.425 8.464 8.502 8.540 8.578 8.616 8.655 8.693 8.728 8.743 8.757 8.771 8.785 8.799 8.814 8.828
6.042 5.974 5.909 5.949 6.012 6.076 6.139 6.203 6.266 6.330 6.393 6.456 6.520 6.579 6.622 6.665 6.698 6.727 6.756 6.784 6.813 6.842 6.871 6.900 6.928 6.957 7.005 7.067 7.130 7.192 7.260 7.332 7.404 7.477 7.549 7.621 7.693 7.765 7.845 7.956 8.067 8.093 8.081 8.070 8.058 8.047 8.036 8.024 8.019 8.023 8.026 8.029 8.033 8.036 8.103 8.084 8.047 8.079 8.117 8.155 8.194 8.232 8.270 8.308 8.347 8.385 8.423 8.461 8.499 8.537 8.551 8.566 8.580 8.594 8.608 8.622 8.637
5.793 5.776 5.764 5.826 5.890 5.953 6.017 6.080 6.144 6.207 6.270 6.334 6.397 6.448 6.491 6.534 6.577 6.605 6.634 6.663 6.692 6.721 6.750 6.778 6.807 6.841 6.904 6.966 7.028 7.090 7.155 7.228 7.300 7.372 7.444 7.516 7.588 7.660 7.732 7.804 7.877 7.894 7.898 7.901 7.904 7.908 7.911 7.914 7.918 7.921 7.924 7.928 7.931 7.971 8.064 8.085 8.047 8.009 7.972 7.962 8.000 8.038 8.077 8.115 8.153 8.191 8.229 8.268 8.306 8.344 8.360 8.374 8.389 8.403 8.417 8.431 8.445
5.643 5.626 5.642 5.704 5.767 5.830 5.894 5.957 6.021 6.084 6.148 6.211 6.273 6.317 6.360 6.403 6.446 6.484 6.513 6.542 6.571 6.599 6.628 6.657 6.686 6.740 6.802 6.864 6.927 6.989 7.051 7.123 7.195 7.267 7.339 7.411 7.483 7.555 7.627 7.699 7.757 7.793 7.796 7.799 7.803 7.806 7.810 7.813 7.816 7.820 7.823 7.826 7.838 7.931 8.025 8.085 8.047 8.009 7.972 7.934 7.897 7.859 7.883 7.921 7.959 7.998 8.036 8.074 8.112 8.150 8.169 8.183 8.197 8.212 8.226 8.240 8.293
5.493 5.476 5.520 5.583 5.645 5.708 5.771 5.834 5.898 5.961 6.025 6.088 6.142 6.185 6.229 6.272 6.315 6.358 6.392 6.421 6.449 6.478 6.507 6.536 6.576 6.638 6.701 6.763 6.825 6.888 6.950 7.018 7.090 7.162 7.234 7.306 7.378 7.450 7.522 7.582 7.633 7.684 7.694 7.698 7.701 7.704 7.708 7.711 7.715 7.718 7.721 7.725 7.798 7.892 7.985 8.079 8.047 8.010 7.972 7.934 7.897 7.859 7.822 7.784 7.766 7.804 7.842 7.880 7.919 7.957 7.978 7.992 8.006 8.021 8.061 8.135 8.208
5.343 5.336 5.398 5.461 5.523 5.585 5.648 5.712 5.775 5.838 5.902 5.965 6.011 6.054 6.097 6.140 6.184 6.227 6.270 6.299 6.328 6.357 6.386 6.415 6.475 6.537 6.599 6.662 6.724 6.786 6.849 6.912 6.985 7.057 7.129 7.201 7.273 7.345 7.407 7.458 7.509 7.560 7.593 7.596 7.600 7.603 7.607 7.610 7.613 7.617 7.620 7.666 7.759 7.853 7.946 8.039 8.048 8.010 7.972 7.935 7.897 7.859 7.822 7.784 7.747 7.709 7.671 7.687 7.725 7.763 7.787 7.801 7.830 7.903 7.977 8.050 8.124
5.193 5.214 5.276 5.339 5.401 5.463 5.526 5.589 5.652 5.716 5.779 5.836 5.879 5.923 5.966 6.009 6.052 6.096 6.139 6.178 6.207 6.236 6.265 6.311 6.373 6.435 6.498 6.560 6.622 6.685 6.747 6.809 6.880 6.952 7.024 7.096 7.168 7.232 7.283 7.334 7.385 7.436 7.488 7.495 7.498 7.501 7.505 7.508 7.512 7.515 7.533 7.626 7.720 7.813 7.907 8.000 8.048 8.010 7.973 7.935 7.897 7.860 7.822 7.784 7.747 7.709 7.672 7.634 7.596 7.570 7.598 7.672 7.745 7.819 7.892 7.966 8.040
5.043 5.092 5.154 5.217 5.279 5.342 5.404 5.466 5.529 5.593 5.656 5.705 5.748 5.791 5.835 5.878 5.921 5.964 6.008 6.051 6.085 6.114 6.147 6.209 6.272 6.334 6.396 6.459 6.521 6.583 6.646 6.708 6.775 6.847 6.919 6.991 7.058 7.109 7.160 7.211 7.262 7.313 7.364 7.393 7.397 7.400 7.403 7.407 7.410 7.413 7.494 7.587 7.681 7.774 7.868 7.961 8.048 8.010 7.973 7.935 7.898 7.860 7.822 7.785 7.747 7.709 7.672 7.634 7.597 7.567 7.565 7.587 7.661 7.734 7.808 7.882 7.955
4.907 4.970 5.032 5.095 5.157 5.220 5.282 5.344 5.407 5.470 5.530 5.573 5.617 5.660 5.703 5.747 5.790 5.833 5.876 5.920 5.963 5.993 6.045 6.108 6.170 6.232 6.295 6.357 6.419 6.482 6.544 6.606 6.670 6.742 6.814 6.883 6.934 6.985 7.036 7.087 7.138 7.189 7.240 7.291 7.295 7.298 7.302 7.305 7.308 7.361 7.454 7.548 7.641 7.735 7.828 7.921 8.015 8.011 7.973 7.935 7.898 7.860 7.822 7.785 7.747 7.710 7.672 7.634 7.608 7.593 7.585 7.603 7.622 7.650 7.724 7.797 7.871
4.785 4.848 4.910 4.973 5.035 5.098 5.160 5.222 5.285 5.347 5.399 5.442 5.486 5.529 5.572 5.615 5.659 5.702 5.745 5.788 5.833 5.885 5.944 6.006 6.069 6.131 6.193 6.255 6.318 6.380 6.442 6.505 6.567 6.637 6.708 6.759 6.810 6.861 6.912 6.963 7.014 7.065 7.116 7.167 7.193 7.197 7.200 7.203 7.228 7.321 7.415 7.508 7.602 7.695 7.789 7.882 7.976 8.011 7.973 7.936 7.898 7.860 7.823 7.785 7.747 7.710 7.672 7.649 7.634 7.620 7.605 7.624 7.643 7.661 7.680 7.713 7.786
4.663 4.726 4.788 4.851 4.913 4.980 5.047 5.115 5.182 5.249 5.289 5.334 5.380 5.426 5.472 5.517 5.563 5.609 5.655 5.700 5.746 5.852 5.920 5.973 6.025 6.077 6.129 6.182 6.234 6.286 6.341 6.403 6.465 6.531 6.584 6.635 6.686 6.737 6.788 6.839 6.890 6.941 6.993 7.043 7.092 7.095 7.098 7.102 7.188 7.282 7.375 7.469 7.562 7.656 7.749 7.843 7.936 8.011 7.973 7.936 7.898 7.860 7.823 7.785 7.748 7.710 7.690 7.675 7.661 7.646 7.632 7.644 7.663 7.682 7.700 7.719 7.738
4.581 4.649 4.717 4.784 4.852 4.919 4.987 5.054 5.122 5.171 5.204 5.248 5.293 5.339 5.385 5.431 5.476 5.522 5.568 5.613 5.690 5.805 5.903 5.955 6.008 6.060 6.112 6.164 6.217 6.269 6.321 6.374 6.426 6.437 6.480 6.522 6.564 6.613 6.664 6.715 6.766 6.818 6.869 6.920 6.971 6.994 6.997 7.056 7.149 7.243 7.336 7.429 7.523 7.616 7.710 7.803 7.897 7.990 7.973 7.936 7.898 7.861 7.823 7.785 7.748 7.730 7.716 7.701 7.687 7.673 7.658 7.665 7.683 7.702 7.721 7.739 7.758
4.521 4.588 4.656 4.723 4.791 4.859 4.926 4.994 5.060 5.093 5.126 5.161 5.207 5.252 5.298 5.344 5.389 5.435 5.481 5.528 5.643 5.758 5.873 5.938 5.990 6.043 6.095 6.147 6.199 6.252 6.304 6.356 6.380 6.376 6.403 6.445 6.487 6.529 6.571 6.614 6.656 6.698 6.745 6.796 6.847 6.892 6.923 7.016 7.110 7.203 7.296 7.390 7.483 7.577 7.670 7.764 7.857 7.951 7.974 7.936 7.898 7.861 7.823 7.786 7.771 7.757 7.742 7.728 7.713 7.699 7.685 7.685 7.704 7.722 7.741 7.760 7.778
4.473 4.527 4.595 4.663 4.730 4.798 4.865 4.933 4.982 5.015 5.048 5.081 5.120 5.166 5.211 5.257 5.303 5.348 5.394 5.481 5.596 5.711 5.826 5.920 5.973 6.025 6.077 6.130 6.182 6.234 6.287 6.323 6.319 6.315 6.326 6.369 6.411 6.453 6.495 6.537 6.579 6.621 6.664 6.706 6.748 6.790 6.878 6.977 7.070 7.164 7.257 7.351 7.444 7.537 7.631 7.724 7.818 7.911 7.974 7.936 7.898 7.861 7.826 7.812 7.798 7.783 7.769 7.754 7.740 7.726 7.711 7.705 7.724 7.743 7.761 7.780 7.799
4.434 4.467 4.534 4.602 4.670 4.737 4.805 4.872 4.905 4.937 4.970 5.003 5.036 5.079 5.125 5.170 5.216 5.262 5.319 5.434 5.549 5.664 5.779 5.894 5.955 6.008 6.060 6.112 6.165 6.217 6.266 6.262 6.258 6.254 6.250 6.292 6.334 6.376 6.418 6.461 6.503 6.545 6.587 6.629 6.671 6.713 6.783 6.889 6.996 7.102 7.209 7.311 7.405 7.498 7.591 7.685 7.778 7.872 7.965 7.936 7.899 7.867 7.853 7.838 7.824 7.809 7.795 7.781 7.766 7.752 7.737 7.726 7.744 7.763 7.782 7.800 7.819
4.395 4.422 4.474 4.541 4.609 4.676 4.744 4.794 4.827 4.859 4.892 4.925 4.958 4.992 5.038 5.083 5.129 5.175 5.272 5.386 5.502 5.617 5.732 5.847 5.938 5.990 6.043 6.095 6.147 6.199 6.205 6.201 6.197 6.193 6.189 6.215 6.258 6.300 6.342 6.384 6.426 6.468 6.510 6.553 6.595 6.637 6.688 6.794 6.901 7.007 7.114 7.220 7.327 7.433 7.540 7.646 7.739 7.833 7.926 7.936 7.908 7.894 7.879 7.865 7.850 7.836 7.821 7.807 7.793 7.778 7.764 7.749 7.765 7.783 7.802 7.821 7.839
4.355 4.383 4.413 4.480 4.548 4.615 4.683 4.716 4.749 4.781 4.814 4.847 4.880 4.912 4.951 4.996 5.042 5.109 5.224 5.339 5.454 5.569 5.684 5.799 5.915 5.973 6.025 6.077 6.130 6.148 6.144 6.140 6.136 6.133 6.129 6.139 6.181 6.223 6.265 6.307 6.350 6.392 6.434 6.476 6.518 6.561 6.603 6.699 6.806 6.912 7.019 7.125 7.232 7.338 7.445 7.551 7.658 7.764 7.871 7.947 7.934 7.920 7.905 7.891 7.877 7.862 7.848 7.833 7.819 7.805 7.790 7.776 7.785 7.804 7.822 7.841 7.860
4.316 4.344 4.371 4.419 4.487 4.554 4.605 4.638 4.670 4.703 4.736 4.769 4.802 4.834 4.867 4.910 4.955 5.062 5.177 5.292 5.407 5.522 5.637 5.752 5.867 5.955 6.008 6.060 6.091 6.087 6.084 6.080 6.076 6.072 6.068 6.064 6.104 6.146 6.189 6.231 6.273 6.315 6.357 6.400 6.442 6.484 6.527 6.605 6.711 6.817 6.924 7.030 7.137 7.243 7.350 7.456 7.563 7.670 7.751 7.803 7.845 7.887 7.929 7.917 7.903 7.889 7.874 7.860 7.846 7.831 7.817 7.802 7.805 7.824 7.843 7.861 7.851
4.276 4.304 4.332 4.360 4.426 4.493 4.526 4.559 4.592 4.625 4.658 4.691 4.723 4.756 4.789 4.823 4.900 5.015 5.130 5.245 5.360 5.475 5.590 5.705 5.820 5.935 5.990 6.034 6.031 6.027 6.023 6.019 6.015 6.011 6.007 6.003 6.028 6.070 6.112 6.154 6.196 6.239 6.281 6.323 6.366 6.408 6.450 6.510 6.616 6.723 6.829 6.935 7.042 7.149 7.255 7.362 7.468 7.551 7.605 7.659 7.703 7.744 7.786 7.828 7.870 7.913 7.901 7.886 7.872 7.857 7.843 7.829 7.826 7.844 7.863 7.851 7.811
