includes/overflow_coast_co/floodfiles/results_R2_t1.605555492999E12 submersion faible - st pierre rupture dune49 et surverse dune11/res.max
ncols         906
nrows         631
xllcorner     362177.146666679996997
yllcorner     6534725.688019599765539
cellsize      20.000000000000000
NODATA_value  -9999.000000
[rows 340 to 373 of 631, columns 616 to 692 of 906]
0.000 0.000 0.433 0.843 0.000 0.000 0.000 0.000 0.184 0.494 0.127 0.258 0.210 0.160 0.000 1.674 1.974 2.004 0.000 2.441 2.251 0.000 1.823 1.743 0.000 1.945 0.481 1.547 1.017 0.977 1.469 0.748 0.508 1.276 1.446 1.637 1.527 1.298 1.839 1.913 1.054 0.926 0.966 0.269 1.931 0.585 1.926 1.137 0.707 1.811 0.569 0.649 1.912 1.345 1.649 1.022 1.189 1.314 1.438 1.260 0.385 0.721 1.573 0.216 0.377 1.930 0.209 0.189 0.370 0.658 1.051 1.332 1.552 1.423 0.982 1.272 1.462
1.005 0.895 0.000 0.843 0.000 1.373 0.263 0.303 0.364 0.284 0.315 0.257 0.000 0.000 0.414 1.904 1.954 0.227 0.720 0.440 0.275 1.774 1.763 0.000 1.911 0.529 1.897 0.463 1.568 0.210 1.540 0.932 1.273 0.593 0.463 0.954 0.984 0.795 0.656 1.877 0.339 1.031 0.952 0.413 1.722 0.731 0.424 0.259 0.497 0.615 0.689 0.638 1.942 1.775 2.028 0.908 1.105 1.037 1.220 1.202 0.717 0.572 1.138 0.945 1.698 2.010 1.711 0.890 0.533 0.917 1.017 2.066 1.556 1.605 0.624 1.394 2.314
1.025 1.135 1.035 0.000 0.189 0.089 0.060 0.283 0.234 0.364 0.245 0.000 0.000 0.000 1.964 1.914 1.824 2.314 0.218 0.029 1.654 1.744 0.000 1.922 0.672 1.222 0.572 1.082 0.302 1.504 0.411 1.611 0.540 1.330 1.350 0.950 0.931 1.823 1.993 1.723 1.804 1.075 0.947 0.943 0.407 2.166 2.227 1.847 1.689 1.395 0.979 1.002 0.597 1.006 0.862 0.380 1.298 1.034 0.917 0.790 0.493 0.352 0.383 0.573 0.343 0.429 0.303 0.477 0.860 0.959 1.077 1.044 2.080 1.386 2.735 2.185 2.215
0.000 0.965 1.125 0.000 0.000 0.402 0.135 0.301 0.001 0.000 0.000 0.000 0.000 1.864 2.024 1.964 0.000 0.010 0.000 1.694 1.674 0.000 1.872 0.632 1.873 0.683 1.214 0.754 1.744 1.544 1.644 1.234 1.485 0.434 0.514 1.905 1.865 1.735 0.740 0.733 0.844 0.666 0.637 1.089 0.904 1.886 1.876 1.807 1.189 0.491 0.988 0.290 0.117 0.085 0.380 0.526 0.457 0.976 0.952 1.813 1.750 0.923 0.894 0.282 0.928 0.848 1.178 1.407 1.304 1.371 2.019 1.275 1.391 0.344 0.183 1.427 1.568
0.000 0.000 0.062 0.208 0.194 0.251 0.282 0.097 0.157 0.000 0.000 0.000 0.110 0.574 1.964 0.000 0.237 0.023 0.641 1.544 0.000 1.925 0.530 1.893 0.794 0.754 0.965 1.185 0.735 0.845 0.995 1.046 1.786 1.357 1.227 0.568 1.048 1.718 0.809 1.857 0.866 0.926 0.846 0.725 0.945 1.746 1.706 0.577 0.000 1.515 0.153 0.017 0.221 0.180 0.317 1.330 0.856 0.737 0.657 1.099 1.979 1.271 1.081 1.232 2.191 1.361 1.400 1.568 1.757 1.574 1.503 2.212 1.040 0.000 1.042 0.202 3.055
0.000 0.000 0.206 0.288 0.084 0.098 0.000 0.028 0.000 0.000 0.000 0.000 0.776 0.201 0.568 0.523 0.000 0.359 1.639 0.000 1.914 0.467 1.920 0.722 0.945 1.185 0.526 1.167 0.421 0.535 0.458 0.559 0.129 1.547 0.391 0.862 0.822 0.455 0.890 1.931 0.671 0.892 1.052 0.522 0.691 0.379 0.061 0.047 0.175 0.182 0.249 0.441 0.357 2.085 1.038 1.450 2.168 2.316 2.135 2.123 1.561 1.310 0.820 0.509 1.025 1.502 1.611 1.510 1.499 1.387 1.485 1.584 2.314 1.813 1.552 1.720 1.495
0.000 0.000 0.117 0.068 0.041 0.022 0.000 0.148 0.000 0.000 0.000 0.596 0.606 0.886 0.000 1.248 0.309 0.000 0.506 1.646 0.709 0.744 0.919 0.682 0.776 0.977 0.538 1.348 0.564 0.509 0.739 0.532 0.752 0.292 1.566 0.380 1.178 1.838 0.988 1.548 2.018 1.159 1.059 1.059 0.927 0.000 0.000 0.178 0.348 0.877 1.205 0.961 0.886 2.125 2.204 0.878 1.014 0.862 0.719 1.054 1.291 1.159 1.128 1.228 1.406 0.771 1.483 1.602 1.571 1.619 1.487 3.025 1.594 1.573 1.702 1.670 1.548
0.000 0.000 0.207 0.042 0.027 0.039 0.030 0.033 0.032 0.006 0.000 0.636 0.756 0.000 1.234 0.661 1.224 2.894 0.000 0.000 2.844 0.000 1.533 0.000 0.759 1.350 1.790 0.690 0.192 1.268 1.199 0.972 0.906 1.144 1.767 2.071 0.492 0.685 2.015 1.805 0.561 0.880 0.880 0.820 0.000 0.636 1.126 1.056 0.875 0.830 0.887 1.072 1.079 1.210 0.810 1.799 1.848 1.416 2.655 1.441 1.096 0.953 0.609 0.945 1.113 1.182 0.964 1.535 1.523 1.701 1.589 1.246 1.694 1.783 1.752 1.771 1.539
0.000 0.000 0.000 0.058 0.038 0.108 0.200 0.025 0.000 0.000 0.652 0.620 0.000 0.585 1.005 1.274 1.084 0.425 0.316 0.278 2.044 0.294 1.065 2.750 1.860 1.271 1.091 0.379 1.018 1.049 0.572 1.024 0.401 0.935 0.215 2.155 1.911 1.085 0.547 0.760 0.635 0.658 0.403 0.434 0.782 1.036 1.016 1.006 0.995 1.083 1.081 0.687 1.064 0.200 2.144 2.083 1.322 0.949 2.077 1.365 1.494 1.102 1.259 1.074 1.251 1.209 1.376 0.877 2.208 1.593 1.081 1.497 1.505 1.773 1.862 1.731 1.690
0.000 0.000 0.000 0.000 0.272 0.152 0.182 0.085 0.113 0.625 0.605 0.357 0.392 1.225 1.285 0.496 0.459 0.556 1.055 0.346 1.011 0.383 0.614 1.261 0.961 1.652 0.368 1.485 1.158 0.733 1.258 0.701 0.737 0.395 1.066 0.000 2.085 1.154 0.802 1.694 0.833 0.693 1.604 0.071 0.998 0.879 0.999 0.849 0.837 0.905 0.983 1.082 0.879 0.687 2.057 1.666 2.084 2.012 2.240 1.160 1.209 1.228 0.895 0.892 1.217 1.425 1.451 1.408 1.415 0.149 2.214 1.429 1.586 1.514 1.762 1.661 1.740
0.000 0.000 0.000 0.000 0.283 0.173 0.194 0.126 0.586 0.656 0.815 0.000 1.116 0.925 0.626 0.877 1.159 0.272 1.065 1.047 0.352 0.991 0.096 0.626 0.329 0.725 1.343 1.355 0.691 0.917 1.249 0.704 0.557 0.948 0.909 1.213 0.232 2.133 0.906 0.607 1.216 0.916 0.167 1.054 1.025 1.005 1.134 1.013 0.920 0.998 1.424 1.663 1.852 2.070 1.722 2.010 1.249 0.857 0.976 1.455 1.254 1.283 1.372 1.340 1.225 1.402 1.069 1.007 1.186 1.456 1.208 0.646 1.545 1.515 1.293 1.651 1.460
0.000 0.000 0.175 0.185 0.114 0.000 0.255 0.201 0.646 0.586 0.000 1.674 0.545 1.606 1.096 1.127 0.296 1.203 1.125 1.526 0.083 0.324 1.150 0.950 1.091 1.532 1.343 0.885 0.743 1.078 1.130 0.947 1.060 1.008 1.091 1.158 1.139 1.087 1.738 1.215 1.117 0.019 1.225 0.383 1.262 1.092 0.991 0.831 0.438 1.054 0.691 0.789 1.205 1.972 0.678 1.763 2.042 2.111 2.221 1.930 1.609 1.257 2.256 1.314 1.451 1.398 1.426 1.324 1.412 1.480 1.209 1.189 0.321 2.186 1.543 1.362 1.071
0.000 0.000 0.065 0.105 0.275 0.115 0.036 0.528 0.678 0.000 0.484 1.224 1.425 1.225 0.976 0.268 1.100 1.182 0.453 0.000 3.119 0.669 0.600 1.461 1.541 1.072 0.982 0.656 1.246 1.319 1.310 1.126 0.026 0.077 0.079 0.232 1.150 0.723 1.527 0.000 3.125 1.415 1.036 1.219 1.167 1.598 1.068 1.218 0.966 1.021 1.559 1.459 1.163 1.070 0.876 1.958 1.207 0.696 1.004 1.722 1.930 2.209 2.088 1.577 1.406 1.224 0.903 0.932 1.250 1.068 1.097 0.946 1.235 0.995 0.000 2.402 1.392
0.000 0.066 0.116 0.276 0.046 0.000 0.759 0.789 0.639 0.156 1.264 1.274 0.754 1.045 1.027 0.720 0.949 1.063 2.343 0.202 0.469 0.590 0.751 0.541 0.802 1.302 0.843 1.315 0.276 0.226 0.000 0.383 3.035 1.135 1.175 1.264 0.204 0.179 1.133 0.826 1.350 1.167 0.876 1.268 0.209 1.287 0.878 0.918 0.666 1.624 0.814 1.512 0.961 1.038 1.083 1.910 2.270 2.040 2.119 1.979 1.087 1.106 0.975 1.124 1.153 0.962 1.362 1.351 1.438 0.977 1.025 1.034 1.073 0.803 0.975 0.124 0.000
0.000 0.000 0.075 0.146 0.122 0.709 0.769 0.540 0.312 1.336 0.719 0.441 0.904 0.955 0.530 1.180 0.118 0.470 0.049 0.395 0.620 0.561 0.751 0.772 0.672 0.262 0.124 0.053 0.091 0.731 3.939 1.108 0.768 0.977 0.737 2.496 1.332 1.869 0.795 0.935 1.185 1.117 1.314 1.234 1.306 0.896 1.206 1.296 1.910 0.239 0.846 1.094 1.103 1.069 1.124 0.595 1.219 0.667 1.135 1.584 1.663 1.612 1.632 1.551 1.501 1.018 2.256 1.656 1.134 2.054 2.003 1.101 1.088 1.787 1.696 1.944 1.264
0.000 0.000 0.036 0.271 0.216 0.529 0.659 0.580 1.442 0.745 1.168 1.069 1.002 0.564 1.101 0.524 0.295 3.311 0.416 0.465 0.702 0.682 0.812 0.422 0.078 0.207 0.137 0.873 3.953 0.500 1.560 1.050 1.550 1.380 1.270 1.619 0.585 0.931 0.937 0.874 1.082 1.053 1.471 0.992 0.675 1.378 0.666 0.504 1.431 1.068 1.403 1.587 1.615 1.624 0.990 0.733 1.706 1.675 1.653 1.582 1.009 1.128 1.036 1.455 1.443 1.432 1.600 1.468 1.197 1.736 1.475 1.915 1.303 1.060 1.736 1.753 1.345
0.000 0.058 0.168 0.000 0.607 0.608 0.389 0.591 0.832 1.394 0.926 0.559 0.391 1.064 0.200 0.392 0.313 0.429 0.530 0.643 0.736 0.647 0.043 0.038 0.034 1.605 3.955 0.504 0.983 1.112 1.352 0.811 0.851 1.421 1.581 2.071 0.410 0.819 1.079 0.909 0.828 0.605 1.551 1.383 1.313 1.272 0.672 1.512 1.479 0.773 0.807 0.772 0.877 1.113 0.265 0.527 1.908 1.068 1.487 1.606 1.595 1.613 1.612 1.569 1.437 1.344 1.903 1.251 1.870 1.598 1.997 1.686 1.994 1.572 1.809 1.076 1.231
0.058 0.138 0.000 0.706 0.190 0.567 0.217 1.220 1.070 0.663 0.643 0.076 0.279 0.254 0.254 0.448 1.788 0.249 0.564 0.815 0.906 0.994 0.087 0.495 2.925 1.665 0.565 0.785 0.784 1.083 1.093 1.103 1.043 1.582 1.612 2.092 1.455 1.066 0.960 1.056 0.421 0.905 1.504 1.414 1.384 1.144 1.263 1.528 1.488 1.407 1.486 1.255 1.392 0.886 0.825 0.702 0.539 1.640 1.805 1.294 1.072 1.109 1.385 1.482 1.639 1.356 2.024 1.463 1.701 1.590 2.118 1.457 1.376 1.764 1.471 1.638 1.304
0.000 0.000 1.076 0.786 1.066 0.219 1.543 0.496 1.439 0.210 0.522 0.211 0.331 0.119 0.352 0.189 0.092 0.500 0.355 0.716 0.887 0.089 0.692 2.964 0.695 1.135 1.695 0.725 0.865 1.394 1.084 1.314 1.045 1.443 1.173 0.388 0.595 0.447 0.639 1.211 1.572 1.461 1.387 1.276 1.415 1.435 1.424 0.961 1.517 0.957 0.895 1.242 1.387 1.115 1.122 0.976 0.757 1.427 0.701 1.343 1.938 1.707 1.361 1.457 0.981 1.968 1.206 1.605 1.553 2.012 1.620 1.839 1.688 1.826 1.393 1.499 1.476
0.000 0.915 0.885 1.086 1.146 0.996 0.458 1.003 0.444 0.226 0.257 0.307 0.558 0.847 0.480 0.222 3.401 0.538 0.387 0.572 0.000 0.605 0.791 0.994 1.005 1.155 1.625 0.835 0.855 0.874 1.094 0.939 1.144 0.288 0.249 1.376 1.226 1.203 1.198 1.312 1.269 1.467 1.396 1.314 1.453 1.363 1.473 1.493 1.131 1.301 1.200 1.627 0.761 1.122 0.899 0.875 0.611 1.789 1.538 1.314 0.744 1.383 1.485 1.292 0.536 1.869 1.428 1.607 1.496 1.424 1.783 1.401 1.770 1.478 1.616 1.212 1.318
0.795 0.875 1.105 0.000 1.046 0.946 1.076 0.380 0.592 1.182 0.244 1.284 0.864 0.250 1.270 0.089 0.378 0.141 0.994 3.118 1.204 3.270 0.611 1.244 0.864 0.895 1.085 1.465 1.115 0.925 1.214 0.213 1.201 1.209 1.210 1.209 1.208 1.207 1.203 1.118 1.406 1.565 1.613 1.113 1.372 1.281 1.561 1.341 1.862 1.140 2.020 1.308 0.926 0.800 0.694 0.886 1.769 0.851 1.420 1.358 1.321 1.257 0.555 2.263 1.401 1.177 1.751 1.480 1.779 1.347 2.004 1.874 1.973 1.400 1.488 1.596 1.543
0.765 0.755 0.625 0.075 0.816 0.996 0.366 0.458 1.081 0.232 1.093 1.353 0.764 0.281 0.532 1.381 0.077 0.009 0.000 0.945 2.680 0.686 0.611 0.585 1.176 1.035 1.275 1.235 0.615 0.296 0.000 1.215 1.213 1.796 1.966 2.276 2.025 2.295 1.210 0.747 1.183 1.572 1.200 1.200 1.199 1.198 1.588 1.267 2.537 1.957 1.517 1.737 1.676 1.675 1.080 1.922 0.980 1.694 1.328 1.406 0.479 1.321 1.481 0.534 0.561 1.195 1.932 1.971 1.901 1.690 1.318 1.866 1.764 1.483 1.591 1.559 1.384
0.825 0.475 0.955 0.315 0.516 0.806 0.706 0.607 0.370 1.122 1.133 1.183 0.377 1.071 0.313 1.081 0.336 0.020 0.907 0.896 1.188 1.264 0.467 0.878 1.318 1.218 0.448 0.371 0.078 0.000 1.217 1.216 2.597 2.557 2.327 2.467 2.356 2.496 1.213 1.212 1.211 1.210 1.210 1.921 1.761 1.207 1.206 1.204 1.658 1.658 1.762 1.681 1.740 1.158 1.235 1.170 0.954 0.773 1.233 1.309 1.626 1.191 1.916 2.025 0.714 1.284 0.000 0.937 1.625 1.671 1.761 1.850 1.238 1.416 1.655 1.463 0.998
0.495 0.835 0.835 0.585 0.975 0.145 0.706 0.696 0.829 1.011 1.182 0.330 1.253 0.140 1.141 1.251 0.124 0.393 0.587 0.899 0.903 2.683 0.603 0.783 0.492 1.181 0.992 0.604 0.000 1.217 1.216 2.638 2.587 2.707 2.737 2.607 2.656 2.656 2.705 2.345 2.315 2.385 2.274 2.324 2.183 2.223 2.623 1.210 1.208 1.664 1.662 1.661 1.694 1.554 1.070 1.267 1.756 1.401 1.260 1.723 1.076 0.663 1.232 0.838 1.282 1.288 1.167 0.786 1.485 0.000 1.347 1.703 1.482 1.511 1.609 1.456 1.722
0.925 0.845 0.675 0.845 0.685 0.695 0.596 0.686 0.588 1.391 0.346 1.420 0.238 0.291 1.391 0.000 0.483 1.155 1.066 0.419 0.776 3.775 0.576 1.248 1.408 0.478 0.038 1.215 1.216 1.216 2.418 2.727 2.667 2.707 2.737 2.726 2.746 2.786 2.705 2.845 2.675 2.694 2.664 2.313 2.493 2.763 2.933 2.762 2.832 2.382 1.931 1.665 1.664 1.663 1.635 1.452 1.859 1.346 1.641 1.324 0.957 0.946 1.139 1.184 1.148 1.323 1.289 1.322 1.273 1.361 1.449 0.961 0.959 1.646 1.695 1.442 1.495
0.694 0.744 0.205 0.275 0.895 1.135 0.495 0.956 1.086 0.710 1.357 0.424 0.211 1.639 0.000 0.952 1.554 1.495 0.506 0.599 0.606 3.276 3.678 1.558 1.618 0.296 1.215 1.216 2.508 2.547 2.617 2.737 2.837 2.897 2.716 2.806 2.755 2.845 2.795 2.824 2.844 2.824 2.744 2.773 2.623 2.703 2.832 2.882 2.922 2.502 2.432 2.261 1.970 1.665 1.663 1.661 1.863 1.721 1.558 1.352 1.351 0.949 0.940 1.317 1.442 1.597 1.414 1.087 1.411 1.277 1.212 1.431 0.300 1.298 1.388 1.328 1.047
0.704 0.874 0.744 0.264 0.695 0.255 0.365 0.746 0.926 0.207 1.390 0.335 1.047 0.000 0.834 1.079 0.893 1.635 2.646 1.097 0.895 0.706 2.673 0.173 0.325 0.331 1.215 2.527 2.557 2.607 2.727 2.697 2.776 2.746 2.836 2.775 2.815 2.755 2.834 2.864 3.014 2.833 2.863 2.753 2.592 2.912 2.962 2.812 3.042 2.932 2.912 2.542 2.501 2.081 1.769 1.664 1.662 1.661 1.660 1.660 0.411 1.318 0.948 0.942 0.935 1.123 1.387 1.222 1.387 1.242 1.529 1.157 1.477 1.168 1.295 1.374 1.514
0.853 0.514 0.714 0.404 0.665 0.465 1.065 0.195 0.916 0.186 0.179 1.168 0.460 1.032 0.967 1.028 1.443 1.624 1.765 1.826 0.914 0.906 2.483 2.258 0.670 1.209 1.214 2.647 2.657 2.727 2.806 2.656 2.826 2.835 2.775 2.765 2.824 2.824 2.954 3.014 3.033 2.943 2.853 2.832 2.852 2.932 3.012 3.022 3.032 3.201 2.931 2.861 2.761 2.371 2.401 2.300 2.290 2.369 2.229 2.129 1.598 0.502 0.959 1.340 0.950 0.943 0.931 0.925 1.375 0.915 0.911 1.501 1.569 1.517 1.485 1.383 1.262
0.773 0.723 0.533 0.694 0.355 0.605 0.685 0.805 0.465 0.203 0.000 0.574 0.809 1.200 0.537 0.686 0.710 0.434 0.996 1.496 0.433 0.445 3.007 2.672 1.399 0.533 2.646 2.736 2.896 2.796 2.786 2.926 2.835 2.945 2.895 2.974 3.104 2.994 3.084 2.923 2.963 2.923 2.852 2.972 2.922 2.932 3.061 2.941 2.981 3.121 3.121 3.071 2.831 2.831 2.731 2.590 2.570 2.600 2.559 2.449 2.089 2.229 1.626 0.634 1.176 1.224 0.569 0.939 0.934 0.930 0.924 0.916 1.493 1.471 1.410 1.459 1.337
0.743 0.683 0.863 0.384 0.314 0.905 1.115 0.215 0.158 0.348 0.603 0.000 0.672 0.538 1.138 0.524 0.589 0.563 1.706 1.516 1.049 1.038 0.549 2.676 1.861 0.533 2.656 2.646 2.626 2.805 2.885 2.775 2.995 2.964 3.014 3.014 2.954 3.103 2.923 2.873 2.803 2.912 2.962 2.952 3.091 3.071 3.021 3.131 2.991 3.141 3.281 3.060 2.970 2.900 2.900 2.730 2.900 2.660 2.660 2.629 2.519 2.609 2.158 1.987 1.270 1.204 1.056 1.313 1.197 1.392 1.257 0.931 0.921 1.110 1.357 1.495 1.184
0.693 0.743 1.523 0.224 0.384 0.835 0.365 0.007 0.849 0.880 0.612 0.641 0.481 0.679 1.238 0.902 0.758 1.073 1.676 1.696 1.038 0.291 1.934 1.874 2.681 0.533 2.586 2.765 2.825 2.825 2.915 2.785 3.094 2.874 2.904 3.093 3.083 2.923 2.923 3.012 3.042 2.952 3.012 3.121 3.061 3.041 3.141 3.061 3.091 2.990 3.240 3.000 2.950 3.000 2.880 2.910 2.760 2.790 2.720 2.819 2.699 2.549 2.358 2.398 2.427 1.733 1.229 1.338 1.262 1.229 1.055 1.191 0.934 0.925 1.323 1.371 1.250
0.922 0.622 0.613 0.254 0.534 0.000 0.000 0.206 0.723 1.022 0.804 0.807 0.104 0.957 1.129 0.942 1.288 0.963 1.366 0.966 0.388 0.172 0.401 1.381 2.750 0.535 0.540 2.725 2.875 2.855 2.915 2.954 3.014 3.164 3.054 2.953 2.893 3.003 2.932 2.982 2.952 3.001 3.001 3.061 3.181 3.111 3.181 3.140 3.100 3.200 3.080 3.070 2.999 3.019 2.989 2.929 2.879 2.969 2.829 2.869 2.829 2.769 2.578 2.648 2.627 2.067 0.708 0.739 1.156 1.244 1.273 1.210 0.963 0.937 0.963 1.497 2.346
0.862 0.842 0.682 0.000 0.000 0.000 1.299 0.267 0.252 0.000 0.000 0.000 0.233 0.938 1.169 1.090 0.027 0.036 0.037 0.037 0.040 0.375 1.176 2.886 2.819 3.583 2.855 2.855 2.975 3.065 3.024 3.104 2.994 3.093 2.973 2.953 2.952 2.962 3.032 3.021 3.081 3.111 3.181 3.120 3.260 3.250 3.220 3.190 3.270 3.180 3.179 3.039 3.149 2.969 2.989 2.919 2.949 2.959 2.959 2.869 3.039 2.889 2.958 2.758 2.698 2.398 2.057 1.074 0.672 1.171 1.249 1.308 1.025 0.952 0.721 0.680 1.462
1.032 0.000 0.000 0.000 2.328 2.388 2.268 1.918 0.285 0.286 0.286 0.285 0.279 0.055 0.050 0.050 0.056 2.644 2.634 2.414 0.057 0.055 0.055 0.056 0.058 2.896 2.605 2.985 2.965 3.095 2.944 3.194 3.053 3.003 2.973 2.982 2.962 3.102 3.061 3.141 3.131 3.300 3.190 3.240 3.230 3.180 3.200 3.370 3.169 3.319 3.189 3.209 3.109 3.129 3.159 3.129 3.078 2.818 2.968 3.028 2.978 3.038 2.798 2.748 2.648 2.708 2.588 2.147 1.646 0.976 1.010 1.687 1.125 0.963 0.959 0.604 0.960
