includes/overflow_coast_co/floodfiles/results_R2_t1.605555492999E12 submersion faible - st pierre rupture dune49 et surverse dune11/res.totaltm
ncols         906
nrows         631
xllcorner     362177.146666679996997
yllcorner     6534725.688019599765539
cellsize      20.000000000000000
NODATA_value  -9999.000000
[rows 442 to 475 of 631, columns 304 to 379 of 906]
5.562 12.787 12.780 0.000 1.059 11.902 11.934 11.945 3.821 11.558 1.237 6.977 6.982 11.307 0.372 4.425 2.699 11.206 1.442 1.475 0.949 0.884 0.000 0.000 0.000 0.000 0.000 0.000 0.000 0.000 0.000 0.000 0.000 0.000 0.000 0.000 0.000 0.000 0.000 0.000 0.000 0.000 0.000 0.000 0.000 0.000 0.000 0.000 0.000 0.000 0.000 0.000 0.000 0.000 0.000 0.000 0.000 0.000 0.000 0.000 0.000 0.000 0.000 0.000 0.000 0.000 0.000 0.000 0.000 8.303 8.363 7.972 7.947 7.407 7.290 7.150
1.912 12.880 4.998 1.481 11.838 11.889 10.275 5.259 11.727 1.655 0.340 0.511 3.971 10.627 3.993 3.727 2.059 1.285 0.936 0.000 0.000 0.000 0.000 0.000 0.000 0.000 0.000 0.000 0.000 0.000 0.000 0.000 0.000 0.000 0.000 0.000 0.000 0.000 0.000 0.000 0.000 0.000 0.000 0.000 0.000 0.000 0.000 0.000 0.000 0.000 0.000 0.000 0.000 0.000 0.000 0.000 0.000 0.000 0.000 0.000 0.000 0.000 0.000 0.000 0.000 0.000 0.000 0.000 8.227 8.243 8.208 7.954 7.134 7.069 8.406 8.214
12.504 12.884 3.775 11.771 11.825 5.397 11.795 11.773 1.760 11.342 3.042 11.379 2.211 11.337 4.734 3.846 1.573 0.452 0.000 0.000 0.000 0.000 0.000 0.000 0.000 0.000 0.000 0.000 0.000 0.000 0.000 0.000 0.000 0.000 0.000 0.000 0.000 0.000 0.000 0.000 0.000 0.000 0.000 0.000 0.000 0.000 0.000 0.000 0.000 0.000 0.000 0.000 0.000 0.000 0.000 0.000 0.000 0.000 0.000 0.000 0.000 0.000 0.000 10.128 9.908 9.878 9.716 0.000 0.000 7.549 7.869 0.000 0.000 8.432 8.315 8.412
12.900 12.896 0.000 11.736 4.866 11.748 11.771 5.167 0.545 0.000 11.481 3.610 9.800 2.067 4.863 2.819 0.852 0.506 0.000 0.000 0.000 0.000 0.000 0.000 0.000 0.000 0.000 0.000 0.000 0.000 0.000 0.000 0.000 0.000 0.000 0.000 0.000 0.000 0.000 0.000 0.000 0.000 0.000 0.000 0.000 0.000 0.000 0.000 0.000 0.000 0.000 0.000 0.000 0.000 0.000 0.000 0.000 0.000 0.000 0.000 0.000 0.000 10.128 10.142 0.000 9.829 9.813 9.693 0.000 6.972 7.801 7.537 8.293 8.314 8.869 8.920
12.926 3.798 4.540 11.766 4.715 11.686 11.701 1.443 11.504 11.520 11.527 11.566 11.529 11.454 3.645 4.494 1.530 0.058 0.000 0.000 0.000 0.000 0.000 0.000 0.000 0.000 0.000 0.000 0.000 0.000 0.000 0.000 0.000 0.000 0.000 0.000 0.000 0.000 0.000 0.000 0.000 0.000 0.000 0.000 0.000 0.000 0.000 0.000 0.000 0.000 0.000 0.000 0.000 0.000 0.000 0.000 0.000 0.000 0.000 0.000 0.000 0.000 0.000 10.286 10.168 0.000 0.000 0.000 0.000 0.000 0.000 0.000 0.000 9.949 9.502 0.000
12.930 1.933 11.766 11.649 11.653 11.672 11.679 2.007 11.516 11.531 11.528 11.576 11.517 11.452 3.252 2.445 1.990 0.709 0.000 0.000 0.000 0.000 0.000 0.000 0.000 0.000 0.000 0.000 0.000 0.000 0.000 0.000 0.000 0.000 0.000 0.000 0.000 0.000 0.000 0.000 0.000 0.000 0.000 0.000 0.000 0.000 0.000 10.769 10.745 0.000 0.000 0.000 0.000 0.000 0.000 0.000 0.000 0.000 0.000 0.000 0.000 10.146 10.314 10.351 10.359 10.408 10.425 10.185 10.173 10.156 10.142 10.099 10.083 10.069 10.132 10.122
5.176 4.389 1.556 7.114 11.600 4.785 2.256 11.477 11.489 11.614 11.606 11.595 11.532 11.500 4.504 11.392 1.521 1.563 0.000 0.000 0.000 0.000 0.000 0.000 0.000 0.000 0.000 0.000 0.000 0.000 0.000 0.000 0.000 0.000 0.000 0.000 0.000 0.000 0.000 0.000 0.000 0.000 0.000 0.000 0.000 0.000 10.797 10.781 10.764 0.561 10.596 2.528 0.000 0.000 0.000 0.000 0.000 0.000 0.000 0.000 0.000 0.000 10.135 10.322 10.204 10.423 10.439 10.465 10.484 10.101 10.319 10.328 10.307 10.235 10.144 10.133
1.000 11.867 11.840 2.822 4.006 1.886 0.000 0.000 11.555 11.647 11.635 11.591 11.561 11.536 11.444 3.593 2.496 1.086 0.544 0.000 0.000 0.000 0.000 0.000 0.000 0.000 0.000 0.000 0.000 0.000 0.000 0.000 0.000 0.000 0.000 0.000 0.000 0.000 0.000 0.000 0.000 0.000 0.000 0.000 0.000 0.000 10.823 0.000 10.777 10.130 10.711 0.115 0.000 0.000 0.000 0.000 0.000 0.000 0.000 0.000 0.000 0.000 0.000 0.000 9.659 0.000 10.075 10.480 10.494 10.171 10.339 10.355 10.330 10.300 10.122 10.090
2.215 11.873 11.685 11.668 11.772 11.765 11.695 11.731 11.685 11.675 11.618 11.590 11.531 11.507 11.467 3.100 1.877 1.448 0.660 0.000 0.000 0.000 0.000 0.000 0.000 0.000 0.000 0.000 0.000 0.000 0.000 0.000 0.000 0.000 0.000 0.000 0.000 0.000 0.000 0.000 0.000 0.000 0.000 0.343 1.009 3.114 10.854 10.829 1.832 0.000 0.000 0.000 0.000 0.000 0.000 0.000 0.000 0.000 0.000 0.000 0.000 0.000 10.333 10.438 10.475 10.245 9.429 10.180 10.542 10.545 10.356 10.373 0.000 0.000 9.494 0.000
5.563 3.741 11.876 11.856 11.849 2.295 11.777 11.768 11.616 11.645 11.632 11.600 11.586 11.515 11.474 3.595 3.340 3.878 1.611 0.000 0.000 0.000 0.000 0.000 0.000 0.000 0.000 0.000 0.000 0.000 0.000 0.000 0.000 0.000 0.000 0.000 0.000 0.000 0.000 0.000 0.000 0.000 0.000 0.000 10.858 10.866 10.866 10.907 3.007 10.774 0.000 0.000 0.000 0.000 0.000 0.000 0.000 0.000 0.000 0.000 0.000 10.080 10.101 10.306 10.492 10.532 10.560 10.564 10.576 10.580 10.589 10.581 10.564 10.557 10.546 10.538
2.255 5.231 11.865 11.874 11.861 11.718 11.826 11.700 11.688 11.664 11.653 11.633 11.619 11.522 11.478 4.443 2.326 2.311 0.345 0.000 0.000 0.000 0.000 0.000 0.000 0.000 0.000 0.000 0.000 0.000 0.000 0.000 0.000 0.000 0.000 0.000 0.000 0.000 0.000 0.000 0.000 1.735 0.684 10.918 10.863 10.911 0.652 10.930 2.956 10.844 3.517 0.000 0.000 0.000 0.000 0.000 0.000 0.000 0.000 0.000 0.000 0.000 10.306 10.333 10.549 10.568 10.580 10.578 10.589 10.576 10.598 10.586 10.565 10.537 10.525 10.521
11.925 11.902 11.882 11.885 11.881 11.844 11.836 11.675 11.623 11.654 11.621 11.612 11.594 11.511 11.470 2.601 3.235 1.562 0.000 0.000 0.000 0.000 0.000 0.000 0.000 0.000 0.000 0.000 0.000 0.000 0.000 0.000 0.000 0.000 0.000 0.000 0.000 0.000 0.000 10.962 2.192 5.515 10.953 10.935 10.995 10.920 10.932 1.906 10.922 0.000 0.000 0.000 0.000 0.000 0.000 0.000 0.000 0.000 0.000 10.627 0.000 10.736 0.000 10.545 10.564 10.581 10.593 10.590 10.599 0.000 10.603 10.588 8.978 0.000 0.000 0.000
3.056 4.359 4.599 11.919 1.857 11.822 11.829 11.768 0.000 11.631 11.614 11.596 11.578 11.503 11.470 4.541 11.370 0.000 10.831 10.737 0.000 0.000 0.000 0.000 0.000 0.000 0.000 0.000 0.000 0.000 0.000 0.000 0.000 0.000 0.000 0.519 0.000 0.737 1.795 0.778 1.953 1.523 0.000 11.003 11.013 10.995 0.725 11.026 0.898 10.987 1.182 0.000 0.000 0.000 0.000 0.000 0.000 0.000 0.000 0.557 10.708 10.742 10.684 0.000 10.493 0.000 10.668 0.000 10.638 10.627 10.618 10.601 10.618 10.587 10.577 10.566
4.748 12.061 12.027 12.005 0.428 11.645 11.802 11.784 11.646 0.000 2.524 11.583 11.569 11.514 5.803 2.978 0.526 1.607 10.862 0.000 0.000 0.000 0.000 0.000 10.809 0.000 0.000 0.000 0.000 0.000 0.000 0.000 0.000 0.000 1.710 10.975 0.000 3.260 11.137 11.084 5.037 0.211 11.009 11.017 11.028 1.048 11.073 2.796 11.031 3.192 0.495 0.000 0.000 0.000 0.000 0.000 0.000 10.785 2.936 0.227 10.742 4.496 10.743 10.752 0.195 10.693 10.688 10.680 10.668 10.672 10.618 10.610 10.646 10.621 10.599 10.545
12.840 12.074 12.052 12.028 12.000 0.000 2.321 11.623 11.733 11.654 11.605 11.598 11.577 11.494 2.998 2.149 0.000 8.600 10.023 10.762 0.000 0.000 0.673 0.000 10.830 1.057 10.762 10.713 0.000 0.000 0.000 0.000 0.450 10.937 0.000 4.614 5.292 4.599 11.159 11.149 0.000 2.448 11.024 0.000 11.098 11.176 6.474 11.073 4.464 1.071 0.037 0.000 0.000 0.000 0.000 0.000 10.820 10.794 0.305 10.679 0.000 10.787 0.000 10.761 10.738 10.731 1.139 10.683 10.695 10.707 10.718 10.728 10.666 10.624 10.589 10.558
3.987 12.054 1.717 11.996 11.967 11.838 11.830 11.775 11.748 11.581 11.598 11.579 11.554 11.006 2.150 0.000 10.926 10.894 1.083 0.848 0.000 0.000 1.676 7.175 10.931 10.867 0.301 0.030 0.000 0.000 0.629 1.912 0.611 1.388 1.193 10.974 10.995 0.000 11.166 11.159 1.603 11.161 0.484 0.000 11.178 11.194 4.552 2.906 1.435 0.000 10.804 0.000 0.000 0.000 0.000 10.837 10.830 2.196 10.784 0.000 10.822 10.792 10.788 3.635 10.761 0.000 10.706 10.722 0.000 9.834 10.682 10.738 10.623 10.607 10.596 10.586
2.845 4.330 11.876 11.864 11.874 11.832 11.823 11.783 11.775 1.146 11.543 11.508 11.472 4.662 0.323 11.051 10.990 4.003 0.000 0.000 0.000 11.055 11.139 10.959 10.965 10.919 2.018 0.000 0.312 0.906 2.632 11.229 2.774 6.132 11.134 0.000 0.000 11.219 11.204 0.639 11.199 11.193 0.000 11.173 11.197 2.685 1.264 2.199 0.762 10.928 10.914 10.852 0.000 10.864 10.880 10.867 1.532 10.879 0.000 10.856 10.825 10.821 10.814 0.000 1.466 10.735 10.796 10.739 10.724 0.000 0.569 10.743 0.000 10.632 10.611 10.542
0.000 11.882 11.854 0.704 11.830 11.823 11.692 11.754 11.730 2.492 11.530 11.496 11.453 0.688 11.129 11.076 1.562 0.000 0.000 1.448 2.011 11.154 11.215 11.042 11.004 5.281 0.000 0.775 2.820 3.778 3.501 11.252 11.236 3.362 11.166 0.000 11.243 11.224 2.353 11.201 11.205 0.000 11.189 11.184 0.587 11.281 11.242 0.743 1.043 1.276 1.570 4.922 0.887 10.902 8.760 10.883 10.894 10.886 10.867 10.862 10.824 8.654 10.806 4.492 10.773 3.614 10.809 10.758 10.810 0.000 10.791 10.762 0.000 10.642 10.566 10.555
1.151 3.519 11.809 11.757 11.821 11.815 11.761 11.737 1.700 11.456 11.515 11.479 11.344 11.309 11.295 1.059 2.793 0.000 0.911 2.395 4.024 1.072 11.259 3.183 0.554 2.276 0.000 0.000 0.418 2.383 11.333 11.314 11.245 11.242 5.790 11.247 11.261 11.255 6.989 11.225 11.218 0.246 11.194 11.190 0.000 11.321 11.314 0.817 4.948 2.494 10.959 10.961 10.946 5.092 10.910 1.653 10.902 0.854 10.889 10.859 0.000 10.820 10.801 10.784 10.779 0.000 10.875 10.837 10.831 10.823 10.813 10.743 10.734 10.722 10.710 10.561
11.603 11.663 11.676 11.750 11.755 2.731 11.741 2.461 1.087 11.439 11.443 3.131 1.963 11.296 11.273 5.131 3.810 0.000 1.569 11.318 11.345 0.781 11.346 2.139 11.074 0.746 11.355 0.000 11.372 0.945 11.342 11.330 11.317 11.285 11.280 11.220 11.277 1.993 11.246 11.237 0.000 11.226 11.221 0.000 11.335 11.331 0.000 1.410 11.049 2.423 11.000 10.972 10.957 10.946 10.935 10.930 10.907 10.915 10.893 10.889 10.854 10.830 10.835 10.793 2.673 0.000 10.883 10.873 10.838 0.671 10.739 10.734 10.725 0.000 10.631 10.584
0.000 11.580 3.316 3.156 11.677 5.315 1.032 11.406 11.389 6.092 3.193 1.226 11.178 0.941 11.225 11.198 1.524 0.000 0.000 0.645 11.365 11.409 11.426 11.441 0.562 2.153 1.638 11.413 2.945 11.394 5.931 11.344 11.335 11.273 11.261 11.251 11.285 11.270 11.253 2.442 11.261 11.253 0.000 11.355 11.347 2.138 11.186 11.156 11.139 11.042 11.032 11.004 10.993 10.940 4.523 10.941 0.000 10.921 10.878 10.873 10.857 10.852 10.843 10.833 2.563 10.893 10.889 10.867 10.860 1.094 10.730 10.722 0.000 0.000 0.000 0.000
9.334 9.747 1.290 1.703 6.236 2.052 0.504 3.566 3.559 1.704 0.933 11.032 0.822 11.011 11.042 11.113 11.091 0.635 0.271 11.094 2.096 11.393 0.287 11.517 11.514 2.741 1.113 11.421 11.413 11.404 11.393 11.344 2.288 11.296 11.264 11.257 11.295 11.256 11.248 2.892 11.269 11.237 0.000 11.372 11.366 11.245 11.238 11.065 11.120 0.000 11.009 10.985 10.981 10.976 10.968 10.948 10.944 10.926 10.886 10.884 10.866 2.697 10.835 10.828 0.000 10.935 10.939 1.405 0.742 10.693 10.709 10.702 0.000 0.000 0.000 10.487
0.820 0.617 11.367 11.384 8.903 1.331 2.502 2.479 1.406 0.000 10.990 10.931 10.926 10.994 11.019 0.904 1.154 11.019 11.047 1.000 0.407 0.000 11.522 11.530 11.520 0.417 2.241 11.449 1.735 11.388 11.377 11.367 11.350 3.051 11.297 11.293 11.307 11.311 2.008 11.287 11.275 0.000 11.397 11.378 0.000 11.236 11.229 11.219 1.954 2.947 9.270 10.977 10.963 10.982 10.978 10.925 10.951 10.915 10.900 10.892 10.885 10.877 10.871 10.795 0.000 10.893 10.951 0.564 0.779 10.682 10.651 10.688 10.610 0.000 0.000 0.000
11.213 0.000 0.000 11.365 11.392 1.726 0.944 1.269 0.000 10.921 10.941 10.824 10.933 10.954 10.991 10.934 0.000 6.273 1.407 0.651 0.352 1.276 11.520 11.549 11.538 0.331 11.483 11.473 11.427 1.335 11.355 4.575 3.582 11.310 11.302 11.288 11.319 11.331 11.299 11.326 1.149 11.438 11.402 11.362 11.354 0.000 11.210 11.208 11.193 11.040 2.583 10.982 11.009 11.003 10.983 10.978 10.956 10.945 10.920 10.910 3.351 10.901 10.834 1.010 0.632 0.000 10.957 10.885 10.877 0.000 1.057 10.672 10.637 10.602 10.520 0.000
0.000 0.000 0.000 0.000 0.000 11.062 0.000 0.000 0.000 10.883 10.830 10.815 10.921 10.938 10.951 10.981 10.991 11.066 0.469 0.725 1.830 2.652 2.837 11.559 11.545 1.178 11.496 11.483 0.556 11.361 11.335 11.328 11.309 11.306 11.310 11.301 11.330 11.338 11.330 11.336 11.347 11.446 11.436 11.306 11.327 11.319 3.097 11.209 11.198 11.162 11.045 1.173 11.059 11.010 10.990 10.984 10.946 10.940 10.917 0.000 10.903 10.910 1.600 10.993 11.000 10.998 10.993 0.000 0.000 0.000 10.688 0.000 7.668 10.564 10.544 10.492
0.000 0.000 0.000 0.000 0.000 0.000 0.000 0.000 0.000 0.000 10.864 10.872 10.905 10.905 10.898 10.963 10.978 0.000 11.458 3.067 11.579 11.546 11.604 11.594 11.572 4.155 11.510 3.400 11.422 1.534 11.361 11.350 11.292 11.316 11.321 1.553 5.918 11.402 11.307 1.718 11.473 11.468 2.727 11.297 11.296 0.887 11.231 1.656 11.162 11.152 11.144 11.106 11.099 11.029 11.000 10.993 10.941 10.933 0.000 10.901 10.910 10.917 10.980 10.987 11.005 11.003 10.996 1.638 10.906 10.868 2.218 0.000 10.480 0.000 0.000 10.540
0.000 0.000 0.000 0.000 0.000 0.000 0.000 0.000 0.000 0.000 0.000 0.000 0.000 0.000 0.000 0.000 0.000 0.000 0.272 0.795 1.786 1.856 11.616 11.604 3.862 2.039 0.044 3.379 2.220 2.489 11.372 3.209 11.314 11.298 11.333 11.328 11.417 11.422 11.343 11.473 11.478 11.476 11.468 3.634 11.366 11.260 11.246 4.813 11.172 0.675 11.132 11.113 11.098 0.000 10.991 0.000 10.933 0.000 10.865 0.736 0.605 10.923 0.000 11.037 11.032 11.025 10.976 10.965 10.913 10.886 10.877 10.839 0.000 10.676 10.582 10.548
0.000 0.000 0.000 0.000 0.000 0.000 0.000 0.435 0.501 3.595 3.995 12.111 12.106 12.075 3.528 0.996 0.859 2.497 2.499 2.513 2.491 11.755 11.623 11.616 2.236 0.309 0.000 0.000 0.000 11.372 11.363 11.355 11.338 11.333 11.348 11.342 11.468 11.458 11.461 1.309 11.491 11.492 0.000 11.403 11.385 11.370 0.521 11.175 11.160 5.695 0.893 11.108 11.091 11.085 0.000 10.692 0.513 5.096 10.917 8.373 10.112 3.601 11.055 11.047 11.038 10.972 10.965 10.930 10.902 10.892 10.882 10.868 1.630 10.684 10.554 10.523
0.000 0.000 0.000 0.000 0.000 0.522 1.522 4.591 4.025 12.126 12.111 12.120 12.114 3.735 1.143 1.241 2.529 11.943 5.101 11.942 2.349 2.268 11.764 11.729 11.691 11.560 7.239 1.377 0.000 0.000 11.355 11.333 11.331 11.369 11.375 11.500 11.490 11.478 11.469 11.519 11.497 11.504 11.488 11.483 0.000 11.349 11.295 1.434 11.198 2.046 11.182 1.632 11.085 11.069 11.061 0.000 1.906 1.825 10.929 0.000 11.053 11.068 11.071 11.052 0.000 10.961 10.951 10.903 0.000 10.883 10.869 0.000 10.724 10.707 10.557 10.523
0.000 0.000 0.000 0.000 0.522 12.066 12.077 12.087 12.130 12.153 12.126 12.127 12.127 12.141 1.410 1.534 12.137 1.926 4.882 2.102 11.996 2.331 2.258 11.763 11.724 11.666 2.059 11.614 11.597 11.576 0.000 11.337 11.368 11.375 11.507 11.520 11.495 11.473 3.045 11.536 5.912 11.518 11.552 11.453 11.440 1.748 11.321 11.326 3.491 11.286 4.884 11.188 0.000 1.647 0.688 1.073 0.000 11.144 0.000 11.109 11.108 11.098 11.078 0.000 10.915 10.923 10.914 0.000 10.855 10.868 0.000 10.860 10.824 0.000 10.678 10.646
0.000 0.000 0.000 0.000 2.069 12.057 12.101 3.857 12.153 12.174 3.117 12.146 3.541 12.155 10.218 10.445 12.143 1.310 12.097 3.067 5.272 12.039 2.293 2.241 11.764 11.675 11.702 11.671 2.392 11.528 11.563 0.219 3.243 11.384 11.519 11.528 11.505 11.626 11.597 11.543 11.579 11.579 11.559 11.543 2.090 11.305 11.316 11.330 11.327 11.291 1.389 11.251 11.255 0.000 11.243 11.237 11.186 11.148 11.143 11.124 11.123 11.108 0.000 10.896 10.905 10.910 0.403 10.796 10.816 0.000 10.880 10.864 10.832 10.755 3.640 10.679
0.000 0.000 0.000 0.555 11.952 3.320 12.111 12.168 2.047 12.190 12.192 12.185 8.460 8.393 12.175 12.182 12.152 12.144 12.105 12.099 3.300 12.052 6.649 2.267 11.787 4.199 11.735 11.716 11.615 11.607 11.580 11.515 0.834 1.651 3.512 11.532 11.629 11.636 11.621 11.598 11.613 11.610 11.587 11.552 11.538 0.000 11.357 11.352 2.287 11.279 11.272 1.056 11.282 11.260 11.248 11.208 11.198 11.156 11.152 11.147 11.130 0.413 10.870 10.879 10.874 1.086 10.810 10.789 10.783 10.890 10.886 10.809 10.825 10.793 0.000 0.000
0.000 0.000 0.000 1.459 12.020 12.042 9.208 7.481 12.230 11.420 12.200 7.824 6.578 12.254 12.193 12.200 4.604 12.155 4.637 12.097 12.058 12.115 12.087 2.278 2.209 11.778 11.773 11.747 11.719 11.621 11.604 11.535 2.161 1.198 0.761 7.624 11.636 11.644 11.631 11.612 11.641 11.618 11.499 11.540 4.731 11.455 11.438 11.350 1.320 11.279 11.275 11.292 11.287 11.228 11.246 11.206 0.910 11.152 11.145 11.138 0.000 10.843 10.861 10.873 1.207 10.836 10.817 0.000 10.914 10.902 1.548 10.839 10.801 0.000 0.000 0.000
0.000 0.000 0.000 11.773 5.933 12.024 3.802 12.282 8.113 12.241 12.262 6.270 12.289 12.268 12.263 11.918 12.208 4.177 4.095 12.113 12.090 12.128 3.636 12.077 2.271 2.239 2.164 3.052 11.741 11.641 11.599 2.162 4.270 11.542 2.349 1.127 3.166 11.656 11.690 11.686 11.662 11.636 11.557 2.478 11.442 11.472 11.359 0.813 11.296 11.300 11.306 11.299 11.200 11.261 11.256 2.156 11.136 11.147 11.137 4.212 10.974 0.000 0.644 1.834 10.894 10.844 10.757 10.929 10.919 10.769 10.868 10.843 10.839 10.820 5.045 0.000
